,original,predict,differ,abs
0,67,74,-7,7
1,58,63,-5,5
2,88,84,4,4
3,183,171,12,12
4,81,77,4,4
5,88,84,4,4
6,83,86,-3,3
7,183,146,37,37
8,81,77,4,4
9,117,114,3,3
10,64,62,2,2
11,59,69,-10,10
12,74,70,4,4
13,100,101,-1,1
14,103,97,6,6
15,66,69,-3,3
16,97,90,7,7
17,120,103,17,17
18,79,77,2,2
19,110,114,-4,4
20,217,191,26,26
21,156,146,10,10
22,97,86,11,11
23,101,113,-12,12
24,82,75,7,7
25,127,113,14,14
26,112,107,5,5
27,191,162,29,29
28,48,43,5,5
29,106,110,-4,4
30,133,127,6,6
31,57,62,-5,5
32,108,100,8,8
33,89,79,10,10
34,50,64,-14,14
35,62,41,21,21
36,102,96,6,6
37,55,55,0,0
38,89,99,-10,10
39,96,102,-6,6
40,70,70,0,0
41,115,112,3,3
42,82,84,-2,2
43,102,101,1,1
44,167,140,27,27
45,82,89,-7,7
46,118,124,-6,6
47,85,81,4,4
48,93,92,1,1
49,111,91,20,20
50,77,71,6,6
51,136,125,11,11
52,109,94,15,15
53,85,92,-7,7
54,133,119,14,14
55,138,123,15,15
56,100,116,-16,16
57,130,123,7,7
58,96,98,-2,2
59,58,61,-3,3
60,115,108,7,7
61,73,75,-2,2
62,135,119,16,16
63,177,167,10,10
64,96,97,-1,1
65,77,80,-3,3
66,84,84,0,0
67,105,92,13,13
68,193,180,13,13
69,143,136,7,7
70,111,99,12,12
71,104,91,13,13
72,265,252,13,13
73,88,89,-1,1
74,78,79,-1,1
75,58,62,-4,4
76,86,80,6,6
77,59,66,-7,7
78,139,133,6,6
79,96,91,5,5
80,90,85,5,5
81,83,80,3,3
82,133,124,9,9
83,141,134,7,7
84,72,69,3,3
85,75,73,2,2
86,43,34,9,9
87,68,69,-1,1
88,170,136,34,34
89,92,94,-2,2
90,64,85,-21,21
91,101,103,-2,2
92,82,75,7,7
93,81,75,6,6
94,75,74,1,1
95,99,92,7,7
96,45,57,-12,12
97,186,177,9,9
98,127,136,-9,9
99,100,99,1,1
100,66,67,-1,1
101,129,109,20,20
102,107,111,-4,4
103,128,123,5,5
104,90,80,10,10
105,68,70,-2,2
106,107,104,3,3
107,90,83,7,7
108,89,88,1,1
109,70,73,-3,3
110,174,141,33,33
111,90,79,11,11
112,76,77,-1,1
113,67,68,-1,1
114,76,85,-9,9
115,168,154,14,14
116,91,85,6,6
117,103,99,4,4
118,91,88,3,3
119,67,74,-7,7
120,118,118,0,0
121,51,53,-2,2
122,76,77,-1,1
123,110,111,-1,1
124,99,89,10,10
125,96,96,0,0
126,169,162,7,7
127,89,94,-5,5
128,94,95,-1,1
129,123,126,-3,3
130,186,171,15,15
131,132,123,9,9
132,102,86,16,16
133,78,81,-3,3
134,129,114,15,15
135,116,97,19,19
136,136,124,12,12
137,131,125,6,6
138,105,102,3,3
139,69,68,1,1
140,66,64,2,2
141,127,118,9,9
142,127,122,5,5
143,66,77,-11,11
144,112,113,-1,1
145,115,105,10,10
146,98,88,10,10
147,69,64,5,5
148,93,82,11,11
149,121,123,-2,2
150,92,94,-2,2
151,73,71,2,2
152,139,129,10,10
153,80,84,-4,4
154,89,91,-2,2
155,67,66,1,1
156,66,64,2,2
157,81,84,-3,3
158,59,64,-5,5
159,128,125,3,3
160,109,109,0,0
161,50,50,0,0
162,74,70,4,4
163,80,84,-4,4
164,132,111,21,21
165,51,54,-3,3
166,115,107,8,8
167,70,86,-16,16
168,159,140,19,19
169,151,149,2,2
170,94,94,0,0
171,81,91,-10,10
172,77,82,-5,5
173,42,33,9,9
174,135,126,9,9
175,106,98,8,8
176,50,55,-5,5
177,162,134,28,28
178,130,112,18,18
179,120,103,17,17
180,84,86,-2,2
181,76,80,-4,4
182,67,68,-1,1
183,75,72,3,3
184,39,34,5,5
185,119,101,18,18
186,55,60,-5,5
187,90,86,4,4
188,124,122,2,2
189,171,166,5,5
190,70,71,-1,1
191,137,133,4,4
192,127,127,0,0
193,143,147,-4,4
194,195,155,40,40
195,112,103,9,9
196,43,47,-4,4
197,114,107,7,7
198,111,107,4,4
199,80,79,1,1
200,128,108,20,20
201,176,168,8,8
202,64,62,2,2
203,142,130,12,12
204,100,90,10,10
205,63,61,2,2
206,145,128,17,17
207,101,94,7,7
208,78,72,6,6
209,98,91,7,7
210,147,141,6,6
211,50,55,-5,5
212,70,69,1,1
213,175,161,14,14
214,87,97,-10,10
215,87,80,7,7
216,108,119,-11,11
217,67,66,1,1
218,95,94,1,1
219,89,93,-4,4
220,135,131,4,4
221,79,86,-7,7
222,43,46,-3,3
223,195,151,44,44
224,83,85,-2,2
225,81,85,-4,4
226,63,69,-6,6
227,119,113,6,6
228,98,93,5,5
229,44,48,-4,4
230,47,56,-9,9
231,87,69,18,18
232,90,80,10,10
233,62,63,-1,1
234,103,95,8,8
235,140,135,5,5
236,114,111,3,3
237,57,70,-13,13
238,81,76,5,5
239,74,94,-20,20
240,61,72,-11,11
241,43,40,3,3
242,55,60,-5,5
243,100,93,7,7
244,124,107,17,17
245,107,106,1,1
246,121,119,2,2
247,86,91,-5,5
248,146,130,16,16
249,147,142,5,5
250,47,34,13,13
251,124,110,14,14
252,89,88,1,1
253,50,61,-11,11
254,110,111,-1,1
255,158,143,15,15
256,86,80,6,6
257,102,102,0,0
258,107,107,0,0
259,64,68,-4,4
260,136,127,9,9
261,125,108,17,17
262,115,100,15,15
263,71,68,3,3
264,80,78,2,2
265,82,85,-3,3
266,79,78,1,1
267,102,91,11,11
268,49,59,-10,10
269,109,108,1,1
270,52,56,-4,4
271,72,70,2,2
272,68,72,-4,4
273,151,149,2,2
274,112,105,7,7
275,97,107,-10,10
276,82,90,-8,8
277,72,76,-4,4
278,125,126,-1,1
279,128,127,1,1
280,94,94,0,0
281,76,70,6,6
282,71,75,-4,4
283,112,107,5,5
284,75,71,4,4
285,77,74,3,3
286,78,72,6,6
287,89,82,7,7
288,88,79,9,9
289,97,91,6,6
290,80,76,4,4
291,67,72,-5,5
292,83,85,-2,2
293,85,79,6,6
294,76,72,4,4
295,64,64,0,0
296,107,105,2,2
297,141,145,-4,4
298,130,123,7,7
299,51,60,-9,9
300,66,64,2,2
301,75,72,3,3
302,186,162,24,24
303,86,78,8,8
304,141,138,3,3
305,83,79,4,4
306,85,80,5,5
307,148,131,17,17
308,87,85,2,2
309,77,70,7,7
310,27,34,-7,7
311,88,87,1,1
312,92,85,7,7
313,86,88,-2,2
314,135,130,5,5
315,77,71,6,6
316,73,72,1,1
317,133,136,-3,3
318,51,55,-4,4
319,125,113,12,12
320,98,104,-6,6
321,143,129,14,14
322,140,129,11,11
323,87,93,-6,6
324,89,74,15,15
325,69,73,-4,4
326,96,74,22,22
327,127,118,9,9
328,79,74,5,5
329,137,118,19,19
330,85,85,0,0
331,84,85,-1,1
332,52,64,-12,12
333,77,73,4,4
334,78,81,-3,3
335,104,94,10,10
336,89,93,-4,4
337,89,50,39,39
338,56,52,4,4
339,106,88,18,18
340,71,69,2,2
341,132,118,14,14
342,82,75,7,7
343,100,92,8,8
344,51,62,-11,11
345,66,67,-1,1
346,85,76,9,9
347,112,106,6,6
348,34,53,-19,19
349,134,112,22,22
350,93,96,-3,3
351,114,127,-13,13
352,137,120,17,17
353,88,88,0,0
354,108,109,-1,1
355,106,96,10,10
356,146,173,-27,27
357,54,67,-13,13
358,170,136,34,34
359,86,76,10,10
360,110,93,17,17
361,82,77,5,5
362,101,94,7,7
363,64,70,-6,6
364,44,50,-6,6
365,84,85,-1,1
366,60,62,-2,2
367,101,102,-1,1
368,120,105,15,15
369,60,62,-2,2
370,130,122,8,8
371,41,37,4,4
372,116,105,11,11
373,58,61,-3,3
374,77,74,3,3
375,96,98,-2,2
376,88,90,-2,2
377,103,96,7,7
378,35,39,-4,4
379,64,62,2,2
380,86,75,11,11
381,89,91,-2,2
382,108,101,7,7
383,116,103,13,13
384,82,82,0,0
385,65,68,-3,3
386,64,71,-7,7
387,134,122,12,12
388,65,69,-4,4
389,77,74,3,3
390,120,117,3,3
391,54,61,-7,7
392,90,87,3,3
393,87,88,-1,1
394,97,92,5,5
395,17,25,-8,8
396,69,87,-18,18
397,31,34,-3,3
398,90,86,4,4
399,104,99,5,5
400,97,91,6,6
401,52,62,-10,10
402,81,79,2,2
403,88,84,4,4
404,150,144,6,6
405,103,107,-4,4
406,47,43,4,4
407,119,112,7,7
408,107,111,-4,4
409,88,67,21,21
410,85,82,3,3
411,95,94,1,1
412,89,81,8,8
413,87,89,-2,2
414,148,129,19,19
415,98,91,7,7
416,148,143,5,5
417,77,82,-5,5
418,70,74,-4,4
419,64,66,-2,2
420,110,124,-14,14
421,143,144,-1,1
422,122,161,-39,39
423,82,80,2,2
424,112,104,8,8
425,128,126,2,2
426,148,141,7,7
427,80,77,3,3
428,56,62,-6,6
429,90,86,4,4
430,110,105,5,5
431,88,95,-7,7
432,91,90,1,1
433,99,95,4,4
434,122,110,12,12
435,66,69,-3,3
436,106,96,10,10
437,65,62,3,3
438,164,146,18,18
439,68,65,3,3
440,48,70,-22,22
441,88,79,9,9
442,107,93,14,14
443,58,67,-9,9
444,91,85,6,6
445,113,102,11,11
446,107,99,8,8
447,101,93,8,8
448,72,80,-8,8
449,134,128,6,6
450,87,88,-1,1
451,64,67,-3,3
452,72,68,4,4
453,146,144,2,2
454,110,104,6,6
455,104,97,7,7
456,129,128,1,1
457,134,135,-1,1
458,123,117,6,6
459,62,62,0,0
460,71,69,2,2
461,58,65,-7,7
462,88,83,5,5
463,134,130,4,4
464,81,80,1,1
465,77,89,-12,12
466,118,112,6,6
467,131,121,10,10
468,66,67,-1,1
469,61,65,-4,4
470,43,34,9,9
471,121,118,3,3
472,101,105,-4,4
473,112,98,14,14
474,67,66,1,1
475,88,83,5,5
476,57,54,3,3
477,93,84,9,9
478,77,63,14,14
479,57,60,-3,3
480,55,69,-14,14
481,68,70,-2,2
482,118,108,10,10
483,63,67,-4,4
484,110,109,1,1
485,58,60,-2,2
486,119,105,14,14
487,110,136,-26,26
488,146,138,8,8
489,50,44,6,6
490,104,98,6,6
491,136,121,15,15
492,145,141,4,4
493,110,96,14,14
494,124,124,0,0
495,117,107,10,10
496,134,123,11,11
497,98,85,13,13
498,104,119,-15,15
499,78,71,7,7
500,100,91,9,9
501,45,53,-8,8
502,108,108,0,0
503,50,58,-8,8
504,69,75,-6,6
505,106,98,8,8
506,66,63,3,3
507,61,67,-6,6
508,96,93,3,3
509,96,81,15,15
510,53,58,-5,5
511,93,94,-1,1
512,80,73,7,7
513,73,72,1,1
514,70,78,-8,8
515,100,91,9,9
516,137,125,12,12
517,114,111,3,3
518,70,71,-1,1
519,55,66,-11,11
520,108,94,14,14
521,138,130,8,8
522,95,93,2,2
523,142,134,8,8
524,83,78,5,5
525,122,108,14,14
526,97,96,1,1
527,56,57,-1,1
528,122,113,9,9
529,73,74,-1,1
530,69,61,8,8
531,95,95,0,0
532,68,73,-5,5
533,95,89,6,6
534,78,89,-11,11
535,90,88,2,2
536,106,100,6,6
537,42,46,-4,4
538,76,77,-1,1
539,157,160,-3,3
540,119,110,9,9
541,99,100,-1,1
542,61,68,-7,7
543,102,94,8,8
544,92,91,1,1
545,124,107,17,17
546,82,84,-2,2
547,76,78,-2,2
548,67,69,-2,2
549,148,136,12,12
550,74,76,-2,2
551,66,71,-5,5
552,108,104,4,4
553,64,66,-2,2
554,102,99,3,3
555,63,64,-1,1
556,66,61,5,5
557,74,71,3,3
558,74,76,-2,2
559,67,69,-2,2
560,86,92,-6,6
561,81,91,-10,10
562,90,91,-1,1
563,47,54,-7,7
564,68,75,-7,7
565,88,78,10,10
566,83,78,5,5
567,76,73,3,3
568,55,57,-2,2
569,100,104,-4,4
570,108,118,-10,10
571,178,156,22,22
572,80,77,3,3
573,82,83,-1,1
574,149,124,25,25
575,69,70,-1,1
576,70,75,-5,5
577,90,100,-10,10
578,91,85,6,6
579,75,69,6,6
580,88,87,1,1
581,134,119,15,15
582,49,58,-9,9
583,51,52,-1,1
584,113,103,10,10
585,88,85,3,3
586,53,55,-2,2
587,84,69,15,15
588,105,96,9,9
589,85,81,4,4
590,105,97,8,8
591,75,74,1,1
592,139,128,11,11
593,103,96,7,7
594,87,89,-2,2
595,65,74,-9,9
596,74,72,2,2
597,98,101,-3,3
598,110,100,10,10
599,112,105,7,7
600,88,83,5,5
601,85,82,3,3
602,55,59,-4,4
603,86,84,2,2
604,124,121,3,3
605,114,112,2,2
606,57,59,-2,2
607,56,60,-4,4
608,78,72,6,6
609,122,133,-11,11
610,79,72,7,7
611,81,75,6,6
612,117,109,8,8
613,112,115,-3,3
614,95,95,0,0
615,195,170,25,25
616,76,84,-8,8
617,104,97,7,7
618,112,101,11,11
619,103,101,2,2
620,91,92,-1,1
621,105,96,9,9
622,127,106,21,21
623,60,66,-6,6
624,111,106,5,5
625,106,101,5,5
626,109,102,7,7
627,85,84,1,1
628,67,71,-4,4
629,81,85,-4,4
630,83,82,1,1
631,56,64,-8,8
632,92,87,5,5
633,71,79,-8,8
634,95,88,7,7
635,93,91,2,2
636,144,140,4,4
637,53,53,0,0
638,77,85,-8,8
639,71,71,0,0
640,95,97,-2,2
641,95,98,-3,3
642,61,60,1,1
643,141,125,16,16
644,133,122,11,11
645,94,86,8,8
646,112,110,2,2
647,84,83,1,1
648,92,88,4,4
649,84,80,4,4
650,94,93,1,1
651,72,74,-2,2
652,102,114,-12,12
653,61,67,-6,6
654,108,108,0,0
655,105,101,4,4
656,85,89,-4,4
657,74,77,-3,3
658,50,55,-5,5
659,101,92,9,9
660,82,75,7,7
661,108,89,19,19
662,148,136,12,12
663,126,115,11,11
664,136,140,-4,4
665,75,75,0,0
666,36,33,3,3
667,42,57,-15,15
668,69,67,2,2
669,126,119,7,7
670,109,96,13,13
671,90,84,6,6
672,116,102,14,14
673,151,179,-28,28
674,147,137,10,10
675,52,90,-38,38
676,107,109,-2,2
677,90,85,5,5
678,162,144,18,18
679,103,101,2,2
680,150,130,20,20
681,62,75,-13,13
682,111,106,5,5
683,77,85,-8,8
684,166,161,5,5
685,151,150,1,1
686,116,111,5,5
687,79,77,2,2
688,94,113,-19,19
689,110,108,2,2
690,152,130,22,22
691,176,153,23,23
692,92,91,1,1
693,156,143,13,13
694,92,94,-2,2
695,77,74,3,3
696,32,50,-18,18
697,87,88,-1,1
698,108,105,3,3
699,104,90,14,14
700,70,70,0,0
701,66,51,15,15
702,118,110,8,8
703,65,66,-1,1
704,111,98,13,13
705,74,70,4,4
706,81,87,-6,6
707,88,78,10,10
708,87,81,6,6
709,116,120,-4,4
710,47,36,11,11
711,95,95,0,0
712,44,34,10,10
713,91,102,-11,11
714,83,83,0,0
715,137,126,11,11
716,80,78,2,2
717,147,131,16,16
718,119,120,-1,1
719,137,112,25,25
720,133,138,-5,5
721,89,91,-2,2
722,150,135,15,15
723,108,98,10,10
724,96,81,15,15
725,88,84,4,4
726,140,124,16,16
727,128,126,2,2
728,53,57,-4,4
729,100,107,-7,7
730,58,68,-10,10
731,110,101,9,9
732,125,116,9,9
733,124,106,18,18
734,109,118,-9,9
735,122,122,0,0
736,95,92,3,3
737,93,92,1,1
738,85,76,9,9
739,98,82,16,16
740,68,73,-5,5
741,48,35,13,13
742,97,95,2,2
743,81,80,1,1
744,88,80,8,8
745,91,105,-14,14
746,64,66,-2,2
747,204,181,23,23
748,114,105,9,9
749,185,147,38,38
750,75,73,2,2
751,70,65,5,5
752,145,138,7,7
753,87,82,5,5
754,45,56,-11,11
755,73,72,1,1
756,125,126,-1,1
757,60,67,-7,7
758,95,91,4,4
759,119,96,23,23
760,76,72,4,4
761,56,63,-7,7
762,44,59,-15,15
763,98,97,1,1
764,86,79,7,7
765,161,138,23,23
766,102,119,-17,17
767,103,96,7,7
768,69,72,-3,3
769,151,150,1,1
770,92,72,20,20
771,80,86,-6,6
772,87,86,1,1
773,108,99,9,9
774,51,56,-5,5
775,110,103,7,7
776,64,64,0,0
777,73,70,3,3
778,92,87,5,5
779,93,90,3,3
780,103,98,5,5
781,49,38,11,11
782,71,75,-4,4
783,70,69,1,1
784,67,66,1,1
785,100,96,4,4
786,93,95,-2,2
787,75,75,0,0
788,97,95,2,2
789,84,85,-1,1
790,140,123,17,17
791,151,134,17,17
792,78,79,-1,1
793,79,85,-6,6
794,108,115,-7,7
795,95,89,6,6
796,98,90,8,8
797,119,118,1,1
798,83,95,-12,12
799,67,68,-1,1
800,64,66,-2,2
801,102,93,9,9
802,75,75,0,0
803,68,79,-11,11
804,78,76,2,2
805,53,58,-5,5
806,126,118,8,8
807,89,91,-2,2
808,85,94,-9,9
809,64,69,-5,5
810,85,80,5,5
811,74,74,0,0
812,66,66,0,0
813,79,71,8,8
814,125,104,21,21
815,119,108,11,11
816,26,37,-11,11
817,66,69,-3,3
818,88,80,8,8
819,111,95,16,16
820,86,81,5,5
821,76,83,-7,7
822,86,78,8,8
823,145,127,18,18
824,46,47,-1,1
825,107,97,10,10
826,99,86,13,13
827,63,66,-3,3
828,68,70,-2,2
829,100,87,13,13
830,110,118,-8,8
831,77,76,1,1
832,66,69,-3,3
833,64,64,0,0
834,77,84,-7,7
835,144,138,6,6
836,106,98,8,8
837,93,98,-5,5
838,73,79,-6,6
839,103,105,-2,2
840,105,103,2,2
841,75,75,0,0
842,83,77,6,6
843,112,111,1,1
844,156,141,15,15
845,156,139,17,17
846,77,83,-6,6
847,76,74,2,2
848,95,91,4,4
849,41,53,-12,12
850,106,113,-7,7
851,135,126,9,9
852,92,95,-3,3
853,91,93,-2,2
854,112,107,5,5
855,84,86,-2,2
856,77,70,7,7
857,29,59,-30,30
858,64,70,-6,6
859,143,122,21,21
860,59,59,0,0
861,155,145,10,10
862,207,163,44,44
863,129,113,16,16
864,115,104,11,11
865,108,94,14,14
866,162,140,22,22
867,69,75,-6,6
868,62,74,-12,12
869,79,91,-12,12
870,57,60,-3,3
871,90,88,2,2
872,98,91,7,7
873,108,104,4,4
874,80,96,-16,16
875,114,103,11,11
876,57,58,-1,1
877,41,105,-64,64
878,90,85,5,5
879,84,72,12,12
880,87,86,1,1
881,70,80,-10,10
882,109,106,3,3
883,76,75,1,1
884,62,42,20,20
885,83,77,6,6
886,124,126,-2,2
887,122,118,4,4
888,55,59,-4,4
889,108,110,-2,2
890,109,108,1,1
891,52,54,-2,2
892,134,114,20,20
893,60,56,4,4
894,71,72,-1,1
895,123,111,12,12
896,60,66,-6,6
897,140,128,12,12
898,109,95,14,14
899,150,158,-8,8
900,74,76,-2,2
901,94,84,10,10
902,71,74,-3,3
903,139,125,14,14
904,87,93,-6,6
905,72,74,-2,2
906,53,54,-1,1
907,163,141,22,22
908,111,94,17,17
909,70,63,7,7
910,46,43,3,3
911,138,128,10,10
912,127,119,8,8
913,70,69,1,1
914,107,115,-8,8
915,64,63,1,1
916,69,80,-11,11
917,196,177,19,19
918,136,133,3,3
919,52,41,11,11
920,79,84,-5,5
921,109,113,-4,4
922,78,78,0,0
923,115,112,3,3
924,77,78,-1,1
925,110,103,7,7
926,74,71,3,3
927,49,48,1,1
928,55,59,-4,4
929,145,131,14,14
930,119,112,7,7
931,96,92,4,4
932,196,178,18,18
933,72,76,-4,4
934,90,97,-7,7
935,62,101,-39,39
936,118,100,18,18
937,137,136,1,1
938,79,80,-1,1
939,152,135,17,17
940,87,92,-5,5
941,112,107,5,5
942,62,64,-2,2
943,72,75,-3,3
944,109,103,6,6
945,83,79,4,4
946,68,65,3,3
947,97,94,3,3
948,59,60,-1,1
949,173,149,24,24
950,73,71,2,2
951,85,87,-2,2
952,62,67,-5,5
953,75,71,4,4
954,90,91,-1,1
955,93,93,0,0
956,98,94,4,4
957,116,108,8,8
958,50,43,7,7
959,106,106,0,0
960,114,100,14,14
961,98,90,8,8
962,184,172,12,12
963,69,73,-4,4
964,147,135,12,12
965,29,59,-30,30
966,108,113,-5,5
967,65,69,-4,4
968,96,95,1,1
969,84,88,-4,4
970,70,68,2,2
971,162,149,13,13
972,112,110,2,2
973,71,69,2,2
974,139,126,13,13
975,72,78,-6,6
976,68,72,-4,4
977,76,77,-1,1
978,87,79,8,8
979,52,52,0,0
980,115,108,7,7
981,161,145,16,16
982,88,77,11,11
983,107,99,8,8
984,84,77,7,7
985,90,83,7,7
986,55,61,-6,6
987,138,123,15,15
988,90,86,4,4
989,114,103,11,11
990,111,120,-9,9
991,44,34,10,10
992,111,113,-2,2
993,128,106,22,22
994,98,93,5,5
995,93,84,9,9
996,74,73,1,1
997,130,125,5,5
998,82,91,-9,9
999,178,149,29,29
1000,42,38,4,4
1001,96,88,8,8
1002,39,53,-14,14
1003,75,79,-4,4
1004,147,137,10,10
1005,102,101,1,1
1006,212,184,28,28
1007,64,66,-2,2
1008,91,88,3,3
1009,39,34,5,5
1010,92,96,-4,4
1011,159,143,16,16
1012,119,108,11,11
1013,128,121,7,7
1014,125,119,6,6
1015,63,66,-3,3
1016,117,110,7,7
1017,117,113,4,4
1018,35,34,1,1
1019,108,108,0,0
1020,108,99,9,9
1021,77,76,1,1
1022,88,85,3,3
1023,45,54,-9,9
1024,88,96,-8,8
1025,110,98,12,12
1026,93,85,8,8
1027,77,81,-4,4
1028,144,130,14,14
1029,63,69,-6,6
1030,56,52,4,4
1031,143,129,14,14
1032,119,126,-7,7
1033,85,79,6,6
1034,94,89,5,5
1035,115,120,-5,5
1036,117,114,3,3
1037,71,68,3,3
1038,79,80,-1,1
1039,119,87,32,32
1040,78,77,1,1
1041,101,111,-10,10
1042,89,93,-4,4
1043,91,93,-2,2
1044,112,104,8,8
1045,131,127,4,4
1046,43,47,-4,4
1047,162,148,14,14
1048,55,60,-5,5
1049,116,115,1,1
1050,49,49,0,0
1051,88,77,11,11
1052,108,100,8,8
1053,72,67,5,5
1054,115,106,9,9
1055,55,60,-5,5
1056,146,131,15,15
1057,97,79,18,18
1058,81,78,3,3
1059,146,131,15,15
1060,133,122,11,11
1061,62,66,-4,4
1062,148,139,9,9
1063,98,87,11,11
1064,81,70,11,11
1065,73,75,-2,2
1066,81,74,7,7
1067,148,133,15,15
1068,141,123,18,18
1069,56,51,5,5
1070,123,113,10,10
1071,83,76,7,7
1072,117,113,4,4
1073,99,95,4,4
1074,99,99,0,0
1075,64,65,-1,1
1076,92,86,6,6
1077,40,34,6,6
1078,183,160,23,23
1079,44,59,-15,15
1080,115,108,7,7
1081,49,53,-4,4
1082,127,117,10,10
1083,155,140,15,15
1084,81,90,-9,9
1085,92,84,8,8
1086,74,65,9,9
1087,108,104,4,4
1088,57,60,-3,3
1089,61,67,-6,6
1090,125,102,23,23
1091,97,85,12,12
1092,60,95,-35,35
1093,78,75,3,3
1094,71,79,-8,8
1095,84,84,0,0
1096,177,154,23,23
1097,80,75,5,5
1098,130,128,2,2
1099,81,82,-1,1
1100,88,89,-1,1
1101,56,57,-1,1
1102,149,135,14,14
1103,92,80,12,12
1104,90,87,3,3
1105,45,50,-5,5
1106,63,73,-10,10
1107,92,92,0,0
1108,124,120,4,4
1109,140,134,6,6
1110,122,129,-7,7
1111,47,52,-5,5
1112,67,72,-5,5
1113,199,172,27,27
1114,110,127,-17,17
1115,78,83,-5,5
1116,42,41,1,1
1117,51,57,-6,6
1118,183,151,32,32
1119,160,151,9,9
1120,117,110,7,7
1121,70,72,-2,2
1122,90,83,7,7
1123,101,107,-6,6
1124,73,74,-1,1
1125,64,66,-2,2
1126,69,70,-1,1
1127,98,95,3,3
1128,121,116,5,5
1129,83,81,2,2
1130,170,163,7,7
1131,80,78,2,2
1132,68,70,-2,2
1133,130,135,-5,5
1134,66,72,-6,6
1135,65,85,-20,20
1136,95,91,4,4
1137,99,95,4,4
1138,95,115,-20,20
1139,174,157,17,17
1140,154,131,23,23
1141,121,107,14,14
1142,109,94,15,15
1143,87,102,-15,15
1144,61,53,8,8
1145,96,92,4,4
1146,96,93,3,3
1147,118,111,7,7
1148,97,86,11,11
1149,105,97,8,8
1150,87,83,4,4
1151,104,97,7,7
1152,80,86,-6,6
1153,54,60,-6,6
1154,92,89,3,3
1155,48,50,-2,2
1156,78,82,-4,4
1157,136,118,18,18
1158,139,126,13,13
1159,61,105,-44,44
1160,83,82,1,1
1161,103,109,-6,6
1162,128,122,6,6
1163,131,119,12,12
1164,76,66,10,10
1165,74,67,7,7
1166,135,129,6,6
1167,73,76,-3,3
1168,115,114,1,1
1169,81,85,-4,4
1170,140,127,13,13
1171,69,74,-5,5
1172,46,52,-6,6
1173,109,99,10,10
1174,197,169,28,28
1175,111,119,-8,8
1176,100,94,6,6
1177,77,74,3,3
1178,66,70,-4,4
1179,67,69,-2,2
1180,120,129,-9,9
1181,349,305,44,44
1182,78,74,4,4
1183,118,121,-3,3
1184,51,66,-15,15
1185,82,84,-2,2
1186,49,43,6,6
1187,72,72,0,0
1188,112,185,-73,73
1189,140,117,23,23
1190,69,62,7,7
1191,94,94,0,0
1192,69,70,-1,1
1193,96,95,1,1
1194,77,110,-33,33
1195,92,98,-6,6
1196,141,136,5,5
1197,94,90,4,4
1198,92,81,11,11
1199,96,113,-17,17
1200,69,63,6,6
1201,35,46,-11,11
1202,78,76,2,2
1203,113,111,2,2
1204,99,89,10,10
1205,108,101,7,7
1206,118,107,11,11
1207,95,90,5,5
1208,106,104,2,2
1209,101,84,17,17
1210,77,87,-10,10
1211,97,91,6,6
1212,86,80,6,6
1213,60,64,-4,4
1214,101,107,-6,6
1215,105,94,11,11
1216,73,74,-1,1
1217,90,85,5,5
1218,121,106,15,15
1219,80,84,-4,4
1220,85,92,-7,7
1221,158,149,9,9
1222,75,76,-1,1
1223,70,75,-5,5
1224,66,71,-5,5
1225,107,98,9,9
1226,182,170,12,12
1227,134,126,8,8
1228,103,93,10,10
1229,69,74,-5,5
1230,95,88,7,7
1231,33,33,0,0
1232,58,61,-3,3
1233,63,69,-6,6
1234,115,99,16,16
1235,111,96,15,15
1236,128,115,13,13
1237,141,124,17,17
1238,50,56,-6,6
1239,129,111,18,18
1240,49,61,-12,12
1241,91,83,8,8
1242,131,114,17,17
1243,120,105,15,15
1244,91,88,3,3
1245,108,105,3,3
1246,70,74,-4,4
1247,51,52,-1,1
1248,92,98,-6,6
1249,77,76,1,1
1250,149,131,18,18
1251,117,107,10,10
1252,144,135,9,9
1253,82,72,10,10
1254,107,105,2,2
1255,51,51,0,0
1256,55,61,-6,6
1257,101,95,6,6
1258,99,90,9,9
1259,114,102,12,12
1260,55,64,-9,9
1261,83,79,4,4
1262,174,161,13,13
1263,136,126,10,10
1264,89,91,-2,2
1265,67,74,-7,7
1266,81,81,0,0
1267,122,122,0,0
1268,74,82,-8,8
1269,149,161,-12,12
1270,62,68,-6,6
1271,64,71,-7,7
1272,85,86,-1,1
1273,163,135,28,28
1274,72,69,3,3
1275,62,61,1,1
1276,50,57,-7,7
1277,57,65,-8,8
1278,82,90,-8,8
1279,58,60,-2,2
1280,51,52,-1,1
1281,63,67,-4,4
1282,125,115,10,10
1283,78,84,-6,6
1284,57,59,-2,2
1285,65,66,-1,1
1286,111,112,-1,1
1287,90,83,7,7
1288,107,102,5,5
1289,81,76,5,5
1290,133,109,24,24
1291,111,117,-6,6
1292,64,74,-10,10
1293,56,75,-19,19
1294,51,58,-7,7
1295,64,66,-2,2
1296,156,145,11,11
1297,96,102,-6,6
1298,94,83,11,11
1299,65,92,-27,27
1300,167,150,17,17
1301,44,43,1,1
1302,255,215,40,40
1303,80,75,5,5
1304,142,127,15,15
1305,73,64,9,9
1306,114,104,10,10
1307,81,72,9,9
1308,66,67,-1,1
1309,91,88,3,3
1310,106,93,13,13
1311,84,89,-5,5
1312,120,114,6,6
1313,115,108,7,7
1314,130,117,13,13
1315,192,186,6,6
1316,150,134,16,16
1317,87,83,4,4
1318,69,71,-2,2
1319,170,167,3,3
1320,99,92,7,7
1321,72,78,-6,6
1322,106,95,11,11
1323,142,117,25,25
1324,44,45,-1,1
1325,87,92,-5,5
1326,72,74,-2,2
1327,116,105,11,11
1328,66,69,-3,3
1329,43,34,9,9
1330,145,134,11,11
1331,92,86,6,6
1332,86,88,-2,2
1333,87,93,-6,6
1334,71,68,3,3
1335,136,122,14,14
1336,73,78,-5,5
1337,81,88,-7,7
1338,65,61,4,4
1339,97,85,12,12
1340,61,65,-4,4
1341,76,68,8,8
1342,55,55,0,0
1343,100,90,10,10
1344,120,117,3,3
1345,110,116,-6,6
1346,103,102,1,1
1347,57,60,-3,3
1348,95,81,14,14
1349,82,84,-2,2
1350,105,109,-4,4
1351,68,73,-5,5
1352,177,158,19,19
1353,97,94,3,3
1354,150,124,26,26
1355,38,34,4,4
1356,85,79,6,6
1357,79,81,-2,2
1358,78,82,-4,4
1359,98,96,2,2
1360,138,127,11,11
1361,92,84,8,8
1362,110,103,7,7
1363,135,136,-1,1
1364,96,93,3,3
1365,107,97,10,10
1366,84,88,-4,4
1367,82,77,5,5
1368,87,101,-14,14
1369,58,62,-4,4
1370,55,54,1,1
1371,69,75,-6,6
1372,193,172,21,21
1373,102,103,-1,1
1374,105,95,10,10
1375,74,87,-13,13
1376,122,122,0,0
1377,85,85,0,0
1378,103,96,7,7
1379,139,125,14,14
1380,91,85,6,6
1381,84,93,-9,9
1382,155,137,18,18
1383,73,74,-1,1
1384,141,124,17,17
1385,70,67,3,3
1386,93,85,8,8
1387,100,91,9,9
1388,96,88,8,8
1389,56,61,-5,5
1390,93,115,-22,22
1391,97,114,-17,17
1392,43,45,-2,2
1393,58,59,-1,1
1394,107,98,9,9
1395,118,111,7,7
1396,64,57,7,7
1397,114,96,18,18
1398,84,79,5,5
1399,68,70,-2,2
1400,170,146,24,24
1401,121,113,8,8
1402,180,166,14,14
1403,81,80,1,1
1404,131,119,12,12
1405,166,151,15,15
1406,83,84,-1,1
1407,107,93,14,14
1408,95,93,2,2
1409,88,77,11,11
1410,149,133,16,16
1411,160,149,11,11
1412,112,104,8,8
1413,145,136,9,9
1414,38,33,5,5
1415,104,95,9,9
1416,125,127,-2,2
1417,86,82,4,4
1418,105,96,9,9
1419,44,51,-7,7
1420,116,100,16,16
1421,136,124,12,12
1422,149,133,16,16
1423,135,103,32,32
1424,51,37,14,14
1425,94,102,-8,8
1426,88,96,-8,8
1427,128,124,4,4
1428,148,136,12,12
1429,103,106,-3,3
1430,59,63,-4,4
1431,75,74,1,1
1432,83,83,0,0
1433,73,73,0,0
1434,75,94,-19,19
1435,74,78,-4,4
1436,85,84,1,1
1437,74,72,2,2
1438,99,97,2,2
1439,122,116,6,6
1440,130,125,5,5
1441,61,65,-4,4
1442,48,49,-1,1
1443,111,114,-3,3
1444,58,57,1,1
1445,61,74,-13,13
1446,129,124,5,5
1447,55,56,-1,1
1448,159,144,15,15
1449,81,79,2,2
1450,44,52,-8,8
1451,64,62,2,2
1452,105,95,10,10
1453,131,127,4,4
1454,188,168,20,20
1455,107,97,10,10
1456,74,76,-2,2
1457,155,162,-7,7
1458,93,84,9,9
1459,125,117,8,8
1460,113,114,-1,1
1461,81,79,2,2
1462,73,71,2,2
1463,78,75,3,3
1464,124,106,18,18
1465,68,74,-6,6
1466,90,91,-1,1
1467,108,94,14,14
1468,73,71,2,2
1469,92,87,5,5
1470,118,114,4,4
1471,70,66,4,4
1472,98,97,1,1
1473,70,70,0,0
1474,72,74,-2,2
1475,107,92,15,15
1476,112,104,8,8
1477,118,109,9,9
1478,86,84,2,2
1479,114,95,19,19
1480,121,109,12,12
1481,120,106,14,14
1482,275,212,63,63
1483,98,85,13,13
1484,95,100,-5,5
1485,80,74,6,6
1486,126,125,1,1
1487,98,95,3,3
1488,133,140,-7,7
1489,61,64,-3,3
1490,129,114,15,15
1491,117,112,5,5
1492,54,76,-22,22
1493,54,58,-4,4
1494,48,55,-7,7
1495,85,81,4,4
1496,56,76,-20,20
1497,77,87,-10,10
1498,140,119,21,21
1499,69,73,-4,4
1500,88,83,5,5
1501,107,101,6,6
1502,81,80,1,1
1503,134,117,17,17
1504,80,79,1,1
1505,121,110,11,11
1506,111,102,9,9
1507,72,76,-4,4
1508,155,147,8,8
1509,61,67,-6,6
1510,70,75,-5,5
1511,55,58,-3,3
1512,74,74,0,0
1513,151,143,8,8
1514,38,34,4,4
1515,164,179,-15,15
1516,66,75,-9,9
1517,58,60,-2,2
1518,66,68,-2,2
1519,116,101,15,15
1520,71,86,-15,15
1521,99,96,3,3
1522,108,116,-8,8
1523,77,79,-2,2
1524,56,61,-5,5
1525,126,110,16,16
1526,117,111,6,6
1527,71,66,5,5
1528,80,74,6,6
1529,69,70,-1,1
1530,76,66,10,10
1531,137,129,8,8
1532,184,163,21,21
1533,131,117,14,14
1534,149,132,17,17
1535,95,93,2,2
1536,122,116,6,6
1537,54,55,-1,1
1538,88,88,0,0
1539,83,85,-2,2
1540,69,74,-5,5
1541,87,97,-10,10
1542,156,149,7,7
1543,118,115,3,3
1544,55,61,-6,6
1545,83,79,4,4
1546,81,90,-9,9
1547,101,106,-5,5
1548,73,72,1,1
1549,105,103,2,2
1550,82,85,-3,3
1551,65,66,-1,1
1552,78,77,1,1
1553,115,107,8,8
1554,133,120,13,13
1555,58,64,-6,6
1556,108,110,-2,2
1557,128,129,-1,1
1558,136,114,22,22
1559,37,41,-4,4
1560,95,97,-2,2
1561,121,112,9,9
1562,87,81,6,6
1563,100,115,-15,15
1564,89,80,9,9
1565,126,122,4,4
1566,109,115,-6,6
1567,103,99,4,4
1568,150,132,18,18
1569,94,120,-26,26
1570,148,150,-2,2
1571,60,63,-3,3
1572,70,70,0,0
1573,131,128,3,3
1574,70,66,4,4
1575,95,97,-2,2
1576,66,77,-11,11
1577,86,78,8,8
1578,91,85,6,6
1579,75,80,-5,5
1580,46,51,-5,5
1581,100,101,-1,1
1582,98,90,8,8
1583,92,84,8,8
1584,112,98,14,14
1585,167,149,18,18
1586,90,93,-3,3
1587,109,96,13,13
1588,93,102,-9,9
1589,61,65,-4,4
1590,123,111,12,12
1591,93,92,1,1
1592,74,68,6,6
1593,36,34,2,2
1594,89,81,8,8
1595,144,149,-5,5
1596,80,79,1,1
1597,114,110,4,4
1598,106,106,0,0
1599,57,61,-4,4
1600,70,79,-9,9
1601,112,111,1,1
1602,92,85,7,7
1603,106,99,7,7
1604,122,119,3,3
1605,128,118,10,10
1606,109,105,4,4
1607,75,73,2,2
1608,120,108,12,12
1609,60,58,2,2
1610,137,121,16,16
1611,78,81,-3,3
1612,93,98,-5,5
1613,91,88,3,3
1614,84,80,4,4
1615,137,128,9,9
1616,43,51,-8,8
1617,74,63,11,11
1618,77,76,1,1
1619,114,113,1,1
1620,104,90,14,14
1621,101,100,1,1
1622,43,41,2,2
1623,106,100,6,6
1624,90,85,5,5
1625,114,116,-2,2
1626,82,72,10,10
1627,62,70,-8,8
1628,112,104,8,8
1629,46,56,-10,10
1630,104,90,14,14
1631,106,99,7,7
1632,62,62,0,0
1633,123,116,7,7
1634,95,93,2,2
1635,64,70,-6,6
1636,76,81,-5,5
1637,104,97,7,7
1638,126,117,9,9
1639,144,134,10,10
1640,119,118,1,1
1641,74,71,3,3
1642,51,61,-10,10
1643,91,92,-1,1
1644,86,91,-5,5
1645,95,86,9,9
1646,72,73,-1,1
1647,162,146,16,16
1648,87,81,6,6
1649,91,92,-1,1
1650,122,128,-6,6
1651,70,73,-3,3
1652,106,111,-5,5
1653,89,93,-4,4
1654,59,57,2,2
1655,44,39,5,5
1656,74,69,5,5
1657,77,79,-2,2
1658,135,122,13,13
1659,107,100,7,7
1660,64,65,-1,1
1661,52,69,-17,17
1662,61,66,-5,5
1663,74,73,1,1
1664,87,98,-11,11
1665,106,98,8,8
1666,64,67,-3,3
1667,70,72,-2,2
1668,77,76,1,1
1669,62,64,-2,2
1670,67,65,2,2
1671,109,102,7,7
1672,118,113,5,5
1673,74,81,-7,7
1674,100,91,9,9
1675,83,96,-13,13
1676,83,75,8,8
1677,121,111,10,10
1678,79,87,-8,8
1679,46,44,2,2
1680,92,84,8,8
1681,102,94,8,8
1682,103,94,9,9
1683,64,59,5,5
1684,101,92,9,9
1685,105,95,10,10
1686,55,59,-4,4
1687,66,65,1,1
1688,60,63,-3,3
1689,62,68,-6,6
1690,150,144,6,6
1691,84,90,-6,6
1692,98,103,-5,5
1693,59,64,-5,5
1694,57,64,-7,7
1695,88,122,-34,34
1696,146,141,5,5
1697,58,62,-4,4
1698,73,70,3,3
1699,192,171,21,21
1700,58,57,1,1
1701,97,88,9,9
1702,84,82,2,2
1703,149,136,13,13
1704,162,136,26,26
1705,53,67,-14,14
1706,48,59,-11,11
1707,103,109,-6,6
1708,64,64,0,0
1709,85,80,5,5
1710,64,67,-3,3
1711,73,70,3,3
1712,72,68,4,4
1713,136,109,27,27
1714,103,93,10,10
1715,161,144,17,17
1716,89,85,4,4
1717,102,92,10,10
1718,66,109,-43,43
1719,87,81,6,6
1720,101,96,5,5
1721,90,94,-4,4
1722,108,109,-1,1
1723,59,66,-7,7
1724,118,107,11,11
1725,56,60,-4,4
1726,195,175,20,20
1727,70,68,2,2
1728,90,90,0,0
1729,108,108,0,0
1730,118,125,-7,7
1731,74,76,-2,2
1732,115,106,9,9
1733,31,34,-3,3
1734,121,119,2,2
1735,43,34,9,9
1736,78,75,3,3
1737,63,69,-6,6
1738,57,56,1,1
1739,53,60,-7,7
1740,63,67,-4,4
1741,88,86,2,2
1742,80,86,-6,6
1743,133,127,6,6
1744,90,83,7,7
1745,130,123,7,7
1746,70,69,1,1
1747,169,141,28,28
1748,45,54,-9,9
1749,171,153,18,18
1750,84,80,4,4
1751,95,95,0,0
1752,73,79,-6,6
1753,59,63,-4,4
1754,82,87,-5,5
1755,101,92,9,9
1756,77,84,-7,7
1757,57,66,-9,9
1758,97,92,5,5
1759,69,71,-2,2
1760,82,73,9,9
1761,60,76,-16,16
1762,70,72,-2,2
1763,79,79,0,0
1764,127,119,8,8
1765,92,100,-8,8
1766,119,114,5,5
1767,59,61,-2,2
1768,66,71,-5,5
1769,44,48,-4,4
1770,46,41,5,5
1771,129,111,18,18
1772,93,84,9,9
1773,98,122,-24,24
1774,89,83,6,6
1775,74,73,1,1
1776,96,92,4,4
1777,103,94,9,9
1778,84,88,-4,4
1779,75,72,3,3
1780,167,145,22,22
1781,85,85,0,0
1782,108,112,-4,4
1783,59,61,-2,2
1784,101,97,4,4
1785,76,76,0,0
1786,118,113,5,5
1787,67,69,-2,2
1788,53,68,-15,15
1789,108,104,4,4
1790,103,95,8,8
1791,130,134,-4,4
1792,83,81,2,2
1793,52,61,-9,9
1794,79,83,-4,4
1795,80,85,-5,5
1796,88,69,19,19
1797,55,63,-8,8
1798,53,55,-2,2
1799,116,104,12,12
1800,103,97,6,6
1801,73,80,-7,7
1802,72,74,-2,2
1803,155,139,16,16
1804,205,193,12,12
1805,55,59,-4,4
1806,119,110,9,9
1807,93,86,7,7
1808,81,82,-1,1
1809,93,89,4,4
1810,121,116,5,5
1811,62,62,0,0
1812,61,67,-6,6
1813,113,111,2,2
1814,79,76,3,3
1815,130,125,5,5
1816,68,75,-7,7
1817,81,80,1,1
1818,114,102,12,12
1819,101,86,15,15
1820,63,59,4,4
1821,87,98,-11,11
1822,117,113,4,4
1823,114,109,5,5
1824,109,103,6,6
1825,96,89,7,7
1826,54,61,-7,7
1827,132,121,11,11
1828,85,81,4,4
1829,70,68,2,2
1830,60,58,2,2
1831,68,68,0,0
1832,48,44,4,4
1833,75,78,-3,3
1834,126,114,12,12
1835,106,96,10,10
1836,60,63,-3,3
1837,70,66,4,4
1838,52,50,2,2
1839,86,79,7,7
1840,74,69,5,5
1841,118,106,12,12
1842,43,48,-5,5
1843,207,189,18,18
1844,97,86,11,11
1845,78,76,2,2
1846,100,100,0,0
1847,108,99,9,9
1848,73,73,0,0
1849,151,136,15,15
1850,45,47,-2,2
1851,81,76,5,5
1852,68,70,-2,2
1853,140,145,-5,5
1854,121,110,11,11
1855,88,100,-12,12
1856,42,44,-2,2
1857,76,77,-1,1
1858,89,83,6,6
1859,61,63,-2,2
1860,98,87,11,11
1861,78,83,-5,5
1862,54,61,-7,7
1863,128,141,-13,13
1864,160,148,12,12
1865,65,69,-4,4
1866,109,100,9,9
1867,149,149,0,0
1868,112,102,10,10
1869,78,76,2,2
1870,61,60,1,1
1871,82,78,4,4
1872,54,56,-2,2
1873,45,56,-11,11
1874,102,93,9,9
1875,92,92,0,0
1876,121,116,5,5
1877,119,115,4,4
1878,84,79,5,5
1879,99,101,-2,2
1880,116,115,1,1
1881,119,109,10,10
1882,157,145,12,12
1883,119,103,16,16
1884,92,84,8,8
1885,60,67,-7,7
1886,101,98,3,3
1887,90,92,-2,2
1888,132,134,-2,2
1889,156,142,14,14
1890,101,95,6,6
1891,88,84,4,4
1892,141,115,26,26
1893,56,63,-7,7
1894,85,75,10,10
1895,182,157,25,25
1896,127,108,19,19
1897,76,74,2,2
1898,83,78,5,5
1899,59,62,-3,3
1900,33,41,-8,8
1901,38,36,2,2
1902,90,78,12,12
1903,87,96,-9,9
1904,81,86,-5,5
1905,123,122,1,1
1906,111,101,10,10
1907,207,208,-1,1
1908,140,130,10,10
1909,90,84,6,6
1910,67,71,-4,4
1911,102,127,-25,25
1912,65,68,-3,3
1913,81,85,-4,4
1914,75,74,1,1
1915,93,94,-1,1
1916,87,95,-8,8
1917,183,157,26,26
1918,95,92,3,3
1919,200,186,14,14
1920,95,92,3,3
1921,199,176,23,23
1922,87,94,-7,7
1923,56,57,-1,1
1924,55,68,-13,13
1925,90,93,-3,3
1926,64,72,-8,8
1927,57,60,-3,3
1928,179,182,-3,3
1929,78,76,2,2
1930,54,60,-6,6
1931,112,102,10,10
1932,69,83,-14,14
1933,73,78,-5,5
1934,64,67,-3,3
1935,65,72,-7,7
1936,63,65,-2,2
1937,159,143,16,16
1938,71,75,-4,4
1939,90,84,6,6
1940,116,108,8,8
1941,110,104,6,6
1942,80,83,-3,3
1943,116,120,-4,4
1944,101,102,-1,1
1945,145,134,11,11
1946,144,137,7,7
1947,163,145,18,18
1948,115,122,-7,7
1949,115,120,-5,5
1950,102,102,0,0
1951,105,81,24,24
1952,61,61,0,0
1953,74,75,-1,1
1954,88,86,2,2
1955,86,78,8,8
1956,98,96,2,2
1957,113,105,8,8
1958,82,69,13,13
1959,124,106,18,18
1960,76,72,4,4
1961,137,129,8,8
1962,88,97,-9,9
1963,130,119,11,11
1964,75,68,7,7
1965,97,83,14,14
1966,114,117,-3,3
1967,92,88,4,4
1968,106,102,4,4
1969,89,91,-2,2
1970,72,89,-17,17
1971,92,91,1,1
1972,66,67,-1,1
1973,26,27,-1,1
1974,106,99,7,7
1975,82,85,-3,3
1976,112,110,2,2
1977,94,86,8,8
1978,106,100,6,6
1979,114,102,12,12
1980,85,98,-13,13
1981,144,139,5,5
1982,137,119,18,18
1983,56,65,-9,9
1984,62,54,8,8
1985,65,71,-6,6
1986,71,75,-4,4
1987,78,84,-6,6
1988,66,62,4,4
1989,106,107,-1,1
1990,74,99,-25,25
1991,46,120,-74,74
1992,140,124,16,16
1993,129,117,12,12
1994,83,85,-2,2
1995,81,84,-3,3
1996,49,53,-4,4
1997,124,115,9,9
1998,42,34,8,8
1999,89,84,5,5
2000,101,95,6,6
2001,184,189,-5,5
2002,113,104,9,9
2003,212,196,16,16
2004,120,108,12,12
2005,95,94,1,1
2006,120,114,6,6
2007,97,91,6,6
2008,72,72,0,0
2009,80,70,10,10
2010,87,95,-8,8
2011,100,94,6,6
2012,185,169,16,16
2013,90,88,2,2
2014,77,77,0,0
2015,67,72,-5,5
2016,63,67,-4,4
2017,74,75,-1,1
2018,104,96,8,8
2019,129,121,8,8
2020,73,71,2,2
2021,128,118,10,10
2022,64,68,-4,4
2023,88,80,8,8
2024,47,57,-10,10
2025,68,67,1,1
2026,75,70,5,5
2027,75,74,1,1
2028,80,84,-4,4
2029,61,66,-5,5
2030,74,75,-1,1
2031,79,81,-2,2
2032,62,69,-7,7
2033,121,122,-1,1
2034,77,76,1,1
2035,104,97,7,7
2036,116,109,7,7
2037,61,75,-14,14
2038,86,80,6,6
2039,83,92,-9,9
2040,119,116,3,3
2041,109,111,-2,2
2042,83,93,-10,10
2043,66,72,-6,6
2044,112,107,5,5
2045,110,107,3,3
2046,115,119,-4,4
2047,97,93,4,4
2048,115,111,4,4
2049,78,81,-3,3
2050,58,61,-3,3
2051,98,99,-1,1
2052,104,95,9,9
2053,109,98,11,11
2054,143,129,14,14
2055,98,93,5,5
2056,56,64,-8,8
2057,61,65,-4,4
2058,86,78,8,8
2059,73,73,0,0
2060,101,96,5,5
2061,165,148,17,17
2062,64,55,9,9
2063,62,62,0,0
2064,68,67,1,1
2065,101,100,1,1
2066,72,79,-7,7
2067,56,59,-3,3
2068,109,95,14,14
2069,63,61,2,2
2070,48,54,-6,6
2071,134,130,4,4
2072,91,95,-4,4
2073,80,83,-3,3
2074,112,103,9,9
2075,49,55,-6,6
2076,91,84,7,7
2077,75,80,-5,5
2078,86,75,11,11
2079,142,122,20,20
2080,79,74,5,5
2081,122,125,-3,3
2082,139,131,8,8
2083,79,73,6,6
2084,184,156,28,28
2085,134,156,-22,22
2086,99,92,7,7
2087,59,67,-8,8
2088,77,80,-3,3
2089,84,80,4,4
2090,116,114,2,2
2091,41,34,7,7
2092,70,66,4,4
2093,39,37,2,2
2094,82,83,-1,1
2095,58,61,-3,3
2096,166,152,14,14
2097,71,73,-2,2
2098,119,108,11,11
2099,92,95,-3,3
2100,116,114,2,2
2101,121,106,15,15
2102,106,100,6,6
2103,82,79,3,3
2104,137,130,7,7
2105,113,112,1,1
2106,84,88,-4,4
2107,136,121,15,15
2108,57,62,-5,5
2109,142,128,14,14
2110,55,52,3,3
2111,82,79,3,3
2112,208,186,22,22
2113,101,87,14,14
2114,156,154,2,2
2115,175,149,26,26
2116,137,116,21,21
2117,105,114,-9,9
2118,84,85,-1,1
2119,78,83,-5,5
2120,115,99,16,16
2121,74,72,2,2
2122,67,67,0,0
2123,46,50,-4,4
2124,123,113,10,10
2125,68,66,2,2
2126,110,111,-1,1
2127,95,89,6,6
2128,77,83,-6,6
2129,86,92,-6,6
2130,62,61,1,1
2131,91,81,10,10
2132,76,74,2,2
2133,92,78,14,14
2134,98,89,9,9
2135,108,101,7,7
2136,142,134,8,8
2137,111,85,26,26
2138,96,97,-1,1
2139,86,83,3,3
2140,138,128,10,10
2141,89,92,-3,3
2142,149,125,24,24
2143,82,84,-2,2
2144,135,127,8,8
2145,94,87,7,7
2146,79,80,-1,1
2147,84,82,2,2
2148,44,80,-36,36
2149,46,63,-17,17
2150,96,91,5,5
2151,114,107,7,7
2152,57,61,-4,4
2153,79,75,4,4
2154,78,85,-7,7
2155,117,133,-16,16
2156,98,87,11,11
2157,57,56,1,1
2158,99,90,9,9
2159,97,89,8,8
2160,98,89,9,9
2161,70,68,2,2
2162,102,103,-1,1
2163,82,85,-3,3
2164,81,79,2,2
2165,69,73,-4,4
2166,66,63,3,3
2167,97,83,14,14
2168,86,86,0,0
2169,58,59,-1,1
2170,83,90,-7,7
2171,78,77,1,1
2172,64,61,3,3
2173,127,97,30,30
2174,73,63,10,10
2175,70,79,-9,9
2176,93,82,11,11
2177,116,111,5,5
2178,103,90,13,13
2179,44,48,-4,4
2180,84,93,-9,9
2181,116,96,20,20
2182,102,104,-2,2
2183,56,54,2,2
2184,117,108,9,9
2185,111,106,5,5
2186,82,88,-6,6
2187,115,105,10,10
2188,96,102,-6,6
2189,137,111,26,26
2190,111,103,8,8
2191,63,68,-5,5
2192,65,65,0,0
2193,57,57,0,0
2194,82,71,11,11
2195,64,86,-22,22
2196,100,93,7,7
2197,68,65,3,3
2198,57,64,-7,7
2199,76,70,6,6
2200,138,129,9,9
2201,61,72,-11,11
2202,80,86,-6,6
2203,98,98,0,0
2204,137,135,2,2
2205,101,92,9,9
2206,122,118,4,4
2207,75,82,-7,7
2208,118,112,6,6
2209,87,89,-2,2
2210,116,110,6,6
2211,97,94,3,3
2212,147,154,-7,7
2213,74,70,4,4
2214,55,62,-7,7
2215,110,97,13,13
2216,93,91,2,2
2217,64,73,-9,9
2218,105,109,-4,4
2219,70,97,-27,27
2220,92,84,8,8
2221,63,67,-4,4
2222,93,91,2,2
2223,60,67,-7,7
2224,82,81,1,1
2225,108,103,5,5
2226,118,112,6,6
2227,167,157,10,10
2228,112,108,4,4
2229,85,83,2,2
2230,77,91,-14,14
2231,105,102,3,3
2232,144,134,10,10
2233,159,153,6,6
2234,68,67,1,1
2235,42,40,2,2
2236,111,124,-13,13
2237,67,78,-11,11
2238,135,122,13,13
2239,45,48,-3,3
2240,79,74,5,5
2241,117,113,4,4
2242,94,90,4,4
2243,44,73,-29,29
2244,94,99,-5,5
2245,140,125,15,15
2246,98,90,8,8
2247,66,71,-5,5
2248,63,69,-6,6
2249,65,73,-8,8
2250,104,106,-2,2
2251,92,94,-2,2
2252,86,85,1,1
2253,81,81,0,0
2254,77,84,-7,7
2255,78,77,1,1
2256,48,58,-10,10
2257,39,34,5,5
2258,47,34,13,13
2259,94,102,-8,8
2260,161,146,15,15
2261,72,64,8,8
2262,35,34,1,1
2263,89,97,-8,8
2264,69,91,-22,22
2265,102,103,-1,1
2266,79,97,-18,18
2267,107,96,11,11
2268,111,122,-11,11
2269,95,95,0,0
2270,102,101,1,1
2271,89,92,-3,3
2272,65,63,2,2
2273,108,103,5,5
2274,57,69,-12,12
2275,103,96,7,7
2276,151,125,26,26
2277,184,164,20,20
2278,78,76,2,2
2279,185,152,33,33
2280,63,70,-7,7
2281,131,124,7,7
2282,155,133,22,22
2283,87,79,8,8
2284,136,127,9,9
2285,104,103,1,1
2286,54,56,-2,2
2287,107,106,1,1
2288,64,63,1,1
2289,68,71,-3,3
2290,90,90,0,0
2291,65,74,-9,9
2292,86,91,-5,5
2293,78,76,2,2
2294,72,67,5,5
2295,50,62,-12,12
2296,107,103,4,4
2297,101,207,-106,106
2298,104,98,6,6
2299,47,50,-3,3
2300,87,84,3,3
2301,102,100,2,2
2302,103,92,11,11
2303,62,58,4,4
2304,57,61,-4,4
2305,68,73,-5,5
2306,109,105,4,4
2307,80,86,-6,6
2308,76,83,-7,7
2309,97,96,1,1
2310,83,79,4,4
2311,116,109,7,7
2312,72,69,3,3
2313,49,59,-10,10
2314,108,111,-3,3
2315,106,95,11,11
2316,135,123,12,12
2317,115,115,0,0
2318,111,99,12,12
2319,95,84,11,11
2320,56,67,-11,11
2321,154,130,24,24
2322,106,104,2,2
2323,71,72,-1,1
2324,92,85,7,7
2325,96,84,12,12
2326,75,78,-3,3
2327,127,109,18,18
2328,66,70,-4,4
2329,78,75,3,3
2330,148,140,8,8
2331,95,91,4,4
2332,145,120,25,25
2333,80,86,-6,6
2334,48,43,5,5
2335,73,81,-8,8
2336,128,128,0,0
2337,38,48,-10,10
2338,180,167,13,13
2339,63,66,-3,3
2340,60,62,-2,2
2341,149,143,6,6
2342,97,98,-1,1
2343,57,64,-7,7
2344,158,137,21,21
2345,85,88,-3,3
2346,83,75,8,8
2347,145,129,16,16
2348,76,75,1,1
2349,107,99,8,8
2350,177,160,17,17
2351,106,94,12,12
2352,73,75,-2,2
2353,43,43,0,0
2354,141,120,21,21
2355,100,103,-3,3
2356,81,97,-16,16
2357,267,195,72,72
2358,69,71,-2,2
2359,114,111,3,3
2360,110,103,7,7
2361,107,104,3,3
2362,95,84,11,11
2363,92,83,9,9
2364,166,143,23,23
2365,83,85,-2,2
2366,140,125,15,15
2367,102,93,9,9
2368,82,85,-3,3
2369,88,91,-3,3
2370,129,110,19,19
2371,171,173,-2,2
2372,53,55,-2,2
2373,139,115,24,24
2374,131,116,15,15
2375,137,121,16,16
2376,65,67,-2,2
2377,83,85,-2,2
2378,191,178,13,13
2379,65,62,3,3
2380,197,180,17,17
2381,101,96,5,5
2382,147,137,10,10
2383,159,149,10,10
2384,46,49,-3,3
2385,151,137,14,14
2386,104,93,11,11
2387,132,132,0,0
2388,67,67,0,0
2389,80,77,3,3
2390,198,178,20,20
2391,116,128,-12,12
2392,72,105,-33,33
2393,152,136,16,16
2394,63,74,-11,11
2395,61,66,-5,5
2396,112,105,7,7
2397,96,87,9,9
2398,90,85,5,5
2399,118,116,2,2
2400,102,103,-1,1
2401,65,66,-1,1
2402,93,93,0,0
2403,64,64,0,0
2404,88,111,-23,23
2405,116,108,8,8
2406,94,99,-5,5
2407,96,102,-6,6
2408,83,99,-16,16
2409,125,121,4,4
2410,71,67,4,4
2411,147,151,-4,4
2412,117,114,3,3
2413,125,119,6,6
2414,65,64,1,1
2415,69,74,-5,5
2416,72,72,0,0
2417,80,83,-3,3
2418,73,70,3,3
2419,62,66,-4,4
2420,126,119,7,7
2421,56,60,-4,4
2422,90,93,-3,3
2423,95,98,-3,3
2424,67,71,-4,4
2425,37,34,3,3
2426,128,114,14,14
2427,63,61,2,2
2428,32,34,-2,2
2429,63,60,3,3
2430,42,57,-15,15
2431,90,91,-1,1
2432,58,62,-4,4
2433,159,135,24,24
2434,114,117,-3,3
2435,76,73,3,3
2436,71,72,-1,1
2437,91,91,0,0
2438,144,126,18,18
2439,71,68,3,3
2440,70,75,-5,5
2441,109,108,1,1
2442,86,84,2,2
2443,114,112,2,2
2444,66,60,6,6
2445,92,84,8,8
2446,71,68,3,3
2447,92,85,7,7
2448,137,149,-12,12
2449,73,85,-12,12
2450,73,71,2,2
2451,101,93,8,8
2452,119,110,9,9
2453,97,95,2,2
2454,110,101,9,9
2455,69,67,2,2
2456,81,76,5,5
2457,67,71,-4,4
2458,139,126,13,13
2459,88,85,3,3
2460,114,105,9,9
2461,64,63,1,1
2462,86,84,2,2
2463,122,114,8,8
2464,122,111,11,11
2465,94,86,8,8
2466,128,125,3,3
2467,83,79,4,4
2468,92,91,1,1
2469,175,164,11,11
2470,141,135,6,6
2471,72,76,-4,4
2472,135,138,-3,3
2473,84,79,5,5
2474,123,114,9,9
2475,113,112,1,1
2476,135,125,10,10
2477,83,84,-1,1
2478,58,65,-7,7
2479,146,140,6,6
2480,123,120,3,3
2481,50,51,-1,1
2482,67,76,-9,9
2483,80,85,-5,5
2484,136,126,10,10
2485,165,152,13,13
2486,84,76,8,8
2487,107,99,8,8
2488,151,145,6,6
2489,111,109,2,2
2490,51,59,-8,8
2491,78,81,-3,3
2492,145,120,25,25
2493,54,61,-7,7
2494,86,83,3,3
2495,93,90,3,3
2496,117,102,15,15
2497,52,57,-5,5
2498,84,88,-4,4
2499,196,186,10,10
2500,70,60,10,10
2501,166,157,9,9
2502,103,90,13,13
2503,67,79,-12,12
2504,54,57,-3,3
2505,91,87,4,4
2506,124,117,7,7
2507,80,77,3,3
2508,111,112,-1,1
2509,108,94,14,14
2510,134,131,3,3
2511,98,93,5,5
2512,64,87,-23,23
2513,73,74,-1,1
2514,94,94,0,0
2515,61,74,-13,13
2516,90,95,-5,5
2517,102,95,7,7
2518,150,133,17,17
2519,97,99,-2,2
2520,76,74,2,2
2521,58,61,-3,3
2522,90,76,14,14
2523,70,69,1,1
2524,65,70,-5,5
2525,78,79,-1,1
2526,53,61,-8,8
2527,83,76,7,7
2528,103,70,33,33
2529,74,73,1,1
2530,173,160,13,13
2531,63,68,-5,5
2532,104,99,5,5
2533,96,98,-2,2
2534,110,116,-6,6
2535,83,78,5,5
2536,89,88,1,1
2537,95,101,-6,6
2538,74,85,-11,11
2539,55,53,2,2
2540,117,112,5,5
2541,32,31,1,1
2542,64,72,-8,8
2543,103,89,14,14
2544,121,119,2,2
2545,129,115,14,14
2546,90,98,-8,8
2547,119,140,-21,21
2548,105,92,13,13
2549,78,75,3,3
2550,159,139,20,20
2551,73,76,-3,3
2552,128,121,7,7
2553,149,143,6,6
2554,129,107,22,22
2555,87,91,-4,4
2556,69,75,-6,6
2557,120,113,7,7
2558,57,58,-1,1
2559,107,109,-2,2
2560,56,59,-3,3
2561,128,83,45,45
2562,153,131,22,22
2563,114,120,-6,6
2564,96,100,-4,4
2565,111,103,8,8
2566,130,127,3,3
2567,88,89,-1,1
2568,75,77,-2,2
2569,85,90,-5,5
2570,105,101,4,4
2571,48,49,-1,1
2572,98,94,4,4
2573,62,71,-9,9
2574,142,129,13,13
2575,91,70,21,21
2576,85,84,1,1
2577,67,67,0,0
2578,116,106,10,10
2579,82,86,-4,4
2580,136,129,7,7
2581,145,119,26,26
2582,76,80,-4,4
2583,46,52,-6,6
2584,112,125,-13,13
2585,119,119,0,0
2586,75,92,-17,17
2587,58,68,-10,10
2588,90,95,-5,5
2589,106,112,-6,6
2590,117,109,8,8
2591,97,91,6,6
2592,142,147,-5,5
2593,156,144,12,12
2594,136,96,40,40
2595,73,80,-7,7
2596,98,84,14,14
2597,79,84,-5,5
2598,130,128,2,2
2599,114,112,2,2
2600,122,115,7,7
2601,87,79,8,8
2602,136,121,15,15
2603,157,138,19,19
2604,53,57,-4,4
2605,106,99,7,7
2606,62,67,-5,5
2607,87,90,-3,3
2608,75,71,4,4
2609,71,74,-3,3
2610,87,84,3,3
2611,81,79,2,2
2612,110,99,11,11
2613,119,114,5,5
2614,103,97,6,6
2615,65,62,3,3
2616,137,118,19,19
2617,66,75,-9,9
2618,78,74,4,4
2619,93,96,-3,3
2620,117,107,10,10
2621,95,93,2,2
2622,88,80,8,8
2623,102,89,13,13
2624,49,54,-5,5
2625,82,75,7,7
2626,70,73,-3,3
2627,78,84,-6,6
2628,75,73,2,2
2629,80,79,1,1
2630,133,122,11,11
2631,82,81,1,1
2632,147,107,40,40
2633,174,157,17,17
2634,65,68,-3,3
2635,95,93,2,2
2636,105,93,12,12
2637,72,69,3,3
2638,78,81,-3,3
2639,137,130,7,7
2640,153,135,18,18
2641,131,140,-9,9
2642,53,58,-5,5
2643,88,80,8,8
2644,74,76,-2,2
2645,62,63,-1,1
2646,97,103,-6,6
2647,121,112,9,9
2648,106,105,1,1
2649,76,102,-26,26
2650,103,101,2,2
2651,87,79,8,8
2652,67,66,1,1
2653,68,91,-23,23
2654,123,107,16,16
2655,68,63,5,5
2656,115,111,4,4
2657,116,101,15,15
2658,95,88,7,7
2659,57,63,-6,6
2660,106,97,9,9
2661,85,83,2,2
2662,106,92,14,14
2663,87,81,6,6
2664,86,84,2,2
2665,84,84,0,0
2666,60,61,-1,1
2667,99,100,-1,1
2668,84,100,-16,16
2669,60,62,-2,2
2670,134,115,19,19
2671,130,126,4,4
2672,78,73,5,5
2673,62,64,-2,2
2674,90,76,14,14
2675,105,110,-5,5
2676,104,102,2,2
2677,102,100,2,2
2678,125,120,5,5
2679,74,65,9,9
2680,100,95,5,5
2681,103,104,-1,1
2682,77,70,7,7
2683,86,83,3,3
2684,97,99,-2,2
2685,81,84,-3,3
2686,88,92,-4,4
2687,52,60,-8,8
2688,59,71,-12,12
2689,89,85,4,4
2690,51,67,-16,16
2691,45,54,-9,9
2692,103,112,-9,9
2693,70,77,-7,7
2694,148,137,11,11
2695,91,95,-4,4
2696,45,45,0,0
2697,146,144,2,2
2698,119,115,4,4
2699,107,108,-1,1
2700,170,148,22,22
2701,62,63,-1,1
2702,130,108,22,22
2703,40,59,-19,19
2704,91,87,4,4
2705,61,65,-4,4
2706,72,66,6,6
2707,113,110,3,3
2708,120,102,18,18
2709,52,56,-4,4
2710,43,54,-11,11
2711,63,62,1,1
2712,106,106,0,0
2713,109,106,3,3
2714,136,132,4,4
2715,100,96,4,4
2716,58,64,-6,6
2717,64,66,-2,2
2718,135,131,4,4
2719,125,122,3,3
2720,91,106,-15,15
2721,81,85,-4,4
2722,53,55,-2,2
2723,120,113,7,7
2724,96,99,-3,3
2725,42,34,8,8
2726,122,118,4,4
2727,67,63,4,4
2728,97,86,11,11
2729,65,67,-2,2
2730,86,89,-3,3
2731,72,70,2,2
2732,62,63,-1,1
2733,72,69,3,3
2734,83,74,9,9
2735,129,123,6,6
2736,109,103,6,6
2737,72,85,-13,13
2738,78,82,-4,4
2739,175,172,3,3
2740,125,119,6,6
2741,65,59,6,6
2742,122,116,6,6
2743,79,80,-1,1
2744,35,45,-10,10
2745,86,90,-4,4
2746,120,108,12,12
2747,96,93,3,3
2748,152,143,9,9
2749,114,114,0,0
2750,94,94,0,0
2751,67,67,0,0
2752,94,95,-1,1
2753,145,121,24,24
2754,52,58,-6,6
2755,108,103,5,5
2756,86,93,-7,7
2757,91,91,0,0
2758,132,121,11,11
2759,160,151,9,9
2760,94,85,9,9
2761,136,118,18,18
2762,46,47,-1,1
2763,76,69,7,7
2764,66,72,-6,6
2765,72,72,0,0
2766,102,100,2,2
2767,77,77,0,0
2768,56,62,-6,6
2769,139,138,1,1
2770,217,188,29,29
2771,105,102,3,3
2772,86,78,8,8
2773,172,153,19,19
2774,131,126,5,5
2775,141,131,10,10
2776,85,91,-6,6
2777,68,64,4,4
2778,90,90,0,0
2779,75,75,0,0
2780,82,83,-1,1
2781,76,73,3,3
2782,92,90,2,2
2783,76,75,1,1
2784,108,102,6,6
2785,99,93,6,6
2786,65,72,-7,7
2787,101,108,-7,7
2788,196,175,21,21
2789,80,85,-5,5
2790,130,129,1,1
2791,57,78,-21,21
2792,105,96,9,9
2793,83,84,-1,1
2794,75,90,-15,15
2795,37,42,-5,5
2796,92,95,-3,3
2797,70,68,2,2
2798,35,34,1,1
2799,120,107,13,13
2800,87,74,13,13
2801,56,53,3,3
2802,84,79,5,5
2803,185,167,18,18
2804,95,88,7,7
2805,76,73,3,3
2806,60,61,-1,1
2807,84,86,-2,2
2808,67,68,-1,1
2809,79,80,-1,1
2810,106,102,4,4
2811,121,113,8,8
2812,81,90,-9,9
2813,93,90,3,3
2814,150,138,12,12
2815,104,107,-3,3
2816,95,90,5,5
2817,120,108,12,12
2818,140,138,2,2
2819,106,111,-5,5
2820,92,81,11,11
2821,75,75,0,0
2822,69,84,-15,15
2823,78,76,2,2
2824,57,63,-6,6
2825,71,66,5,5
2826,110,102,8,8
2827,90,89,1,1
2828,58,60,-2,2
2829,52,59,-7,7
2830,108,109,-1,1
2831,53,62,-9,9
2832,102,95,7,7
2833,89,92,-3,3
2834,158,141,17,17
2835,81,74,7,7
2836,93,98,-5,5
2837,127,116,11,11
2838,117,108,9,9
2839,105,96,9,9
2840,133,124,9,9
2841,106,94,12,12
2842,149,134,15,15
2843,117,109,8,8
2844,92,89,3,3
2845,74,73,1,1
2846,156,142,14,14
2847,90,87,3,3
2848,116,116,0,0
2849,118,110,8,8
2850,109,106,3,3
2851,110,102,8,8
2852,84,90,-6,6
2853,120,105,15,15
2854,145,136,9,9
2855,64,68,-4,4
2856,95,106,-11,11
2857,54,58,-4,4
2858,109,102,7,7
2859,81,80,1,1
2860,74,76,-2,2
2861,123,124,-1,1
2862,88,88,0,0
2863,153,151,2,2
2864,119,122,-3,3
2865,100,97,3,3
2866,91,86,5,5
2867,85,72,13,13
2868,72,71,1,1
2869,137,123,14,14
2870,120,140,-20,20
2871,58,64,-6,6
2872,106,100,6,6
2873,100,95,5,5
2874,75,77,-2,2
2875,71,70,1,1
2876,90,83,7,7
2877,56,60,-4,4
2878,109,104,5,5
2879,97,100,-3,3
2880,95,89,6,6
2881,84,76,8,8
2882,64,64,0,0
2883,79,76,3,3
2884,66,67,-1,1
2885,65,69,-4,4
2886,117,113,4,4
2887,143,132,11,11
2888,65,67,-2,2
2889,80,77,3,3
2890,111,115,-4,4
2891,116,109,7,7
2892,80,127,-47,47
2893,89,92,-3,3
2894,181,159,22,22
2895,95,88,7,7
2896,81,77,4,4
2897,172,144,28,28
2898,137,116,21,21
2899,83,84,-1,1
2900,98,96,2,2
2901,131,118,13,13
2902,75,76,-1,1
2903,160,149,11,11
2904,115,101,14,14
2905,124,123,1,1
2906,121,109,12,12
2907,113,107,6,6
2908,116,108,8,8
2909,62,69,-7,7
2910,94,86,8,8
2911,92,91,1,1
2912,144,133,11,11
2913,37,86,-49,49
2914,65,71,-6,6
2915,159,168,-9,9
2916,76,73,3,3
2917,116,109,7,7
2918,79,74,5,5
2919,89,95,-6,6
2920,79,75,4,4
2921,100,102,-2,2
2922,92,85,7,7
2923,90,89,1,1
2924,53,58,-5,5
2925,97,103,-6,6
2926,148,134,14,14
2927,104,107,-3,3
2928,57,55,2,2
2929,71,71,0,0
2930,116,123,-7,7
2931,191,179,12,12
2932,122,112,10,10
2933,60,64,-4,4
2934,125,149,-24,24
2935,69,76,-7,7
2936,98,98,0,0
2937,131,116,15,15
2938,105,109,-4,4
2939,103,95,8,8
2940,60,66,-6,6
2941,67,70,-3,3
2942,118,110,8,8
2943,58,77,-19,19
2944,76,75,1,1
2945,109,96,13,13
2946,72,72,0,0
2947,87,83,4,4
2948,57,66,-9,9
2949,85,85,0,0
2950,78,82,-4,4
2951,88,78,10,10
2952,75,70,5,5
2953,124,114,10,10
2954,84,87,-3,3
2955,112,102,10,10
2956,98,90,8,8
2957,152,140,12,12
2958,54,59,-5,5
2959,121,118,3,3
2960,164,145,19,19
2961,58,63,-5,5
2962,164,157,7,7
2963,47,58,-11,11
2964,163,160,3,3
2965,104,98,6,6
2966,66,71,-5,5
2967,111,106,5,5
2968,60,67,-7,7
2969,45,44,1,1
2970,98,90,8,8
2971,129,111,18,18
2972,94,90,4,4
2973,100,100,0,0
2974,88,89,-1,1
2975,79,79,0,0
2976,73,76,-3,3
2977,125,120,5,5
2978,91,93,-2,2
2979,102,103,-1,1
2980,137,128,9,9
2981,186,173,13,13
2982,67,73,-6,6
2983,59,65,-6,6
2984,36,34,2,2
2985,128,113,15,15
2986,80,76,4,4
2987,102,112,-10,10
2988,137,111,26,26
2989,58,54,4,4
2990,94,93,1,1
2991,90,84,6,6
2992,110,99,11,11
2993,101,106,-5,5
2994,78,79,-1,1
2995,121,104,17,17
2996,87,82,5,5
2997,81,81,0,0
2998,70,72,-2,2
2999,142,131,11,11
3000,93,95,-2,2
3001,98,85,13,13
3002,125,117,8,8
3003,65,64,1,1
3004,126,120,6,6
3005,77,75,2,2
3006,79,82,-3,3
3007,85,86,-1,1
3008,65,64,1,1
3009,74,83,-9,9
3010,124,123,1,1
3011,112,100,12,12
3012,99,100,-1,1
3013,73,70,3,3
3014,97,103,-6,6
3015,73,73,0,0
3016,58,64,-6,6
3017,172,161,11,11
3018,91,89,2,2
3019,67,72,-5,5
3020,100,101,-1,1
3021,110,106,4,4
3022,58,63,-5,5
3023,96,100,-4,4
3024,69,77,-8,8
3025,91,90,1,1
3026,64,70,-6,6
3027,71,76,-5,5
3028,49,69,-20,20
3029,88,94,-6,6
3030,147,120,27,27
3031,71,69,2,2
3032,117,105,12,12
3033,89,94,-5,5
3034,95,89,6,6
3035,78,78,0,0
3036,82,91,-9,9
3037,72,75,-3,3
3038,137,117,20,20
3039,122,119,3,3
3040,115,104,11,11
3041,120,107,13,13
3042,119,120,-1,1
3043,84,85,-1,1
3044,88,81,7,7
3045,60,64,-4,4
3046,115,109,6,6
3047,81,76,5,5
3048,136,138,-2,2
3049,85,90,-5,5
3050,100,105,-5,5
3051,118,118,0,0
3052,109,101,8,8
3053,61,74,-13,13
3054,105,99,6,6
3055,206,182,24,24
3056,112,107,5,5
3057,83,83,0,0
3058,181,177,4,4
3059,151,135,16,16
3060,104,100,4,4
3061,83,96,-13,13
3062,109,100,9,9
3063,62,64,-2,2
3064,76,76,0,0
3065,86,92,-6,6
3066,127,111,16,16
3067,83,81,2,2
3068,122,106,16,16
3069,103,103,0,0
3070,107,105,2,2
3071,94,89,5,5
3072,103,89,14,14
3073,72,68,4,4
3074,66,70,-4,4
3075,70,85,-15,15
3076,54,54,0,0
3077,57,69,-12,12
3078,165,155,10,10
3079,125,115,10,10
3080,125,124,1,1
3081,92,87,5,5
3082,53,43,10,10
3083,106,123,-17,17
3084,95,87,8,8
3085,94,85,9,9
3086,72,76,-4,4
3087,78,78,0,0
3088,113,110,3,3
3089,106,91,15,15
3090,101,95,6,6
3091,102,109,-7,7
3092,95,89,6,6
3093,69,73,-4,4
3094,74,67,7,7
3095,104,95,9,9
3096,78,84,-6,6
3097,86,86,0,0
3098,41,34,7,7
3099,86,85,1,1
3100,80,74,6,6
3101,182,161,21,21
3102,83,83,0,0
3103,65,62,3,3
3104,81,74,7,7
3105,159,146,13,13
3106,103,97,6,6
3107,102,93,9,9
3108,60,55,5,5
3109,142,126,16,16
3110,62,65,-3,3
3111,129,116,13,13
3112,79,84,-5,5
3113,87,87,0,0
3114,127,111,16,16
3115,56,63,-7,7
3116,94,100,-6,6
3117,90,86,4,4
3118,62,70,-8,8
3119,60,68,-8,8
3120,110,123,-13,13
3121,98,100,-2,2
3122,58,64,-6,6
3123,88,85,3,3
3124,35,32,3,3
3125,138,129,9,9
3126,73,76,-3,3
3127,99,82,17,17
3128,87,80,7,7
3129,69,72,-3,3
3130,102,91,11,11
3131,89,91,-2,2
3132,106,95,11,11
3133,116,110,6,6
3134,69,72,-3,3
3135,75,74,1,1
3136,91,82,9,9
3137,67,71,-4,4
3138,133,132,1,1
3139,76,80,-4,4
3140,103,91,12,12
3141,71,65,6,6
3142,135,126,9,9
3143,99,99,0,0
3144,104,98,6,6
3145,146,123,23,23
3146,57,44,13,13
3147,108,109,-1,1
3148,82,77,5,5
3149,106,92,14,14
3150,110,109,1,1
3151,98,98,0,0
3152,62,59,3,3
3153,102,99,3,3
3154,130,124,6,6
3155,108,93,15,15
3156,61,65,-4,4
3157,73,84,-11,11
3158,54,56,-2,2
3159,63,60,3,3
3160,140,121,19,19
3161,47,117,-70,70
3162,68,75,-7,7
3163,134,121,13,13
3164,106,98,8,8
3165,72,74,-2,2
3166,107,104,3,3
3167,107,101,6,6
3168,53,55,-2,2
3169,112,101,11,11
3170,124,120,4,4
3171,103,94,9,9
3172,76,80,-4,4
3173,103,101,2,2
3174,92,88,4,4
3175,40,43,-3,3
3176,79,78,1,1
3177,83,86,-3,3
3178,77,75,2,2
3179,75,74,1,1
3180,63,59,4,4
3181,134,123,11,11
3182,66,68,-2,2
3183,173,163,10,10
3184,100,89,11,11
3185,119,103,16,16
3186,143,136,7,7
3187,61,69,-8,8
3188,59,65,-6,6
3189,91,94,-3,3
3190,61,64,-3,3
3191,127,118,9,9
3192,164,152,12,12
3193,81,77,4,4
3194,136,127,9,9
3195,73,82,-9,9
3196,72,74,-2,2
3197,82,77,5,5
3198,79,80,-1,1
3199,70,74,-4,4
3200,95,90,5,5
3201,63,65,-2,2
3202,67,65,2,2
3203,127,122,5,5
3204,107,100,7,7
3205,58,61,-3,3
3206,91,92,-1,1
3207,60,58,2,2
3208,94,101,-7,7
3209,90,76,14,14
3210,49,47,2,2
3211,94,111,-17,17
3212,68,63,5,5
3213,86,75,11,11
3214,107,93,14,14
3215,54,53,1,1
3216,88,81,7,7
3217,69,75,-6,6
3218,85,80,5,5
3219,99,94,5,5
3220,116,119,-3,3
3221,113,105,8,8
3222,42,58,-16,16
3223,36,33,3,3
3224,52,59,-7,7
3225,88,80,8,8
3226,62,66,-4,4
3227,87,76,11,11
3228,97,106,-9,9
3229,94,95,-1,1
3230,113,107,6,6
3231,168,146,22,22
3232,107,96,11,11
3233,130,124,6,6
3234,169,154,15,15
3235,84,88,-4,4
3236,151,121,30,30
3237,75,68,7,7
3238,73,71,2,2
3239,64,70,-6,6
3240,144,146,-2,2
3241,86,88,-2,2
3242,91,85,6,6
3243,76,70,6,6
3244,112,112,0,0
3245,46,66,-20,20
3246,51,50,1,1
3247,116,103,13,13
3248,106,116,-10,10
3249,63,71,-8,8
3250,115,104,11,11
3251,151,155,-4,4
3252,70,69,1,1
3253,153,142,11,11
3254,66,65,1,1
3255,95,97,-2,2
3256,71,72,-1,1
3257,75,76,-1,1
3258,83,78,5,5
3259,75,69,6,6
3260,111,94,17,17
3261,95,92,3,3
3262,133,114,19,19
3263,56,50,6,6
3264,42,49,-7,7
3265,61,66,-5,5
3266,72,74,-2,2
3267,60,64,-4,4
3268,95,87,8,8
3269,115,120,-5,5
3270,101,104,-3,3
3271,65,69,-4,4
3272,100,106,-6,6
3273,69,74,-5,5
3274,81,77,4,4
3275,82,83,-1,1
3276,107,101,6,6
3277,112,116,-4,4
3278,99,94,5,5
3279,75,74,1,1
3280,161,146,15,15
3281,76,73,3,3
3282,142,135,7,7
3283,111,102,9,9
3284,78,80,-2,2
3285,137,131,6,6
3286,40,34,6,6
3287,65,67,-2,2
3288,88,90,-2,2
3289,103,88,15,15
3290,143,155,-12,12
3291,37,33,4,4
3292,65,61,4,4
3293,90,81,9,9
3294,97,85,12,12
3295,107,99,8,8
3296,104,109,-5,5
3297,151,133,18,18
3298,98,95,3,3
3299,91,94,-3,3
3300,90,82,8,8
3301,79,83,-4,4
3302,62,58,4,4
3303,83,79,4,4
3304,102,103,-1,1
3305,92,96,-4,4
3306,48,53,-5,5
3307,103,101,2,2
3308,65,62,3,3
3309,84,85,-1,1
3310,57,62,-5,5
3311,108,108,0,0
3312,80,77,3,3
3313,66,80,-14,14
3314,106,107,-1,1
3315,52,57,-5,5
3316,107,113,-6,6
3317,107,96,11,11
3318,57,63,-6,6
3319,137,130,7,7
3320,69,69,0,0
3321,90,79,11,11
3322,65,70,-5,5
3323,49,54,-5,5
3324,153,141,12,12
3325,119,110,9,9
3326,75,76,-1,1
3327,160,145,15,15
3328,140,134,6,6
3329,146,143,3,3
3330,104,86,18,18
3331,94,93,1,1
3332,60,57,3,3
3333,118,105,13,13
3334,71,73,-2,2
3335,66,68,-2,2
3336,183,160,23,23
3337,103,91,12,12
3338,119,109,10,10
3339,107,117,-10,10
3340,92,85,7,7
3341,89,91,-2,2
3342,116,106,10,10
3343,84,79,5,5
3344,118,119,-1,1
3345,52,59,-7,7
3346,75,81,-6,6
3347,163,152,11,11
3348,96,94,2,2
3349,104,106,-2,2
3350,135,136,-1,1
3351,78,79,-1,1
3352,127,113,14,14
3353,96,94,2,2
3354,123,106,17,17
3355,119,107,12,12
3356,83,85,-2,2
3357,107,106,1,1
3358,96,82,14,14
3359,105,96,9,9
3360,142,117,25,25
3361,67,74,-7,7
3362,67,74,-7,7
3363,126,117,9,9
3364,59,63,-4,4
3365,59,63,-4,4
3366,74,74,0,0
3367,87,86,1,1
3368,69,73,-4,4
3369,66,67,-1,1
3370,117,101,16,16
3371,186,175,11,11
3372,63,67,-4,4
3373,125,122,3,3
3374,87,78,9,9
3375,97,95,2,2
3376,96,87,9,9
3377,49,46,3,3
3378,105,107,-2,2
3379,48,47,1,1
3380,111,103,8,8
3381,98,101,-3,3
3382,123,109,14,14
3383,74,66,8,8
3384,55,58,-3,3
3385,124,115,9,9
3386,151,138,13,13
3387,54,53,1,1
3388,44,43,1,1
3389,78,84,-6,6
3390,141,139,2,2
3391,85,82,3,3
3392,40,55,-15,15
3393,77,74,3,3
3394,104,96,8,8
3395,71,67,4,4
3396,94,97,-3,3
3397,98,102,-4,4
3398,56,62,-6,6
3399,64,72,-8,8
3400,107,104,3,3
3401,58,63,-5,5
3402,40,41,-1,1
3403,107,92,15,15
3404,110,103,7,7
3405,124,106,18,18
3406,100,88,12,12
3407,88,91,-3,3
3408,131,109,22,22
3409,93,86,7,7
3410,134,123,11,11
3411,81,89,-8,8
3412,81,85,-4,4
3413,84,88,-4,4
3414,86,84,2,2
3415,152,149,3,3
3416,64,66,-2,2
3417,73,78,-5,5
3418,118,110,8,8
3419,73,70,3,3
3420,88,80,8,8
3421,112,115,-3,3
3422,141,131,10,10
3423,150,147,3,3
3424,105,100,5,5
3425,163,147,16,16
3426,29,34,-5,5
3427,94,90,4,4
3428,67,73,-6,6
3429,98,112,-14,14
3430,89,90,-1,1
3431,106,100,6,6
3432,100,95,5,5
3433,107,92,15,15
3434,64,70,-6,6
3435,45,56,-11,11
3436,77,80,-3,3
3437,144,126,18,18
3438,103,101,2,2
3439,67,103,-36,36
3440,38,33,5,5
3441,116,109,7,7
3442,102,101,1,1
3443,119,111,8,8
3444,88,86,2,2
3445,111,105,6,6
3446,48,49,-1,1
3447,131,108,23,23
3448,86,86,0,0
3449,76,76,0,0
3450,80,83,-3,3
3451,99,91,8,8
3452,132,122,10,10
3453,91,101,-10,10
3454,105,100,5,5
3455,159,156,3,3
3456,117,106,11,11
3457,142,139,3,3
3458,69,65,4,4
3459,79,74,5,5
3460,134,132,2,2
3461,101,94,7,7
3462,94,88,6,6
3463,97,113,-16,16
3464,112,96,16,16
3465,70,68,2,2
3466,139,128,11,11
3467,120,108,12,12
3468,93,93,0,0
3469,70,74,-4,4
3470,77,74,3,3
3471,91,88,3,3
3472,57,57,0,0
3473,75,81,-6,6
3474,64,65,-1,1
3475,88,89,-1,1
3476,90,91,-1,1
3477,82,84,-2,2
3478,54,60,-6,6
3479,101,96,5,5
3480,102,103,-1,1
3481,92,87,5,5
3482,77,76,1,1
3483,76,77,-1,1
3484,109,106,3,3
3485,48,56,-8,8
3486,86,79,7,7
3487,91,89,2,2
3488,60,58,2,2
3489,117,113,4,4
3490,121,119,2,2
3491,129,128,1,1
3492,90,93,-3,3
3493,106,85,21,21
3494,80,73,7,7
3495,129,110,19,19
3496,65,63,2,2
3497,48,52,-4,4
3498,104,97,7,7
3499,72,70,2,2
3500,69,69,0,0
3501,115,105,10,10
3502,147,157,-10,10
3503,83,85,-2,2
3504,96,93,3,3
3505,83,78,5,5
3506,106,100,6,6
3507,83,85,-2,2
3508,94,81,13,13
3509,101,84,17,17
3510,112,106,6,6
3511,56,65,-9,9
3512,106,103,3,3
3513,93,88,5,5
3514,83,87,-4,4
3515,60,64,-4,4
3516,116,111,5,5
3517,127,110,17,17
3518,65,71,-6,6
3519,134,131,3,3
3520,45,60,-15,15
3521,74,77,-3,3
3522,107,104,3,3
3523,97,93,4,4
3524,145,138,7,7
3525,101,101,0,0
3526,104,91,13,13
3527,90,90,0,0
3528,98,91,7,7
3529,107,107,0,0
3530,66,71,-5,5
3531,76,85,-9,9
3532,39,33,6,6
3533,89,85,4,4
3534,47,54,-7,7
3535,68,80,-12,12
3536,47,48,-1,1
3537,194,161,33,33
3538,107,113,-6,6
3539,155,146,9,9
3540,163,148,15,15
3541,93,86,7,7
3542,124,124,0,0
3543,28,31,-3,3
3544,101,108,-7,7
3545,70,71,-1,1
3546,61,65,-4,4
3547,92,85,7,7
3548,78,82,-4,4
3549,51,58,-7,7
3550,99,98,1,1
3551,95,90,5,5
3552,137,117,20,20
3553,90,84,6,6
3554,84,92,-8,8
3555,72,76,-4,4
3556,83,87,-4,4
3557,94,91,3,3
3558,86,80,6,6
3559,86,77,9,9
3560,87,89,-2,2
3561,104,110,-6,6
3562,58,62,-4,4
3563,50,66,-16,16
3564,44,45,-1,1
3565,83,82,1,1
3566,97,90,7,7
3567,146,125,21,21
3568,147,127,20,20
3569,107,100,7,7
3570,117,102,15,15
3571,152,149,3,3
3572,130,108,22,22
3573,157,136,21,21
3574,268,236,32,32
3575,90,82,8,8
3576,101,101,0,0
3577,73,73,0,0
3578,120,115,5,5
3579,86,85,1,1
3580,144,124,20,20
3581,97,92,5,5
3582,93,85,8,8
3583,49,46,3,3
3584,97,96,1,1
3585,99,86,13,13
3586,63,63,0,0
3587,135,119,16,16
3588,66,69,-3,3
3589,71,69,2,2
3590,74,73,1,1
3591,160,141,19,19
3592,52,59,-7,7
3593,84,76,8,8
3594,127,125,2,2
3595,82,80,2,2
3596,80,82,-2,2
3597,108,107,1,1
3598,104,106,-2,2
3599,106,96,10,10
3600,154,142,12,12
3601,54,60,-6,6
3602,91,97,-6,6
3603,115,124,-9,9
3604,98,99,-1,1
3605,117,113,4,4
3606,46,52,-6,6
3607,93,93,0,0
3608,50,53,-3,3
3609,110,144,-34,34
3610,101,95,6,6
3611,121,101,20,20
3612,129,129,0,0
3613,123,110,13,13
3614,55,67,-12,12
3615,97,82,15,15
3616,102,99,3,3
3617,127,131,-4,4
3618,66,68,-2,2
3619,75,75,0,0
3620,125,128,-3,3
3621,75,70,5,5
3622,137,140,-3,3
3623,76,73,3,3
3624,80,67,13,13
3625,93,93,0,0
3626,213,204,9,9
3627,73,73,0,0
3628,99,93,6,6
3629,152,141,11,11
3630,110,107,3,3
3631,53,59,-6,6
3632,83,82,1,1
3633,94,94,0,0
3634,60,65,-5,5
3635,150,138,12,12
3636,146,126,20,20
3637,156,160,-4,4
3638,99,95,4,4
3639,66,67,-1,1
3640,85,80,5,5
3641,68,84,-16,16
3642,174,162,12,12
3643,112,95,17,17
3644,102,100,2,2
3645,96,91,5,5
3646,123,115,8,8
3647,62,68,-6,6
3648,42,45,-3,3
3649,84,75,9,9
3650,99,111,-12,12
3651,96,99,-3,3
3652,94,85,9,9
3653,88,84,4,4
3654,113,102,11,11
3655,136,135,1,1
3656,51,59,-8,8
3657,82,89,-7,7
3658,103,91,12,12
3659,109,101,8,8
3660,39,44,-5,5
3661,66,61,5,5
3662,68,66,2,2
3663,97,87,10,10
3664,85,81,4,4
3665,123,113,10,10
3666,134,131,3,3
3667,171,156,15,15
3668,88,87,1,1
3669,83,76,7,7
3670,52,58,-6,6
3671,90,86,4,4
3672,75,75,0,0
3673,80,74,6,6
3674,85,79,6,6
3675,113,123,-10,10
3676,85,73,12,12
3677,124,115,9,9
3678,126,113,13,13
3679,136,117,19,19
3680,111,107,4,4
3681,122,107,15,15
3682,84,83,1,1
3683,53,54,-1,1
3684,83,81,2,2
3685,132,126,6,6
3686,133,129,4,4
3687,96,89,7,7
3688,53,58,-5,5
3689,87,94,-7,7
3690,63,64,-1,1
3691,92,78,14,14
3692,73,79,-6,6
3693,142,127,15,15
3694,93,79,14,14
3695,69,68,1,1
3696,59,61,-2,2
3697,120,119,1,1
3698,52,52,0,0
3699,50,51,-1,1
3700,80,89,-9,9
3701,68,69,-1,1
3702,73,72,1,1
3703,245,198,47,47
3704,147,143,4,4
3705,75,73,2,2
3706,59,67,-8,8
3707,84,80,4,4
3708,92,87,5,5
3709,146,131,15,15
3710,183,175,8,8
3711,64,68,-4,4
3712,101,86,15,15
3713,102,98,4,4
3714,117,110,7,7
3715,178,169,9,9
3716,143,120,23,23
3717,68,75,-7,7
3718,90,85,5,5
3719,48,43,5,5
3720,74,74,0,0
3721,63,61,2,2
3722,74,74,0,0
3723,83,84,-1,1
3724,89,91,-2,2
3725,112,102,10,10
3726,89,92,-3,3
3727,71,66,5,5
3728,72,75,-3,3
3729,66,67,-1,1
3730,173,168,5,5
3731,139,133,6,6
3732,94,95,-1,1
3733,48,56,-8,8
3734,102,101,1,1
3735,69,71,-2,2
3736,67,64,3,3
3737,91,88,3,3
3738,109,109,0,0
3739,39,38,1,1
3740,146,132,14,14
3741,103,102,1,1
3742,149,144,5,5
3743,78,72,6,6
3744,78,79,-1,1
3745,76,67,9,9
3746,81,85,-4,4
3747,155,148,7,7
3748,76,80,-4,4
3749,113,107,6,6
3750,87,84,3,3
3751,81,72,9,9
3752,82,87,-5,5
3753,107,110,-3,3
3754,148,139,9,9
3755,57,68,-11,11
3756,73,72,1,1
3757,112,100,12,12
3758,48,49,-1,1
3759,77,85,-8,8
3760,142,125,17,17
3761,142,124,18,18
3762,122,116,6,6
3763,67,66,1,1
3764,132,113,19,19
3765,134,145,-11,11
3766,96,86,10,10
3767,70,70,0,0
3768,84,81,3,3
3769,108,95,13,13
3770,159,147,12,12
3771,114,117,-3,3
3772,71,72,-1,1
3773,88,94,-6,6
3774,95,89,6,6
3775,36,34,2,2
3776,99,97,2,2
3777,54,58,-4,4
3778,148,131,17,17
3779,75,67,8,8
3780,64,74,-10,10
3781,170,158,12,12
3782,176,155,21,21
3783,143,128,15,15
3784,108,97,11,11
3785,94,158,-64,64
3786,102,110,-8,8
3787,92,95,-3,3
3788,132,128,4,4
3789,84,85,-1,1
3790,152,143,9,9
3791,94,83,11,11
3792,103,101,2,2
3793,122,115,7,7
3794,79,83,-4,4
3795,81,70,11,11
3796,81,82,-1,1
3797,65,61,4,4
3798,90,77,13,13
3799,85,86,-1,1
3800,74,75,-1,1
3801,110,104,6,6
3802,62,72,-10,10
3803,132,128,4,4
3804,94,91,3,3
3805,77,75,2,2
3806,69,77,-8,8
3807,90,86,4,4
3808,58,61,-3,3
3809,101,100,1,1
3810,72,78,-6,6
3811,49,67,-18,18
3812,120,118,2,2
3813,60,71,-11,11
3814,140,146,-6,6
3815,53,54,-1,1
3816,66,67,-1,1
3817,60,61,-1,1
3818,103,102,1,1
3819,92,91,1,1
3820,158,131,27,27
3821,71,83,-12,12
3822,73,76,-3,3
3823,66,72,-6,6
3824,149,144,5,5
3825,146,135,11,11
3826,68,64,4,4
3827,108,104,4,4
3828,54,62,-8,8
3829,70,70,0,0
3830,98,95,3,3
3831,112,108,4,4
3832,64,67,-3,3
3833,96,96,0,0
3834,124,129,-5,5
3835,73,76,-3,3
3836,75,74,1,1
3837,97,92,5,5
3838,100,95,5,5
3839,153,162,-9,9
3840,145,140,5,5
3841,98,89,9,9
3842,114,100,14,14
3843,111,95,16,16
3844,68,78,-10,10
3845,60,68,-8,8
3846,87,98,-11,11
3847,74,64,10,10
3848,54,62,-8,8
3849,77,75,2,2
3850,63,62,1,1
3851,120,108,12,12
3852,107,92,15,15
3853,75,77,-2,2
3854,96,94,2,2
3855,50,39,11,11
3856,152,128,24,24
3857,133,124,9,9
3858,140,135,5,5
3859,63,67,-4,4
3860,82,88,-6,6
3861,101,105,-4,4
3862,78,74,4,4
3863,101,92,9,9
3864,74,73,1,1
3865,104,94,10,10
3866,97,94,3,3
3867,55,69,-14,14
3868,166,153,13,13
3869,110,95,15,15
3870,76,94,-18,18
3871,81,85,-4,4
3872,128,117,11,11
3873,108,101,7,7
3874,68,68,0,0
3875,86,84,2,2
3876,79,79,0,0
3877,65,67,-2,2
3878,148,141,7,7
3879,165,145,20,20
3880,96,98,-2,2
3881,61,63,-2,2
3882,86,77,9,9
3883,65,69,-4,4
3884,124,127,-3,3
3885,94,87,7,7
3886,55,59,-4,4
3887,71,71,0,0
3888,132,113,19,19
3889,55,60,-5,5
3890,97,107,-10,10
3891,96,101,-5,5
3892,101,96,5,5
3893,100,84,16,16
3894,78,74,4,4
3895,132,132,0,0
3896,73,75,-2,2
3897,93,79,14,14
3898,51,46,5,5
3899,136,131,5,5
3900,80,71,9,9
3901,159,163,-4,4
3902,151,135,16,16
3903,64,64,0,0
3904,75,77,-2,2
3905,151,128,23,23
3906,72,77,-5,5
3907,113,96,17,17
3908,88,89,-1,1
3909,93,91,2,2
3910,62,71,-9,9
3911,59,68,-9,9
3912,104,100,4,4
3913,133,119,14,14
3914,66,75,-9,9
3915,90,98,-8,8
3916,98,93,5,5
3917,181,138,43,43
3918,68,64,4,4
3919,81,76,5,5
3920,148,138,10,10
3921,92,83,9,9
3922,109,100,9,9
3923,176,165,11,11
3924,236,200,36,36
3925,112,101,11,11
3926,74,76,-2,2
3927,82,75,7,7
3928,78,76,2,2
3929,83,85,-2,2
3930,89,90,-1,1
3931,95,96,-1,1
3932,177,159,18,18
3933,53,65,-12,12
3934,94,99,-5,5
3935,104,98,6,6
3936,63,64,-1,1
3937,94,89,5,5
3938,95,93,2,2
3939,122,110,12,12
3940,135,126,9,9
3941,170,143,27,27
3942,104,113,-9,9
3943,153,129,24,24
3944,70,94,-24,24
3945,124,108,16,16
3946,81,76,5,5
3947,143,130,13,13
3948,86,94,-8,8
3949,87,80,7,7
3950,92,91,1,1
3951,111,103,8,8
3952,73,75,-2,2
3953,83,72,11,11
3954,117,110,7,7
3955,92,88,4,4
3956,70,76,-6,6
3957,107,100,7,7
3958,62,68,-6,6
3959,96,91,5,5
3960,93,91,2,2
3961,50,58,-8,8
3962,61,61,0,0
3963,118,115,3,3
3964,117,107,10,10
3965,116,103,13,13
3966,183,162,21,21
3967,56,66,-10,10
3968,67,66,1,1
3969,81,75,6,6
3970,117,106,11,11
3971,98,90,8,8
3972,63,63,0,0
3973,62,64,-2,2
3974,84,90,-6,6
3975,156,147,9,9
3976,105,95,10,10
3977,89,80,9,9
3978,132,131,1,1
3979,106,107,-1,1
3980,111,108,3,3
3981,150,152,-2,2
3982,95,101,-6,6
3983,20,32,-12,12
3984,99,96,3,3
3985,103,97,6,6
3986,73,85,-12,12
3987,83,74,9,9
3988,69,65,4,4
3989,130,125,5,5
3990,106,101,5,5
3991,104,87,17,17
3992,125,126,-1,1
3993,121,98,23,23
3994,190,178,12,12
3995,116,113,3,3
3996,87,101,-14,14
3997,71,74,-3,3
3998,71,77,-6,6
3999,146,146,0,0
4000,97,96,1,1
4001,98,92,6,6
4002,127,124,3,3
4003,74,74,0,0
4004,47,41,6,6
4005,92,90,2,2
4006,82,75,7,7
4007,118,108,10,10
4008,137,113,24,24
4009,101,94,7,7
4010,51,59,-8,8
4011,88,96,-8,8
4012,177,150,27,27
4013,82,79,3,3
4014,90,89,1,1
4015,99,91,8,8
4016,83,84,-1,1
4017,104,101,3,3
4018,83,75,8,8
4019,57,66,-9,9
4020,155,145,10,10
4021,107,101,6,6
4022,72,76,-4,4
4023,72,69,3,3
4024,102,97,5,5
4025,90,84,6,6
4026,111,99,12,12
4027,123,108,15,15
4028,46,45,1,1
4029,81,78,3,3
4030,95,79,16,16
4031,125,115,10,10
4032,105,94,11,11
4033,74,73,1,1
4034,166,146,20,20
4035,96,95,1,1
4036,70,71,-1,1
4037,56,34,22,22
4038,66,65,1,1
4039,85,84,1,1
4040,46,46,0,0
4041,47,68,-21,21
4042,68,74,-6,6
4043,130,123,7,7
4044,141,134,7,7
4045,95,92,3,3
4046,111,96,15,15
4047,50,56,-6,6
4048,111,113,-2,2
4049,100,100,0,0
4050,72,68,4,4
4051,80,82,-2,2
4052,120,106,14,14
4053,180,162,18,18
4054,39,35,4,4
4055,103,110,-7,7
4056,95,93,2,2
4057,146,147,-1,1
4058,110,104,6,6
4059,48,34,14,14
4060,83,99,-16,16
4061,66,80,-14,14
4062,86,92,-6,6
4063,79,77,2,2
4064,113,116,-3,3
4065,114,104,10,10
4066,86,77,9,9
4067,165,155,10,10
4068,69,78,-9,9
4069,124,120,4,4
4070,103,105,-2,2
4071,76,56,20,20
4072,118,113,5,5
4073,157,143,14,14
4074,107,102,5,5
4075,170,141,29,29
4076,58,62,-4,4
4077,59,64,-5,5
4078,124,111,13,13
4079,142,119,23,23
4080,105,115,-10,10
4081,116,108,8,8
4082,140,133,7,7
4083,92,85,7,7
4084,130,128,2,2
4085,113,107,6,6
4086,129,133,-4,4
4087,73,82,-9,9
4088,100,95,5,5
4089,87,95,-8,8
4090,75,71,4,4
4091,87,90,-3,3
4092,113,97,16,16
4093,64,68,-4,4
4094,83,77,6,6
4095,75,77,-2,2
4096,124,124,0,0
4097,87,87,0,0
4098,63,68,-5,5
4099,78,75,3,3
4100,86,86,0,0
4101,104,107,-3,3
4102,95,96,-1,1
4103,119,123,-4,4
4104,99,100,-1,1
4105,54,61,-7,7
4106,73,73,0,0
4107,71,71,0,0
4108,83,81,2,2
4109,182,151,31,31
4110,74,85,-11,11
4111,133,124,9,9
4112,80,75,5,5
4113,98,102,-4,4
4114,98,96,2,2
4115,96,90,6,6
4116,84,71,13,13
4117,199,197,2,2
4118,153,136,17,17
4119,121,129,-8,8
4120,104,111,-7,7
4121,79,81,-2,2
4122,109,94,15,15
4123,74,79,-5,5
4124,48,58,-10,10
4125,127,117,10,10
4126,77,78,-1,1
4127,57,64,-7,7
4128,88,82,6,6
4129,76,69,7,7
4130,120,114,6,6
4131,86,89,-3,3
4132,62,69,-7,7
4133,60,61,-1,1
4134,83,78,5,5
4135,90,89,1,1
4136,69,71,-2,2
4137,65,69,-4,4
4138,97,91,6,6
4139,107,98,9,9
4140,131,129,2,2
4141,118,105,13,13
4142,107,123,-16,16
4143,72,77,-5,5
4144,153,145,8,8
4145,83,81,2,2
4146,55,61,-6,6
4147,106,102,4,4
4148,97,103,-6,6
4149,176,161,15,15
4150,139,123,16,16
4151,84,94,-10,10
4152,112,101,11,11
4153,58,67,-9,9
4154,119,112,7,7
4155,75,76,-1,1
4156,155,147,8,8
4157,71,65,6,6
4158,150,131,19,19
4159,94,92,2,2
4160,54,62,-8,8
4161,70,73,-3,3
4162,125,111,14,14
4163,36,31,5,5
4164,78,79,-1,1
4165,96,90,6,6
4166,100,94,6,6
4167,106,98,8,8
4168,129,115,14,14
4169,39,38,1,1
4170,44,46,-2,2
4171,97,91,6,6
4172,80,88,-8,8
4173,52,54,-2,2
4174,102,98,4,4
4175,101,94,7,7
4176,90,88,2,2
4177,151,143,8,8
4178,82,75,7,7
4179,117,110,7,7
4180,63,76,-13,13
4181,135,125,10,10
4182,71,68,3,3
4183,96,104,-8,8
4184,123,115,8,8
4185,75,72,3,3
4186,60,67,-7,7
4187,103,102,1,1
4188,59,62,-3,3
4189,116,122,-6,6
4190,92,87,5,5
4191,76,69,7,7
4192,53,47,6,6
4193,107,109,-2,2
4194,70,72,-2,2
4195,101,96,5,5
4196,88,81,7,7
4197,84,85,-1,1
4198,26,50,-24,24
4199,107,106,1,1
4200,121,114,7,7
4201,66,70,-4,4
4202,75,80,-5,5
4203,140,143,-3,3
4204,87,81,6,6
4205,57,56,1,1
4206,100,96,4,4
4207,183,159,24,24
4208,131,127,4,4
4209,98,120,-22,22
4210,70,75,-5,5
4211,80,76,4,4
4212,112,108,4,4
4213,164,163,1,1
4214,112,97,15,15
4215,49,54,-5,5
4216,69,75,-6,6
4217,64,75,-11,11
4218,78,84,-6,6
4219,116,123,-7,7
4220,113,102,11,11
4221,123,118,5,5
4222,101,105,-4,4
4223,100,103,-3,3
4224,84,82,2,2
4225,114,108,6,6
4226,109,96,13,13
4227,52,51,1,1
4228,115,102,13,13
4229,106,104,2,2
4230,93,87,6,6
4231,69,76,-7,7
4232,149,139,10,10
4233,87,84,3,3
4234,103,97,6,6
4235,106,109,-3,3
4236,76,93,-17,17
4237,124,127,-3,3
4238,115,116,-1,1
4239,82,79,3,3
4240,152,150,2,2
4241,138,127,11,11
4242,196,175,21,21
4243,133,111,22,22
4244,146,139,7,7
4245,105,107,-2,2
4246,92,96,-4,4
4247,71,69,2,2
4248,97,100,-3,3
4249,70,74,-4,4
4250,107,111,-4,4
4251,80,81,-1,1
4252,63,79,-16,16
4253,75,71,4,4
4254,75,75,0,0
4255,75,76,-1,1
4256,104,93,11,11
4257,152,135,17,17
4258,71,69,2,2
4259,107,99,8,8
4260,161,142,19,19
4261,71,76,-5,5
4262,91,83,8,8
4263,98,89,9,9
4264,108,103,5,5
4265,78,72,6,6
4266,116,115,1,1
4267,108,94,14,14
4268,81,81,0,0
4269,65,73,-8,8
4270,111,108,3,3
4271,70,69,1,1
4272,55,60,-5,5
4273,102,94,8,8
4274,102,100,2,2
4275,56,60,-4,4
4276,100,85,15,15
4277,47,43,4,4
4278,145,130,15,15
4279,108,99,9,9
4280,143,133,10,10
4281,123,116,7,7
4282,172,157,15,15
4283,60,69,-9,9
4284,105,95,10,10
4285,46,34,12,12
4286,80,70,10,10
4287,114,114,0,0
4288,189,179,10,10
4289,82,75,7,7
4290,126,122,4,4
4291,157,138,19,19
4292,147,165,-18,18
4293,27,53,-26,26
4294,79,76,3,3
4295,75,73,2,2
4296,65,65,0,0
4297,68,66,2,2
4298,126,116,10,10
4299,133,121,12,12
4300,101,93,8,8
4301,80,79,1,1
4302,103,93,10,10
4303,95,89,6,6
4304,103,101,2,2
4305,113,106,7,7
4306,42,34,8,8
4307,85,86,-1,1
4308,82,82,0,0
4309,104,100,4,4
4310,85,75,10,10
4311,107,88,19,19
4312,78,74,4,4
4313,66,66,0,0
4314,108,101,7,7
4315,90,96,-6,6
4316,88,89,-1,1
4317,59,62,-3,3
4318,79,72,7,7
4319,69,71,-2,2
4320,135,129,6,6
4321,96,108,-12,12
4322,148,142,6,6
4323,31,33,-2,2
4324,65,76,-11,11
4325,86,82,4,4
4326,47,43,4,4
4327,83,78,5,5
4328,170,172,-2,2
4329,63,66,-3,3
4330,110,104,6,6
4331,182,161,21,21
4332,141,134,7,7
4333,94,96,-2,2
4334,81,80,1,1
4335,87,86,1,1
4336,131,124,7,7
4337,117,100,17,17
4338,64,63,1,1
4339,150,165,-15,15
4340,93,98,-5,5
4341,88,85,3,3
4342,90,90,0,0
4343,86,85,1,1
4344,96,104,-8,8
4345,173,153,20,20
4346,104,98,6,6
4347,44,56,-12,12
4348,81,73,8,8
4349,71,66,5,5
4350,77,66,11,11
4351,82,74,8,8
4352,196,176,20,20
4353,126,118,8,8
4354,100,96,4,4
4355,159,144,15,15
4356,61,68,-7,7
4357,54,57,-3,3
4358,73,72,1,1
4359,73,77,-4,4
4360,88,81,7,7
4361,136,129,7,7
4362,94,94,0,0
4363,164,170,-6,6
4364,100,100,0,0
4365,126,116,10,10
4366,50,53,-3,3
4367,79,82,-3,3
4368,94,110,-16,16
4369,110,113,-3,3
4370,144,133,11,11
4371,62,61,1,1
4372,92,92,0,0
4373,59,64,-5,5
4374,279,233,46,46
4375,149,134,15,15
4376,61,75,-14,14
4377,72,89,-17,17
4378,64,67,-3,3
4379,142,131,11,11
4380,56,59,-3,3
4381,140,137,3,3
4382,221,189,32,32
4383,111,98,13,13
4384,93,88,5,5
4385,110,108,2,2
4386,83,75,8,8
4387,65,75,-10,10
4388,154,146,8,8
4389,92,90,2,2
4390,144,128,16,16
4391,102,99,3,3
4392,131,117,14,14
4393,98,91,7,7
4394,104,97,7,7
4395,95,95,0,0
4396,108,109,-1,1
4397,89,84,5,5
4398,139,141,-2,2
4399,116,107,9,9
4400,58,62,-4,4
4401,140,137,3,3
4402,89,88,1,1
4403,103,99,4,4
4404,67,82,-15,15
4405,62,63,-1,1
4406,162,155,7,7
4407,77,74,3,3
4408,99,99,0,0
4409,92,77,15,15
4410,105,106,-1,1
4411,99,93,6,6
4412,82,92,-10,10
4413,139,125,14,14
4414,99,92,7,7
4415,82,82,0,0
4416,95,96,-1,1
4417,101,95,6,6
4418,85,85,0,0
4419,102,96,6,6
4420,133,130,3,3
4421,76,74,2,2
4422,126,120,6,6
4423,101,95,6,6
4424,119,103,16,16
4425,152,151,1,1
4426,136,117,19,19
4427,87,86,1,1
4428,116,93,23,23
4429,60,66,-6,6
4430,96,94,2,2
4431,76,81,-5,5
4432,128,117,11,11
4433,85,84,1,1
4434,84,85,-1,1
4435,153,135,18,18
4436,72,67,5,5
4437,73,68,5,5
4438,108,91,17,17
4439,73,72,1,1
4440,94,90,4,4
4441,86,82,4,4
4442,89,84,5,5
4443,56,60,-4,4
4444,195,175,20,20
4445,70,70,0,0
4446,64,66,-2,2
4447,96,88,8,8
4448,103,103,0,0
4449,131,121,10,10
4450,93,90,3,3
4451,122,118,4,4
4452,54,60,-6,6
4453,67,76,-9,9
4454,66,62,4,4
4455,110,108,2,2
4456,108,100,8,8
4457,119,116,3,3
4458,80,72,8,8
4459,60,67,-7,7
4460,88,86,2,2
4461,123,105,18,18
4462,59,63,-4,4
4463,103,93,10,10
4464,93,91,2,2
4465,90,86,4,4
4466,157,146,11,11
4467,94,87,7,7
4468,79,75,4,4
4469,131,128,3,3
4470,50,54,-4,4
4471,111,101,10,10
4472,106,104,2,2
4473,104,99,5,5
4474,94,97,-3,3
4475,71,67,4,4
4476,168,145,23,23
4477,102,112,-10,10
4478,58,67,-9,9
4479,49,54,-5,5
4480,96,88,8,8
4481,74,76,-2,2
4482,135,127,8,8
4483,171,153,18,18
4484,70,72,-2,2
4485,118,117,1,1
4486,90,79,11,11
4487,101,114,-13,13
4488,97,95,2,2
4489,107,97,10,10
4490,87,81,6,6
4491,43,40,3,3
4492,79,76,3,3
4493,106,95,11,11
4494,39,34,5,5
4495,178,154,24,24
4496,74,79,-5,5
4497,36,34,2,2
4498,68,70,-2,2
4499,114,96,18,18
4500,80,81,-1,1
4501,109,119,-10,10
4502,128,116,12,12
4503,87,99,-12,12
4504,110,101,9,9
4505,100,95,5,5
4506,128,124,4,4
4507,136,128,8,8
4508,129,125,4,4
4509,122,118,4,4
4510,102,95,7,7
4511,109,106,3,3
4512,58,65,-7,7
4513,122,114,8,8
4514,90,85,5,5
4515,57,52,5,5
4516,107,101,6,6
4517,168,154,14,14
4518,98,98,0,0
4519,120,108,12,12
4520,74,74,0,0
4521,88,82,6,6
4522,96,87,9,9
4523,64,71,-7,7
4524,55,60,-5,5
4525,94,91,3,3
4526,148,130,18,18
4527,92,102,-10,10
4528,95,102,-7,7
4529,110,103,7,7
4530,83,76,7,7
4531,139,130,9,9
4532,108,93,15,15
4533,78,78,0,0
4534,78,78,0,0
4535,98,92,6,6
4536,104,98,6,6
4537,68,65,3,3
4538,103,103,0,0
4539,66,59,7,7
4540,100,94,6,6
4541,123,119,4,4
4542,74,79,-5,5
4543,136,121,15,15
4544,47,48,-1,1
4545,92,89,3,3
4546,122,109,13,13
4547,125,124,1,1
4548,122,105,17,17
4549,61,62,-1,1
4550,82,99,-17,17
4551,112,105,7,7
4552,48,35,13,13
4553,146,146,0,0
4554,67,62,5,5
4555,115,107,8,8
4556,165,163,2,2
4557,87,92,-5,5
4558,40,34,6,6
4559,55,55,0,0
4560,127,113,14,14
4561,70,71,-1,1
4562,99,102,-3,3
4563,45,54,-9,9
4564,95,89,6,6
4565,80,79,1,1
4566,47,54,-7,7
4567,99,110,-11,11
4568,118,113,5,5
4569,104,104,0,0
4570,75,76,-1,1
4571,90,88,2,2
4572,82,81,1,1
4573,163,141,22,22
4574,93,89,4,4
4575,166,169,-3,3
4576,69,74,-5,5
4577,122,129,-7,7
4578,148,144,4,4
4579,56,58,-2,2
4580,66,65,1,1
4581,83,92,-9,9
4582,63,65,-2,2
4583,108,103,5,5
4584,123,103,20,20
4585,161,162,-1,1
4586,83,103,-20,20
4587,49,46,3,3
4588,78,77,1,1
4589,101,100,1,1
4590,38,34,4,4
4591,98,92,6,6
4592,174,150,24,24
4593,75,86,-11,11
4594,56,61,-5,5
4595,138,122,16,16
4596,38,33,5,5
4597,51,55,-4,4
4598,69,66,3,3
4599,98,96,2,2
4600,87,85,2,2
4601,88,84,4,4
4602,156,152,4,4
4603,140,130,10,10
4604,92,96,-4,4
4605,49,57,-8,8
4606,82,84,-2,2
4607,217,217,0,0
4608,99,96,3,3
4609,110,98,12,12
4610,79,81,-2,2
4611,69,65,4,4
4612,87,77,10,10
4613,84,80,4,4
4614,77,71,6,6
4615,78,72,6,6
4616,100,101,-1,1
4617,112,106,6,6
4618,130,120,10,10
4619,137,120,17,17
4620,125,111,14,14
4621,86,89,-3,3
4622,152,135,17,17
4623,96,102,-6,6
4624,111,110,1,1
4625,99,104,-5,5
4626,56,57,-1,1
4627,211,204,7,7
4628,109,113,-4,4
4629,137,132,5,5
4630,74,77,-3,3
4631,120,118,2,2
4632,81,84,-3,3
4633,71,75,-4,4
4634,88,81,7,7
4635,111,101,10,10
4636,197,182,15,15
4637,85,81,4,4
4638,112,109,3,3
4639,44,64,-20,20
4640,86,85,1,1
4641,72,84,-12,12
4642,59,63,-4,4
4643,82,95,-13,13
4644,69,68,1,1
4645,91,84,7,7
4646,142,138,4,4
4647,84,69,15,15
4648,81,80,1,1
4649,101,97,4,4
4650,190,159,31,31
4651,107,97,10,10
4652,119,118,1,1
4653,77,73,4,4
4654,152,141,11,11
4655,64,54,10,10
4656,77,77,0,0
4657,51,51,0,0
4658,77,77,0,0
4659,84,80,4,4
4660,60,64,-4,4
4661,107,98,9,9
4662,87,99,-12,12
4663,116,124,-8,8
4664,160,135,25,25
4665,116,109,7,7
4666,84,79,5,5
4667,113,114,-1,1
4668,105,103,2,2
4669,55,50,5,5
4670,91,92,-1,1
4671,113,99,14,14
4672,62,62,0,0
4673,75,74,1,1
4674,45,45,0,0
4675,177,153,24,24
4676,131,135,-4,4
4677,112,106,6,6
4678,127,124,3,3
4679,146,118,28,28
4680,138,132,6,6
4681,93,96,-3,3
4682,65,71,-6,6
4683,168,165,3,3
4684,112,120,-8,8
4685,149,134,15,15
4686,140,140,0,0
4687,94,94,0,0
4688,141,129,12,12
4689,75,78,-3,3
4690,134,119,15,15
4691,95,87,8,8
4692,119,100,19,19
4693,95,98,-3,3
4694,65,68,-3,3
4695,95,96,-1,1
4696,97,98,-1,1
4697,132,126,6,6
4698,87,82,5,5
4699,124,105,19,19
4700,115,111,4,4
4701,45,48,-3,3
4702,110,100,10,10
4703,57,63,-6,6
4704,126,101,25,25
4705,50,51,-1,1
4706,132,126,6,6
4707,71,69,2,2
4708,88,81,7,7
4709,91,99,-8,8
4710,79,80,-1,1
4711,47,39,8,8
4712,103,106,-3,3
4713,38,34,4,4
4714,68,63,5,5
4715,130,116,14,14
4716,157,150,7,7
4717,99,94,5,5
4718,62,60,2,2
4719,79,79,0,0
4720,74,75,-1,1
4721,154,132,22,22
4722,36,55,-19,19
4723,81,82,-1,1
4724,69,66,3,3
4725,39,34,5,5
4726,106,103,3,3
4727,141,130,11,11
4728,71,72,-1,1
4729,108,102,6,6
4730,142,131,11,11
4731,43,45,-2,2
4732,109,113,-4,4
4733,72,73,-1,1
4734,110,98,12,12
4735,84,93,-9,9
4736,88,83,5,5
4737,156,141,15,15
4738,106,108,-2,2
4739,160,150,10,10
4740,105,98,7,7
4741,231,191,40,40
4742,111,99,12,12
4743,53,62,-9,9
4744,124,124,0,0
4745,105,102,3,3
4746,144,142,2,2
4747,83,88,-5,5
4748,81,81,0,0
4749,96,94,2,2
4750,143,129,14,14
4751,118,106,12,12
4752,77,77,0,0
4753,116,110,6,6
4754,116,78,38,38
4755,76,76,0,0
4756,73,74,-1,1
4757,92,84,8,8
4758,89,79,10,10
4759,58,60,-2,2
4760,70,72,-2,2
4761,134,123,11,11
4762,73,84,-11,11
4763,139,127,12,12
4764,59,64,-5,5
4765,59,63,-4,4
4766,72,74,-2,2
4767,81,78,3,3
4768,96,94,2,2
4769,190,163,27,27
4770,131,117,14,14
4771,188,181,7,7
4772,141,146,-5,5
4773,103,96,7,7
4774,65,77,-12,12
4775,86,84,2,2
4776,64,68,-4,4
4777,115,118,-3,3
4778,58,68,-10,10
4779,150,138,12,12
4780,70,75,-5,5
4781,91,89,2,2
4782,104,97,7,7
4783,78,78,0,0
4784,57,60,-3,3
4785,117,105,12,12
4786,82,78,4,4
4787,50,56,-6,6
4788,76,80,-4,4
4789,64,67,-3,3
4790,140,132,8,8
4791,88,92,-4,4
4792,41,34,7,7
4793,56,71,-15,15
4794,161,158,3,3
4795,107,83,24,24
4796,94,92,2,2
4797,71,64,7,7
4798,163,142,21,21
4799,99,89,10,10
4800,30,31,-1,1
4801,99,88,11,11
4802,161,136,25,25
4803,82,82,0,0
4804,92,88,4,4
4805,152,125,27,27
4806,131,110,21,21
4807,99,91,8,8
4808,50,51,-1,1
4809,80,83,-3,3
4810,99,93,6,6
4811,69,68,1,1
4812,67,75,-8,8
4813,143,120,23,23
4814,68,69,-1,1
4815,65,71,-6,6
4816,94,92,2,2
4817,55,59,-4,4
4818,94,89,5,5
4819,45,51,-6,6
4820,140,132,8,8
4821,65,64,1,1
4822,62,63,-1,1
4823,94,96,-2,2
4824,129,118,11,11
4825,123,121,2,2
4826,80,81,-1,1
4827,86,81,5,5
4828,112,112,0,0
4829,89,85,4,4
4830,72,71,1,1
4831,65,69,-4,4
4832,90,91,-1,1
4833,71,82,-11,11
4834,107,110,-3,3
4835,140,132,8,8
4836,57,64,-7,7
4837,104,100,4,4
4838,56,64,-8,8
4839,103,98,5,5
4840,104,100,4,4
4841,78,79,-1,1
4842,126,115,11,11
4843,101,91,10,10
4844,85,90,-5,5
4845,72,67,5,5
4846,57,64,-7,7
4847,51,65,-14,14
4848,102,102,0,0
4849,85,88,-3,3
4850,71,69,2,2
4851,87,80,7,7
4852,74,74,0,0
4853,104,100,4,4
4854,102,101,1,1
4855,181,161,20,20
4856,130,123,7,7
4857,75,85,-10,10
4858,102,99,3,3
4859,56,67,-11,11
4860,72,75,-3,3
4861,90,92,-2,2
4862,66,72,-6,6
4863,82,81,1,1
4864,139,153,-14,14
4865,97,82,15,15
4866,83,81,2,2
4867,71,79,-8,8
4868,81,74,7,7
4869,80,72,8,8
4870,152,144,8,8
4871,54,58,-4,4
4872,51,55,-4,4
4873,142,122,20,20
4874,134,135,-1,1
4875,253,265,-12,12
4876,85,100,-15,15
4877,274,229,45,45
4878,180,156,24,24
4879,85,89,-4,4
4880,68,75,-7,7
4881,126,117,9,9
4882,147,138,9,9
4883,67,69,-2,2
4884,58,67,-9,9
4885,146,140,6,6
4886,170,167,3,3
4887,80,84,-4,4
4888,117,111,6,6
4889,72,71,1,1
4890,52,59,-7,7
4891,92,93,-1,1
4892,88,84,4,4
4893,106,103,3,3
4894,93,88,5,5
4895,151,143,8,8
4896,90,86,4,4
4897,71,71,0,0
4898,63,68,-5,5
4899,171,147,24,24
4900,83,72,11,11
4901,125,113,12,12
4902,123,109,14,14
4903,119,111,8,8
4904,100,92,8,8
4905,97,104,-7,7
4906,82,74,8,8
4907,104,107,-3,3
4908,84,84,0,0
4909,133,130,3,3
4910,66,70,-4,4
4911,328,276,52,52
4912,66,67,-1,1
4913,129,115,14,14
4914,60,62,-2,2
4915,107,119,-12,12
4916,88,80,8,8
4917,92,105,-13,13
4918,97,80,17,17
4919,95,94,1,1
4920,176,153,23,23
4921,93,92,1,1
4922,124,124,0,0
4923,80,76,4,4
4924,117,107,10,10
4925,92,84,8,8
4926,137,114,23,23
4927,160,149,11,11
4928,114,106,8,8
4929,78,72,6,6
4930,73,76,-3,3
4931,62,61,1,1
4932,85,86,-1,1
4933,52,61,-9,9
4934,53,55,-2,2
4935,98,77,21,21
4936,92,92,0,0
4937,100,98,2,2
4938,114,105,9,9
4939,139,135,4,4
4940,76,76,0,0
4941,119,110,9,9
4942,41,46,-5,5
4943,53,51,2,2
4944,268,265,3,3
4945,66,65,1,1
4946,130,115,15,15
4947,115,109,6,6
4948,157,152,5,5
4949,50,61,-11,11
4950,75,73,2,2
4951,79,73,6,6
4952,85,83,2,2
4953,42,66,-24,24
4954,85,77,8,8
4955,95,92,3,3
4956,72,79,-7,7
4957,90,96,-6,6
4958,81,78,3,3
4959,109,109,0,0
4960,146,145,1,1
4961,131,115,16,16
4962,138,123,15,15
4963,32,34,-2,2
4964,86,84,2,2
4965,76,80,-4,4
4966,73,82,-9,9
4967,132,123,9,9
4968,136,128,8,8
4969,36,34,2,2
4970,40,49,-9,9
4971,62,63,-1,1
4972,99,103,-4,4
4973,63,74,-11,11
4974,90,80,10,10
4975,63,77,-14,14
4976,63,67,-4,4
4977,73,83,-10,10
4978,73,76,-3,3
4979,120,103,17,17
4980,161,144,17,17
4981,74,74,0,0
4982,74,70,4,4
4983,49,56,-7,7
4984,157,139,18,18
4985,123,115,8,8
4986,91,84,7,7
4987,115,97,18,18
4988,85,85,0,0
4989,66,69,-3,3
4990,102,95,7,7
4991,98,94,4,4
4992,100,91,9,9
4993,105,119,-14,14
4994,84,96,-12,12
4995,95,85,10,10
4996,108,94,14,14
4997,62,62,0,0
4998,116,113,3,3
4999,79,72,7,7
5000,73,69,4,4
5001,50,62,-12,12
5002,97,89,8,8
5003,145,127,18,18
5004,152,132,20,20
5005,134,122,12,12
5006,110,98,12,12
5007,114,106,8,8
5008,72,66,6,6
5009,113,105,8,8
5010,58,69,-11,11
5011,50,44,6,6
5012,29,32,-3,3
5013,71,71,0,0
5014,90,92,-2,2
5015,140,129,11,11
5016,123,112,11,11
5017,131,120,11,11
5018,50,52,-2,2
5019,82,79,3,3
5020,77,84,-7,7
5021,98,88,10,10
5022,83,73,10,10
5023,88,78,10,10
5024,122,104,18,18
5025,87,82,5,5
5026,107,103,4,4
5027,75,78,-3,3
5028,89,90,-1,1
5029,124,127,-3,3
5030,105,101,4,4
5031,62,61,1,1
5032,125,109,16,16
5033,94,90,4,4
5034,91,92,-1,1
5035,74,83,-9,9
5036,82,92,-10,10
5037,60,61,-1,1
5038,69,71,-2,2
5039,132,119,13,13
5040,76,75,1,1
5041,169,161,8,8
5042,101,97,4,4
5043,167,154,13,13
5044,79,80,-1,1
5045,78,88,-10,10
5046,61,64,-3,3
5047,137,119,18,18
5048,116,102,14,14
5049,77,84,-7,7
5050,76,71,5,5
5051,157,158,-1,1
5052,90,97,-7,7
5053,79,72,7,7
5054,131,113,18,18
5055,118,108,10,10
5056,110,95,15,15
5057,151,132,19,19
5058,159,153,6,6
5059,95,96,-1,1
5060,78,77,1,1
5061,107,110,-3,3
5062,131,120,11,11
5063,87,90,-3,3
5064,42,41,1,1
5065,66,70,-4,4
5066,101,99,2,2
5067,140,129,11,11
5068,66,64,2,2
5069,43,43,0,0
5070,100,95,5,5
5071,120,99,21,21
5072,76,65,11,11
5073,121,123,-2,2
5074,78,77,1,1
5075,121,114,7,7
5076,51,58,-7,7
5077,101,104,-3,3
5078,136,129,7,7
5079,107,112,-5,5
5080,106,104,2,2
5081,116,105,11,11
5082,89,88,1,1
5083,65,67,-2,2
5084,154,138,16,16
5085,130,115,15,15
5086,98,87,11,11
5087,75,87,-12,12
5088,81,80,1,1
5089,82,85,-3,3
5090,86,92,-6,6
5091,93,92,1,1
5092,73,77,-4,4
5093,76,78,-2,2
5094,166,160,6,6
5095,98,93,5,5
5096,120,101,19,19
5097,67,71,-4,4
5098,81,81,0,0
5099,170,158,12,12
5100,40,52,-12,12
5101,101,95,6,6
5102,80,77,3,3
5103,121,100,21,21
5104,58,58,0,0
5105,115,103,12,12
5106,63,63,0,0
5107,87,88,-1,1
5108,148,147,1,1
5109,102,98,4,4
5110,79,76,3,3
5111,118,105,13,13
5112,92,92,0,0
5113,110,105,5,5
5114,131,125,6,6
5115,139,144,-5,5
5116,68,75,-7,7
5117,122,119,3,3
5118,140,126,14,14
5119,124,112,12,12
5120,103,90,13,13
5121,59,73,-14,14
5122,80,82,-2,2
5123,131,120,11,11
5124,104,95,9,9
5125,155,136,19,19
5126,89,88,1,1
5127,68,83,-15,15
5128,79,77,2,2
5129,110,104,6,6
5130,54,58,-4,4
5131,121,129,-8,8
5132,101,100,1,1
5133,109,111,-2,2
5134,100,94,6,6
5135,132,123,9,9
5136,71,74,-3,3
5137,89,88,1,1
5138,92,91,1,1
5139,91,87,4,4
5140,117,104,13,13
5141,100,96,4,4
5142,118,104,14,14
5143,160,131,29,29
5144,121,108,13,13
5145,88,93,-5,5
5146,152,145,7,7
5147,56,59,-3,3
5148,51,72,-21,21
5149,110,94,16,16
5150,79,79,0,0
5151,68,71,-3,3
5152,52,57,-5,5
5153,129,126,3,3
5154,81,75,6,6
5155,39,34,5,5
5156,55,108,-53,53
5157,53,59,-6,6
5158,92,92,0,0
5159,72,75,-3,3
5160,103,101,2,2
5161,141,123,18,18
5162,82,86,-4,4
5163,69,72,-3,3
5164,168,153,15,15
5165,65,70,-5,5
5166,76,78,-2,2
5167,104,97,7,7
5168,89,87,2,2
5169,101,102,-1,1
5170,53,62,-9,9
5171,105,96,9,9
5172,90,84,6,6
5173,116,108,8,8
5174,137,128,9,9
5175,126,110,16,16
5176,43,34,9,9
5177,65,71,-6,6
5178,76,79,-3,3
5179,104,94,10,10
5180,88,78,10,10
5181,75,72,3,3
5182,82,78,4,4
5183,40,48,-8,8
5184,77,77,0,0
5185,66,68,-2,2
5186,154,129,25,25
5187,86,79,7,7
5188,112,116,-4,4
5189,93,92,1,1
5190,130,142,-12,12
5191,177,159,18,18
5192,148,130,18,18
5193,80,82,-2,2
5194,58,57,1,1
5195,115,103,12,12
5196,118,107,11,11
5197,66,64,2,2
5198,161,149,12,12
5199,80,84,-4,4
5200,105,98,7,7
5201,56,56,0,0
5202,66,69,-3,3
5203,93,89,4,4
5204,105,98,7,7
5205,96,91,5,5
5206,62,63,-1,1
5207,68,75,-7,7
5208,83,77,6,6
5209,110,101,9,9
5210,109,107,2,2
5211,147,129,18,18
5212,68,64,4,4
5213,121,106,15,15
5214,128,130,-2,2
5215,136,126,10,10
5216,110,98,12,12
5217,84,75,9,9
5218,93,88,5,5
5219,68,73,-5,5
5220,88,91,-3,3
5221,89,93,-4,4
5222,134,131,3,3
5223,128,120,8,8
5224,79,79,0,0
5225,66,67,-1,1
5226,58,55,3,3
5227,58,75,-17,17
5228,69,71,-2,2
5229,56,60,-4,4
5230,85,88,-3,3
5231,73,74,-1,1
5232,97,90,7,7
5233,100,87,13,13
5234,82,69,13,13
5235,65,67,-2,2
5236,90,94,-4,4
5237,66,82,-16,16
5238,58,60,-2,2
5239,62,98,-36,36
5240,50,53,-3,3
5241,84,77,7,7
5242,82,82,0,0
5243,147,146,1,1
5244,91,84,7,7
5245,95,91,4,4
5246,121,113,8,8
5247,56,62,-6,6
5248,54,49,5,5
5249,103,97,6,6
5250,86,74,12,12
5251,85,78,7,7
5252,97,81,16,16
5253,92,80,12,12
5254,59,62,-3,3
5255,115,110,5,5
5256,116,110,6,6
5257,101,99,2,2
5258,120,97,23,23
5259,164,143,21,21
5260,55,49,6,6
5261,91,92,-1,1
5262,75,78,-3,3
5263,121,119,2,2
5264,57,61,-4,4
5265,38,52,-14,14
5266,92,81,11,11
5267,67,66,1,1
5268,120,112,8,8
5269,83,80,3,3
5270,138,132,6,6
5271,169,150,19,19
5272,59,67,-8,8
5273,47,57,-10,10
5274,46,41,5,5
5275,123,127,-4,4
5276,142,133,9,9
5277,80,84,-4,4
5278,31,34,-3,3
5279,128,121,7,7
5280,112,99,13,13
5281,98,101,-3,3
5282,55,59,-4,4
5283,110,95,15,15
5284,91,94,-3,3
5285,112,91,21,21
5286,115,110,5,5
5287,73,70,3,3
5288,106,100,6,6
5289,93,89,4,4
5290,166,158,8,8
5291,128,131,-3,3
5292,112,104,8,8
5293,89,81,8,8
5294,74,74,0,0
5295,106,118,-12,12
5296,72,74,-2,2
5297,78,76,2,2
5298,92,91,1,1
5299,140,123,17,17
5300,103,96,7,7
5301,102,110,-8,8
5302,63,75,-12,12
5303,169,154,15,15
5304,78,78,0,0
5305,132,121,11,11
5306,50,34,16,16
5307,127,110,17,17
5308,138,110,28,28
5309,61,57,4,4
5310,87,88,-1,1
5311,109,110,-1,1
5312,77,77,0,0
5313,92,100,-8,8
5314,84,78,6,6
5315,140,121,19,19
5316,79,84,-5,5
5317,87,81,6,6
5318,76,76,0,0
5319,54,55,-1,1
5320,77,82,-5,5
5321,28,62,-34,34
5322,85,70,15,15
5323,41,34,7,7
5324,78,84,-6,6
5325,117,104,13,13
5326,99,98,1,1
5327,130,124,6,6
5328,58,62,-4,4
5329,76,73,3,3
5330,72,75,-3,3
5331,72,70,2,2
5332,130,115,15,15
5333,85,91,-6,6
5334,74,76,-2,2
5335,117,98,19,19
5336,105,106,-1,1
5337,114,106,8,8
5338,94,83,11,11
5339,127,116,11,11
5340,100,94,6,6
5341,100,100,0,0
5342,114,103,11,11
5343,137,142,-5,5
5344,141,127,14,14
5345,186,167,19,19
5346,49,53,-4,4
5347,71,72,-1,1
5348,144,135,9,9
5349,108,87,21,21
5350,102,90,12,12
5351,129,119,10,10
5352,123,113,10,10
5353,48,51,-3,3
5354,70,68,2,2
5355,81,79,2,2
5356,72,76,-4,4
5357,76,77,-1,1
5358,114,122,-8,8
5359,130,119,11,11
5360,113,117,-4,4
5361,57,61,-4,4
5362,77,77,0,0
5363,117,110,7,7
5364,79,74,5,5
5365,87,90,-3,3
5366,99,94,5,5
5367,211,191,20,20
5368,92,82,10,10
5369,119,107,12,12
5370,54,62,-8,8
5371,111,97,14,14
5372,67,67,0,0
5373,185,179,6,6
5374,68,77,-9,9
5375,190,161,29,29
5376,124,115,9,9
5377,80,89,-9,9
5378,78,75,3,3
5379,92,102,-10,10
5380,70,69,1,1
5381,51,67,-16,16
5382,89,89,0,0
5383,82,86,-4,4
5384,83,81,2,2
5385,204,184,20,20
5386,114,105,9,9
5387,62,63,-1,1
5388,100,85,15,15
5389,143,151,-8,8
5390,89,87,2,2
5391,123,125,-2,2
5392,150,141,9,9
5393,135,109,26,26
5394,114,115,-1,1
5395,94,100,-6,6
5396,158,144,14,14
5397,58,71,-13,13
5398,94,90,4,4
5399,59,62,-3,3
5400,81,95,-14,14
5401,70,70,0,0
5402,79,77,2,2
5403,49,56,-7,7
5404,85,79,6,6
5405,85,79,6,6
5406,55,58,-3,3
5407,97,96,1,1
5408,95,93,2,2
5409,129,116,13,13
5410,53,59,-6,6
5411,109,107,2,2
5412,92,85,7,7
5413,122,100,22,22
5414,102,100,2,2
5415,98,105,-7,7
5416,68,75,-7,7
5417,108,98,10,10
5418,92,85,7,7
5419,95,90,5,5
5420,65,65,0,0
5421,27,31,-4,4
5422,62,64,-2,2
5423,109,102,7,7
5424,72,74,-2,2
5425,58,61,-3,3
5426,121,107,14,14
5427,101,94,7,7
5428,63,67,-4,4
5429,38,34,4,4
5430,145,138,7,7
5431,103,103,0,0
5432,215,226,-11,11
5433,122,109,13,13
5434,90,94,-4,4
5435,67,68,-1,1
5436,98,102,-4,4
5437,106,109,-3,3
5438,119,116,3,3
5439,93,91,2,2
5440,48,61,-13,13
5441,87,85,2,2
5442,108,110,-2,2
5443,72,67,5,5
5444,124,117,7,7
5445,114,111,3,3
5446,43,43,0,0
5447,109,100,9,9
5448,99,100,-1,1
5449,116,103,13,13
5450,72,89,-17,17
5451,122,127,-5,5
5452,98,97,1,1
5453,144,145,-1,1
5454,78,71,7,7
5455,70,66,4,4
5456,114,107,7,7
5457,137,128,9,9
5458,113,102,11,11
5459,115,100,15,15
5460,85,83,2,2
5461,63,61,2,2
5462,114,111,3,3
5463,88,85,3,3
5464,125,110,15,15
5465,116,113,3,3
5466,150,116,34,34
5467,78,77,1,1
5468,75,72,3,3
5469,81,84,-3,3
5470,116,122,-6,6
5471,64,63,1,1
5472,93,91,2,2
5473,96,86,10,10
5474,147,142,5,5
5475,77,74,3,3
5476,139,131,8,8
5477,64,59,5,5
5478,82,78,4,4
5479,70,69,1,1
5480,142,134,8,8
5481,99,91,8,8
5482,64,67,-3,3
5483,80,88,-8,8
5484,69,64,5,5
5485,64,66,-2,2
5486,99,99,0,0
5487,120,104,16,16
5488,80,77,3,3
5489,145,140,5,5
5490,161,148,13,13
5491,86,90,-4,4
5492,123,119,4,4
5493,91,86,5,5
5494,147,132,15,15
5495,92,85,7,7
5496,79,81,-2,2
5497,144,127,17,17
5498,72,71,1,1
5499,91,100,-9,9
5500,162,153,9,9
5501,76,84,-8,8
5502,82,85,-3,3
5503,63,70,-7,7
5504,71,73,-2,2
5505,74,74,0,0
5506,152,136,16,16
5507,102,99,3,3
5508,70,67,3,3
5509,46,50,-4,4
5510,85,94,-9,9
5511,81,82,-1,1
5512,85,83,2,2
5513,108,95,13,13
5514,124,116,8,8
5515,81,83,-2,2
5516,97,118,-21,21
5517,137,133,4,4
5518,125,117,8,8
5519,90,93,-3,3
5520,83,77,6,6
5521,89,88,1,1
5522,124,109,15,15
5523,101,87,14,14
5524,103,102,1,1
5525,61,62,-1,1
5526,85,74,11,11
5527,102,101,1,1
5528,83,94,-11,11
5529,91,93,-2,2
5530,131,107,24,24
5531,150,134,16,16
5532,107,103,4,4
5533,115,113,2,2
5534,126,118,8,8
5535,129,120,9,9
5536,95,89,6,6
5537,143,125,18,18
5538,115,114,1,1
5539,85,83,2,2
5540,164,149,15,15
5541,95,91,4,4
5542,137,137,0,0
5543,121,112,9,9
5544,83,81,2,2
5545,115,119,-4,4
5546,154,151,3,3
5547,115,110,5,5
5548,88,80,8,8
5549,116,115,1,1
5550,119,99,20,20
5551,30,33,-3,3
5552,100,92,8,8
5553,132,132,0,0
5554,186,167,19,19
5555,82,84,-2,2
5556,176,140,36,36
5557,107,98,9,9
5558,89,81,8,8
5559,94,92,2,2
5560,51,46,5,5
5561,138,134,4,4
5562,78,78,0,0
5563,59,63,-4,4
5564,58,59,-1,1
5565,67,67,0,0
5566,79,74,5,5
5567,54,58,-4,4
5568,62,64,-2,2
5569,83,83,0,0
5570,75,79,-4,4
5571,115,108,7,7
5572,114,114,0,0
5573,126,109,17,17
5574,88,98,-10,10
5575,69,67,2,2
5576,38,54,-16,16
5577,71,70,1,1
5578,66,64,2,2
5579,62,64,-2,2
5580,75,70,5,5
5581,59,60,-1,1
5582,97,101,-4,4
5583,81,94,-13,13
5584,69,83,-14,14
5585,81,76,5,5
5586,101,98,3,3
5587,97,89,8,8
5588,60,72,-12,12
5589,119,108,11,11
5590,113,136,-23,23
5591,130,112,18,18
5592,61,69,-8,8
5593,166,150,16,16
5594,51,58,-7,7
5595,140,132,8,8
5596,109,111,-2,2
5597,115,114,1,1
5598,112,104,8,8
5599,89,86,3,3
5600,65,67,-2,2
5601,97,95,2,2
5602,81,87,-6,6
5603,59,62,-3,3
5604,52,54,-2,2
5605,74,84,-10,10
5606,76,79,-3,3
5607,111,77,34,34
5608,112,108,4,4
5609,66,68,-2,2
5610,96,93,3,3
5611,61,65,-4,4
5612,162,148,14,14
5613,120,107,13,13
5614,68,84,-16,16
5615,61,73,-12,12
5616,110,106,4,4
5617,114,116,-2,2
5618,41,38,3,3
5619,63,58,5,5
5620,77,73,4,4
5621,92,85,7,7
5622,80,75,5,5
5623,40,39,1,1
5624,56,62,-6,6
5625,72,74,-2,2
5626,123,105,18,18
5627,77,78,-1,1
5628,107,103,4,4
5629,112,106,6,6
5630,72,76,-4,4
5631,99,100,-1,1
5632,118,111,7,7
5633,77,74,3,3
5634,139,127,12,12
5635,84,82,2,2
5636,62,68,-6,6
5637,100,95,5,5
5638,80,78,2,2
5639,91,92,-1,1
5640,113,104,9,9
5641,45,40,5,5
5642,71,65,6,6
5643,122,105,17,17
5644,53,57,-4,4
5645,78,88,-10,10
5646,65,61,4,4
5647,40,51,-11,11
5648,136,124,12,12
5649,120,109,11,11
5650,104,107,-3,3
5651,85,82,3,3
5652,89,83,6,6
5653,84,87,-3,3
5654,80,87,-7,7
5655,119,118,1,1
5656,105,98,7,7
5657,61,71,-10,10
5658,53,63,-10,10
5659,69,76,-7,7
5660,83,80,3,3
5661,122,103,19,19
5662,88,84,4,4
5663,88,80,8,8
5664,104,103,1,1
5665,94,88,6,6
5666,133,126,7,7
5667,53,47,6,6
5668,73,76,-3,3
5669,92,91,1,1
5670,92,89,3,3
5671,91,88,3,3
5672,82,84,-2,2
5673,87,88,-1,1
5674,135,124,11,11
5675,126,121,5,5
5676,94,88,6,6
5677,55,58,-3,3
5678,104,95,9,9
5679,127,119,8,8
5680,135,131,4,4
5681,145,126,19,19
5682,99,98,1,1
5683,96,98,-2,2
5684,103,90,13,13
5685,32,34,-2,2
5686,74,75,-1,1
5687,109,95,14,14
5688,59,64,-5,5
5689,101,95,6,6
5690,69,68,1,1
5691,71,82,-11,11
5692,101,91,10,10
5693,129,128,1,1
5694,114,108,6,6
5695,73,74,-1,1
5696,179,153,26,26
5697,81,81,0,0
5698,127,114,13,13
5699,129,122,7,7
5700,57,54,3,3
5701,50,56,-6,6
5702,80,68,12,12
5703,116,108,8,8
5704,93,84,9,9
5705,164,136,28,28
5706,43,48,-5,5
5707,96,103,-7,7
5708,88,77,11,11
5709,66,61,5,5
5710,97,98,-1,1
5711,86,87,-1,1
5712,83,90,-7,7
5713,87,84,3,3
5714,61,67,-6,6
5715,81,84,-3,3
5716,164,151,13,13
5717,138,126,12,12
5718,115,117,-2,2
5719,86,87,-1,1
5720,118,135,-17,17
5721,67,68,-1,1
5722,87,89,-2,2
5723,74,67,7,7
5724,51,48,3,3
5725,67,66,1,1
5726,84,77,7,7
5727,94,92,2,2
5728,69,70,-1,1
5729,115,114,1,1
5730,48,45,3,3
5731,77,74,3,3
5732,81,78,3,3
5733,110,111,-1,1
5734,74,86,-12,12
5735,54,64,-10,10
5736,84,83,1,1
5737,70,75,-5,5
5738,64,67,-3,3
5739,80,85,-5,5
5740,78,74,4,4
5741,83,93,-10,10
5742,81,77,4,4
5743,34,34,0,0
5744,149,155,-6,6
5745,50,54,-4,4
5746,57,60,-3,3
5747,75,75,0,0
5748,139,120,19,19
5749,48,47,1,1
5750,61,69,-8,8
5751,96,88,8,8
5752,64,61,3,3
5753,90,81,9,9
5754,81,80,1,1
5755,119,124,-5,5
5756,129,119,10,10
5757,111,115,-4,4
5758,79,81,-2,2
5759,107,98,9,9
5760,77,84,-7,7
5761,67,67,0,0
5762,103,92,11,11
5763,60,62,-2,2
5764,115,111,4,4
5765,62,60,2,2
5766,71,74,-3,3
5767,67,78,-11,11
5768,46,45,1,1
5769,52,55,-3,3
5770,55,59,-4,4
5771,95,88,7,7
5772,119,100,19,19
5773,156,157,-1,1
5774,89,80,9,9
5775,130,108,22,22
5776,149,134,15,15
5777,53,68,-15,15
5778,103,96,7,7
5779,181,154,27,27
5780,88,86,2,2
5781,91,86,5,5
5782,79,72,7,7
5783,64,78,-14,14
5784,85,91,-6,6
5785,45,47,-2,2
5786,72,71,1,1
5787,118,108,10,10
5788,54,54,0,0
5789,98,95,3,3
5790,79,82,-3,3
5791,63,64,-1,1
5792,27,31,-4,4
5793,142,132,10,10
5794,67,67,0,0
5795,146,136,10,10
5796,80,84,-4,4
5797,68,82,-14,14
5798,92,96,-4,4
5799,48,51,-3,3
5800,117,98,19,19
5801,98,95,3,3
5802,73,75,-2,2
5803,84,85,-1,1
5804,95,90,5,5
5805,120,114,6,6
5806,151,155,-4,4
5807,50,47,3,3
5808,93,90,3,3
5809,150,139,11,11
5810,65,77,-12,12
5811,76,77,-1,1
5812,69,70,-1,1
5813,91,86,5,5
5814,81,82,-1,1
5815,92,89,3,3
5816,127,133,-6,6
5817,100,92,8,8
5818,98,97,1,1
5819,109,100,9,9
5820,69,74,-5,5
5821,94,101,-7,7
5822,156,138,18,18
5823,82,92,-10,10
5824,62,79,-17,17
5825,56,59,-3,3
5826,44,49,-5,5
5827,134,99,35,35
5828,75,74,1,1
5829,88,89,-1,1
5830,63,70,-7,7
5831,106,104,2,2
5832,121,107,14,14
5833,94,99,-5,5
5834,89,96,-7,7
5835,45,53,-8,8
5836,76,80,-4,4
5837,85,85,0,0
5838,129,134,-5,5
5839,113,110,3,3
5840,127,116,11,11
5841,129,144,-15,15
5842,92,86,6,6
5843,60,58,2,2
5844,91,78,13,13
5845,90,84,6,6
5846,143,136,7,7
5847,79,76,3,3
5848,118,156,-38,38
5849,65,70,-5,5
5850,88,77,11,11
5851,102,101,1,1
5852,67,68,-1,1
5853,104,95,9,9
5854,164,156,8,8
5855,145,133,12,12
5856,51,41,10,10
5857,35,34,1,1
5858,125,117,8,8
5859,78,80,-2,2
5860,110,103,7,7
5861,133,127,6,6
5862,92,90,2,2
5863,89,93,-4,4
5864,66,69,-3,3
5865,96,96,0,0
5866,74,72,2,2
5867,21,27,-6,6
5868,52,56,-4,4
5869,49,50,-1,1
5870,133,136,-3,3
5871,56,60,-4,4
5872,48,51,-3,3
5873,53,46,7,7
5874,86,88,-2,2
5875,81,95,-14,14
5876,139,135,4,4
5877,111,120,-9,9
5878,118,120,-2,2
5879,61,64,-3,3
5880,88,95,-7,7
5881,58,61,-3,3
5882,91,83,8,8
5883,110,105,5,5
5884,118,89,29,29
5885,109,97,12,12
5886,52,57,-5,5
5887,69,72,-3,3
5888,144,125,19,19
5889,87,81,6,6
5890,153,133,20,20
5891,49,58,-9,9
5892,106,107,-1,1
5893,85,84,1,1
5894,95,90,5,5
5895,99,95,4,4
5896,154,149,5,5
5897,64,78,-14,14
5898,74,72,2,2
5899,94,85,9,9
5900,83,67,16,16
5901,66,67,-1,1
5902,48,57,-9,9
5903,87,95,-8,8
5904,28,45,-17,17
5905,63,62,1,1
5906,117,110,7,7
5907,169,157,12,12
5908,54,55,-1,1
5909,118,113,5,5
5910,77,73,4,4
5911,87,87,0,0
5912,259,224,35,35
5913,116,117,-1,1
5914,141,132,9,9
5915,63,73,-10,10
5916,194,167,27,27
5917,58,70,-12,12
5918,117,112,5,5
5919,101,99,2,2
5920,128,121,7,7
5921,99,88,11,11
5922,122,104,18,18
5923,146,132,14,14
5924,117,100,17,17
5925,85,86,-1,1
5926,156,145,11,11
5927,85,80,5,5
5928,149,148,1,1
5929,62,67,-5,5
5930,133,129,4,4
5931,76,76,0,0
5932,67,68,-1,1
5933,125,141,-16,16
5934,73,69,4,4
5935,106,80,26,26
5936,98,93,5,5
5937,113,108,5,5
5938,151,143,8,8
5939,91,87,4,4
5940,115,120,-5,5
5941,99,98,1,1
5942,51,56,-5,5
5943,102,111,-9,9
5944,123,112,11,11
5945,71,69,2,2
5946,116,112,4,4
5947,118,111,7,7
5948,151,154,-3,3
5949,93,79,14,14
5950,77,77,0,0
5951,52,51,1,1
5952,88,84,4,4
5953,56,56,0,0
5954,152,158,-6,6
5955,129,128,1,1
5956,75,81,-6,6
5957,98,94,4,4
5958,149,145,4,4
5959,73,71,2,2
5960,96,108,-12,12
5961,145,137,8,8
5962,88,81,7,7
5963,159,139,20,20
5964,178,159,19,19
5965,81,85,-4,4
5966,142,126,16,16
5967,97,93,4,4
5968,145,136,9,9
5969,91,87,4,4
5970,85,69,16,16
5971,87,76,11,11
5972,90,79,11,11
5973,68,69,-1,1
5974,94,89,5,5
5975,101,92,9,9
5976,92,78,14,14
5977,71,75,-4,4
5978,113,106,7,7
5979,102,96,6,6
5980,114,113,1,1
5981,97,92,5,5
5982,47,59,-12,12
5983,60,62,-2,2
5984,135,127,8,8
5985,58,59,-1,1
5986,206,172,34,34
5987,68,73,-5,5
5988,42,43,-1,1
5989,73,66,7,7
5990,83,74,9,9
5991,72,67,5,5
5992,111,81,30,30
5993,58,52,6,6
5994,130,135,-5,5
5995,111,107,4,4
5996,140,143,-3,3
5997,95,95,0,0
5998,96,96,0,0
5999,91,88,3,3
6000,79,79,0,0
6001,74,73,1,1
6002,169,148,21,21
6003,117,115,2,2
6004,78,62,16,16
6005,115,116,-1,1
6006,44,34,10,10
6007,103,111,-8,8
6008,78,100,-22,22
6009,49,53,-4,4
6010,126,125,1,1
6011,93,84,9,9
6012,140,133,7,7
6013,85,86,-1,1
6014,116,122,-6,6
6015,83,76,7,7
6016,96,102,-6,6
6017,143,130,13,13
6018,74,78,-4,4
6019,92,94,-2,2
6020,63,60,3,3
6021,49,60,-11,11
6022,144,137,7,7
6023,54,57,-3,3
6024,116,162,-46,46
6025,66,75,-9,9
6026,56,63,-7,7
6027,56,93,-37,37
6028,107,106,1,1
6029,140,129,11,11
6030,92,99,-7,7
6031,76,81,-5,5
6032,90,93,-3,3
6033,138,134,4,4
6034,71,68,3,3
6035,89,98,-9,9
6036,66,62,4,4
6037,60,63,-3,3
6038,116,121,-5,5
6039,179,170,9,9
6040,90,78,12,12
6041,116,116,0,0
6042,89,89,0,0
6043,95,90,5,5
6044,85,79,6,6
6045,53,56,-3,3
6046,166,156,10,10
6047,43,44,-1,1
6048,119,120,-1,1
6049,105,111,-6,6
6050,121,111,10,10
6051,73,73,0,0
6052,67,66,1,1
6053,119,116,3,3
6054,106,102,4,4
6055,72,67,5,5
6056,75,72,3,3
6057,70,75,-5,5
6058,143,124,19,19
6059,83,82,1,1
6060,83,76,7,7
6061,46,61,-15,15
6062,47,43,4,4
6063,119,110,9,9
6064,108,95,13,13
6065,43,54,-11,11
6066,64,60,4,4
6067,83,84,-1,1
6068,141,129,12,12
6069,107,99,8,8
6070,35,54,-19,19
6071,119,112,7,7
6072,88,78,10,10
6073,77,83,-6,6
6074,75,73,2,2
6075,140,131,9,9
6076,66,68,-2,2
6077,121,124,-3,3
6078,47,59,-12,12
6079,68,72,-4,4
6080,112,99,13,13
6081,178,156,22,22
6082,87,90,-3,3
6083,164,144,20,20
6084,79,81,-2,2
6085,71,70,1,1
6086,111,124,-13,13
6087,78,81,-3,3
6088,160,162,-2,2
6089,98,95,3,3
6090,115,149,-34,34
6091,95,101,-6,6
6092,65,65,0,0
6093,159,152,7,7
6094,85,83,2,2
6095,69,67,2,2
6096,116,115,1,1
6097,55,61,-6,6
6098,96,94,2,2
6099,94,85,9,9
6100,72,68,4,4
6101,94,86,8,8
6102,124,128,-4,4
6103,62,62,0,0
6104,79,70,9,9
6105,146,130,16,16
6106,42,47,-5,5
6107,85,81,4,4
6108,100,86,14,14
6109,131,109,22,22
6110,72,77,-5,5
6111,49,51,-2,2
6112,116,104,12,12
6113,102,97,5,5
6114,135,129,6,6
6115,138,129,9,9
6116,40,60,-20,20
6117,104,96,8,8
6118,99,93,6,6
6119,50,44,6,6
6120,108,102,6,6
6121,106,104,2,2
6122,93,88,5,5
6123,155,149,6,6
6124,127,118,9,9
6125,78,79,-1,1
6126,87,89,-2,2
6127,73,75,-2,2
6128,92,91,1,1
6129,86,84,2,2
6130,117,110,7,7
6131,65,63,2,2
6132,44,34,10,10
6133,142,134,8,8
6134,83,89,-6,6
6135,104,95,9,9
6136,119,103,16,16
6137,112,106,6,6
6138,96,83,13,13
6139,58,63,-5,5
6140,44,34,10,10
6141,107,107,0,0
6142,115,111,4,4
6143,87,91,-4,4
6144,102,99,3,3
6145,89,84,5,5
6146,119,112,7,7
6147,101,95,6,6
6148,55,59,-4,4
6149,92,83,9,9
6150,108,98,10,10
6151,57,58,-1,1
6152,119,108,11,11
6153,133,124,9,9
6154,80,82,-2,2
6155,66,69,-3,3
6156,114,103,11,11
6157,111,111,0,0
6158,140,127,13,13
6159,108,89,19,19
6160,89,94,-5,5
6161,88,78,10,10
6162,76,83,-7,7
6163,80,78,2,2
6164,98,88,10,10
6165,73,76,-3,3
6166,136,126,10,10
6167,50,51,-1,1
6168,88,95,-7,7
6169,69,72,-3,3
6170,151,138,13,13
6171,66,63,3,3
6172,73,71,2,2
6173,65,64,1,1
6174,72,76,-4,4
6175,52,55,-3,3
6176,108,95,13,13
6177,86,84,2,2
6178,34,50,-16,16
6179,183,175,8,8
6180,54,50,4,4
6181,122,123,-1,1
6182,64,66,-2,2
6183,75,76,-1,1
6184,105,94,11,11
6185,65,69,-4,4
6186,84,90,-6,6
6187,101,96,5,5
6188,117,108,9,9
6189,148,141,7,7
6190,66,67,-1,1
6191,106,109,-3,3
6192,147,124,23,23
6193,108,107,1,1
6194,133,105,28,28
6195,42,47,-5,5
6196,67,63,4,4
6197,117,104,13,13
6198,127,129,-2,2
6199,84,82,2,2
6200,72,69,3,3
6201,77,73,4,4
6202,83,77,6,6
6203,77,86,-9,9
6204,133,124,9,9
6205,61,69,-8,8
6206,75,83,-8,8
6207,81,77,4,4
6208,95,90,5,5
6209,115,109,6,6
6210,106,92,14,14
6211,85,77,8,8
6212,89,86,3,3
6213,103,97,6,6
6214,78,75,3,3
6215,83,79,4,4
6216,128,110,18,18
6217,64,70,-6,6
6218,87,85,2,2
6219,108,94,14,14
6220,108,102,6,6
6221,77,75,2,2
6222,65,73,-8,8
6223,56,58,-2,2
6224,69,63,6,6
6225,83,84,-1,1
6226,93,94,-1,1
6227,85,84,1,1
6228,177,168,9,9
6229,52,55,-3,3
6230,35,34,1,1
6231,128,110,18,18
6232,98,94,4,4
6233,83,80,3,3
6234,67,64,3,3
6235,102,99,3,3
6236,115,111,4,4
6237,103,93,10,10
6238,99,99,0,0
6239,100,96,4,4
6240,148,124,24,24
6241,67,68,-1,1
6242,131,123,8,8
6243,76,74,2,2
6244,91,89,2,2
6245,110,91,19,19
6246,133,128,5,5
6247,77,86,-9,9
6248,151,144,7,7
6249,130,133,-3,3
6250,80,82,-2,2
6251,86,85,1,1
6252,117,122,-5,5
6253,72,70,2,2
6254,104,101,3,3
6255,108,98,10,10
6256,103,101,2,2
6257,57,64,-7,7
6258,30,34,-4,4
6259,70,72,-2,2
6260,93,104,-11,11
6261,75,71,4,4
6262,46,47,-1,1
6263,169,131,38,38
6264,88,85,3,3
6265,71,75,-4,4
6266,97,101,-4,4
6267,133,117,16,16
6268,77,79,-2,2
6269,93,94,-1,1
6270,52,65,-13,13
6271,124,129,-5,5
6272,60,88,-28,28
6273,53,61,-8,8
6274,98,93,5,5
6275,105,89,16,16
6276,92,84,8,8
6277,106,96,10,10
6278,55,56,-1,1
6279,94,94,0,0
6280,94,80,14,14
6281,67,71,-4,4
6282,109,97,12,12
6283,61,65,-4,4
6284,49,58,-9,9
6285,99,93,6,6
6286,109,99,10,10
6287,73,69,4,4
6288,107,100,7,7
6289,82,80,2,2
6290,122,117,5,5
6291,50,47,3,3
6292,102,93,9,9
6293,99,92,7,7
6294,40,34,6,6
6295,61,62,-1,1
6296,94,94,0,0
6297,55,61,-6,6
6298,66,65,1,1
6299,58,67,-9,9
6300,139,143,-4,4
6301,104,90,14,14
6302,74,71,3,3
6303,77,71,6,6
6304,77,74,3,3
6305,91,90,1,1
6306,74,71,3,3
6307,63,64,-1,1
6308,56,58,-2,2
6309,103,107,-4,4
6310,83,83,0,0
6311,69,77,-8,8
6312,165,144,21,21
6313,109,107,2,2
6314,93,81,12,12
6315,123,116,7,7
6316,142,134,8,8
6317,71,67,4,4
6318,102,99,3,3
6319,81,79,2,2
6320,178,149,29,29
6321,75,71,4,4
6322,68,72,-4,4
6323,135,121,14,14
6324,103,102,1,1
6325,108,108,0,0
6326,62,75,-13,13
6327,95,99,-4,4
6328,114,101,13,13
6329,120,115,5,5
6330,124,125,-1,1
6331,90,87,3,3
6332,29,34,-5,5
6333,69,72,-3,3
6334,61,71,-10,10
6335,85,81,4,4
6336,83,89,-6,6
6337,122,108,14,14
6338,148,133,15,15
6339,108,97,11,11
6340,96,97,-1,1
6341,75,76,-1,1
6342,101,108,-7,7
6343,81,78,3,3
6344,98,98,0,0
6345,95,90,5,5
6346,100,95,5,5
6347,96,99,-3,3
6348,161,165,-4,4
6349,84,82,2,2
6350,55,58,-3,3
6351,59,67,-8,8
6352,124,119,5,5
6353,137,128,9,9
6354,118,108,10,10
6355,144,122,22,22
6356,182,167,15,15
6357,126,116,10,10
6358,127,114,13,13
6359,111,105,6,6
6360,92,89,3,3
6361,106,100,6,6
6362,74,77,-3,3
6363,68,82,-14,14
6364,108,110,-2,2
6365,95,88,7,7
6366,103,100,3,3
6367,81,84,-3,3
6368,86,89,-3,3
6369,170,148,22,22
6370,50,54,-4,4
6371,51,57,-6,6
6372,94,87,7,7
6373,146,149,-3,3
6374,74,74,0,0
6375,100,89,11,11
6376,128,111,17,17
6377,74,68,6,6
6378,108,101,7,7
6379,77,80,-3,3
6380,63,67,-4,4
6381,50,45,5,5
6382,109,102,7,7
6383,52,57,-5,5
6384,68,80,-12,12
6385,90,95,-5,5
6386,80,85,-5,5
6387,55,66,-11,11
6388,103,93,10,10
6389,84,85,-1,1
6390,90,81,9,9
6391,66,76,-10,10
6392,167,154,13,13
6393,82,84,-2,2
6394,73,71,2,2
6395,86,91,-5,5
6396,71,74,-3,3
6397,80,84,-4,4
6398,92,94,-2,2
6399,117,101,16,16
6400,51,53,-2,2
6401,94,95,-1,1
6402,84,82,2,2
6403,135,132,3,3
6404,66,73,-7,7
6405,151,141,10,10
6406,92,93,-1,1
6407,102,95,7,7
6408,116,102,14,14
6409,50,60,-10,10
6410,88,89,-1,1
6411,119,114,5,5
6412,107,105,2,2
6413,93,98,-5,5
6414,142,129,13,13
6415,52,51,1,1
6416,115,114,1,1
6417,52,55,-3,3
6418,56,57,-1,1
6419,152,127,25,25
6420,83,75,8,8
6421,62,66,-4,4
6422,64,75,-11,11
6423,119,107,12,12
6424,157,133,24,24
6425,51,61,-10,10
6426,118,114,4,4
6427,58,68,-10,10
6428,94,89,5,5
6429,45,49,-4,4
6430,120,107,13,13
6431,88,87,1,1
6432,84,89,-5,5
6433,131,126,5,5
6434,98,91,7,7
6435,50,53,-3,3
6436,88,86,2,2
6437,101,110,-9,9
6438,78,74,4,4
6439,40,64,-24,24
6440,103,107,-4,4
6441,96,85,11,11
6442,83,80,3,3
6443,93,88,5,5
6444,82,74,8,8
6445,103,97,6,6
6446,41,64,-23,23
6447,39,42,-3,3
6448,60,58,2,2
6449,137,126,11,11
6450,46,34,12,12
6451,51,55,-4,4
6452,82,84,-2,2
6453,131,116,15,15
6454,66,75,-9,9
6455,76,72,4,4
6456,204,180,24,24
6457,106,103,3,3
6458,72,68,4,4
6459,145,140,5,5
6460,80,76,4,4
6461,89,91,-2,2
6462,148,146,2,2
6463,141,119,22,22
6464,59,63,-4,4
6465,51,43,8,8
6466,88,84,4,4
6467,77,75,2,2
6468,103,101,2,2
6469,94,84,10,10
6470,92,83,9,9
6471,82,77,5,5
6472,89,94,-5,5
6473,72,74,-2,2
6474,135,123,12,12
6475,135,120,15,15
6476,85,82,3,3
6477,63,69,-6,6
6478,173,159,14,14
6479,108,104,4,4
6480,141,119,22,22
6481,85,87,-2,2
6482,144,135,9,9
6483,66,67,-1,1
6484,86,88,-2,2
6485,84,76,8,8
6486,107,96,11,11
6487,60,62,-2,2
6488,62,71,-9,9
6489,174,169,5,5
6490,68,64,4,4
6491,74,77,-3,3
6492,67,67,0,0
6493,72,67,5,5
6494,117,106,11,11
6495,93,114,-21,21
6496,69,77,-8,8
6497,75,76,-1,1
6498,84,79,5,5
6499,101,100,1,1
6500,78,77,1,1
6501,202,185,17,17
6502,97,106,-9,9
6503,79,80,-1,1
6504,97,100,-3,3
6505,60,68,-8,8
6506,58,59,-1,1
6507,113,117,-4,4
6508,63,63,0,0
6509,79,78,1,1
6510,94,92,2,2
6511,129,123,6,6
6512,142,135,7,7
6513,96,92,4,4
6514,83,74,9,9
6515,137,123,14,14
6516,99,94,5,5
6517,92,91,1,1
6518,92,94,-2,2
6519,69,68,1,1
6520,126,135,-9,9
6521,148,151,-3,3
6522,90,88,2,2
6523,94,85,9,9
6524,111,105,6,6
6525,86,90,-4,4
6526,49,60,-11,11
6527,124,112,12,12
6528,107,105,2,2
6529,129,118,11,11
6530,58,55,3,3
6531,70,69,1,1
6532,70,77,-7,7
6533,91,82,9,9
6534,86,76,10,10
6535,102,99,3,3
6536,83,88,-5,5
6537,119,114,5,5
6538,76,72,4,4
6539,49,46,3,3
6540,94,80,14,14
6541,124,104,20,20
6542,65,65,0,0
6543,96,104,-8,8
6544,170,161,9,9
6545,68,74,-6,6
6546,28,30,-2,2
6547,135,133,2,2
6548,151,128,23,23
6549,80,84,-4,4
6550,79,92,-13,13
6551,68,80,-12,12
6552,118,101,17,17
6553,73,73,0,0
6554,104,111,-7,7
6555,147,125,22,22
6556,91,91,0,0
6557,147,124,23,23
6558,55,62,-7,7
6559,66,68,-2,2
6560,121,110,11,11
6561,70,72,-2,2
6562,107,102,5,5
6563,153,144,9,9
6564,124,122,2,2
6565,59,69,-10,10
6566,90,85,5,5
6567,57,67,-10,10
6568,129,111,18,18
6569,98,101,-3,3
6570,152,134,18,18
6571,55,63,-8,8
6572,93,66,27,27
6573,61,61,0,0
6574,135,123,12,12
6575,72,69,3,3
6576,105,107,-2,2
6577,65,94,-29,29
6578,91,88,3,3
6579,117,108,9,9
6580,85,89,-4,4
6581,125,112,13,13
6582,57,66,-9,9
6583,151,133,18,18
6584,68,73,-5,5
6585,104,108,-4,4
6586,53,60,-7,7
6587,88,86,2,2
6588,91,83,8,8
6589,184,148,36,36
6590,99,93,6,6
6591,189,162,27,27
6592,186,163,23,23
6593,125,111,14,14
6594,62,73,-11,11
6595,103,99,4,4
6596,183,173,10,10
6597,62,58,4,4
6598,66,67,-1,1
6599,73,69,4,4
6600,114,108,6,6
6601,123,122,1,1
6602,108,91,17,17
6603,115,104,11,11
6604,124,114,10,10
6605,66,77,-11,11
6606,104,82,22,22
6607,75,75,0,0
6608,108,110,-2,2
6609,81,85,-4,4
6610,82,71,11,11
6611,80,74,6,6
6612,30,34,-4,4
6613,90,85,5,5
6614,62,62,0,0
6615,86,78,8,8
6616,56,59,-3,3
6617,95,96,-1,1
6618,100,98,2,2
6619,102,95,7,7
6620,102,100,2,2
6621,59,59,0,0
6622,152,132,20,20
6623,163,157,6,6
6624,143,132,11,11
6625,162,149,13,13
6626,84,87,-3,3
6627,78,80,-2,2
6628,92,95,-3,3
6629,79,80,-1,1
6630,78,73,5,5
6631,120,103,17,17
6632,99,92,7,7
6633,103,88,15,15
6634,76,82,-6,6
6635,80,78,2,2
6636,66,67,-1,1
6637,128,121,7,7
6638,85,72,13,13
6639,100,100,0,0
6640,46,57,-11,11
6641,125,120,5,5
6642,111,112,-1,1
6643,119,112,7,7
6644,59,63,-4,4
6645,55,56,-1,1
6646,158,144,14,14
6647,106,108,-2,2
6648,136,131,5,5
6649,108,96,12,12
6650,124,115,9,9
6651,106,104,2,2
6652,92,81,11,11
6653,118,120,-2,2
6654,108,100,8,8
6655,114,106,8,8
6656,51,57,-6,6
6657,85,83,2,2
6658,61,86,-25,25
6659,74,72,2,2
6660,67,68,-1,1
6661,108,100,8,8
6662,132,125,7,7
6663,78,71,7,7
6664,102,106,-4,4
6665,175,145,30,30
6666,140,132,8,8
6667,93,88,5,5
6668,75,81,-6,6
6669,98,95,3,3
6670,98,89,9,9
6671,119,104,15,15
6672,121,142,-21,21
6673,94,94,0,0
6674,117,101,16,16
6675,108,107,1,1
6676,87,101,-14,14
6677,100,93,7,7
6678,88,84,4,4
6679,86,71,15,15
6680,65,67,-2,2
6681,81,77,4,4
6682,89,86,3,3
6683,114,101,13,13
6684,108,104,4,4
6685,95,84,11,11
6686,100,96,4,4
6687,98,98,0,0
6688,88,84,4,4
6689,95,84,11,11
6690,92,90,2,2
6691,161,149,12,12
6692,57,57,0,0
6693,89,88,1,1
6694,67,56,11,11
6695,101,100,1,1
6696,102,105,-3,3
6697,84,84,0,0
6698,64,64,0,0
6699,127,123,4,4
6700,97,95,2,2
6701,101,98,3,3
6702,65,71,-6,6
6703,89,82,7,7
6704,70,70,0,0
6705,67,72,-5,5
6706,169,155,14,14
6707,59,70,-11,11
6708,163,144,19,19
6709,38,39,-1,1
6710,117,110,7,7
6711,53,56,-3,3
6712,52,55,-3,3
6713,120,116,4,4
6714,80,70,10,10
6715,52,62,-10,10
6716,127,139,-12,12
6717,87,92,-5,5
6718,54,78,-24,24
6719,66,62,4,4
6720,98,94,4,4
6721,112,110,2,2
6722,56,60,-4,4
6723,114,106,8,8
6724,90,86,4,4
6725,87,86,1,1
6726,58,63,-5,5
6727,118,112,6,6
6728,96,95,1,1
6729,102,107,-5,5
6730,84,87,-3,3
6731,111,103,8,8
6732,62,67,-5,5
6733,73,72,1,1
6734,69,70,-1,1
6735,133,123,10,10
6736,87,80,7,7
6737,64,65,-1,1
6738,85,86,-1,1
6739,103,93,10,10
6740,86,82,4,4
6741,68,69,-1,1
6742,145,141,4,4
6743,74,68,6,6
6744,91,94,-3,3
6745,102,92,10,10
6746,128,120,8,8
6747,104,105,-1,1
6748,110,115,-5,5
6749,56,56,0,0
6750,83,83,0,0
6751,109,110,-1,1
6752,77,74,3,3
6753,164,137,27,27
6754,137,130,7,7
6755,134,119,15,15
6756,172,159,13,13
6757,116,108,8,8
6758,80,78,2,2
6759,50,58,-8,8
6760,168,147,21,21
6761,68,74,-6,6
6762,88,90,-2,2
6763,48,49,-1,1
6764,60,61,-1,1
6765,135,131,4,4
6766,75,68,7,7
6767,187,170,17,17
6768,78,73,5,5
6769,117,96,21,21
6770,109,110,-1,1
6771,79,73,6,6
6772,80,79,1,1
6773,72,74,-2,2
6774,105,101,4,4
6775,130,132,-2,2
6776,108,111,-3,3
6777,39,45,-6,6
6778,94,95,-1,1
6779,76,85,-9,9
6780,84,86,-2,2
6781,110,116,-6,6
6782,79,78,1,1
6783,129,107,22,22
6784,66,67,-1,1
6785,73,75,-2,2
6786,90,83,7,7
6787,69,72,-3,3
6788,76,69,7,7
6789,96,106,-10,10
6790,113,108,5,5
6791,118,114,4,4
6792,78,74,4,4
6793,92,85,7,7
6794,96,89,7,7
6795,111,116,-5,5
6796,143,144,-1,1
6797,101,94,7,7
6798,99,100,-1,1
6799,110,117,-7,7
6800,105,108,-3,3
6801,79,79,0,0
6802,80,92,-12,12
6803,54,53,1,1
6804,86,82,4,4
6805,66,78,-12,12
6806,96,88,8,8
6807,151,144,7,7
6808,78,99,-21,21
6809,82,91,-9,9
6810,93,89,4,4
6811,57,68,-11,11
6812,129,116,13,13
6813,89,85,4,4
6814,83,80,3,3
6815,72,78,-6,6
6816,85,84,1,1
6817,58,62,-4,4
6818,69,70,-1,1
6819,69,81,-12,12
6820,55,56,-1,1
6821,114,103,11,11
6822,145,124,21,21
6823,81,88,-7,7
6824,41,50,-9,9
6825,88,101,-13,13
6826,108,107,1,1
6827,104,99,5,5
6828,74,66,8,8
6829,111,104,7,7
6830,74,72,2,2
6831,82,77,5,5
6832,129,119,10,10
6833,75,79,-4,4
6834,137,124,13,13
6835,135,126,9,9
6836,93,80,13,13
6837,73,85,-12,12
6838,125,120,5,5
6839,110,118,-8,8
6840,147,155,-8,8
6841,86,91,-5,5
6842,96,89,7,7
6843,104,98,6,6
6844,110,110,0,0
6845,80,78,2,2
6846,66,73,-7,7
6847,168,156,12,12
6848,123,130,-7,7
6849,138,134,4,4
6850,66,67,-1,1
6851,66,64,2,2
6852,143,126,17,17
6853,88,77,11,11
6854,76,83,-7,7
6855,143,143,0,0
6856,108,99,9,9
6857,74,73,1,1
6858,76,74,2,2
6859,59,64,-5,5
6860,87,80,7,7
6861,113,106,7,7
6862,57,61,-4,4
6863,56,67,-11,11
6864,102,92,10,10
6865,74,75,-1,1
6866,89,90,-1,1
6867,75,79,-4,4
6868,128,125,3,3
6869,106,110,-4,4
6870,92,84,8,8
6871,138,135,3,3
6872,75,70,5,5
6873,103,97,6,6
6874,120,105,15,15
6875,136,119,17,17
6876,72,74,-2,2
6877,128,131,-3,3
6878,128,123,5,5
6879,150,139,11,11
6880,86,79,7,7
6881,85,84,1,1
6882,62,64,-2,2
6883,76,75,1,1
6884,123,115,8,8
6885,64,66,-2,2
6886,116,114,2,2
6887,62,68,-6,6
6888,81,82,-1,1
6889,118,107,11,11
6890,117,112,5,5
6891,123,109,14,14
6892,144,124,20,20
6893,109,103,6,6
6894,79,76,3,3
6895,97,99,-2,2
6896,87,81,6,6
6897,55,58,-3,3
6898,65,69,-4,4
6899,103,100,3,3
6900,90,77,13,13
6901,87,82,5,5
6902,43,34,9,9
6903,92,87,5,5
6904,147,144,3,3
6905,106,97,9,9
6906,68,76,-8,8
6907,71,65,6,6
6908,97,96,1,1
6909,93,92,1,1
6910,69,85,-16,16
6911,92,96,-4,4
6912,77,81,-4,4
6913,132,125,7,7
6914,87,86,1,1
6915,118,107,11,11
6916,58,61,-3,3
6917,43,34,9,9
6918,80,86,-6,6
6919,118,106,12,12
6920,107,116,-9,9
6921,132,124,8,8
6922,86,92,-6,6
6923,114,104,10,10
6924,85,80,5,5
6925,66,69,-3,3
6926,65,65,0,0
6927,84,84,0,0
6928,122,114,8,8
6929,74,77,-3,3
6930,154,152,2,2
6931,93,89,4,4
6932,40,69,-29,29
6933,88,81,7,7
6934,84,85,-1,1
6935,67,68,-1,1
6936,113,112,1,1
6937,110,109,1,1
6938,217,189,28,28
6939,99,100,-1,1
6940,107,109,-2,2
6941,120,117,3,3
6942,116,105,11,11
6943,70,79,-9,9
6944,86,81,5,5
6945,89,93,-4,4
6946,75,75,0,0
6947,72,72,0,0
6948,75,74,1,1
6949,55,65,-10,10
6950,196,188,8,8
6951,114,103,11,11
6952,142,96,46,46
6953,76,77,-1,1
6954,71,65,6,6
6955,80,85,-5,5
6956,81,77,4,4
6957,106,96,10,10
6958,126,115,11,11
6959,114,111,3,3
6960,90,87,3,3
6961,134,123,11,11
6962,112,107,5,5
6963,86,85,1,1
6964,109,114,-5,5
6965,98,103,-5,5
6966,123,121,2,2
6967,48,41,7,7
6968,89,84,5,5
6969,141,137,4,4
6970,122,116,6,6
6971,65,61,4,4
6972,163,145,18,18
6973,106,98,8,8
6974,145,138,7,7
6975,65,64,1,1
6976,111,92,19,19
6977,110,108,2,2
6978,40,34,6,6
6979,77,76,1,1
6980,81,77,4,4
6981,136,124,12,12
6982,124,127,-3,3
6983,107,107,0,0
6984,83,80,3,3
6985,137,125,12,12
6986,93,92,1,1
6987,95,92,3,3
6988,82,95,-13,13
6989,91,90,1,1
6990,139,120,19,19
6991,49,48,1,1
6992,36,34,2,2
6993,76,68,8,8
6994,57,64,-7,7
6995,128,128,0,0
6996,77,92,-15,15
6997,86,86,0,0
6998,144,134,10,10
6999,72,74,-2,2
7000,48,51,-3,3
7001,86,79,7,7
7002,96,88,8,8
7003,67,68,-1,1
7004,65,67,-2,2
7005,132,113,19,19
7006,128,117,11,11
7007,115,105,10,10
7008,109,107,2,2
7009,63,64,-1,1
7010,55,64,-9,9
7011,119,101,18,18
7012,70,64,6,6
7013,125,107,18,18
7014,146,130,16,16
7015,84,84,0,0
7016,120,120,0,0
7017,83,87,-4,4
7018,68,67,1,1
7019,106,97,9,9
7020,147,119,28,28
7021,81,79,2,2
7022,87,90,-3,3
7023,86,82,4,4
7024,67,74,-7,7
7025,100,92,8,8
7026,81,84,-3,3
7027,70,76,-6,6
7028,94,88,6,6
7029,123,107,16,16
7030,121,112,9,9
7031,71,74,-3,3
7032,73,71,2,2
7033,79,80,-1,1
7034,98,102,-4,4
7035,147,115,32,32
7036,86,83,3,3
7037,83,75,8,8
7038,117,107,10,10
7039,93,95,-2,2
7040,44,45,-1,1
7041,68,73,-5,5
7042,74,75,-1,1
7043,76,93,-17,17
7044,96,86,10,10
7045,80,70,10,10
7046,73,80,-7,7
7047,93,85,8,8
7048,48,53,-5,5
7049,85,83,2,2
7050,140,133,7,7
7051,81,82,-1,1
7052,57,59,-2,2
7053,93,86,7,7
7054,119,117,2,2
7055,129,132,-3,3
7056,88,85,3,3
7057,101,94,7,7
7058,91,89,2,2
7059,59,58,1,1
7060,109,115,-6,6
7061,89,78,11,11
7062,101,87,14,14
7063,116,105,11,11
7064,86,84,2,2
7065,113,107,6,6
7066,101,94,7,7
7067,110,110,0,0
7068,115,138,-23,23
7069,137,139,-2,2
7070,64,73,-9,9
7071,133,119,14,14
7072,80,85,-5,5
7073,61,60,1,1
7074,116,117,-1,1
7075,154,142,12,12
7076,69,70,-1,1
7077,123,118,5,5
7078,63,67,-4,4
7079,99,114,-15,15
7080,52,52,0,0
7081,86,81,5,5
7082,79,77,2,2
7083,97,102,-5,5
7084,68,72,-4,4
7085,79,82,-3,3
7086,82,74,8,8
7087,66,62,4,4
7088,28,30,-2,2
7089,54,67,-13,13
7090,76,74,2,2
7091,74,82,-8,8
7092,97,95,2,2
7093,82,78,4,4
7094,103,100,3,3
7095,61,61,0,0
7096,69,63,6,6
7097,60,66,-6,6
7098,61,84,-23,23
7099,100,102,-2,2
7100,100,99,1,1
7101,129,114,15,15
7102,184,161,23,23
7103,119,116,3,3
7104,91,84,7,7
7105,99,101,-2,2
7106,100,95,5,5
7107,58,66,-8,8
7108,70,71,-1,1
7109,76,84,-8,8
7110,77,75,2,2
7111,70,68,2,2
7112,116,106,10,10
7113,149,138,11,11
7114,124,120,4,4
7115,139,113,26,26
7116,142,145,-3,3
7117,77,81,-4,4
7118,96,86,10,10
7119,215,181,34,34
7120,70,71,-1,1
7121,118,114,4,4
7122,89,89,0,0
7123,106,95,11,11
7124,117,113,4,4
7125,60,67,-7,7
7126,67,71,-4,4
7127,149,146,3,3
7128,364,384,-20,20
7129,110,101,9,9
7130,106,95,11,11
7131,161,158,3,3
7132,119,126,-7,7
7133,113,139,-26,26
7134,100,99,1,1
7135,51,60,-9,9
7136,121,112,9,9
7137,108,104,4,4
7138,107,103,4,4
7139,62,63,-1,1
7140,84,84,0,0
7141,93,81,12,12
7142,143,136,7,7
7143,136,123,13,13
7144,53,65,-12,12
7145,97,97,0,0
7146,139,137,2,2
7147,126,125,1,1
7148,46,58,-12,12
7149,172,164,8,8
7150,101,97,4,4
7151,89,89,0,0
7152,118,106,12,12
7153,71,72,-1,1
7154,120,119,1,1
7155,77,77,0,0
7156,145,126,19,19
7157,45,34,11,11
7158,80,76,4,4
7159,58,64,-6,6
7160,117,106,11,11
7161,91,87,4,4
7162,192,173,19,19
7163,68,65,3,3
7164,71,65,6,6
7165,82,79,3,3
7166,84,84,0,0
7167,70,79,-9,9
7168,47,57,-10,10
7169,95,88,7,7
7170,59,63,-4,4
7171,154,135,19,19
7172,131,119,12,12
7173,98,99,-1,1
7174,38,44,-6,6
7175,86,89,-3,3
7176,55,60,-5,5
7177,40,34,6,6
7178,119,112,7,7
7179,247,213,34,34
7180,96,99,-3,3
7181,69,74,-5,5
7182,87,91,-4,4
7183,93,97,-4,4
7184,84,80,4,4
7185,127,127,0,0
7186,106,99,7,7
7187,62,64,-2,2
7188,84,86,-2,2
7189,48,57,-9,9
7190,116,119,-3,3
7191,83,77,6,6
7192,123,123,0,0
7193,97,89,8,8
7194,119,105,14,14
7195,113,110,3,3
7196,70,74,-4,4
7197,123,121,2,2
7198,86,80,6,6
7199,49,56,-7,7
7200,113,107,6,6
7201,100,98,2,2
7202,131,125,6,6
7203,93,90,3,3
7204,92,85,7,7
7205,73,72,1,1
7206,61,65,-4,4
7207,72,66,6,6
7208,91,88,3,3
7209,86,85,1,1
7210,82,77,5,5
7211,179,169,10,10
7212,121,105,16,16
7213,58,62,-4,4
7214,83,74,9,9
7215,100,82,18,18
7216,84,80,4,4
7217,76,73,3,3
7218,83,74,9,9
7219,81,81,0,0
7220,119,113,6,6
7221,160,143,17,17
7222,97,97,0,0
7223,143,151,-8,8
7224,49,34,15,15
7225,188,163,25,25
7226,79,78,1,1
7227,62,66,-4,4
7228,71,66,5,5
7229,114,118,-4,4
7230,167,162,5,5
7231,100,90,10,10
7232,90,85,5,5
7233,106,105,1,1
7234,129,128,1,1
7235,81,77,4,4
7236,52,54,-2,2
7237,86,82,4,4
7238,92,105,-13,13
7239,59,65,-6,6
7240,98,101,-3,3
7241,94,87,7,7
7242,173,160,13,13
7243,82,89,-7,7
7244,121,115,6,6
7245,84,75,9,9
7246,44,34,10,10
7247,88,93,-5,5
7248,91,82,9,9
7249,97,92,5,5
7250,46,42,4,4
7251,114,106,8,8
7252,108,97,11,11
7253,66,68,-2,2
7254,71,70,1,1
7255,76,76,0,0
7256,159,149,10,10
7257,39,34,5,5
7258,47,57,-10,10
7259,142,122,20,20
7260,124,127,-3,3
7261,109,106,3,3
7262,110,110,0,0
7263,59,58,1,1
7264,107,94,13,13
7265,59,59,0,0
7266,93,92,1,1
7267,96,97,-1,1
7268,40,50,-10,10
7269,124,116,8,8
7270,90,77,13,13
7271,52,56,-4,4
7272,95,87,8,8
7273,81,78,3,3
7274,171,147,24,24
7275,78,67,11,11
7276,97,85,12,12
7277,82,87,-5,5
7278,93,86,7,7
7279,106,106,0,0
7280,129,114,15,15
7281,110,116,-6,6
7282,28,57,-29,29
7283,152,150,2,2
7284,113,98,15,15
7285,62,63,-1,1
7286,51,53,-2,2
7287,167,166,1,1
7288,60,57,3,3
7289,176,159,17,17
7290,139,135,4,4
7291,193,180,13,13
7292,78,79,-1,1
7293,76,71,5,5
7294,80,74,6,6
7295,86,101,-15,15
7296,102,90,12,12
7297,51,49,2,2
7298,32,32,0,0
7299,133,112,21,21
7300,160,142,18,18
7301,75,73,2,2
7302,84,76,8,8
7303,85,85,0,0
7304,89,89,0,0
7305,69,67,2,2
7306,113,108,5,5
7307,69,68,1,1
7308,76,82,-6,6
7309,56,77,-21,21
7310,86,75,11,11
7311,92,96,-4,4
7312,54,60,-6,6
7313,100,90,10,10
7314,37,34,3,3
7315,140,131,9,9
7316,57,70,-13,13
7317,83,85,-2,2
7318,75,69,6,6
7319,59,64,-5,5
7320,99,115,-16,16
7321,108,97,11,11
7322,93,95,-2,2
7323,78,84,-6,6
7324,166,159,7,7
7325,81,80,1,1
7326,80,79,1,1
7327,166,138,28,28
7328,56,59,-3,3
7329,108,104,4,4
7330,88,85,3,3
7331,124,126,-2,2
7332,71,73,-2,2
7333,111,97,14,14
7334,77,89,-12,12
7335,84,79,5,5
7336,85,84,1,1
7337,103,91,12,12
7338,67,75,-8,8
7339,128,113,15,15
7340,54,51,3,3
7341,98,92,6,6
7342,115,126,-11,11
7343,80,78,2,2
7344,66,67,-1,1
7345,84,78,6,6
7346,179,165,14,14
7347,70,74,-4,4
7348,93,92,1,1
7349,139,148,-9,9
7350,136,121,15,15
7351,173,164,9,9
7352,112,102,10,10
7353,76,83,-7,7
7354,112,111,1,1
7355,118,123,-5,5
7356,109,98,11,11
7357,101,104,-3,3
7358,105,93,12,12
7359,67,62,5,5
7360,131,118,13,13
7361,41,54,-13,13
7362,49,46,3,3
7363,113,106,7,7
7364,137,135,2,2
7365,96,97,-1,1
7366,68,68,0,0
7367,110,104,6,6
7368,70,73,-3,3
7369,155,156,-1,1
7370,58,60,-2,2
7371,140,144,-4,4
7372,119,118,1,1
7373,67,69,-2,2
7374,79,79,0,0
7375,68,68,0,0
7376,62,62,0,0
7377,48,55,-7,7
7378,104,104,0,0
7379,67,76,-9,9
7380,63,67,-4,4
7381,70,69,1,1
7382,83,86,-3,3
7383,66,66,0,0
7384,67,76,-9,9
7385,54,56,-2,2
7386,144,141,3,3
7387,68,71,-3,3
7388,76,80,-4,4
7389,62,62,0,0
7390,147,129,18,18
7391,80,98,-18,18
7392,53,57,-4,4
7393,73,69,4,4
7394,74,72,2,2
7395,63,70,-7,7
7396,111,109,2,2
7397,199,171,28,28
7398,90,89,1,1
7399,65,66,-1,1
7400,68,65,3,3
7401,81,79,2,2
7402,95,92,3,3
7403,83,83,0,0
7404,99,85,14,14
7405,64,71,-7,7
7406,70,73,-3,3
7407,62,59,3,3
7408,60,65,-5,5
7409,84,88,-4,4
7410,63,64,-1,1
7411,91,95,-4,4
7412,53,68,-15,15
7413,114,103,11,11
7414,102,96,6,6
7415,80,65,15,15
7416,85,93,-8,8
7417,112,113,-1,1
7418,86,87,-1,1
7419,61,67,-6,6
7420,118,105,13,13
7421,108,89,19,19
7422,179,153,26,26
7423,87,85,2,2
7424,185,161,24,24
7425,91,85,6,6
7426,73,77,-4,4
7427,63,56,7,7
7428,159,137,22,22
7429,146,138,8,8
7430,75,84,-9,9
7431,73,74,-1,1
7432,107,95,12,12
7433,93,90,3,3
7434,89,93,-4,4
7435,82,95,-13,13
7436,79,74,5,5
7437,50,55,-5,5
7438,69,73,-4,4
7439,89,92,-3,3
7440,145,143,2,2
7441,84,91,-7,7
7442,115,116,-1,1
7443,103,118,-15,15
7444,90,94,-4,4
7445,57,56,1,1
7446,118,100,18,18
7447,99,98,1,1
7448,124,110,14,14
7449,102,108,-6,6
7450,97,91,6,6
7451,64,63,1,1
7452,78,71,7,7
7453,121,116,5,5
7454,163,148,15,15
7455,63,61,2,2
7456,53,61,-8,8
7457,71,72,-1,1
7458,79,80,-1,1
7459,102,100,2,2
7460,130,119,11,11
7461,114,109,5,5
7462,118,121,-3,3
7463,93,94,-1,1
7464,78,77,1,1
7465,87,86,1,1
7466,107,97,10,10
7467,105,97,8,8
7468,135,127,8,8
7469,64,65,-1,1
7470,80,76,4,4
7471,79,85,-6,6
7472,156,152,4,4
7473,123,122,1,1
7474,81,88,-7,7
7475,91,90,1,1
7476,184,159,25,25
7477,62,69,-7,7
7478,76,82,-6,6
7479,112,105,7,7
7480,60,67,-7,7
7481,103,93,10,10
7482,83,84,-1,1
7483,69,69,0,0
7484,206,189,17,17
7485,78,82,-4,4
7486,82,74,8,8
7487,81,84,-3,3
7488,39,34,5,5
7489,109,107,2,2
7490,32,49,-17,17
7491,65,72,-7,7
7492,88,84,4,4
7493,94,94,0,0
7494,87,93,-6,6
7495,74,71,3,3
7496,88,83,5,5
7497,103,107,-4,4
7498,72,64,8,8
7499,83,82,1,1
7500,197,198,-1,1
7501,41,34,7,7
7502,76,74,2,2
7503,129,110,19,19
7504,40,62,-22,22
7505,136,133,3,3
7506,62,63,-1,1
7507,66,65,1,1
7508,106,114,-8,8
7509,62,62,0,0
7510,109,100,9,9
7511,136,122,14,14
7512,100,96,4,4
7513,160,146,14,14
7514,105,103,2,2
7515,122,111,11,11
7516,98,99,-1,1
7517,78,75,3,3
7518,75,78,-3,3
7519,67,69,-2,2
7520,56,59,-3,3
7521,60,61,-1,1
7522,38,34,4,4
7523,53,60,-7,7
7524,57,70,-13,13
7525,113,105,8,8
7526,83,76,7,7
7527,81,73,8,8
7528,136,133,3,3
7529,78,71,7,7
7530,89,86,3,3
7531,86,84,2,2
7532,68,72,-4,4
7533,156,147,9,9
7534,85,82,3,3
7535,126,122,4,4
7536,57,69,-12,12
7537,114,112,2,2
7538,113,99,14,14
7539,75,82,-7,7
7540,130,117,13,13
7541,79,66,13,13
7542,112,103,9,9
7543,120,116,4,4
7544,76,77,-1,1
7545,86,78,8,8
7546,60,62,-2,2
7547,52,60,-8,8
7548,80,72,8,8
7549,136,124,12,12
7550,71,73,-2,2
7551,152,148,4,4
7552,59,65,-6,6
7553,88,78,10,10
7554,71,69,2,2
7555,71,67,4,4
7556,88,91,-3,3
7557,44,50,-6,6
7558,95,98,-3,3
7559,99,94,5,5
7560,74,80,-6,6
7561,148,132,16,16
7562,74,70,4,4
7563,103,90,13,13
7564,70,66,4,4
7565,128,113,15,15
7566,70,75,-5,5
7567,69,75,-6,6
7568,95,75,20,20
7569,125,122,3,3
7570,87,89,-2,2
7571,130,125,5,5
7572,105,113,-8,8
7573,96,90,6,6
7574,90,90,0,0
7575,52,54,-2,2
7576,77,89,-12,12
7577,143,134,9,9
7578,97,102,-5,5
7579,81,81,0,0
7580,55,54,1,1
7581,122,125,-3,3
7582,59,65,-6,6
7583,106,100,6,6
7584,146,124,22,22
7585,62,63,-1,1
7586,122,116,6,6
7587,166,149,17,17
7588,76,69,7,7
7589,82,85,-3,3
7590,114,105,9,9
7591,113,117,-4,4
7592,94,91,3,3
7593,113,114,-1,1
7594,79,82,-3,3
7595,106,101,5,5
7596,123,118,5,5
7597,118,108,10,10
7598,80,76,4,4
7599,94,91,3,3
7600,89,80,9,9
7601,64,61,3,3
7602,113,110,3,3
7603,137,125,12,12
7604,53,102,-49,49
7605,133,129,4,4
7606,65,76,-11,11
7607,78,79,-1,1
7608,40,34,6,6
7609,60,65,-5,5
7610,52,58,-6,6
7611,136,124,12,12
7612,155,146,9,9
7613,94,94,0,0
7614,75,76,-1,1
7615,36,34,2,2
7616,132,120,12,12
7617,117,108,9,9
7618,136,141,-5,5
7619,141,124,17,17
7620,65,72,-7,7
7621,96,83,13,13
7622,68,70,-2,2
7623,144,121,23,23
7624,148,139,9,9
7625,117,112,5,5
7626,60,72,-12,12
7627,98,94,4,4
7628,114,106,8,8
7629,139,120,19,19
7630,109,95,14,14
7631,69,76,-7,7
7632,105,96,9,9
7633,116,105,11,11
7634,72,69,3,3
7635,74,69,5,5
7636,102,105,-3,3
7637,62,53,9,9
7638,36,31,5,5
7639,94,89,5,5
7640,78,78,0,0
7641,150,133,17,17
7642,81,80,1,1
7643,154,146,8,8
7644,115,115,0,0
7645,44,57,-13,13
7646,88,90,-2,2
7647,80,74,6,6
7648,75,71,4,4
7649,58,58,0,0
7650,124,117,7,7
7651,90,88,2,2
7652,117,104,13,13
7653,93,85,8,8
7654,133,124,9,9
7655,71,67,4,4
7656,82,83,-1,1
7657,66,68,-2,2
7658,69,71,-2,2
7659,112,103,9,9
7660,114,102,12,12
7661,81,71,10,10
7662,110,108,2,2
7663,76,72,4,4
7664,97,96,1,1
7665,83,80,3,3
7666,73,75,-2,2
7667,109,102,7,7
7668,67,68,-1,1
7669,101,104,-3,3
7670,74,71,3,3
7671,122,116,6,6
7672,51,61,-10,10
7673,80,91,-11,11
7674,118,111,7,7
7675,87,80,7,7
7676,84,77,7,7
7677,135,120,15,15
7678,51,94,-43,43
7679,121,102,19,19
7680,60,61,-1,1
7681,150,140,10,10
7682,41,41,0,0
7683,55,58,-3,3
7684,149,127,22,22
7685,136,128,8,8
7686,121,102,19,19
7687,121,112,9,9
7688,50,62,-12,12
7689,61,59,2,2
7690,129,118,11,11
7691,83,93,-10,10
7692,83,94,-11,11
7693,77,73,4,4
7694,110,100,10,10
7695,110,94,16,16
7696,108,112,-4,4
7697,95,97,-2,2
7698,91,86,5,5
7699,99,88,11,11
7700,105,101,4,4
7701,104,126,-22,22
7702,82,84,-2,2
7703,68,66,2,2
7704,77,76,1,1
7705,103,95,8,8
7706,87,85,2,2
7707,55,56,-1,1
7708,94,90,4,4
7709,67,67,0,0
7710,75,91,-16,16
7711,137,131,6,6
7712,69,70,-1,1
7713,67,67,0,0
7714,77,87,-10,10
7715,68,70,-2,2
7716,117,113,4,4
7717,109,115,-6,6
7718,164,142,22,22
7719,102,113,-11,11
7720,77,86,-9,9
7721,71,82,-11,11
7722,71,75,-4,4
7723,146,127,19,19
7724,40,34,6,6
7725,121,109,12,12
7726,86,76,10,10
7727,99,98,1,1
7728,68,74,-6,6
7729,89,75,14,14
7730,71,75,-4,4
7731,72,72,0,0
7732,49,50,-1,1
7733,155,122,33,33
7734,145,141,4,4
7735,102,105,-3,3
7736,131,123,8,8
7737,101,85,16,16
7738,61,67,-6,6
7739,108,111,-3,3
7740,62,68,-6,6
7741,93,85,8,8
7742,84,84,0,0
7743,56,93,-37,37
7744,143,128,15,15
7745,145,131,14,14
7746,103,93,10,10
7747,88,85,3,3
7748,96,91,5,5
7749,63,65,-2,2
7750,88,90,-2,2
7751,50,63,-13,13
7752,106,107,-1,1
7753,89,75,14,14
7754,101,105,-4,4
7755,134,124,10,10
7756,91,85,6,6
7757,134,136,-2,2
7758,79,84,-5,5
7759,161,146,15,15
7760,127,120,7,7
7761,88,88,0,0
7762,61,68,-7,7
7763,60,72,-12,12
7764,102,93,9,9
7765,140,140,0,0
7766,69,72,-3,3
7767,101,109,-8,8
7768,175,164,11,11
7769,129,137,-8,8
7770,115,109,6,6
7771,88,98,-10,10
7772,79,76,3,3
7773,102,103,-1,1
7774,43,40,3,3
7775,97,93,4,4
7776,132,132,0,0
7777,58,58,0,0
7778,89,94,-5,5
7779,90,93,-3,3
7780,98,102,-4,4
7781,102,98,4,4
7782,88,90,-2,2
7783,106,101,5,5
7784,99,94,5,5
7785,151,137,14,14
7786,111,93,18,18
7787,65,66,-1,1
7788,71,71,0,0
7789,79,94,-15,15
7790,65,67,-2,2
7791,136,120,16,16
7792,151,147,4,4
7793,108,102,6,6
7794,121,107,14,14
7795,54,63,-9,9
7796,96,98,-2,2
7797,98,87,11,11
7798,62,67,-5,5
7799,78,80,-2,2
7800,97,94,3,3
7801,80,76,4,4
7802,65,69,-4,4
7803,74,76,-2,2
7804,118,117,1,1
7805,109,98,11,11
7806,99,96,3,3
7807,78,88,-10,10
7808,59,70,-11,11
7809,84,92,-8,8
7810,108,107,1,1
7811,89,93,-4,4
7812,119,105,14,14
7813,182,157,25,25
7814,133,113,20,20
7815,90,94,-4,4
7816,144,153,-9,9
7817,109,102,7,7
7818,154,136,18,18
7819,54,51,3,3
7820,59,65,-6,6
7821,120,113,7,7
7822,113,115,-2,2
7823,90,86,4,4
7824,119,106,13,13
7825,72,74,-2,2
7826,173,158,15,15
7827,252,225,27,27
7828,123,129,-6,6
7829,178,164,14,14
7830,207,169,38,38
7831,86,92,-6,6
7832,61,58,3,3
7833,82,90,-8,8
7834,77,77,0,0
7835,90,86,4,4
7836,85,100,-15,15
7837,133,138,-5,5
7838,67,70,-3,3
7839,71,77,-6,6
7840,118,123,-5,5
7841,168,166,2,2
7842,101,99,2,2
7843,126,113,13,13
7844,127,122,5,5
7845,197,177,20,20
7846,67,67,0,0
7847,59,60,-1,1
7848,139,131,8,8
7849,84,84,0,0
7850,75,77,-2,2
7851,124,118,6,6
7852,61,64,-3,3
7853,78,76,2,2
7854,102,89,13,13
7855,50,43,7,7
7856,72,81,-9,9
7857,98,105,-7,7
7858,109,99,10,10
7859,97,87,10,10
7860,79,73,6,6
7861,73,74,-1,1
7862,114,105,9,9
7863,118,108,10,10
7864,101,101,0,0
7865,103,102,1,1
7866,49,56,-7,7
7867,49,60,-11,11
7868,37,46,-9,9
7869,121,115,6,6
7870,69,70,-1,1
7871,126,121,5,5
7872,91,87,4,4
7873,119,107,12,12
7874,105,101,4,4
7875,129,122,7,7
7876,83,79,4,4
7877,99,95,4,4
7878,106,109,-3,3
7879,67,67,0,0
7880,132,126,6,6
7881,110,96,14,14
7882,72,67,5,5
7883,126,118,8,8
7884,129,138,-9,9
7885,74,74,0,0
7886,131,126,5,5
7887,97,96,1,1
7888,118,120,-2,2
7889,124,119,5,5
7890,66,71,-5,5
7891,99,109,-10,10
7892,93,92,1,1
7893,169,161,8,8
7894,109,112,-3,3
7895,194,173,21,21
7896,131,117,14,14
7897,67,69,-2,2
7898,102,100,2,2
7899,126,116,10,10
7900,166,164,2,2
7901,52,61,-9,9
7902,129,138,-9,9
7903,175,162,13,13
7904,77,70,7,7
7905,52,49,3,3
7906,73,68,5,5
7907,97,97,0,0
7908,49,55,-6,6
7909,112,106,6,6
7910,108,111,-3,3
7911,91,82,9,9
7912,84,101,-17,17
7913,35,45,-10,10
7914,182,181,1,1
7915,61,64,-3,3
7916,61,53,8,8
7917,79,77,2,2
7918,55,60,-5,5
7919,64,66,-2,2
7920,142,127,15,15
7921,66,67,-1,1
7922,74,79,-5,5
7923,150,139,11,11
7924,99,93,6,6
7925,106,108,-2,2
7926,72,79,-7,7
7927,121,114,7,7
7928,114,107,7,7
7929,75,72,3,3
7930,65,71,-6,6
7931,116,114,2,2
7932,99,93,6,6
7933,199,187,12,12
7934,60,62,-2,2
7935,67,65,2,2
7936,81,79,2,2
7937,178,132,46,46
7938,70,78,-8,8
7939,131,116,15,15
7940,149,133,16,16
7941,70,71,-1,1
7942,97,102,-5,5
7943,104,88,16,16
7944,73,72,1,1
7945,74,79,-5,5
7946,87,97,-10,10
7947,112,108,4,4
7948,126,115,11,11
7949,86,99,-13,13
7950,134,124,10,10
7951,117,96,21,21
7952,61,64,-3,3
7953,71,79,-8,8
7954,80,88,-8,8
7955,63,64,-1,1
7956,70,67,3,3
7957,63,75,-12,12
7958,46,53,-7,7
7959,59,66,-7,7
7960,89,87,2,2
7961,134,123,11,11
7962,113,107,6,6
7963,73,82,-9,9
7964,122,108,14,14
7965,59,64,-5,5
7966,142,141,1,1
7967,175,164,11,11
7968,61,60,1,1
7969,142,150,-8,8
7970,68,61,7,7
7971,51,58,-7,7
7972,94,97,-3,3
7973,104,95,9,9
7974,85,84,1,1
7975,155,152,3,3
7976,157,161,-4,4
7977,115,108,7,7
7978,94,96,-2,2
7979,86,96,-10,10
7980,115,119,-4,4
7981,85,84,1,1
7982,106,101,5,5
7983,64,67,-3,3
7984,38,75,-37,37
7985,51,56,-5,5
7986,106,104,2,2
7987,101,102,-1,1
7988,46,53,-7,7
7989,85,75,10,10
7990,104,98,6,6
7991,95,97,-2,2
7992,130,123,7,7
7993,151,137,14,14
7994,57,59,-2,2
7995,93,93,0,0
7996,69,68,1,1
7997,39,33,6,6
7998,76,80,-4,4
7999,84,75,9,9
8000,41,34,7,7
8001,45,54,-9,9
8002,68,71,-3,3
8003,82,84,-2,2
8004,68,71,-3,3
8005,73,70,3,3
8006,49,65,-16,16
8007,93,87,6,6
8008,75,73,2,2
8009,85,77,8,8
8010,103,99,4,4
8011,129,120,9,9
8012,116,113,3,3
8013,77,75,2,2
8014,83,82,1,1
8015,104,91,13,13
8016,124,110,14,14
8017,89,89,0,0
8018,88,101,-13,13
8019,49,63,-14,14
8020,104,105,-1,1
8021,107,103,4,4
8022,125,121,4,4
8023,57,62,-5,5
8024,104,93,11,11
8025,51,70,-19,19
8026,86,80,6,6
8027,96,96,0,0
8028,190,180,10,10
8029,84,85,-1,1
8030,105,103,2,2
8031,94,90,4,4
8032,74,72,2,2
8033,100,92,8,8
8034,126,116,10,10
8035,73,74,-1,1
8036,83,85,-2,2
8037,141,126,15,15
8038,124,119,5,5
8039,79,83,-4,4
8040,135,126,9,9
8041,81,72,9,9
8042,137,131,6,6
8043,75,76,-1,1
8044,54,70,-16,16
8045,102,100,2,2
8046,157,137,20,20
8047,93,94,-1,1
8048,155,134,21,21
8049,71,68,3,3
8050,109,103,6,6
8051,60,67,-7,7
8052,57,70,-13,13
8053,113,111,2,2
8054,130,129,1,1
8055,71,82,-11,11
8056,92,87,5,5
8057,148,122,26,26
8058,117,101,16,16
8059,68,71,-3,3
8060,161,147,14,14
8061,85,79,6,6
8062,65,64,1,1
8063,43,38,5,5
8064,102,97,5,5
8065,69,63,6,6
8066,185,180,5,5
8067,133,128,5,5
8068,104,99,5,5
8069,105,103,2,2
8070,120,113,7,7
8071,85,82,3,3
8072,73,65,8,8
8073,158,157,1,1
8074,76,74,2,2
8075,87,71,16,16
8076,148,124,24,24
8077,85,85,0,0
8078,98,83,15,15
8079,66,72,-6,6
8080,100,97,3,3
8081,110,106,4,4
8082,86,87,-1,1
8083,119,121,-2,2
8084,75,72,3,3
8085,110,123,-13,13
8086,69,73,-4,4
8087,127,105,22,22
8088,98,92,6,6
8089,116,120,-4,4
8090,65,69,-4,4
8091,94,92,2,2
8092,58,60,-2,2
8093,68,84,-16,16
8094,118,108,10,10
8095,27,29,-2,2
8096,74,68,6,6
8097,81,84,-3,3
8098,98,91,7,7
8099,56,61,-5,5
8100,101,97,4,4
8101,128,117,11,11
8102,104,107,-3,3
8103,69,66,3,3
8104,130,111,19,19
8105,121,119,2,2
8106,42,82,-40,40
8107,89,93,-4,4
8108,71,67,4,4
8109,129,115,14,14
8110,59,68,-9,9
8111,101,103,-2,2
8112,102,99,3,3
8113,109,109,0,0
8114,94,85,9,9
8115,108,108,0,0
8116,102,94,8,8
8117,89,91,-2,2
8118,121,119,2,2
8119,122,126,-4,4
8120,67,75,-8,8
8121,51,65,-14,14
8122,89,85,4,4
8123,88,92,-4,4
8124,131,109,22,22
8125,103,97,6,6
8126,151,169,-18,18
8127,134,140,-6,6
8128,108,106,2,2
8129,92,87,5,5
8130,65,62,3,3
8131,81,81,0,0
8132,68,80,-12,12
8133,91,86,5,5
8134,114,104,10,10
8135,48,61,-13,13
8136,102,103,-1,1
8137,149,142,7,7
8138,108,105,3,3
8139,60,62,-2,2
8140,103,104,-1,1
8141,65,71,-6,6
8142,119,120,-1,1
8143,104,107,-3,3
8144,64,60,4,4
8145,48,53,-5,5
8146,55,55,0,0
8147,75,77,-2,2
8148,44,57,-13,13
8149,73,79,-6,6
8150,54,57,-3,3
8151,54,63,-9,9
8152,52,59,-7,7
8153,95,86,9,9
8154,66,73,-7,7
8155,85,96,-11,11
8156,75,67,8,8
8157,95,104,-9,9
8158,95,87,8,8
8159,36,33,3,3
8160,79,81,-2,2
8161,123,117,6,6
8162,81,72,9,9
8163,176,153,23,23
8164,60,55,5,5
8165,61,74,-13,13
8166,140,122,18,18
8167,127,117,10,10
8168,96,96,0,0
8169,99,89,10,10
8170,108,97,11,11
8171,58,64,-6,6
8172,51,64,-13,13
8173,95,87,8,8
8174,58,72,-14,14
8175,76,71,5,5
8176,116,108,8,8
8177,108,98,10,10
8178,168,149,19,19
8179,27,33,-6,6
8180,145,127,18,18
8181,53,59,-6,6
8182,67,67,0,0
8183,92,90,2,2
8184,78,73,5,5
8185,113,113,0,0
8186,141,134,7,7
8187,136,120,16,16
8188,103,104,-1,1
8189,86,88,-2,2
8190,195,191,4,4
8191,75,73,2,2
8192,63,68,-5,5
8193,66,69,-3,3
8194,127,125,2,2
8195,122,110,12,12
8196,54,98,-44,44
8197,101,102,-1,1
8198,93,78,15,15
8199,64,67,-3,3
8200,108,106,2,2
8201,111,102,9,9
8202,77,69,8,8
8203,154,144,10,10
8204,94,85,9,9
8205,84,84,0,0
8206,76,87,-11,11
8207,87,78,9,9
8208,126,109,17,17
8209,82,77,5,5
8210,82,84,-2,2
8211,80,77,3,3
8212,126,123,3,3
8213,64,66,-2,2
8214,142,120,22,22
8215,143,132,11,11
8216,127,135,-8,8
8217,76,80,-4,4
8218,57,74,-17,17
8219,109,95,14,14
8220,141,132,9,9
8221,129,115,14,14
8222,114,102,12,12
8223,83,83,0,0
8224,149,143,6,6
8225,47,59,-12,12
8226,88,88,0,0
8227,88,83,5,5
8228,105,105,0,0
8229,93,98,-5,5
8230,109,96,13,13
8231,87,82,5,5
8232,43,34,9,9
8233,81,78,3,3
8234,101,78,23,23
8235,80,69,11,11
8236,112,106,6,6
8237,92,96,-4,4
8238,102,96,6,6
8239,71,70,1,1
8240,166,148,18,18
8241,98,94,4,4
8242,129,113,16,16
8243,79,84,-5,5
8244,109,101,8,8
8245,145,134,11,11
8246,166,150,16,16
8247,76,81,-5,5
8248,46,49,-3,3
8249,113,102,11,11
8250,75,83,-8,8
8251,86,76,10,10
8252,76,76,0,0
8253,88,90,-2,2
8254,67,75,-8,8
8255,100,93,7,7
8256,71,78,-7,7
8257,59,64,-5,5
8258,181,169,12,12
8259,56,60,-4,4
8260,114,94,20,20
8261,92,93,-1,1
8262,100,99,1,1
8263,75,93,-18,18
8264,188,169,19,19
8265,51,52,-1,1
8266,84,91,-7,7
8267,171,180,-9,9
8268,66,64,2,2
8269,92,84,8,8
8270,122,117,5,5
8271,40,52,-12,12
8272,87,85,2,2
8273,122,118,4,4
8274,98,88,10,10
8275,96,95,1,1
8276,120,111,9,9
8277,82,85,-3,3
8278,88,80,8,8
8279,60,65,-5,5
8280,83,78,5,5
8281,81,70,11,11
8282,151,145,6,6
8283,187,173,14,14
8284,98,106,-8,8
8285,95,86,9,9
8286,77,77,0,0
8287,144,135,9,9
8288,81,84,-3,3
8289,91,93,-2,2
8290,149,144,5,5
8291,99,111,-12,12
8292,96,85,11,11
8293,129,128,1,1
8294,63,63,0,0
8295,86,84,2,2
8296,64,71,-7,7
8297,74,64,10,10
8298,93,91,2,2
8299,85,79,6,6
8300,248,215,33,33
8301,91,89,2,2
8302,58,61,-3,3
8303,93,87,6,6
8304,93,92,1,1
8305,55,61,-6,6
8306,102,101,1,1
8307,107,96,11,11
8308,79,80,-1,1
8309,84,78,6,6
8310,95,90,5,5
8311,110,104,6,6
8312,80,78,2,2
8313,44,34,10,10
8314,96,92,4,4
8315,59,66,-7,7
8316,109,106,3,3
8317,198,186,12,12
8318,81,89,-8,8
8319,119,112,7,7
8320,106,106,0,0
8321,114,99,15,15
8322,51,59,-8,8
8323,110,103,7,7
8324,112,109,3,3
8325,99,99,0,0
8326,80,75,5,5
8327,59,70,-11,11
8328,110,112,-2,2
8329,125,109,16,16
8330,137,123,14,14
8331,73,74,-1,1
8332,190,177,13,13
8333,137,136,1,1
8334,46,49,-3,3
8335,124,122,2,2
8336,87,82,5,5
8337,114,100,14,14
8338,83,83,0,0
8339,85,85,0,0
8340,142,150,-8,8
8341,108,96,12,12
8342,129,123,6,6
8343,107,94,13,13
8344,109,107,2,2
8345,144,130,14,14
8346,76,76,0,0
8347,38,60,-22,22
8348,157,151,6,6
8349,55,59,-4,4
8350,99,103,-4,4
8351,153,135,18,18
8352,74,72,2,2
8353,74,75,-1,1
8354,78,75,3,3
8355,74,82,-8,8
8356,94,89,5,5
8357,112,99,13,13
8358,141,142,-1,1
8359,82,75,7,7
8360,160,154,6,6
8361,103,101,2,2
8362,110,101,9,9
8363,42,50,-8,8
8364,69,70,-1,1
8365,59,52,7,7
8366,98,94,4,4
8367,75,71,4,4
8368,58,61,-3,3
8369,74,69,5,5
8370,108,106,2,2
8371,66,76,-10,10
8372,105,98,7,7
8373,46,61,-15,15
8374,55,56,-1,1
8375,71,68,3,3
8376,115,112,3,3
8377,88,78,10,10
8378,47,40,7,7
8379,174,156,18,18
8380,94,84,10,10
8381,74,73,1,1
8382,84,81,3,3
8383,85,76,9,9
8384,65,61,4,4
8385,39,34,5,5
8386,118,108,10,10
8387,101,95,6,6
8388,78,82,-4,4
8389,97,106,-9,9
8390,104,95,9,9
8391,98,93,5,5
8392,81,95,-14,14
8393,112,105,7,7
8394,98,93,5,5
8395,96,102,-6,6
8396,53,50,3,3
8397,67,84,-17,17
8398,70,72,-2,2
8399,114,101,13,13
8400,104,106,-2,2
8401,65,70,-5,5
8402,80,71,9,9
8403,96,81,15,15
8404,70,68,2,2
8405,105,102,3,3
8406,100,87,13,13
8407,160,143,17,17
8408,91,97,-6,6
8409,100,97,3,3
8410,119,98,21,21
8411,65,68,-3,3
8412,99,100,-1,1
8413,172,136,36,36
8414,83,77,6,6
8415,85,78,7,7
8416,69,67,2,2
8417,59,65,-6,6
8418,93,91,2,2
8419,81,81,0,0
8420,75,76,-1,1
8421,62,64,-2,2
8422,115,103,12,12
8423,107,135,-28,28
8424,105,100,5,5
8425,51,59,-8,8
8426,76,78,-2,2
8427,88,92,-4,4
8428,145,136,9,9
8429,114,114,0,0
8430,38,34,4,4
8431,133,125,8,8
8432,74,73,1,1
8433,119,113,6,6
8434,96,89,7,7
8435,143,124,19,19
8436,60,61,-1,1
8437,130,113,17,17
8438,120,105,15,15
8439,122,135,-13,13
8440,113,105,8,8
8441,68,74,-6,6
8442,98,92,6,6
8443,143,122,21,21
8444,77,71,6,6
8445,92,91,1,1
8446,61,61,0,0
8447,74,80,-6,6
8448,94,80,14,14
8449,102,95,7,7
8450,118,110,8,8
8451,119,114,5,5
8452,193,171,22,22
8453,95,95,0,0
8454,89,86,3,3
8455,129,123,6,6
8456,124,110,14,14
8457,84,76,8,8
8458,76,79,-3,3
8459,55,59,-4,4
8460,143,130,13,13
8461,134,117,17,17
8462,88,89,-1,1
8463,132,127,5,5
8464,114,95,19,19
8465,71,69,2,2
8466,79,73,6,6
8467,101,94,7,7
8468,134,131,3,3
8469,61,34,27,27
8470,81,74,7,7
8471,107,105,2,2
8472,86,80,6,6
8473,83,84,-1,1
8474,94,92,2,2
8475,102,103,-1,1
8476,110,126,-16,16
8477,137,134,3,3
8478,56,70,-14,14
8479,134,118,16,16
8480,80,85,-5,5
8481,46,50,-4,4
8482,111,109,2,2
8483,112,101,11,11
8484,121,118,3,3
8485,113,109,4,4
8486,91,93,-2,2
8487,47,56,-9,9
8488,65,65,0,0
8489,56,70,-14,14
8490,83,85,-2,2
8491,85,91,-6,6
8492,102,93,9,9
8493,80,83,-3,3
8494,110,104,6,6
8495,141,139,2,2
8496,90,93,-3,3
8497,73,70,3,3
8498,60,62,-2,2
8499,178,143,35,35
8500,124,129,-5,5
8501,108,99,9,9
8502,100,98,2,2
8503,78,80,-2,2
8504,115,117,-2,2
8505,127,128,-1,1
8506,47,44,3,3
8507,58,60,-2,2
8508,151,132,19,19
8509,104,92,12,12
8510,56,68,-12,12
8511,79,86,-7,7
8512,67,71,-4,4
8513,109,109,0,0
8514,83,75,8,8
8515,101,77,24,24
8516,78,84,-6,6
8517,101,128,-27,27
8518,64,72,-8,8
8519,69,69,0,0
8520,81,77,4,4
8521,185,172,13,13
8522,89,81,8,8
8523,137,117,20,20
8524,98,90,8,8
8525,185,165,20,20
8526,62,54,8,8
8527,135,125,10,10
8528,140,127,13,13
8529,166,165,1,1
8530,68,71,-3,3
8531,100,106,-6,6
8532,122,128,-6,6
8533,105,100,5,5
8534,129,122,7,7
8535,117,112,5,5
8536,74,78,-4,4
8537,91,86,5,5
8538,96,94,2,2
8539,96,93,3,3
8540,76,84,-8,8
8541,106,95,11,11
8542,71,67,4,4
8543,43,43,0,0
8544,88,81,7,7
8545,79,88,-9,9
8546,104,95,9,9
8547,82,83,-1,1
8548,112,111,1,1
8549,104,102,2,2
8550,55,59,-4,4
8551,90,89,1,1
8552,47,64,-17,17
8553,111,100,11,11
8554,127,118,9,9
8555,67,75,-8,8
8556,163,144,19,19
8557,154,150,4,4
8558,63,67,-4,4
8559,50,56,-6,6
8560,56,67,-11,11
8561,104,107,-3,3
8562,80,84,-4,4
8563,83,75,8,8
8564,64,67,-3,3
8565,55,58,-3,3
8566,84,73,11,11
8567,130,122,8,8
8568,85,85,0,0
8569,109,106,3,3
8570,153,133,20,20
8571,104,99,5,5
8572,129,119,10,10
8573,106,96,10,10
8574,173,164,9,9
8575,93,90,3,3
8576,93,85,8,8
8577,99,92,7,7
8578,66,69,-3,3
8579,98,91,7,7
8580,110,131,-21,21
8581,50,63,-13,13
8582,104,100,4,4
8583,110,100,10,10
8584,60,72,-12,12
8585,102,93,9,9
8586,87,80,7,7
8587,133,130,3,3
8588,133,127,6,6
8589,122,103,19,19
8590,92,87,5,5
8591,139,133,6,6
8592,52,56,-4,4
8593,83,95,-12,12
8594,91,84,7,7
8595,65,65,0,0
8596,113,110,3,3
8597,77,77,0,0
8598,161,144,17,17
8599,92,90,2,2
8600,180,149,31,31
8601,77,73,4,4
8602,109,104,5,5
8603,81,80,1,1
8604,98,100,-2,2
8605,54,56,-2,2
8606,126,116,10,10
8607,91,91,0,0
8608,77,80,-3,3
8609,124,114,10,10
8610,78,81,-3,3
8611,189,155,34,34
8612,80,77,3,3
8613,159,136,23,23
8614,73,77,-4,4
8615,90,96,-6,6
8616,62,57,5,5
8617,90,88,2,2
8618,134,136,-2,2
8619,121,101,20,20
8620,87,81,6,6
8621,59,62,-3,3
8622,89,100,-11,11
8623,105,104,1,1
8624,97,91,6,6
8625,110,102,8,8
8626,141,121,20,20
8627,85,86,-1,1
8628,132,125,7,7
8629,89,84,5,5
8630,75,80,-5,5
8631,81,75,6,6
8632,77,68,9,9
8633,104,95,9,9
8634,132,140,-8,8
8635,136,123,13,13
8636,82,84,-2,2
8637,85,90,-5,5
8638,76,75,1,1
8639,109,124,-15,15
8640,51,59,-8,8
8641,85,90,-5,5
8642,58,62,-4,4
8643,161,154,7,7
8644,85,86,-1,1
8645,61,60,1,1
8646,82,80,2,2
8647,114,113,1,1
8648,113,105,8,8
8649,82,77,5,5
8650,128,120,8,8
8651,113,112,1,1
8652,61,72,-11,11
8653,85,79,6,6
8654,112,104,8,8
8655,76,72,4,4
8656,89,87,2,2
8657,142,126,16,16
8658,81,76,5,5
8659,143,123,20,20
8660,94,86,8,8
8661,134,109,25,25
8662,59,61,-2,2
8663,55,63,-8,8
8664,75,79,-4,4
8665,87,90,-3,3
8666,69,61,8,8
8667,104,101,3,3
8668,57,48,9,9
8669,68,64,4,4
8670,169,154,15,15
8671,114,117,-3,3
8672,92,86,6,6
8673,97,83,14,14
8674,121,114,7,7
8675,89,75,14,14
8676,116,114,2,2
8677,93,97,-4,4
8678,116,103,13,13
8679,125,124,1,1
8680,82,106,-24,24
8681,50,46,4,4
8682,46,45,1,1
8683,45,52,-7,7
8684,120,117,3,3
8685,93,87,6,6
8686,102,98,4,4
8687,126,118,8,8
8688,108,123,-15,15
8689,110,107,3,3
8690,101,98,3,3
8691,73,73,0,0
8692,58,59,-1,1
8693,113,105,8,8
8694,136,138,-2,2
8695,64,67,-3,3
8696,125,158,-33,33
8697,88,77,11,11
8698,92,85,7,7
8699,106,98,8,8
8700,90,103,-13,13
8701,85,78,7,7
8702,80,76,4,4
8703,110,104,6,6
8704,80,77,3,3
8705,117,108,9,9
8706,47,63,-16,16
8707,112,101,11,11
8708,84,84,0,0
8709,116,107,9,9
8710,61,67,-6,6
8711,82,77,5,5
8712,164,136,28,28
8713,125,116,9,9
8714,80,80,0,0
8715,66,69,-3,3
8716,61,68,-7,7
8717,82,99,-17,17
8718,81,83,-2,2
8719,143,123,20,20
8720,145,122,23,23
8721,75,71,4,4
8722,60,83,-23,23
8723,86,88,-2,2
8724,99,100,-1,1
8725,112,108,4,4
8726,98,94,4,4
8727,96,90,6,6
8728,64,70,-6,6
8729,62,66,-4,4
8730,123,124,-1,1
8731,83,86,-3,3
8732,101,99,2,2
8733,27,24,3,3
8734,167,154,13,13
8735,149,142,7,7
8736,94,91,3,3
8737,155,144,11,11
8738,39,33,6,6
8739,62,67,-5,5
8740,81,72,9,9
8741,58,61,-3,3
8742,74,81,-7,7
8743,139,135,4,4
8744,74,73,1,1
8745,84,90,-6,6
8746,155,121,34,34
8747,114,110,4,4
8748,152,196,-44,44
8749,104,91,13,13
8750,92,97,-5,5
8751,55,64,-9,9
8752,91,86,5,5
8753,90,84,6,6
8754,86,81,5,5
8755,76,87,-11,11
8756,86,87,-1,1
8757,49,47,2,2
8758,105,103,2,2
8759,67,68,-1,1
8760,96,121,-25,25
8761,105,102,3,3
8762,98,87,11,11
8763,114,108,6,6
8764,114,114,0,0
8765,103,112,-9,9
8766,128,118,10,10
8767,110,97,13,13
8768,89,79,10,10
8769,67,65,2,2
8770,136,118,18,18
8771,154,142,12,12
8772,62,71,-9,9
8773,109,104,5,5
8774,91,90,1,1
8775,63,65,-2,2
8776,172,160,12,12
8777,93,86,7,7
8778,81,76,5,5
8779,87,91,-4,4
8780,49,64,-15,15
8781,157,154,3,3
8782,87,85,2,2
8783,61,83,-22,22
8784,60,60,0,0
8785,129,118,11,11
8786,75,75,0,0
8787,86,94,-8,8
8788,37,34,3,3
8789,110,108,2,2
8790,124,114,10,10
8791,65,72,-7,7
8792,148,149,-1,1
8793,73,83,-10,10
8794,105,109,-4,4
8795,70,76,-6,6
8796,63,72,-9,9
8797,71,70,1,1
8798,71,74,-3,3
8799,68,71,-3,3
8800,96,88,8,8
8801,87,84,3,3
8802,88,87,1,1
8803,69,67,2,2
8804,83,86,-3,3
8805,72,82,-10,10
8806,98,100,-2,2
8807,126,118,8,8
8808,45,55,-10,10
8809,52,53,-1,1
8810,103,104,-1,1
8811,77,73,4,4
8812,83,77,6,6
8813,73,65,8,8
8814,108,101,7,7
8815,73,76,-3,3
8816,80,81,-1,1
8817,57,60,-3,3
8818,63,63,0,0
8819,24,30,-6,6
8820,89,77,12,12
8821,61,67,-6,6
8822,97,99,-2,2
8823,85,85,0,0
8824,143,137,6,6
8825,129,119,10,10
8826,75,81,-6,6
8827,71,75,-4,4
8828,92,87,5,5
8829,72,67,5,5
8830,91,82,9,9
8831,83,75,8,8
8832,75,79,-4,4
8833,66,67,-1,1
8834,43,50,-7,7
8835,127,118,9,9
8836,125,127,-2,2
8837,44,48,-4,4
8838,51,61,-10,10
8839,54,58,-4,4
8840,203,224,-21,21
8841,127,115,12,12
8842,102,95,7,7
8843,81,76,5,5
8844,69,67,2,2
8845,121,115,6,6
8846,85,78,7,7
8847,125,112,13,13
8848,138,121,17,17
8849,191,161,30,30
8850,92,95,-3,3
8851,94,88,6,6
8852,128,121,7,7
8853,35,48,-13,13
8854,104,99,5,5
8855,86,79,7,7
8856,132,115,17,17
8857,89,88,1,1
8858,48,53,-5,5
8859,75,70,5,5
8860,80,70,10,10
8861,100,92,8,8
8862,115,111,4,4
8863,135,126,9,9
8864,88,89,-1,1
8865,108,102,6,6
8866,141,139,2,2
8867,81,77,4,4
8868,147,143,4,4
8869,94,85,9,9
8870,86,86,0,0
8871,125,118,7,7
8872,62,65,-3,3
8873,82,85,-3,3
8874,123,111,12,12
8875,80,74,6,6
8876,108,101,7,7
8877,91,80,11,11
8878,124,116,8,8
8879,93,101,-8,8
8880,141,150,-9,9
8881,97,64,33,33
8882,177,156,21,21
8883,80,83,-3,3
8884,133,148,-15,15
8885,98,101,-3,3
8886,104,94,10,10
8887,64,66,-2,2
8888,170,156,14,14
8889,91,92,-1,1
8890,98,96,2,2
8891,125,113,12,12
8892,65,69,-4,4
8893,86,87,-1,1
8894,75,66,9,9
8895,72,75,-3,3
8896,53,71,-18,18
8897,93,85,8,8
8898,69,68,1,1
8899,95,85,10,10
8900,76,78,-2,2
8901,73,73,0,0
8902,56,57,-1,1
8903,92,90,2,2
8904,43,53,-10,10
8905,60,61,-1,1
8906,74,80,-6,6
8907,85,89,-4,4
8908,91,89,2,2
8909,92,85,7,7
8910,91,86,5,5
8911,60,69,-9,9
8912,142,141,1,1
8913,127,128,-1,1
8914,87,86,1,1
8915,130,132,-2,2
8916,104,99,5,5
8917,62,62,0,0
8918,125,127,-2,2
8919,96,174,-78,78
8920,170,140,30,30
8921,103,117,-14,14
8922,185,170,15,15
8923,80,77,3,3
8924,56,65,-9,9
8925,105,115,-10,10
8926,63,68,-5,5
8927,88,88,0,0
8928,79,83,-4,4
8929,60,73,-13,13
8930,84,85,-1,1
8931,123,123,0,0
8932,107,100,7,7
8933,94,95,-1,1
8934,70,74,-4,4
8935,141,120,21,21
8936,56,48,8,8
8937,166,157,9,9
8938,120,104,16,16
8939,137,118,19,19
8940,88,85,3,3
8941,127,102,25,25
8942,157,145,12,12
8943,130,134,-4,4
8944,106,109,-3,3
8945,131,125,6,6
8946,54,59,-5,5
8947,132,122,10,10
8948,80,75,5,5
8949,81,85,-4,4
8950,128,108,20,20
8951,36,34,2,2
8952,106,105,1,1
8953,85,84,1,1
8954,64,69,-5,5
8955,81,82,-1,1
8956,120,112,8,8
8957,130,115,15,15
8958,99,90,9,9
8959,70,68,2,2
8960,78,71,7,7
8961,112,111,1,1
8962,82,79,3,3
8963,184,158,26,26
8964,129,136,-7,7
8965,111,100,11,11
8966,99,102,-3,3
8967,51,62,-11,11
8968,102,94,8,8
8969,66,71,-5,5
8970,74,75,-1,1
8971,129,127,2,2
8972,54,62,-8,8
8973,117,132,-15,15
8974,120,112,8,8
8975,73,78,-5,5
8976,177,162,15,15
8977,157,146,11,11
8978,77,80,-3,3
8979,55,60,-5,5
8980,132,117,15,15
8981,180,157,23,23
8982,72,70,2,2
8983,88,91,-3,3
8984,71,74,-3,3
8985,85,80,5,5
8986,51,48,3,3
8987,61,66,-5,5
8988,76,73,3,3
8989,90,89,1,1
8990,64,71,-7,7
8991,67,84,-17,17
8992,95,94,1,1
8993,46,36,10,10
8994,92,84,8,8
8995,121,134,-13,13
8996,93,92,1,1
8997,92,94,-2,2
8998,52,56,-4,4
8999,112,117,-5,5
9000,66,104,-38,38
9001,76,74,2,2
9002,157,144,13,13
9003,75,74,1,1
9004,68,70,-2,2
9005,64,69,-5,5
9006,135,118,17,17
9007,107,100,7,7
9008,79,81,-2,2
9009,82,81,1,1
9010,101,91,10,10
9011,142,158,-16,16
9012,108,105,3,3
9013,93,96,-3,3
9014,111,112,-1,1
9015,111,102,9,9
9016,101,90,11,11
9017,67,68,-1,1
9018,58,60,-2,2
9019,117,107,10,10
9020,100,96,4,4
9021,96,92,4,4
9022,106,103,3,3
9023,82,79,3,3
9024,57,61,-4,4
9025,95,85,10,10
9026,92,88,4,4
9027,78,78,0,0
9028,85,78,7,7
9029,46,34,12,12
9030,60,68,-8,8
9031,68,73,-5,5
9032,90,89,1,1
9033,106,103,3,3
9034,72,72,0,0
9035,91,84,7,7
9036,142,134,8,8
9037,63,61,2,2
9038,55,58,-3,3
9039,112,103,9,9
9040,165,165,0,0
9041,80,77,3,3
9042,58,58,0,0
9043,96,99,-3,3
9044,69,68,1,1
9045,85,99,-14,14
9046,74,78,-4,4
9047,148,135,13,13
9048,61,61,0,0
9049,114,113,1,1
9050,117,110,7,7
9051,87,87,0,0
9052,148,139,9,9
9053,129,119,10,10
9054,100,92,8,8
9055,79,76,3,3
9056,84,81,3,3
9057,75,73,2,2
9058,101,97,4,4
9059,74,78,-4,4
9060,98,84,14,14
9061,97,96,1,1
9062,58,57,1,1
9063,104,97,7,7
9064,122,112,10,10
9065,33,34,-1,1
9066,62,59,3,3
9067,59,66,-7,7
9068,66,73,-7,7
9069,112,102,10,10
9070,109,97,12,12
9071,67,71,-4,4
9072,157,172,-15,15
9073,147,143,4,4
9074,114,107,7,7
9075,45,34,11,11
9076,71,76,-5,5
9077,135,126,9,9
9078,64,59,5,5
9079,101,106,-5,5
9080,93,94,-1,1
9081,92,85,7,7
9082,128,118,10,10
9083,90,83,7,7
9084,113,96,17,17
9085,62,64,-2,2
9086,66,64,2,2
9087,69,73,-4,4
9088,90,85,5,5
9089,69,65,4,4
9090,87,90,-3,3
9091,70,81,-11,11
9092,88,89,-1,1
9093,60,69,-9,9
9094,172,152,20,20
9095,94,92,2,2
9096,53,63,-10,10
9097,81,75,6,6
9098,103,97,6,6
9099,146,130,16,16
9100,93,88,5,5
9101,106,105,1,1
9102,115,102,13,13
9103,171,152,19,19
9104,80,77,3,3
9105,89,79,10,10
9106,75,84,-9,9
9107,197,177,20,20
9108,52,62,-10,10
9109,56,61,-5,5
9110,76,74,2,2
9111,136,131,5,5
9112,127,123,4,4
9113,102,100,2,2
9114,100,100,0,0
9115,154,139,15,15
9116,127,133,-6,6
9117,115,104,11,11
9118,69,73,-4,4
9119,113,99,14,14
9120,116,112,4,4
9121,92,92,0,0
9122,95,96,-1,1
9123,81,72,9,9
9124,81,82,-1,1
9125,148,144,4,4
9126,94,90,4,4
9127,117,116,1,1
9128,47,54,-7,7
9129,100,92,8,8
9130,133,121,12,12
9131,79,98,-19,19
9132,147,132,15,15
9133,62,68,-6,6
9134,77,80,-3,3
9135,154,137,17,17
9136,112,114,-2,2
9137,65,65,0,0
9138,42,39,3,3
9139,114,107,7,7
9140,114,107,7,7
9141,77,71,6,6
9142,68,74,-6,6
9143,84,84,0,0
9144,120,118,2,2
9145,132,128,4,4
9146,113,120,-7,7
9147,86,84,2,2
9148,78,78,0,0
9149,73,90,-17,17
9150,68,63,5,5
9151,93,94,-1,1
9152,113,119,-6,6
9153,58,63,-5,5
9154,63,66,-3,3
9155,54,47,7,7
9156,123,106,17,17
9157,43,34,9,9
9158,82,82,0,0
9159,144,133,11,11
9160,73,86,-13,13
9161,49,54,-5,5
9162,103,96,7,7
9163,179,176,3,3
9164,106,101,5,5
9165,93,100,-7,7
9166,135,140,-5,5
9167,120,118,2,2
9168,130,118,12,12
9169,79,91,-12,12
9170,82,79,3,3
9171,55,56,-1,1
9172,74,70,4,4
9173,153,146,7,7
9174,93,91,2,2
9175,107,101,6,6
9176,136,143,-7,7
9177,88,89,-1,1
9178,56,67,-11,11
9179,171,148,23,23
9180,115,107,8,8
9181,53,63,-10,10
9182,124,121,3,3
9183,117,103,14,14
9184,76,76,0,0
9185,168,152,16,16
9186,78,74,4,4
9187,42,34,8,8
9188,74,76,-2,2
9189,156,133,23,23
9190,81,70,11,11
9191,88,77,11,11
9192,169,150,19,19
9193,74,74,0,0
9194,108,107,1,1
9195,98,93,5,5
9196,175,178,-3,3
9197,39,34,5,5
9198,47,56,-9,9
9199,100,86,14,14
9200,105,90,15,15
9201,103,100,3,3
9202,114,108,6,6
9203,65,69,-4,4
9204,70,67,3,3
9205,79,75,4,4
9206,96,96,0,0
9207,123,125,-2,2
9208,94,92,2,2
9209,124,120,4,4
9210,102,93,9,9
9211,108,101,7,7
9212,78,81,-3,3
9213,111,108,3,3
9214,84,90,-6,6
9215,58,52,6,6
9216,124,117,7,7
9217,92,83,9,9
9218,75,78,-3,3
9219,64,54,10,10
9220,89,86,3,3
9221,88,90,-2,2
9222,58,69,-11,11
9223,116,109,7,7
9224,57,63,-6,6
9225,98,94,4,4
9226,138,138,0,0
9227,87,91,-4,4
9228,58,59,-1,1
9229,141,125,16,16
9230,72,70,2,2
9231,63,72,-9,9
9232,173,157,16,16
9233,113,105,8,8
9234,114,104,10,10
9235,95,88,7,7
9236,80,83,-3,3
9237,75,76,-1,1
9238,113,109,4,4
9239,86,93,-7,7
9240,54,60,-6,6
9241,99,93,6,6
9242,149,135,14,14
9243,73,63,10,10
9244,86,78,8,8
9245,108,100,8,8
9246,74,72,2,2
9247,59,63,-4,4
9248,106,107,-1,1
9249,158,132,26,26
9250,45,67,-22,22
9251,77,75,2,2
9252,116,123,-7,7
9253,52,57,-5,5
9254,93,98,-5,5
9255,129,114,15,15
9256,63,67,-4,4
9257,41,34,7,7
9258,62,60,2,2
9259,168,153,15,15
9260,117,111,6,6
9261,142,128,14,14
9262,112,102,10,10
9263,101,98,3,3
9264,86,82,4,4
9265,77,78,-1,1
9266,141,131,10,10
9267,80,89,-9,9
9268,107,112,-5,5
9269,90,87,3,3
9270,65,72,-7,7
9271,57,54,3,3
9272,89,81,8,8
9273,63,66,-3,3
9274,121,109,12,12
9275,108,102,6,6
9276,83,84,-1,1
9277,116,108,8,8
9278,66,73,-7,7
9279,128,125,3,3
9280,98,94,4,4
9281,76,76,0,0
9282,130,118,12,12
9283,55,58,-3,3
9284,64,67,-3,3
9285,107,117,-10,10
9286,117,104,13,13
9287,124,117,7,7
9288,88,85,3,3
9289,44,37,7,7
9290,89,85,4,4
9291,82,84,-2,2
9292,78,77,1,1
9293,63,68,-5,5
9294,60,57,3,3
9295,55,59,-4,4
9296,80,82,-2,2
9297,56,61,-5,5
9298,68,73,-5,5
9299,177,171,6,6
9300,69,69,0,0
9301,63,67,-4,4
9302,116,106,10,10
9303,96,96,0,0
9304,142,122,20,20
9305,85,82,3,3
9306,56,66,-10,10
9307,91,89,2,2
9308,72,74,-2,2
9309,69,80,-11,11
9310,114,100,14,14
9311,131,130,1,1
9312,70,73,-3,3
9313,138,128,10,10
9314,103,97,6,6
9315,69,73,-4,4
9316,97,92,5,5
9317,98,109,-11,11
9318,117,107,10,10
9319,95,98,-3,3
9320,130,119,11,11
9321,174,151,23,23
9322,114,114,0,0
9323,87,94,-7,7
9324,92,91,1,1
9325,57,62,-5,5
9326,93,87,6,6
9327,90,86,4,4
9328,87,91,-4,4
9329,87,86,1,1
9330,115,114,1,1
9331,103,101,2,2
9332,66,66,0,0
9333,95,90,5,5
9334,98,93,5,5
9335,82,78,4,4
9336,63,60,3,3
9337,39,38,1,1
9338,60,61,-1,1
9339,112,104,8,8
9340,159,151,8,8
9341,41,47,-6,6
9342,96,92,4,4
9343,117,106,11,11
9344,69,70,-1,1
9345,82,84,-2,2
9346,125,112,13,13
9347,82,78,4,4
9348,65,71,-6,6
9349,92,80,12,12
9350,91,93,-2,2
9351,91,86,5,5
9352,95,88,7,7
9353,28,34,-6,6
9354,64,63,1,1
9355,73,71,2,2
9356,122,107,15,15
9357,76,79,-3,3
9358,82,76,6,6
9359,134,122,12,12
9360,118,105,13,13
9361,72,75,-3,3
9362,96,117,-21,21
9363,176,155,21,21
9364,156,146,10,10
9365,64,77,-13,13
9366,99,106,-7,7
9367,94,90,4,4
9368,84,74,10,10
9369,88,88,0,0
9370,144,140,4,4
9371,123,112,11,11
9372,99,102,-3,3
9373,63,84,-21,21
9374,64,69,-5,5
9375,141,126,15,15
9376,71,82,-11,11
9377,166,150,16,16
9378,118,108,10,10
9379,120,106,14,14
9380,145,126,19,19
9381,87,85,2,2
9382,90,90,0,0
9383,80,86,-6,6
9384,125,119,6,6
9385,59,55,4,4
9386,171,153,18,18
9387,72,70,2,2
9388,121,104,17,17
9389,47,47,0,0
9390,73,83,-10,10
9391,124,104,20,20
9392,87,91,-4,4
9393,95,91,4,4
9394,77,76,1,1
9395,167,158,9,9
9396,53,43,10,10
9397,89,84,5,5
9398,83,75,8,8
9399,77,84,-7,7
9400,127,121,6,6
9401,94,95,-1,1
9402,95,83,12,12
9403,93,92,1,1
9404,74,69,5,5
9405,112,113,-1,1
9406,117,105,12,12
9407,69,70,-1,1
9408,88,82,6,6
9409,71,75,-4,4
9410,57,51,6,6
9411,89,83,6,6
9412,98,110,-12,12
9413,123,118,5,5
9414,88,83,5,5
9415,136,118,18,18
9416,85,75,10,10
9417,93,91,2,2
9418,150,147,3,3
9419,50,55,-5,5
9420,77,81,-4,4
9421,87,88,-1,1
9422,123,114,9,9
9423,71,75,-4,4
9424,142,136,6,6
9425,78,79,-1,1
9426,111,110,1,1
9427,54,74,-20,20
9428,66,70,-4,4
9429,110,101,9,9
9430,96,91,5,5
9431,56,59,-3,3
9432,17,25,-8,8
9433,84,78,6,6
9434,108,108,0,0
9435,103,87,16,16
9436,102,99,3,3
9437,81,86,-5,5
9438,125,119,6,6
9439,120,126,-6,6
9440,89,85,4,4
9441,73,72,1,1
9442,110,100,10,10
9443,86,84,2,2
9444,94,93,1,1
9445,76,72,4,4
9446,72,71,1,1
9447,41,44,-3,3
9448,129,121,8,8
9449,80,79,1,1
9450,92,84,8,8
9451,208,176,32,32
9452,170,160,10,10
9453,88,89,-1,1
9454,43,42,1,1
9455,65,61,4,4
9456,52,56,-4,4
9457,44,34,10,10
9458,96,100,-4,4
9459,165,151,14,14
9460,92,83,9,9
9461,104,89,15,15
9462,131,124,7,7
9463,73,74,-1,1
9464,131,113,18,18
9465,51,70,-19,19
9466,63,69,-6,6
9467,107,110,-3,3
9468,109,122,-13,13
9469,131,111,20,20
9470,96,89,7,7
9471,90,76,14,14
9472,60,69,-9,9
9473,106,103,3,3
9474,101,84,17,17
9475,67,70,-3,3
9476,117,111,6,6
9477,76,79,-3,3
9478,78,71,7,7
9479,94,89,5,5
9480,95,94,1,1
9481,78,69,9,9
9482,133,128,5,5
9483,41,48,-7,7
9484,105,96,9,9
9485,102,92,10,10
9486,88,94,-6,6
9487,106,102,4,4
9488,89,85,4,4
9489,98,117,-19,19
9490,128,116,12,12
9491,102,102,0,0
9492,132,130,2,2
9493,101,94,7,7
9494,144,137,7,7
9495,61,68,-7,7
9496,61,64,-3,3
9497,114,115,-1,1
9498,125,118,7,7
9499,70,70,0,0
9500,83,87,-4,4
9501,147,139,8,8
9502,97,98,-1,1
9503,82,82,0,0
9504,87,78,9,9
9505,94,88,6,6
9506,54,65,-11,11
9507,71,77,-6,6
9508,105,92,13,13
9509,87,86,1,1
9510,95,103,-8,8
9511,71,74,-3,3
9512,76,81,-5,5
9513,123,117,6,6
9514,127,111,16,16
9515,84,93,-9,9
9516,48,56,-8,8
9517,108,91,17,17
9518,157,127,30,30
9519,54,56,-2,2
9520,100,89,11,11
9521,118,107,11,11
9522,57,63,-6,6
9523,137,126,11,11
9524,80,85,-5,5
9525,48,53,-5,5
9526,49,39,10,10
9527,94,91,3,3
9528,101,92,9,9
9529,64,69,-5,5
9530,114,123,-9,9
9531,82,75,7,7
9532,62,68,-6,6
9533,57,67,-10,10
9534,88,92,-4,4
9535,92,94,-2,2
9536,66,81,-15,15
9537,76,81,-5,5
9538,59,59,0,0
9539,89,86,3,3
9540,63,67,-4,4
9541,51,49,2,2
9542,123,117,6,6
9543,88,89,-1,1
9544,59,66,-7,7
9545,66,66,0,0
9546,135,113,22,22
9547,54,61,-7,7
9548,24,29,-5,5
9549,91,80,11,11
9550,166,154,12,12
9551,45,44,1,1
9552,95,85,10,10
9553,99,96,3,3
9554,70,79,-9,9
9555,81,74,7,7
9556,97,85,12,12
9557,75,87,-12,12
9558,55,64,-9,9
9559,86,93,-7,7
9560,172,153,19,19
9561,65,79,-14,14
9562,174,149,25,25
9563,78,80,-2,2
9564,81,88,-7,7
9565,68,66,2,2
9566,74,68,6,6
9567,46,48,-2,2
9568,119,121,-2,2
9569,48,55,-7,7
9570,112,114,-2,2
9571,135,148,-13,13
9572,91,80,11,11
9573,103,92,11,11
9574,95,113,-18,18
9575,91,77,14,14
9576,201,170,31,31
9577,89,88,1,1
9578,71,68,3,3
9579,198,178,20,20
9580,93,84,9,9
9581,82,80,2,2
9582,132,122,10,10
9583,79,86,-7,7
9584,60,65,-5,5
9585,72,80,-8,8
9586,107,107,0,0
9587,112,112,0,0
9588,99,100,-1,1
9589,104,107,-3,3
9590,68,68,0,0
9591,57,61,-4,4
9592,47,54,-7,7
9593,96,89,7,7
9594,95,107,-12,12
9595,43,44,-1,1
9596,116,103,13,13
9597,65,70,-5,5
9598,106,87,19,19
9599,117,121,-4,4
9600,96,90,6,6
9601,67,65,2,2
9602,100,89,11,11
9603,108,105,3,3
9604,103,96,7,7
9605,58,62,-4,4
9606,88,85,3,3
9607,133,119,14,14
9608,161,150,11,11
9609,95,87,8,8
9610,99,87,12,12
9611,69,66,3,3
9612,112,104,8,8
9613,127,115,12,12
9614,66,69,-3,3
9615,116,115,1,1
9616,105,101,4,4
9617,100,88,12,12
9618,93,91,2,2
9619,79,84,-5,5
9620,121,109,12,12
9621,86,92,-6,6
9622,88,80,8,8
9623,177,153,24,24
9624,67,63,4,4
9625,73,74,-1,1
9626,105,98,7,7
9627,115,108,7,7
9628,141,130,11,11
9629,75,76,-1,1
9630,58,62,-4,4
9631,86,88,-2,2
9632,137,125,12,12
9633,113,111,2,2
9634,92,89,3,3
9635,83,89,-6,6
9636,103,111,-8,8
9637,145,123,22,22
9638,84,80,4,4
9639,123,122,1,1
9640,104,96,8,8
9641,61,62,-1,1
9642,79,85,-6,6
9643,90,108,-18,18
9644,115,114,1,1
9645,138,141,-3,3
9646,80,79,1,1
9647,92,94,-2,2
9648,126,117,9,9
9649,62,51,11,11
9650,81,84,-3,3
9651,88,85,3,3
9652,90,89,1,1
9653,70,71,-1,1
9654,113,110,3,3
9655,81,82,-1,1
9656,70,79,-9,9
9657,87,84,3,3
9658,62,71,-9,9
9659,54,60,-6,6
9660,85,85,0,0
9661,76,72,4,4
9662,44,47,-3,3
9663,106,96,10,10
9664,116,110,6,6
9665,114,112,2,2
9666,156,146,10,10
9667,127,112,15,15
9668,61,65,-4,4
9669,57,55,2,2
9670,128,121,7,7
9671,90,82,8,8
9672,113,106,7,7
9673,81,75,6,6
9674,48,61,-13,13
9675,47,50,-3,3
9676,139,121,18,18
9677,154,145,9,9
9678,104,105,-1,1
9679,97,93,4,4
9680,123,120,3,3
9681,68,61,7,7
9682,94,94,0,0
9683,77,85,-8,8
9684,45,44,1,1
9685,78,76,2,2
9686,75,78,-3,3
9687,79,75,4,4
9688,175,176,-1,1
9689,117,108,9,9
9690,108,99,9,9
9691,106,106,0,0
9692,82,73,9,9
9693,112,98,14,14
9694,74,73,1,1
9695,117,113,4,4
9696,94,95,-1,1
9697,226,198,28,28
9698,120,104,16,16
9699,40,34,6,6
9700,40,102,-62,62
9701,119,117,2,2
9702,51,58,-7,7
9703,61,62,-1,1
9704,119,109,10,10
9705,97,85,12,12
9706,70,77,-7,7
9707,101,90,11,11
9708,160,147,13,13
9709,88,85,3,3
9710,41,54,-13,13
9711,86,83,3,3
9712,76,80,-4,4
9713,66,73,-7,7
9714,110,109,1,1
9715,120,111,9,9
9716,97,96,1,1
9717,89,95,-6,6
9718,117,108,9,9
9719,59,70,-11,11
9720,145,138,7,7
9721,84,76,8,8
9722,78,85,-7,7
9723,65,66,-1,1
9724,62,63,-1,1
9725,114,107,7,7
9726,76,80,-4,4
9727,51,58,-7,7
9728,131,136,-5,5
9729,162,166,-4,4
9730,90,99,-9,9
9731,95,98,-3,3
9732,49,62,-13,13
9733,81,84,-3,3
9734,103,98,5,5
9735,136,137,-1,1
9736,116,111,5,5
9737,74,74,0,0
9738,54,65,-11,11
9739,110,108,2,2
9740,113,99,14,14
9741,142,116,26,26
9742,130,106,24,24
9743,156,143,13,13
9744,186,180,6,6
9745,70,70,0,0
9746,115,102,13,13
9747,149,124,25,25
9748,135,118,17,17
9749,72,70,2,2
9750,143,134,9,9
9751,190,167,23,23
9752,117,120,-3,3
9753,124,99,25,25
9754,78,85,-7,7
9755,90,90,0,0
9756,49,43,6,6
9757,52,62,-10,10
9758,48,57,-9,9
9759,69,71,-2,2
9760,69,74,-5,5
9761,40,52,-12,12
9762,89,93,-4,4
9763,85,85,0,0
9764,104,106,-2,2
9765,130,120,10,10
9766,110,93,17,17
9767,136,122,14,14
9768,91,79,12,12
9769,83,84,-1,1
9770,50,52,-2,2
9771,104,102,2,2
9772,83,79,4,4
9773,114,110,4,4
9774,119,127,-8,8
9775,88,85,3,3
9776,68,90,-22,22
9777,84,100,-16,16
9778,93,76,17,17
9779,56,58,-2,2
9780,66,71,-5,5
9781,60,62,-2,2
9782,58,62,-4,4
9783,142,132,10,10
9784,197,173,24,24
9785,53,58,-5,5
9786,86,102,-16,16
9787,85,84,1,1
9788,153,131,22,22
9789,58,61,-3,3
9790,78,75,3,3
9791,159,144,15,15
9792,129,124,5,5
9793,115,109,6,6
9794,64,66,-2,2
9795,142,132,10,10
9796,83,81,2,2
9797,171,171,0,0
9798,137,128,9,9
9799,107,104,3,3
9800,101,88,13,13
9801,75,68,7,7
9802,103,93,10,10
9803,80,78,2,2
9804,51,60,-9,9
9805,92,82,10,10
9806,88,85,3,3
9807,96,98,-2,2
9808,140,124,16,16
9809,107,104,3,3
9810,59,65,-6,6
9811,128,112,16,16
9812,80,76,4,4
9813,40,34,6,6
9814,139,132,7,7
9815,79,71,8,8
9816,89,75,14,14
9817,127,120,7,7
9818,132,117,15,15
9819,104,104,0,0
9820,100,90,10,10
9821,76,75,1,1
9822,182,144,38,38
9823,43,34,9,9
9824,56,60,-4,4
9825,140,131,9,9
9826,98,98,0,0
9827,66,77,-11,11
9828,52,43,9,9
9829,100,94,6,6
9830,131,112,19,19
9831,47,34,13,13
9832,57,60,-3,3
9833,58,63,-5,5
9834,100,91,9,9
9835,143,143,0,0
9836,81,75,6,6
9837,130,110,20,20
9838,63,72,-9,9
9839,84,102,-18,18
9840,86,85,1,1
9841,118,112,6,6
9842,109,98,11,11
9843,176,172,4,4
9844,68,70,-2,2
9845,102,100,2,2
9846,65,64,1,1
9847,88,90,-2,2
9848,127,114,13,13
9849,56,57,-1,1
9850,104,100,4,4
9851,105,88,17,17
9852,84,82,2,2
9853,27,67,-40,40
9854,95,92,3,3
9855,77,79,-2,2
9856,192,191,1,1
9857,78,71,7,7
9858,122,120,2,2
9859,80,82,-2,2
9860,94,83,11,11
9861,126,115,11,11
9862,44,47,-3,3
9863,73,77,-4,4
9864,104,84,20,20
9865,71,70,1,1
9866,65,75,-10,10
9867,96,85,11,11
9868,116,96,20,20
9869,103,104,-1,1
9870,129,122,7,7
9871,143,136,7,7
9872,100,114,-14,14
9873,133,118,15,15
9874,64,64,0,0
9875,121,112,9,9
9876,61,65,-4,4
9877,55,64,-9,9
9878,49,49,0,0
9879,86,82,4,4
9880,85,81,4,4
9881,61,63,-2,2
9882,128,131,-3,3
9883,91,79,12,12
9884,99,83,16,16
9885,92,92,0,0
9886,179,166,13,13
9887,114,99,15,15
9888,66,63,3,3
9889,78,84,-6,6
9890,69,72,-3,3
9891,121,111,10,10
9892,85,74,11,11
9893,110,123,-13,13
9894,92,93,-1,1
9895,117,108,9,9
9896,174,159,15,15
9897,135,131,4,4
9898,64,62,2,2
9899,75,71,4,4
9900,97,105,-8,8
9901,120,120,0,0
9902,102,93,9,9
9903,91,85,6,6
9904,70,74,-4,4
9905,64,74,-10,10
9906,49,51,-2,2
9907,94,99,-5,5
9908,71,79,-8,8
9909,136,155,-19,19
9910,68,70,-2,2
9911,122,115,7,7
9912,73,72,1,1
9913,114,111,3,3
9914,98,94,4,4
9915,104,98,6,6
9916,103,92,11,11
9917,108,99,9,9
9918,127,116,11,11
9919,130,130,0,0
9920,95,93,2,2
9921,89,80,9,9
9922,73,75,-2,2
9923,157,133,24,24
9924,103,93,10,10
9925,105,100,5,5
9926,112,102,10,10
9927,109,98,11,11
9928,79,77,2,2
9929,92,108,-16,16
9930,72,67,5,5
9931,48,56,-8,8
9932,98,90,8,8
9933,111,107,4,4
9934,119,107,12,12
9935,139,118,21,21
9936,55,69,-14,14
9937,107,108,-1,1
9938,135,141,-6,6
9939,102,95,7,7
9940,88,90,-2,2
9941,105,112,-7,7
9942,136,117,19,19
9943,82,85,-3,3
9944,67,70,-3,3
9945,123,116,7,7
9946,120,115,5,5
9947,94,99,-5,5
9948,51,55,-4,4
9949,95,85,10,10
9950,92,92,0,0
9951,154,126,28,28
9952,76,78,-2,2
9953,59,59,0,0
9954,153,135,18,18
9955,66,75,-9,9
9956,96,100,-4,4
9957,131,120,11,11
9958,81,79,2,2
9959,80,84,-4,4
9960,59,63,-4,4
9961,72,75,-3,3
9962,148,138,10,10
9963,123,134,-11,11
9964,72,73,-1,1
9965,59,64,-5,5
9966,145,136,9,9
9967,95,95,0,0
9968,125,119,6,6
9969,79,77,2,2
9970,79,78,1,1
9971,68,72,-4,4
9972,135,130,5,5
9973,96,92,4,4
9974,64,67,-3,3
9975,62,59,3,3
9976,102,96,6,6
9977,141,131,10,10
9978,82,75,7,7
9979,84,76,8,8
9980,85,89,-4,4
9981,77,78,-1,1
9982,107,97,10,10
9983,94,90,4,4
9984,84,75,9,9
9985,90,86,4,4
9986,127,118,9,9
9987,94,90,4,4
9988,142,154,-12,12
9989,88,94,-6,6
9990,104,96,8,8
9991,66,70,-4,4
9992,48,51,-3,3
9993,76,73,3,3
9994,105,98,7,7
9995,62,60,2,2
9996,82,82,0,0
9997,123,121,2,2
9998,88,92,-4,4
9999,68,65,3,3
10000,171,147,24,24
10001,134,122,12,12
10002,81,76,5,5
10003,66,70,-4,4
10004,49,56,-7,7
10005,92,93,-1,1
10006,121,113,8,8
10007,133,119,14,14
10008,147,132,15,15
10009,81,81,0,0
10010,69,72,-3,3
10011,83,81,2,2
10012,88,84,4,4
10013,59,54,5,5
10014,91,92,-1,1
10015,153,148,5,5
10016,114,104,10,10
10017,77,84,-7,7
10018,85,73,12,12
10019,80,77,3,3
10020,74,73,1,1
10021,169,153,16,16
10022,108,104,4,4
10023,121,119,2,2
10024,83,87,-4,4
10025,56,56,0,0
10026,74,75,-1,1
10027,53,63,-10,10
10028,80,85,-5,5
10029,79,80,-1,1
10030,117,108,9,9
10031,174,156,18,18
10032,77,73,4,4
10033,114,99,15,15
10034,79,80,-1,1
10035,158,143,15,15
10036,80,79,1,1
10037,90,113,-23,23
10038,111,103,8,8
10039,155,133,22,22
10040,55,61,-6,6
10041,74,75,-1,1
10042,62,68,-6,6
10043,138,132,6,6
10044,143,149,-6,6
10045,113,110,3,3
10046,100,101,-1,1
10047,115,95,20,20
10048,49,50,-1,1
10049,139,140,-1,1
10050,114,114,0,0
10051,125,126,-1,1
10052,61,64,-3,3
10053,136,127,9,9
10054,77,72,5,5
10055,211,180,31,31
10056,66,61,5,5
10057,111,102,9,9
10058,122,119,3,3
10059,139,128,11,11
10060,121,106,15,15
10061,108,111,-3,3
10062,85,88,-3,3
10063,110,102,8,8
10064,62,72,-10,10
10065,107,96,11,11
10066,49,49,0,0
10067,82,79,3,3
10068,92,88,4,4
10069,59,64,-5,5
10070,56,59,-3,3
10071,105,97,8,8
10072,61,69,-8,8
10073,95,101,-6,6
10074,56,62,-6,6
10075,148,142,6,6
10076,123,122,1,1
10077,111,113,-2,2
10078,75,72,3,3
10079,139,144,-5,5
10080,68,71,-3,3
10081,90,85,5,5
10082,150,149,1,1
10083,133,114,19,19
10084,49,57,-8,8
10085,62,67,-5,5
10086,111,100,11,11
10087,117,113,4,4
10088,151,141,10,10
10089,100,93,7,7
10090,42,54,-12,12
10091,78,76,2,2
10092,48,55,-7,7
10093,118,102,16,16
10094,70,66,4,4
10095,117,125,-8,8
10096,61,74,-13,13
10097,94,97,-3,3
10098,78,79,-1,1
10099,170,155,15,15
10100,68,66,2,2
10101,78,72,6,6
10102,47,50,-3,3
10103,130,108,22,22
10104,80,77,3,3
10105,70,77,-7,7
10106,49,44,5,5
10107,117,109,8,8
10108,86,89,-3,3
10109,82,76,6,6
10110,54,57,-3,3
10111,160,149,11,11
10112,78,89,-11,11
10113,82,79,3,3
10114,59,58,1,1
10115,115,107,8,8
10116,86,89,-3,3
10117,119,103,16,16
10118,116,112,4,4
10119,90,95,-5,5
10120,75,77,-2,2
10121,81,79,2,2
10122,87,89,-2,2
10123,108,101,7,7
10124,50,55,-5,5
10125,53,57,-4,4
10126,130,133,-3,3
10127,125,109,16,16
10128,118,110,8,8
10129,112,105,7,7
10130,62,72,-10,10
10131,105,102,3,3
10132,90,96,-6,6
10133,143,136,7,7
10134,58,59,-1,1
10135,64,68,-4,4
10136,108,95,13,13
10137,98,83,15,15
10138,136,127,9,9
10139,101,109,-8,8
10140,85,89,-4,4
10141,92,93,-1,1
10142,144,130,14,14
10143,80,80,0,0
10144,110,94,16,16
10145,66,64,2,2
10146,73,71,2,2
10147,59,60,-1,1
10148,88,87,1,1
10149,74,82,-8,8
10150,61,67,-6,6
10151,125,111,14,14
10152,55,56,-1,1
10153,115,108,7,7
10154,58,65,-7,7
10155,76,80,-4,4
10156,137,138,-1,1
10157,81,77,4,4
10158,116,110,6,6
10159,81,78,3,3
10160,94,86,8,8
10161,78,90,-12,12
10162,80,76,4,4
10163,99,92,7,7
10164,118,111,7,7
10165,137,127,10,10
10166,98,102,-4,4
10167,71,68,3,3
10168,83,85,-2,2
10169,132,138,-6,6
10170,69,71,-2,2
10171,119,111,8,8
10172,101,105,-4,4
10173,92,93,-1,1
10174,74,71,3,3
10175,95,96,-1,1
10176,67,69,-2,2
10177,50,59,-9,9
10178,106,98,8,8
10179,102,92,10,10
10180,359,241,118,118
10181,58,63,-5,5
10182,94,87,7,7
10183,90,80,10,10
10184,88,82,6,6
10185,105,91,14,14
10186,75,75,0,0
10187,89,86,3,3
10188,86,82,4,4
10189,133,122,11,11
10190,35,34,1,1
10191,88,82,6,6
10192,177,154,23,23
10193,100,94,6,6
10194,65,63,2,2
10195,104,97,7,7
10196,67,65,2,2
10197,86,85,1,1
10198,123,110,13,13
10199,108,101,7,7
10200,84,81,3,3
10201,54,64,-10,10
10202,95,91,4,4
10203,86,80,6,6
10204,70,81,-11,11
10205,84,76,8,8
10206,107,102,5,5
10207,45,50,-5,5
10208,85,85,0,0
10209,79,75,4,4
10210,125,120,5,5
10211,92,88,4,4
10212,74,76,-2,2
10213,139,137,2,2
10214,84,81,3,3
10215,103,115,-12,12
10216,60,71,-11,11
10217,78,80,-2,2
10218,69,51,18,18
10219,131,126,5,5
10220,102,94,8,8
10221,69,70,-1,1
10222,58,64,-6,6
10223,43,42,1,1
10224,29,34,-5,5
10225,86,88,-2,2
10226,114,111,3,3
10227,38,49,-11,11
10228,113,119,-6,6
10229,74,85,-11,11
10230,67,68,-1,1
10231,221,207,14,14
10232,103,85,18,18
10233,224,205,19,19
10234,82,96,-14,14
10235,104,95,9,9
10236,115,101,14,14
10237,70,87,-17,17
10238,92,89,3,3
10239,118,110,8,8
10240,159,136,23,23
10241,124,106,18,18
10242,165,135,30,30
10243,118,120,-2,2
10244,79,71,8,8
10245,113,103,10,10
10246,61,64,-3,3
10247,112,106,6,6
10248,68,68,0,0
10249,71,76,-5,5
10250,127,116,11,11
10251,82,79,3,3
10252,63,66,-3,3
10253,189,188,1,1
10254,73,78,-5,5
10255,76,69,7,7
10256,99,103,-4,4
10257,131,123,8,8
10258,88,87,1,1
10259,61,67,-6,6
10260,135,124,11,11
10261,52,58,-6,6
10262,114,110,4,4
10263,82,80,2,2
10264,106,101,5,5
10265,102,109,-7,7
10266,105,110,-5,5
10267,77,83,-6,6
10268,66,64,2,2
10269,129,116,13,13
10270,73,75,-2,2
10271,77,76,1,1
10272,70,70,0,0
10273,40,34,6,6
10274,55,69,-14,14
10275,130,131,-1,1
10276,168,149,19,19
10277,76,68,8,8
10278,136,124,12,12
10279,104,108,-4,4
10280,52,58,-6,6
10281,151,136,15,15
10282,74,76,-2,2
10283,60,70,-10,10
10284,90,87,3,3
10285,81,74,7,7
10286,118,114,4,4
10287,96,92,4,4
10288,96,89,7,7
10289,151,143,8,8
10290,125,115,10,10
10291,73,68,5,5
10292,107,101,6,6
10293,113,110,3,3
10294,118,123,-5,5
10295,71,78,-7,7
10296,68,70,-2,2
10297,65,69,-4,4
10298,48,58,-10,10
10299,73,76,-3,3
10300,86,106,-20,20
10301,45,43,2,2
10302,87,84,3,3
10303,113,105,8,8
10304,137,129,8,8
10305,114,112,2,2
10306,61,66,-5,5
10307,106,92,14,14
10308,128,127,1,1
10309,111,108,3,3
10310,100,92,8,8
10311,100,90,10,10
10312,133,134,-1,1
10313,96,91,5,5
10314,133,126,7,7
10315,130,125,5,5
10316,78,80,-2,2
10317,130,110,20,20
10318,110,117,-7,7
10319,75,81,-6,6
10320,144,140,4,4
10321,81,86,-5,5
10322,63,69,-6,6
10323,122,119,3,3
10324,119,124,-5,5
10325,99,97,2,2
10326,111,104,7,7
10327,143,118,25,25
10328,104,114,-10,10
10329,93,85,8,8
10330,72,80,-8,8
10331,79,85,-6,6
10332,128,128,0,0
10333,99,94,5,5
10334,76,83,-7,7
10335,100,100,0,0
10336,70,70,0,0
10337,148,144,4,4
10338,68,67,1,1
10339,100,109,-9,9
10340,74,83,-9,9
10341,86,80,6,6
10342,93,85,8,8
10343,138,115,23,23
10344,149,153,-4,4
10345,65,63,2,2
10346,89,90,-1,1
10347,117,86,31,31
10348,98,86,12,12
10349,127,121,6,6
10350,106,98,8,8
10351,68,66,2,2
10352,160,133,27,27
10353,83,89,-6,6
10354,129,110,19,19
10355,117,98,19,19
10356,74,83,-9,9
10357,101,94,7,7
10358,113,103,10,10
10359,121,110,11,11
10360,122,123,-1,1
10361,117,108,9,9
10362,131,129,2,2
10363,68,63,5,5
10364,86,91,-5,5
10365,97,89,8,8
10366,125,116,9,9
10367,65,71,-6,6
10368,49,41,8,8
10369,81,79,2,2
10370,103,100,3,3
10371,110,100,10,10
10372,86,90,-4,4
10373,103,96,7,7
10374,103,102,1,1
10375,59,61,-2,2
10376,119,105,14,14
10377,40,34,6,6
10378,102,101,1,1
10379,120,109,11,11
10380,103,101,2,2
10381,101,95,6,6
10382,106,100,6,6
10383,110,108,2,2
10384,82,77,5,5
10385,88,82,6,6
10386,174,166,8,8
10387,99,87,12,12
10388,66,68,-2,2
10389,105,108,-3,3
10390,59,62,-3,3
10391,128,110,18,18
10392,53,64,-11,11
10393,123,125,-2,2
10394,88,87,1,1
10395,80,78,2,2
10396,72,81,-9,9
10397,73,78,-5,5
10398,60,63,-3,3
10399,88,85,3,3
10400,82,78,4,4
10401,156,140,16,16
10402,163,139,24,24
10403,73,70,3,3
10404,105,93,12,12
10405,137,119,18,18
10406,74,75,-1,1
10407,85,76,9,9
10408,71,74,-3,3
10409,56,64,-8,8
10410,95,87,8,8
10411,48,49,-1,1
10412,113,111,2,2
10413,96,92,4,4
10414,111,107,4,4
10415,80,113,-33,33
10416,44,45,-1,1
10417,73,71,2,2
10418,132,110,22,22
10419,100,85,15,15
10420,126,115,11,11
10421,77,84,-7,7
10422,81,89,-8,8
10423,68,62,6,6
10424,73,93,-20,20
10425,100,101,-1,1
10426,98,86,12,12
10427,60,60,0,0
10428,110,104,6,6
10429,102,97,5,5
10430,75,74,1,1
10431,138,135,3,3
10432,81,76,5,5
10433,108,110,-2,2
10434,148,134,14,14
10435,59,59,0,0
10436,88,92,-4,4
10437,104,87,17,17
10438,72,67,5,5
10439,82,84,-2,2
10440,93,89,4,4
10441,93,85,8,8
10442,160,151,9,9
10443,129,122,7,7
10444,113,112,1,1
10445,116,98,18,18
10446,119,115,4,4
10447,86,81,5,5
10448,44,34,10,10
10449,76,70,6,6
10450,61,69,-8,8
10451,80,87,-7,7
10452,99,84,15,15
10453,87,97,-10,10
10454,117,110,7,7
10455,50,71,-21,21
10456,150,134,16,16
10457,123,109,14,14
10458,100,77,23,23
10459,147,135,12,12
10460,185,179,6,6
10461,59,60,-1,1
10462,81,75,6,6
10463,61,75,-14,14
10464,126,116,10,10
10465,82,83,-1,1
10466,100,94,6,6
10467,81,76,5,5
10468,39,34,5,5
10469,77,72,5,5
10470,51,53,-2,2
10471,98,102,-4,4
10472,133,140,-7,7
10473,80,79,1,1
10474,151,129,22,22
10475,88,79,9,9
10476,55,56,-1,1
10477,72,76,-4,4
10478,75,81,-6,6
10479,77,72,5,5
10480,81,70,11,11
10481,144,136,8,8
10482,121,102,19,19
10483,57,59,-2,2
10484,69,73,-4,4
10485,99,95,4,4
10486,64,72,-8,8
10487,130,109,21,21
10488,106,105,1,1
10489,72,73,-1,1
10490,67,73,-6,6
10491,68,67,1,1
10492,79,85,-6,6
10493,81,80,1,1
10494,69,70,-1,1
10495,67,67,0,0
10496,73,73,0,0
10497,39,43,-4,4
10498,112,116,-4,4
10499,71,74,-3,3
10500,132,118,14,14
10501,133,132,1,1
10502,95,90,5,5
10503,112,103,9,9
10504,112,96,16,16
10505,99,111,-12,12
10506,71,76,-5,5
10507,127,133,-6,6
10508,89,92,-3,3
10509,87,85,2,2
10510,124,112,12,12
10511,66,68,-2,2
10512,92,93,-1,1
10513,80,75,5,5
10514,94,91,3,3
10515,146,143,3,3
10516,139,134,5,5
10517,136,126,10,10
10518,63,64,-1,1
10519,54,59,-5,5
10520,171,154,17,17
10521,91,83,8,8
10522,170,146,24,24
10523,147,125,22,22
10524,70,68,2,2
10525,140,136,4,4
10526,117,113,4,4
10527,72,70,2,2
10528,132,120,12,12
10529,63,67,-4,4
10530,102,104,-2,2
10531,81,84,-3,3
10532,90,87,3,3
10533,87,89,-2,2
10534,127,118,9,9
10535,56,63,-7,7
10536,44,41,3,3
10537,122,113,9,9
10538,111,104,7,7
10539,66,70,-4,4
10540,110,111,-1,1
10541,101,97,4,4
10542,119,120,-1,1
10543,75,83,-8,8
10544,65,63,2,2
10545,55,60,-5,5
10546,76,80,-4,4
10547,70,72,-2,2
10548,157,172,-15,15
10549,27,29,-2,2
10550,83,77,6,6
10551,125,114,11,11
10552,95,96,-1,1
10553,86,78,8,8
10554,116,113,3,3
10555,66,67,-1,1
10556,144,156,-12,12
10557,96,99,-3,3
10558,94,91,3,3
10559,37,34,3,3
10560,195,172,23,23
10561,108,103,5,5
10562,130,126,4,4
10563,78,80,-2,2
10564,57,64,-7,7
10565,72,68,4,4
10566,57,70,-13,13
10567,90,100,-10,10
10568,67,60,7,7
10569,157,151,6,6
10570,57,63,-6,6
10571,94,93,1,1
10572,69,75,-6,6
10573,86,85,1,1
10574,58,61,-3,3
10575,105,101,4,4
10576,74,73,1,1
10577,116,113,3,3
10578,78,75,3,3
10579,115,106,9,9
10580,64,66,-2,2
10581,127,114,13,13
10582,77,76,1,1
10583,99,92,7,7
10584,68,71,-3,3
10585,101,111,-10,10
10586,88,80,8,8
10587,121,116,5,5
10588,100,97,3,3
10589,87,72,15,15
10590,80,72,8,8
10591,43,50,-7,7
10592,103,104,-1,1
10593,149,131,18,18
10594,67,75,-8,8
10595,110,108,2,2
10596,127,109,18,18
10597,55,60,-5,5
10598,133,122,11,11
10599,82,82,0,0
10600,45,34,11,11
10601,59,60,-1,1
10602,120,112,8,8
10603,103,105,-2,2
10604,145,138,7,7
10605,119,118,1,1
10606,75,81,-6,6
10607,74,71,3,3
10608,109,108,1,1
10609,148,135,13,13
10610,80,80,0,0
10611,68,68,0,0
10612,116,114,2,2
10613,114,103,11,11
10614,100,97,3,3
10615,72,74,-2,2
10616,119,131,-12,12
10617,96,85,11,11
10618,58,63,-5,5
10619,132,131,1,1
10620,169,161,8,8
10621,70,71,-1,1
10622,90,83,7,7
10623,93,87,6,6
10624,107,118,-11,11
10625,124,110,14,14
10626,43,41,2,2
10627,102,95,7,7
10628,107,103,4,4
10629,61,67,-6,6
10630,62,66,-4,4
10631,72,72,0,0
10632,129,119,10,10
10633,74,74,0,0
10634,81,76,5,5
10635,107,96,11,11
10636,79,74,5,5
10637,43,34,9,9
10638,72,75,-3,3
10639,102,85,17,17
10640,93,86,7,7
10641,90,86,4,4
10642,66,62,4,4
10643,125,117,8,8
10644,73,72,1,1
10645,78,75,3,3
10646,49,55,-6,6
10647,81,73,8,8
10648,74,77,-3,3
10649,78,74,4,4
10650,82,79,3,3
10651,92,107,-15,15
10652,110,82,28,28
10653,96,90,6,6
10654,83,85,-2,2
10655,143,133,10,10
10656,88,77,11,11
10657,111,106,5,5
10658,54,57,-3,3
10659,66,70,-4,4
10660,68,78,-10,10
10661,57,63,-6,6
10662,169,140,29,29
10663,63,73,-10,10
10664,131,136,-5,5
10665,102,97,5,5
10666,47,49,-2,2
10667,58,65,-7,7
10668,127,116,11,11
10669,100,95,5,5
10670,109,109,0,0
10671,109,101,8,8
10672,92,88,4,4
10673,93,90,3,3
10674,64,64,0,0
10675,95,94,1,1
10676,97,88,9,9
10677,87,89,-2,2
10678,65,71,-6,6
10679,84,81,3,3
10680,140,116,24,24
10681,88,82,6,6
10682,56,57,-1,1
10683,131,121,10,10
10684,107,99,8,8
10685,93,85,8,8
10686,125,113,12,12
10687,204,183,21,21
10688,128,116,12,12
10689,80,77,3,3
10690,161,174,-13,13
10691,114,105,9,9
10692,96,78,18,18
10693,79,80,-1,1
10694,60,62,-2,2
10695,176,159,17,17
10696,41,34,7,7
10697,50,57,-7,7
10698,45,46,-1,1
10699,168,139,29,29
10700,65,66,-1,1
10701,57,47,10,10
10702,98,94,4,4
10703,77,76,1,1
10704,84,80,4,4
10705,76,79,-3,3
10706,75,84,-9,9
10707,93,94,-1,1
10708,71,100,-29,29
10709,87,79,8,8
10710,65,70,-5,5
10711,130,113,17,17
10712,74,65,9,9
10713,34,34,0,0
10714,129,106,23,23
10715,114,114,0,0
10716,70,68,2,2
10717,50,61,-11,11
10718,93,83,10,10
10719,55,56,-1,1
10720,94,80,14,14
10721,46,34,12,12
10722,50,47,3,3
10723,104,94,10,10
10724,118,114,4,4
10725,102,96,6,6
10726,84,85,-1,1
10727,165,167,-2,2
10728,97,94,3,3
10729,92,90,2,2
10730,89,75,14,14
10731,76,78,-2,2
10732,75,91,-16,16
10733,142,135,7,7
10734,96,93,3,3
10735,145,141,4,4
10736,87,88,-1,1
10737,64,63,1,1
10738,48,63,-15,15
10739,94,89,5,5
10740,69,66,3,3
10741,66,62,4,4
10742,131,116,15,15
10743,98,92,6,6
10744,94,96,-2,2
10745,65,68,-3,3
10746,89,88,1,1
10747,128,116,12,12
10748,144,134,10,10
10749,53,63,-10,10
10750,108,107,1,1
10751,29,34,-5,5
10752,58,60,-2,2
10753,94,99,-5,5
10754,74,72,2,2
10755,133,124,9,9
10756,75,73,2,2
10757,87,80,7,7
10758,133,126,7,7
10759,74,70,4,4
10760,80,78,2,2
10761,52,56,-4,4
10762,116,108,8,8
10763,158,146,12,12
10764,224,197,27,27
10765,97,95,2,2
10766,128,115,13,13
10767,102,99,3,3
10768,114,101,13,13
10769,41,34,7,7
10770,86,84,2,2
10771,42,48,-6,6
10772,111,102,9,9
10773,142,138,4,4
10774,68,73,-5,5
10775,65,66,-1,1
10776,116,113,3,3
10777,91,83,8,8
10778,157,147,10,10
10779,140,131,9,9
10780,126,112,14,14
10781,77,73,4,4
10782,86,87,-1,1
10783,102,102,0,0
10784,95,90,5,5
10785,64,66,-2,2
10786,103,106,-3,3
10787,55,66,-11,11
10788,77,81,-4,4
10789,160,142,18,18
10790,58,64,-6,6
10791,191,180,11,11
10792,121,121,0,0
10793,77,68,9,9
10794,161,148,13,13
10795,65,64,1,1
10796,80,92,-12,12
10797,77,81,-4,4
10798,67,76,-9,9
10799,51,55,-4,4
10800,76,75,1,1
10801,155,136,19,19
10802,96,84,12,12
10803,65,67,-2,2
10804,98,93,5,5
10805,101,96,5,5
10806,49,45,4,4
10807,112,107,5,5
10808,81,66,15,15
10809,49,50,-1,1
10810,65,64,1,1
10811,90,85,5,5
10812,126,111,15,15
10813,48,50,-2,2
10814,120,121,-1,1
10815,55,60,-5,5
10816,75,88,-13,13
10817,83,95,-12,12
10818,135,121,14,14
10819,131,123,8,8
10820,117,117,0,0
10821,88,80,8,8
10822,92,91,1,1
10823,90,98,-8,8
10824,98,99,-1,1
10825,101,92,9,9
10826,138,134,4,4
10827,84,86,-2,2
10828,104,102,2,2
10829,98,108,-10,10
10830,87,89,-2,2
10831,102,100,2,2
10832,81,84,-3,3
10833,75,77,-2,2
10834,145,131,14,14
10835,114,105,9,9
10836,63,66,-3,3
10837,51,55,-4,4
10838,109,105,4,4
10839,69,69,0,0
10840,87,97,-10,10
10841,72,69,3,3
10842,114,110,4,4
10843,96,80,16,16
10844,140,140,0,0
10845,171,156,15,15
10846,97,93,4,4
10847,77,78,-1,1
10848,125,107,18,18
10849,75,74,1,1
10850,98,100,-2,2
10851,118,114,4,4
10852,120,110,10,10
10853,69,69,0,0
10854,57,56,1,1
10855,129,115,14,14
10856,127,121,6,6
10857,81,83,-2,2
10858,102,103,-1,1
10859,154,139,15,15
10860,116,106,10,10
10861,47,43,4,4
10862,124,116,8,8
10863,124,111,13,13
10864,138,125,13,13
10865,82,84,-2,2
10866,120,108,12,12
10867,114,100,14,14
10868,90,91,-1,1
10869,88,81,7,7
10870,53,56,-3,3
10871,84,77,7,7
10872,80,79,1,1
10873,147,135,12,12
10874,79,85,-6,6
10875,115,106,9,9
10876,80,79,1,1
10877,117,109,8,8
10878,123,112,11,11
10879,54,63,-9,9
10880,93,89,4,4
10881,145,136,9,9
10882,128,129,-1,1
10883,73,74,-1,1
10884,51,51,0,0
10885,65,67,-2,2
10886,102,106,-4,4
10887,95,96,-1,1
10888,58,60,-2,2
10889,49,62,-13,13
10890,113,107,6,6
10891,121,119,2,2
10892,148,140,8,8
10893,139,137,2,2
10894,96,104,-8,8
10895,143,130,13,13
10896,92,94,-2,2
10897,78,74,4,4
10898,11,20,-9,9
10899,66,71,-5,5
10900,79,76,3,3
10901,70,69,1,1
10902,67,71,-4,4
10903,77,76,1,1
10904,144,136,8,8
10905,84,85,-1,1
10906,50,48,2,2
10907,79,73,6,6
10908,90,97,-7,7
10909,62,58,4,4
10910,134,140,-6,6
10911,110,92,18,18
10912,78,103,-25,25
10913,142,120,22,22
10914,79,82,-3,3
10915,143,133,10,10
10916,80,85,-5,5
10917,37,34,3,3
10918,70,67,3,3
10919,96,98,-2,2
10920,135,136,-1,1
10921,76,73,3,3
10922,181,164,17,17
10923,105,106,-1,1
10924,49,47,2,2
10925,65,73,-8,8
10926,139,125,14,14
10927,38,34,4,4
10928,83,79,4,4
10929,56,63,-7,7
10930,120,103,17,17
10931,109,108,1,1
10932,160,145,15,15
10933,117,124,-7,7
10934,92,95,-3,3
10935,99,94,5,5
10936,114,110,4,4
10937,70,63,7,7
10938,93,96,-3,3
10939,112,101,11,11
10940,118,105,13,13
10941,72,66,6,6
10942,51,61,-10,10
10943,119,101,18,18
10944,85,80,5,5
10945,101,111,-10,10
10946,78,80,-2,2
10947,75,76,-1,1
10948,69,77,-8,8
10949,120,111,9,9
10950,72,72,0,0
10951,64,78,-14,14
10952,80,76,4,4
10953,80,88,-8,8
10954,75,73,2,2
10955,76,74,2,2
10956,157,140,17,17
10957,80,95,-15,15
10958,117,112,5,5
10959,103,90,13,13
10960,129,109,20,20
10961,139,128,11,11
10962,98,93,5,5
10963,87,77,10,10
10964,165,140,25,25
10965,73,77,-4,4
10966,137,130,7,7
10967,150,146,4,4
10968,74,80,-6,6
10969,157,143,14,14
10970,82,94,-12,12
10971,74,72,2,2
10972,37,41,-4,4
10973,95,92,3,3
10974,104,94,10,10
10975,124,122,2,2
10976,37,38,-1,1
10977,80,100,-20,20
10978,80,88,-8,8
10979,88,83,5,5
10980,147,121,26,26
10981,65,72,-7,7
10982,101,97,4,4
10983,93,89,4,4
10984,71,72,-1,1
10985,64,60,4,4
10986,71,75,-4,4
10987,60,68,-8,8
10988,64,75,-11,11
10989,55,58,-3,3
10990,48,74,-26,26
10991,141,125,16,16
10992,95,91,4,4
10993,58,63,-5,5
10994,95,92,3,3
10995,71,75,-4,4
10996,89,85,4,4
10997,125,117,8,8
10998,170,169,1,1
10999,153,148,5,5
11000,84,83,1,1
11001,137,133,4,4
11002,81,76,5,5
11003,77,90,-13,13
11004,75,80,-5,5
11005,110,105,5,5
11006,53,54,-1,1
11007,92,85,7,7
11008,105,113,-8,8
11009,55,62,-7,7
11010,85,96,-11,11
11011,141,125,16,16
11012,126,126,0,0
11013,82,77,5,5
11014,124,114,10,10
11015,76,90,-14,14
11016,126,106,20,20
11017,56,62,-6,6
11018,65,66,-1,1
11019,91,95,-4,4
11020,65,69,-4,4
11021,84,85,-1,1
11022,95,94,1,1
11023,109,93,16,16
11024,74,71,3,3
11025,60,58,2,2
11026,65,62,3,3
11027,77,76,1,1
11028,79,77,2,2
11029,65,63,2,2
11030,110,107,3,3
11031,116,123,-7,7
11032,67,70,-3,3
11033,83,82,1,1
11034,120,108,12,12
11035,157,127,30,30
11036,123,115,8,8
11037,80,77,3,3
11038,99,104,-5,5
11039,88,81,7,7
11040,67,80,-13,13
11041,134,127,7,7
11042,76,73,3,3
11043,96,104,-8,8
11044,83,90,-7,7
11045,57,60,-3,3
11046,93,86,7,7
11047,60,62,-2,2
11048,85,84,1,1
11049,62,72,-10,10
11050,110,106,4,4
11051,108,106,2,2
11052,66,66,0,0
11053,67,78,-11,11
11054,71,68,3,3
11055,79,77,2,2
11056,145,142,3,3
11057,62,72,-10,10
11058,60,69,-9,9
11059,126,122,4,4
11060,120,117,3,3
11061,67,69,-2,2
11062,96,94,2,2
11063,54,52,2,2
11064,66,64,2,2
11065,101,97,4,4
11066,83,75,8,8
11067,120,107,13,13
11068,186,174,12,12
11069,72,73,-1,1
11070,91,88,3,3
11071,158,141,17,17
11072,67,71,-4,4
11073,118,97,21,21
11074,63,62,1,1
11075,105,98,7,7
11076,124,108,16,16
11077,108,88,20,20
11078,121,107,14,14
11079,39,33,6,6
11080,90,91,-1,1
11081,218,218,0,0
11082,71,80,-9,9
11083,81,85,-4,4
11084,61,57,4,4
11085,86,79,7,7
11086,59,61,-2,2
11087,168,168,0,0
11088,86,96,-10,10
11089,104,107,-3,3
11090,89,89,0,0
11091,80,77,3,3
11092,81,77,4,4
11093,87,80,7,7
11094,119,104,15,15
11095,136,125,11,11
11096,113,101,12,12
11097,68,75,-7,7
11098,86,76,10,10
11099,103,99,4,4
11100,72,80,-8,8
11101,142,142,0,0
11102,172,179,-7,7
11103,166,156,10,10
11104,96,106,-10,10
11105,106,102,4,4
11106,125,116,9,9
11107,125,114,11,11
11108,75,98,-23,23
11109,94,85,9,9
11110,103,101,2,2
11111,58,58,0,0
11112,81,75,6,6
11113,133,114,19,19
11114,122,115,7,7
11115,99,103,-4,4
11116,67,69,-2,2
11117,126,116,10,10
11118,91,85,6,6
11119,73,76,-3,3
11120,89,91,-2,2
11121,124,136,-12,12
11122,68,59,9,9
11123,126,118,8,8
11124,76,78,-2,2
11125,167,144,23,23
11126,36,33,3,3
11127,137,126,11,11
11128,93,90,3,3
11129,115,108,7,7
11130,125,114,11,11
11131,79,76,3,3
11132,59,62,-3,3
11133,90,91,-1,1
11134,73,75,-2,2
11135,74,71,3,3
11136,111,100,11,11
11137,129,122,7,7
11138,80,78,2,2
11139,97,93,4,4
11140,83,78,5,5
11141,129,121,8,8
11142,120,115,5,5
11143,93,84,9,9
11144,95,102,-7,7
11145,101,99,2,2
11146,93,94,-1,1
11147,112,121,-9,9
11148,103,101,2,2
11149,60,63,-3,3
11150,95,106,-11,11
11151,62,59,3,3
11152,69,71,-2,2
11153,83,96,-13,13
11154,53,46,7,7
11155,98,87,11,11
11156,101,108,-7,7
11157,73,86,-13,13
11158,94,101,-7,7
11159,55,58,-3,3
11160,93,106,-13,13
11161,70,72,-2,2
11162,102,106,-4,4
11163,75,71,4,4
11164,77,68,9,9
11165,96,91,5,5
11166,93,99,-6,6
11167,78,84,-6,6
11168,155,139,16,16
11169,94,92,2,2
11170,66,68,-2,2
11171,71,86,-15,15
11172,96,92,4,4
11173,143,136,7,7
11174,60,62,-2,2
11175,79,82,-3,3
11176,93,91,2,2
11177,126,118,8,8
11178,128,117,11,11
11179,103,91,12,12
11180,95,90,5,5
11181,86,96,-10,10
11182,95,87,8,8
11183,68,67,1,1
11184,102,103,-1,1
11185,74,74,0,0
11186,94,114,-20,20
11187,83,65,18,18
11188,107,101,6,6
11189,65,62,3,3
11190,66,68,-2,2
11191,113,108,5,5
11192,164,142,22,22
11193,60,66,-6,6
11194,139,146,-7,7
11195,96,99,-3,3
11196,87,75,12,12
11197,113,106,7,7
11198,180,167,13,13
11199,106,99,7,7
11200,73,75,-2,2
11201,121,118,3,3
11202,125,118,7,7
11203,62,67,-5,5
11204,56,55,1,1
11205,81,80,1,1
11206,103,93,10,10
11207,107,98,9,9
11208,70,67,3,3
11209,107,96,11,11
11210,167,202,-35,35
11211,72,60,12,12
11212,123,110,13,13
11213,178,182,-4,4
11214,142,142,0,0
11215,138,119,19,19
11216,148,131,17,17
11217,141,133,8,8
11218,119,123,-4,4
11219,67,69,-2,2
11220,126,133,-7,7
11221,35,62,-27,27
11222,86,86,0,0
11223,82,91,-9,9
11224,135,158,-23,23
11225,111,101,10,10
11226,145,139,6,6
11227,99,82,17,17
11228,69,75,-6,6
11229,81,93,-12,12
11230,58,61,-3,3
11231,58,68,-10,10
11232,141,113,28,28
11233,75,70,5,5
11234,108,110,-2,2
11235,128,129,-1,1
11236,87,101,-14,14
11237,90,95,-5,5
11238,133,128,5,5
11239,73,71,2,2
11240,63,65,-2,2
11241,73,75,-2,2
11242,136,138,-2,2
11243,105,95,10,10
11244,60,64,-4,4
11245,102,93,9,9
11246,100,94,6,6
11247,57,61,-4,4
11248,71,69,2,2
11249,76,74,2,2
11250,58,62,-4,4
11251,204,183,21,21
11252,96,91,5,5
11253,113,101,12,12
11254,114,96,18,18
11255,138,127,11,11
11256,79,85,-6,6
11257,142,124,18,18
11258,109,98,11,11
11259,141,134,7,7
11260,73,71,2,2
11261,89,73,16,16
11262,85,89,-4,4
11263,159,140,19,19
11264,107,100,7,7
11265,68,74,-6,6
11266,79,83,-4,4
11267,109,105,4,4
11268,78,72,6,6
11269,61,67,-6,6
11270,102,99,3,3
11271,140,135,5,5
11272,156,144,12,12
11273,155,146,9,9
11274,118,104,14,14
11275,85,78,7,7
11276,162,145,17,17
11277,105,104,1,1
11278,100,97,3,3
11279,102,91,11,11
11280,130,116,14,14
11281,55,61,-6,6
11282,69,79,-10,10
11283,89,79,10,10
11284,39,50,-11,11
11285,139,131,8,8
11286,94,94,0,0
11287,79,71,8,8
11288,171,155,16,16
11289,139,128,11,11
11290,85,90,-5,5
11291,86,85,1,1
11292,114,104,10,10
11293,134,118,16,16
11294,51,54,-3,3
11295,47,55,-8,8
11296,56,64,-8,8
11297,72,71,1,1
11298,96,99,-3,3
11299,143,136,7,7
11300,115,98,17,17
11301,99,102,-3,3
11302,91,98,-7,7
11303,85,86,-1,1
11304,151,128,23,23
11305,42,55,-13,13
11306,125,113,12,12
11307,41,71,-30,30
11308,137,112,25,25
11309,100,91,9,9
11310,143,122,21,21
11311,174,163,11,11
11312,81,76,5,5
11313,106,100,6,6
11314,150,132,18,18
11315,66,71,-5,5
11316,119,112,7,7
11317,133,111,22,22
11318,58,64,-6,6
11319,90,91,-1,1
11320,111,105,6,6
11321,157,141,16,16
11322,106,101,5,5
11323,121,112,9,9
11324,61,64,-3,3
11325,111,104,7,7
11326,88,87,1,1
11327,81,84,-3,3
11328,93,86,7,7
11329,77,76,1,1
11330,163,137,26,26
11331,104,100,4,4
11332,76,70,6,6
11333,52,54,-2,2
11334,87,93,-6,6
11335,104,97,7,7
11336,62,60,2,2
11337,112,110,2,2
11338,76,81,-5,5
11339,129,122,7,7
11340,106,112,-6,6
11341,63,66,-3,3
11342,87,88,-1,1
11343,106,104,2,2
11344,86,77,9,9
11345,88,81,7,7
11346,89,87,2,2
11347,71,75,-4,4
11348,116,102,14,14
11349,55,59,-4,4
11350,83,91,-8,8
11351,64,68,-4,4
11352,71,71,0,0
11353,128,114,14,14
11354,57,59,-2,2
11355,127,124,3,3
11356,47,34,13,13
11357,94,86,8,8
11358,60,59,1,1
11359,60,69,-9,9
11360,55,62,-7,7
11361,97,98,-1,1
11362,82,84,-2,2
11363,109,102,7,7
11364,111,100,11,11
11365,61,63,-2,2
11366,70,74,-4,4
11367,79,76,3,3
11368,107,104,3,3
11369,89,87,2,2
11370,60,59,1,1
11371,147,139,8,8
11372,83,80,3,3
11373,104,99,5,5
11374,134,133,1,1
11375,88,85,3,3
11376,35,34,1,1
11377,117,124,-7,7
11378,78,76,2,2
11379,149,134,15,15
11380,85,86,-1,1
11381,97,95,2,2
11382,115,116,-1,1
11383,109,93,16,16
11384,81,78,3,3
11385,81,89,-8,8
11386,93,100,-7,7
11387,123,124,-1,1
11388,95,91,4,4
11389,102,93,9,9
11390,57,57,0,0
11391,179,174,5,5
11392,126,123,3,3
11393,62,63,-1,1
11394,65,74,-9,9
11395,109,100,9,9
11396,74,74,0,0
11397,113,109,4,4
11398,121,112,9,9
11399,114,107,7,7
11400,63,65,-2,2
11401,103,101,2,2
11402,80,74,6,6
11403,45,76,-31,31
11404,93,92,1,1
11405,121,110,11,11
11406,166,160,6,6
11407,63,77,-14,14
11408,66,63,3,3
11409,55,76,-21,21
11410,116,115,1,1
11411,96,91,5,5
11412,76,73,3,3
11413,54,64,-10,10
11414,108,102,6,6
11415,51,56,-5,5
11416,109,102,7,7
11417,75,73,2,2
11418,86,91,-5,5
11419,82,91,-9,9
11420,36,34,2,2
11421,64,72,-8,8
11422,119,103,16,16
11423,53,62,-9,9
11424,73,74,-1,1
11425,58,58,0,0
11426,41,44,-3,3
11427,58,67,-9,9
11428,118,114,4,4
11429,134,121,13,13
11430,75,78,-3,3
11431,50,57,-7,7
11432,98,98,0,0
11433,33,34,-1,1
11434,109,103,6,6
11435,79,82,-3,3
11436,60,60,0,0
11437,100,100,0,0
11438,85,75,10,10
11439,75,77,-2,2
11440,82,75,7,7
11441,57,61,-4,4
11442,164,158,6,6
11443,157,143,14,14
11444,76,72,4,4
11445,72,78,-6,6
11446,57,80,-23,23
11447,96,109,-13,13
11448,90,87,3,3
11449,100,97,3,3
11450,129,121,8,8
11451,91,84,7,7
11452,98,92,6,6
11453,102,95,7,7
11454,198,193,5,5
11455,78,74,4,4
11456,60,63,-3,3
11457,173,160,13,13
11458,98,93,5,5
11459,72,72,0,0
11460,90,118,-28,28
11461,170,156,14,14
11462,163,143,20,20
11463,77,80,-3,3
11464,66,71,-5,5
11465,67,61,6,6
11466,66,76,-10,10
11467,99,87,12,12
11468,86,81,5,5
11469,85,85,0,0
11470,71,71,0,0
11471,136,120,16,16
11472,86,78,8,8
11473,60,64,-4,4
11474,119,115,4,4
11475,132,126,6,6
11476,114,111,3,3
11477,66,66,0,0
11478,147,133,14,14
11479,90,90,0,0
11480,112,106,6,6
11481,68,63,5,5
11482,119,107,12,12
11483,121,112,9,9
11484,70,96,-26,26
11485,124,110,14,14
11486,47,53,-6,6
11487,70,79,-9,9
11488,80,74,6,6
11489,44,42,2,2
11490,75,81,-6,6
11491,65,70,-5,5
11492,80,72,8,8
11493,95,94,1,1
11494,124,113,11,11
11495,50,61,-11,11
11496,133,119,14,14
11497,77,78,-1,1
11498,105,103,2,2
11499,70,70,0,0
11500,86,87,-1,1
11501,97,87,10,10
11502,80,75,5,5
11503,98,102,-4,4
11504,106,104,2,2
11505,74,68,6,6
11506,66,69,-3,3
11507,118,115,3,3
11508,110,95,15,15
11509,156,141,15,15
11510,67,66,1,1
11511,170,137,33,33
11512,117,101,16,16
11513,101,96,5,5
11514,130,122,8,8
11515,93,101,-8,8
11516,105,97,8,8
11517,41,60,-19,19
11518,84,71,13,13
11519,59,61,-2,2
11520,141,130,11,11
11521,47,63,-16,16
11522,114,94,20,20
11523,137,125,12,12
11524,126,130,-4,4
11525,62,64,-2,2
11526,111,107,4,4
11527,74,74,0,0
11528,81,76,5,5
11529,160,148,12,12
11530,102,99,3,3
11531,91,82,9,9
11532,83,84,-1,1
11533,72,66,6,6
11534,68,74,-6,6
11535,126,108,18,18
11536,77,79,-2,2
11537,160,137,23,23
11538,106,105,1,1
11539,81,82,-1,1
11540,170,140,30,30
11541,131,118,13,13
11542,50,63,-13,13
11543,115,104,11,11
11544,70,77,-7,7
11545,109,113,-4,4
11546,72,64,8,8
11547,74,77,-3,3
11548,67,71,-4,4
11549,81,74,7,7
11550,83,84,-1,1
11551,105,97,8,8
11552,95,99,-4,4
11553,133,118,15,15
11554,115,117,-2,2
11555,98,91,7,7
11556,55,34,21,21
11557,109,106,3,3
11558,50,61,-11,11
11559,145,131,14,14
11560,89,78,11,11
11561,85,85,0,0
11562,85,84,1,1
11563,65,81,-16,16
11564,86,85,1,1
11565,105,90,15,15
11566,53,56,-3,3
11567,60,67,-7,7
11568,121,109,12,12
11569,52,66,-14,14
11570,53,60,-7,7
11571,164,156,8,8
11572,92,95,-3,3
11573,100,98,2,2
11574,111,104,7,7
11575,67,66,1,1
11576,169,151,18,18
11577,86,83,3,3
11578,51,45,6,6
11579,96,94,2,2
11580,97,80,17,17
11581,82,71,11,11
11582,75,76,-1,1
11583,103,97,6,6
11584,91,84,7,7
11585,108,107,1,1
11586,85,86,-1,1
11587,137,129,8,8
11588,88,90,-2,2
11589,167,153,14,14
11590,65,70,-5,5
11591,92,83,9,9
11592,98,89,9,9
11593,68,69,-1,1
11594,65,62,3,3
11595,60,61,-1,1
11596,71,68,3,3
11597,50,50,0,0
11598,79,79,0,0
11599,102,95,7,7
11600,85,78,7,7
11601,69,68,1,1
11602,105,104,1,1
11603,114,102,12,12
11604,77,77,0,0
11605,70,64,6,6
11606,80,79,1,1
11607,137,138,-1,1
11608,105,96,9,9
11609,83,92,-9,9
11610,95,91,4,4
11611,70,80,-10,10
11612,183,169,14,14
11613,50,58,-8,8
11614,164,151,13,13
11615,125,112,13,13
11616,90,88,2,2
11617,108,103,5,5
11618,150,138,12,12
11619,90,85,5,5
11620,73,72,1,1
11621,86,93,-7,7
11622,91,100,-9,9
11623,108,103,5,5
11624,120,109,11,11
11625,127,98,29,29
11626,65,63,2,2
11627,121,94,27,27
11628,80,73,7,7
11629,89,74,15,15
11630,81,75,6,6
11631,96,76,20,20
11632,119,112,7,7
11633,118,115,3,3
11634,128,125,3,3
11635,56,71,-15,15
11636,56,65,-9,9
11637,86,84,2,2
11638,79,74,5,5
11639,116,100,16,16
11640,69,72,-3,3
11641,111,93,18,18
11642,81,93,-12,12
11643,56,59,-3,3
11644,119,116,3,3
11645,82,75,7,7
11646,81,75,6,6
11647,136,117,19,19
11648,127,125,2,2
11649,108,112,-4,4
11650,129,121,8,8
11651,74,96,-22,22
11652,63,77,-14,14
11653,168,146,22,22
11654,100,102,-2,2
11655,66,70,-4,4
11656,70,79,-9,9
11657,101,97,4,4
11658,112,97,15,15
11659,102,90,12,12
11660,124,116,8,8
11661,82,81,1,1
11662,94,94,0,0
11663,70,79,-9,9
11664,72,76,-4,4
11665,67,67,0,0
11666,117,123,-6,6
11667,47,42,5,5
11668,110,98,12,12
11669,93,89,4,4
11670,64,63,1,1
11671,134,129,5,5
11672,66,63,3,3
11673,69,64,5,5
11674,99,101,-2,2
11675,137,123,14,14
11676,58,64,-6,6
11677,85,78,7,7
11678,94,89,5,5
11679,104,100,4,4
11680,108,104,4,4
11681,89,82,7,7
11682,176,158,18,18
11683,88,88,0,0
11684,46,53,-7,7
11685,94,94,0,0
11686,162,152,10,10
11687,92,87,5,5
11688,96,91,5,5
11689,124,116,8,8
11690,74,79,-5,5
11691,68,75,-7,7
11692,67,74,-7,7
11693,90,93,-3,3
11694,87,77,10,10
11695,86,79,7,7
11696,68,71,-3,3
11697,90,84,6,6
11698,77,83,-6,6
11699,126,104,22,22
11700,126,114,12,12
11701,94,95,-1,1
11702,172,160,12,12
11703,63,94,-31,31
11704,101,93,8,8
11705,148,136,12,12
11706,87,92,-5,5
11707,127,112,15,15
11708,121,101,20,20
11709,142,140,2,2
11710,73,74,-1,1
11711,71,71,0,0
11712,103,126,-23,23
11713,39,34,5,5
11714,99,99,0,0
11715,69,69,0,0
11716,182,159,23,23
11717,138,155,-17,17
11718,142,132,10,10
11719,114,115,-1,1
11720,54,56,-2,2
11721,93,88,5,5
11722,110,97,13,13
11723,38,35,3,3
11724,133,129,4,4
11725,143,127,16,16
11726,125,124,1,1
11727,69,69,0,0
11728,120,113,7,7
11729,121,127,-6,6
11730,71,67,4,4
11731,97,95,2,2
11732,104,95,9,9
11733,97,94,3,3
11734,47,52,-5,5
11735,184,168,16,16
11736,110,114,-4,4
11737,67,67,0,0
11738,106,104,2,2
11739,66,79,-13,13
11740,118,105,13,13
11741,81,78,3,3
11742,83,83,0,0
11743,64,75,-11,11
11744,70,62,8,8
11745,50,53,-3,3
11746,93,84,9,9
11747,157,133,24,24
11748,51,54,-3,3
11749,77,76,1,1
11750,87,85,2,2
11751,119,104,15,15
11752,115,104,11,11
11753,85,74,11,11
11754,63,80,-17,17
11755,91,92,-1,1
11756,67,67,0,0
11757,64,71,-7,7
11758,127,130,-3,3
11759,67,69,-2,2
11760,71,73,-2,2
11761,96,86,10,10
11762,111,106,5,5
11763,62,63,-1,1
11764,77,70,7,7
11765,174,169,5,5
11766,138,122,16,16
11767,65,68,-3,3
11768,116,104,12,12
11769,47,53,-6,6
11770,119,110,9,9
11771,94,85,9,9
11772,122,113,9,9
11773,92,94,-2,2
11774,148,126,22,22
11775,67,74,-7,7
11776,101,99,2,2
11777,86,85,1,1
11778,53,46,7,7
11779,77,79,-2,2
11780,126,113,13,13
11781,74,68,6,6
11782,91,91,0,0
11783,81,84,-3,3
11784,43,44,-1,1
11785,114,107,7,7
11786,79,77,2,2
11787,96,90,6,6
11788,106,93,13,13
11789,79,85,-6,6
11790,120,128,-8,8
11791,107,102,5,5
11792,98,93,5,5
11793,47,43,4,4
11794,76,78,-2,2
11795,85,84,1,1
11796,67,76,-9,9
11797,79,75,4,4
11798,90,99,-9,9
11799,84,77,7,7
11800,152,136,16,16
11801,152,137,15,15
11802,87,84,3,3
11803,65,66,-1,1
11804,83,79,4,4
11805,205,182,23,23
11806,151,142,9,9
11807,114,99,15,15
11808,83,75,8,8
11809,66,74,-8,8
11810,66,70,-4,4
11811,105,98,7,7
11812,176,156,20,20
11813,166,156,10,10
11814,185,162,23,23
11815,108,105,3,3
11816,95,92,3,3
11817,67,83,-16,16
11818,87,85,2,2
11819,82,86,-4,4
11820,121,109,12,12
11821,71,77,-6,6
11822,62,67,-5,5
11823,113,92,21,21
11824,104,98,6,6
11825,68,72,-4,4
11826,93,99,-6,6
11827,74,71,3,3
11828,60,66,-6,6
11829,80,86,-6,6
11830,70,75,-5,5
11831,75,80,-5,5
11832,76,70,6,6
11833,75,72,3,3
11834,80,71,9,9
11835,45,57,-12,12
11836,93,102,-9,9
11837,99,106,-7,7
11838,77,68,9,9
11839,89,81,8,8
11840,143,148,-5,5
11841,83,92,-9,9
11842,102,98,4,4
11843,122,120,2,2
11844,118,105,13,13
11845,132,109,23,23
11846,102,105,-3,3
11847,75,72,3,3
11848,105,103,2,2
11849,124,113,11,11
11850,75,73,2,2
11851,47,56,-9,9
11852,130,126,4,4
11853,147,137,10,10
11854,134,123,11,11
11855,71,72,-1,1
11856,72,72,0,0
11857,42,46,-4,4
11858,97,91,6,6
11859,99,101,-2,2
11860,147,143,4,4
11861,127,121,6,6
11862,65,65,0,0
11863,73,87,-14,14
11864,54,62,-8,8
11865,87,86,1,1
11866,125,128,-3,3
11867,120,117,3,3
11868,75,74,1,1
11869,101,102,-1,1
11870,139,132,7,7
11871,93,88,5,5
11872,85,86,-1,1
11873,162,146,16,16
11874,158,153,5,5
11875,234,195,39,39
11876,76,76,0,0
11877,68,66,2,2
11878,60,61,-1,1
11879,115,103,12,12
11880,92,89,3,3
11881,99,81,18,18
11882,95,89,6,6
11883,69,81,-12,12
11884,53,61,-8,8
11885,100,93,7,7
11886,157,143,14,14
11887,103,93,10,10
11888,117,111,6,6
11889,100,95,5,5
11890,95,86,9,9
11891,146,127,19,19
11892,97,92,5,5
11893,49,49,0,0
11894,83,84,-1,1
11895,89,79,10,10
11896,97,97,0,0
11897,98,97,1,1
11898,99,95,4,4
11899,52,63,-11,11
11900,92,91,1,1
11901,128,129,-1,1
11902,60,61,-1,1
11903,47,51,-4,4
11904,106,95,11,11
11905,78,72,6,6
11906,143,146,-3,3
11907,90,84,6,6
11908,125,113,12,12
11909,80,88,-8,8
11910,114,105,9,9
11911,161,145,16,16
11912,120,114,6,6
11913,41,60,-19,19
11914,38,34,4,4
11915,105,111,-6,6
11916,48,47,1,1
11917,58,63,-5,5
11918,112,103,9,9
11919,59,62,-3,3
11920,76,78,-2,2
11921,118,109,9,9
11922,77,74,3,3
11923,51,59,-8,8
11924,76,69,7,7
11925,56,60,-4,4
11926,40,44,-4,4
11927,69,69,0,0
11928,77,76,1,1
11929,91,90,1,1
11930,149,142,7,7
11931,110,102,8,8
11932,115,114,1,1
11933,117,110,7,7
11934,93,91,2,2
11935,31,34,-3,3
11936,111,124,-13,13
11937,79,84,-5,5
11938,72,74,-2,2
11939,44,46,-2,2
11940,89,87,2,2
11941,51,56,-5,5
11942,186,179,7,7
11943,144,127,17,17
11944,98,89,9,9
11945,68,69,-1,1
11946,82,79,3,3
11947,110,100,10,10
11948,101,79,22,22
11949,73,75,-2,2
11950,106,102,4,4
11951,50,51,-1,1
11952,128,121,7,7
11953,82,83,-1,1
11954,39,63,-24,24
11955,57,62,-5,5
11956,100,96,4,4
11957,132,123,9,9
11958,58,64,-6,6
11959,65,63,2,2
11960,46,52,-6,6
11961,90,87,3,3
11962,132,121,11,11
11963,84,86,-2,2
11964,95,90,5,5
11965,152,143,9,9
11966,67,68,-1,1
11967,96,105,-9,9
11968,78,79,-1,1
11969,99,86,13,13
11970,71,78,-7,7
11971,116,104,12,12
11972,122,120,2,2
11973,81,78,3,3
11974,42,49,-7,7
11975,121,114,7,7
11976,144,135,9,9
11977,190,182,8,8
11978,132,124,8,8
11979,112,98,14,14
11980,106,91,15,15
11981,104,93,11,11
11982,79,77,2,2
11983,81,83,-2,2
11984,92,107,-15,15
11985,55,62,-7,7
11986,85,75,10,10
11987,72,73,-1,1
11988,48,47,1,1
11989,92,99,-7,7
11990,44,45,-1,1
11991,112,105,7,7
11992,118,110,8,8
11993,74,78,-4,4
11994,102,88,14,14
11995,93,98,-5,5
11996,113,102,11,11
11997,89,91,-2,2
11998,133,126,7,7
11999,45,48,-3,3
12000,53,57,-4,4
12001,139,133,6,6
12002,61,61,0,0
12003,85,99,-14,14
12004,67,68,-1,1
12005,81,75,6,6
12006,33,33,0,0
12007,74,75,-1,1
12008,81,76,5,5
12009,81,83,-2,2
12010,114,107,7,7
12011,158,159,-1,1
12012,59,69,-10,10
12013,60,68,-8,8
12014,111,102,9,9
12015,102,95,7,7
12016,89,80,9,9
12017,80,76,4,4
12018,73,76,-3,3
12019,53,55,-2,2
12020,124,118,6,6
12021,108,102,6,6
12022,101,88,13,13
12023,93,94,-1,1
12024,69,70,-1,1
12025,111,112,-1,1
12026,74,79,-5,5
12027,80,78,2,2
12028,101,92,9,9
12029,127,139,-12,12
12030,78,75,3,3
12031,143,143,0,0
12032,114,124,-10,10
12033,49,70,-21,21
12034,115,117,-2,2
12035,103,89,14,14
12036,84,87,-3,3
12037,88,86,2,2
12038,92,88,4,4
12039,108,107,1,1
12040,90,86,4,4
12041,65,73,-8,8
12042,60,63,-3,3
12043,72,71,1,1
12044,129,134,-5,5
12045,76,76,0,0
12046,109,110,-1,1
12047,88,99,-11,11
12048,60,61,-1,1
12049,47,34,13,13
12050,100,91,9,9
12051,117,120,-3,3
12052,125,108,17,17
12053,113,102,11,11
12054,54,56,-2,2
12055,111,100,11,11
12056,156,134,22,22
12057,110,106,4,4
12058,82,86,-4,4
12059,114,104,10,10
12060,68,73,-5,5
12061,66,75,-9,9
12062,90,91,-1,1
12063,63,66,-3,3
12064,100,95,5,5
12065,66,70,-4,4
12066,141,132,9,9
12067,79,76,3,3
12068,104,89,15,15
12069,140,122,18,18
12070,72,75,-3,3
12071,39,34,5,5
12072,118,105,13,13
12073,97,85,12,12
12074,95,102,-7,7
12075,86,89,-3,3
12076,90,85,5,5
12077,86,96,-10,10
12078,95,93,2,2
12079,118,106,12,12
12080,94,86,8,8
12081,130,126,4,4
12082,58,59,-1,1
12083,121,120,1,1
12084,125,120,5,5
12085,150,145,5,5
12086,102,97,5,5
12087,122,108,14,14
12088,109,103,6,6
12089,74,79,-5,5
12090,93,84,9,9
12091,53,58,-5,5
12092,117,123,-6,6
12093,93,90,3,3
12094,191,190,1,1
12095,142,118,24,24
12096,123,107,16,16
12097,83,86,-3,3
12098,127,117,10,10
12099,83,84,-1,1
12100,85,80,5,5
12101,83,81,2,2
12102,94,85,9,9
12103,164,148,16,16
12104,72,64,8,8
12105,76,52,24,24
12106,122,103,19,19
12107,59,34,25,25
12108,87,84,3,3
12109,88,62,26,26
12110,61,63,-2,2
12111,154,139,15,15
12112,159,143,16,16
12113,163,143,20,20
12114,104,97,7,7
12115,121,119,2,2
12116,116,105,11,11
12117,98,97,1,1
12118,84,86,-2,2
12119,42,37,5,5
12120,78,76,2,2
12121,99,112,-13,13
12122,77,92,-15,15
12123,189,165,24,24
12124,66,79,-13,13
12125,144,140,4,4
12126,196,177,19,19
12127,107,98,9,9
12128,68,75,-7,7
12129,88,84,4,4
12130,36,34,2,2
12131,107,89,18,18
12132,123,112,11,11
12133,62,64,-2,2
12134,207,191,16,16
12135,89,85,4,4
12136,74,77,-3,3
12137,87,84,3,3
12138,135,123,12,12
12139,72,69,3,3
12140,183,137,46,46
12141,118,123,-5,5
12142,110,89,21,21
12143,111,104,7,7
12144,122,104,18,18
12145,90,93,-3,3
12146,121,118,3,3
12147,58,63,-5,5
12148,126,118,8,8
12149,105,96,9,9
12150,109,104,5,5
12151,71,73,-2,2
12152,148,139,9,9
12153,95,95,0,0
12154,103,100,3,3
12155,90,88,2,2
12156,77,80,-3,3
12157,126,114,12,12
12158,141,130,11,11
12159,134,117,17,17
12160,49,44,5,5
12161,99,96,3,3
12162,130,117,13,13
12163,74,71,3,3
12164,64,64,0,0
12165,196,165,31,31
12166,106,111,-5,5
12167,100,102,-2,2
12168,88,84,4,4
12169,116,108,8,8
12170,107,103,4,4
12171,128,121,7,7
12172,93,84,9,9
12173,150,130,20,20
12174,92,82,10,10
12175,96,85,11,11
12176,115,105,10,10
12177,111,102,9,9
12178,87,92,-5,5
12179,69,72,-3,3
12180,139,145,-6,6
12181,104,101,3,3
12182,115,112,3,3
12183,114,103,11,11
12184,58,60,-2,2
12185,77,76,1,1
12186,79,83,-4,4
12187,114,112,2,2
12188,111,111,0,0
12189,102,93,9,9
12190,161,151,10,10
12191,197,180,17,17
12192,72,71,1,1
12193,142,137,5,5
12194,49,57,-8,8
12195,63,69,-6,6
12196,135,129,6,6
12197,192,169,23,23
12198,47,51,-4,4
12199,110,103,7,7
12200,71,72,-1,1
12201,108,111,-3,3
12202,137,137,0,0
12203,128,115,13,13
12204,137,128,9,9
12205,148,139,9,9
12206,82,83,-1,1
12207,70,77,-7,7
12208,60,54,6,6
12209,115,104,11,11
12210,76,74,2,2
12211,86,79,7,7
12212,97,92,5,5
12213,122,116,6,6
12214,104,94,10,10
12215,149,148,1,1
12216,73,74,-1,1
12217,88,84,4,4
12218,93,84,9,9
12219,94,93,1,1
12220,110,102,8,8
12221,56,63,-7,7
12222,66,71,-5,5
12223,73,76,-3,3
12224,96,96,0,0
12225,121,110,11,11
12226,122,121,1,1
12227,94,89,5,5
12228,88,96,-8,8
12229,130,131,-1,1
12230,63,61,2,2
12231,141,122,19,19
12232,54,63,-9,9
12233,73,74,-1,1
12234,71,70,1,1
12235,95,87,8,8
12236,121,106,15,15
12237,73,74,-1,1
12238,125,119,6,6
12239,67,75,-8,8
12240,121,114,7,7
12241,109,105,4,4
12242,64,68,-4,4
12243,96,89,7,7
12244,119,127,-8,8
12245,93,96,-3,3
12246,75,74,1,1
12247,95,91,4,4
12248,66,71,-5,5
12249,99,95,4,4
12250,47,44,3,3
12251,84,98,-14,14
12252,165,194,-29,29
12253,97,93,4,4
12254,73,75,-2,2
12255,37,40,-3,3
12256,104,94,10,10
12257,71,73,-2,2
12258,65,68,-3,3
12259,66,62,4,4
12260,63,64,-1,1
12261,96,94,2,2
12262,130,121,9,9
12263,141,134,7,7
12264,86,102,-16,16
12265,108,109,-1,1
12266,128,110,18,18
12267,118,106,12,12
12268,83,76,7,7
12269,68,67,1,1
12270,84,86,-2,2
12271,105,97,8,8
12272,61,75,-14,14
12273,73,77,-4,4
12274,65,68,-3,3
12275,131,108,23,23
12276,118,105,13,13
12277,93,91,2,2
12278,76,72,4,4
12279,75,74,1,1
12280,65,69,-4,4
12281,70,66,4,4
12282,140,139,1,1
12283,95,86,9,9
12284,145,120,25,25
12285,82,71,11,11
12286,185,164,21,21
12287,71,72,-1,1
12288,100,104,-4,4
12289,99,89,10,10
12290,64,68,-4,4
12291,65,67,-2,2
12292,51,52,-1,1
12293,79,89,-10,10
12294,50,59,-9,9
12295,128,136,-8,8
12296,109,100,9,9
12297,106,93,13,13
12298,50,57,-7,7
12299,126,115,11,11
12300,105,101,4,4
12301,39,50,-11,11
12302,70,70,0,0
12303,134,102,32,32
12304,46,53,-7,7
12305,81,81,0,0
12306,115,105,10,10
12307,56,65,-9,9
12308,90,86,4,4
12309,107,98,9,9
12310,38,34,4,4
12311,112,106,6,6
12312,86,87,-1,1
12313,102,97,5,5
12314,81,86,-5,5
12315,133,122,11,11
12316,65,66,-1,1
12317,67,81,-14,14
12318,63,71,-8,8
12319,105,94,11,11
12320,81,79,2,2
12321,97,99,-2,2
12322,96,98,-2,2
12323,113,125,-12,12
12324,91,90,1,1
12325,67,79,-12,12
12326,85,82,3,3
12327,102,98,4,4
12328,76,77,-1,1
12329,190,187,3,3
12330,63,68,-5,5
12331,87,73,14,14
12332,140,127,13,13
12333,113,97,16,16
12334,102,97,5,5
12335,62,60,2,2
12336,57,57,0,0
12337,48,50,-2,2
12338,62,61,1,1
12339,94,108,-14,14
12340,95,100,-5,5
12341,183,169,14,14
12342,80,79,1,1
12343,164,154,10,10
12344,66,60,6,6
12345,67,81,-14,14
12346,103,93,10,10
12347,69,78,-9,9
12348,118,115,3,3
12349,78,74,4,4
12350,66,66,0,0
12351,94,88,6,6
12352,92,90,2,2
12353,142,126,16,16
12354,55,71,-16,16
12355,101,101,0,0
12356,79,73,6,6
12357,122,122,0,0
12358,123,106,17,17
12359,38,33,5,5
12360,65,76,-11,11
12361,138,119,19,19
12362,76,74,2,2
12363,114,110,4,4
12364,79,81,-2,2
12365,114,104,10,10
12366,68,70,-2,2
12367,78,76,2,2
12368,93,98,-5,5
12369,103,102,1,1
12370,163,135,28,28
12371,101,105,-4,4
12372,126,120,6,6
12373,67,64,3,3
12374,78,75,3,3
12375,116,107,9,9
12376,128,123,5,5
12377,91,85,6,6
12378,142,127,15,15
12379,65,66,-1,1
12380,145,152,-7,7
12381,61,60,1,1
12382,136,119,17,17
12383,84,78,6,6
12384,98,91,7,7
12385,87,88,-1,1
12386,107,104,3,3
12387,115,123,-8,8
12388,106,95,11,11
12389,93,97,-4,4
12390,80,72,8,8
12391,130,116,14,14
12392,115,104,11,11
12393,97,108,-11,11
12394,92,91,1,1
12395,88,84,4,4
12396,66,66,0,0
12397,66,66,0,0
12398,87,86,1,1
12399,106,99,7,7
12400,70,80,-10,10
12401,180,159,21,21
12402,87,94,-7,7
12403,89,80,9,9
12404,92,95,-3,3
12405,125,107,18,18
12406,88,96,-8,8
12407,109,102,7,7
12408,35,34,1,1
12409,67,72,-5,5
12410,117,112,5,5
12411,190,169,21,21
12412,114,107,7,7
12413,137,127,10,10
12414,138,146,-8,8
12415,129,128,1,1
12416,106,90,16,16
12417,63,69,-6,6
12418,58,65,-7,7
12419,57,61,-4,4
12420,86,95,-9,9
12421,104,96,8,8
12422,97,94,3,3
12423,101,101,0,0
12424,137,123,14,14
12425,64,55,9,9
12426,176,190,-14,14
12427,93,87,6,6
12428,120,114,6,6
12429,108,102,6,6
12430,70,72,-2,2
12431,97,92,5,5
12432,83,88,-5,5
12433,83,77,6,6
12434,150,152,-2,2
12435,64,69,-5,5
12436,89,82,7,7
12437,96,92,4,4
12438,114,107,7,7
12439,119,109,10,10
12440,61,59,2,2
12441,96,93,3,3
12442,105,102,3,3
12443,61,61,0,0
12444,141,133,8,8
12445,86,80,6,6
12446,87,83,4,4
12447,90,81,9,9
12448,105,102,3,3
12449,91,81,10,10
12450,111,112,-1,1
12451,76,77,-1,1
12452,87,88,-1,1
12453,91,91,0,0
12454,107,109,-2,2
12455,110,104,6,6
12456,124,124,0,0
12457,128,114,14,14
12458,109,104,5,5
12459,71,69,2,2
12460,87,81,6,6
12461,148,137,11,11
12462,107,96,11,11
12463,134,131,3,3
12464,23,30,-7,7
12465,119,129,-10,10
12466,91,81,10,10
12467,25,34,-9,9
12468,61,77,-16,16
12469,101,96,5,5
12470,72,71,1,1
12471,95,97,-2,2
12472,47,34,13,13
12473,97,92,5,5
12474,81,84,-3,3
12475,59,60,-1,1
12476,77,71,6,6
12477,138,117,21,21
12478,120,100,20,20
12479,136,133,3,3
12480,79,83,-4,4
12481,63,66,-3,3
12482,102,96,6,6
12483,158,142,16,16
12484,73,76,-3,3
12485,53,51,2,2
12486,83,87,-4,4
12487,155,129,26,26
12488,139,126,13,13
12489,93,84,9,9
12490,128,128,0,0
12491,98,106,-8,8
12492,96,89,7,7
12493,153,140,13,13
12494,104,101,3,3
12495,115,97,18,18
12496,72,74,-2,2
12497,90,86,4,4
12498,127,130,-3,3
12499,112,121,-9,9
12500,64,70,-6,6
12501,73,69,4,4
12502,72,77,-5,5
12503,73,88,-15,15
12504,56,62,-6,6
12505,106,98,8,8
12506,144,130,14,14
12507,47,70,-23,23
12508,147,137,10,10
12509,95,97,-2,2
12510,76,81,-5,5
12511,128,122,6,6
12512,81,71,10,10
12513,79,81,-2,2
12514,86,79,7,7
12515,44,52,-8,8
12516,87,89,-2,2
12517,102,99,3,3
12518,116,111,5,5
12519,105,100,5,5
12520,113,117,-4,4
12521,152,133,19,19
12522,175,159,16,16
12523,70,71,-1,1
12524,173,155,18,18
12525,87,79,8,8
12526,102,91,11,11
12527,88,89,-1,1
12528,76,75,1,1
12529,110,98,12,12
12530,99,97,2,2
12531,71,72,-1,1
12532,75,75,0,0
12533,105,100,5,5
12534,153,147,6,6
12535,100,108,-8,8
12536,90,86,4,4
12537,83,97,-14,14
12538,82,84,-2,2
12539,49,54,-5,5
12540,69,73,-4,4
12541,113,107,6,6
12542,63,65,-2,2
12543,58,63,-5,5
12544,65,64,1,1
12545,145,137,8,8
12546,50,49,1,1
12547,83,86,-3,3
12548,100,93,7,7
12549,76,75,1,1
12550,72,73,-1,1
12551,71,86,-15,15
12552,106,98,8,8
12553,127,128,-1,1
12554,96,90,6,6
12555,67,68,-1,1
12556,140,133,7,7
12557,56,59,-3,3
12558,108,100,8,8
12559,94,88,6,6
12560,59,61,-2,2
12561,84,85,-1,1
12562,96,95,1,1
12563,92,96,-4,4
12564,186,172,14,14
12565,62,64,-2,2
12566,164,149,15,15
12567,49,53,-4,4
12568,62,62,0,0
12569,50,62,-12,12
12570,128,121,7,7
12571,57,69,-12,12
12572,69,71,-2,2
12573,48,59,-11,11
12574,132,119,13,13
12575,140,136,4,4
12576,107,101,6,6
12577,80,78,2,2
12578,78,76,2,2
12579,140,120,20,20
12580,78,80,-2,2
12581,123,108,15,15
12582,87,96,-9,9
12583,91,103,-12,12
12584,119,129,-10,10
12585,107,101,6,6
12586,52,57,-5,5
12587,61,70,-9,9
12588,102,94,8,8
12589,79,74,5,5
12590,81,80,1,1
12591,72,68,4,4
12592,74,84,-10,10
12593,73,68,5,5
12594,114,86,28,28
12595,127,117,10,10
12596,92,81,11,11
12597,118,119,-1,1
12598,115,167,-52,52
12599,73,72,1,1
12600,93,90,3,3
12601,70,72,-2,2
12602,73,72,1,1
12603,107,115,-8,8
12604,96,99,-3,3
12605,101,84,17,17
12606,76,90,-14,14
12607,85,75,10,10
12608,111,101,10,10
12609,42,52,-10,10
12610,69,71,-2,2
12611,97,84,13,13
12612,90,86,4,4
12613,96,89,7,7
12614,114,129,-15,15
12615,121,114,7,7
12616,68,72,-4,4
12617,45,44,1,1
12618,73,74,-1,1
12619,109,98,11,11
12620,175,166,9,9
12621,90,79,11,11
12622,70,71,-1,1
12623,85,84,1,1
12624,62,68,-6,6
12625,89,96,-7,7
12626,132,124,8,8
12627,155,142,13,13
12628,99,96,3,3
12629,60,58,2,2
12630,110,102,8,8
12631,87,84,3,3
12632,98,104,-6,6
12633,80,88,-8,8
12634,127,117,10,10
12635,172,154,18,18
12636,181,163,18,18
12637,130,115,15,15
12638,76,74,2,2
12639,86,82,4,4
12640,105,96,9,9
12641,105,108,-3,3
12642,56,68,-12,12
12643,65,72,-7,7
12644,42,38,4,4
12645,120,108,12,12
12646,65,65,0,0
12647,76,82,-6,6
12648,134,122,12,12
12649,28,69,-41,41
12650,96,92,4,4
12651,92,93,-1,1
12652,53,53,0,0
12653,66,66,0,0
12654,79,76,3,3
12655,101,110,-9,9
12656,78,93,-15,15
12657,88,92,-4,4
12658,136,125,11,11
12659,142,133,9,9
12660,73,67,6,6
12661,97,85,12,12
12662,80,78,2,2
12663,51,58,-7,7
12664,69,78,-9,9
12665,52,53,-1,1
12666,57,59,-2,2
12667,100,100,0,0
12668,147,138,9,9
12669,129,126,3,3
12670,92,98,-6,6
12671,107,92,15,15
12672,99,103,-4,4
12673,89,90,-1,1
12674,58,60,-2,2
12675,103,87,16,16
12676,33,34,-1,1
12677,103,91,12,12
12678,88,86,2,2
12679,81,84,-3,3
12680,53,57,-4,4
12681,70,80,-10,10
12682,32,34,-2,2
12683,88,85,3,3
12684,99,113,-14,14
12685,110,104,6,6
12686,78,77,1,1
12687,99,94,5,5
12688,46,50,-4,4
12689,136,114,22,22
12690,75,70,5,5
12691,117,96,21,21
12692,93,85,8,8
12693,132,128,4,4
12694,70,71,-1,1
12695,69,73,-4,4
12696,49,34,15,15
12697,71,68,3,3
12698,118,113,5,5
12699,97,95,2,2
12700,76,86,-10,10
12701,195,156,39,39
12702,128,121,7,7
12703,66,60,6,6
12704,120,115,5,5
12705,73,77,-4,4
12706,62,67,-5,5
12707,104,90,14,14
12708,94,94,0,0
12709,94,86,8,8
12710,110,96,14,14
12711,96,88,8,8
12712,107,100,7,7
12713,77,83,-6,6
12714,91,97,-6,6
12715,63,61,2,2
12716,128,112,16,16
12717,77,73,4,4
12718,67,75,-8,8
12719,124,110,14,14
12720,94,88,6,6
12721,64,66,-2,2
12722,74,77,-3,3
12723,88,85,3,3
12724,70,73,-3,3
12725,78,76,2,2
12726,66,76,-10,10
12727,104,103,1,1
12728,134,137,-3,3
12729,92,85,7,7
12730,74,70,4,4
12731,93,86,7,7
12732,98,91,7,7
12733,100,88,12,12
12734,87,88,-1,1
12735,101,92,9,9
12736,49,53,-4,4
12737,121,112,9,9
12738,84,95,-11,11
12739,158,150,8,8
12740,115,100,15,15
12741,125,109,16,16
12742,53,48,5,5
12743,80,87,-7,7
12744,68,67,1,1
12745,103,95,8,8
12746,107,104,3,3
12747,77,90,-13,13
12748,100,102,-2,2
12749,120,122,-2,2
12750,91,87,4,4
12751,77,67,10,10
12752,132,116,16,16
12753,131,122,9,9
12754,43,62,-19,19
12755,45,43,2,2
12756,124,114,10,10
12757,86,80,6,6
12758,107,96,11,11
12759,82,85,-3,3
12760,204,180,24,24
12761,107,97,10,10
12762,120,116,4,4
12763,140,129,11,11
12764,153,134,19,19
12765,83,81,2,2
12766,47,43,4,4
12767,91,81,10,10
12768,68,58,10,10
12769,56,58,-2,2
12770,77,82,-5,5
12771,37,44,-7,7
12772,117,105,12,12
12773,85,85,0,0
12774,101,95,6,6
12775,67,75,-8,8
12776,118,124,-6,6
12777,56,64,-8,8
12778,68,69,-1,1
12779,65,62,3,3
12780,105,98,7,7
12781,102,106,-4,4
12782,116,103,13,13
12783,69,68,1,1
12784,79,78,1,1
12785,105,99,6,6
12786,101,80,21,21
12787,106,93,13,13
12788,89,83,6,6
12789,77,79,-2,2
12790,116,111,5,5
12791,111,100,11,11
12792,91,78,13,13
12793,74,71,3,3
12794,96,91,5,5
12795,119,124,-5,5
12796,124,113,11,11
12797,83,77,6,6
12798,59,65,-6,6
12799,87,80,7,7
12800,55,60,-5,5
12801,121,114,7,7
12802,94,91,3,3
12803,90,85,5,5
12804,181,164,17,17
12805,93,85,8,8
12806,72,73,-1,1
12807,92,91,1,1
12808,153,136,17,17
12809,55,57,-2,2
12810,61,67,-6,6
12811,99,92,7,7
12812,82,84,-2,2
12813,102,91,11,11
12814,148,136,12,12
12815,112,108,4,4
12816,172,165,7,7
12817,133,125,8,8
12818,97,94,3,3
12819,70,75,-5,5
12820,70,78,-8,8
12821,98,84,14,14
12822,96,101,-5,5
12823,69,71,-2,2
12824,90,83,7,7
12825,138,124,14,14
12826,132,123,9,9
12827,153,149,4,4
12828,86,76,10,10
12829,108,96,12,12
12830,80,86,-6,6
12831,154,131,23,23
12832,116,116,0,0
12833,103,96,7,7
12834,104,105,-1,1
12835,116,106,10,10
12836,107,97,10,10
12837,96,86,10,10
12838,90,90,0,0
12839,50,61,-11,11
12840,104,98,6,6
12841,72,70,2,2
12842,106,95,11,11
12843,87,84,3,3
12844,124,120,4,4
12845,27,33,-6,6
12846,133,123,10,10
12847,122,106,16,16
12848,124,133,-9,9
12849,89,92,-3,3
12850,97,124,-27,27
12851,84,89,-5,5
12852,140,138,2,2
12853,136,122,14,14
12854,20,31,-11,11
12855,93,92,1,1
12856,85,85,0,0
12857,74,77,-3,3
12858,103,91,12,12
12859,75,75,0,0
12860,46,46,0,0
12861,84,101,-17,17
12862,75,74,1,1
12863,53,53,0,0
12864,52,77,-25,25
12865,87,86,1,1
12866,109,93,16,16
12867,105,94,11,11
12868,67,69,-2,2
12869,154,131,23,23
12870,84,85,-1,1
12871,128,115,13,13
12872,113,117,-4,4
12873,87,79,8,8
12874,101,102,-1,1
12875,96,99,-3,3
12876,39,44,-5,5
12877,133,127,6,6
12878,191,184,7,7
12879,60,63,-3,3
12880,125,117,8,8
12881,75,79,-4,4
12882,40,49,-9,9
12883,103,92,11,11
12884,79,75,4,4
12885,185,174,11,11
12886,124,110,14,14
12887,109,109,0,0
12888,89,94,-5,5
12889,67,68,-1,1
12890,47,40,7,7
12891,76,69,7,7
12892,122,124,-2,2
12893,106,93,13,13
12894,142,121,21,21
12895,96,79,17,17
12896,52,56,-4,4
12897,96,92,4,4
12898,117,118,-1,1
12899,69,74,-5,5
12900,89,82,7,7
12901,72,72,0,0
12902,180,165,15,15
12903,94,86,8,8
12904,53,61,-8,8
12905,93,95,-2,2
12906,161,140,21,21
12907,137,129,8,8
12908,129,124,5,5
12909,89,79,10,10
12910,102,95,7,7
12911,159,150,9,9
12912,67,67,0,0
12913,67,74,-7,7
12914,97,94,3,3
12915,71,69,2,2
12916,153,144,9,9
12917,100,97,3,3
12918,92,94,-2,2
12919,79,86,-7,7
12920,79,80,-1,1
12921,73,72,1,1
12922,133,124,9,9
12923,51,56,-5,5
12924,139,125,14,14
12925,115,119,-4,4
12926,89,86,3,3
12927,124,118,6,6
12928,90,85,5,5
12929,128,123,5,5
12930,131,115,16,16
12931,71,69,2,2
12932,113,102,11,11
12933,127,130,-3,3
12934,61,69,-8,8
12935,113,106,7,7
12936,112,88,24,24
12937,75,74,1,1
12938,125,106,19,19
12939,73,74,-1,1
12940,100,109,-9,9
12941,187,167,20,20
12942,101,95,6,6
12943,103,91,12,12
12944,99,102,-3,3
12945,65,66,-1,1
12946,116,108,8,8
12947,97,106,-9,9
12948,83,85,-2,2
12949,90,97,-7,7
12950,101,98,3,3
12951,97,98,-1,1
12952,107,103,4,4
12953,119,123,-4,4
12954,78,72,6,6
12955,79,79,0,0
12956,74,79,-5,5
12957,150,137,13,13
12958,83,92,-9,9
12959,131,137,-6,6
12960,68,72,-4,4
12961,222,187,35,35
12962,88,85,3,3
12963,109,96,13,13
12964,149,146,3,3
12965,82,87,-5,5
12966,33,33,0,0
12967,97,103,-6,6
12968,88,89,-1,1
12969,127,126,1,1
12970,70,72,-2,2
12971,86,85,1,1
12972,63,64,-1,1
12973,101,96,5,5
12974,85,85,0,0
12975,97,87,10,10
12976,68,68,0,0
12977,79,90,-11,11
12978,182,168,14,14
12979,68,74,-6,6
12980,68,72,-4,4
12981,81,76,5,5
12982,118,107,11,11
12983,93,92,1,1
12984,117,99,18,18
12985,144,137,7,7
12986,134,118,16,16
12987,69,69,0,0
12988,133,122,11,11
12989,88,88,0,0
12990,63,60,3,3
12991,116,112,4,4
12992,113,118,-5,5
12993,103,90,13,13
12994,127,114,13,13
12995,116,112,4,4
12996,114,104,10,10
12997,123,111,12,12
12998,72,65,7,7
12999,107,94,13,13
13000,121,105,16,16
13001,100,87,13,13
13002,87,86,1,1
13003,102,93,9,9
13004,155,158,-3,3
13005,72,79,-7,7
13006,84,81,3,3
13007,86,91,-5,5
13008,115,115,0,0
13009,100,94,6,6
13010,81,72,9,9
13011,51,58,-7,7
13012,54,56,-2,2
13013,86,84,2,2
13014,92,91,1,1
13015,60,67,-7,7
13016,112,107,5,5
13017,92,86,6,6
13018,87,84,3,3
13019,95,93,2,2
13020,80,77,3,3
13021,139,132,7,7
13022,103,94,9,9
13023,120,125,-5,5
13024,75,84,-9,9
13025,51,41,10,10
13026,76,73,3,3
13027,67,72,-5,5
13028,165,150,15,15
13029,84,86,-2,2
13030,83,88,-5,5
13031,61,61,0,0
13032,159,146,13,13
13033,64,74,-10,10
13034,140,132,8,8
13035,65,76,-11,11
13036,68,72,-4,4
13037,67,64,3,3
13038,87,89,-2,2
13039,109,106,3,3
13040,116,111,5,5
13041,94,108,-14,14
13042,135,121,14,14
13043,77,74,3,3
13044,55,57,-2,2
13045,61,62,-1,1
13046,73,75,-2,2
13047,139,118,21,21
13048,106,112,-6,6
13049,78,81,-3,3
13050,74,67,7,7
13051,99,90,9,9
13052,88,90,-2,2
13053,93,85,8,8
13054,69,67,2,2
13055,235,209,26,26
13056,83,84,-1,1
13057,101,84,17,17
13058,66,73,-7,7
13059,58,56,2,2
13060,119,115,4,4
13061,129,123,6,6
13062,82,83,-1,1
13063,168,156,12,12
13064,72,75,-3,3
13065,125,110,15,15
13066,82,75,7,7
13067,97,89,8,8
13068,56,65,-9,9
13069,123,129,-6,6
13070,79,72,7,7
13071,84,82,2,2
13072,112,105,7,7
13073,80,85,-5,5
13074,106,102,4,4
13075,60,64,-4,4
13076,72,75,-3,3
13077,96,98,-2,2
13078,60,40,20,20
13079,117,98,19,19
13080,66,74,-8,8
13081,78,80,-2,2
13082,55,60,-5,5
13083,164,138,26,26
13084,184,165,19,19
13085,78,79,-1,1
13086,61,68,-7,7
13087,109,119,-10,10
13088,101,97,4,4
13089,79,76,3,3
13090,51,57,-6,6
13091,64,63,1,1
13092,62,68,-6,6
13093,144,135,9,9
13094,57,62,-5,5
13095,50,51,-1,1
13096,81,79,2,2
13097,99,98,1,1
13098,97,96,1,1
13099,129,112,17,17
13100,104,94,10,10
13101,93,97,-4,4
13102,84,77,7,7
13103,90,90,0,0
13104,112,112,0,0
13105,69,70,-1,1
13106,69,74,-5,5
13107,107,87,20,20
13108,145,120,25,25
13109,84,75,9,9
13110,51,56,-5,5
13111,100,91,9,9
13112,82,85,-3,3
13113,71,83,-12,12
13114,104,93,11,11
13115,67,77,-10,10
13116,89,89,0,0
13117,61,77,-16,16
13118,74,77,-3,3
13119,101,103,-2,2
13120,67,75,-8,8
13121,72,78,-6,6
13122,70,73,-3,3
13123,158,155,3,3
13124,94,93,1,1
13125,84,80,4,4
13126,120,114,6,6
13127,152,147,5,5
13128,137,126,11,11
13129,82,87,-5,5
13130,116,108,8,8
13131,112,106,6,6
13132,99,90,9,9
13133,150,148,2,2
13134,66,62,4,4
13135,81,69,12,12
13136,50,53,-3,3
13137,133,128,5,5
13138,65,67,-2,2
13139,65,63,2,2
13140,80,79,1,1
13141,53,35,18,18
13142,108,97,11,11
13143,80,66,14,14
13144,126,128,-2,2
13145,73,78,-5,5
13146,58,58,0,0
13147,80,77,3,3
13148,62,64,-2,2
13149,64,68,-4,4
13150,55,58,-3,3
13151,81,80,1,1
13152,97,94,3,3
13153,78,72,6,6
13154,101,98,3,3
13155,72,77,-5,5
13156,112,103,9,9
13157,84,85,-1,1
13158,68,72,-4,4
13159,102,103,-1,1
13160,117,123,-6,6
13161,88,83,5,5
13162,127,109,18,18
13163,64,60,4,4
13164,87,86,1,1
13165,80,80,0,0
13166,101,85,16,16
13167,122,114,8,8
13168,67,64,3,3
13169,131,126,5,5
13170,97,82,15,15
13171,135,116,19,19
13172,88,85,3,3
13173,115,121,-6,6
13174,134,117,17,17
13175,116,115,1,1
13176,79,79,0,0
13177,45,38,7,7
13178,100,94,6,6
13179,85,101,-16,16
13180,63,70,-7,7
13181,89,85,4,4
13182,76,78,-2,2
13183,138,120,18,18
13184,123,116,7,7
13185,74,80,-6,6
13186,43,54,-11,11
13187,66,73,-7,7
13188,86,104,-18,18
13189,115,124,-9,9
13190,30,34,-4,4
13191,66,71,-5,5
13192,208,171,37,37
13193,90,86,4,4
13194,71,68,3,3
13195,94,85,9,9
13196,171,156,15,15
13197,55,58,-3,3
13198,43,35,8,8
13199,67,72,-5,5
13200,143,120,23,23
13201,98,97,1,1
13202,100,93,7,7
13203,108,100,8,8
13204,91,80,11,11
13205,131,125,6,6
13206,79,72,7,7
13207,153,150,3,3
13208,37,34,3,3
13209,46,34,12,12
13210,241,212,29,29
13211,89,84,5,5
13212,72,69,3,3
13213,100,93,7,7
13214,83,81,2,2
13215,98,99,-1,1
13216,128,121,7,7
13217,162,118,44,44
13218,81,78,3,3
13219,98,92,6,6
13220,70,79,-9,9
13221,182,160,22,22
13222,71,71,0,0
13223,173,166,7,7
13224,54,59,-5,5
13225,66,70,-4,4
13226,85,76,9,9
13227,93,90,3,3
13228,71,106,-35,35
13229,163,154,9,9
13230,86,82,4,4
13231,74,72,2,2
13232,148,143,5,5
13233,112,106,6,6
13234,90,77,13,13
13235,64,61,3,3
13236,78,91,-13,13
13237,115,116,-1,1
13238,105,95,10,10
13239,90,87,3,3
13240,117,107,10,10
13241,103,88,15,15
13242,139,154,-15,15
13243,107,108,-1,1
13244,118,124,-6,6
13245,94,82,12,12
13246,56,57,-1,1
13247,97,92,5,5
13248,77,71,6,6
13249,117,95,22,22
13250,125,123,2,2
13251,67,73,-6,6
13252,73,73,0,0
13253,152,135,17,17
13254,73,69,4,4
13255,121,114,7,7
13256,166,157,9,9
13257,90,85,5,5
13258,96,99,-3,3
13259,149,147,2,2
13260,61,68,-7,7
13261,144,129,15,15
13262,121,117,4,4
13263,131,115,16,16
13264,58,52,6,6
13265,51,55,-4,4
13266,54,67,-13,13
13267,72,74,-2,2
13268,99,100,-1,1
13269,124,111,13,13
13270,105,102,3,3
13271,100,92,8,8
13272,153,150,3,3
13273,76,78,-2,2
13274,120,108,12,12
13275,94,91,3,3
13276,85,79,6,6
13277,84,89,-5,5
13278,53,68,-15,15
13279,106,107,-1,1
13280,108,106,2,2
13281,140,122,18,18
13282,113,105,8,8
13283,57,68,-11,11
13284,108,106,2,2
13285,123,110,13,13
13286,108,97,11,11
13287,83,81,2,2
13288,99,83,16,16
13289,78,79,-1,1
13290,96,94,2,2
13291,58,59,-1,1
13292,82,77,5,5
13293,148,142,6,6
13294,86,92,-6,6
13295,81,73,8,8
13296,119,115,4,4
13297,97,97,0,0
13298,118,111,7,7
13299,92,85,7,7
13300,102,106,-4,4
13301,72,75,-3,3
13302,64,63,1,1
13303,86,85,1,1
13304,57,67,-10,10
13305,102,99,3,3
13306,67,62,5,5
13307,88,88,0,0
13308,139,116,23,23
13309,61,65,-4,4
13310,77,76,1,1
13311,158,153,5,5
13312,130,113,17,17
13313,132,129,3,3
13314,187,174,13,13
13315,79,74,5,5
13316,96,100,-4,4
13317,76,75,1,1
13318,71,71,0,0
13319,78,80,-2,2
13320,209,195,14,14
13321,75,76,-1,1
13322,146,127,19,19
13323,100,95,5,5
13324,80,88,-8,8
13325,70,70,0,0
13326,65,69,-4,4
13327,95,99,-4,4
13328,80,79,1,1
13329,69,71,-2,2
13330,132,134,-2,2
13331,77,71,6,6
13332,98,90,8,8
13333,94,92,2,2
13334,86,86,0,0
13335,90,80,10,10
13336,75,71,4,4
13337,130,102,28,28
13338,87,91,-4,4
13339,141,122,19,19
13340,161,141,20,20
13341,68,74,-6,6
13342,97,89,8,8
13343,125,114,11,11
13344,36,34,2,2
13345,115,106,9,9
13346,68,59,9,9
13347,106,95,11,11
13348,96,108,-12,12
13349,82,80,2,2
13350,73,68,5,5
13351,89,78,11,11
13352,75,72,3,3
13353,85,91,-6,6
13354,134,140,-6,6
13355,90,81,9,9
13356,83,85,-2,2
13357,129,104,25,25
13358,140,136,4,4
13359,60,56,4,4
13360,82,76,6,6
13361,153,127,26,26
13362,80,87,-7,7
13363,119,116,3,3
13364,108,102,6,6
13365,54,59,-5,5
13366,99,99,0,0
13367,130,156,-26,26
13368,100,95,5,5
13369,59,59,0,0
13370,84,90,-6,6
13371,117,112,5,5
13372,60,63,-3,3
13373,55,57,-2,2
13374,96,96,0,0
13375,73,81,-8,8
13376,64,75,-11,11
13377,75,74,1,1
13378,55,54,1,1
13379,90,84,6,6
13380,142,142,0,0
13381,139,131,8,8
13382,118,105,13,13
13383,120,110,10,10
13384,112,107,5,5
13385,43,45,-2,2
13386,106,104,2,2
13387,187,169,18,18
13388,117,115,2,2
13389,111,108,3,3
13390,188,173,15,15
13391,156,129,27,27
13392,136,136,0,0
13393,88,90,-2,2
13394,29,33,-4,4
13395,107,92,15,15
13396,113,96,17,17
13397,93,88,5,5
13398,81,81,0,0
13399,22,32,-10,10
13400,69,70,-1,1
13401,168,152,16,16
13402,147,129,18,18
13403,105,111,-6,6
13404,145,129,16,16
13405,58,66,-8,8
13406,60,68,-8,8
13407,150,149,1,1
13408,70,69,1,1
13409,69,73,-4,4
13410,140,131,9,9
13411,88,79,9,9
13412,120,113,7,7
13413,63,65,-2,2
13414,81,86,-5,5
13415,66,62,4,4
13416,91,85,6,6
13417,131,132,-1,1
13418,126,106,20,20
13419,138,134,4,4
13420,103,101,2,2
13421,103,97,6,6
13422,50,66,-16,16
13423,64,74,-10,10
13424,75,81,-6,6
13425,67,67,0,0
13426,97,91,6,6
13427,109,105,4,4
13428,137,125,12,12
13429,71,70,1,1
13430,98,88,10,10
13431,82,95,-13,13
13432,65,70,-5,5
13433,117,101,16,16
13434,148,148,0,0
13435,190,161,29,29
13436,84,80,4,4
13437,110,99,11,11
13438,138,129,9,9
13439,74,74,0,0
13440,130,115,15,15
13441,79,77,2,2
13442,92,109,-17,17
13443,137,134,3,3
13444,104,90,14,14
13445,160,140,20,20
13446,90,90,0,0
13447,101,98,3,3
13448,123,119,4,4
13449,73,74,-1,1
13450,66,69,-3,3
13451,124,119,5,5
13452,173,146,27,27
13453,142,123,19,19
13454,32,34,-2,2
13455,104,96,8,8
13456,65,82,-17,17
13457,60,62,-2,2
13458,71,76,-5,5
13459,56,58,-2,2
13460,122,118,4,4
13461,135,143,-8,8
13462,162,158,4,4
13463,96,107,-11,11
13464,126,128,-2,2
13465,74,76,-2,2
13466,102,102,0,0
13467,80,77,3,3
13468,88,81,7,7
13469,92,80,12,12
13470,107,107,0,0
13471,87,83,4,4
13472,58,60,-2,2
13473,80,73,7,7
13474,79,70,9,9
13475,114,117,-3,3
13476,78,87,-9,9
13477,75,83,-8,8
13478,168,165,3,3
13479,114,109,5,5
13480,59,71,-12,12
13481,152,151,1,1
13482,66,67,-1,1
13483,98,88,10,10
13484,70,74,-4,4
13485,101,94,7,7
13486,130,123,7,7
13487,114,105,9,9
13488,63,69,-6,6
13489,181,164,17,17
13490,86,83,3,3
13491,107,117,-10,10
13492,59,63,-4,4
13493,74,74,0,0
13494,134,129,5,5
13495,199,163,36,36
13496,58,66,-8,8
13497,99,94,5,5
13498,103,105,-2,2
13499,183,151,32,32
13500,96,96,0,0
13501,99,99,0,0
13502,113,100,13,13
13503,88,78,10,10
13504,88,90,-2,2
13505,128,119,9,9
13506,82,88,-6,6
13507,80,78,2,2
13508,53,61,-8,8
13509,47,51,-4,4
13510,102,89,13,13
13511,97,92,5,5
13512,68,70,-2,2
13513,125,110,15,15
13514,110,113,-3,3
13515,77,73,4,4
13516,127,112,15,15
13517,87,86,1,1
13518,107,91,16,16
13519,105,107,-2,2
13520,153,122,31,31
13521,61,68,-7,7
13522,33,75,-42,42
13523,146,132,14,14
13524,100,102,-2,2
13525,170,150,20,20
13526,134,118,16,16
13527,78,98,-20,20
13528,73,65,8,8
13529,60,63,-3,3
13530,64,65,-1,1
13531,99,92,7,7
13532,80,88,-8,8
13533,65,66,-1,1
13534,67,63,4,4
13535,141,121,20,20
13536,60,67,-7,7
13537,138,137,1,1
13538,154,147,7,7
13539,58,62,-4,4
13540,114,120,-6,6
13541,132,116,16,16
13542,98,96,2,2
13543,80,83,-3,3
13544,105,104,1,1
13545,84,89,-5,5
13546,78,80,-2,2
13547,154,142,12,12
13548,67,72,-5,5
13549,95,102,-7,7
13550,125,114,11,11
13551,128,117,11,11
13552,42,34,8,8
13553,204,188,16,16
13554,98,93,5,5
13555,112,109,3,3
13556,132,120,12,12
13557,139,123,16,16
13558,93,88,5,5
13559,146,134,12,12
13560,56,61,-5,5
13561,65,65,0,0
13562,124,110,14,14
13563,103,100,3,3
13564,86,79,7,7
13565,60,69,-9,9
13566,98,95,3,3
13567,80,115,-35,35
13568,89,98,-9,9
13569,148,126,22,22
13570,40,34,6,6
13571,80,87,-7,7
13572,70,79,-9,9
13573,82,73,9,9
13574,133,137,-4,4
13575,75,78,-3,3
13576,75,71,4,4
13577,120,100,20,20
13578,50,59,-9,9
13579,111,120,-9,9
13580,86,85,1,1
13581,115,117,-2,2
13582,63,63,0,0
13583,93,91,2,2
13584,104,92,12,12
13585,153,145,8,8
13586,51,58,-7,7
13587,128,114,14,14
13588,92,89,3,3
13589,51,60,-9,9
13590,84,81,3,3
13591,104,98,6,6
13592,101,91,10,10
13593,83,89,-6,6
13594,69,75,-6,6
13595,96,91,5,5
13596,83,79,4,4
13597,54,74,-20,20
13598,83,70,13,13
13599,54,50,4,4
13600,61,61,0,0
13601,116,102,14,14
13602,113,100,13,13
13603,76,70,6,6
13604,87,82,5,5
13605,59,61,-2,2
13606,141,132,9,9
13607,97,96,1,1
13608,89,80,9,9
13609,131,126,5,5
13610,71,68,3,3
13611,60,59,1,1
13612,39,35,4,4
13613,68,75,-7,7
13614,61,63,-2,2
13615,107,98,9,9
13616,95,92,3,3
13617,94,107,-13,13
13618,82,85,-3,3
13619,110,108,2,2
13620,113,112,1,1
13621,107,95,12,12
13622,161,140,21,21
13623,180,156,24,24
13624,101,97,4,4
13625,88,84,4,4
13626,87,85,2,2
13627,115,110,5,5
13628,121,111,10,10
13629,139,129,10,10
13630,123,114,9,9
13631,63,65,-2,2
13632,122,109,13,13
13633,68,71,-3,3
13634,110,97,13,13
13635,57,78,-21,21
13636,82,74,8,8
13637,95,91,4,4
13638,134,128,6,6
13639,98,87,11,11
13640,128,117,11,11
13641,95,93,2,2
13642,104,123,-19,19
13643,175,158,17,17
13644,109,94,15,15
13645,164,143,21,21
13646,118,110,8,8
13647,70,76,-6,6
13648,54,65,-11,11
13649,145,138,7,7
13650,68,67,1,1
13651,82,74,8,8
13652,61,63,-2,2
13653,92,91,1,1
13654,89,85,4,4
13655,96,90,6,6
13656,122,110,12,12
13657,79,77,2,2
13658,75,74,1,1
13659,108,104,4,4
13660,43,43,0,0
13661,67,68,-1,1
13662,75,79,-4,4
13663,67,67,0,0
13664,88,90,-2,2
13665,55,59,-4,4
13666,96,104,-8,8
13667,60,63,-3,3
13668,125,113,12,12
13669,56,67,-11,11
13670,111,104,7,7
13671,105,114,-9,9
13672,77,95,-18,18
13673,89,90,-1,1
13674,79,81,-2,2
13675,107,108,-1,1
13676,124,111,13,13
13677,119,114,5,5
13678,57,79,-22,22
13679,127,118,9,9
13680,64,74,-10,10
13681,96,95,1,1
13682,89,80,9,9
13683,71,75,-4,4
13684,76,73,3,3
13685,110,108,2,2
13686,120,126,-6,6
13687,98,89,9,9
13688,84,89,-5,5
13689,233,213,20,20
13690,75,71,4,4
13691,107,87,20,20
13692,76,76,0,0
13693,84,85,-1,1
13694,86,84,2,2
13695,103,91,12,12
13696,106,94,12,12
13697,150,124,26,26
13698,73,74,-1,1
13699,130,135,-5,5
13700,132,114,18,18
13701,139,130,9,9
13702,115,110,5,5
13703,155,142,13,13
13704,75,83,-8,8
13705,70,73,-3,3
13706,127,112,15,15
13707,65,68,-3,3
13708,100,103,-3,3
13709,170,154,16,16
13710,135,128,7,7
13711,75,73,2,2
13712,164,162,2,2
13713,125,110,15,15
13714,104,106,-2,2
13715,53,57,-4,4
13716,146,136,10,10
13717,102,85,17,17
13718,70,75,-5,5
13719,54,60,-6,6
13720,108,101,7,7
13721,97,97,0,0
13722,104,98,6,6
13723,140,134,6,6
13724,94,99,-5,5
13725,62,75,-13,13
13726,105,93,12,12
13727,48,48,0,0
13728,63,68,-5,5
13729,64,59,5,5
13730,51,54,-3,3
13731,63,63,0,0
13732,121,114,7,7
13733,120,110,10,10
13734,86,86,0,0
13735,91,92,-1,1
13736,55,64,-9,9
13737,98,95,3,3
13738,69,64,5,5
13739,45,38,7,7
13740,126,130,-4,4
13741,169,158,11,11
13742,95,86,9,9
13743,106,106,0,0
13744,91,84,7,7
13745,126,111,15,15
13746,67,69,-2,2
13747,55,60,-5,5
13748,74,77,-3,3
13749,87,75,12,12
13750,87,85,2,2
13751,83,73,10,10
13752,114,120,-6,6
13753,125,122,3,3
13754,120,110,10,10
13755,86,80,6,6
13756,66,73,-7,7
13757,106,101,5,5
13758,62,60,2,2
13759,87,106,-19,19
13760,68,62,6,6
13761,77,76,1,1
13762,106,98,8,8
13763,101,95,6,6
13764,93,82,11,11
13765,63,81,-18,18
13766,53,61,-8,8
13767,116,115,1,1
13768,116,112,4,4
13769,92,113,-21,21
13770,80,85,-5,5
13771,93,91,2,2
13772,129,119,10,10
13773,97,93,4,4
13774,51,61,-10,10
13775,98,89,9,9
13776,80,101,-21,21
13777,74,72,2,2
13778,157,138,19,19
13779,163,161,2,2
13780,62,67,-5,5
13781,107,103,4,4
13782,107,95,12,12
13783,107,102,5,5
13784,83,82,1,1
13785,117,102,15,15
13786,94,98,-4,4
13787,65,70,-5,5
13788,61,67,-6,6
13789,79,81,-2,2
13790,137,134,3,3
13791,141,127,14,14
13792,95,94,1,1
13793,101,96,5,5
13794,95,95,0,0
13795,142,122,20,20
13796,107,91,16,16
13797,80,76,4,4
13798,91,92,-1,1
13799,71,72,-1,1
13800,81,80,1,1
13801,96,88,8,8
13802,151,135,16,16
13803,75,82,-7,7
13804,69,71,-2,2
13805,70,72,-2,2
13806,66,71,-5,5
13807,100,98,2,2
13808,107,99,8,8
13809,116,110,6,6
13810,59,64,-5,5
13811,90,94,-4,4
13812,60,58,2,2
13813,55,60,-5,5
13814,66,72,-6,6
13815,90,92,-2,2
13816,80,84,-4,4
13817,151,79,72,72
13818,91,88,3,3
13819,59,60,-1,1
13820,73,75,-2,2
13821,51,60,-9,9
13822,95,93,2,2
13823,92,89,3,3
13824,61,64,-3,3
13825,80,80,0,0
13826,107,116,-9,9
13827,79,78,1,1
13828,167,144,23,23
13829,58,64,-6,6
13830,104,99,5,5
13831,106,113,-7,7
13832,61,59,2,2
13833,111,113,-2,2
13834,97,109,-12,12
13835,101,97,4,4
13836,67,74,-7,7
13837,56,63,-7,7
13838,57,59,-2,2
13839,82,70,12,12
13840,95,93,2,2
13841,69,75,-6,6
13842,58,63,-5,5
13843,105,97,8,8
13844,163,141,22,22
13845,61,67,-6,6
13846,90,75,15,15
13847,220,197,23,23
13848,96,83,13,13
13849,44,47,-3,3
13850,59,61,-2,2
13851,60,65,-5,5
13852,64,66,-2,2
13853,94,91,3,3
13854,151,131,20,20
13855,75,75,0,0
13856,75,76,-1,1
13857,79,73,6,6
13858,70,76,-6,6
13859,107,104,3,3
13860,145,134,11,11
13861,70,66,4,4
13862,75,71,4,4
13863,141,130,11,11
13864,66,70,-4,4
13865,79,72,7,7
13866,111,98,13,13
13867,112,99,13,13
13868,125,128,-3,3
13869,121,125,-4,4
13870,108,100,8,8
13871,74,84,-10,10
13872,106,110,-4,4
13873,118,114,4,4
13874,162,140,22,22
13875,142,104,38,38
13876,65,69,-4,4
13877,59,59,0,0
13878,91,82,9,9
13879,75,73,2,2
13880,125,113,12,12
13881,146,131,15,15
13882,84,79,5,5
13883,95,90,5,5
13884,88,79,9,9
13885,95,88,7,7
13886,54,64,-10,10
13887,68,63,5,5
13888,250,235,15,15
13889,64,64,0,0
13890,89,83,6,6
13891,63,66,-3,3
13892,47,66,-19,19
13893,113,109,4,4
13894,118,107,11,11
13895,77,74,3,3
13896,175,151,24,24
13897,87,85,2,2
13898,85,84,1,1
13899,107,95,12,12
13900,77,67,10,10
13901,112,116,-4,4
13902,67,71,-4,4
13903,124,128,-4,4
13904,69,68,1,1
13905,170,161,9,9
13906,91,77,14,14
13907,69,71,-2,2
13908,69,64,5,5
13909,102,99,3,3
13910,87,97,-10,10
13911,61,65,-4,4
13912,140,115,25,25
13913,56,59,-3,3
13914,50,54,-4,4
13915,71,68,3,3
13916,46,56,-10,10
13917,102,100,2,2
13918,72,69,3,3
13919,102,105,-3,3
13920,98,94,4,4
13921,114,113,1,1
13922,83,85,-2,2
13923,75,79,-4,4
13924,92,83,9,9
13925,107,105,2,2
13926,166,147,19,19
13927,72,75,-3,3
13928,43,58,-15,15
13929,98,85,13,13
13930,141,127,14,14
13931,112,98,14,14
13932,149,141,8,8
13933,17,31,-14,14
13934,63,72,-9,9
13935,127,116,11,11
13936,128,121,7,7
13937,64,70,-6,6
13938,59,63,-4,4
13939,45,60,-15,15
13940,104,98,6,6
13941,82,79,3,3
13942,52,43,9,9
13943,96,85,11,11
13944,108,101,7,7
13945,122,117,5,5
13946,105,100,5,5
13947,72,76,-4,4
13948,75,72,3,3
13949,111,104,7,7
13950,86,81,5,5
13951,121,116,5,5
13952,86,83,3,3
13953,66,64,2,2
13954,93,90,3,3
13955,128,129,-1,1
13956,142,127,15,15
13957,87,73,14,14
13958,84,83,1,1
13959,103,103,0,0
13960,113,99,14,14
13961,136,131,5,5
13962,74,70,4,4
13963,108,117,-9,9
13964,89,91,-2,2
13965,84,82,2,2
13966,98,92,6,6
13967,51,60,-9,9
13968,53,52,1,1
13969,88,75,13,13
13970,96,86,10,10
13971,105,111,-6,6
13972,95,87,8,8
13973,119,107,12,12
13974,79,73,6,6
13975,110,90,20,20
13976,68,64,4,4
13977,98,95,3,3
13978,162,156,6,6
13979,124,122,2,2
13980,54,53,1,1
13981,89,94,-5,5
13982,55,57,-2,2
13983,147,127,20,20
13984,118,107,11,11
13985,28,34,-6,6
13986,115,107,8,8
13987,87,85,2,2
13988,129,119,10,10
13989,100,93,7,7
13990,119,113,6,6
13991,95,94,1,1
13992,130,124,6,6
13993,57,54,3,3
13994,103,94,9,9
13995,100,96,4,4
13996,95,90,5,5
13997,61,63,-2,2
13998,59,64,-5,5
13999,126,114,12,12
14000,162,164,-2,2
14001,98,97,1,1
14002,134,109,25,25
14003,118,110,8,8
14004,57,62,-5,5
14005,84,91,-7,7
14006,84,80,4,4
14007,120,127,-7,7
14008,163,153,10,10
14009,64,68,-4,4
14010,83,76,7,7
14011,69,83,-14,14
14012,135,100,35,35
14013,86,80,6,6
14014,60,55,5,5
14015,77,83,-6,6
14016,92,91,1,1
14017,85,79,6,6
14018,161,148,13,13
14019,126,111,15,15
14020,63,65,-2,2
14021,93,98,-5,5
14022,73,70,3,3
14023,107,104,3,3
14024,74,78,-4,4
14025,73,65,8,8
14026,108,96,12,12
14027,182,166,16,16
14028,134,116,18,18
14029,67,71,-4,4
14030,91,87,4,4
14031,131,150,-19,19
14032,146,133,13,13
14033,80,77,3,3
14034,139,127,12,12
14035,188,176,12,12
14036,150,135,15,15
14037,74,73,1,1
14038,115,114,1,1
14039,87,80,7,7
14040,83,70,13,13
14041,71,70,1,1
14042,95,94,1,1
14043,110,98,12,12
14044,91,87,4,4
14045,108,101,7,7
14046,51,54,-3,3
14047,71,75,-4,4
14048,50,55,-5,5
14049,66,70,-4,4
14050,56,67,-11,11
14051,108,106,2,2
14052,114,106,8,8
14053,86,75,11,11
14054,88,82,6,6
14055,66,63,3,3
14056,111,109,2,2
14057,53,60,-7,7
14058,94,91,3,3
14059,74,74,0,0
14060,129,128,1,1
14061,75,79,-4,4
14062,198,175,23,23
14063,76,73,3,3
14064,94,93,1,1
14065,70,66,4,4
14066,172,143,29,29
14067,61,63,-2,2
14068,80,80,0,0
14069,102,92,10,10
14070,114,110,4,4
14071,70,71,-1,1
14072,75,80,-5,5
14073,112,104,8,8
14074,44,44,0,0
14075,145,161,-16,16
14076,68,93,-25,25
14077,148,138,10,10
14078,56,61,-5,5
14079,81,82,-1,1
14080,73,75,-2,2
14081,122,120,2,2
14082,75,84,-9,9
14083,121,121,0,0
14084,139,135,4,4
14085,63,64,-1,1
14086,125,120,5,5
14087,85,79,6,6
14088,112,107,5,5
14089,114,107,7,7
14090,134,124,10,10
14091,98,105,-7,7
14092,75,81,-6,6
14093,135,119,16,16
14094,96,94,2,2
14095,102,98,4,4
14096,150,147,3,3
14097,186,160,26,26
14098,63,61,2,2
14099,116,105,11,11
14100,83,71,12,12
14101,110,92,18,18
14102,104,96,8,8
14103,71,70,1,1
14104,111,114,-3,3
14105,106,107,-1,1
14106,147,144,3,3
14107,67,70,-3,3
14108,212,192,20,20
14109,83,85,-2,2
14110,174,146,28,28
14111,113,121,-8,8
14112,68,78,-10,10
14113,159,158,1,1
14114,52,62,-10,10
14115,123,118,5,5
14116,112,107,5,5
14117,69,77,-8,8
14118,61,66,-5,5
14119,63,67,-4,4
14120,70,72,-2,2
14121,65,71,-6,6
14122,145,143,2,2
14123,121,120,1,1
14124,60,58,2,2
14125,187,163,24,24
14126,24,29,-5,5
14127,136,130,6,6
14128,65,77,-12,12
14129,67,67,0,0
14130,189,178,11,11
14131,83,104,-21,21
14132,76,78,-2,2
14133,91,90,1,1
14134,74,84,-10,10
14135,55,65,-10,10
14136,107,97,10,10
14137,160,145,15,15
14138,149,131,18,18
14139,96,89,7,7
14140,88,86,2,2
14141,118,109,9,9
14142,91,86,5,5
14143,92,91,1,1
14144,74,75,-1,1
14145,118,120,-2,2
14146,81,96,-15,15
14147,95,92,3,3
14148,68,71,-3,3
14149,132,114,18,18
14150,49,34,15,15
14151,115,112,3,3
14152,148,139,9,9
14153,109,122,-13,13
14154,104,93,11,11
14155,159,155,4,4
14156,83,74,9,9
14157,47,44,3,3
14158,92,88,4,4
14159,101,101,0,0
14160,57,58,-1,1
14161,40,44,-4,4
14162,153,136,17,17
14163,163,135,28,28
14164,66,71,-5,5
14165,90,84,6,6
14166,55,52,3,3
14167,52,63,-11,11
14168,96,92,4,4
14169,115,111,4,4
14170,47,46,1,1
14171,77,90,-13,13
14172,76,79,-3,3
14173,115,114,1,1
14174,93,95,-2,2
14175,120,94,26,26
14176,83,87,-4,4
14177,119,113,6,6
14178,40,51,-11,11
14179,47,54,-7,7
14180,55,57,-2,2
14181,96,95,1,1
14182,88,91,-3,3
14183,74,86,-12,12
14184,80,85,-5,5
14185,68,67,1,1
14186,144,134,10,10
14187,101,94,7,7
14188,116,113,3,3
14189,63,64,-1,1
14190,51,36,15,15
14191,123,99,24,24
14192,145,133,12,12
14193,107,94,13,13
14194,109,104,5,5
14195,115,114,1,1
14196,59,59,0,0
14197,63,72,-9,9
14198,190,175,15,15
14199,69,68,1,1
14200,77,74,3,3
14201,78,85,-7,7
14202,85,92,-7,7
14203,112,93,19,19
14204,82,84,-2,2
14205,150,141,9,9
14206,72,74,-2,2
14207,105,104,1,1
14208,80,77,3,3
14209,39,34,5,5
14210,102,109,-7,7
14211,68,74,-6,6
14212,95,90,5,5
14213,24,32,-8,8
14214,50,55,-5,5
14215,66,62,4,4
14216,69,74,-5,5
14217,120,109,11,11
14218,140,121,19,19
14219,69,74,-5,5
14220,187,143,44,44
14221,107,99,8,8
14222,67,68,-1,1
14223,126,122,4,4
14224,112,118,-6,6
14225,93,99,-6,6
14226,89,91,-2,2
14227,93,97,-4,4
14228,48,48,0,0
14229,153,142,11,11
14230,67,66,1,1
14231,48,55,-7,7
14232,58,69,-11,11
14233,179,158,21,21
14234,91,89,2,2
14235,123,118,5,5
14236,70,75,-5,5
14237,32,34,-2,2
14238,96,84,12,12
14239,53,54,-1,1
14240,99,97,2,2
14241,133,116,17,17
14242,77,84,-7,7
14243,47,51,-4,4
14244,55,59,-4,4
14245,85,76,9,9
14246,135,125,10,10
14247,103,98,5,5
14248,62,74,-12,12
14249,73,73,0,0
14250,117,124,-7,7
14251,112,104,8,8
14252,34,33,1,1
14253,46,51,-5,5
14254,68,67,1,1
14255,42,34,8,8
14256,88,103,-15,15
14257,88,86,2,2
14258,78,79,-1,1
14259,74,78,-4,4
14260,145,132,13,13
14261,144,133,11,11
14262,146,142,4,4
14263,50,57,-7,7
14264,134,115,19,19
14265,81,74,7,7
14266,81,75,6,6
14267,64,67,-3,3
14268,134,125,9,9
14269,177,169,8,8
14270,115,100,15,15
14271,105,106,-1,1
14272,142,129,13,13
14273,104,104,0,0
14274,74,81,-7,7
14275,177,152,25,25
14276,47,48,-1,1
14277,127,127,0,0
14278,186,160,26,26
14279,81,90,-9,9
14280,78,75,3,3
14281,155,136,19,19
14282,170,128,42,42
14283,97,93,4,4
14284,94,87,7,7
14285,77,80,-3,3
14286,83,79,4,4
14287,109,104,5,5
14288,92,92,0,0
14289,93,91,2,2
14290,63,85,-22,22
14291,85,86,-1,1
14292,92,97,-5,5
14293,68,62,6,6
14294,111,114,-3,3
14295,181,166,15,15
14296,57,55,2,2
14297,93,95,-2,2
14298,68,76,-8,8
14299,95,97,-2,2
14300,123,105,18,18
14301,58,63,-5,5
14302,159,135,24,24
14303,97,85,12,12
14304,82,81,1,1
14305,70,66,4,4
14306,87,75,12,12
14307,63,67,-4,4
14308,138,130,8,8
14309,124,122,2,2
14310,90,87,3,3
14311,72,69,3,3
14312,82,91,-9,9
14313,102,113,-11,11
14314,149,124,25,25
14315,127,114,13,13
14316,127,102,25,25
14317,80,76,4,4
14318,79,71,8,8
14319,126,124,2,2
14320,160,147,13,13
14321,88,87,1,1
14322,57,43,14,14
14323,117,112,5,5
14324,88,80,8,8
14325,117,112,5,5
14326,108,102,6,6
14327,122,129,-7,7
14328,126,114,12,12
14329,137,129,8,8
14330,119,99,20,20
14331,94,96,-2,2
14332,89,72,17,17
14333,65,64,1,1
14334,80,77,3,3
14335,73,76,-3,3
14336,137,119,18,18
14337,112,106,6,6
14338,93,93,0,0
14339,121,100,21,21
14340,94,95,-1,1
14341,74,75,-1,1
14342,126,116,10,10
14343,102,93,9,9
14344,61,60,1,1
14345,107,105,2,2
14346,187,166,21,21
14347,129,118,11,11
14348,96,97,-1,1
14349,85,76,9,9
14350,89,91,-2,2
14351,65,60,5,5
14352,67,74,-7,7
14353,95,89,6,6
14354,90,80,10,10
14355,70,84,-14,14
14356,51,61,-10,10
14357,67,75,-8,8
14358,105,93,12,12
14359,72,86,-14,14
14360,73,68,5,5
14361,90,90,0,0
14362,60,59,1,1
14363,125,116,9,9
14364,128,112,16,16
14365,114,106,8,8
14366,80,67,13,13
14367,130,111,19,19
14368,170,178,-8,8
14369,163,146,17,17
14370,121,103,18,18
14371,65,70,-5,5
14372,110,103,7,7
14373,86,84,2,2
14374,136,129,7,7
14375,95,93,2,2
14376,82,79,3,3
14377,117,106,11,11
14378,122,118,4,4
14379,61,59,2,2
14380,49,53,-4,4
14381,188,160,28,28
14382,61,68,-7,7
14383,164,155,9,9
14384,64,68,-4,4
14385,100,90,10,10
14386,75,72,3,3
14387,90,84,6,6
14388,83,76,7,7
14389,74,80,-6,6
14390,88,84,4,4
14391,110,97,13,13
14392,104,95,9,9
14393,61,66,-5,5
14394,80,86,-6,6
14395,121,108,13,13
14396,72,72,0,0
14397,80,78,2,2
14398,38,34,4,4
14399,136,113,23,23
14400,85,86,-1,1
14401,86,85,1,1
14402,129,119,10,10
14403,58,61,-3,3
14404,73,77,-4,4
14405,135,130,5,5
14406,106,112,-6,6
14407,53,56,-3,3
14408,54,62,-8,8
14409,62,76,-14,14
14410,91,96,-5,5
14411,61,61,0,0
14412,56,64,-8,8
14413,53,58,-5,5
14414,67,68,-1,1
14415,81,85,-4,4
14416,77,81,-4,4
14417,92,89,3,3
14418,181,161,20,20
14419,68,73,-5,5
14420,73,75,-2,2
14421,102,93,9,9
14422,85,84,1,1
14423,78,79,-1,1
14424,85,77,8,8
14425,86,90,-4,4
14426,61,58,3,3
14427,60,62,-2,2
14428,70,82,-12,12
14429,63,69,-6,6
14430,141,143,-2,2
14431,82,75,7,7
14432,125,112,13,13
14433,25,29,-4,4
14434,124,111,13,13
14435,42,34,8,8
14436,123,123,0,0
14437,50,57,-7,7
14438,94,98,-4,4
14439,175,156,19,19
14440,119,117,2,2
14441,97,96,1,1
14442,112,107,5,5
14443,105,102,3,3
14444,85,82,3,3
14445,117,118,-1,1
14446,140,130,10,10
14447,117,105,12,12
14448,45,36,9,9
14449,73,75,-2,2
14450,71,81,-10,10
14451,41,34,7,7
14452,134,120,14,14
14453,102,100,2,2
14454,69,71,-2,2
14455,98,98,0,0
14456,113,101,12,12
14457,90,89,1,1
14458,67,67,0,0
14459,83,86,-3,3
14460,64,66,-2,2
14461,192,160,32,32
14462,93,81,12,12
14463,111,107,4,4
14464,122,120,2,2
14465,89,95,-6,6
14466,77,95,-18,18
14467,66,69,-3,3
14468,57,62,-5,5
14469,84,85,-1,1
14470,90,89,1,1
14471,103,98,5,5
14472,144,133,11,11
14473,120,108,12,12
14474,105,98,7,7
14475,121,115,6,6
14476,51,95,-44,44
14477,91,81,10,10
14478,73,81,-8,8
14479,60,65,-5,5
14480,50,51,-1,1
14481,94,100,-6,6
14482,107,97,10,10
14483,62,60,2,2
14484,77,75,2,2
14485,109,99,10,10
14486,113,104,9,9
14487,95,96,-1,1
14488,153,154,-1,1
14489,146,126,20,20
14490,75,76,-1,1
14491,97,95,2,2
14492,96,94,2,2
14493,112,122,-10,10
14494,93,99,-6,6
14495,88,88,0,0
14496,143,123,20,20
14497,131,127,4,4
14498,92,92,0,0
14499,77,74,3,3
14500,94,89,5,5
14501,60,72,-12,12
14502,70,71,-1,1
14503,73,72,1,1
14504,115,109,6,6
14505,111,111,0,0
14506,41,34,7,7
14507,49,52,-3,3
14508,141,131,10,10
14509,85,79,6,6
14510,89,88,1,1
14511,84,74,10,10
14512,102,96,6,6
14513,100,100,0,0
14514,72,72,0,0
14515,99,89,10,10
14516,68,66,2,2
14517,63,60,3,3
14518,156,156,0,0
14519,113,102,11,11
14520,109,96,13,13
14521,141,132,9,9
14522,173,160,13,13
14523,95,98,-3,3
14524,89,92,-3,3
14525,103,96,7,7
14526,71,71,0,0
14527,81,80,1,1
14528,93,90,3,3
14529,138,147,-9,9
14530,94,81,13,13
14531,168,143,25,25
14532,56,62,-6,6
14533,70,64,6,6
14534,143,120,23,23
14535,115,112,3,3
14536,78,74,4,4
14537,71,68,3,3
14538,61,62,-1,1
14539,174,158,16,16
14540,136,131,5,5
14541,137,139,-2,2
14542,64,61,3,3
14543,98,91,7,7
14544,61,69,-8,8
14545,79,77,2,2
14546,58,60,-2,2
14547,88,85,3,3
14548,83,80,3,3
14549,58,66,-8,8
14550,113,98,15,15
14551,65,63,2,2
14552,98,94,4,4
14553,98,90,8,8
14554,119,103,16,16
14555,81,83,-2,2
14556,107,103,4,4
14557,69,67,2,2
14558,102,102,0,0
14559,64,69,-5,5
14560,92,97,-5,5
14561,91,77,14,14
14562,76,69,7,7
14563,120,110,10,10
14564,131,119,12,12
14565,73,66,7,7
14566,113,94,19,19
14567,46,43,3,3
14568,31,30,1,1
14569,86,90,-4,4
14570,124,126,-2,2
14571,69,67,2,2
14572,103,97,6,6
14573,78,84,-6,6
14574,85,77,8,8
14575,43,34,9,9
14576,102,99,3,3
14577,64,71,-7,7
14578,112,116,-4,4
14579,104,98,6,6
14580,116,113,3,3
14581,72,74,-2,2
14582,86,92,-6,6
14583,45,45,0,0
14584,90,92,-2,2
14585,204,183,21,21
14586,38,34,4,4
14587,95,78,17,17
14588,102,108,-6,6
14589,193,179,14,14
14590,130,111,19,19
14591,47,50,-3,3
14592,132,128,4,4
14593,176,143,33,33
14594,67,70,-3,3
14595,100,100,0,0
14596,73,67,6,6
14597,44,54,-10,10
14598,65,70,-5,5
14599,34,34,0,0
14600,56,67,-11,11
14601,87,86,1,1
14602,87,103,-16,16
14603,44,56,-12,12
14604,115,100,15,15
14605,82,80,2,2
14606,134,132,2,2
14607,161,145,16,16
14608,61,60,1,1
14609,150,137,13,13
14610,106,99,7,7
14611,68,65,3,3
14612,106,93,13,13
14613,96,92,4,4
14614,142,141,1,1
14615,74,68,6,6
14616,47,52,-5,5
14617,130,127,3,3
14618,121,119,2,2
14619,104,98,6,6
14620,79,79,0,0
14621,85,77,8,8
14622,92,93,-1,1
14623,52,95,-43,43
14624,144,150,-6,6
14625,92,81,11,11
14626,58,56,2,2
14627,116,119,-3,3
14628,71,77,-6,6
14629,65,62,3,3
14630,86,77,9,9
14631,51,58,-7,7
14632,51,60,-9,9
14633,169,155,14,14
14634,117,118,-1,1
14635,94,90,4,4
14636,77,74,3,3
14637,61,62,-1,1
14638,64,66,-2,2
14639,38,41,-3,3
14640,54,55,-1,1
14641,70,72,-2,2
14642,77,79,-2,2
14643,127,111,16,16
14644,58,63,-5,5
14645,84,84,0,0
14646,89,91,-2,2
14647,52,53,-1,1
14648,73,74,-1,1
14649,64,72,-8,8
14650,53,63,-10,10
14651,112,100,12,12
14652,92,93,-1,1
14653,90,77,13,13
14654,72,72,0,0
14655,99,103,-4,4
14656,84,76,8,8
14657,90,90,0,0
14658,135,132,3,3
14659,91,84,7,7
14660,81,88,-7,7
14661,119,111,8,8
14662,70,74,-4,4
14663,62,64,-2,2
14664,80,78,2,2
14665,69,67,2,2
14666,107,115,-8,8
14667,145,129,16,16
14668,137,125,12,12
14669,94,96,-2,2
14670,158,136,22,22
14671,174,168,6,6
14672,100,100,0,0
14673,141,127,14,14
14674,131,121,10,10
14675,168,156,12,12
14676,98,92,6,6
14677,116,119,-3,3
14678,101,93,8,8
14679,89,104,-15,15
14680,119,109,10,10
14681,139,134,5,5
14682,25,27,-2,2
14683,106,104,2,2
14684,161,155,6,6
14685,123,112,11,11
14686,87,82,5,5
14687,58,63,-5,5
14688,62,66,-4,4
14689,89,86,3,3
14690,81,77,4,4
14691,70,64,6,6
14692,78,77,1,1
14693,163,151,12,12
14694,46,70,-24,24
14695,57,58,-1,1
14696,108,101,7,7
14697,148,111,37,37
14698,74,75,-1,1
14699,54,61,-7,7
14700,64,74,-10,10
14701,162,136,26,26
14702,124,112,12,12
14703,75,76,-1,1
14704,76,75,1,1
14705,81,86,-5,5
14706,56,63,-7,7
14707,90,87,3,3
14708,70,77,-7,7
14709,66,81,-15,15
14710,75,77,-2,2
14711,95,107,-12,12
14712,123,117,6,6
14713,125,114,11,11
14714,44,43,1,1
14715,141,136,5,5
14716,53,59,-6,6
14717,97,94,3,3
14718,100,91,9,9
14719,78,94,-16,16
14720,199,176,23,23
14721,124,114,10,10
14722,56,72,-16,16
14723,62,59,3,3
14724,109,100,9,9
14725,149,126,23,23
14726,101,100,1,1
14727,129,118,11,11
14728,138,119,19,19
14729,118,120,-2,2
14730,151,144,7,7
14731,58,57,1,1
14732,148,141,7,7
14733,89,89,0,0
14734,93,94,-1,1
14735,111,101,10,10
14736,131,123,8,8
14737,106,109,-3,3
14738,123,114,9,9
14739,119,136,-17,17
14740,106,106,0,0
14741,121,113,8,8
14742,74,66,8,8
14743,94,98,-4,4
14744,83,74,9,9
14745,159,144,15,15
14746,126,112,14,14
14747,71,72,-1,1
14748,52,52,0,0
14749,139,139,0,0
14750,98,91,7,7
14751,94,89,5,5
14752,58,58,0,0
14753,126,123,3,3
14754,65,66,-1,1
14755,98,85,13,13
14756,170,156,14,14
14757,71,78,-7,7
14758,63,72,-9,9
14759,74,77,-3,3
14760,119,111,8,8
14761,73,84,-11,11
14762,88,85,3,3
14763,96,94,2,2
14764,125,124,1,1
14765,119,116,3,3
14766,88,85,3,3
14767,98,91,7,7
14768,103,110,-7,7
14769,95,89,6,6
14770,80,78,2,2
14771,88,87,1,1
14772,50,40,10,10
14773,81,76,5,5
14774,72,67,5,5
14775,56,37,19,19
14776,54,58,-4,4
14777,70,79,-9,9
14778,92,84,8,8
14779,79,77,2,2
14780,64,68,-4,4
14781,121,118,3,3
14782,55,58,-3,3
14783,110,103,7,7
14784,142,130,12,12
14785,160,147,13,13
14786,61,61,0,0
14787,59,62,-3,3
14788,102,105,-3,3
14789,95,90,5,5
14790,62,66,-4,4
14791,142,135,7,7
14792,91,80,11,11
14793,114,105,9,9
14794,54,56,-2,2
14795,93,96,-3,3
14796,96,90,6,6
14797,75,71,4,4
14798,95,89,6,6
14799,59,63,-4,4
14800,87,75,12,12
14801,121,103,18,18
14802,85,86,-1,1
14803,74,75,-1,1
14804,94,93,1,1
14805,117,114,3,3
14806,136,129,7,7
14807,51,52,-1,1
14808,143,131,12,12
14809,110,104,6,6
14810,112,102,10,10
14811,59,56,3,3
14812,69,67,2,2
14813,92,86,6,6
14814,92,96,-4,4
14815,125,110,15,15
14816,93,84,9,9
14817,94,85,9,9
14818,183,159,24,24
14819,158,154,4,4
14820,126,122,4,4
14821,201,178,23,23
14822,96,85,11,11
14823,69,86,-17,17
14824,112,118,-6,6
14825,60,69,-9,9
14826,81,75,6,6
14827,229,196,33,33
14828,81,75,6,6
14829,49,59,-10,10
14830,98,88,10,10
14831,104,97,7,7
14832,117,106,11,11
14833,91,91,0,0
14834,96,87,9,9
14835,82,77,5,5
14836,193,164,29,29
14837,75,78,-3,3
14838,101,97,4,4
14839,128,111,17,17
14840,103,97,6,6
14841,84,79,5,5
14842,162,144,18,18
14843,117,115,2,2
14844,104,121,-17,17
14845,85,83,2,2
14846,90,89,1,1
14847,67,70,-3,3
14848,91,80,11,11
14849,152,140,12,12
14850,60,60,0,0
14851,107,99,8,8
14852,114,125,-11,11
14853,95,94,1,1
14854,85,84,1,1
14855,72,104,-32,32
14856,66,75,-9,9
14857,81,85,-4,4
14858,112,103,9,9
14859,39,35,4,4
14860,125,135,-10,10
14861,67,68,-1,1
14862,103,92,11,11
14863,44,58,-14,14
14864,52,54,-2,2
14865,58,63,-5,5
14866,105,107,-2,2
14867,55,66,-11,11
14868,107,119,-12,12
14869,102,107,-5,5
14870,61,75,-14,14
14871,129,124,5,5
14872,72,71,1,1
14873,144,136,8,8
14874,67,72,-5,5
14875,131,120,11,11
14876,59,63,-4,4
14877,142,131,11,11
14878,80,80,0,0
14879,95,88,7,7
14880,62,71,-9,9
14881,99,99,0,0
14882,69,79,-10,10
14883,36,34,2,2
14884,53,59,-6,6
14885,174,148,26,26
14886,120,115,5,5
14887,60,68,-8,8
14888,44,34,10,10
14889,104,104,0,0
14890,70,67,3,3
14891,80,76,4,4
14892,72,68,4,4
14893,114,119,-5,5
14894,110,105,5,5
14895,69,66,3,3
14896,108,99,9,9
14897,136,126,10,10
14898,62,69,-7,7
14899,170,162,8,8
14900,109,96,13,13
14901,85,87,-2,2
14902,93,80,13,13
14903,117,110,7,7
14904,102,82,20,20
14905,123,112,11,11
14906,91,101,-10,10
14907,65,68,-3,3
14908,52,58,-6,6
14909,139,119,20,20
14910,88,90,-2,2
14911,67,80,-13,13
14912,143,134,9,9
14913,153,148,5,5
14914,65,67,-2,2
14915,84,84,0,0
14916,101,106,-5,5
14917,90,114,-24,24
14918,75,73,2,2
14919,95,90,5,5
14920,197,165,32,32
14921,60,62,-2,2
14922,152,145,7,7
14923,69,65,4,4
14924,79,80,-1,1
14925,63,65,-2,2
14926,114,107,7,7
14927,94,85,9,9
14928,107,97,10,10
14929,94,91,3,3
14930,68,68,0,0
14931,95,93,2,2
14932,123,112,11,11
14933,81,79,2,2
14934,141,120,21,21
14935,78,78,0,0
14936,100,101,-1,1
14937,120,112,8,8
14938,36,34,2,2
14939,81,84,-3,3
14940,118,98,20,20
14941,122,121,1,1
14942,80,72,8,8
14943,130,117,13,13
14944,44,39,5,5
14945,170,161,9,9
14946,74,91,-17,17
14947,66,73,-7,7
14948,192,173,19,19
14949,84,84,0,0
14950,116,131,-15,15
14951,81,78,3,3
14952,43,34,9,9
14953,69,70,-1,1
14954,63,62,1,1
14955,94,91,3,3
14956,84,80,4,4
14957,56,56,0,0
14958,106,107,-1,1
14959,152,125,27,27
14960,92,89,3,3
14961,68,68,0,0
14962,87,91,-4,4
14963,88,97,-9,9
14964,78,80,-2,2
14965,64,75,-11,11
14966,147,137,10,10
14967,57,57,0,0
14968,81,78,3,3
14969,59,66,-7,7
14970,70,70,0,0
14971,87,90,-3,3
14972,90,81,9,9
14973,87,76,11,11
14974,49,51,-2,2
14975,160,134,26,26
14976,131,115,16,16
14977,83,85,-2,2
14978,44,48,-4,4
14979,44,51,-7,7
14980,52,58,-6,6
14981,102,105,-3,3
14982,69,71,-2,2
14983,99,94,5,5
14984,81,90,-9,9
14985,91,96,-5,5
14986,87,84,3,3
14987,57,58,-1,1
14988,82,86,-4,4
14989,56,61,-5,5
14990,76,76,0,0
14991,79,80,-1,1
14992,78,73,5,5
14993,121,105,16,16
14994,119,106,13,13
14995,68,75,-7,7
14996,146,133,13,13
14997,106,88,18,18
14998,132,114,18,18
14999,47,49,-2,2
15000,70,69,1,1
15001,114,96,18,18
15002,71,69,2,2
15003,85,94,-9,9
15004,132,117,15,15
15005,33,32,1,1
15006,16,32,-16,16
15007,68,71,-3,3
15008,62,66,-4,4
15009,84,87,-3,3
15010,50,58,-8,8
15011,91,88,3,3
15012,116,109,7,7
15013,97,89,8,8
15014,126,125,1,1
15015,102,104,-2,2
15016,111,96,15,15
15017,113,105,8,8
15018,149,128,21,21
15019,87,78,9,9
15020,120,106,14,14
15021,124,119,5,5
15022,145,125,20,20
15023,78,76,2,2
15024,158,149,9,9
15025,47,58,-11,11
15026,228,192,36,36
15027,86,89,-3,3
15028,97,96,1,1
15029,105,96,9,9
15030,59,66,-7,7
15031,134,105,29,29
15032,122,118,4,4
15033,116,127,-11,11
15034,72,82,-10,10
15035,95,104,-9,9
15036,48,47,1,1
15037,71,70,1,1
15038,164,162,2,2
15039,80,80,0,0
15040,96,85,11,11
15041,133,119,14,14
15042,121,122,-1,1
15043,122,119,3,3
15044,99,89,10,10
15045,96,88,8,8
15046,41,50,-9,9
15047,157,132,25,25
15048,104,81,23,23
15049,65,71,-6,6
15050,103,104,-1,1
15051,118,108,10,10
15052,99,94,5,5
15053,126,110,16,16
15054,106,99,7,7
15055,55,50,5,5
15056,75,73,2,2
15057,69,75,-6,6
15058,107,106,1,1
15059,122,119,3,3
15060,63,68,-5,5
15061,107,100,7,7
15062,96,113,-17,17
15063,62,72,-10,10
15064,72,73,-1,1
15065,152,137,15,15
15066,65,69,-4,4
15067,78,75,3,3
15068,115,107,8,8
15069,113,99,14,14
15070,113,96,17,17
15071,105,98,7,7
15072,116,111,5,5
15073,158,145,13,13
15074,57,64,-7,7
15075,141,138,3,3
15076,82,79,3,3
15077,106,105,1,1
15078,96,86,10,10
15079,104,99,5,5
15080,98,90,8,8
15081,83,91,-8,8
15082,138,124,14,14
15083,148,133,15,15
15084,71,69,2,2
15085,90,97,-7,7
15086,134,118,16,16
15087,129,129,0,0
15088,127,121,6,6
15089,77,77,0,0
15090,69,74,-5,5
15091,102,98,4,4
15092,69,72,-3,3
15093,65,66,-1,1
15094,102,107,-5,5
15095,56,69,-13,13
15096,123,110,13,13
15097,73,70,3,3
15098,61,71,-10,10
15099,102,111,-9,9
15100,98,95,3,3
15101,80,72,8,8
15102,85,85,0,0
15103,61,60,1,1
15104,127,121,6,6
15105,68,69,-1,1
15106,127,128,-1,1
15107,71,69,2,2
15108,71,61,10,10
15109,149,136,13,13
15110,91,85,6,6
15111,98,99,-1,1
15112,51,59,-8,8
15113,90,83,7,7
15114,105,109,-4,4
15115,84,83,1,1
15116,98,91,7,7
15117,188,191,-3,3
15118,57,57,0,0
15119,135,109,26,26
15120,107,97,10,10
15121,166,152,14,14
15122,102,93,9,9
15123,162,148,14,14
15124,74,71,3,3
15125,81,83,-2,2
15126,58,61,-3,3
15127,93,78,15,15
15128,67,64,3,3
15129,136,137,-1,1
15130,122,119,3,3
15131,114,115,-1,1
15132,66,63,3,3
15133,121,105,16,16
15134,82,85,-3,3
15135,110,102,8,8
15136,63,67,-4,4
15137,108,101,7,7
15138,77,73,4,4
15139,86,83,3,3
15140,74,69,5,5
15141,101,101,0,0
15142,114,118,-4,4
15143,105,97,8,8
15144,106,101,5,5
15145,83,78,5,5
15146,169,157,12,12
15147,71,72,-1,1
15148,87,89,-2,2
15149,67,68,-1,1
15150,86,109,-23,23
15151,244,221,23,23
15152,96,83,13,13
15153,136,130,6,6
15154,64,66,-2,2
15155,131,139,-8,8
15156,142,144,-2,2
15157,63,74,-11,11
15158,56,62,-6,6
15159,65,64,1,1
15160,116,97,19,19
15161,57,55,2,2
15162,109,112,-3,3
15163,114,120,-6,6
15164,68,67,1,1
15165,114,106,8,8
15166,64,82,-18,18
15167,112,114,-2,2
15168,47,55,-8,8
15169,66,64,2,2
15170,81,87,-6,6
15171,127,124,3,3
15172,109,105,4,4
15173,72,67,5,5
15174,94,93,1,1
15175,46,52,-6,6
15176,113,89,24,24
15177,70,72,-2,2
15178,80,84,-4,4
15179,64,70,-6,6
15180,113,101,12,12
15181,56,63,-7,7
15182,112,101,11,11
15183,50,62,-12,12
15184,101,92,9,9
15185,173,163,10,10
15186,57,54,3,3
15187,104,96,8,8
15188,90,83,7,7
15189,76,74,2,2
15190,94,90,4,4
15191,105,115,-10,10
15192,121,112,9,9
15193,126,128,-2,2
15194,127,107,20,20
15195,116,114,2,2
15196,88,82,6,6
15197,62,72,-10,10
15198,190,179,11,11
15199,91,101,-10,10
15200,68,74,-6,6
15201,102,92,10,10
15202,150,118,32,32
15203,85,88,-3,3
15204,45,45,0,0
15205,106,106,0,0
15206,64,64,0,0
15207,152,145,7,7
15208,124,122,2,2
15209,77,81,-4,4
15210,80,86,-6,6
15211,68,62,6,6
15212,131,124,7,7
15213,141,126,15,15
15214,138,120,18,18
15215,139,152,-13,13
15216,54,63,-9,9
15217,81,83,-2,2
15218,131,116,15,15
15219,105,99,6,6
15220,88,78,10,10
15221,97,96,1,1
15222,132,122,10,10
15223,80,84,-4,4
15224,83,85,-2,2
15225,56,64,-8,8
15226,68,77,-9,9
15227,88,83,5,5
15228,101,103,-2,2
15229,123,112,11,11
15230,123,123,0,0
15231,56,75,-19,19
15232,139,132,7,7
15233,102,103,-1,1
15234,53,53,0,0
15235,145,139,6,6
15236,94,92,2,2
15237,126,119,7,7
15238,92,82,10,10
15239,82,83,-1,1
15240,74,85,-11,11
15241,165,130,35,35
15242,99,101,-2,2
15243,139,140,-1,1
15244,84,74,10,10
15245,85,84,1,1
15246,63,68,-5,5
15247,174,146,28,28
15248,127,106,21,21
15249,93,101,-8,8
15250,106,100,6,6
15251,108,132,-24,24
15252,93,90,3,3
15253,98,82,16,16
15254,91,89,2,2
15255,68,68,0,0
15256,98,94,4,4
15257,264,249,15,15
15258,105,91,14,14
15259,71,75,-4,4
15260,57,55,2,2
15261,99,96,3,3
15262,87,79,8,8
15263,109,104,5,5
15264,132,126,6,6
15265,66,75,-9,9
15266,99,97,2,2
15267,70,64,6,6
15268,111,104,7,7
15269,124,112,12,12
15270,53,62,-9,9
15271,113,99,14,14
15272,69,64,5,5
15273,69,76,-7,7
15274,80,79,1,1
15275,87,86,1,1
15276,117,104,13,13
15277,105,93,12,12
15278,64,60,4,4
15279,41,44,-3,3
15280,60,60,0,0
15281,93,92,1,1
15282,74,68,6,6
15283,100,88,12,12
15284,75,72,3,3
15285,117,101,16,16
15286,129,126,3,3
15287,145,135,10,10
15288,102,101,1,1
15289,147,142,5,5
15290,55,61,-6,6
15291,91,85,6,6
15292,46,51,-5,5
15293,211,171,40,40
15294,125,130,-5,5
15295,76,76,0,0
15296,84,78,6,6
15297,104,100,4,4
15298,62,69,-7,7
15299,77,83,-6,6
15300,100,91,9,9
15301,83,87,-4,4
15302,90,90,0,0
15303,181,157,24,24
15304,132,140,-8,8
15305,88,84,4,4
15306,85,85,0,0
15307,69,71,-2,2
15308,59,60,-1,1
15309,42,32,10,10
15310,138,123,15,15
15311,75,71,4,4
15312,116,114,2,2
15313,76,87,-11,11
15314,85,84,1,1
15315,60,66,-6,6
15316,101,96,5,5
15317,117,120,-3,3
15318,73,83,-10,10
15319,65,69,-4,4
15320,136,132,4,4
15321,40,44,-4,4
15322,61,63,-2,2
15323,138,130,8,8
15324,55,63,-8,8
15325,87,78,9,9
15326,60,57,3,3
15327,42,34,8,8
15328,184,183,1,1
15329,136,135,1,1
15330,46,50,-4,4
15331,157,118,39,39
15332,99,100,-1,1
15333,64,60,4,4
15334,95,93,2,2
15335,138,132,6,6
15336,63,66,-3,3
15337,72,66,6,6
15338,52,60,-8,8
15339,90,80,10,10
15340,78,81,-3,3
15341,97,96,1,1
15342,118,107,11,11
15343,89,89,0,0
15344,55,60,-5,5
15345,109,100,9,9
15346,64,70,-6,6
15347,103,91,12,12
15348,96,93,3,3
15349,101,94,7,7
15350,130,120,10,10
15351,67,79,-12,12
15352,65,67,-2,2
15353,80,79,1,1
15354,90,86,4,4
15355,86,80,6,6
15356,62,62,0,0
15357,162,149,13,13
15358,107,108,-1,1
15359,42,34,8,8
15360,104,101,3,3
15361,125,116,9,9
15362,93,93,0,0
15363,163,173,-10,10
15364,42,59,-17,17
15365,127,118,9,9
15366,94,98,-4,4
15367,88,85,3,3
15368,147,134,13,13
15369,155,144,11,11
15370,107,93,14,14
15371,65,66,-1,1
15372,94,105,-11,11
15373,77,80,-3,3
15374,128,124,4,4
15375,70,73,-3,3
15376,51,61,-10,10
15377,101,103,-2,2
15378,108,93,15,15
15379,169,149,20,20
15380,56,62,-6,6
15381,114,100,14,14
15382,129,134,-5,5
15383,98,93,5,5
15384,62,61,1,1
15385,52,52,0,0
15386,125,110,15,15
15387,123,112,11,11
15388,107,103,4,4
15389,100,96,4,4
15390,153,160,-7,7
15391,81,88,-7,7
15392,82,86,-4,4
15393,97,96,1,1
15394,28,32,-4,4
15395,123,120,3,3
15396,66,75,-9,9
15397,91,88,3,3
15398,95,93,2,2
15399,66,73,-7,7
15400,105,105,0,0
15401,64,64,0,0
15402,106,99,7,7
15403,136,119,17,17
15404,87,86,1,1
15405,71,66,5,5
15406,116,114,2,2
15407,88,90,-2,2
15408,53,58,-5,5
15409,126,111,15,15
15410,144,123,21,21
15411,74,78,-4,4
15412,63,67,-4,4
15413,72,74,-2,2
15414,73,66,7,7
15415,76,76,0,0
15416,88,84,4,4
15417,78,78,0,0
15418,103,97,6,6
15419,76,69,7,7
15420,41,80,-39,39
15421,231,200,31,31
15422,134,130,4,4
15423,126,106,20,20
15424,138,124,14,14
15425,103,108,-5,5
15426,90,91,-1,1
15427,73,72,1,1
15428,63,75,-12,12
15429,81,85,-4,4
15430,120,102,18,18
15431,92,93,-1,1
15432,100,97,3,3
15433,51,61,-10,10
15434,116,113,3,3
15435,97,92,5,5
15436,87,74,13,13
15437,138,119,19,19
15438,52,62,-10,10
15439,36,34,2,2
15440,167,162,5,5
15441,80,89,-9,9
15442,117,110,7,7
15443,91,80,11,11
15444,163,147,16,16
15445,112,121,-9,9
15446,75,79,-4,4
15447,119,110,9,9
15448,61,67,-6,6
15449,71,66,5,5
15450,117,115,2,2
15451,115,125,-10,10
15452,99,99,0,0
15453,125,116,9,9
15454,100,97,3,3
15455,153,127,26,26
15456,146,142,4,4
15457,157,139,18,18
15458,104,100,4,4
15459,130,116,14,14
15460,137,140,-3,3
15461,105,108,-3,3
15462,101,90,11,11
15463,110,110,0,0
15464,97,89,8,8
15465,87,78,9,9
15466,107,103,4,4
15467,87,86,1,1
15468,90,78,12,12
15469,90,85,5,5
15470,118,113,5,5
15471,57,64,-7,7
15472,108,109,-1,1
15473,51,59,-8,8
15474,56,77,-21,21
15475,53,68,-15,15
15476,55,61,-6,6
15477,68,77,-9,9
15478,61,66,-5,5
15479,142,141,1,1
15480,83,78,5,5
15481,56,64,-8,8
15482,60,71,-11,11
15483,59,66,-7,7
15484,119,109,10,10
15485,60,69,-9,9
15486,60,66,-6,6
15487,106,102,4,4
15488,78,78,0,0
15489,83,78,5,5
15490,63,67,-4,4
15491,147,137,10,10
15492,182,168,14,14
15493,129,118,11,11
15494,97,96,1,1
15495,115,105,10,10
15496,105,108,-3,3
15497,102,107,-5,5
15498,127,124,3,3
15499,157,143,14,14
15500,84,79,5,5
15501,152,132,20,20
15502,74,76,-2,2
15503,79,77,2,2
15504,123,124,-1,1
15505,135,137,-2,2
15506,82,81,1,1
15507,111,109,2,2
15508,62,84,-22,22
15509,59,67,-8,8
15510,77,84,-7,7
15511,63,71,-8,8
15512,81,82,-1,1
15513,56,59,-3,3
15514,69,72,-3,3
15515,65,72,-7,7
15516,82,80,2,2
15517,91,86,5,5
15518,190,155,35,35
15519,185,167,18,18
15520,131,116,15,15
15521,65,65,0,0
15522,158,141,17,17
15523,144,147,-3,3
15524,73,81,-8,8
15525,80,81,-1,1
15526,152,139,13,13
15527,62,68,-6,6
15528,64,70,-6,6
15529,65,70,-5,5
15530,146,135,11,11
15531,124,118,6,6
15532,108,97,11,11
15533,131,117,14,14
15534,107,109,-2,2
15535,104,99,5,5
15536,78,72,6,6
15537,115,117,-2,2
15538,159,142,17,17
15539,103,104,-1,1
15540,101,101,0,0
15541,63,61,2,2
15542,160,150,10,10
15543,61,67,-6,6
15544,60,61,-1,1
15545,130,133,-3,3
15546,96,94,2,2
15547,84,85,-1,1
15548,93,92,1,1
15549,110,106,4,4
15550,66,62,4,4
15551,77,73,4,4
15552,103,100,3,3
15553,78,81,-3,3
15554,147,132,15,15
15555,87,88,-1,1
15556,84,76,8,8
15557,83,79,4,4
15558,69,67,2,2
15559,180,165,15,15
15560,140,134,6,6
15561,57,61,-4,4
15562,120,113,7,7
15563,62,65,-3,3
15564,79,77,2,2
15565,127,122,5,5
15566,64,70,-6,6
15567,81,72,9,9
15568,100,95,5,5
15569,118,113,5,5
15570,85,74,11,11
15571,77,83,-6,6
15572,104,95,9,9
15573,72,69,3,3
15574,101,97,4,4
15575,95,98,-3,3
15576,98,91,7,7
15577,62,62,0,0
15578,98,90,8,8
15579,113,121,-8,8
15580,62,63,-1,1
15581,52,61,-9,9
15582,112,101,11,11
15583,80,79,1,1
15584,106,114,-8,8
15585,63,67,-4,4
15586,49,63,-14,14
15587,72,74,-2,2
15588,117,99,18,18
15589,116,108,8,8
15590,94,89,5,5
15591,95,94,1,1
15592,83,93,-10,10
15593,119,117,2,2
15594,106,103,3,3
15595,92,80,12,12
15596,70,76,-6,6
15597,133,123,10,10
15598,64,63,1,1
15599,169,153,16,16
15600,93,86,7,7
15601,102,98,4,4
15602,87,82,5,5
15603,71,74,-3,3
15604,62,67,-5,5
15605,59,56,3,3
15606,85,82,3,3
15607,72,74,-2,2
15608,50,53,-3,3
15609,92,88,4,4
15610,127,117,10,10
15611,57,58,-1,1
15612,107,101,6,6
15613,65,64,1,1
15614,82,83,-1,1
15615,81,82,-1,1
15616,98,95,3,3
15617,82,77,5,5
15618,110,124,-14,14
15619,166,153,13,13
15620,107,100,7,7
15621,50,59,-9,9
15622,148,132,16,16
15623,70,74,-4,4
15624,100,87,13,13
15625,108,106,2,2
15626,113,110,3,3
15627,53,65,-12,12
15628,126,121,5,5
15629,72,74,-2,2
15630,197,171,26,26
15631,47,47,0,0
15632,89,84,5,5
15633,143,126,17,17
15634,119,113,6,6
15635,76,79,-3,3
15636,73,80,-7,7
15637,68,75,-7,7
15638,111,104,7,7
15639,121,104,17,17
15640,92,95,-3,3
15641,113,103,10,10
15642,98,100,-2,2
15643,152,152,0,0
15644,80,81,-1,1
15645,82,79,3,3
15646,128,117,11,11
15647,49,60,-11,11
15648,128,124,4,4
15649,63,67,-4,4
15650,52,57,-5,5
15651,89,85,4,4
15652,68,64,4,4
15653,109,103,6,6
15654,83,80,3,3
15655,97,97,0,0
15656,73,74,-1,1
15657,75,72,3,3
15658,127,115,12,12
15659,52,78,-26,26
15660,69,61,8,8
15661,152,142,10,10
15662,87,87,0,0
15663,130,111,19,19
15664,72,84,-12,12
15665,114,113,1,1
15666,75,79,-4,4
15667,136,123,13,13
15668,77,75,2,2
15669,88,84,4,4
15670,64,71,-7,7
15671,90,80,10,10
15672,174,167,7,7
15673,57,66,-9,9
15674,56,63,-7,7
15675,78,75,3,3
15676,81,78,3,3
15677,67,62,5,5
15678,123,109,14,14
15679,146,136,10,10
15680,123,121,2,2
15681,98,99,-1,1
15682,61,62,-1,1
15683,109,108,1,1
15684,76,82,-6,6
15685,121,114,7,7
15686,81,82,-1,1
15687,38,52,-14,14
15688,70,74,-4,4
15689,83,76,7,7
15690,100,97,3,3
15691,79,86,-7,7
15692,98,100,-2,2
15693,79,74,5,5
15694,196,172,24,24
15695,137,131,6,6
15696,67,71,-4,4
15697,87,91,-4,4
15698,79,78,1,1
15699,84,86,-2,2
15700,104,112,-8,8
15701,105,107,-2,2
15702,113,101,12,12
15703,54,54,0,0
15704,77,75,2,2
15705,124,119,5,5
15706,103,95,8,8
15707,175,152,23,23
15708,67,64,3,3
15709,86,84,2,2
15710,65,70,-5,5
15711,74,72,2,2
15712,85,60,25,25
15713,77,76,1,1
15714,94,88,6,6
15715,163,137,26,26
15716,107,105,2,2
15717,126,121,5,5
15718,97,91,6,6
15719,80,77,3,3
15720,150,148,2,2
15721,67,73,-6,6
15722,120,103,17,17
15723,86,92,-6,6
15724,80,79,1,1
15725,79,75,4,4
15726,98,91,7,7
15727,100,101,-1,1
15728,105,104,1,1
15729,140,151,-11,11
15730,110,100,10,10
15731,101,91,10,10
15732,50,54,-4,4
15733,132,124,8,8
15734,160,152,8,8
15735,119,106,13,13
15736,94,88,6,6
15737,83,78,5,5
15738,92,85,7,7
15739,76,67,9,9
15740,103,98,5,5
15741,93,93,0,0
15742,67,70,-3,3
15743,104,111,-7,7
15744,123,116,7,7
15745,90,80,10,10
15746,75,79,-4,4
15747,120,115,5,5
15748,66,62,4,4
15749,106,104,2,2
15750,120,113,7,7
15751,98,85,13,13
15752,105,107,-2,2
15753,97,95,2,2
15754,101,94,7,7
15755,80,79,1,1
15756,87,84,3,3
15757,68,68,0,0
15758,160,140,20,20
15759,77,79,-2,2
15760,65,68,-3,3
15761,90,90,0,0
15762,34,34,0,0
15763,90,94,-4,4
15764,83,76,7,7
15765,47,38,9,9
15766,47,70,-23,23
15767,106,110,-4,4
15768,63,68,-5,5
15769,96,95,1,1
15770,108,117,-9,9
15771,85,82,3,3
15772,157,137,20,20
15773,90,76,14,14
15774,116,115,1,1
15775,132,126,6,6
15776,123,113,10,10
15777,118,111,7,7
15778,45,57,-12,12
15779,60,63,-3,3
15780,179,152,27,27
15781,111,107,4,4
15782,118,117,1,1
15783,87,94,-7,7
15784,51,63,-12,12
15785,37,41,-4,4
15786,91,88,3,3
15787,69,72,-3,3
15788,130,115,15,15
15789,102,107,-5,5
15790,93,97,-4,4
15791,129,120,9,9
15792,54,55,-1,1
15793,70,70,0,0
15794,125,109,16,16
15795,59,64,-5,5
15796,46,34,12,12
15797,64,68,-4,4
15798,113,97,16,16
15799,110,92,18,18
15800,46,54,-8,8
15801,134,135,-1,1
15802,71,84,-13,13
15803,143,138,5,5
15804,63,67,-4,4
15805,120,112,8,8
15806,86,78,8,8
15807,74,81,-7,7
15808,118,117,1,1
15809,61,64,-3,3
15810,65,65,0,0
15811,136,120,16,16
15812,85,86,-1,1
15813,105,88,17,17
15814,146,134,12,12
15815,98,104,-6,6
15816,30,46,-16,16
15817,76,77,-1,1
15818,148,135,13,13
15819,126,100,26,26
15820,121,112,9,9
15821,173,128,45,45
15822,68,84,-16,16
15823,100,100,0,0
15824,109,108,1,1
15825,73,77,-4,4
15826,97,94,3,3
15827,92,83,9,9
15828,97,93,4,4
15829,88,96,-8,8
15830,159,139,20,20
15831,104,101,3,3
15832,65,68,-3,3
15833,84,78,6,6
15834,82,79,3,3
15835,100,106,-6,6
15836,105,98,7,7
15837,70,78,-8,8
15838,77,70,7,7
15839,111,106,5,5
15840,96,84,12,12
15841,98,102,-4,4
15842,89,90,-1,1
15843,62,69,-7,7
15844,144,126,18,18
15845,134,126,8,8
15846,96,92,4,4
15847,64,74,-10,10
15848,74,75,-1,1
15849,113,104,9,9
15850,125,133,-8,8
15851,122,109,13,13
15852,66,76,-10,10
15853,46,52,-6,6
15854,115,110,5,5
15855,59,57,2,2
15856,76,73,3,3
15857,97,90,7,7
15858,125,123,2,2
15859,138,102,36,36
15860,24,29,-5,5
15861,34,34,0,0
15862,77,77,0,0
15863,112,118,-6,6
15864,123,118,5,5
15865,88,84,4,4
15866,130,120,10,10
15867,108,103,5,5
15868,52,50,2,2
15869,112,115,-3,3
15870,41,34,7,7
15871,68,75,-7,7
15872,111,106,5,5
15873,97,101,-4,4
15874,73,73,0,0
15875,75,73,2,2
15876,79,91,-12,12
15877,62,69,-7,7
15878,75,89,-14,14
15879,128,120,8,8
15880,113,113,0,0
15881,49,42,7,7
15882,65,62,3,3
15883,64,67,-3,3
15884,97,105,-8,8
15885,117,100,17,17
15886,62,64,-2,2
15887,75,91,-16,16
15888,80,84,-4,4
15889,63,69,-6,6
15890,50,60,-10,10
15891,112,110,2,2
15892,129,122,7,7
15893,78,73,5,5
15894,102,99,3,3
15895,101,89,12,12
15896,67,71,-4,4
15897,49,52,-3,3
15898,184,161,23,23
15899,81,80,1,1
15900,70,71,-1,1
15901,95,87,8,8
15902,111,100,11,11
15903,141,128,13,13
15904,105,99,6,6
15905,54,48,6,6
15906,78,77,1,1
15907,155,137,18,18
15908,134,120,14,14
15909,88,80,8,8
15910,66,76,-10,10
15911,64,70,-6,6
15912,60,72,-12,12
15913,94,86,8,8
15914,103,90,13,13
15915,146,136,10,10
15916,74,81,-7,7
15917,73,66,7,7
15918,62,67,-5,5
15919,103,101,2,2
15920,126,116,10,10
15921,96,85,11,11
15922,160,141,19,19
15923,118,111,7,7
15924,128,113,15,15
15925,191,177,14,14
15926,123,112,11,11
15927,107,105,2,2
15928,55,57,-2,2
15929,47,34,13,13
15930,55,55,0,0
15931,58,62,-4,4
15932,107,104,3,3
15933,76,74,2,2
15934,96,84,12,12
15935,57,58,-1,1
15936,110,114,-4,4
15937,79,74,5,5
15938,65,72,-7,7
15939,123,110,13,13
15940,61,53,8,8
15941,65,74,-9,9
15942,113,105,8,8
15943,49,45,4,4
15944,82,91,-9,9
15945,98,100,-2,2
15946,75,76,-1,1
15947,112,113,-1,1
15948,113,101,12,12
15949,94,91,3,3
15950,58,46,12,12
15951,64,65,-1,1
15952,105,107,-2,2
15953,101,97,4,4
15954,68,72,-4,4
15955,101,91,10,10
15956,52,52,0,0
15957,70,68,2,2
15958,97,126,-29,29
15959,117,103,14,14
15960,68,70,-2,2
15961,127,109,18,18
15962,69,77,-8,8
15963,90,95,-5,5
15964,40,43,-3,3
15965,114,103,11,11
15966,98,94,4,4
15967,66,68,-2,2
15968,67,78,-11,11
15969,190,180,10,10
15970,104,96,8,8
15971,74,82,-8,8
15972,69,59,10,10
15973,86,90,-4,4
15974,102,92,10,10
15975,122,113,9,9
15976,142,128,14,14
15977,103,88,15,15
15978,164,146,18,18
15979,110,120,-10,10
15980,64,67,-3,3
15981,74,71,3,3
15982,61,60,1,1
15983,63,69,-6,6
15984,100,87,13,13
15985,107,108,-1,1
15986,102,95,7,7
15987,31,34,-3,3
15988,147,133,14,14
15989,60,65,-5,5
15990,86,79,7,7
15991,114,118,-4,4
15992,103,114,-11,11
15993,75,77,-2,2
15994,95,101,-6,6
15995,87,77,10,10
15996,99,85,14,14
15997,114,113,1,1
15998,76,80,-4,4
15999,120,119,1,1
16000,90,83,7,7
16001,64,62,2,2
16002,113,105,8,8
16003,66,65,1,1
16004,123,107,16,16
16005,132,115,17,17
16006,124,104,20,20
16007,56,59,-3,3
16008,125,129,-4,4
16009,101,96,5,5
16010,89,82,7,7
16011,57,68,-11,11
16012,98,90,8,8
16013,101,97,4,4
16014,82,87,-5,5
16015,128,130,-2,2
16016,56,62,-6,6
16017,162,155,7,7
16018,84,89,-5,5
16019,79,75,4,4
16020,53,60,-7,7
16021,55,61,-6,6
16022,62,61,1,1
16023,73,76,-3,3
16024,42,34,8,8
16025,127,134,-7,7
16026,52,59,-7,7
16027,121,119,2,2
16028,75,81,-6,6
16029,89,84,5,5
16030,64,66,-2,2
16031,36,31,5,5
16032,89,80,9,9
16033,72,67,5,5
16034,148,137,11,11
16035,106,97,9,9
16036,158,158,0,0
16037,131,117,14,14
16038,130,127,3,3
16039,77,71,6,6
16040,136,124,12,12
16041,102,102,0,0
16042,86,84,2,2
16043,89,84,5,5
16044,101,91,10,10
16045,99,96,3,3
16046,100,91,9,9
16047,69,74,-5,5
16048,92,80,12,12
16049,69,75,-6,6
16050,128,117,11,11
16051,151,138,13,13
16052,39,34,5,5
16053,44,54,-10,10
16054,74,85,-11,11
16055,82,76,6,6
16056,140,126,14,14
16057,120,107,13,13
16058,79,67,12,12
16059,89,89,0,0
16060,158,181,-23,23
16061,105,122,-17,17
16062,113,112,1,1
16063,58,56,2,2
16064,95,93,2,2
16065,82,89,-7,7
16066,140,126,14,14
16067,66,74,-8,8
16068,94,90,4,4
16069,116,116,0,0
16070,70,78,-8,8
16071,90,87,3,3
16072,73,84,-11,11
16073,62,99,-37,37
16074,55,58,-3,3
16075,87,85,2,2
16076,97,95,2,2
16077,75,73,2,2
16078,113,104,9,9
16079,148,126,22,22
16080,144,160,-16,16
16081,64,61,3,3
16082,117,103,14,14
16083,89,87,2,2
16084,106,98,8,8
16085,130,109,21,21
16086,91,97,-6,6
16087,52,55,-3,3
16088,54,64,-10,10
16089,117,101,16,16
16090,127,129,-2,2
16091,104,87,17,17
16092,122,112,10,10
16093,67,63,4,4
16094,73,77,-4,4
16095,84,84,0,0
16096,63,66,-3,3
16097,199,186,13,13
16098,138,145,-7,7
16099,85,80,5,5
16100,112,110,2,2
16101,100,101,-1,1
16102,184,186,-2,2
16103,90,86,4,4
16104,55,58,-3,3
16105,142,127,15,15
16106,124,121,3,3
16107,83,93,-10,10
16108,79,88,-9,9
16109,52,69,-17,17
16110,92,94,-2,2
16111,71,71,0,0
16112,47,34,13,13
16113,83,86,-3,3
16114,68,69,-1,1
16115,65,72,-7,7
16116,99,92,7,7
16117,114,117,-3,3
16118,98,98,0,0
16119,84,100,-16,16
16120,181,154,27,27
16121,51,54,-3,3
16122,95,80,15,15
16123,77,79,-2,2
16124,70,76,-6,6
16125,103,95,8,8
16126,106,97,9,9
16127,70,76,-6,6
16128,92,91,1,1
16129,104,105,-1,1
16130,49,62,-13,13
16131,62,71,-9,9
16132,52,57,-5,5
16133,88,84,4,4
16134,84,78,6,6
16135,80,85,-5,5
16136,55,63,-8,8
16137,84,78,6,6
16138,158,134,24,24
16139,76,71,5,5
16140,58,65,-7,7
16141,94,87,7,7
16142,44,40,4,4
16143,96,91,5,5
16144,134,121,13,13
16145,124,117,7,7
16146,137,134,3,3
16147,139,129,10,10
16148,40,35,5,5
16149,64,69,-5,5
16150,100,97,3,3
16151,90,89,1,1
16152,88,89,-1,1
16153,80,80,0,0
16154,67,67,0,0
16155,96,90,6,6
16156,74,68,6,6
16157,80,71,9,9
16158,54,63,-9,9
16159,133,126,7,7
16160,71,69,2,2
16161,151,136,15,15
16162,150,143,7,7
16163,107,108,-1,1
16164,104,101,3,3
16165,96,91,5,5
16166,164,158,6,6
16167,61,75,-14,14
16168,95,93,2,2
16169,120,114,6,6
16170,107,109,-2,2
16171,116,105,11,11
16172,89,85,4,4
16173,42,34,8,8
16174,74,73,1,1
16175,100,102,-2,2
16176,66,64,2,2
16177,105,102,3,3
16178,108,93,15,15
16179,144,136,8,8
16180,118,119,-1,1
16181,82,76,6,6
16182,164,141,23,23
16183,125,125,0,0
16184,68,74,-6,6
16185,102,100,2,2
16186,109,112,-3,3
16187,111,94,17,17
16188,115,102,13,13
16189,58,57,1,1
16190,109,96,13,13
16191,90,87,3,3
16192,99,91,8,8
16193,124,132,-8,8
16194,147,117,30,30
16195,67,70,-3,3
16196,89,87,2,2
16197,77,71,6,6
16198,106,127,-21,21
16199,78,78,0,0
16200,58,72,-14,14
16201,119,106,13,13
16202,74,78,-4,4
16203,80,83,-3,3
16204,143,131,12,12
16205,160,138,22,22
16206,117,107,10,10
16207,79,74,5,5
16208,103,101,2,2
16209,88,74,14,14
16210,74,77,-3,3
16211,96,95,1,1
16212,94,101,-7,7
16213,66,64,2,2
16214,43,53,-10,10
16215,137,124,13,13
16216,89,83,6,6
16217,95,97,-2,2
16218,172,168,4,4
16219,37,34,3,3
16220,75,78,-3,3
16221,112,107,5,5
16222,98,98,0,0
16223,137,127,10,10
16224,122,110,12,12
16225,55,54,1,1
16226,65,64,1,1
16227,105,101,4,4
16228,67,72,-5,5
16229,115,103,12,12
16230,35,53,-18,18
16231,95,88,7,7
16232,62,60,2,2
16233,60,61,-1,1
16234,142,122,20,20
16235,74,86,-12,12
16236,100,93,7,7
16237,179,88,91,91
16238,173,151,22,22
16239,161,154,7,7
16240,76,77,-1,1
16241,79,87,-8,8
16242,116,100,16,16
16243,58,65,-7,7
16244,83,82,1,1
16245,48,56,-8,8
16246,74,71,3,3
16247,57,67,-10,10
16248,84,82,2,2
16249,114,102,12,12
16250,72,64,8,8
16251,96,98,-2,2
16252,113,137,-24,24
16253,105,97,8,8
16254,149,129,20,20
16255,62,67,-5,5
16256,72,66,6,6
16257,77,75,2,2
16258,152,140,12,12
16259,94,87,7,7
16260,115,107,8,8
16261,56,54,2,2
16262,65,66,-1,1
16263,111,100,11,11
16264,73,77,-4,4
16265,75,69,6,6
16266,90,96,-6,6
16267,121,124,-3,3
16268,111,101,10,10
16269,179,161,18,18
16270,136,134,2,2
16271,111,106,5,5
16272,35,66,-31,31
16273,90,87,3,3
16274,58,60,-2,2
16275,172,150,22,22
16276,77,75,2,2
16277,81,75,6,6
16278,31,34,-3,3
16279,87,92,-5,5
16280,63,78,-15,15
16281,114,101,13,13
16282,96,94,2,2
16283,83,78,5,5
16284,117,116,1,1
16285,121,102,19,19
16286,89,91,-2,2
16287,106,104,2,2
16288,108,101,7,7
16289,121,112,9,9
16290,160,142,18,18
16291,110,104,6,6
16292,87,76,11,11
16293,107,101,6,6
16294,117,114,3,3
16295,74,75,-1,1
16296,96,93,3,3
16297,133,122,11,11
16298,81,90,-9,9
16299,81,82,-1,1
16300,76,78,-2,2
16301,57,66,-9,9
16302,131,131,0,0
16303,91,81,10,10
16304,39,41,-2,2
16305,119,104,15,15
16306,138,126,12,12
16307,105,109,-4,4
16308,77,72,5,5
16309,132,127,5,5
16310,58,66,-8,8
16311,42,34,8,8
16312,67,68,-1,1
16313,54,55,-1,1
16314,74,72,2,2
16315,95,92,3,3
16316,73,68,5,5
16317,75,77,-2,2
16318,58,62,-4,4
16319,112,102,10,10
16320,114,104,10,10
16321,118,117,1,1
16322,63,65,-2,2
16323,59,71,-12,12
16324,56,58,-2,2
16325,66,65,1,1
16326,64,67,-3,3
16327,100,90,10,10
16328,97,98,-1,1
16329,155,140,15,15
16330,93,83,10,10
16331,123,119,4,4
16332,89,80,9,9
16333,76,82,-6,6
16334,178,172,6,6
16335,67,65,2,2
16336,112,99,13,13
16337,105,100,5,5
16338,95,86,9,9
16339,81,85,-4,4
16340,67,76,-9,9
16341,79,81,-2,2
16342,117,118,-1,1
16343,72,78,-6,6
16344,103,101,2,2
16345,109,102,7,7
16346,59,64,-5,5
16347,101,97,4,4
16348,112,107,5,5
16349,158,142,16,16
16350,119,117,2,2
16351,92,86,6,6
16352,38,34,4,4
16353,66,74,-8,8
16354,69,84,-15,15
16355,51,58,-7,7
16356,200,161,39,39
16357,93,89,4,4
16358,97,93,4,4
16359,171,135,36,36
16360,65,74,-9,9
16361,102,96,6,6
16362,72,69,3,3
16363,55,61,-6,6
16364,118,96,22,22
16365,86,80,6,6
16366,135,120,15,15
16367,78,72,6,6
16368,115,117,-2,2
16369,140,139,1,1
16370,61,67,-6,6
16371,48,58,-10,10
16372,78,77,1,1
16373,195,185,10,10
16374,48,59,-11,11
16375,71,66,5,5
16376,126,118,8,8
16377,207,182,25,25
16378,111,96,15,15
16379,75,85,-10,10
16380,106,100,6,6
16381,84,77,7,7
16382,140,133,7,7
16383,77,93,-16,16
16384,88,86,2,2
16385,63,61,2,2
16386,146,130,16,16
16387,43,47,-4,4
16388,87,86,1,1
16389,63,61,2,2
16390,92,97,-5,5
16391,64,69,-5,5
16392,107,96,11,11
16393,114,106,8,8
16394,76,69,7,7
16395,108,114,-6,6
16396,61,60,1,1
16397,157,147,10,10
16398,161,141,20,20
16399,81,77,4,4
16400,42,45,-3,3
16401,120,96,24,24
16402,118,103,15,15
16403,99,95,4,4
16404,78,79,-1,1
16405,39,34,5,5
16406,62,65,-3,3
16407,93,86,7,7
16408,51,59,-8,8
16409,63,84,-21,21
16410,131,136,-5,5
16411,117,99,18,18
16412,96,86,10,10
16413,158,148,10,10
16414,88,88,0,0
16415,77,81,-4,4
16416,84,84,0,0
16417,123,113,10,10
16418,84,80,4,4
16419,122,118,4,4
16420,88,89,-1,1
16421,73,67,6,6
16422,198,178,20,20
16423,87,76,11,11
16424,76,83,-7,7
16425,85,86,-1,1
16426,86,90,-4,4
16427,161,161,0,0
16428,132,108,24,24
16429,65,59,6,6
16430,65,62,3,3
16431,155,141,14,14
16432,94,96,-2,2
16433,91,85,6,6
16434,94,101,-7,7
16435,132,122,10,10
16436,74,74,0,0
16437,134,126,8,8
16438,186,173,13,13
16439,117,108,9,9
16440,128,123,5,5
16441,49,52,-3,3
16442,52,59,-7,7
16443,54,52,2,2
16444,49,57,-8,8
16445,61,68,-7,7
16446,87,85,2,2
16447,121,125,-4,4
16448,110,106,4,4
16449,29,34,-5,5
16450,75,74,1,1
16451,119,119,0,0
16452,100,92,8,8
16453,73,91,-18,18
16454,71,75,-4,4
16455,61,78,-17,17
16456,91,102,-11,11
16457,68,81,-13,13
16458,79,78,1,1
16459,141,142,-1,1
16460,89,88,1,1
16461,132,123,9,9
16462,110,105,5,5
16463,70,72,-2,2
16464,49,54,-5,5
16465,99,98,1,1
16466,60,59,1,1
16467,94,91,3,3
16468,89,86,3,3
16469,149,140,9,9
16470,78,72,6,6
16471,133,138,-5,5
16472,134,137,-3,3
16473,65,72,-7,7
16474,117,100,17,17
16475,96,89,7,7
16476,130,113,17,17
16477,138,131,7,7
16478,85,85,0,0
16479,128,120,8,8
16480,84,80,4,4
16481,127,114,13,13
16482,67,71,-4,4
16483,149,148,1,1
16484,77,73,4,4
16485,91,89,2,2
16486,137,122,15,15
16487,142,133,9,9
16488,68,70,-2,2
16489,129,122,7,7
16490,120,109,11,11
16491,38,42,-4,4
16492,109,105,4,4
16493,101,93,8,8
16494,66,97,-31,31
16495,61,65,-4,4
16496,107,101,6,6
16497,112,96,16,16
16498,114,126,-12,12
16499,96,95,1,1
16500,136,129,7,7
16501,60,63,-3,3
16502,108,95,13,13
16503,109,107,2,2
16504,98,92,6,6
16505,53,72,-19,19
16506,68,62,6,6
16507,114,106,8,8
16508,181,177,4,4
16509,121,111,10,10
16510,67,70,-3,3
16511,78,70,8,8
16512,74,72,2,2
16513,47,46,1,1
16514,113,120,-7,7
16515,41,34,7,7
16516,57,61,-4,4
16517,68,64,4,4
16518,88,90,-2,2
16519,76,96,-20,20
16520,96,95,1,1
16521,45,53,-8,8
16522,119,112,7,7
16523,104,108,-4,4
16524,111,104,7,7
16525,62,59,3,3
16526,94,91,3,3
16527,86,81,5,5
16528,78,86,-8,8
16529,132,126,6,6
16530,105,99,6,6
16531,141,121,20,20
16532,59,63,-4,4
16533,205,166,39,39
16534,91,90,1,1
16535,87,101,-14,14
16536,87,84,3,3
16537,102,87,15,15
16538,94,84,10,10
16539,77,76,1,1
16540,61,62,-1,1
16541,152,132,20,20
16542,85,84,1,1
16543,120,110,10,10
16544,83,87,-4,4
16545,135,126,9,9
16546,52,57,-5,5
16547,79,72,7,7
16548,50,58,-8,8
16549,152,136,16,16
16550,80,73,7,7
16551,83,85,-2,2
16552,163,155,8,8
16553,75,84,-9,9
16554,72,76,-4,4
16555,93,87,6,6
16556,118,99,19,19
16557,84,87,-3,3
16558,72,70,2,2
16559,75,77,-2,2
16560,79,81,-2,2
16561,84,90,-6,6
16562,88,87,1,1
16563,99,92,7,7
16564,59,64,-5,5
16565,112,106,6,6
16566,128,107,21,21
16567,115,96,19,19
16568,101,109,-8,8
16569,60,63,-3,3
16570,80,84,-4,4
16571,134,130,4,4
16572,72,71,1,1
16573,160,139,21,21
16574,123,116,7,7
16575,111,102,9,9
16576,61,67,-6,6
16577,68,72,-4,4
16578,131,133,-2,2
16579,135,118,17,17
16580,217,217,0,0
16581,56,51,5,5
16582,86,89,-3,3
16583,104,98,6,6
16584,87,95,-8,8
16585,76,75,1,1
16586,137,126,11,11
16587,86,85,1,1
16588,53,57,-4,4
16589,82,85,-3,3
16590,52,48,4,4
16591,85,81,4,4
16592,110,99,11,11
16593,58,59,-1,1
16594,103,101,2,2
16595,40,34,6,6
16596,70,67,3,3
16597,50,45,5,5
16598,69,72,-3,3
16599,108,111,-3,3
16600,82,74,8,8
16601,138,125,13,13
16602,103,99,4,4
16603,119,108,11,11
16604,111,99,12,12
16605,154,137,17,17
16606,131,122,9,9
16607,67,71,-4,4
16608,76,72,4,4
16609,104,101,3,3
16610,134,117,17,17
16611,41,50,-9,9
16612,54,52,2,2
16613,116,108,8,8
16614,58,60,-2,2
16615,74,84,-10,10
16616,101,100,1,1
16617,62,62,0,0
16618,141,134,7,7
16619,93,83,10,10
16620,98,91,7,7
16621,88,98,-10,10
16622,33,33,0,0
16623,115,116,-1,1
16624,86,84,2,2
16625,156,139,17,17
16626,66,65,1,1
16627,93,86,7,7
16628,61,63,-2,2
16629,128,119,9,9
16630,161,130,31,31
16631,51,57,-6,6
16632,59,63,-4,4
16633,97,94,3,3
16634,157,142,15,15
16635,91,97,-6,6
16636,67,60,7,7
16637,90,91,-1,1
16638,82,78,4,4
16639,104,95,9,9
16640,96,94,2,2
16641,122,121,1,1
16642,86,80,6,6
16643,126,123,3,3
16644,87,84,3,3
16645,77,86,-9,9
16646,117,105,12,12
16647,144,126,18,18
16648,86,76,10,10
16649,61,57,4,4
16650,79,96,-17,17
16651,96,90,6,6
16652,89,92,-3,3
16653,89,93,-4,4
16654,110,102,8,8
16655,87,77,10,10
16656,39,46,-7,7
16657,98,94,4,4
16658,151,140,11,11
16659,89,88,1,1
16660,67,70,-3,3
16661,71,70,1,1
16662,119,107,12,12
16663,86,84,2,2
16664,147,133,14,14
16665,51,42,9,9
16666,83,95,-12,12
16667,83,80,3,3
16668,54,57,-3,3
16669,138,120,18,18
16670,64,67,-3,3
16671,80,81,-1,1
16672,58,63,-5,5
16673,92,88,4,4
16674,56,72,-16,16
16675,114,119,-5,5
16676,58,62,-4,4
16677,51,60,-9,9
16678,111,103,8,8
16679,66,76,-10,10
16680,64,67,-3,3
16681,99,106,-7,7
16682,73,68,5,5
16683,110,95,15,15
16684,99,107,-8,8
16685,92,85,7,7
16686,57,59,-2,2
16687,138,127,11,11
16688,156,150,6,6
16689,113,106,7,7
16690,37,34,3,3
16691,119,111,8,8
16692,109,107,2,2
16693,137,128,9,9
16694,187,140,47,47
16695,77,82,-5,5
16696,78,70,8,8
16697,89,90,-1,1
16698,144,139,5,5
16699,111,108,3,3
16700,46,55,-9,9
16701,119,115,4,4
16702,89,76,13,13
16703,85,76,9,9
16704,155,133,22,22
16705,164,162,2,2
16706,176,161,15,15
16707,61,66,-5,5
16708,143,142,1,1
16709,66,57,9,9
16710,138,120,18,18
16711,107,102,5,5
16712,80,75,5,5
16713,95,90,5,5
16714,94,100,-6,6
16715,90,85,5,5
16716,65,67,-2,2
16717,75,78,-3,3
16718,54,58,-4,4
16719,84,84,0,0
16720,129,112,17,17
16721,142,124,18,18
16722,96,101,-5,5
16723,112,106,6,6
16724,93,82,11,11
16725,57,61,-4,4
16726,36,53,-17,17
16727,46,54,-8,8
16728,94,96,-2,2
16729,57,62,-5,5
16730,106,111,-5,5
16731,130,128,2,2
16732,62,66,-4,4
16733,89,91,-2,2
16734,137,126,11,11
16735,107,108,-1,1
16736,58,58,0,0
16737,73,70,3,3
16738,86,85,1,1
16739,103,97,6,6
16740,121,116,5,5
16741,66,63,3,3
16742,87,90,-3,3
16743,59,57,2,2
16744,109,107,2,2
16745,79,89,-10,10
16746,68,67,1,1
16747,66,71,-5,5
16748,72,77,-5,5
16749,100,95,5,5
16750,102,96,6,6
16751,55,60,-5,5
16752,98,92,6,6
16753,107,102,5,5
16754,77,68,9,9
16755,76,81,-5,5
16756,65,68,-3,3
16757,134,112,22,22
16758,39,50,-11,11
16759,123,123,0,0
16760,64,67,-3,3
16761,105,98,7,7
16762,66,66,0,0
16763,203,186,17,17
16764,144,114,30,30
16765,75,79,-4,4
16766,106,97,9,9
16767,104,99,5,5
16768,73,81,-8,8
16769,83,74,9,9
16770,81,92,-11,11
16771,83,82,1,1
16772,100,105,-5,5
16773,103,95,8,8
16774,76,76,0,0
16775,66,72,-6,6
16776,72,73,-1,1
16777,87,96,-9,9
16778,81,86,-5,5
16779,109,103,6,6
16780,103,92,11,11
16781,112,118,-6,6
16782,170,156,14,14
16783,89,86,3,3
16784,73,78,-5,5
16785,59,61,-2,2
16786,135,127,8,8
16787,61,67,-6,6
16788,78,79,-1,1
16789,125,109,16,16
16790,64,72,-8,8
16791,54,61,-7,7
16792,119,108,11,11
16793,92,94,-2,2
16794,117,112,5,5
16795,88,78,10,10
16796,99,95,4,4
16797,48,54,-6,6
16798,123,121,2,2
16799,113,111,2,2
16800,98,96,2,2
16801,66,66,0,0
16802,82,78,4,4
16803,38,34,4,4
16804,86,89,-3,3
16805,135,137,-2,2
16806,140,128,12,12
16807,73,70,3,3
16808,95,93,2,2
16809,40,37,3,3
16810,67,88,-21,21
16811,160,148,12,12
16812,121,109,12,12
16813,104,85,19,19
16814,98,91,7,7
16815,125,114,11,11
16816,119,103,16,16
16817,109,109,0,0
16818,73,76,-3,3
16819,212,183,29,29
16820,81,76,5,5
16821,104,101,3,3
16822,44,49,-5,5
16823,82,69,13,13
16824,181,158,23,23
16825,50,47,3,3
16826,90,99,-9,9
16827,87,84,3,3
16828,76,90,-14,14
16829,211,195,16,16
16830,104,95,9,9
16831,114,106,8,8
16832,143,139,4,4
16833,142,131,11,11
16834,153,161,-8,8
16835,60,60,0,0
16836,60,62,-2,2
16837,111,91,20,20
16838,143,145,-2,2
16839,76,77,-1,1
16840,73,71,2,2
16841,76,70,6,6
16842,75,75,0,0
16843,58,65,-7,7
16844,57,53,4,4
16845,112,106,6,6
16846,151,136,15,15
16847,51,49,2,2
16848,64,69,-5,5
16849,80,79,1,1
16850,89,84,5,5
16851,155,140,15,15
16852,97,89,8,8
16853,82,88,-6,6
16854,122,109,13,13
16855,110,109,1,1
16856,91,82,9,9
16857,27,60,-33,33
16858,55,57,-2,2
16859,107,97,10,10
16860,61,67,-6,6
16861,67,74,-7,7
16862,111,115,-4,4
16863,95,90,5,5
16864,129,123,6,6
16865,165,162,3,3
16866,139,125,14,14
16867,97,125,-28,28
16868,88,85,3,3
16869,64,74,-10,10
16870,83,77,6,6
16871,118,109,9,9
16872,81,77,4,4
16873,78,77,1,1
16874,164,157,7,7
16875,60,70,-10,10
16876,23,33,-10,10
16877,60,62,-2,2
16878,58,68,-10,10
16879,102,101,1,1
16880,100,96,4,4
16881,103,101,2,2
16882,98,88,10,10
16883,136,132,4,4
16884,110,104,6,6
16885,95,91,4,4
16886,113,109,4,4
16887,143,150,-7,7
16888,141,132,9,9
16889,117,106,11,11
16890,63,72,-9,9
16891,83,75,8,8
16892,52,59,-7,7
16893,95,100,-5,5
16894,85,83,2,2
16895,75,80,-5,5
16896,137,125,12,12
16897,81,80,1,1
16898,55,52,3,3
16899,128,109,19,19
16900,135,114,21,21
16901,107,101,6,6
16902,68,73,-5,5
16903,95,93,2,2
16904,131,119,12,12
16905,106,102,4,4
16906,84,95,-11,11
16907,120,116,4,4
16908,69,69,0,0
16909,93,97,-4,4
16910,100,95,5,5
16911,152,139,13,13
16912,139,141,-2,2
16913,109,106,3,3
16914,122,116,6,6
16915,70,72,-2,2
16916,89,82,7,7
16917,81,70,11,11
16918,59,62,-3,3
16919,74,75,-1,1
16920,121,102,19,19
16921,88,81,7,7
16922,72,90,-18,18
16923,107,102,5,5
16924,47,60,-13,13
16925,105,97,8,8
16926,61,69,-8,8
16927,116,110,6,6
16928,110,103,7,7
16929,63,62,1,1
16930,121,109,12,12
16931,52,53,-1,1
16932,92,85,7,7
16933,102,114,-12,12
16934,86,85,1,1
16935,171,183,-12,12
16936,97,101,-4,4
16937,105,92,13,13
16938,127,110,17,17
16939,84,90,-6,6
16940,99,90,9,9
16941,65,63,2,2
16942,86,76,10,10
16943,107,93,14,14
16944,84,82,2,2
16945,136,120,16,16
16946,82,75,7,7
16947,52,61,-9,9
16948,103,112,-9,9
16949,102,97,5,5
16950,126,112,14,14
16951,185,166,19,19
16952,143,129,14,14
16953,48,67,-19,19
16954,142,115,27,27
16955,58,64,-6,6
16956,164,156,8,8
16957,95,91,4,4
16958,191,182,9,9
16959,115,116,-1,1
16960,58,60,-2,2
16961,121,108,13,13
16962,101,95,6,6
16963,79,81,-2,2
16964,84,86,-2,2
16965,69,69,0,0
16966,153,147,6,6
16967,67,75,-8,8
16968,69,82,-13,13
16969,71,75,-4,4
16970,94,95,-1,1
16971,110,104,6,6
16972,105,101,4,4
16973,88,90,-2,2
16974,93,95,-2,2
16975,70,69,1,1
16976,65,71,-6,6
16977,62,66,-4,4
16978,120,111,9,9
16979,55,54,1,1
16980,73,76,-3,3
16981,102,96,6,6
16982,71,73,-2,2
16983,111,123,-12,12
16984,156,145,11,11
16985,89,91,-2,2
16986,67,68,-1,1
16987,71,75,-4,4
16988,71,75,-4,4
16989,108,100,8,8
16990,72,71,1,1
16991,80,75,5,5
16992,104,93,11,11
16993,111,112,-1,1
16994,58,58,0,0
16995,68,67,1,1
16996,92,85,7,7
16997,161,145,16,16
16998,107,95,12,12
16999,66,75,-9,9
17000,76,81,-5,5
17001,105,99,6,6
17002,140,123,17,17
17003,77,74,3,3
17004,70,73,-3,3
17005,133,120,13,13
17006,50,58,-8,8
17007,66,68,-2,2
17008,60,71,-11,11
17009,72,78,-6,6
17010,123,100,23,23
17011,88,85,3,3
17012,110,103,7,7
17013,94,91,3,3
17014,88,84,4,4
17015,82,74,8,8
17016,107,118,-11,11
17017,69,67,2,2
17018,85,89,-4,4
17019,81,83,-2,2
17020,57,62,-5,5
17021,124,109,15,15
17022,126,121,5,5
17023,59,51,8,8
17024,78,78,0,0
17025,112,111,1,1
17026,87,95,-8,8
17027,101,92,9,9
17028,101,96,5,5
17029,150,141,9,9
17030,135,118,17,17
17031,146,136,10,10
17032,61,63,-2,2
17033,103,98,5,5
17034,134,121,13,13
17035,68,70,-2,2
17036,84,76,8,8
17037,59,63,-4,4
17038,115,108,7,7
17039,98,83,15,15
17040,118,125,-7,7
17041,97,94,3,3
17042,94,101,-7,7
17043,143,126,17,17
17044,119,112,7,7
17045,82,88,-6,6
17046,86,90,-4,4
17047,79,84,-5,5
17048,178,177,1,1
17049,151,131,20,20
17050,133,123,10,10
17051,71,76,-5,5
17052,56,54,2,2
17053,61,62,-1,1
17054,69,75,-6,6
17055,95,94,1,1
17056,98,90,8,8
17057,88,89,-1,1
17058,86,86,0,0
17059,79,84,-5,5
17060,77,74,3,3
17061,88,99,-11,11
17062,110,101,9,9
17063,138,137,1,1
17064,98,104,-6,6
17065,99,95,4,4
17066,73,74,-1,1
17067,143,131,12,12
17068,44,40,4,4
17069,136,122,14,14
17070,150,134,16,16
17071,125,121,4,4
17072,134,125,9,9
17073,93,96,-3,3
17074,107,98,9,9
17075,38,38,0,0
17076,133,144,-11,11
17077,151,140,11,11
17078,104,105,-1,1
17079,83,79,4,4
17080,124,104,20,20
17081,161,152,9,9
17082,72,71,1,1
17083,77,83,-6,6
17084,111,106,5,5
17085,107,105,2,2
17086,107,108,-1,1
17087,98,101,-3,3
17088,168,157,11,11
17089,100,93,7,7
17090,70,72,-2,2
17091,68,68,0,0
17092,74,68,6,6
17093,129,126,3,3
17094,121,111,10,10
17095,69,67,2,2
17096,121,118,3,3
17097,103,101,2,2
17098,187,179,8,8
17099,61,63,-2,2
17100,81,75,6,6
17101,117,120,-3,3
17102,46,48,-2,2
17103,77,75,2,2
17104,85,86,-1,1
17105,47,54,-7,7
17106,81,81,0,0
17107,99,90,9,9
17108,152,150,2,2
17109,58,70,-12,12
17110,45,56,-11,11
17111,87,82,5,5
17112,100,85,15,15
17113,41,34,7,7
17114,184,153,31,31
17115,72,73,-1,1
17116,38,34,4,4
17117,79,97,-18,18
17118,98,86,12,12
17119,71,72,-1,1
17120,62,66,-4,4
17121,90,80,10,10
17122,97,84,13,13
17123,52,54,-2,2
17124,74,68,6,6
17125,154,139,15,15
17126,99,90,9,9
17127,44,34,10,10
17128,85,79,6,6
17129,128,122,6,6
17130,128,108,20,20
17131,78,92,-14,14
17132,62,66,-4,4
17133,112,117,-5,5
17134,63,69,-6,6
17135,88,86,2,2
17136,51,52,-1,1
17137,129,122,7,7
17138,65,68,-3,3
17139,56,59,-3,3
17140,102,94,8,8
17141,87,80,7,7
17142,129,123,6,6
17143,61,67,-6,6
17144,79,77,2,2
17145,57,68,-11,11
17146,171,155,16,16
17147,90,89,1,1
17148,96,89,7,7
17149,91,86,5,5
17150,47,55,-8,8
17151,87,97,-10,10
17152,86,101,-15,15
17153,133,130,3,3
17154,133,124,9,9
17155,89,93,-4,4
17156,64,59,5,5
17157,54,59,-5,5
17158,99,112,-13,13
17159,91,88,3,3
17160,76,79,-3,3
17161,75,74,1,1
17162,72,68,4,4
17163,107,108,-1,1
17164,39,34,5,5
17165,99,91,8,8
17166,121,111,10,10
17167,89,84,5,5
17168,132,125,7,7
17169,108,111,-3,3
17170,84,74,10,10
17171,104,98,6,6
17172,68,71,-3,3
17173,55,60,-5,5
17174,74,70,4,4
17175,85,89,-4,4
17176,63,63,0,0
17177,77,76,1,1
17178,103,103,0,0
17179,66,67,-1,1
17180,77,70,7,7
17181,112,101,11,11
17182,127,131,-4,4
17183,100,99,1,1
17184,59,68,-9,9
17185,111,100,11,11
17186,29,34,-5,5
17187,77,75,2,2
17188,98,100,-2,2
17189,108,106,2,2
17190,196,185,11,11
17191,79,76,3,3
17192,150,144,6,6
17193,99,93,6,6
17194,73,71,2,2
17195,75,74,1,1
17196,62,63,-1,1
17197,77,80,-3,3
17198,100,87,13,13
17199,139,133,6,6
17200,80,76,4,4
17201,151,120,31,31
17202,125,118,7,7
17203,70,78,-8,8
17204,141,129,12,12
17205,76,81,-5,5
17206,74,81,-7,7
17207,108,95,13,13
17208,146,122,24,24
17209,65,63,2,2
17210,92,99,-7,7
17211,98,91,7,7
17212,112,115,-3,3
17213,155,133,22,22
17214,109,103,6,6
17215,127,115,12,12
17216,40,55,-15,15
17217,106,111,-5,5
17218,106,112,-6,6
17219,68,67,1,1
17220,73,75,-2,2
17221,69,73,-4,4
17222,93,92,1,1
17223,95,96,-1,1
17224,99,93,6,6
17225,108,103,5,5
17226,77,79,-2,2
17227,76,75,1,1
17228,102,101,1,1
17229,117,108,9,9
17230,88,85,3,3
17231,82,80,2,2
17232,99,92,7,7
17233,147,126,21,21
17234,66,66,0,0
17235,79,70,9,9
17236,62,72,-10,10
17237,175,165,10,10
17238,101,94,7,7
17239,64,69,-5,5
17240,74,73,1,1
17241,72,89,-17,17
17242,64,70,-6,6
17243,73,70,3,3
17244,48,60,-12,12
17245,186,165,21,21
17246,100,117,-17,17
17247,120,110,10,10
17248,53,67,-14,14
17249,120,108,12,12
17250,98,101,-3,3
17251,34,34,0,0
17252,97,94,3,3
17253,118,105,13,13
17254,128,111,17,17
17255,90,84,6,6
17256,63,68,-5,5
17257,160,139,21,21
17258,177,144,33,33
17259,185,172,13,13
17260,104,100,4,4
17261,68,67,1,1
17262,119,117,2,2
17263,110,99,11,11
17264,67,63,4,4
17265,56,61,-5,5
17266,160,144,16,16
17267,103,116,-13,13
17268,68,68,0,0
17269,112,109,3,3
17270,75,74,1,1
17271,101,100,1,1
17272,89,105,-16,16
17273,57,70,-13,13
17274,65,66,-1,1
17275,95,100,-5,5
17276,93,93,0,0
17277,100,95,5,5
17278,127,125,2,2
17279,105,94,11,11
17280,58,53,5,5
17281,70,74,-4,4
17282,146,136,10,10
17283,90,84,6,6
17284,75,74,1,1
17285,92,90,2,2
17286,122,114,8,8
17287,77,77,0,0
17288,50,59,-9,9
17289,69,74,-5,5
17290,36,34,2,2
17291,97,87,10,10
17292,81,87,-6,6
17293,127,129,-2,2
17294,142,135,7,7
17295,98,99,-1,1
17296,91,78,13,13
17297,84,85,-1,1
17298,94,96,-2,2
17299,71,80,-9,9
17300,87,78,9,9
17301,109,101,8,8
17302,58,57,1,1
17303,63,66,-3,3
17304,65,68,-3,3
17305,45,39,6,6
17306,87,73,14,14
17307,64,67,-3,3
17308,82,82,0,0
17309,156,152,4,4
17310,138,113,25,25
17311,76,77,-1,1
17312,134,123,11,11
17313,115,106,9,9
17314,92,91,1,1
17315,126,120,6,6
17316,103,103,0,0
17317,56,63,-7,7
17318,125,133,-8,8
17319,108,94,14,14
17320,69,70,-1,1
17321,151,137,14,14
17322,88,93,-5,5
17323,101,95,6,6
17324,165,158,7,7
17325,151,130,21,21
17326,82,77,5,5
17327,65,65,0,0
17328,93,91,2,2
17329,102,98,4,4
17330,71,74,-3,3
17331,66,72,-6,6
17332,101,101,0,0
17333,109,96,13,13
17334,67,63,4,4
17335,150,136,14,14
17336,71,55,16,16
17337,93,96,-3,3
17338,106,106,0,0
17339,127,116,11,11
17340,167,159,8,8
17341,67,71,-4,4
17342,137,130,7,7
17343,90,89,1,1
17344,48,56,-8,8
17345,79,74,5,5
17346,72,76,-4,4
17347,139,130,9,9
17348,81,85,-4,4
17349,124,122,2,2
17350,114,102,12,12
17351,75,77,-2,2
17352,73,73,0,0
17353,90,80,10,10
17354,156,149,7,7
17355,107,105,2,2
17356,88,84,4,4
17357,135,139,-4,4
17358,120,100,20,20
17359,55,70,-15,15
17360,58,62,-4,4
17361,104,110,-6,6
17362,53,47,6,6
17363,65,63,2,2
17364,71,72,-1,1
17365,36,45,-9,9
17366,135,121,14,14
17367,159,151,8,8
17368,118,100,18,18
17369,93,91,2,2
17370,91,90,1,1
17371,66,74,-8,8
17372,68,60,8,8
17373,81,79,2,2
17374,138,136,2,2
17375,68,71,-3,3
17376,128,126,2,2
17377,97,104,-7,7
17378,83,90,-7,7
17379,194,174,20,20
17380,63,65,-2,2
17381,68,62,6,6
17382,68,70,-2,2
17383,89,91,-2,2
17384,103,92,11,11
17385,113,119,-6,6
17386,95,90,5,5
17387,93,81,12,12
17388,68,69,-1,1
17389,57,55,2,2
17390,58,65,-7,7
17391,174,149,25,25
17392,71,73,-2,2
17393,106,100,6,6
17394,63,65,-2,2
17395,63,58,5,5
17396,126,111,15,15
17397,104,97,7,7
17398,83,84,-1,1
17399,80,81,-1,1
17400,175,162,13,13
17401,77,93,-16,16
17402,146,134,12,12
17403,78,75,3,3
17404,114,101,13,13
17405,86,97,-11,11
17406,149,143,6,6
17407,170,158,12,12
17408,121,112,9,9
17409,61,65,-4,4
17410,64,60,4,4
17411,67,66,1,1
17412,99,102,-3,3
17413,185,165,20,20
17414,56,68,-12,12
17415,99,92,7,7
17416,75,85,-10,10
17417,85,74,11,11
17418,92,85,7,7
17419,91,84,7,7
17420,80,72,8,8
17421,56,70,-14,14
17422,80,75,5,5
17423,135,128,7,7
17424,98,114,-16,16
17425,150,148,2,2
17426,53,63,-10,10
17427,106,99,7,7
17428,74,75,-1,1
17429,196,174,22,22
17430,88,82,6,6
17431,47,50,-3,3
17432,101,103,-2,2
17433,110,101,9,9
17434,116,111,5,5
17435,96,96,0,0
17436,65,61,4,4
17437,55,50,5,5
17438,140,136,4,4
17439,94,85,9,9
17440,89,77,12,12
17441,101,92,9,9
17442,80,73,7,7
17443,112,103,9,9
17444,106,110,-4,4
17445,103,104,-1,1
17446,60,64,-4,4
17447,95,100,-5,5
17448,87,88,-1,1
17449,45,42,3,3
17450,92,93,-1,1
17451,108,99,9,9
17452,98,92,6,6
17453,62,67,-5,5
17454,107,101,6,6
17455,74,68,6,6
17456,137,120,17,17
17457,75,75,0,0
17458,66,67,-1,1
17459,100,92,8,8
17460,129,138,-9,9
17461,79,76,3,3
17462,111,100,11,11
17463,88,92,-4,4
17464,63,65,-2,2
17465,95,96,-1,1
17466,74,75,-1,1
17467,108,101,7,7
17468,115,102,13,13
17469,96,91,5,5
17470,146,131,15,15
17471,178,161,17,17
17472,171,159,12,12
17473,171,145,26,26
17474,151,143,8,8
17475,90,91,-1,1
17476,94,83,11,11
17477,89,77,12,12
17478,71,71,0,0
17479,223,203,20,20
17480,66,70,-4,4
17481,116,110,6,6
17482,69,67,2,2
17483,153,142,11,11
17484,48,59,-11,11
17485,83,87,-4,4
17486,177,160,17,17
17487,70,75,-5,5
17488,80,82,-2,2
17489,77,79,-2,2
17490,69,66,3,3
17491,81,74,7,7
17492,115,111,4,4
17493,96,100,-4,4
17494,94,85,9,9
17495,46,53,-7,7
17496,88,98,-10,10
17497,90,78,12,12
17498,89,95,-6,6
17499,65,63,2,2
17500,78,77,1,1
17501,76,76,0,0
17502,116,102,14,14
17503,127,113,14,14
17504,146,141,5,5
17505,89,94,-5,5
17506,42,61,-19,19
17507,73,67,6,6
17508,61,61,0,0
17509,79,74,5,5
17510,105,98,7,7
17511,64,68,-4,4
17512,115,113,2,2
17513,66,72,-6,6
17514,75,74,1,1
17515,82,80,2,2
17516,46,60,-14,14
17517,106,106,0,0
17518,74,78,-4,4
17519,58,74,-16,16
17520,89,89,0,0
17521,76,71,5,5
17522,90,79,11,11
17523,108,102,6,6
17524,89,96,-7,7
17525,75,72,3,3
17526,98,94,4,4
17527,87,80,7,7
17528,65,69,-4,4
17529,121,106,15,15
17530,63,68,-5,5
17531,139,139,0,0
17532,80,82,-2,2
17533,75,73,2,2
17534,64,68,-4,4
17535,48,34,14,14
17536,115,109,6,6
17537,82,80,2,2
17538,120,111,9,9
17539,141,139,2,2
17540,67,69,-2,2
17541,48,63,-15,15
17542,117,107,10,10
17543,173,164,9,9
17544,74,82,-8,8
17545,53,55,-2,2
17546,33,34,-1,1
17547,79,83,-4,4
17548,76,72,4,4
17549,119,105,14,14
17550,139,129,10,10
17551,77,74,3,3
17552,115,110,5,5
17553,67,73,-6,6
17554,105,91,14,14
17555,127,121,6,6
17556,84,80,4,4
17557,106,107,-1,1
17558,79,85,-6,6
17559,96,99,-3,3
17560,82,77,5,5
17561,146,134,12,12
17562,98,99,-1,1
17563,116,118,-2,2
17564,42,40,2,2
17565,82,84,-2,2
17566,71,70,1,1
17567,103,91,12,12
17568,60,64,-4,4
17569,86,85,1,1
17570,137,120,17,17
17571,105,96,9,9
17572,68,74,-6,6
17573,94,95,-1,1
17574,190,174,16,16
17575,61,63,-2,2
17576,112,104,8,8
17577,72,66,6,6
17578,137,122,15,15
17579,85,86,-1,1
17580,190,177,13,13
17581,145,144,1,1
17582,100,100,0,0
17583,143,125,18,18
17584,81,76,5,5
17585,58,65,-7,7
17586,79,89,-10,10
17587,119,112,7,7
17588,63,68,-5,5
17589,106,98,8,8
17590,111,100,11,11
17591,90,90,0,0
17592,134,132,2,2
17593,129,108,21,21
17594,67,68,-1,1
17595,128,123,5,5
17596,43,44,-1,1
17597,58,61,-3,3
17598,123,126,-3,3
17599,63,64,-1,1
17600,61,67,-6,6
17601,74,64,10,10
17602,117,103,14,14
17603,132,104,28,28
17604,73,64,9,9
17605,127,122,5,5
17606,170,159,11,11
17607,101,101,0,0
17608,118,104,14,14
17609,73,70,3,3
17610,82,83,-1,1
17611,100,95,5,5
17612,62,66,-4,4
17613,80,73,7,7
17614,50,55,-5,5
17615,68,70,-2,2
17616,163,149,14,14
17617,49,52,-3,3
17618,75,76,-1,1
17619,133,121,12,12
17620,115,111,4,4
17621,102,103,-1,1
17622,74,75,-1,1
17623,161,141,20,20
17624,130,128,2,2
17625,122,110,12,12
17626,109,100,9,9
17627,120,123,-3,3
17628,72,52,20,20
17629,90,91,-1,1
17630,80,90,-10,10
17631,103,107,-4,4
17632,134,125,9,9
17633,93,95,-2,2
17634,82,80,2,2
17635,184,161,23,23
17636,84,81,3,3
17637,62,63,-1,1
17638,65,66,-1,1
17639,68,71,-3,3
17640,118,111,7,7
17641,81,82,-1,1
17642,116,111,5,5
17643,116,109,7,7
17644,85,79,6,6
17645,55,64,-9,9
17646,91,89,2,2
17647,79,80,-1,1
17648,24,34,-10,10
17649,155,141,14,14
17650,97,84,13,13
17651,69,75,-6,6
17652,105,100,5,5
17653,158,151,7,7
17654,129,124,5,5
17655,115,103,12,12
17656,92,98,-6,6
17657,82,84,-2,2
17658,100,98,2,2
17659,66,60,6,6
17660,46,54,-8,8
17661,141,144,-3,3
17662,128,119,9,9
17663,101,83,18,18
17664,103,94,9,9
17665,75,73,2,2
17666,125,118,7,7
17667,50,48,2,2
17668,67,66,1,1
17669,91,94,-3,3
17670,95,92,3,3
17671,133,121,12,12
17672,124,116,8,8
17673,59,56,3,3
17674,138,126,12,12
17675,132,125,7,7
17676,109,102,7,7
17677,72,77,-5,5
17678,84,85,-1,1
17679,107,103,4,4
17680,73,82,-9,9
17681,76,78,-2,2
17682,122,106,16,16
17683,107,108,-1,1
17684,38,34,4,4
17685,127,111,16,16
17686,82,75,7,7
17687,189,163,26,26
17688,115,106,9,9
17689,100,94,6,6
17690,70,66,4,4
17691,81,72,9,9
17692,150,155,-5,5
17693,94,86,8,8
17694,88,84,4,4
17695,81,85,-4,4
17696,148,140,8,8
17697,75,84,-9,9
17698,90,87,3,3
17699,124,116,8,8
17700,46,43,3,3
17701,103,104,-1,1
17702,101,90,11,11
17703,93,91,2,2
17704,105,103,2,2
17705,91,92,-1,1
17706,138,130,8,8
17707,85,84,1,1
17708,102,92,10,10
17709,72,85,-13,13
17710,81,80,1,1
17711,118,111,7,7
17712,114,116,-2,2
17713,118,109,9,9
17714,79,81,-2,2
17715,149,133,16,16
17716,74,78,-4,4
17717,46,49,-3,3
17718,76,69,7,7
17719,80,77,3,3
17720,124,130,-6,6
17721,126,129,-3,3
17722,57,58,-1,1
17723,91,102,-11,11
17724,206,174,32,32
17725,122,107,15,15
17726,89,90,-1,1
17727,108,104,4,4
17728,170,152,18,18
17729,89,86,3,3
17730,90,84,6,6
17731,85,88,-3,3
17732,80,69,11,11
17733,105,88,17,17
17734,84,73,11,11
17735,97,94,3,3
17736,60,66,-6,6
17737,39,47,-8,8
17738,103,93,10,10
17739,122,119,3,3
17740,105,103,2,2
17741,72,77,-5,5
17742,72,79,-7,7
17743,126,113,13,13
17744,113,101,12,12
17745,88,84,4,4
17746,121,116,5,5
17747,88,89,-1,1
17748,72,68,4,4
17749,65,73,-8,8
17750,74,80,-6,6
17751,112,115,-3,3
17752,53,54,-1,1
17753,138,127,11,11
17754,108,106,2,2
17755,65,68,-3,3
17756,72,77,-5,5
17757,122,111,11,11
17758,48,61,-13,13
17759,93,87,6,6
17760,124,115,9,9
17761,92,93,-1,1
17762,66,71,-5,5
17763,69,68,1,1
17764,144,146,-2,2
17765,103,103,0,0
17766,96,91,5,5
17767,107,99,8,8
17768,129,122,7,7
17769,60,62,-2,2
17770,72,70,2,2
17771,53,55,-2,2
17772,117,102,15,15
17773,109,109,0,0
17774,73,73,0,0
17775,121,113,8,8
17776,193,182,11,11
17777,69,76,-7,7
17778,80,69,11,11
17779,135,115,20,20
17780,47,49,-2,2
17781,75,70,5,5
17782,135,143,-8,8
17783,97,91,6,6
17784,76,77,-1,1
17785,108,102,6,6
17786,110,109,1,1
17787,87,92,-5,5
17788,59,61,-2,2
17789,163,152,11,11
17790,80,83,-3,3
17791,169,150,19,19
17792,91,89,2,2
17793,122,115,7,7
17794,97,96,1,1
17795,63,71,-8,8
17796,139,138,1,1
17797,76,73,3,3
17798,80,77,3,3
17799,79,74,5,5
17800,112,109,3,3
17801,94,92,2,2
17802,103,103,0,0
17803,53,61,-8,8
17804,70,74,-4,4
17805,156,149,7,7
17806,29,51,-22,22
17807,128,129,-1,1
17808,125,120,5,5
17809,126,102,24,24
17810,50,79,-29,29
17811,152,145,7,7
17812,195,160,35,35
17813,76,80,-4,4
17814,87,85,2,2
17815,80,73,7,7
17816,66,66,0,0
17817,72,72,0,0
17818,104,107,-3,3
17819,67,66,1,1
17820,109,105,4,4
17821,146,136,10,10
17822,59,70,-11,11
17823,78,74,4,4
17824,73,70,3,3
17825,139,131,8,8
17826,103,92,11,11
17827,112,113,-1,1
17828,99,90,9,9
17829,68,76,-8,8
17830,53,58,-5,5
17831,152,124,28,28
17832,55,55,0,0
17833,96,99,-3,3
17834,78,78,0,0
17835,69,91,-22,22
17836,54,56,-2,2
17837,118,116,2,2
17838,120,105,15,15
17839,45,60,-15,15
17840,94,86,8,8
17841,141,132,9,9
17842,81,85,-4,4
17843,85,96,-11,11
17844,100,101,-1,1
17845,104,100,4,4
17846,189,160,29,29
17847,79,72,7,7
17848,98,96,2,2
17849,53,56,-3,3
17850,139,125,14,14
17851,96,111,-15,15
17852,75,75,0,0
17853,74,76,-2,2
17854,142,135,7,7
17855,135,145,-10,10
17856,40,34,6,6
17857,176,154,22,22
17858,55,60,-5,5
17859,70,79,-9,9
17860,71,73,-2,2
17861,55,63,-8,8
17862,168,157,11,11
17863,146,129,17,17
17864,111,107,4,4
17865,117,99,18,18
17866,64,64,0,0
17867,106,97,9,9
17868,110,95,15,15
17869,79,80,-1,1
17870,95,86,9,9
17871,121,114,7,7
17872,129,124,5,5
17873,98,87,11,11
17874,60,61,-1,1
17875,53,58,-5,5
17876,121,106,15,15
17877,112,126,-14,14
17878,54,61,-7,7
17879,76,77,-1,1
17880,126,129,-3,3
17881,131,117,14,14
17882,45,50,-5,5
17883,135,126,9,9
17884,95,86,9,9
17885,80,73,7,7
17886,96,91,5,5
17887,143,128,15,15
17888,59,63,-4,4
17889,140,135,5,5
17890,73,75,-2,2
17891,109,107,2,2
17892,116,123,-7,7
17893,42,47,-5,5
17894,44,34,10,10
17895,151,142,9,9
17896,109,111,-2,2
17897,106,91,15,15
17898,131,104,27,27
17899,139,125,14,14
17900,77,72,5,5
17901,127,116,11,11
17902,79,79,0,0
17903,140,132,8,8
17904,63,61,2,2
17905,121,119,2,2
17906,65,64,1,1
17907,146,134,12,12
17908,110,98,12,12
17909,101,103,-2,2
17910,35,34,1,1
17911,105,99,6,6
17912,154,153,1,1
17913,72,70,2,2
17914,98,97,1,1
17915,126,128,-2,2
17916,142,131,11,11
17917,98,109,-11,11
17918,82,86,-4,4
17919,86,86,0,0
17920,79,73,6,6
17921,111,95,16,16
17922,74,72,2,2
17923,58,59,-1,1
17924,48,52,-4,4
17925,74,73,1,1
17926,123,115,8,8
17927,40,43,-3,3
17928,80,70,10,10
17929,63,59,4,4
17930,115,96,19,19
17931,107,105,2,2
17932,80,73,7,7
17933,85,84,1,1
17934,166,152,14,14
17935,71,78,-7,7
17936,56,67,-11,11
17937,48,57,-9,9
17938,96,86,10,10
17939,54,58,-4,4
17940,124,120,4,4
17941,92,91,1,1
17942,51,57,-6,6
17943,62,69,-7,7
17944,89,85,4,4
17945,141,126,15,15
17946,87,71,16,16
17947,75,84,-9,9
17948,81,77,4,4
17949,65,79,-14,14
17950,90,79,11,11
17951,85,80,5,5
17952,71,75,-4,4
17953,61,67,-6,6
17954,104,99,5,5
17955,98,100,-2,2
17956,68,70,-2,2
17957,77,71,6,6
17958,90,86,4,4
17959,71,83,-12,12
17960,59,72,-13,13
17961,109,96,13,13
17962,105,105,0,0
17963,175,155,20,20
17964,83,89,-6,6
17965,139,123,16,16
17966,68,70,-2,2
17967,88,89,-1,1
17968,75,71,4,4
17969,104,105,-1,1
17970,126,115,11,11
17971,91,91,0,0
17972,94,95,-1,1
17973,89,86,3,3
17974,41,42,-1,1
17975,91,107,-16,16
17976,81,81,0,0
17977,72,71,1,1
17978,146,126,20,20
17979,80,78,2,2
17980,141,117,24,24
17981,104,95,9,9
17982,111,101,10,10
17983,115,112,3,3
17984,67,66,1,1
17985,132,121,11,11
17986,118,114,4,4
17987,79,73,6,6
17988,67,76,-9,9
17989,158,128,30,30
17990,90,82,8,8
17991,78,80,-2,2
17992,52,53,-1,1
17993,67,68,-1,1
17994,57,68,-11,11
17995,93,91,2,2
17996,73,73,0,0
17997,100,101,-1,1
17998,150,128,22,22
17999,68,69,-1,1
18000,74,75,-1,1
18001,100,97,3,3
18002,92,98,-6,6
18003,101,106,-5,5
18004,96,87,9,9
18005,161,143,18,18
18006,71,74,-3,3
18007,97,92,5,5
18008,62,64,-2,2
18009,70,73,-3,3
18010,106,96,10,10
18011,67,74,-7,7
18012,56,65,-9,9
18013,75,71,4,4
18014,47,45,2,2
18015,78,74,4,4
18016,62,61,1,1
18017,68,69,-1,1
18018,106,95,11,11
18019,125,110,15,15
18020,84,98,-14,14
18021,107,100,7,7
18022,63,63,0,0
18023,76,86,-10,10
18024,98,89,9,9
18025,139,109,30,30
18026,94,92,2,2
18027,142,137,5,5
18028,121,116,5,5
18029,79,78,1,1
18030,123,120,3,3
18031,82,83,-1,1
18032,174,161,13,13
18033,116,120,-4,4
18034,51,59,-8,8
18035,157,136,21,21
18036,57,62,-5,5
18037,71,64,7,7
18038,30,32,-2,2
18039,102,100,2,2
18040,140,125,15,15
18041,156,151,5,5
18042,44,34,10,10
18043,157,143,14,14
18044,91,90,1,1
18045,111,119,-8,8
18046,107,111,-4,4
18047,83,85,-2,2
18048,83,79,4,4
18049,103,95,8,8
18050,84,74,10,10
18051,79,75,4,4
18052,119,104,15,15
18053,66,71,-5,5
18054,34,34,0,0
18055,134,124,10,10
18056,108,101,7,7
18057,60,71,-11,11
18058,33,34,-1,1
18059,105,108,-3,3
18060,71,74,-3,3
18061,92,95,-3,3
18062,62,63,-1,1
18063,54,60,-6,6
18064,85,86,-1,1
18065,154,132,22,22
18066,109,100,9,9
18067,120,130,-10,10
18068,55,56,-1,1
18069,102,107,-5,5
18070,58,59,-1,1
18071,34,34,0,0
18072,91,86,5,5
18073,110,104,6,6
18074,117,103,14,14
18075,102,121,-19,19
18076,95,88,7,7
18077,38,43,-5,5
18078,88,85,3,3
18079,107,100,7,7
18080,113,107,6,6
18081,58,62,-4,4
18082,56,65,-9,9
18083,68,70,-2,2
18084,59,58,1,1
18085,169,166,3,3
18086,70,65,5,5
18087,117,108,9,9
18088,84,79,5,5
18089,150,150,0,0
18090,123,127,-4,4
18091,72,74,-2,2
18092,108,105,3,3
18093,87,85,2,2
18094,123,141,-18,18
18095,79,80,-1,1
18096,112,123,-11,11
18097,77,74,3,3
18098,123,112,11,11
18099,109,112,-3,3
18100,82,73,9,9
18101,57,54,3,3
18102,120,106,14,14
18103,117,118,-1,1
18104,53,54,-1,1
18105,72,76,-4,4
18106,90,81,9,9
18107,92,105,-13,13
18108,88,80,8,8
18109,55,71,-16,16
18110,62,59,3,3
18111,108,107,1,1
18112,85,73,12,12
18113,66,86,-20,20
18114,165,164,1,1
18115,124,129,-5,5
18116,75,81,-6,6
18117,54,55,-1,1
18118,141,133,8,8
18119,67,68,-1,1
18120,94,94,0,0
18121,102,108,-6,6
18122,119,117,2,2
18123,53,60,-7,7
18124,122,130,-8,8
18125,60,65,-5,5
18126,88,87,1,1
18127,101,100,1,1
18128,64,67,-3,3
18129,48,68,-20,20
18130,75,72,3,3
18131,53,72,-19,19
18132,123,105,18,18
18133,90,85,5,5
18134,137,138,-1,1
18135,95,94,1,1
18136,88,102,-14,14
18137,106,103,3,3
18138,155,141,14,14
18139,75,66,9,9
18140,62,65,-3,3
18141,91,84,7,7
18142,58,53,5,5
18143,51,63,-12,12
18144,120,116,4,4
18145,94,95,-1,1
18146,112,106,6,6
18147,84,96,-12,12
18148,67,71,-4,4
18149,83,80,3,3
18150,162,148,14,14
18151,122,117,5,5
18152,36,34,2,2
18153,127,121,6,6
18154,75,88,-13,13
18155,119,100,19,19
18156,147,137,10,10
18157,105,100,5,5
18158,55,58,-3,3
18159,90,84,6,6
18160,57,59,-2,2
18161,100,98,2,2
18162,63,59,4,4
18163,58,67,-9,9
18164,140,142,-2,2
18165,107,100,7,7
18166,71,77,-6,6
18167,145,139,6,6
18168,64,72,-8,8
18169,94,83,11,11
18170,71,70,1,1
18171,68,72,-4,4
18172,109,96,13,13
18173,67,70,-3,3
18174,81,80,1,1
18175,101,93,8,8
18176,135,119,16,16
18177,60,57,3,3
18178,154,138,16,16
18179,131,115,16,16
18180,97,88,9,9
18181,65,67,-2,2
18182,132,123,9,9
18183,95,94,1,1
18184,97,89,8,8
18185,122,108,14,14
18186,80,83,-3,3
18187,89,80,9,9
18188,97,85,12,12
18189,106,104,2,2
18190,101,99,2,2
18191,116,122,-6,6
18192,70,86,-16,16
18193,44,43,1,1
18194,149,139,10,10
18195,95,92,3,3
18196,79,75,4,4
18197,114,109,5,5
18198,77,70,7,7
18199,121,109,12,12
18200,80,80,0,0
18201,117,105,12,12
18202,150,134,16,16
18203,85,79,6,6
18204,72,79,-7,7
18205,112,103,9,9
18206,91,85,6,6
18207,61,60,1,1
18208,126,114,12,12
18209,78,73,5,5
18210,129,122,7,7
18211,71,72,-1,1
18212,72,77,-5,5
18213,166,154,12,12
18214,134,123,11,11
18215,36,33,3,3
18216,63,68,-5,5
18217,73,72,1,1
18218,88,88,0,0
18219,88,92,-4,4
18220,113,114,-1,1
18221,138,125,13,13
18222,88,70,18,18
18223,127,125,2,2
18224,216,202,14,14
18225,108,103,5,5
18226,137,132,5,5
18227,66,78,-12,12
18228,68,74,-6,6
18229,100,95,5,5
18230,50,55,-5,5
18231,130,128,2,2
18232,100,103,-3,3
18233,201,164,37,37
18234,53,57,-4,4
18235,65,69,-4,4
18236,60,61,-1,1
18237,177,167,10,10
18238,88,80,8,8
18239,64,68,-4,4
18240,141,137,4,4
18241,87,89,-2,2
18242,144,133,11,11
18243,118,104,14,14
18244,84,85,-1,1
18245,80,83,-3,3
18246,131,132,-1,1
18247,61,65,-4,4
18248,93,89,4,4
18249,78,86,-8,8
18250,58,60,-2,2
18251,99,87,12,12
18252,107,100,7,7
18253,119,112,7,7
18254,104,110,-6,6
18255,87,90,-3,3
18256,88,80,8,8
18257,131,124,7,7
18258,126,116,10,10
18259,125,111,14,14
18260,99,103,-4,4
18261,127,120,7,7
18262,34,53,-19,19
18263,77,71,6,6
18264,88,86,2,2
18265,106,116,-10,10
18266,104,97,7,7
18267,78,85,-7,7
18268,78,75,3,3
18269,211,182,29,29
18270,68,54,14,14
18271,110,104,6,6
18272,86,83,3,3
18273,102,100,2,2
18274,82,76,6,6
18275,57,59,-2,2
18276,106,105,1,1
18277,52,60,-8,8
18278,60,59,1,1
18279,78,80,-2,2
18280,66,62,4,4
18281,134,124,10,10
18282,61,65,-4,4
18283,88,84,4,4
18284,95,94,1,1
18285,79,78,1,1
18286,109,104,5,5
18287,74,76,-2,2
18288,82,76,6,6
18289,77,76,1,1
18290,89,85,4,4
18291,115,106,9,9
18292,64,68,-4,4
18293,143,131,12,12
18294,189,171,18,18
18295,27,34,-7,7
18296,82,89,-7,7
18297,127,131,-4,4
18298,121,105,16,16
18299,103,98,5,5
18300,55,59,-4,4
18301,163,157,6,6
18302,93,91,2,2
18303,95,91,4,4
18304,123,118,5,5
18305,59,64,-5,5
18306,112,99,13,13
18307,76,76,0,0
18308,77,87,-10,10
18309,62,65,-3,3
18310,71,74,-3,3
18311,60,62,-2,2
18312,141,136,5,5
18313,91,92,-1,1
18314,96,92,4,4
18315,58,61,-3,3
18316,93,89,4,4
18317,165,156,9,9
18318,199,187,12,12
18319,98,93,5,5
18320,152,146,6,6
18321,81,72,9,9
18322,93,85,8,8
18323,122,110,12,12
18324,83,84,-1,1
18325,82,86,-4,4
18326,61,65,-4,4
18327,87,87,0,0
18328,44,42,2,2
18329,90,96,-6,6
18330,50,56,-6,6
18331,122,113,9,9
18332,82,80,2,2
18333,101,101,0,0
18334,93,92,1,1
18335,132,115,17,17
18336,111,114,-3,3
18337,96,85,11,11
18338,47,49,-2,2
18339,113,110,3,3
18340,182,169,13,13
18341,107,120,-13,13
18342,99,104,-5,5
18343,72,75,-3,3
18344,84,86,-2,2
18345,55,59,-4,4
18346,154,151,3,3
18347,39,39,0,0
18348,107,100,7,7
18349,89,92,-3,3
18350,114,100,14,14
18351,99,98,1,1
18352,76,78,-2,2
18353,61,67,-6,6
18354,112,96,16,16
18355,79,79,0,0
18356,81,76,5,5
18357,80,84,-4,4
18358,49,62,-13,13
18359,48,34,14,14
18360,113,106,7,7
18361,91,94,-3,3
18362,76,75,1,1
18363,144,140,4,4
18364,67,66,1,1
18365,81,72,9,9
18366,111,103,8,8
18367,78,78,0,0
18368,53,62,-9,9
18369,77,82,-5,5
18370,71,83,-12,12
18371,76,70,6,6
18372,65,67,-2,2
18373,90,89,1,1
18374,165,150,15,15
18375,188,178,10,10
18376,58,153,-95,95
18377,81,80,1,1
18378,65,69,-4,4
18379,91,91,0,0
18380,116,113,3,3
18381,145,131,14,14
18382,111,100,11,11
18383,146,133,13,13
18384,119,106,13,13
18385,91,92,-1,1
18386,116,115,1,1
18387,48,47,1,1
18388,107,116,-9,9
18389,63,68,-5,5
18390,120,105,15,15
18391,86,81,5,5
18392,93,90,3,3
18393,89,89,0,0
18394,95,94,1,1
18395,90,84,6,6
18396,104,96,8,8
18397,144,138,6,6
18398,119,106,13,13
18399,82,80,2,2
18400,61,74,-13,13
18401,93,96,-3,3
18402,142,127,15,15
18403,73,71,2,2
18404,133,112,21,21
18405,128,129,-1,1
18406,104,99,5,5
18407,90,85,5,5
18408,88,94,-6,6
18409,65,79,-14,14
18410,102,93,9,9
18411,176,151,25,25
18412,90,93,-3,3
18413,241,213,28,28
18414,115,98,17,17
18415,69,70,-1,1
18416,94,85,9,9
18417,123,115,8,8
18418,96,104,-8,8
18419,90,92,-2,2
18420,59,63,-4,4
18421,76,75,1,1
18422,72,72,0,0
18423,70,72,-2,2
18424,67,65,2,2
18425,83,82,1,1
18426,205,179,26,26
18427,62,68,-6,6
18428,214,203,11,11
18429,79,73,6,6
18430,142,125,17,17
18431,88,84,4,4
18432,107,109,-2,2
18433,120,108,12,12
18434,108,105,3,3
18435,102,94,8,8
18436,64,69,-5,5
18437,86,90,-4,4
18438,70,73,-3,3
18439,130,104,26,26
18440,97,86,11,11
18441,85,86,-1,1
18442,67,64,3,3
18443,142,114,28,28
18444,48,55,-7,7
18445,88,81,7,7
18446,123,121,2,2
18447,69,78,-9,9
18448,92,89,3,3
18449,69,72,-3,3
18450,45,49,-4,4
18451,64,64,0,0
18452,84,75,9,9
18453,131,124,7,7
18454,78,78,0,0
18455,32,34,-2,2
18456,85,79,6,6
18457,100,92,8,8
18458,99,83,16,16
18459,125,113,12,12
18460,91,78,13,13
18461,196,178,18,18
18462,94,114,-20,20
18463,54,55,-1,1
18464,134,121,13,13
18465,168,147,21,21
18466,64,62,2,2
18467,73,76,-3,3
18468,96,85,11,11
18469,82,74,8,8
18470,48,52,-4,4
18471,65,71,-6,6
18472,121,119,2,2
18473,102,100,2,2
18474,69,67,2,2
18475,92,88,4,4
18476,79,80,-1,1
18477,107,106,1,1
18478,76,87,-11,11
18479,73,76,-3,3
18480,75,70,5,5
18481,150,148,2,2
18482,149,137,12,12
18483,144,131,13,13
18484,113,104,9,9
18485,62,68,-6,6
18486,108,105,3,3
18487,103,104,-1,1
18488,58,83,-25,25
18489,42,58,-16,16
18490,115,98,17,17
18491,58,87,-29,29
18492,115,99,16,16
18493,109,98,11,11
18494,51,34,17,17
18495,70,69,1,1
18496,68,82,-14,14
18497,143,134,9,9
18498,83,73,10,10
18499,116,106,10,10
18500,45,44,1,1
18501,90,85,5,5
18502,67,67,0,0
18503,100,98,2,2
18504,113,111,2,2
18505,30,36,-6,6
18506,98,99,-1,1
18507,67,72,-5,5
18508,53,61,-8,8
18509,105,101,4,4
18510,123,123,0,0
18511,57,61,-4,4
18512,125,112,13,13
18513,98,93,5,5
18514,111,108,3,3
18515,122,114,8,8
18516,117,116,1,1
18517,74,75,-1,1
18518,84,79,5,5
18519,143,135,8,8
18520,121,111,10,10
18521,121,115,6,6
18522,99,95,4,4
18523,103,91,12,12
18524,104,85,19,19
18525,63,62,1,1
18526,222,182,40,40
18527,113,100,13,13
18528,88,92,-4,4
18529,122,103,19,19
18530,109,117,-8,8
18531,72,69,3,3
18532,64,63,1,1
18533,144,129,15,15
18534,82,81,1,1
18535,82,87,-5,5
18536,162,149,13,13
18537,112,115,-3,3
18538,62,65,-3,3
18539,78,95,-17,17
18540,48,43,5,5
18541,90,87,3,3
18542,130,112,18,18
18543,70,73,-3,3
18544,141,144,-3,3
18545,138,129,9,9
18546,126,97,29,29
18547,71,71,0,0
18548,89,92,-3,3
18549,138,130,8,8
18550,70,66,4,4
18551,123,111,12,12
18552,72,74,-2,2
18553,107,108,-1,1
18554,58,58,0,0
18555,90,83,7,7
18556,136,137,-1,1
18557,163,153,10,10
18558,108,97,11,11
18559,83,69,14,14
18560,117,111,6,6
18561,142,130,12,12
18562,69,70,-1,1
18563,100,88,12,12
18564,211,182,29,29
18565,148,144,4,4
18566,82,77,5,5
18567,86,85,1,1
18568,201,187,14,14
18569,113,116,-3,3
18570,126,123,3,3
18571,64,63,1,1
18572,98,94,4,4
18573,51,54,-3,3
18574,93,102,-9,9
18575,60,65,-5,5
18576,82,78,4,4
18577,95,111,-16,16
18578,94,82,12,12
18579,81,79,2,2
18580,111,110,1,1
18581,63,70,-7,7
18582,55,57,-2,2
18583,142,136,6,6
18584,139,123,16,16
18585,118,110,8,8
18586,209,169,40,40
18587,73,73,0,0
18588,103,106,-3,3
18589,118,116,2,2
18590,124,116,8,8
18591,79,90,-11,11
18592,124,113,11,11
18593,129,124,5,5
18594,91,87,4,4
18595,83,89,-6,6
18596,120,104,16,16
18597,91,81,10,10
18598,101,95,6,6
18599,117,105,12,12
18600,154,137,17,17
18601,83,82,1,1
18602,113,108,5,5
18603,83,84,-1,1
18604,106,110,-4,4
18605,47,53,-6,6
18606,63,67,-4,4
18607,99,92,7,7
18608,47,67,-20,20
18609,111,102,9,9
18610,111,100,11,11
18611,152,138,14,14
18612,91,100,-9,9
18613,111,108,3,3
18614,103,111,-8,8
18615,80,84,-4,4
18616,133,125,8,8
18617,83,76,7,7
18618,67,64,3,3
18619,124,125,-1,1
18620,93,100,-7,7
18621,80,80,0,0
18622,64,70,-6,6
18623,74,85,-11,11
18624,92,93,-1,1
18625,122,108,14,14
18626,92,100,-8,8
18627,111,110,1,1
18628,148,127,21,21
18629,102,94,8,8
18630,101,94,7,7
18631,89,86,3,3
18632,94,99,-5,5
18633,78,76,2,2
18634,88,78,10,10
18635,87,97,-10,10
18636,59,54,5,5
18637,75,82,-7,7
18638,101,100,1,1
18639,96,98,-2,2
18640,64,69,-5,5
18641,106,97,9,9
18642,90,90,0,0
18643,95,96,-1,1
18644,107,108,-1,1
18645,95,94,1,1
18646,78,85,-7,7
18647,124,153,-29,29
18648,142,137,5,5
18649,73,69,4,4
18650,111,106,5,5
18651,92,78,14,14
18652,205,180,25,25
18653,93,88,5,5
18654,87,96,-9,9
18655,43,34,9,9
18656,51,56,-5,5
18657,102,100,2,2
18658,85,94,-9,9
18659,152,142,10,10
18660,69,71,-2,2
18661,47,52,-5,5
18662,52,59,-7,7
18663,94,96,-2,2
18664,149,139,10,10
18665,81,70,11,11
18666,96,85,11,11
18667,88,84,4,4
18668,81,78,3,3
18669,129,118,11,11
18670,107,126,-19,19
18671,93,84,9,9
18672,90,90,0,0
18673,72,76,-4,4
18674,82,80,2,2
18675,73,74,-1,1
18676,102,99,3,3
18677,52,60,-8,8
18678,79,89,-10,10
18679,131,117,14,14
18680,56,58,-2,2
18681,58,57,1,1
18682,66,63,3,3
18683,58,64,-6,6
18684,76,77,-1,1
18685,83,80,3,3
18686,84,83,1,1
18687,100,94,6,6
18688,114,99,15,15
18689,112,111,1,1
18690,104,94,10,10
18691,110,107,3,3
18692,160,157,3,3
18693,98,94,4,4
18694,122,115,7,7
18695,39,34,5,5
18696,120,117,3,3
18697,84,84,0,0
18698,64,82,-18,18
18699,87,94,-7,7
18700,102,99,3,3
18701,87,86,1,1
18702,76,70,6,6
18703,132,124,8,8
18704,65,61,4,4
18705,136,116,20,20
18706,87,75,12,12
18707,93,86,7,7
18708,130,119,11,11
18709,96,92,4,4
18710,93,87,6,6
18711,67,75,-8,8
18712,116,110,6,6
18713,81,85,-4,4
18714,107,105,2,2
18715,70,63,7,7
18716,113,104,9,9
18717,78,80,-2,2
18718,93,86,7,7
18719,62,69,-7,7
18720,43,40,3,3
18721,81,75,6,6
18722,85,88,-3,3
18723,128,113,15,15
18724,110,109,1,1
18725,37,34,3,3
18726,66,73,-7,7
18727,56,56,0,0
18728,95,92,3,3
18729,95,94,1,1
18730,92,90,2,2
18731,99,103,-4,4
18732,75,81,-6,6
18733,186,156,30,30
18734,30,33,-3,3
18735,63,67,-4,4
18736,60,50,10,10
18737,38,35,3,3
18738,70,76,-6,6
18739,85,84,1,1
18740,71,59,12,12
18741,122,123,-1,1
18742,45,34,11,11
18743,94,89,5,5
18744,133,126,7,7
18745,89,82,7,7
18746,85,77,8,8
18747,80,78,2,2
18748,141,124,17,17
18749,108,103,5,5
18750,39,56,-17,17
18751,85,97,-12,12
18752,99,99,0,0
18753,81,75,6,6
18754,123,119,4,4
18755,98,94,4,4
18756,81,83,-2,2
18757,110,108,2,2
18758,64,72,-8,8
18759,75,81,-6,6
18760,59,58,1,1
18761,66,72,-6,6
18762,81,65,16,16
18763,92,90,2,2
18764,115,107,8,8
18765,129,129,0,0
18766,99,93,6,6
18767,72,76,-4,4
18768,91,91,0,0
18769,69,71,-2,2
18770,80,73,7,7
18771,89,92,-3,3
18772,92,97,-5,5
18773,95,95,0,0
18774,166,147,19,19
18775,61,62,-1,1
18776,59,53,6,6
18777,42,57,-15,15
18778,53,61,-8,8
18779,101,96,5,5
18780,90,84,6,6
18781,116,107,9,9
18782,83,76,7,7
18783,89,89,0,0
18784,121,112,9,9
18785,74,61,13,13
18786,113,102,11,11
18787,85,86,-1,1
18788,137,130,7,7
18789,72,82,-10,10
18790,78,68,10,10
18791,113,118,-5,5
18792,144,115,29,29
18793,54,58,-4,4
18794,74,72,2,2
18795,72,70,2,2
18796,73,75,-2,2
18797,163,140,23,23
18798,96,94,2,2
18799,90,86,4,4
18800,64,64,0,0
18801,61,64,-3,3
18802,79,77,2,2
18803,118,118,0,0
18804,70,70,0,0
18805,108,101,7,7
18806,83,104,-21,21
18807,55,59,-4,4
18808,139,131,8,8
18809,49,54,-5,5
18810,159,140,19,19
18811,30,34,-4,4
18812,111,111,0,0
18813,112,105,7,7
18814,149,145,4,4
18815,104,97,7,7
18816,166,135,31,31
18817,76,73,3,3
18818,128,131,-3,3
18819,54,62,-8,8
18820,99,99,0,0
18821,53,56,-3,3
18822,98,94,4,4
18823,94,96,-2,2
18824,144,133,11,11
18825,47,43,4,4
18826,124,126,-2,2
18827,137,144,-7,7
18828,55,53,2,2
18829,79,70,9,9
18830,103,103,0,0
18831,67,71,-4,4
18832,45,41,4,4
18833,129,112,17,17
18834,33,56,-23,23
18835,108,105,3,3
18836,68,68,0,0
18837,165,146,19,19
18838,108,96,12,12
18839,142,119,23,23
18840,108,106,2,2
18841,56,66,-10,10
18842,73,76,-3,3
18843,121,116,5,5
18844,139,139,0,0
18845,124,113,11,11
18846,59,62,-3,3
18847,98,113,-15,15
18848,42,34,8,8
18849,94,96,-2,2
18850,120,107,13,13
18851,64,69,-5,5
18852,52,61,-9,9
18853,193,175,18,18
18854,99,93,6,6
18855,73,80,-7,7
18856,166,133,33,33
18857,116,111,5,5
18858,69,87,-18,18
18859,67,68,-1,1
18860,81,69,12,12
18861,112,99,13,13
18862,120,103,17,17
18863,67,61,6,6
18864,105,91,14,14
18865,146,132,14,14
18866,110,99,11,11
18867,90,88,2,2
18868,94,84,10,10
18869,106,116,-10,10
18870,95,91,4,4
18871,112,109,3,3
18872,104,95,9,9
18873,60,69,-9,9
18874,93,76,17,17
18875,171,165,6,6
18876,57,54,3,3
18877,106,95,11,11
18878,83,88,-5,5
18879,65,60,5,5
18880,111,108,3,3
18881,117,115,2,2
18882,71,78,-7,7
18883,46,44,2,2
18884,87,98,-11,11
18885,80,75,5,5
18886,58,63,-5,5
18887,47,34,13,13
18888,196,171,25,25
18889,100,100,0,0
18890,122,122,0,0
18891,126,124,2,2
18892,61,64,-3,3
18893,68,73,-5,5
18894,90,96,-6,6
18895,96,94,2,2
18896,154,151,3,3
18897,153,148,5,5
18898,83,78,5,5
18899,130,122,8,8
18900,110,98,12,12
18901,122,114,8,8
18902,85,79,6,6
18903,55,60,-5,5
18904,85,78,7,7
18905,122,114,8,8
18906,71,68,3,3
18907,149,133,16,16
18908,101,97,4,4
18909,81,90,-9,9
18910,95,93,2,2
18911,120,114,6,6
18912,137,137,0,0
18913,132,138,-6,6
18914,83,75,8,8
18915,121,112,9,9
18916,121,112,9,9
18917,125,136,-11,11
18918,81,84,-3,3
18919,137,134,3,3
18920,89,84,5,5
18921,113,103,10,10
18922,23,34,-11,11
18923,123,100,23,23
18924,172,163,9,9
18925,64,66,-2,2
18926,122,125,-3,3
18927,67,67,0,0
18928,86,84,2,2
18929,42,52,-10,10
18930,126,115,11,11
18931,148,127,21,21
18932,81,74,7,7
18933,78,77,1,1
18934,74,71,3,3
18935,52,60,-8,8
18936,67,70,-3,3
18937,69,70,-1,1
18938,76,81,-5,5
18939,56,62,-6,6
18940,103,110,-7,7
18941,86,95,-9,9
18942,67,72,-5,5
18943,74,80,-6,6
18944,61,62,-1,1
18945,42,59,-17,17
18946,106,99,7,7
18947,59,62,-3,3
18948,65,63,2,2
18949,148,145,3,3
18950,161,144,17,17
18951,140,128,12,12
18952,140,128,12,12
18953,70,76,-6,6
18954,157,141,16,16
18955,70,79,-9,9
18956,110,112,-2,2
18957,132,147,-15,15
18958,40,47,-7,7
18959,115,103,12,12
18960,165,156,9,9
18961,46,61,-15,15
18962,108,114,-6,6
18963,145,137,8,8
18964,153,140,13,13
18965,64,65,-1,1
18966,104,105,-1,1
18967,104,87,17,17
18968,103,92,11,11
18969,99,106,-7,7
18970,58,62,-4,4
18971,78,74,4,4
18972,116,112,4,4
18973,95,107,-12,12
18974,77,74,3,3
18975,100,98,2,2
18976,147,135,12,12
18977,73,72,1,1
18978,90,91,-1,1
18979,91,91,0,0
18980,136,125,11,11
18981,156,137,19,19
18982,71,72,-1,1
18983,65,66,-1,1
18984,82,79,3,3
18985,116,108,8,8
18986,134,124,10,10
18987,70,73,-3,3
18988,98,93,5,5
18989,194,174,20,20
18990,58,64,-6,6
18991,111,145,-34,34
18992,55,61,-6,6
18993,105,100,5,5
18994,85,86,-1,1
18995,105,92,13,13
18996,83,88,-5,5
18997,96,88,8,8
18998,83,76,7,7
18999,153,145,8,8
19000,81,79,2,2
19001,60,66,-6,6
19002,137,134,3,3
19003,140,128,12,12
19004,88,91,-3,3
19005,124,117,7,7
19006,101,94,7,7
19007,84,76,8,8
19008,99,94,5,5
19009,59,55,4,4
19010,83,93,-10,10
19011,113,118,-5,5
19012,83,85,-2,2
19013,65,69,-4,4
19014,52,61,-9,9
19015,120,118,2,2
19016,102,93,9,9
19017,50,75,-25,25
19018,134,133,1,1
19019,90,86,4,4
19020,79,74,5,5
19021,78,82,-4,4
19022,122,106,16,16
19023,69,74,-5,5
19024,72,72,0,0
19025,71,74,-3,3
19026,112,97,15,15
19027,111,98,13,13
19028,96,97,-1,1
19029,96,92,4,4
19030,67,68,-1,1
19031,102,99,3,3
19032,71,78,-7,7
19033,147,140,7,7
19034,123,122,1,1
19035,89,76,13,13
19036,72,79,-7,7
19037,81,85,-4,4
19038,61,62,-1,1
19039,79,76,3,3
19040,112,98,14,14
19041,167,163,4,4
19042,74,77,-3,3
19043,122,110,12,12
19044,78,86,-8,8
19045,64,68,-4,4
19046,72,75,-3,3
19047,90,81,9,9
19048,86,77,9,9
19049,122,115,7,7
19050,70,65,5,5
19051,80,80,0,0
19052,55,61,-6,6
19053,86,77,9,9
19054,117,113,4,4
19055,95,91,4,4
19056,88,87,1,1
19057,123,106,17,17
19058,102,93,9,9
19059,73,71,2,2
19060,33,33,0,0
19061,133,115,18,18
19062,65,71,-6,6
19063,75,65,10,10
19064,39,34,5,5
19065,119,106,13,13
19066,88,88,0,0
19067,110,94,16,16
19068,59,62,-3,3
19069,94,99,-5,5
19070,90,85,5,5
19071,64,66,-2,2
19072,111,106,5,5
19073,95,94,1,1
19074,77,76,1,1
19075,60,62,-2,2
19076,151,141,10,10
19077,90,81,9,9
19078,65,70,-5,5
19079,100,107,-7,7
19080,59,63,-4,4
19081,89,88,1,1
19082,91,100,-9,9
19083,152,140,12,12
19084,58,58,0,0
19085,98,103,-5,5
19086,111,105,6,6
19087,94,87,7,7
19088,98,99,-1,1
19089,99,90,9,9
19090,132,125,7,7
19091,99,116,-17,17
19092,163,167,-4,4
19093,105,92,13,13
19094,109,108,1,1
19095,49,52,-3,3
19096,97,107,-10,10
19097,153,136,17,17
19098,73,98,-25,25
19099,71,74,-3,3
19100,89,84,5,5
19101,110,97,13,13
19102,73,75,-2,2
19103,151,128,23,23
19104,146,139,7,7
19105,74,71,3,3
19106,76,69,7,7
19107,57,103,-46,46
19108,96,84,12,12
19109,143,121,22,22
19110,98,85,13,13
19111,74,76,-2,2
19112,78,73,5,5
19113,139,147,-8,8
19114,81,84,-3,3
19115,74,81,-7,7
19116,81,80,1,1
19117,149,160,-11,11
19118,59,68,-9,9
19119,92,96,-4,4
19120,88,84,4,4
19121,94,92,2,2
19122,106,103,3,3
19123,143,119,24,24
19124,61,68,-7,7
19125,84,79,5,5
19126,107,111,-4,4
19127,129,128,1,1
19128,80,79,1,1
19129,89,92,-3,3
19130,159,147,12,12
19131,44,49,-5,5
19132,116,114,2,2
19133,79,80,-1,1
19134,82,75,7,7
19135,77,76,1,1
19136,124,111,13,13
19137,97,97,0,0
19138,62,68,-6,6
19139,65,69,-4,4
19140,78,73,5,5
19141,105,99,6,6
19142,107,110,-3,3
19143,60,65,-5,5
19144,63,61,2,2
19145,71,70,1,1
19146,122,120,2,2
19147,76,74,2,2
19148,137,134,3,3
19149,89,87,2,2
19150,87,92,-5,5
19151,147,139,8,8
19152,121,129,-8,8
19153,91,84,7,7
19154,62,61,1,1
19155,77,84,-7,7
19156,95,90,5,5
19157,71,73,-2,2
19158,129,133,-4,4
19159,114,110,4,4
19160,196,176,20,20
19161,113,111,2,2
19162,122,107,15,15
19163,120,107,13,13
19164,104,114,-10,10
19165,99,94,5,5
19166,80,78,2,2
19167,69,77,-8,8
19168,100,101,-1,1
19169,63,67,-4,4
19170,145,131,14,14
19171,55,53,2,2
19172,91,86,5,5
19173,148,135,13,13
19174,75,70,5,5
19175,106,100,6,6
19176,179,158,21,21
19177,86,92,-6,6
19178,72,72,0,0
19179,127,129,-2,2
19180,68,65,3,3
19181,69,85,-16,16
19182,136,133,3,3
19183,91,89,2,2
19184,102,104,-2,2
19185,128,115,13,13
19186,94,89,5,5
19187,105,100,5,5
19188,146,134,12,12
19189,72,67,5,5
19190,105,99,6,6
19191,137,126,11,11
19192,169,155,14,14
19193,130,147,-17,17
19194,126,120,6,6
19195,125,113,12,12
19196,102,100,2,2
19197,74,71,3,3
19198,74,84,-10,10
19199,97,95,2,2
19200,113,107,6,6
19201,54,57,-3,3
19202,127,106,21,21
19203,73,79,-6,6
19204,145,145,0,0
19205,117,110,7,7
19206,123,117,6,6
19207,188,157,31,31
19208,75,82,-7,7
19209,76,86,-10,10
19210,45,53,-8,8
19211,86,84,2,2
19212,74,77,-3,3
19213,103,108,-5,5
19214,140,122,18,18
19215,95,92,3,3
19216,102,104,-2,2
19217,34,34,0,0
19218,101,95,6,6
19219,62,73,-11,11
19220,81,86,-5,5
19221,84,84,0,0
19222,114,122,-8,8
19223,90,84,6,6
19224,66,95,-29,29
19225,98,95,3,3
19226,68,73,-5,5
19227,115,104,11,11
19228,101,69,32,32
19229,137,120,17,17
19230,125,119,6,6
19231,84,85,-1,1
19232,43,58,-15,15
19233,99,93,6,6
19234,126,126,0,0
19235,97,94,3,3
19236,105,94,11,11
19237,74,78,-4,4
19238,108,102,6,6
19239,70,67,3,3
19240,49,56,-7,7
19241,133,122,11,11
19242,105,94,11,11
19243,147,142,5,5
19244,98,96,2,2
19245,124,114,10,10
19246,73,75,-2,2
19247,78,73,5,5
19248,106,108,-2,2
19249,63,61,2,2
19250,87,90,-3,3
19251,80,74,6,6
19252,101,96,5,5
19253,80,77,3,3
19254,107,94,13,13
19255,65,72,-7,7
19256,62,59,3,3
19257,124,121,3,3
19258,37,34,3,3
19259,109,103,6,6
19260,48,60,-12,12
19261,152,134,18,18
19262,163,153,10,10
19263,126,117,9,9
19264,62,84,-22,22
19265,128,131,-3,3
19266,104,98,6,6
19267,110,119,-9,9
19268,79,82,-3,3
19269,79,81,-2,2
19270,145,132,13,13
19271,74,79,-5,5
19272,59,64,-5,5
19273,107,103,4,4
19274,88,90,-2,2
19275,47,60,-13,13
19276,111,110,1,1
19277,108,99,9,9
19278,133,116,17,17
19279,155,152,3,3
19280,85,83,2,2
19281,135,118,17,17
19282,104,96,8,8
19283,149,148,1,1
19284,78,78,0,0
19285,76,74,2,2
19286,96,97,-1,1
19287,130,116,14,14
19288,90,85,5,5
19289,55,77,-22,22
19290,123,125,-2,2
19291,65,66,-1,1
19292,69,56,13,13
19293,50,57,-7,7
19294,51,63,-12,12
19295,81,74,7,7
19296,108,101,7,7
19297,81,79,2,2
19298,42,34,8,8
19299,141,115,26,26
19300,66,75,-9,9
19301,103,96,7,7
19302,147,133,14,14
19303,105,92,13,13
19304,136,113,23,23
19305,58,65,-7,7
19306,108,91,17,17
19307,63,63,0,0
19308,116,113,3,3
19309,147,133,14,14
19310,73,71,2,2
19311,92,93,-1,1
19312,63,65,-2,2
19313,98,95,3,3
19314,153,143,10,10
19315,98,92,6,6
19316,68,75,-7,7
19317,70,59,11,11
19318,69,124,-55,55
19319,68,69,-1,1
19320,66,67,-1,1
19321,83,81,2,2
19322,113,103,10,10
19323,123,106,17,17
19324,39,35,4,4
19325,127,111,16,16
19326,119,117,2,2
19327,80,78,2,2
19328,202,213,-11,11
19329,71,78,-7,7
19330,49,55,-6,6
19331,73,80,-7,7
19332,90,95,-5,5
19333,86,84,2,2
19334,71,82,-11,11
19335,62,67,-5,5
19336,89,84,5,5
19337,205,176,29,29
19338,157,122,35,35
19339,95,105,-10,10
19340,54,65,-11,11
19341,86,87,-1,1
19342,105,101,4,4
19343,51,61,-10,10
19344,56,60,-4,4
19345,142,144,-2,2
19346,151,133,18,18
19347,72,74,-2,2
19348,71,82,-11,11
19349,73,71,2,2
19350,58,62,-4,4
19351,175,197,-22,22
19352,132,124,8,8
19353,102,100,2,2
19354,115,111,4,4
19355,92,100,-8,8
19356,77,76,1,1
19357,113,106,7,7
19358,103,104,-1,1
19359,147,150,-3,3
19360,93,104,-11,11
19361,105,104,1,1
19362,95,88,7,7
19363,158,144,14,14
19364,117,113,4,4
19365,113,106,7,7
19366,84,76,8,8
19367,64,72,-8,8
19368,98,98,0,0
19369,91,95,-4,4
19370,106,91,15,15
19371,57,64,-7,7
19372,130,124,6,6
19373,67,75,-8,8
19374,60,65,-5,5
19375,80,74,6,6
19376,109,107,2,2
19377,56,80,-24,24
19378,61,72,-11,11
19379,162,150,12,12
19380,105,100,5,5
19381,118,109,9,9
19382,88,84,4,4
19383,61,58,3,3
19384,101,96,5,5
19385,130,131,-1,1
19386,116,103,13,13
19387,66,67,-1,1
19388,67,66,1,1
19389,68,75,-7,7
19390,54,55,-1,1
19391,76,77,-1,1
19392,91,88,3,3
19393,48,46,2,2
19394,108,105,3,3
19395,50,53,-3,3
19396,121,128,-7,7
19397,55,55,0,0
19398,99,90,9,9
19399,109,105,4,4
19400,129,118,11,11
19401,59,58,1,1
19402,193,176,17,17
19403,115,108,7,7
19404,168,161,7,7
19405,109,105,4,4
19406,79,88,-9,9
19407,69,71,-2,2
19408,124,119,5,5
19409,86,94,-8,8
19410,108,100,8,8
19411,57,61,-4,4
19412,69,61,8,8
19413,73,78,-5,5
19414,93,100,-7,7
19415,108,99,9,9
19416,47,47,0,0
19417,96,91,5,5
19418,136,137,-1,1
19419,62,53,9,9
19420,35,45,-10,10
19421,168,167,1,1
19422,72,65,7,7
19423,53,57,-4,4
19424,181,170,11,11
19425,106,98,8,8
19426,110,120,-10,10
19427,71,75,-4,4
19428,81,88,-7,7
19429,66,68,-2,2
19430,96,101,-5,5
19431,94,85,9,9
19432,101,91,10,10
19433,56,58,-2,2
19434,161,143,18,18
19435,120,110,10,10
19436,90,90,0,0
19437,74,76,-2,2
19438,119,108,11,11
19439,120,112,8,8
19440,116,133,-17,17
19441,72,71,1,1
19442,100,87,13,13
19443,72,70,2,2
19444,152,143,9,9
19445,65,73,-8,8
19446,84,83,1,1
19447,100,95,5,5
19448,116,100,16,16
19449,88,88,0,0
19450,94,102,-8,8
19451,76,74,2,2
19452,70,76,-6,6
19453,72,90,-18,18
19454,114,106,8,8
19455,95,94,1,1
19456,88,80,8,8
19457,103,101,2,2
19458,82,84,-2,2
19459,66,75,-9,9
19460,126,111,15,15
19461,215,215,0,0
19462,127,121,6,6
19463,71,70,1,1
19464,106,92,14,14
19465,125,121,4,4
19466,98,90,8,8
19467,80,95,-15,15
19468,76,78,-2,2
19469,126,119,7,7
19470,45,51,-6,6
19471,98,95,3,3
19472,75,74,1,1
19473,76,68,8,8
19474,103,102,1,1
19475,149,136,13,13
19476,110,107,3,3
19477,71,73,-2,2
19478,121,117,4,4
19479,86,84,2,2
19480,44,37,7,7
19481,126,122,4,4
19482,145,127,18,18
19483,94,100,-6,6
19484,49,58,-9,9
19485,99,95,4,4
19486,75,86,-11,11
19487,77,94,-17,17
19488,65,72,-7,7
19489,117,110,7,7
19490,87,83,4,4
19491,87,99,-12,12
19492,138,133,5,5
19493,66,67,-1,1
19494,100,85,15,15
19495,107,99,8,8
19496,82,104,-22,22
19497,76,84,-8,8
19498,67,69,-2,2
19499,40,34,6,6
19500,88,93,-5,5
19501,184,165,19,19
19502,92,80,12,12
19503,134,133,1,1
19504,105,101,4,4
19505,112,111,1,1
19506,70,70,0,0
19507,70,75,-5,5
19508,57,65,-8,8
19509,120,113,7,7
19510,98,99,-1,1
19511,115,107,8,8
19512,84,92,-8,8
19513,97,92,5,5
19514,85,85,0,0
19515,67,72,-5,5
19516,93,84,9,9
19517,123,117,6,6
19518,52,101,-49,49
19519,113,108,5,5
19520,63,64,-1,1
19521,97,91,6,6
19522,103,97,6,6
19523,91,95,-4,4
19524,74,75,-1,1
19525,110,114,-4,4
19526,162,147,15,15
19527,98,94,4,4
19528,103,95,8,8
19529,96,102,-6,6
19530,35,34,1,1
19531,85,89,-4,4
19532,69,70,-1,1
19533,80,72,8,8
19534,60,62,-2,2
19535,87,100,-13,13
19536,77,75,2,2
19537,139,126,13,13
19538,51,58,-7,7
19539,122,108,14,14
19540,125,114,11,11
19541,63,60,3,3
19542,125,111,14,14
19543,85,93,-8,8
19544,112,108,4,4
19545,58,64,-6,6
19546,104,99,5,5
19547,120,109,11,11
19548,43,46,-3,3
19549,90,99,-9,9
19550,29,32,-3,3
19551,92,81,11,11
19552,99,85,14,14
19553,55,62,-7,7
19554,66,65,1,1
19555,78,76,2,2
19556,67,63,4,4
19557,91,82,9,9
19558,143,124,19,19
19559,86,95,-9,9
19560,57,71,-14,14
19561,96,86,10,10
19562,101,110,-9,9
19563,58,58,0,0
19564,113,103,10,10
19565,44,34,10,10
19566,140,117,23,23
19567,150,144,6,6
19568,117,118,-1,1
19569,86,88,-2,2
19570,99,90,9,9
19571,114,101,13,13
19572,81,79,2,2
19573,64,61,3,3
19574,132,130,2,2
19575,82,83,-1,1
19576,141,129,12,12
19577,68,84,-16,16
19578,137,124,13,13
19579,75,71,4,4
19580,71,72,-1,1
19581,59,34,25,25
19582,45,34,11,11
19583,70,68,2,2
19584,107,101,6,6
19585,59,62,-3,3
19586,41,43,-2,2
19587,65,70,-5,5
19588,50,46,4,4
19589,88,90,-2,2
19590,114,108,6,6
19591,64,60,4,4
19592,154,150,4,4
19593,64,72,-8,8
19594,46,67,-21,21
19595,120,112,8,8
19596,80,80,0,0
19597,52,54,-2,2
19598,88,104,-16,16
19599,65,88,-23,23
19600,49,60,-11,11
19601,82,93,-11,11
19602,108,112,-4,4
19603,59,68,-9,9
19604,68,69,-1,1
19605,99,86,13,13
19606,100,96,4,4
19607,100,90,10,10
19608,156,144,12,12
19609,91,95,-4,4
19610,152,142,10,10
19611,125,111,14,14
19612,60,63,-3,3
19613,43,51,-8,8
19614,48,45,3,3
19615,94,98,-4,4
19616,70,67,3,3
19617,52,55,-3,3
19618,70,69,1,1
19619,154,134,20,20
19620,133,127,6,6
19621,72,70,2,2
19622,79,87,-8,8
19623,111,113,-2,2
19624,72,70,2,2
19625,147,146,1,1
19626,94,90,4,4
19627,41,42,-1,1
19628,79,85,-6,6
19629,61,63,-2,2
19630,68,73,-5,5
19631,70,68,2,2
19632,80,84,-4,4
19633,58,67,-9,9
19634,45,46,-1,1
19635,187,167,20,20
19636,84,81,3,3
19637,76,74,2,2
19638,154,140,14,14
19639,139,124,15,15
19640,173,161,12,12
19641,75,69,6,6
19642,148,136,12,12
19643,174,163,11,11
19644,100,104,-4,4
19645,29,30,-1,1
19646,102,92,10,10
19647,67,72,-5,5
19648,51,51,0,0
19649,133,108,25,25
19650,36,34,2,2
19651,66,64,2,2
19652,65,61,4,4
19653,73,76,-3,3
19654,151,130,21,21
19655,87,81,6,6
19656,138,137,1,1
19657,65,66,-1,1
19658,97,92,5,5
19659,84,85,-1,1
19660,171,155,16,16
19661,110,103,7,7
19662,120,110,10,10
19663,99,92,7,7
19664,135,131,4,4
19665,90,88,2,2
19666,70,69,1,1
19667,99,102,-3,3
19668,58,62,-4,4
19669,109,126,-17,17
19670,77,76,1,1
19671,74,72,2,2
19672,134,131,3,3
19673,130,110,20,20
19674,65,69,-4,4
19675,109,99,10,10
19676,75,82,-7,7
19677,125,122,3,3
19678,99,96,3,3
19679,147,140,7,7
19680,160,145,15,15
19681,49,47,2,2
19682,62,69,-7,7
19683,332,282,50,50
19684,127,117,10,10
19685,34,33,1,1
19686,145,132,13,13
19687,108,98,10,10
19688,66,69,-3,3
19689,65,70,-5,5
19690,157,137,20,20
19691,89,84,5,5
19692,97,101,-4,4
19693,116,108,8,8
19694,102,99,3,3
19695,118,121,-3,3
19696,161,152,9,9
19697,97,96,1,1
19698,40,34,6,6
19699,63,67,-4,4
19700,70,79,-9,9
19701,83,80,3,3
19702,100,100,0,0
19703,76,75,1,1
19704,105,101,4,4
19705,72,87,-15,15
19706,69,81,-12,12
19707,136,135,1,1
19708,126,105,21,21
19709,130,130,0,0
19710,116,113,3,3
19711,87,84,3,3
19712,100,100,0,0
19713,100,91,9,9
19714,55,61,-6,6
19715,92,91,1,1
19716,101,96,5,5
19717,149,148,1,1
19718,98,86,12,12
19719,89,89,0,0
19720,40,36,4,4
19721,91,85,6,6
19722,103,101,2,2
19723,88,83,5,5
19724,76,89,-13,13
19725,43,57,-14,14
19726,60,62,-2,2
19727,165,146,19,19
19728,148,148,0,0
19729,114,107,7,7
19730,97,84,13,13
19731,141,137,4,4
19732,82,95,-13,13
19733,89,86,3,3
19734,141,137,4,4
19735,31,41,-10,10
19736,87,94,-7,7
19737,83,89,-6,6
19738,64,68,-4,4
19739,68,75,-7,7
19740,75,69,6,6
19741,102,99,3,3
19742,54,59,-5,5
19743,108,109,-1,1
19744,104,90,14,14
19745,132,127,5,5
19746,77,72,5,5
19747,130,123,7,7
19748,46,38,8,8
19749,83,34,49,49
19750,79,84,-5,5
19751,180,155,25,25
19752,118,121,-3,3
19753,105,110,-5,5
19754,93,93,0,0
19755,81,75,6,6
19756,61,65,-4,4
19757,142,134,8,8
19758,93,92,1,1
19759,100,97,3,3
19760,146,130,16,16
19761,64,69,-5,5
19762,116,108,8,8
19763,55,53,2,2
19764,55,63,-8,8
19765,86,97,-11,11
19766,90,86,4,4
19767,146,137,9,9
19768,55,57,-2,2
19769,76,75,1,1
19770,48,59,-11,11
19771,84,73,11,11
19772,62,62,0,0
19773,93,89,4,4
19774,104,97,7,7
19775,108,103,5,5
19776,83,88,-5,5
19777,57,56,1,1
19778,76,74,2,2
19779,100,123,-23,23
19780,96,95,1,1
19781,124,94,30,30
19782,55,68,-13,13
19783,61,64,-3,3
19784,104,100,4,4
19785,70,74,-4,4
19786,94,85,9,9
19787,64,71,-7,7
19788,113,111,2,2
19789,92,92,0,0
19790,136,134,2,2
19791,115,107,8,8
19792,103,109,-6,6
19793,84,85,-1,1
19794,60,65,-5,5
19795,83,113,-30,30
19796,127,120,7,7
19797,137,125,12,12
19798,64,59,5,5
19799,180,167,13,13
19800,144,126,18,18
19801,82,77,5,5
19802,89,83,6,6
19803,122,128,-6,6
19804,85,85,0,0
19805,127,118,9,9
19806,86,81,5,5
19807,81,87,-6,6
19808,102,94,8,8
19809,104,77,27,27
19810,47,48,-1,1
19811,163,139,24,24
19812,102,97,5,5
19813,152,132,20,20
19814,139,123,16,16
19815,88,76,12,12
19816,57,55,2,2
19817,79,74,5,5
19818,60,51,9,9
19819,104,94,10,10
19820,92,89,3,3
19821,74,72,2,2
19822,94,87,7,7
19823,102,105,-3,3
19824,109,101,8,8
19825,86,81,5,5
19826,85,76,9,9
19827,86,81,5,5
19828,158,138,20,20
19829,78,78,0,0
19830,72,70,2,2
19831,127,119,8,8
19832,81,84,-3,3
19833,99,96,3,3
19834,64,69,-5,5
19835,137,139,-2,2
19836,99,101,-2,2
19837,74,78,-4,4
19838,80,86,-6,6
19839,99,94,5,5
19840,95,95,0,0
19841,48,54,-6,6
19842,77,76,1,1
19843,88,94,-6,6
19844,99,95,4,4
19845,87,83,4,4
19846,75,80,-5,5
19847,103,102,1,1
19848,190,174,16,16
19849,88,52,36,36
19850,85,86,-1,1
19851,59,56,3,3
19852,63,78,-15,15
19853,85,86,-1,1
19854,67,85,-18,18
19855,76,80,-4,4
19856,115,110,5,5
19857,62,64,-2,2
19858,61,68,-7,7
19859,147,138,9,9
19860,153,138,15,15
19861,68,63,5,5
19862,106,108,-2,2
19863,79,78,1,1
19864,165,148,17,17
19865,63,63,0,0
19866,106,106,0,0
19867,74,76,-2,2
19868,135,123,12,12
19869,76,81,-5,5
19870,113,115,-2,2
19871,77,78,-1,1
19872,67,70,-3,3
19873,93,106,-13,13
19874,170,159,11,11
19875,77,81,-4,4
19876,88,82,6,6
19877,103,96,7,7
19878,85,84,1,1
19879,82,73,9,9
19880,70,75,-5,5
19881,94,104,-10,10
19882,44,57,-13,13
19883,103,91,12,12
19884,99,95,4,4
19885,67,66,1,1
19886,56,64,-8,8
19887,94,92,2,2
19888,77,76,1,1
19889,68,69,-1,1
19890,125,109,16,16
19891,110,105,5,5
19892,102,89,13,13
19893,57,53,4,4
19894,68,86,-18,18
19895,75,75,0,0
19896,101,93,8,8
19897,57,57,0,0
19898,93,105,-12,12
19899,52,34,18,18
19900,57,63,-6,6
19901,123,105,18,18
19902,111,114,-3,3
19903,62,69,-7,7
19904,89,98,-9,9
19905,114,102,12,12
19906,45,55,-10,10
19907,79,76,3,3
19908,134,121,13,13
19909,101,94,7,7
19910,92,88,4,4
19911,74,73,1,1
19912,95,90,5,5
19913,49,59,-10,10
19914,86,78,8,8
19915,50,69,-19,19
19916,55,59,-4,4
19917,49,43,6,6
19918,87,90,-3,3
19919,59,68,-9,9
19920,108,106,2,2
19921,88,75,13,13
19922,118,121,-3,3
19923,108,100,8,8
19924,38,68,-30,30
19925,94,87,7,7
19926,35,34,1,1
19927,114,110,4,4
19928,124,109,15,15
19929,108,110,-2,2
19930,129,133,-4,4
19931,69,73,-4,4
19932,108,110,-2,2
19933,66,71,-5,5
19934,62,62,0,0
19935,107,109,-2,2
19936,65,65,0,0
19937,169,147,22,22
19938,115,105,10,10
19939,116,111,5,5
19940,87,87,0,0
19941,62,63,-1,1
19942,128,116,12,12
19943,126,127,-1,1
19944,139,137,2,2
19945,217,189,28,28
19946,147,145,2,2
19947,117,106,11,11
19948,181,178,3,3
19949,101,120,-19,19
19950,66,71,-5,5
19951,77,74,3,3
19952,110,105,5,5
19953,186,176,10,10
19954,60,62,-2,2
19955,68,69,-1,1
19956,125,119,6,6
19957,52,56,-4,4
19958,75,74,1,1
19959,109,107,2,2
19960,44,48,-4,4
19961,123,123,0,0
19962,123,112,11,11
19963,69,69,0,0
19964,51,57,-6,6
19965,148,127,21,21
19966,104,92,12,12
19967,64,65,-1,1
19968,82,89,-7,7
19969,82,75,7,7
19970,135,134,1,1
19971,54,61,-7,7
19972,88,78,10,10
19973,88,82,6,6
19974,102,100,2,2
19975,45,54,-9,9
19976,85,80,5,5
19977,117,103,14,14
19978,124,111,13,13
19979,60,67,-7,7
19980,40,63,-23,23
19981,133,125,8,8
19982,101,97,4,4
19983,80,77,3,3
19984,90,109,-19,19
19985,85,88,-3,3
19986,68,71,-3,3
19987,150,145,5,5
19988,86,79,7,7
19989,105,108,-3,3
19990,45,51,-6,6
19991,149,156,-7,7
19992,74,78,-4,4
19993,40,39,1,1
19994,75,79,-4,4
19995,47,54,-7,7
19996,70,74,-4,4
19997,56,60,-4,4
19998,46,44,2,2
19999,98,98,0,0
20000,107,100,7,7
20001,121,108,13,13
20002,192,181,11,11
20003,50,56,-6,6
20004,62,78,-16,16
20005,93,90,3,3
20006,96,85,11,11
20007,72,72,0,0
20008,134,132,2,2
20009,98,95,3,3
20010,159,136,23,23
20011,115,108,7,7
20012,54,60,-6,6
20013,60,66,-6,6
20014,80,79,1,1
20015,103,100,3,3
20016,89,80,9,9
20017,118,116,2,2
20018,109,102,7,7
20019,65,74,-9,9
20020,62,69,-7,7
20021,100,95,5,5
20022,127,128,-1,1
20023,54,63,-9,9
20024,113,101,12,12
20025,122,111,11,11
20026,140,121,19,19
20027,71,63,8,8
20028,86,90,-4,4
20029,94,97,-3,3
20030,124,113,11,11
20031,59,64,-5,5
20032,115,104,11,11
20033,61,62,-1,1
20034,65,59,6,6
20035,79,81,-2,2
20036,122,108,14,14
20037,97,99,-2,2
20038,64,71,-7,7
20039,107,100,7,7
20040,109,105,4,4
20041,70,71,-1,1
20042,63,64,-1,1
20043,104,97,7,7
20044,88,77,11,11
20045,91,92,-1,1
20046,136,134,2,2
20047,67,68,-1,1
20048,65,65,0,0
20049,97,94,3,3
20050,114,112,2,2
20051,122,126,-4,4
20052,76,72,4,4
20053,96,98,-2,2
20054,90,82,8,8
20055,68,67,1,1
20056,78,79,-1,1
20057,158,142,16,16
20058,77,79,-2,2
20059,65,65,0,0
20060,126,115,11,11
20061,102,92,10,10
20062,96,86,10,10
20063,120,123,-3,3
20064,44,52,-8,8
20065,68,74,-6,6
20066,170,165,5,5
20067,40,36,4,4
20068,43,54,-11,11
20069,95,85,10,10
20070,114,105,9,9
20071,60,65,-5,5
20072,35,45,-10,10
20073,70,69,1,1
20074,126,122,4,4
20075,68,68,0,0
20076,137,138,-1,1
20077,154,127,27,27
20078,139,133,6,6
20079,103,97,6,6
20080,82,74,8,8
20081,94,99,-5,5
20082,136,121,15,15
20083,81,75,6,6
20084,51,45,6,6
20085,126,121,5,5
20086,89,118,-29,29
20087,88,91,-3,3
20088,77,68,9,9
20089,83,85,-2,2
20090,77,70,7,7
20091,84,83,1,1
20092,82,72,10,10
20093,65,70,-5,5
20094,113,100,13,13
20095,78,86,-8,8
20096,54,59,-5,5
20097,94,98,-4,4
20098,59,68,-9,9
20099,117,119,-2,2
20100,78,69,9,9
20101,48,34,14,14
20102,54,67,-13,13
20103,99,103,-4,4
20104,71,67,4,4
20105,136,123,13,13
20106,45,48,-3,3
20107,84,89,-5,5
20108,82,85,-3,3
20109,45,54,-9,9
20110,125,102,23,23
20111,50,55,-5,5
20112,71,75,-4,4
20113,89,81,8,8
20114,61,70,-9,9
20115,105,96,9,9
20116,143,135,8,8
20117,185,166,19,19
20118,48,46,2,2
20119,98,95,3,3
20120,38,34,4,4
20121,92,85,7,7
20122,139,130,9,9
20123,99,89,10,10
20124,106,105,1,1
20125,60,75,-15,15
20126,96,78,18,18
20127,138,139,-1,1
20128,83,83,0,0
20129,152,118,34,34
20130,115,116,-1,1
20131,84,91,-7,7
20132,133,120,13,13
20133,128,120,8,8
20134,78,78,0,0
20135,93,92,1,1
20136,105,99,6,6
20137,90,92,-2,2
20138,205,168,37,37
20139,80,80,0,0
20140,80,78,2,2
20141,118,101,17,17
20142,60,70,-10,10
20143,101,97,4,4
20144,95,90,5,5
20145,130,135,-5,5
20146,113,104,9,9
20147,79,84,-5,5
20148,88,85,3,3
20149,109,100,9,9
20150,98,92,6,6
20151,70,70,0,0
20152,92,87,5,5
20153,157,156,1,1
20154,44,53,-9,9
20155,95,88,7,7
20156,87,80,7,7
20157,109,93,16,16
20158,111,110,1,1
20159,86,79,7,7
20160,149,145,4,4
20161,111,101,10,10
20162,45,45,0,0
20163,150,144,6,6
20164,89,81,8,8
20165,67,75,-8,8
20166,87,86,1,1
20167,150,135,15,15
20168,124,105,19,19
20169,96,92,4,4
20170,125,125,0,0
20171,116,122,-6,6
20172,80,77,3,3
20173,156,130,26,26
20174,159,155,4,4
20175,108,100,8,8
20176,90,87,3,3
20177,117,104,13,13
20178,139,125,14,14
20179,87,85,2,2
20180,79,72,7,7
20181,103,100,3,3
20182,157,139,18,18
20183,159,164,-5,5
20184,46,79,-33,33
20185,84,84,0,0
20186,62,70,-8,8
20187,99,99,0,0
20188,62,64,-2,2
20189,87,100,-13,13
20190,186,177,9,9
20191,104,93,11,11
20192,83,79,4,4
20193,82,81,1,1
20194,82,81,1,1
20195,116,114,2,2
20196,48,47,1,1
20197,72,82,-10,10
20198,81,80,1,1
20199,89,92,-3,3
20200,66,69,-3,3
20201,99,95,4,4
20202,97,91,6,6
20203,83,83,0,0
20204,57,58,-1,1
20205,95,94,1,1
20206,81,80,1,1
20207,77,85,-8,8
20208,65,66,-1,1
20209,109,105,4,4
20210,58,59,-1,1
20211,38,44,-6,6
20212,109,104,5,5
20213,128,120,8,8
20214,68,65,3,3
20215,134,126,8,8
20216,80,82,-2,2
20217,197,178,19,19
20218,105,104,1,1
20219,78,79,-1,1
20220,99,113,-14,14
20221,88,84,4,4
20222,105,99,6,6
20223,63,75,-12,12
20224,76,98,-22,22
20225,80,81,-1,1
20226,68,74,-6,6
20227,97,95,2,2
20228,107,98,9,9
20229,96,78,18,18
20230,120,117,3,3
20231,110,100,10,10
20232,67,71,-4,4
20233,154,135,19,19
20234,133,115,18,18
20235,98,88,10,10
20236,93,88,5,5
20237,93,92,1,1
20238,95,96,-1,1
20239,96,90,6,6
20240,66,69,-3,3
20241,54,58,-4,4
20242,89,86,3,3
20243,165,146,19,19
20244,189,176,13,13
20245,62,72,-10,10
20246,49,55,-6,6
20247,59,61,-2,2
20248,82,80,2,2
20249,75,76,-1,1
20250,121,109,12,12
20251,116,102,14,14
20252,185,179,6,6
20253,139,131,8,8
20254,73,76,-3,3
20255,147,138,9,9
20256,109,115,-6,6
20257,119,111,8,8
20258,83,78,5,5
20259,122,123,-1,1
20260,84,92,-8,8
20261,130,120,10,10
20262,137,137,0,0
20263,96,96,0,0
20264,81,80,1,1
20265,123,113,10,10
20266,83,71,12,12
20267,104,96,8,8
20268,121,104,17,17
20269,130,116,14,14
20270,104,97,7,7
20271,107,96,11,11
20272,121,107,14,14
20273,76,78,-2,2
20274,59,63,-4,4
20275,127,124,3,3
20276,179,176,3,3
20277,70,74,-4,4
20278,83,84,-1,1
20279,83,86,-3,3
20280,52,71,-19,19
20281,58,68,-10,10
20282,116,115,1,1
20283,57,67,-10,10
20284,107,102,5,5
20285,164,155,9,9
20286,110,103,7,7
20287,101,97,4,4
20288,159,143,16,16
20289,103,109,-6,6
20290,133,135,-2,2
20291,59,76,-17,17
20292,93,103,-10,10
20293,129,115,14,14
20294,49,62,-13,13
20295,98,93,5,5
20296,100,93,7,7
20297,131,125,6,6
20298,140,140,0,0
20299,87,89,-2,2
20300,138,126,12,12
20301,145,141,4,4
20302,124,113,11,11
20303,111,105,6,6
20304,128,117,11,11
20305,83,74,9,9
20306,90,97,-7,7
20307,96,92,4,4
20308,160,147,13,13
20309,75,78,-3,3
20310,83,86,-3,3
20311,115,105,10,10
20312,78,82,-4,4
20313,91,89,2,2
20314,60,57,3,3
20315,92,87,5,5
20316,107,95,12,12
20317,94,101,-7,7
20318,75,104,-29,29
20319,60,63,-3,3
20320,58,68,-10,10
20321,103,100,3,3
20322,68,69,-1,1
20323,141,125,16,16
20324,89,93,-4,4
20325,172,151,21,21
20326,147,141,6,6
20327,94,85,9,9
20328,128,120,8,8
20329,76,76,0,0
20330,97,89,8,8
20331,110,108,2,2
20332,89,87,2,2
20333,72,67,5,5
20334,104,107,-3,3
20335,82,100,-18,18
20336,87,84,3,3
20337,96,91,5,5
20338,94,102,-8,8
20339,158,125,33,33
20340,102,98,4,4
20341,62,69,-7,7
20342,53,61,-8,8
20343,98,92,6,6
20344,96,90,6,6
20345,79,83,-4,4
20346,131,113,18,18
20347,44,55,-11,11
20348,102,91,11,11
20349,69,73,-4,4
20350,106,107,-1,1
20351,128,131,-3,3
20352,49,60,-11,11
20353,123,110,13,13
20354,191,160,31,31
20355,116,101,15,15
20356,127,116,11,11
20357,42,39,3,3
20358,124,100,24,24
20359,92,98,-6,6
20360,143,129,14,14
20361,68,70,-2,2
20362,111,103,8,8
20363,120,125,-5,5
20364,93,89,4,4
20365,46,56,-10,10
20366,116,111,5,5
20367,84,85,-1,1
20368,39,43,-4,4
20369,70,63,7,7
20370,59,77,-18,18
20371,107,123,-16,16
20372,59,60,-1,1
20373,115,107,8,8
20374,92,98,-6,6
20375,105,113,-8,8
20376,110,101,9,9
20377,60,61,-1,1
20378,119,103,16,16
20379,106,108,-2,2
20380,90,92,-2,2
20381,63,67,-4,4
20382,103,96,7,7
20383,105,108,-3,3
20384,98,97,1,1
20385,48,53,-5,5
20386,110,129,-19,19
20387,119,102,17,17
20388,86,88,-2,2
20389,82,96,-14,14
20390,65,66,-1,1
20391,89,86,3,3
20392,118,118,0,0
20393,146,131,15,15
20394,65,72,-7,7
20395,125,120,5,5
20396,87,86,1,1
20397,89,93,-4,4
20398,75,73,2,2
20399,87,83,4,4
20400,130,126,4,4
20401,51,56,-5,5
20402,129,129,0,0
20403,81,77,4,4
20404,80,72,8,8
20405,66,73,-7,7
20406,47,55,-8,8
20407,103,103,0,0
20408,77,88,-11,11
20409,60,66,-6,6
20410,133,124,9,9
20411,66,68,-2,2
20412,161,143,18,18
20413,101,105,-4,4
20414,80,86,-6,6
20415,124,123,1,1
20416,140,130,10,10
20417,120,106,14,14
20418,141,130,11,11
20419,90,88,2,2
20420,54,62,-8,8
20421,63,62,1,1
20422,115,113,2,2
20423,59,69,-10,10
20424,68,73,-5,5
20425,51,55,-4,4
20426,56,62,-6,6
20427,69,80,-11,11
20428,71,75,-4,4
20429,103,101,2,2
20430,94,95,-1,1
20431,157,164,-7,7
20432,122,111,11,11
20433,111,108,3,3
20434,120,126,-6,6
20435,103,92,11,11
20436,62,69,-7,7
20437,130,126,4,4
20438,81,80,1,1
20439,166,139,27,27
20440,79,85,-6,6
20441,90,92,-2,2
20442,91,92,-1,1
20443,44,46,-2,2
20444,87,92,-5,5
20445,117,111,6,6
20446,101,105,-4,4
20447,106,112,-6,6
20448,102,91,11,11
20449,74,70,4,4
20450,175,157,18,18
20451,71,80,-9,9
20452,122,112,10,10
20453,165,151,14,14
20454,134,120,14,14
20455,192,159,33,33
20456,80,71,9,9
20457,65,66,-1,1
20458,105,107,-2,2
20459,121,109,12,12
20460,84,85,-1,1
20461,106,108,-2,2
20462,91,87,4,4
20463,174,167,7,7
20464,64,59,5,5
20465,58,65,-7,7
20466,76,69,7,7
20467,70,73,-3,3
20468,143,133,10,10
20469,92,88,4,4
20470,94,97,-3,3
20471,95,88,7,7
20472,119,110,9,9
20473,101,94,7,7
20474,110,102,8,8
20475,144,147,-3,3
20476,129,137,-8,8
20477,79,76,3,3
20478,99,101,-2,2
20479,85,84,1,1
20480,142,128,14,14
20481,77,85,-8,8
20482,62,67,-5,5
20483,122,122,0,0
20484,106,109,-3,3
20485,52,50,2,2
20486,79,76,3,3
20487,95,85,10,10
20488,77,80,-3,3
20489,89,87,2,2
20490,70,75,-5,5
20491,97,92,5,5
20492,100,105,-5,5
20493,79,74,5,5
20494,138,133,5,5
20495,123,108,15,15
20496,152,128,24,24
20497,135,127,8,8
20498,83,84,-1,1
20499,118,103,15,15
20500,91,85,6,6
20501,83,84,-1,1
20502,77,77,0,0
20503,69,71,-2,2
20504,68,69,-1,1
20505,139,129,10,10
20506,171,159,12,12
20507,80,80,0,0
20508,83,78,5,5
20509,108,101,7,7
20510,92,92,0,0
20511,59,62,-3,3
20512,74,72,2,2
20513,62,63,-1,1
20514,138,128,10,10
20515,55,56,-1,1
20516,85,79,6,6
20517,77,77,0,0
20518,39,34,5,5
20519,65,69,-4,4
20520,109,112,-3,3
20521,91,91,0,0
20522,74,71,3,3
20523,74,80,-6,6
20524,154,143,11,11
20525,153,141,12,12
20526,40,33,7,7
20527,110,105,5,5
20528,63,65,-2,2
20529,114,104,10,10
20530,114,119,-5,5
20531,62,72,-10,10
20532,81,72,9,9
20533,49,54,-5,5
20534,63,65,-2,2
20535,93,90,3,3
20536,76,72,4,4
20537,146,140,6,6
20538,87,80,7,7
20539,162,146,16,16
20540,91,93,-2,2
20541,107,124,-17,17
20542,82,89,-7,7
20543,97,91,6,6
20544,42,43,-1,1
20545,81,78,3,3
20546,115,108,7,7
20547,120,112,8,8
20548,62,68,-6,6
20549,131,132,-1,1
20550,82,81,1,1
20551,59,65,-6,6
20552,127,130,-3,3
20553,100,87,13,13
20554,92,85,7,7
20555,55,63,-8,8
20556,111,106,5,5
20557,92,89,3,3
20558,111,109,2,2
20559,189,156,33,33
20560,93,81,12,12
20561,61,62,-1,1
20562,50,48,2,2
20563,62,65,-3,3
20564,46,56,-10,10
20565,145,140,5,5
20566,82,83,-1,1
20567,83,83,0,0
20568,78,77,1,1
20569,69,66,3,3
20570,117,102,15,15
20571,142,130,12,12
20572,111,107,4,4
20573,72,71,1,1
20574,95,90,5,5
20575,141,123,18,18
20576,179,160,19,19
20577,85,88,-3,3
20578,286,234,52,52
20579,87,79,8,8
20580,93,91,2,2
20581,87,82,5,5
20582,49,52,-3,3
20583,87,87,0,0
20584,143,117,26,26
20585,98,103,-5,5
20586,70,71,-1,1
20587,112,107,5,5
20588,53,59,-6,6
20589,55,62,-7,7
20590,88,84,4,4
20591,113,110,3,3
20592,86,86,0,0
20593,59,45,14,14
20594,62,62,0,0
20595,71,80,-9,9
20596,102,119,-17,17
20597,69,74,-5,5
20598,117,110,7,7
20599,79,78,1,1
20600,131,130,1,1
20601,45,47,-2,2
20602,81,83,-2,2
20603,62,73,-11,11
20604,82,86,-4,4
20605,86,89,-3,3
20606,52,47,5,5
20607,79,80,-1,1
20608,108,96,12,12
20609,62,68,-6,6
20610,94,92,2,2
20611,74,84,-10,10
20612,136,121,15,15
20613,151,136,15,15
20614,145,148,-3,3
20615,99,93,6,6
20616,169,174,-5,5
20617,69,72,-3,3
20618,54,58,-4,4
20619,93,83,10,10
20620,106,102,4,4
20621,77,77,0,0
20622,100,109,-9,9
20623,96,103,-7,7
20624,56,57,-1,1
20625,99,90,9,9
20626,115,114,1,1
20627,90,86,4,4
20628,56,65,-9,9
20629,83,75,8,8
20630,117,105,12,12
20631,75,77,-2,2
20632,88,85,3,3
20633,80,76,4,4
20634,150,123,27,27
20635,126,110,16,16
20636,92,90,2,2
20637,117,108,9,9
20638,75,77,-2,2
20639,92,79,13,13
20640,72,75,-3,3
20641,45,53,-8,8
20642,55,69,-14,14
20643,123,124,-1,1
20644,127,115,12,12
20645,128,127,1,1
20646,161,149,12,12
20647,130,120,10,10
20648,87,79,8,8
20649,223,178,45,45
20650,79,81,-2,2
20651,155,138,17,17
20652,77,79,-2,2
20653,82,74,8,8
20654,101,103,-2,2
20655,89,92,-3,3
20656,106,105,1,1
20657,68,61,7,7
20658,98,94,4,4
20659,102,103,-1,1
20660,88,77,11,11
20661,102,96,6,6
20662,173,149,24,24
20663,52,68,-16,16
20664,114,110,4,4
20665,85,74,11,11
20666,86,82,4,4
20667,77,75,2,2
20668,81,79,2,2
20669,89,84,5,5
20670,149,139,10,10
20671,68,74,-6,6
20672,77,75,2,2
20673,83,81,2,2
20674,71,73,-2,2
20675,71,74,-3,3
20676,91,94,-3,3
20677,56,72,-16,16
20678,80,84,-4,4
20679,129,118,11,11
20680,95,93,2,2
20681,114,100,14,14
20682,149,132,17,17
20683,74,72,2,2
20684,84,75,9,9
20685,72,68,4,4
20686,119,110,9,9
20687,82,75,7,7
20688,94,115,-21,21
20689,89,97,-8,8
20690,45,51,-6,6
20691,77,67,10,10
20692,169,164,5,5
20693,100,86,14,14
20694,114,103,11,11
20695,95,91,4,4
20696,97,109,-12,12
20697,224,206,18,18
20698,96,98,-2,2
20699,66,71,-5,5
20700,97,94,3,3
20701,113,107,6,6
20702,107,109,-2,2
20703,59,72,-13,13
20704,148,149,-1,1
20705,66,56,10,10
20706,151,149,2,2
20707,87,82,5,5
20708,119,106,13,13
20709,63,62,1,1
20710,122,109,13,13
20711,75,72,3,3
20712,142,130,12,12
20713,33,33,0,0
20714,86,85,1,1
20715,33,33,0,0
20716,144,118,26,26
20717,124,114,10,10
20718,77,78,-1,1
20719,144,137,7,7
20720,88,92,-4,4
20721,87,91,-4,4
20722,45,48,-3,3
20723,104,89,15,15
20724,70,75,-5,5
20725,87,85,2,2
20726,139,133,6,6
20727,136,131,5,5
20728,85,75,10,10
20729,106,107,-1,1
20730,134,121,13,13
20731,98,92,6,6
20732,77,78,-1,1
20733,131,129,2,2
20734,125,140,-15,15
20735,76,76,0,0
20736,110,104,6,6
20737,123,109,14,14
20738,56,52,4,4
20739,62,67,-5,5
20740,59,63,-4,4
20741,96,101,-5,5
20742,107,98,9,9
20743,126,127,-1,1
20744,114,113,1,1
20745,85,92,-7,7
20746,63,62,1,1
20747,59,73,-14,14
20748,80,74,6,6
20749,93,86,7,7
20750,82,91,-9,9
20751,73,69,4,4
20752,133,123,10,10
20753,145,126,19,19
20754,78,76,2,2
20755,89,89,0,0
20756,81,79,2,2
20757,100,96,4,4
20758,129,133,-4,4
20759,80,84,-4,4
20760,122,111,11,11
20761,26,42,-16,16
20762,151,141,10,10
20763,118,119,-1,1
20764,146,130,16,16
20765,75,75,0,0
20766,80,101,-21,21
20767,52,64,-12,12
20768,128,111,17,17
20769,76,91,-15,15
20770,73,75,-2,2
20771,55,61,-6,6
20772,94,96,-2,2
20773,115,103,12,12
20774,70,73,-3,3
20775,125,110,15,15
20776,50,47,3,3
20777,90,90,0,0
20778,110,102,8,8
20779,120,120,0,0
20780,62,66,-4,4
20781,78,89,-11,11
20782,132,126,6,6
20783,46,50,-4,4
20784,140,143,-3,3
20785,97,92,5,5
20786,53,57,-4,4
20787,93,93,0,0
20788,145,128,17,17
20789,84,89,-5,5
20790,121,119,2,2
20791,124,123,1,1
20792,65,63,2,2
20793,129,134,-5,5
20794,111,104,7,7
20795,81,71,10,10
20796,87,72,15,15
20797,64,70,-6,6
20798,92,86,6,6
20799,74,74,0,0
20800,78,77,1,1
20801,72,77,-5,5
20802,101,100,1,1
20803,35,34,1,1
20804,171,153,18,18
20805,54,51,3,3
20806,155,163,-8,8
20807,151,142,9,9
20808,45,47,-2,2
20809,87,85,2,2
20810,115,106,9,9
20811,75,69,6,6
20812,89,90,-1,1
20813,134,121,13,13
20814,65,68,-3,3
20815,51,57,-6,6
20816,33,34,-1,1
20817,85,97,-12,12
20818,114,101,13,13
20819,120,116,4,4
20820,83,83,0,0
20821,106,108,-2,2
20822,41,50,-9,9
20823,101,113,-12,12
20824,134,121,13,13
20825,132,125,7,7
20826,53,49,4,4
20827,89,86,3,3
20828,120,120,0,0
20829,106,109,-3,3
20830,165,144,21,21
20831,59,73,-14,14
20832,77,78,-1,1
20833,105,97,8,8
20834,113,109,4,4
20835,85,86,-1,1
20836,57,60,-3,3
20837,101,105,-4,4
20838,109,105,4,4
20839,129,131,-2,2
20840,75,88,-13,13
20841,143,133,10,10
20842,48,55,-7,7
20843,115,121,-6,6
20844,57,105,-48,48
20845,76,76,0,0
20846,79,77,2,2
20847,107,99,8,8
20848,61,67,-6,6
20849,134,130,4,4
20850,93,91,2,2
20851,141,136,5,5
20852,81,75,6,6
20853,65,73,-8,8
20854,148,136,12,12
20855,70,79,-9,9
20856,78,90,-12,12
20857,46,47,-1,1
20858,108,108,0,0
20859,94,92,2,2
20860,165,157,8,8
20861,83,92,-9,9
20862,131,123,8,8
20863,91,84,7,7
20864,86,117,-31,31
20865,99,98,1,1
20866,111,93,18,18
20867,93,92,1,1
20868,82,77,5,5
20869,60,74,-14,14
20870,89,86,3,3
20871,153,146,7,7
20872,102,99,3,3
20873,92,99,-7,7
20874,102,97,5,5
20875,118,120,-2,2
20876,75,73,2,2
20877,176,159,17,17
20878,129,119,10,10
20879,69,84,-15,15
20880,83,78,5,5
20881,124,119,5,5
20882,68,64,4,4
20883,102,97,5,5
20884,63,66,-3,3
20885,96,108,-12,12
20886,120,127,-7,7
20887,75,83,-8,8
20888,111,110,1,1
20889,181,157,24,24
20890,82,81,1,1
20891,132,122,10,10
20892,48,75,-27,27
20893,75,77,-2,2
20894,64,67,-3,3
20895,41,40,1,1
20896,64,78,-14,14
20897,97,97,0,0
20898,77,80,-3,3
20899,91,85,6,6
20900,51,53,-2,2
20901,68,70,-2,2
20902,121,123,-2,2
20903,86,85,1,1
20904,59,66,-7,7
20905,107,106,1,1
20906,84,91,-7,7
20907,55,57,-2,2
20908,76,89,-13,13
20909,93,84,9,9
20910,40,34,6,6
20911,118,98,20,20
20912,156,150,6,6
20913,126,117,9,9
20914,74,72,2,2
20915,96,95,1,1
20916,121,117,4,4
20917,76,70,6,6
20918,122,131,-9,9
20919,89,84,5,5
20920,59,60,-1,1
20921,84,75,9,9
20922,83,79,4,4
20923,73,69,4,4
20924,63,63,0,0
20925,64,72,-8,8
20926,125,111,14,14
20927,101,86,15,15
20928,122,128,-6,6
20929,63,66,-3,3
20930,107,103,4,4
20931,68,71,-3,3
20932,74,75,-1,1
20933,102,100,2,2
20934,119,121,-2,2
20935,106,94,12,12
20936,66,68,-2,2
20937,87,86,1,1
20938,85,81,4,4
20939,66,63,3,3
20940,145,135,10,10
20941,180,151,29,29
20942,75,76,-1,1
20943,63,74,-11,11
20944,144,138,6,6
20945,66,68,-2,2
20946,49,44,5,5
20947,98,98,0,0
20948,77,70,7,7
20949,105,101,4,4
20950,81,99,-18,18
20951,92,84,8,8
20952,104,109,-5,5
20953,151,143,8,8
20954,51,59,-8,8
20955,124,128,-4,4
20956,84,80,4,4
20957,58,62,-4,4
20958,108,100,8,8
20959,41,43,-2,2
20960,151,138,13,13
20961,113,97,16,16
20962,138,126,12,12
20963,70,77,-7,7
20964,106,105,1,1
20965,95,96,-1,1
20966,121,120,1,1
20967,66,66,0,0
20968,98,93,5,5
20969,70,74,-4,4
20970,142,133,9,9
20971,139,136,3,3
20972,62,66,-4,4
20973,138,139,-1,1
20974,70,72,-2,2
20975,138,110,28,28
20976,105,99,6,6
20977,61,63,-2,2
20978,113,114,-1,1
20979,173,145,28,28
20980,94,89,5,5
20981,90,84,6,6
20982,112,107,5,5
20983,43,34,9,9
20984,140,138,2,2
20985,197,197,0,0
20986,116,106,10,10
20987,229,201,28,28
20988,119,112,7,7
20989,80,68,12,12
20990,115,114,1,1
20991,61,69,-8,8
20992,41,46,-5,5
20993,101,91,10,10
20994,185,179,6,6
20995,46,45,1,1
20996,221,201,20,20
20997,113,106,7,7
20998,60,63,-3,3
20999,116,98,18,18
21000,125,119,6,6
21001,99,95,4,4
21002,97,110,-13,13
21003,171,147,24,24
21004,79,80,-1,1
21005,73,75,-2,2
21006,80,88,-8,8
21007,148,132,16,16
21008,111,122,-11,11
21009,110,112,-2,2
21010,84,91,-7,7
21011,60,70,-10,10
21012,94,89,5,5
21013,57,61,-4,4
21014,118,115,3,3
21015,115,115,0,0
21016,118,124,-6,6
21017,133,118,15,15
21018,67,72,-5,5
21019,148,139,9,9
21020,34,90,-56,56
21021,59,60,-1,1
21022,71,70,1,1
21023,59,60,-1,1
21024,58,71,-13,13
21025,61,60,1,1
21026,105,105,0,0
21027,144,136,8,8
21028,135,127,8,8
21029,120,113,7,7
21030,180,168,12,12
21031,177,150,27,27
21032,115,128,-13,13
21033,138,124,14,14
21034,113,96,17,17
21035,97,93,4,4
21036,88,82,6,6
21037,108,117,-9,9
21038,106,97,9,9
21039,81,79,2,2
21040,105,98,7,7
21041,30,32,-2,2
21042,97,98,-1,1
21043,39,34,5,5
21044,57,60,-3,3
21045,92,109,-17,17
21046,85,81,4,4
21047,94,84,10,10
21048,165,146,19,19
21049,119,115,4,4
21050,120,110,10,10
21051,139,123,16,16
21052,42,42,0,0
21053,78,80,-2,2
21054,78,86,-8,8
21055,73,68,5,5
21056,84,84,0,0
21057,159,142,17,17
21058,84,88,-4,4
21059,133,124,9,9
21060,87,89,-2,2
21061,147,129,18,18
21062,83,81,2,2
21063,51,53,-2,2
21064,107,100,7,7
21065,62,63,-1,1
21066,94,87,7,7
21067,62,67,-5,5
21068,79,79,0,0
21069,177,147,30,30
21070,104,85,19,19
21071,85,91,-6,6
21072,100,93,7,7
21073,69,69,0,0
21074,119,119,0,0
21075,90,78,12,12
21076,82,75,7,7
21077,54,54,0,0
21078,115,101,14,14
21079,74,72,2,2
21080,113,105,8,8
21081,56,60,-4,4
21082,68,75,-7,7
21083,195,176,19,19
21084,150,128,22,22
21085,62,71,-9,9
21086,71,72,-1,1
21087,81,78,3,3
21088,131,128,3,3
21089,90,83,7,7
21090,86,90,-4,4
21091,168,167,1,1
21092,101,96,5,5
21093,109,103,6,6
21094,71,106,-35,35
21095,67,68,-1,1
21096,115,104,11,11
21097,95,82,13,13
21098,84,82,2,2
21099,74,82,-8,8
21100,69,68,1,1
21101,63,71,-8,8
21102,127,115,12,12
21103,82,89,-7,7
21104,78,75,3,3
21105,78,80,-2,2
21106,147,138,9,9
21107,96,92,4,4
21108,72,81,-9,9
21109,65,66,-1,1
21110,107,106,1,1
21111,119,104,15,15
21112,101,94,7,7
21113,162,144,18,18
21114,119,113,6,6
21115,93,94,-1,1
21116,102,98,4,4
21117,145,137,8,8
21118,94,88,6,6
21119,83,80,3,3
21120,166,150,16,16
21121,63,69,-6,6
21122,90,85,5,5
21123,53,58,-5,5
21124,103,103,0,0
21125,117,108,9,9
21126,99,95,4,4
21127,44,34,10,10
21128,149,136,13,13
21129,104,98,6,6
21130,225,209,16,16
21131,101,96,5,5
21132,101,96,5,5
21133,76,70,6,6
21134,80,76,4,4
21135,70,66,4,4
21136,130,106,24,24
21137,148,135,13,13
21138,70,81,-11,11
21139,137,141,-4,4
21140,59,61,-2,2
21141,71,75,-4,4
21142,134,125,9,9
21143,116,103,13,13
21144,104,98,6,6
21145,63,71,-8,8
21146,61,63,-2,2
21147,89,108,-19,19
21148,61,61,0,0
21149,97,95,2,2
21150,102,97,5,5
21151,63,64,-1,1
21152,165,153,12,12
21153,88,95,-7,7
21154,112,96,16,16
21155,90,86,4,4
21156,179,165,14,14
21157,89,96,-7,7
21158,19,24,-5,5
21159,123,113,10,10
21160,111,132,-21,21
21161,89,85,4,4
21162,86,95,-9,9
21163,92,96,-4,4
21164,93,87,6,6
21165,91,86,5,5
21166,70,71,-1,1
21167,105,100,5,5
21168,85,80,5,5
21169,78,73,5,5
21170,112,109,3,3
21171,96,97,-1,1
21172,54,61,-7,7
21173,121,104,17,17
21174,131,121,10,10
21175,66,70,-4,4
21176,61,67,-6,6
21177,80,81,-1,1
21178,89,86,3,3
21179,74,65,9,9
21180,65,77,-12,12
21181,101,104,-3,3
21182,97,84,13,13
21183,108,107,1,1
21184,96,99,-3,3
21185,132,122,10,10
21186,62,61,1,1
21187,82,76,6,6
21188,154,133,21,21
21189,82,84,-2,2
21190,50,56,-6,6
21191,68,63,5,5
21192,124,127,-3,3
21193,74,72,2,2
21194,149,145,4,4
21195,59,64,-5,5
21196,56,58,-2,2
21197,58,63,-5,5
21198,151,150,1,1
21199,113,105,8,8
21200,74,98,-24,24
21201,71,70,1,1
21202,86,84,2,2
21203,65,64,1,1
21204,69,73,-4,4
21205,161,151,10,10
21206,89,88,1,1
21207,36,34,2,2
21208,55,55,0,0
21209,97,92,5,5
21210,89,77,12,12
21211,64,64,0,0
21212,98,99,-1,1
21213,89,81,8,8
21214,44,34,10,10
21215,162,150,12,12
21216,126,130,-4,4
21217,82,82,0,0
21218,77,86,-9,9
21219,81,81,0,0
21220,137,128,9,9
21221,69,70,-1,1
21222,86,82,4,4
21223,67,72,-5,5
21224,101,93,8,8
21225,74,77,-3,3
21226,71,71,0,0
21227,66,67,-1,1
21228,104,103,1,1
21229,111,120,-9,9
21230,86,89,-3,3
21231,96,96,0,0
21232,79,75,4,4
21233,183,183,0,0
21234,89,84,5,5
21235,133,119,14,14
21236,80,79,1,1
21237,72,73,-1,1
21238,109,97,12,12
21239,107,99,8,8
21240,84,79,5,5
21241,67,63,4,4
21242,102,97,5,5
21243,66,185,-119,119
21244,132,132,0,0
21245,103,102,1,1
21246,91,93,-2,2
21247,111,110,1,1
21248,110,100,10,10
21249,156,150,6,6
21250,44,34,10,10
21251,48,48,0,0
21252,79,86,-7,7
21253,58,56,2,2
21254,134,120,14,14
21255,105,102,3,3
21256,79,74,5,5
21257,124,154,-30,30
21258,109,96,13,13
21259,79,73,6,6
21260,66,71,-5,5
21261,93,88,5,5
21262,93,91,2,2
21263,85,94,-9,9
21264,92,89,3,3
21265,103,103,0,0
21266,104,97,7,7
21267,108,105,3,3
21268,82,77,5,5
21269,92,95,-3,3
21270,41,39,2,2
21271,47,50,-3,3
21272,79,78,1,1
21273,101,109,-8,8
21274,66,72,-6,6
21275,83,78,5,5
21276,89,76,13,13
21277,55,60,-5,5
21278,137,128,9,9
21279,92,84,8,8
21280,131,124,7,7
21281,99,91,8,8
21282,100,105,-5,5
21283,82,78,4,4
21284,57,62,-5,5
21285,74,79,-5,5
21286,79,79,0,0
21287,83,78,5,5
21288,118,111,7,7
21289,133,154,-21,21
21290,129,123,6,6
21291,70,85,-15,15
21292,145,133,12,12
21293,149,115,34,34
21294,113,108,5,5
21295,56,66,-10,10
21296,44,34,10,10
21297,89,96,-7,7
21298,90,91,-1,1
21299,74,69,5,5
21300,117,110,7,7
21301,65,62,3,3
21302,48,53,-5,5
21303,92,88,4,4
21304,72,72,0,0
21305,83,76,7,7
21306,63,68,-5,5
21307,135,119,16,16
21308,147,147,0,0
21309,142,145,-3,3
21310,122,107,15,15
21311,77,76,1,1
21312,106,102,4,4
21313,65,70,-5,5
21314,70,68,2,2
21315,124,112,12,12
21316,100,95,5,5
21317,56,58,-2,2
21318,72,69,3,3
21319,83,81,2,2
21320,66,67,-1,1
21321,45,52,-7,7
21322,162,155,7,7
21323,85,86,-1,1
21324,115,115,0,0
21325,122,117,5,5
21326,72,71,1,1
21327,68,72,-4,4
21328,65,67,-2,2
21329,84,79,5,5
21330,161,140,21,21
21331,149,133,16,16
21332,109,103,6,6
21333,57,65,-8,8
21334,85,78,7,7
21335,100,93,7,7
21336,171,132,39,39
21337,73,76,-3,3
21338,78,78,0,0
21339,67,77,-10,10
21340,122,128,-6,6
21341,84,77,7,7
21342,171,150,21,21
21343,87,87,0,0
21344,140,117,23,23
21345,86,94,-8,8
21346,85,92,-7,7
21347,50,50,0,0
21348,78,80,-2,2
21349,67,61,6,6
21350,81,76,5,5
21351,75,76,-1,1
21352,91,90,1,1
21353,119,115,4,4
21354,138,132,6,6
21355,58,61,-3,3
21356,137,124,13,13
21357,88,95,-7,7
21358,122,113,9,9
21359,106,95,11,11
21360,101,104,-3,3
21361,88,89,-1,1
21362,83,75,8,8
21363,80,78,2,2
21364,111,110,1,1
21365,183,169,14,14
21366,73,72,1,1
21367,97,90,7,7
21368,55,64,-9,9
21369,116,119,-3,3
21370,78,77,1,1
21371,99,95,4,4
21372,141,126,15,15
21373,56,58,-2,2
21374,65,67,-2,2
21375,72,72,0,0
21376,99,75,24,24
21377,96,89,7,7
21378,69,75,-6,6
21379,94,105,-11,11
21380,98,88,10,10
21381,55,64,-9,9
21382,107,105,2,2
21383,68,70,-2,2
21384,84,86,-2,2
21385,65,66,-1,1
21386,177,149,28,28
21387,62,61,1,1
21388,182,160,22,22
21389,72,54,18,18
21390,151,141,10,10
21391,80,74,6,6
21392,122,124,-2,2
21393,136,117,19,19
21394,141,132,9,9
21395,88,82,6,6
21396,88,81,7,7
21397,127,121,6,6
21398,92,94,-2,2
21399,74,70,4,4
21400,111,104,7,7
21401,204,192,12,12
21402,111,100,11,11
21403,59,60,-1,1
21404,129,111,18,18
21405,107,100,7,7
21406,104,95,9,9
21407,76,80,-4,4
21408,113,118,-5,5
21409,110,106,4,4
21410,69,67,2,2
21411,67,69,-2,2
21412,85,78,7,7
21413,94,93,1,1
21414,93,86,7,7
21415,90,91,-1,1
21416,61,52,9,9
21417,56,54,2,2
21418,114,105,9,9
21419,71,68,3,3
21420,86,89,-3,3
21421,114,112,2,2
21422,50,52,-2,2
21423,155,143,12,12
21424,108,112,-4,4
21425,104,86,18,18
21426,89,83,6,6
21427,75,73,2,2
21428,149,142,7,7
21429,94,84,10,10
21430,63,77,-14,14
21431,127,132,-5,5
21432,103,100,3,3
21433,90,80,10,10
21434,64,71,-7,7
21435,144,131,13,13
21436,119,107,12,12
21437,45,55,-10,10
21438,78,75,3,3
21439,45,59,-14,14
21440,113,113,0,0
21441,89,90,-1,1
21442,122,121,1,1
21443,93,92,1,1
21444,54,59,-5,5
21445,89,79,10,10
21446,85,79,6,6
21447,101,98,3,3
21448,132,137,-5,5
21449,47,35,12,12
21450,83,81,2,2
21451,89,78,11,11
21452,77,72,5,5
21453,150,133,17,17
21454,130,112,18,18
21455,85,85,0,0
21456,114,105,9,9
21457,155,146,9,9
21458,63,63,0,0
21459,94,97,-3,3
21460,42,34,8,8
21461,138,136,2,2
21462,78,82,-4,4
21463,79,78,1,1
21464,95,92,3,3
21465,80,71,9,9
21466,80,89,-9,9
21467,39,44,-5,5
21468,143,128,15,15
21469,88,84,4,4
21470,47,54,-7,7
21471,70,70,0,0
21472,174,157,17,17
21473,148,136,12,12
21474,185,157,28,28
21475,122,128,-6,6
21476,138,129,9,9
21477,99,94,5,5
21478,50,56,-6,6
21479,104,93,11,11
21480,69,71,-2,2
21481,127,119,8,8
21482,59,66,-7,7
21483,89,87,2,2
21484,81,83,-2,2
21485,64,72,-8,8
21486,124,120,4,4
21487,75,85,-10,10
21488,102,95,7,7
21489,156,140,16,16
21490,81,80,1,1
21491,90,86,4,4
21492,58,72,-14,14
21493,153,131,22,22
21494,100,92,8,8
21495,133,119,14,14
21496,133,119,14,14
21497,68,74,-6,6
21498,104,99,5,5
21499,74,73,1,1
21500,138,125,13,13
21501,83,84,-1,1
21502,125,134,-9,9
21503,98,97,1,1
21504,92,87,5,5
21505,39,34,5,5
21506,93,91,2,2
21507,47,60,-13,13
21508,72,66,6,6
21509,138,125,13,13
21510,81,80,1,1
21511,102,101,1,1
21512,146,136,10,10
21513,80,75,5,5
21514,76,69,7,7
21515,130,136,-6,6
21516,138,120,18,18
21517,69,75,-6,6
21518,134,117,17,17
21519,73,76,-3,3
21520,55,63,-8,8
21521,68,72,-4,4
21522,78,92,-14,14
21523,85,82,3,3
21524,118,111,7,7
21525,80,79,1,1
21526,153,150,3,3
21527,81,82,-1,1
21528,85,82,3,3
21529,117,110,7,7
21530,126,123,3,3
21531,34,34,0,0
21532,72,67,5,5
21533,138,127,11,11
21534,82,83,-1,1
21535,113,114,-1,1
21536,63,70,-7,7
21537,80,71,9,9
21538,67,66,1,1
21539,117,124,-7,7
21540,120,111,9,9
21541,75,71,4,4
21542,117,109,8,8
21543,103,105,-2,2
21544,149,151,-2,2
21545,169,163,6,6
21546,85,94,-9,9
21547,91,84,7,7
21548,121,120,1,1
21549,95,106,-11,11
21550,123,124,-1,1
21551,36,47,-11,11
21552,71,72,-1,1
21553,106,97,9,9
21554,101,89,12,12
21555,60,78,-18,18
21556,68,66,2,2
21557,76,73,3,3
21558,91,85,6,6
21559,84,82,2,2
21560,97,98,-1,1
21561,75,80,-5,5
21562,44,42,2,2
21563,78,66,12,12
21564,55,60,-5,5
21565,106,110,-4,4
21566,125,116,9,9
21567,185,162,23,23
21568,148,168,-20,20
21569,156,140,16,16
21570,128,117,11,11
21571,96,91,5,5
21572,99,94,5,5
21573,63,72,-9,9
21574,78,84,-6,6
21575,162,134,28,28
21576,75,76,-1,1
21577,103,95,8,8
21578,110,100,10,10
21579,116,108,8,8
21580,51,59,-8,8
21581,126,117,9,9
21582,37,44,-7,7
21583,109,99,10,10
21584,115,114,1,1
21585,70,67,3,3
21586,94,84,10,10
21587,113,107,6,6
21588,91,88,3,3
21589,71,74,-3,3
21590,55,61,-6,6
21591,63,70,-7,7
21592,59,60,-1,1
21593,81,78,3,3
21594,135,131,4,4
21595,95,91,4,4
21596,67,75,-8,8
21597,80,79,1,1
21598,73,83,-10,10
21599,98,90,8,8
21600,104,94,10,10
21601,63,58,5,5
21602,60,60,0,0
21603,117,110,7,7
21604,60,61,-1,1
21605,127,120,7,7
21606,121,102,19,19
21607,118,113,5,5
21608,80,77,3,3
21609,77,77,0,0
21610,104,94,10,10
21611,182,196,-14,14
21612,90,91,-1,1
21613,49,48,1,1
21614,86,85,1,1
21615,88,85,3,3
21616,114,102,12,12
21617,56,57,-1,1
21618,66,62,4,4
21619,68,78,-10,10
21620,88,88,0,0
21621,45,72,-27,27
21622,231,210,21,21
21623,136,124,12,12
21624,69,68,1,1
21625,123,128,-5,5
21626,60,60,0,0
21627,72,73,-1,1
21628,84,86,-2,2
21629,123,118,5,5
21630,58,70,-12,12
21631,58,60,-2,2
21632,71,64,7,7
21633,97,89,8,8
21634,61,64,-3,3
21635,57,63,-6,6
21636,172,160,12,12
21637,62,67,-5,5
21638,112,104,8,8
21639,126,117,9,9
21640,85,82,3,3
21641,105,112,-7,7
21642,100,98,2,2
21643,117,125,-8,8
21644,76,84,-8,8
21645,85,81,4,4
21646,187,153,34,34
21647,145,134,11,11
21648,64,74,-10,10
21649,107,97,10,10
21650,140,132,8,8
21651,46,55,-9,9
21652,63,62,1,1
21653,93,89,4,4
21654,111,110,1,1
21655,60,63,-3,3
21656,120,112,8,8
21657,67,72,-5,5
21658,157,144,13,13
21659,133,128,5,5
21660,112,117,-5,5
21661,119,129,-10,10
21662,86,84,2,2
21663,128,126,2,2
21664,109,99,10,10
21665,133,121,12,12
21666,62,60,2,2
21667,167,149,18,18
21668,122,109,13,13
21669,42,34,8,8
21670,66,67,-1,1
21671,110,104,6,6
21672,84,95,-11,11
21673,115,108,7,7
21674,174,157,17,17
21675,85,83,2,2
21676,100,94,6,6
21677,56,62,-6,6
21678,72,69,3,3
21679,87,88,-1,1
21680,70,87,-17,17
21681,76,74,2,2
21682,89,85,4,4
21683,69,69,0,0
21684,175,153,22,22
21685,191,165,26,26
21686,66,64,2,2
21687,145,138,7,7
21688,127,110,17,17
21689,54,52,2,2
21690,70,65,5,5
21691,67,67,0,0
21692,77,75,2,2
21693,119,125,-6,6
21694,38,50,-12,12
21695,77,76,1,1
21696,49,49,0,0
21697,63,77,-14,14
21698,40,34,6,6
21699,69,77,-8,8
21700,35,34,1,1
21701,93,87,6,6
21702,61,76,-15,15
21703,50,49,1,1
21704,113,113,0,0
21705,123,107,16,16
21706,75,74,1,1
21707,94,88,6,6
21708,71,76,-5,5
21709,114,116,-2,2
21710,68,64,4,4
21711,129,133,-4,4
21712,61,55,6,6
21713,92,86,6,6
21714,76,69,7,7
21715,106,92,14,14
21716,123,115,8,8
21717,89,89,0,0
21718,88,90,-2,2
21719,48,58,-10,10
21720,87,89,-2,2
21721,53,63,-10,10
21722,120,110,10,10
21723,105,105,0,0
21724,117,106,11,11
21725,128,117,11,11
21726,173,154,19,19
21727,85,87,-2,2
21728,97,90,7,7
21729,101,94,7,7
21730,67,71,-4,4
21731,71,74,-3,3
21732,89,79,10,10
21733,85,91,-6,6
21734,83,82,1,1
21735,78,73,5,5
21736,76,73,3,3
21737,115,107,8,8
21738,68,67,1,1
21739,75,70,5,5
21740,106,93,13,13
21741,76,74,2,2
21742,123,114,9,9
21743,82,84,-2,2
21744,82,85,-3,3
21745,162,149,13,13
21746,64,71,-7,7
21747,66,60,6,6
21748,48,39,9,9
21749,86,90,-4,4
21750,59,69,-10,10
21751,118,108,10,10
21752,75,74,1,1
21753,138,122,16,16
21754,50,51,-1,1
21755,96,82,14,14
21756,68,69,-1,1
21757,83,85,-2,2
21758,93,106,-13,13
21759,78,83,-5,5
21760,45,35,10,10
21761,85,84,1,1
21762,123,108,15,15
21763,42,49,-7,7
21764,84,80,4,4
21765,123,115,8,8
21766,45,56,-11,11
21767,88,85,3,3
21768,85,83,2,2
21769,79,69,10,10
21770,75,75,0,0
21771,125,118,7,7
21772,33,36,-3,3
21773,84,85,-1,1
21774,117,118,-1,1
21775,79,80,-1,1
21776,190,179,11,11
21777,112,111,1,1
21778,86,88,-2,2
21779,115,106,9,9
21780,74,72,2,2
21781,85,85,0,0
21782,28,32,-4,4
21783,45,47,-2,2
21784,115,108,7,7
21785,92,85,7,7
21786,78,73,5,5
21787,129,121,8,8
21788,119,108,11,11
21789,78,76,2,2
21790,78,66,12,12
21791,211,185,26,26
21792,95,98,-3,3
21793,101,95,6,6
21794,163,146,17,17
21795,168,152,16,16
21796,109,105,4,4
21797,98,102,-4,4
21798,61,62,-1,1
21799,131,129,2,2
21800,74,74,0,0
21801,66,74,-8,8
21802,130,118,12,12
21803,71,70,1,1
21804,135,133,2,2
21805,88,80,8,8
21806,150,163,-13,13
21807,152,131,21,21
21808,117,97,20,20
21809,133,127,6,6
21810,77,77,0,0
21811,75,69,6,6
21812,63,61,2,2
21813,73,70,3,3
21814,72,72,0,0
21815,62,78,-16,16
21816,98,98,0,0
21817,103,95,8,8
21818,167,178,-11,11
21819,73,78,-5,5
21820,68,66,2,2
21821,104,100,4,4
21822,96,96,0,0
21823,165,156,9,9
21824,128,123,5,5
21825,147,135,12,12
21826,139,134,5,5
21827,156,136,20,20
21828,86,88,-2,2
21829,78,76,2,2
21830,78,74,4,4
21831,89,82,7,7
21832,115,105,10,10
21833,122,115,7,7
21834,47,61,-14,14
21835,60,72,-12,12
21836,87,95,-8,8
21837,77,76,1,1
21838,115,100,15,15
21839,105,92,13,13
21840,120,115,5,5
21841,95,80,15,15
21842,103,95,8,8
21843,57,59,-2,2
21844,132,119,13,13
21845,118,100,18,18
21846,134,114,20,20
21847,85,92,-7,7
21848,130,132,-2,2
21849,107,110,-3,3
21850,112,106,6,6
21851,63,65,-2,2
21852,176,160,16,16
21853,83,78,5,5
21854,88,95,-7,7
21855,141,121,20,20
21856,121,113,8,8
21857,119,108,11,11
21858,51,61,-10,10
21859,60,64,-4,4
21860,103,85,18,18
21861,122,110,12,12
21862,79,78,1,1
21863,103,93,10,10
21864,86,79,7,7
21865,58,68,-10,10
21866,103,101,2,2
21867,89,82,7,7
21868,94,87,7,7
21869,115,112,3,3
21870,151,165,-14,14
21871,97,93,4,4
21872,88,84,4,4
21873,78,77,1,1
21874,79,74,5,5
21875,51,38,13,13
21876,77,89,-12,12
21877,98,85,13,13
21878,160,133,27,27
21879,114,111,3,3
21880,95,97,-2,2
21881,77,79,-2,2
21882,75,76,-1,1
21883,142,131,11,11
21884,72,74,-2,2
21885,150,131,19,19
21886,67,73,-6,6
21887,104,101,3,3
21888,95,96,-1,1
21889,116,107,9,9
21890,43,74,-31,31
21891,98,95,3,3
21892,85,76,9,9
21893,93,87,6,6
21894,106,99,7,7
21895,99,94,5,5
21896,179,163,16,16
21897,61,76,-15,15
21898,77,77,0,0
21899,64,65,-1,1
21900,90,92,-2,2
21901,106,109,-3,3
21902,67,67,0,0
21903,102,96,6,6
21904,94,49,45,45
21905,92,85,7,7
21906,81,74,7,7
21907,84,79,5,5
21908,131,132,-1,1
21909,96,94,2,2
21910,89,82,7,7
21911,107,100,7,7
21912,73,79,-6,6
21913,81,74,7,7
21914,69,76,-7,7
21915,73,74,-1,1
21916,150,145,5,5
21917,115,101,14,14
21918,90,83,7,7
21919,63,74,-11,11
21920,138,122,16,16
21921,125,125,0,0
21922,111,106,5,5
21923,124,108,16,16
21924,37,36,1,1
21925,114,112,2,2
21926,67,68,-1,1
21927,116,112,4,4
21928,134,138,-4,4
21929,58,63,-5,5
21930,75,72,3,3
21931,119,111,8,8
21932,94,85,9,9
21933,72,68,4,4
21934,144,139,5,5
21935,86,84,2,2
21936,112,106,6,6
21937,57,59,-2,2
21938,121,126,-5,5
21939,118,109,9,9
21940,79,77,2,2
21941,53,54,-1,1
21942,61,55,6,6
21943,90,93,-3,3
21944,114,111,3,3
21945,101,100,1,1
21946,180,168,12,12
21947,136,145,-9,9
21948,100,97,3,3
21949,107,104,3,3
21950,95,96,-1,1
21951,75,76,-1,1
21952,86,91,-5,5
21953,71,77,-6,6
21954,126,123,3,3
21955,125,116,9,9
21956,162,151,11,11
21957,71,75,-4,4
21958,60,59,1,1
21959,118,120,-2,2
21960,104,82,22,22
21961,117,109,8,8
21962,144,130,14,14
21963,78,83,-5,5
21964,95,92,3,3
21965,157,142,15,15
21966,70,73,-3,3
21967,68,72,-4,4
21968,125,116,9,9
21969,111,92,19,19
21970,112,101,11,11
21971,118,100,18,18
21972,71,64,7,7
21973,126,108,18,18
21974,96,91,5,5
21975,59,57,2,2
21976,82,89,-7,7
21977,101,106,-5,5
21978,80,83,-3,3
21979,61,62,-1,1
21980,89,92,-3,3
21981,107,92,15,15
21982,55,60,-5,5
21983,99,93,6,6
21984,131,133,-2,2
21985,80,75,5,5
21986,110,91,19,19
21987,94,92,2,2
21988,32,29,3,3
21989,105,100,5,5
21990,103,104,-1,1
21991,152,149,3,3
21992,136,118,18,18
21993,78,74,4,4
21994,68,65,3,3
21995,68,77,-9,9
21996,36,33,3,3
21997,111,111,0,0
21998,64,61,3,3
21999,70,71,-1,1
22000,89,86,3,3
22001,103,97,6,6
22002,79,76,3,3
22003,175,167,8,8
22004,103,108,-5,5
22005,84,81,3,3
22006,79,75,4,4
22007,93,95,-2,2
22008,124,118,6,6
22009,106,103,3,3
22010,144,126,18,18
22011,100,96,4,4
22012,70,73,-3,3
22013,122,124,-2,2
22014,101,97,4,4
22015,125,115,10,10
22016,94,89,5,5
22017,134,137,-3,3
22018,69,71,-2,2
22019,119,104,15,15
22020,106,95,11,11
22021,122,118,4,4
22022,54,56,-2,2
22023,89,86,3,3
22024,76,90,-14,14
22025,86,85,1,1
22026,144,124,20,20
22027,93,81,12,12
22028,105,106,-1,1
22029,101,99,2,2
22030,81,89,-8,8
22031,85,82,3,3
22032,157,132,25,25
22033,112,113,-1,1
22034,76,79,-3,3
22035,85,92,-7,7
22036,141,119,22,22
22037,87,90,-3,3
22038,71,77,-6,6
22039,104,106,-2,2
22040,73,75,-2,2
22041,143,130,13,13
22042,92,96,-4,4
22043,80,84,-4,4
22044,98,99,-1,1
22045,80,75,5,5
22046,54,62,-8,8
22047,134,140,-6,6
22048,70,67,3,3
22049,114,109,5,5
22050,80,70,10,10
22051,90,85,5,5
22052,82,87,-5,5
22053,103,95,8,8
22054,82,78,4,4
22055,92,86,6,6
22056,82,79,3,3
22057,66,70,-4,4
22058,124,155,-31,31
22059,61,68,-7,7
22060,63,70,-7,7
22061,91,92,-1,1
22062,72,71,1,1
22063,54,66,-12,12
22064,87,84,3,3
22065,104,110,-6,6
22066,61,65,-4,4
22067,125,107,18,18
22068,129,129,0,0
22069,33,37,-4,4
22070,97,96,1,1
22071,73,84,-11,11
22072,154,134,20,20
22073,74,71,3,3
22074,125,122,3,3
22075,54,58,-4,4
22076,68,74,-6,6
22077,91,85,6,6
22078,68,68,0,0
22079,92,101,-9,9
22080,117,101,16,16
22081,98,108,-10,10
22082,124,107,17,17
22083,71,75,-4,4
22084,66,68,-2,2
22085,37,37,0,0
22086,108,100,8,8
22087,59,61,-2,2
22088,84,83,1,1
22089,162,143,19,19
22090,108,107,1,1
22091,120,110,10,10
22092,102,106,-4,4
22093,68,79,-11,11
22094,146,122,24,24
22095,116,114,2,2
22096,66,69,-3,3
22097,67,71,-4,4
22098,46,58,-12,12
22099,92,82,10,10
22100,150,128,22,22
22101,58,55,3,3
22102,103,106,-3,3
22103,112,99,13,13
22104,90,97,-7,7
22105,98,95,3,3
22106,54,62,-8,8
22107,76,79,-3,3
22108,77,81,-4,4
22109,111,103,8,8
22110,118,116,2,2
22111,125,117,8,8
22112,94,97,-3,3
22113,73,76,-3,3
22114,173,162,11,11
22115,155,150,5,5
22116,120,125,-5,5
22117,86,76,10,10
22118,115,106,9,9
22119,149,131,18,18
22120,68,84,-16,16
22121,130,108,22,22
22122,65,71,-6,6
22123,63,52,11,11
22124,39,34,5,5
22125,82,79,3,3
22126,74,67,7,7
22127,57,68,-11,11
22128,105,106,-1,1
22129,106,102,4,4
22130,126,143,-17,17
22131,113,107,6,6
22132,109,107,2,2
22133,95,96,-1,1
22134,86,77,9,9
22135,99,94,5,5
22136,65,70,-5,5
22137,70,72,-2,2
22138,66,66,0,0
22139,45,45,0,0
22140,77,78,-1,1
22141,50,59,-9,9
22142,105,100,5,5
22143,101,108,-7,7
22144,62,69,-7,7
22145,82,89,-7,7
22146,69,64,5,5
22147,122,133,-11,11
22148,147,139,8,8
22149,220,200,20,20
22150,69,70,-1,1
22151,93,86,7,7
22152,111,105,6,6
22153,152,148,4,4
22154,124,120,4,4
22155,43,34,9,9
22156,112,95,17,17
22157,83,81,2,2
22158,140,131,9,9
22159,110,104,6,6
22160,71,78,-7,7
22161,96,108,-12,12
22162,148,145,3,3
22163,53,34,19,19
22164,120,107,13,13
22165,188,181,7,7
22166,29,34,-5,5
22167,117,111,6,6
22168,104,98,6,6
22169,81,77,4,4
22170,124,121,3,3
22171,103,112,-9,9
22172,139,134,5,5
22173,79,69,10,10
22174,133,119,14,14
22175,112,111,1,1
22176,99,105,-6,6
22177,101,95,6,6
22178,75,68,7,7
22179,110,103,7,7
22180,121,116,5,5
22181,110,110,0,0
22182,68,83,-15,15
22183,99,91,8,8
22184,67,75,-8,8
22185,72,78,-6,6
22186,151,130,21,21
22187,87,90,-3,3
22188,83,86,-3,3
22189,58,73,-15,15
22190,56,59,-3,3
22191,72,69,3,3
22192,91,86,5,5
22193,61,61,0,0
22194,95,81,14,14
22195,101,93,8,8
22196,98,90,8,8
22197,128,128,0,0
22198,183,164,19,19
22199,68,70,-2,2
22200,97,92,5,5
22201,74,74,0,0
22202,127,121,6,6
22203,91,85,6,6
22204,95,90,5,5
22205,83,80,3,3
22206,130,122,8,8
22207,143,75,68,68
22208,68,77,-9,9
22209,72,70,2,2
22210,81,80,1,1
22211,63,68,-5,5
22212,92,84,8,8
22213,70,82,-12,12
22214,114,117,-3,3
22215,119,112,7,7
22216,130,124,6,6
22217,94,92,2,2
22218,104,105,-1,1
22219,99,101,-2,2
22220,55,70,-15,15
22221,111,109,2,2
22222,101,89,12,12
22223,86,84,2,2
22224,89,89,0,0
22225,91,107,-16,16
22226,140,133,7,7
22227,74,76,-2,2
22228,82,80,2,2
22229,103,85,18,18
22230,104,93,11,11
22231,75,82,-7,7
22232,92,98,-6,6
22233,53,59,-6,6
22234,74,84,-10,10
22235,38,34,4,4
22236,141,130,11,11
22237,91,87,4,4
22238,97,89,8,8
22239,115,106,9,9
22240,141,133,8,8
22241,72,81,-9,9
22242,87,91,-4,4
22243,114,109,5,5
22244,96,86,10,10
22245,68,79,-11,11
22246,123,124,-1,1
22247,91,86,5,5
22248,91,84,7,7
22249,116,116,0,0
22250,49,71,-22,22
22251,57,59,-2,2
22252,124,122,2,2
22253,88,95,-7,7
22254,129,122,7,7
22255,55,57,-2,2
22256,188,164,24,24
22257,64,68,-4,4
22258,71,73,-2,2
22259,45,43,2,2
22260,93,100,-7,7
22261,68,68,0,0
22262,161,166,-5,5
22263,69,79,-10,10
22264,113,113,0,0
22265,74,84,-10,10
22266,58,63,-5,5
22267,149,147,2,2
22268,49,52,-3,3
22269,96,92,4,4
22270,122,110,12,12
22271,92,83,9,9
22272,124,124,0,0
22273,93,93,0,0
22274,149,145,4,4
22275,179,163,16,16
22276,147,143,4,4
22277,121,118,3,3
22278,62,63,-1,1
22279,50,53,-3,3
22280,54,55,-1,1
22281,104,94,10,10
22282,73,70,3,3
22283,101,101,0,0
22284,71,75,-4,4
22285,90,86,4,4
22286,71,70,1,1
22287,72,75,-3,3
22288,61,86,-25,25
22289,65,64,1,1
22290,81,80,1,1
22291,37,52,-15,15
22292,65,70,-5,5
22293,128,116,12,12
22294,55,83,-28,28
22295,55,68,-13,13
22296,131,113,18,18
22297,67,64,3,3
22298,138,132,6,6
22299,66,66,0,0
22300,62,63,-1,1
22301,187,173,14,14
22302,127,114,13,13
22303,105,105,0,0
22304,78,78,0,0
22305,94,89,5,5
22306,94,91,3,3
22307,108,106,2,2
22308,135,125,10,10
22309,78,74,4,4
22310,87,88,-1,1
22311,59,61,-2,2
22312,134,143,-9,9
22313,89,84,5,5
22314,79,79,0,0
22315,27,34,-7,7
22316,74,65,9,9
22317,56,63,-7,7
22318,121,122,-1,1
22319,88,91,-3,3
22320,145,142,3,3
22321,99,98,1,1
22322,127,111,16,16
22323,85,83,2,2
22324,91,75,16,16
22325,184,180,4,4
22326,76,75,1,1
22327,86,85,1,1
22328,88,81,7,7
22329,156,143,13,13
22330,106,104,2,2
22331,102,91,11,11
22332,106,100,6,6
22333,87,88,-1,1
22334,60,65,-5,5
22335,82,79,3,3
22336,112,101,11,11
22337,118,118,0,0
22338,75,68,7,7
22339,94,95,-1,1
22340,57,67,-10,10
22341,96,91,5,5
22342,67,67,0,0
22343,78,90,-12,12
22344,114,101,13,13
22345,70,69,1,1
22346,60,64,-4,4
22347,91,86,5,5
22348,86,78,8,8
22349,84,84,0,0
22350,75,74,1,1
22351,133,136,-3,3
22352,193,165,28,28
22353,68,70,-2,2
22354,139,131,8,8
22355,57,75,-18,18
22356,110,108,2,2
22357,83,95,-12,12
22358,159,131,28,28
22359,110,104,6,6
22360,150,129,21,21
22361,95,99,-4,4
22362,139,122,17,17
22363,72,67,5,5
22364,147,130,17,17
22365,89,80,9,9
22366,136,127,9,9
22367,47,34,13,13
22368,158,152,6,6
22369,111,114,-3,3
22370,99,90,9,9
22371,112,105,7,7
22372,82,88,-6,6
22373,38,34,4,4
22374,82,79,3,3
22375,80,81,-1,1
22376,119,104,15,15
22377,68,73,-5,5
22378,117,110,7,7
22379,76,74,2,2
22380,94,91,3,3
22381,68,71,-3,3
22382,49,43,6,6
22383,59,62,-3,3
22384,135,135,0,0
22385,111,107,4,4
22386,102,91,11,11
22387,118,118,0,0
22388,90,85,5,5
22389,62,67,-5,5
22390,104,96,8,8
22391,120,108,12,12
22392,105,104,1,1
22393,131,124,7,7
22394,103,109,-6,6
22395,117,109,8,8
22396,92,87,5,5
22397,70,73,-3,3
22398,108,106,2,2
22399,71,70,1,1
22400,58,68,-10,10
22401,91,77,14,14
22402,98,91,7,7
22403,40,50,-10,10
22404,92,80,12,12
22405,100,101,-1,1
22406,138,140,-2,2
22407,132,114,18,18
22408,101,105,-4,4
22409,71,76,-5,5
22410,86,84,2,2
22411,107,100,7,7
22412,85,84,1,1
22413,68,72,-4,4
22414,80,80,0,0
22415,125,114,11,11
22416,99,87,12,12
22417,122,111,11,11
22418,190,165,25,25
22419,109,91,18,18
22420,83,74,9,9
22421,121,135,-14,14
22422,79,87,-8,8
22423,142,151,-9,9
22424,63,64,-1,1
22425,66,67,-1,1
22426,114,99,15,15
22427,80,76,4,4
22428,72,71,1,1
22429,190,178,12,12
22430,91,88,3,3
22431,152,138,14,14
22432,74,65,9,9
22433,88,91,-3,3
22434,181,176,5,5
22435,118,115,3,3
22436,131,120,11,11
22437,64,103,-39,39
22438,86,86,0,0
22439,74,85,-11,11
22440,79,79,0,0
22441,99,95,4,4
22442,169,159,10,10
22443,68,62,6,6
22444,79,76,3,3
22445,181,159,22,22
22446,119,106,13,13
22447,120,110,10,10
22448,67,74,-7,7
22449,67,76,-9,9
22450,76,73,3,3
22451,87,84,3,3
22452,91,91,0,0
22453,161,142,19,19
22454,58,60,-2,2
22455,57,61,-4,4
22456,95,85,10,10
22457,63,68,-5,5
22458,64,65,-1,1
22459,55,62,-7,7
22460,136,138,-2,2
22461,107,102,5,5
22462,83,88,-5,5
22463,52,62,-10,10
22464,127,134,-7,7
22465,90,90,0,0
22466,141,128,13,13
22467,87,91,-4,4
22468,99,96,3,3
22469,67,67,0,0
22470,79,81,-2,2
22471,102,99,3,3
22472,168,165,3,3
22473,154,147,7,7
22474,118,113,5,5
22475,68,77,-9,9
22476,109,107,2,2
22477,41,34,7,7
22478,65,72,-7,7
22479,108,102,6,6
22480,26,33,-7,7
22481,99,103,-4,4
22482,137,132,5,5
22483,180,170,10,10
22484,223,179,44,44
22485,103,99,4,4
22486,91,89,2,2
22487,120,110,10,10
22488,73,72,1,1
22489,69,76,-7,7
22490,76,75,1,1
22491,73,66,7,7
22492,41,34,7,7
22493,143,145,-2,2
22494,121,131,-10,10
22495,97,105,-8,8
22496,86,94,-8,8
22497,80,84,-4,4
22498,105,112,-7,7
22499,111,94,17,17
22500,133,135,-2,2
22501,120,114,6,6
22502,156,157,-1,1
22503,100,105,-5,5
22504,41,39,2,2
22505,94,98,-4,4
22506,59,60,-1,1
22507,71,72,-1,1
22508,68,71,-3,3
22509,102,90,12,12
22510,134,127,7,7
22511,60,57,3,3
22512,169,137,32,32
22513,80,84,-4,4
22514,126,145,-19,19
22515,146,130,16,16
22516,128,129,-1,1
22517,67,67,0,0
22518,92,96,-4,4
22519,72,74,-2,2
22520,79,80,-1,1
22521,102,93,9,9
22522,62,64,-2,2
22523,59,64,-5,5
22524,116,100,16,16
22525,96,91,5,5
22526,86,84,2,2
22527,68,78,-10,10
22528,90,92,-2,2
22529,90,81,9,9
22530,141,126,15,15
22531,109,104,5,5
22532,51,70,-19,19
22533,107,97,10,10
22534,130,121,9,9
22535,103,99,4,4
22536,49,61,-12,12
22537,106,97,9,9
22538,87,84,3,3
22539,68,68,0,0
22540,88,86,2,2
22541,79,83,-4,4
22542,104,94,10,10
22543,94,92,2,2
22544,123,108,15,15
22545,98,86,12,12
22546,123,114,9,9
22547,104,101,3,3
22548,60,68,-8,8
22549,70,75,-5,5
22550,89,84,5,5
22551,122,107,15,15
22552,55,58,-3,3
22553,141,127,14,14
22554,80,80,0,0
22555,97,94,3,3
22556,126,111,15,15
22557,73,76,-3,3
22558,63,73,-10,10
22559,151,132,19,19
22560,109,102,7,7
22561,161,152,9,9
22562,80,77,3,3
22563,126,109,17,17
22564,89,86,3,3
22565,95,87,8,8
22566,163,139,24,24
22567,121,108,13,13
22568,80,83,-3,3
22569,79,71,8,8
22570,94,88,6,6
22571,143,130,13,13
22572,95,89,6,6
22573,108,103,5,5
22574,94,94,0,0
22575,102,93,9,9
22576,84,87,-3,3
22577,80,78,2,2
22578,135,123,12,12
22579,98,86,12,12
22580,113,111,2,2
22581,85,97,-12,12
22582,97,91,6,6
22583,67,69,-2,2
22584,135,126,9,9
22585,31,31,0,0
22586,154,147,7,7
22587,136,128,8,8
22588,35,34,1,1
22589,145,130,15,15
22590,76,71,5,5
22591,89,92,-3,3
22592,84,90,-6,6
22593,82,95,-13,13
22594,76,73,3,3
22595,88,89,-1,1
22596,85,78,7,7
22597,109,113,-4,4
22598,165,152,13,13
22599,88,97,-9,9
22600,54,60,-6,6
22601,93,80,13,13
22602,66,70,-4,4
22603,75,77,-2,2
22604,55,59,-4,4
22605,72,76,-4,4
22606,113,107,6,6
22607,127,119,8,8
22608,53,50,3,3
22609,94,93,1,1
22610,90,90,0,0
22611,65,75,-10,10
22612,60,68,-8,8
22613,59,48,11,11
22614,107,100,7,7
22615,93,102,-9,9
22616,128,117,11,11
22617,55,60,-5,5
22618,93,91,2,2
22619,79,75,4,4
22620,148,129,19,19
22621,129,120,9,9
22622,51,62,-11,11
22623,92,91,1,1
22624,93,105,-12,12
22625,114,116,-2,2
22626,72,74,-2,2
22627,92,95,-3,3
22628,81,75,6,6
22629,69,77,-8,8
22630,93,86,7,7
22631,189,174,15,15
22632,71,74,-3,3
22633,87,84,3,3
22634,48,68,-20,20
22635,94,92,2,2
22636,116,127,-11,11
22637,62,72,-10,10
22638,240,210,30,30
22639,104,98,6,6
22640,80,87,-7,7
22641,66,60,6,6
22642,100,91,9,9
22643,133,125,8,8
22644,103,95,8,8
22645,137,137,0,0
22646,165,145,20,20
22647,125,117,8,8
22648,86,80,6,6
22649,95,89,6,6
22650,103,108,-5,5
22651,140,119,21,21
22652,95,95,0,0
22653,68,73,-5,5
22654,52,57,-5,5
22655,77,74,3,3
22656,121,110,11,11
22657,107,105,2,2
22658,98,92,6,6
22659,100,93,7,7
22660,81,80,1,1
22661,46,41,5,5
22662,162,155,7,7
22663,136,127,9,9
22664,85,88,-3,3
22665,83,75,8,8
22666,135,120,15,15
22667,39,33,6,6
22668,61,63,-2,2
22669,73,63,10,10
22670,87,76,11,11
22671,76,78,-2,2
22672,84,99,-15,15
22673,94,83,11,11
22674,163,160,3,3
22675,80,85,-5,5
22676,86,102,-16,16
22677,152,135,17,17
22678,100,106,-6,6
22679,75,72,3,3
22680,92,86,6,6
22681,84,81,3,3
22682,144,132,12,12
22683,69,68,1,1
22684,109,109,0,0
22685,109,93,16,16
22686,88,74,14,14
22687,67,70,-3,3
22688,115,106,9,9
22689,125,127,-2,2
22690,95,96,-1,1
22691,87,84,3,3
22692,98,95,3,3
22693,83,92,-9,9
22694,101,96,5,5
22695,51,45,6,6
22696,108,103,5,5
22697,136,133,3,3
22698,208,204,4,4
22699,121,114,7,7
22700,84,77,7,7
22701,86,79,7,7
22702,148,148,0,0
22703,110,112,-2,2
22704,117,113,4,4
22705,96,95,1,1
22706,69,69,0,0
22707,137,128,9,9
22708,66,63,3,3
22709,89,75,14,14
22710,44,51,-7,7
22711,136,124,12,12
22712,128,110,18,18
22713,73,75,-2,2
22714,155,151,4,4
22715,89,76,13,13
22716,87,74,13,13
22717,147,135,12,12
22718,64,65,-1,1
22719,37,34,3,3
22720,122,114,8,8
22721,44,47,-3,3
22722,126,119,7,7
22723,60,69,-9,9
22724,148,138,10,10
22725,134,125,9,9
22726,87,78,9,9
22727,135,137,-2,2
22728,90,88,2,2
22729,60,60,0,0
22730,86,75,11,11
22731,150,145,5,5
22732,59,75,-16,16
22733,111,99,12,12
22734,54,55,-1,1
22735,158,139,19,19
22736,135,116,19,19
22737,32,34,-2,2
22738,63,64,-1,1
22739,117,96,21,21
22740,83,85,-2,2
22741,54,61,-7,7
22742,151,139,12,12
22743,64,67,-3,3
22744,44,48,-4,4
22745,138,129,9,9
22746,48,62,-14,14
22747,123,108,15,15
22748,97,97,0,0
22749,59,62,-3,3
22750,96,95,1,1
22751,19,29,-10,10
22752,112,106,6,6
22753,131,137,-6,6
22754,153,151,2,2
22755,100,97,3,3
22756,183,172,11,11
22757,121,111,10,10
22758,129,119,10,10
22759,93,101,-8,8
22760,89,90,-1,1
22761,92,89,3,3
22762,81,100,-19,19
22763,133,121,12,12
22764,77,84,-7,7
22765,63,67,-4,4
22766,66,63,3,3
22767,74,84,-10,10
22768,150,148,2,2
22769,76,83,-7,7
22770,68,64,4,4
22771,73,72,1,1
22772,93,87,6,6
22773,90,77,13,13
22774,81,94,-13,13
22775,59,53,6,6
22776,160,137,23,23
22777,47,43,4,4
22778,109,130,-21,21
22779,133,123,10,10
22780,114,113,1,1
22781,89,78,11,11
22782,86,79,7,7
22783,95,87,8,8
22784,149,150,-1,1
22785,86,80,6,6
22786,112,108,4,4
22787,61,102,-41,41
22788,32,34,-2,2
22789,141,134,7,7
22790,106,98,8,8
22791,62,68,-6,6
22792,98,95,3,3
22793,169,136,33,33
22794,75,86,-11,11
22795,113,106,7,7
22796,69,72,-3,3
22797,54,61,-7,7
22798,72,78,-6,6
22799,140,140,0,0
22800,86,89,-3,3
22801,106,101,5,5
22802,81,80,1,1
22803,109,98,11,11
22804,120,102,18,18
22805,103,93,10,10
22806,201,171,30,30
22807,115,131,-16,16
22808,94,81,13,13
22809,110,120,-10,10
22810,90,89,1,1
22811,117,105,12,12
22812,80,76,4,4
22813,136,128,8,8
22814,95,94,1,1
22815,121,103,18,18
22816,38,34,4,4
22817,100,89,11,11
22818,83,85,-2,2
22819,102,96,6,6
22820,100,94,6,6
22821,67,71,-4,4
22822,88,114,-26,26
22823,68,67,1,1
22824,145,138,7,7
22825,86,81,5,5
22826,107,96,11,11
22827,85,93,-8,8
22828,102,101,1,1
22829,132,126,6,6
22830,61,62,-1,1
22831,70,66,4,4
22832,91,90,1,1
22833,139,133,6,6
22834,51,53,-2,2
22835,39,34,5,5
22836,100,87,13,13
22837,93,92,1,1
22838,89,93,-4,4
22839,92,97,-5,5
22840,35,34,1,1
22841,93,85,8,8
22842,64,65,-1,1
22843,62,58,4,4
22844,102,85,17,17
22845,101,95,6,6
22846,93,90,3,3
22847,63,66,-3,3
22848,88,86,2,2
22849,80,83,-3,3
22850,134,100,34,34
22851,77,76,1,1
22852,73,74,-1,1
22853,57,62,-5,5
22854,118,88,30,30
22855,134,129,5,5
22856,127,120,7,7
22857,88,85,3,3
22858,91,85,6,6
22859,110,106,4,4
22860,46,44,2,2
22861,105,98,7,7
22862,103,104,-1,1
22863,108,96,12,12
22864,93,97,-4,4
22865,75,79,-4,4
22866,131,124,7,7
22867,130,128,2,2
22868,89,86,3,3
22869,49,101,-52,52
22870,120,119,1,1
22871,151,155,-4,4
22872,92,86,6,6
22873,77,82,-5,5
22874,126,129,-3,3
22875,100,97,3,3
22876,54,61,-7,7
22877,110,98,12,12
22878,133,126,7,7
22879,119,120,-1,1
22880,126,111,15,15
22881,42,34,8,8
22882,63,66,-3,3
22883,170,161,9,9
22884,68,78,-10,10
22885,114,104,10,10
22886,115,98,17,17
22887,64,70,-6,6
22888,90,88,2,2
22889,126,110,16,16
22890,72,85,-13,13
22891,116,132,-16,16
22892,151,150,1,1
22893,98,84,14,14
22894,135,123,12,12
22895,132,116,16,16
22896,166,148,18,18
22897,109,102,7,7
22898,73,69,4,4
22899,43,44,-1,1
22900,60,62,-2,2
22901,95,97,-2,2
22902,185,164,21,21
22903,116,112,4,4
22904,120,116,4,4
22905,117,107,10,10
22906,80,87,-7,7
22907,54,60,-6,6
22908,94,92,2,2
22909,104,105,-1,1
22910,167,170,-3,3
22911,183,173,10,10
22912,125,123,2,2
22913,67,67,0,0
22914,127,110,17,17
22915,108,104,4,4
22916,110,105,5,5
22917,72,72,0,0
22918,76,76,0,0
22919,60,61,-1,1
22920,127,108,19,19
22921,60,59,1,1
22922,117,110,7,7
22923,62,65,-3,3
22924,98,87,11,11
22925,64,67,-3,3
22926,90,84,6,6
22927,155,148,7,7
22928,69,69,0,0
22929,91,84,7,7
22930,91,82,9,9
22931,97,87,10,10
22932,116,103,13,13
22933,100,99,1,1
22934,81,75,6,6
22935,77,76,1,1
22936,46,34,12,12
22937,86,95,-9,9
22938,98,90,8,8
22939,128,101,27,27
22940,53,56,-3,3
22941,86,84,2,2
22942,106,107,-1,1
22943,118,109,9,9
22944,132,130,2,2
22945,179,174,5,5
22946,72,69,3,3
22947,57,59,-2,2
22948,159,149,10,10
22949,56,65,-9,9
22950,90,97,-7,7
22951,84,87,-3,3
22952,120,121,-1,1
22953,99,86,13,13
22954,121,106,15,15
22955,96,96,0,0
22956,46,58,-12,12
22957,84,91,-7,7
22958,79,78,1,1
22959,165,149,16,16
22960,72,75,-3,3
22961,75,76,-1,1
22962,116,113,3,3
22963,117,119,-2,2
22964,95,86,9,9
22965,138,139,-1,1
22966,64,68,-4,4
22967,70,73,-3,3
22968,51,53,-2,2
22969,74,85,-11,11
22970,105,100,5,5
22971,137,132,5,5
22972,93,89,4,4
22973,72,77,-5,5
22974,83,79,4,4
22975,113,103,10,10
22976,97,91,6,6
22977,76,75,1,1
22978,65,65,0,0
22979,159,146,13,13
22980,72,72,0,0
22981,127,113,14,14
22982,94,88,6,6
22983,83,81,2,2
22984,84,87,-3,3
22985,60,65,-5,5
22986,100,101,-1,1
22987,108,107,1,1
22988,118,111,7,7
22989,76,75,1,1
22990,87,77,10,10
22991,50,54,-4,4
22992,38,34,4,4
22993,146,125,21,21
22994,114,109,5,5
22995,52,56,-4,4
22996,84,85,-1,1
22997,122,123,-1,1
22998,102,95,7,7
22999,181,163,18,18
23000,98,89,9,9
23001,39,34,5,5
23002,84,70,14,14
23003,145,111,34,34
23004,124,124,0,0
23005,110,114,-4,4
23006,57,62,-5,5
23007,88,80,8,8
23008,64,65,-1,1
23009,195,178,17,17
23010,131,132,-1,1
23011,124,117,7,7
23012,79,95,-16,16
23013,66,67,-1,1
23014,100,104,-4,4
23015,82,76,6,6
23016,81,84,-3,3
23017,85,80,5,5
23018,192,185,7,7
23019,112,110,2,2
23020,166,151,15,15
23021,101,96,5,5
23022,82,74,8,8
23023,89,77,12,12
23024,94,86,8,8
23025,79,87,-8,8
23026,108,109,-1,1
23027,117,105,12,12
23028,123,114,9,9
23029,81,79,2,2
23030,87,80,7,7
23031,66,67,-1,1
23032,35,34,1,1
23033,102,91,11,11
23034,145,126,19,19
23035,62,63,-1,1
23036,121,109,12,12
23037,69,70,-1,1
23038,142,128,14,14
23039,74,68,6,6
23040,92,84,8,8
23041,63,61,2,2
23042,71,74,-3,3
23043,148,129,19,19
23044,72,79,-7,7
23045,75,73,2,2
23046,118,117,1,1
23047,103,105,-2,2
23048,136,116,20,20
23049,126,127,-1,1
23050,93,97,-4,4
23051,101,99,2,2
23052,133,120,13,13
23053,83,85,-2,2
23054,91,90,1,1
23055,52,50,2,2
23056,100,96,4,4
23057,88,86,2,2
23058,80,84,-4,4
23059,83,93,-10,10
23060,90,86,4,4
23061,69,98,-29,29
23062,85,78,7,7
23063,107,94,13,13
23064,103,92,11,11
23065,60,64,-4,4
23066,152,148,4,4
23067,40,34,6,6
23068,87,85,2,2
23069,78,73,5,5
23070,145,139,6,6
23071,47,49,-2,2
23072,139,122,17,17
23073,94,87,7,7
23074,138,147,-9,9
23075,115,96,19,19
23076,94,92,2,2
23077,106,100,6,6
23078,85,76,9,9
23079,82,77,5,5
23080,61,62,-1,1
23081,160,146,14,14
23082,157,158,-1,1
23083,87,91,-4,4
23084,135,120,15,15
23085,120,114,6,6
23086,104,97,7,7
23087,165,141,24,24
23088,88,87,1,1
23089,67,73,-6,6
23090,87,78,9,9
23091,66,71,-5,5
23092,74,72,2,2
23093,76,77,-1,1
23094,62,67,-5,5
23095,79,79,0,0
23096,91,89,2,2
23097,70,66,4,4
23098,148,131,17,17
23099,135,118,17,17
23100,74,80,-6,6
23101,78,75,3,3
23102,93,94,-1,1
23103,124,117,7,7
23104,129,131,-2,2
23105,98,91,7,7
23106,72,70,2,2
23107,53,61,-8,8
23108,138,130,8,8
23109,184,154,30,30
23110,85,85,0,0
23111,82,73,9,9
23112,105,110,-5,5
23113,99,92,7,7
23114,65,68,-3,3
23115,73,70,3,3
23116,66,64,2,2
23117,102,101,1,1
23118,85,78,7,7
23119,188,184,4,4
23120,81,214,-133,133
23121,124,115,9,9
23122,59,63,-4,4
23123,108,103,5,5
23124,92,97,-5,5
23125,100,94,6,6
23126,105,99,6,6
23127,93,91,2,2
23128,155,145,10,10
23129,71,69,2,2
23130,65,59,6,6
23131,94,89,5,5
23132,122,123,-1,1
23133,70,70,0,0
23134,65,67,-2,2
23135,160,148,12,12
23136,115,110,5,5
23137,134,130,4,4
23138,101,100,1,1
23139,105,99,6,6
23140,93,94,-1,1
23141,94,85,9,9
23142,82,77,5,5
23143,90,87,3,3
23144,78,70,8,8
23145,145,135,10,10
23146,120,112,8,8
23147,94,92,2,2
23148,95,85,10,10
23149,115,127,-12,12
23150,49,46,3,3
23151,134,132,2,2
23152,88,87,1,1
23153,82,85,-3,3
23154,67,63,4,4
23155,71,66,5,5
23156,56,70,-14,14
23157,88,80,8,8
23158,34,34,0,0
23159,62,75,-13,13
23160,82,84,-2,2
23161,111,113,-2,2
23162,48,48,0,0
23163,102,101,1,1
23164,143,130,13,13
23165,47,51,-4,4
23166,76,73,3,3
23167,119,114,5,5
23168,64,63,1,1
23169,72,68,4,4
23170,141,129,12,12
23171,64,60,4,4
23172,127,114,13,13
23173,72,73,-1,1
23174,111,104,7,7
23175,104,86,18,18
23176,77,83,-6,6
23177,133,132,1,1
23178,113,103,10,10
23179,110,107,3,3
23180,89,85,4,4
23181,125,118,7,7
23182,127,110,17,17
23183,68,63,5,5
23184,99,103,-4,4
23185,86,94,-8,8
23186,111,106,5,5
23187,118,104,14,14
23188,74,76,-2,2
23189,132,120,12,12
23190,99,90,9,9
23191,139,133,6,6
23192,107,104,3,3
23193,70,76,-6,6
23194,77,70,7,7
23195,101,102,-1,1
23196,103,99,4,4
23197,86,87,-1,1
23198,104,89,15,15
23199,100,106,-6,6
23200,150,136,14,14
23201,69,69,0,0
23202,129,119,10,10
23203,162,157,5,5
23204,111,118,-7,7
23205,133,123,10,10
23206,87,84,3,3
23207,74,81,-7,7
23208,95,100,-5,5
23209,110,115,-5,5
23210,124,119,5,5
23211,155,141,14,14
23212,74,66,8,8
23213,80,74,6,6
23214,90,84,6,6
23215,100,97,3,3
23216,112,99,13,13
23217,81,70,11,11
23218,73,77,-4,4
23219,122,116,6,6
23220,130,118,12,12
23221,129,117,12,12
23222,123,111,12,12
23223,84,85,-1,1
23224,63,67,-4,4
23225,144,128,16,16
23226,91,151,-60,60
23227,66,74,-8,8
23228,95,90,5,5
23229,129,122,7,7
23230,75,74,1,1
23231,152,177,-25,25
23232,119,83,36,36
23233,107,105,2,2
23234,184,168,16,16
23235,84,86,-2,2
23236,123,115,8,8
23237,167,142,25,25
23238,59,57,2,2
23239,68,74,-6,6
23240,119,95,24,24
23241,77,67,10,10
23242,70,79,-9,9
23243,79,74,5,5
23244,114,114,0,0
23245,75,76,-1,1
23246,64,59,5,5
23247,127,111,16,16
23248,52,59,-7,7
23249,67,61,6,6
23250,73,77,-4,4
23251,85,78,7,7
23252,63,67,-4,4
23253,88,78,10,10
23254,89,101,-12,12
23255,133,110,23,23
23256,82,82,0,0
23257,115,103,12,12
23258,97,99,-2,2
23259,81,91,-10,10
23260,102,91,11,11
23261,68,62,6,6
23262,64,63,1,1
23263,70,70,0,0
23264,73,77,-4,4
23265,59,67,-8,8
23266,136,127,9,9
23267,103,104,-1,1
23268,137,117,20,20
23269,73,75,-2,2
23270,83,84,-1,1
23271,95,85,10,10
23272,138,120,18,18
23273,86,79,7,7
23274,66,85,-19,19
23275,134,164,-30,30
23276,116,107,9,9
23277,70,71,-1,1
23278,118,108,10,10
23279,131,124,7,7
23280,40,63,-23,23
23281,82,80,2,2
23282,78,74,4,4
23283,97,86,11,11
23284,89,94,-5,5
23285,133,122,11,11
23286,76,72,4,4
23287,152,131,21,21
23288,92,87,5,5
23289,62,64,-2,2
23290,179,149,30,30
23291,127,112,15,15
23292,115,106,9,9
23293,54,69,-15,15
23294,136,115,21,21
23295,76,83,-7,7
23296,62,67,-5,5
23297,78,78,0,0
23298,182,160,22,22
23299,67,68,-1,1
23300,110,98,12,12
23301,92,83,9,9
23302,150,130,20,20
23303,122,125,-3,3
23304,62,70,-8,8
23305,109,100,9,9
23306,123,109,14,14
23307,107,106,1,1
23308,50,61,-11,11
23309,62,66,-4,4
23310,115,109,6,6
23311,41,39,2,2
23312,106,101,5,5
23313,58,60,-2,2
23314,67,65,2,2
23315,64,61,3,3
23316,71,91,-20,20
23317,83,89,-6,6
23318,157,166,-9,9
23319,90,91,-1,1
23320,100,107,-7,7
23321,92,93,-1,1
23322,87,99,-12,12
23323,76,87,-11,11
23324,101,106,-5,5
23325,56,53,3,3
23326,65,69,-4,4
23327,70,73,-3,3
23328,57,61,-4,4
23329,112,138,-26,26
23330,50,69,-19,19
23331,47,60,-13,13
23332,140,150,-10,10
23333,51,52,-1,1
23334,61,73,-12,12
23335,78,77,1,1
23336,70,66,4,4
23337,98,89,9,9
23338,152,135,17,17
23339,99,100,-1,1
23340,93,97,-4,4
23341,90,87,3,3
23342,51,57,-6,6
23343,94,85,9,9
23344,82,85,-3,3
23345,137,118,19,19
23346,85,88,-3,3
23347,131,132,-1,1
23348,110,99,11,11
23349,70,68,2,2
23350,99,103,-4,4
23351,146,130,16,16
23352,37,34,3,3
23353,94,85,9,9
23354,124,117,7,7
23355,91,102,-11,11
23356,85,85,0,0
23357,58,64,-6,6
23358,78,86,-8,8
23359,62,68,-6,6
23360,51,57,-6,6
23361,85,88,-3,3
23362,64,67,-3,3
23363,108,113,-5,5
23364,89,91,-2,2
23365,120,115,5,5
23366,131,112,19,19
23367,50,57,-7,7
23368,109,104,5,5
23369,82,79,3,3
23370,115,104,11,11
23371,121,108,13,13
23372,193,178,15,15
23373,66,69,-3,3
23374,125,112,13,13
23375,64,67,-3,3
23376,105,94,11,11
23377,47,55,-8,8
23378,57,72,-15,15
23379,105,94,11,11
23380,124,119,5,5
23381,90,93,-3,3
23382,126,111,15,15
23383,89,96,-7,7
23384,122,111,11,11
23385,116,109,7,7
23386,80,73,7,7
23387,92,85,7,7
23388,62,84,-22,22
23389,144,137,7,7
23390,45,57,-12,12
23391,139,135,4,4
23392,117,107,10,10
23393,99,98,1,1
23394,98,92,6,6
23395,87,88,-1,1
23396,171,143,28,28
23397,127,104,23,23
23398,114,104,10,10
23399,100,101,-1,1
23400,71,78,-7,7
23401,143,124,19,19
23402,84,81,3,3
23403,89,84,5,5
23404,85,84,1,1
23405,69,69,0,0
23406,145,151,-6,6
23407,115,113,2,2
23408,116,113,3,3
23409,114,111,3,3
23410,58,55,3,3
23411,79,75,4,4
23412,73,74,-1,1
23413,114,115,-1,1
23414,140,139,1,1
23415,92,97,-5,5
23416,111,109,2,2
23417,131,134,-3,3
23418,76,77,-1,1
23419,94,93,1,1
23420,91,97,-6,6
23421,76,73,3,3
23422,115,104,11,11
23423,65,64,1,1
23424,113,116,-3,3
23425,85,91,-6,6
23426,214,216,-2,2
23427,211,192,19,19
23428,41,40,1,1
23429,78,75,3,3
23430,161,147,14,14
23431,79,74,5,5
23432,51,60,-9,9
23433,103,106,-3,3
23434,73,76,-3,3
23435,55,64,-9,9
23436,136,113,23,23
23437,131,129,2,2
23438,77,78,-1,1
23439,80,75,5,5
23440,110,106,4,4
23441,54,59,-5,5
23442,111,111,0,0
23443,84,82,2,2
23444,70,66,4,4
23445,70,68,2,2
23446,106,99,7,7
23447,97,96,1,1
23448,100,92,8,8
23449,135,130,5,5
23450,86,86,0,0
23451,42,34,8,8
23452,132,130,2,2
23453,73,73,0,0
23454,125,118,7,7
23455,83,84,-1,1
23456,125,120,5,5
23457,120,111,9,9
23458,110,102,8,8
23459,197,174,23,23
23460,111,102,9,9
23461,86,93,-7,7
23462,76,71,5,5
23463,150,136,14,14
23464,115,110,5,5
23465,89,93,-4,4
23466,176,159,17,17
23467,64,71,-7,7
23468,120,110,10,10
23469,121,110,11,11
23470,64,75,-11,11
23471,49,66,-17,17
23472,70,66,4,4
23473,112,103,9,9
23474,89,92,-3,3
23475,107,102,5,5
23476,155,148,7,7
23477,73,78,-5,5
23478,129,128,1,1
23479,161,145,16,16
23480,89,88,1,1
23481,113,109,4,4
23482,99,88,11,11
23483,127,124,3,3
23484,115,110,5,5
23485,78,76,2,2
23486,155,162,-7,7
23487,54,54,0,0
23488,89,86,3,3
23489,115,103,12,12
23490,82,80,2,2
23491,165,150,15,15
23492,90,85,5,5
23493,87,87,0,0
23494,115,104,11,11
23495,70,71,-1,1
23496,85,75,10,10
23497,101,96,5,5
23498,118,124,-6,6
23499,135,113,22,22
23500,74,73,1,1
23501,108,115,-7,7
23502,134,126,8,8
23503,109,103,6,6
23504,77,76,1,1
23505,71,67,4,4
23506,78,73,5,5
23507,125,106,19,19
23508,90,87,3,3
23509,47,34,13,13
23510,89,88,1,1
23511,102,93,9,9
23512,94,91,3,3
23513,137,132,5,5
23514,110,101,9,9
23515,100,98,2,2
23516,125,109,16,16
23517,57,88,-31,31
23518,120,112,8,8
23519,149,138,11,11
23520,69,76,-7,7
23521,91,95,-4,4
23522,69,70,-1,1
23523,143,128,15,15
23524,112,102,10,10
23525,108,95,13,13
23526,83,91,-8,8
23527,102,104,-2,2
23528,55,55,0,0
23529,101,94,7,7
23530,39,36,3,3
23531,173,165,8,8
23532,98,91,7,7
23533,136,127,9,9
23534,62,64,-2,2
23535,188,152,36,36
23536,98,96,2,2
23537,132,121,11,11
23538,89,96,-7,7
23539,106,104,2,2
23540,101,105,-4,4
23541,150,132,18,18
23542,194,171,23,23
23543,108,107,1,1
23544,78,88,-10,10
23545,70,69,1,1
23546,93,97,-4,4
23547,65,73,-8,8
23548,113,99,14,14
23549,129,118,11,11
23550,94,93,1,1
23551,108,99,9,9
23552,90,91,-1,1
23553,68,71,-3,3
23554,98,99,-1,1
23555,96,108,-12,12
23556,85,94,-9,9
23557,137,138,-1,1
23558,112,108,4,4
23559,168,153,15,15
23560,87,91,-4,4
23561,134,124,10,10
23562,75,83,-8,8
23563,135,123,12,12
23564,81,79,2,2
23565,96,102,-6,6
23566,91,94,-3,3
23567,104,93,11,11
23568,105,96,9,9
23569,56,58,-2,2
23570,111,103,8,8
23571,56,69,-13,13
23572,62,64,-2,2
23573,103,101,2,2
23574,144,140,4,4
23575,101,95,6,6
23576,79,77,2,2
23577,102,92,10,10
23578,121,117,4,4
23579,140,132,8,8
23580,135,129,6,6
23581,80,76,4,4
23582,51,61,-10,10
23583,152,127,25,25
23584,94,91,3,3
23585,52,45,7,7
23586,78,80,-2,2
23587,82,82,0,0
23588,75,71,4,4
23589,117,111,6,6
23590,136,125,11,11
23591,92,89,3,3
23592,55,49,6,6
23593,126,113,13,13
23594,55,63,-8,8
23595,43,34,9,9
23596,83,90,-7,7
23597,116,123,-7,7
23598,113,111,2,2
23599,60,63,-3,3
23600,100,102,-2,2
23601,100,103,-3,3
23602,113,105,8,8
23603,123,137,-14,14
23604,69,72,-3,3
23605,113,126,-13,13
23606,71,76,-5,5
23607,132,120,12,12
23608,151,142,9,9
23609,57,59,-2,2
23610,105,101,4,4
23611,188,162,26,26
23612,79,75,4,4
23613,151,140,11,11
23614,137,133,4,4
23615,42,35,7,7
23616,144,133,11,11
23617,41,48,-7,7
23618,82,81,1,1
23619,91,84,7,7
23620,65,70,-5,5
23621,65,67,-2,2
23622,103,102,1,1
23623,116,109,7,7
23624,149,144,5,5
23625,202,177,25,25
23626,61,64,-3,3
23627,78,80,-2,2
23628,154,136,18,18
23629,87,87,0,0
23630,93,87,6,6
23631,134,119,15,15
23632,116,117,-1,1
23633,124,122,2,2
23634,148,136,12,12
23635,140,136,4,4
23636,69,67,2,2
23637,107,104,3,3
23638,99,91,8,8
23639,137,122,15,15
23640,165,138,27,27
23641,102,92,10,10
23642,116,108,8,8
23643,95,76,19,19
23644,86,101,-15,15
23645,88,96,-8,8
23646,108,103,5,5
23647,153,147,6,6
23648,69,67,2,2
23649,76,74,2,2
23650,103,98,5,5
23651,79,89,-10,10
23652,129,112,17,17
23653,87,86,1,1
23654,67,70,-3,3
23655,81,80,1,1
23656,118,110,8,8
23657,69,67,2,2
23658,63,71,-8,8
23659,77,75,2,2
23660,113,106,7,7
23661,143,135,8,8
23662,57,61,-4,4
23663,86,84,2,2
23664,36,51,-15,15
23665,128,104,24,24
23666,111,104,7,7
23667,68,73,-5,5
23668,60,70,-10,10
23669,90,87,3,3
23670,99,94,5,5
23671,80,76,4,4
23672,79,85,-6,6
23673,84,87,-3,3
23674,77,71,6,6
23675,132,123,9,9
23676,94,71,23,23
23677,95,95,0,0
23678,67,68,-1,1
23679,134,119,15,15
23680,148,141,7,7
23681,92,92,0,0
23682,85,74,11,11
23683,69,78,-9,9
23684,107,111,-4,4
23685,113,127,-14,14
23686,49,50,-1,1
23687,31,32,-1,1
23688,72,77,-5,5
23689,135,128,7,7
23690,126,113,13,13
23691,67,67,0,0
23692,70,76,-6,6
23693,64,66,-2,2
23694,70,81,-11,11
23695,88,80,8,8
23696,66,73,-7,7
23697,80,90,-10,10
23698,82,94,-12,12
23699,85,87,-2,2
23700,128,120,8,8
23701,116,110,6,6
23702,74,68,6,6
23703,107,101,6,6
23704,74,73,1,1
23705,133,114,19,19
23706,91,86,5,5
23707,100,98,2,2
23708,90,79,11,11
23709,41,47,-6,6
23710,117,110,7,7
23711,91,94,-3,3
23712,108,117,-9,9
23713,61,66,-5,5
23714,201,184,17,17
23715,112,104,8,8
23716,62,62,0,0
23717,70,70,0,0
23718,79,77,2,2
23719,85,79,6,6
23720,138,122,16,16
23721,132,124,8,8
23722,46,57,-11,11
23723,172,163,9,9
23724,120,106,14,14
23725,120,109,11,11
23726,96,100,-4,4
23727,108,99,9,9
23728,125,125,0,0
23729,72,79,-7,7
23730,110,95,15,15
23731,51,63,-12,12
23732,127,118,9,9
23733,109,104,5,5
23734,70,69,1,1
23735,91,86,5,5
23736,53,66,-13,13
23737,195,184,11,11
23738,63,66,-3,3
23739,97,97,0,0
23740,109,99,10,10
23741,116,114,2,2
23742,52,58,-6,6
23743,66,75,-9,9
23744,70,69,1,1
23745,143,138,5,5
23746,61,81,-20,20
23747,105,93,12,12
23748,58,60,-2,2
23749,141,136,5,5
23750,64,63,1,1
23751,126,117,9,9
23752,154,144,10,10
23753,103,92,11,11
23754,54,58,-4,4
23755,100,98,2,2
23756,99,99,0,0
23757,84,86,-2,2
23758,67,70,-3,3
23759,51,64,-13,13
23760,118,120,-2,2
23761,139,121,18,18
23762,83,79,4,4
23763,127,122,5,5
23764,98,92,6,6
23765,86,82,4,4
23766,53,57,-4,4
23767,111,115,-4,4
23768,82,82,0,0
23769,101,90,11,11
23770,79,79,0,0
23771,82,88,-6,6
23772,101,87,14,14
23773,172,152,20,20
23774,49,61,-12,12
23775,144,128,16,16
23776,79,77,2,2
23777,71,75,-4,4
23778,109,109,0,0
23779,97,90,7,7
23780,134,121,13,13
23781,139,152,-13,13
23782,103,98,5,5
23783,104,96,8,8
23784,45,57,-12,12
23785,124,128,-4,4
23786,77,80,-3,3
23787,92,91,1,1
23788,54,56,-2,2
23789,96,93,3,3
23790,77,73,4,4
23791,99,90,9,9
23792,46,36,10,10
23793,128,122,6,6
23794,114,118,-4,4
23795,183,166,17,17
23796,74,77,-3,3
23797,152,132,20,20
23798,95,84,11,11
23799,84,72,12,12
23800,103,97,6,6
23801,118,108,10,10
23802,82,94,-12,12
23803,161,162,-1,1
23804,93,85,8,8
23805,91,79,12,12
23806,106,98,8,8
23807,91,85,6,6
23808,52,58,-6,6
23809,89,85,4,4
23810,80,83,-3,3
23811,112,115,-3,3
23812,69,65,4,4
23813,68,67,1,1
23814,219,200,19,19
23815,89,93,-4,4
23816,127,119,8,8
23817,84,95,-11,11
23818,85,79,6,6
23819,28,34,-6,6
23820,141,128,13,13
23821,92,94,-2,2
23822,130,119,11,11
23823,59,66,-7,7
23824,143,125,18,18
23825,145,128,17,17
23826,73,75,-2,2
23827,177,166,11,11
23828,169,147,22,22
23829,54,57,-3,3
23830,128,110,18,18
23831,52,60,-8,8
23832,129,126,3,3
23833,99,99,0,0
23834,119,102,17,17
23835,75,78,-3,3
23836,119,108,11,11
23837,103,94,9,9
23838,130,122,8,8
23839,119,108,11,11
23840,100,91,9,9
23841,159,162,-3,3
23842,75,70,5,5
23843,86,88,-2,2
23844,123,119,4,4
23845,74,77,-3,3
23846,50,61,-11,11
23847,57,50,7,7
23848,50,54,-4,4
23849,71,76,-5,5
23850,96,91,5,5
23851,76,72,4,4
23852,130,117,13,13
23853,62,73,-11,11
23854,92,92,0,0
23855,98,100,-2,2
23856,67,62,5,5
23857,231,216,15,15
23858,68,60,8,8
23859,59,59,0,0
23860,82,71,11,11
23861,67,69,-2,2
23862,88,80,8,8
23863,138,112,26,26
23864,81,72,9,9
23865,117,111,6,6
23866,67,72,-5,5
23867,57,63,-6,6
23868,53,57,-4,4
23869,87,84,3,3
23870,123,123,0,0
23871,128,122,6,6
23872,80,82,-2,2
23873,95,90,5,5
23874,105,103,2,2
23875,92,92,0,0
23876,97,90,7,7
23877,96,101,-5,5
23878,114,101,13,13
23879,57,63,-6,6
23880,174,154,20,20
23881,98,92,6,6
23882,96,87,9,9
23883,34,55,-21,21
23884,53,58,-5,5
23885,70,71,-1,1
23886,100,103,-3,3
23887,112,112,0,0
23888,86,90,-4,4
23889,106,97,9,9
23890,75,79,-4,4
23891,97,108,-11,11
23892,93,96,-3,3
23893,105,86,19,19
23894,108,103,5,5
23895,137,135,2,2
23896,99,102,-3,3
23897,71,71,0,0
23898,157,144,13,13
23899,111,106,5,5
23900,102,91,11,11
23901,144,131,13,13
23902,86,83,3,3
23903,63,75,-12,12
23904,97,87,10,10
23905,30,34,-4,4
23906,77,77,0,0
23907,111,102,9,9
23908,77,72,5,5
23909,41,34,7,7
23910,82,87,-5,5
23911,144,129,15,15
23912,117,107,10,10
23913,94,86,8,8
23914,58,59,-1,1
23915,101,96,5,5
23916,105,94,11,11
23917,99,106,-7,7
23918,88,80,8,8
23919,69,76,-7,7
23920,67,62,5,5
23921,51,63,-12,12
23922,120,112,8,8
23923,60,63,-3,3
23924,90,85,5,5
23925,81,77,4,4
23926,163,168,-5,5
23927,142,128,14,14
23928,65,68,-3,3
23929,156,148,8,8
23930,52,50,2,2
23931,74,69,5,5
23932,115,108,7,7
23933,126,130,-4,4
23934,48,42,6,6
23935,129,128,1,1
23936,160,141,19,19
23937,110,115,-5,5
23938,121,121,0,0
23939,97,91,6,6
23940,110,130,-20,20
23941,135,127,8,8
23942,153,148,5,5
23943,103,123,-20,20
23944,103,97,6,6
23945,119,108,11,11
23946,76,86,-10,10
23947,195,195,0,0
23948,57,62,-5,5
23949,59,71,-12,12
23950,146,143,3,3
23951,91,79,12,12
23952,101,95,6,6
23953,240,204,36,36
23954,88,90,-2,2
23955,83,74,9,9
23956,77,78,-1,1
23957,82,84,-2,2
23958,82,91,-9,9
23959,119,106,13,13
23960,106,96,10,10
23961,101,105,-4,4
23962,78,79,-1,1
23963,82,79,3,3
23964,82,81,1,1
23965,126,109,17,17
23966,87,93,-6,6
23967,96,94,2,2
23968,68,70,-2,2
23969,100,91,9,9
23970,71,75,-4,4
23971,91,97,-6,6
23972,118,110,8,8
23973,93,92,1,1
23974,87,87,0,0
23975,75,80,-5,5
23976,64,63,1,1
23977,94,87,7,7
23978,45,51,-6,6
23979,97,86,11,11
23980,115,105,10,10
23981,84,78,6,6
23982,139,124,15,15
23983,155,157,-2,2
23984,65,67,-2,2
23985,72,75,-3,3
23986,65,71,-6,6
23987,45,39,6,6
23988,92,94,-2,2
23989,148,135,13,13
23990,163,136,27,27
23991,80,74,6,6
23992,131,115,16,16
23993,74,81,-7,7
23994,62,66,-4,4
23995,65,62,3,3
23996,110,95,15,15
23997,119,89,30,30
23998,110,103,7,7
23999,89,91,-2,2
24000,104,111,-7,7
24001,110,112,-2,2
24002,83,78,5,5
24003,134,126,8,8
24004,110,112,-2,2
24005,74,81,-7,7
24006,152,144,8,8
24007,103,102,1,1
24008,47,51,-4,4
24009,104,97,7,7
24010,59,64,-5,5
24011,76,67,9,9
24012,82,86,-4,4
24013,100,98,2,2
24014,127,120,7,7
24015,70,65,5,5
24016,71,76,-5,5
24017,83,95,-12,12
24018,80,79,1,1
24019,102,102,0,0
24020,70,77,-7,7
24021,89,82,7,7
24022,75,75,0,0
24023,104,98,6,6
24024,84,72,12,12
24025,56,61,-5,5
24026,55,65,-10,10
24027,141,146,-5,5
24028,82,84,-2,2
24029,182,162,20,20
24030,154,150,4,4
24031,86,87,-1,1
24032,78,78,0,0
24033,91,92,-1,1
24034,115,113,2,2
24035,112,113,-1,1
24036,98,110,-12,12
24037,83,76,7,7
24038,58,63,-5,5
24039,72,71,1,1
24040,46,50,-4,4
24041,54,58,-4,4
24042,99,95,4,4
24043,100,124,-24,24
24044,114,112,2,2
24045,56,54,2,2
24046,49,57,-8,8
24047,63,59,4,4
24048,63,63,0,0
24049,72,73,-1,1
24050,97,94,3,3
24051,59,63,-4,4
24052,123,124,-1,1
24053,109,111,-2,2
24054,108,102,6,6
24055,95,100,-5,5
24056,94,87,7,7
24057,59,67,-8,8
24058,80,84,-4,4
24059,140,134,6,6
24060,102,102,0,0
24061,65,71,-6,6
24062,117,107,10,10
24063,63,61,2,2
24064,77,84,-7,7
24065,137,96,41,41
24066,114,111,3,3
24067,78,69,9,9
24068,45,44,1,1
24069,84,88,-4,4
24070,96,95,1,1
24071,62,67,-5,5
24072,67,75,-8,8
24073,178,153,25,25
24074,78,86,-8,8
24075,112,105,7,7
24076,99,83,16,16
24077,94,97,-3,3
24078,86,75,11,11
24079,116,107,9,9
24080,64,62,2,2
24081,51,49,2,2
24082,176,143,33,33
24083,120,108,12,12
24084,121,99,22,22
24085,84,81,3,3
24086,108,103,5,5
24087,97,93,4,4
24088,91,92,-1,1
24089,117,115,2,2
24090,102,93,9,9
24091,53,50,3,3
24092,82,79,3,3
24093,63,68,-5,5
24094,50,93,-43,43
24095,121,110,11,11
24096,33,46,-13,13
24097,75,74,1,1
24098,98,98,0,0
24099,95,88,7,7
24100,94,88,6,6
24101,43,43,0,0
24102,88,97,-9,9
24103,72,73,-1,1
24104,118,107,11,11
24105,76,79,-3,3
24106,58,61,-3,3
24107,104,84,20,20
24108,115,107,8,8
24109,63,60,3,3
24110,105,105,0,0
24111,59,60,-1,1
24112,58,59,-1,1
24113,146,129,17,17
24114,82,85,-3,3
24115,114,117,-3,3
24116,95,87,8,8
24117,46,55,-9,9
24118,122,107,15,15
24119,78,77,1,1
24120,97,90,7,7
24121,111,107,4,4
24122,161,141,20,20
24123,157,153,4,4
24124,90,95,-5,5
24125,69,69,0,0
24126,78,75,3,3
24127,111,102,9,9
24128,56,50,6,6
24129,83,71,12,12
24130,186,169,17,17
24131,76,81,-5,5
24132,76,80,-4,4
24133,136,131,5,5
24134,87,86,1,1
24135,87,79,8,8
24136,72,53,19,19
24137,64,73,-9,9
24138,162,154,8,8
24139,59,65,-6,6
24140,77,72,5,5
24141,58,61,-3,3
24142,65,62,3,3
24143,103,90,13,13
24144,74,70,4,4
24145,83,71,12,12
24146,62,63,-1,1
24147,115,98,17,17
24148,88,90,-2,2
24149,79,83,-4,4
24150,102,95,7,7
24151,76,73,3,3
24152,72,72,0,0
24153,127,127,0,0
24154,57,63,-6,6
24155,123,120,3,3
24156,108,100,8,8
24157,179,152,27,27
24158,56,79,-23,23
24159,129,131,-2,2
24160,76,82,-6,6
24161,160,135,25,25
24162,108,97,11,11
24163,65,69,-4,4
24164,80,75,5,5
24165,68,81,-13,13
24166,125,150,-25,25
24167,55,60,-5,5
24168,101,104,-3,3
24169,102,95,7,7
24170,151,147,4,4
24171,98,120,-22,22
24172,72,80,-8,8
24173,124,119,5,5
24174,113,103,10,10
24175,84,75,9,9
24176,51,61,-10,10
24177,73,73,0,0
24178,58,52,6,6
24179,103,98,5,5
24180,89,76,13,13
24181,103,106,-3,3
24182,122,118,4,4
24183,62,66,-4,4
24184,152,137,15,15
24185,49,56,-7,7
24186,76,76,0,0
24187,107,97,10,10
24188,63,78,-15,15
24189,132,126,6,6
24190,167,109,58,58
24191,105,97,8,8
24192,160,152,8,8
24193,86,84,2,2
24194,105,95,10,10
24195,88,88,0,0
24196,102,95,7,7
24197,102,112,-10,10
24198,101,109,-8,8
24199,48,58,-10,10
24200,131,123,8,8
24201,45,34,11,11
24202,100,96,4,4
24203,77,74,3,3
24204,131,132,-1,1
24205,106,100,6,6
24206,115,106,9,9
24207,140,123,17,17
24208,111,115,-4,4
24209,100,101,-1,1
24210,55,61,-6,6
24211,80,74,6,6
24212,98,100,-2,2
24213,61,59,2,2
24214,106,96,10,10
24215,91,91,0,0
24216,96,90,6,6
24217,88,82,6,6
24218,79,81,-2,2
24219,108,117,-9,9
24220,108,109,-1,1
24221,137,117,20,20
24222,110,103,7,7
24223,67,69,-2,2
24224,81,77,4,4
24225,74,76,-2,2
24226,95,100,-5,5
24227,36,31,5,5
24228,96,92,4,4
24229,80,84,-4,4
24230,86,77,9,9
24231,145,150,-5,5
24232,163,157,6,6
24233,57,57,0,0
24234,91,95,-4,4
24235,100,102,-2,2
24236,55,52,3,3
24237,118,110,8,8
24238,183,172,11,11
24239,79,81,-2,2
24240,82,70,12,12
24241,107,104,3,3
24242,47,49,-2,2
24243,103,104,-1,1
24244,78,76,2,2
24245,114,113,1,1
24246,127,117,10,10
24247,65,73,-8,8
24248,149,155,-6,6
24249,72,70,2,2
24250,75,76,-1,1
24251,99,95,4,4
24252,91,86,5,5
24253,50,62,-12,12
24254,116,108,8,8
24255,150,129,21,21
24256,136,135,1,1
24257,145,103,42,42
24258,64,70,-6,6
24259,81,78,3,3
24260,76,72,4,4
24261,91,77,14,14
24262,64,61,3,3
24263,52,49,3,3
24264,85,87,-2,2
24265,93,92,1,1
24266,80,87,-7,7
24267,84,87,-3,3
24268,71,70,1,1
24269,73,71,2,2
24270,54,61,-7,7
24271,87,78,9,9
24272,88,92,-4,4
24273,50,59,-9,9
24274,122,114,8,8
24275,98,94,4,4
24276,82,75,7,7
24277,173,154,19,19
24278,78,76,2,2
24279,106,97,9,9
24280,103,109,-6,6
24281,78,76,2,2
24282,57,62,-5,5
24283,125,128,-3,3
24284,103,97,6,6
24285,100,96,4,4
24286,78,81,-3,3
24287,122,108,14,14
24288,122,126,-4,4
24289,135,119,16,16
24290,110,95,15,15
24291,174,153,21,21
24292,54,58,-4,4
24293,43,40,3,3
24294,82,76,6,6
24295,91,83,8,8
24296,104,91,13,13
24297,148,133,15,15
24298,30,32,-2,2
24299,115,104,11,11
24300,122,110,12,12
24301,126,115,11,11
24302,68,74,-6,6
24303,119,98,21,21
24304,124,126,-2,2
24305,81,71,10,10
24306,74,70,4,4
24307,75,75,0,0
24308,57,68,-11,11
24309,92,73,19,19
24310,79,74,5,5
24311,118,120,-2,2
24312,62,67,-5,5
24313,86,79,7,7
24314,57,51,6,6
24315,93,104,-11,11
24316,111,98,13,13
24317,77,76,1,1
24318,66,74,-8,8
24319,142,104,38,38
24320,117,101,16,16
24321,48,50,-2,2
24322,195,169,26,26
24323,100,99,1,1
24324,103,89,14,14
24325,59,71,-12,12
24326,76,74,2,2
24327,108,105,3,3
24328,127,122,5,5
24329,91,82,9,9
24330,67,72,-5,5
24331,157,144,13,13
24332,120,126,-6,6
24333,79,78,1,1
24334,95,93,2,2
24335,103,101,2,2
24336,126,119,7,7
24337,73,98,-25,25
24338,53,62,-9,9
24339,126,122,4,4
24340,78,74,4,4
24341,128,126,2,2
24342,51,59,-8,8
24343,76,74,2,2
24344,130,127,3,3
24345,87,86,1,1
24346,76,80,-4,4
24347,71,69,2,2
24348,115,108,7,7
24349,119,111,8,8
24350,75,73,2,2
24351,75,88,-13,13
24352,93,87,6,6
24353,128,129,-1,1
24354,127,150,-23,23
24355,94,91,3,3
24356,133,119,14,14
24357,53,37,16,16
24358,146,126,20,20
24359,117,125,-8,8
24360,74,72,2,2
24361,126,118,8,8
24362,41,48,-7,7
24363,143,138,5,5
24364,90,86,4,4
24365,73,78,-5,5
24366,156,144,12,12
24367,72,70,2,2
24368,59,60,-1,1
24369,27,34,-7,7
24370,93,92,1,1
24371,87,89,-2,2
24372,44,51,-7,7
24373,182,179,3,3
24374,90,90,0,0
24375,170,151,19,19
24376,128,121,7,7
24377,102,94,8,8
24378,99,94,5,5
24379,106,95,11,11
24380,86,82,4,4
24381,127,109,18,18
24382,99,84,15,15
24383,101,98,3,3
24384,155,132,23,23
24385,184,156,28,28
24386,98,94,4,4
24387,95,95,0,0
24388,108,129,-21,21
24389,103,105,-2,2
24390,147,140,7,7
24391,100,90,10,10
24392,76,95,-19,19
24393,308,237,71,71
24394,71,61,10,10
24395,80,84,-4,4
24396,88,80,8,8
24397,92,101,-9,9
24398,105,107,-2,2
24399,63,72,-9,9
24400,89,86,3,3
24401,77,86,-9,9
24402,94,92,2,2
24403,72,84,-12,12
24404,65,64,1,1
24405,132,120,12,12
24406,90,85,5,5
24407,83,81,2,2
24408,35,72,-37,37
24409,163,154,9,9
24410,73,72,1,1
24411,117,114,3,3
24412,87,83,4,4
24413,70,74,-4,4
24414,189,170,19,19
24415,81,76,5,5
24416,59,71,-12,12
24417,110,113,-3,3
24418,103,106,-3,3
24419,89,90,-1,1
24420,90,79,11,11
24421,475,432,43,43
24422,66,63,3,3
24423,97,97,0,0
24424,89,79,10,10
24425,106,100,6,6
24426,81,77,4,4
24427,143,135,8,8
24428,113,107,6,6
24429,83,85,-2,2
24430,276,226,50,50
24431,88,85,3,3
24432,91,95,-4,4
24433,179,153,26,26
24434,175,129,46,46
24435,86,85,1,1
24436,60,64,-4,4
24437,86,86,0,0
24438,104,98,6,6
24439,144,135,9,9
24440,93,88,5,5
24441,98,95,3,3
24442,59,68,-9,9
24443,112,143,-31,31
24444,98,105,-7,7
24445,60,66,-6,6
24446,72,67,5,5
24447,42,47,-5,5
24448,57,59,-2,2
24449,138,121,17,17
24450,99,93,6,6
24451,134,130,4,4
24452,96,82,14,14
24453,101,88,13,13
24454,88,98,-10,10
24455,79,86,-7,7
24456,61,57,4,4
24457,77,67,10,10
24458,119,116,3,3
24459,124,113,11,11
24460,77,82,-5,5
24461,81,84,-3,3
24462,70,70,0,0
24463,120,126,-6,6
24464,90,95,-5,5
24465,88,91,-3,3
24466,49,46,3,3
24467,70,69,1,1
24468,90,85,5,5
24469,70,68,2,2
24470,119,103,16,16
24471,99,95,4,4
24472,79,85,-6,6
24473,112,106,6,6
24474,63,68,-5,5
24475,40,50,-10,10
24476,145,132,13,13
24477,82,77,5,5
24478,87,83,4,4
24479,75,72,3,3
24480,71,70,1,1
24481,84,79,5,5
24482,85,78,7,7
24483,101,92,9,9
24484,111,95,16,16
24485,90,91,-1,1
24486,63,64,-1,1
24487,174,171,3,3
24488,106,101,5,5
24489,64,69,-5,5
24490,33,33,0,0
24491,100,107,-7,7
24492,185,155,30,30
24493,68,69,-1,1
24494,29,31,-2,2
24495,45,52,-7,7
24496,58,63,-5,5
24497,120,105,15,15
24498,124,109,15,15
24499,70,69,1,1
24500,104,107,-3,3
24501,101,94,7,7
24502,92,90,2,2
24503,81,74,7,7
24504,59,63,-4,4
24505,84,83,1,1
24506,67,70,-3,3
24507,105,95,10,10
24508,81,80,1,1
24509,56,62,-6,6
24510,115,114,1,1
24511,117,109,8,8
24512,95,89,6,6
24513,134,120,14,14
24514,89,90,-1,1
24515,136,132,4,4
24516,100,96,4,4
24517,95,105,-10,10
24518,73,75,-2,2
24519,58,68,-10,10
24520,157,140,17,17
24521,77,77,0,0
24522,54,41,13,13
24523,90,99,-9,9
24524,85,88,-3,3
24525,71,70,1,1
24526,73,73,0,0
24527,87,85,2,2
24528,57,62,-5,5
24529,64,66,-2,2
24530,72,72,0,0
24531,184,157,27,27
24532,152,118,34,34
24533,88,89,-1,1
24534,90,84,6,6
24535,96,102,-6,6
24536,117,101,16,16
24537,65,65,0,0
24538,101,90,11,11
24539,130,128,2,2
24540,189,162,27,27
24541,80,84,-4,4
24542,72,74,-2,2
24543,99,100,-1,1
24544,131,122,9,9
24545,120,125,-5,5
24546,64,68,-4,4
24547,59,47,12,12
24548,69,70,-1,1
24549,44,57,-13,13
24550,85,93,-8,8
24551,51,67,-16,16
24552,70,76,-6,6
24553,61,70,-9,9
24554,110,118,-8,8
24555,69,74,-5,5
24556,56,60,-4,4
24557,125,133,-8,8
24558,91,85,6,6
24559,53,64,-11,11
24560,91,91,0,0
24561,42,43,-1,1
24562,85,87,-2,2
24563,33,33,0,0
24564,94,83,11,11
24565,143,133,10,10
24566,72,64,8,8
24567,85,83,2,2
24568,132,129,3,3
24569,103,95,8,8
24570,131,110,21,21
24571,72,74,-2,2
24572,109,108,1,1
24573,104,99,5,5
24574,128,119,9,9
24575,147,135,12,12
24576,90,86,4,4
24577,44,54,-10,10
24578,84,84,0,0
24579,129,123,6,6
24580,76,88,-12,12
24581,82,91,-9,9
24582,155,129,26,26
24583,141,124,17,17
24584,110,117,-7,7
24585,117,117,0,0
24586,112,111,1,1
24587,109,108,1,1
24588,63,55,8,8
24589,68,69,-1,1
24590,140,127,13,13
24591,42,49,-7,7
24592,97,103,-6,6
24593,73,69,4,4
24594,49,37,12,12
24595,163,133,30,30
24596,116,113,3,3
24597,98,108,-10,10
24598,97,93,4,4
24599,76,77,-1,1
24600,84,79,5,5
24601,52,44,8,8
24602,134,125,9,9
24603,62,60,2,2
24604,123,119,4,4
24605,55,56,-1,1
24606,80,84,-4,4
24607,77,77,0,0
24608,121,125,-4,4
24609,45,55,-10,10
24610,66,69,-3,3
24611,59,50,9,9
24612,45,57,-12,12
24613,63,64,-1,1
24614,65,76,-11,11
24615,95,90,5,5
24616,84,78,6,6
24617,110,123,-13,13
24618,83,84,-1,1
24619,133,106,27,27
24620,111,103,8,8
24621,69,71,-2,2
24622,43,34,9,9
24623,97,100,-3,3
24624,78,89,-11,11
24625,75,76,-1,1
24626,130,114,16,16
24627,73,73,0,0
24628,156,155,1,1
24629,110,94,16,16
24630,132,124,8,8
24631,108,107,1,1
24632,97,96,1,1
24633,139,128,11,11
24634,88,84,4,4
24635,136,118,18,18
24636,115,104,11,11
24637,141,126,15,15
24638,125,118,7,7
24639,114,107,7,7
24640,127,116,11,11
24641,87,87,0,0
24642,126,121,5,5
24643,83,91,-8,8
24644,68,65,3,3
24645,100,92,8,8
24646,67,71,-4,4
24647,79,72,7,7
24648,123,111,12,12
24649,49,50,-1,1
24650,73,88,-15,15
24651,105,95,10,10
24652,86,84,2,2
24653,78,90,-12,12
24654,97,90,7,7
24655,95,98,-3,3
24656,46,55,-9,9
24657,105,105,0,0
24658,157,141,16,16
24659,97,106,-9,9
24660,130,118,12,12
24661,114,123,-9,9
24662,56,63,-7,7
24663,37,34,3,3
24664,133,127,6,6
24665,80,95,-15,15
24666,56,60,-4,4
24667,64,66,-2,2
24668,78,79,-1,1
24669,96,88,8,8
24670,90,84,6,6
24671,126,114,12,12
24672,85,88,-3,3
24673,60,58,2,2
24674,92,85,7,7
24675,105,101,4,4
24676,92,91,1,1
24677,85,80,5,5
24678,187,158,29,29
24679,108,114,-6,6
24680,64,57,7,7
24681,99,91,8,8
24682,92,92,0,0
24683,111,107,4,4
24684,83,76,7,7
24685,92,85,7,7
24686,68,63,5,5
24687,158,134,24,24
24688,54,56,-2,2
24689,86,79,7,7
24690,94,91,3,3
24691,102,98,4,4
24692,55,59,-4,4
24693,52,64,-12,12
24694,69,75,-6,6
24695,97,91,6,6
24696,59,66,-7,7
24697,86,85,1,1
24698,104,103,1,1
24699,119,123,-4,4
24700,124,105,19,19
24701,99,95,4,4
24702,94,88,6,6
24703,129,125,4,4
24704,134,115,19,19
24705,58,66,-8,8
24706,131,113,18,18
24707,100,89,11,11
24708,97,85,12,12
24709,75,70,5,5
24710,133,128,5,5
24711,87,78,9,9
24712,76,75,1,1
24713,55,59,-4,4
24714,167,159,8,8
24715,108,112,-4,4
24716,64,65,-1,1
24717,56,68,-12,12
24718,49,66,-17,17
24719,55,51,4,4
24720,80,95,-15,15
24721,55,58,-3,3
24722,169,154,15,15
24723,156,144,12,12
24724,102,94,8,8
24725,94,90,4,4
24726,92,92,0,0
24727,116,124,-8,8
24728,120,116,4,4
24729,107,104,3,3
24730,113,108,5,5
24731,75,77,-2,2
24732,67,64,3,3
24733,98,87,11,11
24734,193,170,23,23
24735,165,155,10,10
24736,92,81,11,11
24737,53,53,0,0
24738,82,92,-10,10
24739,113,119,-6,6
24740,89,93,-4,4
24741,93,85,8,8
24742,94,92,2,2
24743,87,80,7,7
24744,145,126,19,19
24745,142,126,16,16
24746,115,108,7,7
24747,82,89,-7,7
24748,87,90,-3,3
24749,74,71,3,3
24750,61,63,-2,2
24751,125,117,8,8
24752,74,74,0,0
24753,129,120,9,9
24754,88,80,8,8
24755,93,92,1,1
24756,83,84,-1,1
24757,123,113,10,10
24758,103,95,8,8
24759,136,130,6,6
24760,88,86,2,2
24761,94,89,5,5
24762,71,76,-5,5
24763,80,84,-4,4
24764,73,75,-2,2
24765,90,85,5,5
24766,81,80,1,1
24767,85,91,-6,6
24768,48,58,-10,10
24769,122,127,-5,5
24770,120,109,11,11
24771,100,99,1,1
24772,123,112,11,11
24773,154,133,21,21
24774,49,60,-11,11
24775,110,92,18,18
24776,90,90,0,0
24777,103,95,8,8
24778,69,75,-6,6
24779,113,103,10,10
24780,102,98,4,4
24781,80,104,-24,24
24782,45,51,-6,6
24783,154,140,14,14
24784,116,101,15,15
24785,125,115,10,10
24786,182,157,25,25
24787,68,66,2,2
24788,82,71,11,11
24789,78,79,-1,1
24790,60,75,-15,15
24791,119,107,12,12
24792,76,76,0,0
24793,102,99,3,3
24794,94,111,-17,17
24795,76,80,-4,4
24796,52,53,-1,1
24797,82,71,11,11
24798,117,115,2,2
24799,110,101,9,9
24800,165,145,20,20
24801,79,71,8,8
24802,132,118,14,14
24803,118,107,11,11
24804,95,87,8,8
24805,74,76,-2,2
24806,52,67,-15,15
24807,104,105,-1,1
24808,103,123,-20,20
24809,119,112,7,7
24810,99,96,3,3
24811,141,126,15,15
24812,62,61,1,1
24813,95,92,3,3
24814,115,108,7,7
24815,97,104,-7,7
24816,46,56,-10,10
24817,122,122,0,0
24818,121,119,2,2
24819,102,102,0,0
24820,148,133,15,15
24821,71,67,4,4
24822,114,88,26,26
24823,126,116,10,10
24824,84,84,0,0
24825,83,79,4,4
24826,101,86,15,15
24827,98,92,6,6
24828,121,108,13,13
24829,84,91,-7,7
24830,56,66,-10,10
24831,90,78,12,12
24832,85,77,8,8
24833,87,82,5,5
24834,113,111,2,2
24835,140,132,8,8
24836,116,113,3,3
24837,120,123,-3,3
24838,82,79,3,3
24839,150,133,17,17
24840,89,84,5,5
24841,72,69,3,3
24842,106,103,3,3
24843,66,74,-8,8
24844,67,68,-1,1
24845,78,74,4,4
24846,118,107,11,11
24847,83,95,-12,12
24848,133,134,-1,1
24849,127,121,6,6
24850,178,159,19,19
24851,70,69,1,1
24852,50,55,-5,5
24853,121,111,10,10
24854,127,118,9,9
24855,62,58,4,4
24856,74,73,1,1
24857,79,79,0,0
24858,95,91,4,4
24859,103,105,-2,2
24860,113,100,13,13
24861,58,74,-16,16
24862,162,122,40,40
24863,43,42,1,1
24864,73,70,3,3
24865,60,62,-2,2
24866,134,121,13,13
24867,66,69,-3,3
24868,42,61,-19,19
24869,89,82,7,7
24870,82,73,9,9
24871,133,125,8,8
24872,28,32,-4,4
24873,120,102,18,18
24874,60,61,-1,1
24875,59,68,-9,9
24876,54,55,-1,1
24877,81,83,-2,2
24878,102,98,4,4
24879,47,52,-5,5
24880,90,76,14,14
24881,123,110,13,13
24882,83,81,2,2
24883,92,102,-10,10
24884,105,97,8,8
24885,108,93,15,15
24886,114,119,-5,5
24887,57,63,-6,6
24888,67,68,-1,1
24889,85,91,-6,6
24890,68,69,-1,1
24891,55,52,3,3
24892,93,87,6,6
24893,61,67,-6,6
24894,61,63,-2,2
24895,87,87,0,0
24896,85,82,3,3
24897,88,87,1,1
24898,57,57,0,0
24899,65,68,-3,3
24900,58,64,-6,6
24901,118,108,10,10
24902,94,94,0,0
24903,164,152,12,12
24904,74,76,-2,2
24905,106,153,-47,47
24906,97,107,-10,10
24907,117,110,7,7
24908,123,120,3,3
24909,72,80,-8,8
24910,73,70,3,3
24911,105,141,-36,36
24912,53,58,-5,5
24913,63,69,-6,6
24914,85,80,5,5
24915,136,137,-1,1
24916,113,99,14,14
24917,92,100,-8,8
24918,97,96,1,1
24919,95,101,-6,6
24920,106,100,6,6
24921,167,152,15,15
24922,121,126,-5,5
24923,42,35,7,7
24924,80,85,-5,5
24925,48,57,-9,9
24926,116,107,9,9
24927,117,109,8,8
24928,67,66,1,1
24929,69,68,1,1
24930,114,99,15,15
24931,134,117,17,17
24932,91,84,7,7
24933,88,84,4,4
24934,130,122,8,8
24935,187,173,14,14
24936,99,99,0,0
24937,95,101,-6,6
24938,151,141,10,10
24939,97,92,5,5
24940,66,68,-2,2
24941,39,34,5,5
24942,114,111,3,3
24943,124,110,14,14
24944,109,105,4,4
24945,92,106,-14,14
24946,50,57,-7,7
24947,139,125,14,14
24948,116,112,4,4
24949,79,78,1,1
24950,69,83,-14,14
24951,95,97,-2,2
24952,112,110,2,2
24953,57,67,-10,10
24954,57,63,-6,6
24955,112,115,-3,3
24956,77,78,-1,1
24957,79,84,-5,5
24958,115,106,9,9
24959,52,61,-9,9
24960,121,101,20,20
24961,93,91,2,2
24962,51,48,3,3
24963,71,72,-1,1
24964,126,123,3,3
24965,149,133,16,16
24966,91,104,-13,13
24967,142,137,5,5
24968,55,66,-11,11
24969,110,105,5,5
24970,197,192,5,5
24971,85,83,2,2
24972,115,109,6,6
24973,111,98,13,13
24974,136,122,14,14
24975,57,63,-6,6
24976,100,86,14,14
24977,121,107,14,14
24978,105,95,10,10
24979,145,143,2,2
24980,93,91,2,2
24981,104,101,3,3
24982,104,95,9,9
24983,89,82,7,7
24984,82,81,1,1
24985,137,118,19,19
24986,112,96,16,16
24987,99,89,10,10
24988,94,92,2,2
24989,140,126,14,14
24990,75,81,-6,6
24991,114,111,3,3
24992,71,71,0,0
24993,155,130,25,25
24994,71,73,-2,2
24995,61,62,-1,1
24996,84,94,-10,10
24997,75,73,2,2
24998,128,136,-8,8
24999,247,241,6,6
25000,101,101,0,0
25001,113,98,15,15
25002,116,108,8,8
25003,112,107,5,5
25004,83,88,-5,5
25005,52,59,-7,7
25006,73,63,10,10
25007,43,57,-14,14
25008,96,90,6,6
25009,49,60,-11,11
25010,57,67,-10,10
25011,104,117,-13,13
25012,86,89,-3,3
25013,66,69,-3,3
25014,69,77,-8,8
25015,92,93,-1,1
25016,120,117,3,3
25017,124,122,2,2
25018,109,101,8,8
25019,90,99,-9,9
25020,88,87,1,1
25021,60,61,-1,1
25022,100,101,-1,1
25023,171,201,-30,30
25024,55,62,-7,7
25025,143,132,11,11
25026,104,96,8,8
25027,120,118,2,2
25028,132,124,8,8
25029,142,138,4,4
25030,68,68,0,0
25031,74,69,5,5
25032,107,95,12,12
25033,82,79,3,3
25034,48,48,0,0
25035,83,78,5,5
25036,66,68,-2,2
25037,90,87,3,3
25038,114,112,2,2
25039,123,103,20,20
25040,140,122,18,18
25041,71,65,6,6
25042,112,103,9,9
25043,175,173,2,2
25044,148,127,21,21
25045,87,84,3,3
25046,156,150,6,6
25047,44,34,10,10
25048,105,101,4,4
25049,120,121,-1,1
25050,65,65,0,0
25051,120,117,3,3
25052,69,69,0,0
25053,91,96,-5,5
25054,135,112,23,23
25055,133,127,6,6
25056,81,84,-3,3
25057,74,66,8,8
25058,144,137,7,7
25059,146,137,9,9
25060,95,85,10,10
25061,223,183,40,40
25062,126,103,23,23
25063,49,54,-5,5
25064,102,98,4,4
25065,116,105,11,11
25066,60,63,-3,3
25067,154,138,16,16
25068,134,109,25,25
25069,100,96,4,4
25070,76,72,4,4
25071,74,71,3,3
25072,77,69,8,8
25073,88,86,2,2
25074,76,81,-5,5
25075,81,79,2,2
25076,165,149,16,16
25077,108,104,4,4
25078,53,24,29,29
25079,59,66,-7,7
25080,85,102,-17,17
25081,98,92,6,6
25082,58,62,-4,4
25083,105,101,4,4
25084,148,136,12,12
25085,159,136,23,23
25086,163,158,5,5
25087,102,94,8,8
25088,71,80,-9,9
25089,156,140,16,16
25090,97,91,6,6
25091,97,89,8,8
25092,72,72,0,0
25093,83,104,-21,21
25094,81,68,13,13
25095,103,98,5,5
25096,95,92,3,3
25097,82,93,-11,11
25098,121,111,10,10
25099,78,81,-3,3
25100,98,91,7,7
25101,145,139,6,6
25102,122,115,7,7
25103,123,110,13,13
25104,76,73,3,3
25105,195,170,25,25
25106,48,34,14,14
25107,59,71,-12,12
25108,73,73,0,0
25109,73,76,-3,3
25110,63,61,2,2
25111,178,150,28,28
25112,69,69,0,0
25113,96,92,4,4
25114,67,67,0,0
25115,46,44,2,2
25116,88,87,1,1
25117,47,56,-9,9
25118,45,46,-1,1
25119,47,34,13,13
25120,123,114,9,9
25121,124,117,7,7
25122,167,152,15,15
25123,136,126,10,10
25124,72,75,-3,3
25125,109,105,4,4
25126,74,75,-1,1
25127,80,74,6,6
25128,126,120,6,6
25129,119,109,10,10
25130,60,66,-6,6
25131,98,98,0,0
25132,128,114,14,14
25133,96,89,7,7
25134,109,101,8,8
25135,135,122,13,13
25136,86,77,9,9
25137,125,117,8,8
25138,71,79,-8,8
25139,137,127,10,10
25140,86,88,-2,2
25141,150,153,-3,3
25142,83,89,-6,6
25143,57,60,-3,3
25144,87,85,2,2
25145,58,68,-10,10
25146,74,80,-6,6
25147,168,140,28,28
25148,145,130,15,15
25149,65,68,-3,3
25150,76,77,-1,1
25151,114,111,3,3
25152,151,147,4,4
25153,146,157,-11,11
25154,65,66,-1,1
25155,77,87,-10,10
25156,165,146,19,19
25157,89,106,-17,17
25158,107,100,7,7
25159,96,110,-14,14
25160,115,114,1,1
25161,74,71,3,3
25162,160,148,12,12
25163,82,83,-1,1
25164,80,76,4,4
25165,94,96,-2,2
25166,97,94,3,3
25167,48,68,-20,20
25168,79,71,8,8
25169,16,30,-14,14
25170,100,96,4,4
25171,51,69,-18,18
25172,86,81,5,5
25173,108,110,-2,2
25174,46,34,12,12
25175,55,55,0,0
25176,112,118,-6,6
25177,84,81,3,3
25178,100,95,5,5
25179,150,132,18,18
25180,138,129,9,9
25181,92,86,6,6
25182,66,68,-2,2
25183,103,97,6,6
25184,96,94,2,2
25185,148,145,3,3
25186,81,81,0,0
25187,45,67,-22,22
25188,126,117,9,9
25189,168,158,10,10
25190,76,77,-1,1
25191,134,134,0,0
25192,83,85,-2,2
25193,118,108,10,10
25194,117,103,14,14
25195,100,105,-5,5
25196,96,98,-2,2
25197,122,111,11,11
25198,76,81,-5,5
25199,96,105,-9,9
25200,103,93,10,10
25201,70,71,-1,1
25202,209,176,33,33
25203,75,75,0,0
25204,54,70,-16,16
25205,111,109,2,2
25206,70,68,2,2
25207,100,98,2,2
25208,108,98,10,10
25209,56,65,-9,9
25210,172,172,0,0
25211,67,70,-3,3
25212,118,100,18,18
25213,47,53,-6,6
25214,69,71,-2,2
25215,85,89,-4,4
25216,63,61,2,2
25217,267,218,49,49
25218,101,98,3,3
25219,126,112,14,14
25220,99,97,2,2
25221,124,126,-2,2
25222,145,125,20,20
25223,83,76,7,7
25224,96,88,8,8
25225,149,158,-9,9
25226,65,66,-1,1
25227,83,77,6,6
25228,51,54,-3,3
25229,73,85,-12,12
25230,164,144,20,20
25231,76,78,-2,2
25232,86,84,2,2
25233,128,112,16,16
25234,126,108,18,18
25235,75,74,1,1
25236,85,85,0,0
25237,59,59,0,0
25238,80,74,6,6
25239,115,103,12,12
25240,96,89,7,7
25241,57,63,-6,6
25242,78,72,6,6
25243,92,83,9,9
25244,114,109,5,5
25245,97,85,12,12
25246,67,69,-2,2
25247,68,91,-23,23
25248,88,85,3,3
25249,58,61,-3,3
25250,86,89,-3,3
25251,81,77,4,4
25252,80,83,-3,3
25253,107,106,1,1
25254,65,66,-1,1
25255,77,73,4,4
25256,30,34,-4,4
25257,81,82,-1,1
25258,91,96,-5,5
25259,62,70,-8,8
25260,78,88,-10,10
25261,103,97,6,6
25262,113,104,9,9
25263,121,114,7,7
25264,75,73,2,2
25265,113,111,2,2
25266,52,61,-9,9
25267,93,98,-5,5
25268,51,61,-10,10
25269,128,113,15,15
25270,86,76,10,10
25271,107,105,2,2
25272,105,102,3,3
25273,195,181,14,14
25274,64,61,3,3
25275,56,72,-16,16
25276,38,67,-29,29
25277,111,124,-13,13
25278,72,75,-3,3
25279,103,99,4,4
25280,93,91,2,2
25281,90,93,-3,3
25282,64,71,-7,7
25283,142,126,16,16
25284,96,90,6,6
25285,85,85,0,0
25286,99,96,3,3
25287,52,56,-4,4
25288,117,131,-14,14
25289,76,76,0,0
25290,80,70,10,10
25291,99,90,9,9
25292,103,94,9,9
25293,60,67,-7,7
25294,96,94,2,2
25295,112,105,7,7
25296,77,70,7,7
25297,126,109,17,17
25298,125,119,6,6
25299,132,130,2,2
25300,79,85,-6,6
25301,106,103,3,3
25302,35,34,1,1
25303,85,76,9,9
25304,63,62,1,1
25305,65,72,-7,7
25306,23,55,-32,32
25307,73,75,-2,2
25308,103,104,-1,1
25309,79,76,3,3
25310,81,85,-4,4
25311,54,51,3,3
25312,77,77,0,0
25313,90,85,5,5
25314,92,90,2,2
25315,54,63,-9,9
25316,101,100,1,1
25317,102,92,10,10
25318,77,84,-7,7
25319,113,123,-10,10
25320,166,148,18,18
25321,74,77,-3,3
25322,116,113,3,3
25323,127,128,-1,1
25324,89,83,6,6
25325,101,97,4,4
25326,103,105,-2,2
25327,127,117,10,10
25328,83,77,6,6
25329,123,123,0,0
25330,118,116,2,2
25331,160,150,10,10
25332,79,80,-1,1
25333,76,69,7,7
25334,51,45,6,6
25335,110,111,-1,1
25336,112,124,-12,12
25337,73,70,3,3
25338,90,82,8,8
25339,87,86,1,1
25340,97,95,2,2
25341,51,53,-2,2
25342,175,163,12,12
25343,51,59,-8,8
25344,96,91,5,5
25345,96,81,15,15
25346,87,90,-3,3
25347,98,95,3,3
25348,195,172,23,23
25349,74,70,4,4
25350,111,100,11,11
25351,62,62,0,0
25352,62,70,-8,8
25353,50,55,-5,5
25354,77,77,0,0
25355,68,60,8,8
25356,72,78,-6,6
25357,82,74,8,8
25358,69,71,-2,2
25359,133,129,4,4
25360,57,60,-3,3
25361,87,97,-10,10
25362,86,78,8,8
25363,53,83,-30,30
25364,111,129,-18,18
25365,85,90,-5,5
25366,68,70,-2,2
25367,82,86,-4,4
25368,125,108,17,17
25369,127,112,15,15
25370,46,84,-38,38
25371,125,125,0,0
25372,133,118,15,15
25373,84,87,-3,3
25374,70,70,0,0
25375,130,113,17,17
25376,86,89,-3,3
25377,161,147,14,14
25378,100,119,-19,19
25379,107,104,3,3
25380,89,93,-4,4
25381,62,50,12,12
25382,75,76,-1,1
25383,82,84,-2,2
25384,104,105,-1,1
25385,83,96,-13,13
25386,109,100,9,9
25387,57,49,8,8
25388,125,117,8,8
25389,87,75,12,12
25390,201,163,38,38
25391,75,77,-2,2
25392,80,78,2,2
25393,143,148,-5,5
25394,120,114,6,6
25395,146,138,8,8
25396,70,67,3,3
25397,93,91,2,2
25398,110,108,2,2
25399,43,49,-6,6
25400,97,89,8,8
25401,70,65,5,5
25402,85,81,4,4
25403,91,96,-5,5
25404,85,86,-1,1
25405,120,110,10,10
25406,70,72,-2,2
25407,61,68,-7,7
25408,67,69,-2,2
25409,156,142,14,14
25410,45,34,11,11
25411,121,124,-3,3
25412,93,101,-8,8
25413,111,113,-2,2
25414,72,79,-7,7
25415,44,41,3,3
25416,140,142,-2,2
25417,52,59,-7,7
25418,70,71,-1,1
25419,117,114,3,3
25420,60,60,0,0
25421,73,84,-11,11
25422,107,97,10,10
25423,90,84,6,6
25424,59,70,-11,11
25425,102,99,3,3
25426,73,74,-1,1
25427,86,86,0,0
25428,58,60,-2,2
25429,66,67,-1,1
25430,62,98,-36,36
25431,130,121,9,9
25432,121,103,18,18
25433,114,102,12,12
25434,128,121,7,7
25435,106,104,2,2
25436,94,87,7,7
25437,139,135,4,4
25438,57,57,0,0
25439,62,76,-14,14
25440,59,63,-4,4
25441,134,118,16,16
25442,88,87,1,1
25443,67,71,-4,4
25444,91,91,0,0
25445,79,73,6,6
25446,99,98,1,1
25447,135,140,-5,5
25448,118,114,4,4
25449,97,95,2,2
25450,96,85,11,11
25451,81,81,0,0
25452,93,94,-1,1
25453,108,106,2,2
25454,69,68,1,1
25455,106,109,-3,3
25456,80,85,-5,5
25457,108,101,7,7
25458,95,86,9,9
25459,41,34,7,7
25460,97,93,4,4
25461,161,132,29,29
25462,96,92,4,4
25463,86,91,-5,5
25464,123,105,18,18
25465,84,75,9,9
25466,81,84,-3,3
25467,99,94,5,5
25468,108,97,11,11
25469,57,65,-8,8
25470,82,84,-2,2
25471,117,138,-21,21
25472,78,84,-6,6
25473,206,188,18,18
25474,70,71,-1,1
25475,66,72,-6,6
25476,132,113,19,19
25477,73,70,3,3
25478,53,62,-9,9
25479,47,56,-9,9
25480,73,78,-5,5
25481,72,73,-1,1
25482,96,90,6,6
25483,182,170,12,12
25484,80,76,4,4
25485,98,90,8,8
25486,103,102,1,1
25487,182,174,8,8
25488,136,141,-5,5
25489,101,89,12,12
25490,81,75,6,6
25491,161,143,18,18
25492,83,89,-6,6
25493,57,70,-13,13
25494,119,103,16,16
25495,103,94,9,9
25496,143,123,20,20
25497,61,100,-39,39
25498,117,109,8,8
25499,113,107,6,6
25500,94,94,0,0
25501,70,73,-3,3
25502,116,115,1,1
25503,102,89,13,13
25504,154,145,9,9
25505,91,82,9,9
25506,105,107,-2,2
25507,114,119,-5,5
25508,160,158,2,2
25509,94,90,4,4
25510,151,132,19,19
25511,170,156,14,14
25512,76,73,3,3
25513,74,72,2,2
25514,101,98,3,3
25515,62,61,1,1
25516,84,85,-1,1
25517,109,106,3,3
25518,106,99,7,7
25519,119,107,12,12
25520,89,90,-1,1
25521,53,56,-3,3
25522,37,34,3,3
25523,97,96,1,1
25524,91,86,5,5
25525,94,85,9,9
25526,111,96,15,15
25527,203,195,8,8
25528,71,70,1,1
25529,63,68,-5,5
25530,55,62,-7,7
25531,87,81,6,6
25532,125,135,-10,10
25533,101,102,-1,1
25534,98,85,13,13
25535,116,117,-1,1
25536,79,81,-2,2
25537,206,186,20,20
25538,102,97,5,5
25539,153,138,15,15
25540,86,90,-4,4
25541,60,61,-1,1
25542,95,106,-11,11
25543,156,140,16,16
25544,90,85,5,5
25545,131,119,12,12
25546,107,96,11,11
25547,56,61,-5,5
25548,96,94,2,2
25549,67,78,-11,11
25550,66,64,2,2
25551,116,114,2,2
25552,97,101,-4,4
25553,132,122,10,10
25554,87,88,-1,1
25555,94,94,0,0
25556,50,55,-5,5
25557,104,92,12,12
25558,179,178,1,1
25559,121,100,21,21
25560,54,61,-7,7
25561,86,78,8,8
25562,29,30,-1,1
25563,109,105,4,4
25564,81,90,-9,9
25565,75,81,-6,6
25566,179,157,22,22
25567,59,54,5,5
25568,122,109,13,13
25569,209,184,25,25
25570,53,60,-7,7
25571,79,71,8,8
25572,97,90,7,7
25573,99,101,-2,2
25574,50,51,-1,1
25575,81,85,-4,4
25576,77,73,4,4
25577,179,160,19,19
25578,100,104,-4,4
25579,57,66,-9,9
25580,88,89,-1,1
25581,47,56,-9,9
25582,92,94,-2,2
25583,94,84,10,10
25584,49,70,-21,21
25585,155,129,26,26
25586,93,98,-5,5
25587,160,140,20,20
25588,34,34,0,0
25589,109,101,8,8
25590,112,107,5,5
25591,65,64,1,1
25592,76,70,6,6
25593,82,92,-10,10
25594,97,82,15,15
25595,72,76,-4,4
25596,95,96,-1,1
25597,59,65,-6,6
25598,52,57,-5,5
25599,81,73,8,8
25600,87,81,6,6
25601,129,119,10,10
25602,57,74,-17,17
25603,54,60,-6,6
25604,122,101,21,21
25605,90,87,3,3
25606,136,122,14,14
25607,55,54,1,1
25608,69,76,-7,7
25609,118,110,8,8
25610,103,101,2,2
25611,70,69,1,1
25612,43,48,-5,5
25613,66,69,-3,3
25614,140,136,4,4
25615,89,96,-7,7
25616,147,116,31,31
25617,112,109,3,3
25618,78,69,9,9
25619,40,37,3,3
25620,55,62,-7,7
25621,77,77,0,0
25622,80,95,-15,15
25623,71,74,-3,3
25624,82,83,-1,1
25625,82,85,-3,3
25626,93,96,-3,3
25627,68,68,0,0
25628,96,85,11,11
25629,116,107,9,9
25630,53,47,6,6
25631,87,79,8,8
25632,116,112,4,4
25633,102,91,11,11
25634,89,80,9,9
25635,121,112,9,9
25636,92,84,8,8
25637,29,54,-25,25
25638,98,85,13,13
25639,70,64,6,6
25640,127,111,16,16
25641,208,187,21,21
25642,85,77,8,8
25643,84,90,-6,6
25644,92,93,-1,1
25645,118,125,-7,7
25646,66,70,-4,4
25647,79,79,0,0
25648,167,146,21,21
25649,174,165,9,9
25650,92,87,5,5
25651,90,94,-4,4
25652,103,93,10,10
25653,85,79,6,6
25654,43,41,2,2
25655,144,136,8,8
25656,66,68,-2,2
25657,33,51,-18,18
25658,50,58,-8,8
25659,68,67,1,1
25660,152,157,-5,5
25661,102,93,9,9
25662,45,41,4,4
25663,67,64,3,3
25664,59,64,-5,5
25665,92,98,-6,6
25666,138,131,7,7
25667,152,141,11,11
25668,79,73,6,6
25669,122,119,3,3
25670,122,114,8,8
25671,59,68,-9,9
25672,164,142,22,22
25673,93,140,-47,47
25674,86,91,-5,5
25675,133,118,15,15
25676,95,105,-10,10
25677,86,89,-3,3
25678,76,73,3,3
25679,152,139,13,13
25680,99,88,11,11
25681,62,61,1,1
25682,92,95,-3,3
25683,105,94,11,11
25684,95,91,4,4
25685,103,81,22,22
25686,64,67,-3,3
25687,113,123,-10,10
25688,139,136,3,3
25689,116,104,12,12
25690,109,113,-4,4
25691,110,107,3,3
25692,102,99,3,3
25693,108,110,-2,2
25694,83,73,10,10
25695,151,141,10,10
25696,84,93,-9,9
25697,109,98,11,11
25698,136,122,14,14
25699,109,99,10,10
25700,136,110,26,26
25701,109,101,8,8
25702,68,72,-4,4
25703,76,73,3,3
25704,81,80,1,1
25705,102,96,6,6
25706,139,129,10,10
25707,86,89,-3,3
25708,105,94,11,11
25709,58,65,-7,7
25710,35,48,-13,13
25711,49,60,-11,11
25712,82,77,5,5
25713,70,74,-4,4
25714,79,80,-1,1
25715,66,66,0,0
25716,122,114,8,8
25717,77,70,7,7
25718,120,110,10,10
25719,155,133,22,22
25720,123,120,3,3
25721,74,80,-6,6
25722,88,83,5,5
25723,143,137,6,6
25724,88,75,13,13
25725,57,62,-5,5
25726,130,119,11,11
25727,81,89,-8,8
25728,83,88,-5,5
25729,173,144,29,29
25730,66,69,-3,3
25731,91,90,1,1
25732,70,66,4,4
25733,73,64,9,9
25734,72,77,-5,5
25735,73,73,0,0
25736,109,116,-7,7
25737,106,64,42,42
25738,72,69,3,3
25739,80,85,-5,5
25740,188,167,21,21
25741,112,107,5,5
25742,116,108,8,8
25743,115,100,15,15
25744,97,95,2,2
25745,171,161,10,10
25746,96,98,-2,2
25747,97,89,8,8
25748,60,64,-4,4
25749,119,101,18,18
25750,144,135,9,9
25751,64,64,0,0
25752,55,63,-8,8
25753,92,87,5,5
25754,92,87,5,5
25755,133,131,2,2
25756,62,66,-4,4
25757,143,133,10,10
25758,92,96,-4,4
25759,95,110,-15,15
25760,43,34,9,9
25761,110,103,7,7
25762,94,83,11,11
25763,68,70,-2,2
25764,81,83,-2,2
25765,150,127,23,23
25766,129,122,7,7
25767,133,119,14,14
25768,105,100,5,5
25769,66,81,-15,15
25770,91,91,0,0
25771,90,77,13,13
25772,117,98,19,19
25773,140,127,13,13
25774,165,152,13,13
25775,95,92,3,3
25776,85,76,9,9
25777,158,133,25,25
25778,138,142,-4,4
25779,96,94,2,2
25780,122,113,9,9
25781,65,64,1,1
25782,63,64,-1,1
25783,111,107,4,4
25784,80,99,-19,19
25785,79,78,1,1
25786,100,88,12,12
25787,81,84,-3,3
25788,92,89,3,3
25789,75,90,-15,15
25790,82,81,1,1
25791,79,85,-6,6
25792,57,67,-10,10
25793,148,121,27,27
25794,79,76,3,3
25795,122,115,7,7
25796,82,83,-1,1
25797,61,62,-1,1
25798,38,34,4,4
25799,94,99,-5,5
25800,101,83,18,18
25801,89,85,4,4
25802,68,66,2,2
25803,47,55,-8,8
25804,90,84,6,6
25805,60,63,-3,3
25806,114,106,8,8
25807,80,85,-5,5
25808,127,108,19,19
25809,102,106,-4,4
25810,69,67,2,2
25811,53,68,-15,15
25812,59,67,-8,8
25813,95,96,-1,1
25814,64,65,-1,1
25815,144,145,-1,1
25816,71,57,14,14
25817,100,100,0,0
25818,116,112,4,4
25819,104,96,8,8
25820,177,176,1,1
25821,108,100,8,8
25822,132,119,13,13
25823,118,105,13,13
25824,135,143,-8,8
25825,115,109,6,6
25826,73,74,-1,1
25827,133,118,15,15
25828,95,91,4,4
25829,80,79,1,1
25830,48,73,-25,25
25831,158,146,12,12
25832,73,77,-4,4
25833,94,88,6,6
25834,74,94,-20,20
25835,154,149,5,5
25836,127,124,3,3
25837,73,73,0,0
25838,89,85,4,4
25839,61,69,-8,8
25840,87,80,7,7
25841,65,80,-15,15
25842,81,86,-5,5
25843,99,95,4,4
25844,83,86,-3,3
25845,90,91,-1,1
25846,82,79,3,3
25847,115,102,13,13
25848,137,136,1,1
25849,78,77,1,1
25850,94,84,10,10
25851,101,98,3,3
25852,96,93,3,3
25853,77,75,2,2
25854,112,102,10,10
25855,138,132,6,6
25856,98,92,6,6
25857,91,93,-2,2
25858,143,128,15,15
25859,153,142,11,11
25860,40,34,6,6
25861,69,67,2,2
25862,67,69,-2,2
25863,43,52,-9,9
25864,104,101,3,3
25865,117,106,11,11
25866,84,77,7,7
25867,84,87,-3,3
25868,74,69,5,5
25869,75,73,2,2
25870,147,148,-1,1
25871,94,95,-1,1
25872,92,89,3,3
25873,71,73,-2,2
25874,84,78,6,6
25875,78,95,-17,17
25876,83,80,3,3
25877,84,89,-5,5
25878,42,41,1,1
25879,149,142,7,7
25880,95,97,-2,2
25881,132,116,16,16
25882,83,80,3,3
25883,131,127,4,4
25884,62,66,-4,4
25885,87,86,1,1
25886,91,82,9,9
25887,155,161,-6,6
25888,73,81,-8,8
25889,98,96,2,2
25890,72,70,2,2
25891,75,83,-8,8
25892,147,137,10,10
25893,54,65,-11,11
25894,128,117,11,11
25895,98,96,2,2
25896,111,104,7,7
25897,81,81,0,0
25898,87,79,8,8
25899,28,66,-38,38
25900,123,118,5,5
25901,82,76,6,6
25902,82,74,8,8
25903,113,102,11,11
25904,121,129,-8,8
25905,124,117,7,7
25906,85,79,6,6
25907,82,84,-2,2
25908,107,108,-1,1
25909,113,110,3,3
25910,74,83,-9,9
25911,97,89,8,8
25912,56,64,-8,8
25913,89,85,4,4
25914,132,119,13,13
25915,134,124,10,10
25916,93,93,0,0
25917,128,130,-2,2
25918,121,117,4,4
25919,132,135,-3,3
25920,114,110,4,4
25921,93,86,7,7
25922,132,125,7,7
25923,139,115,24,24
25924,59,62,-3,3
25925,185,161,24,24
25926,47,59,-12,12
25927,68,69,-1,1
25928,122,125,-3,3
25929,130,130,0,0
25930,98,96,2,2
25931,42,41,1,1
25932,125,119,6,6
25933,56,60,-4,4
25934,129,123,6,6
25935,60,83,-23,23
25936,51,57,-6,6
25937,78,79,-1,1
25938,62,71,-9,9
25939,80,90,-10,10
25940,39,43,-4,4
25941,120,113,7,7
25942,100,92,8,8
25943,112,118,-6,6
25944,85,82,3,3
25945,118,109,9,9
25946,124,128,-4,4
25947,56,59,-3,3
25948,97,96,1,1
25949,83,88,-5,5
25950,91,91,0,0
25951,68,69,-1,1
25952,108,108,0,0
25953,87,89,-2,2
25954,57,64,-7,7
25955,70,67,3,3
25956,87,87,0,0
25957,111,102,9,9
25958,79,80,-1,1
25959,117,103,14,14
25960,95,98,-3,3
25961,139,127,12,12
25962,52,50,2,2
25963,47,97,-50,50
25964,104,99,5,5
25965,89,81,8,8
25966,86,89,-3,3
25967,90,84,6,6
25968,113,104,9,9
25969,89,87,2,2
25970,94,97,-3,3
25971,134,126,8,8
25972,63,62,1,1
25973,102,97,5,5
25974,146,128,18,18
25975,140,133,7,7
25976,73,74,-1,1
25977,127,120,7,7
25978,47,59,-12,12
25979,90,103,-13,13
25980,77,76,1,1
25981,136,123,13,13
25982,121,118,3,3
25983,82,73,9,9
25984,114,121,-7,7
25985,114,106,8,8
25986,80,76,4,4
25987,82,76,6,6
25988,79,78,1,1
25989,107,108,-1,1
25990,113,98,15,15
25991,114,105,9,9
25992,52,61,-9,9
25993,67,68,-1,1
25994,74,77,-3,3
25995,113,108,5,5
25996,77,74,3,3
25997,125,126,-1,1
25998,60,61,-1,1
25999,78,76,2,2
26000,94,92,2,2
26001,102,96,6,6
26002,115,104,11,11
26003,114,105,9,9
26004,115,115,0,0
26005,109,104,5,5
26006,107,111,-4,4
26007,80,78,2,2
26008,111,102,9,9
26009,36,57,-21,21
26010,78,76,2,2
26011,87,85,2,2
26012,74,73,1,1
26013,70,77,-7,7
26014,64,67,-3,3
26015,51,54,-3,3
26016,97,96,1,1
26017,106,99,7,7
26018,150,141,9,9
26019,105,94,11,11
26020,80,84,-4,4
26021,81,84,-3,3
26022,78,81,-3,3
26023,103,104,-1,1
26024,68,69,-1,1
26025,69,69,0,0
26026,100,113,-13,13
26027,100,87,13,13
26028,171,159,12,12
26029,102,98,4,4
26030,98,88,10,10
26031,81,85,-4,4
26032,86,80,6,6
26033,47,57,-10,10
26034,83,89,-6,6
26035,139,135,4,4
26036,71,75,-4,4
26037,142,133,9,9
26038,65,65,0,0
26039,68,68,0,0
26040,63,66,-3,3
26041,105,94,11,11
26042,53,63,-10,10
26043,126,118,8,8
26044,137,135,2,2
26045,64,63,1,1
26046,126,134,-8,8
26047,117,105,12,12
26048,65,88,-23,23
26049,133,132,1,1
26050,64,64,0,0
26051,96,86,10,10
26052,92,89,3,3
26053,99,100,-1,1
26054,148,144,4,4
26055,54,58,-4,4
26056,99,81,18,18
26057,89,99,-10,10
26058,63,64,-1,1
26059,90,85,5,5
26060,71,77,-6,6
26061,82,73,9,9
26062,89,84,5,5
26063,58,61,-3,3
26064,88,90,-2,2
26065,91,93,-2,2
26066,29,32,-3,3
26067,63,59,4,4
26068,73,75,-2,2
26069,68,66,2,2
26070,76,84,-8,8
26071,73,68,5,5
26072,152,133,19,19
26073,113,97,16,16
26074,57,54,3,3
26075,81,79,2,2
26076,102,106,-4,4
26077,87,109,-22,22
26078,106,103,3,3
26079,83,85,-2,2
26080,164,149,15,15
26081,122,104,18,18
26082,68,75,-7,7
26083,79,76,3,3
26084,57,60,-3,3
26085,116,114,2,2
26086,57,61,-4,4
26087,105,93,12,12
26088,95,87,8,8
26089,164,155,9,9
26090,159,160,-1,1
26091,92,81,11,11
26092,100,108,-8,8
26093,64,61,3,3
26094,121,152,-31,31
26095,157,138,19,19
26096,116,109,7,7
26097,46,53,-7,7
26098,106,98,8,8
26099,67,73,-6,6
26100,83,87,-4,4
26101,66,65,1,1
26102,105,109,-4,4
26103,166,162,4,4
26104,109,91,18,18
26105,75,75,0,0
26106,86,84,2,2
26107,91,84,7,7
26108,76,73,3,3
26109,149,151,-2,2
26110,102,93,9,9
26111,76,79,-3,3
26112,64,63,1,1
26113,108,99,9,9
26114,99,92,7,7
26115,104,102,2,2
26116,136,138,-2,2
26117,72,86,-14,14
26118,92,81,11,11
26119,70,71,-1,1
26120,69,71,-2,2
26121,154,136,18,18
26122,129,119,10,10
26123,102,96,6,6
26124,107,101,6,6
26125,107,105,2,2
26126,75,69,6,6
26127,108,98,10,10
26128,96,87,9,9
26129,80,84,-4,4
26130,73,74,-1,1
26131,129,122,7,7
26132,57,61,-4,4
26133,92,89,3,3
26134,70,81,-11,11
26135,61,68,-7,7
26136,52,68,-16,16
26137,145,132,13,13
26138,74,76,-2,2
26139,75,73,2,2
26140,134,126,8,8
26141,105,107,-2,2
26142,108,94,14,14
26143,98,97,1,1
26144,96,86,10,10
26145,135,128,7,7
26146,103,101,2,2
26147,84,81,3,3
26148,132,119,13,13
26149,114,97,17,17
26150,87,79,8,8
26151,55,61,-6,6
26152,65,62,3,3
26153,48,57,-9,9
26154,64,66,-2,2
26155,113,95,18,18
26156,137,122,15,15
26157,124,117,7,7
26158,47,50,-3,3
26159,103,95,8,8
26160,136,125,11,11
26161,80,76,4,4
26162,65,79,-14,14
26163,117,102,15,15
26164,113,116,-3,3
26165,71,67,4,4
26166,132,135,-3,3
26167,102,87,15,15
26168,191,175,16,16
26169,127,115,12,12
26170,102,100,2,2
26171,104,97,7,7
26172,113,107,6,6
26173,74,87,-13,13
26174,143,135,8,8
26175,73,68,5,5
26176,143,132,11,11
26177,120,109,11,11
26178,95,91,4,4
26179,84,85,-1,1
26180,146,139,7,7
26181,70,67,3,3
26182,125,104,21,21
26183,79,77,2,2
26184,77,84,-7,7
26185,69,68,1,1
26186,100,94,6,6
26187,190,160,30,30
26188,90,90,0,0
26189,67,80,-13,13
26190,179,171,8,8
26191,68,77,-9,9
26192,79,93,-14,14
26193,149,130,19,19
26194,87,66,21,21
26195,58,83,-25,25
26196,176,174,2,2
26197,67,67,0,0
26198,76,77,-1,1
26199,127,117,10,10
26200,73,69,4,4
26201,68,70,-2,2
26202,70,70,0,0
26203,101,95,6,6
26204,122,125,-3,3
26205,95,88,7,7
26206,90,87,3,3
26207,85,87,-2,2
26208,138,129,9,9
26209,115,112,3,3
26210,122,114,8,8
26211,59,59,0,0
26212,51,57,-6,6
26213,106,95,11,11
26214,110,110,0,0
26215,111,110,1,1
26216,62,79,-17,17
26217,93,81,12,12
26218,46,37,9,9
26219,107,107,0,0
26220,144,126,18,18
26221,92,81,11,11
26222,92,90,2,2
26223,95,103,-8,8
26224,154,142,12,12
26225,54,56,-2,2
26226,102,98,4,4
26227,61,67,-6,6
26228,109,111,-2,2
26229,155,128,27,27
26230,83,73,10,10
26231,79,78,1,1
26232,102,97,5,5
26233,133,114,19,19
26234,134,133,1,1
26235,81,74,7,7
26236,151,142,9,9
26237,46,51,-5,5
26238,97,91,6,6
26239,62,64,-2,2
26240,114,109,5,5
26241,83,88,-5,5
26242,114,107,7,7
26243,87,96,-9,9
26244,110,94,16,16
26245,232,224,8,8
26246,35,34,1,1
26247,96,89,7,7
26248,87,90,-3,3
26249,52,58,-6,6
26250,89,81,8,8
26251,84,75,9,9
26252,84,85,-1,1
26253,151,142,9,9
26254,51,57,-6,6
26255,112,100,12,12
26256,189,173,16,16
26257,68,66,2,2
26258,77,74,3,3
26259,62,67,-5,5
26260,112,108,4,4
26261,95,91,4,4
26262,81,85,-4,4
26263,108,93,15,15
26264,96,94,2,2
26265,58,58,0,0
26266,84,82,2,2
26267,116,101,15,15
26268,97,97,0,0
26269,92,92,0,0
26270,101,107,-6,6
26271,56,55,1,1
26272,74,77,-3,3
26273,115,104,11,11
26274,74,77,-3,3
26275,58,60,-2,2
26276,129,125,4,4
26277,91,91,0,0
26278,59,58,1,1
26279,52,52,0,0
26280,73,74,-1,1
26281,69,61,8,8
26282,119,95,24,24
26283,126,117,9,9
26284,114,94,20,20
26285,100,103,-3,3
26286,86,84,2,2
26287,116,125,-9,9
26288,72,70,2,2
26289,61,66,-5,5
26290,83,74,9,9
26291,94,93,1,1
26292,90,96,-6,6
26293,93,97,-4,4
26294,31,34,-3,3
26295,163,149,14,14
26296,99,90,9,9
26297,46,56,-10,10
26298,55,58,-3,3
26299,75,77,-2,2
26300,72,74,-2,2
26301,107,93,14,14
26302,89,94,-5,5
26303,66,55,11,11
26304,67,74,-7,7
26305,145,139,6,6
26306,151,140,11,11
26307,153,128,25,25
26308,56,55,1,1
26309,97,98,-1,1
26310,162,149,13,13
26311,90,86,4,4
26312,106,98,8,8
26313,27,32,-5,5
26314,93,85,8,8
26315,105,97,8,8
26316,123,130,-7,7
26317,61,66,-5,5
26318,64,63,1,1
26319,109,110,-1,1
26320,153,142,11,11
26321,81,78,3,3
26322,167,145,22,22
26323,100,91,9,9
26324,40,56,-16,16
26325,84,91,-7,7
26326,126,122,4,4
26327,69,71,-2,2
26328,54,41,13,13
26329,41,42,-1,1
26330,86,90,-4,4
26331,71,67,4,4
26332,97,92,5,5
26333,131,124,7,7
26334,42,42,0,0
26335,102,98,4,4
26336,83,86,-3,3
26337,187,167,20,20
26338,180,168,12,12
26339,73,74,-1,1
26340,108,126,-18,18
26341,57,62,-5,5
26342,121,114,7,7
26343,88,89,-1,1
26344,105,98,7,7
26345,80,89,-9,9
26346,86,92,-6,6
26347,124,116,8,8
26348,117,107,10,10
26349,112,107,5,5
26350,66,67,-1,1
26351,94,100,-6,6
26352,107,105,2,2
26353,45,43,2,2
26354,121,111,10,10
26355,82,77,5,5
26356,69,72,-3,3
26357,160,140,20,20
26358,119,104,15,15
26359,58,60,-2,2
26360,100,93,7,7
26361,72,73,-1,1
26362,67,67,0,0
26363,66,68,-2,2
26364,119,110,9,9
26365,138,140,-2,2
26366,65,64,1,1
26367,105,105,0,0
26368,36,52,-16,16
26369,69,72,-3,3
26370,78,74,4,4
26371,131,115,16,16
26372,109,112,-3,3
26373,75,72,3,3
26374,63,58,5,5
26375,53,64,-11,11
26376,105,104,1,1
26377,64,71,-7,7
26378,70,74,-4,4
26379,26,33,-7,7
26380,181,163,18,18
26381,66,70,-4,4
26382,130,134,-4,4
26383,122,121,1,1
26384,94,90,4,4
26385,124,121,3,3
26386,70,74,-4,4
26387,114,113,1,1
26388,93,84,9,9
26389,106,108,-2,2
26390,96,92,4,4
26391,90,97,-7,7
26392,118,114,4,4
26393,63,88,-25,25
26394,79,82,-3,3
26395,43,54,-11,11
26396,112,114,-2,2
26397,45,34,11,11
26398,114,119,-5,5
26399,107,94,13,13
26400,83,77,6,6
26401,40,34,6,6
26402,98,97,1,1
26403,115,108,7,7
26404,92,96,-4,4
26405,131,130,1,1
26406,106,92,14,14
26407,99,93,6,6
26408,67,68,-1,1
26409,171,154,17,17
26410,128,109,19,19
26411,88,82,6,6
26412,56,62,-6,6
26413,113,105,8,8
26414,62,49,13,13
26415,81,73,8,8
26416,83,86,-3,3
26417,113,101,12,12
26418,100,101,-1,1
26419,91,85,6,6
26420,79,86,-7,7
26421,156,141,15,15
26422,113,106,7,7
26423,67,79,-12,12
26424,129,116,13,13
26425,89,90,-1,1
26426,66,68,-2,2
26427,102,103,-1,1
26428,131,124,7,7
26429,111,106,5,5
26430,47,34,13,13
26431,37,45,-8,8
26432,92,93,-1,1
26433,91,88,3,3
26434,101,96,5,5
26435,43,57,-14,14
26436,78,72,6,6
26437,102,100,2,2
26438,92,87,5,5
26439,96,103,-7,7
26440,109,105,4,4
26441,98,98,0,0
26442,131,114,17,17
26443,104,105,-1,1
26444,96,122,-26,26
26445,98,94,4,4
26446,66,68,-2,2
26447,75,76,-1,1
26448,70,71,-1,1
26449,49,55,-6,6
26450,110,95,15,15
26451,128,110,18,18
26452,50,48,2,2
26453,85,86,-1,1
26454,59,58,1,1
26455,41,34,7,7
26456,71,70,1,1
26457,117,104,13,13
26458,91,91,0,0
26459,64,68,-4,4
26460,118,115,3,3
26461,43,48,-5,5
26462,134,128,6,6
26463,101,91,10,10
26464,109,96,13,13
26465,114,109,5,5
26466,118,123,-5,5
26467,70,78,-8,8
26468,102,97,5,5
26469,157,152,5,5
26470,308,273,35,35
26471,104,110,-6,6
26472,106,91,15,15
26473,74,73,1,1
26474,148,132,16,16
26475,106,103,3,3
26476,74,76,-2,2
26477,118,107,11,11
26478,114,111,3,3
26479,60,61,-1,1
26480,135,116,19,19
26481,60,60,0,0
26482,62,62,0,0
26483,120,120,0,0
26484,150,158,-8,8
26485,112,100,12,12
26486,87,87,0,0
26487,100,99,1,1
26488,52,61,-9,9
26489,82,83,-1,1
26490,136,140,-4,4
26491,65,69,-4,4
26492,104,94,10,10
26493,134,123,11,11
26494,104,91,13,13
26495,119,113,6,6
26496,119,107,12,12
26497,60,73,-13,13
26498,155,147,8,8
26499,129,125,4,4
26500,46,53,-7,7
26501,58,64,-6,6
26502,73,66,7,7
26503,114,99,15,15
26504,85,91,-6,6
26505,77,75,2,2
26506,89,84,5,5
26507,186,166,20,20
26508,74,73,1,1
26509,80,70,10,10
26510,108,107,1,1
26511,112,86,26,26
26512,38,34,4,4
26513,61,57,4,4
26514,109,98,11,11
26515,46,34,12,12
26516,139,124,15,15
26517,85,87,-2,2
26518,97,86,11,11
26519,60,72,-12,12
26520,36,40,-4,4
26521,89,96,-7,7
26522,147,138,9,9
26523,94,84,10,10
26524,88,79,9,9
26525,120,106,14,14
26526,75,84,-9,9
26527,95,93,2,2
26528,90,85,5,5
26529,46,56,-10,10
26530,49,54,-5,5
26531,145,132,13,13
26532,93,81,12,12
26533,48,41,7,7
26534,93,90,3,3
26535,76,69,7,7
26536,51,49,2,2
26537,102,94,8,8
26538,86,83,3,3
26539,88,84,4,4
26540,97,98,-1,1
26541,139,124,15,15
26542,163,149,14,14
26543,91,97,-6,6
26544,139,119,20,20
26545,56,70,-14,14
26546,56,69,-13,13
26547,84,83,1,1
26548,85,86,-1,1
26549,55,61,-6,6
26550,82,79,3,3
26551,90,86,4,4
26552,102,89,13,13
26553,46,53,-7,7
26554,151,144,7,7
26555,90,85,5,5
26556,78,111,-33,33
26557,70,65,5,5
26558,126,114,12,12
26559,114,115,-1,1
26560,135,113,22,22
26561,209,185,24,24
26562,163,149,14,14
26563,62,64,-2,2
26564,79,96,-17,17
26565,90,86,4,4
26566,126,112,14,14
26567,161,139,22,22
26568,119,108,11,11
26569,65,76,-11,11
26570,75,100,-25,25
26571,94,87,7,7
26572,57,57,0,0
26573,60,62,-2,2
26574,62,63,-1,1
26575,61,68,-7,7
26576,174,158,16,16
26577,65,68,-3,3
26578,122,116,6,6
26579,103,115,-12,12
26580,66,68,-2,2
26581,110,99,11,11
26582,59,59,0,0
26583,120,108,12,12
26584,101,97,4,4
26585,94,88,6,6
26586,125,118,7,7
26587,76,75,1,1
26588,66,73,-7,7
26589,85,89,-4,4
26590,101,100,1,1
26591,79,76,3,3
26592,179,160,19,19
26593,73,80,-7,7
26594,97,98,-1,1
26595,40,62,-22,22
26596,75,71,4,4
26597,157,146,11,11
26598,77,77,0,0
26599,108,113,-5,5
26600,129,115,14,14
26601,100,97,3,3
26602,76,89,-13,13
26603,40,34,6,6
26604,72,74,-2,2
26605,81,77,4,4
26606,122,110,12,12
26607,77,70,7,7
26608,162,150,12,12
26609,52,54,-2,2
26610,86,77,9,9
26611,61,58,3,3
26612,139,124,15,15
26613,122,114,8,8
26614,129,125,4,4
26615,64,65,-1,1
26616,53,57,-4,4
26617,163,141,22,22
26618,76,88,-12,12
26619,47,47,0,0
26620,57,62,-5,5
26621,142,126,16,16
26622,89,79,10,10
26623,100,101,-1,1
26624,126,129,-3,3
26625,149,131,18,18
26626,102,94,8,8
26627,51,58,-7,7
26628,131,113,18,18
26629,113,110,3,3
26630,128,113,15,15
26631,84,74,10,10
26632,88,84,4,4
26633,96,90,6,6
26634,131,112,19,19
26635,142,133,9,9
26636,139,128,11,11
26637,62,66,-4,4
26638,162,160,2,2
26639,100,96,4,4
26640,94,89,5,5
26641,118,108,10,10
26642,140,122,18,18
26643,105,97,8,8
26644,54,59,-5,5
26645,80,80,0,0
26646,54,56,-2,2
26647,82,84,-2,2
26648,78,79,-1,1
26649,81,79,2,2
26650,55,58,-3,3
26651,142,142,0,0
26652,152,137,15,15
26653,121,114,7,7
26654,109,101,8,8
26655,80,85,-5,5
26656,73,75,-2,2
26657,154,121,33,33
26658,122,118,4,4
26659,85,81,4,4
26660,65,70,-5,5
26661,127,113,14,14
26662,44,39,5,5
26663,90,95,-5,5
26664,115,112,3,3
26665,124,115,9,9
26666,148,144,4,4
26667,49,46,3,3
26668,77,78,-1,1
26669,173,159,14,14
26670,68,67,1,1
26671,149,145,4,4
26672,73,73,0,0
26673,54,57,-3,3
26674,90,81,9,9
26675,73,74,-1,1
26676,74,79,-5,5
26677,49,43,6,6
26678,79,74,5,5
26679,117,116,1,1
26680,57,67,-10,10
26681,123,108,15,15
26682,94,89,5,5
26683,124,103,21,21
26684,74,75,-1,1
26685,63,66,-3,3
26686,116,105,11,11
26687,93,84,9,9
26688,115,117,-2,2
26689,64,66,-2,2
26690,117,117,0,0
26691,74,76,-2,2
26692,49,45,4,4
26693,72,69,3,3
26694,86,88,-2,2
26695,52,55,-3,3
26696,87,86,1,1
26697,152,143,9,9
26698,61,68,-7,7
26699,67,72,-5,5
26700,64,72,-8,8
26701,100,96,4,4
26702,135,113,22,22
26703,120,116,4,4
26704,124,108,16,16
26705,105,108,-3,3
26706,144,146,-2,2
26707,100,98,2,2
26708,80,81,-1,1
26709,73,85,-12,12
26710,82,83,-1,1
26711,76,71,5,5
26712,115,110,5,5
26713,106,105,1,1
26714,125,123,2,2
26715,86,79,7,7
26716,94,90,4,4
26717,80,84,-4,4
26718,145,124,21,21
26719,122,113,9,9
26720,122,114,8,8
26721,115,108,7,7
26722,66,67,-1,1
26723,85,78,7,7
26724,95,99,-4,4
26725,110,95,15,15
26726,49,64,-15,15
26727,80,92,-12,12
26728,101,94,7,7
26729,77,75,2,2
26730,89,96,-7,7
26731,130,112,18,18
26732,106,112,-6,6
26733,56,56,0,0
26734,68,63,5,5
26735,152,141,11,11
26736,113,110,3,3
26737,98,94,4,4
26738,125,115,10,10
26739,71,71,0,0
26740,123,113,10,10
26741,97,79,18,18
26742,77,76,1,1
26743,56,63,-7,7
26744,127,116,11,11
26745,49,61,-12,12
26746,115,104,11,11
26747,61,64,-3,3
26748,97,89,8,8
26749,101,101,0,0
26750,77,81,-4,4
26751,117,120,-3,3
26752,90,96,-6,6
26753,120,108,12,12
26754,80,78,2,2
26755,71,67,4,4
26756,54,60,-6,6
26757,80,85,-5,5
26758,110,108,2,2
26759,71,86,-15,15
26760,82,86,-4,4
26761,68,76,-8,8
26762,78,85,-7,7
26763,69,64,5,5
26764,87,81,6,6
26765,94,87,7,7
26766,137,125,12,12
26767,57,61,-4,4
26768,56,57,-1,1
26769,57,68,-11,11
26770,62,63,-1,1
26771,63,71,-8,8
26772,165,150,15,15
26773,115,105,10,10
26774,133,124,9,9
26775,94,82,12,12
26776,107,108,-1,1
26777,106,96,10,10
26778,112,114,-2,2
26779,93,90,3,3
26780,55,64,-9,9
26781,85,84,1,1
26782,41,34,7,7
26783,120,105,15,15
26784,99,93,6,6
26785,83,74,9,9
26786,84,84,0,0
26787,110,103,7,7
26788,124,122,2,2
26789,122,111,11,11
26790,38,34,4,4
26791,120,108,12,12
26792,97,96,1,1
26793,61,63,-2,2
26794,113,114,-1,1
26795,74,70,4,4
26796,79,74,5,5
26797,125,109,16,16
26798,81,78,3,3
26799,125,113,12,12
26800,123,121,2,2
26801,90,92,-2,2
26802,48,57,-9,9
26803,55,61,-6,6
26804,62,69,-7,7
26805,64,74,-10,10
26806,91,91,0,0
26807,145,141,4,4
26808,86,79,7,7
26809,66,71,-5,5
26810,116,109,7,7
26811,76,75,1,1
26812,88,92,-4,4
26813,103,108,-5,5
26814,97,100,-3,3
26815,138,122,16,16
26816,75,78,-3,3
26817,92,84,8,8
26818,149,142,7,7
26819,60,64,-4,4
26820,108,103,5,5
26821,30,33,-3,3
26822,89,81,8,8
26823,49,58,-9,9
26824,97,87,10,10
26825,128,112,16,16
26826,96,94,2,2
26827,96,93,3,3
26828,63,59,4,4
26829,76,77,-1,1
26830,106,100,6,6
26831,79,84,-5,5
26832,127,112,15,15
26833,45,52,-7,7
26834,105,109,-4,4
26835,90,84,6,6
26836,43,47,-4,4
26837,235,145,90,90
26838,50,60,-10,10
26839,111,101,10,10
26840,69,67,2,2
26841,52,133,-81,81
26842,105,101,4,4
26843,49,49,0,0
26844,66,69,-3,3
26845,64,68,-4,4
26846,75,69,6,6
26847,70,73,-3,3
26848,96,89,7,7
26849,86,87,-1,1
26850,109,100,9,9
26851,357,208,149,149
26852,74,71,3,3
26853,96,97,-1,1
26854,101,102,-1,1
26855,86,86,0,0
26856,97,84,13,13
26857,47,34,13,13
26858,76,90,-14,14
26859,139,127,12,12
26860,127,118,9,9
26861,119,110,9,9
26862,133,122,11,11
26863,190,184,6,6
26864,119,107,12,12
26865,96,92,4,4
26866,31,32,-1,1
26867,94,103,-9,9
26868,112,124,-12,12
26869,104,96,8,8
26870,162,141,21,21
26871,128,118,10,10
26872,142,139,3,3
26873,107,80,27,27
26874,120,102,18,18
26875,57,64,-7,7
26876,157,143,14,14
26877,94,90,4,4
26878,109,113,-4,4
26879,58,66,-8,8
26880,108,90,18,18
26881,88,83,5,5
26882,123,122,1,1
26883,85,82,3,3
26884,136,128,8,8
26885,72,75,-3,3
26886,77,74,3,3
26887,59,60,-1,1
26888,154,137,17,17
26889,63,76,-13,13
26890,40,34,6,6
26891,142,145,-3,3
26892,160,144,16,16
26893,68,64,4,4
26894,91,84,7,7
26895,77,84,-7,7
26896,135,128,7,7
26897,134,191,-57,57
26898,172,168,4,4
26899,131,153,-22,22
26900,86,91,-5,5
26901,67,73,-6,6
26902,55,59,-4,4
26903,148,137,11,11
26904,66,70,-4,4
26905,120,104,16,16
26906,83,83,0,0
26907,101,93,8,8
26908,83,73,10,10
26909,106,124,-18,18
26910,99,95,4,4
26911,67,70,-3,3
26912,130,124,6,6
26913,79,80,-1,1
26914,43,49,-6,6
26915,146,131,15,15
26916,57,58,-1,1
26917,100,107,-7,7
26918,139,119,20,20
26919,114,99,15,15
26920,61,64,-3,3
26921,77,92,-15,15
26922,102,107,-5,5
26923,104,96,8,8
26924,145,130,15,15
26925,81,87,-6,6
26926,87,92,-5,5
26927,135,137,-2,2
26928,117,112,5,5
26929,82,76,6,6
26930,118,112,6,6
26931,106,108,-2,2
26932,123,117,6,6
26933,109,108,1,1
26934,66,66,0,0
26935,86,85,1,1
26936,104,104,0,0
26937,61,76,-15,15
26938,59,81,-22,22
26939,68,69,-1,1
26940,68,70,-2,2
26941,63,68,-5,5
26942,85,78,7,7
26943,135,132,3,3
26944,117,116,1,1
26945,134,120,14,14
26946,104,103,1,1
26947,73,74,-1,1
26948,79,78,1,1
26949,137,127,10,10
26950,106,94,12,12
26951,80,67,13,13
26952,175,154,21,21
26953,96,97,-1,1
26954,137,123,14,14
26955,119,111,8,8
26956,118,109,9,9
26957,135,129,6,6
26958,127,101,26,26
26959,103,103,0,0
26960,87,85,2,2
26961,90,71,19,19
26962,50,57,-7,7
26963,68,71,-3,3
26964,75,75,0,0
26965,150,147,3,3
26966,107,95,12,12
26967,122,117,5,5
26968,48,47,1,1
26969,141,137,4,4
26970,96,93,3,3
26971,93,94,-1,1
26972,85,78,7,7
26973,55,60,-5,5
26974,51,57,-6,6
26975,99,93,6,6
26976,52,63,-11,11
26977,79,69,10,10
26978,110,106,4,4
26979,121,110,11,11
26980,37,34,3,3
26981,92,91,1,1
26982,66,59,7,7
26983,148,116,32,32
26984,83,80,3,3
26985,175,158,17,17
26986,88,81,7,7
26987,110,100,10,10
26988,79,85,-6,6
26989,64,62,2,2
26990,124,109,15,15
26991,129,118,11,11
26992,91,90,1,1
26993,59,60,-1,1
26994,49,64,-15,15
26995,132,121,11,11
26996,76,107,-31,31
26997,110,100,10,10
26998,61,60,1,1
26999,90,93,-3,3
27000,126,120,6,6
27001,98,97,1,1
27002,59,58,1,1
27003,93,94,-1,1
27004,76,67,9,9
27005,75,68,7,7
27006,85,85,0,0
27007,149,130,19,19
27008,89,85,4,4
27009,112,106,6,6
27010,88,78,10,10
27011,65,64,1,1
27012,86,86,0,0
27013,64,59,5,5
27014,81,90,-9,9
27015,86,88,-2,2
27016,70,68,2,2
27017,150,122,28,28
27018,102,96,6,6
27019,92,84,8,8
27020,47,59,-12,12
27021,92,95,-3,3
27022,108,100,8,8
27023,85,86,-1,1
27024,127,118,9,9
27025,114,106,8,8
27026,89,80,9,9
27027,98,99,-1,1
27028,47,37,10,10
27029,95,100,-5,5
27030,174,167,7,7
27031,74,72,2,2
27032,214,201,13,13
27033,35,34,1,1
27034,202,196,6,6
27035,83,76,7,7
27036,125,110,15,15
27037,109,91,18,18
27038,54,62,-8,8
27039,56,59,-3,3
27040,71,74,-3,3
27041,81,77,4,4
27042,78,79,-1,1
27043,61,61,0,0
27044,77,74,3,3
27045,114,104,10,10
27046,59,61,-2,2
27047,116,120,-4,4
27048,49,61,-12,12
27049,66,80,-14,14
27050,91,77,14,14
27051,98,95,3,3
27052,73,75,-2,2
27053,78,77,1,1
27054,105,107,-2,2
27055,112,102,10,10
27056,84,86,-2,2
27057,78,71,7,7
27058,112,113,-1,1
27059,178,149,29,29
27060,134,130,4,4
27061,93,86,7,7
27062,99,95,4,4
27063,67,68,-1,1
27064,76,79,-3,3
27065,80,73,7,7
27066,74,72,2,2
27067,83,83,0,0
27068,99,110,-11,11
27069,70,63,7,7
27070,64,69,-5,5
27071,128,116,12,12
27072,93,84,9,9
27073,65,65,0,0
27074,40,34,6,6
27075,133,121,12,12
27076,97,95,2,2
27077,89,94,-5,5
27078,73,73,0,0
27079,102,90,12,12
27080,62,64,-2,2
27081,91,91,0,0
27082,147,135,12,12
27083,70,67,3,3
27084,71,71,0,0
27085,86,84,2,2
27086,62,64,-2,2
27087,104,90,14,14
27088,72,70,2,2
27089,52,54,-2,2
27090,38,40,-2,2
27091,67,73,-6,6
27092,196,178,18,18
27093,47,44,3,3
27094,51,58,-7,7
27095,88,88,0,0
27096,96,92,4,4
27097,42,41,1,1
27098,101,101,0,0
27099,105,95,10,10
27100,70,68,2,2
27101,87,97,-10,10
27102,120,117,3,3
27103,71,69,2,2
27104,118,107,11,11
27105,71,83,-12,12
27106,101,105,-4,4
27107,80,76,4,4
27108,107,96,11,11
27109,87,77,10,10
27110,60,65,-5,5
27111,56,54,2,2
27112,79,81,-2,2
27113,148,135,13,13
27114,75,74,1,1
27115,53,57,-4,4
27116,88,86,2,2
27117,104,122,-18,18
27118,77,69,8,8
27119,53,55,-2,2
27120,114,110,4,4
27121,74,68,6,6
27122,73,81,-8,8
27123,127,117,10,10
27124,81,75,6,6
27125,127,125,2,2
27126,139,121,18,18
27127,78,78,0,0
27128,79,74,5,5
27129,115,103,12,12
27130,125,109,16,16
27131,141,131,10,10
27132,127,110,17,17
27133,105,101,4,4
27134,57,64,-7,7
27135,99,100,-1,1
27136,91,85,6,6
27137,98,87,11,11
27138,114,120,-6,6
27139,74,74,0,0
27140,143,122,21,21
27141,68,70,-2,2
27142,159,142,17,17
27143,69,67,2,2
27144,72,68,4,4
27145,48,55,-7,7
27146,110,106,4,4
27147,86,84,2,2
27148,72,74,-2,2
27149,80,75,5,5
27150,70,76,-6,6
27151,37,34,3,3
27152,79,76,3,3
27153,53,48,5,5
27154,82,79,3,3
27155,55,59,-4,4
27156,72,78,-6,6
27157,104,102,2,2
27158,81,78,3,3
27159,131,131,0,0
27160,110,112,-2,2
27161,70,73,-3,3
27162,96,97,-1,1
27163,56,67,-11,11
27164,76,72,4,4
27165,87,88,-1,1
27166,100,90,10,10
27167,51,58,-7,7
27168,67,65,2,2
27169,50,57,-7,7
27170,72,88,-16,16
27171,69,67,2,2
27172,96,97,-1,1
27173,90,82,8,8
27174,84,85,-1,1
27175,136,132,4,4
27176,83,80,3,3
27177,93,95,-2,2
27178,130,142,-12,12
27179,111,108,3,3
27180,107,115,-8,8
27181,112,117,-5,5
27182,27,30,-3,3
27183,156,137,19,19
27184,102,93,9,9
27185,122,116,6,6
27186,114,103,11,11
27187,39,39,0,0
27188,137,124,13,13
27189,86,84,2,2
27190,83,75,8,8
27191,148,139,9,9
27192,108,104,4,4
27193,102,95,7,7
27194,95,94,1,1
27195,52,62,-10,10
27196,78,82,-4,4
27197,99,97,2,2
27198,124,121,3,3
27199,94,101,-7,7
27200,120,118,2,2
27201,102,102,0,0
27202,128,125,3,3
27203,64,61,3,3
27204,78,75,3,3
27205,65,74,-9,9
27206,128,127,1,1
27207,88,78,10,10
27208,63,73,-10,10
27209,86,92,-6,6
27210,102,100,2,2
27211,120,97,23,23
27212,95,99,-4,4
27213,83,79,4,4
27214,96,102,-6,6
27215,75,76,-1,1
27216,50,55,-5,5
27217,69,68,1,1
27218,118,103,15,15
27219,103,105,-2,2
27220,88,91,-3,3
27221,83,83,0,0
27222,113,101,12,12
27223,89,80,9,9
27224,92,86,6,6
27225,96,97,-1,1
27226,97,115,-18,18
27227,57,57,0,0
27228,70,71,-1,1
27229,79,86,-7,7
27230,81,80,1,1
27231,106,98,8,8
27232,178,159,19,19
27233,141,135,6,6
27234,97,93,4,4
27235,152,148,4,4
27236,82,82,0,0
27237,62,60,2,2
27238,69,74,-5,5
27239,145,133,12,12
27240,80,76,4,4
27241,124,116,8,8
27242,128,125,3,3
27243,147,128,19,19
27244,181,176,5,5
27245,92,94,-2,2
27246,48,52,-4,4
27247,144,136,8,8
27248,54,65,-11,11
27249,116,104,12,12
27250,106,101,5,5
27251,72,71,1,1
27252,139,124,15,15
27253,153,145,8,8
27254,105,95,10,10
27255,152,135,17,17
27256,137,117,20,20
27257,123,120,3,3
27258,49,60,-11,11
27259,80,75,5,5
27260,63,57,6,6
27261,35,64,-29,29
27262,53,60,-7,7
27263,80,84,-4,4
27264,56,53,3,3
27265,143,143,0,0
27266,160,148,12,12
27267,98,94,4,4
27268,98,88,10,10
27269,83,86,-3,3
27270,117,122,-5,5
27271,143,135,8,8
27272,91,93,-2,2
27273,60,68,-8,8
27274,106,96,10,10
27275,33,36,-3,3
27276,65,64,1,1
27277,79,74,5,5
27278,47,42,5,5
27279,78,79,-1,1
27280,108,108,0,0
27281,59,67,-8,8
27282,75,79,-4,4
27283,130,127,3,3
27284,75,82,-7,7
27285,89,89,0,0
27286,85,79,6,6
27287,127,116,11,11
27288,71,80,-9,9
27289,103,96,7,7
27290,40,34,6,6
27291,57,72,-15,15
27292,142,131,11,11
27293,61,73,-12,12
27294,77,71,6,6
27295,95,96,-1,1
27296,90,75,15,15
27297,101,98,3,3
27298,64,63,1,1
27299,154,127,27,27
27300,90,85,5,5
27301,103,98,5,5
27302,134,122,12,12
27303,96,80,16,16
27304,48,51,-3,3
27305,88,79,9,9
27306,126,117,9,9
27307,80,72,8,8
27308,66,67,-1,1
27309,43,38,5,5
27310,71,67,4,4
27311,102,95,7,7
27312,78,75,3,3
27313,99,93,6,6
27314,110,103,7,7
27315,105,102,3,3
27316,103,106,-3,3
27317,103,100,3,3
27318,62,87,-25,25
27319,92,91,1,1
27320,68,74,-6,6
27321,94,91,3,3
27322,97,96,1,1
27323,50,64,-14,14
27324,46,63,-17,17
27325,76,72,4,4
27326,127,105,22,22
27327,55,58,-3,3
27328,62,63,-1,1
27329,114,115,-1,1
27330,70,68,2,2
27331,110,104,6,6
27332,115,110,5,5
27333,102,91,11,11
27334,105,106,-1,1
27335,99,93,6,6
27336,122,116,6,6
27337,69,73,-4,4
27338,69,63,6,6
27339,79,77,2,2
27340,67,72,-5,5
27341,76,73,3,3
27342,54,56,-2,2
27343,96,89,7,7
27344,90,89,1,1
27345,73,71,2,2
27346,76,79,-3,3
27347,48,54,-6,6
27348,104,107,-3,3
27349,64,66,-2,2
27350,76,74,2,2
27351,106,102,4,4
27352,58,62,-4,4
27353,118,116,2,2
27354,78,79,-1,1
27355,119,114,5,5
27356,64,68,-4,4
27357,144,114,30,30
27358,112,102,10,10
27359,60,64,-4,4
27360,58,83,-25,25
27361,148,156,-8,8
27362,70,69,1,1
27363,193,168,25,25
27364,90,91,-1,1
27365,50,53,-3,3
27366,94,86,8,8
27367,114,105,9,9
27368,57,61,-4,4
27369,72,84,-12,12
27370,97,82,15,15
27371,121,111,10,10
27372,96,91,5,5
27373,78,80,-2,2
27374,124,125,-1,1
27375,156,147,9,9
27376,103,92,11,11
27377,117,115,2,2
27378,75,66,9,9
27379,101,101,0,0
27380,45,44,1,1
27381,60,61,-1,1
27382,124,120,4,4
27383,129,121,8,8
27384,90,90,0,0
27385,79,85,-6,6
27386,64,67,-3,3
27387,87,95,-8,8
27388,138,130,8,8
27389,106,103,3,3
27390,96,96,0,0
27391,124,116,8,8
27392,78,75,3,3
27393,99,95,4,4
27394,208,168,40,40
27395,111,104,7,7
27396,107,94,13,13
27397,92,83,9,9
27398,87,79,8,8
27399,108,116,-8,8
27400,70,63,7,7
27401,115,111,4,4
27402,86,89,-3,3
27403,86,81,5,5
27404,165,156,9,9
27405,59,96,-37,37
27406,111,113,-2,2
27407,196,168,28,28
27408,99,95,4,4
27409,121,96,25,25
27410,57,58,-1,1
27411,78,73,5,5
27412,98,97,1,1
27413,90,80,10,10
27414,89,90,-1,1
27415,97,91,6,6
27416,77,76,1,1
27417,78,76,2,2
27418,95,104,-9,9
27419,98,94,4,4
27420,126,112,14,14
27421,107,105,2,2
27422,83,81,2,2
27423,129,129,0,0
27424,93,96,-3,3
27425,210,167,43,43
27426,112,107,5,5
27427,51,55,-4,4
27428,93,78,15,15
27429,61,70,-9,9
27430,76,84,-8,8
27431,107,103,4,4
27432,115,95,20,20
27433,106,104,2,2
27434,77,78,-1,1
27435,102,101,1,1
27436,54,62,-8,8
27437,81,73,8,8
27438,64,76,-12,12
27439,134,128,6,6
27440,124,112,12,12
27441,49,60,-11,11
27442,90,100,-10,10
27443,72,65,7,7
27444,76,78,-2,2
27445,114,105,9,9
27446,59,70,-11,11
27447,97,111,-14,14
27448,96,88,8,8
27449,177,142,35,35
27450,111,103,8,8
27451,105,110,-5,5
27452,78,85,-7,7
27453,85,91,-6,6
27454,71,70,1,1
27455,114,112,2,2
27456,78,84,-6,6
27457,164,152,12,12
27458,75,76,-1,1
27459,128,119,9,9
27460,105,116,-11,11
27461,75,73,2,2
27462,87,87,0,0
27463,104,96,8,8
27464,130,117,13,13
27465,101,103,-2,2
27466,81,78,3,3
27467,75,74,1,1
27468,115,106,9,9
27469,80,74,6,6
27470,54,67,-13,13
27471,93,94,-1,1
27472,142,116,26,26
27473,41,47,-6,6
27474,78,78,0,0
27475,62,66,-4,4
27476,68,76,-8,8
27477,45,55,-10,10
27478,99,97,2,2
27479,92,84,8,8
27480,88,79,9,9
27481,134,133,1,1
27482,112,104,8,8
27483,97,101,-4,4
27484,131,134,-3,3
27485,71,69,2,2
27486,39,34,5,5
27487,68,71,-3,3
27488,47,49,-2,2
27489,60,59,1,1
27490,151,123,28,28
27491,81,71,10,10
27492,104,95,9,9
27493,99,101,-2,2
27494,103,97,6,6
27495,84,83,1,1
27496,92,90,2,2
27497,108,105,3,3
27498,124,114,10,10
27499,68,74,-6,6
27500,107,107,0,0
27501,97,83,14,14
27502,108,100,8,8
27503,54,64,-10,10
27504,75,74,1,1
27505,43,50,-7,7
27506,105,105,0,0
27507,103,106,-3,3
27508,85,90,-5,5
27509,121,114,7,7
27510,85,86,-1,1
27511,102,91,11,11
27512,113,115,-2,2
27513,70,73,-3,3
27514,120,108,12,12
27515,106,93,13,13
27516,72,75,-3,3
27517,89,91,-2,2
27518,90,86,4,4
27519,52,51,1,1
27520,78,80,-2,2
27521,88,91,-3,3
27522,290,237,53,53
27523,98,93,5,5
27524,94,93,1,1
27525,130,116,14,14
27526,50,68,-18,18
27527,102,94,8,8
27528,72,71,1,1
27529,79,74,5,5
27530,101,98,3,3
27531,88,79,9,9
27532,75,75,0,0
27533,109,115,-6,6
27534,68,67,1,1
27535,117,109,8,8
27536,112,108,4,4
27537,149,135,14,14
27538,94,97,-3,3
27539,73,74,-1,1
27540,86,83,3,3
27541,68,72,-4,4
27542,94,90,4,4
27543,96,96,0,0
27544,86,108,-22,22
27545,84,86,-2,2
27546,98,89,9,9
27547,149,133,16,16
27548,92,89,3,3
27549,72,67,5,5
27550,108,103,5,5
27551,85,94,-9,9
27552,92,88,4,4
27553,72,75,-3,3
27554,73,79,-6,6
27555,91,89,2,2
27556,167,165,2,2
27557,78,85,-7,7
27558,50,65,-15,15
27559,96,86,10,10
27560,105,106,-1,1
27561,102,99,3,3
27562,106,96,10,10
27563,138,124,14,14
27564,123,120,3,3
27565,76,73,3,3
27566,95,92,3,3
27567,87,84,3,3
27568,154,151,3,3
27569,75,76,-1,1
27570,137,121,16,16
27571,98,85,13,13
27572,96,96,0,0
27573,68,73,-5,5
27574,66,75,-9,9
27575,96,94,2,2
27576,99,98,1,1
27577,53,66,-13,13
27578,36,65,-29,29
27579,79,84,-5,5
27580,108,103,5,5
27581,20,30,-10,10
27582,95,93,2,2
27583,78,78,0,0
27584,114,112,2,2
27585,89,98,-9,9
27586,118,134,-16,16
27587,163,144,19,19
27588,64,63,1,1
27589,50,42,8,8
27590,65,67,-2,2
27591,91,85,6,6
27592,126,125,1,1
27593,96,92,4,4
27594,115,104,11,11
27595,114,107,7,7
27596,139,112,27,27
27597,45,61,-16,16
27598,155,150,5,5
27599,77,71,6,6
27600,105,90,15,15
27601,156,127,29,29
27602,90,88,2,2
27603,105,93,12,12
27604,36,38,-2,2
27605,134,137,-3,3
27606,111,115,-4,4
27607,61,58,3,3
27608,97,95,2,2
27609,76,75,1,1
27610,81,84,-3,3
27611,71,68,3,3
27612,99,91,8,8
27613,98,99,-1,1
27614,89,84,5,5
27615,153,139,14,14
27616,110,111,-1,1
27617,61,63,-2,2
27618,72,76,-4,4
27619,107,101,6,6
27620,107,101,6,6
27621,116,105,11,11
27622,116,107,9,9
27623,71,72,-1,1
27624,95,92,3,3
27625,99,97,2,2
27626,59,60,-1,1
27627,107,121,-14,14
27628,130,121,9,9
27629,95,78,17,17
27630,165,139,26,26
27631,171,146,25,25
27632,93,97,-4,4
27633,79,84,-5,5
27634,175,155,20,20
27635,121,116,5,5
27636,155,147,8,8
27637,174,165,9,9
27638,81,73,8,8
27639,57,58,-1,1
27640,180,148,32,32
27641,116,105,11,11
27642,162,150,12,12
27643,77,69,8,8
27644,78,76,2,2
27645,111,106,5,5
27646,87,76,11,11
27647,37,39,-2,2
27648,176,161,15,15
27649,69,78,-9,9
27650,72,75,-3,3
27651,91,91,0,0
27652,102,99,3,3
27653,81,81,0,0
27654,142,134,8,8
27655,189,163,26,26
27656,200,175,25,25
27657,61,67,-6,6
27658,89,89,0,0
27659,94,95,-1,1
27660,88,87,1,1
27661,85,79,6,6
27662,88,85,3,3
27663,52,56,-4,4
27664,61,82,-21,21
27665,79,79,0,0
27666,141,129,12,12
27667,83,80,3,3
27668,112,139,-27,27
27669,123,113,10,10
27670,54,55,-1,1
27671,66,67,-1,1
27672,117,114,3,3
27673,73,74,-1,1
27674,70,80,-10,10
27675,66,64,2,2
27676,105,114,-9,9
27677,77,79,-2,2
27678,100,94,6,6
27679,167,143,24,24
27680,73,71,2,2
27681,130,123,7,7
27682,87,73,14,14
27683,85,78,7,7
27684,69,71,-2,2
27685,73,74,-1,1
27686,77,81,-4,4
27687,138,129,9,9
27688,80,88,-8,8
27689,55,59,-4,4
27690,117,102,15,15
27691,110,102,8,8
27692,60,59,1,1
27693,96,89,7,7
27694,85,77,8,8
27695,106,110,-4,4
27696,94,91,3,3
27697,69,76,-7,7
27698,125,122,3,3
27699,179,155,24,24
27700,86,83,3,3
27701,129,122,7,7
27702,82,82,0,0
27703,91,81,10,10
27704,150,140,10,10
27705,57,64,-7,7
27706,70,70,0,0
27707,134,117,17,17
27708,71,73,-2,2
27709,74,79,-5,5
27710,83,83,0,0
27711,82,98,-16,16
27712,70,72,-2,2
27713,82,90,-8,8
27714,52,57,-5,5
27715,93,83,10,10
27716,54,56,-2,2
27717,136,131,5,5
27718,72,72,0,0
27719,86,105,-19,19
27720,108,111,-3,3
27721,93,86,7,7
27722,57,75,-18,18
27723,78,78,0,0
27724,130,118,12,12
27725,83,85,-2,2
27726,116,103,13,13
27727,103,91,12,12
27728,79,81,-2,2
27729,43,42,1,1
27730,100,98,2,2
27731,77,75,2,2
27732,127,118,9,9
27733,83,80,3,3
27734,134,147,-13,13
27735,108,93,15,15
27736,122,110,12,12
27737,86,88,-2,2
27738,71,71,0,0
27739,111,105,6,6
27740,132,115,17,17
27741,200,183,17,17
27742,77,74,3,3
27743,131,111,20,20
27744,75,76,-1,1
27745,66,66,0,0
27746,83,79,4,4
27747,155,137,18,18
27748,104,88,16,16
27749,85,79,6,6
27750,149,130,19,19
27751,198,239,-41,41
27752,68,80,-12,12
27753,143,107,36,36
27754,118,103,15,15
27755,75,74,1,1
27756,150,168,-18,18
27757,52,55,-3,3
27758,153,144,9,9
27759,88,96,-8,8
27760,101,110,-9,9
27761,74,71,3,3
27762,102,107,-5,5
27763,140,127,13,13
27764,71,66,5,5
27765,110,93,17,17
27766,110,106,4,4
27767,63,65,-2,2
27768,66,71,-5,5
27769,49,56,-7,7
27770,54,56,-2,2
27771,86,86,0,0
27772,58,60,-2,2
27773,54,58,-4,4
27774,60,68,-8,8
27775,77,77,0,0
27776,70,76,-6,6
27777,91,87,4,4
27778,112,108,4,4
27779,89,85,4,4
27780,80,76,4,4
27781,95,92,3,3
27782,98,91,7,7
27783,91,87,4,4
27784,117,110,7,7
27785,76,79,-3,3
27786,126,147,-21,21
27787,131,116,15,15
27788,65,68,-3,3
27789,90,80,10,10
27790,77,75,2,2
27791,114,108,6,6
27792,88,84,4,4
27793,90,87,3,3
27794,84,88,-4,4
27795,135,116,19,19
27796,95,86,9,9
27797,94,100,-6,6
27798,106,99,7,7
27799,75,73,2,2
27800,115,106,9,9
27801,143,136,7,7
27802,60,57,3,3
27803,68,64,4,4
27804,73,70,3,3
27805,168,139,29,29
27806,99,102,-3,3
27807,108,104,4,4
27808,77,85,-8,8
27809,60,57,3,3
27810,79,75,4,4
27811,103,113,-10,10
27812,120,119,1,1
27813,137,142,-5,5
27814,80,90,-10,10
27815,78,77,1,1
27816,49,59,-10,10
27817,97,106,-9,9
27818,104,101,3,3
27819,172,154,18,18
27820,154,145,9,9
27821,93,96,-3,3
27822,103,91,12,12
27823,51,58,-7,7
27824,72,73,-1,1
27825,81,81,0,0
27826,69,64,5,5
27827,111,98,13,13
27828,106,101,5,5
27829,143,128,15,15
27830,46,40,6,6
27831,118,118,0,0
27832,136,115,21,21
27833,103,93,10,10
27834,115,115,0,0
27835,100,94,6,6
27836,130,116,14,14
27837,146,130,16,16
27838,106,101,5,5
27839,160,149,11,11
27840,151,114,37,37
27841,111,105,6,6
27842,132,112,20,20
27843,70,63,7,7
27844,95,92,3,3
27845,113,105,8,8
27846,100,118,-18,18
27847,84,71,13,13
27848,144,123,21,21
27849,75,79,-4,4
27850,127,127,0,0
27851,35,34,1,1
27852,48,63,-15,15
27853,52,57,-5,5
27854,110,106,4,4
27855,109,102,7,7
27856,72,74,-2,2
27857,99,93,6,6
27858,58,53,5,5
27859,81,73,8,8
27860,96,81,15,15
27861,71,71,0,0
27862,122,101,21,21
27863,151,137,14,14
27864,92,89,3,3
27865,69,68,1,1
27866,111,104,7,7
27867,106,95,11,11
27868,122,116,6,6
27869,100,85,15,15
27870,62,66,-4,4
27871,77,75,2,2
27872,111,105,6,6
27873,68,75,-7,7
27874,97,89,8,8
27875,118,87,31,31
27876,118,114,4,4
27877,97,105,-8,8
27878,78,80,-2,2
27879,146,138,8,8
27880,99,95,4,4
27881,76,74,2,2
27882,64,61,3,3
27883,48,54,-6,6
27884,89,85,4,4
27885,59,62,-3,3
27886,74,76,-2,2
27887,72,75,-3,3
27888,83,78,5,5
27889,83,72,11,11
27890,97,100,-3,3
27891,100,93,7,7
27892,181,176,5,5
27893,37,34,3,3
27894,64,67,-3,3
27895,84,73,11,11
27896,68,66,2,2
27897,54,54,0,0
27898,85,81,4,4
27899,75,77,-2,2
27900,98,94,4,4
27901,147,134,13,13
27902,138,129,9,9
27903,61,61,0,0
27904,83,88,-5,5
27905,158,142,16,16
27906,119,109,10,10
27907,88,80,8,8
27908,119,110,9,9
27909,118,102,16,16
27910,68,67,1,1
27911,49,55,-6,6
27912,112,101,11,11
27913,113,107,6,6
27914,83,89,-6,6
27915,81,87,-6,6
27916,31,33,-2,2
27917,87,75,12,12
27918,144,132,12,12
27919,133,137,-4,4
27920,137,132,5,5
27921,95,94,1,1
27922,80,80,0,0
27923,109,104,5,5
27924,90,92,-2,2
27925,70,69,1,1
27926,66,73,-7,7
27927,81,72,9,9
27928,156,148,8,8
27929,70,79,-9,9
27930,95,100,-5,5
27931,109,97,12,12
27932,61,107,-46,46
27933,40,34,6,6
27934,138,140,-2,2
27935,96,86,10,10
27936,53,67,-14,14
27937,85,92,-7,7
27938,137,123,14,14
27939,113,107,6,6
27940,127,121,6,6
27941,77,71,6,6
27942,66,71,-5,5
27943,36,34,2,2
27944,83,85,-2,2
27945,120,101,19,19
27946,55,63,-8,8
27947,61,69,-8,8
27948,68,66,2,2
27949,93,92,1,1
27950,173,162,11,11
27951,58,63,-5,5
27952,75,76,-1,1
27953,83,74,9,9
27954,141,144,-3,3
27955,67,68,-1,1
27956,35,43,-8,8
27957,63,69,-6,6
27958,52,57,-5,5
27959,183,163,20,20
27960,52,53,-1,1
27961,72,70,2,2
27962,77,79,-2,2
27963,61,59,2,2
27964,124,107,17,17
27965,78,80,-2,2
27966,123,117,6,6
27967,122,118,4,4
27968,88,89,-1,1
27969,74,79,-5,5
27970,66,71,-5,5
27971,69,76,-7,7
27972,92,93,-1,1
27973,79,75,4,4
27974,45,68,-23,23
27975,115,116,-1,1
27976,143,136,7,7
27977,99,100,-1,1
27978,129,131,-2,2
27979,103,99,4,4
27980,90,96,-6,6
27981,88,84,4,4
27982,123,121,2,2
27983,175,146,29,29
27984,95,89,6,6
27985,105,103,2,2
27986,65,71,-6,6
27987,66,61,5,5
27988,137,120,17,17
27989,84,85,-1,1
27990,110,99,11,11
27991,118,104,14,14
27992,114,112,2,2
27993,97,104,-7,7
27994,90,85,5,5
27995,124,120,4,4
27996,158,151,7,7
27997,67,92,-25,25
27998,96,92,4,4
27999,97,91,6,6
28000,108,102,6,6
28001,106,98,8,8
28002,56,57,-1,1
28003,69,71,-2,2
28004,41,51,-10,10
28005,67,67,0,0
28006,172,162,10,10
28007,53,57,-4,4
28008,94,84,10,10
28009,121,113,8,8
28010,97,82,15,15
28011,91,91,0,0
28012,117,97,20,20
28013,125,137,-12,12
28014,59,63,-4,4
28015,114,103,11,11
28016,87,81,6,6
28017,106,102,4,4
28018,77,80,-3,3
28019,135,116,19,19
28020,145,124,21,21
28021,72,73,-1,1
28022,53,64,-11,11
28023,149,134,15,15
28024,101,101,0,0
28025,76,59,17,17
28026,87,94,-7,7
28027,73,68,5,5
28028,107,103,4,4
28029,67,62,5,5
28030,67,74,-7,7
28031,80,80,0,0
28032,91,88,3,3
28033,91,85,6,6
28034,104,97,7,7
28035,66,60,6,6
28036,90,85,5,5
28037,71,81,-10,10
28038,118,98,20,20
28039,87,90,-3,3
28040,68,68,0,0
28041,114,115,-1,1
28042,117,115,2,2
28043,130,118,12,12
28044,134,138,-4,4
28045,125,118,7,7
28046,74,72,2,2
28047,88,82,6,6
28048,56,72,-16,16
28049,116,100,16,16
28050,145,134,11,11
28051,75,66,9,9
28052,71,85,-14,14
28053,50,55,-5,5
28054,97,97,0,0
28055,55,52,3,3
28056,52,51,1,1
28057,154,123,31,31
28058,132,119,13,13
28059,180,154,26,26
28060,68,72,-4,4
28061,86,85,1,1
28062,147,140,7,7
28063,68,82,-14,14
28064,80,76,4,4
28065,98,91,7,7
28066,109,115,-6,6
28067,88,89,-1,1
28068,78,83,-5,5
28069,86,76,10,10
28070,42,44,-2,2
28071,74,84,-10,10
28072,137,127,10,10
28073,110,104,6,6
28074,76,88,-12,12
28075,64,65,-1,1
28076,150,135,15,15
28077,116,102,14,14
28078,74,76,-2,2
28079,69,69,0,0
28080,55,53,2,2
28081,114,117,-3,3
28082,178,177,1,1
28083,78,74,4,4
28084,71,70,1,1
28085,80,84,-4,4
28086,119,127,-8,8
28087,59,65,-6,6
28088,75,69,6,6
28089,77,85,-8,8
28090,64,74,-10,10
28091,118,104,14,14
28092,141,131,10,10
28093,144,144,0,0
28094,118,110,8,8
28095,90,75,15,15
28096,96,96,0,0
28097,107,100,7,7
28098,141,144,-3,3
28099,71,64,7,7
28100,94,84,10,10
28101,196,172,24,24
28102,93,98,-5,5
28103,122,100,22,22
28104,78,80,-2,2
28105,83,98,-15,15
28106,84,77,7,7
28107,65,62,3,3
28108,165,158,7,7
28109,116,123,-7,7
28110,91,78,13,13
28111,69,67,2,2
28112,87,77,10,10
28113,94,99,-5,5
28114,113,107,6,6
28115,169,162,7,7
28116,112,98,14,14
28117,85,86,-1,1
28118,113,104,9,9
28119,145,127,18,18
28120,53,60,-7,7
28121,97,94,3,3
28122,102,104,-2,2
28123,107,113,-6,6
28124,88,82,6,6
28125,76,74,2,2
28126,46,49,-3,3
28127,83,83,0,0
28128,99,90,9,9
28129,118,113,5,5
28130,85,77,8,8
28131,112,112,0,0
28132,120,105,15,15
28133,246,205,41,41
28134,124,109,15,15
28135,64,69,-5,5
28136,118,104,14,14
28137,118,110,8,8
28138,78,79,-1,1
28139,74,80,-6,6
28140,86,81,5,5
28141,90,78,12,12
28142,132,136,-4,4
28143,125,116,9,9
28144,70,69,1,1
28145,69,67,2,2
28146,119,110,9,9
28147,144,131,13,13
28148,172,154,18,18
28149,83,80,3,3
28150,99,90,9,9
28151,104,100,4,4
28152,127,118,9,9
28153,78,73,5,5
28154,110,96,14,14
28155,53,56,-3,3
28156,79,84,-5,5
28157,47,34,13,13
28158,123,110,13,13
28159,132,125,7,7
28160,104,101,3,3
28161,127,119,8,8
28162,105,91,14,14
28163,65,70,-5,5
28164,100,100,0,0
28165,192,159,33,33
28166,61,90,-29,29
28167,106,108,-2,2
28168,38,72,-34,34
28169,186,156,30,30
28170,166,145,21,21
28171,122,112,10,10
28172,141,132,9,9
28173,122,126,-4,4
28174,39,62,-23,23
28175,117,115,2,2
28176,128,122,6,6
28177,148,138,10,10
28178,118,111,7,7
28179,96,91,5,5
28180,72,79,-7,7
28181,76,69,7,7
28182,63,63,0,0
28183,84,89,-5,5
28184,102,97,5,5
28185,75,73,2,2
28186,92,92,0,0
28187,69,67,2,2
28188,94,82,12,12
28189,70,69,1,1
28190,112,100,12,12
28191,87,76,11,11
28192,68,71,-3,3
28193,123,137,-14,14
28194,81,69,12,12
28195,116,126,-10,10
28196,82,84,-2,2
28197,149,130,19,19
28198,60,73,-13,13
28199,59,68,-9,9
28200,110,96,14,14
28201,89,121,-32,32
28202,114,112,2,2
28203,128,118,10,10
28204,57,65,-8,8
28205,77,79,-2,2
28206,85,84,1,1
28207,194,188,6,6
28208,72,85,-13,13
28209,75,79,-4,4
28210,57,81,-24,24
28211,165,148,17,17
28212,99,96,3,3
28213,84,81,3,3
28214,89,93,-4,4
28215,64,66,-2,2
28216,115,119,-4,4
28217,81,82,-1,1
28218,96,105,-9,9
28219,134,131,3,3
28220,74,72,2,2
28221,121,133,-12,12
28222,81,90,-9,9
28223,58,61,-3,3
28224,77,70,7,7
28225,97,94,3,3
28226,66,63,3,3
28227,104,103,1,1
28228,112,112,0,0
28229,59,60,-1,1
28230,151,132,19,19
28231,111,98,13,13
28232,133,124,9,9
28233,76,76,0,0
28234,93,94,-1,1
28235,76,74,2,2
28236,85,78,7,7
28237,151,146,5,5
28238,76,79,-3,3
28239,79,74,5,5
28240,172,181,-9,9
28241,148,129,19,19
28242,89,87,2,2
28243,87,78,9,9
28244,128,120,8,8
28245,71,62,9,9
28246,72,68,4,4
28247,77,79,-2,2
28248,100,92,8,8
28249,107,105,2,2
28250,86,83,3,3
28251,81,74,7,7
28252,93,90,3,3
28253,56,57,-1,1
28254,138,125,13,13
28255,77,78,-1,1
28256,175,162,13,13
28257,72,72,0,0
28258,93,89,4,4
28259,92,85,7,7
28260,104,114,-10,10
28261,132,112,20,20
28262,81,84,-3,3
28263,71,75,-4,4
28264,140,138,2,2
28265,102,95,7,7
28266,53,57,-4,4
28267,87,91,-4,4
28268,147,136,11,11
28269,93,99,-6,6
28270,65,67,-2,2
28271,154,138,16,16
28272,222,197,25,25
28273,107,99,8,8
28274,81,75,6,6
28275,59,62,-3,3
28276,63,64,-1,1
28277,100,98,2,2
28278,89,80,9,9
28279,70,68,2,2
28280,90,92,-2,2
28281,135,134,1,1
28282,112,104,8,8
28283,102,96,6,6
28284,126,123,3,3
28285,87,87,0,0
28286,98,93,5,5
28287,128,110,18,18
28288,54,59,-5,5
28289,88,88,0,0
28290,79,78,1,1
28291,177,156,21,21
28292,110,103,7,7
28293,68,74,-6,6
28294,126,121,5,5
28295,115,108,7,7
28296,105,108,-3,3
28297,86,83,3,3
28298,66,96,-30,30
28299,65,61,4,4
28300,78,85,-7,7
28301,87,85,2,2
28302,108,105,3,3
28303,46,59,-13,13
28304,106,103,3,3
28305,127,116,11,11
28306,137,130,7,7
28307,84,75,9,9
28308,73,80,-7,7
28309,70,67,3,3
28310,76,74,2,2
28311,84,81,3,3
28312,125,97,28,28
28313,73,75,-2,2
28314,176,166,10,10
28315,97,93,4,4
28316,128,117,11,11
28317,74,75,-1,1
28318,145,131,14,14
28319,93,94,-1,1
28320,70,71,-1,1
28321,67,77,-10,10
28322,84,82,2,2
28323,59,62,-3,3
28324,92,90,2,2
28325,112,102,10,10
28326,51,52,-1,1
28327,56,58,-2,2
28328,92,90,2,2
28329,49,58,-9,9
28330,98,98,0,0
28331,71,75,-4,4
28332,72,73,-1,1
28333,68,77,-9,9
28334,87,89,-2,2
28335,121,114,7,7
28336,94,92,2,2
28337,76,85,-9,9
28338,112,103,9,9
28339,69,64,5,5
28340,113,107,6,6
28341,129,127,2,2
28342,105,105,0,0
28343,99,105,-6,6
28344,58,63,-5,5
28345,130,117,13,13
28346,85,81,4,4
28347,73,65,8,8
28348,56,52,4,4
28349,97,102,-5,5
28350,104,106,-2,2
28351,73,75,-2,2
28352,111,101,10,10
28353,73,68,5,5
28354,98,88,10,10
28355,102,104,-2,2
28356,80,74,6,6
28357,47,49,-2,2
28358,102,107,-5,5
28359,76,75,1,1
28360,69,77,-8,8
28361,85,88,-3,3
28362,111,111,0,0
28363,34,33,1,1
28364,137,135,2,2
28365,79,77,2,2
28366,72,77,-5,5
28367,62,68,-6,6
28368,91,87,4,4
28369,82,82,0,0
28370,120,127,-7,7
28371,92,92,0,0
28372,110,110,0,0
28373,122,114,8,8
28374,119,110,9,9
28375,183,169,14,14
28376,61,66,-5,5
28377,97,85,12,12
28378,117,116,1,1
28379,71,74,-3,3
28380,100,91,9,9
28381,119,109,10,10
28382,94,82,12,12
28383,94,95,-1,1
28384,97,84,13,13
28385,62,58,4,4
28386,74,77,-3,3
28387,104,104,0,0
28388,143,136,7,7
28389,74,77,-3,3
28390,126,117,9,9
28391,64,66,-2,2
28392,97,90,7,7
28393,82,78,4,4
28394,56,66,-10,10
28395,98,98,0,0
28396,139,128,11,11
28397,102,101,1,1
28398,100,99,1,1
28399,115,98,17,17
28400,138,116,22,22
28401,39,36,3,3
28402,132,127,5,5
28403,127,124,3,3
28404,98,87,11,11
28405,83,73,10,10
28406,106,106,0,0
28407,161,145,16,16
28408,77,65,12,12
28409,76,87,-11,11
28410,96,88,8,8
28411,107,107,0,0
28412,85,250,-165,165
28413,79,80,-1,1
28414,102,94,8,8
28415,57,54,3,3
28416,79,80,-1,1
28417,76,84,-8,8
28418,82,85,-3,3
28419,56,58,-2,2
28420,84,80,4,4
28421,110,99,11,11
28422,183,158,25,25
28423,118,120,-2,2
28424,100,92,8,8
28425,109,96,13,13
28426,101,95,6,6
28427,57,66,-9,9
28428,89,104,-15,15
28429,148,130,18,18
28430,202,191,11,11
28431,137,138,-1,1
28432,91,85,6,6
28433,112,105,7,7
28434,68,69,-1,1
28435,83,80,3,3
28436,72,71,1,1
28437,79,75,4,4
28438,116,112,4,4
28439,54,58,-4,4
28440,87,87,0,0
28441,82,84,-2,2
28442,104,99,5,5
28443,126,118,8,8
28444,106,106,0,0
28445,116,104,12,12
28446,91,94,-3,3
28447,77,73,4,4
28448,123,137,-14,14
28449,145,131,14,14
28450,88,81,7,7
28451,95,106,-11,11
28452,79,84,-5,5
28453,91,94,-3,3
28454,133,119,14,14
28455,165,172,-7,7
28456,61,60,1,1
28457,63,71,-8,8
28458,120,112,8,8
28459,54,50,4,4
28460,145,136,9,9
28461,130,124,6,6
28462,68,66,2,2
28463,55,57,-2,2
28464,90,84,6,6
28465,102,88,14,14
28466,52,54,-2,2
28467,102,100,2,2
28468,162,154,8,8
28469,85,90,-5,5
28470,81,80,1,1
28471,57,55,2,2
28472,82,76,6,6
28473,135,95,40,40
28474,43,45,-2,2
28475,82,75,7,7
28476,66,72,-6,6
28477,102,96,6,6
28478,70,71,-1,1
28479,151,140,11,11
28480,127,121,6,6
28481,77,64,13,13
28482,137,122,15,15
28483,83,74,9,9
28484,183,163,20,20
28485,43,34,9,9
28486,129,125,4,4
28487,58,56,2,2
28488,73,77,-4,4
28489,67,63,4,4
28490,57,63,-6,6
28491,133,138,-5,5
28492,76,77,-1,1
28493,87,85,2,2
28494,76,76,0,0
28495,99,86,13,13
28496,95,93,2,2
28497,56,60,-4,4
28498,146,130,16,16
28499,123,106,17,17
28500,93,110,-17,17
28501,71,74,-3,3
28502,97,90,7,7
28503,122,110,12,12
28504,97,95,2,2
28505,86,83,3,3
28506,87,87,0,0
28507,134,115,19,19
28508,99,102,-3,3
28509,135,126,9,9
28510,85,81,4,4
28511,132,126,6,6
28512,54,57,-3,3
28513,77,83,-6,6
28514,63,69,-6,6
28515,138,132,6,6
28516,58,62,-4,4
28517,141,128,13,13
28518,161,151,10,10
28519,105,110,-5,5
28520,107,110,-3,3
28521,153,154,-1,1
28522,90,88,2,2
28523,147,142,5,5
28524,92,95,-3,3
28525,34,32,2,2
28526,90,91,-1,1
28527,50,58,-8,8
28528,83,77,6,6
28529,127,132,-5,5
28530,59,57,2,2
28531,57,64,-7,7
28532,115,113,2,2
28533,91,95,-4,4
28534,143,126,17,17
28535,119,107,12,12
28536,97,98,-1,1
28537,155,146,9,9
28538,128,119,9,9
28539,67,67,0,0
28540,60,65,-5,5
28541,103,94,9,9
28542,128,117,11,11
28543,100,95,5,5
28544,71,71,0,0
28545,85,84,1,1
28546,74,73,1,1
28547,172,137,35,35
28548,73,72,1,1
28549,51,55,-4,4
28550,76,79,-3,3
28551,110,106,4,4
28552,125,105,20,20
28553,49,59,-10,10
28554,145,129,16,16
28555,81,75,6,6
28556,79,99,-20,20
28557,108,102,6,6
28558,95,91,4,4
28559,66,62,4,4
28560,78,76,2,2
28561,41,49,-8,8
28562,89,80,9,9
28563,60,65,-5,5
28564,88,80,8,8
28565,54,65,-11,11
28566,112,103,9,9
28567,135,117,18,18
28568,123,118,5,5
28569,76,93,-17,17
28570,82,78,4,4
28571,38,34,4,4
28572,51,56,-5,5
28573,33,38,-5,5
28574,100,93,7,7
28575,64,73,-9,9
28576,98,97,1,1
28577,104,96,8,8
28578,108,105,3,3
28579,112,108,4,4
28580,54,61,-7,7
28581,75,75,0,0
28582,89,94,-5,5
28583,137,122,15,15
28584,66,64,2,2
28585,81,82,-1,1
28586,91,92,-1,1
28587,84,85,-1,1
28588,52,53,-1,1
28589,64,70,-6,6
28590,176,168,8,8
28591,59,64,-5,5
28592,70,68,2,2
28593,69,66,3,3
28594,83,104,-21,21
28595,71,74,-3,3
28596,61,65,-4,4
28597,65,64,1,1
28598,94,108,-14,14
28599,53,55,-2,2
28600,66,60,6,6
28601,93,90,3,3
28602,66,67,-1,1
28603,75,70,5,5
28604,96,100,-4,4
28605,66,67,-1,1
28606,158,118,40,40
28607,80,72,8,8
28608,67,65,2,2
28609,67,68,-1,1
28610,79,76,3,3
28611,57,60,-3,3
28612,66,71,-5,5
28613,44,42,2,2
28614,59,61,-2,2
28615,150,132,18,18
28616,128,116,12,12
28617,74,76,-2,2
28618,38,54,-16,16
28619,51,53,-2,2
28620,123,116,7,7
28621,61,58,3,3
28622,77,66,11,11
28623,61,64,-3,3
28624,94,88,6,6
28625,104,106,-2,2
28626,62,73,-11,11
28627,115,103,12,12
28628,122,102,20,20
28629,96,93,3,3
28630,84,82,2,2
28631,119,115,4,4
28632,99,92,7,7
28633,85,83,2,2
28634,118,106,12,12
28635,144,124,20,20
28636,54,58,-4,4
28637,152,134,18,18
28638,47,55,-8,8
28639,67,65,2,2
28640,81,78,3,3
28641,125,115,10,10
28642,104,96,8,8
28643,63,71,-8,8
28644,71,64,7,7
28645,56,67,-11,11
28646,144,137,7,7
28647,125,130,-5,5
28648,64,59,5,5
28649,108,94,14,14
28650,87,80,7,7
28651,66,73,-7,7
28652,83,85,-2,2
28653,102,95,7,7
28654,120,114,6,6
28655,114,109,5,5
28656,114,106,8,8
28657,148,140,8,8
28658,100,93,7,7
28659,76,77,-1,1
28660,53,61,-8,8
28661,104,102,2,2
28662,101,102,-1,1
28663,93,93,0,0
28664,50,51,-1,1
28665,47,51,-4,4
28666,137,131,6,6
28667,109,99,10,10
28668,83,92,-9,9
28669,32,33,-1,1
28670,69,65,4,4
28671,92,86,6,6
28672,78,79,-1,1
28673,96,107,-11,11
28674,92,88,4,4
28675,53,54,-1,1
28676,144,136,8,8
28677,107,97,10,10
28678,112,104,8,8
28679,72,66,6,6
28680,108,96,12,12
28681,84,79,5,5
28682,54,60,-6,6
28683,82,107,-25,25
28684,98,85,13,13
28685,73,78,-5,5
28686,50,59,-9,9
28687,89,88,1,1
28688,66,66,0,0
28689,140,136,4,4
28690,97,91,6,6
28691,77,83,-6,6
28692,106,78,28,28
28693,73,75,-2,2
28694,122,114,8,8
28695,80,78,2,2
28696,60,63,-3,3
28697,90,83,7,7
28698,83,85,-2,2
28699,86,86,0,0
28700,33,33,0,0
28701,134,126,8,8
28702,117,113,4,4
28703,60,61,-1,1
28704,116,109,7,7
28705,110,114,-4,4
28706,129,122,7,7
28707,88,84,4,4
28708,76,74,2,2
28709,171,160,11,11
28710,98,82,16,16
28711,100,92,8,8
28712,66,61,5,5
28713,140,123,17,17
28714,101,87,14,14
28715,61,61,0,0
28716,89,86,3,3
28717,93,92,1,1
28718,101,94,7,7
28719,63,73,-10,10
28720,85,88,-3,3
28721,94,96,-2,2
28722,114,129,-15,15
28723,104,107,-3,3
28724,78,76,2,2
28725,108,121,-13,13
28726,57,60,-3,3
28727,38,36,2,2
28728,69,77,-8,8
28729,106,105,1,1
28730,77,79,-2,2
28731,235,225,10,10
28732,98,96,2,2
28733,111,103,8,8
28734,70,86,-16,16
28735,102,94,8,8
28736,92,92,0,0
28737,67,75,-8,8
28738,83,86,-3,3
28739,71,71,0,0
28740,92,74,18,18
28741,59,62,-3,3
28742,90,86,4,4
28743,71,68,3,3
28744,52,61,-9,9
28745,109,94,15,15
28746,105,109,-4,4
28747,79,76,3,3
28748,81,75,6,6
28749,84,85,-1,1
28750,80,73,7,7
28751,56,65,-9,9
28752,84,78,6,6
28753,44,50,-6,6
28754,85,83,2,2
28755,62,70,-8,8
28756,83,76,7,7
28757,59,73,-14,14
28758,92,84,8,8
28759,99,100,-1,1
28760,131,142,-11,11
28761,58,61,-3,3
28762,164,144,20,20
28763,132,111,21,21
28764,73,70,3,3
28765,82,80,2,2
28766,57,62,-5,5
28767,97,106,-9,9
28768,26,34,-8,8
28769,107,99,8,8
28770,88,81,7,7
28771,84,85,-1,1
28772,82,85,-3,3
28773,141,142,-1,1
28774,78,76,2,2
28775,146,136,10,10
28776,84,79,5,5
28777,93,85,8,8
28778,74,75,-1,1
28779,139,126,13,13
28780,125,121,4,4
28781,65,68,-3,3
28782,101,105,-4,4
28783,114,119,-5,5
28784,54,59,-5,5
28785,99,91,8,8
28786,83,78,5,5
28787,128,116,12,12
28788,90,93,-3,3
28789,77,74,3,3
28790,68,61,7,7
28791,78,93,-15,15
28792,76,76,0,0
28793,85,84,1,1
28794,106,103,3,3
28795,207,173,34,34
28796,105,100,5,5
28797,110,111,-1,1
28798,86,77,9,9
28799,166,133,33,33
28800,118,111,7,7
28801,99,92,7,7
28802,80,89,-9,9
28803,27,42,-15,15
28804,125,108,17,17
28805,92,90,2,2
28806,85,79,6,6
28807,91,93,-2,2
28808,61,61,0,0
28809,86,79,7,7
28810,50,55,-5,5
28811,101,99,2,2
28812,79,70,9,9
28813,82,96,-14,14
28814,63,61,2,2
28815,100,90,10,10
28816,103,82,21,21
28817,150,137,13,13
28818,86,76,10,10
28819,72,77,-5,5
28820,54,59,-5,5
28821,136,134,2,2
28822,60,58,2,2
28823,118,110,8,8
28824,64,61,3,3
28825,78,74,4,4
28826,76,70,6,6
28827,145,135,10,10
28828,62,70,-8,8
28829,98,98,0,0
28830,100,97,3,3
28831,142,132,10,10
28832,77,88,-11,11
28833,81,91,-10,10
28834,79,79,0,0
28835,78,75,3,3
28836,84,87,-3,3
28837,63,61,2,2
28838,94,90,4,4
28839,89,82,7,7
28840,78,79,-1,1
28841,132,133,-1,1
28842,151,139,12,12
28843,156,140,16,16
28844,41,59,-18,18
28845,106,104,2,2
28846,99,95,4,4
28847,42,47,-5,5
28848,79,72,7,7
28849,60,74,-14,14
28850,136,136,0,0
28851,130,125,5,5
28852,136,135,1,1
28853,81,75,6,6
28854,112,105,7,7
28855,60,64,-4,4
28856,93,78,15,15
28857,103,104,-1,1
28858,180,162,18,18
28859,93,86,7,7
28860,172,154,18,18
28861,95,103,-8,8
28862,79,86,-7,7
28863,55,63,-8,8
28864,105,102,3,3
28865,118,109,9,9
28866,111,104,7,7
28867,66,70,-4,4
28868,146,119,27,27
28869,81,111,-30,30
28870,75,71,4,4
28871,79,83,-4,4
28872,64,62,2,2
28873,97,97,0,0
28874,103,98,5,5
28875,68,71,-3,3
28876,74,79,-5,5
28877,80,72,8,8
28878,90,84,6,6
28879,59,59,0,0
28880,109,110,-1,1
28881,90,85,5,5
28882,71,78,-7,7
28883,108,105,3,3
28884,83,76,7,7
28885,130,121,9,9
28886,85,88,-3,3
28887,49,60,-11,11
28888,73,72,1,1
28889,104,103,1,1
28890,131,127,4,4
28891,69,70,-1,1
28892,102,94,8,8
28893,74,73,1,1
28894,58,60,-2,2
28895,167,149,18,18
28896,144,140,4,4
28897,108,108,0,0
28898,70,70,0,0
28899,84,85,-1,1
28900,50,53,-3,3
28901,68,73,-5,5
28902,128,130,-2,2
28903,106,99,7,7
28904,63,66,-3,3
28905,61,70,-9,9
28906,82,77,5,5
28907,100,101,-1,1
28908,92,92,0,0
28909,75,83,-8,8
28910,132,124,8,8
28911,85,91,-6,6
28912,183,163,20,20
28913,115,105,10,10
28914,125,106,19,19
28915,99,93,6,6
28916,102,97,5,5
28917,125,125,0,0
28918,75,75,0,0
28919,173,160,13,13
28920,66,72,-6,6
28921,90,79,11,11
28922,88,86,2,2
28923,124,119,5,5
28924,70,66,4,4
28925,93,86,7,7
28926,64,61,3,3
28927,60,58,2,2
28928,134,131,3,3
28929,104,96,8,8
28930,44,48,-4,4
28931,109,93,16,16
28932,68,66,2,2
28933,81,82,-1,1
28934,103,98,5,5
28935,99,100,-1,1
28936,80,78,2,2
28937,104,104,0,0
28938,67,71,-4,4
28939,126,117,9,9
28940,53,56,-3,3
28941,135,126,9,9
28942,95,84,11,11
28943,95,98,-3,3
28944,63,68,-5,5
28945,140,119,21,21
28946,71,82,-11,11
28947,79,75,4,4
28948,47,72,-25,25
28949,87,98,-11,11
28950,57,62,-5,5
28951,81,79,2,2
28952,53,58,-5,5
28953,88,93,-5,5
28954,109,107,2,2
28955,85,85,0,0
28956,114,106,8,8
28957,81,83,-2,2
28958,85,92,-7,7
28959,95,93,2,2
28960,61,71,-10,10
28961,65,66,-1,1
28962,47,59,-12,12
28963,57,57,0,0
28964,66,74,-8,8
28965,86,89,-3,3
28966,76,74,2,2
28967,143,128,15,15
28968,79,92,-13,13
28969,87,77,10,10
28970,99,96,3,3
28971,103,113,-10,10
28972,83,76,7,7
28973,116,110,6,6
28974,128,123,5,5
28975,159,148,11,11
28976,113,100,13,13
28977,124,116,8,8
28978,81,85,-4,4
28979,66,58,8,8
28980,82,70,12,12
28981,58,68,-10,10
28982,101,107,-6,6
28983,67,74,-7,7
28984,97,84,13,13
28985,78,84,-6,6
28986,104,104,0,0
28987,117,112,5,5
28988,82,91,-9,9
28989,125,124,1,1
28990,152,144,8,8
28991,92,94,-2,2
28992,128,115,13,13
28993,68,71,-3,3
28994,101,94,7,7
28995,96,95,1,1
28996,98,96,2,2
28997,134,117,17,17
28998,106,108,-2,2
28999,54,56,-2,2
29000,88,93,-5,5
29001,66,64,2,2
29002,99,94,5,5
29003,82,84,-2,2
29004,118,116,2,2
29005,66,66,0,0
29006,96,94,2,2
29007,139,133,6,6
29008,25,33,-8,8
29009,123,109,14,14
29010,130,120,10,10
29011,92,85,7,7
29012,80,75,5,5
29013,67,64,3,3
29014,71,70,1,1
29015,92,90,2,2
29016,113,100,13,13
29017,67,79,-12,12
29018,58,62,-4,4
29019,39,87,-48,48
29020,78,82,-4,4
29021,113,98,15,15
29022,50,55,-5,5
29023,66,64,2,2
29024,88,88,0,0
29025,88,96,-8,8
29026,131,116,15,15
29027,64,78,-14,14
29028,91,87,4,4
29029,101,93,8,8
29030,110,101,9,9
29031,56,63,-7,7
29032,77,78,-1,1
29033,129,121,8,8
29034,91,98,-7,7
29035,97,99,-2,2
29036,98,95,3,3
29037,75,76,-1,1
29038,109,93,16,16
29039,64,73,-9,9
29040,71,73,-2,2
29041,54,58,-4,4
29042,59,65,-6,6
29043,145,138,7,7
29044,86,76,10,10
29045,56,58,-2,2
29046,79,86,-7,7
29047,114,112,2,2
29048,65,74,-9,9
29049,104,93,11,11
29050,61,70,-9,9
29051,155,147,8,8
29052,106,101,5,5
29053,48,63,-15,15
29054,173,140,33,33
29055,31,40,-9,9
29056,87,89,-2,2
29057,147,138,9,9
29058,79,78,1,1
29059,92,100,-8,8
29060,100,89,11,11
29061,118,123,-5,5
29062,83,79,4,4
29063,72,73,-1,1
29064,101,92,9,9
29065,83,85,-2,2
29066,94,92,2,2
29067,103,104,-1,1
29068,73,74,-1,1
29069,179,168,11,11
29070,115,101,14,14
29071,85,78,7,7
29072,101,95,6,6
29073,130,124,6,6
29074,155,155,0,0
29075,65,65,0,0
29076,116,116,0,0
29077,71,68,3,3
29078,78,81,-3,3
29079,129,122,7,7
29080,78,73,5,5
29081,141,127,14,14
29082,139,122,17,17
29083,90,83,7,7
29084,174,157,17,17
29085,92,86,6,6
29086,76,75,1,1
29087,40,46,-6,6
29088,36,34,2,2
29089,78,76,2,2
29090,89,93,-4,4
29091,63,69,-6,6
29092,79,75,4,4
29093,127,111,16,16
29094,61,68,-7,7
29095,118,72,46,46
29096,112,97,15,15
29097,131,121,10,10
29098,78,75,3,3
29099,95,89,6,6
29100,75,74,1,1
29101,170,157,13,13
29102,97,98,-1,1
29103,62,65,-3,3
29104,130,117,13,13
29105,116,129,-13,13
29106,72,79,-7,7
29107,89,83,6,6
29108,95,99,-4,4
29109,82,80,2,2
29110,54,62,-8,8
29111,102,96,6,6
29112,106,99,7,7
29113,138,124,14,14
29114,90,90,0,0
29115,53,63,-10,10
29116,111,98,13,13
29117,91,85,6,6
29118,84,88,-4,4
29119,116,102,14,14
29120,119,109,10,10
29121,82,83,-1,1
29122,102,92,10,10
29123,64,68,-4,4
29124,40,54,-14,14
29125,104,103,1,1
29126,73,72,1,1
29127,92,89,3,3
29128,127,107,20,20
29129,155,142,13,13
29130,82,80,2,2
29131,86,86,0,0
29132,61,58,3,3
29133,136,120,16,16
29134,123,130,-7,7
29135,40,53,-13,13
29136,103,92,11,11
29137,145,139,6,6
29138,92,95,-3,3
29139,60,78,-18,18
29140,71,70,1,1
29141,63,66,-3,3
29142,51,57,-6,6
29143,92,90,2,2
29144,48,51,-3,3
29145,66,50,16,16
29146,165,142,23,23
29147,114,103,11,11
29148,48,50,-2,2
29149,121,106,15,15
29150,134,123,11,11
29151,68,65,3,3
29152,34,51,-17,17
29153,68,66,2,2
29154,72,74,-2,2
29155,63,64,-1,1
29156,59,67,-8,8
29157,94,95,-1,1
29158,59,61,-2,2
29159,77,86,-9,9
29160,119,109,10,10
29161,134,127,7,7
29162,120,114,6,6
29163,90,83,7,7
29164,79,78,1,1
29165,70,67,3,3
29166,103,95,8,8
29167,111,95,16,16
29168,62,65,-3,3
29169,139,117,22,22
29170,138,136,2,2
29171,213,206,7,7
29172,73,74,-1,1
29173,116,111,5,5
29174,135,128,7,7
29175,77,73,4,4
29176,89,80,9,9
29177,40,34,6,6
29178,82,76,6,6
29179,101,103,-2,2
29180,81,96,-15,15
29181,159,147,12,12
29182,89,91,-2,2
29183,74,79,-5,5
29184,106,99,7,7
29185,53,63,-10,10
29186,98,112,-14,14
29187,96,91,5,5
29188,116,116,0,0
29189,68,69,-1,1
29190,74,75,-1,1
29191,167,163,4,4
29192,90,96,-6,6
29193,106,100,6,6
29194,62,59,3,3
29195,46,51,-5,5
29196,68,76,-8,8
29197,73,73,0,0
29198,78,77,1,1
29199,58,59,-1,1
29200,129,119,10,10
29201,79,90,-11,11
29202,92,86,6,6
29203,34,47,-13,13
29204,81,53,28,28
29205,73,69,4,4
29206,171,164,7,7
29207,90,97,-7,7
29208,70,80,-10,10
29209,199,191,8,8
29210,68,65,3,3
29211,161,154,7,7
29212,46,44,2,2
29213,61,65,-4,4
29214,112,103,9,9
29215,133,118,15,15
29216,91,79,12,12
29217,80,91,-11,11
29218,160,126,34,34
29219,90,87,3,3
29220,103,91,12,12
29221,87,76,11,11
29222,148,133,15,15
29223,183,123,60,60
29224,87,83,4,4
29225,161,143,18,18
29226,80,76,4,4
29227,128,126,2,2
29228,123,115,8,8
29229,159,144,15,15
29230,48,45,3,3
29231,77,78,-1,1
29232,87,85,2,2
29233,53,49,4,4
29234,118,107,11,11
29235,89,68,21,21
29236,76,77,-1,1
29237,145,127,18,18
29238,125,109,16,16
29239,97,103,-6,6
29240,49,58,-9,9
29241,62,77,-15,15
29242,81,84,-3,3
29243,136,133,3,3
29244,100,103,-3,3
29245,187,192,-5,5
29246,105,109,-4,4
29247,176,154,22,22
29248,113,106,7,7
29249,115,113,2,2
29250,86,90,-4,4
29251,120,106,14,14
29252,74,80,-6,6
29253,86,94,-8,8
29254,99,103,-4,4
29255,70,68,2,2
29256,109,109,0,0
29257,110,99,11,11
29258,102,99,3,3
29259,156,137,19,19
29260,107,106,1,1
29261,53,59,-6,6
29262,121,109,12,12
29263,97,96,1,1
29264,103,111,-8,8
29265,66,65,1,1
29266,108,124,-16,16
29267,59,65,-6,6
29268,64,70,-6,6
29269,70,73,-3,3
29270,86,79,7,7
29271,118,105,13,13
29272,61,69,-8,8
29273,120,107,13,13
29274,112,106,6,6
29275,176,144,32,32
29276,61,64,-3,3
29277,89,98,-9,9
29278,115,97,18,18
29279,112,98,14,14
29280,110,101,9,9
29281,92,87,5,5
29282,124,110,14,14
29283,60,61,-1,1
29284,70,67,3,3
29285,98,90,8,8
29286,77,79,-2,2
29287,60,59,1,1
29288,149,142,7,7
29289,135,125,10,10
29290,71,70,1,1
29291,47,58,-11,11
29292,141,121,20,20
29293,76,82,-6,6
29294,85,78,7,7
29295,66,68,-2,2
29296,86,84,2,2
29297,144,133,11,11
29298,74,79,-5,5
29299,181,162,19,19
29300,79,81,-2,2
29301,106,98,8,8
29302,138,122,16,16
29303,91,76,15,15
29304,76,74,2,2
29305,140,123,17,17
29306,77,77,0,0
29307,54,65,-11,11
29308,71,74,-3,3
29309,110,97,13,13
29310,90,81,9,9
29311,116,115,1,1
29312,83,79,4,4
29313,59,66,-7,7
29314,92,91,1,1
29315,144,130,14,14
29316,67,60,7,7
29317,105,98,7,7
29318,62,62,0,0
29319,136,122,14,14
29320,111,108,3,3
29321,64,72,-8,8
29322,73,64,9,9
29323,86,90,-4,4
29324,84,84,0,0
29325,74,77,-3,3
29326,135,127,8,8
29327,119,109,10,10
29328,83,86,-3,3
29329,102,97,5,5
29330,84,89,-5,5
29331,66,114,-48,48
29332,47,46,1,1
29333,97,92,5,5
29334,106,102,4,4
29335,75,74,1,1
29336,108,113,-5,5
29337,154,142,12,12
29338,91,84,7,7
29339,75,82,-7,7
29340,155,136,19,19
29341,75,85,-10,10
29342,211,180,31,31
29343,69,66,3,3
29344,52,58,-6,6
29345,84,67,17,17
29346,89,89,0,0
29347,79,78,1,1
29348,78,80,-2,2
29349,90,85,5,5
29350,305,246,59,59
29351,83,83,0,0
29352,193,183,10,10
29353,124,124,0,0
29354,46,46,0,0
29355,85,77,8,8
29356,84,84,0,0
29357,98,93,5,5
29358,72,76,-4,4
29359,60,65,-5,5
29360,102,96,6,6
29361,92,87,5,5
29362,102,98,4,4
29363,74,82,-8,8
29364,114,100,14,14
29365,86,91,-5,5
29366,114,113,1,1
29367,151,158,-7,7
29368,91,90,1,1
29369,78,71,7,7
29370,153,142,11,11
29371,80,91,-11,11
29372,108,107,1,1
29373,88,76,12,12
29374,153,136,17,17
29375,71,80,-9,9
29376,95,99,-4,4
29377,127,116,11,11
29378,139,138,1,1
29379,46,49,-3,3
29380,124,115,9,9
29381,93,93,0,0
29382,114,102,12,12
29383,93,88,5,5
29384,67,65,2,2
29385,110,106,4,4
29386,63,67,-4,4
29387,70,66,4,4
29388,87,84,3,3
29389,122,113,9,9
29390,107,110,-3,3
29391,153,142,11,11
29392,94,92,2,2
29393,101,97,4,4
29394,78,81,-3,3
29395,82,91,-9,9
29396,88,84,4,4
29397,94,88,6,6
29398,37,52,-15,15
29399,67,67,0,0
29400,85,74,11,11
29401,105,92,13,13
29402,40,55,-15,15
29403,194,170,24,24
29404,123,118,5,5
29405,87,80,7,7
29406,102,95,7,7
29407,145,130,15,15
29408,68,65,3,3
29409,159,138,21,21
29410,82,81,1,1
29411,83,74,9,9
29412,82,79,3,3
29413,69,65,4,4
29414,103,102,1,1
29415,105,102,3,3
29416,100,110,-10,10
29417,55,56,-1,1
29418,80,80,0,0
29419,73,77,-4,4
29420,51,34,17,17
29421,124,114,10,10
29422,52,56,-4,4
29423,115,130,-15,15
29424,116,104,12,12
29425,101,99,2,2
29426,63,50,13,13
29427,52,59,-7,7
29428,84,78,6,6
29429,142,135,7,7
29430,71,76,-5,5
29431,82,92,-10,10
29432,85,92,-7,7
29433,74,73,1,1
29434,61,56,5,5
29435,107,110,-3,3
29436,98,96,2,2
29437,80,79,1,1
29438,69,76,-7,7
29439,64,68,-4,4
29440,137,123,14,14
29441,77,73,4,4
29442,94,103,-9,9
29443,86,82,4,4
29444,60,66,-6,6
29445,54,65,-11,11
29446,62,64,-2,2
29447,86,80,6,6
29448,60,61,-1,1
29449,64,64,0,0
29450,91,90,1,1
29451,71,71,0,0
29452,78,87,-9,9
29453,104,96,8,8
29454,103,101,2,2
29455,167,165,2,2
29456,129,108,21,21
29457,125,143,-18,18
29458,108,110,-2,2
29459,77,76,1,1
29460,121,119,2,2
29461,77,75,2,2
29462,61,68,-7,7
29463,67,68,-1,1
29464,96,91,5,5
29465,113,118,-5,5
29466,70,69,1,1
29467,79,74,5,5
29468,91,92,-1,1
29469,86,93,-7,7
29470,74,72,2,2
29471,78,82,-4,4
29472,117,101,16,16
29473,82,70,12,12
29474,79,81,-2,2
29475,138,146,-8,8
29476,92,85,7,7
29477,69,69,0,0
29478,81,86,-5,5
29479,73,78,-5,5
29480,100,99,1,1
29481,51,47,4,4
29482,60,64,-4,4
29483,109,100,9,9
29484,131,125,6,6
29485,71,73,-2,2
29486,77,84,-7,7
29487,97,105,-8,8
29488,69,70,-1,1
29489,124,114,10,10
29490,69,69,0,0
29491,131,120,11,11
29492,87,87,0,0
29493,178,170,8,8
29494,111,107,4,4
29495,122,104,18,18
29496,155,138,17,17
29497,136,113,23,23
29498,113,120,-7,7
29499,64,71,-7,7
29500,111,105,6,6
29501,94,92,2,2
29502,58,64,-6,6
29503,89,78,11,11
29504,82,77,5,5
29505,87,93,-6,6
29506,50,63,-13,13
29507,79,76,3,3
29508,140,122,18,18
29509,134,188,-54,54
29510,119,107,12,12
29511,140,135,5,5
29512,119,115,4,4
29513,52,58,-6,6
29514,124,128,-4,4
29515,131,105,26,26
29516,45,51,-6,6
29517,70,68,2,2
29518,99,98,1,1
29519,82,77,5,5
29520,73,69,4,4
29521,120,123,-3,3
29522,107,106,1,1
29523,88,86,2,2
29524,82,80,2,2
29525,59,61,-2,2
29526,90,96,-6,6
29527,56,67,-11,11
29528,113,112,1,1
29529,78,69,9,9
29530,61,70,-9,9
29531,89,87,2,2
29532,44,52,-8,8
29533,62,61,1,1
29534,111,109,2,2
29535,75,76,-1,1
29536,74,74,0,0
29537,79,72,7,7
29538,89,90,-1,1
29539,94,92,2,2
29540,116,106,10,10
29541,120,105,15,15
29542,180,163,17,17
29543,48,44,4,4
29544,85,84,1,1
29545,112,100,12,12
29546,114,96,18,18
29547,78,77,1,1
29548,111,120,-9,9
29549,71,74,-3,3
29550,64,69,-5,5
29551,47,39,8,8
29552,85,88,-3,3
29553,90,95,-5,5
29554,137,117,20,20
29555,138,132,6,6
29556,64,60,4,4
29557,78,77,1,1
29558,42,34,8,8
29559,98,94,4,4
29560,59,53,6,6
29561,76,84,-8,8
29562,106,96,10,10
29563,33,33,0,0
29564,121,117,4,4
29565,108,97,11,11
29566,76,77,-1,1
29567,64,63,1,1
29568,73,66,7,7
29569,112,107,5,5
29570,105,98,7,7
29571,59,69,-10,10
29572,205,170,35,35
29573,78,86,-8,8
29574,79,89,-10,10
29575,123,118,5,5
29576,83,83,0,0
29577,115,111,4,4
29578,75,74,1,1
29579,86,86,0,0
29580,111,119,-8,8
29581,82,105,-23,23
29582,157,150,7,7
29583,58,61,-3,3
29584,101,95,6,6
29585,99,98,1,1
29586,96,94,2,2
29587,133,138,-5,5
29588,93,91,2,2
29589,79,73,6,6
29590,87,73,14,14
29591,101,104,-3,3
29592,73,74,-1,1
29593,76,74,2,2
29594,110,98,12,12
29595,100,93,7,7
29596,87,88,-1,1
29597,126,124,2,2
29598,81,74,7,7
29599,70,78,-8,8
29600,139,136,3,3
29601,74,73,1,1
29602,147,120,27,27
29603,92,84,8,8
29604,133,111,22,22
29605,87,85,2,2
29606,96,97,-1,1
29607,70,97,-27,27
29608,75,80,-5,5
29609,121,109,12,12
29610,88,85,3,3
29611,96,99,-3,3
29612,196,138,58,58
29613,90,92,-2,2
29614,110,103,7,7
29615,59,48,11,11
29616,131,121,10,10
29617,56,58,-2,2
29618,98,101,-3,3
29619,94,87,7,7
29620,73,78,-5,5
29621,52,49,3,3
29622,97,86,11,11
29623,119,111,8,8
29624,94,84,10,10
29625,144,131,13,13
29626,128,120,8,8
29627,81,76,5,5
29628,101,91,10,10
29629,138,125,13,13
29630,68,67,1,1
29631,124,105,19,19
29632,61,77,-16,16
29633,118,103,15,15
29634,69,74,-5,5
29635,84,85,-1,1
29636,175,151,24,24
29637,54,58,-4,4
29638,72,82,-10,10
29639,82,74,8,8
29640,102,90,12,12
29641,107,103,4,4
29642,110,104,6,6
29643,128,122,6,6
29644,132,128,4,4
29645,80,75,5,5
29646,60,66,-6,6
29647,54,59,-5,5
29648,89,91,-2,2
29649,90,92,-2,2
29650,62,79,-17,17
29651,64,79,-15,15
29652,74,68,6,6
29653,123,200,-77,77
29654,77,77,0,0
29655,79,74,5,5
29656,88,87,1,1
29657,77,84,-7,7
29658,96,97,-1,1
29659,80,80,0,0
29660,104,99,5,5
29661,46,47,-1,1
29662,70,77,-7,7
29663,93,99,-6,6
29664,103,96,7,7
29665,117,104,13,13
29666,80,84,-4,4
29667,93,88,5,5
29668,88,89,-1,1
29669,101,96,5,5
29670,69,71,-2,2
29671,97,91,6,6
29672,56,57,-1,1
29673,101,96,5,5
29674,122,112,10,10
29675,95,97,-2,2
29676,113,108,5,5
29677,150,133,17,17
29678,164,161,3,3
29679,87,87,0,0
29680,128,119,9,9
29681,66,68,-2,2
29682,68,61,7,7
29683,120,110,10,10
29684,151,146,5,5
29685,72,65,7,7
29686,89,93,-4,4
29687,231,207,24,24
29688,49,66,-17,17
29689,68,68,0,0
29690,81,77,4,4
29691,96,95,1,1
29692,123,107,16,16
29693,88,84,4,4
29694,188,172,16,16
29695,78,71,7,7
29696,78,79,-1,1
29697,105,105,0,0
29698,102,95,7,7
29699,74,81,-7,7
29700,74,79,-5,5
29701,63,68,-5,5
29702,106,100,6,6
29703,90,84,6,6
29704,100,95,5,5
29705,106,102,4,4
29706,74,76,-2,2
29707,75,78,-3,3
29708,119,125,-6,6
29709,115,113,2,2
29710,125,108,17,17
29711,106,100,6,6
29712,113,112,1,1
29713,81,79,2,2
29714,84,79,5,5
29715,79,87,-8,8
29716,129,116,13,13
29717,55,56,-1,1
29718,99,99,0,0
29719,88,92,-4,4
29720,129,107,22,22
29721,92,90,2,2
29722,113,111,2,2
29723,67,66,1,1
29724,96,106,-10,10
29725,64,71,-7,7
29726,132,138,-6,6
29727,172,149,23,23
29728,104,105,-1,1
29729,83,76,7,7
29730,70,84,-14,14
29731,104,101,3,3
29732,78,71,7,7
29733,66,83,-17,17
29734,81,80,1,1
29735,63,67,-4,4
29736,74,77,-3,3
29737,109,94,15,15
29738,70,70,0,0
29739,91,81,10,10
29740,95,93,2,2
29741,76,80,-4,4
29742,68,69,-1,1
29743,92,88,4,4
29744,65,66,-1,1
29745,36,34,2,2
29746,105,104,1,1
29747,110,104,6,6
29748,121,110,11,11
29749,49,42,7,7
29750,98,85,13,13
29751,117,106,11,11
29752,52,98,-46,46
29753,84,84,0,0
29754,148,136,12,12
29755,63,63,0,0
29756,63,72,-9,9
29757,92,92,0,0
29758,85,78,7,7
29759,93,89,4,4
29760,88,75,13,13
29761,80,84,-4,4
29762,83,82,1,1
29763,61,66,-5,5
29764,76,76,0,0
29765,81,87,-6,6
29766,75,68,7,7
29767,61,57,4,4
29768,110,102,8,8
29769,91,85,6,6
29770,63,59,4,4
29771,126,121,5,5
29772,102,90,12,12
29773,102,93,9,9
29774,107,98,9,9
29775,49,53,-4,4
29776,71,76,-5,5
29777,70,85,-15,15
29778,94,98,-4,4
29779,201,187,14,14
29780,80,82,-2,2
29781,62,60,2,2
29782,97,92,5,5
29783,77,78,-1,1
29784,74,84,-10,10
29785,55,62,-7,7
29786,88,83,5,5
29787,27,36,-9,9
29788,64,62,2,2
29789,95,106,-11,11
29790,74,76,-2,2
29791,99,101,-2,2
29792,68,67,1,1
29793,65,69,-4,4
29794,97,99,-2,2
29795,73,71,2,2
29796,88,89,-1,1
29797,121,126,-5,5
29798,102,91,11,11
29799,101,103,-2,2
29800,78,83,-5,5
29801,156,138,18,18
29802,76,84,-8,8
29803,66,64,2,2
29804,91,97,-6,6
29805,82,76,6,6
29806,150,144,6,6
29807,46,51,-5,5
29808,164,154,10,10
29809,134,125,9,9
29810,124,116,8,8
29811,75,75,0,0
29812,64,72,-8,8
29813,207,187,20,20
29814,125,123,2,2
29815,143,125,18,18
29816,79,74,5,5
29817,62,64,-2,2
29818,149,148,1,1
29819,136,125,11,11
29820,48,54,-6,6
29821,117,104,13,13
29822,50,58,-8,8
29823,88,84,4,4
29824,62,65,-3,3
29825,37,34,3,3
29826,142,125,17,17
29827,59,61,-2,2
29828,123,114,9,9
29829,78,75,3,3
29830,117,107,10,10
29831,84,86,-2,2
29832,191,168,23,23
29833,176,153,23,23
29834,68,61,7,7
29835,58,57,1,1
29836,74,74,0,0
29837,166,154,12,12
29838,178,164,14,14
29839,102,99,3,3
29840,106,98,8,8
29841,121,120,1,1
29842,157,148,9,9
29843,60,59,1,1
29844,116,108,8,8
29845,133,128,5,5
29846,50,49,1,1
29847,90,88,2,2
29848,138,122,16,16
29849,216,201,15,15
29850,114,109,5,5
29851,107,103,4,4
29852,68,64,4,4
29853,52,61,-9,9
29854,139,126,13,13
29855,98,87,11,11
29856,143,131,12,12
29857,97,84,13,13
29858,80,85,-5,5
29859,60,57,3,3
29860,104,99,5,5
29861,102,105,-3,3
29862,155,145,10,10
29863,157,136,21,21
29864,122,105,17,17
29865,89,85,4,4
29866,68,70,-2,2
29867,68,70,-2,2
29868,102,103,-1,1
29869,107,111,-4,4
29870,62,62,0,0
29871,145,146,-1,1
29872,92,89,3,3
29873,113,104,9,9
29874,72,67,5,5
29875,67,68,-1,1
29876,86,84,2,2
29877,78,81,-3,3
29878,94,95,-1,1
29879,103,89,14,14
29880,145,147,-2,2
29881,74,81,-7,7
29882,128,128,0,0
29883,146,120,26,26
29884,54,60,-6,6
29885,162,145,17,17
29886,150,146,4,4
29887,57,67,-10,10
29888,118,116,2,2
29889,37,38,-1,1
29890,121,109,12,12
29891,130,113,17,17
29892,62,66,-4,4
29893,66,68,-2,2
29894,119,95,24,24
29895,120,105,15,15
29896,100,102,-2,2
29897,121,124,-3,3
29898,85,96,-11,11
29899,99,93,6,6
29900,63,69,-6,6
29901,98,87,11,11
29902,62,63,-1,1
29903,78,78,0,0
29904,61,61,0,0
29905,110,97,13,13
29906,90,91,-1,1
29907,125,96,29,29
29908,59,57,2,2
29909,83,79,4,4
29910,103,109,-6,6
29911,66,67,-1,1
29912,131,125,6,6
29913,72,76,-4,4
29914,56,64,-8,8
29915,110,107,3,3
29916,72,75,-3,3
29917,120,120,0,0
29918,82,84,-2,2
29919,79,84,-5,5
29920,169,157,12,12
29921,140,143,-3,3
29922,139,119,20,20
29923,53,60,-7,7
29924,93,98,-5,5
29925,95,88,7,7
29926,91,87,4,4
29927,96,88,8,8
29928,115,111,4,4
29929,80,72,8,8
29930,61,59,2,2
29931,125,125,0,0
29932,79,75,4,4
29933,113,102,11,11
29934,113,114,-1,1
29935,79,78,1,1
29936,143,130,13,13
29937,69,85,-16,16
29938,71,94,-23,23
29939,67,70,-3,3
29940,53,54,-1,1
29941,132,135,-3,3
29942,129,119,10,10
29943,85,81,4,4
29944,107,102,5,5
29945,143,132,11,11
29946,57,52,5,5
29947,99,95,4,4
29948,54,61,-7,7
29949,102,104,-2,2
29950,64,65,-1,1
29951,86,93,-7,7
29952,88,84,4,4
29953,170,148,22,22
29954,71,74,-3,3
29955,127,122,5,5
29956,61,64,-3,3
29957,63,69,-6,6
29958,46,54,-8,8
29959,78,73,5,5
29960,85,91,-6,6
29961,86,75,11,11
29962,91,84,7,7
29963,75,71,4,4
29964,75,75,0,0
29965,73,97,-24,24
29966,74,72,2,2
29967,69,76,-7,7
29968,77,71,6,6
29969,119,116,3,3
29970,77,87,-10,10
29971,143,135,8,8
29972,132,129,3,3
29973,89,90,-1,1
29974,60,61,-1,1
29975,131,132,-1,1
29976,83,77,6,6
29977,80,74,6,6
29978,92,87,5,5
29979,187,179,8,8
29980,128,122,6,6
29981,151,135,16,16
29982,44,43,1,1
29983,83,88,-5,5
29984,78,73,5,5
29985,81,81,0,0
29986,73,72,1,1
29987,138,134,4,4
29988,45,47,-2,2
29989,58,64,-6,6
29990,105,102,3,3
29991,103,99,4,4
29992,91,88,3,3
29993,48,55,-7,7
29994,74,79,-5,5
29995,104,89,15,15
29996,69,73,-4,4
29997,62,68,-6,6
29998,140,150,-10,10
29999,129,147,-18,18
30000,98,92,6,6
30001,99,91,8,8
30002,71,69,2,2
30003,149,153,-4,4
30004,101,101,0,0
30005,114,119,-5,5
30006,181,165,16,16
30007,112,119,-7,7
30008,112,107,5,5
30009,95,96,-1,1
30010,133,128,5,5
30011,168,146,22,22
30012,24,41,-17,17
30013,119,111,8,8
30014,102,96,6,6
30015,84,79,5,5
30016,134,125,9,9
30017,69,64,5,5
30018,66,64,2,2
30019,74,70,4,4
30020,113,107,6,6
30021,64,71,-7,7
30022,79,76,3,3
30023,103,87,16,16
30024,107,103,4,4
30025,66,73,-7,7
30026,88,85,3,3
30027,158,157,1,1
30028,123,107,16,16
30029,73,80,-7,7
30030,105,99,6,6
30031,65,69,-4,4
30032,119,116,3,3
30033,68,67,1,1
30034,64,64,0,0
30035,74,73,1,1
30036,23,27,-4,4
30037,97,93,4,4
30038,124,115,9,9
30039,72,74,-2,2
30040,132,122,10,10
30041,42,58,-16,16
30042,121,107,14,14
30043,89,84,5,5
30044,113,105,8,8
30045,114,104,10,10
30046,57,59,-2,2
30047,63,65,-2,2
30048,121,115,6,6
30049,144,132,12,12
30050,118,113,5,5
30051,64,64,0,0
30052,121,114,7,7
30053,135,124,11,11
30054,80,83,-3,3
30055,110,101,9,9
30056,100,94,6,6
30057,94,97,-3,3
30058,83,79,4,4
30059,87,91,-4,4
30060,67,69,-2,2
30061,95,101,-6,6
30062,88,81,7,7
30063,93,92,1,1
30064,91,78,13,13
30065,133,120,13,13
30066,77,94,-17,17
30067,106,106,0,0
30068,53,60,-7,7
30069,89,91,-2,2
30070,154,125,29,29
30071,98,101,-3,3
30072,54,58,-4,4
30073,79,80,-1,1
30074,115,107,8,8
30075,135,130,5,5
30076,81,78,3,3
30077,56,63,-7,7
30078,54,65,-11,11
30079,73,67,6,6
30080,80,84,-4,4
30081,114,104,10,10
30082,170,172,-2,2
30083,124,114,10,10
30084,63,63,0,0
30085,93,104,-11,11
30086,77,74,3,3
30087,178,167,11,11
30088,67,65,2,2
30089,72,63,9,9
30090,60,62,-2,2
30091,64,66,-2,2
30092,85,82,3,3
30093,158,145,13,13
30094,124,107,17,17
30095,70,115,-45,45
30096,61,70,-9,9
30097,110,114,-4,4
30098,94,98,-4,4
30099,161,144,17,17
30100,98,96,2,2
30101,165,147,18,18
30102,82,85,-3,3
30103,102,107,-5,5
30104,105,99,6,6
30105,85,94,-9,9
30106,106,107,-1,1
30107,91,80,11,11
30108,86,88,-2,2
30109,44,41,3,3
30110,96,99,-3,3
30111,114,105,9,9
30112,83,81,2,2
30113,24,25,-1,1
30114,75,82,-7,7
30115,140,142,-2,2
30116,46,48,-2,2
30117,80,76,4,4
30118,82,98,-16,16
30119,125,116,9,9
30120,56,61,-5,5
30121,76,76,0,0
30122,44,41,3,3
30123,102,89,13,13
30124,146,138,8,8
30125,46,42,4,4
30126,80,80,0,0
30127,117,120,-3,3
30128,85,73,12,12
30129,60,59,1,1
30130,81,90,-9,9
30131,42,34,8,8
30132,79,87,-8,8
30133,98,92,6,6
30134,110,104,6,6
30135,74,72,2,2
30136,54,56,-2,2
30137,113,114,-1,1
30138,78,88,-10,10
30139,52,48,4,4
30140,449,404,45,45
30141,121,115,6,6
30142,68,66,2,2
30143,35,34,1,1
30144,36,33,3,3
30145,81,84,-3,3
30146,155,146,9,9
30147,207,181,26,26
30148,105,106,-1,1
30149,66,74,-8,8
30150,105,91,14,14
30151,63,61,2,2
30152,97,90,7,7
30153,114,102,12,12
30154,69,68,1,1
30155,181,170,11,11
30156,58,64,-6,6
30157,56,63,-7,7
30158,41,34,7,7
30159,61,66,-5,5
30160,108,112,-4,4
30161,113,100,13,13
30162,46,34,12,12
30163,85,79,6,6
30164,109,110,-1,1
30165,144,139,5,5
30166,45,78,-33,33
30167,56,52,4,4
30168,71,66,5,5
30169,83,75,8,8
30170,72,75,-3,3
30171,92,84,8,8
30172,97,111,-14,14
30173,52,62,-10,10
30174,135,134,1,1
30175,69,73,-4,4
30176,88,89,-1,1
30177,79,74,5,5
30178,74,73,1,1
30179,74,77,-3,3
30180,102,105,-3,3
30181,154,134,20,20
30182,225,212,13,13
30183,98,101,-3,3
30184,77,79,-2,2
30185,164,143,21,21
30186,144,112,32,32
30187,75,72,3,3
30188,142,143,-1,1
30189,115,110,5,5
30190,81,80,1,1
30191,103,103,0,0
30192,94,98,-4,4
30193,76,92,-16,16
30194,50,54,-4,4
30195,108,115,-7,7
30196,146,132,14,14
30197,90,88,2,2
30198,129,120,9,9
30199,74,86,-12,12
30200,105,95,10,10
30201,91,89,2,2
30202,121,121,0,0
30203,109,92,17,17
30204,85,96,-11,11
30205,111,113,-2,2
30206,136,124,12,12
30207,74,73,1,1
30208,89,97,-8,8
30209,102,97,5,5
30210,63,60,3,3
30211,113,111,2,2
30212,92,79,13,13
30213,87,90,-3,3
30214,98,91,7,7
30215,111,109,2,2
30216,116,102,14,14
30217,133,136,-3,3
30218,160,143,17,17
30219,86,84,2,2
30220,132,126,6,6
30221,110,105,5,5
30222,53,57,-4,4
30223,95,93,2,2
30224,88,87,1,1
30225,56,59,-3,3
30226,75,78,-3,3
30227,76,75,1,1
30228,47,51,-4,4
30229,96,90,6,6
30230,39,64,-25,25
30231,159,136,23,23
30232,61,65,-4,4
30233,53,52,1,1
30234,84,84,0,0
30235,85,78,7,7
30236,82,85,-3,3
30237,88,91,-3,3
30238,87,85,2,2
30239,111,106,5,5
30240,161,147,14,14
30241,131,126,5,5
30242,89,78,11,11
30243,156,147,9,9
30244,61,63,-2,2
30245,94,98,-4,4
30246,102,86,16,16
30247,167,164,3,3
30248,182,164,18,18
30249,59,56,3,3
30250,162,140,22,22
30251,132,125,7,7
30252,66,63,3,3
30253,88,86,2,2
30254,106,86,20,20
30255,59,63,-4,4
30256,86,87,-1,1
30257,45,51,-6,6
30258,42,50,-8,8
30259,54,55,-1,1
30260,79,82,-3,3
30261,139,138,1,1
30262,98,99,-1,1
30263,113,107,6,6
30264,87,88,-1,1
30265,55,62,-7,7
30266,47,42,5,5
30267,93,97,-4,4
30268,55,61,-6,6
30269,113,139,-26,26
30270,87,78,9,9
30271,138,136,2,2
30272,106,97,9,9
30273,76,76,0,0
30274,89,85,4,4
30275,90,80,10,10
30276,119,111,8,8
30277,106,101,5,5
30278,89,84,5,5
30279,80,83,-3,3
30280,77,77,0,0
30281,138,119,19,19
30282,99,92,7,7
30283,70,77,-7,7
30284,107,102,5,5
30285,64,67,-3,3
30286,123,117,6,6
30287,75,78,-3,3
30288,46,56,-10,10
30289,94,91,3,3
30290,68,67,1,1
30291,116,118,-2,2
30292,68,75,-7,7
30293,42,33,9,9
30294,74,64,10,10
30295,102,103,-1,1
30296,111,103,8,8
30297,102,104,-2,2
30298,155,170,-15,15
30299,97,97,0,0
30300,75,73,2,2
30301,158,159,-1,1
30302,66,59,7,7
30303,72,71,1,1
30304,197,160,37,37
30305,133,111,22,22
30306,103,105,-2,2
30307,119,109,10,10
30308,88,91,-3,3
30309,56,65,-9,9
30310,59,67,-8,8
30311,73,84,-11,11
30312,100,92,8,8
30313,83,74,9,9
30314,104,98,6,6
30315,91,95,-4,4
30316,86,88,-2,2
30317,62,61,1,1
30318,90,98,-8,8
30319,79,81,-2,2
30320,127,122,5,5
30321,108,113,-5,5
30322,38,65,-27,27
30323,63,74,-11,11
30324,55,60,-5,5
30325,111,93,18,18
30326,53,62,-9,9
30327,77,73,4,4
30328,143,140,3,3
30329,136,127,9,9
30330,47,56,-9,9
30331,85,78,7,7
30332,96,93,3,3
30333,87,80,7,7
30334,87,84,3,3
30335,144,127,17,17
30336,105,97,8,8
30337,96,101,-5,5
30338,78,79,-1,1
30339,140,146,-6,6
30340,69,68,1,1
30341,41,48,-7,7
30342,73,81,-8,8
30343,75,74,1,1
30344,54,63,-9,9
30345,71,74,-3,3
30346,92,94,-2,2
30347,78,77,1,1
30348,106,100,6,6
30349,77,80,-3,3
30350,74,74,0,0
30351,59,60,-1,1
30352,94,106,-12,12
30353,86,82,4,4
30354,102,106,-4,4
30355,87,91,-4,4
30356,121,118,3,3
30357,75,70,5,5
30358,108,101,7,7
30359,174,152,22,22
30360,119,112,7,7
30361,84,88,-4,4
30362,98,95,3,3
30363,84,86,-2,2
30364,89,80,9,9
30365,87,78,9,9
30366,43,49,-6,6
30367,95,98,-3,3
30368,62,64,-2,2
30369,97,100,-3,3
30370,110,104,6,6
30371,102,105,-3,3
30372,95,96,-1,1
30373,84,86,-2,2
30374,88,89,-1,1
30375,101,98,3,3
30376,154,150,4,4
30377,159,146,13,13
30378,103,94,9,9
30379,75,76,-1,1
30380,119,105,14,14
30381,27,27,0,0
30382,77,80,-3,3
30383,169,145,24,24
30384,151,147,4,4
30385,72,66,6,6
30386,145,124,21,21
30387,62,71,-9,9
30388,52,67,-15,15
30389,69,77,-8,8
30390,74,75,-1,1
30391,102,78,24,24
30392,91,93,-2,2
30393,93,87,6,6
30394,81,81,0,0
30395,137,127,10,10
30396,157,152,5,5
30397,48,45,3,3
30398,122,121,1,1
30399,64,68,-4,4
30400,175,158,17,17
30401,74,65,9,9
30402,47,51,-4,4
30403,103,98,5,5
30404,88,91,-3,3
30405,64,72,-8,8
30406,94,90,4,4
30407,111,106,5,5
30408,209,183,26,26
30409,80,77,3,3
30410,108,110,-2,2
30411,103,96,7,7
30412,93,114,-21,21
30413,86,88,-2,2
30414,105,97,8,8
30415,110,103,7,7
30416,82,85,-3,3
30417,69,64,5,5
30418,43,34,9,9
30419,74,79,-5,5
30420,131,114,17,17
30421,137,134,3,3
30422,110,100,10,10
30423,61,65,-4,4
30424,90,88,2,2
30425,78,71,7,7
30426,82,84,-2,2
30427,82,84,-2,2
30428,66,65,1,1
30429,136,133,3,3
30430,112,101,11,11
30431,71,74,-3,3
30432,114,109,5,5
30433,105,147,-42,42
30434,93,82,11,11
30435,122,121,1,1
30436,167,162,5,5
30437,67,65,2,2
30438,62,77,-15,15
30439,116,106,10,10
30440,120,103,17,17
30441,126,118,8,8
30442,110,102,8,8
30443,85,85,0,0
30444,124,110,14,14
30445,129,130,-1,1
30446,99,110,-11,11
30447,172,157,15,15
30448,76,80,-4,4
30449,64,65,-1,1
30450,138,121,17,17
30451,59,62,-3,3
30452,123,111,12,12
30453,140,105,35,35
30454,67,68,-1,1
30455,211,187,24,24
30456,155,137,18,18
30457,84,95,-11,11
30458,125,122,3,3
30459,72,71,1,1
30460,121,122,-1,1
30461,121,120,1,1
30462,141,137,4,4
30463,67,68,-1,1
30464,73,97,-24,24
30465,107,105,2,2
30466,72,67,5,5
30467,65,70,-5,5
30468,82,78,4,4
30469,87,79,8,8
30470,87,83,4,4
30471,52,59,-7,7
30472,84,79,5,5
30473,81,76,5,5
30474,75,81,-6,6
30475,126,122,4,4
30476,45,50,-5,5
30477,48,56,-8,8
30478,77,79,-2,2
30479,150,129,21,21
30480,100,97,3,3
30481,128,131,-3,3
30482,86,85,1,1
30483,72,67,5,5
30484,108,106,2,2
30485,61,38,23,23
30486,121,121,0,0
30487,132,130,2,2
30488,112,115,-3,3
30489,148,136,12,12
30490,89,99,-10,10
30491,47,58,-11,11
30492,75,75,0,0
30493,113,123,-10,10
30494,82,92,-10,10
30495,82,81,1,1
30496,155,138,17,17
30497,114,107,7,7
30498,85,92,-7,7
30499,97,98,-1,1
30500,117,103,14,14
30501,57,60,-3,3
30502,121,115,6,6
30503,50,53,-3,3
30504,32,34,-2,2
30505,126,119,7,7
30506,85,84,1,1
30507,45,57,-12,12
30508,105,95,10,10
30509,84,87,-3,3
30510,99,93,6,6
30511,129,96,33,33
30512,115,107,8,8
30513,127,125,2,2
30514,42,68,-26,26
30515,86,94,-8,8
30516,106,100,6,6
30517,108,102,6,6
30518,143,135,8,8
30519,98,101,-3,3
30520,131,104,27,27
30521,117,111,6,6
30522,82,75,7,7
30523,79,78,1,1
30524,58,61,-3,3
30525,96,88,8,8
30526,105,92,13,13
30527,103,92,11,11
30528,72,84,-12,12
30529,108,114,-6,6
30530,155,143,12,12
30531,164,147,17,17
30532,60,61,-1,1
30533,130,117,13,13
30534,123,116,7,7
30535,104,102,2,2
30536,79,75,4,4
30537,136,126,10,10
30538,130,123,7,7
30539,135,116,19,19
30540,77,76,1,1
30541,136,123,13,13
30542,107,84,23,23
30543,127,115,12,12
30544,116,113,3,3
30545,132,124,8,8
30546,88,84,4,4
30547,74,70,4,4
30548,71,81,-10,10
30549,53,52,1,1
30550,57,59,-2,2
30551,189,172,17,17
30552,49,45,4,4
30553,124,123,1,1
30554,127,118,9,9
30555,45,63,-18,18
30556,110,113,-3,3
30557,104,107,-3,3
30558,82,81,1,1
30559,133,122,11,11
30560,229,202,27,27
30561,64,69,-5,5
30562,107,94,13,13
30563,109,109,0,0
30564,174,156,18,18
30565,176,164,12,12
30566,101,90,11,11
30567,113,106,7,7
30568,139,126,13,13
30569,56,60,-4,4
30570,75,73,2,2
30571,89,88,1,1
30572,34,34,0,0
30573,130,123,7,7
30574,81,75,6,6
30575,103,111,-8,8
30576,99,98,1,1
30577,136,133,3,3
30578,37,34,3,3
30579,82,75,7,7
30580,125,120,5,5
30581,121,113,8,8
30582,94,88,6,6
30583,67,67,0,0
30584,110,119,-9,9
30585,82,79,3,3
30586,106,115,-9,9
30587,154,140,14,14
30588,97,97,0,0
30589,65,67,-2,2
30590,81,87,-6,6
30591,53,58,-5,5
30592,123,112,11,11
30593,123,109,14,14
30594,60,53,7,7
30595,59,65,-6,6
30596,71,95,-24,24
30597,154,141,13,13
30598,89,83,6,6
30599,89,84,5,5
30600,95,84,11,11
30601,78,80,-2,2
30602,79,82,-3,3
30603,132,128,4,4
30604,124,120,4,4
30605,125,116,9,9
30606,73,74,-1,1
30607,109,109,0,0
30608,84,83,1,1
30609,114,116,-2,2
30610,98,98,0,0
30611,229,208,21,21
30612,118,120,-2,2
30613,105,102,3,3
30614,56,63,-7,7
30615,86,83,3,3
30616,72,76,-4,4
30617,144,162,-18,18
30618,151,137,14,14
30619,91,87,4,4
30620,134,130,4,4
30621,142,132,10,10
30622,119,116,3,3
30623,115,106,9,9
30624,122,119,3,3
30625,121,108,13,13
30626,145,150,-5,5
30627,151,143,8,8
30628,99,79,20,20
30629,90,90,0,0
30630,115,138,-23,23
30631,65,80,-15,15
30632,90,86,4,4
30633,78,78,0,0
30634,65,72,-7,7
30635,77,76,1,1
30636,64,66,-2,2
30637,204,175,29,29
30638,134,137,-3,3
30639,144,128,16,16
30640,127,124,3,3
30641,88,80,8,8
30642,61,66,-5,5
30643,118,117,1,1
30644,91,89,2,2
30645,143,121,22,22
30646,166,141,25,25
30647,77,75,2,2
30648,97,88,9,9
30649,97,97,0,0
30650,98,84,14,14
30651,71,71,0,0
30652,77,74,3,3
30653,145,133,12,12
30654,127,120,7,7
30655,144,136,8,8
30656,128,113,15,15
30657,148,137,11,11
30658,67,67,0,0
30659,147,142,5,5
30660,85,93,-8,8
30661,98,99,-1,1
30662,72,71,1,1
30663,74,76,-2,2
30664,111,110,1,1
30665,80,78,2,2
30666,73,71,2,2
30667,79,83,-4,4
30668,90,77,13,13
30669,104,96,8,8
30670,70,72,-2,2
30671,99,96,3,3
30672,64,66,-2,2
30673,68,70,-2,2
30674,96,91,5,5
30675,44,49,-5,5
30676,84,82,2,2
30677,81,75,6,6
30678,152,140,12,12
30679,69,72,-3,3
30680,86,102,-16,16
30681,89,92,-3,3
30682,151,138,13,13
30683,80,85,-5,5
30684,97,101,-4,4
30685,55,55,0,0
30686,126,112,14,14
30687,110,115,-5,5
30688,112,117,-5,5
30689,156,132,24,24
30690,52,52,0,0
30691,88,87,1,1
30692,98,105,-7,7
30693,131,120,11,11
30694,114,105,9,9
30695,154,150,4,4
30696,52,57,-5,5
30697,134,131,3,3
30698,60,61,-1,1
30699,68,71,-3,3
30700,119,117,2,2
30701,61,61,0,0
30702,94,100,-6,6
30703,98,100,-2,2
30704,103,110,-7,7
30705,120,117,3,3
30706,97,97,0,0
30707,126,115,11,11
30708,103,97,6,6
30709,97,95,2,2
30710,89,85,4,4
30711,69,68,1,1
30712,58,62,-4,4
30713,109,99,10,10
30714,91,80,11,11
30715,76,75,1,1
30716,206,188,18,18
30717,109,94,15,15
30718,167,156,11,11
30719,124,112,12,12
30720,68,67,1,1
30721,162,131,31,31
30722,92,92,0,0
30723,160,154,6,6
30724,107,103,4,4
30725,104,93,11,11
30726,72,66,6,6
30727,59,64,-5,5
30728,102,94,8,8
30729,110,119,-9,9
30730,71,71,0,0
30731,96,88,8,8
30732,117,110,7,7
30733,67,70,-3,3
30734,64,67,-3,3
30735,111,101,10,10
30736,54,46,8,8
30737,70,73,-3,3
30738,89,84,5,5
30739,125,126,-1,1
30740,81,92,-11,11
30741,132,120,12,12
30742,122,119,3,3
30743,83,85,-2,2
30744,49,62,-13,13
30745,134,113,21,21
30746,86,84,2,2
30747,87,84,3,3
30748,113,112,1,1
30749,147,142,5,5
30750,57,63,-6,6
30751,81,77,4,4
30752,84,92,-8,8
30753,130,118,12,12
30754,103,95,8,8
30755,57,61,-4,4
30756,58,60,-2,2
30757,147,125,22,22
30758,136,129,7,7
30759,78,82,-4,4
30760,92,91,1,1
30761,69,75,-6,6
30762,151,136,15,15
30763,155,151,4,4
30764,80,83,-3,3
30765,71,69,2,2
30766,113,145,-32,32
30767,129,112,17,17
30768,113,108,5,5
30769,82,86,-4,4
30770,69,61,8,8
30771,95,91,4,4
30772,86,85,1,1
30773,86,81,5,5
30774,73,70,3,3
30775,84,85,-1,1
30776,99,93,6,6
30777,159,137,22,22
30778,94,94,0,0
30779,93,94,-1,1
30780,52,55,-3,3
30781,92,89,3,3
30782,77,87,-10,10
30783,83,84,-1,1
30784,145,140,5,5
30785,89,84,5,5
30786,98,91,7,7
30787,128,128,0,0
30788,70,79,-9,9
30789,85,84,1,1
30790,94,90,4,4
30791,63,70,-7,7
30792,120,107,13,13
30793,93,99,-6,6
30794,113,106,7,7
30795,164,163,1,1
30796,121,112,9,9
30797,61,59,2,2
30798,100,95,5,5
30799,67,61,6,6
30800,107,104,3,3
30801,56,51,5,5
30802,79,78,1,1
30803,116,146,-30,30
30804,139,130,9,9
30805,112,115,-3,3
30806,92,87,5,5
30807,108,100,8,8
30808,124,127,-3,3
30809,158,156,2,2
30810,106,84,22,22
30811,132,121,11,11
30812,100,91,9,9
30813,64,95,-31,31
30814,128,119,9,9
30815,53,52,1,1
30816,54,55,-1,1
30817,81,81,0,0
30818,67,70,-3,3
30819,97,108,-11,11
30820,129,115,14,14
30821,122,100,22,22
30822,139,130,9,9
30823,44,37,7,7
30824,131,128,3,3
30825,67,74,-7,7
30826,115,98,17,17
30827,53,51,2,2
30828,84,86,-2,2
30829,124,117,7,7
30830,74,68,6,6
30831,104,107,-3,3
30832,70,76,-6,6
30833,112,106,6,6
30834,90,76,14,14
30835,83,96,-13,13
30836,71,74,-3,3
30837,81,76,5,5
30838,124,138,-14,14
30839,161,155,6,6
30840,52,58,-6,6
30841,78,84,-6,6
30842,57,55,2,2
30843,113,110,3,3
30844,105,93,12,12
30845,119,107,12,12
30846,48,55,-7,7
30847,123,111,12,12
30848,96,90,6,6
30849,124,112,12,12
30850,129,127,2,2
30851,125,122,3,3
30852,104,102,2,2
30853,117,112,5,5
30854,151,143,8,8
30855,125,116,9,9
30856,87,92,-5,5
30857,71,73,-2,2
30858,58,59,-1,1
30859,127,125,2,2
30860,143,121,22,22
30861,78,77,1,1
30862,114,121,-7,7
30863,49,48,1,1
30864,86,86,0,0
30865,81,91,-10,10
30866,85,85,0,0
30867,158,134,24,24
30868,57,55,2,2
30869,109,104,5,5
30870,95,92,3,3
30871,45,45,0,0
30872,76,85,-9,9
30873,83,77,6,6
30874,100,109,-9,9
30875,65,79,-14,14
30876,76,79,-3,3
30877,47,59,-12,12
30878,70,71,-1,1
30879,157,149,8,8
30880,204,171,33,33
30881,88,84,4,4
30882,93,85,8,8
30883,53,61,-8,8
30884,97,96,1,1
30885,84,79,5,5
30886,66,73,-7,7
30887,73,76,-3,3
30888,64,71,-7,7
30889,102,92,10,10
30890,56,59,-3,3
30891,73,76,-3,3
30892,78,84,-6,6
30893,64,74,-10,10
30894,89,89,0,0
30895,108,106,2,2
30896,79,73,6,6
30897,99,97,2,2
30898,104,99,5,5
30899,174,151,23,23
30900,76,80,-4,4
30901,67,75,-8,8
30902,103,97,6,6
30903,72,71,1,1
30904,65,78,-13,13
30905,79,81,-2,2
30906,39,68,-29,29
30907,42,34,8,8
30908,43,49,-6,6
30909,130,123,7,7
30910,56,57,-1,1
30911,67,72,-5,5
30912,61,63,-2,2
30913,79,68,11,11
30914,122,102,20,20
30915,121,113,8,8
30916,87,78,9,9
30917,95,96,-1,1
30918,76,75,1,1
30919,98,88,10,10
30920,149,144,5,5
30921,37,34,3,3
30922,91,78,13,13
30923,99,95,4,4
30924,64,70,-6,6
30925,113,104,9,9
30926,82,83,-1,1
30927,71,72,-1,1
30928,103,104,-1,1
30929,58,66,-8,8
30930,112,105,7,7
30931,61,62,-1,1
30932,60,69,-9,9
30933,118,119,-1,1
30934,48,54,-6,6
30935,86,75,11,11
30936,61,69,-8,8
30937,123,106,17,17
30938,151,142,9,9
30939,50,49,1,1
30940,123,124,-1,1
30941,186,172,14,14
30942,59,65,-6,6
30943,141,135,6,6
30944,130,143,-13,13
30945,83,75,8,8
30946,63,66,-3,3
30947,168,145,23,23
30948,88,84,4,4
30949,49,58,-9,9
30950,47,54,-7,7
30951,81,84,-3,3
30952,176,148,28,28
30953,58,63,-5,5
30954,48,34,14,14
30955,117,113,4,4
30956,115,102,13,13
30957,120,112,8,8
30958,90,89,1,1
30959,46,57,-11,11
30960,113,123,-10,10
30961,64,70,-6,6
30962,126,116,10,10
30963,153,131,22,22
30964,114,102,12,12
30965,182,174,8,8
30966,114,110,4,4
30967,91,90,1,1
30968,116,104,12,12
30969,135,120,15,15
30970,70,71,-1,1
30971,80,73,7,7
30972,50,64,-14,14
30973,90,89,1,1
30974,50,58,-8,8
30975,144,125,19,19
30976,77,72,5,5
30977,81,79,2,2
30978,41,34,7,7
30979,80,82,-2,2
30980,97,90,7,7
30981,65,67,-2,2
30982,70,73,-3,3
30983,176,173,3,3
30984,143,135,8,8
30985,79,77,2,2
30986,122,109,13,13
30987,135,132,3,3
30988,85,89,-4,4
30989,50,59,-9,9
30990,88,86,2,2
30991,120,105,15,15
30992,134,125,9,9
30993,74,74,0,0
30994,86,90,-4,4
30995,95,92,3,3
30996,56,62,-6,6
30997,92,85,7,7
30998,86,86,0,0
30999,70,85,-15,15
31000,81,76,5,5
31001,113,110,3,3
31002,99,93,6,6
31003,77,79,-2,2
31004,31,30,1,1
31005,99,94,5,5
31006,85,82,3,3
31007,80,84,-4,4
31008,92,90,2,2
31009,56,60,-4,4
31010,139,143,-4,4
31011,51,50,1,1
31012,36,34,2,2
31013,126,112,14,14
31014,76,75,1,1
31015,96,105,-9,9
31016,87,88,-1,1
31017,117,111,6,6
31018,102,101,1,1
31019,89,91,-2,2
31020,107,92,15,15
31021,79,77,2,2
31022,89,85,4,4
31023,67,63,4,4
31024,114,109,5,5
31025,69,73,-4,4
31026,115,97,18,18
31027,168,166,2,2
31028,84,92,-8,8
31029,79,60,19,19
31030,133,134,-1,1
31031,123,102,21,21
31032,102,108,-6,6
31033,123,111,12,12
31034,97,87,10,10
31035,89,92,-3,3
31036,92,94,-2,2
31037,171,148,23,23
31038,72,68,4,4
31039,92,97,-5,5
31040,54,64,-10,10
31041,113,111,2,2
31042,110,95,15,15
31043,64,65,-1,1
31044,64,66,-2,2
31045,69,64,5,5
31046,81,79,2,2
31047,101,100,1,1
31048,92,92,0,0
31049,85,91,-6,6
31050,58,62,-4,4
31051,124,112,12,12
31052,81,76,5,5
31053,108,97,11,11
31054,93,86,7,7
31055,70,64,6,6
31056,119,96,23,23
31057,65,65,0,0
31058,90,81,9,9
31059,53,56,-3,3
31060,73,77,-4,4
31061,52,56,-4,4
31062,97,95,2,2
31063,118,97,21,21
31064,95,90,5,5
31065,89,85,4,4
31066,66,67,-1,1
31067,75,79,-4,4
31068,107,98,9,9
31069,63,62,1,1
31070,148,132,16,16
31071,110,105,5,5
31072,96,106,-10,10
31073,123,121,2,2
31074,123,111,12,12
31075,106,87,19,19
31076,101,92,9,9
31077,105,104,1,1
31078,94,97,-3,3
31079,53,70,-17,17
31080,53,66,-13,13
31081,116,112,4,4
31082,122,124,-2,2
31083,96,99,-3,3
31084,117,108,9,9
31085,105,97,8,8
31086,74,75,-1,1
31087,43,54,-11,11
31088,110,106,4,4
31089,71,71,0,0
31090,72,68,4,4
31091,109,105,4,4
31092,142,137,5,5
31093,69,65,4,4
31094,127,132,-5,5
31095,113,116,-3,3
31096,61,62,-1,1
31097,108,102,6,6
31098,83,77,6,6
31099,58,63,-5,5
31100,107,101,6,6
31101,108,123,-15,15
31102,97,90,7,7
31103,101,90,11,11
31104,101,105,-4,4
31105,123,108,15,15
31106,68,71,-3,3
31107,89,84,5,5
31108,47,51,-4,4
31109,128,112,16,16
31110,117,110,7,7
31111,94,85,9,9
31112,111,103,8,8
31113,51,55,-4,4
31114,65,73,-8,8
31115,79,95,-16,16
31116,140,132,8,8
31117,152,127,25,25
31118,108,106,2,2
31119,115,105,10,10
31120,78,87,-9,9
31121,100,98,2,2
31122,69,74,-5,5
31123,127,120,7,7
31124,64,60,4,4
31125,148,137,11,11
31126,105,96,9,9
31127,123,114,9,9
31128,56,60,-4,4
31129,60,70,-10,10
31130,100,92,8,8
31131,77,95,-18,18
31132,89,110,-21,21
31133,63,70,-7,7
31134,70,70,0,0
31135,74,70,4,4
31136,74,84,-10,10
31137,149,129,20,20
31138,60,66,-6,6
31139,115,155,-40,40
31140,65,70,-5,5
31141,95,86,9,9
31142,126,135,-9,9
31143,84,91,-7,7
31144,114,98,16,16
31145,130,117,13,13
31146,117,107,10,10
31147,135,132,3,3
31148,110,112,-2,2
31149,74,69,5,5
31150,91,94,-3,3
31151,102,94,8,8
31152,76,80,-4,4
31153,81,83,-2,2
31154,117,106,11,11
31155,58,62,-4,4
31156,52,70,-18,18
31157,44,62,-18,18
31158,126,125,1,1
31159,102,99,3,3
31160,68,64,4,4
31161,96,108,-12,12
31162,116,99,17,17
31163,96,88,8,8
31164,44,53,-9,9
31165,49,43,6,6
31166,109,103,6,6
31167,40,50,-10,10
31168,84,112,-28,28
31169,57,60,-3,3
31170,85,89,-4,4
31171,44,48,-4,4
31172,77,74,3,3
31173,70,81,-11,11
31174,63,70,-7,7
31175,75,73,2,2
31176,88,86,2,2
31177,98,94,4,4
31178,66,83,-17,17
31179,78,74,4,4
31180,95,99,-4,4
31181,99,123,-24,24
31182,20,92,-72,72
31183,88,91,-3,3
31184,165,152,13,13
31185,127,117,10,10
31186,55,61,-6,6
31187,145,135,10,10
31188,72,71,1,1
31189,84,75,9,9
31190,62,64,-2,2
31191,107,96,11,11
31192,113,92,21,21
31193,64,65,-1,1
31194,132,110,22,22
31195,80,77,3,3
31196,64,70,-6,6
31197,58,68,-10,10
31198,53,68,-15,15
31199,101,97,4,4
31200,97,89,8,8
31201,93,92,1,1
31202,87,75,12,12
31203,78,75,3,3
31204,70,63,7,7
31205,119,81,38,38
31206,66,68,-2,2
31207,82,93,-11,11
31208,117,99,18,18
31209,106,101,5,5
31210,79,77,2,2
31211,129,154,-25,25
31212,95,84,11,11
31213,66,72,-6,6
31214,63,62,1,1
31215,128,112,16,16
31216,86,77,9,9
31217,87,93,-6,6
31218,115,99,16,16
31219,126,122,4,4
31220,66,100,-34,34
31221,138,132,6,6
31222,118,100,18,18
31223,105,100,5,5
31224,59,66,-7,7
31225,51,60,-9,9
31226,45,64,-19,19
31227,79,78,1,1
31228,103,88,15,15
31229,86,102,-16,16
31230,63,63,0,0
31231,104,100,4,4
31232,144,133,11,11
31233,160,140,20,20
31234,55,59,-4,4
31235,83,82,1,1
31236,104,101,3,3
31237,61,66,-5,5
31238,92,95,-3,3
31239,72,76,-4,4
31240,103,96,7,7
31241,192,160,32,32
31242,89,80,9,9
31243,76,73,3,3
31244,70,76,-6,6
31245,81,73,8,8
31246,96,92,4,4
31247,120,112,8,8
31248,88,88,0,0
31249,81,73,8,8
31250,91,89,2,2
31251,104,94,10,10
31252,71,70,1,1
31253,51,49,2,2
31254,138,127,11,11
31255,88,78,10,10
31256,64,75,-11,11
31257,108,107,1,1
31258,120,113,7,7
31259,78,97,-19,19
31260,158,138,20,20
31261,185,160,25,25
31262,168,166,2,2
31263,96,98,-2,2
31264,100,80,20,20
31265,48,102,-54,54
31266,80,78,2,2
31267,49,56,-7,7
31268,108,103,5,5
31269,71,75,-4,4
31270,111,107,4,4
31271,75,70,5,5
31272,117,111,6,6
31273,156,139,17,17
31274,111,100,11,11
31275,108,105,3,3
31276,54,61,-7,7
31277,83,87,-4,4
31278,91,83,8,8
31279,53,62,-9,9
31280,46,49,-3,3
31281,39,43,-4,4
31282,97,108,-11,11
31283,97,107,-10,10
31284,93,85,8,8
31285,173,158,15,15
31286,76,75,1,1
31287,146,134,12,12
31288,128,131,-3,3
31289,81,73,8,8
31290,90,90,0,0
31291,109,111,-2,2
31292,123,105,18,18
31293,100,94,6,6
31294,77,82,-5,5
31295,77,78,-1,1
31296,109,119,-10,10
31297,85,83,2,2
31298,94,90,4,4
31299,57,57,0,0
31300,51,58,-7,7
31301,50,60,-10,10
31302,80,77,3,3
31303,73,69,4,4
31304,68,76,-8,8
31305,153,132,21,21
31306,120,124,-4,4
31307,99,95,4,4
31308,97,90,7,7
31309,82,77,5,5
31310,85,94,-9,9
31311,84,86,-2,2
31312,93,101,-8,8
31313,55,61,-6,6
31314,53,59,-6,6
31315,148,136,12,12
31316,115,115,0,0
31317,116,110,6,6
31318,109,95,14,14
31319,72,75,-3,3
31320,85,85,0,0
31321,78,67,11,11
31322,133,118,15,15
31323,89,84,5,5
31324,53,65,-12,12
31325,145,147,-2,2
31326,75,72,3,3
31327,60,62,-2,2
31328,71,72,-1,1
31329,62,66,-4,4
31330,165,148,17,17
31331,51,56,-5,5
31332,146,147,-1,1
31333,64,65,-1,1
31334,75,84,-9,9
31335,79,74,5,5
31336,85,85,0,0
31337,100,97,3,3
31338,119,110,9,9
31339,106,110,-4,4
31340,79,77,2,2
31341,163,151,12,12
31342,121,121,0,0
31343,66,71,-5,5
31344,114,109,5,5
31345,77,80,-3,3
31346,57,59,-2,2
31347,87,91,-4,4
31348,86,82,4,4
31349,71,76,-5,5
31350,124,115,9,9
31351,65,63,2,2
31352,111,102,9,9
31353,62,69,-7,7
31354,94,84,10,10
31355,76,76,0,0
31356,122,130,-8,8
31357,136,146,-10,10
31358,76,73,3,3
31359,82,94,-12,12
31360,62,62,0,0
31361,65,62,3,3
31362,63,72,-9,9
31363,50,49,1,1
31364,56,70,-14,14
31365,80,85,-5,5
31366,95,87,8,8
31367,94,95,-1,1
31368,90,79,11,11
31369,116,98,18,18
31370,113,100,13,13
31371,70,68,2,2
31372,31,33,-2,2
31373,70,75,-5,5
31374,72,67,5,5
31375,92,84,8,8
31376,82,78,4,4
31377,58,66,-8,8
31378,104,105,-1,1
31379,75,75,0,0
31380,90,92,-2,2
31381,130,118,12,12
31382,126,121,5,5
31383,89,84,5,5
31384,108,100,8,8
31385,51,59,-8,8
31386,132,125,7,7
31387,91,90,1,1
31388,109,112,-3,3
31389,103,116,-13,13
31390,87,79,8,8
31391,123,119,4,4
31392,109,100,9,9
31393,77,94,-17,17
31394,96,94,2,2
31395,82,79,3,3
31396,111,107,4,4
31397,72,71,1,1
31398,117,103,14,14
31399,117,109,8,8
31400,137,130,7,7
31401,107,95,12,12
31402,91,90,1,1
31403,110,104,6,6
31404,76,84,-8,8
31405,83,76,7,7
31406,142,136,6,6
31407,97,92,5,5
31408,54,56,-2,2
31409,71,75,-4,4
31410,91,96,-5,5
31411,100,97,3,3
31412,47,51,-4,4
31413,114,102,12,12
31414,65,58,7,7
31415,33,34,-1,1
31416,88,83,5,5
31417,102,100,2,2
31418,72,88,-16,16
31419,95,97,-2,2
31420,100,94,6,6
31421,200,184,16,16
31422,147,129,18,18
31423,98,104,-6,6
31424,111,105,6,6
31425,105,103,2,2
31426,89,89,0,0
31427,108,104,4,4
31428,35,65,-30,30
31429,54,62,-8,8
31430,124,116,8,8
31431,90,84,6,6
31432,130,121,9,9
31433,138,126,12,12
31434,143,126,17,17
31435,74,74,0,0
31436,47,58,-11,11
31437,64,68,-4,4
31438,174,167,7,7
31439,96,90,6,6
31440,132,127,5,5
31441,66,74,-8,8
31442,105,101,4,4
31443,128,127,1,1
31444,99,96,3,3
31445,70,69,1,1
31446,62,60,2,2
31447,78,77,1,1
31448,93,97,-4,4
31449,89,75,14,14
31450,104,112,-8,8
31451,74,71,3,3
31452,102,84,18,18
31453,58,58,0,0
31454,89,87,2,2
31455,84,76,8,8
31456,128,114,14,14
31457,91,91,0,0
31458,80,72,8,8
31459,84,93,-9,9
31460,100,103,-3,3
31461,115,106,9,9
31462,92,95,-3,3
31463,155,152,3,3
31464,175,146,29,29
31465,79,75,4,4
31466,70,65,5,5
31467,64,74,-10,10
31468,111,110,1,1
31469,83,80,3,3
31470,92,94,-2,2
31471,153,142,11,11
31472,138,131,7,7
31473,90,101,-11,11
31474,104,106,-2,2
31475,52,49,3,3
31476,72,74,-2,2
31477,76,80,-4,4
31478,69,70,-1,1
31479,145,131,14,14
31480,67,68,-1,1
31481,79,76,3,3
31482,103,93,10,10
31483,145,142,3,3
31484,86,85,1,1
31485,112,103,9,9
31486,130,110,20,20
31487,173,153,20,20
31488,75,74,1,1
31489,195,162,33,33
31490,93,89,4,4
31491,102,96,6,6
31492,64,62,2,2
31493,68,67,1,1
31494,58,66,-8,8
31495,93,80,13,13
31496,119,100,19,19
31497,54,53,1,1
31498,72,89,-17,17
31499,82,83,-1,1
31500,130,124,6,6
31501,75,78,-3,3
31502,73,76,-3,3
31503,72,75,-3,3
31504,243,260,-17,17
31505,62,78,-16,16
31506,79,69,10,10
31507,129,130,-1,1
31508,119,109,10,10
31509,121,117,4,4
31510,135,126,9,9
31511,64,60,4,4
31512,84,85,-1,1
31513,68,72,-4,4
31514,89,83,6,6
31515,59,56,3,3
31516,67,74,-7,7
31517,108,108,0,0
31518,55,59,-4,4
31519,161,137,24,24
31520,75,76,-1,1
31521,113,103,10,10
31522,102,96,6,6
31523,116,107,9,9
31524,134,127,7,7
31525,161,128,33,33
31526,122,100,22,22
31527,103,94,9,9
31528,75,76,-1,1
31529,162,139,23,23
31530,76,81,-5,5
31531,57,63,-6,6
31532,74,79,-5,5
31533,78,72,6,6
31534,68,68,0,0
31535,101,93,8,8
31536,66,70,-4,4
31537,61,65,-4,4
31538,120,111,9,9
31539,62,63,-1,1
31540,149,127,22,22
31541,85,94,-9,9
31542,126,110,16,16
31543,192,180,12,12
31544,94,89,5,5
31545,69,70,-1,1
31546,99,86,13,13
31547,114,103,11,11
31548,75,76,-1,1
31549,113,119,-6,6
31550,165,150,15,15
31551,133,121,12,12
31552,86,92,-6,6
31553,72,67,5,5
31554,97,93,4,4
31555,113,149,-36,36
31556,110,107,3,3
31557,119,119,0,0
31558,60,64,-4,4
31559,72,85,-13,13
31560,110,107,3,3
31561,151,130,21,21
31562,70,66,4,4
31563,89,90,-1,1
31564,112,104,8,8
31565,70,71,-1,1
31566,64,67,-3,3
31567,155,151,4,4
31568,103,96,7,7
31569,115,106,9,9
31570,57,57,0,0
31571,92,96,-4,4
31572,96,88,8,8
31573,61,66,-5,5
31574,144,123,21,21
31575,75,77,-2,2
31576,138,126,12,12
31577,103,102,1,1
31578,118,104,14,14
31579,80,85,-5,5
31580,107,97,10,10
31581,84,83,1,1
31582,87,81,6,6
31583,56,52,4,4
31584,129,115,14,14
31585,94,91,3,3
31586,72,83,-11,11
31587,193,157,36,36
31588,141,118,23,23
31589,98,95,3,3
31590,116,118,-2,2
31591,154,143,11,11
31592,116,117,-1,1
31593,75,80,-5,5
31594,107,96,11,11
31595,83,76,7,7
31596,103,107,-4,4
31597,99,93,6,6
31598,109,106,3,3
31599,95,90,5,5
31600,85,76,9,9
31601,81,80,1,1
31602,112,97,15,15
31603,82,75,7,7
31604,56,59,-3,3
31605,64,68,-4,4
31606,105,117,-12,12
31607,118,111,7,7
31608,82,84,-2,2
31609,96,93,3,3
31610,69,65,4,4
31611,128,124,4,4
31612,88,91,-3,3
31613,90,85,5,5
31614,141,133,8,8
31615,75,84,-9,9
31616,108,106,2,2
31617,153,139,14,14
31618,101,95,6,6
31619,76,79,-3,3
31620,86,92,-6,6
31621,49,49,0,0
31622,130,121,9,9
31623,95,93,2,2
31624,33,40,-7,7
31625,156,152,4,4
31626,49,45,4,4
31627,89,83,6,6
31628,86,76,10,10
31629,80,76,4,4
31630,97,92,5,5
31631,59,65,-6,6
31632,153,138,15,15
31633,51,56,-5,5
31634,88,76,12,12
31635,145,152,-7,7
31636,165,170,-5,5
31637,74,78,-4,4
31638,80,90,-10,10
31639,101,92,9,9
31640,46,49,-3,3
31641,62,66,-4,4
31642,107,94,13,13
31643,66,69,-3,3
31644,153,143,10,10
31645,75,75,0,0
31646,49,52,-3,3
31647,120,120,0,0
31648,131,120,11,11
31649,106,108,-2,2
31650,147,134,13,13
31651,81,81,0,0
31652,94,92,2,2
31653,57,58,-1,1
31654,61,73,-12,12
31655,47,45,2,2
31656,53,55,-2,2
31657,117,107,10,10
31658,98,76,22,22
31659,48,46,2,2
31660,190,180,10,10
31661,68,71,-3,3
31662,106,97,9,9
31663,57,64,-7,7
31664,131,129,2,2
31665,132,125,7,7
31666,74,76,-2,2
31667,125,121,4,4
31668,86,87,-1,1
31669,49,52,-3,3
31670,95,79,16,16
31671,67,66,1,1
31672,82,85,-3,3
31673,93,101,-8,8
31674,52,60,-8,8
31675,55,59,-4,4
31676,111,105,6,6
31677,73,71,2,2
31678,72,78,-6,6
31679,160,149,11,11
31680,97,98,-1,1
31681,95,87,8,8
31682,117,92,25,25
31683,67,61,6,6
31684,55,63,-8,8
31685,103,95,8,8
31686,108,108,0,0
31687,82,75,7,7
31688,155,137,18,18
31689,87,88,-1,1
31690,88,84,4,4
31691,84,94,-10,10
31692,66,77,-11,11
31693,59,63,-4,4
31694,80,76,4,4
31695,120,121,-1,1
31696,92,90,2,2
31697,36,32,4,4
31698,89,80,9,9
31699,113,100,13,13
31700,86,87,-1,1
31701,117,132,-15,15
31702,78,73,5,5
31703,72,77,-5,5
31704,76,68,8,8
31705,76,76,0,0
31706,87,85,2,2
31707,76,96,-20,20
31708,79,64,15,15
31709,51,43,8,8
31710,121,129,-8,8
31711,100,90,10,10
31712,83,82,1,1
31713,84,77,7,7
31714,100,100,0,0
31715,125,119,6,6
31716,73,68,5,5
31717,59,62,-3,3
31718,79,82,-3,3
31719,76,82,-6,6
31720,108,110,-2,2
31721,64,75,-11,11
31722,101,92,9,9
31723,140,118,22,22
31724,89,87,2,2
31725,72,70,2,2
31726,82,86,-4,4
31727,68,71,-3,3
31728,41,54,-13,13
31729,77,78,-1,1
31730,150,137,13,13
31731,121,112,9,9
31732,96,114,-18,18
31733,50,54,-4,4
31734,45,49,-4,4
31735,118,120,-2,2
31736,108,101,7,7
31737,74,70,4,4
31738,148,131,17,17
31739,109,102,7,7
31740,53,59,-6,6
31741,69,66,3,3
31742,75,77,-2,2
31743,75,86,-11,11
31744,93,89,4,4
31745,36,33,3,3
31746,62,69,-7,7
31747,139,131,8,8
31748,67,68,-1,1
31749,199,187,12,12
31750,61,60,1,1
31751,66,69,-3,3
31752,58,62,-4,4
31753,58,62,-4,4
31754,98,100,-2,2
31755,65,64,1,1
31756,96,96,0,0
31757,105,105,0,0
31758,44,49,-5,5
31759,116,108,8,8
31760,87,80,7,7
31761,94,89,5,5
31762,130,128,2,2
31763,103,101,2,2
31764,85,80,5,5
31765,94,100,-6,6
31766,78,76,2,2
31767,120,110,10,10
31768,48,54,-6,6
31769,107,96,11,11
31770,87,90,-3,3
31771,115,112,3,3
31772,122,115,7,7
31773,137,121,16,16
31774,19,30,-11,11
31775,90,92,-2,2
31776,45,40,5,5
31777,53,60,-7,7
31778,132,116,16,16
31779,54,48,6,6
31780,123,128,-5,5
31781,88,101,-13,13
31782,90,83,7,7
31783,112,107,5,5
31784,67,64,3,3
31785,50,60,-10,10
31786,65,67,-2,2
31787,44,48,-4,4
31788,86,92,-6,6
31789,65,69,-4,4
31790,80,95,-15,15
31791,128,117,11,11
31792,166,133,33,33
31793,105,95,10,10
31794,77,75,2,2
31795,113,115,-2,2
31796,82,81,1,1
31797,94,98,-4,4
31798,123,114,9,9
31799,118,115,3,3
31800,159,141,18,18
31801,100,83,17,17
31802,95,88,7,7
31803,128,124,4,4
31804,67,77,-10,10
31805,131,114,17,17
31806,78,77,1,1
31807,58,63,-5,5
31808,126,112,14,14
31809,136,134,2,2
31810,75,72,3,3
31811,100,96,4,4
31812,52,54,-2,2
31813,94,81,13,13
31814,64,72,-8,8
31815,65,70,-5,5
31816,85,84,1,1
31817,100,95,5,5
31818,134,125,9,9
31819,88,85,3,3
31820,87,85,2,2
31821,112,108,4,4
31822,222,195,27,27
31823,103,94,9,9
31824,131,148,-17,17
31825,143,135,8,8
31826,89,90,-1,1
31827,144,125,19,19
31828,90,86,4,4
31829,117,106,11,11
31830,41,34,7,7
31831,161,151,10,10
31832,87,91,-4,4
31833,67,70,-3,3
31834,89,90,-1,1
31835,58,55,3,3
31836,54,55,-1,1
31837,66,65,1,1
31838,62,70,-8,8
31839,46,46,0,0
31840,116,111,5,5
31841,146,143,3,3
31842,153,154,-1,1
31843,110,93,17,17
31844,83,74,9,9
31845,138,120,18,18
31846,117,106,11,11
31847,86,80,6,6
31848,170,156,14,14
31849,96,97,-1,1
31850,57,56,1,1
31851,102,94,8,8
31852,96,94,2,2
31853,88,82,6,6
31854,117,117,0,0
31855,83,95,-12,12
31856,94,101,-7,7
31857,68,77,-9,9
31858,81,75,6,6
31859,165,156,9,9
31860,93,84,9,9
31861,169,159,10,10
31862,79,85,-6,6
31863,91,86,5,5
31864,96,93,3,3
31865,107,92,15,15
31866,98,92,6,6
31867,81,78,3,3
31868,125,123,2,2
31869,111,105,6,6
31870,50,58,-8,8
31871,102,99,3,3
31872,94,86,8,8
31873,57,60,-3,3
31874,110,105,5,5
31875,89,84,5,5
31876,69,70,-1,1
31877,116,114,2,2
31878,135,118,17,17
31879,76,72,4,4
31880,98,85,13,13
31881,72,69,3,3
31882,68,74,-6,6
31883,77,73,4,4
31884,125,132,-7,7
31885,115,103,12,12
31886,136,117,19,19
31887,80,77,3,3
31888,82,82,0,0
31889,76,80,-4,4
31890,82,78,4,4
31891,138,122,16,16
31892,108,96,12,12
31893,153,139,14,14
31894,76,76,0,0
31895,100,89,11,11
31896,97,97,0,0
31897,119,112,7,7
31898,35,34,1,1
31899,39,34,5,5
31900,102,94,8,8
31901,93,103,-10,10
31902,122,112,10,10
31903,88,84,4,4
31904,84,84,0,0
31905,207,185,22,22
31906,67,69,-2,2
31907,111,110,1,1
31908,75,77,-2,2
31909,112,103,9,9
31910,59,63,-4,4
31911,66,64,2,2
31912,161,152,9,9
31913,80,85,-5,5
31914,64,69,-5,5
31915,123,81,42,42
31916,123,113,10,10
31917,144,137,7,7
31918,61,65,-4,4
31919,85,73,12,12
31920,100,90,10,10
31921,100,93,7,7
31922,65,62,3,3
31923,75,72,3,3
31924,104,92,12,12
31925,112,117,-5,5
31926,93,86,7,7
31927,69,66,3,3
31928,58,61,-3,3
31929,120,102,18,18
31930,131,114,17,17
31931,101,90,11,11
31932,156,149,7,7
31933,83,78,5,5
31934,62,66,-4,4
31935,94,93,1,1
31936,87,89,-2,2
31937,182,160,22,22
31938,132,122,10,10
31939,100,100,0,0
31940,74,74,0,0
31941,57,63,-6,6
31942,95,93,2,2
31943,64,59,5,5
31944,99,90,9,9
31945,102,108,-6,6
31946,144,129,15,15
31947,152,136,16,16
31948,66,64,2,2
31949,57,60,-3,3
31950,73,78,-5,5
31951,85,79,6,6
31952,111,98,13,13
31953,78,78,0,0
31954,87,84,3,3
31955,58,65,-7,7
31956,125,119,6,6
31957,98,93,5,5
31958,127,118,9,9
31959,125,110,15,15
31960,107,105,2,2
31961,57,65,-8,8
31962,161,143,18,18
31963,109,98,11,11
31964,110,95,15,15
31965,64,65,-1,1
31966,304,258,46,46
31967,75,74,1,1
31968,161,158,3,3
31969,85,93,-8,8
31970,124,104,20,20
31971,53,57,-4,4
31972,98,98,0,0
31973,124,120,4,4
31974,67,63,4,4
31975,59,66,-7,7
31976,115,102,13,13
31977,91,84,7,7
31978,108,106,2,2
31979,82,84,-2,2
31980,104,93,11,11
31981,65,74,-9,9
31982,107,101,6,6
31983,140,138,2,2
31984,83,81,2,2
31985,128,139,-11,11
31986,65,61,4,4
31987,70,73,-3,3
31988,160,156,4,4
31989,94,95,-1,1
31990,74,70,4,4
31991,99,98,1,1
31992,105,99,6,6
31993,65,71,-6,6
31994,46,50,-4,4
31995,72,71,1,1
31996,53,51,2,2
31997,110,104,6,6
31998,100,91,9,9
31999,65,70,-5,5
32000,102,94,8,8
32001,128,117,11,11
32002,90,84,6,6
32003,139,145,-6,6
32004,145,124,21,21
32005,89,81,8,8
32006,68,77,-9,9
32007,64,66,-2,2
32008,79,84,-5,5
32009,86,75,11,11
32010,60,69,-9,9
32011,101,93,8,8
32012,36,41,-5,5
32013,103,97,6,6
32014,52,53,-1,1
32015,152,144,8,8
32016,80,90,-10,10
32017,142,122,20,20
32018,129,113,16,16
32019,140,114,26,26
32020,49,57,-8,8
32021,147,141,6,6
32022,100,88,12,12
32023,59,68,-9,9
32024,106,105,1,1
32025,88,86,2,2
32026,86,87,-1,1
32027,106,93,13,13
32028,110,105,5,5
32029,43,34,9,9
32030,114,117,-3,3
32031,77,74,3,3
32032,103,101,2,2
32033,125,121,4,4
32034,65,67,-2,2
32035,105,99,6,6
32036,98,110,-12,12
32037,132,141,-9,9
32038,119,109,10,10
32039,80,79,1,1
32040,107,100,7,7
32041,94,84,10,10
32042,59,64,-5,5
32043,109,109,0,0
32044,144,142,2,2
32045,45,51,-6,6
32046,66,44,22,22
32047,122,120,2,2
32048,88,85,3,3
32049,53,49,4,4
32050,58,66,-8,8
32051,68,70,-2,2
32052,104,94,10,10
32053,129,130,-1,1
32054,55,60,-5,5
32055,80,73,7,7
32056,100,106,-6,6
32057,64,75,-11,11
32058,150,139,11,11
32059,80,77,3,3
32060,96,88,8,8
32061,83,86,-3,3
32062,39,34,5,5
32063,112,95,17,17
32064,146,134,12,12
32065,91,94,-3,3
32066,77,85,-8,8
32067,121,116,5,5
32068,113,106,7,7
32069,132,135,-3,3
32070,102,103,-1,1
32071,71,67,4,4
32072,81,76,5,5
32073,60,71,-11,11
32074,112,99,13,13
32075,95,85,10,10
32076,116,105,11,11
32077,85,86,-1,1
32078,116,121,-5,5
32079,107,102,5,5
32080,156,137,19,19
32081,84,84,0,0
32082,77,74,3,3
32083,111,99,12,12
32084,61,83,-22,22
32085,124,123,1,1
32086,106,93,13,13
32087,116,111,5,5
32088,64,76,-12,12
32089,108,103,5,5
32090,76,74,2,2
32091,72,75,-3,3
32092,75,75,0,0
32093,66,66,0,0
32094,128,131,-3,3
32095,189,157,32,32
32096,120,118,2,2
32097,64,64,0,0
32098,141,135,6,6
32099,96,92,4,4
32100,170,159,11,11
32101,83,83,0,0
32102,101,100,1,1
32103,81,86,-5,5
32104,43,41,2,2
32105,150,140,10,10
32106,70,66,4,4
32107,89,78,11,11
32108,115,104,11,11
32109,103,98,5,5
32110,54,56,-2,2
32111,63,63,0,0
32112,127,130,-3,3
32113,96,80,16,16
32114,79,93,-14,14
32115,83,83,0,0
32116,108,99,9,9
32117,116,107,9,9
32118,121,113,8,8
32119,127,111,16,16
32120,109,109,0,0
32121,96,96,0,0
32122,82,80,2,2
32123,103,126,-23,23
32124,142,146,-4,4
32125,161,141,20,20
32126,126,124,2,2
32127,78,72,6,6
32128,157,153,4,4
32129,63,68,-5,5
32130,64,65,-1,1
32131,90,86,4,4
32132,95,95,0,0
32133,146,135,11,11
32134,56,57,-1,1
32135,48,45,3,3
32136,68,68,0,0
32137,94,94,0,0
32138,87,81,6,6
32139,122,106,16,16
32140,126,108,18,18
32141,55,60,-5,5
32142,61,66,-5,5
32143,89,96,-7,7
32144,62,70,-8,8
32145,71,71,0,0
32146,87,89,-2,2
32147,39,34,5,5
32148,123,113,10,10
32149,79,84,-5,5
32150,109,99,10,10
32151,101,101,0,0
32152,107,99,8,8
32153,114,106,8,8
32154,81,88,-7,7
32155,167,152,15,15
32156,71,73,-2,2
32157,65,71,-6,6
32158,76,72,4,4
32159,94,89,5,5
32160,162,146,16,16
32161,86,96,-10,10
32162,162,152,10,10
32163,50,47,3,3
32164,109,97,12,12
32165,70,69,1,1
32166,69,70,-1,1
32167,36,33,3,3
32168,117,104,13,13
32169,104,90,14,14
32170,107,105,2,2
32171,66,69,-3,3
32172,98,95,3,3
32173,113,112,1,1
32174,57,62,-5,5
32175,117,111,6,6
32176,79,93,-14,14
32177,88,89,-1,1
32178,101,96,5,5
32179,98,98,0,0
32180,164,171,-7,7
32181,108,102,6,6
32182,79,76,3,3
32183,77,82,-5,5
32184,81,80,1,1
32185,111,104,7,7
32186,108,102,6,6
32187,104,101,3,3
32188,51,43,8,8
32189,79,80,-1,1
32190,141,130,11,11
32191,105,101,4,4
32192,79,82,-3,3
32193,121,109,12,12
32194,85,90,-5,5
32195,60,64,-4,4
32196,76,73,3,3
32197,66,66,0,0
32198,140,127,13,13
32199,115,97,18,18
32200,135,119,16,16
32201,137,142,-5,5
32202,108,113,-5,5
32203,56,63,-7,7
32204,145,134,11,11
32205,107,93,14,14
32206,75,72,3,3
32207,73,70,3,3
32208,58,61,-3,3
32209,73,71,2,2
32210,100,95,5,5
32211,154,141,13,13
32212,89,85,4,4
32213,86,77,9,9
32214,218,183,35,35
32215,96,91,5,5
32216,72,75,-3,3
32217,136,143,-7,7
32218,197,182,15,15
32219,75,80,-5,5
32220,138,129,9,9
32221,112,109,3,3
32222,97,100,-3,3
32223,50,58,-8,8
32224,144,128,16,16
32225,62,65,-3,3
32226,91,95,-4,4
32227,108,106,2,2
32228,111,105,6,6
32229,154,141,13,13
32230,84,85,-1,1
32231,181,169,12,12
32232,80,81,-1,1
32233,134,124,10,10
32234,78,84,-6,6
32235,243,218,25,25
32236,59,57,2,2
32237,83,72,11,11
32238,76,68,8,8
32239,88,85,3,3
32240,62,63,-1,1
32241,81,78,3,3
32242,127,122,5,5
32243,119,109,10,10
32244,70,75,-5,5
32245,114,98,16,16
32246,91,87,4,4
32247,120,103,17,17
32248,61,60,1,1
32249,73,74,-1,1
32250,77,84,-7,7
32251,175,169,6,6
32252,86,83,3,3
32253,125,115,10,10
32254,109,97,12,12
32255,90,96,-6,6
32256,71,74,-3,3
32257,64,65,-1,1
32258,91,84,7,7
32259,116,106,10,10
32260,63,62,1,1
32261,79,82,-3,3
32262,56,55,1,1
32263,144,132,12,12
32264,130,111,19,19
32265,73,73,0,0
32266,64,56,8,8
32267,146,125,21,21
32268,30,48,-18,18
32269,107,105,2,2
32270,80,85,-5,5
32271,94,106,-12,12
32272,57,59,-2,2
32273,85,89,-4,4
32274,157,140,17,17
32275,131,128,3,3
32276,170,140,30,30
32277,115,119,-4,4
32278,124,106,18,18
32279,83,83,0,0
32280,139,131,8,8
32281,104,104,0,0
32282,54,57,-3,3
32283,117,107,10,10
32284,84,92,-8,8
32285,97,89,8,8
32286,50,34,16,16
32287,57,69,-12,12
32288,84,81,3,3
32289,70,73,-3,3
32290,75,78,-3,3
32291,33,51,-18,18
32292,110,122,-12,12
32293,60,63,-3,3
32294,66,70,-4,4
32295,121,109,12,12
32296,97,95,2,2
32297,128,117,11,11
32298,82,78,4,4
32299,110,103,7,7
32300,135,133,2,2
32301,96,93,3,3
32302,79,73,6,6
32303,82,74,8,8
32304,112,99,13,13
32305,119,119,0,0
32306,113,89,24,24
32307,129,123,6,6
32308,30,32,-2,2
32309,143,138,5,5
32310,48,52,-4,4
32311,70,72,-2,2
32312,66,96,-30,30
32313,117,117,0,0
32314,49,52,-3,3
32315,73,74,-1,1
32316,104,107,-3,3
32317,78,90,-12,12
32318,94,94,0,0
32319,39,34,5,5
32320,163,149,14,14
32321,131,127,4,4
32322,78,83,-5,5
32323,107,110,-3,3
32324,40,41,-1,1
32325,83,81,2,2
32326,88,96,-8,8
32327,104,100,4,4
32328,116,104,12,12
32329,144,127,17,17
32330,93,92,1,1
32331,89,86,3,3
32332,110,102,8,8
32333,62,85,-23,23
32334,100,95,5,5
32335,79,78,1,1
32336,80,77,3,3
32337,120,116,4,4
32338,84,101,-17,17
32339,88,89,-1,1
32340,132,122,10,10
32341,93,86,7,7
32342,79,85,-6,6
32343,27,33,-6,6
32344,97,95,2,2
32345,167,149,18,18
32346,146,146,0,0
32347,45,40,5,5
32348,53,54,-1,1
32349,57,60,-3,3
32350,40,34,6,6
32351,77,83,-6,6
32352,120,114,6,6
32353,87,95,-8,8
32354,189,166,23,23
32355,84,87,-3,3
32356,68,65,3,3
32357,85,88,-3,3
32358,75,79,-4,4
32359,58,62,-4,4
32360,67,68,-1,1
32361,58,60,-2,2
32362,38,34,4,4
32363,63,68,-5,5
32364,82,90,-8,8
32365,111,122,-11,11
32366,168,148,20,20
32367,67,68,-1,1
32368,92,88,4,4
32369,43,34,9,9
32370,126,112,14,14
32371,94,91,3,3
32372,108,112,-4,4
32373,80,86,-6,6
32374,159,138,21,21
32375,101,82,19,19
32376,71,68,3,3
32377,77,82,-5,5
32378,53,60,-7,7
32379,96,96,0,0
32380,144,125,19,19
32381,96,94,2,2
32382,120,118,2,2
32383,91,88,3,3
32384,57,67,-10,10
32385,95,96,-1,1
32386,114,114,0,0
32387,115,118,-3,3
32388,63,57,6,6
32389,103,92,11,11
32390,213,192,21,21
32391,82,88,-6,6
32392,113,101,12,12
32393,75,76,-1,1
32394,122,121,1,1
32395,82,70,12,12
32396,112,100,12,12
32397,114,108,6,6
32398,62,55,7,7
32399,145,125,20,20
32400,153,155,-2,2
32401,102,77,25,25
32402,65,69,-4,4
32403,79,64,15,15
32404,85,86,-1,1
32405,69,65,4,4
32406,69,74,-5,5
32407,106,93,13,13
32408,73,72,1,1
32409,95,87,8,8
32410,68,74,-6,6
32411,72,76,-4,4
32412,71,78,-7,7
32413,135,125,10,10
32414,115,106,9,9
32415,75,77,-2,2
32416,57,62,-5,5
32417,33,34,-1,1
32418,73,72,1,1
32419,147,138,9,9
32420,100,96,4,4
32421,81,80,1,1
32422,130,123,7,7
32423,63,64,-1,1
32424,75,77,-2,2
32425,97,99,-2,2
32426,80,85,-5,5
32427,67,67,0,0
32428,135,130,5,5
32429,48,49,-1,1
32430,113,117,-4,4
32431,62,63,-1,1
32432,66,65,1,1
32433,62,54,8,8
32434,140,146,-6,6
32435,82,84,-2,2
32436,86,85,1,1
32437,123,114,9,9
32438,134,124,10,10
32439,63,67,-4,4
32440,142,132,10,10
32441,63,64,-1,1
32442,94,83,11,11
32443,72,76,-4,4
32444,146,132,14,14
32445,90,71,19,19
32446,57,61,-4,4
32447,51,63,-12,12
32448,64,67,-3,3
32449,80,86,-6,6
32450,105,102,3,3
32451,109,105,4,4
32452,99,104,-5,5
32453,209,187,22,22
32454,82,75,7,7
32455,49,57,-8,8
32456,72,68,4,4
32457,62,64,-2,2
32458,50,59,-9,9
32459,153,146,7,7
32460,140,115,25,25
32461,95,87,8,8
32462,81,78,3,3
32463,114,102,12,12
32464,130,124,6,6
32465,31,34,-3,3
32466,86,93,-7,7
32467,100,104,-4,4
32468,58,63,-5,5
32469,58,59,-1,1
32470,95,84,11,11
32471,121,118,3,3
32472,83,82,1,1
32473,152,137,15,15
32474,138,136,2,2
32475,128,126,2,2
32476,92,100,-8,8
32477,64,68,-4,4
32478,72,76,-4,4
32479,110,111,-1,1
32480,57,58,-1,1
32481,99,94,5,5
32482,98,92,6,6
32483,73,85,-12,12
32484,53,60,-7,7
32485,55,63,-8,8
32486,61,63,-2,2
32487,239,191,48,48
32488,86,85,1,1
32489,133,113,20,20
32490,80,82,-2,2
32491,76,71,5,5
32492,79,71,8,8
32493,140,124,16,16
32494,97,97,0,0
32495,74,64,10,10
32496,142,128,14,14
32497,82,80,2,2
32498,62,62,0,0
32499,101,107,-6,6
32500,69,84,-15,15
32501,171,145,26,26
32502,69,75,-6,6
32503,72,72,0,0
32504,93,90,3,3
32505,78,84,-6,6
32506,68,70,-2,2
32507,54,58,-4,4
32508,110,109,1,1
32509,69,78,-9,9
32510,92,88,4,4
32511,65,65,0,0
32512,28,32,-4,4
32513,65,70,-5,5
32514,69,64,5,5
32515,119,104,15,15
32516,78,75,3,3
32517,75,72,3,3
32518,70,69,1,1
32519,57,70,-13,13
32520,88,88,0,0
32521,80,72,8,8
32522,113,108,5,5
32523,63,68,-5,5
32524,91,87,4,4
32525,141,119,22,22
32526,88,89,-1,1
32527,46,53,-7,7
32528,109,102,7,7
32529,98,100,-2,2
32530,177,159,18,18
32531,142,133,9,9
32532,56,61,-5,5
32533,166,140,26,26
32534,70,69,1,1
32535,64,68,-4,4
32536,70,72,-2,2
32537,66,74,-8,8
32538,104,96,8,8
32539,131,114,17,17
32540,82,83,-1,1
32541,65,65,0,0
32542,95,94,1,1
32543,79,74,5,5
32544,86,82,4,4
32545,84,83,1,1
32546,103,90,13,13
32547,77,75,2,2
32548,125,111,14,14
32549,122,118,4,4
32550,64,63,1,1
32551,95,101,-6,6
32552,79,79,0,0
32553,67,66,1,1
32554,160,145,15,15
32555,103,100,3,3
32556,114,108,6,6
32557,74,79,-5,5
32558,123,111,12,12
32559,50,59,-9,9
32560,53,59,-6,6
32561,195,188,7,7
32562,71,74,-3,3
32563,171,141,30,30
32564,90,91,-1,1
32565,75,75,0,0
32566,84,86,-2,2
32567,86,99,-13,13
32568,101,100,1,1
32569,131,115,16,16
32570,159,139,20,20
32571,52,63,-11,11
32572,119,112,7,7
32573,85,81,4,4
32574,97,92,5,5
32575,73,78,-5,5
32576,54,63,-9,9
32577,73,69,4,4
32578,127,114,13,13
32579,164,155,9,9
32580,104,89,15,15
32581,57,57,0,0
32582,40,48,-8,8
32583,103,101,2,2
32584,149,128,21,21
32585,105,95,10,10
32586,184,161,23,23
32587,74,71,3,3
32588,145,126,19,19
32589,74,79,-5,5
32590,83,96,-13,13
32591,82,78,4,4
32592,85,94,-9,9
32593,133,130,3,3
32594,68,68,0,0
32595,56,68,-12,12
32596,183,167,16,16
32597,66,68,-2,2
32598,115,120,-5,5
32599,86,84,2,2
32600,64,66,-2,2
32601,41,41,0,0
32602,97,112,-15,15
32603,76,74,2,2
32604,64,66,-2,2
32605,67,69,-2,2
32606,92,84,8,8
32607,86,85,1,1
32608,86,84,2,2
32609,114,108,6,6
32610,134,114,20,20
32611,80,73,7,7
32612,151,163,-12,12
32613,99,95,4,4
32614,144,136,8,8
32615,118,105,13,13
32616,74,74,0,0
32617,85,77,8,8
32618,51,63,-12,12
32619,57,62,-5,5
32620,152,140,12,12
32621,80,83,-3,3
32622,83,76,7,7
32623,69,67,2,2
32624,126,138,-12,12
32625,178,158,20,20
32626,101,105,-4,4
32627,110,105,5,5
32628,53,61,-8,8
32629,89,94,-5,5
32630,97,97,0,0
32631,81,77,4,4
32632,87,81,6,6
32633,52,52,0,0
32634,98,92,6,6
32635,109,100,9,9
32636,103,99,4,4
32637,90,75,15,15
32638,73,71,2,2
32639,157,147,10,10
32640,106,95,11,11
32641,144,132,12,12
32642,105,104,1,1
32643,191,169,22,22
32644,79,75,4,4
32645,113,103,10,10
32646,66,67,-1,1
32647,62,80,-18,18
32648,71,80,-9,9
32649,93,92,1,1
32650,90,77,13,13
32651,81,77,4,4
32652,97,100,-3,3
32653,43,60,-17,17
32654,150,129,21,21
32655,78,75,3,3
32656,122,107,15,15
32657,76,75,1,1
32658,50,60,-10,10
32659,78,92,-14,14
32660,68,78,-10,10
32661,92,81,11,11
32662,65,73,-8,8
32663,112,102,10,10
32664,69,72,-3,3
32665,86,84,2,2
32666,73,70,3,3
32667,99,93,6,6
32668,99,93,6,6
32669,70,75,-5,5
32670,88,82,6,6
32671,66,67,-1,1
32672,123,108,15,15
32673,72,64,8,8
32674,120,127,-7,7
32675,51,61,-10,10
32676,68,62,6,6
32677,103,103,0,0
32678,76,75,1,1
32679,77,84,-7,7
32680,143,150,-7,7
32681,128,125,3,3
32682,87,78,9,9
32683,47,42,5,5
32684,119,112,7,7
32685,119,111,8,8
32686,52,59,-7,7
32687,123,96,27,27
32688,78,79,-1,1
32689,135,133,2,2
32690,65,66,-1,1
32691,50,56,-6,6
32692,59,80,-21,21
32693,95,84,11,11
32694,74,84,-10,10
32695,127,108,19,19
32696,135,102,33,33
32697,80,77,3,3
32698,81,86,-5,5
32699,102,100,2,2
32700,131,126,5,5
32701,96,85,11,11
32702,100,101,-1,1
32703,104,97,7,7
32704,112,112,0,0
32705,103,92,11,11
32706,96,93,3,3
32707,86,80,6,6
32708,130,130,0,0
32709,47,47,0,0
32710,118,105,13,13
32711,81,80,1,1
32712,117,94,23,23
32713,77,76,1,1
32714,129,119,10,10
32715,111,88,23,23
32716,131,118,13,13
32717,67,72,-5,5
32718,66,63,3,3
32719,111,115,-4,4
32720,71,84,-13,13
32721,58,57,1,1
32722,61,76,-15,15
32723,65,65,0,0
32724,91,93,-2,2
32725,126,117,9,9
32726,79,60,19,19
32727,98,89,9,9
32728,83,102,-19,19
32729,46,47,-1,1
32730,71,71,0,0
32731,56,68,-12,12
32732,74,70,4,4
32733,86,80,6,6
32734,125,114,11,11
32735,71,66,5,5
32736,62,64,-2,2
32737,96,65,31,31
32738,145,120,25,25
32739,73,69,4,4
32740,67,69,-2,2
32741,87,86,1,1
32742,79,71,8,8
32743,93,91,2,2
32744,72,73,-1,1
32745,68,68,0,0
32746,72,72,0,0
32747,132,117,15,15
32748,75,72,3,3
32749,86,86,0,0
32750,101,93,8,8
32751,193,189,4,4
32752,124,116,8,8
32753,96,83,13,13
32754,102,101,1,1
32755,48,45,3,3
32756,95,85,10,10
32757,172,164,8,8
32758,174,169,5,5
32759,171,143,28,28
32760,64,62,2,2
32761,90,90,0,0
32762,77,78,-1,1
32763,79,77,2,2
32764,82,80,2,2
32765,128,122,6,6
32766,96,98,-2,2
32767,88,87,1,1
32768,78,78,0,0
32769,115,115,0,0
32770,75,79,-4,4
32771,132,124,8,8
32772,161,142,19,19
32773,117,105,12,12
32774,61,59,2,2
32775,84,74,10,10
32776,102,103,-1,1
32777,108,104,4,4
32778,108,116,-8,8
32779,156,145,11,11
32780,107,101,6,6
32781,74,70,4,4
32782,185,191,-6,6
32783,61,74,-13,13
32784,106,100,6,6
32785,73,76,-3,3
32786,83,73,10,10
32787,53,58,-5,5
32788,216,193,23,23
32789,90,85,5,5
32790,94,101,-7,7
32791,113,113,0,0
32792,48,53,-5,5
32793,125,134,-9,9
32794,58,61,-3,3
32795,112,105,7,7
32796,91,83,8,8
32797,90,96,-6,6
32798,104,94,10,10
32799,59,64,-5,5
32800,74,79,-5,5
32801,99,104,-5,5
32802,76,83,-7,7
32803,101,97,4,4
32804,143,133,10,10
32805,66,69,-3,3
32806,108,82,26,26
32807,126,117,9,9
32808,102,91,11,11
32809,106,108,-2,2
32810,84,82,2,2
32811,133,124,9,9
32812,68,69,-1,1
32813,133,124,9,9
32814,91,88,3,3
32815,148,139,9,9
32816,131,122,9,9
32817,105,95,10,10
32818,111,123,-12,12
32819,50,54,-4,4
32820,118,105,13,13
32821,56,65,-9,9
32822,76,76,0,0
32823,141,128,13,13
32824,162,148,14,14
32825,144,140,4,4
32826,131,133,-2,2
32827,57,51,6,6
32828,105,100,5,5
32829,74,72,2,2
32830,118,137,-19,19
32831,157,143,14,14
32832,105,100,5,5
32833,90,86,4,4
32834,96,97,-1,1
32835,161,157,4,4
32836,83,77,6,6
32837,145,132,13,13
32838,55,59,-4,4
32839,113,122,-9,9
32840,72,76,-4,4
32841,199,187,12,12
32842,57,72,-15,15
32843,86,86,0,0
32844,124,111,13,13
32845,59,74,-15,15
32846,65,56,9,9
32847,82,84,-2,2
32848,127,119,8,8
32849,82,89,-7,7
32850,101,90,11,11
32851,105,95,10,10
32852,94,95,-1,1
32853,125,114,11,11
32854,96,80,16,16
32855,48,51,-3,3
32856,68,73,-5,5
32857,98,95,3,3
32858,152,136,16,16
32859,139,110,29,29
32860,80,83,-3,3
32861,113,107,6,6
32862,102,111,-9,9
32863,94,89,5,5
32864,56,63,-7,7
32865,112,107,5,5
32866,71,70,1,1
32867,163,152,11,11
32868,95,98,-3,3
32869,165,156,9,9
32870,100,101,-1,1
32871,104,96,8,8
32872,68,79,-11,11
32873,152,139,13,13
32874,62,71,-9,9
32875,56,60,-4,4
32876,87,90,-3,3
32877,48,52,-4,4
32878,85,84,1,1
32879,82,96,-14,14
32880,70,88,-18,18
32881,80,78,2,2
32882,100,101,-1,1
32883,158,142,16,16
32884,143,130,13,13
32885,76,74,2,2
32886,64,68,-4,4
32887,121,111,10,10
32888,72,75,-3,3
32889,53,55,-2,2
32890,202,180,22,22
32891,54,59,-5,5
32892,58,60,-2,2
32893,125,119,6,6
32894,74,67,7,7
32895,58,101,-43,43
32896,144,137,7,7
32897,124,118,6,6
32898,84,85,-1,1
32899,27,64,-37,37
32900,84,78,6,6
32901,176,151,25,25
32902,44,50,-6,6
32903,66,69,-3,3
32904,73,82,-9,9
32905,71,85,-14,14
32906,42,72,-30,30
32907,61,80,-19,19
32908,71,68,3,3
32909,90,96,-6,6
32910,74,69,5,5
32911,109,96,13,13
32912,124,114,10,10
32913,94,89,5,5
32914,158,160,-2,2
32915,97,87,10,10
32916,73,69,4,4
32917,90,96,-6,6
32918,64,63,1,1
32919,144,141,3,3
32920,104,104,0,0
32921,186,161,25,25
32922,102,92,10,10
32923,85,83,2,2
32924,96,97,-1,1
32925,122,115,7,7
32926,97,91,6,6
32927,96,92,4,4
32928,50,37,13,13
32929,110,124,-14,14
32930,89,85,4,4
32931,98,91,7,7
32932,123,125,-2,2
32933,53,57,-4,4
32934,114,112,2,2
32935,152,150,2,2
32936,146,148,-2,2
32937,134,121,13,13
32938,105,106,-1,1
32939,38,69,-31,31
32940,99,92,7,7
32941,107,100,7,7
32942,92,82,10,10
32943,120,117,3,3
32944,129,122,7,7
32945,95,89,6,6
32946,90,87,3,3
32947,103,100,3,3
32948,114,108,6,6
32949,59,64,-5,5
32950,36,34,2,2
32951,99,94,5,5
32952,76,76,0,0
32953,149,120,29,29
32954,106,88,18,18
32955,61,72,-11,11
32956,47,64,-17,17
32957,158,162,-4,4
32958,54,56,-2,2
32959,50,58,-8,8
32960,98,93,5,5
32961,94,86,8,8
32962,67,69,-2,2
32963,49,53,-4,4
32964,146,136,10,10
32965,135,119,16,16
32966,87,77,10,10
32967,98,103,-5,5
32968,59,62,-3,3
32969,86,80,6,6
32970,62,66,-4,4
32971,113,105,8,8
32972,93,90,3,3
32973,75,83,-8,8
32974,83,79,4,4
32975,138,130,8,8
32976,67,71,-4,4
32977,84,76,8,8
32978,117,113,4,4
32979,64,66,-2,2
32980,80,76,4,4
32981,85,85,0,0
32982,67,69,-2,2
32983,96,93,3,3
32984,72,74,-2,2
32985,63,75,-12,12
32986,151,130,21,21
32987,49,51,-2,2
32988,103,84,19,19
32989,32,33,-1,1
32990,70,65,5,5
32991,135,132,3,3
32992,55,60,-5,5
32993,99,98,1,1
32994,114,111,3,3
32995,82,75,7,7
32996,119,118,1,1
32997,104,103,1,1
32998,123,111,12,12
32999,113,112,1,1
33000,153,148,5,5
33001,89,90,-1,1
33002,48,74,-26,26
33003,113,101,12,12
33004,83,86,-3,3
33005,129,117,12,12
33006,67,74,-7,7
33007,96,88,8,8
33008,92,89,3,3
33009,103,96,7,7
33010,121,104,17,17
33011,48,60,-12,12
33012,98,88,10,10
33013,112,107,5,5
33014,107,105,2,2
33015,92,80,12,12
33016,72,78,-6,6
33017,86,85,1,1
33018,86,82,4,4
33019,120,108,12,12
33020,65,72,-7,7
33021,86,79,7,7
33022,138,122,16,16
33023,74,83,-9,9
33024,60,64,-4,4
33025,125,111,14,14
33026,61,66,-5,5
33027,99,94,5,5
33028,150,138,12,12
33029,69,68,1,1
33030,41,34,7,7
33031,108,98,10,10
33032,163,160,3,3
33033,121,111,10,10
33034,72,74,-2,2
33035,109,100,9,9
33036,133,130,3,3
33037,74,76,-2,2
33038,119,117,2,2
33039,77,75,2,2
33040,97,104,-7,7
33041,76,77,-1,1
33042,102,93,9,9
33043,88,80,8,8
33044,139,127,12,12
33045,93,90,3,3
33046,171,155,16,16
33047,115,128,-13,13
33048,73,73,0,0
33049,102,94,8,8
33050,97,95,2,2
33051,107,107,0,0
33052,180,172,8,8
33053,78,78,0,0
33054,279,256,23,23
33055,86,95,-9,9
33056,80,79,1,1
33057,131,134,-3,3
33058,49,55,-6,6
33059,100,93,7,7
33060,53,65,-12,12
33061,116,105,11,11
33062,61,64,-3,3
33063,73,65,8,8
33064,70,67,3,3
33065,56,59,-3,3
33066,69,69,0,0
33067,76,72,4,4
33068,57,64,-7,7
33069,36,34,2,2
33070,75,82,-7,7
33071,62,62,0,0
33072,78,75,3,3
33073,112,105,7,7
33074,85,79,6,6
33075,164,141,23,23
33076,52,65,-13,13
33077,102,98,4,4
33078,34,34,0,0
33079,52,59,-7,7
33080,63,76,-13,13
33081,60,62,-2,2
33082,145,135,10,10
33083,74,78,-4,4
33084,106,109,-3,3
33085,53,55,-2,2
33086,114,114,0,0
33087,135,136,-1,1
33088,119,114,5,5
33089,84,99,-15,15
33090,62,66,-4,4
33091,150,140,10,10
33092,178,192,-14,14
33093,125,120,5,5
33094,125,122,3,3
33095,56,62,-6,6
33096,83,84,-1,1
33097,79,90,-11,11
33098,66,69,-3,3
33099,62,63,-1,1
33100,77,79,-2,2
33101,113,109,4,4
33102,119,118,1,1
33103,100,89,11,11
33104,121,116,5,5
33105,102,97,5,5
33106,106,115,-9,9
33107,67,67,0,0
33108,104,94,10,10
33109,133,129,4,4
33110,138,123,15,15
33111,62,71,-9,9
33112,110,116,-6,6
33113,140,128,12,12
33114,80,75,5,5
33115,103,103,0,0
33116,114,105,9,9
33117,55,57,-2,2
33118,91,87,4,4
33119,38,43,-5,5
33120,89,77,12,12
33121,129,121,8,8
33122,30,65,-35,35
33123,103,96,7,7
33124,100,100,0,0
33125,87,90,-3,3
33126,99,91,8,8
33127,87,84,3,3
33128,91,93,-2,2
33129,105,96,9,9
33130,104,98,6,6
33131,46,50,-4,4
33132,86,78,8,8
33133,59,73,-14,14
33134,135,133,2,2
33135,47,47,0,0
33136,108,90,18,18
33137,108,97,11,11
33138,120,120,0,0
33139,50,74,-24,24
33140,102,119,-17,17
33141,129,133,-4,4
33142,82,118,-36,36
33143,141,122,19,19
33144,87,80,7,7
33145,108,101,7,7
33146,113,119,-6,6
33147,166,155,11,11
33148,82,80,2,2
33149,34,64,-30,30
33150,57,61,-4,4
33151,128,130,-2,2
33152,86,90,-4,4
33153,70,68,2,2
33154,106,99,7,7
33155,111,106,5,5
33156,89,98,-9,9
33157,28,27,1,1
33158,102,100,2,2
33159,159,133,26,26
33160,170,152,18,18
33161,98,96,2,2
33162,77,79,-2,2
33163,118,115,3,3
33164,96,92,4,4
33165,51,63,-12,12
33166,63,61,2,2
33167,70,72,-2,2
33168,99,106,-7,7
33169,58,60,-2,2
33170,60,62,-2,2
33171,78,80,-2,2
33172,45,60,-15,15
33173,89,99,-10,10
33174,69,73,-4,4
33175,84,90,-6,6
33176,73,72,1,1
33177,178,158,20,20
33178,63,71,-8,8
33179,108,100,8,8
33180,105,105,0,0
33181,43,42,1,1
33182,82,80,2,2
33183,76,78,-2,2
33184,143,123,20,20
33185,91,85,6,6
33186,63,66,-3,3
33187,136,124,12,12
33188,83,77,6,6
33189,128,114,14,14
33190,63,68,-5,5
33191,72,76,-4,4
33192,96,97,-1,1
33193,66,58,8,8
33194,89,102,-13,13
33195,74,70,4,4
33196,69,70,-1,1
33197,86,82,4,4
33198,105,98,7,7
33199,92,92,0,0
33200,49,59,-10,10
33201,151,129,22,22
33202,87,98,-11,11
33203,86,84,2,2
33204,55,57,-2,2
33205,113,123,-10,10
33206,96,93,3,3
33207,84,83,1,1
33208,102,98,4,4
33209,85,88,-3,3
33210,141,135,6,6
33211,90,77,13,13
33212,57,60,-3,3
33213,80,85,-5,5
33214,111,102,9,9
33215,82,119,-37,37
33216,85,85,0,0
33217,85,79,6,6
33218,67,68,-1,1
33219,86,79,7,7
33220,102,92,10,10
33221,71,71,0,0
33222,130,148,-18,18
33223,76,80,-4,4
33224,70,74,-4,4
33225,86,91,-5,5
33226,55,46,9,9
33227,97,95,2,2
33228,98,115,-17,17
33229,70,64,6,6
33230,102,94,8,8
33231,79,73,6,6
33232,104,97,7,7
33233,70,64,6,6
33234,94,87,7,7
33235,103,101,2,2
33236,102,107,-5,5
33237,102,94,8,8
33238,67,67,0,0
33239,165,153,12,12
33240,73,90,-17,17
33241,149,132,17,17
33242,92,87,5,5
33243,57,67,-10,10
33244,76,67,9,9
33245,129,118,11,11
33246,66,71,-5,5
33247,132,119,13,13
33248,108,97,11,11
33249,162,155,7,7
33250,104,95,9,9
33251,98,104,-6,6
33252,81,76,5,5
33253,106,108,-2,2
33254,134,134,0,0
33255,118,115,3,3
33256,156,134,22,22
33257,73,72,1,1
33258,106,106,0,0
33259,64,63,1,1
33260,66,64,2,2
33261,126,110,16,16
33262,103,104,-1,1
33263,57,61,-4,4
33264,158,156,2,2
33265,103,97,6,6
33266,103,100,3,3
33267,172,159,13,13
33268,137,134,3,3
33269,95,88,7,7
33270,127,114,13,13
33271,87,84,3,3
33272,136,114,22,22
33273,51,57,-6,6
33274,95,89,6,6
33275,100,98,2,2
33276,140,128,12,12
33277,102,106,-4,4
33278,69,69,0,0
33279,148,138,10,10
33280,121,130,-9,9
33281,133,127,6,6
33282,106,106,0,0
33283,95,88,7,7
33284,71,85,-14,14
33285,148,146,2,2
33286,188,174,14,14
33287,111,106,5,5
33288,88,90,-2,2
33289,71,81,-10,10
33290,83,86,-3,3
33291,44,50,-6,6
33292,69,68,1,1
33293,44,45,-1,1
33294,111,105,6,6
33295,105,107,-2,2
33296,76,77,-1,1
33297,95,93,2,2
33298,181,170,11,11
33299,128,112,16,16
33300,81,77,4,4
33301,175,148,27,27
33302,57,58,-1,1
33303,70,67,3,3
33304,77,72,5,5
33305,61,65,-4,4
33306,108,110,-2,2
33307,69,73,-4,4
33308,61,62,-1,1
33309,116,106,10,10
33310,50,56,-6,6
33311,95,87,8,8
33312,62,71,-9,9
33313,161,145,16,16
33314,101,99,2,2
33315,84,82,2,2
33316,87,91,-4,4
33317,71,74,-3,3
33318,56,62,-6,6
33319,77,76,1,1
33320,100,113,-13,13
33321,74,79,-5,5
33322,59,68,-9,9
33323,117,110,7,7
33324,102,96,6,6
33325,97,92,5,5
33326,77,77,0,0
33327,128,133,-5,5
33328,89,86,3,3
33329,67,70,-3,3
33330,69,75,-6,6
33331,104,102,2,2
33332,55,63,-8,8
33333,62,64,-2,2
33334,101,94,7,7
33335,78,85,-7,7
33336,86,75,11,11
33337,81,78,3,3
33338,104,93,11,11
33339,57,58,-1,1
33340,101,91,10,10
33341,84,79,5,5
33342,73,81,-8,8
33343,106,106,0,0
33344,102,108,-6,6
33345,71,79,-8,8
33346,144,138,6,6
33347,131,112,19,19
33348,82,73,9,9
33349,83,76,7,7
33350,169,158,11,11
33351,70,67,3,3
33352,158,144,14,14
33353,162,133,29,29
33354,104,96,8,8
33355,52,44,8,8
33356,59,59,0,0
33357,70,73,-3,3
33358,112,116,-4,4
33359,106,94,12,12
33360,130,118,12,12
33361,111,100,11,11
33362,117,104,13,13
33363,118,125,-7,7
33364,74,80,-6,6
33365,52,54,-2,2
33366,97,106,-9,9
33367,72,75,-3,3
33368,84,78,6,6
33369,50,56,-6,6
33370,101,98,3,3
33371,52,57,-5,5
33372,85,88,-3,3
33373,90,85,5,5
33374,66,73,-7,7
33375,132,116,16,16
33376,91,93,-2,2
33377,46,51,-5,5
33378,36,34,2,2
33379,94,94,0,0
33380,65,67,-2,2
33381,85,85,0,0
33382,78,74,4,4
33383,140,144,-4,4
33384,79,79,0,0
33385,108,102,6,6
33386,84,81,3,3
33387,89,86,3,3
33388,119,106,13,13
33389,52,50,2,2
33390,130,113,17,17
33391,57,54,3,3
33392,128,116,12,12
33393,106,95,11,11
33394,65,60,5,5
33395,75,79,-4,4
33396,153,152,1,1
33397,42,34,8,8
33398,70,69,1,1
33399,157,147,10,10
33400,153,143,10,10
33401,93,86,7,7
33402,85,81,4,4
33403,70,78,-8,8
33404,84,89,-5,5
33405,61,63,-2,2
33406,80,79,1,1
33407,60,60,0,0
33408,60,63,-3,3
33409,122,116,6,6
33410,87,86,1,1
33411,207,163,44,44
33412,102,101,1,1
33413,52,63,-11,11
33414,75,79,-4,4
33415,62,63,-1,1
33416,82,87,-5,5
33417,144,122,22,22
33418,130,129,1,1
33419,90,77,13,13
33420,71,75,-4,4
33421,77,71,6,6
33422,72,72,0,0
33423,46,43,3,3
33424,55,65,-10,10
33425,64,93,-29,29
33426,73,70,3,3
33427,76,81,-5,5
33428,100,98,2,2
33429,108,97,11,11
33430,130,119,11,11
33431,136,124,12,12
33432,89,87,2,2
33433,79,84,-5,5
33434,110,98,12,12
33435,125,126,-1,1
33436,79,86,-7,7
33437,32,32,0,0
33438,97,120,-23,23
33439,135,125,10,10
33440,93,92,1,1
33441,111,106,5,5
33442,87,97,-10,10
33443,131,115,16,16
33444,72,71,1,1
33445,72,80,-8,8
33446,192,162,30,30
33447,129,115,14,14
33448,102,95,7,7
33449,86,75,11,11
33450,134,117,17,17
33451,157,148,9,9
33452,75,76,-1,1
33453,93,91,2,2
33454,96,94,2,2
33455,105,103,2,2
33456,110,104,6,6
33457,137,122,15,15
33458,194,183,11,11
33459,82,78,4,4
33460,102,111,-9,9
33461,92,91,1,1
33462,119,98,21,21
33463,113,103,10,10
33464,85,85,0,0
33465,66,71,-5,5
33466,145,136,9,9
33467,112,111,1,1
33468,133,130,3,3
33469,113,99,14,14
33470,175,146,29,29
33471,113,113,0,0
33472,59,60,-1,1
33473,97,99,-2,2
33474,74,75,-1,1
33475,53,54,-1,1
33476,108,107,1,1
33477,133,115,18,18
33478,46,45,1,1
33479,135,118,17,17
33480,111,102,9,9
33481,117,107,10,10
33482,69,71,-2,2
33483,175,152,23,23
33484,83,80,3,3
33485,80,81,-1,1
33486,95,104,-9,9
33487,80,78,2,2
33488,71,73,-2,2
33489,61,62,-1,1
33490,83,84,-1,1
33491,168,148,20,20
33492,78,76,2,2
33493,79,86,-7,7
33494,112,114,-2,2
33495,73,74,-1,1
33496,71,87,-16,16
33497,86,86,0,0
33498,105,109,-4,4
33499,103,95,8,8
33500,81,80,1,1
33501,70,73,-3,3
33502,107,93,14,14
33503,150,145,5,5
33504,70,64,6,6
33505,80,86,-6,6
33506,48,60,-12,12
33507,100,104,-4,4
33508,52,65,-13,13
33509,97,94,3,3
33510,172,158,14,14
33511,28,33,-5,5
33512,42,76,-34,34
33513,120,115,5,5
33514,60,66,-6,6
33515,118,96,22,22
33516,175,157,18,18
33517,69,71,-2,2
33518,50,53,-3,3
33519,90,89,1,1
33520,109,104,5,5
33521,63,73,-10,10
33522,63,65,-2,2
33523,54,60,-6,6
33524,115,114,1,1
33525,61,66,-5,5
33526,91,93,-2,2
33527,76,90,-14,14
33528,72,79,-7,7
33529,64,66,-2,2
33530,47,44,3,3
33531,67,66,1,1
33532,111,104,7,7
33533,102,127,-25,25
33534,68,65,3,3
33535,101,85,16,16
33536,154,130,24,24
33537,71,73,-2,2
33538,77,74,3,3
33539,74,74,0,0
33540,95,95,0,0
33541,98,95,3,3
33542,87,81,6,6
33543,134,128,6,6
33544,118,113,5,5
33545,146,134,12,12
33546,82,93,-11,11
33547,85,72,13,13
33548,68,89,-21,21
33549,62,64,-2,2
33550,79,69,10,10
33551,33,33,0,0
33552,130,114,16,16
33553,88,72,16,16
33554,132,125,7,7
33555,69,76,-7,7
33556,98,89,9,9
33557,113,98,15,15
33558,84,86,-2,2
33559,78,75,3,3
33560,121,109,12,12
33561,69,71,-2,2
33562,70,82,-12,12
33563,89,93,-4,4
33564,97,92,5,5
33565,89,86,3,3
33566,128,118,10,10
33567,149,136,13,13
33568,115,105,10,10
33569,68,68,0,0
33570,44,34,10,10
33571,36,34,2,2
33572,64,79,-15,15
33573,75,66,9,9
33574,85,82,3,3
33575,90,93,-3,3
33576,98,111,-13,13
33577,110,97,13,13
33578,91,94,-3,3
33579,179,157,22,22
33580,97,84,13,13
33581,65,71,-6,6
33582,111,116,-5,5
33583,191,161,30,30
33584,181,155,26,26
33585,58,66,-8,8
33586,90,75,15,15
33587,101,91,10,10
33588,164,137,27,27
33589,117,103,14,14
33590,84,90,-6,6
33591,112,102,10,10
33592,117,103,14,14
33593,80,81,-1,1
33594,150,133,17,17
33595,94,92,2,2
33596,115,114,1,1
33597,157,139,18,18
33598,69,74,-5,5
33599,61,63,-2,2
33600,97,95,2,2
33601,74,77,-3,3
33602,90,91,-1,1
33603,59,61,-2,2
33604,121,104,17,17
33605,102,91,11,11
33606,107,110,-3,3
33607,102,106,-4,4
33608,256,243,13,13
33609,75,78,-3,3
33610,80,80,0,0
33611,67,72,-5,5
33612,122,113,9,9
33613,65,61,4,4
33614,74,79,-5,5
33615,86,86,0,0
33616,206,189,17,17
33617,139,138,1,1
33618,76,75,1,1
33619,186,168,18,18
33620,111,107,4,4
33621,80,71,9,9
33622,148,140,8,8
33623,76,84,-8,8
33624,123,141,-18,18
33625,79,94,-15,15
33626,118,106,12,12
33627,51,54,-3,3
33628,88,101,-13,13
33629,157,145,12,12
33630,84,87,-3,3
33631,129,118,11,11
33632,131,112,19,19
33633,74,94,-20,20
33634,93,92,1,1
33635,88,88,0,0
33636,74,85,-11,11
33637,102,96,6,6
33638,143,131,12,12
33639,67,67,0,0
33640,197,183,14,14
33641,98,89,9,9
33642,117,101,16,16
33643,120,115,5,5
33644,118,118,0,0
33645,63,53,10,10
33646,139,134,5,5
33647,144,140,4,4
33648,96,88,8,8
33649,110,91,19,19
33650,121,115,6,6
33651,68,78,-10,10
33652,84,102,-18,18
33653,118,112,6,6
33654,96,94,2,2
33655,78,79,-1,1
33656,27,30,-3,3
33657,157,141,16,16
33658,137,123,14,14
33659,107,104,3,3
33660,95,94,1,1
33661,45,60,-15,15
33662,69,94,-25,25
33663,196,170,26,26
33664,108,92,16,16
33665,88,83,5,5
33666,199,173,26,26
33667,111,111,0,0
33668,179,158,21,21
33669,157,147,10,10
33670,82,73,9,9
33671,77,73,4,4
33672,56,54,2,2
33673,63,69,-6,6
33674,196,176,20,20
33675,89,92,-3,3
33676,126,115,11,11
33677,39,34,5,5
33678,80,86,-6,6
33679,97,93,4,4
33680,85,80,5,5
33681,58,59,-1,1
33682,132,121,11,11
33683,54,69,-15,15
33684,99,94,5,5
33685,91,92,-1,1
33686,75,70,5,5
33687,57,69,-12,12
33688,66,71,-5,5
33689,105,109,-4,4
33690,51,34,17,17
33691,134,121,13,13
33692,27,33,-6,6
33693,71,67,4,4
33694,65,63,2,2
33695,112,91,21,21
33696,100,104,-4,4
33697,56,60,-4,4
33698,74,73,1,1
33699,137,126,11,11
33700,96,98,-2,2
33701,113,119,-6,6
33702,56,60,-4,4
33703,91,92,-1,1
33704,179,170,9,9
33705,54,53,1,1
33706,90,93,-3,3
33707,92,88,4,4
33708,87,83,4,4
33709,122,110,12,12
33710,150,132,18,18
33711,90,85,5,5
33712,98,91,7,7
33713,59,64,-5,5
33714,122,119,3,3
33715,150,144,6,6
33716,74,72,2,2
33717,65,71,-6,6
33718,53,61,-8,8
33719,93,91,2,2
33720,108,98,10,10
33721,70,79,-9,9
33722,135,124,11,11
33723,87,94,-7,7
33724,65,75,-10,10
33725,55,42,13,13
33726,40,34,6,6
33727,88,83,5,5
33728,168,150,18,18
33729,37,33,4,4
33730,80,71,9,9
33731,92,81,11,11
33732,157,136,21,21
33733,121,118,3,3
33734,119,120,-1,1
33735,131,105,26,26
33736,112,100,12,12
33737,71,81,-10,10
33738,73,74,-1,1
33739,99,91,8,8
33740,81,73,8,8
33741,70,73,-3,3
33742,91,86,5,5
33743,63,65,-2,2
33744,65,64,1,1
33745,92,96,-4,4
33746,83,76,7,7
33747,62,69,-7,7
33748,137,131,6,6
33749,194,169,25,25
33750,104,93,11,11
33751,136,129,7,7
33752,149,140,9,9
33753,109,104,5,5
33754,70,69,1,1
33755,121,110,11,11
33756,73,75,-2,2
33757,97,88,9,9
33758,105,94,11,11
33759,131,124,7,7
33760,118,110,8,8
33761,97,90,7,7
33762,49,51,-2,2
33763,110,104,6,6
33764,87,91,-4,4
33765,107,103,4,4
33766,72,70,2,2
33767,173,161,12,12
33768,117,113,4,4
33769,91,96,-5,5
33770,93,78,15,15
33771,34,30,4,4
33772,75,70,5,5
33773,110,109,1,1
33774,76,88,-12,12
33775,122,151,-29,29
33776,94,94,0,0
33777,60,65,-5,5
33778,96,94,2,2
33779,92,93,-1,1
33780,155,139,16,16
33781,116,102,14,14
33782,113,107,6,6
33783,70,65,5,5
33784,127,125,2,2
33785,104,107,-3,3
33786,103,101,2,2
33787,66,62,4,4
33788,58,62,-4,4
33789,47,62,-15,15
33790,124,123,1,1
33791,47,40,7,7
33792,134,118,16,16
33793,126,110,16,16
33794,133,128,5,5
33795,101,102,-1,1
33796,48,49,-1,1
33797,69,66,3,3
33798,62,64,-2,2
33799,112,100,12,12
33800,124,127,-3,3
33801,68,67,1,1
33802,70,68,2,2
33803,98,96,2,2
33804,61,75,-14,14
33805,98,103,-5,5
33806,128,112,16,16
33807,112,106,6,6
33808,62,67,-5,5
33809,106,93,13,13
33810,90,83,7,7
33811,57,58,-1,1
33812,127,121,6,6
33813,83,77,6,6
33814,123,117,6,6
33815,99,91,8,8
33816,114,114,0,0
33817,124,125,-1,1
33818,63,66,-3,3
33819,169,156,13,13
33820,86,85,1,1
33821,97,94,3,3
33822,95,91,4,4
33823,97,92,5,5
33824,120,106,14,14
33825,100,95,5,5
33826,127,130,-3,3
33827,65,68,-3,3
33828,74,75,-1,1
33829,146,135,11,11
33830,93,92,1,1
33831,76,73,3,3
33832,127,117,10,10
33833,61,62,-1,1
33834,81,85,-4,4
33835,132,104,28,28
33836,69,60,9,9
33837,56,70,-14,14
33838,103,96,7,7
33839,110,110,0,0
33840,102,99,3,3
33841,74,69,5,5
33842,111,110,1,1
33843,74,73,1,1
33844,58,61,-3,3
33845,96,100,-4,4
33846,67,71,-4,4
33847,57,61,-4,4
33848,104,94,10,10
33849,60,70,-10,10
33850,50,61,-11,11
33851,120,115,5,5
33852,73,73,0,0
33853,45,43,2,2
33854,95,94,1,1
33855,125,124,1,1
33856,106,103,3,3
33857,80,75,5,5
33858,138,128,10,10
33859,105,103,2,2
33860,100,95,5,5
33861,89,86,3,3
33862,161,133,28,28
33863,115,114,1,1
33864,109,100,9,9
33865,120,111,9,9
33866,64,65,-1,1
33867,85,85,0,0
33868,139,131,8,8
33869,56,63,-7,7
33870,100,101,-1,1
33871,61,64,-3,3
33872,87,89,-2,2
33873,78,70,8,8
33874,135,120,15,15
33875,149,141,8,8
33876,123,115,8,8
33877,114,96,18,18
33878,106,107,-1,1
33879,121,104,17,17
33880,103,113,-10,10
33881,133,131,2,2
33882,83,80,3,3
33883,90,83,7,7
33884,43,34,9,9
33885,195,175,20,20
33886,82,77,5,5
33887,121,115,6,6
33888,77,77,0,0
33889,80,81,-1,1
33890,56,61,-5,5
33891,70,68,2,2
33892,57,60,-3,3
33893,98,98,0,0
33894,85,84,1,1
33895,102,98,4,4
33896,114,100,14,14
33897,153,136,17,17
33898,61,62,-1,1
33899,99,95,4,4
33900,77,74,3,3
33901,89,76,13,13
33902,79,74,5,5
33903,108,111,-3,3
33904,102,85,17,17
33905,54,63,-9,9
33906,101,95,6,6
33907,131,120,11,11
33908,56,64,-8,8
33909,110,101,9,9
33910,78,73,5,5
33911,153,134,19,19
33912,73,77,-4,4
33913,105,98,7,7
33914,57,72,-15,15
33915,95,104,-9,9
33916,56,66,-10,10
33917,107,93,14,14
33918,62,79,-17,17
33919,157,144,13,13
33920,94,89,5,5
33921,84,72,12,12
33922,131,123,8,8
33923,75,73,2,2
33924,122,114,8,8
33925,114,121,-7,7
33926,61,60,1,1
33927,137,143,-6,6
33928,72,71,1,1
33929,115,95,20,20
33930,49,84,-35,35
33931,98,88,10,10
33932,114,115,-1,1
33933,79,82,-3,3
33934,75,72,3,3
33935,111,93,18,18
33936,84,85,-1,1
33937,61,63,-2,2
33938,70,74,-4,4
33939,103,102,1,1
33940,119,105,14,14
33941,62,67,-5,5
33942,94,83,11,11
33943,161,143,18,18
33944,253,217,36,36
33945,112,113,-1,1
33946,63,74,-11,11
33947,90,84,6,6
33948,124,118,6,6
33949,85,74,11,11
33950,167,155,12,12
33951,115,99,16,16
33952,113,99,14,14
33953,95,93,2,2
33954,93,90,3,3
33955,138,119,19,19
33956,74,75,-1,1
33957,52,60,-8,8
33958,104,99,5,5
33959,143,133,10,10
33960,74,80,-6,6
33961,69,70,-1,1
33962,133,124,9,9
33963,82,79,3,3
33964,98,89,9,9
33965,77,75,2,2
33966,142,134,8,8
33967,84,86,-2,2
33968,95,98,-3,3
33969,83,77,6,6
33970,114,99,15,15
33971,53,75,-22,22
33972,91,85,6,6
33973,122,120,2,2
33974,89,110,-21,21
33975,81,87,-6,6
33976,110,108,2,2
33977,96,89,7,7
33978,119,109,10,10
33979,80,84,-4,4
33980,108,96,12,12
33981,71,67,4,4
33982,80,75,5,5
33983,157,153,4,4
33984,85,71,14,14
33985,47,57,-10,10
33986,68,64,4,4
33987,86,73,13,13
33988,71,70,1,1
33989,64,63,1,1
33990,65,67,-2,2
33991,155,154,1,1
33992,108,114,-6,6
33993,188,168,20,20
33994,109,98,11,11
33995,64,69,-5,5
33996,120,137,-17,17
33997,72,73,-1,1
33998,55,62,-7,7
33999,69,67,2,2
34000,186,167,19,19
34001,96,107,-11,11
34002,77,80,-3,3
34003,83,82,1,1
34004,79,74,5,5
34005,55,68,-13,13
34006,155,140,15,15
34007,91,89,2,2
34008,48,60,-12,12
34009,122,119,3,3
34010,75,87,-12,12
34011,109,107,2,2
34012,110,103,7,7
34013,79,76,3,3
34014,69,70,-1,1
34015,78,84,-6,6
34016,129,124,5,5
34017,131,123,8,8
34018,45,49,-4,4
34019,96,88,8,8
34020,105,120,-15,15
34021,128,125,3,3
34022,139,130,9,9
34023,116,102,14,14
34024,81,80,1,1
34025,77,80,-3,3
34026,100,95,5,5
34027,68,67,1,1
34028,70,75,-5,5
34029,222,230,-8,8
34030,22,31,-9,9
34031,121,114,7,7
34032,67,70,-3,3
34033,87,82,5,5
34034,58,60,-2,2
34035,69,80,-11,11
34036,71,81,-10,10
34037,54,67,-13,13
34038,60,59,1,1
34039,87,84,3,3
34040,101,93,8,8
34041,61,63,-2,2
34042,141,123,18,18
34043,121,121,0,0
34044,102,95,7,7
34045,78,79,-1,1
34046,96,108,-12,12
34047,56,55,1,1
34048,101,87,14,14
34049,64,68,-4,4
34050,55,65,-10,10
34051,89,79,10,10
34052,84,76,8,8
34053,90,85,5,5
34054,166,146,20,20
34055,85,109,-24,24
34056,94,89,5,5
34057,130,130,0,0
34058,146,144,2,2
34059,77,92,-15,15
34060,97,89,8,8
34061,102,94,8,8
34062,150,147,3,3
34063,104,97,7,7
34064,90,86,4,4
34065,70,70,0,0
34066,45,36,9,9
34067,76,70,6,6
34068,90,106,-16,16
34069,63,58,5,5
34070,123,105,18,18
34071,91,76,15,15
34072,102,85,17,17
34073,120,109,11,11
34074,48,70,-22,22
34075,42,49,-7,7
34076,85,85,0,0
34077,67,65,2,2
34078,73,61,12,12
34079,67,68,-1,1
34080,87,89,-2,2
34081,172,141,31,31
34082,128,130,-2,2
34083,116,113,3,3
34084,102,92,10,10
34085,134,129,5,5
34086,94,99,-5,5
34087,55,61,-6,6
34088,175,172,3,3
34089,71,71,0,0
34090,53,63,-10,10
34091,92,96,-4,4
34092,111,103,8,8
34093,120,120,0,0
34094,107,114,-7,7
34095,48,41,7,7
34096,85,78,7,7
34097,122,137,-15,15
34098,90,94,-4,4
34099,70,67,3,3
34100,63,65,-2,2
34101,110,101,9,9
34102,56,62,-6,6
34103,96,99,-3,3
34104,79,82,-3,3
34105,56,59,-3,3
34106,115,102,13,13
34107,60,69,-9,9
34108,59,62,-3,3
34109,74,72,2,2
34110,110,111,-1,1
34111,99,107,-8,8
34112,106,101,5,5
34113,62,56,6,6
34114,93,91,2,2
34115,59,60,-1,1
34116,88,80,8,8
34117,75,88,-13,13
34118,78,72,6,6
34119,67,72,-5,5
34120,118,109,9,9
34121,66,63,3,3
34122,69,70,-1,1
34123,110,95,15,15
34124,102,101,1,1
34125,127,120,7,7
34126,99,99,0,0
34127,127,124,3,3
34128,97,84,13,13
34129,52,50,2,2
34130,56,65,-9,9
34131,64,63,1,1
34132,111,101,10,10
34133,114,108,6,6
34134,162,141,21,21
34135,56,73,-17,17
34136,35,34,1,1
34137,83,84,-1,1
34138,151,146,5,5
34139,77,77,0,0
34140,65,71,-6,6
34141,67,69,-2,2
34142,81,78,3,3
34143,56,60,-4,4
34144,67,67,0,0
34145,59,59,0,0
34146,142,117,25,25
34147,79,79,0,0
34148,104,100,4,4
34149,68,72,-4,4
34150,67,75,-8,8
34151,56,60,-4,4
34152,66,67,-1,1
34153,31,31,0,0
34154,121,107,14,14
34155,115,110,5,5
34156,68,66,2,2
34157,103,100,3,3
34158,71,71,0,0
34159,115,116,-1,1
34160,122,108,14,14
34161,99,90,9,9
34162,112,108,4,4
34163,215,215,0,0
34164,68,74,-6,6
34165,84,78,6,6
34166,82,80,2,2
34167,82,82,0,0
34168,95,89,6,6
34169,80,81,-1,1
34170,121,110,11,11
34171,103,94,9,9
34172,74,76,-2,2
34173,59,61,-2,2
34174,106,100,6,6
34175,62,60,2,2
34176,49,49,0,0
34177,62,66,-4,4
34178,151,140,11,11
34179,178,148,30,30
34180,96,94,2,2
34181,91,91,0,0
34182,74,73,1,1
34183,78,80,-2,2
34184,95,113,-18,18
34185,109,103,6,6
34186,59,63,-4,4
34187,64,58,6,6
34188,122,104,18,18
34189,106,105,1,1
34190,137,128,9,9
34191,79,76,3,3
34192,45,53,-8,8
34193,96,89,7,7
34194,53,55,-2,2
34195,121,110,11,11
34196,138,131,7,7
34197,107,97,10,10
34198,90,85,5,5
34199,83,82,1,1
34200,65,67,-2,2
34201,68,76,-8,8
34202,50,53,-3,3
34203,44,69,-25,25
34204,78,81,-3,3
34205,74,75,-1,1
34206,67,67,0,0
34207,116,103,13,13
34208,50,46,4,4
34209,100,91,9,9
34210,52,57,-5,5
34211,70,68,2,2
34212,92,90,2,2
34213,130,118,12,12
34214,139,140,-1,1
34215,96,88,8,8
34216,98,91,7,7
34217,49,50,-1,1
34218,90,84,6,6
34219,103,109,-6,6
34220,39,48,-9,9
34221,172,141,31,31
34222,104,96,8,8
34223,63,64,-1,1
34224,78,74,4,4
34225,65,69,-4,4
34226,58,58,0,0
34227,140,134,6,6
34228,95,101,-6,6
34229,77,73,4,4
34230,122,111,11,11
34231,63,54,9,9
34232,26,33,-7,7
34233,78,76,2,2
34234,60,67,-7,7
34235,80,79,1,1
34236,96,94,2,2
34237,62,64,-2,2
34238,77,82,-5,5
34239,101,93,8,8
34240,103,103,0,0
34241,87,90,-3,3
34242,132,126,6,6
34243,223,187,36,36
34244,117,105,12,12
34245,151,135,16,16
34246,87,93,-6,6
34247,103,97,6,6
34248,59,65,-6,6
34249,150,129,21,21
34250,100,90,10,10
34251,92,81,11,11
34252,65,78,-13,13
34253,72,69,3,3
34254,48,42,6,6
34255,114,106,8,8
34256,63,59,4,4
34257,139,128,11,11
34258,86,84,2,2
34259,96,84,12,12
34260,80,80,0,0
34261,126,109,17,17
34262,112,106,6,6
34263,99,107,-8,8
34264,83,75,8,8
34265,62,62,0,0
34266,53,67,-14,14
34267,40,36,4,4
34268,103,98,5,5
34269,87,86,1,1
34270,66,69,-3,3
34271,116,102,14,14
34272,107,94,13,13
34273,121,115,6,6
34274,114,97,17,17
34275,111,105,6,6
34276,105,102,3,3
34277,103,100,3,3
34278,106,91,15,15
34279,126,118,8,8
34280,104,95,9,9
34281,77,73,4,4
34282,114,111,3,3
34283,77,77,0,0
34284,83,81,2,2
34285,78,88,-10,10
34286,81,81,0,0
34287,64,67,-3,3
34288,134,121,13,13
34289,78,79,-1,1
34290,137,125,12,12
34291,80,77,3,3
34292,145,126,19,19
34293,103,108,-5,5
34294,101,93,8,8
34295,87,81,6,6
34296,83,81,2,2
34297,98,86,12,12
34298,133,130,3,3
34299,114,115,-1,1
34300,119,102,17,17
34301,94,90,4,4
34302,85,91,-6,6
34303,162,154,8,8
34304,85,71,14,14
34305,62,61,1,1
34306,83,78,5,5
34307,99,92,7,7
34308,79,81,-2,2
34309,95,95,0,0
34310,140,136,4,4
34311,165,148,17,17
34312,104,96,8,8
34313,110,120,-10,10
34314,138,170,-32,32
34315,117,126,-9,9
34316,120,109,11,11
34317,67,76,-9,9
34318,82,81,1,1
34319,110,97,13,13
34320,110,98,12,12
34321,63,72,-9,9
34322,54,58,-4,4
34323,128,126,2,2
34324,90,80,10,10
34325,99,97,2,2
34326,121,139,-18,18
34327,47,60,-13,13
34328,88,81,7,7
34329,96,86,10,10
34330,83,99,-16,16
34331,91,78,13,13
34332,100,100,0,0
34333,68,73,-5,5
34334,44,45,-1,1
34335,94,89,5,5
34336,48,54,-6,6
34337,63,63,0,0
34338,114,107,7,7
34339,88,80,8,8
34340,105,95,10,10
34341,67,70,-3,3
34342,61,56,5,5
34343,120,112,8,8
34344,111,99,12,12
34345,102,91,11,11
34346,111,101,10,10
34347,48,46,2,2
34348,102,102,0,0
34349,101,97,4,4
34350,88,92,-4,4
34351,58,66,-8,8
34352,64,66,-2,2
34353,65,69,-4,4
34354,156,144,12,12
34355,84,80,4,4
34356,169,145,24,24
34357,130,110,20,20
34358,51,62,-11,11
34359,60,59,1,1
34360,109,94,15,15
34361,107,104,3,3
34362,133,137,-4,4
34363,73,71,2,2
34364,117,108,9,9
34365,105,98,7,7
34366,118,134,-16,16
34367,107,103,4,4
34368,89,80,9,9
34369,130,120,10,10
34370,107,111,-4,4
34371,86,86,0,0
34372,87,91,-4,4
34373,166,147,19,19
34374,91,91,0,0
34375,83,76,7,7
34376,90,90,0,0
34377,60,70,-10,10
34378,73,76,-3,3
34379,133,114,19,19
34380,131,121,10,10
34381,128,147,-19,19
34382,93,86,7,7
34383,48,53,-5,5
34384,126,105,21,21
34385,62,73,-11,11
34386,50,62,-12,12
34387,70,70,0,0
34388,111,109,2,2
34389,89,82,7,7
34390,94,94,0,0
34391,38,45,-7,7
34392,76,85,-9,9
34393,92,92,0,0
34394,66,67,-1,1
34395,84,82,2,2
34396,72,74,-2,2
34397,79,75,4,4
34398,78,77,1,1
34399,61,62,-1,1
34400,68,69,-1,1
34401,114,102,12,12
34402,84,85,-1,1
34403,51,65,-14,14
34404,96,86,10,10
34405,74,72,2,2
34406,64,75,-11,11
34407,79,72,7,7
34408,89,78,11,11
34409,150,143,7,7
34410,137,117,20,20
34411,62,64,-2,2
34412,120,105,15,15
34413,75,60,15,15
34414,63,68,-5,5
34415,144,142,2,2
34416,83,76,7,7
34417,71,100,-29,29
34418,125,120,5,5
34419,71,72,-1,1
34420,90,92,-2,2
34421,57,57,0,0
34422,68,73,-5,5
34423,117,104,13,13
34424,142,134,8,8
34425,95,86,9,9
34426,91,93,-2,2
34427,86,86,0,0
34428,119,123,-4,4
34429,71,81,-10,10
34430,97,88,9,9
34431,92,94,-2,2
34432,86,81,5,5
34433,48,45,3,3
34434,50,34,16,16
34435,105,132,-27,27
34436,105,107,-2,2
34437,127,112,15,15
34438,108,104,4,4
34439,71,70,1,1
34440,73,75,-2,2
34441,68,78,-10,10
34442,147,129,18,18
34443,142,139,3,3
34444,39,41,-2,2
34445,91,80,11,11
34446,79,83,-4,4
34447,84,76,8,8
34448,123,122,1,1
34449,63,60,3,3
34450,196,175,21,21
34451,161,155,6,6
34452,152,122,30,30
34453,144,128,16,16
34454,96,96,0,0
34455,125,121,4,4
34456,82,77,5,5
34457,128,113,15,15
34458,160,156,4,4
34459,43,47,-4,4
34460,68,71,-3,3
34461,108,87,21,21
34462,74,72,2,2
34463,52,54,-2,2
34464,107,115,-8,8
34465,64,72,-8,8
34466,89,85,4,4
34467,85,74,11,11
34468,73,76,-3,3
34469,177,179,-2,2
34470,111,103,8,8
34471,67,75,-8,8
34472,76,71,5,5
34473,152,131,21,21
34474,90,93,-3,3
34475,79,78,1,1
34476,99,99,0,0
34477,78,73,5,5
34478,131,124,7,7
34479,100,93,7,7
34480,74,80,-6,6
34481,99,96,3,3
34482,135,126,9,9
34483,104,106,-2,2
34484,67,68,-1,1
34485,102,90,12,12
34486,48,54,-6,6
34487,243,227,16,16
34488,97,94,3,3
34489,112,105,7,7
34490,118,119,-1,1
34491,77,80,-3,3
34492,73,65,8,8
34493,99,98,1,1
34494,60,80,-20,20
34495,155,145,10,10
34496,125,117,8,8
34497,202,162,40,40
34498,82,90,-8,8
34499,100,94,6,6
34500,78,75,3,3
34501,59,68,-9,9
34502,48,59,-11,11
34503,121,122,-1,1
34504,128,120,8,8
34505,96,101,-5,5
34506,133,116,17,17
34507,107,101,6,6
34508,106,95,11,11
34509,111,123,-12,12
34510,48,69,-21,21
34511,79,87,-8,8
34512,121,106,15,15
34513,147,137,10,10
34514,113,106,7,7
34515,58,60,-2,2
34516,93,81,12,12
34517,109,103,6,6
34518,85,89,-4,4
34519,69,78,-9,9
34520,70,70,0,0
34521,81,88,-7,7
34522,47,45,2,2
34523,121,110,11,11
34524,151,127,24,24
34525,80,82,-2,2
34526,60,60,0,0
34527,133,122,11,11
34528,65,69,-4,4
34529,162,156,6,6
34530,73,69,4,4
34531,108,98,10,10
34532,87,84,3,3
34533,101,104,-3,3
34534,90,89,1,1
34535,130,141,-11,11
34536,133,120,13,13
34537,139,133,6,6
34538,95,98,-3,3
34539,96,93,3,3
34540,66,68,-2,2
34541,69,74,-5,5
34542,69,70,-1,1
34543,86,81,5,5
34544,95,93,2,2
34545,91,85,6,6
34546,189,158,31,31
34547,109,103,6,6
34548,63,63,0,0
34549,156,149,7,7
34550,64,65,-1,1
34551,117,106,11,11
34552,55,55,0,0
34553,115,115,0,0
34554,103,93,10,10
34555,155,145,10,10
34556,78,77,1,1
34557,159,159,0,0
34558,73,67,6,6
34559,188,170,18,18
34560,150,145,5,5
34561,103,92,11,11
34562,80,82,-2,2
34563,92,90,2,2
34564,121,116,5,5
34565,113,112,1,1
34566,106,99,7,7
34567,72,68,4,4
34568,120,112,8,8
34569,49,58,-9,9
34570,124,125,-1,1
34571,82,81,1,1
34572,145,154,-9,9
34573,61,62,-1,1
34574,108,104,4,4
34575,53,57,-4,4
34576,117,106,11,11
34577,88,86,2,2
34578,122,97,25,25
34579,56,60,-4,4
34580,161,145,16,16
34581,115,106,9,9
34582,100,97,3,3
34583,149,144,5,5
34584,126,113,13,13
34585,74,77,-3,3
34586,124,114,10,10
34587,101,94,7,7
34588,83,95,-12,12
34589,105,98,7,7
34590,143,132,11,11
34591,153,140,13,13
34592,54,59,-5,5
34593,52,38,14,14
34594,87,82,5,5
34595,63,67,-4,4
34596,84,87,-3,3
34597,96,93,3,3
34598,59,64,-5,5
34599,141,126,15,15
34600,121,108,13,13
34601,21,23,-2,2
34602,93,86,7,7
34603,126,122,4,4
34604,91,88,3,3
34605,126,117,9,9
34606,79,74,5,5
34607,133,132,1,1
34608,72,75,-3,3
34609,117,97,20,20
34610,51,61,-10,10
34611,92,87,5,5
34612,78,79,-1,1
34613,70,73,-3,3
34614,77,77,0,0
34615,94,84,10,10
34616,75,76,-1,1
34617,93,93,0,0
34618,75,67,8,8
34619,149,141,8,8
34620,99,96,3,3
34621,94,102,-8,8
34622,98,89,9,9
34623,68,70,-2,2
34624,101,141,-40,40
34625,115,102,13,13
34626,87,81,6,6
34627,100,108,-8,8
34628,80,86,-6,6
34629,133,120,13,13
34630,54,59,-5,5
34631,164,152,12,12
34632,98,94,4,4
34633,75,76,-1,1
34634,77,71,6,6
34635,126,119,7,7
34636,124,115,9,9
34637,89,88,1,1
34638,77,77,0,0
34639,162,142,20,20
34640,129,112,17,17
34641,126,119,7,7
34642,90,81,9,9
34643,145,134,11,11
34644,59,69,-10,10
34645,79,74,5,5
34646,100,88,12,12
34647,136,128,8,8
34648,53,64,-11,11
34649,109,98,11,11
34650,79,76,3,3
34651,111,104,7,7
34652,172,138,34,34
34653,142,129,13,13
34654,81,77,4,4
34655,100,95,5,5
34656,71,72,-1,1
34657,37,45,-8,8
34658,91,87,4,4
34659,85,81,4,4
34660,96,93,3,3
34661,96,92,4,4
34662,72,68,4,4
34663,58,61,-3,3
34664,128,130,-2,2
34665,90,80,10,10
34666,79,77,2,2
34667,57,55,2,2
34668,164,137,27,27
34669,147,113,34,34
34670,42,52,-10,10
34671,92,101,-9,9
34672,73,76,-3,3
34673,80,80,0,0
34674,82,77,5,5
34675,82,84,-2,2
34676,124,115,9,9
34677,87,92,-5,5
34678,93,91,2,2
34679,151,130,21,21
34680,88,85,3,3
34681,99,91,8,8
34682,104,102,2,2
34683,80,79,1,1
34684,91,83,8,8
34685,116,128,-12,12
34686,136,121,15,15
34687,76,108,-32,32
34688,125,130,-5,5
34689,99,88,11,11
34690,112,113,-1,1
34691,103,109,-6,6
34692,152,139,13,13
34693,122,114,8,8
34694,74,70,4,4
34695,106,102,4,4
34696,76,72,4,4
34697,59,65,-6,6
34698,100,120,-20,20
34699,58,62,-4,4
34700,69,71,-2,2
34701,120,125,-5,5
34702,74,74,0,0
34703,55,61,-6,6
34704,89,86,3,3
34705,79,75,4,4
34706,137,134,3,3
34707,81,82,-1,1
34708,64,76,-12,12
34709,170,158,12,12
34710,69,71,-2,2
34711,72,67,5,5
34712,73,66,7,7
34713,66,72,-6,6
34714,114,108,6,6
34715,96,104,-8,8
34716,67,67,0,0
34717,83,81,2,2
34718,72,70,2,2
34719,150,146,4,4
34720,56,55,1,1
34721,66,69,-3,3
34722,53,64,-11,11
34723,169,148,21,21
34724,66,70,-4,4
34725,105,109,-4,4
34726,101,95,6,6
34727,78,81,-3,3
34728,130,123,7,7
34729,140,129,11,11
34730,91,103,-12,12
34731,89,78,11,11
34732,73,73,0,0
34733,111,104,7,7
34734,111,109,2,2
34735,154,134,20,20
34736,56,58,-2,2
34737,136,126,10,10
34738,101,88,13,13
34739,120,118,2,2
34740,62,58,4,4
34741,105,103,2,2
34742,76,78,-2,2
34743,161,154,7,7
34744,88,91,-3,3
34745,51,56,-5,5
34746,108,104,4,4
34747,101,96,5,5
34748,74,74,0,0
34749,189,160,29,29
34750,46,45,1,1
34751,58,63,-5,5
34752,100,87,13,13
34753,171,139,32,32
34754,45,35,10,10
34755,87,70,17,17
34756,57,58,-1,1
34757,137,118,19,19
34758,72,72,0,0
34759,115,108,7,7
34760,98,92,6,6
34761,58,65,-7,7
34762,87,104,-17,17
34763,79,75,4,4
34764,79,73,6,6
34765,67,68,-1,1
34766,32,33,-1,1
34767,76,75,1,1
34768,80,69,11,11
34769,106,92,14,14
34770,54,64,-10,10
34771,75,78,-3,3
34772,149,138,11,11
34773,110,95,15,15
34774,106,106,0,0
34775,130,124,6,6
34776,49,52,-3,3
34777,119,122,-3,3
34778,75,76,-1,1
34779,89,85,4,4
34780,63,61,2,2
34781,64,58,6,6
34782,116,111,5,5
34783,79,71,8,8
34784,92,95,-3,3
34785,70,74,-4,4
34786,120,113,7,7
34787,165,150,15,15
34788,187,186,1,1
34789,82,80,2,2
34790,53,67,-14,14
34791,88,86,2,2
34792,75,73,2,2
34793,66,62,4,4
34794,80,77,3,3
34795,113,98,15,15
34796,48,37,11,11
34797,52,48,4,4
34798,169,154,15,15
34799,100,104,-4,4
34800,71,81,-10,10
34801,103,111,-8,8
34802,127,121,6,6
34803,132,117,15,15
34804,136,130,6,6
34805,67,61,6,6
34806,127,126,1,1
34807,142,138,4,4
34808,114,113,1,1
34809,71,75,-4,4
34810,77,76,1,1
34811,86,92,-6,6
34812,166,140,26,26
34813,116,108,8,8
34814,42,34,8,8
34815,91,84,7,7
34816,81,76,5,5
34817,109,100,9,9
34818,164,157,7,7
34819,119,116,3,3
34820,79,73,6,6
34821,122,113,9,9
34822,67,67,0,0
34823,96,90,6,6
34824,81,80,1,1
34825,110,82,28,28
34826,142,134,8,8
34827,30,33,-3,3
34828,102,95,7,7
34829,128,115,13,13
34830,127,132,-5,5
34831,55,90,-35,35
34832,125,150,-25,25
34833,85,88,-3,3
34834,82,85,-3,3
34835,99,102,-3,3
34836,142,138,4,4
34837,99,107,-8,8
34838,96,100,-4,4
34839,87,96,-9,9
34840,76,73,3,3
34841,95,100,-5,5
34842,61,65,-4,4
34843,58,66,-8,8
34844,88,86,2,2
34845,87,96,-9,9
34846,89,86,3,3
34847,100,90,10,10
34848,87,87,0,0
34849,86,85,1,1
34850,43,56,-13,13
34851,33,32,1,1
34852,97,91,6,6
34853,130,119,11,11
34854,149,133,16,16
34855,139,120,19,19
34856,71,75,-4,4
34857,53,65,-12,12
34858,69,65,4,4
34859,114,97,17,17
34860,60,70,-10,10
34861,53,61,-8,8
34862,80,75,5,5
34863,75,64,11,11
34864,101,112,-11,11
34865,147,140,7,7
34866,100,90,10,10
34867,112,115,-3,3
34868,61,64,-3,3
34869,68,67,1,1
34870,41,63,-22,22
34871,72,75,-3,3
34872,69,76,-7,7
34873,135,118,17,17
34874,112,108,4,4
34875,63,61,2,2
34876,83,77,6,6
34877,74,78,-4,4
34878,85,92,-7,7
34879,91,81,10,10
34880,150,144,6,6
34881,96,89,7,7
34882,61,84,-23,23
34883,51,68,-17,17
34884,61,64,-3,3
34885,143,154,-11,11
34886,64,69,-5,5
34887,59,60,-1,1
34888,67,78,-11,11
34889,65,77,-12,12
34890,142,125,17,17
34891,66,68,-2,2
34892,73,79,-6,6
34893,107,103,4,4
34894,112,95,17,17
34895,104,101,3,3
34896,46,51,-5,5
34897,83,77,6,6
34898,89,85,4,4
34899,73,66,7,7
34900,59,61,-2,2
34901,59,61,-2,2
34902,112,104,8,8
34903,75,77,-2,2
34904,68,73,-5,5
34905,80,92,-12,12
34906,70,78,-8,8
34907,77,76,1,1
34908,49,52,-3,3
34909,91,87,4,4
34910,65,65,0,0
34911,77,73,4,4
34912,130,114,16,16
34913,77,76,1,1
34914,175,172,3,3
34915,103,109,-6,6
34916,79,75,4,4
34917,74,71,3,3
34918,98,105,-7,7
34919,111,107,4,4
34920,105,113,-8,8
34921,106,103,3,3
34922,43,42,1,1
34923,91,96,-5,5
34924,88,86,2,2
34925,121,113,8,8
34926,111,101,10,10
34927,65,68,-3,3
34928,63,60,3,3
34929,91,95,-4,4
34930,70,74,-4,4
34931,117,103,14,14
34932,56,63,-7,7
34933,153,146,7,7
34934,135,129,6,6
34935,66,67,-1,1
34936,97,95,2,2
34937,94,97,-3,3
34938,79,78,1,1
34939,89,80,9,9
34940,117,108,9,9
34941,50,53,-3,3
34942,172,169,3,3
34943,71,76,-5,5
34944,94,94,0,0
34945,146,142,4,4
34946,57,60,-3,3
34947,91,92,-1,1
34948,44,49,-5,5
34949,124,118,6,6
34950,117,100,17,17
34951,93,84,9,9
34952,100,100,0,0
34953,167,149,18,18
34954,97,92,5,5
34955,117,108,9,9
34956,142,129,13,13
34957,62,63,-1,1
34958,99,100,-1,1
34959,83,82,1,1
34960,61,70,-9,9
34961,80,83,-3,3
34962,85,80,5,5
34963,102,99,3,3
34964,127,128,-1,1
34965,123,123,0,0
34966,117,109,8,8
34967,102,111,-9,9
34968,100,93,7,7
34969,105,100,5,5
34970,116,99,17,17
34971,104,108,-4,4
34972,70,69,1,1
34973,71,74,-3,3
34974,59,72,-13,13
34975,86,83,3,3
34976,121,101,20,20
34977,104,94,10,10
34978,93,86,7,7
34979,78,78,0,0
34980,124,112,12,12
34981,83,86,-3,3
34982,126,121,5,5
34983,91,87,4,4
34984,89,99,-10,10
34985,79,74,5,5
34986,110,107,3,3
34987,80,79,1,1
34988,116,111,5,5
34989,133,116,17,17
34990,91,86,5,5
34991,94,85,9,9
34992,160,140,20,20
34993,107,111,-4,4
34994,61,67,-6,6
34995,74,66,8,8
34996,80,79,1,1
34997,50,59,-9,9
34998,98,96,2,2
34999,47,49,-2,2
35000,63,83,-20,20
35001,92,93,-1,1
35002,97,92,5,5
35003,101,102,-1,1
35004,48,56,-8,8
35005,114,111,3,3
35006,106,99,7,7
35007,98,93,5,5
35008,133,128,5,5
35009,98,86,12,12
35010,41,34,7,7
35011,85,84,1,1
35012,102,100,2,2
35013,97,88,9,9
35014,49,55,-6,6
35015,50,58,-8,8
35016,86,89,-3,3
35017,96,101,-5,5
35018,110,96,14,14
35019,95,88,7,7
35020,89,80,9,9
35021,92,88,4,4
35022,109,103,6,6
35023,75,75,0,0
35024,61,58,3,3
35025,82,90,-8,8
35026,88,92,-4,4
35027,139,133,6,6
35028,67,81,-14,14
35029,106,102,4,4
35030,108,104,4,4
35031,80,85,-5,5
35032,78,83,-5,5
35033,87,88,-1,1
35034,57,61,-4,4
35035,63,65,-2,2
35036,105,91,14,14
35037,129,109,20,20
35038,65,65,0,0
35039,93,90,3,3
35040,50,50,0,0
35041,30,34,-4,4
35042,81,77,4,4
35043,55,67,-12,12
35044,76,72,4,4
35045,135,117,18,18
35046,55,62,-7,7
35047,140,135,5,5
35048,92,84,8,8
35049,124,119,5,5
35050,100,100,0,0
35051,40,34,6,6
35052,50,41,9,9
35053,85,87,-2,2
35054,87,93,-6,6
35055,136,124,12,12
35056,65,70,-5,5
35057,97,73,24,24
35058,80,76,4,4
35059,99,97,2,2
35060,69,72,-3,3
35061,97,99,-2,2
35062,65,65,0,0
35063,67,70,-3,3
35064,108,102,6,6
35065,105,105,0,0
35066,98,86,12,12
35067,73,71,2,2
35068,87,84,3,3
35069,80,72,8,8
35070,115,113,2,2
35071,129,109,20,20
35072,62,66,-4,4
35073,141,126,15,15
35074,165,149,16,16
35075,167,156,11,11
35076,128,113,15,15
35077,163,142,21,21
35078,49,65,-16,16
35079,73,86,-13,13
35080,117,151,-34,34
35081,182,159,23,23
35082,91,79,12,12
35083,73,77,-4,4
35084,130,124,6,6
35085,92,87,5,5
35086,164,137,27,27
35087,100,107,-7,7
35088,106,106,0,0
35089,155,154,1,1
35090,84,84,0,0
35091,115,116,-1,1
35092,74,75,-1,1
35093,62,61,1,1
35094,76,77,-1,1
35095,82,86,-4,4
35096,116,104,12,12
35097,84,81,3,3
35098,61,69,-8,8
35099,155,136,19,19
35100,87,139,-52,52
35101,118,115,3,3
35102,126,124,2,2
35103,123,121,2,2
35104,72,76,-4,4
35105,106,103,3,3
35106,119,108,11,11
35107,79,78,1,1
35108,70,85,-15,15
35109,129,113,16,16
35110,93,83,10,10
35111,98,86,12,12
35112,164,163,1,1
35113,110,111,-1,1
35114,108,104,4,4
35115,79,76,3,3
35116,140,136,4,4
35117,81,88,-7,7
35118,84,81,3,3
35119,64,63,1,1
35120,101,97,4,4
35121,65,70,-5,5
35122,71,78,-7,7
35123,66,66,0,0
35124,81,81,0,0
35125,82,92,-10,10
35126,101,105,-4,4
35127,95,95,0,0
35128,95,97,-2,2
35129,177,167,10,10
35130,148,151,-3,3
35131,83,88,-5,5
35132,79,75,4,4
35133,87,79,8,8
35134,120,112,8,8
35135,140,154,-14,14
35136,117,112,5,5
35137,88,87,1,1
35138,79,71,8,8
35139,89,92,-3,3
35140,83,77,6,6
35141,79,92,-13,13
35142,118,110,8,8
35143,79,85,-6,6
35144,95,85,10,10
35145,62,66,-4,4
35146,67,73,-6,6
35147,63,69,-6,6
35148,99,86,13,13
35149,164,157,7,7
35150,71,64,7,7
35151,49,50,-1,1
35152,88,85,3,3
35153,93,87,6,6
35154,90,85,5,5
35155,96,80,16,16
35156,91,91,0,0
35157,41,34,7,7
35158,94,92,2,2
35159,58,57,1,1
35160,87,87,0,0
35161,100,94,6,6
35162,117,114,3,3
35163,106,97,9,9
35164,65,75,-10,10
35165,126,123,3,3
35166,92,92,0,0
35167,78,85,-7,7
35168,98,94,4,4
35169,102,112,-10,10
35170,115,99,16,16
35171,93,85,8,8
35172,48,61,-13,13
35173,64,69,-5,5
35174,168,166,2,2
35175,95,84,11,11
35176,125,116,9,9
35177,128,130,-2,2
35178,137,111,26,26
35179,62,58,4,4
35180,76,74,2,2
35181,66,67,-1,1
35182,50,58,-8,8
35183,98,92,6,6
35184,101,105,-4,4
35185,77,76,1,1
35186,97,96,1,1
35187,116,104,12,12
35188,118,106,12,12
35189,157,150,7,7
35190,48,56,-8,8
35191,86,86,0,0
35192,79,93,-14,14
35193,93,86,7,7
35194,58,61,-3,3
35195,65,67,-2,2
35196,203,179,24,24
35197,59,61,-2,2
35198,103,93,10,10
35199,35,33,2,2
35200,95,97,-2,2
35201,89,89,0,0
35202,122,109,13,13
35203,97,91,6,6
35204,84,80,4,4
35205,146,123,23,23
35206,129,113,16,16
35207,76,82,-6,6
35208,79,79,0,0
35209,92,90,2,2
35210,82,73,9,9
35211,111,99,12,12
35212,88,81,7,7
35213,155,142,13,13
35214,75,70,5,5
35215,109,101,8,8
35216,64,63,1,1
35217,76,71,5,5
35218,114,114,0,0
35219,84,79,5,5
35220,90,86,4,4
35221,49,54,-5,5
35222,103,102,1,1
35223,140,131,9,9
35224,64,67,-3,3
35225,171,165,6,6
35226,89,85,4,4
35227,57,64,-7,7
35228,99,79,20,20
35229,62,68,-6,6
35230,191,173,18,18
35231,108,95,13,13
35232,116,108,8,8
35233,157,139,18,18
35234,98,108,-10,10
35235,167,163,4,4
35236,89,80,9,9
35237,65,71,-6,6
35238,103,100,3,3
35239,107,101,6,6
35240,66,64,2,2
35241,137,127,10,10
35242,68,66,2,2
35243,64,63,1,1
35244,137,126,11,11
35245,101,98,3,3
35246,120,109,11,11
35247,99,103,-4,4
35248,58,64,-6,6
35249,93,94,-1,1
35250,48,69,-21,21
35251,96,102,-6,6
35252,68,69,-1,1
35253,95,96,-1,1
35254,117,105,12,12
35255,61,70,-9,9
35256,122,118,4,4
35257,77,85,-8,8
35258,69,74,-5,5
35259,105,98,7,7
35260,126,126,0,0
35261,67,64,3,3
35262,122,115,7,7
35263,96,91,5,5
35264,188,162,26,26
35265,72,58,14,14
35266,122,112,10,10
35267,53,60,-7,7
35268,49,60,-11,11
35269,131,115,16,16
35270,118,101,17,17
35271,68,63,5,5
35272,84,87,-3,3
35273,80,86,-6,6
35274,95,103,-8,8
35275,54,57,-3,3
35276,80,84,-4,4
35277,55,62,-7,7
35278,50,44,6,6
35279,141,134,7,7
35280,118,107,11,11
35281,64,69,-5,5
35282,132,115,17,17
35283,81,77,4,4
35284,49,40,9,9
35285,86,84,2,2
35286,107,102,5,5
35287,123,117,6,6
35288,109,95,14,14
35289,121,113,8,8
35290,89,92,-3,3
35291,57,64,-7,7
35292,123,112,11,11
35293,102,103,-1,1
35294,143,123,20,20
35295,57,60,-3,3
35296,84,77,7,7
35297,73,69,4,4
35298,124,117,7,7
35299,86,78,8,8
35300,128,119,9,9
35301,146,125,21,21
35302,92,85,7,7
35303,68,76,-8,8
35304,88,89,-1,1
35305,147,141,6,6
35306,134,131,3,3
35307,91,93,-2,2
35308,137,125,12,12
35309,130,125,5,5
35310,103,96,7,7
35311,78,89,-11,11
35312,85,79,6,6
35313,57,59,-2,2
35314,159,140,19,19
35315,80,84,-4,4
35316,113,118,-5,5
35317,152,134,18,18
35318,163,146,17,17
35319,137,115,22,22
35320,116,114,2,2
35321,144,133,11,11
35322,61,70,-9,9
35323,158,142,16,16
35324,120,143,-23,23
35325,64,69,-5,5
35326,106,97,9,9
35327,60,69,-9,9
35328,87,91,-4,4
35329,72,62,10,10
35330,92,88,4,4
35331,164,148,16,16
35332,121,124,-3,3
35333,63,68,-5,5
35334,108,107,1,1
35335,70,67,3,3
35336,66,73,-7,7
35337,81,127,-46,46
35338,84,83,1,1
35339,69,72,-3,3
35340,161,155,6,6
35341,73,72,1,1
35342,62,62,0,0
35343,66,71,-5,5
35344,80,83,-3,3
35345,110,120,-10,10
35346,145,133,12,12
35347,32,56,-24,24
35348,62,69,-7,7
35349,191,178,13,13
35350,84,83,1,1
35351,96,90,6,6
35352,87,77,10,10
35353,54,61,-7,7
35354,85,84,1,1
35355,118,106,12,12
35356,52,51,1,1
35357,102,84,18,18
35358,66,71,-5,5
35359,151,145,6,6
35360,129,135,-6,6
35361,61,59,2,2
35362,102,107,-5,5
35363,88,93,-5,5
35364,61,70,-9,9
35365,77,83,-6,6
35366,79,80,-1,1
35367,110,99,11,11
35368,96,89,7,7
35369,74,72,2,2
35370,120,114,6,6
35371,134,123,11,11
35372,66,65,1,1
35373,61,62,-1,1
35374,130,115,15,15
35375,60,66,-6,6
35376,66,69,-3,3
35377,115,109,6,6
35378,99,92,7,7
35379,55,57,-2,2
35380,104,93,11,11
35381,104,100,4,4
35382,97,96,1,1
35383,48,49,-1,1
35384,51,59,-8,8
35385,51,34,17,17
35386,80,81,-1,1
35387,57,58,-1,1
35388,77,62,15,15
35389,128,118,10,10
35390,141,138,3,3
35391,77,75,2,2
35392,132,122,10,10
35393,110,104,6,6
35394,43,32,11,11
35395,110,111,-1,1
35396,85,75,10,10
35397,92,96,-4,4
35398,49,50,-1,1
35399,69,67,2,2
35400,64,68,-4,4
35401,82,76,6,6
35402,59,67,-8,8
35403,69,68,1,1
35404,66,68,-2,2
35405,92,89,3,3
35406,101,87,14,14
35407,62,72,-10,10
35408,126,109,17,17
35409,119,114,5,5
35410,117,102,15,15
35411,162,147,15,15
35412,100,95,5,5
35413,107,111,-4,4
35414,49,60,-11,11
35415,75,76,-1,1
35416,85,81,4,4
35417,87,74,13,13
35418,58,57,1,1
35419,86,105,-19,19
35420,54,58,-4,4
35421,149,142,7,7
35422,99,88,11,11
35423,118,114,4,4
35424,88,90,-2,2
35425,128,141,-13,13
35426,121,117,4,4
35427,62,64,-2,2
35428,32,32,0,0
35429,152,136,16,16
35430,58,59,-1,1
35431,77,83,-6,6
35432,127,109,18,18
35433,109,101,8,8
35434,116,110,6,6
35435,83,86,-3,3
35436,70,79,-9,9
35437,101,89,12,12
35438,70,69,1,1
35439,117,103,14,14
35440,93,94,-1,1
35441,72,77,-5,5
35442,131,127,4,4
35443,64,69,-5,5
35444,160,148,12,12
35445,86,75,11,11
35446,84,87,-3,3
35447,56,59,-3,3
35448,94,85,9,9
35449,149,132,17,17
35450,128,114,14,14
35451,97,105,-8,8
35452,178,161,17,17
35453,102,94,8,8
35454,53,58,-5,5
35455,124,109,15,15
35456,79,82,-3,3
35457,136,142,-6,6
35458,71,79,-8,8
35459,54,49,5,5
35460,97,87,10,10
35461,72,76,-4,4
35462,169,143,26,26
35463,80,75,5,5
35464,53,63,-10,10
35465,64,62,2,2
35466,52,57,-5,5
35467,38,45,-7,7
35468,78,77,1,1
35469,160,75,85,85
35470,113,103,10,10
35471,90,92,-2,2
35472,63,64,-1,1
35473,79,86,-7,7
35474,56,63,-7,7
35475,241,231,10,10
35476,68,71,-3,3
35477,145,144,1,1
35478,69,67,2,2
35479,107,99,8,8
35480,79,81,-2,2
35481,123,118,5,5
35482,97,89,8,8
35483,77,74,3,3
35484,66,132,-66,66
35485,83,81,2,2
35486,82,85,-3,3
35487,78,77,1,1
35488,89,84,5,5
35489,76,67,9,9
35490,61,65,-4,4
35491,116,105,11,11
35492,128,131,-3,3
35493,130,126,4,4
35494,46,46,0,0
35495,105,99,6,6
35496,150,123,27,27
35497,156,151,5,5
35498,69,69,0,0
35499,89,84,5,5
35500,77,72,5,5
35501,123,119,4,4
35502,97,92,5,5
35503,87,80,7,7
35504,80,79,1,1
35505,79,80,-1,1
35506,58,66,-8,8
35507,53,54,-1,1
35508,105,106,-1,1
35509,74,81,-7,7
35510,101,102,-1,1
35511,56,57,-1,1
35512,115,105,10,10
35513,141,146,-5,5
35514,116,105,11,11
35515,47,47,0,0
35516,43,44,-1,1
35517,80,85,-5,5
35518,91,96,-5,5
35519,75,87,-12,12
35520,114,101,13,13
35521,79,81,-2,2
35522,106,95,11,11
35523,69,62,7,7
35524,87,76,11,11
35525,118,121,-3,3
35526,84,84,0,0
35527,90,92,-2,2
35528,97,89,8,8
35529,57,59,-2,2
35530,132,124,8,8
35531,90,104,-14,14
35532,108,109,-1,1
35533,132,117,15,15
35534,76,81,-5,5
35535,38,33,5,5
35536,52,53,-1,1
35537,68,66,2,2
35538,141,137,4,4
35539,90,91,-1,1
35540,72,68,4,4
35541,74,70,4,4
35542,89,86,3,3
35543,72,69,3,3
35544,78,64,14,14
35545,67,69,-2,2
35546,94,90,4,4
35547,65,66,-1,1
35548,75,72,3,3
35549,76,85,-9,9
35550,78,71,7,7
35551,70,76,-6,6
35552,124,110,14,14
35553,123,116,7,7
35554,185,166,19,19
35555,126,104,22,22
35556,104,98,6,6
35557,79,78,1,1
35558,74,61,13,13
35559,82,79,3,3
35560,47,53,-6,6
35561,40,34,6,6
35562,102,100,2,2
35563,68,75,-7,7
35564,95,97,-2,2
35565,111,100,11,11
35566,74,75,-1,1
35567,63,69,-6,6
35568,118,111,7,7
35569,181,158,23,23
35570,63,68,-5,5
35571,73,71,2,2
35572,76,78,-2,2
35573,80,77,3,3
35574,99,96,3,3
35575,83,89,-6,6
35576,48,50,-2,2
35577,140,123,17,17
35578,101,103,-2,2
35579,76,88,-12,12
35580,84,97,-13,13
35581,95,86,9,9
35582,60,63,-3,3
35583,78,77,1,1
35584,125,118,7,7
35585,90,91,-1,1
35586,99,96,3,3
35587,58,56,2,2
35588,128,123,5,5
35589,67,68,-1,1
35590,96,108,-12,12
35591,96,90,6,6
35592,141,129,12,12
35593,77,83,-6,6
35594,114,99,15,15
35595,86,81,5,5
35596,175,157,18,18
35597,129,119,10,10
35598,50,58,-8,8
35599,70,67,3,3
35600,224,199,25,25
35601,146,134,12,12
35602,81,75,6,6
35603,97,91,6,6
35604,118,123,-5,5
35605,77,69,8,8
35606,73,71,2,2
35607,85,80,5,5
35608,102,97,5,5
35609,130,122,8,8
35610,133,129,4,4
35611,129,119,10,10
35612,80,78,2,2
35613,93,92,1,1
35614,91,86,5,5
35615,41,94,-53,53
35616,82,86,-4,4
35617,67,69,-2,2
35618,85,84,1,1
35619,75,78,-3,3
35620,118,114,4,4
35621,118,96,22,22
35622,79,76,3,3
35623,63,64,-1,1
35624,170,162,8,8
35625,73,76,-3,3
35626,114,91,23,23
35627,154,154,0,0
35628,54,66,-12,12
35629,115,105,10,10
35630,49,119,-70,70
35631,99,99,0,0
35632,80,76,4,4
35633,152,147,5,5
35634,71,71,0,0
35635,118,140,-22,22
35636,106,94,12,12
35637,106,108,-2,2
35638,173,149,24,24
35639,89,91,-2,2
35640,65,68,-3,3
35641,93,86,7,7
35642,109,104,5,5
35643,126,125,1,1
35644,143,157,-14,14
35645,127,125,2,2
35646,114,103,11,11
35647,84,88,-4,4
35648,68,75,-7,7
35649,60,67,-7,7
35650,111,109,2,2
35651,127,131,-4,4
35652,83,76,7,7
35653,98,95,3,3
35654,83,72,11,11
35655,77,77,0,0
35656,51,53,-2,2
35657,88,90,-2,2
35658,48,61,-13,13
35659,147,139,8,8
35660,66,81,-15,15
35661,100,90,10,10
35662,76,81,-5,5
35663,59,62,-3,3
35664,116,108,8,8
35665,61,64,-3,3
35666,155,139,16,16
35667,99,99,0,0
35668,112,104,8,8
35669,70,59,11,11
35670,79,84,-5,5
35671,96,96,0,0
35672,90,92,-2,2
35673,104,95,9,9
35674,99,92,7,7
35675,81,84,-3,3
35676,134,142,-8,8
35677,126,123,3,3
35678,160,113,47,47
35679,75,74,1,1
35680,104,104,0,0
35681,150,128,22,22
35682,120,113,7,7
35683,90,87,3,3
35684,120,105,15,15
35685,142,130,12,12
35686,75,71,4,4
35687,102,93,9,9
35688,162,145,17,17
35689,74,72,2,2
35690,75,75,0,0
35691,99,99,0,0
35692,130,125,5,5
35693,53,50,3,3
35694,127,128,-1,1
35695,103,91,12,12
35696,94,87,7,7
35697,76,87,-11,11
35698,83,85,-2,2
35699,195,169,26,26
35700,58,71,-13,13
35701,51,63,-12,12
35702,153,138,15,15
35703,190,171,19,19
35704,87,85,2,2
35705,96,94,2,2
35706,100,90,10,10
35707,74,73,1,1
35708,67,67,0,0
35709,124,118,6,6
35710,74,70,4,4
35711,111,96,15,15
35712,93,110,-17,17
35713,107,96,11,11
35714,70,62,8,8
35715,154,142,12,12
35716,125,106,19,19
35717,107,95,12,12
35718,69,87,-18,18
35719,101,99,2,2
35720,95,84,11,11
35721,96,85,11,11
35722,85,82,3,3
35723,70,93,-23,23
35724,68,66,2,2
35725,61,64,-3,3
35726,155,147,8,8
35727,58,64,-6,6
35728,72,73,-1,1
35729,47,54,-7,7
35730,98,96,2,2
35731,145,130,15,15
35732,52,58,-6,6
35733,120,103,17,17
35734,78,75,3,3
35735,56,61,-5,5
35736,89,91,-2,2
35737,82,84,-2,2
35738,104,103,1,1
35739,128,133,-5,5
35740,159,134,25,25
35741,79,84,-5,5
35742,109,103,6,6
35743,120,117,3,3
35744,79,94,-15,15
35745,73,63,10,10
35746,64,60,4,4
35747,97,87,10,10
35748,135,110,25,25
35749,81,89,-8,8
35750,91,85,6,6
35751,58,56,2,2
35752,78,73,5,5
35753,77,74,3,3
35754,47,34,13,13
35755,167,149,18,18
35756,65,84,-19,19
35757,152,141,11,11
35758,159,147,12,12
35759,89,105,-16,16
35760,205,191,14,14
35761,108,98,10,10
35762,101,92,9,9
35763,129,124,5,5
35764,123,118,5,5
35765,90,87,3,3
35766,138,124,14,14
35767,105,94,11,11
35768,93,86,7,7
35769,129,113,16,16
35770,110,95,15,15
35771,86,97,-11,11
35772,72,78,-6,6
35773,122,114,8,8
35774,37,34,3,3
35775,173,166,7,7
35776,97,85,12,12
35777,45,35,10,10
35778,97,83,14,14
35779,85,87,-2,2
35780,83,84,-1,1
35781,105,95,10,10
35782,138,129,9,9
35783,98,89,9,9
35784,128,114,14,14
35785,94,82,12,12
35786,131,108,23,23
35787,67,71,-4,4
35788,176,165,11,11
35789,116,107,9,9
35790,116,119,-3,3
35791,80,55,25,25
35792,84,80,4,4
35793,69,75,-6,6
35794,165,155,10,10
35795,55,67,-12,12
35796,123,118,5,5
35797,117,117,0,0
35798,81,71,10,10
35799,86,81,5,5
35800,185,173,12,12
35801,104,90,14,14
35802,89,89,0,0
35803,85,80,5,5
35804,156,139,17,17
35805,72,69,3,3
35806,95,76,19,19
35807,86,78,8,8
35808,72,68,4,4
35809,168,145,23,23
35810,42,35,7,7
35811,93,94,-1,1
35812,103,89,14,14
35813,83,84,-1,1
35814,137,127,10,10
35815,117,121,-4,4
35816,77,81,-4,4
35817,79,88,-9,9
35818,121,113,8,8
35819,110,115,-5,5
35820,101,93,8,8
35821,88,95,-7,7
35822,91,85,6,6
35823,166,146,20,20
35824,63,63,0,0
35825,92,91,1,1
35826,138,119,19,19
35827,110,107,3,3
35828,151,145,6,6
35829,121,127,-6,6
35830,73,72,1,1
35831,77,71,6,6
35832,197,187,10,10
35833,94,77,17,17
35834,67,72,-5,5
35835,147,122,25,25
35836,92,111,-19,19
35837,138,132,6,6
35838,71,82,-11,11
35839,93,86,7,7
35840,115,104,11,11
35841,90,84,6,6
35842,137,127,10,10
35843,136,137,-1,1
35844,63,66,-3,3
35845,68,71,-3,3
35846,105,100,5,5
35847,61,62,-1,1
35848,75,75,0,0
35849,120,119,1,1
35850,145,141,4,4
35851,106,98,8,8
35852,171,151,20,20
35853,87,89,-2,2
35854,112,98,14,14
35855,75,76,-1,1
35856,84,85,-1,1
35857,55,56,-1,1
35858,57,61,-4,4
35859,71,69,2,2
35860,150,135,15,15
35861,42,40,2,2
35862,95,91,4,4
35863,100,99,1,1
35864,77,71,6,6
35865,134,138,-4,4
35866,100,85,15,15
35867,117,117,0,0
35868,74,105,-31,31
35869,106,95,11,11
35870,121,111,10,10
35871,115,105,10,10
35872,137,127,10,10
35873,80,84,-4,4
35874,81,84,-3,3
35875,50,59,-9,9
35876,60,69,-9,9
35877,143,120,23,23
35878,80,89,-9,9
35879,72,72,0,0
35880,74,72,2,2
35881,125,117,8,8
35882,111,98,13,13
35883,99,94,5,5
35884,72,72,0,0
35885,84,77,7,7
35886,52,52,0,0
35887,54,56,-2,2
35888,63,66,-3,3
35889,101,95,6,6
35890,65,56,9,9
35891,74,82,-8,8
35892,141,138,3,3
35893,84,84,0,0
35894,156,132,24,24
35895,105,97,8,8
35896,130,115,15,15
35897,74,74,0,0
35898,97,105,-8,8
35899,111,109,2,2
35900,65,69,-4,4
35901,124,115,9,9
35902,80,80,0,0
35903,93,87,6,6
35904,122,111,11,11
35905,84,93,-9,9
35906,92,93,-1,1
35907,52,74,-22,22
35908,86,92,-6,6
35909,69,76,-7,7
35910,114,103,11,11
35911,68,66,2,2
35912,123,122,1,1
35913,104,117,-13,13
35914,119,106,13,13
35915,123,103,20,20
35916,99,93,6,6
35917,117,125,-8,8
35918,94,95,-1,1
35919,126,119,7,7
35920,148,132,16,16
35921,112,98,14,14
35922,168,166,2,2
35923,81,76,5,5
35924,100,97,3,3
35925,78,78,0,0
35926,109,102,7,7
35927,120,108,12,12
35928,119,121,-2,2
35929,83,105,-22,22
35930,138,128,10,10
35931,63,68,-5,5
35932,63,59,4,4
35933,88,81,7,7
35934,50,50,0,0
35935,171,156,15,15
35936,111,94,17,17
35937,154,146,8,8
35938,131,112,19,19
35939,110,98,12,12
35940,74,76,-2,2
35941,116,118,-2,2
35942,112,107,5,5
35943,89,88,1,1
35944,109,109,0,0
35945,68,69,-1,1
35946,77,77,0,0
35947,69,68,1,1
35948,54,65,-11,11
35949,74,73,1,1
35950,140,132,8,8
35951,92,78,14,14
35952,47,57,-10,10
35953,49,61,-12,12
35954,72,73,-1,1
35955,79,82,-3,3
35956,45,57,-12,12
35957,53,60,-7,7
35958,114,115,-1,1
35959,64,68,-4,4
35960,63,60,3,3
35961,113,97,16,16
35962,103,93,10,10
35963,109,100,9,9
35964,94,90,4,4
35965,65,64,1,1
35966,94,86,8,8
35967,142,139,3,3
35968,38,34,4,4
35969,91,96,-5,5
35970,86,81,5,5
35971,150,137,13,13
35972,66,68,-2,2
35973,68,66,2,2
35974,62,60,2,2
35975,53,50,3,3
35976,53,56,-3,3
35977,117,110,7,7
35978,89,89,0,0
35979,96,80,16,16
35980,109,106,3,3
35981,100,98,2,2
35982,132,118,14,14
35983,125,119,6,6
35984,47,43,4,4
35985,76,95,-19,19
35986,80,80,0,0
35987,108,125,-17,17
35988,72,75,-3,3
35989,79,76,3,3
35990,103,97,6,6
35991,93,90,3,3
35992,90,79,11,11
35993,76,75,1,1
35994,88,85,3,3
35995,70,72,-2,2
35996,162,136,26,26
35997,86,78,8,8
35998,62,64,-2,2
35999,78,76,2,2
36000,51,48,3,3
36001,131,109,22,22
36002,81,78,3,3
36003,100,98,2,2
36004,107,104,3,3
36005,71,74,-3,3
36006,99,92,7,7
36007,128,114,14,14
36008,102,100,2,2
36009,111,116,-5,5
36010,114,111,3,3
36011,145,131,14,14
36012,123,106,17,17
36013,64,65,-1,1
36014,138,131,7,7
36015,120,121,-1,1
36016,96,93,3,3
36017,143,134,9,9
36018,79,76,3,3
36019,139,141,-2,2
36020,124,114,10,10
36021,76,81,-5,5
36022,67,71,-4,4
36023,65,74,-9,9
36024,62,68,-6,6
36025,184,173,11,11
36026,102,97,5,5
36027,60,64,-4,4
36028,79,85,-6,6
36029,63,65,-2,2
36030,70,60,10,10
36031,91,95,-4,4
36032,68,72,-4,4
36033,86,90,-4,4
36034,97,104,-7,7
36035,78,85,-7,7
36036,110,93,17,17
36037,94,84,10,10
36038,68,78,-10,10
36039,150,137,13,13
36040,81,78,3,3
36041,58,62,-4,4
36042,48,50,-2,2
36043,76,75,1,1
36044,102,94,8,8
36045,74,76,-2,2
36046,60,65,-5,5
36047,75,83,-8,8
36048,92,84,8,8
36049,62,67,-5,5
36050,91,91,0,0
36051,93,89,4,4
36052,146,142,4,4
36053,94,87,7,7
36054,88,86,2,2
36055,124,118,6,6
36056,92,91,1,1
36057,87,110,-23,23
36058,113,119,-6,6
36059,99,93,6,6
36060,90,86,4,4
36061,95,86,9,9
36062,61,66,-5,5
36063,139,124,15,15
36064,106,113,-7,7
36065,42,42,0,0
36066,95,86,9,9
36067,121,123,-2,2
36068,130,133,-3,3
36069,121,122,-1,1
36070,74,72,2,2
36071,84,83,1,1
36072,70,69,1,1
36073,73,75,-2,2
36074,116,102,14,14
36075,120,111,9,9
36076,151,138,13,13
36077,80,83,-3,3
36078,90,93,-3,3
36079,68,70,-2,2
36080,102,95,7,7
36081,180,168,12,12
36082,44,75,-31,31
36083,170,159,11,11
36084,99,83,16,16
36085,130,117,13,13
36086,78,102,-24,24
36087,107,98,9,9
36088,93,97,-4,4
36089,146,138,8,8
36090,97,86,11,11
36091,107,95,12,12
36092,116,106,10,10
36093,81,89,-8,8
36094,84,79,5,5
36095,88,95,-7,7
36096,77,64,13,13
36097,65,67,-2,2
36098,158,143,15,15
36099,76,81,-5,5
36100,56,57,-1,1
36101,119,118,1,1
36102,82,77,5,5
36103,52,62,-10,10
36104,44,53,-9,9
36105,122,106,16,16
36106,92,91,1,1
36107,87,85,2,2
36108,152,149,3,3
36109,97,95,2,2
36110,127,115,12,12
36111,61,65,-4,4
36112,58,65,-7,7
36113,94,93,1,1
36114,123,116,7,7
36115,141,119,22,22
36116,61,69,-8,8
36117,151,160,-9,9
36118,117,113,4,4
36119,88,86,2,2
36120,71,68,3,3
36121,131,128,3,3
36122,98,92,6,6
36123,54,59,-5,5
36124,133,118,15,15
36125,68,64,4,4
36126,49,60,-11,11
36127,106,98,8,8
36128,144,133,11,11
36129,105,102,3,3
36130,59,55,4,4
36131,65,69,-4,4
36132,136,122,14,14
36133,58,57,1,1
36134,49,48,1,1
36135,47,49,-2,2
36136,87,86,1,1
36137,81,89,-8,8
36138,110,96,14,14
36139,119,111,8,8
36140,114,107,7,7
36141,77,72,5,5
36142,114,108,6,6
36143,112,107,5,5
36144,86,102,-16,16
36145,91,94,-3,3
36146,136,118,18,18
36147,52,47,5,5
36148,85,86,-1,1
36149,97,92,5,5
36150,151,135,16,16
36151,118,108,10,10
36152,156,132,24,24
36153,61,55,6,6
36154,107,101,6,6
36155,173,165,8,8
36156,86,87,-1,1
36157,74,79,-5,5
36158,90,84,6,6
36159,61,65,-4,4
36160,112,111,1,1
36161,114,103,11,11
36162,86,87,-1,1
36163,115,115,0,0
36164,128,123,5,5
36165,62,68,-6,6
36166,81,84,-3,3
36167,102,100,2,2
36168,104,102,2,2
36169,70,77,-7,7
36170,85,81,4,4
36171,59,64,-5,5
36172,112,98,14,14
36173,141,142,-1,1
36174,103,102,1,1
36175,89,89,0,0
36176,83,77,6,6
36177,54,56,-2,2
36178,70,75,-5,5
36179,75,77,-2,2
36180,124,114,10,10
36181,64,63,1,1
36182,137,125,12,12
36183,112,121,-9,9
36184,60,69,-9,9
36185,103,103,0,0
36186,76,72,4,4
36187,100,87,13,13
36188,68,73,-5,5
36189,72,80,-8,8
36190,52,58,-6,6
36191,91,89,2,2
36192,57,59,-2,2
36193,71,61,10,10
36194,99,99,0,0
36195,117,127,-10,10
36196,179,163,16,16
36197,109,102,7,7
36198,33,34,-1,1
36199,101,97,4,4
36200,105,96,9,9
36201,88,85,3,3
36202,152,153,-1,1
36203,88,78,10,10
36204,140,124,16,16
36205,123,103,20,20
36206,129,120,9,9
36207,57,60,-3,3
36208,53,55,-2,2
36209,65,69,-4,4
36210,72,71,1,1
36211,127,133,-6,6
36212,62,71,-9,9
36213,47,53,-6,6
36214,101,91,10,10
36215,58,50,8,8
36216,90,93,-3,3
36217,71,70,1,1
36218,148,131,17,17
36219,131,117,14,14
36220,173,166,7,7
36221,140,123,17,17
36222,88,87,1,1
36223,105,106,-1,1
36224,129,117,12,12
36225,105,95,10,10
36226,113,120,-7,7
36227,83,89,-6,6
36228,58,59,-1,1
36229,59,62,-3,3
36230,110,87,23,23
36231,106,104,2,2
36232,95,93,2,2
36233,101,86,15,15
36234,56,62,-6,6
36235,134,129,5,5
36236,118,111,7,7
36237,114,100,14,14
36238,70,71,-1,1
36239,68,74,-6,6
36240,66,68,-2,2
36241,92,85,7,7
36242,113,110,3,3
36243,108,100,8,8
36244,91,96,-5,5
36245,146,141,5,5
36246,114,106,8,8
36247,103,102,1,1
36248,108,131,-23,23
36249,60,63,-3,3
36250,62,65,-3,3
36251,102,97,5,5
36252,110,111,-1,1
36253,194,164,30,30
36254,53,60,-7,7
36255,102,97,5,5
36256,175,149,26,26
36257,66,63,3,3
36258,108,101,7,7
36259,112,102,10,10
36260,154,138,16,16
36261,121,121,0,0
36262,66,66,0,0
36263,84,82,2,2
36264,72,72,0,0
36265,97,90,7,7
36266,125,115,10,10
36267,53,54,-1,1
36268,56,62,-6,6
36269,139,138,1,1
36270,76,81,-5,5
36271,98,90,8,8
36272,64,66,-2,2
36273,102,95,7,7
36274,63,69,-6,6
36275,125,118,7,7
36276,133,109,24,24
36277,61,63,-2,2
36278,57,61,-4,4
36279,87,82,5,5
36280,65,71,-6,6
36281,45,51,-6,6
36282,105,108,-3,3
36283,123,119,4,4
36284,96,88,8,8
36285,146,143,3,3
36286,65,70,-5,5
36287,93,87,6,6
36288,67,68,-1,1
36289,112,91,21,21
36290,128,116,12,12
36291,78,78,0,0
36292,73,71,2,2
36293,89,84,5,5
36294,62,63,-1,1
36295,127,127,0,0
36296,126,110,16,16
36297,80,79,1,1
36298,84,86,-2,2
36299,85,100,-15,15
36300,65,67,-2,2
36301,63,65,-2,2
36302,42,48,-6,6
36303,84,79,5,5
36304,73,73,0,0
36305,50,38,12,12
36306,107,124,-17,17
36307,108,100,8,8
36308,65,70,-5,5
36309,150,123,27,27
36310,101,95,6,6
36311,51,43,8,8
36312,74,72,2,2
36313,79,77,2,2
36314,117,101,16,16
36315,71,82,-11,11
36316,70,75,-5,5
36317,75,74,1,1
36318,38,52,-14,14
36319,104,103,1,1
36320,97,92,5,5
36321,117,107,10,10
36322,78,73,5,5
36323,58,72,-14,14
36324,133,125,8,8
36325,51,54,-3,3
36326,117,113,4,4
36327,82,74,8,8
36328,155,141,14,14
36329,102,106,-4,4
36330,137,130,7,7
36331,85,79,6,6
36332,132,128,4,4
36333,35,34,1,1
36334,72,71,1,1
36335,119,117,2,2
36336,90,86,4,4
36337,69,71,-2,2
36338,76,78,-2,2
36339,85,86,-1,1
36340,114,100,14,14
36341,84,106,-22,22
36342,78,78,0,0
36343,55,61,-6,6
36344,102,100,2,2
36345,163,138,25,25
36346,69,72,-3,3
36347,126,118,8,8
36348,43,34,9,9
36349,61,59,2,2
36350,54,57,-3,3
36351,109,102,7,7
36352,102,111,-9,9
36353,80,83,-3,3
36354,206,179,27,27
36355,51,53,-2,2
36356,89,72,17,17
36357,72,77,-5,5
36358,127,120,7,7
36359,76,78,-2,2
36360,107,99,8,8
36361,71,68,3,3
36362,66,65,1,1
36363,76,73,3,3
36364,184,164,20,20
36365,129,123,6,6
36366,55,61,-6,6
36367,110,110,0,0
36368,75,78,-3,3
36369,61,67,-6,6
36370,136,123,13,13
36371,103,94,9,9
36372,115,119,-4,4
36373,55,58,-3,3
36374,113,102,11,11
36375,89,78,11,11
36376,121,105,16,16
36377,80,89,-9,9
36378,141,129,12,12
36379,150,159,-9,9
36380,90,84,6,6
36381,73,75,-2,2
36382,137,151,-14,14
36383,107,93,14,14
36384,86,84,2,2
36385,112,109,3,3
36386,46,58,-12,12
36387,72,74,-2,2
36388,99,98,1,1
36389,63,68,-5,5
36390,126,101,25,25
36391,64,61,3,3
36392,90,98,-8,8
36393,59,65,-6,6
36394,66,61,5,5
36395,114,95,19,19
36396,102,96,6,6
36397,77,75,2,2
36398,90,73,17,17
36399,68,69,-1,1
36400,78,71,7,7
36401,71,70,1,1
36402,49,53,-4,4
36403,83,79,4,4
36404,112,118,-6,6
36405,102,105,-3,3
36406,134,109,25,25
36407,57,61,-4,4
36408,71,73,-2,2
36409,163,156,7,7
36410,130,117,13,13
36411,123,126,-3,3
36412,117,112,5,5
36413,78,76,2,2
36414,39,34,5,5
36415,49,55,-6,6
36416,57,60,-3,3
36417,51,60,-9,9
36418,123,108,15,15
36419,92,90,2,2
36420,93,96,-3,3
36421,77,77,0,0
36422,197,154,43,43
36423,112,109,3,3
36424,63,71,-8,8
36425,83,85,-2,2
36426,68,84,-16,16
36427,105,98,7,7
36428,62,70,-8,8
36429,71,68,3,3
36430,91,85,6,6
36431,85,78,7,7
36432,197,191,6,6
36433,124,110,14,14
36434,119,110,9,9
36435,130,131,-1,1
36436,81,75,6,6
36437,92,92,0,0
36438,71,71,0,0
36439,67,66,1,1
36440,99,92,7,7
36441,94,94,0,0
36442,114,114,0,0
36443,167,150,17,17
36444,120,104,16,16
36445,125,105,20,20
36446,70,66,4,4
36447,114,104,10,10
36448,95,92,3,3
36449,46,54,-8,8
36450,101,103,-2,2
36451,61,59,2,2
36452,90,96,-6,6
36453,67,131,-64,64
36454,157,137,20,20
36455,79,74,5,5
36456,105,100,5,5
36457,112,95,17,17
36458,89,91,-2,2
36459,105,101,4,4
36460,124,109,15,15
36461,65,64,1,1
36462,73,72,1,1
36463,66,70,-4,4
36464,61,67,-6,6
36465,125,133,-8,8
36466,122,126,-4,4
36467,76,73,3,3
36468,90,93,-3,3
36469,176,148,28,28
36470,62,70,-8,8
36471,139,132,7,7
36472,43,34,9,9
36473,67,72,-5,5
36474,50,56,-6,6
36475,66,68,-2,2
36476,59,66,-7,7
36477,81,73,8,8
36478,83,76,7,7
36479,92,87,5,5
36480,76,82,-6,6
36481,62,62,0,0
36482,64,79,-15,15
36483,92,99,-7,7
36484,123,114,9,9
36485,84,73,11,11
36486,88,88,0,0
36487,58,64,-6,6
36488,87,86,1,1
36489,73,73,0,0
36490,44,58,-14,14
36491,123,114,9,9
36492,76,70,6,6
36493,82,85,-3,3
36494,84,84,0,0
36495,69,70,-1,1
36496,80,86,-6,6
36497,104,100,4,4
36498,81,81,0,0
36499,79,86,-7,7
36500,90,103,-13,13
36501,105,99,6,6
36502,140,131,9,9
36503,85,85,0,0
36504,96,91,5,5
36505,102,97,5,5
36506,81,75,6,6
36507,117,105,12,12
36508,68,66,2,2
36509,79,78,1,1
36510,143,127,16,16
36511,66,61,5,5
36512,52,56,-4,4
36513,109,93,16,16
36514,40,53,-13,13
36515,140,125,15,15
36516,115,107,8,8
36517,74,85,-11,11
36518,61,67,-6,6
36519,66,69,-3,3
36520,92,79,13,13
36521,48,72,-24,24
36522,116,108,8,8
36523,141,125,16,16
36524,113,103,10,10
36525,89,80,9,9
36526,139,120,19,19
36527,134,130,4,4
36528,152,143,9,9
36529,88,87,1,1
36530,93,90,3,3
36531,161,147,14,14
36532,90,90,0,0
36533,68,67,1,1
36534,148,131,17,17
36535,82,81,1,1
36536,96,88,8,8
36537,171,168,3,3
36538,96,103,-7,7
36539,66,65,1,1
36540,113,103,10,10
36541,78,80,-2,2
36542,82,80,2,2
36543,61,63,-2,2
36544,82,77,5,5
36545,99,103,-4,4
36546,225,180,45,45
36547,81,77,4,4
36548,62,61,1,1
36549,66,69,-3,3
36550,44,43,1,1
36551,74,85,-11,11
36552,83,78,5,5
36553,109,102,7,7
36554,51,60,-9,9
36555,121,109,12,12
36556,83,74,9,9
36557,81,89,-8,8
36558,53,58,-5,5
36559,73,81,-8,8
36560,109,95,14,14
36561,151,143,8,8
36562,115,110,5,5
36563,122,108,14,14
36564,116,114,2,2
36565,107,98,9,9
36566,109,99,10,10
36567,72,71,1,1
36568,43,34,9,9
36569,78,75,3,3
36570,127,110,17,17
36571,50,55,-5,5
36572,96,93,3,3
36573,53,59,-6,6
36574,37,34,3,3
36575,94,84,10,10
36576,56,64,-8,8
36577,27,32,-5,5
36578,38,48,-10,10
36579,109,108,1,1
36580,109,106,3,3
36581,70,74,-4,4
36582,60,66,-6,6
36583,82,90,-8,8
36584,67,67,0,0
36585,67,70,-3,3
36586,78,73,5,5
36587,62,73,-11,11
36588,49,59,-10,10
36589,109,98,11,11
36590,88,90,-2,2
36591,81,92,-11,11
36592,82,86,-4,4
36593,90,85,5,5
36594,79,78,1,1
36595,97,85,12,12
36596,75,78,-3,3
36597,104,95,9,9
36598,84,87,-3,3
36599,146,134,12,12
36600,62,65,-3,3
36601,104,107,-3,3
36602,106,104,2,2
36603,92,93,-1,1
36604,92,88,4,4
36605,92,92,0,0
36606,71,71,0,0
36607,91,90,1,1
36608,87,83,4,4
36609,79,93,-14,14
36610,86,98,-12,12
36611,128,110,18,18
36612,186,174,12,12
36613,138,122,16,16
36614,89,78,11,11
36615,168,150,18,18
36616,46,49,-3,3
36617,93,90,3,3
36618,72,77,-5,5
36619,110,99,11,11
36620,99,85,14,14
36621,51,51,0,0
36622,93,93,0,0
36623,99,95,4,4
36624,126,118,8,8
36625,64,68,-4,4
36626,209,187,22,22
36627,102,97,5,5
36628,98,97,1,1
36629,79,71,8,8
36630,85,92,-7,7
36631,64,67,-3,3
36632,83,80,3,3
36633,121,98,23,23
36634,111,103,8,8
36635,72,73,-1,1
36636,97,90,7,7
36637,96,86,10,10
36638,64,65,-1,1
36639,128,118,10,10
36640,34,34,0,0
36641,124,100,24,24
36642,84,77,7,7
36643,132,122,10,10
36644,55,59,-4,4
36645,118,110,8,8
36646,47,50,-3,3
36647,74,70,4,4
36648,75,71,4,4
36649,93,93,0,0
36650,171,142,29,29
36651,81,83,-2,2
36652,62,67,-5,5
36653,81,77,4,4
36654,83,74,9,9
36655,65,66,-1,1
36656,61,65,-4,4
36657,83,85,-2,2
36658,102,98,4,4
36659,78,76,2,2
36660,85,82,3,3
36661,122,111,11,11
36662,60,63,-3,3
36663,151,148,3,3
36664,72,75,-3,3
36665,93,92,1,1
36666,99,95,4,4
36667,95,98,-3,3
36668,105,98,7,7
36669,83,70,13,13
36670,128,127,1,1
36671,76,105,-29,29
36672,114,101,13,13
36673,125,123,2,2
36674,88,84,4,4
36675,117,117,0,0
36676,54,55,-1,1
36677,102,98,4,4
36678,60,55,5,5
36679,47,66,-19,19
36680,76,72,4,4
36681,53,59,-6,6
36682,83,86,-3,3
36683,148,151,-3,3
36684,101,96,5,5
36685,126,117,9,9
36686,124,189,-65,65
36687,114,108,6,6
36688,74,80,-6,6
36689,83,90,-7,7
36690,109,97,12,12
36691,89,95,-6,6
36692,76,77,-1,1
36693,53,61,-8,8
36694,78,77,1,1
36695,60,64,-4,4
36696,136,125,11,11
36697,42,59,-17,17
36698,126,114,12,12
36699,99,105,-6,6
36700,96,95,1,1
36701,45,48,-3,3
36702,77,72,5,5
36703,167,142,25,25
36704,102,128,-26,26
36705,92,93,-1,1
36706,61,61,0,0
36707,138,124,14,14
36708,117,123,-6,6
36709,127,113,14,14
36710,92,76,16,16
36711,83,83,0,0
36712,69,70,-1,1
36713,189,166,23,23
36714,89,80,9,9
36715,154,144,10,10
36716,78,78,0,0
36717,92,90,2,2
36718,151,150,1,1
36719,138,141,-3,3
36720,73,72,1,1
36721,152,143,9,9
36722,122,116,6,6
36723,71,67,4,4
36724,118,111,7,7
36725,93,83,10,10
36726,104,98,6,6
36727,85,77,8,8
36728,91,85,6,6
36729,50,53,-3,3
36730,102,87,15,15
36731,120,115,5,5
36732,111,99,12,12
36733,71,75,-4,4
36734,57,55,2,2
36735,161,117,44,44
36736,53,50,3,3
36737,122,132,-10,10
36738,125,121,4,4
36739,83,79,4,4
36740,74,79,-5,5
36741,78,77,1,1
36742,51,55,-4,4
36743,167,138,29,29
36744,78,78,0,0
36745,207,186,21,21
36746,120,114,6,6
36747,142,137,5,5
36748,71,78,-7,7
36749,144,118,26,26
36750,55,55,0,0
36751,75,67,8,8
36752,113,117,-4,4
36753,100,108,-8,8
36754,56,61,-5,5
36755,137,119,18,18
36756,92,90,2,2
36757,142,129,13,13
36758,114,107,7,7
36759,47,50,-3,3
36760,61,60,1,1
36761,130,117,13,13
36762,68,71,-3,3
36763,72,86,-14,14
36764,39,34,5,5
36765,116,116,0,0
36766,135,120,15,15
36767,121,109,12,12
36768,126,117,9,9
36769,115,121,-6,6
36770,92,88,4,4
36771,137,119,18,18
36772,67,67,0,0
36773,58,57,1,1
36774,74,77,-3,3
36775,66,56,10,10
36776,70,64,6,6
36777,89,106,-17,17
36778,85,91,-6,6
36779,77,77,0,0
36780,54,57,-3,3
36781,103,102,1,1
36782,45,57,-12,12
36783,35,44,-9,9
36784,84,110,-26,26
36785,61,73,-12,12
36786,114,103,11,11
36787,47,55,-8,8
36788,86,83,3,3
36789,92,97,-5,5
36790,61,58,3,3
36791,96,92,4,4
36792,48,47,1,1
36793,115,121,-6,6
36794,209,182,27,27
36795,89,87,2,2
36796,63,58,5,5
36797,68,70,-2,2
36798,88,95,-7,7
36799,63,73,-10,10
36800,121,125,-4,4
36801,146,155,-9,9
36802,64,64,0,0
36803,75,74,1,1
36804,118,120,-2,2
36805,121,121,0,0
36806,87,81,6,6
36807,80,79,1,1
36808,80,82,-2,2
36809,107,93,14,14
36810,137,125,12,12
36811,96,85,11,11
36812,74,71,3,3
36813,90,79,11,11
36814,70,65,5,5
36815,45,50,-5,5
36816,63,61,2,2
36817,122,112,10,10
36818,80,74,6,6
36819,91,90,1,1
36820,241,212,29,29
36821,49,53,-4,4
36822,115,121,-6,6
36823,136,104,32,32
36824,87,75,12,12
36825,90,102,-12,12
36826,86,77,9,9
36827,126,116,10,10
36828,63,77,-14,14
36829,68,68,0,0
36830,83,74,9,9
36831,101,97,4,4
36832,82,107,-25,25
36833,105,107,-2,2
36834,141,139,2,2
36835,67,71,-4,4
36836,29,33,-4,4
36837,96,98,-2,2
36838,69,68,1,1
36839,62,68,-6,6
36840,68,74,-6,6
36841,96,84,12,12
36842,122,124,-2,2
36843,109,110,-1,1
36844,83,77,6,6
36845,127,116,11,11
36846,115,123,-8,8
36847,95,91,4,4
36848,64,64,0,0
36849,80,79,1,1
36850,285,269,16,16
36851,88,84,4,4
36852,154,120,34,34
36853,163,148,15,15
36854,68,108,-40,40
36855,72,76,-4,4
36856,184,174,10,10
36857,87,79,8,8
36858,58,62,-4,4
36859,110,113,-3,3
36860,62,69,-7,7
36861,53,47,6,6
36862,158,156,2,2
36863,87,101,-14,14
36864,70,77,-7,7
36865,72,73,-1,1
36866,141,120,21,21
36867,94,89,5,5
36868,48,60,-12,12
36869,56,59,-3,3
36870,169,150,19,19
36871,81,101,-20,20
36872,71,70,1,1
36873,97,85,12,12
36874,73,75,-2,2
36875,90,90,0,0
36876,122,111,11,11
36877,68,64,4,4
36878,128,115,13,13
36879,68,70,-2,2
36880,128,123,5,5
36881,80,80,0,0
36882,76,69,7,7
36883,131,136,-5,5
36884,96,93,3,3
36885,118,124,-6,6
36886,112,99,13,13
36887,174,160,14,14
36888,44,34,10,10
36889,92,94,-2,2
36890,66,67,-1,1
36891,90,91,-1,1
36892,144,131,13,13
36893,110,97,13,13
36894,164,137,27,27
36895,85,78,7,7
36896,87,96,-9,9
36897,126,138,-12,12
36898,70,71,-1,1
36899,111,109,2,2
36900,56,58,-2,2
36901,50,55,-5,5
36902,93,92,1,1
36903,66,69,-3,3
36904,77,75,2,2
36905,59,62,-3,3
36906,95,97,-2,2
36907,79,75,4,4
36908,84,84,0,0
36909,81,79,2,2
36910,118,101,17,17
36911,62,61,1,1
36912,113,111,2,2
36913,89,76,13,13
36914,109,98,11,11
36915,157,144,13,13
36916,144,153,-9,9
36917,113,99,14,14
36918,136,117,19,19
36919,55,45,10,10
36920,100,125,-25,25
36921,127,110,17,17
36922,137,128,9,9
36923,77,72,5,5
36924,75,74,1,1
36925,96,95,1,1
36926,183,167,16,16
36927,100,93,7,7
36928,66,62,4,4
36929,87,86,1,1
36930,76,77,-1,1
36931,79,95,-16,16
36932,84,83,1,1
36933,101,92,9,9
36934,110,108,2,2
36935,97,95,2,2
36936,55,57,-2,2
36937,94,84,10,10
36938,65,69,-4,4
36939,78,75,3,3
36940,69,70,-1,1
36941,171,158,13,13
36942,78,76,2,2
36943,58,60,-2,2
36944,79,76,3,3
36945,90,80,10,10
36946,43,34,9,9
36947,80,92,-12,12
36948,121,126,-5,5
36949,186,163,23,23
36950,87,86,1,1
36951,25,25,0,0
36952,77,80,-3,3
36953,111,106,5,5
36954,60,60,0,0
36955,70,74,-4,4
36956,145,128,17,17
36957,83,79,4,4
36958,87,76,11,11
36959,79,76,3,3
36960,110,105,5,5
36961,70,65,5,5
36962,157,142,15,15
36963,95,90,5,5
36964,62,67,-5,5
36965,83,84,-1,1
36966,64,62,2,2
36967,240,224,16,16
36968,77,77,0,0
36969,171,149,22,22
36970,111,108,3,3
36971,98,87,11,11
36972,60,60,0,0
36973,94,91,3,3
36974,117,106,11,11
36975,113,111,2,2
36976,149,154,-5,5
36977,84,84,0,0
36978,50,58,-8,8
36979,109,117,-8,8
36980,77,86,-9,9
36981,125,115,10,10
36982,74,84,-10,10
36983,80,80,0,0
36984,70,72,-2,2
36985,79,78,1,1
36986,125,103,22,22
36987,102,86,16,16
36988,72,71,1,1
36989,99,97,2,2
36990,73,82,-9,9
36991,104,94,10,10
36992,99,92,7,7
36993,97,86,11,11
36994,135,130,5,5
36995,80,83,-3,3
36996,146,141,5,5
36997,59,67,-8,8
36998,95,93,2,2
36999,159,136,23,23
37000,73,66,7,7
37001,94,90,4,4
37002,159,131,28,28
37003,178,154,24,24
37004,58,58,0,0
37005,88,80,8,8
37006,88,91,-3,3
37007,81,85,-4,4
37008,79,74,5,5
37009,54,57,-3,3
37010,88,85,3,3
37011,75,69,6,6
37012,101,89,12,12
37013,89,80,9,9
37014,51,57,-6,6
37015,121,115,6,6
37016,110,112,-2,2
37017,99,88,11,11
37018,63,69,-6,6
37019,113,108,5,5
37020,137,132,5,5
37021,114,119,-5,5
37022,87,83,4,4
37023,176,143,33,33
37024,136,125,11,11
37025,104,97,7,7
37026,131,134,-3,3
37027,100,109,-9,9
37028,110,110,0,0
37029,54,51,3,3
37030,99,99,0,0
37031,55,61,-6,6
37032,141,124,17,17
37033,142,133,9,9
37034,125,106,19,19
37035,114,119,-5,5
37036,121,119,2,2
37037,138,124,14,14
37038,66,75,-9,9
37039,108,100,8,8
37040,137,127,10,10
37041,57,58,-1,1
37042,97,100,-3,3
37043,114,99,15,15
37044,124,145,-21,21
37045,66,70,-4,4
37046,51,52,-1,1
37047,162,144,18,18
37048,161,149,12,12
37049,116,108,8,8
37050,111,110,1,1
37051,143,135,8,8
37052,41,52,-11,11
37053,97,85,12,12
37054,49,55,-6,6
37055,156,141,15,15
37056,48,47,1,1
37057,82,77,5,5
37058,58,58,0,0
37059,81,77,4,4
37060,81,79,2,2
37061,68,70,-2,2
37062,120,117,3,3
37063,28,33,-5,5
37064,84,94,-10,10
37065,96,95,1,1
37066,79,78,1,1
37067,446,346,100,100
37068,132,129,3,3
37069,131,120,11,11
37070,60,71,-11,11
37071,78,73,5,5
37072,113,108,5,5
37073,67,67,0,0
37074,83,80,3,3
37075,77,71,6,6
37076,82,81,1,1
37077,60,63,-3,3
37078,112,104,8,8
37079,124,114,10,10
37080,150,128,22,22
37081,87,85,2,2
37082,129,115,14,14
37083,151,139,12,12
37084,36,34,2,2
37085,100,100,0,0
37086,57,101,-44,44
37087,108,109,-1,1
37088,78,83,-5,5
37089,72,66,6,6
37090,69,80,-11,11
37091,108,108,0,0
37092,87,80,7,7
37093,51,64,-13,13
37094,48,51,-3,3
37095,98,107,-9,9
37096,31,49,-18,18
37097,140,116,24,24
37098,74,68,6,6
37099,95,99,-4,4
37100,87,84,3,3
37101,120,115,5,5
37102,83,76,7,7
37103,81,92,-11,11
37104,75,75,0,0
37105,87,86,1,1
37106,145,137,8,8
37107,98,89,9,9
37108,52,45,7,7
37109,83,79,4,4
37110,55,72,-17,17
37111,110,111,-1,1
37112,125,126,-1,1
37113,87,79,8,8
37114,101,97,4,4
37115,81,72,9,9
37116,143,134,9,9
37117,218,191,27,27
37118,79,72,7,7
37119,97,87,10,10
37120,58,62,-4,4
37121,116,117,-1,1
37122,76,68,8,8
37123,94,93,1,1
37124,79,89,-10,10
37125,60,60,0,0
37126,103,105,-2,2
37127,51,53,-2,2
37128,113,101,12,12
37129,83,97,-14,14
37130,121,116,5,5
37131,87,72,15,15
37132,152,139,13,13
37133,97,90,7,7
37134,169,159,10,10
37135,73,84,-11,11
37136,141,142,-1,1
37137,88,78,10,10
37138,75,159,-84,84
37139,78,75,3,3
37140,114,103,11,11
37141,95,81,14,14
37142,100,104,-4,4
37143,94,92,2,2
37144,62,70,-8,8
37145,75,92,-17,17
37146,91,94,-3,3
37147,155,130,25,25
37148,82,77,5,5
37149,120,112,8,8
37150,154,136,18,18
37151,45,43,2,2
37152,69,70,-1,1
37153,70,74,-4,4
37154,129,124,5,5
37155,83,78,5,5
37156,102,89,13,13
37157,34,34,0,0
37158,84,77,7,7
37159,93,87,6,6
37160,173,150,23,23
37161,81,85,-4,4
37162,112,119,-7,7
37163,141,131,10,10
37164,117,108,9,9
37165,87,92,-5,5
37166,89,101,-12,12
37167,138,137,1,1
37168,77,80,-3,3
37169,71,75,-4,4
37170,108,108,0,0
37171,84,80,4,4
37172,90,97,-7,7
37173,156,139,17,17
37174,90,90,0,0
37175,91,89,2,2
37176,64,63,1,1
37177,66,69,-3,3
37178,59,56,3,3
37179,124,109,15,15
37180,49,42,7,7
37181,108,108,0,0
37182,83,83,0,0
37183,115,98,17,17
37184,59,66,-7,7
37185,51,67,-16,16
37186,90,85,5,5
37187,77,86,-9,9
37188,59,56,3,3
37189,100,97,3,3
37190,138,122,16,16
37191,237,213,24,24
37192,71,72,-1,1
37193,51,52,-1,1
37194,160,158,2,2
37195,162,128,34,34
37196,121,114,7,7
37197,122,110,12,12
37198,64,63,1,1
37199,78,72,6,6
37200,107,129,-22,22
37201,102,102,0,0
37202,74,82,-8,8
37203,90,97,-7,7
37204,65,61,4,4
37205,85,86,-1,1
37206,88,88,0,0
37207,95,97,-2,2
37208,92,91,1,1
37209,148,125,23,23
37210,89,85,4,4
37211,63,65,-2,2
37212,98,85,13,13
37213,74,72,2,2
37214,69,70,-1,1
37215,58,63,-5,5
37216,148,128,20,20
37217,75,78,-3,3
37218,128,121,7,7
37219,63,74,-11,11
37220,113,98,15,15
37221,88,93,-5,5
37222,68,61,7,7
37223,98,95,3,3
37224,79,83,-4,4
37225,69,73,-4,4
37226,284,255,29,29
37227,76,74,2,2
37228,98,96,2,2
37229,73,76,-3,3
37230,135,128,7,7
37231,71,69,2,2
37232,85,77,8,8
37233,58,64,-6,6
37234,110,106,4,4
37235,63,64,-1,1
37236,91,89,2,2
37237,72,76,-4,4
37238,111,131,-20,20
37239,75,69,6,6
37240,127,126,1,1
37241,157,135,22,22
37242,136,132,4,4
37243,66,64,2,2
37244,53,57,-4,4
37245,76,77,-1,1
37246,76,71,5,5
37247,123,128,-5,5
37248,90,87,3,3
37249,62,66,-4,4
37250,93,109,-16,16
37251,150,132,18,18
37252,114,107,7,7
37253,99,84,15,15
37254,85,81,4,4
37255,68,65,3,3
37256,54,56,-2,2
37257,64,66,-2,2
37258,126,123,3,3
37259,52,56,-4,4
37260,119,108,11,11
37261,112,104,8,8
37262,257,227,30,30
37263,75,77,-2,2
37264,58,58,0,0
37265,87,84,3,3
37266,50,51,-1,1
37267,79,80,-1,1
37268,142,127,15,15
37269,122,122,0,0
37270,69,72,-3,3
37271,82,78,4,4
37272,83,87,-4,4
37273,87,79,8,8
37274,132,126,6,6
37275,110,117,-7,7
37276,98,85,13,13
37277,93,89,4,4
37278,112,115,-3,3
37279,101,89,12,12
37280,97,97,0,0
37281,111,111,0,0
37282,53,56,-3,3
37283,78,84,-6,6
37284,104,96,8,8
37285,86,78,8,8
37286,109,103,6,6
37287,136,124,12,12
37288,113,121,-8,8
37289,53,60,-7,7
37290,85,75,10,10
37291,142,125,17,17
37292,141,131,10,10
37293,87,85,2,2
37294,79,76,3,3
37295,171,150,21,21
37296,104,104,0,0
37297,91,116,-25,25
37298,70,70,0,0
37299,93,96,-3,3
37300,115,111,4,4
37301,49,34,15,15
37302,115,99,16,16
37303,85,82,3,3
37304,96,96,0,0
37305,112,107,5,5
37306,133,132,1,1
37307,114,105,9,9
37308,78,96,-18,18
37309,158,142,16,16
37310,73,69,4,4
37311,44,45,-1,1
37312,160,153,7,7
37313,114,112,2,2
37314,163,115,48,48
37315,113,102,11,11
37316,92,98,-6,6
37317,35,34,1,1
37318,135,125,10,10
37319,113,107,6,6
37320,105,97,8,8
37321,79,71,8,8
37322,130,114,16,16
37323,129,124,5,5
37324,81,85,-4,4
37325,71,78,-7,7
37326,233,196,37,37
37327,79,84,-5,5
37328,88,85,3,3
37329,121,120,1,1
37330,132,118,14,14
37331,179,158,21,21
37332,199,175,24,24
37333,133,121,12,12
37334,127,117,10,10
37335,71,74,-3,3
37336,59,63,-4,4
37337,92,94,-2,2
37338,98,97,1,1
37339,93,81,12,12
37340,103,81,22,22
37341,114,118,-4,4
37342,80,81,-1,1
37343,84,83,1,1
37344,95,88,7,7
37345,141,131,10,10
37346,184,166,18,18
37347,138,113,25,25
37348,59,63,-4,4
37349,172,159,13,13
37350,146,132,14,14
37351,72,75,-3,3
37352,139,137,2,2
37353,108,103,5,5
37354,91,97,-6,6
37355,38,34,4,4
37356,44,51,-7,7
37357,86,80,6,6
37358,68,75,-7,7
37359,68,64,4,4
37360,100,99,1,1
37361,135,119,16,16
37362,30,38,-8,8
37363,149,136,13,13
37364,93,91,2,2
37365,132,132,0,0
37366,61,61,0,0
37367,104,105,-1,1
37368,119,112,7,7
37369,61,64,-3,3
37370,79,78,1,1
37371,48,57,-9,9
37372,80,66,14,14
37373,145,162,-17,17
37374,65,74,-9,9
37375,68,68,0,0
37376,68,68,0,0
37377,78,85,-7,7
37378,65,64,1,1
37379,98,90,8,8
37380,102,104,-2,2
37381,115,95,20,20
37382,71,69,2,2
37383,63,70,-7,7
37384,64,75,-11,11
37385,97,91,6,6
37386,102,90,12,12
37387,101,99,2,2
37388,34,33,1,1
37389,70,72,-2,2
37390,53,62,-9,9
37391,92,91,1,1
37392,83,85,-2,2
37393,101,103,-2,2
37394,76,72,4,4
37395,76,78,-2,2
37396,111,103,8,8
37397,49,63,-14,14
37398,55,64,-9,9
37399,115,105,10,10
37400,126,118,8,8
37401,121,104,17,17
37402,145,128,17,17
37403,60,75,-15,15
37404,73,65,8,8
37405,63,67,-4,4
37406,71,72,-1,1
37407,81,80,1,1
37408,98,95,3,3
37409,138,131,7,7
37410,69,76,-7,7
37411,172,176,-4,4
37412,57,68,-11,11
37413,119,108,11,11
37414,65,68,-3,3
37415,54,58,-4,4
37416,86,92,-6,6
37417,116,114,2,2
37418,145,125,20,20
37419,102,103,-1,1
37420,108,101,7,7
37421,63,64,-1,1
37422,125,115,10,10
37423,90,89,1,1
37424,139,136,3,3
37425,94,91,3,3
37426,86,87,-1,1
37427,44,42,2,2
37428,89,94,-5,5
37429,82,80,2,2
37430,114,100,14,14
37431,60,59,1,1
37432,103,96,7,7
37433,58,57,1,1
37434,108,112,-4,4
37435,140,140,0,0
37436,160,149,11,11
37437,54,58,-4,4
37438,106,96,10,10
37439,140,135,5,5
37440,101,98,3,3
37441,120,115,5,5
37442,118,108,10,10
37443,116,109,7,7
37444,108,103,5,5
37445,205,200,5,5
37446,192,171,21,21
37447,97,94,3,3
37448,59,62,-3,3
37449,60,67,-7,7
37450,51,52,-1,1
37451,48,47,1,1
37452,118,109,9,9
37453,209,185,24,24
37454,64,67,-3,3
37455,76,80,-4,4
37456,130,123,7,7
37457,83,87,-4,4
37458,69,77,-8,8
37459,66,59,7,7
37460,81,87,-6,6
37461,116,129,-13,13
37462,91,94,-3,3
37463,178,168,10,10
37464,148,155,-7,7
37465,160,155,5,5
37466,116,125,-9,9
37467,87,92,-5,5
37468,93,94,-1,1
37469,71,74,-3,3
37470,121,111,10,10
37471,85,73,12,12
37472,75,76,-1,1
37473,101,97,4,4
37474,72,73,-1,1
37475,60,62,-2,2
37476,102,93,9,9
37477,111,101,10,10
37478,81,88,-7,7
37479,75,88,-13,13
37480,107,110,-3,3
37481,75,79,-4,4
37482,67,74,-7,7
37483,126,128,-2,2
37484,106,104,2,2
37485,126,119,7,7
37486,104,104,0,0
37487,65,74,-9,9
37488,92,90,2,2
37489,78,72,6,6
37490,127,120,7,7
37491,88,90,-2,2
37492,35,34,1,1
37493,87,86,1,1
37494,53,66,-13,13
37495,108,104,4,4
37496,89,88,1,1
37497,79,77,2,2
37498,79,82,-3,3
37499,138,115,23,23
37500,92,85,7,7
37501,84,81,3,3
37502,65,65,0,0
37503,74,74,0,0
37504,147,136,11,11
37505,96,97,-1,1
37506,124,117,7,7
37507,84,89,-5,5
37508,118,110,8,8
37509,80,76,4,4
37510,89,96,-7,7
37511,154,151,3,3
37512,96,106,-10,10
37513,73,80,-7,7
37514,218,181,37,37
37515,108,101,7,7
37516,156,143,13,13
37517,56,62,-6,6
37518,105,99,6,6
37519,103,121,-18,18
37520,98,98,0,0
37521,161,151,10,10
37522,150,126,24,24
37523,50,55,-5,5
37524,99,92,7,7
37525,62,68,-6,6
37526,102,100,2,2
37527,86,81,5,5
37528,81,79,2,2
37529,51,59,-8,8
37530,100,91,9,9
37531,74,72,2,2
37532,65,61,4,4
37533,95,91,4,4
37534,99,93,6,6
37535,84,87,-3,3
37536,114,100,14,14
37537,99,89,10,10
37538,58,56,2,2
37539,49,46,3,3
37540,119,104,15,15
37541,83,85,-2,2
37542,96,97,-1,1
37543,70,72,-2,2
37544,108,103,5,5
37545,128,108,20,20
37546,75,72,3,3
37547,72,70,2,2
37548,88,76,12,12
37549,71,69,2,2
37550,103,92,11,11
37551,109,101,8,8
37552,77,80,-3,3
37553,74,72,2,2
37554,105,94,11,11
37555,56,49,7,7
37556,95,87,8,8
37557,152,135,17,17
37558,62,62,0,0
37559,128,119,9,9
37560,108,96,12,12
37561,58,65,-7,7
37562,144,121,23,23
37563,109,97,12,12
37564,66,65,1,1
37565,114,109,5,5
37566,150,130,20,20
37567,98,90,8,8
37568,151,138,13,13
37569,73,70,3,3
37570,84,82,2,2
37571,126,121,5,5
37572,50,57,-7,7
37573,101,110,-9,9
37574,56,64,-8,8
37575,95,95,0,0
37576,65,68,-3,3
37577,141,120,21,21
37578,94,92,2,2
37579,67,72,-5,5
37580,55,62,-7,7
37581,65,67,-2,2
37582,52,68,-16,16
37583,95,85,10,10
37584,158,145,13,13
37585,106,33,73,73
37586,101,95,6,6
37587,96,89,7,7
37588,132,129,3,3
37589,91,84,7,7
37590,80,78,2,2
37591,209,185,24,24
37592,71,80,-9,9
37593,94,101,-7,7
37594,93,88,5,5
37595,103,103,0,0
37596,69,75,-6,6
37597,190,182,8,8
37598,92,89,3,3
37599,105,95,10,10
37600,69,74,-5,5
37601,54,70,-16,16
37602,59,61,-2,2
37603,82,82,0,0
37604,84,84,0,0
37605,30,55,-25,25
37606,150,133,17,17
37607,65,64,1,1
37608,88,86,2,2
37609,80,78,2,2
37610,174,157,17,17
37611,134,153,-19,19
37612,82,78,4,4
37613,77,70,7,7
37614,65,70,-5,5
37615,49,53,-4,4
37616,95,98,-3,3
37617,67,69,-2,2
37618,69,67,2,2
37619,125,129,-4,4
37620,124,125,-1,1
37621,81,82,-1,1
37622,93,90,3,3
37623,148,121,27,27
37624,158,140,18,18
37625,107,102,5,5
37626,138,121,17,17
37627,106,103,3,3
37628,102,103,-1,1
37629,151,145,6,6
37630,103,104,-1,1
37631,77,72,5,5
37632,139,130,9,9
37633,122,115,7,7
37634,86,76,10,10
37635,85,81,4,4
37636,76,70,6,6
37637,115,102,13,13
37638,137,121,16,16
37639,113,107,6,6
37640,155,132,23,23
37641,66,76,-10,10
37642,75,72,3,3
37643,120,117,3,3
37644,116,99,17,17
37645,152,145,7,7
37646,56,62,-6,6
37647,205,178,27,27
37648,96,97,-1,1
37649,101,93,8,8
37650,100,96,4,4
37651,94,86,8,8
37652,130,118,12,12
37653,61,76,-15,15
37654,123,112,11,11
37655,111,118,-7,7
37656,136,135,1,1
37657,166,146,20,20
37658,85,93,-8,8
37659,99,95,4,4
37660,58,62,-4,4
37661,98,90,8,8
37662,88,75,13,13
37663,164,136,28,28
37664,67,70,-3,3
37665,112,95,17,17
37666,105,99,6,6
37667,151,133,18,18
37668,80,70,10,10
37669,121,122,-1,1
37670,179,143,36,36
37671,151,139,12,12
37672,116,112,4,4
37673,93,88,5,5
37674,96,93,3,3
37675,112,113,-1,1
37676,45,35,10,10
37677,100,97,3,3
37678,71,79,-8,8
37679,72,68,4,4
37680,124,113,11,11
37681,54,53,1,1
37682,135,124,11,11
37683,125,114,11,11
37684,125,103,22,22
37685,104,111,-7,7
37686,76,74,2,2
37687,106,128,-22,22
37688,76,75,1,1
37689,87,89,-2,2
37690,146,134,12,12
37691,91,81,10,10
37692,72,83,-11,11
37693,149,140,9,9
37694,82,80,2,2
37695,157,127,30,30
37696,138,120,18,18
37697,122,115,7,7
37698,105,101,4,4
37699,88,81,7,7
37700,157,164,-7,7
37701,108,95,13,13
37702,94,88,6,6
37703,102,102,0,0
37704,51,67,-16,16
37705,84,85,-1,1
37706,67,80,-13,13
37707,128,115,13,13
37708,130,123,7,7
37709,165,149,16,16
37710,100,112,-12,12
37711,121,125,-4,4
37712,74,77,-3,3
37713,58,57,1,1
37714,88,96,-8,8
37715,105,106,-1,1
37716,116,111,5,5
37717,103,93,10,10
37718,101,98,3,3
37719,108,110,-2,2
37720,75,89,-14,14
37721,106,105,1,1
37722,69,72,-3,3
37723,87,87,0,0
37724,68,77,-9,9
37725,51,55,-4,4
37726,61,64,-3,3
37727,110,105,5,5
37728,104,96,8,8
37729,70,68,2,2
37730,47,56,-9,9
37731,69,80,-11,11
37732,48,60,-12,12
37733,92,89,3,3
37734,116,110,6,6
37735,94,95,-1,1
37736,79,82,-3,3
37737,116,126,-10,10
37738,133,133,0,0
37739,70,74,-4,4
37740,153,142,11,11
37741,41,86,-45,45
37742,73,74,-1,1
37743,109,108,1,1
37744,145,122,23,23
37745,106,104,2,2
37746,89,81,8,8
37747,69,79,-10,10
37748,73,73,0,0
37749,61,65,-4,4
37750,127,116,11,11
37751,104,103,1,1
37752,103,98,5,5
37753,107,95,12,12
37754,116,112,4,4
37755,66,69,-3,3
37756,130,123,7,7
37757,102,92,10,10
37758,102,100,2,2
37759,72,77,-5,5
37760,98,91,7,7
37761,55,57,-2,2
37762,90,94,-4,4
37763,116,109,7,7
37764,64,71,-7,7
37765,113,102,11,11
37766,75,80,-5,5
37767,75,90,-15,15
37768,119,112,7,7
37769,81,75,6,6
37770,74,73,1,1
37771,156,143,13,13
37772,93,91,2,2
37773,84,83,1,1
37774,118,135,-17,17
37775,70,69,1,1
37776,197,187,10,10
37777,57,62,-5,5
37778,41,54,-13,13
37779,110,116,-6,6
37780,94,91,3,3
37781,121,110,11,11
37782,77,80,-3,3
37783,104,85,19,19
37784,98,91,7,7
37785,101,95,6,6
37786,65,73,-8,8
37787,140,124,16,16
37788,113,102,11,11
37789,103,86,17,17
37790,84,76,8,8
37791,75,70,5,5
37792,136,122,14,14
37793,123,117,6,6
37794,117,117,0,0
37795,107,98,9,9
37796,64,64,0,0
37797,61,67,-6,6
37798,216,173,43,43
37799,94,95,-1,1
37800,96,96,0,0
37801,83,98,-15,15
37802,42,44,-2,2
37803,93,98,-5,5
37804,61,66,-5,5
37805,101,80,21,21
37806,118,110,8,8
37807,100,90,10,10
37808,107,110,-3,3
37809,98,97,1,1
37810,64,63,1,1
37811,215,204,11,11
37812,127,118,9,9
37813,91,84,7,7
37814,113,124,-11,11
37815,82,84,-2,2
37816,120,117,3,3
37817,72,70,2,2
37818,77,90,-13,13
37819,79,85,-6,6
37820,67,72,-5,5
37821,89,89,0,0
37822,54,60,-6,6
37823,97,100,-3,3
37824,82,79,3,3
37825,91,98,-7,7
37826,83,76,7,7
37827,54,67,-13,13
37828,116,112,4,4
37829,80,83,-3,3
37830,75,72,3,3
37831,187,181,6,6
37832,78,87,-9,9
37833,95,96,-1,1
37834,87,84,3,3
37835,74,77,-3,3
37836,67,66,1,1
37837,66,61,5,5
37838,78,72,6,6
37839,107,97,10,10
37840,59,55,4,4
37841,92,93,-1,1
37842,41,58,-17,17
37843,130,120,10,10
37844,100,101,-1,1
37845,88,81,7,7
37846,67,64,3,3
37847,100,90,10,10
37848,99,102,-3,3
37849,69,69,0,0
37850,115,114,1,1
37851,116,104,12,12
37852,49,47,2,2
37853,91,93,-2,2
37854,67,76,-9,9
37855,105,97,8,8
37856,137,130,7,7
37857,72,86,-14,14
37858,61,65,-4,4
37859,86,82,4,4
37860,91,94,-3,3
37861,85,84,1,1
37862,83,76,7,7
37863,68,64,4,4
37864,103,94,9,9
37865,106,94,12,12
37866,139,113,26,26
37867,115,114,1,1
37868,48,54,-6,6
37869,159,156,3,3
37870,61,62,-1,1
37871,113,115,-2,2
37872,101,99,2,2
37873,77,75,2,2
37874,134,129,5,5
37875,67,61,6,6
37876,106,99,7,7
37877,57,60,-3,3
37878,95,96,-1,1
37879,93,97,-4,4
37880,95,84,11,11
37881,179,165,14,14
37882,153,164,-11,11
37883,62,69,-7,7
37884,69,68,1,1
37885,165,158,7,7
37886,180,180,0,0
37887,87,85,2,2
37888,110,108,2,2
37889,116,116,0,0
37890,159,157,2,2
37891,99,100,-1,1
37892,114,109,5,5
37893,102,89,13,13
37894,154,146,8,8
37895,91,89,2,2
37896,124,105,19,19
37897,91,86,5,5
37898,41,43,-2,2
37899,45,44,1,1
37900,71,86,-15,15
37901,76,76,0,0
37902,99,106,-7,7
37903,111,101,10,10
37904,97,89,8,8
37905,124,110,14,14
37906,96,96,0,0
37907,79,73,6,6
37908,122,123,-1,1
37909,115,98,17,17
37910,89,84,5,5
37911,73,72,1,1
37912,111,109,2,2
37913,89,94,-5,5
37914,138,127,11,11
37915,100,105,-5,5
37916,78,78,0,0
37917,83,86,-3,3
37918,86,91,-5,5
37919,135,134,1,1
37920,114,109,5,5
37921,56,61,-5,5
37922,149,152,-3,3
37923,81,81,0,0
37924,79,77,2,2
37925,103,99,4,4
37926,56,70,-14,14
37927,150,142,8,8
37928,78,78,0,0
37929,78,77,1,1
37930,41,43,-2,2
37931,121,104,17,17
37932,123,118,5,5
37933,76,86,-10,10
37934,103,97,6,6
37935,35,59,-24,24
37936,124,115,9,9
37937,55,63,-8,8
37938,88,87,1,1
37939,90,87,3,3
37940,120,95,25,25
37941,71,73,-2,2
37942,79,84,-5,5
37943,62,68,-6,6
37944,86,84,2,2
37945,64,67,-3,3
37946,131,139,-8,8
37947,146,131,15,15
37948,86,78,8,8
37949,98,94,4,4
37950,183,154,29,29
37951,91,89,2,2
37952,77,74,3,3
37953,142,132,10,10
37954,79,76,3,3
37955,41,34,7,7
37956,105,103,2,2
37957,197,183,14,14
37958,115,108,7,7
37959,71,75,-4,4
37960,140,140,0,0
37961,130,123,7,7
37962,83,80,3,3
37963,108,119,-11,11
37964,67,67,0,0
37965,70,83,-13,13
37966,93,93,0,0
37967,64,70,-6,6
37968,98,111,-13,13
37969,115,111,4,4
37970,62,62,0,0
37971,88,87,1,1
37972,61,64,-3,3
37973,198,178,20,20
37974,101,104,-3,3
37975,66,65,1,1
37976,31,33,-2,2
37977,94,89,5,5
37978,93,101,-8,8
37979,117,150,-33,33
37980,99,97,2,2
37981,36,34,2,2
37982,76,76,0,0
37983,67,72,-5,5
37984,78,84,-6,6
37985,50,55,-5,5
37986,55,48,7,7
37987,92,92,0,0
37988,94,87,7,7
37989,137,132,5,5
37990,102,98,4,4
37991,113,95,18,18
37992,89,82,7,7
37993,124,128,-4,4
37994,82,84,-2,2
37995,60,68,-8,8
37996,125,107,18,18
37997,78,85,-7,7
37998,143,128,15,15
37999,142,138,4,4
38000,106,93,13,13
38001,124,111,13,13
38002,52,58,-6,6
38003,97,111,-14,14
38004,80,77,3,3
38005,107,113,-6,6
38006,141,133,8,8
38007,57,63,-6,6
38008,89,77,12,12
38009,104,111,-7,7
38010,154,138,16,16
38011,76,86,-10,10
38012,95,79,16,16
38013,179,156,23,23
38014,64,74,-10,10
38015,119,105,14,14
38016,108,118,-10,10
38017,114,108,6,6
38018,92,88,4,4
38019,109,102,7,7
38020,139,138,1,1
38021,130,123,7,7
38022,112,101,11,11
38023,123,109,14,14
38024,125,115,10,10
38025,66,64,2,2
38026,77,88,-11,11
38027,87,86,1,1
38028,97,102,-5,5
38029,56,55,1,1
38030,146,132,14,14
38031,71,72,-1,1
38032,176,159,17,17
38033,96,88,8,8
38034,105,96,9,9
38035,127,119,8,8
38036,82,81,1,1
38037,137,144,-7,7
38038,120,115,5,5
38039,82,77,5,5
38040,73,69,4,4
38041,78,72,6,6
38042,83,86,-3,3
38043,83,84,-1,1
38044,74,79,-5,5
38045,81,80,1,1
38046,178,154,24,24
38047,96,106,-10,10
38048,48,55,-7,7
38049,74,81,-7,7
38050,143,126,17,17
38051,94,85,9,9
38052,142,135,7,7
38053,144,142,2,2
38054,114,111,3,3
38055,91,92,-1,1
38056,127,122,5,5
38057,65,74,-9,9
38058,152,139,13,13
38059,106,101,5,5
38060,140,128,12,12
38061,96,98,-2,2
38062,72,102,-30,30
38063,71,38,33,33
38064,116,107,9,9
38065,156,140,16,16
38066,57,57,0,0
38067,24,33,-9,9
38068,122,112,10,10
38069,118,106,12,12
38070,96,95,1,1
38071,86,84,2,2
38072,163,151,12,12
38073,60,67,-7,7
38074,80,74,6,6
38075,78,77,1,1
38076,82,78,4,4
38077,113,101,12,12
38078,104,109,-5,5
38079,154,168,-14,14
38080,34,41,-7,7
38081,111,108,3,3
38082,103,96,7,7
38083,88,85,3,3
38084,112,114,-2,2
38085,115,107,8,8
38086,60,57,3,3
38087,150,138,12,12
38088,116,109,7,7
38089,80,75,5,5
38090,112,100,12,12
38091,116,110,6,6
38092,83,85,-2,2
38093,161,141,20,20
38094,65,70,-5,5
38095,74,76,-2,2
38096,72,64,8,8
38097,185,156,29,29
38098,89,73,16,16
38099,90,88,2,2
38100,175,156,19,19
38101,96,88,8,8
38102,96,90,6,6
38103,111,109,2,2
38104,46,46,0,0
38105,105,113,-8,8
38106,69,73,-4,4
38107,117,107,10,10
38108,91,90,1,1
38109,70,75,-5,5
38110,150,130,20,20
38111,122,120,2,2
38112,98,103,-5,5
38113,100,90,10,10
38114,160,133,27,27
38115,139,130,9,9
38116,170,154,16,16
38117,79,85,-6,6
38118,132,122,10,10
38119,121,116,5,5
38120,118,116,2,2
38121,102,87,15,15
38122,98,92,6,6
38123,115,118,-3,3
38124,159,150,9,9
38125,92,90,2,2
38126,41,53,-12,12
38127,84,84,0,0
38128,132,136,-4,4
38129,109,96,13,13
38130,78,86,-8,8
38131,114,101,13,13
38132,121,110,11,11
38133,93,87,6,6
38134,115,111,4,4
38135,44,43,1,1
38136,74,75,-1,1
38137,49,49,0,0
38138,165,148,17,17
38139,83,80,3,3
38140,158,144,14,14
38141,101,91,10,10
38142,118,111,7,7
38143,94,89,5,5
38144,117,127,-10,10
38145,109,102,7,7
38146,73,87,-14,14
38147,76,79,-3,3
38148,138,129,9,9
38149,113,103,10,10
38150,96,93,3,3
38151,73,78,-5,5
38152,112,101,11,11
38153,63,69,-6,6
38154,104,94,10,10
38155,82,85,-3,3
38156,54,62,-8,8
38157,84,82,2,2
38158,133,133,0,0
38159,101,98,3,3
38160,108,109,-1,1
38161,83,79,4,4
38162,78,82,-4,4
38163,82,78,4,4
38164,76,77,-1,1
38165,90,84,6,6
38166,105,103,2,2
38167,61,62,-1,1
38168,102,111,-9,9
38169,104,117,-13,13
38170,72,73,-1,1
38171,74,68,6,6
38172,92,95,-3,3
38173,85,80,5,5
38174,99,95,4,4
38175,111,116,-5,5
38176,67,74,-7,7
38177,76,73,3,3
38178,113,98,15,15
38179,107,97,10,10
38180,117,109,8,8
38181,116,117,-1,1
38182,97,94,3,3
38183,125,118,7,7
38184,112,112,0,0
38185,71,80,-9,9
38186,115,109,6,6
38187,59,79,-20,20
38188,97,91,6,6
38189,124,111,13,13
38190,45,46,-1,1
38191,87,85,2,2
38192,103,123,-20,20
38193,64,66,-2,2
38194,100,92,8,8
38195,97,81,16,16
38196,121,113,8,8
38197,111,115,-4,4
38198,74,71,3,3
38199,118,143,-25,25
38200,91,84,7,7
38201,89,89,0,0
38202,105,89,16,16
38203,79,81,-2,2
38204,68,72,-4,4
38205,125,122,3,3
38206,87,82,5,5
38207,123,109,14,14
38208,93,92,1,1
38209,100,93,7,7
38210,64,61,3,3
38211,108,99,9,9
38212,68,60,8,8
38213,86,87,-1,1
38214,107,94,13,13
38215,73,75,-2,2
38216,128,130,-2,2
38217,119,110,9,9
38218,54,45,9,9
38219,72,73,-1,1
38220,73,77,-4,4
38221,159,147,12,12
38222,83,84,-1,1
38223,97,93,4,4
38224,131,122,9,9
38225,69,71,-2,2
38226,86,74,12,12
38227,119,115,4,4
38228,100,93,7,7
38229,102,103,-1,1
38230,67,67,0,0
38231,53,63,-10,10
38232,85,91,-6,6
38233,168,153,15,15
38234,61,54,7,7
38235,77,76,1,1
38236,85,89,-4,4
38237,69,67,2,2
38238,124,116,8,8
38239,89,80,9,9
38240,148,142,6,6
38241,143,126,17,17
38242,57,76,-19,19
38243,144,133,11,11
38244,66,69,-3,3
38245,83,95,-12,12
38246,120,114,6,6
38247,131,124,7,7
38248,51,58,-7,7
38249,77,64,13,13
38250,62,68,-6,6
38251,125,127,-2,2
38252,87,84,3,3
38253,89,85,4,4
38254,162,147,15,15
38255,109,110,-1,1
38256,126,126,0,0
38257,87,92,-5,5
38258,87,95,-8,8
38259,116,111,5,5
38260,51,59,-8,8
38261,65,62,3,3
38262,95,87,8,8
38263,86,78,8,8
38264,98,99,-1,1
38265,74,71,3,3
38266,87,95,-8,8
38267,113,106,7,7
38268,70,86,-16,16
38269,119,108,11,11
38270,180,163,17,17
38271,94,82,12,12
38272,67,73,-6,6
38273,85,87,-2,2
38274,147,145,2,2
38275,79,69,10,10
38276,76,76,0,0
38277,60,56,4,4
38278,55,61,-6,6
38279,95,94,1,1
38280,127,111,16,16
38281,100,97,3,3
38282,85,83,2,2
38283,127,117,10,10
38284,101,89,12,12
38285,70,70,0,0
38286,102,95,7,7
38287,73,73,0,0
38288,107,103,4,4
38289,129,127,2,2
38290,114,106,8,8
38291,45,57,-12,12
38292,52,53,-1,1
38293,69,71,-2,2
38294,71,72,-1,1
38295,65,70,-5,5
38296,211,174,37,37
38297,113,122,-9,9
38298,97,93,4,4
38299,60,68,-8,8
38300,184,148,36,36
38301,106,99,7,7
38302,121,116,5,5
38303,112,114,-2,2
38304,137,132,5,5
38305,104,100,4,4
38306,124,105,19,19
38307,72,68,4,4
38308,116,103,13,13
38309,76,74,2,2
38310,99,101,-2,2
38311,75,76,-1,1
38312,81,81,0,0
38313,69,71,-2,2
38314,72,77,-5,5
38315,87,75,12,12
38316,93,88,5,5
38317,136,125,11,11
38318,101,92,9,9
38319,89,84,5,5
38320,112,105,7,7
38321,65,67,-2,2
38322,118,105,13,13
38323,92,83,9,9
38324,80,87,-7,7
38325,98,91,7,7
38326,70,68,2,2
38327,127,116,11,11
38328,149,127,22,22
38329,70,69,1,1
38330,139,139,0,0
38331,82,78,4,4
38332,91,91,0,0
38333,39,39,0,0
38334,82,95,-13,13
38335,105,100,5,5
38336,147,139,8,8
38337,104,110,-6,6
38338,117,100,17,17
38339,91,103,-12,12
38340,90,93,-3,3
38341,104,92,12,12
38342,47,55,-8,8
38343,56,62,-6,6
38344,110,107,3,3
38345,43,57,-14,14
38346,120,108,12,12
38347,70,72,-2,2
38348,75,77,-2,2
38349,77,78,-1,1
38350,72,71,1,1
38351,105,97,8,8
38352,218,189,29,29
38353,56,64,-8,8
38354,100,101,-1,1
38355,123,131,-8,8
38356,130,118,12,12
38357,63,62,1,1
38358,89,89,0,0
38359,60,68,-8,8
38360,65,74,-9,9
38361,118,113,5,5
38362,86,87,-1,1
38363,166,162,4,4
38364,106,104,2,2
38365,58,64,-6,6
38366,141,123,18,18
38367,96,91,5,5
38368,106,95,11,11
38369,110,110,0,0
38370,64,64,0,0
38371,83,78,5,5
38372,92,105,-13,13
38373,70,69,1,1
38374,122,123,-1,1
38375,86,87,-1,1
38376,105,91,14,14
38377,99,100,-1,1
38378,57,54,3,3
38379,79,77,2,2
38380,59,58,1,1
38381,70,73,-3,3
38382,104,96,8,8
38383,86,86,0,0
38384,112,115,-3,3
38385,102,100,2,2
38386,63,67,-4,4
38387,118,110,8,8
38388,63,62,1,1
38389,104,120,-16,16
38390,86,91,-5,5
38391,167,151,16,16
38392,164,151,13,13
38393,85,82,3,3
38394,111,112,-1,1
38395,121,108,13,13
38396,94,90,4,4
38397,77,84,-7,7
38398,35,33,2,2
38399,95,88,7,7
38400,133,129,4,4
38401,85,84,1,1
38402,67,63,4,4
38403,114,112,2,2
38404,157,142,15,15
38405,157,142,15,15
38406,94,100,-6,6
38407,54,64,-10,10
38408,64,62,2,2
38409,109,100,9,9
38410,71,73,-2,2
38411,73,76,-3,3
38412,76,83,-7,7
38413,130,114,16,16
38414,79,76,3,3
38415,142,146,-4,4
38416,89,86,3,3
38417,105,104,1,1
38418,78,86,-8,8
38419,64,66,-2,2
38420,63,70,-7,7
38421,89,88,1,1
38422,171,161,10,10
38423,111,96,15,15
38424,86,78,8,8
38425,102,96,6,6
38426,61,64,-3,3
38427,85,84,1,1
38428,134,117,17,17
38429,81,80,1,1
38430,142,135,7,7
38431,80,74,6,6
38432,83,80,3,3
38433,121,109,12,12
38434,67,56,11,11
38435,100,112,-12,12
38436,129,121,8,8
38437,102,106,-4,4
38438,126,120,6,6
38439,98,94,4,4
38440,63,60,3,3
38441,72,77,-5,5
38442,88,92,-4,4
38443,64,69,-5,5
38444,107,113,-6,6
38445,89,82,7,7
38446,93,91,2,2
38447,146,133,13,13
38448,101,104,-3,3
38449,87,84,3,3
38450,97,95,2,2
38451,78,63,15,15
38452,130,111,19,19
38453,85,74,11,11
38454,77,73,4,4
38455,44,34,10,10
38456,96,91,5,5
38457,89,81,8,8
38458,117,111,6,6
38459,41,34,7,7
38460,113,111,2,2
38461,103,84,19,19
38462,161,140,21,21
38463,196,182,14,14
38464,64,55,9,9
38465,82,75,7,7
38466,66,90,-24,24
38467,80,74,6,6
38468,54,60,-6,6
38469,104,105,-1,1
38470,55,55,0,0
38471,57,58,-1,1
38472,49,58,-9,9
38473,70,71,-1,1
38474,74,80,-6,6
38475,33,34,-1,1
38476,83,87,-4,4
38477,89,85,4,4
38478,102,92,10,10
38479,156,158,-2,2
38480,36,47,-11,11
38481,62,60,2,2
38482,102,91,11,11
38483,87,94,-7,7
38484,50,48,2,2
38485,89,94,-5,5
38486,100,92,8,8
38487,98,85,13,13
38488,56,60,-4,4
38489,75,72,3,3
38490,98,82,16,16
38491,117,103,14,14
38492,235,204,31,31
38493,54,58,-4,4
38494,68,65,3,3
38495,116,119,-3,3
38496,32,33,-1,1
38497,55,54,1,1
38498,82,80,2,2
38499,119,115,4,4
38500,183,176,7,7
38501,112,81,31,31
38502,57,63,-6,6
38503,120,114,6,6
38504,77,81,-4,4
38505,68,75,-7,7
38506,126,114,12,12
38507,68,63,5,5
38508,103,91,12,12
38509,110,110,0,0
38510,122,103,19,19
38511,100,109,-9,9
38512,74,73,1,1
38513,185,152,33,33
38514,118,125,-7,7
38515,41,48,-7,7
38516,91,91,0,0
38517,83,76,7,7
38518,79,83,-4,4
38519,82,74,8,8
38520,84,88,-4,4
38521,70,62,8,8
38522,97,99,-2,2
38523,99,95,4,4
38524,108,103,5,5
38525,85,79,6,6
38526,132,123,9,9
38527,99,92,7,7
38528,62,59,3,3
38529,80,72,8,8
38530,96,87,9,9
38531,98,87,11,11
38532,109,105,4,4
38533,124,124,0,0
38534,101,109,-8,8
38535,118,118,0,0
38536,57,58,-1,1
38537,79,79,0,0
38538,86,88,-2,2
38539,77,76,1,1
38540,132,115,17,17
38541,74,65,9,9
38542,108,101,7,7
38543,137,119,18,18
38544,102,99,3,3
38545,150,137,13,13
38546,51,54,-3,3
38547,77,72,5,5
38548,59,56,3,3
38549,42,34,8,8
38550,141,135,6,6
38551,132,119,13,13
38552,67,66,1,1
38553,108,99,9,9
38554,144,143,1,1
38555,69,70,-1,1
38556,85,82,3,3
38557,64,61,3,3
38558,65,66,-1,1
38559,221,207,14,14
38560,70,70,0,0
38561,56,57,-1,1
38562,62,66,-4,4
38563,88,99,-11,11
38564,108,108,0,0
38565,178,158,20,20
38566,74,70,4,4
38567,85,92,-7,7
38568,61,71,-10,10
38569,111,80,31,31
38570,103,107,-4,4
38571,110,104,6,6
38572,74,71,3,3
38573,172,163,9,9
38574,87,95,-8,8
38575,141,142,-1,1
38576,86,78,8,8
38577,89,92,-3,3
38578,106,87,19,19
38579,103,97,6,6
38580,115,95,20,20
38581,61,58,3,3
38582,102,100,2,2
38583,64,68,-4,4
38584,121,111,10,10
38585,61,68,-7,7
38586,75,71,4,4
38587,43,34,9,9
38588,84,81,3,3
38589,118,109,9,9
38590,50,43,7,7
38591,81,72,9,9
38592,160,148,12,12
38593,121,107,14,14
38594,77,86,-9,9
38595,124,115,9,9
38596,140,128,12,12
38597,56,63,-7,7
38598,92,82,10,10
38599,99,93,6,6
38600,169,156,13,13
38601,102,107,-5,5
38602,149,140,9,9
38603,161,162,-1,1
38604,73,77,-4,4
38605,81,83,-2,2
38606,76,75,1,1
38607,131,116,15,15
38608,155,155,0,0
38609,87,88,-1,1
38610,62,62,0,0
38611,87,76,11,11
38612,78,86,-8,8
38613,74,73,1,1
38614,49,72,-23,23
38615,92,87,5,5
38616,133,124,9,9
38617,149,137,12,12
38618,120,117,3,3
38619,89,81,8,8
38620,102,95,7,7
38621,62,53,9,9
38622,57,44,13,13
38623,43,64,-21,21
38624,72,72,0,0
38625,58,63,-5,5
38626,66,63,3,3
38627,73,76,-3,3
38628,112,96,16,16
38629,158,139,19,19
38630,70,78,-8,8
38631,136,127,9,9
38632,85,77,8,8
38633,37,47,-10,10
38634,87,89,-2,2
38635,130,132,-2,2
38636,88,88,0,0
38637,57,63,-6,6
38638,117,112,5,5
38639,105,94,11,11
38640,75,76,-1,1
38641,153,149,4,4
38642,90,97,-7,7
38643,130,113,17,17
38644,86,86,0,0
38645,124,126,-2,2
38646,83,80,3,3
38647,145,122,23,23
38648,77,81,-4,4
38649,64,65,-1,1
38650,129,122,7,7
38651,109,100,9,9
38652,94,88,6,6
38653,84,78,6,6
38654,64,64,0,0
38655,90,87,3,3
38656,171,158,13,13
38657,93,95,-2,2
38658,121,121,0,0
38659,72,77,-5,5
38660,72,83,-11,11
38661,85,84,1,1
38662,86,77,9,9
38663,93,97,-4,4
38664,94,78,16,16
38665,118,119,-1,1
38666,72,64,8,8
38667,64,68,-4,4
38668,127,111,16,16
38669,64,66,-2,2
38670,75,75,0,0
38671,57,63,-6,6
38672,61,65,-4,4
38673,74,86,-12,12
38674,53,68,-15,15
38675,80,80,0,0
38676,83,81,2,2
38677,124,112,12,12
38678,81,87,-6,6
38679,84,94,-10,10
38680,128,115,13,13
38681,93,91,2,2
38682,79,80,-1,1
38683,81,96,-15,15
38684,81,78,3,3
38685,104,105,-1,1
38686,82,80,2,2
38687,84,71,13,13
38688,71,73,-2,2
38689,62,62,0,0
38690,66,70,-4,4
38691,63,67,-4,4
38692,77,77,0,0
38693,56,62,-6,6
38694,155,143,12,12
38695,143,127,16,16
38696,75,74,1,1
38697,92,98,-6,6
38698,108,99,9,9
38699,105,99,6,6
38700,63,62,1,1
38701,117,113,4,4
38702,123,107,16,16
38703,69,72,-3,3
38704,119,125,-6,6
38705,92,102,-10,10
38706,94,86,8,8
38707,80,82,-2,2
38708,101,93,8,8
38709,150,142,8,8
38710,92,85,7,7
38711,97,91,6,6
38712,100,96,4,4
38713,74,85,-11,11
38714,157,149,8,8
38715,65,69,-4,4
38716,97,95,2,2
38717,79,78,1,1
38718,86,82,4,4
38719,91,85,6,6
38720,51,53,-2,2
38721,110,109,1,1
38722,106,107,-1,1
38723,50,55,-5,5
38724,76,71,5,5
38725,126,116,10,10
38726,73,72,1,1
38727,80,84,-4,4
38728,90,83,7,7
38729,94,79,15,15
38730,99,94,5,5
38731,140,124,16,16
38732,92,88,4,4
38733,96,94,2,2
38734,107,101,6,6
38735,120,105,15,15
38736,141,131,10,10
38737,58,63,-5,5
38738,99,95,4,4
38739,75,74,1,1
38740,118,102,16,16
38741,93,90,3,3
38742,104,92,12,12
38743,81,82,-1,1
38744,107,99,8,8
38745,91,105,-14,14
38746,87,85,2,2
38747,53,57,-4,4
38748,147,134,13,13
38749,108,96,12,12
38750,76,73,3,3
38751,59,59,0,0
38752,85,92,-7,7
38753,82,73,9,9
38754,57,63,-6,6
38755,37,43,-6,6
38756,129,125,4,4
38757,57,54,3,3
38758,67,68,-1,1
38759,76,72,4,4
38760,85,79,6,6
38761,130,115,15,15
38762,106,100,6,6
38763,104,110,-6,6
38764,88,88,0,0
38765,65,62,3,3
38766,75,75,0,0
38767,145,130,15,15
38768,149,138,11,11
38769,44,47,-3,3
38770,69,67,2,2
38771,93,92,1,1
38772,78,75,3,3
38773,63,67,-4,4
38774,78,81,-3,3
38775,85,80,5,5
38776,55,55,0,0
38777,73,89,-16,16
38778,107,105,2,2
38779,131,119,12,12
38780,87,85,2,2
38781,40,52,-12,12
38782,139,114,25,25
38783,85,89,-4,4
38784,163,163,0,0
38785,64,72,-8,8
38786,193,177,16,16
38787,86,94,-8,8
38788,98,96,2,2
38789,51,61,-10,10
38790,128,121,7,7
38791,141,123,18,18
38792,84,80,4,4
38793,142,135,7,7
38794,59,67,-8,8
38795,108,100,8,8
38796,39,40,-1,1
38797,156,144,12,12
38798,107,111,-4,4
38799,99,105,-6,6
38800,166,150,16,16
38801,85,84,1,1
38802,84,84,0,0
38803,98,93,5,5
38804,76,71,5,5
38805,138,124,14,14
38806,93,86,7,7
38807,182,152,30,30
38808,149,127,22,22
38809,132,111,21,21
38810,127,113,14,14
38811,70,71,-1,1
38812,57,58,-1,1
38813,176,181,-5,5
38814,68,69,-1,1
38815,46,34,12,12
38816,66,68,-2,2
38817,113,114,-1,1
38818,135,129,6,6
38819,48,49,-1,1
38820,135,127,8,8
38821,70,73,-3,3
38822,91,91,0,0
38823,125,115,10,10
38824,109,95,14,14
38825,53,58,-5,5
38826,91,86,5,5
38827,70,70,0,0
38828,65,71,-6,6
38829,125,112,13,13
38830,72,75,-3,3
38831,103,101,2,2
38832,103,79,24,24
38833,101,79,22,22
38834,117,121,-4,4
38835,63,63,0,0
38836,164,156,8,8
38837,57,66,-9,9
38838,120,118,2,2
38839,133,122,11,11
38840,83,85,-2,2
38841,64,68,-4,4
38842,102,94,8,8
38843,70,69,1,1
38844,124,128,-4,4
38845,106,94,12,12
38846,156,143,13,13
38847,67,71,-4,4
38848,147,142,5,5
38849,113,111,2,2
38850,121,115,6,6
38851,97,94,3,3
38852,59,69,-10,10
38853,50,64,-14,14
38854,118,101,17,17
38855,56,59,-3,3
38856,87,78,9,9
38857,89,95,-6,6
38858,65,72,-7,7
38859,62,67,-5,5
38860,138,134,4,4
38861,149,140,9,9
38862,69,65,4,4
38863,76,86,-10,10
38864,65,75,-10,10
38865,70,68,2,2
38866,133,133,0,0
38867,77,76,1,1
38868,93,96,-3,3
38869,105,126,-21,21
38870,67,72,-5,5
38871,84,82,2,2
38872,83,90,-7,7
38873,46,36,10,10
38874,102,94,8,8
38875,80,74,6,6
38876,106,103,3,3
38877,91,94,-3,3
38878,70,62,8,8
38879,213,190,23,23
38880,84,85,-1,1
38881,124,103,21,21
38882,113,107,6,6
38883,89,92,-3,3
38884,112,103,9,9
38885,78,74,4,4
38886,60,61,-1,1
38887,119,105,14,14
38888,58,61,-3,3
38889,109,96,13,13
38890,113,129,-16,16
38891,101,88,13,13
38892,61,59,2,2
38893,76,80,-4,4
38894,84,79,5,5
38895,86,92,-6,6
38896,108,96,12,12
38897,102,90,12,12
38898,151,141,10,10
38899,66,68,-2,2
38900,71,67,4,4
38901,66,72,-6,6
38902,131,125,6,6
38903,49,51,-2,2
38904,99,97,2,2
38905,69,76,-7,7
38906,72,65,7,7
38907,179,153,26,26
38908,152,138,14,14
38909,70,71,-1,1
38910,63,69,-6,6
38911,104,105,-1,1
38912,22,34,-12,12
38913,105,98,7,7
38914,174,164,10,10
38915,123,117,6,6
38916,34,34,0,0
38917,76,83,-7,7
38918,114,104,10,10
38919,84,98,-14,14
38920,114,97,17,17
38921,236,200,36,36
38922,86,91,-5,5
38923,91,82,9,9
38924,109,106,3,3
38925,99,88,11,11
38926,79,72,7,7
38927,51,59,-8,8
38928,201,180,21,21
38929,60,64,-4,4
38930,89,90,-1,1
38931,84,81,3,3
38932,40,36,4,4
38933,68,68,0,0
38934,58,61,-3,3
38935,73,70,3,3
38936,121,119,2,2
38937,55,53,2,2
38938,91,92,-1,1
38939,57,64,-7,7
38940,68,63,5,5
38941,93,78,15,15
38942,59,64,-5,5
38943,76,71,5,5
38944,99,99,0,0
38945,85,104,-19,19
38946,113,97,16,16
38947,107,92,15,15
38948,184,165,19,19
38949,80,77,3,3
38950,99,97,2,2
38951,180,160,20,20
38952,94,101,-7,7
38953,37,34,3,3
38954,59,70,-11,11
38955,65,63,2,2
38956,93,91,2,2
38957,88,91,-3,3
38958,92,92,0,0
38959,128,111,17,17
38960,111,109,2,2
38961,128,162,-34,34
38962,48,52,-4,4
38963,116,118,-2,2
38964,54,51,3,3
38965,57,67,-10,10
38966,61,68,-7,7
38967,79,77,2,2
38968,61,60,1,1
38969,122,113,9,9
38970,89,86,3,3
38971,121,109,12,12
38972,119,112,7,7
38973,108,115,-7,7
38974,100,99,1,1
38975,58,59,-1,1
38976,106,93,13,13
38977,88,91,-3,3
38978,103,92,11,11
38979,31,34,-3,3
38980,34,58,-24,24
38981,87,86,1,1
38982,111,107,4,4
38983,101,98,3,3
38984,41,38,3,3
38985,60,67,-7,7
38986,115,109,6,6
38987,136,132,4,4
38988,74,70,4,4
38989,84,77,7,7
38990,110,102,8,8
38991,73,76,-3,3
38992,126,119,7,7
38993,77,73,4,4
38994,129,122,7,7
38995,123,123,0,0
38996,99,93,6,6
38997,88,65,23,23
38998,61,71,-10,10
38999,74,76,-2,2
39000,107,99,8,8
39001,122,111,11,11
39002,60,66,-6,6
39003,188,177,11,11
39004,84,75,9,9
39005,146,142,4,4
39006,154,145,9,9
39007,114,116,-2,2
39008,117,105,12,12
39009,163,158,5,5
39010,74,75,-1,1
39011,113,103,10,10
39012,68,70,-2,2
39013,137,126,11,11
39014,86,89,-3,3
39015,136,131,5,5
39016,77,70,7,7
39017,156,142,14,14
39018,146,131,15,15
39019,62,61,1,1
39020,66,74,-8,8
39021,121,115,6,6
39022,161,142,19,19
39023,102,109,-7,7
39024,67,61,6,6
39025,129,122,7,7
39026,120,122,-2,2
39027,174,166,8,8
39028,179,165,14,14
39029,92,84,8,8
39030,112,110,2,2
39031,110,99,11,11
39032,97,93,4,4
39033,68,66,2,2
39034,117,115,2,2
39035,155,134,21,21
39036,60,63,-3,3
39037,167,142,25,25
39038,115,105,10,10
39039,134,129,5,5
39040,48,57,-9,9
39041,89,82,7,7
39042,42,59,-17,17
39043,31,34,-3,3
39044,105,97,8,8
39045,138,124,14,14
39046,97,85,12,12
39047,83,83,0,0
39048,54,58,-4,4
39049,65,65,0,0
39050,94,96,-2,2
39051,86,85,1,1
39052,88,92,-4,4
39053,63,62,1,1
39054,144,135,9,9
39055,62,64,-2,2
39056,63,76,-13,13
39057,98,95,3,3
39058,60,59,1,1
39059,49,55,-6,6
39060,96,89,7,7
39061,71,76,-5,5
39062,120,107,13,13
39063,150,125,25,25
39064,80,77,3,3
39065,58,63,-5,5
39066,64,72,-8,8
39067,140,132,8,8
39068,124,122,2,2
39069,97,90,7,7
39070,161,133,28,28
39071,50,63,-13,13
39072,101,105,-4,4
39073,44,56,-12,12
39074,99,99,0,0
39075,171,143,28,28
39076,43,48,-5,5
39077,93,101,-8,8
39078,139,130,9,9
39079,120,112,8,8
39080,98,101,-3,3
39081,101,102,-1,1
39082,80,74,6,6
39083,63,61,2,2
39084,149,143,6,6
39085,132,120,12,12
39086,71,73,-2,2
39087,92,98,-6,6
39088,61,73,-12,12
39089,110,105,5,5
39090,67,68,-1,1
39091,38,60,-22,22
39092,89,105,-16,16
39093,86,87,-1,1
39094,157,161,-4,4
39095,63,71,-8,8
39096,56,63,-7,7
39097,96,100,-4,4
39098,58,64,-6,6
39099,164,156,8,8
39100,107,101,6,6
39101,131,112,19,19
39102,119,108,11,11
39103,103,100,3,3
39104,58,61,-3,3
39105,158,133,25,25
39106,148,129,19,19
39107,107,107,0,0
39108,108,93,15,15
39109,85,73,12,12
39110,76,79,-3,3
39111,72,66,6,6
39112,133,120,13,13
39113,71,73,-2,2
39114,90,85,5,5
39115,105,102,3,3
39116,107,106,1,1
39117,84,80,4,4
39118,67,72,-5,5
39119,154,140,14,14
39120,63,76,-13,13
39121,182,155,27,27
39122,130,116,14,14
39123,126,124,2,2
39124,135,123,12,12
39125,86,83,3,3
39126,90,93,-3,3
39127,69,66,3,3
39128,99,100,-1,1
39129,81,88,-7,7
39130,92,90,2,2
39131,83,80,3,3
39132,76,71,5,5
39133,79,70,9,9
39134,59,64,-5,5
39135,100,96,4,4
39136,60,65,-5,5
39137,76,78,-2,2
39138,110,95,15,15
39139,112,105,7,7
39140,93,96,-3,3
39141,101,98,3,3
39142,107,107,0,0
39143,180,161,19,19
39144,109,103,6,6
39145,85,76,9,9
39146,123,111,12,12
39147,90,91,-1,1
39148,118,110,8,8
39149,108,97,11,11
39150,95,88,7,7
39151,119,109,10,10
39152,115,96,19,19
39153,145,129,16,16
39154,46,60,-14,14
39155,59,65,-6,6
39156,127,128,-1,1
39157,114,110,4,4
39158,101,96,5,5
39159,134,129,5,5
39160,99,94,5,5
39161,143,134,9,9
39162,136,123,13,13
39163,152,142,10,10
39164,103,99,4,4
39165,79,75,4,4
39166,83,78,5,5
39167,125,106,19,19
39168,74,91,-17,17
39169,44,49,-5,5
39170,100,102,-2,2
39171,111,104,7,7
39172,65,64,1,1
39173,102,95,7,7
39174,109,103,6,6
39175,80,72,8,8
39176,117,110,7,7
39177,121,110,11,11
39178,154,142,12,12
39179,55,60,-5,5
39180,90,90,0,0
39181,137,112,25,25
39182,53,49,4,4
39183,137,129,8,8
39184,64,64,0,0
39185,133,116,17,17
39186,38,33,5,5
39187,105,89,16,16
39188,45,45,0,0
39189,133,115,18,18
39190,121,117,4,4
39191,138,123,15,15
39192,84,74,10,10
39193,79,77,2,2
39194,48,55,-7,7
39195,51,63,-12,12
39196,90,89,1,1
39197,79,74,5,5
39198,73,71,2,2
39199,82,73,9,9
39200,90,91,-1,1
39201,98,76,22,22
39202,56,62,-6,6
39203,100,92,8,8
39204,55,66,-11,11
39205,116,120,-4,4
39206,61,62,-1,1
39207,77,74,3,3
39208,131,122,9,9
39209,115,110,5,5
39210,94,83,11,11
39211,80,76,4,4
39212,57,63,-6,6
39213,112,104,8,8
39214,98,92,6,6
39215,136,133,3,3
39216,125,109,16,16
39217,90,96,-6,6
39218,81,83,-2,2
39219,123,117,6,6
39220,114,117,-3,3
39221,35,38,-3,3
39222,55,58,-3,3
39223,110,99,11,11
39224,52,57,-5,5
39225,191,166,25,25
39226,48,62,-14,14
39227,70,65,5,5
39228,116,111,5,5
39229,114,112,2,2
39230,71,73,-2,2
39231,130,111,19,19
39232,92,89,3,3
39233,111,109,2,2
39234,150,145,5,5
39235,112,127,-15,15
39236,85,85,0,0
39237,75,74,1,1
39238,64,68,-4,4
39239,65,66,-1,1
39240,164,150,14,14
39241,63,34,29,29
39242,105,101,4,4
39243,96,91,5,5
39244,102,87,15,15
39245,84,75,9,9
39246,72,78,-6,6
39247,118,116,2,2
39248,110,103,7,7
39249,81,80,1,1
39250,109,108,1,1
39251,76,71,5,5
39252,64,62,2,2
39253,133,114,19,19
39254,143,123,20,20
39255,72,73,-1,1
39256,74,78,-4,4
39257,41,40,1,1
39258,65,66,-1,1
39259,73,67,6,6
39260,63,71,-8,8
39261,175,157,18,18
39262,85,97,-12,12
39263,82,79,3,3
39264,48,52,-4,4
39265,97,90,7,7
39266,86,88,-2,2
39267,66,69,-3,3
39268,80,75,5,5
39269,84,85,-1,1
39270,90,85,5,5
39271,76,84,-8,8
39272,90,90,0,0
39273,128,125,3,3
39274,76,84,-8,8
39275,84,84,0,0
39276,116,112,4,4
39277,72,79,-7,7
39278,88,80,8,8
39279,58,60,-2,2
39280,80,77,3,3
39281,122,108,14,14
39282,84,88,-4,4
39283,62,64,-2,2
39284,78,74,4,4
39285,113,109,4,4
39286,152,140,12,12
39287,68,70,-2,2
39288,72,69,3,3
39289,104,102,2,2
39290,100,95,5,5
39291,92,85,7,7
39292,95,85,10,10
39293,66,65,1,1
39294,78,82,-4,4
39295,117,101,16,16
39296,109,89,20,20
39297,157,137,20,20
39298,100,86,14,14
39299,101,94,7,7
39300,68,64,4,4
39301,137,117,20,20
39302,144,142,2,2
39303,152,145,7,7
39304,121,107,14,14
39305,83,80,3,3
39306,86,101,-15,15
39307,72,65,7,7
39308,82,93,-11,11
39309,115,103,12,12
39310,44,34,10,10
39311,130,133,-3,3
39312,84,81,3,3
39313,104,100,4,4
39314,70,63,7,7
39315,152,127,25,25
39316,66,70,-4,4
39317,137,110,27,27
39318,86,84,2,2
39319,130,111,19,19
39320,105,100,5,5
39321,79,83,-4,4
39322,79,75,4,4
39323,68,66,2,2
39324,86,80,6,6
39325,90,94,-4,4
39326,174,150,24,24
39327,41,41,0,0
39328,109,96,13,13
39329,98,91,7,7
39330,79,84,-5,5
39331,107,109,-2,2
39332,138,133,5,5
39333,49,34,15,15
39334,68,75,-7,7
39335,465,300,165,165
39336,102,89,13,13
39337,108,107,1,1
39338,98,99,-1,1
39339,70,65,5,5
39340,90,86,4,4
39341,103,99,4,4
39342,84,73,11,11
39343,128,132,-4,4
39344,205,183,22,22
39345,149,131,18,18
39346,51,56,-5,5
39347,64,65,-1,1
39348,155,137,18,18
39349,61,65,-4,4
39350,91,86,5,5
39351,69,74,-5,5
39352,51,64,-13,13
39353,59,59,0,0
39354,110,96,14,14
39355,145,122,23,23
39356,86,95,-9,9
39357,192,186,6,6
39358,80,71,9,9
39359,62,63,-1,1
39360,116,114,2,2
39361,94,99,-5,5
39362,60,63,-3,3
39363,128,138,-10,10
39364,129,119,10,10
39365,111,108,3,3
39366,137,130,7,7
39367,164,144,20,20
39368,119,111,8,8
39369,90,89,1,1
39370,114,123,-9,9
39371,26,25,1,1
39372,107,106,1,1
39373,68,69,-1,1
39374,118,114,4,4
39375,124,112,12,12
39376,170,152,18,18
39377,61,66,-5,5
39378,136,129,7,7
39379,196,148,48,48
39380,87,78,9,9
39381,95,102,-7,7
39382,108,106,2,2
39383,151,139,12,12
39384,67,72,-5,5
39385,149,137,12,12
39386,113,103,10,10
39387,50,55,-5,5
39388,79,83,-4,4
39389,103,96,7,7
39390,80,73,7,7
39391,172,167,5,5
39392,105,108,-3,3
39393,82,81,1,1
39394,47,52,-5,5
39395,54,44,10,10
39396,80,73,7,7
39397,64,61,3,3
39398,150,133,17,17
39399,134,124,10,10
39400,61,70,-9,9
39401,108,99,9,9
39402,116,112,4,4
39403,101,115,-14,14
39404,81,80,1,1
39405,90,93,-3,3
39406,71,76,-5,5
39407,119,115,4,4
39408,133,127,6,6
39409,125,129,-4,4
39410,70,67,3,3
39411,182,164,18,18
39412,114,113,1,1
39413,136,139,-3,3
39414,76,76,0,0
39415,114,101,13,13
39416,46,52,-6,6
39417,97,108,-11,11
39418,70,74,-4,4
39419,63,59,4,4
39420,100,90,10,10
39421,114,104,10,10
39422,52,54,-2,2
39423,130,125,5,5
39424,108,96,12,12
39425,133,116,17,17
39426,26,34,-8,8
39427,75,76,-1,1
39428,112,115,-3,3
39429,73,67,6,6
39430,44,54,-10,10
39431,75,74,1,1
39432,93,89,4,4
39433,60,73,-13,13
39434,83,82,1,1
39435,140,124,16,16
39436,100,101,-1,1
39437,107,98,9,9
39438,95,79,16,16
39439,111,95,16,16
39440,112,104,8,8
39441,67,72,-5,5
39442,52,56,-4,4
39443,113,100,13,13
39444,77,76,1,1
39445,135,129,6,6
39446,61,63,-2,2
39447,58,69,-11,11
39448,60,62,-2,2
39449,100,96,4,4
39450,49,60,-11,11
39451,71,67,4,4
39452,104,101,3,3
39453,49,58,-9,9
39454,141,130,11,11
39455,113,108,5,5
39456,74,68,6,6
39457,135,130,5,5
39458,61,67,-6,6
39459,115,114,1,1
39460,89,94,-5,5
39461,76,75,1,1
39462,111,118,-7,7
39463,61,70,-9,9
39464,54,52,2,2
39465,95,99,-4,4
39466,125,120,5,5
39467,168,157,11,11
39468,71,69,2,2
39469,80,76,4,4
39470,224,216,8,8
39471,87,87,0,0
39472,65,68,-3,3
39473,130,135,-5,5
39474,111,110,1,1
39475,76,71,5,5
39476,111,104,7,7
39477,88,92,-4,4
39478,97,92,5,5
39479,118,114,4,4
39480,93,80,13,13
39481,131,120,11,11
39482,82,80,2,2
39483,153,134,19,19
39484,76,79,-3,3
39485,105,110,-5,5
39486,38,33,5,5
39487,56,66,-10,10
39488,75,74,1,1
39489,40,34,6,6
39490,139,136,3,3
39491,78,89,-11,11
39492,72,72,0,0
39493,123,126,-3,3
39494,71,68,3,3
39495,144,132,12,12
39496,51,58,-7,7
39497,63,64,-1,1
39498,51,60,-9,9
39499,98,93,5,5
39500,83,79,4,4
39501,75,85,-10,10
39502,108,105,3,3
39503,100,97,3,3
39504,61,59,2,2
39505,76,75,1,1
39506,156,193,-37,37
39507,69,67,2,2
39508,219,200,19,19
39509,112,107,5,5
39510,86,87,-1,1
39511,53,51,2,2
39512,108,101,7,7
39513,82,79,3,3
39514,89,77,12,12
39515,125,116,9,9
39516,96,110,-14,14
39517,113,105,8,8
39518,61,68,-7,7
39519,39,39,0,0
39520,65,77,-12,12
39521,101,95,6,6
39522,188,160,28,28
39523,73,74,-1,1
39524,51,64,-13,13
39525,126,120,6,6
39526,95,116,-21,21
39527,85,104,-19,19
39528,112,100,12,12
39529,117,115,2,2
39530,109,92,17,17
39531,47,58,-11,11
39532,63,73,-10,10
39533,92,90,2,2
39534,78,79,-1,1
39535,100,92,8,8
39536,137,118,19,19
39537,163,148,15,15
39538,74,77,-3,3
39539,64,74,-10,10
39540,87,74,13,13
39541,87,86,1,1
39542,120,120,0,0
39543,129,119,10,10
39544,137,128,9,9
39545,65,65,0,0
39546,67,70,-3,3
39547,83,81,2,2
39548,91,85,6,6
39549,88,82,6,6
39550,47,50,-3,3
39551,119,114,5,5
39552,76,76,0,0
39553,96,92,4,4
39554,69,76,-7,7
39555,91,90,1,1
39556,95,95,0,0
39557,89,96,-7,7
39558,89,79,10,10
39559,106,102,4,4
39560,86,68,18,18
39561,119,105,14,14
39562,76,82,-6,6
39563,95,83,12,12
39564,93,89,4,4
39565,93,80,13,13
39566,87,85,2,2
39567,142,144,-2,2
39568,81,84,-3,3
39569,54,51,3,3
39570,131,117,14,14
39571,53,57,-4,4
39572,132,130,2,2
39573,83,84,-1,1
39574,77,69,8,8
39575,86,90,-4,4
39576,135,124,11,11
39577,114,104,10,10
39578,75,85,-10,10
39579,62,74,-12,12
39580,96,89,7,7
39581,88,79,9,9
39582,58,61,-3,3
39583,55,60,-5,5
39584,70,69,1,1
39585,162,142,20,20
39586,98,85,13,13
39587,73,69,4,4
39588,52,59,-7,7
39589,86,86,0,0
39590,133,115,18,18
39591,102,98,4,4
39592,137,128,9,9
39593,58,58,0,0
39594,94,77,17,17
39595,158,140,18,18
39596,88,88,0,0
39597,81,85,-4,4
39598,88,76,12,12
39599,170,170,0,0
39600,132,121,11,11
39601,160,152,8,8
39602,69,69,0,0
39603,78,76,2,2
39604,47,68,-21,21
39605,122,116,6,6
39606,46,38,8,8
39607,81,82,-1,1
39608,173,169,4,4
39609,36,107,-71,71
39610,84,74,10,10
39611,118,106,12,12
39612,113,98,15,15
39613,162,149,13,13
39614,98,104,-6,6
39615,96,92,4,4
39616,71,72,-1,1
39617,68,67,1,1
39618,85,79,6,6
39619,34,67,-33,33
39620,69,74,-5,5
39621,69,74,-5,5
39622,128,119,9,9
39623,99,99,0,0
39624,121,120,1,1
39625,179,159,20,20
39626,92,94,-2,2
39627,171,167,4,4
39628,94,94,0,0
39629,112,109,3,3
39630,79,77,2,2
39631,57,67,-10,10
39632,72,79,-7,7
39633,161,134,27,27
39634,132,122,10,10
39635,126,111,15,15
39636,78,81,-3,3
39637,72,68,4,4
39638,88,91,-3,3
39639,93,91,2,2
39640,56,60,-4,4
39641,179,160,19,19
39642,99,94,5,5
39643,143,123,20,20
39644,25,32,-7,7
39645,85,81,4,4
39646,50,54,-4,4
39647,110,101,9,9
39648,133,121,12,12
39649,103,93,10,10
39650,149,140,9,9
39651,146,142,4,4
39652,65,71,-6,6
39653,117,129,-12,12
39654,53,56,-3,3
39655,155,135,20,20
39656,127,124,3,3
39657,87,85,2,2
39658,167,149,18,18
39659,74,69,5,5
39660,65,68,-3,3
39661,50,53,-3,3
39662,109,106,3,3
39663,65,69,-4,4
39664,98,90,8,8
39665,128,120,8,8
39666,132,128,4,4
39667,174,168,6,6
39668,81,81,0,0
39669,69,74,-5,5
39670,77,72,5,5
39671,69,69,0,0
39672,68,71,-3,3
39673,132,130,2,2
39674,152,158,-6,6
39675,87,85,2,2
39676,30,34,-4,4
39677,98,86,12,12
39678,99,89,10,10
39679,116,113,3,3
39680,100,96,4,4
39681,137,124,13,13
39682,63,66,-3,3
39683,82,85,-3,3
39684,99,109,-10,10
39685,58,63,-5,5
39686,68,70,-2,2
39687,121,111,10,10
39688,91,77,14,14
39689,61,78,-17,17
39690,46,50,-4,4
39691,107,112,-5,5
39692,80,78,2,2
39693,78,79,-1,1
39694,83,76,7,7
39695,139,127,12,12
39696,113,113,0,0
39697,109,111,-2,2
39698,168,156,12,12
39699,148,133,15,15
39700,90,81,9,9
39701,49,57,-8,8
39702,91,97,-6,6
39703,48,52,-4,4
39704,99,98,1,1
39705,125,126,-1,1
39706,77,93,-16,16
39707,89,85,4,4
39708,85,77,8,8
39709,85,80,5,5
39710,60,64,-4,4
39711,100,93,7,7
39712,61,66,-5,5
39713,87,85,2,2
39714,79,80,-1,1
39715,48,45,3,3
39716,90,95,-5,5
39717,85,81,4,4
39718,77,73,4,4
39719,56,62,-6,6
39720,55,60,-5,5
39721,148,138,10,10
39722,108,98,10,10
39723,69,66,3,3
39724,151,136,15,15
39725,98,86,12,12
39726,87,90,-3,3
39727,76,75,1,1
39728,84,82,2,2
39729,39,40,-1,1
39730,105,100,5,5
39731,68,90,-22,22
39732,58,69,-11,11
39733,81,77,4,4
39734,108,108,0,0
39735,98,96,2,2
39736,148,126,22,22
39737,71,72,-1,1
39738,108,98,10,10
39739,68,74,-6,6
39740,82,82,0,0
39741,159,135,24,24
39742,109,93,16,16
39743,113,101,12,12
39744,106,98,8,8
39745,124,110,14,14
39746,74,74,0,0
39747,23,25,-2,2
39748,94,87,7,7
39749,69,70,-1,1
39750,63,69,-6,6
39751,49,58,-9,9
39752,83,79,4,4
39753,65,64,1,1
39754,122,96,26,26
39755,110,105,5,5
39756,145,136,9,9
39757,128,109,19,19
39758,61,59,2,2
39759,135,120,15,15
39760,62,54,8,8
39761,143,119,24,24
39762,59,62,-3,3
39763,133,123,10,10
39764,84,90,-6,6
39765,127,117,10,10
39766,75,72,3,3
39767,128,121,7,7
39768,85,88,-3,3
39769,127,111,16,16
39770,66,73,-7,7
39771,45,34,11,11
39772,89,86,3,3
39773,82,76,6,6
39774,98,90,8,8
39775,51,56,-5,5
39776,112,111,1,1
39777,70,71,-1,1
39778,75,60,15,15
39779,97,96,1,1
39780,59,73,-14,14
39781,51,46,5,5
39782,53,55,-2,2
39783,56,68,-12,12
39784,67,65,2,2
39785,66,72,-6,6
39786,89,88,1,1
39787,94,81,13,13
39788,77,83,-6,6
39789,41,40,1,1
39790,85,84,1,1
39791,72,69,3,3
39792,108,106,2,2
39793,105,102,3,3
39794,67,69,-2,2
39795,97,90,7,7
39796,76,76,0,0
39797,133,141,-8,8
39798,93,90,3,3
39799,40,44,-4,4
39800,66,65,1,1
39801,43,44,-1,1
39802,145,130,15,15
39803,135,114,21,21
39804,64,70,-6,6
39805,76,93,-17,17
39806,55,59,-4,4
39807,78,73,5,5
39808,103,97,6,6
39809,141,138,3,3
39810,152,145,7,7
39811,110,113,-3,3
39812,122,110,12,12
39813,78,80,-2,2
39814,82,80,2,2
39815,104,91,13,13
39816,112,106,6,6
39817,69,68,1,1
39818,48,52,-4,4
39819,60,67,-7,7
39820,54,54,0,0
39821,128,114,14,14
39822,61,60,1,1
39823,108,114,-6,6
39824,86,85,1,1
39825,74,81,-7,7
39826,168,152,16,16
39827,76,74,2,2
39828,80,80,0,0
39829,96,86,10,10
39830,74,72,2,2
39831,59,60,-1,1
39832,143,136,7,7
39833,68,63,5,5
39834,76,76,0,0
39835,97,98,-1,1
39836,66,69,-3,3
39837,94,91,3,3
39838,159,149,10,10
39839,76,70,6,6
39840,121,119,2,2
39841,123,119,4,4
39842,80,80,0,0
39843,77,78,-1,1
39844,52,60,-8,8
39845,115,114,1,1
39846,180,151,29,29
39847,70,71,-1,1
39848,79,86,-7,7
39849,112,100,12,12
39850,89,90,-1,1
39851,83,80,3,3
39852,108,109,-1,1
39853,67,70,-3,3
39854,86,84,2,2
39855,82,89,-7,7
39856,156,145,11,11
39857,141,125,16,16
39858,154,142,12,12
39859,63,66,-3,3
39860,52,54,-2,2
39861,122,109,13,13
39862,69,77,-8,8
39863,93,88,5,5
39864,106,110,-4,4
39865,76,74,2,2
39866,97,91,6,6
39867,96,92,4,4
39868,116,112,4,4
39869,98,101,-3,3
39870,89,82,7,7
39871,137,134,3,3
39872,88,75,13,13
39873,115,111,4,4
39874,135,125,10,10
39875,99,99,0,0
39876,68,74,-6,6
39877,98,95,3,3
39878,119,109,10,10
39879,77,75,2,2
39880,74,80,-6,6
39881,115,107,8,8
39882,67,70,-3,3
39883,79,86,-7,7
39884,107,110,-3,3
39885,83,84,-1,1
39886,74,80,-6,6
39887,160,147,13,13
39888,56,60,-4,4
39889,74,75,-1,1
39890,95,94,1,1
39891,141,146,-5,5
39892,98,94,4,4
39893,84,84,0,0
39894,118,108,10,10
39895,58,57,1,1
39896,54,63,-9,9
39897,74,74,0,0
39898,69,73,-4,4
39899,123,103,20,20
39900,59,62,-3,3
39901,50,60,-10,10
39902,56,56,0,0
39903,55,61,-6,6
39904,145,129,16,16
39905,89,81,8,8
39906,74,63,11,11
39907,67,69,-2,2
39908,100,101,-1,1
39909,99,95,4,4
39910,64,67,-3,3
39911,49,62,-13,13
39912,144,138,6,6
39913,65,67,-2,2
39914,57,60,-3,3
39915,74,74,0,0
39916,82,84,-2,2
39917,80,74,6,6
39918,167,174,-7,7
39919,55,48,7,7
39920,98,97,1,1
39921,69,69,0,0
39922,60,62,-2,2
39923,149,138,11,11
39924,170,163,7,7
39925,56,61,-5,5
39926,120,113,7,7
39927,114,111,3,3
39928,123,118,5,5
39929,67,74,-7,7
39930,145,138,7,7
39931,72,72,0,0
39932,85,81,4,4
39933,117,106,11,11
39934,87,102,-15,15
39935,66,72,-6,6
39936,116,118,-2,2
39937,53,66,-13,13
39938,109,102,7,7
39939,26,31,-5,5
39940,51,56,-5,5
39941,65,62,3,3
39942,89,81,8,8
39943,110,94,16,16
39944,70,72,-2,2
39945,46,51,-5,5
39946,119,112,7,7
39947,127,118,9,9
39948,95,89,6,6
39949,68,70,-2,2
39950,73,71,2,2
39951,112,102,10,10
39952,152,151,1,1
39953,83,83,0,0
39954,115,107,8,8
39955,131,106,25,25
39956,49,41,8,8
39957,118,97,21,21
39958,94,84,10,10
39959,120,119,1,1
39960,64,79,-15,15
39961,145,132,13,13
39962,63,68,-5,5
39963,62,65,-3,3
39964,55,57,-2,2
39965,113,117,-4,4
39966,62,61,1,1
39967,80,75,5,5
39968,100,91,9,9
39969,72,77,-5,5
39970,75,73,2,2
39971,104,97,7,7
39972,56,53,3,3
39973,116,124,-8,8
39974,87,91,-4,4
39975,109,105,4,4
39976,107,108,-1,1
39977,63,67,-4,4
39978,127,128,-1,1
39979,124,106,18,18
39980,67,67,0,0
39981,229,177,52,52
39982,144,122,22,22
39983,110,109,1,1
39984,70,67,3,3
39985,102,95,7,7
39986,153,127,26,26
39987,82,83,-1,1
39988,50,54,-4,4
39989,54,61,-7,7
39990,97,91,6,6
39991,75,81,-6,6
39992,83,77,6,6
39993,88,84,4,4
39994,129,117,12,12
39995,91,77,14,14
39996,115,99,16,16
39997,96,92,4,4
39998,177,165,12,12
39999,109,107,2,2
40000,91,89,2,2
40001,102,95,7,7
40002,75,69,6,6
40003,67,72,-5,5
40004,85,82,3,3
40005,133,122,11,11
40006,122,110,12,12
40007,99,95,4,4
40008,72,76,-4,4
40009,80,83,-3,3
40010,61,64,-3,3
40011,118,106,12,12
40012,112,108,4,4
40013,69,76,-7,7
40014,156,144,12,12
40015,140,129,11,11
40016,55,58,-3,3
40017,85,91,-6,6
40018,104,93,11,11
40019,113,102,11,11
40020,61,68,-7,7
40021,110,113,-3,3
40022,142,123,19,19
40023,93,89,4,4
40024,49,57,-8,8
40025,139,132,7,7
40026,42,42,0,0
40027,80,74,6,6
40028,138,126,12,12
40029,148,139,9,9
40030,28,37,-9,9
40031,54,62,-8,8
40032,85,75,10,10
40033,84,81,3,3
40034,161,140,21,21
40035,80,75,5,5
40036,108,117,-9,9
40037,91,92,-1,1
40038,92,84,8,8
40039,92,95,-3,3
40040,91,78,13,13
40041,146,128,18,18
40042,59,70,-11,11
40043,109,96,13,13
40044,67,70,-3,3
40045,89,91,-2,2
40046,156,136,20,20
40047,106,97,9,9
40048,71,73,-2,2
40049,161,145,16,16
40050,97,91,6,6
40051,95,90,5,5
40052,128,125,3,3
40053,79,92,-13,13
40054,127,130,-3,3
40055,88,90,-2,2
40056,63,64,-1,1
40057,47,50,-3,3
40058,67,75,-8,8
40059,44,34,10,10
40060,70,68,2,2
40061,59,58,1,1
40062,115,116,-1,1
40063,123,123,0,0
40064,49,47,2,2
40065,81,77,4,4
40066,55,59,-4,4
40067,105,94,11,11
40068,120,116,4,4
40069,95,97,-2,2
40070,73,76,-3,3
40071,76,80,-4,4
40072,95,93,2,2
40073,35,34,1,1
40074,85,77,8,8
40075,65,78,-13,13
40076,125,119,6,6
40077,62,63,-1,1
40078,95,91,4,4
40079,139,127,12,12
40080,77,80,-3,3
40081,65,68,-3,3
40082,53,60,-7,7
40083,83,73,10,10
40084,62,52,10,10
40085,74,72,2,2
40086,32,33,-1,1
40087,67,66,1,1
40088,134,115,19,19
40089,78,85,-7,7
40090,88,84,4,4
40091,81,82,-1,1
40092,60,67,-7,7
40093,117,100,17,17
40094,61,68,-7,7
40095,147,138,9,9
40096,217,187,30,30
40097,84,85,-1,1
40098,67,65,2,2
40099,158,166,-8,8
40100,51,62,-11,11
40101,91,90,1,1
40102,72,70,2,2
40103,121,120,1,1
40104,76,72,4,4
40105,117,108,9,9
40106,63,64,-1,1
40107,82,86,-4,4
40108,87,94,-7,7
40109,77,75,2,2
40110,67,71,-4,4
40111,129,105,24,24
40112,56,59,-3,3
40113,60,68,-8,8
40114,130,114,16,16
40115,106,112,-6,6
40116,73,69,4,4
40117,89,86,3,3
40118,85,94,-9,9
40119,71,69,2,2
40120,206,203,3,3
40121,142,141,1,1
40122,106,104,2,2
40123,98,94,4,4
40124,60,72,-12,12
40125,113,115,-2,2
40126,57,62,-5,5
40127,73,64,9,9
40128,186,151,35,35
40129,87,91,-4,4
40130,122,112,10,10
40131,80,86,-6,6
40132,130,117,13,13
40133,106,99,7,7
40134,175,184,-9,9
40135,135,114,21,21
40136,115,110,5,5
40137,80,79,1,1
40138,125,111,14,14
40139,85,90,-5,5
40140,85,79,6,6
40141,143,129,14,14
40142,92,88,4,4
40143,74,64,10,10
40144,66,76,-10,10
40145,68,69,-1,1
40146,103,95,8,8
40147,82,80,2,2
40148,57,61,-4,4
40149,102,107,-5,5
40150,117,113,4,4
40151,79,83,-4,4
40152,179,151,28,28
40153,111,117,-6,6
40154,59,63,-4,4
40155,90,86,4,4
40156,82,103,-21,21
40157,120,113,7,7
40158,89,89,0,0
40159,76,76,0,0
40160,74,70,4,4
40161,54,60,-6,6
40162,51,58,-7,7
40163,71,74,-3,3
40164,116,97,19,19
40165,84,78,6,6
40166,107,97,10,10
40167,83,78,5,5
40168,170,151,19,19
40169,118,114,4,4
40170,115,104,11,11
40171,78,88,-10,10
40172,155,139,16,16
40173,143,139,4,4
40174,80,86,-6,6
40175,64,74,-10,10
40176,97,84,13,13
40177,92,90,2,2
40178,63,69,-6,6
40179,196,165,31,31
40180,70,77,-7,7
40181,95,94,1,1
40182,73,75,-2,2
40183,64,74,-10,10
40184,86,94,-8,8
40185,93,94,-1,1
40186,81,76,5,5
40187,132,106,26,26
40188,89,74,15,15
40189,80,72,8,8
40190,61,64,-3,3
40191,148,144,4,4
40192,104,97,7,7
40193,105,101,4,4
40194,94,88,6,6
40195,72,76,-4,4
40196,71,73,-2,2
40197,115,107,8,8
40198,100,95,5,5
40199,64,64,0,0
40200,88,89,-1,1
40201,175,173,2,2
40202,153,152,1,1
40203,58,58,0,0
40204,143,142,1,1
40205,49,49,0,0
40206,62,61,1,1
40207,72,71,1,1
40208,112,108,4,4
40209,90,86,4,4
40210,88,84,4,4
40211,92,85,7,7
40212,25,34,-9,9
40213,97,92,5,5
40214,133,115,18,18
40215,86,85,1,1
40216,81,78,3,3
40217,164,146,18,18
40218,64,61,3,3
40219,79,76,3,3
40220,108,103,5,5
40221,62,69,-7,7
40222,84,84,0,0
40223,187,177,10,10
40224,70,78,-8,8
40225,119,108,11,11
40226,86,82,4,4
40227,118,107,11,11
40228,79,82,-3,3
40229,77,75,2,2
40230,85,88,-3,3
40231,107,96,11,11
40232,76,76,0,0
40233,54,45,9,9
40234,66,66,0,0
40235,64,72,-8,8
40236,56,55,1,1
40237,147,149,-2,2
40238,92,77,15,15
40239,119,107,12,12
40240,61,71,-10,10
40241,112,100,12,12
40242,116,117,-1,1
40243,68,76,-8,8
40244,153,144,9,9
40245,114,119,-5,5
40246,115,108,7,7
40247,91,89,2,2
40248,68,71,-3,3
40249,111,102,9,9
40250,79,71,8,8
40251,57,65,-8,8
40252,114,110,4,4
40253,66,73,-7,7
40254,96,81,15,15
40255,83,91,-8,8
40256,93,84,9,9
40257,83,76,7,7
40258,80,74,6,6
40259,82,81,1,1
40260,114,110,4,4
40261,49,63,-14,14
40262,67,74,-7,7
40263,79,77,2,2
40264,77,75,2,2
40265,64,67,-3,3
40266,177,157,20,20
40267,71,75,-4,4
40268,99,91,8,8
40269,90,84,6,6
40270,107,101,6,6
40271,103,89,14,14
40272,144,133,11,11
40273,81,76,5,5
40274,69,70,-1,1
40275,63,78,-15,15
40276,105,102,3,3
40277,100,90,10,10
40278,118,115,3,3
40279,89,77,12,12
40280,90,87,3,3
40281,88,89,-1,1
40282,69,65,4,4
40283,59,60,-1,1
40284,84,79,5,5
40285,143,137,6,6
40286,112,117,-5,5
40287,143,148,-5,5
40288,78,86,-8,8
40289,38,34,4,4
40290,107,92,15,15
40291,57,61,-4,4
40292,62,91,-29,29
40293,79,80,-1,1
40294,72,75,-3,3
40295,85,80,5,5
40296,83,81,2,2
40297,69,71,-2,2
40298,62,63,-1,1
40299,80,82,-2,2
40300,55,68,-13,13
40301,77,71,6,6
40302,77,87,-10,10
40303,81,89,-8,8
40304,88,83,5,5
40305,75,83,-8,8
40306,103,103,0,0
40307,63,62,1,1
40308,115,97,18,18
40309,149,144,5,5
40310,48,48,0,0
40311,67,63,4,4
40312,167,138,29,29
40313,116,109,7,7
40314,40,49,-9,9
40315,93,92,1,1
40316,98,89,9,9
40317,105,91,14,14
40318,150,134,16,16
40319,174,145,29,29
40320,156,131,25,25
40321,61,97,-36,36
40322,124,123,1,1
40323,61,61,0,0
40324,58,62,-4,4
40325,147,142,5,5
40326,80,86,-6,6
40327,115,101,14,14
40328,139,134,5,5
40329,73,73,0,0
40330,208,193,15,15
40331,92,96,-4,4
40332,63,61,2,2
40333,126,112,14,14
40334,31,32,-1,1
40335,55,68,-13,13
40336,154,141,13,13
40337,110,107,3,3
40338,62,62,0,0
40339,124,115,9,9
40340,81,74,7,7
40341,78,72,6,6
40342,122,128,-6,6
40343,110,115,-5,5
40344,100,85,15,15
40345,112,106,6,6
40346,58,59,-1,1
40347,92,86,6,6
40348,143,133,10,10
40349,76,75,1,1
40350,62,70,-8,8
40351,72,74,-2,2
40352,96,100,-4,4
40353,98,93,5,5
40354,209,175,34,34
40355,81,77,4,4
40356,65,70,-5,5
40357,111,97,14,14
40358,158,144,14,14
40359,106,108,-2,2
40360,124,112,12,12
40361,90,84,6,6
40362,95,92,3,3
40363,86,88,-2,2
40364,89,83,6,6
40365,59,71,-12,12
40366,132,117,15,15
40367,91,75,16,16
40368,90,83,7,7
40369,85,83,2,2
40370,77,88,-11,11
40371,68,62,6,6
40372,77,84,-7,7
40373,125,124,1,1
40374,53,53,0,0
40375,100,104,-4,4
40376,128,124,4,4
40377,78,71,7,7
40378,73,89,-16,16
40379,79,77,2,2
40380,89,90,-1,1
40381,101,98,3,3
40382,93,103,-10,10
40383,93,90,3,3
40384,62,65,-3,3
40385,113,114,-1,1
40386,117,109,8,8
40387,133,123,10,10
40388,107,109,-2,2
40389,64,84,-20,20
40390,48,54,-6,6
40391,103,99,4,4
40392,91,92,-1,1
40393,121,126,-5,5
40394,109,106,3,3
40395,92,90,2,2
40396,118,105,13,13
40397,82,85,-3,3
40398,76,69,7,7
40399,98,89,9,9
40400,118,106,12,12
40401,124,123,1,1
40402,120,98,22,22
40403,85,88,-3,3
40404,112,107,5,5
40405,88,87,1,1
40406,65,61,4,4
40407,48,49,-1,1
40408,66,75,-9,9
40409,106,81,25,25
40410,174,142,32,32
40411,161,144,17,17
40412,42,51,-9,9
40413,65,73,-8,8
40414,47,56,-9,9
40415,100,105,-5,5
40416,91,89,2,2
40417,59,62,-3,3
40418,77,84,-7,7
40419,83,79,4,4
40420,91,85,6,6
40421,91,87,4,4
40422,163,154,9,9
40423,89,81,8,8
40424,144,144,0,0
40425,107,112,-5,5
40426,75,72,3,3
40427,210,204,6,6
40428,168,153,15,15
40429,116,98,18,18
40430,67,78,-11,11
40431,66,68,-2,2
40432,23,33,-10,10
40433,99,93,6,6
40434,66,68,-2,2
40435,56,60,-4,4
40436,92,86,6,6
40437,132,119,13,13
40438,67,74,-7,7
40439,42,34,8,8
40440,123,118,5,5
40441,44,48,-4,4
40442,117,111,6,6
40443,109,102,7,7
40444,106,98,8,8
40445,92,90,2,2
40446,88,79,9,9
40447,74,77,-3,3
40448,114,120,-6,6
40449,146,126,20,20
40450,105,98,7,7
40451,91,94,-3,3
40452,124,115,9,9
40453,178,162,16,16
40454,98,93,5,5
40455,145,144,1,1
40456,76,75,1,1
40457,100,97,3,3
40458,128,108,20,20
40459,152,139,13,13
40460,40,38,2,2
40461,65,70,-5,5
40462,107,105,2,2
40463,90,85,5,5
40464,100,101,-1,1
40465,71,85,-14,14
40466,55,61,-6,6
40467,80,75,5,5
40468,131,106,25,25
40469,28,34,-6,6
40470,93,94,-1,1
40471,149,151,-2,2
40472,88,92,-4,4
40473,50,58,-8,8
40474,82,89,-7,7
40475,125,112,13,13
40476,131,113,18,18
40477,93,97,-4,4
40478,83,79,4,4
40479,149,148,1,1
40480,74,81,-7,7
40481,124,119,5,5
40482,174,148,26,26
40483,83,109,-26,26
40484,119,118,1,1
40485,85,80,5,5
40486,70,66,4,4
40487,197,181,16,16
40488,131,121,10,10
40489,130,115,15,15
40490,73,79,-6,6
40491,97,91,6,6
40492,85,89,-4,4
40493,198,166,32,32
40494,100,92,8,8
40495,81,85,-4,4
40496,71,74,-3,3
40497,97,95,2,2
40498,77,86,-9,9
40499,88,84,4,4
40500,90,80,10,10
40501,74,74,0,0
40502,70,73,-3,3
40503,63,63,0,0
40504,149,132,17,17
40505,97,88,9,9
40506,65,71,-6,6
40507,81,78,3,3
40508,100,97,3,3
40509,79,87,-8,8
40510,106,101,5,5
40511,79,84,-5,5
40512,137,132,5,5
40513,82,85,-3,3
40514,68,61,7,7
40515,100,90,10,10
40516,40,47,-7,7
40517,57,59,-2,2
40518,73,79,-6,6
40519,85,85,0,0
40520,135,122,13,13
40521,126,119,7,7
40522,158,148,10,10
40523,110,103,7,7
40524,125,126,-1,1
40525,115,103,12,12
40526,112,110,2,2
40527,71,76,-5,5
40528,121,132,-11,11
40529,97,103,-6,6
40530,104,101,3,3
40531,97,94,3,3
40532,54,59,-5,5
40533,76,79,-3,3
40534,132,109,23,23
40535,98,100,-2,2
40536,107,100,7,7
40537,119,107,12,12
40538,125,114,11,11
40539,96,97,-1,1
40540,49,58,-9,9
40541,89,75,14,14
40542,101,94,7,7
40543,86,93,-7,7
40544,43,40,3,3
40545,40,36,4,4
40546,109,105,4,4
40547,49,58,-9,9
40548,99,100,-1,1
40549,120,100,20,20
40550,70,83,-13,13
40551,177,156,21,21
40552,59,70,-11,11
40553,90,89,1,1
40554,99,93,6,6
40555,99,97,2,2
40556,113,103,10,10
40557,87,74,13,13
40558,120,116,4,4
40559,122,106,16,16
40560,156,146,10,10
40561,90,83,7,7
40562,109,103,6,6
40563,59,68,-9,9
40564,110,109,1,1
40565,64,66,-2,2
40566,76,77,-1,1
40567,93,86,7,7
40568,81,85,-4,4
40569,155,140,15,15
40570,77,89,-12,12
40571,52,57,-5,5
40572,48,58,-10,10
40573,94,97,-3,3
40574,72,79,-7,7
40575,78,92,-14,14
40576,108,99,9,9
40577,74,84,-10,10
40578,67,68,-1,1
40579,88,81,7,7
40580,127,123,4,4
40581,88,98,-10,10
40582,53,51,2,2
40583,101,98,3,3
40584,105,97,8,8
40585,120,113,7,7
40586,63,73,-10,10
40587,50,58,-8,8
40588,67,68,-1,1
40589,121,116,5,5
40590,76,77,-1,1
40591,95,78,17,17
40592,97,97,0,0
40593,63,71,-8,8
40594,135,125,10,10
40595,61,63,-2,2
40596,79,81,-2,2
40597,133,123,10,10
40598,97,99,-2,2
40599,78,66,12,12
40600,96,88,8,8
40601,47,36,11,11
40602,139,121,18,18
40603,99,90,9,9
40604,113,98,15,15
40605,94,86,8,8
40606,100,102,-2,2
40607,71,80,-9,9
40608,102,106,-4,4
40609,113,105,8,8
40610,85,84,1,1
40611,75,66,9,9
40612,62,61,1,1
40613,111,89,22,22
40614,80,79,1,1
40615,117,112,5,5
40616,107,100,7,7
40617,75,75,0,0
40618,82,83,-1,1
40619,73,74,-1,1
40620,110,103,7,7
40621,115,105,10,10
40622,151,141,10,10
40623,60,67,-7,7
40624,51,58,-7,7
40625,76,70,6,6
40626,115,104,11,11
40627,79,77,2,2
40628,85,91,-6,6
40629,84,85,-1,1
40630,136,119,17,17
40631,76,78,-2,2
40632,30,34,-4,4
40633,141,130,11,11
40634,83,77,6,6
40635,81,84,-3,3
40636,79,82,-3,3
40637,113,110,3,3
40638,88,81,7,7
40639,145,162,-17,17
40640,156,144,12,12
40641,80,91,-11,11
40642,103,97,6,6
40643,116,107,9,9
40644,76,71,5,5
40645,123,118,5,5
40646,93,89,4,4
40647,103,104,-1,1
40648,67,67,0,0
40649,102,106,-4,4
40650,92,80,12,12
40651,86,84,2,2
40652,56,62,-6,6
40653,80,86,-6,6
40654,137,127,10,10
40655,48,58,-10,10
40656,87,76,11,11
40657,112,115,-3,3
40658,74,70,4,4
40659,87,86,1,1
40660,101,104,-3,3
40661,58,67,-9,9
40662,116,106,10,10
40663,97,90,7,7
40664,65,66,-1,1
40665,98,89,9,9
40666,98,86,12,12
40667,156,139,17,17
40668,88,86,2,2
40669,85,92,-7,7
40670,64,64,0,0
40671,72,75,-3,3
40672,107,109,-2,2
40673,87,99,-12,12
40674,115,104,11,11
40675,102,88,14,14
40676,120,106,14,14
40677,87,91,-4,4
40678,81,82,-1,1
40679,53,57,-4,4
40680,71,76,-5,5
40681,78,75,3,3
40682,104,96,8,8
40683,113,114,-1,1
40684,51,45,6,6
40685,65,71,-6,6
40686,109,124,-15,15
40687,78,81,-3,3
40688,105,91,14,14
40689,93,97,-4,4
40690,103,98,5,5
40691,113,98,15,15
40692,77,86,-9,9
40693,135,123,12,12
40694,82,71,11,11
40695,84,83,1,1
40696,56,66,-10,10
40697,54,56,-2,2
40698,146,131,15,15
40699,149,138,11,11
40700,91,79,12,12
40701,61,62,-1,1
40702,117,122,-5,5
40703,46,47,-1,1
40704,159,148,11,11
40705,94,80,14,14
40706,153,134,19,19
40707,108,98,10,10
40708,85,78,7,7
40709,69,74,-5,5
40710,295,193,102,102
40711,74,74,0,0
40712,103,100,3,3
40713,80,75,5,5
40714,68,70,-2,2
40715,120,120,0,0
40716,86,84,2,2
40717,118,111,7,7
40718,74,77,-3,3
40719,99,85,14,14
40720,76,71,5,5
40721,134,117,17,17
40722,97,108,-11,11
40723,66,74,-8,8
40724,92,98,-6,6
40725,50,53,-3,3
40726,83,89,-6,6
40727,98,97,1,1
40728,72,72,0,0
40729,71,75,-4,4
40730,71,80,-9,9
40731,78,81,-3,3
40732,81,84,-3,3
40733,126,120,6,6
40734,71,68,3,3
40735,70,71,-1,1
40736,141,132,9,9
40737,75,70,5,5
40738,85,79,6,6
40739,89,89,0,0
40740,82,84,-2,2
40741,174,151,23,23
40742,77,75,2,2
40743,113,114,-1,1
40744,165,157,8,8
40745,55,57,-2,2
40746,94,83,11,11
40747,81,84,-3,3
40748,103,95,8,8
40749,87,80,7,7
40750,68,82,-14,14
40751,205,203,2,2
40752,85,84,1,1
40753,66,64,2,2
40754,68,67,1,1
40755,87,85,2,2
40756,101,91,10,10
40757,115,109,6,6
40758,69,67,2,2
40759,144,132,12,12
40760,97,95,2,2
40761,107,105,2,2
40762,88,100,-12,12
40763,138,126,12,12
40764,90,80,10,10
40765,129,133,-4,4
40766,66,65,1,1
40767,75,74,1,1
40768,118,108,10,10
40769,99,96,3,3
40770,77,73,4,4
40771,89,85,4,4
40772,95,94,1,1
40773,56,57,-1,1
40774,115,108,7,7
40775,59,62,-3,3
40776,117,112,5,5
40777,110,107,3,3
40778,120,99,21,21
40779,98,85,13,13
40780,121,118,3,3
40781,100,85,15,15
40782,85,82,3,3
40783,106,101,5,5
40784,165,147,18,18
40785,65,73,-8,8
40786,58,59,-1,1
40787,165,156,9,9
40788,56,61,-5,5
40789,62,70,-8,8
40790,85,79,6,6
40791,93,94,-1,1
40792,57,66,-9,9
40793,97,94,3,3
40794,96,98,-2,2
40795,45,49,-4,4
40796,114,108,6,6
40797,77,70,7,7
40798,77,81,-4,4
40799,89,83,6,6
40800,70,71,-1,1
40801,84,86,-2,2
40802,89,100,-11,11
40803,104,104,0,0
40804,88,86,2,2
40805,68,68,0,0
40806,67,71,-4,4
40807,51,51,0,0
40808,144,142,2,2
40809,135,126,9,9
40810,89,89,0,0
40811,122,113,9,9
40812,110,101,9,9
40813,81,81,0,0
40814,147,147,0,0
40815,60,61,-1,1
40816,137,139,-2,2
40817,110,107,3,3
40818,125,116,9,9
40819,89,92,-3,3
40820,129,134,-5,5
40821,70,63,7,7
40822,149,145,4,4
40823,72,77,-5,5
40824,96,98,-2,2
40825,76,80,-4,4
40826,154,143,11,11
40827,220,188,32,32
40828,106,105,1,1
40829,95,97,-2,2
40830,158,156,2,2
40831,140,133,7,7
40832,86,87,-1,1
40833,96,86,10,10
40834,100,93,7,7
40835,70,80,-10,10
40836,64,67,-3,3
40837,147,134,13,13
40838,75,76,-1,1
40839,80,74,6,6
40840,161,134,27,27
40841,83,98,-15,15
40842,89,77,12,12
40843,169,153,16,16
40844,85,84,1,1
40845,151,147,4,4
40846,85,77,8,8
40847,61,69,-8,8
40848,62,64,-2,2
40849,118,106,12,12
40850,97,92,5,5
40851,118,106,12,12
40852,104,88,16,16
40853,44,34,10,10
40854,101,94,7,7
40855,69,70,-1,1
40856,52,56,-4,4
40857,115,110,5,5
40858,56,58,-2,2
40859,110,115,-5,5
40860,96,112,-16,16
40861,88,84,4,4
40862,94,93,1,1
40863,60,61,-1,1
40864,108,102,6,6
40865,114,101,13,13
40866,87,85,2,2
40867,102,98,4,4
40868,75,71,4,4
40869,56,55,1,1
40870,123,121,2,2
40871,29,44,-15,15
40872,70,80,-10,10
40873,87,79,8,8
40874,48,63,-15,15
40875,108,99,9,9
40876,164,158,6,6
40877,125,109,16,16
40878,66,69,-3,3
40879,190,173,17,17
40880,91,85,6,6
40881,116,92,24,24
40882,96,91,5,5
40883,86,84,2,2
40884,157,157,0,0
40885,149,133,16,16
40886,54,56,-2,2
40887,81,79,2,2
40888,97,99,-2,2
40889,128,118,10,10
40890,96,97,-1,1
40891,121,118,3,3
40892,131,120,11,11
40893,133,115,18,18
40894,130,121,9,9
40895,97,87,10,10
40896,68,75,-7,7
40897,118,103,15,15
40898,91,86,5,5
40899,90,101,-11,11
40900,65,68,-3,3
40901,143,125,18,18
40902,80,68,12,12
40903,96,79,17,17
40904,104,93,11,11
40905,112,110,2,2
40906,86,86,0,0
40907,91,91,0,0
40908,205,168,37,37
40909,73,83,-10,10
40910,101,91,10,10
40911,73,76,-3,3
40912,90,85,5,5
40913,191,188,3,3
40914,90,89,1,1
40915,149,139,10,10
40916,73,81,-8,8
40917,152,145,7,7
40918,115,106,9,9
40919,88,93,-5,5
40920,86,82,4,4
40921,103,97,6,6
40922,37,34,3,3
40923,83,76,7,7
40924,76,68,8,8
40925,56,54,2,2
40926,130,121,9,9
40927,67,65,2,2
40928,78,73,5,5
40929,105,100,5,5
40930,101,92,9,9
40931,88,84,4,4
40932,83,85,-2,2
40933,108,106,2,2
40934,67,65,2,2
40935,107,98,9,9
40936,43,34,9,9
40937,71,78,-7,7
40938,99,90,9,9
40939,120,122,-2,2
40940,132,113,19,19
40941,30,34,-4,4
40942,88,85,3,3
40943,82,93,-11,11
40944,59,68,-9,9
40945,68,69,-1,1
40946,120,103,17,17
40947,60,61,-1,1
40948,103,95,8,8
40949,110,102,8,8
40950,114,104,10,10
40951,90,88,2,2
40952,192,173,19,19
40953,100,97,3,3
40954,119,115,4,4
40955,91,83,8,8
40956,98,94,4,4
40957,51,53,-2,2
40958,94,85,9,9
40959,98,98,0,0
40960,71,66,5,5
40961,106,115,-9,9
40962,78,80,-2,2
40963,66,73,-7,7
40964,79,81,-2,2
40965,85,85,0,0
40966,147,141,6,6
40967,68,68,0,0
40968,66,65,1,1
40969,81,80,1,1
40970,133,125,8,8
40971,120,110,10,10
40972,71,76,-5,5
40973,169,160,9,9
40974,159,144,15,15
40975,57,66,-9,9
40976,73,77,-4,4
40977,44,42,2,2
40978,85,86,-1,1
40979,49,65,-16,16
40980,54,53,1,1
40981,89,81,8,8
40982,62,70,-8,8
40983,88,86,2,2
40984,93,99,-6,6
40985,66,68,-2,2
40986,69,70,-1,1
40987,138,145,-7,7
40988,88,86,2,2
40989,102,102,0,0
40990,45,45,0,0
40991,48,50,-2,2
40992,106,108,-2,2
40993,158,129,29,29
40994,125,116,9,9
40995,64,78,-14,14
40996,153,148,5,5
40997,66,67,-1,1
40998,87,88,-1,1
40999,90,86,4,4
41000,105,103,2,2
41001,51,52,-1,1
41002,148,128,20,20
41003,123,126,-3,3
41004,59,62,-3,3
41005,88,74,14,14
41006,91,91,0,0
41007,77,79,-2,2
41008,98,92,6,6
41009,84,85,-1,1
41010,97,88,9,9
41011,129,114,15,15
41012,158,151,7,7
41013,99,99,0,0
41014,153,148,5,5
41015,140,116,24,24
41016,97,92,5,5
41017,116,114,2,2
41018,108,99,9,9
41019,117,112,5,5
41020,112,104,8,8
41021,70,71,-1,1
41022,117,117,0,0
41023,186,174,12,12
41024,88,86,2,2
41025,40,41,-1,1
41026,69,72,-3,3
41027,138,116,22,22
41028,68,72,-4,4
41029,194,165,29,29
41030,141,131,10,10
41031,66,79,-13,13
41032,87,93,-6,6
41033,112,105,7,7
41034,120,105,15,15
41035,117,106,11,11
41036,116,118,-2,2
41037,113,118,-5,5
41038,109,117,-8,8
41039,116,109,7,7
41040,107,98,9,9
41041,156,139,17,17
41042,54,58,-4,4
41043,96,89,7,7
41044,116,107,9,9
41045,105,96,9,9
41046,53,49,4,4
41047,146,132,14,14
41048,111,116,-5,5
41049,55,54,1,1
41050,130,120,10,10
41051,89,87,2,2
41052,99,108,-9,9
41053,101,87,14,14
41054,107,105,2,2
41055,56,61,-5,5
41056,72,75,-3,3
41057,141,131,10,10
41058,49,57,-8,8
41059,50,42,8,8
41060,106,92,14,14
41061,71,69,2,2
41062,82,95,-13,13
41063,112,101,11,11
41064,114,112,2,2
41065,91,92,-1,1
41066,79,78,1,1
41067,87,88,-1,1
41068,72,68,4,4
41069,140,135,5,5
41070,79,86,-7,7
41071,103,94,9,9
41072,105,102,3,3
41073,80,80,0,0
41074,63,65,-2,2
41075,89,86,3,3
41076,58,64,-6,6
41077,71,68,3,3
41078,91,93,-2,2
41079,64,59,5,5
41080,134,125,9,9
41081,144,135,9,9
41082,46,66,-20,20
41083,79,86,-7,7
41084,137,118,19,19
41085,71,72,-1,1
41086,88,83,5,5
41087,99,92,7,7
41088,77,79,-2,2
41089,71,74,-3,3
41090,66,66,0,0
41091,57,64,-7,7
41092,107,103,4,4
41093,157,150,7,7
41094,59,66,-7,7
41095,107,114,-7,7
41096,150,134,16,16
41097,97,95,2,2
41098,56,60,-4,4
41099,122,115,7,7
41100,118,100,18,18
41101,98,80,18,18
41102,87,90,-3,3
41103,84,69,15,15
41104,67,66,1,1
41105,97,95,2,2
41106,110,108,2,2
41107,75,76,-1,1
41108,49,55,-6,6
41109,121,128,-7,7
41110,124,114,10,10
41111,86,83,3,3
41112,91,89,2,2
41113,74,70,4,4
41114,87,77,10,10
41115,61,66,-5,5
41116,76,80,-4,4
41117,169,165,4,4
41118,79,78,1,1
41119,85,91,-6,6
41120,129,116,13,13
41121,68,70,-2,2
41122,88,108,-20,20
41123,136,121,15,15
41124,81,84,-3,3
41125,143,143,0,0
41126,66,68,-2,2
41127,90,94,-4,4
41128,69,70,-1,1
41129,129,127,2,2
41130,77,84,-7,7
41131,128,123,5,5
41132,110,108,2,2
41133,125,119,6,6
41134,82,79,3,3
41135,147,132,15,15
41136,77,80,-3,3
41137,81,71,10,10
41138,91,86,5,5
41139,106,90,16,16
41140,65,70,-5,5
41141,59,60,-1,1
41142,107,108,-1,1
41143,75,81,-6,6
41144,86,96,-10,10
41145,92,91,1,1
41146,87,85,2,2
41147,115,119,-4,4
41148,70,73,-3,3
41149,78,72,6,6
41150,77,74,3,3
41151,142,145,-3,3
41152,161,151,10,10
41153,145,126,19,19
41154,102,97,5,5
41155,68,70,-2,2
41156,81,85,-4,4
41157,92,84,8,8
41158,91,91,0,0
41159,87,85,2,2
41160,168,158,10,10
41161,58,60,-2,2
41162,119,99,20,20
41163,55,52,3,3
41164,69,71,-2,2
41165,69,71,-2,2
41166,99,98,1,1
41167,72,73,-1,1
41168,82,86,-4,4
41169,134,124,10,10
41170,88,80,8,8
41171,61,68,-7,7
41172,77,79,-2,2
41173,106,105,1,1
41174,89,89,0,0
41175,90,86,4,4
41176,102,106,-4,4
41177,77,75,2,2
41178,63,66,-3,3
41179,76,76,0,0
41180,67,63,4,4
41181,64,75,-11,11
41182,66,70,-4,4
41183,126,119,7,7
41184,91,96,-5,5
41185,148,125,23,23
41186,111,103,8,8
41187,58,67,-9,9
41188,93,85,8,8
41189,80,76,4,4
41190,173,157,16,16
41191,80,76,4,4
41192,117,108,9,9
41193,69,62,7,7
41194,115,111,4,4
41195,122,107,15,15
41196,76,79,-3,3
41197,89,73,16,16
41198,92,106,-14,14
41199,101,98,3,3
41200,156,141,15,15
41201,88,86,2,2
41202,61,61,0,0
41203,80,76,4,4
41204,128,119,9,9
41205,101,93,8,8
41206,114,107,7,7
41207,142,120,22,22
41208,53,53,0,0
41209,138,126,12,12
41210,49,51,-2,2
41211,146,124,22,22
41212,91,86,5,5
41213,136,137,-1,1
41214,60,70,-10,10
41215,147,133,14,14
41216,86,83,3,3
41217,71,71,0,0
41218,127,149,-22,22
41219,62,68,-6,6
41220,109,100,9,9
41221,69,71,-2,2
41222,186,175,11,11
41223,44,49,-5,5
41224,39,34,5,5
41225,89,91,-2,2
41226,113,112,1,1
41227,65,66,-1,1
41228,63,70,-7,7
41229,61,67,-6,6
41230,132,120,12,12
41231,70,75,-5,5
41232,179,168,11,11
41233,103,106,-3,3
41234,118,106,12,12
41235,71,71,0,0
41236,156,136,20,20
41237,95,89,6,6
41238,108,109,-1,1
41239,92,91,1,1
41240,125,110,15,15
41241,103,88,15,15
41242,87,76,11,11
41243,57,68,-11,11
41244,95,91,4,4
41245,207,205,2,2
41246,72,76,-4,4
41247,158,149,9,9
41248,78,77,1,1
41249,59,65,-6,6
41250,77,70,7,7
41251,78,72,6,6
41252,120,105,15,15
41253,137,126,11,11
41254,71,64,7,7
41255,117,109,8,8
41256,97,92,5,5
41257,108,105,3,3
41258,64,69,-5,5
41259,125,113,12,12
41260,57,51,6,6
41261,47,54,-7,7
41262,110,96,14,14
41263,173,171,2,2
41264,70,67,3,3
41265,112,104,8,8
41266,69,71,-2,2
41267,95,87,8,8
41268,50,52,-2,2
41269,60,63,-3,3
41270,108,106,2,2
41271,88,87,1,1
41272,141,155,-14,14
41273,65,68,-3,3
41274,111,119,-8,8
41275,110,96,14,14
41276,156,126,30,30
41277,70,86,-16,16
41278,77,86,-9,9
41279,111,106,5,5
41280,77,77,0,0
41281,132,140,-8,8
41282,94,84,10,10
41283,87,91,-4,4
41284,71,78,-7,7
41285,69,77,-8,8
41286,57,61,-4,4
41287,63,67,-4,4
41288,170,162,8,8
41289,99,93,6,6
41290,91,91,0,0
41291,75,80,-5,5
41292,155,145,10,10
41293,169,150,19,19
41294,121,106,15,15
41295,56,60,-4,4
41296,73,75,-2,2
41297,142,79,63,63
41298,76,83,-7,7
41299,117,112,5,5
41300,113,114,-1,1
41301,63,59,4,4
41302,146,128,18,18
41303,71,68,3,3
41304,68,67,1,1
41305,96,93,3,3
41306,64,70,-6,6
41307,79,70,9,9
41308,77,75,2,2
41309,54,61,-7,7
41310,81,84,-3,3
41311,106,105,1,1
41312,130,116,14,14
41313,63,64,-1,1
41314,74,77,-3,3
41315,87,88,-1,1
41316,97,92,5,5
41317,136,140,-4,4
41318,78,74,4,4
41319,114,100,14,14
41320,172,187,-15,15
41321,69,84,-15,15
41322,55,64,-9,9
41323,68,67,1,1
41324,84,80,4,4
41325,64,60,4,4
41326,44,51,-7,7
41327,98,90,8,8
41328,118,119,-1,1
41329,115,103,12,12
41330,151,141,10,10
41331,66,67,-1,1
41332,150,128,22,22
41333,94,86,8,8
41334,83,87,-4,4
41335,138,122,16,16
41336,96,92,4,4
41337,117,109,8,8
41338,32,34,-2,2
41339,167,155,12,12
41340,162,143,19,19
41341,120,121,-1,1
41342,84,86,-2,2
41343,64,65,-1,1
41344,147,135,12,12
41345,74,76,-2,2
41346,42,56,-14,14
41347,65,76,-11,11
41348,87,81,6,6
41349,101,104,-3,3
41350,64,63,1,1
41351,54,65,-11,11
41352,99,100,-1,1
41353,60,67,-7,7
41354,62,65,-3,3
41355,134,119,15,15
41356,79,80,-1,1
41357,74,72,2,2
41358,103,109,-6,6
41359,160,156,4,4
41360,103,95,8,8
41361,96,95,1,1
41362,66,62,4,4
41363,72,67,5,5
41364,69,74,-5,5
41365,115,108,7,7
41366,74,69,5,5
41367,47,54,-7,7
41368,116,100,16,16
41369,75,82,-7,7
41370,74,85,-11,11
41371,138,128,10,10
41372,83,83,0,0
41373,78,82,-4,4
41374,144,129,15,15
41375,94,88,6,6
41376,91,84,7,7
41377,97,100,-3,3
41378,79,77,2,2
41379,87,85,2,2
41380,50,58,-8,8
41381,61,61,0,0
41382,66,76,-10,10
41383,83,80,3,3
41384,69,67,2,2
41385,117,99,18,18
41386,123,111,12,12
41387,152,125,27,27
41388,53,57,-4,4
41389,41,67,-26,26
41390,120,107,13,13
41391,50,58,-8,8
41392,103,101,2,2
41393,59,75,-16,16
41394,146,118,28,28
41395,74,68,6,6
41396,119,109,10,10
41397,100,98,2,2
41398,109,96,13,13
41399,140,123,17,17
41400,104,100,4,4
41401,118,120,-2,2
41402,129,114,15,15
41403,62,65,-3,3
41404,80,83,-3,3
41405,67,69,-2,2
41406,45,51,-6,6
41407,111,108,3,3
41408,110,108,2,2
41409,68,73,-5,5
41410,84,95,-11,11
41411,132,111,21,21
41412,67,68,-1,1
41413,66,68,-2,2
41414,53,65,-12,12
41415,88,87,1,1
41416,115,115,0,0
41417,142,140,2,2
41418,134,131,3,3
41419,108,103,5,5
41420,63,69,-6,6
41421,68,63,5,5
41422,96,85,11,11
41423,73,76,-3,3
41424,88,88,0,0
41425,107,94,13,13
41426,114,128,-14,14
41427,132,126,6,6
41428,64,73,-9,9
41429,73,70,3,3
41430,109,97,12,12
41431,65,65,0,0
41432,138,108,30,30
41433,103,93,10,10
41434,132,118,14,14
41435,67,68,-1,1
41436,70,72,-2,2
41437,114,127,-13,13
41438,54,62,-8,8
41439,87,78,9,9
41440,57,65,-8,8
41441,163,158,5,5
41442,83,85,-2,2
41443,48,50,-2,2
41444,62,69,-7,7
41445,110,99,11,11
41446,64,65,-1,1
41447,154,143,11,11
41448,119,110,9,9
41449,81,88,-7,7
41450,76,77,-1,1
41451,125,100,25,25
41452,82,78,4,4
41453,140,131,9,9
41454,58,57,1,1
41455,90,83,7,7
41456,94,85,9,9
41457,70,74,-4,4
41458,126,111,15,15
41459,42,47,-5,5
41460,96,81,15,15
41461,144,124,20,20
41462,84,76,8,8
41463,91,87,4,4
41464,89,84,5,5
41465,68,72,-4,4
41466,74,74,0,0
41467,73,72,1,1
41468,95,84,11,11
41469,141,125,16,16
41470,144,126,18,18
41471,115,112,3,3
41472,126,107,19,19
41473,81,78,3,3
41474,70,67,3,3
41475,101,99,2,2
41476,36,34,2,2
41477,103,96,7,7
41478,50,57,-7,7
41479,108,93,15,15
41480,168,168,0,0
41481,89,95,-6,6
41482,128,118,10,10
41483,87,77,10,10
41484,72,62,10,10
41485,166,155,11,11
41486,75,72,3,3
41487,116,112,4,4
41488,66,67,-1,1
41489,89,93,-4,4
41490,72,78,-6,6
41491,103,114,-11,11
41492,82,83,-1,1
41493,108,106,2,2
41494,115,99,16,16
41495,154,165,-11,11
41496,96,96,0,0
41497,70,71,-1,1
41498,105,97,8,8
41499,103,105,-2,2
41500,80,84,-4,4
41501,167,138,29,29
41502,131,128,3,3
41503,87,86,1,1
41504,83,84,-1,1
41505,221,200,21,21
41506,67,67,0,0
41507,114,107,7,7
41508,88,79,9,9
41509,80,75,5,5
41510,183,167,16,16
41511,67,72,-5,5
41512,172,157,15,15
41513,56,55,1,1
41514,60,62,-2,2
41515,60,60,0,0
41516,77,80,-3,3
41517,85,76,9,9
41518,64,69,-5,5
41519,88,90,-2,2
41520,143,120,23,23
41521,148,142,6,6
41522,73,73,0,0
41523,97,96,1,1
41524,85,92,-7,7
41525,62,60,2,2
41526,82,77,5,5
41527,63,60,3,3
41528,55,57,-2,2
41529,133,120,13,13
41530,96,97,-1,1
41531,98,94,4,4
41532,67,68,-1,1
41533,104,106,-2,2
41534,118,151,-33,33
41535,83,91,-8,8
41536,110,111,-1,1
41537,138,125,13,13
41538,79,75,4,4
41539,75,69,6,6
41540,67,68,-1,1
41541,59,63,-4,4
41542,63,59,4,4
41543,125,115,10,10
41544,156,152,4,4
41545,88,80,8,8
41546,106,99,7,7
41547,88,84,4,4
41548,126,123,3,3
41549,71,77,-6,6
41550,109,103,6,6
41551,61,95,-34,34
41552,100,101,-1,1
41553,157,127,30,30
41554,168,157,11,11
41555,110,103,7,7
41556,92,94,-2,2
41557,118,123,-5,5
41558,159,155,4,4
41559,67,68,-1,1
41560,78,86,-8,8
41561,93,93,0,0
41562,76,73,3,3
41563,156,141,15,15
41564,63,72,-9,9
41565,87,83,4,4
41566,79,76,3,3
41567,56,60,-4,4
41568,65,66,-1,1
41569,99,99,0,0
41570,90,80,10,10
41571,108,109,-1,1
41572,59,61,-2,2
41573,48,73,-25,25
41574,73,72,1,1
41575,111,99,12,12
41576,69,69,0,0
41577,149,124,25,25
41578,87,77,10,10
41579,87,79,8,8
41580,85,80,5,5
41581,112,96,16,16
41582,78,93,-15,15
41583,74,78,-4,4
41584,85,84,1,1
41585,77,82,-5,5
41586,113,99,14,14
41587,106,102,4,4
41588,61,71,-10,10
41589,82,88,-6,6
41590,115,114,1,1
41591,51,57,-6,6
41592,109,91,18,18
41593,61,62,-1,1
41594,60,66,-6,6
41595,129,119,10,10
41596,152,124,28,28
41597,90,84,6,6
41598,204,187,17,17
41599,95,86,9,9
41600,81,84,-3,3
41601,75,75,0,0
41602,95,87,8,8
41603,108,104,4,4
41604,140,125,15,15
41605,47,45,2,2
41606,92,80,12,12
41607,127,124,3,3
41608,64,72,-8,8
41609,86,74,12,12
41610,83,77,6,6
41611,86,92,-6,6
41612,110,105,5,5
41613,128,128,0,0
41614,152,141,11,11
41615,106,109,-3,3
41616,71,74,-3,3
41617,70,76,-6,6
41618,71,70,1,1
41619,80,86,-6,6
41620,10,22,-12,12
41621,95,85,10,10
41622,88,83,5,5
41623,55,36,19,19
41624,96,81,15,15
41625,114,97,17,17
41626,113,103,10,10
41627,115,104,11,11
41628,50,54,-4,4
41629,130,125,5,5
41630,130,122,8,8
41631,85,81,4,4
41632,72,72,0,0
41633,177,162,15,15
41634,90,94,-4,4
41635,131,135,-4,4
41636,68,73,-5,5
41637,46,55,-9,9
41638,96,95,1,1
41639,161,144,17,17
41640,60,62,-2,2
41641,73,76,-3,3
41642,50,57,-7,7
41643,60,54,6,6
41644,122,115,7,7
41645,136,121,15,15
41646,90,82,8,8
41647,131,121,10,10
41648,95,87,8,8
41649,66,70,-4,4
41650,105,108,-3,3
41651,82,79,3,3
41652,107,104,3,3
41653,61,61,0,0
41654,136,119,17,17
41655,128,134,-6,6
41656,66,74,-8,8
41657,125,119,6,6
41658,69,68,1,1
41659,68,78,-10,10
41660,84,84,0,0
41661,47,58,-11,11
41662,77,77,0,0
41663,113,103,10,10
41664,155,151,4,4
41665,88,92,-4,4
41666,76,75,1,1
41667,104,142,-38,38
41668,43,46,-3,3
41669,69,75,-6,6
41670,94,101,-7,7
41671,121,114,7,7
41672,178,161,17,17
41673,69,65,4,4
41674,113,112,1,1
41675,118,111,7,7
41676,86,84,2,2
41677,71,71,0,0
41678,112,107,5,5
41679,114,102,12,12
41680,68,64,4,4
41681,75,74,1,1
41682,103,95,8,8
41683,71,74,-3,3
41684,57,59,-2,2
41685,88,85,3,3
41686,165,148,17,17
41687,79,74,5,5
41688,133,129,4,4
41689,125,111,14,14
41690,91,104,-13,13
41691,117,115,2,2
41692,108,99,9,9
41693,101,97,4,4
41694,61,64,-3,3
41695,170,151,19,19
41696,152,138,14,14
41697,86,85,1,1
41698,89,87,2,2
41699,137,127,10,10
41700,107,103,4,4
41701,145,131,14,14
41702,152,151,1,1
41703,89,77,12,12
41704,81,79,2,2
41705,102,102,0,0
41706,85,90,-5,5
41707,70,72,-2,2
41708,85,83,2,2
41709,105,99,6,6
41710,79,70,9,9
41711,55,66,-11,11
41712,94,90,4,4
41713,49,59,-10,10
41714,42,41,1,1
41715,302,243,59,59
41716,116,105,11,11
41717,68,69,-1,1
41718,81,83,-2,2
41719,98,106,-8,8
41720,120,104,16,16
41721,135,134,1,1
41722,85,87,-2,2
41723,76,79,-3,3
41724,125,116,9,9
41725,26,27,-1,1
41726,111,91,20,20
41727,152,132,20,20
41728,85,81,4,4
41729,99,100,-1,1
41730,98,90,8,8
41731,99,97,2,2
41732,81,76,5,5
41733,98,106,-8,8
41734,101,86,15,15
41735,64,68,-4,4
41736,185,174,11,11
41737,97,96,1,1
41738,93,98,-5,5
41739,65,68,-3,3
41740,89,88,1,1
41741,53,60,-7,7
41742,96,91,5,5
41743,133,123,10,10
41744,149,125,24,24
41745,155,140,15,15
41746,86,79,7,7
41747,64,65,-1,1
41748,133,120,13,13
41749,119,124,-5,5
41750,70,75,-5,5
41751,57,61,-4,4
41752,56,65,-9,9
41753,55,58,-3,3
41754,57,63,-6,6
41755,106,104,2,2
41756,85,91,-6,6
41757,80,81,-1,1
41758,71,83,-12,12
41759,79,93,-14,14
41760,72,76,-4,4
41761,67,63,4,4
41762,200,181,19,19
41763,55,61,-6,6
41764,103,100,3,3
41765,80,78,2,2
41766,113,111,2,2
41767,34,69,-35,35
41768,77,80,-3,3
41769,145,139,6,6
41770,143,145,-2,2
41771,100,94,6,6
41772,53,40,13,13
41773,61,87,-26,26
41774,109,112,-3,3
41775,86,77,9,9
41776,72,74,-2,2
41777,86,91,-5,5
41778,115,121,-6,6
41779,74,79,-5,5
41780,85,83,2,2
41781,97,90,7,7
41782,111,105,6,6
41783,63,79,-16,16
41784,104,103,1,1
41785,101,97,4,4
41786,110,101,9,9
41787,72,78,-6,6
41788,128,120,8,8
41789,74,85,-11,11
41790,108,96,12,12
41791,110,104,6,6
41792,68,67,1,1
41793,41,34,7,7
41794,153,155,-2,2
41795,115,114,1,1
41796,58,64,-6,6
41797,45,67,-22,22
41798,92,89,3,3
41799,57,62,-5,5
41800,125,112,13,13
41801,82,85,-3,3
41802,61,64,-3,3
41803,148,134,14,14
41804,72,71,1,1
41805,108,105,3,3
41806,97,106,-9,9
41807,134,119,15,15
41808,50,52,-2,2
41809,66,67,-1,1
41810,61,57,4,4
41811,91,85,6,6
41812,133,121,12,12
41813,131,110,21,21
41814,67,76,-9,9
41815,112,104,8,8
41816,100,108,-8,8
41817,193,176,17,17
41818,90,83,7,7
41819,77,74,3,3
41820,80,80,0,0
41821,117,110,7,7
41822,87,88,-1,1
41823,64,70,-6,6
41824,61,64,-3,3
41825,120,121,-1,1
41826,119,114,5,5
41827,137,120,17,17
41828,54,55,-1,1
41829,162,142,20,20
41830,152,158,-6,6
41831,69,64,5,5
41832,80,76,4,4
41833,92,90,2,2
41834,96,86,10,10
41835,107,106,1,1
41836,71,75,-4,4
41837,83,86,-3,3
41838,89,91,-2,2
41839,121,112,9,9
41840,81,84,-3,3
41841,112,111,1,1
41842,147,129,18,18
41843,62,63,-1,1
41844,129,120,9,9
41845,74,79,-5,5
41846,168,142,26,26
41847,47,38,9,9
41848,128,129,-1,1
41849,49,57,-8,8
41850,56,61,-5,5
41851,89,81,8,8
41852,67,70,-3,3
41853,68,77,-9,9
41854,114,110,4,4
41855,137,143,-6,6
41856,122,114,8,8
41857,74,75,-1,1
41858,67,65,2,2
41859,129,121,8,8
41860,139,136,3,3
41861,62,67,-5,5
41862,100,96,4,4
41863,88,82,6,6
41864,64,66,-2,2
41865,92,83,9,9
41866,119,131,-12,12
41867,81,80,1,1
41868,59,63,-4,4
41869,106,98,8,8
41870,94,76,18,18
41871,112,101,11,11
41872,80,81,-1,1
41873,101,107,-6,6
41874,135,123,12,12
41875,135,121,14,14
41876,104,93,11,11
41877,85,84,1,1
41878,176,160,16,16
41879,79,78,1,1
41880,69,66,3,3
41881,41,34,7,7
41882,47,43,4,4
41883,67,71,-4,4
41884,69,75,-6,6
41885,51,56,-5,5
41886,73,86,-13,13
41887,108,100,8,8
41888,47,34,13,13
41889,120,124,-4,4
41890,117,108,9,9
41891,91,97,-6,6
41892,110,113,-3,3
41893,82,77,5,5
41894,97,94,3,3
41895,92,89,3,3
41896,72,72,0,0
41897,74,67,7,7
41898,80,93,-13,13
41899,49,50,-1,1
41900,133,120,13,13
41901,85,85,0,0
41902,116,109,7,7
41903,72,68,4,4
41904,125,118,7,7
41905,91,89,2,2
41906,103,97,6,6
41907,110,104,6,6
41908,102,100,2,2
41909,111,99,12,12
41910,50,64,-14,14
41911,50,52,-2,2
41912,106,101,5,5
41913,79,78,1,1
41914,138,118,20,20
41915,110,114,-4,4
41916,59,64,-5,5
41917,72,71,1,1
41918,190,163,27,27
41919,93,87,6,6
41920,47,43,4,4
41921,46,59,-13,13
41922,135,125,10,10
41923,56,70,-14,14
41924,67,67,0,0
41925,101,96,5,5
41926,78,76,2,2
41927,61,72,-11,11
41928,43,55,-12,12
41929,142,140,2,2
41930,88,92,-4,4
41931,119,113,6,6
41932,146,125,21,21
41933,93,95,-2,2
41934,109,106,3,3
41935,105,100,5,5
41936,98,99,-1,1
41937,75,73,2,2
41938,78,81,-3,3
41939,101,107,-6,6
41940,88,102,-14,14
41941,133,136,-3,3
41942,66,66,0,0
41943,101,93,8,8
41944,94,97,-3,3
41945,86,82,4,4
41946,95,86,9,9
41947,96,100,-4,4
41948,83,80,3,3
41949,119,95,24,24
41950,116,114,2,2
41951,92,85,7,7
41952,89,94,-5,5
41953,215,216,-1,1
41954,96,92,4,4
41955,138,125,13,13
41956,73,74,-1,1
41957,72,78,-6,6
41958,83,92,-9,9
41959,119,110,9,9
41960,83,81,2,2
41961,140,123,17,17
41962,164,143,21,21
41963,105,95,10,10
41964,109,95,14,14
41965,100,93,7,7
41966,95,94,1,1
41967,85,77,8,8
41968,83,82,1,1
41969,148,136,12,12
41970,95,97,-2,2
41971,110,120,-10,10
41972,104,111,-7,7
41973,125,136,-11,11
41974,110,119,-9,9
41975,109,103,6,6
41976,87,79,8,8
41977,166,158,8,8
41978,68,81,-13,13
41979,104,89,15,15
41980,127,100,27,27
41981,60,66,-6,6
41982,106,94,12,12
41983,58,63,-5,5
41984,59,60,-1,1
41985,98,92,6,6
41986,150,149,1,1
41987,107,111,-4,4
41988,75,80,-5,5
41989,95,94,1,1
41990,82,80,2,2
41991,101,87,14,14
41992,63,70,-7,7
41993,81,68,13,13
41994,60,64,-4,4
41995,121,113,8,8
41996,110,97,13,13
41997,73,77,-4,4
41998,62,71,-9,9
41999,66,70,-4,4
42000,87,91,-4,4
42001,130,133,-3,3
42002,84,86,-2,2
42003,142,133,9,9
42004,61,65,-4,4
42005,109,105,4,4
42006,147,130,17,17
42007,37,60,-23,23
42008,246,192,54,54
42009,61,68,-7,7
42010,111,104,7,7
42011,92,93,-1,1
42012,133,138,-5,5
42013,161,141,20,20
42014,128,131,-3,3
42015,73,67,6,6
42016,115,111,4,4
42017,159,148,11,11
42018,75,73,2,2
42019,85,94,-9,9
42020,79,80,-1,1
42021,103,94,9,9
42022,109,102,7,7
42023,89,86,3,3
42024,158,152,6,6
42025,86,88,-2,2
42026,114,98,16,16
42027,145,132,13,13
42028,83,77,6,6
42029,142,137,5,5
42030,48,57,-9,9
42031,69,73,-4,4
42032,90,102,-12,12
42033,152,135,17,17
42034,72,76,-4,4
42035,93,91,2,2
42036,59,63,-4,4
42037,142,130,12,12
42038,95,84,11,11
42039,152,132,20,20
42040,87,88,-1,1
42041,79,65,14,14
42042,80,78,2,2
42043,89,89,0,0
42044,74,71,3,3
42045,78,75,3,3
42046,100,95,5,5
42047,92,92,0,0
42048,135,129,6,6
42049,112,109,3,3
42050,109,108,1,1
42051,86,76,10,10
42052,80,76,4,4
42053,92,102,-10,10
42054,93,89,4,4
42055,111,111,0,0
42056,64,67,-3,3
42057,96,79,17,17
42058,79,92,-13,13
42059,148,157,-9,9
42060,74,82,-8,8
42061,91,79,12,12
42062,85,82,3,3
42063,104,95,9,9
42064,132,131,1,1
42065,75,84,-9,9
42066,175,170,5,5
42067,77,69,8,8
42068,92,93,-1,1
42069,150,139,11,11
42070,35,34,1,1
42071,79,69,10,10
42072,57,65,-8,8
42073,70,60,10,10
42074,117,128,-11,11
42075,84,82,2,2
42076,51,76,-25,25
42077,88,90,-2,2
42078,83,84,-1,1
42079,89,79,10,10
42080,79,79,0,0
42081,76,78,-2,2
42082,50,61,-11,11
42083,102,93,9,9
42084,111,121,-10,10
42085,82,85,-3,3
42086,114,118,-4,4
42087,99,90,9,9
42088,111,103,8,8
42089,99,101,-2,2
42090,68,65,3,3
42091,159,136,23,23
42092,78,78,0,0
42093,43,56,-13,13
42094,64,67,-3,3
42095,77,83,-6,6
42096,38,34,4,4
42097,39,34,5,5
42098,87,92,-5,5
42099,89,82,7,7
42100,101,98,3,3
42101,115,108,7,7
42102,101,95,6,6
42103,52,62,-10,10
42104,68,73,-5,5
42105,57,62,-5,5
42106,97,86,11,11
42107,80,85,-5,5
42108,95,92,3,3
42109,155,140,15,15
42110,74,74,0,0
42111,104,94,10,10
42112,63,71,-8,8
42113,28,33,-5,5
42114,96,92,4,4
42115,104,103,1,1
42116,118,110,8,8
42117,81,74,7,7
42118,58,63,-5,5
42119,85,89,-4,4
42120,59,66,-7,7
42121,91,99,-8,8
42122,120,106,14,14
42123,58,40,18,18
42124,89,76,13,13
42125,101,101,0,0
42126,89,84,5,5
42127,68,61,7,7
42128,122,106,16,16
42129,71,76,-5,5
42130,71,70,1,1
42131,75,96,-21,21
42132,130,129,1,1
42133,103,88,15,15
42134,114,107,7,7
42135,145,136,9,9
42136,108,100,8,8
42137,102,100,2,2
42138,107,98,9,9
42139,97,93,4,4
42140,94,84,10,10
42141,70,72,-2,2
42142,91,90,1,1
42143,92,94,-2,2
42144,60,66,-6,6
42145,83,83,0,0
42146,92,83,9,9
42147,106,107,-1,1
42148,47,62,-15,15
42149,72,68,4,4
42150,137,125,12,12
42151,69,72,-3,3
42152,69,62,7,7
42153,123,113,10,10
42154,77,80,-3,3
42155,74,67,7,7
42156,144,142,2,2
42157,132,126,6,6
42158,109,101,8,8
42159,93,92,1,1
42160,56,56,0,0
42161,125,116,9,9
42162,54,65,-11,11
42163,127,113,14,14
42164,96,93,3,3
42165,106,92,14,14
42166,98,95,3,3
42167,97,93,4,4
42168,65,68,-3,3
42169,91,83,8,8
42170,90,90,0,0
42171,135,120,15,15
42172,109,115,-6,6
42173,101,95,6,6
42174,80,78,2,2
42175,105,107,-2,2
42176,64,66,-2,2
42177,155,147,8,8
42178,119,116,3,3
42179,76,68,8,8
42180,122,110,12,12
42181,59,64,-5,5
42182,63,65,-2,2
42183,92,94,-2,2
42184,101,96,5,5
42185,100,94,6,6
42186,88,92,-4,4
42187,98,94,4,4
42188,153,132,21,21
42189,92,86,6,6
42190,76,73,3,3
42191,110,102,8,8
42192,86,90,-4,4
42193,130,121,9,9
42194,126,124,2,2
42195,78,72,6,6
42196,77,76,1,1
42197,104,104,0,0
42198,126,130,-4,4
42199,79,76,3,3
42200,117,123,-6,6
42201,45,49,-4,4
42202,100,99,1,1
42203,83,69,14,14
42204,134,128,6,6
42205,83,77,6,6
42206,90,94,-4,4
42207,86,90,-4,4
42208,89,86,3,3
42209,60,68,-8,8
42210,78,77,1,1
42211,120,120,0,0
42212,72,76,-4,4
42213,104,101,3,3
42214,188,168,20,20
42215,93,89,4,4
42216,159,141,18,18
42217,80,78,2,2
42218,96,98,-2,2
42219,114,111,3,3
42220,113,110,3,3
42221,62,72,-10,10
42222,140,132,8,8
42223,157,139,18,18
42224,61,69,-8,8
42225,95,101,-6,6
42226,130,125,5,5
42227,134,135,-1,1
42228,84,86,-2,2
42229,83,81,2,2
42230,96,95,1,1
42231,85,81,4,4
42232,117,119,-2,2
42233,49,54,-5,5
42234,55,57,-2,2
42235,116,96,20,20
42236,65,68,-3,3
42237,86,84,2,2
42238,58,71,-13,13
42239,55,62,-7,7
42240,109,101,8,8
42241,109,94,15,15
42242,115,109,6,6
42243,131,106,25,25
42244,79,81,-2,2
42245,74,78,-4,4
42246,114,106,8,8
42247,125,110,15,15
42248,90,80,10,10
42249,81,82,-1,1
42250,109,101,8,8
42251,90,84,6,6
42252,58,53,5,5
42253,67,71,-4,4
42254,88,79,9,9
42255,71,84,-13,13
42256,118,127,-9,9
42257,109,107,2,2
42258,75,93,-18,18
42259,38,34,4,4
42260,173,159,14,14
42261,153,148,5,5
42262,66,62,4,4
42263,58,63,-5,5
42264,44,40,4,4
42265,86,79,7,7
42266,100,95,5,5
42267,86,87,-1,1
42268,106,101,5,5
42269,80,77,3,3
42270,84,80,4,4
42271,76,75,1,1
42272,96,89,7,7
42273,90,89,1,1
42274,116,119,-3,3
42275,196,162,34,34
42276,103,97,6,6
42277,95,97,-2,2
42278,68,68,0,0
42279,96,84,12,12
42280,109,98,11,11
42281,86,89,-3,3
42282,174,165,9,9
42283,78,83,-5,5
42284,47,54,-7,7
42285,96,92,4,4
42286,92,91,1,1
42287,79,70,9,9
42288,85,81,4,4
42289,113,113,0,0
42290,96,93,3,3
42291,80,78,2,2
42292,43,34,9,9
42293,93,98,-5,5
42294,63,72,-9,9
42295,96,88,8,8
42296,103,101,2,2
42297,53,63,-10,10
42298,99,91,8,8
42299,79,81,-2,2
42300,70,68,2,2
42301,106,94,12,12
42302,104,138,-34,34
42303,141,134,7,7
42304,99,86,13,13
42305,96,90,6,6
42306,55,55,0,0
42307,99,96,3,3
42308,116,114,2,2
42309,64,90,-26,26
42310,152,130,22,22
42311,63,69,-6,6
42312,78,75,3,3
42313,123,132,-9,9
42314,126,119,7,7
42315,79,73,6,6
42316,92,76,16,16
42317,94,97,-3,3
42318,200,181,19,19
42319,157,153,4,4
42320,80,80,0,0
42321,57,62,-5,5
42322,141,133,8,8
42323,60,68,-8,8
42324,85,78,7,7
42325,54,50,4,4
42326,159,158,1,1
42327,150,131,19,19
42328,87,81,6,6
42329,47,64,-17,17
42330,96,93,3,3
42331,82,78,4,4
42332,74,70,4,4
42333,120,116,4,4
42334,109,90,19,19
42335,86,87,-1,1
42336,129,118,11,11
42337,196,179,17,17
42338,178,159,19,19
42339,105,96,9,9
42340,61,68,-7,7
42341,67,70,-3,3
42342,109,106,3,3
42343,111,120,-9,9
42344,52,66,-14,14
42345,89,81,8,8
42346,71,82,-11,11
42347,111,104,7,7
42348,40,33,7,7
42349,79,85,-6,6
42350,99,94,5,5
42351,96,93,3,3
42352,63,61,2,2
42353,103,119,-16,16
42354,97,107,-10,10
42355,90,90,0,0
42356,119,103,16,16
42357,176,157,19,19
42358,97,97,0,0
42359,131,134,-3,3
42360,86,75,11,11
42361,77,74,3,3
42362,84,82,2,2
42363,70,67,3,3
42364,109,106,3,3
42365,121,114,7,7
42366,125,134,-9,9
42367,150,120,30,30
42368,103,95,8,8
42369,151,127,24,24
42370,58,63,-5,5
42371,64,64,0,0
42372,122,118,4,4
42373,104,94,10,10
42374,92,86,6,6
42375,100,95,5,5
42376,142,126,16,16
42377,93,84,9,9
42378,120,108,12,12
42379,75,80,-5,5
42380,106,98,8,8
42381,60,63,-3,3
42382,83,84,-1,1
42383,98,94,4,4
42384,56,50,6,6
42385,37,34,3,3
42386,97,85,12,12
42387,152,141,11,11
42388,97,89,8,8
42389,76,73,3,3
42390,80,89,-9,9
42391,56,58,-2,2
42392,108,97,11,11
42393,128,107,21,21
42394,117,109,8,8
42395,103,96,7,7
42396,31,34,-3,3
42397,84,76,8,8
42398,92,91,1,1
42399,115,124,-9,9
42400,128,127,1,1
42401,128,118,10,10
42402,75,82,-7,7
42403,72,80,-8,8
42404,95,89,6,6
42405,56,61,-5,5
42406,83,86,-3,3
42407,97,100,-3,3
42408,109,95,14,14
42409,126,114,12,12
42410,135,134,1,1
42411,75,75,0,0
42412,73,71,2,2
42413,89,91,-2,2
42414,94,91,3,3
42415,81,79,2,2
42416,78,78,0,0
42417,79,73,6,6
42418,78,78,0,0
42419,105,108,-3,3
42420,112,106,6,6
42421,75,68,7,7
42422,98,95,3,3
42423,94,91,3,3
42424,56,65,-9,9
42425,92,86,6,6
42426,68,71,-3,3
42427,104,100,4,4
42428,144,120,24,24
42429,50,62,-12,12
42430,51,55,-4,4
42431,61,73,-12,12
42432,83,87,-4,4
42433,28,34,-6,6
42434,99,99,0,0
42435,83,86,-3,3
42436,162,143,19,19
42437,104,100,4,4
42438,88,90,-2,2
42439,95,88,7,7
42440,116,104,12,12
42441,144,127,17,17
42442,69,57,12,12
42443,102,109,-7,7
42444,116,111,5,5
42445,61,63,-2,2
42446,108,104,4,4
42447,55,59,-4,4
42448,142,130,12,12
42449,156,143,13,13
42450,129,114,15,15
42451,180,162,18,18
42452,111,113,-2,2
42453,179,170,9,9
42454,89,87,2,2
42455,114,106,8,8
42456,96,88,8,8
42457,117,113,4,4
42458,64,66,-2,2
42459,57,60,-3,3
42460,54,63,-9,9
42461,95,87,8,8
42462,89,68,21,21
42463,109,96,13,13
42464,76,78,-2,2
42465,67,66,1,1
42466,65,67,-2,2
42467,76,86,-10,10
42468,92,89,3,3
42469,92,91,1,1
42470,74,71,3,3
42471,92,84,8,8
42472,80,75,5,5
42473,89,88,1,1
42474,43,46,-3,3
42475,69,73,-4,4
42476,88,88,0,0
42477,84,92,-8,8
42478,115,113,2,2
42479,56,56,0,0
42480,95,100,-5,5
42481,80,91,-11,11
42482,80,76,4,4
42483,98,93,5,5
42484,49,55,-6,6
42485,91,82,9,9
42486,64,69,-5,5
42487,53,61,-8,8
42488,85,77,8,8
42489,98,94,4,4
42490,100,89,11,11
42491,69,72,-3,3
42492,48,51,-3,3
42493,105,92,13,13
42494,163,142,21,21
42495,150,142,8,8
42496,85,86,-1,1
42497,128,124,4,4
42498,99,100,-1,1
42499,103,93,10,10
42500,128,111,17,17
42501,107,108,-1,1
42502,55,68,-13,13
42503,84,88,-4,4
42504,90,95,-5,5
42505,90,94,-4,4
42506,72,70,2,2
42507,91,90,1,1
42508,87,92,-5,5
42509,84,66,18,18
42510,42,43,-1,1
42511,65,70,-5,5
42512,131,125,6,6
42513,48,60,-12,12
42514,109,99,10,10
42515,85,90,-5,5
42516,66,63,3,3
42517,83,87,-4,4
42518,46,34,12,12
42519,141,130,11,11
42520,59,65,-6,6
42521,87,84,3,3
42522,84,93,-9,9
42523,86,91,-5,5
42524,127,114,13,13
42525,111,112,-1,1
42526,102,103,-1,1
42527,65,70,-5,5
42528,70,71,-1,1
42529,61,69,-8,8
42530,104,99,5,5
42531,111,104,7,7
42532,202,171,31,31
42533,100,90,10,10
42534,136,128,8,8
42535,35,34,1,1
42536,40,34,6,6
42537,115,107,8,8
42538,116,105,11,11
42539,72,67,5,5
42540,108,105,3,3
42541,106,114,-8,8
42542,62,66,-4,4
42543,127,115,12,12
42544,94,86,8,8
42545,89,81,8,8
42546,70,73,-3,3
42547,72,77,-5,5
42548,98,87,11,11
42549,96,88,8,8
42550,108,108,0,0
42551,142,115,27,27
42552,77,77,0,0
42553,67,70,-3,3
42554,81,84,-3,3
42555,54,58,-4,4
42556,124,120,4,4
42557,110,115,-5,5
42558,101,97,4,4
42559,86,87,-1,1
42560,117,109,8,8
42561,111,101,10,10
42562,136,121,15,15
42563,78,73,5,5
42564,62,76,-14,14
42565,231,203,28,28
42566,180,178,2,2
42567,91,86,5,5
42568,134,129,5,5
42569,80,83,-3,3
42570,100,96,4,4
42571,123,116,7,7
42572,109,105,4,4
42573,70,72,-2,2
42574,57,59,-2,2
42575,148,137,11,11
42576,76,72,4,4
42577,70,73,-3,3
42578,82,81,1,1
42579,102,105,-3,3
42580,198,187,11,11
42581,56,53,3,3
42582,94,95,-1,1
42583,97,97,0,0
42584,103,91,12,12
42585,81,79,2,2
42586,102,95,7,7
42587,85,85,0,0
42588,165,144,21,21
42589,50,60,-10,10
42590,124,122,2,2
42591,101,96,5,5
42592,79,75,4,4
42593,138,137,1,1
42594,191,147,44,44
42595,162,153,9,9
42596,126,114,12,12
42597,103,101,2,2
42598,49,56,-7,7
42599,113,114,-1,1
42600,100,93,7,7
42601,118,113,5,5
42602,117,118,-1,1
42603,84,83,1,1
42604,110,97,13,13
42605,128,112,16,16
42606,105,103,2,2
42607,59,56,3,3
42608,91,91,0,0
42609,68,62,6,6
42610,72,79,-7,7
42611,135,128,7,7
42612,79,96,-17,17
42613,107,103,4,4
42614,30,34,-4,4
42615,70,73,-3,3
42616,105,100,5,5
42617,92,90,2,2
42618,177,165,12,12
42619,84,88,-4,4
42620,67,78,-11,11
42621,150,123,27,27
42622,65,87,-22,22
42623,69,72,-3,3
42624,94,88,6,6
42625,87,75,12,12
42626,73,83,-10,10
42627,70,76,-6,6
42628,93,86,7,7
42629,110,100,10,10
42630,87,75,12,12
42631,109,105,4,4
42632,71,76,-5,5
42633,103,103,0,0
42634,152,139,13,13
42635,70,73,-3,3
42636,125,103,22,22
42637,91,92,-1,1
42638,172,161,11,11
42639,60,69,-9,9
42640,99,124,-25,25
42641,61,63,-2,2
42642,91,87,4,4
42643,94,85,9,9
42644,135,123,12,12
42645,43,56,-13,13
42646,83,85,-2,2
42647,93,89,4,4
42648,116,112,4,4
42649,131,105,26,26
42650,140,144,-4,4
42651,101,104,-3,3
42652,160,142,18,18
42653,157,133,24,24
42654,147,170,-23,23
42655,151,144,7,7
42656,162,154,8,8
42657,52,96,-44,44
42658,77,71,6,6
42659,86,82,4,4
42660,86,89,-3,3
42661,91,81,10,10
42662,118,105,13,13
42663,103,92,11,11
42664,103,99,4,4
42665,74,75,-1,1
42666,119,109,10,10
42667,89,86,3,3
42668,107,99,8,8
42669,109,141,-32,32
42670,85,91,-6,6
42671,70,68,2,2
42672,86,84,2,2
42673,105,100,5,5
42674,98,99,-1,1
42675,75,75,0,0
42676,50,60,-10,10
42677,67,70,-3,3
42678,76,74,2,2
42679,80,73,7,7
42680,124,123,1,1
42681,60,68,-8,8
42682,73,73,0,0
42683,52,53,-1,1
42684,102,97,5,5
42685,29,28,1,1
42686,66,74,-8,8
42687,80,73,7,7
42688,76,74,2,2
42689,107,103,4,4
42690,68,62,6,6
42691,129,114,15,15
42692,51,47,4,4
42693,131,130,1,1
42694,73,77,-4,4
42695,157,143,14,14
42696,96,100,-4,4
42697,19,49,-30,30
42698,109,96,13,13
42699,67,69,-2,2
42700,132,127,5,5
42701,156,122,34,34
42702,85,95,-10,10
42703,90,89,1,1
42704,85,81,4,4
42705,44,56,-12,12
42706,150,134,16,16
42707,65,67,-2,2
42708,91,100,-9,9
42709,63,78,-15,15
42710,80,84,-4,4
42711,163,161,2,2
42712,110,98,12,12
42713,100,90,10,10
42714,89,81,8,8
42715,51,51,0,0
42716,97,101,-4,4
42717,82,82,0,0
42718,85,84,1,1
42719,73,78,-5,5
42720,80,75,5,5
42721,50,60,-10,10
42722,81,76,5,5
42723,68,71,-3,3
42724,76,78,-2,2
42725,75,69,6,6
42726,82,89,-7,7
42727,78,79,-1,1
42728,53,71,-18,18
42729,55,59,-4,4
42730,41,34,7,7
42731,95,94,1,1
42732,55,56,-1,1
42733,99,110,-11,11
42734,64,73,-9,9
42735,93,102,-9,9
42736,61,60,1,1
42737,95,92,3,3
42738,116,113,3,3
42739,83,73,10,10
42740,82,73,9,9
42741,137,111,26,26
42742,69,75,-6,6
42743,69,64,5,5
42744,60,57,3,3
42745,81,86,-5,5
42746,128,122,6,6
42747,78,74,4,4
42748,79,81,-2,2
42749,74,79,-5,5
42750,69,72,-3,3
42751,140,131,9,9
42752,108,112,-4,4
42753,61,62,-1,1
42754,142,137,5,5
42755,42,34,8,8
42756,68,65,3,3
42757,74,75,-1,1
42758,94,93,1,1
42759,164,150,14,14
42760,77,72,5,5
42761,94,84,10,10
42762,192,187,5,5
42763,121,118,3,3
42764,61,63,-2,2
42765,120,119,1,1
42766,103,97,6,6
42767,89,85,4,4
42768,100,90,10,10
42769,97,85,12,12
42770,64,70,-6,6
42771,165,156,9,9
42772,74,72,2,2
42773,65,66,-1,1
42774,39,44,-5,5
42775,183,163,20,20
42776,82,86,-4,4
42777,111,104,7,7
42778,150,129,21,21
42779,89,77,12,12
42780,116,108,8,8
42781,106,101,5,5
42782,129,128,1,1
42783,59,63,-4,4
42784,161,131,30,30
42785,108,118,-10,10
42786,63,74,-11,11
42787,114,107,7,7
42788,80,85,-5,5
42789,81,81,0,0
42790,72,71,1,1
42791,99,92,7,7
42792,98,81,17,17
42793,111,95,16,16
42794,120,115,5,5
42795,119,112,7,7
42796,69,72,-3,3
42797,137,123,14,14
42798,130,128,2,2
42799,106,92,14,14
42800,58,65,-7,7
42801,144,133,11,11
42802,117,117,0,0
42803,146,150,-4,4
42804,137,125,12,12
42805,116,117,-1,1
42806,86,78,8,8
42807,89,86,3,3
42808,107,100,7,7
42809,108,106,2,2
42810,109,97,12,12
42811,53,60,-7,7
42812,79,69,10,10
42813,59,64,-5,5
42814,84,78,6,6
42815,156,139,17,17
42816,121,113,8,8
42817,66,67,-1,1
42818,74,72,2,2
42819,47,96,-49,49
42820,106,102,4,4
42821,98,88,10,10
42822,68,65,3,3
42823,58,68,-10,10
42824,86,87,-1,1
42825,87,91,-4,4
42826,85,92,-7,7
42827,143,130,13,13
42828,168,144,24,24
42829,63,73,-10,10
42830,72,113,-41,41
42831,170,175,-5,5
42832,139,141,-2,2
42833,104,105,-1,1
42834,66,62,4,4
42835,78,80,-2,2
42836,66,63,3,3
42837,78,74,4,4
42838,178,152,26,26
42839,176,161,15,15
42840,77,70,7,7
42841,51,54,-3,3
42842,112,92,20,20
42843,110,125,-15,15
42844,140,139,1,1
42845,120,104,16,16
42846,88,85,3,3
42847,85,92,-7,7
42848,166,147,19,19
42849,71,73,-2,2
42850,112,119,-7,7
42851,73,71,2,2
42852,80,78,2,2
42853,113,125,-12,12
42854,62,65,-3,3
42855,94,65,29,29
42856,145,141,4,4
42857,131,132,-1,1
42858,103,98,5,5
42859,98,102,-4,4
42860,84,78,6,6
42861,133,118,15,15
42862,144,129,15,15
42863,141,122,19,19
42864,119,104,15,15
42865,87,84,3,3
42866,79,80,-1,1
42867,63,71,-8,8
42868,89,94,-5,5
42869,38,36,2,2
42870,99,103,-4,4
42871,114,102,12,12
42872,129,111,18,18
42873,155,146,9,9
42874,87,75,12,12
42875,70,69,1,1
42876,112,100,12,12
42877,137,126,11,11
42878,92,85,7,7
42879,145,134,11,11
42880,154,130,24,24
42881,130,120,10,10
42882,45,36,9,9
42883,63,63,0,0
42884,58,56,2,2
42885,96,98,-2,2
42886,102,96,6,6
42887,118,121,-3,3
42888,119,111,8,8
42889,75,73,2,2
42890,115,113,2,2
42891,94,93,1,1
42892,108,103,5,5
42893,101,94,7,7
42894,136,127,9,9
42895,110,107,3,3
42896,127,119,8,8
42897,94,81,13,13
42898,124,108,16,16
42899,68,71,-3,3
42900,128,114,14,14
42901,138,128,10,10
42902,83,85,-2,2
42903,125,103,22,22
42904,63,65,-2,2
42905,133,106,27,27
42906,77,74,3,3
42907,94,88,6,6
42908,116,99,17,17
42909,93,90,3,3
42910,84,86,-2,2
42911,125,119,6,6
42912,123,123,0,0
42913,92,87,5,5
42914,155,146,9,9
42915,86,171,-85,85
42916,75,76,-1,1
42917,74,79,-5,5
42918,78,79,-1,1
42919,96,87,9,9
42920,113,114,-1,1
42921,139,155,-16,16
42922,95,88,7,7
42923,83,79,4,4
42924,128,123,5,5
42925,102,99,3,3
42926,124,135,-11,11
42927,71,74,-3,3
42928,63,66,-3,3
42929,71,71,0,0
42930,131,129,2,2
42931,115,131,-16,16
42932,91,84,7,7
42933,92,97,-5,5
42934,59,54,5,5
42935,138,130,8,8
42936,71,69,2,2
42937,53,46,7,7
42938,103,103,0,0
42939,85,77,8,8
42940,92,91,1,1
42941,109,116,-7,7
42942,74,85,-11,11
42943,100,94,6,6
42944,111,104,7,7
42945,112,107,5,5
42946,112,102,10,10
42947,31,34,-3,3
42948,57,70,-13,13
42949,194,173,21,21
42950,75,73,2,2
42951,119,113,6,6
42952,106,99,7,7
42953,89,76,13,13
42954,75,72,3,3
42955,77,79,-2,2
42956,68,73,-5,5
42957,48,41,7,7
42958,53,53,0,0
42959,91,91,0,0
42960,90,100,-10,10
42961,57,66,-9,9
42962,81,79,2,2
42963,113,105,8,8
42964,89,85,4,4
42965,74,72,2,2
42966,89,85,4,4
42967,73,80,-7,7
42968,54,44,10,10
42969,77,79,-2,2
42970,108,92,16,16
42971,59,68,-9,9
42972,218,194,24,24
42973,118,123,-5,5
42974,86,89,-3,3
42975,153,141,12,12
42976,123,116,7,7
42977,117,112,5,5
42978,51,47,4,4
42979,77,75,2,2
42980,59,62,-3,3
42981,69,74,-5,5
42982,67,72,-5,5
42983,83,77,6,6
42984,137,123,14,14
42985,96,86,10,10
42986,68,70,-2,2
42987,91,96,-5,5
42988,81,84,-3,3
42989,79,66,13,13
42990,50,42,8,8
42991,78,78,0,0
42992,32,32,0,0
42993,64,63,1,1
42994,80,86,-6,6
42995,99,98,1,1
42996,131,133,-2,2
42997,48,48,0,0
42998,77,71,6,6
42999,128,123,5,5
43000,120,115,5,5
43001,55,60,-5,5
43002,79,69,10,10
43003,85,81,4,4
43004,148,131,17,17
43005,136,128,8,8
43006,111,117,-6,6
43007,105,131,-26,26
43008,93,89,4,4
43009,79,79,0,0
43010,87,86,1,1
43011,69,74,-5,5
43012,109,100,9,9
43013,156,140,16,16
43014,106,105,1,1
43015,105,104,1,1
43016,42,34,8,8
43017,84,83,1,1
43018,15,28,-13,13
43019,89,94,-5,5
43020,179,166,13,13
43021,65,69,-4,4
43022,108,110,-2,2
43023,40,43,-3,3
43024,89,84,5,5
43025,138,123,15,15
43026,134,133,1,1
43027,102,94,8,8
43028,103,97,6,6
43029,143,124,19,19
43030,65,72,-7,7
43031,74,72,2,2
43032,116,104,12,12
43033,79,77,2,2
43034,74,75,-1,1
43035,91,71,20,20
43036,99,94,5,5
43037,64,60,4,4
43038,120,109,11,11
43039,103,91,12,12
43040,90,84,6,6
43041,51,46,5,5
43042,96,88,8,8
43043,77,74,3,3
43044,142,138,4,4
43045,77,65,12,12
43046,90,87,3,3
43047,141,132,9,9
43048,85,88,-3,3
43049,98,89,9,9
43050,146,138,8,8
43051,120,108,12,12
43052,107,109,-2,2
43053,97,98,-1,1
43054,125,124,1,1
43055,81,83,-2,2
43056,99,100,-1,1
43057,90,93,-3,3
43058,53,51,2,2
43059,88,78,10,10
43060,70,66,4,4
43061,57,75,-18,18
43062,77,71,6,6
43063,51,63,-12,12
43064,110,109,1,1
43065,72,72,0,0
43066,101,98,3,3
43067,177,152,25,25
43068,153,133,20,20
43069,157,147,10,10
43070,67,70,-3,3
43071,63,64,-1,1
43072,208,186,22,22
43073,84,81,3,3
43074,69,72,-3,3
43075,110,96,14,14
43076,85,72,13,13
43077,37,32,5,5
43078,142,113,29,29
43079,82,88,-6,6
43080,81,87,-6,6
43081,94,92,2,2
43082,143,140,3,3
43083,118,106,12,12
43084,86,93,-7,7
43085,76,82,-6,6
43086,73,66,7,7
43087,131,112,19,19
43088,53,50,3,3
43089,66,68,-2,2
43090,101,100,1,1
43091,115,109,6,6
43092,136,127,9,9
43093,61,84,-23,23
43094,86,86,0,0
43095,71,80,-9,9
43096,81,78,3,3
43097,69,78,-9,9
43098,36,38,-2,2
43099,157,146,11,11
43100,57,64,-7,7
43101,73,66,7,7
43102,185,159,26,26
43103,62,58,4,4
43104,123,118,5,5
43105,65,67,-2,2
43106,73,69,4,4
43107,98,93,5,5
43108,101,91,10,10
43109,104,97,7,7
43110,83,85,-2,2
43111,58,65,-7,7
43112,85,85,0,0
43113,55,59,-4,4
43114,80,71,9,9
43115,66,67,-1,1
43116,83,76,7,7
43117,107,109,-2,2
43118,104,94,10,10
43119,44,34,10,10
43120,63,69,-6,6
43121,85,78,7,7
43122,133,123,10,10
43123,59,61,-2,2
43124,130,106,24,24
43125,74,74,0,0
43126,62,62,0,0
43127,109,96,13,13
43128,71,73,-2,2
43129,55,93,-38,38
43130,142,137,5,5
43131,117,117,0,0
43132,110,99,11,11
43133,35,40,-5,5
43134,85,91,-6,6
43135,63,61,2,2
43136,79,86,-7,7
43137,101,92,9,9
43138,73,74,-1,1
43139,150,151,-1,1
43140,164,139,25,25
43141,121,115,6,6
43142,56,62,-6,6
43143,82,82,0,0
43144,115,126,-11,11
43145,103,93,10,10
43146,80,75,5,5
43147,90,89,1,1
43148,103,96,7,7
43149,122,123,-1,1
43150,113,111,2,2
43151,62,71,-9,9
43152,120,115,5,5
43153,94,92,2,2
43154,93,92,1,1
43155,52,55,-3,3
43156,89,80,9,9
43157,72,63,9,9
43158,65,59,6,6
43159,92,84,8,8
43160,59,60,-1,1
43161,86,104,-18,18
43162,119,96,23,23
43163,64,67,-3,3
43164,142,112,30,30
43165,80,79,1,1
43166,68,70,-2,2
43167,85,86,-1,1
43168,69,71,-2,2
43169,157,147,10,10
43170,120,103,17,17
43171,135,127,8,8
43172,72,69,3,3
43173,99,85,14,14
43174,88,90,-2,2
43175,101,94,7,7
43176,72,75,-3,3
43177,166,162,4,4
43178,49,54,-5,5
43179,89,85,4,4
43180,113,100,13,13
43181,113,102,11,11
43182,85,89,-4,4
43183,67,75,-8,8
43184,89,87,2,2
43185,63,69,-6,6
43186,52,76,-24,24
43187,127,114,13,13
43188,106,99,7,7
43189,120,103,17,17
43190,97,109,-12,12
43191,57,65,-8,8
43192,68,74,-6,6
43193,105,103,2,2
43194,106,105,1,1
43195,133,126,7,7
43196,63,71,-8,8
43197,58,61,-3,3
43198,106,107,-1,1
43199,103,92,11,11
43200,71,72,-1,1
43201,103,102,1,1
43202,42,34,8,8
43203,91,84,7,7
43204,103,104,-1,1
43205,90,88,2,2
43206,103,103,0,0
43207,111,97,14,14
43208,132,117,15,15
43209,115,107,8,8
43210,121,119,2,2
43211,122,109,13,13
43212,132,119,13,13
43213,32,43,-11,11
43214,110,98,12,12
43215,87,88,-1,1
43216,135,125,10,10
43217,102,94,8,8
43218,82,84,-2,2
43219,131,116,15,15
43220,102,100,2,2
43221,52,53,-1,1
43222,100,104,-4,4
43223,100,94,6,6
43224,90,94,-4,4
43225,85,90,-5,5
43226,61,63,-2,2
43227,154,159,-5,5
43228,137,120,17,17
43229,107,98,9,9
43230,98,97,1,1
43231,92,88,4,4
43232,191,162,29,29
43233,113,116,-3,3
43234,104,102,2,2
43235,62,62,0,0
43236,80,77,3,3
43237,50,49,1,1
43238,100,82,18,18
43239,126,121,5,5
43240,113,100,13,13
43241,69,70,-1,1
43242,62,63,-1,1
43243,52,72,-20,20
43244,118,110,8,8
43245,59,65,-6,6
43246,40,45,-5,5
43247,93,92,1,1
43248,105,108,-3,3
43249,127,111,16,16
43250,84,89,-5,5
43251,93,101,-8,8
43252,121,123,-2,2
43253,94,95,-1,1
43254,64,70,-6,6
43255,109,99,10,10
43256,123,126,-3,3
43257,130,119,11,11
43258,138,129,9,9
43259,67,70,-3,3
43260,99,96,3,3
43261,84,83,1,1
43262,112,120,-8,8
43263,103,99,4,4
43264,60,60,0,0
43265,90,104,-14,14
43266,131,129,2,2
43267,47,50,-3,3
43268,90,86,4,4
43269,81,79,2,2
43270,84,80,4,4
43271,81,84,-3,3
43272,105,104,1,1
43273,67,69,-2,2
43274,86,85,1,1
43275,140,139,1,1
43276,78,71,7,7
43277,96,90,6,6
43278,102,102,0,0
43279,43,46,-3,3
43280,71,83,-12,12
43281,91,96,-5,5
43282,84,81,3,3
43283,125,115,10,10
43284,50,56,-6,6
43285,90,92,-2,2
43286,68,64,4,4
43287,129,120,9,9
43288,133,133,0,0
43289,72,93,-21,21
43290,150,141,9,9
43291,179,158,21,21
43292,96,89,7,7
43293,72,69,3,3
43294,178,149,29,29
43295,89,85,4,4
43296,129,116,13,13
43297,84,82,2,2
43298,87,79,8,8
43299,82,75,7,7
43300,82,87,-5,5
43301,91,90,1,1
43302,112,111,1,1
43303,88,90,-2,2
43304,100,103,-3,3
43305,164,148,16,16
43306,89,91,-2,2
43307,72,81,-9,9
43308,111,115,-4,4
43309,123,123,0,0
43310,163,138,25,25
43311,65,68,-3,3
43312,130,131,-1,1
43313,145,138,7,7
43314,92,89,3,3
43315,50,60,-10,10
43316,73,90,-17,17
43317,57,64,-7,7
43318,89,76,13,13
43319,82,80,2,2
43320,67,66,1,1
43321,91,96,-5,5
43322,112,106,6,6
43323,73,74,-1,1
43324,64,65,-1,1
43325,119,128,-9,9
43326,61,55,6,6
43327,26,30,-4,4
43328,67,68,-1,1
43329,178,158,20,20
43330,97,83,14,14
43331,132,107,25,25
43332,121,120,1,1
43333,143,116,27,27
43334,92,97,-5,5
43335,78,80,-2,2
43336,99,101,-2,2
43337,68,65,3,3
43338,61,63,-2,2
43339,139,136,3,3
43340,162,154,8,8
43341,86,84,2,2
43342,106,98,8,8
43343,48,43,5,5
43344,125,115,10,10
43345,123,116,7,7
43346,117,108,9,9
43347,229,202,27,27
43348,83,85,-2,2
43349,72,112,-40,40
43350,130,122,8,8
43351,49,55,-6,6
43352,124,118,6,6
43353,123,121,2,2
43354,127,128,-1,1
43355,78,77,1,1
43356,87,109,-22,22
43357,129,115,14,14
43358,97,88,9,9
43359,129,139,-10,10
43360,69,68,1,1
43361,84,81,3,3
43362,122,105,17,17
43363,158,140,18,18
43364,77,81,-4,4
43365,86,96,-10,10
43366,100,102,-2,2
43367,93,99,-6,6
43368,117,109,8,8
43369,139,123,16,16
43370,100,92,8,8
43371,162,147,15,15
43372,68,72,-4,4
43373,68,68,0,0
43374,85,76,9,9
43375,105,96,9,9
43376,174,150,24,24
43377,85,84,1,1
43378,108,96,12,12
43379,67,69,-2,2
43380,115,110,5,5
43381,63,65,-2,2
43382,107,103,4,4
43383,99,104,-5,5
43384,52,59,-7,7
43385,87,81,6,6
43386,125,94,31,31
43387,64,60,4,4
43388,101,94,7,7
43389,118,114,4,4
43390,129,122,7,7
43391,100,99,1,1
43392,71,65,6,6
43393,70,74,-4,4
43394,70,73,-3,3
43395,101,85,16,16
43396,71,73,-2,2
43397,70,69,1,1
43398,115,111,4,4
43399,56,57,-1,1
43400,106,102,4,4
43401,125,117,8,8
43402,104,98,6,6
43403,84,80,4,4
43404,64,70,-6,6
43405,82,82,0,0
43406,99,104,-5,5
43407,167,156,11,11
43408,107,102,5,5
43409,91,86,5,5
43410,83,85,-2,2
43411,89,77,12,12
43412,92,87,5,5
43413,114,104,10,10
43414,126,102,24,24
43415,133,122,11,11
43416,51,60,-9,9
43417,87,79,8,8
43418,67,66,1,1
43419,67,66,1,1
43420,142,126,16,16
43421,139,122,17,17
43422,125,109,16,16
43423,81,76,5,5
43424,210,182,28,28
43425,113,103,10,10
43426,57,72,-15,15
43427,94,92,2,2
43428,121,91,30,30
43429,107,103,4,4
43430,38,49,-11,11
43431,81,82,-1,1
43432,126,111,15,15
43433,248,236,12,12
43434,92,89,3,3
43435,153,139,14,14
43436,127,122,5,5
43437,45,52,-7,7
43438,81,102,-21,21
43439,164,155,9,9
43440,140,144,-4,4
43441,114,108,6,6
43442,115,112,3,3
43443,87,83,4,4
43444,57,62,-5,5
43445,51,38,13,13
43446,95,105,-10,10
43447,33,34,-1,1
43448,128,118,10,10
43449,101,95,6,6
43450,75,76,-1,1
43451,138,130,8,8
43452,136,118,18,18
43453,63,88,-25,25
43454,80,64,16,16
43455,90,100,-10,10
43456,47,41,6,6
43457,96,91,5,5
43458,62,60,2,2
43459,98,91,7,7
43460,140,135,5,5
43461,84,78,6,6
43462,143,143,0,0
43463,84,85,-1,1
43464,151,147,4,4
43465,87,76,11,11
43466,107,110,-3,3
43467,118,104,14,14
43468,60,66,-6,6
43469,82,86,-4,4
43470,167,154,13,13
43471,110,97,13,13
43472,98,96,2,2
43473,83,83,0,0
43474,76,73,3,3
43475,93,92,1,1
43476,102,98,4,4
43477,76,67,9,9
43478,76,78,-2,2
43479,115,109,6,6
43480,77,80,-3,3
43481,98,93,5,5
43482,149,139,10,10
43483,78,74,4,4
43484,119,116,3,3
43485,121,112,9,9
43486,46,75,-29,29
43487,67,76,-9,9
43488,129,113,16,16
43489,114,114,0,0
43490,73,75,-2,2
43491,118,115,3,3
43492,90,91,-1,1
43493,165,160,5,5
43494,147,141,6,6
43495,52,37,15,15
43496,111,116,-5,5
43497,160,137,23,23
43498,88,93,-5,5
43499,105,103,2,2
43500,105,91,14,14
43501,90,92,-2,2
43502,120,117,3,3
43503,89,74,15,15
43504,79,79,0,0
43505,82,88,-6,6
43506,122,121,1,1
43507,96,92,4,4
43508,48,53,-5,5
43509,70,67,3,3
43510,65,75,-10,10
43511,78,78,0,0
43512,133,125,8,8
43513,48,51,-3,3
43514,90,89,1,1
43515,54,61,-7,7
43516,104,91,13,13
43517,91,83,8,8
43518,112,106,6,6
43519,63,69,-6,6
43520,113,108,5,5
43521,99,87,12,12
43522,100,94,6,6
43523,69,70,-1,1
43524,122,112,10,10
43525,84,84,0,0
43526,119,101,18,18
43527,103,96,7,7
43528,91,104,-13,13
43529,55,62,-7,7
43530,64,70,-6,6
43531,87,82,5,5
43532,220,196,24,24
43533,85,85,0,0
43534,63,69,-6,6
43535,64,66,-2,2
43536,109,116,-7,7
43537,80,79,1,1
43538,91,86,5,5
43539,146,143,3,3
43540,125,122,3,3
43541,130,127,3,3
43542,127,134,-7,7
43543,113,97,16,16
43544,125,121,4,4
43545,84,85,-1,1
43546,111,105,6,6
43547,138,125,13,13
43548,47,52,-5,5
43549,75,85,-10,10
43550,98,106,-8,8
43551,163,147,16,16
43552,140,120,20,20
43553,50,45,5,5
43554,77,76,1,1
43555,64,62,2,2
43556,76,73,3,3
43557,108,101,7,7
43558,53,49,4,4
43559,65,73,-8,8
43560,197,179,18,18
43561,182,163,19,19
43562,71,71,0,0
43563,134,113,21,21
43564,126,111,15,15
43565,54,61,-7,7
43566,132,131,1,1
43567,86,81,5,5
43568,106,106,0,0
43569,53,56,-3,3
43570,87,86,1,1
43571,80,81,-1,1
43572,150,148,2,2
43573,49,48,1,1
43574,137,104,33,33
43575,51,54,-3,3
43576,90,83,7,7
43577,125,118,7,7
43578,110,110,0,0
43579,112,114,-2,2
43580,51,59,-8,8
43581,105,92,13,13
43582,110,112,-2,2
43583,93,95,-2,2
43584,169,154,15,15
43585,97,80,17,17
43586,97,79,18,18
43587,89,94,-5,5
43588,75,74,1,1
43589,119,113,6,6
43590,93,94,-1,1
43591,53,57,-4,4
43592,121,100,21,21
43593,61,76,-15,15
43594,98,102,-4,4
43595,92,90,2,2
43596,63,62,1,1
43597,101,85,16,16
43598,180,161,19,19
43599,70,70,0,0
43600,66,67,-1,1
43601,121,153,-32,32
43602,100,94,6,6
43603,151,143,8,8
43604,44,65,-21,21
43605,93,92,1,1
43606,79,73,6,6
43607,133,114,19,19
43608,51,50,1,1
43609,111,107,4,4
43610,83,85,-2,2
43611,93,97,-4,4
43612,78,72,6,6
43613,75,74,1,1
43614,133,127,6,6
43615,128,113,15,15
43616,98,102,-4,4
43617,137,120,17,17
43618,79,85,-6,6
43619,90,86,4,4
43620,62,67,-5,5
43621,170,165,5,5
43622,123,115,8,8
43623,57,66,-9,9
43624,87,95,-8,8
43625,35,50,-15,15
43626,76,83,-7,7
43627,95,86,9,9
43628,63,71,-8,8
43629,74,74,0,0
43630,125,127,-2,2
43631,115,111,4,4
43632,63,67,-4,4
43633,141,131,10,10
43634,78,76,2,2
43635,71,71,0,0
43636,90,88,2,2
43637,235,217,18,18
43638,118,105,13,13
43639,65,71,-6,6
43640,98,91,7,7
43641,97,104,-7,7
43642,48,60,-12,12
43643,110,109,1,1
43644,96,92,4,4
43645,119,108,11,11
43646,141,132,9,9
43647,80,80,0,0
43648,88,108,-20,20
43649,93,90,3,3
43650,141,134,7,7
43651,59,78,-19,19
43652,98,93,5,5
43653,66,76,-10,10
43654,91,88,3,3
43655,90,87,3,3
43656,111,107,4,4
43657,96,92,4,4
43658,103,97,6,6
43659,59,61,-2,2
43660,68,72,-4,4
43661,73,71,2,2
43662,60,66,-6,6
43663,75,89,-14,14
43664,65,70,-5,5
43665,91,91,0,0
43666,53,62,-9,9
43667,97,97,0,0
43668,66,66,0,0
43669,94,93,1,1
43670,97,93,4,4
43671,81,77,4,4
43672,134,123,11,11
43673,96,97,-1,1
43674,115,116,-1,1
43675,51,72,-21,21
43676,75,76,-1,1
43677,157,141,16,16
43678,86,85,1,1
43679,147,148,-1,1
43680,85,82,3,3
43681,88,91,-3,3
43682,46,48,-2,2
43683,119,114,5,5
43684,109,98,11,11
43685,142,137,5,5
43686,95,94,1,1
43687,93,96,-3,3
43688,79,76,3,3
43689,142,132,10,10
43690,83,84,-1,1
43691,93,89,4,4
43692,149,107,42,42
43693,114,102,12,12
43694,99,86,13,13
43695,125,123,2,2
43696,116,83,33,33
43697,131,133,-2,2
43698,103,94,9,9
43699,79,72,7,7
43700,171,161,10,10
43701,69,74,-5,5
43702,78,85,-7,7
43703,67,82,-15,15
43704,82,80,2,2
43705,110,112,-2,2
43706,171,152,19,19
43707,46,43,3,3
43708,60,62,-2,2
43709,179,156,23,23
43710,68,72,-4,4
43711,66,67,-1,1
43712,67,66,1,1
43713,87,105,-18,18
43714,61,64,-3,3
43715,61,66,-5,5
43716,122,122,0,0
43717,96,92,4,4
43718,106,92,14,14
43719,54,55,-1,1
43720,76,76,0,0
43721,111,110,1,1
43722,44,44,0,0
43723,163,152,11,11
43724,71,64,7,7
43725,74,73,1,1
43726,97,96,1,1
43727,134,125,9,9
43728,82,76,6,6
43729,79,98,-19,19
43730,138,120,18,18
43731,82,95,-13,13
43732,152,144,8,8
43733,111,112,-1,1
43734,123,111,12,12
43735,77,72,5,5
43736,146,132,14,14
43737,82,77,5,5
43738,69,74,-5,5
43739,91,97,-6,6
43740,166,149,17,17
43741,53,57,-4,4
43742,71,69,2,2
43743,84,81,3,3
43744,68,73,-5,5
43745,94,100,-6,6
43746,101,126,-25,25
43747,106,98,8,8
43748,93,85,8,8
43749,69,73,-4,4
43750,136,118,18,18
43751,90,89,1,1
43752,87,75,12,12
43753,64,61,3,3
43754,62,100,-38,38
43755,77,82,-5,5
43756,47,64,-17,17
43757,122,115,7,7
43758,67,70,-3,3
43759,87,93,-6,6
43760,84,75,9,9
43761,68,74,-6,6
43762,60,66,-6,6
43763,75,74,1,1
43764,90,84,6,6
43765,69,83,-14,14
43766,77,76,1,1
43767,82,76,6,6
43768,127,120,7,7
43769,58,62,-4,4
43770,151,135,16,16
43771,125,127,-2,2
43772,114,107,7,7
43773,106,106,0,0
43774,85,84,1,1
43775,92,89,3,3
43776,70,69,1,1
43777,124,119,5,5
43778,97,99,-2,2
43779,71,76,-5,5
43780,146,142,4,4
43781,93,91,2,2
43782,91,81,10,10
43783,63,66,-3,3
43784,60,62,-2,2
43785,84,100,-16,16
43786,192,183,9,9
43787,93,85,8,8
43788,133,120,13,13
43789,95,93,2,2
43790,65,62,3,3
43791,81,91,-10,10
43792,107,111,-4,4
43793,131,118,13,13
43794,130,130,0,0
43795,68,65,3,3
43796,77,78,-1,1
43797,112,114,-2,2
43798,67,76,-9,9
43799,91,87,4,4
43800,90,85,5,5
43801,125,121,4,4
43802,69,68,1,1
43803,106,102,4,4
43804,110,98,12,12
43805,65,68,-3,3
43806,87,88,-1,1
43807,60,58,2,2
43808,91,85,6,6
43809,153,134,19,19
43810,95,94,1,1
43811,150,134,16,16
43812,61,68,-7,7
43813,169,168,1,1
43814,76,75,1,1
43815,93,91,2,2
43816,75,71,4,4
43817,76,84,-8,8
43818,85,101,-16,16
43819,63,70,-7,7
43820,86,88,-2,2
43821,111,101,10,10
43822,81,77,4,4
43823,225,172,53,53
43824,49,51,-2,2
43825,90,90,0,0
43826,67,68,-1,1
43827,109,110,-1,1
43828,103,93,10,10
43829,73,70,3,3
43830,137,133,4,4
43831,93,96,-3,3
43832,68,70,-2,2
43833,82,96,-14,14
43834,66,73,-7,7
43835,110,94,16,16
43836,170,169,1,1
43837,104,99,5,5
43838,73,76,-3,3
43839,137,124,13,13
43840,55,56,-1,1
43841,52,61,-9,9
43842,95,87,8,8
43843,48,52,-4,4
43844,67,76,-9,9
43845,64,66,-2,2
43846,71,73,-2,2
43847,77,75,2,2
43848,66,63,3,3
43849,78,77,1,1
43850,71,74,-3,3
43851,117,112,5,5
43852,83,72,11,11
43853,43,46,-3,3
43854,100,92,8,8
43855,50,58,-8,8
43856,140,135,5,5
43857,86,99,-13,13
43858,63,63,0,0
43859,91,90,1,1
43860,113,105,8,8
43861,63,63,0,0
43862,61,61,0,0
43863,78,84,-6,6
43864,34,51,-17,17
43865,90,102,-12,12
43866,47,34,13,13
43867,64,71,-7,7
43868,58,68,-10,10
43869,116,116,0,0
43870,117,111,6,6
43871,84,89,-5,5
43872,105,105,0,0
43873,86,85,1,1
43874,68,52,16,16
43875,131,133,-2,2
43876,77,79,-2,2
43877,76,69,7,7
43878,117,104,13,13
43879,97,90,7,7
43880,123,117,6,6
43881,98,99,-1,1
43882,71,71,0,0
43883,127,119,8,8
43884,56,57,-1,1
43885,122,108,14,14
43886,49,60,-11,11
43887,60,65,-5,5
43888,115,107,8,8
43889,78,82,-4,4
43890,46,54,-8,8
43891,119,113,6,6
43892,129,140,-11,11
43893,66,64,2,2
43894,142,136,6,6
43895,79,75,4,4
43896,71,78,-7,7
43897,144,135,9,9
43898,106,106,0,0
43899,77,78,-1,1
43900,74,79,-5,5
43901,69,70,-1,1
43902,88,82,6,6
43903,59,60,-1,1
43904,123,117,6,6
43905,54,59,-5,5
43906,43,48,-5,5
43907,155,130,25,25
43908,68,70,-2,2
43909,131,129,2,2
43910,146,135,11,11
43911,102,86,16,16
43912,80,80,0,0
43913,57,64,-7,7
43914,81,78,3,3
43915,104,113,-9,9
43916,39,34,5,5
43917,78,79,-1,1
43918,112,105,7,7
43919,44,85,-41,41
43920,79,76,3,3
43921,132,125,7,7
43922,117,122,-5,5
43923,80,84,-4,4
43924,88,79,9,9
43925,61,64,-3,3
43926,57,51,6,6
43927,123,117,6,6
43928,60,68,-8,8
43929,113,102,11,11
43930,64,68,-4,4
43931,101,92,9,9
43932,143,135,8,8
43933,71,76,-5,5
43934,80,73,7,7
43935,70,68,2,2
43936,45,44,1,1
43937,44,51,-7,7
43938,92,87,5,5
43939,67,73,-6,6
43940,63,57,6,6
43941,139,128,11,11
43942,127,116,11,11
43943,69,67,2,2
43944,136,124,12,12
43945,109,112,-3,3
43946,120,112,8,8
43947,63,64,-1,1
43948,50,55,-5,5
43949,97,90,7,7
43950,103,92,11,11
43951,89,84,5,5
43952,85,77,8,8
43953,173,159,14,14
43954,128,123,5,5
43955,171,162,9,9
43956,49,47,2,2
43957,99,85,14,14
43958,129,130,-1,1
43959,85,89,-4,4
43960,102,96,6,6
43961,124,119,5,5
43962,122,108,14,14
43963,137,128,9,9
43964,89,93,-4,4
43965,51,48,3,3
43966,81,99,-18,18
43967,88,77,11,11
43968,76,80,-4,4
43969,111,114,-3,3
43970,86,85,1,1
43971,131,120,11,11
43972,23,29,-6,6
43973,109,102,7,7
43974,84,82,2,2
43975,101,98,3,3
43976,139,133,6,6
43977,58,70,-12,12
43978,71,73,-2,2
43979,95,84,11,11
43980,70,69,1,1
43981,65,70,-5,5
43982,95,88,7,7
43983,109,100,9,9
43984,57,61,-4,4
43985,103,99,4,4
43986,184,158,26,26
43987,80,79,1,1
43988,103,100,3,3
43989,94,119,-25,25
43990,62,63,-1,1
43991,110,90,20,20
43992,109,106,3,3
43993,47,51,-4,4
43994,107,109,-2,2
43995,184,159,25,25
43996,122,127,-5,5
43997,155,149,6,6
43998,66,73,-7,7
43999,63,65,-2,2
44000,104,114,-10,10
44001,100,92,8,8
44002,82,98,-16,16
44003,162,156,6,6
44004,122,121,1,1
44005,78,131,-53,53
44006,71,67,4,4
44007,131,108,23,23
44008,113,97,16,16
44009,84,90,-6,6
44010,65,64,1,1
44011,81,85,-4,4
44012,93,82,11,11
44013,67,67,0,0
44014,148,127,21,21
44015,72,77,-5,5
44016,106,97,9,9
44017,79,91,-12,12
44018,113,109,4,4
44019,66,66,0,0
44020,68,60,8,8
44021,63,63,0,0
44022,81,97,-16,16
44023,117,111,6,6
44024,70,104,-34,34
44025,78,76,2,2
44026,165,166,-1,1
44027,40,34,6,6
44028,85,88,-3,3
44029,73,94,-21,21
44030,104,97,7,7
44031,129,114,15,15
44032,116,104,12,12
44033,115,107,8,8
44034,82,78,4,4
44035,84,85,-1,1
44036,82,85,-3,3
44037,29,64,-35,35
44038,64,74,-10,10
44039,66,60,6,6
44040,114,106,8,8
44041,146,127,19,19
44042,65,64,1,1
44043,42,34,8,8
44044,157,153,4,4
44045,89,85,4,4
44046,116,126,-10,10
44047,54,58,-4,4
44048,77,74,3,3
44049,79,79,0,0
44050,137,130,7,7
44051,67,66,1,1
44052,105,109,-4,4
44053,149,119,30,30
44054,57,62,-5,5
44055,104,108,-4,4
44056,89,93,-4,4
44057,82,86,-4,4
44058,106,116,-10,10
44059,191,175,16,16
44060,87,84,3,3
44061,58,60,-2,2
44062,114,109,5,5
44063,114,117,-3,3
44064,118,106,12,12
44065,159,144,15,15
44066,58,57,1,1
44067,95,93,2,2
44068,74,76,-2,2
44069,135,115,20,20
44070,134,131,3,3
44071,87,85,2,2
44072,130,113,17,17
44073,119,112,7,7
44074,142,129,13,13
44075,152,142,10,10
44076,105,100,5,5
44077,63,65,-2,2
44078,92,91,1,1
44079,75,69,6,6
44080,96,91,5,5
44081,75,67,8,8
44082,56,58,-2,2
44083,72,70,2,2
44084,89,99,-10,10
44085,58,65,-7,7
44086,76,74,2,2
44087,90,101,-11,11
44088,73,81,-8,8
44089,78,80,-2,2
44090,110,118,-8,8
44091,174,149,25,25
44092,104,89,15,15
44093,94,98,-4,4
44094,165,147,18,18
44095,107,96,11,11
44096,78,75,3,3
44097,90,85,5,5
44098,124,115,9,9
44099,129,113,16,16
44100,66,67,-1,1
44101,73,78,-5,5
44102,139,135,4,4
44103,72,77,-5,5
44104,140,128,12,12
44105,93,95,-2,2
44106,135,124,11,11
44107,56,59,-3,3
44108,76,72,4,4
44109,102,93,9,9
44110,102,102,0,0
44111,130,123,7,7
44112,152,144,8,8
44113,76,73,3,3
44114,178,170,8,8
44115,85,75,10,10
44116,78,74,4,4
44117,97,110,-13,13
44118,113,118,-5,5
44119,81,87,-6,6
44120,65,76,-11,11
44121,42,46,-4,4
44122,72,82,-10,10
44123,115,110,5,5
44124,80,86,-6,6
44125,39,34,5,5
44126,85,79,6,6
44127,101,93,8,8
44128,158,149,9,9
44129,91,91,0,0
44130,68,70,-2,2
44131,112,114,-2,2
44132,161,154,7,7
44133,147,148,-1,1
44134,63,69,-6,6
44135,60,74,-14,14
44136,84,85,-1,1
44137,112,109,3,3
44138,129,117,12,12
44139,136,131,5,5
44140,130,121,9,9
44141,74,75,-1,1
44142,111,111,0,0
44143,118,114,4,4
44144,60,60,0,0
44145,59,70,-11,11
44146,90,89,1,1
44147,72,78,-6,6
44148,118,112,6,6
44149,63,66,-3,3
44150,91,85,6,6
44151,106,107,-1,1
44152,89,84,5,5
44153,111,108,3,3
44154,131,125,6,6
44155,85,89,-4,4
44156,97,96,1,1
44157,41,42,-1,1
44158,104,101,3,3
44159,137,138,-1,1
44160,110,101,9,9
44161,50,74,-24,24
44162,143,124,19,19
44163,110,103,7,7
44164,79,80,-1,1
44165,79,79,0,0
44166,71,76,-5,5
44167,116,112,4,4
44168,89,85,4,4
44169,85,87,-2,2
44170,62,71,-9,9
44171,105,94,11,11
44172,110,112,-2,2
44173,68,77,-9,9
44174,125,125,0,0
44175,120,113,7,7
44176,118,110,8,8
44177,63,62,1,1
44178,42,42,0,0
44179,49,56,-7,7
44180,96,93,3,3
44181,107,105,2,2
44182,108,110,-2,2
44183,94,92,2,2
44184,89,84,5,5
44185,117,111,6,6
44186,120,118,2,2
44187,71,72,-1,1
44188,71,74,-3,3
44189,58,66,-8,8
44190,90,96,-6,6
44191,118,104,14,14
44192,43,68,-25,25
44193,78,77,1,1
44194,159,142,17,17
44195,99,106,-7,7
44196,92,93,-1,1
44197,148,131,17,17
44198,97,83,14,14
44199,84,89,-5,5
44200,45,41,4,4
44201,63,68,-5,5
44202,117,109,8,8
44203,122,112,10,10
44204,115,103,12,12
44205,110,102,8,8
44206,114,103,11,11
44207,71,74,-3,3
44208,132,136,-4,4
44209,73,70,3,3
44210,137,124,13,13
44211,79,85,-6,6
44212,79,70,9,9
44213,106,100,6,6
44214,99,92,7,7
44215,77,99,-22,22
44216,127,128,-1,1
44217,96,90,6,6
44218,66,64,2,2
44219,63,64,-1,1
44220,95,94,1,1
44221,97,90,7,7
44222,42,34,8,8
44223,60,49,11,11
44224,59,67,-8,8
44225,66,67,-1,1
44226,140,102,38,38
44227,64,68,-4,4
44228,72,73,-1,1
44229,85,80,5,5
44230,119,99,20,20
44231,99,89,10,10
44232,133,119,14,14
44233,75,80,-5,5
44234,66,66,0,0
44235,102,96,6,6
44236,63,70,-7,7
44237,133,120,13,13
44238,144,135,9,9
44239,141,122,19,19
44240,97,101,-4,4
44241,90,94,-4,4
44242,124,123,1,1
44243,123,121,2,2
44244,191,180,11,11
44245,62,61,1,1
44246,58,66,-8,8
44247,98,91,7,7
44248,113,106,7,7
44249,107,97,10,10
44250,106,107,-1,1
44251,95,91,4,4
44252,144,130,14,14
44253,50,45,5,5
44254,195,166,29,29
44255,122,101,21,21
44256,97,80,17,17
44257,71,62,9,9
44258,153,136,17,17
44259,67,72,-5,5
44260,51,57,-6,6
44261,65,70,-5,5
44262,78,76,2,2
44263,87,83,4,4
44264,72,76,-4,4
44265,81,79,2,2
44266,149,140,9,9
44267,119,101,18,18
44268,102,91,11,11
44269,93,89,4,4
44270,116,113,3,3
44271,125,117,8,8
44272,138,126,12,12
44273,75,83,-8,8
44274,100,96,4,4
44275,107,93,14,14
44276,91,114,-23,23
44277,135,128,7,7
44278,47,57,-10,10
44279,95,84,11,11
44280,88,99,-11,11
44281,71,69,2,2
44282,110,120,-10,10
44283,108,105,3,3
44284,49,61,-12,12
44285,48,51,-3,3
44286,93,91,2,2
44287,94,92,2,2
44288,140,130,10,10
44289,68,58,10,10
44290,79,88,-9,9
44291,147,141,6,6
44292,107,96,11,11
44293,77,75,2,2
44294,87,86,1,1
44295,183,174,9,9
44296,123,111,12,12
44297,143,129,14,14
44298,94,91,3,3
44299,96,86,10,10
44300,85,91,-6,6
44301,112,108,4,4
44302,82,81,1,1
44303,103,98,5,5
44304,98,95,3,3
44305,104,105,-1,1
44306,81,74,7,7
44307,57,62,-5,5
44308,113,123,-10,10
44309,80,80,0,0
44310,117,112,5,5
44311,68,65,3,3
44312,76,75,1,1
44313,69,80,-11,11
44314,86,91,-5,5
44315,107,95,12,12
44316,63,60,3,3
44317,127,120,7,7
44318,87,85,2,2
44319,82,81,1,1
44320,92,86,6,6
44321,78,78,0,0
44322,117,108,9,9
44323,93,103,-10,10
44324,116,112,4,4
44325,51,59,-8,8
44326,80,76,4,4
44327,126,125,1,1
44328,48,61,-13,13
44329,183,173,10,10
44330,61,66,-5,5
44331,128,128,0,0
44332,95,86,9,9
44333,107,91,16,16
44334,87,92,-5,5
44335,136,133,3,3
44336,49,52,-3,3
44337,77,73,4,4
44338,114,106,8,8
44339,139,120,19,19
44340,90,88,2,2
44341,164,169,-5,5
44342,124,128,-4,4
44343,115,112,3,3
44344,111,102,9,9
44345,144,137,7,7
44346,72,79,-7,7
44347,121,113,8,8
44348,131,121,10,10
44349,99,105,-6,6
44350,55,63,-8,8
44351,125,115,10,10
44352,43,37,6,6
44353,75,69,6,6
44354,71,70,1,1
44355,62,66,-4,4
44356,86,82,4,4
44357,78,77,1,1
44358,101,95,6,6
44359,81,81,0,0
44360,144,129,15,15
44361,121,106,15,15
44362,84,82,2,2
44363,91,84,7,7
44364,108,121,-13,13
44365,84,83,1,1
44366,96,86,10,10
44367,130,125,5,5
44368,53,55,-2,2
44369,111,116,-5,5
44370,65,61,4,4
44371,138,124,14,14
44372,39,34,5,5
44373,54,62,-8,8
44374,48,45,3,3
44375,62,62,0,0
44376,110,109,1,1
44377,88,89,-1,1
44378,92,84,8,8
44379,124,112,12,12
44380,86,84,2,2
44381,89,94,-5,5
44382,96,99,-3,3
44383,50,58,-8,8
44384,92,84,8,8
44385,70,74,-4,4
44386,101,99,2,2
44387,143,130,13,13
44388,128,135,-7,7
44389,83,83,0,0
44390,59,62,-3,3
44391,131,119,12,12
44392,79,74,5,5
44393,66,65,1,1
44394,110,100,10,10
44395,99,94,5,5
44396,100,102,-2,2
44397,92,90,2,2
44398,115,101,14,14
44399,87,78,9,9
44400,105,95,10,10
44401,77,77,0,0
44402,93,96,-3,3
44403,124,118,6,6
44404,71,79,-8,8
44405,68,68,0,0
44406,107,110,-3,3
44407,130,124,6,6
44408,32,34,-2,2
44409,96,105,-9,9
44410,82,75,7,7
44411,73,69,4,4
44412,57,78,-21,21
44413,60,66,-6,6
44414,61,60,1,1
44415,127,111,16,16
44416,67,62,5,5
44417,148,131,17,17
44418,111,96,15,15
44419,119,106,13,13
44420,86,77,9,9
44421,88,84,4,4
44422,68,67,1,1
44423,65,69,-4,4
44424,64,73,-9,9
44425,158,132,26,26
44426,144,126,18,18
44427,91,89,2,2
44428,63,66,-3,3
44429,88,90,-2,2
44430,122,103,19,19
44431,51,57,-6,6
44432,124,129,-5,5
44433,118,102,16,16
44434,49,45,4,4
44435,94,83,11,11
44436,69,67,2,2
44437,168,152,16,16
44438,79,84,-5,5
44439,70,74,-4,4
44440,199,190,9,9
44441,43,52,-9,9
44442,85,91,-6,6
44443,51,55,-4,4
44444,135,121,14,14
44445,57,77,-20,20
44446,191,188,3,3
44447,94,100,-6,6
44448,109,108,1,1
44449,76,76,0,0
44450,175,166,9,9
44451,126,127,-1,1
44452,143,128,15,15
44453,101,96,5,5
44454,50,74,-24,24
44455,84,86,-2,2
44456,94,90,4,4
44457,110,104,6,6
44458,170,141,29,29
44459,149,135,14,14
44460,94,96,-2,2
44461,102,101,1,1
44462,118,126,-8,8
44463,112,112,0,0
44464,108,103,5,5
44465,58,64,-6,6
44466,39,107,-68,68
44467,112,104,8,8
44468,107,113,-6,6
44469,61,60,1,1
44470,99,95,4,4
44471,62,73,-11,11
44472,119,107,12,12
44473,105,97,8,8
44474,93,83,10,10
44475,109,105,4,4
44476,132,123,9,9
44477,83,105,-22,22
44478,46,48,-2,2
44479,170,153,17,17
44480,217,185,32,32
44481,119,113,6,6
44482,140,148,-8,8
44483,106,99,7,7
44484,100,99,1,1
44485,61,62,-1,1
44486,111,125,-14,14
44487,117,97,20,20
44488,68,76,-8,8
44489,94,94,0,0
44490,74,73,1,1
44491,109,114,-5,5
44492,98,110,-12,12
44493,103,92,11,11
44494,78,89,-11,11
44495,80,79,1,1
44496,83,86,-3,3
44497,76,82,-6,6
44498,110,103,7,7
44499,152,140,12,12
44500,81,72,9,9
44501,133,128,5,5
44502,66,65,1,1
44503,102,95,7,7
44504,102,98,4,4
44505,53,58,-5,5
44506,139,134,5,5
44507,133,120,13,13
44508,57,61,-4,4
44509,61,62,-1,1
44510,116,102,14,14
44511,97,91,6,6
44512,187,161,26,26
44513,62,62,0,0
44514,102,99,3,3
44515,62,72,-10,10
44516,48,39,9,9
44517,108,110,-2,2
44518,68,68,0,0
44519,112,107,5,5
44520,154,139,15,15
44521,76,76,0,0
44522,110,112,-2,2
44523,89,94,-5,5
44524,128,118,10,10
44525,61,70,-9,9
44526,60,69,-9,9
44527,143,142,1,1
44528,107,108,-1,1
44529,76,68,8,8
44530,79,78,1,1
44531,65,64,1,1
44532,104,105,-1,1
44533,145,137,8,8
44534,86,77,9,9
44535,83,83,0,0
44536,88,100,-12,12
44537,178,161,17,17
44538,116,118,-2,2
44539,105,117,-12,12
44540,72,76,-4,4
44541,77,76,1,1
44542,56,66,-10,10
44543,109,95,14,14
44544,45,44,1,1
44545,106,97,9,9
44546,42,34,8,8
44547,118,116,2,2
44548,102,94,8,8
44549,47,73,-26,26
44550,70,73,-3,3
44551,103,100,3,3
44552,123,124,-1,1
44553,170,136,34,34
44554,124,128,-4,4
44555,98,99,-1,1
44556,57,69,-12,12
44557,122,126,-4,4
44558,59,62,-3,3
44559,107,96,11,11
44560,73,70,3,3
44561,65,68,-3,3
44562,53,53,0,0
44563,152,140,12,12
44564,81,72,9,9
44565,87,84,3,3
44566,77,72,5,5
44567,129,128,1,1
44568,165,154,11,11
44569,111,110,1,1
44570,108,110,-2,2
44571,67,70,-3,3
44572,78,76,2,2
44573,105,94,11,11
44574,72,68,4,4
44575,75,85,-10,10
44576,85,77,8,8
44577,57,60,-3,3
44578,115,118,-3,3
44579,74,72,2,2
44580,170,165,5,5
44581,90,94,-4,4
44582,85,89,-4,4
44583,65,69,-4,4
44584,45,38,7,7
44585,160,135,25,25
44586,160,145,15,15
44587,99,99,0,0
44588,62,71,-9,9
44589,121,120,1,1
44590,129,120,9,9
44591,98,100,-2,2
44592,104,96,8,8
44593,69,70,-1,1
44594,75,70,5,5
44595,95,92,3,3
44596,118,113,5,5
44597,94,131,-37,37
44598,100,100,0,0
44599,129,115,14,14
44600,118,114,4,4
44601,57,149,-92,92
44602,68,69,-1,1
44603,123,119,4,4
44604,93,84,9,9
44605,53,57,-4,4
44606,92,90,2,2
44607,78,79,-1,1
44608,175,146,29,29
44609,115,122,-7,7
44610,70,76,-6,6
44611,161,139,22,22
44612,61,65,-4,4
44613,64,64,0,0
44614,86,89,-3,3
44615,84,82,2,2
44616,152,127,25,25
44617,116,108,8,8
44618,53,59,-6,6
44619,57,63,-6,6
44620,68,76,-8,8
44621,178,163,15,15
44622,93,86,7,7
44623,120,110,10,10
44624,136,132,4,4
44625,39,42,-3,3
44626,102,97,5,5
44627,167,167,0,0
44628,65,66,-1,1
44629,50,62,-12,12
44630,80,77,3,3
44631,126,118,8,8
44632,67,68,-1,1
44633,59,68,-9,9
44634,116,110,6,6
44635,95,94,1,1
44636,57,60,-3,3
44637,75,84,-9,9
44638,99,96,3,3
44639,94,92,2,2
44640,65,63,2,2
44641,90,87,3,3
44642,126,112,14,14
44643,86,95,-9,9
44644,103,98,5,5
44645,92,99,-7,7
44646,120,113,7,7
44647,86,81,5,5
44648,19,26,-7,7
44649,138,126,12,12
44650,86,85,1,1
44651,126,115,11,11
44652,103,101,2,2
44653,89,85,4,4
44654,71,73,-2,2
44655,63,63,0,0
44656,76,77,-1,1
44657,154,142,12,12
44658,64,65,-1,1
44659,73,74,-1,1
44660,61,65,-4,4
44661,57,66,-9,9
44662,142,139,3,3
44663,193,178,15,15
44664,58,75,-17,17
44665,89,94,-5,5
44666,88,89,-1,1
44667,121,111,10,10
44668,110,105,5,5
44669,116,107,9,9
44670,100,91,9,9
44671,62,62,0,0
44672,100,105,-5,5
44673,146,121,25,25
44674,33,33,0,0
44675,105,105,0,0
44676,93,90,3,3
44677,48,59,-11,11
44678,74,78,-4,4
44679,55,59,-4,4
44680,77,73,4,4
44681,83,74,9,9
44682,162,146,16,16
44683,59,62,-3,3
44684,196,180,16,16
44685,95,86,9,9
44686,64,64,0,0
44687,107,110,-3,3
44688,163,147,16,16
44689,78,76,2,2
44690,66,74,-8,8
44691,62,71,-9,9
44692,109,98,11,11
44693,77,77,0,0
44694,125,113,12,12
44695,103,95,8,8
44696,81,79,2,2
44697,50,54,-4,4
44698,116,126,-10,10
44699,70,80,-10,10
44700,68,62,6,6
44701,96,91,5,5
44702,155,133,22,22
44703,128,130,-2,2
44704,75,75,0,0
44705,116,112,4,4
44706,88,88,0,0
44707,100,89,11,11
44708,73,75,-2,2
44709,140,138,2,2
44710,106,101,5,5
44711,87,88,-1,1
44712,78,88,-10,10
44713,92,85,7,7
44714,109,98,11,11
44715,69,74,-5,5
44716,174,159,15,15
44717,60,64,-4,4
44718,61,61,0,0
44719,59,63,-4,4
44720,124,115,9,9
44721,85,84,1,1
44722,136,105,31,31
44723,118,115,3,3
44724,81,83,-2,2
44725,80,78,2,2
44726,69,65,4,4
44727,60,66,-6,6
44728,63,67,-4,4
44729,46,40,6,6
44730,61,62,-1,1
44731,65,74,-9,9
44732,104,106,-2,2
44733,144,130,14,14
44734,73,94,-21,21
44735,77,79,-2,2
44736,96,91,5,5
44737,71,79,-8,8
44738,74,76,-2,2
44739,60,63,-3,3
44740,80,79,1,1
44741,74,78,-4,4
44742,168,146,22,22
44743,145,129,16,16
44744,86,89,-3,3
44745,137,130,7,7
44746,121,112,9,9
44747,91,79,12,12
44748,68,71,-3,3
44749,78,71,7,7
44750,84,86,-2,2
44751,150,136,14,14
44752,103,91,12,12
44753,79,78,1,1
44754,63,68,-5,5
44755,70,70,0,0
44756,229,211,18,18
44757,130,135,-5,5
44758,81,88,-7,7
44759,112,99,13,13
44760,134,115,19,19
44761,82,84,-2,2
44762,152,203,-51,51
44763,90,97,-7,7
44764,105,107,-2,2
44765,138,131,7,7
44766,95,92,3,3
44767,86,82,4,4
44768,91,82,9,9
44769,58,77,-19,19
44770,130,116,14,14
44771,154,137,17,17
44772,69,73,-4,4
44773,158,130,28,28
44774,136,126,10,10
44775,56,64,-8,8
44776,86,84,2,2
44777,49,53,-4,4
44778,138,127,11,11
44779,100,98,2,2
44780,146,137,9,9
44781,56,59,-3,3
44782,79,80,-1,1
44783,53,53,0,0
44784,59,59,0,0
44785,64,62,2,2
44786,108,101,7,7
44787,66,66,0,0
44788,117,115,2,2
44789,60,61,-1,1
44790,51,52,-1,1
44791,104,96,8,8
44792,92,108,-16,16
44793,87,79,8,8
44794,84,103,-19,19
44795,155,143,12,12
44796,100,99,1,1
44797,43,44,-1,1
44798,72,65,7,7
44799,124,130,-6,6
44800,116,131,-15,15
44801,159,136,23,23
44802,91,104,-13,13
44803,71,64,7,7
44804,158,144,14,14
44805,71,74,-3,3
44806,102,97,5,5
44807,117,108,9,9
44808,94,92,2,2
44809,79,87,-8,8
44810,51,56,-5,5
44811,63,63,0,0
44812,55,62,-7,7
44813,152,127,25,25
44814,78,64,14,14
44815,54,58,-4,4
44816,80,76,4,4
44817,59,61,-2,2
44818,84,82,2,2
44819,110,102,8,8
44820,124,108,16,16
44821,92,82,10,10
44822,126,121,5,5
44823,130,118,12,12
44824,89,90,-1,1
44825,109,103,6,6
44826,87,93,-6,6
44827,75,67,8,8
44828,225,207,18,18
44829,182,172,10,10
44830,82,82,0,0
44831,54,65,-11,11
44832,187,168,19,19
44833,128,128,0,0
44834,87,76,11,11
44835,92,79,13,13
44836,58,69,-11,11
44837,63,63,0,0
44838,100,93,7,7
44839,102,108,-6,6
44840,46,55,-9,9
44841,89,95,-6,6
44842,61,60,1,1
44843,134,128,6,6
44844,69,71,-2,2
44845,118,110,8,8
44846,153,141,12,12
44847,115,107,8,8
44848,88,82,6,6
44849,91,90,1,1
44850,51,34,17,17
44851,68,78,-10,10
44852,155,139,16,16
44853,52,56,-4,4
44854,71,74,-3,3
44855,100,96,4,4
44856,81,76,5,5
44857,168,155,13,13
44858,80,77,3,3
44859,83,77,6,6
44860,90,94,-4,4
44861,99,94,5,5
44862,45,42,3,3
44863,110,104,6,6
44864,118,100,18,18
44865,98,93,5,5
44866,162,143,19,19
44867,54,53,1,1
44868,80,84,-4,4
44869,91,84,7,7
44870,81,73,8,8
44871,89,86,3,3
44872,58,60,-2,2
44873,194,193,1,1
44874,78,80,-2,2
44875,63,62,1,1
44876,61,62,-1,1
44877,98,92,6,6
44878,95,90,5,5
44879,97,89,8,8
44880,96,106,-10,10
44881,89,82,7,7
44882,154,138,16,16
44883,51,54,-3,3
44884,117,99,18,18
44885,42,54,-12,12
44886,92,85,7,7
44887,91,92,-1,1
44888,162,162,0,0
44889,75,77,-2,2
44890,104,101,3,3
44891,117,113,4,4
44892,74,85,-11,11
44893,52,55,-3,3
44894,77,74,3,3
44895,83,76,7,7
44896,71,75,-4,4
44897,57,58,-1,1
44898,62,64,-2,2
44899,114,106,8,8
44900,58,68,-10,10
44901,120,117,3,3
44902,74,77,-3,3
44903,95,81,14,14
44904,63,70,-7,7
44905,84,92,-8,8
44906,57,67,-10,10
44907,70,74,-4,4
44908,71,81,-10,10
44909,71,65,6,6
44910,140,119,21,21
44911,116,116,0,0
44912,62,67,-5,5
44913,96,101,-5,5
44914,73,75,-2,2
44915,79,76,3,3
44916,97,85,12,12
44917,80,72,8,8
44918,76,75,1,1
44919,67,67,0,0
44920,176,162,14,14
44921,71,83,-12,12
44922,89,87,2,2
44923,75,74,1,1
44924,142,127,15,15
44925,96,97,-1,1
44926,70,73,-3,3
44927,134,124,10,10
44928,123,116,7,7
44929,71,78,-7,7
44930,45,58,-13,13
44931,102,98,4,4
44932,130,126,4,4
44933,134,127,7,7
44934,71,77,-6,6
44935,111,123,-12,12
44936,134,118,16,16
44937,131,109,22,22
44938,136,155,-19,19
44939,116,107,9,9
44940,156,139,17,17
44941,139,121,18,18
44942,102,98,4,4
44943,69,76,-7,7
44944,81,76,5,5
44945,109,112,-3,3
44946,94,87,7,7
44947,77,73,4,4
44948,173,172,1,1
44949,70,75,-5,5
44950,77,79,-2,2
44951,95,92,3,3
44952,96,91,5,5
44953,90,91,-1,1
44954,47,66,-19,19
44955,116,118,-2,2
44956,84,74,10,10
44957,62,71,-9,9
44958,128,133,-5,5
44959,83,79,4,4
44960,90,94,-4,4
44961,86,84,2,2
44962,113,106,7,7
44963,153,131,22,22
44964,90,86,4,4
44965,96,93,3,3
44966,76,84,-8,8
44967,73,74,-1,1
44968,98,95,3,3
44969,23,40,-17,17
44970,57,64,-7,7
44971,65,82,-17,17
44972,107,105,2,2
44973,140,131,9,9
44974,112,98,14,14
44975,149,155,-6,6
44976,100,81,19,19
44977,100,94,6,6
44978,64,61,3,3
44979,89,84,5,5
44980,154,139,15,15
44981,53,58,-5,5
44982,45,44,1,1
44983,61,64,-3,3
44984,108,103,5,5
44985,88,77,11,11
44986,109,107,2,2
44987,143,119,24,24
44988,91,97,-6,6
44989,102,98,4,4
44990,61,70,-9,9
44991,85,85,0,0
44992,121,102,19,19
44993,65,66,-1,1
44994,56,57,-1,1
44995,103,96,7,7
44996,111,97,14,14
44997,102,94,8,8
44998,99,88,11,11
44999,97,114,-17,17
45000,79,75,4,4
45001,139,126,13,13
45002,107,92,15,15
45003,166,163,3,3
45004,51,53,-2,2
45005,75,67,8,8
45006,113,105,8,8
45007,69,81,-12,12
45008,129,124,5,5
45009,197,185,12,12
45010,104,101,3,3
45011,99,102,-3,3
45012,86,75,11,11
45013,95,86,9,9
45014,138,126,12,12
45015,78,74,4,4
45016,47,85,-38,38
45017,56,59,-3,3
45018,62,67,-5,5
45019,64,70,-6,6
45020,105,88,17,17
45021,104,98,6,6
45022,140,128,12,12
45023,84,88,-4,4
45024,126,129,-3,3
45025,82,80,2,2
45026,75,74,1,1
45027,92,94,-2,2
45028,77,79,-2,2
45029,100,97,3,3
45030,140,136,4,4
45031,67,60,7,7
45032,117,117,0,0
45033,54,61,-7,7
45034,81,81,0,0
45035,130,124,6,6
45036,100,91,9,9
45037,86,80,6,6
45038,57,64,-7,7
45039,115,108,7,7
45040,147,140,7,7
45041,86,84,2,2
45042,39,43,-4,4
45043,79,79,0,0
45044,89,95,-6,6
45045,70,66,4,4
45046,73,78,-5,5
45047,113,102,11,11
45048,99,103,-4,4
45049,78,77,1,1
45050,132,128,4,4
45051,79,88,-9,9
45052,143,132,11,11
45053,57,62,-5,5
45054,49,48,1,1
45055,85,88,-3,3
45056,49,77,-28,28
45057,96,86,10,10
45058,87,85,2,2
45059,151,117,34,34
45060,147,140,7,7
45061,94,96,-2,2
45062,91,86,5,5
45063,56,57,-1,1
45064,123,129,-6,6
45065,188,165,23,23
45066,55,47,8,8
45067,117,105,12,12
45068,106,99,7,7
45069,109,114,-5,5
45070,61,58,3,3
45071,46,58,-12,12
45072,62,61,1,1
45073,102,97,5,5
45074,62,62,0,0
45075,85,83,2,2
45076,89,88,1,1
45077,96,93,3,3
45078,132,123,9,9
45079,94,91,3,3
45080,118,106,12,12
45081,73,73,0,0
45082,69,72,-3,3
45083,57,64,-7,7
45084,86,86,0,0
45085,130,111,19,19
45086,144,131,13,13
45087,67,68,-1,1
45088,64,91,-27,27
45089,85,78,7,7
45090,104,107,-3,3
45091,109,102,7,7
45092,110,103,7,7
45093,129,113,16,16
45094,97,91,6,6
45095,85,81,4,4
45096,104,98,6,6
45097,77,81,-4,4
45098,81,85,-4,4
45099,97,90,7,7
45100,130,137,-7,7
45101,67,68,-1,1
45102,55,59,-4,4
45103,92,82,10,10
45104,83,84,-1,1
45105,135,139,-4,4
45106,69,65,4,4
45107,109,107,2,2
45108,98,86,12,12
45109,95,89,6,6
45110,121,118,3,3
45111,80,72,8,8
45112,79,82,-3,3
45113,123,122,1,1
45114,117,108,9,9
45115,59,64,-5,5
45116,89,89,0,0
45117,82,81,1,1
45118,117,102,15,15
45119,69,74,-5,5
45120,123,104,19,19
45121,57,69,-12,12
45122,87,77,10,10
45123,105,106,-1,1
45124,108,102,6,6
45125,76,71,5,5
45126,74,101,-27,27
45127,84,73,11,11
45128,96,95,1,1
45129,78,78,0,0
45130,76,81,-5,5
45131,88,92,-4,4
45132,89,89,0,0
45133,90,92,-2,2
45134,60,61,-1,1
45135,53,59,-6,6
45136,67,71,-4,4
45137,89,89,0,0
45138,149,125,24,24
45139,95,95,0,0
45140,109,113,-4,4
45141,169,168,1,1
45142,78,74,4,4
45143,122,116,6,6
45144,48,67,-19,19
45145,108,116,-8,8
45146,90,88,2,2
45147,147,128,19,19
45148,69,70,-1,1
45149,112,101,11,11
45150,158,144,14,14
45151,123,127,-4,4
45152,42,46,-4,4
45153,135,122,13,13
45154,148,131,17,17
45155,109,105,4,4
45156,73,69,4,4
45157,88,85,3,3
45158,90,81,9,9
45159,55,60,-5,5
45160,83,86,-3,3
45161,54,48,6,6
45162,85,89,-4,4
45163,75,72,3,3
45164,121,116,5,5
45165,65,63,2,2
45166,77,72,5,5
45167,102,94,8,8
45168,104,108,-4,4
45169,67,63,4,4
45170,134,118,16,16
45171,107,93,14,14
45172,87,90,-3,3
45173,168,155,13,13
45174,145,137,8,8
45175,127,124,3,3
45176,168,149,19,19
45177,113,103,10,10
45178,64,72,-8,8
45179,64,67,-3,3
45180,83,84,-1,1
45181,83,83,0,0
45182,125,109,16,16
45183,61,61,0,0
45184,40,40,0,0
45185,57,57,0,0
45186,153,137,16,16
45187,101,101,0,0
45188,83,84,-1,1
45189,89,98,-9,9
45190,111,107,4,4
45191,77,77,0,0
45192,127,115,12,12
45193,128,118,10,10
45194,146,130,16,16
45195,49,59,-10,10
45196,49,62,-13,13
45197,57,67,-10,10
45198,89,84,5,5
45199,88,99,-11,11
45200,153,156,-3,3
45201,71,74,-3,3
45202,135,132,3,3
45203,109,97,12,12
45204,73,72,1,1
45205,185,157,28,28
45206,69,69,0,0
45207,109,107,2,2
45208,74,80,-6,6
45209,181,155,26,26
45210,96,95,1,1
45211,93,105,-12,12
45212,60,61,-1,1
45213,104,103,1,1
45214,67,58,9,9
45215,89,93,-4,4
45216,128,110,18,18
45217,100,94,6,6
45218,96,91,5,5
45219,90,81,9,9
45220,68,66,2,2
45221,126,112,14,14
45222,54,64,-10,10
45223,106,106,0,0
45224,63,66,-3,3
45225,113,94,19,19
45226,45,58,-13,13
45227,98,87,11,11
45228,156,136,20,20
45229,52,59,-7,7
45230,134,117,17,17
45231,74,74,0,0
45232,102,98,4,4
45233,100,96,4,4
45234,62,66,-4,4
45235,82,75,7,7
45236,105,90,15,15
45237,69,71,-2,2
45238,124,133,-9,9
45239,118,111,7,7
45240,82,83,-1,1
45241,63,70,-7,7
45242,70,69,1,1
45243,68,71,-3,3
45244,121,109,12,12
45245,73,73,0,0
45246,51,57,-6,6
45247,81,77,4,4
45248,146,130,16,16
45249,88,84,4,4
45250,101,96,5,5
45251,126,129,-3,3
45252,119,114,5,5
45253,113,116,-3,3
45254,172,146,26,26
45255,81,77,4,4
45256,90,87,3,3
45257,110,106,4,4
45258,134,133,1,1
45259,37,49,-12,12
45260,62,64,-2,2
45261,65,65,0,0
45262,52,54,-2,2
45263,76,80,-4,4
45264,116,109,7,7
45265,98,118,-20,20
45266,61,65,-4,4
45267,84,86,-2,2
45268,153,137,16,16
45269,72,67,5,5
45270,77,75,2,2
45271,86,86,0,0
45272,99,102,-3,3
45273,124,115,9,9
45274,66,77,-11,11
45275,76,75,1,1
45276,67,54,13,13
45277,133,117,16,16
45278,91,90,1,1
45279,71,80,-9,9
45280,207,186,21,21
45281,65,68,-3,3
45282,97,95,2,2
45283,131,128,3,3
45284,120,107,13,13
45285,59,63,-4,4
45286,124,118,6,6
45287,74,73,1,1
45288,101,95,6,6
45289,85,84,1,1
45290,85,84,1,1
45291,137,122,15,15
45292,76,73,3,3
45293,136,133,3,3
45294,139,130,9,9
45295,49,57,-8,8
45296,136,126,10,10
45297,75,70,5,5
45298,109,104,5,5
45299,53,58,-5,5
45300,110,106,4,4
45301,59,67,-8,8
45302,119,115,4,4
45303,86,84,2,2
45304,139,124,15,15
45305,132,122,10,10
45306,191,175,16,16
45307,87,79,8,8
45308,90,88,2,2
45309,122,118,4,4
45310,73,67,6,6
45311,122,106,16,16
45312,93,94,-1,1
45313,46,57,-11,11
45314,84,89,-5,5
45315,103,93,10,10
45316,39,33,6,6
45317,96,99,-3,3
45318,72,72,0,0
45319,146,130,16,16
45320,80,89,-9,9
45321,68,74,-6,6
45322,49,51,-2,2
45323,110,105,5,5
45324,117,115,2,2
45325,121,109,12,12
45326,55,70,-15,15
45327,149,149,0,0
45328,78,75,3,3
45329,60,68,-8,8
45330,161,152,9,9
45331,95,99,-4,4
45332,75,63,12,12
45333,92,95,-3,3
45334,112,117,-5,5
45335,67,72,-5,5
45336,91,89,2,2
45337,109,101,8,8
45338,177,159,18,18
45339,105,107,-2,2
45340,82,77,5,5
45341,89,77,12,12
45342,109,103,6,6
45343,67,79,-12,12
45344,117,113,4,4
45345,96,96,0,0
45346,49,60,-11,11
45347,110,101,9,9
45348,57,56,1,1
45349,118,92,26,26
45350,120,109,11,11
45351,77,78,-1,1
45352,107,93,14,14
45353,60,72,-12,12
45354,70,65,5,5
45355,115,113,2,2
45356,70,74,-4,4
45357,70,63,7,7
45358,96,106,-10,10
45359,72,79,-7,7
45360,72,69,3,3
45361,67,73,-6,6
45362,170,148,22,22
45363,57,59,-2,2
45364,67,67,0,0
45365,85,85,0,0
45366,95,105,-10,10
45367,119,138,-19,19
45368,84,79,5,5
45369,65,85,-20,20
45370,225,211,14,14
45371,97,95,2,2
45372,81,82,-1,1
45373,104,99,5,5
45374,23,29,-6,6
45375,75,74,1,1
45376,115,107,8,8
45377,111,99,12,12
45378,60,58,2,2
45379,72,73,-1,1
45380,100,97,3,3
45381,85,80,5,5
45382,60,64,-4,4
45383,55,64,-9,9
45384,120,120,0,0
45385,121,122,-1,1
45386,79,75,4,4
45387,89,88,1,1
45388,127,111,16,16
45389,86,85,1,1
45390,58,59,-1,1
45391,99,90,9,9
45392,126,124,2,2
45393,53,57,-4,4
45394,55,61,-6,6
45395,107,106,1,1
45396,67,65,2,2
45397,83,91,-8,8
45398,81,87,-6,6
45399,92,87,5,5
45400,109,98,11,11
45401,148,145,3,3
45402,115,118,-3,3
45403,124,114,10,10
45404,103,101,2,2
45405,122,122,0,0
45406,104,104,0,0
45407,58,42,16,16
45408,68,69,-1,1
45409,83,89,-6,6
45410,51,67,-16,16
45411,84,81,3,3
45412,129,128,1,1
45413,64,69,-5,5
45414,150,132,18,18
45415,48,51,-3,3
45416,67,62,5,5
45417,72,73,-1,1
45418,101,95,6,6
45419,68,65,3,3
45420,135,122,13,13
45421,98,94,4,4
45422,73,73,0,0
45423,93,99,-6,6
45424,161,154,7,7
45425,58,62,-4,4
45426,125,120,5,5
45427,91,91,0,0
45428,82,78,4,4
45429,82,87,-5,5
45430,89,104,-15,15
45431,45,34,11,11
45432,56,77,-21,21
45433,152,172,-20,20
45434,110,99,11,11
45435,81,77,4,4
45436,43,42,1,1
45437,154,155,-1,1
45438,82,73,9,9
45439,104,107,-3,3
45440,78,84,-6,6
45441,130,114,16,16
45442,66,76,-10,10
45443,86,89,-3,3
45444,98,101,-3,3
45445,106,105,1,1
45446,78,81,-3,3
45447,89,80,9,9
45448,84,86,-2,2
45449,111,99,12,12
45450,73,74,-1,1
45451,115,136,-21,21
45452,174,161,13,13
45453,87,74,13,13
45454,102,97,5,5
45455,77,72,5,5
45456,37,34,3,3
45457,131,124,7,7
45458,104,99,5,5
45459,109,138,-29,29
45460,89,84,5,5
45461,108,101,7,7
45462,158,141,17,17
45463,69,68,1,1
45464,89,78,11,11
45465,42,34,8,8
45466,97,82,15,15
45467,70,75,-5,5
45468,116,108,8,8
45469,138,142,-4,4
45470,110,106,4,4
45471,105,95,10,10
45472,51,62,-11,11
45473,94,99,-5,5
45474,75,73,2,2
45475,129,130,-1,1
45476,88,80,8,8
45477,100,90,10,10
45478,79,78,1,1
45479,176,166,10,10
45480,86,80,6,6
45481,88,97,-9,9
45482,105,111,-6,6
45483,140,127,13,13
45484,72,70,2,2
45485,111,90,21,21
45486,105,93,12,12
45487,191,172,19,19
45488,120,114,6,6
45489,99,100,-1,1
45490,45,55,-10,10
45491,94,90,4,4
45492,80,89,-9,9
45493,85,85,0,0
45494,74,68,6,6
45495,78,80,-2,2
45496,131,115,16,16
45497,95,94,1,1
45498,59,64,-5,5
45499,72,67,5,5
45500,108,109,-1,1
45501,71,74,-3,3
45502,74,71,3,3
45503,134,136,-2,2
45504,101,100,1,1
45505,68,68,0,0
45506,127,125,2,2
45507,195,161,34,34
45508,73,73,0,0
45509,77,78,-1,1
45510,79,73,6,6
45511,59,56,3,3
45512,115,98,17,17
45513,79,78,1,1
45514,91,88,3,3
45515,82,79,3,3
45516,72,72,0,0
45517,63,72,-9,9
45518,89,88,1,1
45519,69,73,-4,4
45520,62,91,-29,29
45521,45,56,-11,11
45522,87,88,-1,1
45523,75,81,-6,6
45524,105,100,5,5
45525,93,99,-6,6
45526,104,100,4,4
45527,86,89,-3,3
45528,159,150,9,9
45529,93,84,9,9
45530,112,108,4,4
45531,120,110,10,10
45532,62,58,4,4
45533,108,100,8,8
45534,124,122,2,2
45535,167,146,21,21
45536,163,155,8,8
45537,113,103,10,10
45538,98,90,8,8
45539,64,73,-9,9
45540,120,109,11,11
45541,52,47,5,5
45542,42,44,-2,2
45543,131,135,-4,4
45544,95,84,11,11
45545,85,84,1,1
45546,71,68,3,3
45547,116,107,9,9
45548,91,80,11,11
45549,94,89,5,5
45550,52,60,-8,8
45551,84,98,-14,14
45552,61,61,0,0
45553,101,100,1,1
45554,97,93,4,4
45555,96,99,-3,3
45556,141,141,0,0
45557,124,113,11,11
45558,72,75,-3,3
45559,79,128,-49,49
45560,155,152,3,3
45561,112,116,-4,4
45562,63,65,-2,2
45563,73,76,-3,3
45564,67,72,-5,5
45565,61,63,-2,2
45566,114,103,11,11
45567,33,34,-1,1
45568,64,67,-3,3
45569,79,75,4,4
45570,149,152,-3,3
45571,97,91,6,6
45572,84,83,1,1
45573,134,132,2,2
45574,85,91,-6,6
45575,123,110,13,13
45576,97,94,3,3
45577,69,66,3,3
45578,116,104,12,12
45579,92,81,11,11
45580,125,121,4,4
45581,103,91,12,12
45582,99,85,14,14
45583,154,155,-1,1
45584,102,97,5,5
45585,53,59,-6,6
45586,104,104,0,0
45587,218,180,38,38
45588,57,60,-3,3
45589,154,155,-1,1
45590,141,140,1,1
45591,113,120,-7,7
45592,69,72,-3,3
45593,87,98,-11,11
45594,126,120,6,6
45595,99,99,0,0
45596,85,89,-4,4
45597,78,87,-9,9
45598,85,74,11,11
45599,77,72,5,5
45600,97,92,5,5
45601,67,75,-8,8
45602,114,106,8,8
45603,130,132,-2,2
45604,127,115,12,12
45605,66,64,2,2
45606,74,77,-3,3
45607,117,109,8,8
45608,57,59,-2,2
45609,169,155,14,14
45610,79,81,-2,2
45611,122,132,-10,10
45612,117,114,3,3
45613,82,81,1,1
45614,119,110,9,9
45615,105,96,9,9
45616,121,107,14,14
45617,107,104,3,3
45618,63,66,-3,3
45619,76,79,-3,3
45620,141,109,32,32
45621,76,76,0,0
45622,189,143,46,46
45623,78,76,2,2
45624,105,116,-11,11
45625,69,72,-3,3
45626,95,102,-7,7
45627,55,62,-7,7
45628,85,75,10,10
45629,62,68,-6,6
45630,72,72,0,0
45631,91,90,1,1
45632,78,89,-11,11
45633,69,69,0,0
45634,58,58,0,0
45635,104,94,10,10
45636,90,91,-1,1
45637,45,55,-10,10
45638,109,95,14,14
45639,174,173,1,1
45640,102,111,-9,9
45641,72,76,-4,4
45642,93,89,4,4
45643,88,112,-24,24
45644,147,129,18,18
45645,116,108,8,8
45646,71,91,-20,20
45647,59,64,-5,5
45648,110,104,6,6
45649,112,104,8,8
45650,67,54,13,13
45651,63,68,-5,5
45652,99,85,14,14
45653,71,70,1,1
45654,61,68,-7,7
45655,145,175,-30,30
45656,59,64,-5,5
45657,91,94,-3,3
45658,97,96,1,1
45659,67,69,-2,2
45660,75,70,5,5
45661,107,90,17,17
45662,47,63,-16,16
45663,111,111,0,0
45664,122,111,11,11
45665,145,132,13,13
45666,133,113,20,20
45667,90,87,3,3
45668,153,141,12,12
45669,83,75,8,8
45670,44,57,-13,13
45671,64,66,-2,2
45672,74,78,-4,4
45673,98,94,4,4
45674,117,69,48,48
45675,83,85,-2,2
45676,52,60,-8,8
45677,74,74,0,0
45678,128,121,7,7
45679,75,73,2,2
45680,71,71,0,0
45681,72,72,0,0
45682,80,79,1,1
45683,98,92,6,6
45684,138,133,5,5
45685,161,149,12,12
45686,152,145,7,7
45687,117,109,8,8
45688,96,101,-5,5
45689,76,76,0,0
45690,150,146,4,4
45691,71,76,-5,5
45692,127,128,-1,1
45693,93,93,0,0
45694,116,112,4,4
45695,128,117,11,11
45696,47,51,-4,4
45697,53,59,-6,6
45698,173,161,12,12
45699,84,96,-12,12
45700,74,71,3,3
45701,40,43,-3,3
45702,125,104,21,21
45703,100,105,-5,5
45704,62,65,-3,3
45705,120,106,14,14
45706,163,135,28,28
45707,111,107,4,4
45708,62,74,-12,12
45709,104,108,-4,4
45710,96,86,10,10
45711,71,69,2,2
45712,94,98,-4,4
45713,109,105,4,4
45714,46,48,-2,2
45715,94,90,4,4
45716,52,53,-1,1
45717,88,85,3,3
45718,68,75,-7,7
45719,193,198,-5,5
45720,137,122,15,15
45721,109,105,4,4
45722,97,104,-7,7
45723,114,104,10,10
45724,90,87,3,3
45725,57,61,-4,4
45726,119,109,10,10
45727,157,144,13,13
45728,86,80,6,6
45729,108,103,5,5
45730,82,84,-2,2
45731,111,101,10,10
45732,110,106,4,4
45733,108,84,24,24
45734,92,81,11,11
45735,38,33,5,5
45736,92,92,0,0
45737,92,89,3,3
45738,68,64,4,4
45739,74,80,-6,6
45740,83,87,-4,4
45741,106,93,13,13
45742,86,84,2,2
45743,78,71,7,7
45744,155,156,-1,1
45745,116,112,4,4
45746,129,100,29,29
45747,99,92,7,7
45748,114,102,12,12
45749,103,92,11,11
45750,82,72,10,10
45751,50,52,-2,2
45752,86,83,3,3
45753,82,78,4,4
45754,82,92,-10,10
45755,50,46,4,4
45756,88,74,14,14
45757,86,81,5,5
45758,103,98,5,5
45759,60,60,0,0
45760,68,68,0,0
45761,86,72,14,14
45762,85,81,4,4
45763,80,75,5,5
45764,58,68,-10,10
45765,63,78,-15,15
45766,117,113,4,4
45767,97,104,-7,7
45768,59,62,-3,3
45769,66,70,-4,4
45770,121,112,9,9
45771,77,72,5,5
45772,47,46,1,1
45773,61,67,-6,6
45774,128,120,8,8
45775,225,204,21,21
45776,145,128,17,17
45777,125,131,-6,6
45778,40,43,-3,3
45779,94,83,11,11
45780,103,96,7,7
45781,137,126,11,11
45782,151,138,13,13
45783,98,98,0,0
45784,115,106,9,9
45785,77,73,4,4
45786,75,95,-20,20
45787,75,75,0,0
45788,117,109,8,8
45789,133,128,5,5
45790,89,99,-10,10
45791,92,89,3,3
45792,66,65,1,1
45793,26,32,-6,6
45794,135,122,13,13
45795,82,87,-5,5
45796,44,53,-9,9
45797,79,52,27,27
45798,135,136,-1,1
45799,122,127,-5,5
45800,177,168,9,9
45801,93,88,5,5
45802,54,50,4,4
45803,104,111,-7,7
45804,69,65,4,4
45805,64,69,-5,5
45806,113,117,-4,4
45807,69,68,1,1
45808,127,128,-1,1
45809,115,111,4,4
45810,75,75,0,0
45811,81,76,5,5
45812,35,34,1,1
45813,120,117,3,3
45814,86,86,0,0
45815,111,97,14,14
45816,149,131,18,18
45817,86,80,6,6
45818,122,113,9,9
45819,80,88,-8,8
45820,91,85,6,6
45821,106,100,6,6
45822,30,34,-4,4
45823,84,83,1,1
45824,159,125,34,34
45825,76,82,-6,6
45826,73,73,0,0
45827,78,79,-1,1
45828,271,235,36,36
45829,138,137,1,1
45830,72,76,-4,4
45831,77,75,2,2
45832,94,91,3,3
45833,101,97,4,4
45834,72,73,-1,1
45835,101,105,-4,4
45836,120,114,6,6
45837,159,151,8,8
45838,78,78,0,0
45839,78,80,-2,2
45840,106,101,5,5
45841,87,92,-5,5
45842,62,64,-2,2
45843,106,108,-2,2
45844,127,134,-7,7
45845,101,99,2,2
45846,56,60,-4,4
45847,41,55,-14,14
45848,83,84,-1,1
45849,128,125,3,3
45850,86,79,7,7
45851,82,85,-3,3
45852,104,98,6,6
45853,116,132,-16,16
45854,115,104,11,11
45855,81,76,5,5
45856,82,93,-11,11
45857,88,79,9,9
45858,115,109,6,6
45859,170,162,8,8
45860,110,106,4,4
45861,228,196,32,32
45862,161,140,21,21
45863,72,74,-2,2
45864,171,148,23,23
45865,117,104,13,13
45866,116,111,5,5
45867,60,55,5,5
45868,113,112,1,1
45869,121,112,9,9
45870,41,59,-18,18
45871,98,90,8,8
45872,83,81,2,2
45873,56,60,-4,4
45874,107,96,11,11
45875,90,83,7,7
45876,91,91,0,0
45877,68,74,-6,6
45878,131,118,13,13
45879,95,91,4,4
45880,93,87,6,6
45881,99,94,5,5
45882,195,161,34,34
45883,124,109,15,15
45884,124,114,10,10
45885,44,57,-13,13
45886,63,66,-3,3
45887,175,155,20,20
45888,127,110,17,17
45889,113,112,1,1
45890,118,97,21,21
45891,99,103,-4,4
45892,89,84,5,5
45893,64,67,-3,3
45894,73,74,-1,1
45895,104,98,6,6
45896,50,57,-7,7
45897,94,84,10,10
45898,115,112,3,3
45899,91,91,0,0
45900,80,71,9,9
45901,81,84,-3,3
45902,80,82,-2,2
45903,100,91,9,9
45904,123,119,4,4
45905,89,78,11,11
45906,71,71,0,0
45907,162,137,25,25
45908,152,127,25,25
45909,69,70,-1,1
45910,81,90,-9,9
45911,71,74,-3,3
45912,90,86,4,4
45913,104,97,7,7
45914,106,95,11,11
45915,66,71,-5,5
45916,66,65,1,1
45917,79,87,-8,8
45918,45,51,-6,6
45919,89,82,7,7
45920,105,86,19,19
45921,59,60,-1,1
45922,103,95,8,8
45923,116,115,1,1
45924,93,87,6,6
45925,116,124,-8,8
45926,133,119,14,14
45927,86,79,7,7
45928,86,76,10,10
45929,65,64,1,1
45930,139,126,13,13
45931,117,117,0,0
45932,67,66,1,1
45933,119,98,21,21
45934,81,98,-17,17
45935,127,116,11,11
45936,142,127,15,15
45937,87,85,2,2
45938,70,68,2,2
45939,79,77,2,2
45940,119,112,7,7
45941,73,70,3,3
45942,72,65,7,7
45943,87,91,-4,4
45944,108,99,9,9
45945,120,114,6,6
45946,82,77,5,5
45947,97,97,0,0
45948,73,79,-6,6
45949,69,71,-2,2
45950,96,93,3,3
45951,44,43,1,1
45952,104,96,8,8
45953,68,74,-6,6
45954,108,82,26,26
45955,81,84,-3,3
45956,124,116,8,8
45957,91,82,9,9
45958,116,128,-12,12
45959,41,34,7,7
45960,93,93,0,0
45961,100,101,-1,1
45962,70,81,-11,11
45963,82,81,1,1
45964,124,108,16,16
45965,168,147,21,21
45966,81,79,2,2
45967,124,124,0,0
45968,74,71,3,3
45969,191,173,18,18
45970,99,104,-5,5
45971,72,75,-3,3
45972,92,94,-2,2
45973,122,119,3,3
45974,104,96,8,8
45975,93,86,7,7
45976,50,56,-6,6
45977,79,86,-7,7
45978,86,87,-1,1
45979,147,151,-4,4
45980,129,136,-7,7
45981,135,141,-6,6
45982,124,105,19,19
45983,91,90,1,1
45984,80,88,-8,8
45985,150,149,1,1
45986,113,105,8,8
45987,74,66,8,8
45988,165,145,20,20
45989,105,90,15,15
45990,49,55,-6,6
45991,96,101,-5,5
45992,115,111,4,4
45993,132,116,16,16
45994,111,98,13,13
45995,44,34,10,10
45996,98,88,10,10
45997,52,50,2,2
45998,78,79,-1,1
45999,71,72,-1,1
46000,30,29,1,1
46001,116,114,2,2
46002,128,146,-18,18
46003,75,83,-8,8
46004,47,53,-6,6
46005,89,95,-6,6
46006,88,76,12,12
46007,102,97,5,5
46008,48,48,0,0
46009,59,59,0,0
46010,131,118,13,13
46011,71,72,-1,1
46012,81,84,-3,3
46013,110,106,4,4
46014,154,142,12,12
46015,120,115,5,5
46016,155,133,22,22
46017,109,104,5,5
46018,71,79,-8,8
46019,81,80,1,1
46020,58,62,-4,4
46021,69,79,-10,10
46022,134,123,11,11
46023,99,93,6,6
46024,71,73,-2,2
46025,99,94,5,5
46026,76,79,-3,3
46027,98,85,13,13
46028,68,69,-1,1
46029,105,93,12,12
46030,109,98,11,11
46031,143,138,5,5
46032,112,104,8,8
46033,82,98,-16,16
46034,59,59,0,0
46035,170,152,18,18
46036,84,89,-5,5
46037,84,95,-11,11
46038,97,95,2,2
46039,241,209,32,32
46040,216,186,30,30
46041,121,116,5,5
46042,72,68,4,4
46043,61,63,-2,2
46044,76,72,4,4
46045,140,135,5,5
46046,101,94,7,7
46047,92,82,10,10
46048,65,63,2,2
46049,62,68,-6,6
46050,62,66,-4,4
46051,172,144,28,28
46052,82,78,4,4
46053,118,114,4,4
46054,99,91,8,8
46055,121,113,8,8
46056,108,103,5,5
46057,96,80,16,16
46058,145,128,17,17
46059,111,135,-24,24
46060,46,47,-1,1
46061,74,65,9,9
46062,96,93,3,3
46063,60,61,-1,1
46064,110,133,-23,23
46065,78,81,-3,3
46066,114,97,17,17
46067,154,162,-8,8
46068,165,147,18,18
46069,42,34,8,8
46070,91,84,7,7
46071,100,99,1,1
46072,110,90,20,20
46073,67,74,-7,7
46074,68,74,-6,6
46075,137,112,25,25
46076,87,87,0,0
46077,93,85,8,8
46078,86,85,1,1
46079,200,197,3,3
46080,119,112,7,7
46081,176,159,17,17
46082,75,74,1,1
46083,125,107,18,18
46084,74,79,-5,5
46085,102,93,9,9
46086,53,56,-3,3
46087,107,97,10,10
46088,95,94,1,1
46089,120,117,3,3
46090,88,87,1,1
46091,66,74,-8,8
46092,94,88,6,6
46093,137,135,2,2
46094,67,75,-8,8
46095,83,80,3,3
46096,56,59,-3,3
46097,139,121,18,18
46098,100,92,8,8
46099,78,86,-8,8
46100,103,94,9,9
46101,59,69,-10,10
46102,47,59,-12,12
46103,65,63,2,2
46104,112,101,11,11
46105,132,114,18,18
46106,82,88,-6,6
46107,118,113,5,5
46108,109,96,13,13
46109,91,85,6,6
46110,67,69,-2,2
46111,83,86,-3,3
46112,79,77,2,2
46113,26,29,-3,3
46114,44,58,-14,14
46115,71,76,-5,5
46116,86,78,8,8
46117,77,74,3,3
46118,53,51,2,2
46119,98,88,10,10
46120,144,121,23,23
46121,89,81,8,8
46122,67,69,-2,2
46123,147,132,15,15
46124,127,125,2,2
46125,85,85,0,0
46126,66,64,2,2
46127,89,83,6,6
46128,89,89,0,0
46129,75,73,2,2
46130,72,70,2,2
46131,101,99,2,2
46132,126,95,31,31
46133,62,63,-1,1
46134,83,79,4,4
46135,151,138,13,13
46136,102,92,10,10
46137,215,197,18,18
46138,149,134,15,15
46139,133,123,10,10
46140,90,80,10,10
46141,100,82,18,18
46142,57,55,2,2
46143,61,62,-1,1
46144,41,34,7,7
46145,137,123,14,14
46146,164,148,16,16
46147,242,223,19,19
46148,99,96,3,3
46149,51,54,-3,3
46150,68,67,1,1
46151,78,74,4,4
46152,120,113,7,7
46153,87,83,4,4
46154,105,93,12,12
46155,112,101,11,11
46156,87,90,-3,3
46157,88,85,3,3
46158,71,69,2,2
46159,125,116,9,9
46160,73,75,-2,2
46161,108,106,2,2
46162,76,76,0,0
46163,45,43,2,2
46164,100,96,4,4
46165,76,77,-1,1
46166,158,149,9,9
46167,92,92,0,0
46168,77,80,-3,3
46169,44,41,3,3
46170,115,118,-3,3
46171,85,90,-5,5
46172,109,102,7,7
46173,89,91,-2,2
46174,39,44,-5,5
46175,66,70,-4,4
46176,62,70,-8,8
46177,89,90,-1,1
46178,130,123,7,7
46179,92,89,3,3
46180,138,118,20,20
46181,118,106,12,12
46182,219,235,-16,16
46183,104,102,2,2
46184,94,94,0,0
46185,100,85,15,15
46186,54,54,0,0
46187,153,132,21,21
46188,84,83,1,1
46189,91,96,-5,5
46190,46,45,1,1
46191,53,65,-12,12
46192,77,71,6,6
46193,80,71,9,9
46194,138,121,17,17
46195,80,73,7,7
46196,138,119,19,19
46197,141,130,11,11
46198,91,86,5,5
46199,176,156,20,20
46200,117,113,4,4
46201,69,77,-8,8
46202,108,114,-6,6
46203,101,93,8,8
46204,135,125,10,10
46205,115,110,5,5
46206,102,103,-1,1
46207,56,65,-9,9
46208,96,95,1,1
46209,69,69,0,0
46210,106,110,-4,4
46211,151,148,3,3
46212,110,102,8,8
46213,112,97,15,15
46214,134,118,16,16
46215,65,67,-2,2
46216,66,69,-3,3
46217,97,96,1,1
46218,109,106,3,3
46219,141,127,14,14
46220,78,94,-16,16
46221,94,108,-14,14
46222,64,72,-8,8
46223,47,64,-17,17
46224,79,78,1,1
46225,104,103,1,1
46226,39,34,5,5
46227,62,71,-9,9
46228,123,119,4,4
46229,144,125,19,19
46230,108,107,1,1
46231,183,152,31,31
46232,85,83,2,2
46233,49,55,-6,6
46234,40,34,6,6
46235,27,34,-7,7
46236,107,104,3,3
46237,135,137,-2,2
46238,129,116,13,13
46239,77,74,3,3
46240,61,70,-9,9
46241,58,70,-12,12
46242,144,134,10,10
46243,53,57,-4,4
46244,95,97,-2,2
46245,82,74,8,8
46246,73,74,-1,1
46247,174,167,7,7
46248,101,94,7,7
46249,100,120,-20,20
46250,81,73,8,8
46251,94,91,3,3
46252,76,79,-3,3
46253,70,74,-4,4
46254,100,100,0,0
46255,79,76,3,3
46256,83,83,0,0
46257,90,92,-2,2
46258,136,127,9,9
46259,61,60,1,1
46260,106,106,0,0
46261,90,87,3,3
46262,32,34,-2,2
46263,100,102,-2,2
46264,74,68,6,6
46265,62,65,-3,3
46266,101,93,8,8
46267,104,94,10,10
46268,94,84,10,10
46269,95,101,-6,6
46270,134,123,11,11
46271,134,130,4,4
46272,77,74,3,3
46273,80,94,-14,14
46274,90,87,3,3
46275,128,112,16,16
46276,108,103,5,5
46277,64,72,-8,8
46278,44,55,-11,11
46279,115,106,9,9
46280,49,57,-8,8
46281,64,75,-11,11
46282,64,64,0,0
46283,128,120,8,8
46284,69,74,-5,5
46285,73,69,4,4
46286,38,34,4,4
46287,71,71,0,0
46288,94,93,1,1
46289,89,90,-1,1
46290,63,66,-3,3
46291,116,103,13,13
46292,83,85,-2,2
46293,38,46,-8,8
46294,57,63,-6,6
46295,84,81,3,3
46296,552,458,94,94
46297,75,72,3,3
46298,70,68,2,2
46299,90,101,-11,11
46300,181,191,-10,10
46301,109,102,7,7
46302,99,105,-6,6
46303,99,93,6,6
46304,73,74,-1,1
46305,71,74,-3,3
46306,125,123,2,2
46307,142,139,3,3
46308,125,117,8,8
46309,99,93,6,6
46310,127,117,10,10
46311,134,114,20,20
46312,87,80,7,7
46313,99,104,-5,5
46314,116,119,-3,3
46315,57,63,-6,6
46316,160,147,13,13
46317,104,94,10,10
46318,106,102,4,4
46319,82,86,-4,4
46320,149,130,19,19
46321,122,116,6,6
46322,46,54,-8,8
46323,44,58,-14,14
46324,47,59,-12,12
46325,46,68,-22,22
46326,103,104,-1,1
46327,118,112,6,6
46328,62,67,-5,5
46329,61,71,-10,10
46330,90,93,-3,3
46331,87,79,8,8
46332,163,142,21,21
46333,108,106,2,2
46334,68,69,-1,1
46335,128,120,8,8
46336,132,145,-13,13
46337,48,56,-8,8
46338,66,63,3,3
46339,62,70,-8,8
46340,77,86,-9,9
46341,47,63,-16,16
46342,124,111,13,13
46343,95,100,-5,5
46344,65,63,2,2
46345,70,73,-3,3
46346,133,125,8,8
46347,98,96,2,2
46348,138,140,-2,2
46349,93,92,1,1
46350,136,123,13,13
46351,119,108,11,11
46352,102,107,-5,5
46353,106,119,-13,13
46354,75,77,-2,2
46355,58,59,-1,1
46356,130,109,21,21
46357,85,86,-1,1
46358,102,111,-9,9
46359,66,67,-1,1
46360,83,96,-13,13
46361,85,85,0,0
46362,122,115,7,7
46363,107,109,-2,2
46364,68,74,-6,6
46365,58,63,-5,5
46366,87,82,5,5
46367,67,72,-5,5
46368,74,77,-3,3
46369,68,67,1,1
46370,104,91,13,13
46371,158,150,8,8
46372,131,116,15,15
46373,103,101,2,2
46374,109,106,3,3
46375,64,62,2,2
46376,123,107,16,16
46377,111,101,10,10
46378,38,34,4,4
46379,59,57,2,2
46380,46,62,-16,16
46381,101,105,-4,4
46382,149,136,13,13
46383,116,109,7,7
46384,62,78,-16,16
46385,78,81,-3,3
46386,92,85,7,7
46387,109,99,10,10
46388,94,93,1,1
46389,107,110,-3,3
46390,75,79,-4,4
46391,64,71,-7,7
46392,30,34,-4,4
46393,127,123,4,4
46394,67,66,1,1
46395,109,106,3,3
46396,187,163,24,24
46397,90,90,0,0
46398,123,114,9,9
46399,72,69,3,3
46400,124,117,7,7
46401,110,104,6,6
46402,108,108,0,0
46403,65,70,-5,5
46404,116,115,1,1
46405,77,86,-9,9
46406,40,47,-7,7
46407,108,104,4,4
46408,159,145,14,14
46409,60,62,-2,2
46410,116,103,13,13
46411,124,136,-12,12
46412,94,94,0,0
46413,90,78,12,12
46414,30,32,-2,2
46415,89,86,3,3
46416,89,82,7,7
46417,111,115,-4,4
46418,84,84,0,0
46419,49,56,-7,7
46420,75,67,8,8
46421,136,113,23,23
46422,41,57,-16,16
46423,72,71,1,1
46424,173,156,17,17
46425,70,74,-4,4
46426,90,90,0,0
46427,153,148,5,5
46428,138,137,1,1
46429,147,138,9,9
46430,116,127,-11,11
46431,148,137,11,11
46432,117,113,4,4
46433,103,96,7,7
46434,123,117,6,6
46435,151,133,18,18
46436,126,121,5,5
46437,105,109,-4,4
46438,111,109,2,2
46439,71,65,6,6
46440,99,110,-11,11
46441,59,68,-9,9
46442,104,96,8,8
46443,60,60,0,0
46444,88,89,-1,1
46445,63,62,1,1
46446,186,167,19,19
46447,97,90,7,7
46448,128,115,13,13
46449,162,141,21,21
46450,74,73,1,1
46451,92,85,7,7
46452,153,138,15,15
46453,97,93,4,4
46454,116,111,5,5
46455,161,130,31,31
46456,73,76,-3,3
46457,107,105,2,2
46458,112,122,-10,10
46459,89,83,6,6
46460,92,86,6,6
46461,83,81,2,2
46462,108,117,-9,9
46463,108,109,-1,1
46464,49,45,4,4
46465,64,66,-2,2
46466,109,114,-5,5
46467,52,54,-2,2
46468,139,136,3,3
46469,90,86,4,4
46470,90,89,1,1
46471,70,75,-5,5
46472,97,98,-1,1
46473,56,61,-5,5
46474,64,75,-11,11
46475,67,65,2,2
46476,48,55,-7,7
46477,69,67,2,2
46478,93,92,1,1
46479,144,134,10,10
46480,145,145,0,0
46481,142,138,4,4
46482,150,143,7,7
46483,58,56,2,2
46484,120,105,15,15
46485,102,96,6,6
46486,142,142,0,0
46487,100,100,0,0
46488,125,119,6,6
46489,84,97,-13,13
46490,123,118,5,5
46491,145,147,-2,2
46492,86,87,-1,1
46493,73,73,0,0
46494,97,90,7,7
46495,57,62,-5,5
46496,122,114,8,8
46497,71,66,5,5
46498,99,96,3,3
46499,83,74,9,9
46500,165,149,16,16
46501,193,166,27,27
46502,104,94,10,10
46503,110,122,-12,12
46504,65,63,2,2
46505,72,75,-3,3
46506,76,75,1,1
46507,173,158,15,15
46508,76,87,-11,11
46509,95,89,6,6
46510,96,92,4,4
46511,82,77,5,5
46512,91,99,-8,8
46513,88,81,7,7
46514,104,103,1,1
46515,114,115,-1,1
46516,109,102,7,7
46517,74,74,0,0
46518,137,123,14,14
46519,93,89,4,4
46520,88,87,1,1
46521,55,66,-11,11
46522,72,76,-4,4
46523,71,91,-20,20
46524,110,97,13,13
46525,114,113,1,1
46526,128,126,2,2
46527,65,71,-6,6
46528,114,112,2,2
46529,97,93,4,4
46530,117,141,-24,24
46531,72,75,-3,3
46532,92,86,6,6
46533,64,62,2,2
46534,125,125,0,0
46535,99,95,4,4
46536,56,66,-10,10
46537,54,58,-4,4
46538,122,118,4,4
46539,178,171,7,7
46540,179,161,18,18
46541,80,77,3,3
46542,109,101,8,8
46543,83,83,0,0
46544,103,92,11,11
46545,61,68,-7,7
46546,125,111,14,14
46547,96,87,9,9
46548,96,110,-14,14
46549,97,93,4,4
46550,108,89,19,19
46551,89,92,-3,3
46552,55,56,-1,1
46553,87,125,-38,38
46554,49,55,-6,6
46555,94,92,2,2
46556,93,114,-21,21
46557,75,76,-1,1
46558,65,70,-5,5
46559,52,49,3,3
46560,83,81,2,2
46561,123,103,20,20
46562,92,87,5,5
46563,74,78,-4,4
46564,109,96,13,13
46565,52,61,-9,9
46566,76,69,7,7
46567,116,107,9,9
46568,83,74,9,9
46569,82,78,4,4
46570,144,133,11,11
46571,35,34,1,1
46572,155,146,9,9
46573,136,125,11,11
46574,123,116,7,7
46575,81,78,3,3
46576,66,73,-7,7
46577,131,116,15,15
46578,133,115,18,18
46579,71,71,0,0
46580,82,82,0,0
46581,82,83,-1,1
46582,42,34,8,8
46583,137,143,-6,6
46584,140,156,-16,16
46585,58,67,-9,9
46586,117,100,17,17
46587,69,82,-13,13
46588,85,85,0,0
46589,52,43,9,9
46590,87,95,-8,8
46591,135,137,-2,2
46592,64,66,-2,2
46593,129,107,22,22
46594,190,179,11,11
46595,68,75,-7,7
46596,82,76,6,6
46597,75,78,-3,3
46598,149,127,22,22
46599,84,82,2,2
46600,54,57,-3,3
46601,98,93,5,5
46602,99,86,13,13
46603,125,122,3,3
46604,86,88,-2,2
46605,95,88,7,7
46606,75,77,-2,2
46607,80,74,6,6
46608,118,113,5,5
46609,91,85,6,6
46610,106,96,10,10
46611,85,92,-7,7
46612,153,144,9,9
46613,103,100,3,3
46614,159,151,8,8
46615,69,68,1,1
46616,166,129,37,37
46617,109,101,8,8
46618,133,119,14,14
46619,191,166,25,25
46620,113,94,19,19
46621,124,110,14,14
46622,139,127,12,12
46623,88,85,3,3
46624,43,60,-17,17
46625,71,75,-4,4
46626,116,109,7,7
46627,115,105,10,10
46628,118,112,6,6
46629,62,64,-2,2
46630,106,106,0,0
46631,116,127,-11,11
46632,137,123,14,14
46633,201,169,32,32
46634,53,60,-7,7
46635,73,77,-4,4
46636,46,56,-10,10
46637,90,85,5,5
46638,126,121,5,5
46639,113,109,4,4
46640,80,73,7,7
46641,102,92,10,10
46642,161,139,22,22
46643,103,102,1,1
46644,119,127,-8,8
46645,54,68,-14,14
46646,159,141,18,18
46647,87,77,10,10
46648,59,57,2,2
46649,59,67,-8,8
46650,90,84,6,6
46651,59,65,-6,6
46652,104,95,9,9
46653,131,129,2,2
46654,60,60,0,0
46655,68,67,1,1
46656,86,80,6,6
46657,88,80,8,8
46658,146,138,8,8
46659,62,63,-1,1
46660,152,144,8,8
46661,104,100,4,4
46662,67,68,-1,1
46663,102,102,0,0
46664,96,97,-1,1
46665,99,106,-7,7
46666,99,101,-2,2
46667,76,79,-3,3
46668,97,95,2,2
46669,83,86,-3,3
46670,112,112,0,0
46671,63,66,-3,3
46672,136,136,0,0
46673,74,76,-2,2
46674,172,145,27,27
46675,136,117,19,19
46676,120,121,-1,1
46677,116,114,2,2
46678,126,119,7,7
46679,114,104,10,10
46680,72,74,-2,2
46681,104,100,4,4
46682,147,146,1,1
46683,103,101,2,2
46684,81,73,8,8
46685,80,81,-1,1
46686,101,98,3,3
46687,125,109,16,16
46688,92,69,23,23
46689,84,79,5,5
46690,80,107,-27,27
46691,150,137,13,13
46692,61,65,-4,4
46693,112,104,8,8
46694,112,101,11,11
46695,67,62,5,5
46696,137,129,8,8
46697,58,64,-6,6
46698,105,101,4,4
46699,88,90,-2,2
46700,76,73,3,3
46701,88,81,7,7
46702,108,107,1,1
46703,97,90,7,7
46704,141,137,4,4
46705,64,78,-14,14
46706,51,59,-8,8
46707,101,90,11,11
46708,158,152,6,6
46709,97,93,4,4
46710,79,86,-7,7
46711,69,69,0,0
46712,97,103,-6,6
46713,90,88,2,2
46714,85,91,-6,6
46715,90,85,5,5
46716,120,111,9,9
46717,61,66,-5,5
46718,145,139,6,6
46719,77,78,-1,1
46720,49,56,-7,7
46721,81,81,0,0
46722,70,72,-2,2
46723,107,95,12,12
46724,87,85,2,2
46725,66,68,-2,2
46726,108,104,4,4
46727,86,82,4,4
46728,68,69,-1,1
46729,84,73,11,11
46730,72,74,-2,2
46731,67,72,-5,5
46732,73,73,0,0
46733,81,83,-2,2
46734,65,59,6,6
46735,130,107,23,23
46736,47,44,3,3
46737,117,115,2,2
46738,141,121,20,20
46739,204,172,32,32
46740,85,81,4,4
46741,116,117,-1,1
46742,118,105,13,13
46743,110,107,3,3
46744,100,93,7,7
46745,93,94,-1,1
46746,53,53,0,0
46747,86,78,8,8
46748,70,70,0,0
46749,80,79,1,1
46750,146,142,4,4
46751,72,72,0,0
46752,154,143,11,11
46753,206,197,9,9
46754,72,77,-5,5
46755,141,130,11,11
46756,83,101,-18,18
46757,141,141,0,0
46758,97,102,-5,5
46759,137,127,10,10
46760,124,123,1,1
46761,84,83,1,1
46762,102,115,-13,13
46763,22,57,-35,35
46764,97,99,-2,2
46765,59,59,0,0
46766,124,124,0,0
46767,198,186,12,12
46768,93,81,12,12
46769,96,91,5,5
46770,99,90,9,9
46771,191,152,39,39
46772,88,81,7,7
46773,88,81,7,7
46774,114,105,9,9
46775,85,91,-6,6
46776,85,73,12,12
46777,63,68,-5,5
46778,129,107,22,22
46779,142,144,-2,2
46780,66,74,-8,8
46781,64,62,2,2
46782,72,69,3,3
46783,143,139,4,4
46784,73,69,4,4
46785,92,92,0,0
46786,80,78,2,2
46787,123,114,9,9
46788,67,73,-6,6
46789,87,101,-14,14
46790,81,68,13,13
46791,77,102,-25,25
46792,70,68,2,2
46793,120,115,5,5
46794,119,117,2,2
46795,116,113,3,3
46796,193,185,8,8
46797,90,93,-3,3
46798,113,123,-10,10
46799,109,98,11,11
46800,85,76,9,9
46801,63,66,-3,3
46802,56,60,-4,4
46803,131,130,1,1
46804,108,104,4,4
46805,58,62,-4,4
46806,57,67,-10,10
46807,98,114,-16,16
46808,86,102,-16,16
46809,60,62,-2,2
46810,54,63,-9,9
46811,160,138,22,22
46812,91,98,-7,7
46813,179,144,35,35
46814,68,85,-17,17
46815,143,134,9,9
46816,86,76,10,10
46817,115,116,-1,1
46818,139,120,19,19
46819,95,91,4,4
46820,66,77,-11,11
46821,66,67,-1,1
46822,143,133,10,10
46823,87,84,3,3
46824,85,95,-10,10
46825,77,80,-3,3
46826,77,72,5,5
46827,91,80,11,11
46828,80,79,1,1
46829,23,28,-5,5
46830,92,87,5,5
46831,109,100,9,9
46832,115,105,10,10
46833,93,91,2,2
46834,67,70,-3,3
46835,150,140,10,10
46836,78,70,8,8
46837,159,153,6,6
46838,124,106,18,18
46839,93,101,-8,8
46840,133,132,1,1
46841,79,84,-5,5
46842,62,64,-2,2
46843,73,71,2,2
46844,66,68,-2,2
46845,69,67,2,2
46846,146,154,-8,8
46847,73,69,4,4
46848,91,99,-8,8
46849,67,65,2,2
46850,80,96,-16,16
46851,96,90,6,6
46852,75,70,5,5
46853,72,82,-10,10
46854,87,84,3,3
46855,93,84,9,9
46856,115,104,11,11
46857,142,129,13,13
46858,168,135,33,33
46859,149,132,17,17
46860,91,87,4,4
46861,69,73,-4,4
46862,112,106,6,6
46863,83,78,5,5
46864,63,53,10,10
46865,84,83,1,1
46866,113,99,14,14
46867,98,94,4,4
46868,174,166,8,8
46869,103,94,9,9
46870,32,74,-42,42
46871,126,121,5,5
46872,132,129,3,3
46873,49,48,1,1
46874,107,103,4,4
46875,121,129,-8,8
46876,132,106,26,26
46877,75,74,1,1
46878,71,74,-3,3
46879,69,77,-8,8
46880,158,143,15,15
46881,73,72,1,1
46882,146,127,19,19
46883,49,61,-12,12
46884,124,118,6,6
46885,71,69,2,2
46886,43,42,1,1
46887,94,93,1,1
46888,120,126,-6,6
46889,107,103,4,4
46890,83,74,9,9
46891,111,105,6,6
46892,79,80,-1,1
46893,93,95,-2,2
46894,130,124,6,6
46895,119,108,11,11
46896,80,73,7,7
46897,80,71,9,9
46898,76,75,1,1
46899,101,101,0,0
46900,131,124,7,7
46901,91,91,0,0
46902,81,86,-5,5
46903,102,100,2,2
46904,108,93,15,15
46905,79,78,1,1
46906,121,109,12,12
46907,135,134,1,1
46908,68,80,-12,12
46909,104,108,-4,4
46910,44,34,10,10
46911,103,104,-1,1
46912,136,135,1,1
46913,107,89,18,18
46914,78,89,-11,11
46915,75,76,-1,1
46916,37,34,3,3
46917,24,29,-5,5
46918,166,159,7,7
46919,134,120,14,14
46920,116,108,8,8
46921,85,84,1,1
46922,130,128,2,2
46923,150,136,14,14
46924,103,95,8,8
46925,92,89,3,3
46926,127,127,0,0
46927,72,77,-5,5
46928,95,98,-3,3
46929,56,59,-3,3
46930,170,144,26,26
46931,106,96,10,10
46932,78,80,-2,2
46933,135,133,2,2
46934,113,103,10,10
46935,191,176,15,15
46936,61,67,-6,6
46937,95,84,11,11
46938,119,113,6,6
46939,114,100,14,14
46940,88,86,2,2
46941,71,70,1,1
46942,76,73,3,3
46943,50,60,-10,10
46944,69,70,-1,1
46945,51,75,-24,24
46946,74,80,-6,6
46947,79,76,3,3
46948,74,81,-7,7
46949,113,113,0,0
46950,99,107,-8,8
46951,86,81,5,5
46952,91,88,3,3
46953,83,94,-11,11
46954,106,98,8,8
46955,66,66,0,0
46956,74,71,3,3
46957,78,74,4,4
46958,101,98,3,3
46959,78,86,-8,8
46960,91,98,-7,7
46961,94,96,-2,2
46962,86,86,0,0
46963,64,68,-4,4
46964,98,81,17,17
46965,100,108,-8,8
46966,148,132,16,16
46967,96,101,-5,5
46968,135,116,19,19
46969,123,130,-7,7
46970,65,67,-2,2
46971,86,81,5,5
46972,86,84,2,2
46973,93,90,3,3
46974,106,100,6,6
46975,122,111,11,11
46976,75,86,-11,11
46977,86,81,5,5
46978,51,55,-4,4
46979,56,61,-5,5
46980,125,126,-1,1
46981,92,89,3,3
46982,108,112,-4,4
46983,151,139,12,12
46984,83,85,-2,2
46985,66,74,-8,8
46986,138,120,18,18
46987,120,117,3,3
46988,79,75,4,4
46989,86,90,-4,4
46990,163,158,5,5
46991,112,109,3,3
46992,98,88,10,10
46993,40,70,-30,30
46994,85,88,-3,3
46995,73,77,-4,4
46996,84,95,-11,11
46997,127,126,1,1
46998,113,101,12,12
46999,116,106,10,10
47000,91,93,-2,2
47001,91,74,17,17
47002,50,56,-6,6
47003,78,80,-2,2
47004,90,89,1,1
47005,125,117,8,8
47006,84,86,-2,2
47007,79,74,5,5
47008,69,68,1,1
47009,115,98,17,17
47010,227,237,-10,10
47011,107,107,0,0
47012,136,158,-22,22
47013,88,81,7,7
47014,117,112,5,5
47015,81,86,-5,5
47016,150,138,12,12
47017,101,114,-13,13
47018,169,155,14,14
47019,75,78,-3,3
47020,146,143,3,3
47021,96,91,5,5
47022,66,67,-1,1
47023,73,73,0,0
47024,85,92,-7,7
47025,104,86,18,18
47026,53,59,-6,6
47027,148,153,-5,5
47028,119,109,10,10
47029,45,34,11,11
47030,72,72,0,0
47031,126,122,4,4
47032,64,64,0,0
47033,119,117,2,2
47034,89,94,-5,5
47035,139,130,9,9
47036,111,113,-2,2
47037,100,103,-3,3
47038,82,82,0,0
47039,138,128,10,10
47040,47,48,-1,1
47041,167,150,17,17
47042,63,64,-1,1
47043,118,108,10,10
47044,201,192,9,9
47045,82,89,-7,7
47046,91,93,-2,2
47047,81,83,-2,2
47048,91,84,7,7
47049,119,108,11,11
47050,88,80,8,8
47051,76,76,0,0
47052,86,84,2,2
47053,47,51,-4,4
47054,134,116,18,18
47055,96,92,4,4
47056,82,82,0,0
47057,82,76,6,6
47058,89,90,-1,1
47059,99,102,-3,3
47060,93,93,0,0
47061,87,85,2,2
47062,62,67,-5,5
47063,58,58,0,0
47064,82,83,-1,1
47065,142,138,4,4
47066,101,94,7,7
47067,127,115,12,12
47068,46,43,3,3
47069,116,106,10,10
47070,54,61,-7,7
47071,71,70,1,1
47072,121,134,-13,13
47073,80,78,2,2
47074,86,82,4,4
47075,119,109,10,10
47076,71,75,-4,4
47077,171,154,17,17
47078,126,108,18,18
47079,57,59,-2,2
47080,99,96,3,3
47081,55,62,-7,7
47082,77,78,-1,1
47083,110,102,8,8
47084,77,101,-24,24
47085,111,103,8,8
47086,164,158,6,6
47087,104,95,9,9
47088,85,84,1,1
47089,75,76,-1,1
47090,119,109,10,10
47091,82,85,-3,3
47092,122,107,15,15
47093,111,105,6,6
47094,102,94,8,8
47095,54,56,-2,2
47096,96,93,3,3
47097,65,69,-4,4
47098,135,130,5,5
47099,79,74,5,5
47100,92,80,12,12
47101,56,63,-7,7
47102,109,93,16,16
47103,124,119,5,5
47104,65,71,-6,6
47105,84,86,-2,2
47106,107,99,8,8
47107,114,112,2,2
47108,92,83,9,9
47109,129,118,11,11
47110,159,144,15,15
47111,80,83,-3,3
47112,106,102,4,4
47113,76,77,-1,1
47114,81,89,-8,8
47115,115,109,6,6
47116,89,94,-5,5
47117,66,70,-4,4
47118,49,58,-9,9
47119,74,72,2,2
47120,77,72,5,5
47121,98,91,7,7
47122,181,162,19,19
47123,65,65,0,0
47124,125,116,9,9
47125,120,122,-2,2
47126,92,83,9,9
47127,125,115,10,10
47128,97,94,3,3
47129,113,96,17,17
47130,69,75,-6,6
47131,41,45,-4,4
47132,112,107,5,5
47133,93,84,9,9
47134,77,73,4,4
47135,114,122,-8,8
47136,90,87,3,3
47137,119,120,-1,1
47138,85,93,-8,8
47139,99,103,-4,4
47140,113,93,20,20
47141,112,113,-1,1
47142,43,47,-4,4
47143,73,72,1,1
47144,149,141,8,8
47145,72,75,-3,3
47146,62,66,-4,4
47147,74,74,0,0
47148,197,179,18,18
47149,93,97,-4,4
47150,103,78,25,25
47151,96,89,7,7
47152,191,160,31,31
47153,116,108,8,8
47154,75,73,2,2
47155,99,102,-3,3
47156,94,82,12,12
47157,124,126,-2,2
47158,83,78,5,5
47159,131,120,11,11
47160,108,92,16,16
47161,108,116,-8,8
47162,77,77,0,0
47163,77,69,8,8
47164,126,116,10,10
47165,59,75,-16,16
47166,101,107,-6,6
47167,121,112,9,9
47168,116,116,0,0
47169,124,110,14,14
47170,69,65,4,4
47171,160,144,16,16
47172,67,75,-8,8
47173,111,112,-1,1
47174,80,99,-19,19
47175,44,47,-3,3
47176,89,85,4,4
47177,92,86,6,6
47178,105,107,-2,2
47179,113,98,15,15
47180,83,81,2,2
47181,54,56,-2,2
47182,47,54,-7,7
47183,105,94,11,11
47184,65,62,3,3
47185,118,106,12,12
47186,115,101,14,14
47187,92,95,-3,3
47188,69,60,9,9
47189,42,46,-4,4
47190,64,62,2,2
47191,119,120,-1,1
47192,142,126,16,16
47193,117,106,11,11
47194,67,72,-5,5
47195,157,140,17,17
47196,57,64,-7,7
47197,122,106,16,16
47198,84,78,6,6
47199,112,111,1,1
47200,96,96,0,0
47201,75,66,9,9
47202,86,84,2,2
47203,168,144,24,24
47204,128,108,20,20
47205,111,104,7,7
47206,95,95,0,0
47207,74,84,-10,10
47208,101,89,12,12
47209,69,67,2,2
47210,160,153,7,7
47211,139,122,17,17
47212,24,63,-39,39
47213,89,82,7,7
47214,102,102,0,0
47215,49,51,-2,2
47216,94,105,-11,11
47217,76,70,6,6
47218,170,145,25,25
47219,158,146,12,12
47220,31,76,-45,45
47221,66,69,-3,3
47222,106,94,12,12
47223,60,73,-13,13
47224,77,82,-5,5
47225,68,68,0,0
47226,129,123,6,6
47227,60,63,-3,3
47228,106,103,3,3
47229,64,62,2,2
47230,67,69,-2,2
47231,85,85,0,0
47232,79,71,8,8
47233,175,160,15,15
47234,20,61,-41,41
47235,169,146,23,23
47236,90,92,-2,2
47237,74,75,-1,1
47238,68,80,-12,12
47239,52,63,-11,11
47240,81,84,-3,3
47241,106,108,-2,2
47242,113,112,1,1
47243,64,66,-2,2
47244,98,100,-2,2
47245,120,116,4,4
47246,85,81,4,4
47247,70,66,4,4
47248,121,114,7,7
47249,132,118,14,14
47250,50,39,11,11
47251,68,79,-11,11
47252,55,60,-5,5
47253,122,111,11,11
47254,107,95,12,12
47255,69,73,-4,4
47256,115,106,9,9
47257,118,111,7,7
47258,184,203,-19,19
47259,78,88,-10,10
47260,47,55,-8,8
47261,65,65,0,0
47262,109,96,13,13
47263,89,80,9,9
47264,141,138,3,3
47265,68,91,-23,23
47266,167,145,22,22
47267,68,76,-8,8
47268,86,83,3,3
47269,93,89,4,4
47270,91,89,2,2
47271,65,72,-7,7
47272,132,128,4,4
47273,91,93,-2,2
47274,71,66,5,5
47275,71,69,2,2
47276,120,118,2,2
47277,118,107,11,11
47278,117,112,5,5
47279,157,150,7,7
47280,73,76,-3,3
47281,108,105,3,3
47282,82,72,10,10
47283,122,115,7,7
47284,143,140,3,3
47285,172,153,19,19
47286,76,67,9,9
47287,130,129,1,1
47288,61,62,-1,1
47289,65,70,-5,5
47290,128,113,15,15
47291,98,97,1,1
47292,161,161,0,0
47293,56,58,-2,2
47294,97,133,-36,36
47295,176,196,-20,20
47296,125,116,9,9
47297,115,107,8,8
47298,81,81,0,0
47299,103,97,6,6
47300,53,57,-4,4
47301,173,159,14,14
47302,132,119,13,13
47303,129,116,13,13
47304,120,113,7,7
47305,123,108,15,15
47306,203,158,45,45
47307,59,53,6,6
47308,67,71,-4,4
47309,132,116,16,16
47310,182,157,25,25
47311,143,138,5,5
47312,97,88,9,9
47313,91,86,5,5
47314,96,103,-7,7
47315,91,85,6,6
47316,87,82,5,5
47317,143,142,1,1
47318,65,57,8,8
47319,78,71,7,7
47320,78,76,2,2
47321,140,133,7,7
47322,93,91,2,2
47323,52,56,-4,4
47324,95,98,-3,3
47325,96,86,10,10
47326,72,74,-2,2
47327,113,108,5,5
47328,97,90,7,7
47329,77,78,-1,1
47330,71,74,-3,3
47331,58,59,-1,1
47332,72,71,1,1
47333,210,177,33,33
47334,97,89,8,8
47335,141,139,2,2
47336,130,126,4,4
47337,105,103,2,2
47338,66,74,-8,8
47339,78,88,-10,10
47340,96,96,0,0
47341,120,114,6,6
47342,57,63,-6,6
47343,162,147,15,15
47344,134,131,3,3
47345,161,144,17,17
47346,171,162,9,9
47347,91,94,-3,3
47348,46,49,-3,3
47349,128,117,11,11
47350,113,97,16,16
47351,96,91,5,5
47352,55,56,-1,1
47353,101,101,0,0
47354,146,132,14,14
47355,83,120,-37,37
47356,41,43,-2,2
47357,117,112,5,5
47358,118,115,3,3
47359,89,90,-1,1
47360,88,85,3,3
47361,37,33,4,4
47362,68,73,-5,5
47363,53,46,7,7
47364,106,99,7,7
47365,125,114,11,11
47366,79,77,2,2
47367,100,92,8,8
47368,99,103,-4,4
47369,99,98,1,1
47370,130,121,9,9
47371,75,84,-9,9
47372,101,94,7,7
47373,90,87,3,3
47374,154,137,17,17
47375,116,108,8,8
47376,60,73,-13,13
47377,144,139,5,5
47378,75,75,0,0
47379,110,101,9,9
47380,124,120,4,4
47381,79,88,-9,9
47382,38,34,4,4
47383,90,88,2,2
47384,84,73,11,11
47385,76,79,-3,3
47386,88,90,-2,2
47387,124,121,3,3
47388,76,81,-5,5
47389,84,77,7,7
47390,75,75,0,0
47391,78,75,3,3
47392,48,56,-8,8
47393,70,78,-8,8
47394,125,112,13,13
47395,129,125,4,4
47396,75,72,3,3
47397,91,102,-11,11
47398,108,101,7,7
47399,100,94,6,6
47400,56,69,-13,13
47401,140,123,17,17
47402,62,63,-1,1
47403,224,180,44,44
47404,109,117,-8,8
47405,159,156,3,3
47406,90,91,-1,1
47407,125,115,10,10
47408,96,96,0,0
47409,74,86,-12,12
47410,109,110,-1,1
47411,84,84,0,0
47412,50,46,4,4
47413,146,136,10,10
47414,116,102,14,14
47415,93,84,9,9
47416,92,84,8,8
47417,72,67,5,5
47418,159,134,25,25
47419,79,74,5,5
47420,117,109,8,8
47421,92,84,8,8
47422,102,96,6,6
47423,61,64,-3,3
47424,55,53,2,2
47425,91,79,12,12
47426,94,86,8,8
47427,64,68,-4,4
47428,121,112,9,9
47429,50,51,-1,1
47430,91,84,7,7
47431,87,87,0,0
47432,100,93,7,7
47433,60,59,1,1
47434,139,134,5,5
47435,77,74,3,3
47436,54,58,-4,4
47437,117,95,22,22
47438,105,115,-10,10
47439,105,99,6,6
47440,78,79,-1,1
47441,108,94,14,14
47442,111,116,-5,5
47443,112,113,-1,1
47444,69,69,0,0
47445,100,103,-3,3
47446,96,93,3,3
47447,31,37,-6,6
47448,75,72,3,3
47449,68,72,-4,4
47450,53,61,-8,8
47451,63,68,-5,5
47452,85,79,6,6
47453,126,124,2,2
47454,107,103,4,4
47455,130,120,10,10
47456,65,64,1,1
47457,73,73,0,0
47458,107,106,1,1
47459,121,116,5,5
47460,99,98,1,1
47461,92,97,-5,5
47462,170,161,9,9
47463,85,73,12,12
47464,142,135,7,7
47465,86,84,2,2
47466,63,65,-2,2
47467,121,107,14,14
47468,84,90,-6,6
47469,66,66,0,0
47470,60,60,0,0
47471,68,67,1,1
47472,113,122,-9,9
47473,101,96,5,5
47474,48,56,-8,8
47475,154,146,8,8
47476,160,149,11,11
47477,102,93,9,9
47478,94,93,1,1
47479,84,77,7,7
47480,107,109,-2,2
47481,66,72,-6,6
47482,87,89,-2,2
47483,84,74,10,10
47484,86,90,-4,4
47485,101,65,36,36
47486,83,78,5,5
47487,70,64,6,6
47488,104,92,12,12
47489,78,73,5,5
47490,69,69,0,0
47491,172,154,18,18
47492,66,75,-9,9
47493,96,89,7,7
47494,73,74,-1,1
47495,122,128,-6,6
47496,66,74,-8,8
47497,78,79,-1,1
47498,70,119,-49,49
47499,62,68,-6,6
47500,64,65,-1,1
47501,189,165,24,24
47502,101,98,3,3
47503,83,82,1,1
47504,88,79,9,9
47505,108,99,9,9
47506,109,103,6,6
47507,50,46,4,4
47508,100,91,9,9
47509,98,90,8,8
47510,74,69,5,5
47511,151,131,20,20
47512,67,72,-5,5
47513,145,129,16,16
47514,99,96,3,3
47515,79,77,2,2
47516,66,73,-7,7
47517,87,79,8,8
47518,104,94,10,10
47519,75,72,3,3
47520,81,73,8,8
47521,79,84,-5,5
47522,82,80,2,2
47523,202,175,27,27
47524,64,64,0,0
47525,142,133,9,9
47526,77,76,1,1
47527,95,111,-16,16
47528,127,126,1,1
47529,89,91,-2,2
47530,136,142,-6,6
47531,63,69,-6,6
47532,123,114,9,9
47533,113,104,9,9
47534,98,95,3,3
47535,136,118,18,18
47536,124,115,9,9
47537,124,112,12,12
47538,162,143,19,19
47539,81,93,-12,12
47540,93,90,3,3
47541,83,86,-3,3
47542,127,108,19,19
47543,60,57,3,3
47544,83,83,0,0
47545,60,61,-1,1
47546,103,107,-4,4
47547,93,79,14,14
47548,78,78,0,0
47549,97,89,8,8
47550,73,71,2,2
47551,128,115,13,13
47552,92,93,-1,1
47553,37,34,3,3
47554,154,143,11,11
47555,60,65,-5,5
47556,94,90,4,4
47557,103,95,8,8
47558,72,73,-1,1
47559,65,73,-8,8
47560,85,86,-1,1
47561,111,103,8,8
47562,88,91,-3,3
47563,110,99,11,11
47564,102,97,5,5
47565,59,62,-3,3
47566,89,80,9,9
47567,113,96,17,17
47568,65,74,-9,9
47569,148,137,11,11
47570,83,84,-1,1
47571,81,80,1,1
47572,88,85,3,3
47573,67,73,-6,6
47574,44,51,-7,7
47575,98,102,-4,4
47576,89,84,5,5
47577,85,86,-1,1
47578,165,143,22,22
47579,58,68,-10,10
47580,118,107,11,11
47581,138,117,21,21
47582,85,80,5,5
47583,77,78,-1,1
47584,58,60,-2,2
47585,78,72,6,6
47586,94,106,-12,12
47587,51,60,-9,9
47588,109,112,-3,3
47589,72,77,-5,5
47590,71,71,0,0
47591,83,90,-7,7
47592,97,91,6,6
47593,81,83,-2,2
47594,192,198,-6,6
47595,152,139,13,13
47596,101,97,4,4
47597,65,62,3,3
47598,77,79,-2,2
47599,130,117,13,13
47600,124,97,27,27
47601,89,91,-2,2
47602,105,109,-4,4
47603,85,80,5,5
47604,147,142,5,5
47605,108,115,-7,7
47606,86,85,1,1
47607,66,70,-4,4
47608,62,62,0,0
47609,74,71,3,3
47610,144,121,23,23
47611,77,74,3,3
47612,53,43,10,10
47613,81,74,7,7
47614,121,112,9,9
47615,71,68,3,3
47616,75,65,10,10
47617,105,95,10,10
47618,98,99,-1,1
47619,133,131,2,2
47620,115,114,1,1
47621,56,62,-6,6
47622,139,129,10,10
47623,108,106,2,2
47624,207,174,33,33
47625,43,61,-18,18
47626,135,121,14,14
47627,122,118,4,4
47628,61,67,-6,6
47629,97,86,11,11
47630,77,74,3,3
47631,123,101,22,22
47632,59,65,-6,6
47633,113,116,-3,3
47634,125,116,9,9
47635,88,88,0,0
47636,72,69,3,3
47637,137,132,5,5
47638,113,101,12,12
47639,112,102,10,10
47640,60,65,-5,5
47641,106,105,1,1
47642,143,136,7,7
47643,91,89,2,2
47644,95,88,7,7
47645,155,131,24,24
47646,106,104,2,2
47647,103,113,-10,10
47648,142,122,20,20
47649,76,72,4,4
47650,115,116,-1,1
47651,96,120,-24,24
47652,103,92,11,11
47653,106,105,1,1
47654,67,67,0,0
47655,100,95,5,5
47656,103,92,11,11
47657,72,75,-3,3
47658,142,130,12,12
47659,32,47,-15,15
47660,137,133,4,4
47661,57,66,-9,9
47662,69,73,-4,4
47663,47,51,-4,4
47664,82,78,4,4
47665,113,99,14,14
47666,81,85,-4,4
47667,96,93,3,3
47668,67,67,0,0
47669,138,124,14,14
47670,73,69,4,4
47671,62,78,-16,16
47672,45,57,-12,12
47673,106,98,8,8
47674,65,66,-1,1
47675,79,78,1,1
47676,109,111,-2,2
47677,147,135,12,12
47678,67,65,2,2
47679,94,88,6,6
47680,73,74,-1,1
47681,57,67,-10,10
47682,124,109,15,15
47683,68,68,0,0
47684,89,84,5,5
47685,105,93,12,12
47686,64,74,-10,10
47687,78,82,-4,4
47688,108,97,11,11
47689,171,163,8,8
47690,92,81,11,11
47691,63,68,-5,5
47692,66,69,-3,3
47693,85,88,-3,3
47694,134,125,9,9
47695,73,73,0,0
47696,85,81,4,4
47697,81,79,2,2
47698,119,113,6,6
47699,64,61,3,3
47700,73,70,3,3
47701,120,104,16,16
47702,122,112,10,10
47703,97,98,-1,1
47704,69,72,-3,3
47705,88,85,3,3
47706,86,86,0,0
47707,87,86,1,1
47708,152,136,16,16
47709,65,65,0,0
47710,37,47,-10,10
47711,125,107,18,18
47712,117,121,-4,4
47713,72,73,-1,1
47714,120,134,-14,14
47715,67,66,1,1
47716,147,135,12,12
47717,142,132,10,10
47718,111,103,8,8
47719,104,100,4,4
47720,90,83,7,7
47721,76,76,0,0
47722,82,74,8,8
47723,122,95,27,27
47724,176,157,19,19
47725,97,79,18,18
47726,84,85,-1,1
47727,94,87,7,7
47728,175,171,4,4
47729,90,92,-2,2
47730,62,64,-2,2
47731,116,103,13,13
47732,137,129,8,8
47733,141,126,15,15
47734,96,103,-7,7
47735,99,95,4,4
47736,66,63,3,3
47737,183,170,13,13
47738,64,64,0,0
47739,137,139,-2,2
47740,51,55,-4,4
47741,35,34,1,1
47742,137,120,17,17
47743,151,144,7,7
47744,115,109,6,6
47745,94,86,8,8
47746,42,34,8,8
47747,57,65,-8,8
47748,102,106,-4,4
47749,59,61,-2,2
47750,73,85,-12,12
47751,80,76,4,4
47752,102,106,-4,4
47753,111,105,6,6
47754,150,144,6,6
47755,149,133,16,16
47756,129,115,14,14
47757,35,45,-10,10
47758,50,59,-9,9
47759,85,78,7,7
47760,90,86,4,4
47761,129,111,18,18
47762,111,112,-1,1
47763,80,88,-8,8
47764,165,159,6,6
47765,69,69,0,0
47766,132,117,15,15
47767,145,130,15,15
47768,51,55,-4,4
47769,152,133,19,19
47770,64,64,0,0
47771,168,147,21,21
47772,100,101,-1,1
47773,72,67,5,5
47774,86,87,-1,1
47775,67,75,-8,8
47776,71,74,-3,3
47777,156,148,8,8
47778,92,85,7,7
47779,93,92,1,1
47780,95,97,-2,2
47781,113,105,8,8
47782,105,98,7,7
47783,77,83,-6,6
47784,96,103,-7,7
47785,103,102,1,1
47786,76,89,-13,13
47787,77,73,4,4
47788,103,91,12,12
47789,80,80,0,0
47790,72,76,-4,4
47791,98,96,2,2
47792,94,85,9,9
47793,145,148,-3,3
47794,57,56,1,1
47795,95,86,9,9
47796,97,79,18,18
47797,160,144,16,16
47798,161,149,12,12
47799,71,68,3,3
47800,95,86,9,9
47801,100,96,4,4
47802,57,47,10,10
47803,96,92,4,4
47804,70,68,2,2
47805,51,78,-27,27
47806,70,70,0,0
47807,27,33,-6,6
47808,93,86,7,7
47809,110,104,6,6
47810,128,117,11,11
47811,146,151,-5,5
47812,81,70,11,11
47813,100,91,9,9
47814,77,70,7,7
47815,57,64,-7,7
47816,110,100,10,10
47817,90,93,-3,3
47818,105,107,-2,2
47819,91,82,9,9
47820,158,145,13,13
47821,79,74,5,5
47822,52,53,-1,1
47823,86,80,6,6
47824,100,95,5,5
47825,65,64,1,1
47826,116,106,10,10
47827,75,70,5,5
47828,95,88,7,7
47829,71,76,-5,5
47830,87,89,-2,2
47831,79,68,11,11
47832,77,74,3,3
47833,55,60,-5,5
47834,94,93,1,1
47835,99,93,6,6
47836,98,96,2,2
47837,95,107,-12,12
47838,123,120,3,3
47839,76,86,-10,10
47840,157,158,-1,1
47841,75,76,-1,1
47842,114,108,6,6
47843,47,34,13,13
47844,110,103,7,7
47845,122,113,9,9
47846,89,98,-9,9
47847,65,69,-4,4
47848,63,68,-5,5
47849,140,125,15,15
47850,101,99,2,2
47851,132,123,9,9
47852,175,177,-2,2
47853,79,75,4,4
47854,97,93,4,4
47855,108,94,14,14
47856,76,70,6,6
47857,80,75,5,5
47858,114,102,12,12
47859,160,161,-1,1
47860,101,91,10,10
47861,143,124,19,19
47862,40,37,3,3
47863,151,137,14,14
47864,111,121,-10,10
47865,105,117,-12,12
47866,93,86,7,7
47867,121,119,2,2
47868,162,149,13,13
47869,91,98,-7,7
47870,86,84,2,2
47871,133,134,-1,1
47872,69,73,-4,4
47873,110,92,18,18
47874,76,72,4,4
47875,70,74,-4,4
47876,129,106,23,23
47877,105,94,11,11
47878,118,109,9,9
47879,51,58,-7,7
47880,155,140,15,15
47881,80,78,2,2
47882,91,102,-11,11
47883,87,81,6,6
47884,61,72,-11,11
47885,65,67,-2,2
47886,85,85,0,0
47887,89,89,0,0
47888,62,64,-2,2
47889,85,89,-4,4
47890,65,72,-7,7
47891,127,118,9,9
47892,94,92,2,2
47893,106,101,5,5
47894,72,68,4,4
47895,115,107,8,8
47896,100,90,10,10
47897,56,57,-1,1
47898,78,86,-8,8
47899,100,98,2,2
47900,94,87,7,7
47901,104,95,9,9
47902,76,79,-3,3
47903,100,96,4,4
47904,114,105,9,9
47905,94,84,10,10
47906,92,90,2,2
47907,51,54,-3,3
47908,129,124,5,5
47909,30,34,-4,4
47910,91,101,-10,10
47911,72,76,-4,4
47912,99,95,4,4
47913,59,61,-2,2
47914,103,94,9,9
47915,140,118,22,22
47916,71,72,-1,1
47917,77,76,1,1
47918,108,105,3,3
47919,87,76,11,11
47920,150,143,7,7
47921,108,110,-2,2
47922,78,75,3,3
47923,143,133,10,10
47924,109,117,-8,8
47925,81,81,0,0
47926,82,86,-4,4
47927,46,39,7,7
47928,142,124,18,18
47929,54,58,-4,4
47930,89,90,-1,1
47931,53,55,-2,2
47932,73,70,3,3
47933,74,73,1,1
47934,43,34,9,9
47935,89,90,-1,1
47936,71,75,-4,4
47937,62,75,-13,13
47938,59,67,-8,8
47939,114,102,12,12
47940,56,59,-3,3
47941,94,93,1,1
47942,102,107,-5,5
47943,112,105,7,7
47944,75,75,0,0
47945,77,87,-10,10
47946,124,116,8,8
47947,128,113,15,15
47948,70,77,-7,7
47949,84,131,-47,47
47950,151,132,19,19
47951,113,102,11,11
47952,85,79,6,6
47953,82,98,-16,16
47954,163,158,5,5
47955,124,130,-6,6
47956,80,75,5,5
47957,122,142,-20,20
47958,88,76,12,12
47959,66,64,2,2
47960,83,85,-2,2
47961,118,108,10,10
47962,57,58,-1,1
47963,66,74,-8,8
47964,108,103,5,5
47965,93,98,-5,5
47966,51,54,-3,3
47967,171,155,16,16
47968,114,102,12,12
47969,45,49,-4,4
47970,86,78,8,8
47971,62,71,-9,9
47972,67,70,-3,3
47973,76,78,-2,2
47974,108,108,0,0
47975,100,114,-14,14
47976,139,128,11,11
47977,115,109,6,6
47978,144,113,31,31
47979,90,80,10,10
47980,91,80,11,11
47981,75,77,-2,2
47982,135,124,11,11
47983,67,75,-8,8
47984,117,100,17,17
47985,127,108,19,19
47986,59,61,-2,2
47987,48,58,-10,10
47988,69,70,-1,1
47989,93,85,8,8
47990,123,119,4,4
47991,131,136,-5,5
47992,105,99,6,6
47993,121,123,-2,2
47994,111,110,1,1
47995,43,41,2,2
47996,131,121,10,10
47997,133,116,17,17
47998,74,75,-1,1
47999,154,131,23,23
48000,36,34,2,2
48001,83,87,-4,4
48002,114,113,1,1
48003,115,105,10,10
48004,117,107,10,10
48005,129,119,10,10
48006,119,110,9,9
48007,65,66,-1,1
48008,88,89,-1,1
48009,80,73,7,7
48010,43,34,9,9
48011,68,71,-3,3
48012,157,140,17,17
48013,104,101,3,3
48014,56,53,3,3
48015,52,58,-6,6
48016,115,107,8,8
48017,64,63,1,1
48018,139,132,7,7
48019,58,60,-2,2
48020,105,103,2,2
48021,196,183,13,13
48022,117,102,15,15
48023,108,88,20,20
48024,109,116,-7,7
48025,53,54,-1,1
48026,97,86,11,11
48027,89,91,-2,2
48028,136,123,13,13
48029,156,156,0,0
48030,107,97,10,10
48031,48,34,14,14
48032,108,110,-2,2
48033,151,130,21,21
48034,71,84,-13,13
48035,99,87,12,12
48036,119,98,21,21
48037,131,122,9,9
48038,72,74,-2,2
48039,112,104,8,8
48040,142,147,-5,5
48041,130,124,6,6
48042,103,103,0,0
48043,136,128,8,8
48044,61,64,-3,3
48045,93,87,6,6
48046,124,118,6,6
48047,44,55,-11,11
48048,166,166,0,0
48049,134,130,4,4
48050,85,82,3,3
48051,56,66,-10,10
48052,58,69,-11,11
48053,95,91,4,4
48054,113,104,9,9
48055,80,84,-4,4
48056,105,97,8,8
48057,56,54,2,2
48058,79,84,-5,5
48059,77,81,-4,4
48060,90,86,4,4
48061,68,78,-10,10
48062,65,71,-6,6
48063,95,94,1,1
48064,51,59,-8,8
48065,99,87,12,12
48066,81,74,7,7
48067,116,101,15,15
48068,72,73,-1,1
48069,55,65,-10,10
48070,144,135,9,9
48071,74,77,-3,3
48072,135,134,1,1
48073,60,65,-5,5
48074,76,84,-8,8
48075,144,118,26,26
48076,141,118,23,23
48077,80,68,12,12
48078,74,79,-5,5
48079,83,81,2,2
48080,76,71,5,5
48081,100,94,6,6
48082,97,89,8,8
48083,141,118,23,23
48084,109,102,7,7
48085,87,108,-21,21
48086,104,98,6,6
48087,69,69,0,0
48088,60,70,-10,10
48089,71,73,-2,2
48090,64,65,-1,1
48091,69,76,-7,7
48092,92,87,5,5
48093,93,86,7,7
48094,88,81,7,7
48095,11,26,-15,15
48096,132,115,17,17
48097,62,73,-11,11
48098,73,89,-16,16
48099,110,100,10,10
48100,84,88,-4,4
48101,63,56,7,7
48102,110,106,4,4
48103,61,60,1,1
48104,81,87,-6,6
48105,107,108,-1,1
48106,161,143,18,18
48107,66,62,4,4
48108,59,70,-11,11
48109,115,118,-3,3
48110,113,105,8,8
48111,125,122,3,3
48112,104,99,5,5
48113,90,88,2,2
48114,84,82,2,2
48115,101,103,-2,2
48116,151,133,18,18
48117,127,115,12,12
48118,102,96,6,6
48119,85,89,-4,4
48120,64,70,-6,6
48121,114,109,5,5
48122,104,95,9,9
48123,99,99,0,0
48124,60,64,-4,4
48125,102,105,-3,3
48126,125,117,8,8
48127,109,118,-9,9
48128,106,97,9,9
48129,91,90,1,1
48130,54,70,-16,16
48131,86,98,-12,12
48132,108,113,-5,5
48133,61,65,-4,4
48134,63,81,-18,18
48135,112,106,6,6
48136,35,33,2,2
48137,86,82,4,4
48138,79,84,-5,5
48139,112,107,5,5
48140,180,169,11,11
48141,94,84,10,10
48142,125,115,10,10
48143,82,78,4,4
48144,94,97,-3,3
48145,83,74,9,9
48146,93,97,-4,4
48147,89,89,0,0
48148,63,67,-4,4
48149,120,118,2,2
48150,91,79,12,12
48151,102,121,-19,19
48152,70,77,-7,7
48153,66,64,2,2
48154,73,74,-1,1
48155,122,105,17,17
48156,50,58,-8,8
48157,65,69,-4,4
48158,146,137,9,9
48159,72,75,-3,3
48160,109,96,13,13
48161,67,73,-6,6
48162,138,125,13,13
48163,78,76,2,2
48164,143,135,8,8
48165,82,83,-1,1
48166,147,149,-2,2
48167,115,110,5,5
48168,107,106,1,1
48169,60,66,-6,6
48170,95,86,9,9
48171,95,93,2,2
48172,39,50,-11,11
48173,75,85,-10,10
48174,61,63,-2,2
48175,194,200,-6,6
48176,67,74,-7,7
48177,104,94,10,10
48178,79,80,-1,1
48179,57,72,-15,15
48180,45,50,-5,5
48181,66,72,-6,6
48182,70,71,-1,1
48183,61,76,-15,15
48184,93,86,7,7
48185,104,101,3,3
48186,122,132,-10,10
48187,64,67,-3,3
48188,68,72,-4,4
48189,132,124,8,8
48190,55,58,-3,3
48191,117,111,6,6
48192,89,82,7,7
48193,83,86,-3,3
48194,94,96,-2,2
48195,59,58,1,1
48196,149,136,13,13
48197,77,83,-6,6
48198,92,94,-2,2
48199,84,78,6,6
48200,71,70,1,1
48201,75,72,3,3
48202,123,114,9,9
48203,108,108,0,0
48204,90,90,0,0
48205,99,83,16,16
48206,38,40,-2,2
48207,59,66,-7,7
48208,104,98,6,6
48209,114,121,-7,7
48210,83,87,-4,4
48211,182,155,27,27
48212,89,89,0,0
48213,77,68,9,9
48214,146,129,17,17
48215,74,74,0,0
48216,73,70,3,3
48217,71,71,0,0
48218,70,66,4,4
48219,139,137,2,2
48220,75,61,14,14
48221,110,123,-13,13
48222,106,105,1,1
48223,150,142,8,8
48224,132,122,10,10
48225,108,94,14,14
48226,56,62,-6,6
48227,133,125,8,8
48228,123,106,17,17
48229,58,54,4,4
48230,73,77,-4,4
48231,118,106,12,12
48232,83,84,-1,1
48233,66,65,1,1
48234,83,83,0,0
48235,89,87,2,2
48236,87,94,-7,7
48237,95,92,3,3
48238,57,65,-8,8
48239,124,120,4,4
48240,136,129,7,7
48241,102,99,3,3
48242,123,119,4,4
48243,53,57,-4,4
48244,59,68,-9,9
48245,150,129,21,21
48246,140,124,16,16
48247,88,86,2,2
48248,140,127,13,13
48249,86,85,1,1
48250,106,99,7,7
48251,127,134,-7,7
48252,88,82,6,6
48253,99,104,-5,5
48254,83,84,-1,1
48255,81,84,-3,3
48256,151,132,19,19
48257,144,139,5,5
48258,55,57,-2,2
48259,66,64,2,2
48260,103,97,6,6
48261,100,94,6,6
48262,76,73,3,3
48263,115,108,7,7
48264,135,122,13,13
48265,128,111,17,17
48266,163,143,20,20
48267,81,76,5,5
48268,88,85,3,3
48269,86,108,-22,22
48270,147,132,15,15
48271,179,161,18,18
48272,98,93,5,5
48273,91,83,8,8
48274,145,134,11,11
48275,53,60,-7,7
48276,122,118,4,4
48277,79,75,4,4
48278,118,126,-8,8
48279,100,87,13,13
48280,76,70,6,6
48281,148,140,8,8
48282,55,34,21,21
48283,80,78,2,2
48284,129,134,-5,5
48285,52,63,-11,11
48286,108,103,5,5
48287,71,70,1,1
48288,49,46,3,3
48289,111,102,9,9
48290,97,88,9,9
48291,106,95,11,11
48292,31,34,-3,3
48293,62,62,0,0
48294,140,153,-13,13
48295,102,91,11,11
48296,68,62,6,6
48297,66,68,-2,2
48298,98,96,2,2
48299,29,30,-1,1
48300,162,150,12,12
48301,68,71,-3,3
48302,39,41,-2,2
48303,61,64,-3,3
48304,126,126,0,0
48305,82,69,13,13
48306,95,84,11,11
48307,86,91,-5,5
48308,91,89,2,2
48309,68,80,-12,12
48310,70,74,-4,4
48311,56,52,4,4
48312,113,109,4,4
48313,83,77,6,6
48314,185,163,22,22
48315,133,122,11,11
48316,98,93,5,5
48317,47,57,-10,10
48318,86,78,8,8
48319,115,102,13,13
48320,121,110,11,11
48321,130,128,2,2
48322,116,107,9,9
48323,55,54,1,1
48324,88,87,1,1
48325,158,153,5,5
48326,208,198,10,10
48327,104,95,9,9
48328,109,105,4,4
48329,94,98,-4,4
48330,49,57,-8,8
48331,66,73,-7,7
48332,135,145,-10,10
48333,112,100,12,12
48334,75,71,4,4
48335,99,97,2,2
48336,98,100,-2,2
48337,77,85,-8,8
48338,108,96,12,12
48339,81,78,3,3
48340,99,105,-6,6
48341,113,92,21,21
48342,68,72,-4,4
48343,111,111,0,0
48344,57,65,-8,8
48345,141,121,20,20
48346,96,90,6,6
48347,57,68,-11,11
48348,86,85,1,1
48349,64,81,-17,17
48350,58,55,3,3
48351,68,71,-3,3
48352,79,77,2,2
48353,128,121,7,7
48354,133,120,13,13
48355,129,132,-3,3
48356,98,92,6,6
48357,126,109,17,17
48358,68,71,-3,3
48359,98,92,6,6
48360,76,64,12,12
48361,151,131,20,20
48362,143,137,6,6
48363,81,86,-5,5
48364,154,136,18,18
48365,99,98,1,1
48366,58,64,-6,6
48367,40,36,4,4
48368,101,84,17,17
48369,88,81,7,7
48370,102,92,10,10
48371,82,75,7,7
48372,80,77,3,3
48373,77,76,1,1
48374,91,86,5,5
48375,133,127,6,6
48376,160,137,23,23
48377,137,129,8,8
48378,110,100,10,10
48379,78,74,4,4
48380,83,82,1,1
48381,68,78,-10,10
48382,85,89,-4,4
48383,90,85,5,5
48384,51,59,-8,8
48385,95,92,3,3
48386,133,118,15,15
48387,63,67,-4,4
48388,64,66,-2,2
48389,64,62,2,2
48390,128,124,4,4
48391,94,96,-2,2
48392,87,85,2,2
48393,49,59,-10,10
48394,66,64,2,2
48395,53,58,-5,5
48396,99,97,2,2
48397,55,63,-8,8
48398,166,153,13,13
48399,179,161,18,18
48400,100,94,6,6
48401,97,91,6,6
48402,139,122,17,17
48403,59,62,-3,3
48404,175,158,17,17
48405,123,123,0,0
48406,72,75,-3,3
48407,77,87,-10,10
48408,86,77,9,9
48409,52,59,-7,7
48410,122,131,-9,9
48411,83,80,3,3
48412,109,116,-7,7
48413,123,112,11,11
48414,72,75,-3,3
48415,86,87,-1,1
48416,97,106,-9,9
48417,98,91,7,7
48418,98,86,12,12
48419,72,68,4,4
48420,160,141,19,19
48421,61,60,1,1
48422,91,90,1,1
48423,65,64,1,1
48424,145,133,12,12
48425,60,62,-2,2
48426,125,115,10,10
48427,57,62,-5,5
48428,117,107,10,10
48429,104,97,7,7
48430,141,129,12,12
48431,65,66,-1,1
48432,78,74,4,4
48433,74,74,0,0
48434,82,79,3,3
48435,83,82,1,1
48436,79,82,-3,3
48437,79,80,-1,1
48438,73,72,1,1
48439,154,131,23,23
48440,89,87,2,2
48441,83,86,-3,3
48442,79,76,3,3
48443,167,146,21,21
48444,103,115,-12,12
48445,89,85,4,4
48446,199,174,25,25
48447,63,72,-9,9
48448,67,64,3,3
48449,152,152,0,0
48450,98,100,-2,2
48451,78,78,0,0
48452,78,76,2,2
48453,119,120,-1,1
48454,93,94,-1,1
48455,121,119,2,2
48456,105,94,11,11
48457,184,137,47,47
48458,60,64,-4,4
48459,167,141,26,26
48460,51,59,-8,8
48461,114,115,-1,1
48462,59,59,0,0
48463,98,101,-3,3
48464,62,67,-5,5
48465,74,63,11,11
48466,87,80,7,7
48467,84,79,5,5
48468,63,66,-3,3
48469,103,94,9,9
48470,133,115,18,18
48471,125,107,18,18
48472,137,131,6,6
48473,82,73,9,9
48474,145,137,8,8
48475,111,110,1,1
48476,117,110,7,7
48477,61,61,0,0
48478,107,109,-2,2
48479,127,120,7,7
48480,50,49,1,1
48481,75,72,3,3
48482,173,158,15,15
48483,162,139,23,23
48484,72,80,-8,8
48485,104,101,3,3
48486,84,77,7,7
48487,84,78,6,6
48488,99,96,3,3
48489,109,101,8,8
48490,125,121,4,4
48491,100,96,4,4
48492,108,110,-2,2
48493,118,116,2,2
48494,70,77,-7,7
48495,67,59,8,8
48496,39,34,5,5
48497,87,87,0,0
48498,71,83,-12,12
48499,65,68,-3,3
48500,185,161,24,24
48501,89,84,5,5
48502,94,87,7,7
48503,68,68,0,0
48504,66,64,2,2
48505,126,115,11,11
48506,99,98,1,1
48507,100,96,4,4
48508,85,76,9,9
48509,38,44,-6,6
48510,170,157,13,13
48511,109,95,14,14
48512,90,82,8,8
48513,58,59,-1,1
48514,52,60,-8,8
48515,162,166,-4,4
48516,60,64,-4,4
48517,99,93,6,6
48518,80,76,4,4
48519,82,93,-11,11
48520,112,105,7,7
48521,81,74,7,7
48522,112,123,-11,11
48523,160,145,15,15
48524,44,48,-4,4
48525,60,62,-2,2
48526,87,77,10,10
48527,66,62,4,4
48528,54,56,-2,2
48529,158,133,25,25
48530,125,119,6,6
48531,61,66,-5,5
48532,179,156,23,23
48533,174,141,33,33
48534,86,101,-15,15
48535,86,93,-7,7
48536,79,96,-17,17
48537,60,63,-3,3
48538,78,74,4,4
48539,128,128,0,0
48540,111,102,9,9
48541,98,97,1,1
48542,142,118,24,24
48543,65,67,-2,2
48544,142,115,27,27
48545,176,166,10,10
48546,88,81,7,7
48547,165,153,12,12
48548,85,89,-4,4
48549,85,82,3,3
48550,88,87,1,1
48551,97,100,-3,3
48552,125,117,8,8
48553,99,91,8,8
48554,83,77,6,6
48555,97,89,8,8
48556,96,94,2,2
48557,62,68,-6,6
48558,99,108,-9,9
48559,57,65,-8,8
48560,77,81,-4,4
48561,77,78,-1,1
48562,104,121,-17,17
48563,114,101,13,13
48564,94,86,8,8
48565,67,81,-14,14
48566,112,100,12,12
48567,128,115,13,13
48568,93,93,0,0
48569,115,121,-6,6
48570,63,64,-1,1
48571,67,75,-8,8
48572,136,132,4,4
48573,96,104,-8,8
48574,97,102,-5,5
48575,97,103,-6,6
48576,100,92,8,8
48577,60,63,-3,3
48578,155,166,-11,11
48579,80,91,-11,11
48580,92,102,-10,10
48581,130,118,12,12
48582,139,121,18,18
48583,121,117,4,4
48584,58,65,-7,7
48585,73,75,-2,2
48586,98,94,4,4
48587,95,98,-3,3
48588,126,112,14,14
48589,112,101,11,11
48590,82,85,-3,3
48591,105,95,10,10
48592,68,78,-10,10
48593,67,78,-11,11
48594,121,119,2,2
48595,164,138,26,26
48596,107,109,-2,2
48597,110,102,8,8
48598,125,123,2,2
48599,71,70,1,1
48600,77,83,-6,6
48601,97,92,5,5
48602,114,119,-5,5
48603,140,134,6,6
48604,57,65,-8,8
48605,99,94,5,5
48606,99,92,7,7
48607,52,44,8,8
48608,83,75,8,8
48609,173,214,-41,41
48610,94,95,-1,1
48611,47,56,-9,9
48612,58,65,-7,7
48613,61,72,-11,11
48614,82,94,-12,12
48615,53,70,-17,17
48616,53,57,-4,4
48617,77,78,-1,1
48618,88,96,-8,8
48619,74,76,-2,2
48620,74,71,3,3
48621,150,135,15,15
48622,135,133,2,2
48623,176,178,-2,2
48624,53,61,-8,8
48625,140,128,12,12
48626,106,109,-3,3
48627,189,163,26,26
48628,104,110,-6,6
48629,71,84,-13,13
48630,66,65,1,1
48631,82,86,-4,4
48632,111,119,-8,8
48633,114,95,19,19
48634,140,134,6,6
48635,95,95,0,0
48636,152,139,13,13
48637,101,108,-7,7
48638,67,63,4,4
48639,47,57,-10,10
48640,73,79,-6,6
48641,84,98,-14,14
48642,92,86,6,6
48643,157,148,9,9
48644,128,125,3,3
48645,96,104,-8,8
48646,91,87,4,4
48647,92,86,6,6
48648,132,120,12,12
48649,170,159,11,11
48650,103,87,16,16
48651,46,54,-8,8
48652,123,109,14,14
48653,91,79,12,12
48654,111,108,3,3
48655,144,141,3,3
48656,73,76,-3,3
48657,116,105,11,11
48658,137,131,6,6
48659,131,118,13,13
48660,37,34,3,3
48661,84,88,-4,4
48662,91,84,7,7
48663,175,166,9,9
48664,137,129,8,8
48665,91,86,5,5
48666,41,50,-9,9
48667,88,79,9,9
48668,86,80,6,6
48669,67,68,-1,1
48670,181,155,26,26
48671,108,101,7,7
48672,51,41,10,10
48673,145,130,15,15
48674,87,86,1,1
48675,42,36,6,6
48676,92,90,2,2
48677,196,169,27,27
48678,43,40,3,3
48679,108,108,0,0
48680,131,115,16,16
48681,105,107,-2,2
48682,77,78,-1,1
48683,80,78,2,2
48684,144,132,12,12
48685,120,129,-9,9
48686,70,72,-2,2
48687,62,66,-4,4
48688,40,34,6,6
48689,80,74,6,6
48690,93,84,9,9
48691,41,50,-9,9
48692,90,84,6,6
48693,82,77,5,5
48694,85,87,-2,2
48695,103,94,9,9
48696,119,112,7,7
48697,65,69,-4,4
48698,85,81,4,4
48699,114,102,12,12
48700,95,90,5,5
48701,39,34,5,5
48702,89,85,4,4
48703,116,113,3,3
48704,133,132,1,1
48705,76,75,1,1
48706,146,125,21,21
48707,55,62,-7,7
48708,170,159,11,11
48709,76,75,1,1
48710,89,87,2,2
48711,76,93,-17,17
48712,107,95,12,12
48713,69,67,2,2
48714,94,99,-5,5
48715,106,102,4,4
48716,91,76,15,15
48717,158,156,2,2
48718,110,107,3,3
48719,69,73,-4,4
48720,90,84,6,6
48721,99,92,7,7
48722,74,71,3,3
48723,94,96,-2,2
48724,70,69,1,1
48725,81,90,-9,9
48726,136,137,-1,1
48727,89,90,-1,1
48728,113,114,-1,1
48729,110,98,12,12
48730,137,135,2,2
48731,100,96,4,4
48732,114,106,8,8
48733,122,102,20,20
48734,27,31,-4,4
48735,105,107,-2,2
48736,65,74,-9,9
48737,120,125,-5,5
48738,68,71,-3,3
48739,158,145,13,13
48740,76,79,-3,3
48741,123,115,8,8
48742,71,69,2,2
48743,86,87,-1,1
48744,68,79,-11,11
48745,118,110,8,8
48746,36,34,2,2
48747,26,31,-5,5
48748,55,59,-4,4
48749,87,87,0,0
48750,117,108,9,9
48751,36,34,2,2
48752,112,101,11,11
48753,73,66,7,7
48754,93,89,4,4
48755,122,108,14,14
48756,117,112,5,5
48757,116,124,-8,8
48758,95,91,4,4
48759,51,54,-3,3
48760,81,80,1,1
48761,88,76,12,12
48762,62,67,-5,5
48763,84,68,16,16
48764,69,75,-6,6
48765,62,71,-9,9
48766,101,101,0,0
48767,112,107,5,5
48768,182,155,27,27
48769,51,62,-11,11
48770,89,88,1,1
48771,123,122,1,1
48772,91,89,2,2
48773,67,73,-6,6
48774,150,131,19,19
48775,61,67,-6,6
48776,107,102,5,5
48777,53,60,-7,7
48778,79,80,-1,1
48779,143,150,-7,7
48780,115,116,-1,1
48781,66,70,-4,4
48782,104,98,6,6
48783,154,153,1,1
48784,96,86,10,10
48785,165,161,4,4
48786,124,122,2,2
48787,108,99,9,9
48788,106,106,0,0
48789,124,125,-1,1
48790,91,91,0,0
48791,98,113,-15,15
48792,74,79,-5,5
48793,146,144,2,2
48794,136,133,3,3
48795,96,106,-10,10
48796,117,113,4,4
48797,113,105,8,8
48798,118,106,12,12
48799,151,122,29,29
48800,157,148,9,9
48801,98,84,14,14
48802,136,131,5,5
48803,119,130,-11,11
48804,66,67,-1,1
48805,144,131,13,13
48806,118,114,4,4
48807,186,170,16,16
48808,91,91,0,0
48809,99,93,6,6
48810,78,81,-3,3
48811,81,84,-3,3
48812,77,80,-3,3
48813,51,58,-7,7
48814,81,85,-4,4
48815,110,104,6,6
48816,83,80,3,3
48817,75,85,-10,10
48818,73,73,0,0
48819,113,109,4,4
48820,84,77,7,7
48821,94,92,2,2
48822,77,90,-13,13
48823,101,95,6,6
48824,100,92,8,8
48825,68,65,3,3
48826,65,70,-5,5
48827,159,154,5,5
48828,66,72,-6,6
48829,149,123,26,26
48830,81,96,-15,15
48831,56,58,-2,2
48832,149,160,-11,11
48833,56,58,-2,2
48834,110,105,5,5
48835,61,66,-5,5
48836,57,57,0,0
48837,107,107,0,0
48838,58,64,-6,6
48839,106,105,1,1
48840,145,122,23,23
48841,70,73,-3,3
48842,115,111,4,4
48843,106,86,20,20
48844,144,128,16,16
48845,129,110,19,19
48846,127,123,4,4
48847,223,187,36,36
48848,147,142,5,5
48849,95,91,4,4
48850,34,34,0,0
48851,66,63,3,3
48852,88,88,0,0
48853,91,85,6,6
48854,90,84,6,6
48855,131,128,3,3
48856,61,68,-7,7
48857,66,63,3,3
48858,125,126,-1,1
48859,69,67,2,2
48860,73,83,-10,10
48861,87,86,1,1
48862,89,85,4,4
48863,69,73,-4,4
48864,114,107,7,7
48865,64,66,-2,2
48866,146,135,11,11
48867,93,94,-1,1
48868,54,62,-8,8
48869,171,168,3,3
48870,63,68,-5,5
48871,70,79,-9,9
48872,61,64,-3,3
48873,75,70,5,5
48874,158,138,20,20
48875,65,76,-11,11
48876,93,93,0,0
48877,97,88,9,9
48878,126,106,20,20
48879,122,116,6,6
48880,128,135,-7,7
48881,109,104,5,5
48882,90,84,6,6
48883,167,157,10,10
48884,79,71,8,8
48885,56,61,-5,5
48886,117,108,9,9
48887,80,76,4,4
48888,48,54,-6,6
48889,72,74,-2,2
48890,69,69,0,0
48891,105,100,5,5
48892,103,95,8,8
48893,94,92,2,2
48894,91,80,11,11
48895,117,108,9,9
48896,168,162,6,6
48897,60,62,-2,2
48898,93,97,-4,4
48899,110,99,11,11
48900,61,62,-1,1
48901,133,125,8,8
48902,124,105,19,19
48903,131,124,7,7
48904,81,79,2,2
48905,78,74,4,4
48906,117,107,10,10
48907,116,111,5,5
48908,75,80,-5,5
48909,50,59,-9,9
48910,76,69,7,7
48911,120,112,8,8
48912,96,92,4,4
48913,99,117,-18,18
48914,163,148,15,15
48915,136,122,14,14
48916,150,133,17,17
48917,87,94,-7,7
48918,116,110,6,6
48919,127,117,10,10
48920,73,70,3,3
48921,110,113,-3,3
48922,65,66,-1,1
48923,74,74,0,0
48924,98,91,7,7
48925,74,71,3,3
48926,105,99,6,6
48927,92,91,1,1
48928,80,81,-1,1
48929,111,108,3,3
48930,93,91,2,2
48931,69,70,-1,1
48932,76,82,-6,6
48933,59,60,-1,1
48934,127,119,8,8
48935,45,56,-11,11
48936,100,80,20,20
48937,111,108,3,3
48938,165,199,-34,34
48939,161,166,-5,5
48940,108,108,0,0
48941,85,67,18,18
48942,131,133,-2,2
48943,28,34,-6,6
48944,92,84,8,8
48945,55,59,-4,4
48946,134,121,13,13
48947,112,101,11,11
48948,123,108,15,15
48949,137,131,6,6
48950,72,79,-7,7
48951,116,103,13,13
48952,136,123,13,13
48953,122,114,8,8
48954,120,117,3,3
48955,85,76,9,9
48956,98,102,-4,4
48957,108,124,-16,16
48958,95,96,-1,1
48959,71,69,2,2
48960,160,137,23,23
48961,112,115,-3,3
48962,98,99,-1,1
48963,72,70,2,2
48964,102,99,3,3
48965,95,86,9,9
48966,130,119,11,11
48967,96,94,2,2
48968,123,112,11,11
48969,100,104,-4,4
48970,172,160,12,12
48971,55,59,-4,4
48972,60,73,-13,13
48973,101,103,-2,2
48974,90,99,-9,9
48975,76,85,-9,9
48976,80,79,1,1
48977,100,109,-9,9
48978,61,66,-5,5
48979,75,72,3,3
48980,81,98,-17,17
48981,121,112,9,9
48982,81,82,-1,1
48983,139,135,4,4
48984,86,76,10,10
48985,94,89,5,5
48986,121,117,4,4
48987,83,76,7,7
48988,127,126,1,1
48989,49,63,-14,14
48990,83,88,-5,5
48991,76,70,6,6
48992,113,104,9,9
48993,73,71,2,2
48994,85,84,1,1
48995,97,93,4,4
48996,82,76,6,6
48997,103,98,5,5
48998,68,70,-2,2
48999,65,68,-3,3
49000,46,43,3,3
49001,108,98,10,10
49002,96,102,-6,6
49003,133,124,9,9
49004,97,97,0,0
49005,62,60,2,2
49006,95,97,-2,2
49007,132,116,16,16
49008,164,147,17,17
49009,62,62,0,0
49010,81,85,-4,4
49011,91,91,0,0
49012,73,72,1,1
49013,73,75,-2,2
49014,105,107,-2,2
49015,75,76,-1,1
49016,73,66,7,7
49017,94,101,-7,7
49018,112,115,-3,3
49019,107,93,14,14
49020,79,75,4,4
49021,128,125,3,3
49022,100,93,7,7
49023,68,69,-1,1
49024,84,74,10,10
49025,115,133,-18,18
49026,68,70,-2,2
49027,50,55,-5,5
49028,80,84,-4,4
49029,71,75,-4,4
49030,115,112,3,3
49031,103,110,-7,7
49032,112,106,6,6
49033,95,88,7,7
49034,132,130,2,2
49035,108,98,10,10
49036,89,95,-6,6
49037,96,86,10,10
49038,110,106,4,4
49039,103,148,-45,45
49040,113,97,16,16
49041,72,79,-7,7
49042,85,91,-6,6
49043,106,107,-1,1
49044,101,98,3,3
49045,117,129,-12,12
49046,67,76,-9,9
49047,82,83,-1,1
49048,61,64,-3,3
49049,64,63,1,1
49050,86,86,0,0
49051,89,87,2,2
49052,49,52,-3,3
49053,136,116,20,20
49054,137,136,1,1
49055,79,69,10,10
49056,127,111,16,16
49057,130,118,12,12
49058,119,128,-9,9
49059,83,75,8,8
49060,98,98,0,0
49061,124,117,7,7
49062,72,87,-15,15
49063,114,116,-2,2
49064,144,129,15,15
49065,117,103,14,14
49066,68,69,-1,1
49067,41,44,-3,3
49068,88,91,-3,3
49069,156,141,15,15
49070,85,84,1,1
49071,99,95,4,4
49072,71,85,-14,14
49073,152,133,19,19
49074,86,80,6,6
49075,95,86,9,9
49076,100,94,6,6
49077,99,93,6,6
49078,137,104,33,33
49079,78,69,9,9
49080,142,129,13,13
49081,80,89,-9,9
49082,70,69,1,1
49083,112,107,5,5
49084,116,114,2,2
49085,76,82,-6,6
49086,128,118,10,10
49087,101,96,5,5
49088,111,108,3,3
49089,71,70,1,1
49090,129,124,5,5
49091,170,155,15,15
49092,136,115,21,21
49093,105,95,10,10
49094,117,106,11,11
49095,102,95,7,7
49096,77,79,-2,2
49097,103,108,-5,5
49098,53,56,-3,3
49099,94,96,-2,2
49100,73,67,6,6
49101,65,66,-1,1
49102,107,123,-16,16
49103,78,85,-7,7
49104,83,82,1,1
49105,117,112,5,5
49106,33,32,1,1
49107,97,97,0,0
49108,119,116,3,3
49109,74,71,3,3
49110,96,90,6,6
49111,113,111,2,2
49112,68,80,-12,12
49113,78,75,3,3
49114,123,100,23,23
49115,121,124,-3,3
49116,74,72,2,2
49117,100,92,8,8
49118,71,72,-1,1
49119,46,52,-6,6
49120,90,91,-1,1
49121,63,75,-12,12
49122,94,92,2,2
49123,83,83,0,0
49124,86,88,-2,2
49125,116,117,-1,1
49126,107,97,10,10
49127,111,117,-6,6
49128,211,189,22,22
49129,71,67,4,4
49130,57,69,-12,12
49131,135,128,7,7
49132,111,104,7,7
49133,97,91,6,6
49134,139,131,8,8
49135,96,95,1,1
49136,91,88,3,3
49137,131,126,5,5
49138,134,126,8,8
49139,81,80,1,1
49140,123,111,12,12
49141,122,122,0,0
49142,149,140,9,9
49143,122,111,11,11
49144,114,108,6,6
49145,112,98,14,14
49146,110,100,10,10
49147,111,112,-1,1
49148,50,57,-7,7
49149,52,55,-3,3
49150,119,126,-7,7
49151,67,69,-2,2
49152,135,126,9,9
49153,81,73,8,8
49154,122,104,18,18
49155,130,127,3,3
49156,60,65,-5,5
49157,108,114,-6,6
49158,97,99,-2,2
49159,50,59,-9,9
49160,77,72,5,5
49161,106,96,10,10
49162,100,101,-1,1
49163,70,75,-5,5
49164,99,98,1,1
49165,108,107,1,1
49166,138,123,15,15
49167,132,129,3,3
49168,73,79,-6,6
49169,73,80,-7,7
49170,111,100,11,11
49171,101,97,4,4
49172,123,118,5,5
49173,80,110,-30,30
49174,56,47,9,9
49175,101,92,9,9
49176,119,116,3,3
49177,125,137,-12,12
49178,107,107,0,0
49179,141,135,6,6
49180,110,123,-13,13
49181,91,84,7,7
49182,67,68,-1,1
49183,91,88,3,3
49184,62,67,-5,5
49185,66,64,2,2
49186,51,67,-16,16
49187,26,32,-6,6
49188,112,111,1,1
49189,85,79,6,6
49190,173,155,18,18
49191,65,62,3,3
49192,71,76,-5,5
49193,48,34,14,14
49194,113,117,-4,4
49195,111,109,2,2
49196,76,80,-4,4
49197,72,74,-2,2
49198,104,95,9,9
49199,113,108,5,5
49200,80,76,4,4
49201,129,127,2,2
49202,80,76,4,4
49203,99,97,2,2
49204,98,101,-3,3
49205,186,172,14,14
49206,84,85,-1,1
49207,46,49,-3,3
49208,81,92,-11,11
49209,62,62,0,0
49210,85,81,4,4
49211,63,62,1,1
49212,114,119,-5,5
49213,91,86,5,5
49214,100,111,-11,11
49215,53,54,-1,1
49216,127,108,19,19
49217,93,84,9,9
49218,59,64,-5,5
49219,52,53,-1,1
49220,100,94,6,6
49221,73,77,-4,4
49222,110,109,1,1
49223,88,75,13,13
49224,87,86,1,1
49225,53,57,-4,4
49226,96,93,3,3
49227,70,83,-13,13
49228,80,88,-8,8
49229,80,81,-1,1
49230,78,74,4,4
49231,45,39,6,6
49232,97,95,2,2
49233,172,153,19,19
49234,92,90,2,2
49235,72,73,-1,1
49236,125,131,-6,6
49237,72,74,-2,2
49238,156,147,9,9
49239,61,64,-3,3
49240,118,120,-2,2
49241,89,110,-21,21
49242,126,105,21,21
49243,121,103,18,18
49244,63,74,-11,11
49245,96,86,10,10
49246,123,110,13,13
49247,80,85,-5,5
49248,120,118,2,2
49249,75,78,-3,3
49250,128,119,9,9
49251,166,151,15,15
49252,129,119,10,10
49253,74,77,-3,3
49254,70,75,-5,5
49255,75,76,-1,1
49256,115,96,19,19
49257,109,104,5,5
49258,86,85,1,1
49259,90,91,-1,1
49260,95,87,8,8
49261,102,108,-6,6
49262,178,157,21,21
49263,140,125,15,15
49264,148,140,8,8
49265,75,78,-3,3
49266,94,83,11,11
49267,83,88,-5,5
49268,184,165,19,19
49269,98,88,10,10
49270,36,31,5,5
49271,68,69,-1,1
49272,88,84,4,4
49273,71,70,1,1
49274,80,76,4,4
49275,81,80,1,1
49276,98,103,-5,5
49277,99,86,13,13
49278,41,52,-11,11
49279,51,52,-1,1
49280,161,145,16,16
49281,76,74,2,2
49282,103,95,8,8
49283,86,82,4,4
49284,111,102,9,9
49285,132,117,15,15
49286,91,82,9,9
49287,114,102,12,12
49288,106,96,10,10
49289,140,131,9,9
49290,54,54,0,0
49291,231,199,32,32
49292,74,76,-2,2
49293,59,61,-2,2
49294,149,128,21,21
49295,98,89,9,9
49296,96,92,4,4
49297,98,99,-1,1
49298,29,33,-4,4
49299,80,76,4,4
49300,115,105,10,10
49301,75,70,5,5
49302,93,91,2,2
49303,86,81,5,5
49304,67,62,5,5
49305,56,59,-3,3
49306,120,116,4,4
49307,188,165,23,23
49308,31,34,-3,3
49309,51,62,-11,11
49310,55,60,-5,5
49311,81,82,-1,1
49312,75,79,-4,4
49313,63,68,-5,5
49314,85,81,4,4
49315,32,31,1,1
49316,83,86,-3,3
49317,86,95,-9,9
49318,122,103,19,19
49319,46,50,-4,4
49320,122,108,14,14
49321,101,100,1,1
49322,55,69,-14,14
49323,80,77,3,3
49324,106,104,2,2
49325,79,87,-8,8
49326,143,141,2,2
49327,124,123,1,1
49328,128,121,7,7
49329,88,91,-3,3
49330,98,98,0,0
49331,207,181,26,26
49332,133,117,16,16
49333,46,45,1,1
49334,115,118,-3,3
49335,75,64,11,11
49336,93,85,8,8
49337,99,101,-2,2
49338,107,107,0,0
49339,99,92,7,7
49340,78,76,2,2
49341,104,92,12,12
49342,112,112,0,0
49343,75,77,-2,2
49344,84,85,-1,1
49345,87,94,-7,7
49346,83,76,7,7
49347,151,137,14,14
49348,23,34,-11,11
49349,168,154,14,14
49350,62,67,-5,5
49351,65,64,1,1
49352,68,72,-4,4
49353,110,110,0,0
49354,159,141,18,18
49355,44,37,7,7
49356,144,133,11,11
49357,71,69,2,2
49358,71,69,2,2
49359,131,109,22,22
49360,148,101,47,47
49361,116,112,4,4
49362,117,102,15,15
49363,116,132,-16,16
49364,95,86,9,9
49365,59,74,-15,15
49366,41,34,7,7
49367,80,88,-8,8
49368,66,71,-5,5
49369,98,88,10,10
49370,186,174,12,12
49371,109,100,9,9
49372,97,120,-23,23
49373,74,70,4,4
49374,113,109,4,4
49375,61,60,1,1
49376,108,104,4,4
49377,123,110,13,13
49378,78,81,-3,3
49379,57,62,-5,5
49380,42,44,-2,2
49381,118,121,-3,3
49382,59,59,0,0
49383,96,102,-6,6
49384,69,71,-2,2
49385,94,84,10,10
49386,84,96,-12,12
49387,182,179,3,3
49388,44,48,-4,4
49389,74,84,-10,10
49390,84,73,11,11
49391,173,152,21,21
49392,73,77,-4,4
49393,67,68,-1,1
49394,84,88,-4,4
49395,106,102,4,4
49396,80,82,-2,2
49397,79,92,-13,13
49398,61,60,1,1
49399,73,80,-7,7
49400,50,53,-3,3
49401,94,90,4,4
49402,86,90,-4,4
49403,71,69,2,2
49404,60,70,-10,10
49405,126,122,4,4
49406,60,61,-1,1
49407,65,62,3,3
49408,83,81,2,2
49409,47,42,5,5
49410,234,192,42,42
49411,101,86,15,15
49412,111,102,9,9
49413,65,62,3,3
49414,50,57,-7,7
49415,63,71,-8,8
49416,121,118,3,3
49417,63,44,19,19
49418,105,94,11,11
49419,51,64,-13,13
49420,85,76,9,9
49421,154,132,22,22
49422,130,116,14,14
49423,95,92,3,3
49424,55,57,-2,2
49425,95,93,2,2
49426,154,140,14,14
49427,109,103,6,6
49428,57,64,-7,7
49429,109,103,6,6
49430,125,104,21,21
49431,85,78,7,7
49432,76,70,6,6
49433,66,78,-12,12
49434,89,81,8,8
49435,64,65,-1,1
49436,46,57,-11,11
49437,79,79,0,0
49438,114,111,3,3
49439,73,70,3,3
49440,130,128,2,2
49441,78,72,6,6
49442,62,72,-10,10
49443,49,51,-2,2
49444,65,70,-5,5
49445,66,69,-3,3
49446,72,76,-4,4
49447,81,79,2,2
49448,131,126,5,5
49449,113,109,4,4
49450,103,97,6,6
49451,60,61,-1,1
49452,61,62,-1,1
49453,62,64,-2,2
49454,79,74,5,5
49455,111,124,-13,13
49456,108,101,7,7
49457,124,101,23,23
49458,93,107,-14,14
49459,121,119,2,2
49460,49,49,0,0
49461,72,75,-3,3
49462,86,72,14,14
49463,64,66,-2,2
49464,95,85,10,10
49465,108,108,0,0
49466,148,137,11,11
49467,71,66,5,5
49468,85,99,-14,14
49469,72,75,-3,3
49470,107,103,4,4
49471,121,105,16,16
49472,119,106,13,13
49473,81,102,-21,21
49474,94,93,1,1
49475,147,118,29,29
49476,101,102,-1,1
49477,106,107,-1,1
49478,59,64,-5,5
49479,70,70,0,0
49480,52,53,-1,1
49481,89,80,9,9
49482,128,124,4,4
49483,111,112,-1,1
49484,146,135,11,11
49485,49,50,-1,1
49486,110,101,9,9
49487,119,110,9,9
49488,96,96,0,0
49489,119,113,6,6
49490,140,127,13,13
49491,124,116,8,8
49492,90,83,7,7
49493,68,74,-6,6
49494,92,97,-5,5
49495,163,144,19,19
49496,77,73,4,4
49497,103,97,6,6
49498,126,106,20,20
49499,70,76,-6,6
49500,127,114,13,13
49501,76,79,-3,3
49502,138,130,8,8
49503,88,92,-4,4
49504,58,78,-20,20
49505,68,67,1,1
49506,146,142,4,4
49507,139,133,6,6
49508,71,77,-6,6
49509,143,130,13,13
49510,123,104,19,19
49511,55,61,-6,6
49512,93,94,-1,1
49513,74,84,-10,10
49514,122,116,6,6
49515,79,80,-1,1
49516,75,74,1,1
49517,72,82,-10,10
49518,122,117,5,5
49519,82,80,2,2
49520,66,68,-2,2
49521,67,71,-4,4
49522,62,67,-5,5
49523,108,95,13,13
49524,82,84,-2,2
49525,93,95,-2,2
49526,57,61,-4,4
49527,73,74,-1,1
49528,116,100,16,16
49529,97,85,12,12
49530,107,103,4,4
49531,69,70,-1,1
49532,118,111,7,7
49533,112,108,4,4
49534,75,81,-6,6
49535,128,129,-1,1
49536,96,97,-1,1
49537,81,82,-1,1
49538,149,132,17,17
49539,65,71,-6,6
49540,28,29,-1,1
49541,92,88,4,4
49542,82,74,8,8
49543,65,78,-13,13
49544,130,124,6,6
49545,85,84,1,1
49546,105,107,-2,2
49547,119,113,6,6
49548,124,109,15,15
49549,89,85,4,4
49550,52,53,-1,1
49551,95,87,8,8
49552,111,122,-11,11
49553,110,96,14,14
49554,104,102,2,2
49555,107,112,-5,5
49556,79,79,0,0
49557,98,87,11,11
49558,113,113,0,0
49559,59,63,-4,4
49560,86,77,9,9
49561,40,44,-4,4
49562,59,59,0,0
49563,108,104,4,4
49564,49,60,-11,11
49565,86,74,12,12
49566,84,76,8,8
49567,93,90,3,3
49568,74,74,0,0
49569,73,73,0,0
49570,89,92,-3,3
49571,83,89,-6,6
49572,94,98,-4,4
49573,103,93,10,10
49574,117,120,-3,3
49575,162,148,14,14
49576,72,83,-11,11
49577,107,111,-4,4
49578,122,112,10,10
49579,108,107,1,1
49580,96,80,16,16
49581,98,90,8,8
49582,111,113,-2,2
49583,51,54,-3,3
49584,70,79,-9,9
49585,64,67,-3,3
49586,47,39,8,8
49587,45,49,-4,4
49588,69,93,-24,24
49589,91,85,6,6
49590,77,67,10,10
49591,83,77,6,6
49592,73,70,3,3
49593,70,71,-1,1
49594,228,180,48,48
49595,50,51,-1,1
49596,69,69,0,0
49597,88,85,3,3
49598,76,75,1,1
49599,80,73,7,7
49600,73,74,-1,1
49601,86,86,0,0
49602,103,120,-17,17
49603,135,124,11,11
49604,75,81,-6,6
49605,78,81,-3,3
49606,114,96,18,18
49607,112,113,-1,1
49608,66,72,-6,6
49609,94,85,9,9
49610,86,77,9,9
49611,86,80,6,6
49612,115,118,-3,3
49613,81,75,6,6
49614,96,103,-7,7
49615,100,91,9,9
49616,137,128,9,9
49617,71,69,2,2
49618,77,74,3,3
49619,102,93,9,9
49620,83,86,-3,3
49621,87,85,2,2
49622,123,105,18,18
49623,65,71,-6,6
49624,59,66,-7,7
49625,98,94,4,4
49626,127,130,-3,3
49627,141,121,20,20
49628,55,58,-3,3
49629,63,68,-5,5
49630,102,94,8,8
49631,63,70,-7,7
49632,108,98,10,10
49633,105,100,5,5
49634,57,48,9,9
49635,64,54,10,10
49636,83,80,3,3
49637,97,94,3,3
49638,97,99,-2,2
49639,84,93,-9,9
49640,117,110,7,7
49641,99,90,9,9
49642,106,104,2,2
49643,101,97,4,4
49644,91,82,9,9
49645,131,116,15,15
49646,162,153,9,9
49647,81,78,3,3
49648,56,61,-5,5
49649,120,100,20,20
49650,103,92,11,11
49651,43,34,9,9
49652,59,63,-4,4
49653,90,85,5,5
49654,116,107,9,9
49655,55,53,2,2
49656,97,91,6,6
49657,99,92,7,7
49658,52,58,-6,6
49659,32,34,-2,2
49660,91,97,-6,6
49661,92,88,4,4
49662,52,57,-5,5
49663,159,138,21,21
49664,144,123,21,21
49665,115,111,4,4
49666,44,47,-3,3
49667,114,115,-1,1
49668,183,162,21,21
49669,94,88,6,6
49670,82,93,-11,11
49671,85,72,13,13
49672,71,65,6,6
49673,151,140,11,11
49674,98,93,5,5
49675,116,113,3,3
49676,108,100,8,8
49677,85,82,3,3
49678,96,107,-11,11
49679,94,97,-3,3
49680,59,64,-5,5
49681,81,80,1,1
49682,125,123,2,2
49683,64,72,-8,8
49684,106,96,10,10
49685,89,87,2,2
49686,91,83,8,8
49687,72,67,5,5
49688,69,75,-6,6
49689,94,80,14,14
49690,133,122,11,11
49691,115,111,4,4
49692,92,86,6,6
49693,171,149,22,22
49694,108,101,7,7
49695,102,96,6,6
49696,133,134,-1,1
49697,89,82,7,7
49698,93,88,5,5
49699,39,47,-8,8
49700,119,107,12,12
49701,116,111,5,5
49702,71,64,7,7
49703,121,121,0,0
49704,109,102,7,7
49705,121,104,17,17
49706,87,88,-1,1
49707,73,83,-10,10
49708,103,91,12,12
49709,50,57,-7,7
49710,53,57,-4,4
49711,94,93,1,1
49712,143,143,0,0
49713,68,66,2,2
49714,148,130,18,18
49715,54,54,0,0
49716,121,108,13,13
49717,116,118,-2,2
49718,91,97,-6,6
49719,74,71,3,3
49720,68,69,-1,1
49721,129,126,3,3
49722,69,64,5,5
49723,43,51,-8,8
49724,125,118,7,7
49725,101,106,-5,5
49726,188,160,28,28
49727,135,117,18,18
49728,57,64,-7,7
49729,96,94,2,2
49730,68,67,1,1
49731,154,135,19,19
49732,101,101,0,0
49733,48,57,-9,9
49734,62,73,-11,11
49735,182,165,17,17
49736,83,69,14,14
49737,52,59,-7,7
49738,97,84,13,13
49739,108,91,17,17
49740,90,105,-15,15
49741,88,84,4,4
49742,109,108,1,1
49743,84,92,-8,8
49744,93,100,-7,7
49745,87,82,5,5
49746,75,73,2,2
49747,77,80,-3,3
49748,159,138,21,21
49749,56,61,-5,5
49750,135,114,21,21
49751,42,41,1,1
49752,42,34,8,8
49753,82,92,-10,10
49754,106,108,-2,2
49755,98,102,-4,4
49756,59,66,-7,7
49757,158,133,25,25
49758,109,112,-3,3
49759,93,90,3,3
49760,174,158,16,16
49761,91,90,1,1
49762,138,115,23,23
49763,104,95,9,9
49764,92,92,0,0
49765,67,72,-5,5
49766,87,92,-5,5
49767,135,121,14,14
49768,102,93,9,9
49769,164,147,17,17
49770,67,72,-5,5
49771,106,90,16,16
49772,88,93,-5,5
49773,109,105,4,4
49774,97,84,13,13
49775,49,56,-7,7
49776,124,113,11,11
49777,64,63,1,1
49778,160,142,18,18
49779,108,104,4,4
49780,71,70,1,1
49781,108,96,12,12
49782,87,84,3,3
49783,181,160,21,21
49784,100,93,7,7
49785,52,54,-2,2
49786,128,122,6,6
49787,84,80,4,4
49788,123,107,16,16
49789,131,126,5,5
49790,113,115,-2,2
49791,127,124,3,3
49792,85,90,-5,5
49793,71,74,-3,3
49794,108,106,2,2
49795,74,70,4,4
49796,160,145,15,15
49797,72,79,-7,7
49798,75,74,1,1
49799,122,123,-1,1
49800,85,83,2,2
49801,74,81,-7,7
49802,44,73,-29,29
49803,110,121,-11,11
49804,64,69,-5,5
49805,40,53,-13,13
49806,124,112,12,12
49807,88,86,2,2
49808,123,115,8,8
49809,122,120,2,2
49810,122,118,4,4
49811,104,95,9,9
49812,100,103,-3,3
49813,83,78,5,5
49814,50,60,-10,10
49815,93,90,3,3
49816,91,85,6,6
49817,78,81,-3,3
49818,121,115,6,6
49819,90,87,3,3
49820,53,59,-6,6
49821,112,100,12,12
49822,82,79,3,3
49823,167,153,14,14
49824,97,91,6,6
49825,63,65,-2,2
49826,112,108,4,4
49827,102,84,18,18
49828,78,76,2,2
49829,124,118,6,6
49830,60,63,-3,3
49831,59,58,1,1
49832,55,64,-9,9
49833,154,141,13,13
49834,86,84,2,2
49835,102,94,8,8
49836,70,73,-3,3
49837,47,51,-4,4
49838,79,64,15,15
49839,62,63,-1,1
49840,114,132,-18,18
49841,117,102,15,15
49842,60,62,-2,2
49843,86,76,10,10
49844,152,146,6,6
49845,168,160,8,8
49846,124,125,-1,1
49847,60,61,-1,1
49848,125,109,16,16
49849,62,67,-5,5
49850,88,89,-1,1
49851,66,66,0,0
49852,175,154,21,21
49853,88,86,2,2
49854,45,58,-13,13
49855,74,73,1,1
49856,135,127,8,8
49857,106,97,9,9
49858,130,110,20,20
49859,79,83,-4,4
49860,81,80,1,1
49861,65,73,-8,8
49862,107,93,14,14
49863,97,89,8,8
49864,76,85,-9,9
49865,116,102,14,14
49866,59,62,-3,3
49867,54,67,-13,13
49868,98,95,3,3
49869,128,140,-12,12
49870,106,97,9,9
49871,78,79,-1,1
49872,131,126,5,5
49873,69,68,1,1
49874,153,153,0,0
49875,71,74,-3,3
49876,67,72,-5,5
49877,107,98,9,9
49878,75,97,-22,22
49879,87,87,0,0
49880,94,81,13,13
49881,90,97,-7,7
49882,74,78,-4,4
49883,135,127,8,8
49884,134,122,12,12
49885,151,134,17,17
49886,92,96,-4,4
49887,92,96,-4,4
49888,80,80,0,0
49889,91,91,0,0
49890,89,90,-1,1
49891,86,79,7,7
49892,76,78,-2,2
49893,107,101,6,6
49894,140,109,31,31
49895,85,98,-13,13
49896,85,81,4,4
49897,69,62,7,7
49898,96,91,5,5
49899,62,60,2,2
49900,79,75,4,4
49901,138,113,25,25
49902,115,99,16,16
49903,106,97,9,9
49904,93,88,5,5
49905,122,114,8,8
49906,106,94,12,12
49907,90,86,4,4
49908,88,78,10,10
49909,72,72,0,0
49910,84,90,-6,6
49911,138,132,6,6
49912,92,93,-1,1
49913,95,92,3,3
49914,86,81,5,5
49915,73,69,4,4
49916,70,80,-10,10
49917,61,63,-2,2
49918,161,143,18,18
49919,89,83,6,6
49920,130,122,8,8
49921,99,73,26,26
49922,79,77,2,2
49923,47,55,-8,8
49924,75,85,-10,10
49925,69,70,-1,1
49926,78,80,-2,2
49927,45,43,2,2
49928,67,78,-11,11
49929,99,104,-5,5
49930,92,102,-10,10
49931,116,110,6,6
49932,132,117,15,15
49933,88,91,-3,3
49934,94,95,-1,1
49935,112,116,-4,4
49936,40,56,-16,16
49937,58,61,-3,3
49938,88,77,11,11
49939,85,85,0,0
49940,86,43,43,43
49941,145,135,10,10
49942,105,96,9,9
49943,99,92,7,7
49944,62,63,-1,1
49945,95,93,2,2
49946,90,80,10,10
49947,57,51,6,6
49948,104,95,9,9
49949,70,69,1,1
49950,103,91,12,12
49951,102,90,12,12
49952,56,58,-2,2
49953,67,69,-2,2
49954,65,69,-4,4
49955,65,73,-8,8
49956,100,124,-24,24
49957,77,86,-9,9
49958,140,123,17,17
49959,86,78,8,8
49960,123,118,5,5
49961,33,76,-43,43
49962,102,95,7,7
49963,116,107,9,9
49964,63,69,-6,6
49965,79,84,-5,5
49966,160,145,15,15
49967,60,61,-1,1
49968,65,64,1,1
49969,84,86,-2,2
49970,67,68,-1,1
49971,90,93,-3,3
49972,70,78,-8,8
49973,68,72,-4,4
49974,104,113,-9,9
49975,87,85,2,2
49976,124,107,17,17
49977,128,122,6,6
49978,166,159,7,7
49979,72,75,-3,3
49980,54,58,-4,4
49981,111,98,13,13
49982,93,86,7,7
49983,107,99,8,8
49984,137,129,8,8
49985,89,82,7,7
49986,68,64,4,4
49987,52,56,-4,4
49988,75,85,-10,10
49989,79,76,3,3
49990,48,59,-11,11
49991,75,71,4,4
49992,85,82,3,3
49993,78,81,-3,3
49994,101,95,6,6
49995,173,146,27,27
49996,90,82,8,8
49997,55,54,1,1
49998,98,100,-2,2
49999,131,110,21,21
50000,149,132,17,17
50001,90,89,1,1
50002,51,50,1,1
50003,68,69,-1,1
50004,111,98,13,13
50005,77,79,-2,2
50006,150,135,15,15
50007,123,112,11,11
50008,42,50,-8,8
50009,111,102,9,9
50010,73,74,-1,1
50011,77,78,-1,1
50012,74,81,-7,7
50013,145,126,19,19
50014,77,70,7,7
50015,102,99,3,3
50016,79,79,0,0
50017,65,67,-2,2
50018,64,65,-1,1
50019,54,48,6,6
50020,127,116,11,11
50021,126,130,-4,4
50022,83,79,4,4
50023,108,98,10,10
50024,103,98,5,5
50025,132,129,3,3
50026,141,122,19,19
50027,132,124,8,8
50028,71,74,-3,3
50029,111,107,4,4
50030,133,123,10,10
50031,102,97,5,5
50032,57,60,-3,3
50033,92,101,-9,9
50034,120,107,13,13
50035,85,78,7,7
50036,86,93,-7,7
50037,79,74,5,5
50038,69,75,-6,6
50039,63,55,8,8
50040,118,118,0,0
50041,132,118,14,14
50042,72,76,-4,4
50043,98,107,-9,9
50044,110,106,4,4
50045,105,105,0,0
50046,67,68,-1,1
50047,92,94,-2,2
50048,118,125,-7,7
50049,134,111,23,23
50050,70,68,2,2
50051,129,114,15,15
50052,67,66,1,1
50053,36,34,2,2
50054,137,138,-1,1
50055,40,53,-13,13
50056,89,86,3,3
50057,89,86,3,3
50058,83,79,4,4
50059,70,87,-17,17
50060,125,118,7,7
50061,113,104,9,9
50062,64,65,-1,1
50063,101,90,11,11
50064,92,82,10,10
50065,118,108,10,10
50066,70,73,-3,3
50067,87,114,-27,27
50068,112,106,6,6
50069,195,185,10,10
50070,122,117,5,5
50071,59,63,-4,4
50072,155,139,16,16
50073,131,119,12,12
50074,143,115,28,28
50075,117,99,18,18
50076,120,112,8,8
50077,113,103,10,10
50078,102,96,6,6
50079,131,115,16,16
50080,105,96,9,9
50081,87,89,-2,2
50082,66,66,0,0
50083,122,132,-10,10
50084,116,100,16,16
50085,104,97,7,7
50086,51,57,-6,6
50087,90,90,0,0
50088,87,84,3,3
50089,93,96,-3,3
50090,61,70,-9,9
50091,106,106,0,0
50092,47,54,-7,7
50093,80,77,3,3
50094,74,72,2,2
50095,50,56,-6,6
50096,167,152,15,15
50097,56,55,1,1
50098,110,116,-6,6
50099,160,124,36,36
50100,105,103,2,2
50101,63,63,0,0
50102,97,93,4,4
50103,98,95,3,3
50104,108,104,4,4
50105,105,102,3,3
50106,119,102,17,17
50107,144,128,16,16
50108,65,63,2,2
50109,112,106,6,6
50110,113,102,11,11
50111,98,102,-4,4
50112,83,76,7,7
50113,170,153,17,17
50114,88,91,-3,3
50115,109,100,9,9
50116,92,86,6,6
50117,121,117,4,4
50118,58,51,7,7
50119,96,122,-26,26
50120,108,101,7,7
50121,150,140,10,10
50122,78,77,1,1
50123,43,34,9,9
50124,49,60,-11,11
50125,173,148,25,25
50126,100,93,7,7
50127,104,96,8,8
50128,76,87,-11,11
50129,108,101,7,7
50130,148,132,16,16
50131,74,75,-1,1
50132,72,67,5,5
50133,78,71,7,7
50134,108,105,3,3
50135,92,91,1,1
50136,94,97,-3,3
50137,104,103,1,1
50138,102,106,-4,4
50139,70,69,1,1
50140,88,81,7,7
50141,104,105,-1,1
50142,115,94,21,21
50143,87,79,8,8
50144,110,105,5,5
50145,70,74,-4,4
50146,78,78,0,0
50147,80,81,-1,1
50148,56,58,-2,2
50149,125,116,9,9
50150,79,77,2,2
50151,90,82,8,8
50152,134,127,7,7
50153,123,116,7,7
50154,116,97,19,19
50155,79,79,0,0
50156,100,112,-12,12
50157,55,62,-7,7
50158,86,81,5,5
50159,125,129,-4,4
50160,68,72,-4,4
50161,73,77,-4,4
50162,103,94,9,9
50163,172,168,4,4
50164,18,20,-2,2
50165,80,83,-3,3
50166,64,65,-1,1
50167,90,88,2,2
50168,100,100,0,0
50169,52,61,-9,9
50170,199,173,26,26
50171,90,91,-1,1
50172,80,95,-15,15
50173,138,136,2,2
50174,64,71,-7,7
50175,101,93,8,8
50176,116,125,-9,9
50177,134,115,19,19
50178,113,107,6,6
50179,84,78,6,6
50180,55,70,-15,15
50181,194,175,19,19
50182,81,88,-7,7
50183,100,93,7,7
50184,97,96,1,1
50185,64,64,0,0
50186,55,61,-6,6
50187,68,74,-6,6
50188,103,102,1,1
50189,102,87,15,15
50190,68,63,5,5
50191,95,91,4,4
50192,74,76,-2,2
50193,77,59,18,18
50194,97,100,-3,3
50195,77,69,8,8
50196,124,112,12,12
50197,62,68,-6,6
50198,78,80,-2,2
50199,149,135,14,14
50200,53,65,-12,12
50201,80,86,-6,6
50202,82,86,-4,4
50203,69,71,-2,2
50204,80,88,-8,8
50205,45,44,1,1
50206,66,69,-3,3
50207,46,58,-12,12
50208,82,85,-3,3
50209,45,45,0,0
50210,105,96,9,9
50211,109,94,15,15
50212,89,86,3,3
50213,69,71,-2,2
50214,132,106,26,26
50215,106,105,1,1
50216,132,121,11,11
50217,141,131,10,10
50218,282,248,34,34
50219,151,157,-6,6
50220,93,85,8,8
50221,129,125,4,4
50222,82,92,-10,10
50223,72,74,-2,2
50224,86,84,2,2
50225,42,34,8,8
50226,85,78,7,7
50227,105,91,14,14
50228,110,100,10,10
50229,50,56,-6,6
50230,88,93,-5,5
50231,98,87,11,11
50232,85,77,8,8
50233,122,124,-2,2
50234,122,142,-20,20
50235,124,116,8,8
50236,77,80,-3,3
50237,117,111,6,6
50238,98,109,-11,11
50239,90,85,5,5
50240,129,117,12,12
50241,88,95,-7,7
50242,73,74,-1,1
50243,77,79,-2,2
50244,139,140,-1,1
50245,96,91,5,5
50246,102,91,11,11
50247,87,92,-5,5
50248,70,69,1,1
50249,159,148,11,11
50250,60,64,-4,4
50251,69,66,3,3
50252,113,108,5,5
50253,156,139,17,17
50254,118,107,11,11
50255,53,57,-4,4
50256,104,105,-1,1
50257,83,75,8,8
50258,67,61,6,6
50259,95,104,-9,9
50260,103,97,6,6
50261,132,139,-7,7
50262,115,101,14,14
50263,89,91,-2,2
50264,107,97,10,10
50265,99,100,-1,1
50266,97,93,4,4
50267,54,62,-8,8
50268,101,99,2,2
50269,97,86,11,11
50270,81,86,-5,5
50271,150,154,-4,4
50272,76,100,-24,24
50273,87,91,-4,4
50274,101,116,-15,15
50275,51,57,-6,6
50276,99,96,3,3
50277,76,74,2,2
50278,170,150,20,20
50279,129,105,24,24
50280,73,78,-5,5
50281,172,168,4,4
50282,142,134,8,8
50283,104,101,3,3
50284,125,115,10,10
50285,51,56,-5,5
50286,127,122,5,5
50287,150,135,15,15
50288,71,76,-5,5
50289,129,131,-2,2
50290,92,97,-5,5
50291,83,77,6,6
50292,82,83,-1,1
50293,143,147,-4,4
50294,105,98,7,7
50295,60,64,-4,4
50296,79,81,-2,2
50297,26,30,-4,4
50298,131,114,17,17
50299,90,84,6,6
50300,72,73,-1,1
50301,62,68,-6,6
50302,76,71,5,5
50303,138,132,6,6
50304,81,78,3,3
50305,108,99,9,9
50306,88,95,-7,7
50307,115,114,1,1
50308,123,112,11,11
50309,89,93,-4,4
50310,123,118,5,5
50311,104,97,7,7
50312,67,64,3,3
50313,82,88,-6,6
50314,68,67,1,1
50315,72,68,4,4
50316,92,91,1,1
50317,60,63,-3,3
50318,76,92,-16,16
50319,91,96,-5,5
50320,95,84,11,11
50321,101,100,1,1
50322,96,95,1,1
50323,122,114,8,8
50324,139,133,6,6
50325,141,112,29,29
50326,89,83,6,6
50327,103,113,-10,10
50328,51,62,-11,11
50329,75,81,-6,6
50330,107,101,6,6
50331,64,68,-4,4
50332,54,57,-3,3
50333,90,85,5,5
50334,75,80,-5,5
50335,136,122,14,14
50336,99,104,-5,5
50337,128,132,-4,4
50338,125,101,24,24
50339,131,114,17,17
50340,61,53,8,8
50341,60,61,-1,1
50342,70,81,-11,11
50343,136,134,2,2
50344,91,80,11,11
50345,74,71,3,3
50346,63,69,-6,6
50347,113,99,14,14
50348,78,68,10,10
50349,208,187,21,21
50350,153,140,13,13
50351,154,146,8,8
50352,92,90,2,2
50353,61,62,-1,1
50354,88,90,-2,2
50355,53,70,-17,17
50356,60,61,-1,1
50357,101,93,8,8
50358,108,103,5,5
50359,70,66,4,4
50360,73,71,2,2
50361,86,85,1,1
50362,63,64,-1,1
50363,105,104,1,1
50364,72,65,7,7
50365,145,128,17,17
50366,71,72,-1,1
50367,148,133,15,15
50368,68,73,-5,5
50369,158,140,18,18
50370,176,162,14,14
50371,98,80,18,18
50372,151,136,15,15
50373,72,87,-15,15
50374,48,54,-6,6
50375,77,75,2,2
50376,65,67,-2,2
50377,107,105,2,2
50378,93,86,7,7
50379,103,107,-4,4
50380,95,90,5,5
50381,45,55,-10,10
50382,148,136,12,12
50383,130,124,6,6
50384,123,112,11,11
50385,91,91,0,0
50386,127,145,-18,18
50387,66,76,-10,10
50388,71,70,1,1
50389,133,122,11,11
50390,111,113,-2,2
50391,92,99,-7,7
50392,72,70,2,2
50393,70,70,0,0
50394,158,145,13,13
50395,56,57,-1,1
50396,63,67,-4,4
50397,73,72,1,1
50398,170,150,20,20
50399,118,118,0,0
50400,83,87,-4,4
50401,59,66,-7,7
50402,95,81,14,14
50403,79,64,15,15
50404,79,74,5,5
50405,103,118,-15,15
50406,127,118,9,9
50407,93,94,-1,1
50408,82,80,2,2
50409,48,45,3,3
50410,90,90,0,0
50411,76,69,7,7
50412,91,93,-2,2
50413,43,48,-5,5
50414,66,70,-4,4
50415,55,61,-6,6
50416,93,93,0,0
50417,102,94,8,8
50418,56,60,-4,4
50419,91,88,3,3
50420,126,123,3,3
50421,78,85,-7,7
50422,81,78,3,3
50423,103,98,5,5
50424,114,105,9,9
50425,103,99,4,4
50426,137,133,4,4
50427,111,103,8,8
50428,71,71,0,0
50429,99,85,14,14
50430,118,110,8,8
50431,145,131,14,14
50432,83,78,5,5
50433,59,57,2,2
50434,79,81,-2,2
50435,60,61,-1,1
50436,59,59,0,0
50437,109,108,1,1
50438,74,79,-5,5
50439,125,129,-4,4
50440,112,96,16,16
50441,74,75,-1,1
50442,149,137,12,12
50443,79,88,-9,9
50444,76,74,2,2
50445,124,113,11,11
50446,62,69,-7,7
50447,59,75,-16,16
50448,190,169,21,21
50449,62,81,-19,19
50450,105,112,-7,7
50451,97,80,17,17
50452,128,121,7,7
50453,113,107,6,6
50454,98,88,10,10
50455,37,34,3,3
50456,136,130,6,6
50457,79,90,-11,11
50458,47,56,-9,9
50459,98,86,12,12
50460,101,102,-1,1
50461,87,84,3,3
50462,49,60,-11,11
50463,88,74,14,14
50464,92,85,7,7
50465,128,123,5,5
50466,111,102,9,9
50467,106,99,7,7
50468,57,65,-8,8
50469,95,100,-5,5
50470,60,59,1,1
50471,131,115,16,16
50472,88,80,8,8
50473,83,84,-1,1
50474,109,101,8,8
50475,114,112,2,2
50476,84,85,-1,1
50477,85,84,1,1
50478,86,86,0,0
50479,76,76,0,0
50480,112,96,16,16
50481,106,110,-4,4
50482,56,59,-3,3
50483,120,118,2,2
50484,53,62,-9,9
50485,32,49,-17,17
50486,184,177,7,7
50487,82,73,9,9
50488,66,67,-1,1
50489,67,76,-9,9
50490,123,118,5,5
50491,123,114,9,9
50492,146,122,24,24
50493,74,75,-1,1
50494,113,100,13,13
50495,102,103,-1,1
50496,143,127,16,16
50497,88,85,3,3
50498,136,125,11,11
50499,149,148,1,1
50500,165,157,8,8
50501,59,63,-4,4
50502,87,84,3,3
50503,85,78,7,7
50504,54,63,-9,9
50505,48,35,13,13
50506,73,68,5,5
50507,74,71,3,3
50508,125,128,-3,3
50509,71,67,4,4
50510,36,34,2,2
50511,127,108,19,19
50512,71,70,1,1
50513,92,88,4,4
50514,55,58,-3,3
50515,62,58,4,4
50516,76,69,7,7
50517,64,64,0,0
50518,129,121,8,8
50519,147,133,14,14
50520,69,70,-1,1
50521,76,72,4,4
50522,86,88,-2,2
50523,66,59,7,7
50524,76,73,3,3
50525,74,78,-4,4
50526,54,59,-5,5
50527,109,108,1,1
50528,141,130,11,11
50529,55,62,-7,7
50530,121,101,20,20
50531,79,81,-2,2
50532,80,74,6,6
50533,156,152,4,4
50534,44,34,10,10
50535,114,101,13,13
50536,105,99,6,6
50537,73,74,-1,1
50538,84,81,3,3
50539,176,159,17,17
50540,62,61,1,1
50541,121,112,9,9
50542,114,114,0,0
50543,87,91,-4,4
50544,77,83,-6,6
50545,64,64,0,0
50546,165,147,18,18
50547,139,144,-5,5
50548,121,113,8,8
50549,97,91,6,6
50550,193,162,31,31
50551,125,126,-1,1
50552,76,88,-12,12
50553,54,53,1,1
50554,134,133,1,1
50555,72,74,-2,2
50556,96,92,4,4
50557,37,32,5,5
50558,125,112,13,13
50559,87,79,8,8
50560,33,37,-4,4
50561,71,71,0,0
50562,53,59,-6,6
50563,59,65,-6,6
50564,110,99,11,11
50565,82,84,-2,2
50566,110,102,8,8
50567,64,62,2,2
50568,65,67,-2,2
50569,134,121,13,13
50570,58,64,-6,6
50571,90,94,-4,4
50572,79,82,-3,3
50573,66,83,-17,17
50574,88,96,-8,8
50575,89,118,-29,29
50576,124,118,6,6
50577,111,104,7,7
50578,144,126,18,18
50579,131,127,4,4
50580,133,124,9,9
50581,104,100,4,4
50582,63,67,-4,4
50583,72,67,5,5
50584,76,72,4,4
50585,59,58,1,1
50586,110,99,11,11
50587,69,69,0,0
50588,112,108,4,4
50589,41,55,-14,14
50590,135,126,9,9
50591,101,121,-20,20
50592,86,82,4,4
50593,116,120,-4,4
50594,88,85,3,3
50595,74,84,-10,10
50596,41,51,-10,10
50597,91,98,-7,7
50598,164,147,17,17
50599,58,55,3,3
50600,203,167,36,36
50601,84,87,-3,3
50602,91,74,17,17
50603,98,98,0,0
50604,123,122,1,1
50605,63,56,7,7
50606,88,80,8,8
50607,92,98,-6,6
50608,117,112,5,5
50609,72,68,4,4
50610,69,69,0,0
50611,77,74,3,3
50612,77,76,1,1
50613,73,68,5,5
50614,94,91,3,3
50615,118,109,9,9
50616,98,94,4,4
50617,82,80,2,2
50618,137,122,15,15
50619,84,94,-10,10
50620,113,105,8,8
50621,145,126,19,19
50622,67,68,-1,1
50623,101,102,-1,1
50624,37,57,-20,20
50625,49,58,-9,9
50626,63,65,-2,2
50627,76,75,1,1
50628,216,180,36,36
50629,138,136,2,2
50630,96,96,0,0
50631,76,85,-9,9
50632,66,67,-1,1
50633,55,53,2,2
50634,92,92,0,0
50635,83,79,4,4
50636,107,117,-10,10
50637,124,110,14,14
50638,78,75,3,3
50639,149,142,7,7
50640,154,142,12,12
50641,67,64,3,3
50642,82,81,1,1
50643,99,98,1,1
50644,107,106,1,1
50645,156,144,12,12
50646,174,190,-16,16
50647,103,96,7,7
50648,116,113,3,3
50649,44,34,10,10
50650,108,104,4,4
50651,94,101,-7,7
50652,63,70,-7,7
50653,95,90,5,5
50654,57,61,-4,4
50655,72,74,-2,2
50656,72,71,1,1
50657,101,100,1,1
50658,94,113,-19,19
50659,86,73,13,13
50660,157,142,15,15
50661,56,60,-4,4
50662,77,78,-1,1
50663,76,85,-9,9
50664,164,157,7,7
50665,68,77,-9,9
50666,65,72,-7,7
50667,124,119,5,5
50668,62,64,-2,2
50669,138,123,15,15
50670,146,137,9,9
50671,135,148,-13,13
50672,124,109,15,15
50673,105,97,8,8
50674,71,68,3,3
50675,84,82,2,2
50676,84,76,8,8
50677,70,68,2,2
50678,112,100,12,12
50679,127,114,13,13
50680,51,114,-63,63
50681,104,99,5,5
50682,96,101,-5,5
50683,97,85,12,12
50684,72,75,-3,3
50685,117,109,8,8
50686,115,125,-10,10
50687,76,79,-3,3
50688,98,97,1,1
50689,70,75,-5,5
50690,97,100,-3,3
50691,131,139,-8,8
50692,50,56,-6,6
50693,68,68,0,0
50694,64,64,0,0
50695,103,102,1,1
50696,48,41,7,7
50697,106,100,6,6
50698,80,80,0,0
50699,131,126,5,5
50700,59,63,-4,4
50701,196,180,16,16
50702,143,145,-2,2
50703,74,69,5,5
50704,69,74,-5,5
50705,70,73,-3,3
50706,114,100,14,14
50707,70,67,3,3
50708,42,47,-5,5
50709,112,117,-5,5
50710,79,77,2,2
50711,159,150,9,9
50712,121,104,17,17
50713,69,73,-4,4
50714,93,82,11,11
50715,90,87,3,3
50716,91,96,-5,5
50717,65,69,-4,4
50718,136,138,-2,2
50719,65,69,-4,4
50720,51,61,-10,10
50721,131,116,15,15
50722,81,84,-3,3
50723,60,116,-56,56
50724,99,92,7,7
50725,37,73,-36,36
50726,131,116,15,15
50727,164,139,25,25
50728,63,67,-4,4
50729,208,182,26,26
50730,40,52,-12,12
50731,94,104,-10,10
50732,114,110,4,4
50733,72,77,-5,5
50734,83,77,6,6
50735,65,70,-5,5
50736,124,125,-1,1
50737,45,51,-6,6
50738,78,74,4,4
50739,139,125,14,14
50740,63,68,-5,5
50741,88,92,-4,4
50742,81,80,1,1
50743,79,72,7,7
50744,106,101,5,5
50745,129,116,13,13
50746,107,107,0,0
50747,67,74,-7,7
50748,119,112,7,7
50749,96,98,-2,2
50750,96,86,10,10
50751,64,68,-4,4
50752,110,105,5,5
50753,122,123,-1,1
50754,159,154,5,5
50755,84,85,-1,1
50756,78,75,3,3
50757,186,183,3,3
50758,77,77,0,0
50759,95,86,9,9
50760,78,76,2,2
50761,84,100,-16,16
50762,115,104,11,11
50763,104,102,2,2
50764,84,75,9,9
50765,94,86,8,8
50766,103,92,11,11
50767,120,112,8,8
50768,80,85,-5,5
50769,63,59,4,4
50770,113,116,-3,3
50771,82,88,-6,6
50772,111,106,5,5
50773,103,102,1,1
50774,122,115,7,7
50775,81,80,1,1
50776,141,139,2,2
50777,122,117,5,5
50778,136,127,9,9
50779,67,70,-3,3
50780,91,104,-13,13
50781,86,86,0,0
50782,97,88,9,9
50783,42,64,-22,22
50784,63,69,-6,6
50785,118,112,6,6
50786,81,89,-8,8
50787,62,58,4,4
50788,55,60,-5,5
50789,89,92,-3,3
50790,71,72,-1,1
50791,57,61,-4,4
50792,83,87,-4,4
50793,153,139,14,14
50794,106,96,10,10
50795,122,107,15,15
50796,76,75,1,1
50797,90,92,-2,2
50798,70,81,-11,11
50799,33,33,0,0
50800,83,78,5,5
50801,50,58,-8,8
50802,118,110,8,8
50803,115,106,9,9
50804,45,40,5,5
50805,58,60,-2,2
50806,38,41,-3,3
50807,97,101,-4,4
50808,39,51,-12,12
50809,28,33,-5,5
50810,117,112,5,5
50811,115,105,10,10
50812,121,113,8,8
50813,105,108,-3,3
50814,88,84,4,4
50815,64,73,-9,9
50816,85,86,-1,1
50817,103,85,18,18
50818,76,76,0,0
50819,60,65,-5,5
50820,73,75,-2,2
50821,70,68,2,2
50822,54,58,-4,4
50823,83,90,-7,7
50824,77,76,1,1
50825,58,57,1,1
50826,105,91,14,14
50827,145,137,8,8
50828,119,100,19,19
50829,100,96,4,4
50830,84,85,-1,1
50831,88,79,9,9
50832,90,84,6,6
50833,65,74,-9,9
50834,131,121,10,10
50835,76,89,-13,13
50836,166,162,4,4
50837,52,52,0,0
50838,156,149,7,7
50839,139,144,-5,5
50840,80,76,4,4
50841,73,77,-4,4
50842,94,90,4,4
50843,83,83,0,0
50844,108,98,10,10
50845,71,73,-2,2
50846,98,104,-6,6
50847,94,90,4,4
50848,99,94,5,5
50849,29,32,-3,3
50850,85,78,7,7
50851,92,90,2,2
50852,96,97,-1,1
50853,107,97,10,10
50854,31,52,-21,21
50855,80,67,13,13
50856,86,82,4,4
50857,147,132,15,15
50858,113,115,-2,2
50859,58,61,-3,3
50860,69,74,-5,5
50861,81,86,-5,5
50862,105,103,2,2
50863,146,123,23,23
50864,126,115,11,11
50865,72,73,-1,1
50866,110,101,9,9
50867,140,139,1,1
50868,93,84,9,9
50869,88,85,3,3
50870,84,99,-15,15
50871,57,60,-3,3
50872,78,74,4,4
50873,76,72,4,4
50874,143,121,22,22
50875,108,136,-28,28
50876,45,60,-15,15
50877,87,92,-5,5
50878,77,77,0,0
50879,96,113,-17,17
50880,84,81,3,3
50881,60,63,-3,3
50882,74,82,-8,8
50883,83,80,3,3
50884,69,68,1,1
50885,58,55,3,3
50886,73,72,1,1
50887,81,85,-4,4
50888,106,92,14,14
50889,140,145,-5,5
50890,75,76,-1,1
50891,102,98,4,4
50892,137,115,22,22
50893,63,91,-28,28
50894,80,75,5,5
50895,65,67,-2,2
50896,151,137,14,14
50897,138,135,3,3
50898,104,95,9,9
50899,142,131,11,11
50900,77,86,-9,9
50901,102,101,1,1
50902,83,80,3,3
50903,74,83,-9,9
50904,113,106,7,7
50905,115,106,9,9
50906,86,95,-9,9
50907,66,63,3,3
50908,123,111,12,12
50909,173,157,16,16
50910,138,139,-1,1
50911,121,118,3,3
50912,187,176,11,11
50913,103,92,11,11
50914,93,147,-54,54
50915,134,123,11,11
50916,84,78,6,6
50917,140,128,12,12
50918,139,123,16,16
50919,112,117,-5,5
50920,81,81,0,0
50921,48,45,3,3
50922,111,104,7,7
50923,133,123,10,10
50924,158,144,14,14
50925,47,54,-7,7
50926,115,118,-3,3
50927,59,68,-9,9
50928,136,125,11,11
50929,86,92,-6,6
50930,89,94,-5,5
50931,104,103,1,1
50932,88,89,-1,1
50933,68,72,-4,4
50934,105,94,11,11
50935,122,111,11,11
50936,93,83,10,10
50937,172,157,15,15
50938,77,82,-5,5
50939,141,127,14,14
50940,106,107,-1,1
50941,102,105,-3,3
50942,136,121,15,15
50943,83,77,6,6
50944,60,65,-5,5
50945,90,97,-7,7
50946,69,71,-2,2
50947,96,90,6,6
50948,101,96,5,5
50949,90,78,12,12
50950,95,97,-2,2
50951,80,90,-10,10
50952,91,91,0,0
50953,125,118,7,7
50954,85,79,6,6
50955,129,124,5,5
50956,117,114,3,3
50957,77,77,0,0
50958,82,85,-3,3
50959,135,122,13,13
50960,120,110,10,10
50961,89,76,13,13
50962,161,152,9,9
50963,70,74,-4,4
50964,60,66,-6,6
50965,172,156,16,16
50966,136,124,12,12
50967,86,79,7,7
50968,106,110,-4,4
50969,107,107,0,0
50970,98,96,2,2
50971,120,138,-18,18
50972,158,149,9,9
50973,61,61,0,0
50974,101,94,7,7
50975,94,92,2,2
50976,60,70,-10,10
50977,68,71,-3,3
50978,99,86,13,13
50979,56,56,0,0
50980,110,98,12,12
50981,102,100,2,2
50982,83,82,1,1
50983,92,91,1,1
50984,77,72,5,5
50985,125,130,-5,5
50986,79,73,6,6
50987,67,65,2,2
50988,113,108,5,5
50989,122,121,1,1
50990,131,122,9,9
50991,104,95,9,9
50992,89,103,-14,14
50993,92,90,2,2
50994,217,153,64,64
50995,45,34,11,11
50996,69,79,-10,10
50997,112,113,-1,1
50998,146,119,27,27
50999,95,93,2,2
51000,91,92,-1,1
51001,70,75,-5,5
51002,75,87,-12,12
51003,95,93,2,2
51004,112,96,16,16
51005,58,61,-3,3
51006,54,55,-1,1
51007,94,97,-3,3
51008,108,98,10,10
51009,89,88,1,1
51010,90,87,3,3
51011,129,120,9,9
51012,105,93,12,12
51013,94,89,5,5
51014,132,144,-12,12
51015,95,89,6,6
51016,68,62,6,6
51017,97,89,8,8
51018,128,113,15,15
51019,116,115,1,1
51020,93,92,1,1
51021,89,80,9,9
51022,176,172,4,4
51023,172,168,4,4
51024,54,56,-2,2
51025,60,67,-7,7
51026,39,42,-3,3
51027,96,84,12,12
51028,60,75,-15,15
51029,52,54,-2,2
51030,105,101,4,4
51031,137,131,6,6
51032,151,131,20,20
51033,108,118,-10,10
51034,100,96,4,4
51035,68,71,-3,3
51036,99,98,1,1
51037,100,95,5,5
51038,112,100,12,12
51039,78,71,7,7
51040,110,106,4,4
51041,70,66,4,4
51042,122,115,7,7
51043,72,78,-6,6
51044,191,169,22,22
51045,106,105,1,1
51046,102,98,4,4
51047,130,115,15,15
51048,83,84,-1,1
51049,70,73,-3,3
51050,93,96,-3,3
51051,98,90,8,8
51052,72,71,1,1
51053,121,106,15,15
51054,157,143,14,14
51055,72,78,-6,6
51056,88,86,2,2
51057,109,103,6,6
51058,129,117,12,12
51059,185,164,21,21
51060,82,89,-7,7
51061,45,34,11,11
51062,47,50,-3,3
51063,75,82,-7,7
51064,107,93,14,14
51065,73,75,-2,2
51066,90,86,4,4
51067,69,79,-10,10
51068,100,105,-5,5
51069,87,77,10,10
51070,56,58,-2,2
51071,83,77,6,6
51072,140,137,3,3
51073,64,60,4,4
51074,97,92,5,5
51075,86,85,1,1
51076,129,114,15,15
51077,119,106,13,13
51078,85,85,0,0
51079,109,98,11,11
51080,92,89,3,3
51081,152,133,19,19
51082,74,78,-4,4
51083,147,181,-34,34
51084,117,111,6,6
51085,85,94,-9,9
51086,115,120,-5,5
51087,96,90,6,6
51088,109,106,3,3
51089,70,73,-3,3
51090,107,98,9,9
51091,71,80,-9,9
51092,80,81,-1,1
51093,117,108,9,9
51094,149,145,4,4
51095,74,73,1,1
51096,100,93,7,7
51097,131,133,-2,2
51098,100,97,3,3
51099,72,70,2,2
51100,92,104,-12,12
51101,68,65,3,3
51102,71,76,-5,5
51103,60,59,1,1
51104,74,75,-1,1
51105,114,108,6,6
51106,44,43,1,1
51107,104,113,-9,9
51108,143,133,10,10
51109,159,138,21,21
51110,76,76,0,0
51111,93,90,3,3
51112,91,88,3,3
51113,91,92,-1,1
51114,188,164,24,24
51115,85,85,0,0
51116,58,54,4,4
51117,115,105,10,10
51118,51,58,-7,7
51119,49,51,-2,2
51120,108,109,-1,1
51121,92,92,0,0
51122,102,102,0,0
51123,113,108,5,5
51124,100,95,5,5
51125,80,74,6,6
51126,109,112,-3,3
51127,72,73,-1,1
51128,91,94,-3,3
51129,93,90,3,3
51130,44,45,-1,1
51131,104,106,-2,2
51132,50,64,-14,14
51133,76,78,-2,2
51134,53,54,-1,1
51135,119,112,7,7
51136,105,93,12,12
51137,110,120,-10,10
51138,148,143,5,5
51139,105,93,12,12
51140,139,127,12,12
51141,97,85,12,12
51142,113,97,16,16
51143,85,82,3,3
51144,113,101,12,12
51145,60,62,-2,2
51146,66,63,3,3
51147,115,106,9,9
51148,30,34,-4,4
51149,76,71,5,5
51150,73,78,-5,5
51151,72,80,-8,8
51152,141,131,10,10
51153,58,66,-8,8
51154,101,99,2,2
51155,80,72,8,8
51156,76,75,1,1
51157,118,119,-1,1
51158,97,96,1,1
51159,96,104,-8,8
51160,40,39,1,1
51161,157,139,18,18
51162,125,116,9,9
51163,99,91,8,8
51164,66,67,-1,1
51165,117,110,7,7
51166,94,99,-5,5
51167,54,62,-8,8
51168,62,61,1,1
51169,74,73,1,1
51170,166,151,15,15
51171,142,140,2,2
51172,81,92,-11,11
51173,110,115,-5,5
51174,114,102,12,12
51175,96,94,2,2
51176,54,59,-5,5
51177,97,95,2,2
51178,86,97,-11,11
51179,67,73,-6,6
51180,65,67,-2,2
51181,89,93,-4,4
51182,86,89,-3,3
51183,71,75,-4,4
51184,146,137,9,9
51185,81,71,10,10
51186,108,101,7,7
51187,116,109,7,7
51188,90,94,-4,4
51189,108,97,11,11
51190,127,115,12,12
51191,60,63,-3,3
51192,66,61,5,5
51193,180,164,16,16
51194,52,55,-3,3
51195,93,91,2,2
51196,127,122,5,5
51197,96,86,10,10
51198,110,96,14,14
51199,102,104,-2,2
51200,110,104,6,6
51201,72,67,5,5
51202,161,146,15,15
51203,89,79,10,10
51204,78,75,3,3
51205,77,84,-7,7
51206,80,77,3,3
51207,78,78,0,0
51208,135,117,18,18
51209,88,78,10,10
51210,102,83,19,19
51211,73,74,-1,1
51212,101,96,5,5
51213,84,78,6,6
51214,87,82,5,5
51215,79,83,-4,4
51216,84,85,-1,1
51217,140,134,6,6
51218,106,108,-2,2
51219,75,65,10,10
51220,94,92,2,2
51221,79,85,-6,6
51222,93,89,4,4
51223,155,148,7,7
51224,97,99,-2,2
51225,109,118,-9,9
51226,115,101,14,14
51227,126,117,9,9
51228,90,91,-1,1
51229,72,74,-2,2
51230,63,61,2,2
51231,105,99,6,6
51232,68,70,-2,2
51233,143,121,22,22
51234,116,112,4,4
51235,121,122,-1,1
51236,130,106,24,24
51237,75,73,2,2
51238,70,76,-6,6
51239,109,94,15,15
51240,98,92,6,6
51241,106,90,16,16
51242,76,78,-2,2
51243,60,56,4,4
51244,68,74,-6,6
51245,165,142,23,23
51246,90,105,-15,15
51247,178,157,21,21
51248,79,80,-1,1
51249,72,66,6,6
51250,87,82,5,5
51251,82,79,3,3
51252,57,61,-4,4
51253,110,108,2,2
51254,111,107,4,4
51255,70,80,-10,10
51256,112,112,0,0
51257,52,52,0,0
51258,94,85,9,9
51259,97,95,2,2
51260,66,69,-3,3
51261,67,72,-5,5
51262,66,71,-5,5
51263,107,102,5,5
51264,156,187,-31,31
51265,40,86,-46,46
51266,60,66,-6,6
51267,109,125,-16,16
51268,62,64,-2,2
51269,126,112,14,14
51270,96,96,0,0
51271,106,92,14,14
51272,109,95,14,14
51273,77,76,1,1
51274,70,70,0,0
51275,75,97,-22,22
51276,194,177,17,17
51277,24,30,-6,6
51278,94,93,1,1
51279,102,93,9,9
51280,126,117,9,9
51281,150,124,26,26
51282,126,122,4,4
51283,82,87,-5,5
51284,92,103,-11,11
51285,87,87,0,0
51286,122,127,-5,5
51287,129,122,7,7
51288,93,89,4,4
51289,62,69,-7,7
51290,148,142,6,6
51291,73,74,-1,1
51292,114,99,15,15
51293,82,80,2,2
51294,99,99,0,0
51295,181,154,27,27
51296,158,136,22,22
51297,100,98,2,2
51298,143,133,10,10
51299,118,113,5,5
51300,85,84,1,1
51301,127,129,-2,2
51302,83,90,-7,7
51303,95,90,5,5
51304,63,60,3,3
51305,76,73,3,3
51306,111,115,-4,4
51307,69,74,-5,5
51308,100,87,13,13
51309,47,52,-5,5
51310,83,89,-6,6
51311,85,86,-1,1
51312,74,75,-1,1
51313,53,70,-17,17
51314,75,77,-2,2
51315,71,84,-13,13
51316,108,100,8,8
51317,71,74,-3,3
51318,121,113,8,8
51319,100,104,-4,4
51320,113,111,2,2
51321,86,79,7,7
51322,86,75,11,11
51323,115,108,7,7
51324,38,34,4,4
51325,140,127,13,13
51326,119,118,1,1
51327,104,99,5,5
51328,135,114,21,21
51329,147,129,18,18
51330,116,105,11,11
51331,137,127,10,10
51332,86,85,1,1
51333,96,92,4,4
51334,76,70,6,6
51335,64,64,0,0
51336,57,59,-2,2
51337,90,101,-11,11
51338,56,74,-18,18
51339,84,94,-10,10
51340,109,97,12,12
51341,124,119,5,5
51342,138,118,20,20
51343,73,72,1,1
51344,98,92,6,6
51345,93,81,12,12
51346,51,45,6,6
51347,54,56,-2,2
51348,62,63,-1,1
51349,126,122,4,4
51350,85,80,5,5
51351,86,76,10,10
51352,67,65,2,2
51353,80,80,0,0
51354,55,61,-6,6
51355,115,107,8,8
51356,71,72,-1,1
51357,86,81,5,5
51358,120,112,8,8
51359,94,88,6,6
51360,71,73,-2,2
51361,106,113,-7,7
51362,101,94,7,7
51363,41,45,-4,4
51364,77,70,7,7
51365,130,119,11,11
51366,154,139,15,15
51367,102,91,11,11
51368,56,60,-4,4
51369,108,100,8,8
51370,74,77,-3,3
51371,33,102,-69,69
51372,109,103,6,6
51373,113,104,9,9
51374,115,108,7,7
51375,73,75,-2,2
51376,60,69,-9,9
51377,115,107,8,8
51378,85,89,-4,4
51379,121,106,15,15
51380,128,120,8,8
51381,76,86,-10,10
51382,158,146,12,12
51383,109,104,5,5
51384,47,53,-6,6
51385,76,72,4,4
51386,75,69,6,6
51387,92,83,9,9
51388,92,93,-1,1
51389,110,97,13,13
51390,101,98,3,3
51391,95,88,7,7
51392,107,102,5,5
51393,96,93,3,3
51394,127,123,4,4
51395,104,101,3,3
51396,84,76,8,8
51397,44,38,6,6
51398,112,118,-6,6
51399,94,102,-8,8
51400,65,66,-1,1
51401,67,73,-6,6
51402,106,102,4,4
51403,85,77,8,8
51404,75,84,-9,9
51405,72,70,2,2
51406,99,78,21,21
51407,63,67,-4,4
51408,157,146,11,11
51409,70,68,2,2
51410,79,73,6,6
51411,99,92,7,7
51412,100,100,0,0
51413,152,135,17,17
51414,111,120,-9,9
51415,73,75,-2,2
51416,117,111,6,6
51417,74,73,1,1
51418,84,91,-7,7
51419,117,109,8,8
51420,70,72,-2,2
51421,72,78,-6,6
51422,62,65,-3,3
51423,90,93,-3,3
51424,123,105,18,18
51425,81,83,-2,2
51426,62,64,-2,2
51427,74,72,2,2
51428,189,166,23,23
51429,97,98,-1,1
51430,131,122,9,9
51431,66,73,-7,7
51432,131,118,13,13
51433,101,90,11,11
51434,205,195,10,10
51435,92,94,-2,2
51436,74,84,-10,10
51437,108,97,11,11
51438,78,72,6,6
51439,69,74,-5,5
51440,92,77,15,15
51441,76,76,0,0
51442,83,81,2,2
51443,104,100,4,4
51444,85,78,7,7
51445,74,71,3,3
51446,134,134,0,0
51447,119,108,11,11
51448,92,83,9,9
51449,88,85,3,3
51450,126,127,-1,1
51451,100,96,4,4
51452,45,56,-11,11
51453,131,113,18,18
51454,55,61,-6,6
51455,180,163,17,17
51456,133,111,22,22
51457,94,68,26,26
51458,62,81,-19,19
51459,119,112,7,7
51460,183,168,15,15
51461,88,82,6,6
51462,115,89,26,26
51463,100,89,11,11
51464,64,72,-8,8
51465,83,104,-21,21
51466,138,133,5,5
51467,62,71,-9,9
51468,193,166,27,27
51469,90,82,8,8
51470,77,85,-8,8
51471,111,102,9,9
51472,99,84,15,15
51473,118,118,0,0
51474,131,117,14,14
51475,71,64,7,7
51476,78,79,-1,1
51477,94,84,10,10
51478,92,92,0,0
51479,97,96,1,1
51480,89,84,5,5
51481,131,113,18,18
51482,119,98,21,21
51483,59,67,-8,8
51484,80,79,1,1
51485,116,106,10,10
51486,93,86,7,7
51487,72,78,-6,6
51488,185,157,28,28
51489,85,87,-2,2
51490,108,112,-4,4
51491,84,85,-1,1
51492,100,99,1,1
51493,109,89,20,20
51494,43,41,2,2
51495,77,77,0,0
51496,87,78,9,9
51497,121,110,11,11
51498,109,107,2,2
51499,83,87,-4,4
51500,108,92,16,16
51501,166,138,28,28
51502,68,68,0,0
51503,112,122,-10,10
51504,103,100,3,3
51505,106,107,-1,1
51506,33,32,1,1
51507,56,54,2,2
51508,72,71,1,1
51509,136,129,7,7
51510,79,77,2,2
51511,143,123,20,20
51512,103,95,8,8
51513,75,77,-2,2
51514,73,73,0,0
51515,68,70,-2,2
51516,68,80,-12,12
51517,102,86,16,16
51518,83,80,3,3
51519,70,80,-10,10
51520,88,84,4,4
51521,124,116,8,8
51522,111,108,3,3
51523,103,102,1,1
51524,104,90,14,14
51525,122,115,7,7
51526,119,115,4,4
51527,71,102,-31,31
51528,196,187,9,9
51529,70,69,1,1
51530,70,87,-17,17
51531,88,84,4,4
51532,122,111,11,11
51533,102,92,10,10
51534,119,107,12,12
51535,138,128,10,10
51536,165,147,18,18
51537,94,99,-5,5
51538,52,57,-5,5
51539,86,84,2,2
51540,63,69,-6,6
51541,92,82,10,10
51542,65,63,2,2
51543,47,47,0,0
51544,62,63,-1,1
51545,79,88,-9,9
51546,166,131,35,35
51547,96,90,6,6
51548,120,125,-5,5
51549,117,110,7,7
51550,99,91,8,8
51551,124,124,0,0
51552,138,120,18,18
51553,60,68,-8,8
51554,90,89,1,1
51555,76,81,-5,5
51556,113,126,-13,13
51557,129,121,8,8
51558,80,77,3,3
51559,99,95,4,4
51560,87,87,0,0
51561,74,75,-1,1
51562,70,72,-2,2
51563,50,58,-8,8
51564,83,82,1,1
51565,150,135,15,15
51566,104,95,9,9
51567,107,103,4,4
51568,101,91,10,10
51569,153,143,10,10
51570,81,80,1,1
51571,58,73,-15,15
51572,104,96,8,8
51573,64,64,0,0
51574,58,58,0,0
51575,137,133,4,4
51576,132,108,24,24
51577,110,105,5,5
51578,120,115,5,5
51579,92,93,-1,1
51580,83,109,-26,26
51581,41,52,-11,11
51582,194,180,14,14
51583,79,74,5,5
51584,65,66,-1,1
51585,126,127,-1,1
51586,125,133,-8,8
51587,148,135,13,13
51588,63,63,0,0
51589,82,86,-4,4
51590,127,116,11,11
51591,141,125,16,16
51592,98,101,-3,3
51593,140,135,5,5
51594,92,87,5,5
51595,78,84,-6,6
51596,72,73,-1,1
51597,133,116,17,17
51598,82,86,-4,4
51599,53,62,-9,9
51600,68,69,-1,1
51601,135,128,7,7
51602,76,90,-14,14
51603,84,76,8,8
51604,109,100,9,9
51605,115,115,0,0
51606,32,29,3,3
51607,202,173,29,29
51608,64,64,0,0
51609,69,67,2,2
51610,61,63,-2,2
51611,81,75,6,6
51612,81,87,-6,6
51613,103,96,7,7
51614,73,69,4,4
51615,103,114,-11,11
51616,153,149,4,4
51617,78,79,-1,1
51618,100,93,7,7
51619,136,137,-1,1
51620,58,62,-4,4
51621,75,81,-6,6
51622,130,113,17,17
51623,127,111,16,16
51624,51,60,-9,9
51625,87,76,11,11
51626,99,96,3,3
51627,121,110,11,11
51628,83,85,-2,2
51629,65,64,1,1
51630,86,86,0,0
51631,129,123,6,6
51632,77,85,-8,8
51633,63,70,-7,7
51634,70,70,0,0
51635,75,77,-2,2
51636,75,78,-3,3
51637,132,129,3,3
51638,157,148,9,9
51639,130,130,0,0
51640,80,83,-3,3
51641,97,96,1,1
51642,68,67,1,1
51643,98,97,1,1
51644,81,84,-3,3
51645,51,53,-2,2
51646,84,81,3,3
51647,79,76,3,3
51648,151,139,12,12
51649,82,84,-2,2
51650,127,119,8,8
51651,63,70,-7,7
51652,97,92,5,5
51653,121,111,10,10
51654,157,142,15,15
51655,101,96,5,5
51656,160,155,5,5
51657,92,92,0,0
51658,107,109,-2,2
51659,108,95,13,13
51660,119,99,20,20
51661,61,68,-7,7
51662,112,102,10,10
51663,71,68,3,3
51664,99,100,-1,1
51665,68,75,-7,7
51666,116,113,3,3
51667,64,73,-9,9
51668,124,125,-1,1
51669,139,128,11,11
51670,80,77,3,3
51671,157,139,18,18
51672,101,93,8,8
51673,114,106,8,8
51674,126,125,1,1
51675,148,132,16,16
51676,77,82,-5,5
51677,187,171,16,16
51678,139,133,6,6
51679,164,147,17,17
51680,98,97,1,1
51681,86,89,-3,3
51682,61,62,-1,1
51683,143,146,-3,3
51684,57,59,-2,2
51685,52,52,0,0
51686,92,100,-8,8
51687,108,101,7,7
51688,156,134,22,22
51689,159,139,20,20
51690,157,136,21,21
51691,102,96,6,6
51692,138,120,18,18
51693,78,77,1,1
51694,83,74,9,9
51695,108,96,12,12
51696,60,58,2,2
51697,142,115,27,27
51698,55,58,-3,3
51699,65,63,2,2
51700,125,116,9,9
51701,90,91,-1,1
51702,74,75,-1,1
51703,156,144,12,12
51704,76,77,-1,1
51705,94,95,-1,1
51706,84,82,2,2
51707,84,78,6,6
51708,68,76,-8,8
51709,144,135,9,9
51710,74,70,4,4
51711,104,102,2,2
51712,98,75,23,23
51713,92,89,3,3
51714,106,101,5,5
51715,94,91,3,3
51716,91,93,-2,2
51717,61,40,21,21
51718,77,77,0,0
51719,71,73,-2,2
51720,98,94,4,4
51721,73,79,-6,6
51722,103,104,-1,1
51723,124,111,13,13
51724,135,98,37,37
51725,118,119,-1,1
51726,96,100,-4,4
51727,54,62,-8,8
51728,112,95,17,17
51729,72,76,-4,4
51730,70,75,-5,5
51731,85,78,7,7
51732,51,45,6,6
51733,106,111,-5,5
51734,113,101,12,12
51735,76,69,7,7
51736,63,72,-9,9
51737,140,120,20,20
51738,103,94,9,9
51739,163,157,6,6
51740,126,118,8,8
51741,92,96,-4,4
51742,40,43,-3,3
51743,33,34,-1,1
51744,99,96,3,3
51745,113,99,14,14
51746,59,60,-1,1
51747,88,100,-12,12
51748,58,63,-5,5
51749,98,92,6,6
51750,135,116,19,19
51751,92,90,2,2
51752,101,99,2,2
51753,116,107,9,9
51754,171,159,12,12
51755,98,84,14,14
51756,99,92,7,7
51757,77,72,5,5
51758,99,91,8,8
51759,61,61,0,0
51760,124,102,22,22
51761,36,32,4,4
51762,124,109,15,15
51763,89,84,5,5
51764,144,141,3,3
51765,113,105,8,8
51766,157,143,14,14
51767,95,90,5,5
51768,101,102,-1,1
51769,76,77,-1,1
51770,65,73,-8,8
51771,222,174,48,48
51772,123,111,12,12
51773,71,90,-19,19
51774,102,90,12,12
51775,96,95,1,1
51776,105,95,10,10
51777,81,83,-2,2
51778,122,133,-11,11
51779,64,68,-4,4
51780,43,55,-12,12
51781,114,99,15,15
51782,62,66,-4,4
51783,104,109,-5,5
51784,175,176,-1,1
51785,98,103,-5,5
51786,87,78,9,9
51787,144,137,7,7
51788,76,87,-11,11
51789,125,119,6,6
51790,70,72,-2,2
51791,86,93,-7,7
51792,140,116,24,24
51793,44,54,-10,10
51794,101,91,10,10
51795,68,69,-1,1
51796,155,149,6,6
51797,125,118,7,7
51798,49,54,-5,5
51799,140,138,2,2
51800,105,96,9,9
51801,192,188,4,4
51802,89,76,13,13
51803,140,126,14,14
51804,140,129,11,11
51805,112,111,1,1
51806,136,115,21,21
51807,76,82,-6,6
51808,64,73,-9,9
51809,64,75,-11,11
51810,83,85,-2,2
51811,72,68,4,4
51812,145,139,6,6
51813,113,101,12,12
51814,114,102,12,12
51815,154,134,20,20
51816,67,68,-1,1
51817,197,167,30,30
51818,61,66,-5,5
51819,99,96,3,3
51820,91,91,0,0
51821,181,151,30,30
51822,45,34,11,11
51823,55,61,-6,6
51824,183,196,-13,13
51825,106,106,0,0
51826,57,59,-2,2
51827,133,118,15,15
51828,36,34,2,2
51829,98,100,-2,2
51830,54,52,2,2
51831,140,135,5,5
51832,114,110,4,4
51833,99,82,17,17
51834,69,71,-2,2
51835,144,134,10,10
51836,112,117,-5,5
51837,101,93,8,8
51838,88,80,8,8
51839,88,86,2,2
51840,94,86,8,8
51841,67,63,4,4
51842,46,51,-5,5
51843,72,68,4,4
51844,80,74,6,6
51845,75,73,2,2
51846,94,85,9,9
51847,117,116,1,1
51848,67,68,-1,1
51849,71,73,-2,2
51850,67,83,-16,16
51851,68,63,5,5
51852,91,86,5,5
51853,71,74,-3,3
51854,114,114,0,0
51855,93,99,-6,6
51856,73,79,-6,6
51857,164,144,20,20
51858,132,117,15,15
51859,66,60,6,6
51860,153,124,29,29
51861,108,113,-5,5
51862,110,101,9,9
51863,156,131,25,25
51864,162,146,16,16
51865,150,142,8,8
51866,125,118,7,7
51867,61,63,-2,2
51868,95,95,0,0
51869,152,131,21,21
51870,125,125,0,0
51871,119,103,16,16
51872,166,174,-8,8
51873,120,101,19,19
51874,58,63,-5,5
51875,45,34,11,11
51876,117,120,-3,3
51877,65,63,2,2
51878,105,106,-1,1
51879,70,73,-3,3
51880,78,75,3,3
51881,91,84,7,7
51882,78,72,6,6
51883,116,130,-14,14
51884,132,110,22,22
51885,143,128,15,15
51886,117,119,-2,2
51887,147,148,-1,1
51888,63,70,-7,7
51889,80,93,-13,13
51890,98,94,4,4
51891,51,60,-9,9
51892,51,51,0,0
51893,73,71,2,2
51894,95,86,9,9
51895,100,94,6,6
51896,74,85,-11,11
51897,110,98,12,12
51898,78,78,0,0
51899,54,62,-8,8
51900,115,111,4,4
51901,139,125,14,14
51902,73,77,-4,4
51903,67,68,-1,1
51904,76,77,-1,1
51905,108,102,6,6
51906,104,98,6,6
51907,130,121,9,9
51908,116,114,2,2
51909,57,61,-4,4
51910,102,102,0,0
51911,108,97,11,11
51912,95,86,9,9
51913,40,34,6,6
51914,76,84,-8,8
51915,71,69,2,2
51916,137,130,7,7
51917,118,105,13,13
51918,129,117,12,12
51919,67,72,-5,5
51920,72,74,-2,2
51921,111,112,-1,1
51922,95,93,2,2
51923,130,135,-5,5
51924,116,114,2,2
51925,68,71,-3,3
51926,103,98,5,5
51927,95,93,2,2
51928,117,112,5,5
51929,62,56,6,6
51930,75,79,-4,4
51931,56,69,-13,13
51932,120,104,16,16
51933,113,107,6,6
51934,85,80,5,5
51935,71,92,-21,21
51936,130,127,3,3
51937,87,89,-2,2
51938,156,141,15,15
51939,89,87,2,2
51940,61,61,0,0
51941,115,111,4,4
51942,144,124,20,20
51943,73,78,-5,5
51944,94,94,0,0
51945,102,96,6,6
51946,125,121,4,4
51947,71,68,3,3
51948,140,128,12,12
51949,143,129,14,14
51950,77,79,-2,2
51951,86,77,9,9
51952,70,69,1,1
51953,101,90,11,11
51954,82,80,2,2
51955,93,85,8,8
51956,55,62,-7,7
51957,138,140,-2,2
51958,88,86,2,2
51959,81,84,-3,3
51960,176,151,25,25
51961,90,91,-1,1
51962,52,59,-7,7
51963,97,93,4,4
51964,45,57,-12,12
51965,114,113,1,1
51966,155,143,12,12
51967,151,168,-17,17
51968,60,66,-6,6
51969,82,76,6,6
51970,96,93,3,3
51971,126,110,16,16
51972,90,86,4,4
51973,83,72,11,11
51974,72,77,-5,5
51975,139,124,15,15
51976,137,115,22,22
51977,119,115,4,4
51978,115,96,19,19
51979,76,73,3,3
51980,80,94,-14,14
51981,101,92,9,9
51982,92,87,5,5
51983,65,66,-1,1
51984,89,90,-1,1
51985,72,70,2,2
51986,45,34,11,11
51987,69,68,1,1
51988,81,77,4,4
51989,95,92,3,3
51990,76,76,0,0
51991,49,46,3,3
51992,97,99,-2,2
51993,90,85,5,5
51994,130,122,8,8
51995,74,78,-4,4
51996,46,59,-13,13
51997,74,79,-5,5
51998,108,98,10,10
51999,115,115,0,0
52000,37,34,3,3
52001,79,75,4,4
52002,75,79,-4,4
52003,174,150,24,24
52004,107,101,6,6
52005,53,53,0,0
52006,83,87,-4,4
52007,60,62,-2,2
52008,98,99,-1,1
52009,57,60,-3,3
52010,54,58,-4,4
52011,83,78,5,5
52012,182,194,-12,12
52013,107,110,-3,3
52014,89,94,-5,5
52015,105,102,3,3
52016,109,106,3,3
52017,141,122,19,19
52018,121,116,5,5
52019,91,101,-10,10
52020,117,109,8,8
52021,58,54,4,4
52022,80,72,8,8
52023,88,83,5,5
52024,80,81,-1,1
52025,146,136,10,10
52026,105,99,6,6
52027,128,135,-7,7
52028,79,79,0,0
52029,123,122,1,1
52030,85,83,2,2
52031,77,74,3,3
52032,70,68,2,2
52033,100,98,2,2
52034,71,68,3,3
52035,123,112,11,11
52036,85,87,-2,2
52037,113,105,8,8
52038,98,90,8,8
52039,67,75,-8,8
52040,130,129,1,1
52041,176,153,23,23
52042,117,110,7,7
52043,130,117,13,13
52044,114,104,10,10
52045,108,105,3,3
52046,111,115,-4,4
52047,91,87,4,4
52048,153,133,20,20
52049,83,88,-5,5
52050,91,93,-2,2
52051,103,100,3,3
52052,123,118,5,5
52053,57,64,-7,7
52054,115,108,7,7
52055,86,91,-5,5
52056,147,133,14,14
52057,116,128,-12,12
52058,87,83,4,4
52059,81,83,-2,2
52060,58,54,4,4
52061,97,85,12,12
52062,138,138,0,0
52063,74,71,3,3
52064,60,69,-9,9
52065,94,92,2,2
52066,150,149,1,1
52067,143,135,8,8
52068,72,73,-1,1
52069,80,85,-5,5
52070,94,94,0,0
52071,85,86,-1,1
52072,108,100,8,8
52073,106,91,15,15
52074,86,86,0,0
52075,160,142,18,18
52076,84,82,2,2
52077,78,72,6,6
52078,89,92,-3,3
52079,76,84,-8,8
52080,57,54,3,3
52081,93,92,1,1
52082,92,94,-2,2
52083,79,96,-17,17
52084,105,102,3,3
52085,146,134,12,12
52086,79,84,-5,5
52087,96,96,0,0
52088,97,92,5,5
52089,74,74,0,0
52090,79,85,-6,6
52091,90,87,3,3
52092,133,128,5,5
52093,81,80,1,1
52094,140,127,13,13
52095,20,23,-3,3
52096,42,97,-55,55
52097,178,149,29,29
52098,57,67,-10,10
52099,91,93,-2,2
52100,125,133,-8,8
52101,77,73,4,4
52102,73,74,-1,1
52103,96,97,-1,1
52104,63,61,2,2
52105,75,74,1,1
52106,117,107,10,10
52107,135,130,5,5
52108,105,108,-3,3
52109,141,132,9,9
52110,123,105,18,18
52111,71,79,-8,8
52112,108,92,16,16
52113,104,106,-2,2
52114,108,98,10,10
52115,93,91,2,2
52116,102,95,7,7
52117,99,87,12,12
52118,95,98,-3,3
52119,53,57,-4,4
52120,117,99,18,18
52121,79,88,-9,9
52122,55,67,-12,12
52123,163,155,8,8
52124,53,57,-4,4
52125,80,77,3,3
52126,124,115,9,9
52127,75,71,4,4
52128,133,125,8,8
52129,83,80,3,3
52130,54,64,-10,10
52131,52,57,-5,5
52132,67,70,-3,3
52133,75,73,2,2
52134,106,98,8,8
52135,140,130,10,10
52136,124,121,3,3
52137,65,71,-6,6
52138,94,97,-3,3
52139,108,105,3,3
52140,132,112,20,20
52141,123,114,9,9
52142,73,81,-8,8
52143,246,232,14,14
52144,91,79,12,12
52145,48,58,-10,10
52146,109,95,14,14
52147,120,105,15,15
52148,71,65,6,6
52149,44,39,5,5
52150,83,78,5,5
52151,77,71,6,6
52152,108,99,9,9
52153,76,73,3,3
52154,116,100,16,16
52155,98,107,-9,9
52156,114,102,12,12
52157,142,121,21,21
52158,92,98,-6,6
52159,82,76,6,6
52160,86,84,2,2
52161,65,69,-4,4
52162,91,86,5,5
52163,158,152,6,6
52164,79,77,2,2
52165,89,83,6,6
52166,54,50,4,4
52167,144,122,22,22
52168,167,163,4,4
52169,94,101,-7,7
52170,75,75,0,0
52171,110,115,-5,5
52172,113,103,10,10
52173,63,66,-3,3
52174,138,127,11,11
52175,101,90,11,11
52176,99,104,-5,5
52177,98,96,2,2
52178,138,146,-8,8
52179,116,111,5,5
52180,53,67,-14,14
52181,97,98,-1,1
52182,79,68,11,11
52183,94,102,-8,8
52184,72,77,-5,5
52185,104,106,-2,2
52186,113,97,16,16
52187,105,109,-4,4
52188,84,80,4,4
52189,66,71,-5,5
52190,75,75,0,0
52191,106,100,6,6
52192,100,93,7,7
52193,75,82,-7,7
52194,45,37,8,8
52195,126,125,1,1
52196,102,95,7,7
52197,108,107,1,1
52198,99,94,5,5
52199,146,122,24,24
52200,107,105,2,2
52201,105,107,-2,2
52202,58,58,0,0
52203,114,115,-1,1
52204,151,129,22,22
52205,72,76,-4,4
52206,79,73,6,6
52207,131,117,14,14
52208,91,91,0,0
52209,52,58,-6,6
52210,81,71,10,10
52211,85,73,12,12
52212,96,90,6,6
52213,42,50,-8,8
52214,73,68,5,5
52215,100,91,9,9
52216,104,97,7,7
52217,85,91,-6,6
52218,67,74,-7,7
52219,71,73,-2,2
52220,100,91,9,9
52221,134,108,26,26
52222,104,105,-1,1
52223,90,81,9,9
52224,96,124,-28,28
52225,61,84,-23,23
52226,65,72,-7,7
52227,139,129,10,10
52228,46,45,1,1
52229,70,72,-2,2
52230,142,129,13,13
52231,90,87,3,3
52232,112,102,10,10
52233,113,101,12,12
52234,59,65,-6,6
52235,111,106,5,5
52236,84,87,-3,3
52237,74,72,2,2
52238,78,72,6,6
52239,145,145,0,0
52240,100,116,-16,16
52241,103,94,9,9
52242,55,58,-3,3
52243,93,93,0,0
52244,78,76,2,2
52245,80,77,3,3
52246,104,92,12,12
52247,66,70,-4,4
52248,68,63,5,5
52249,60,59,1,1
52250,103,112,-9,9
52251,69,70,-1,1
52252,92,93,-1,1
52253,48,60,-12,12
52254,54,63,-9,9
52255,54,57,-3,3
52256,58,63,-5,5
52257,160,144,16,16
52258,83,76,7,7
52259,90,82,8,8
52260,71,118,-47,47
52261,168,167,1,1
52262,137,136,1,1
52263,139,134,5,5
52264,74,70,4,4
52265,75,80,-5,5
52266,65,63,2,2
52267,93,80,13,13
52268,94,90,4,4
52269,65,78,-13,13
52270,110,107,3,3
52271,29,34,-5,5
52272,91,85,6,6
52273,78,75,3,3
52274,77,76,1,1
52275,93,91,2,2
52276,158,141,17,17
52277,206,183,23,23
52278,98,95,3,3
52279,131,121,10,10
52280,115,104,11,11
52281,129,105,24,24
52282,97,90,7,7
52283,97,91,6,6
52284,78,95,-17,17
52285,81,83,-2,2
52286,107,99,8,8
52287,80,76,4,4
52288,67,73,-6,6
52289,66,73,-7,7
52290,56,60,-4,4
52291,72,72,0,0
52292,50,58,-8,8
52293,70,97,-27,27
52294,128,114,14,14
52295,138,138,0,0
52296,38,34,4,4
52297,113,106,7,7
52298,168,156,12,12
52299,115,102,13,13
52300,88,85,3,3
52301,80,80,0,0
52302,124,128,-4,4
52303,190,173,17,17
52304,92,93,-1,1
52305,83,83,0,0
52306,78,80,-2,2
52307,64,61,3,3
52308,121,114,7,7
52309,74,76,-2,2
52310,59,64,-5,5
52311,200,159,41,41
52312,157,142,15,15
52313,86,85,1,1
52314,126,118,8,8
52315,75,75,0,0
52316,95,104,-9,9
52317,118,100,18,18
52318,174,154,20,20
52319,148,132,16,16
52320,70,74,-4,4
52321,99,94,5,5
52322,73,74,-1,1
52323,178,149,29,29
52324,127,117,10,10
52325,137,132,5,5
52326,35,35,0,0
52327,58,61,-3,3
52328,104,104,0,0
52329,85,81,4,4
52330,91,88,3,3
52331,40,34,6,6
52332,83,84,-1,1
52333,100,102,-2,2
52334,73,76,-3,3
52335,51,61,-10,10
52336,263,194,69,69
52337,87,87,0,0
52338,85,80,5,5
52339,85,84,1,1
52340,89,84,5,5
52341,176,163,13,13
52342,103,100,3,3
52343,128,129,-1,1
52344,166,159,7,7
52345,92,102,-10,10
52346,100,98,2,2
52347,98,85,13,13
52348,57,61,-4,4
52349,127,116,11,11
52350,86,86,0,0
52351,144,140,4,4
52352,60,64,-4,4
52353,113,106,7,7
52354,113,106,7,7
52355,103,97,6,6
52356,90,86,4,4
52357,56,48,8,8
52358,47,54,-7,7
52359,105,103,2,2
52360,61,64,-3,3
52361,128,134,-6,6
52362,55,77,-22,22
52363,67,65,2,2
52364,65,67,-2,2
52365,116,104,12,12
52366,76,78,-2,2
52367,41,40,1,1
52368,83,76,7,7
52369,82,87,-5,5
52370,50,60,-10,10
52371,81,91,-10,10
52372,57,55,2,2
52373,83,79,4,4
52374,87,93,-6,6
52375,56,46,10,10
52376,68,68,0,0
52377,71,71,0,0
52378,77,76,1,1
52379,67,66,1,1
52380,120,105,15,15
52381,74,76,-2,2
52382,121,119,2,2
52383,73,75,-2,2
52384,53,58,-5,5
52385,68,72,-4,4
52386,95,88,7,7
52387,103,102,1,1
52388,46,52,-6,6
52389,73,67,6,6
52390,148,136,12,12
52391,145,122,23,23
52392,105,92,13,13
52393,71,73,-2,2
52394,43,51,-8,8
52395,106,102,4,4
52396,114,110,4,4
52397,80,74,6,6
52398,64,76,-12,12
52399,125,109,16,16
52400,84,96,-12,12
52401,86,87,-1,1
52402,101,95,6,6
52403,95,90,5,5
52404,90,92,-2,2
52405,93,87,6,6
52406,62,64,-2,2
52407,146,134,12,12
52408,87,85,2,2
52409,85,77,8,8
52410,134,117,17,17
52411,82,75,7,7
52412,46,44,2,2
52413,73,68,5,5
52414,23,31,-8,8
52415,167,147,20,20
52416,116,94,22,22
52417,112,112,0,0
52418,227,208,19,19
52419,108,105,3,3
52420,93,90,3,3
52421,76,76,0,0
52422,75,75,0,0
52423,74,78,-4,4
52424,85,75,10,10
52425,68,70,-2,2
52426,93,85,8,8
52427,143,132,11,11
52428,132,122,10,10
52429,68,69,-1,1
52430,49,57,-8,8
52431,116,104,12,12
52432,87,78,9,9
52433,114,98,16,16
52434,133,121,12,12
52435,81,77,4,4
52436,105,92,13,13
52437,88,88,0,0
52438,158,134,24,24
52439,82,75,7,7
52440,91,90,1,1
52441,158,148,10,10
52442,77,80,-3,3
52443,61,81,-20,20
52444,57,62,-5,5
52445,76,79,-3,3
52446,80,80,0,0
52447,90,96,-6,6
52448,75,69,6,6
52449,105,96,9,9
52450,99,95,4,4
52451,134,130,4,4
52452,70,75,-5,5
52453,139,137,2,2
52454,67,69,-2,2
52455,186,162,24,24
52456,101,95,6,6
52457,142,133,9,9
52458,66,64,2,2
52459,88,81,7,7
52460,79,81,-2,2
52461,80,82,-2,2
52462,103,106,-3,3
52463,133,139,-6,6
52464,21,50,-29,29
52465,98,85,13,13
52466,67,66,1,1
52467,117,133,-16,16
52468,71,70,1,1
52469,45,51,-6,6
52470,90,80,10,10
52471,122,106,16,16
52472,133,122,11,11
52473,70,69,1,1
52474,99,100,-1,1
52475,161,146,15,15
52476,123,112,11,11
52477,116,103,13,13
52478,148,125,23,23
52479,55,46,9,9
52480,107,105,2,2
52481,69,67,2,2
52482,103,115,-12,12
52483,50,53,-3,3
52484,76,75,1,1
52485,98,97,1,1
52486,63,67,-4,4
52487,69,68,1,1
52488,115,108,7,7
52489,64,67,-3,3
52490,80,80,0,0
52491,93,86,7,7
52492,93,91,2,2
52493,107,94,13,13
52494,91,89,2,2
52495,73,84,-11,11
52496,163,142,21,21
52497,82,76,6,6
52498,133,117,16,16
52499,70,80,-10,10
52500,74,73,1,1
52501,72,72,0,0
52502,51,43,8,8
52503,192,160,32,32
52504,59,71,-12,12
52505,69,66,3,3
52506,47,51,-4,4
52507,146,149,-3,3
52508,149,129,20,20
52509,96,105,-9,9
52510,73,67,6,6
52511,143,129,14,14
52512,101,102,-1,1
52513,96,97,-1,1
52514,108,111,-3,3
52515,77,76,1,1
52516,45,54,-9,9
52517,89,92,-3,3
52518,160,144,16,16
52519,97,98,-1,1
52520,82,83,-1,1
52521,80,75,5,5
52522,70,69,1,1
52523,123,109,14,14
52524,109,101,8,8
52525,162,152,10,10
52526,129,121,8,8
52527,80,75,5,5
52528,49,58,-9,9
52529,129,109,20,20
52530,79,75,4,4
52531,89,94,-5,5
52532,92,92,0,0
52533,87,81,6,6
52534,104,92,12,12
52535,106,93,13,13
52536,169,161,8,8
52537,96,104,-8,8
52538,66,69,-3,3
52539,140,134,6,6
52540,128,114,14,14
52541,82,78,4,4
52542,128,114,14,14
52543,109,107,2,2
52544,59,66,-7,7
52545,61,66,-5,5
52546,109,91,18,18
52547,72,77,-5,5
52548,57,66,-9,9
52549,94,97,-3,3
52550,86,85,1,1
52551,57,61,-4,4
52552,142,125,17,17
52553,79,85,-6,6
52554,150,138,12,12
52555,122,128,-6,6
52556,106,107,-1,1
52557,41,40,1,1
52558,218,191,27,27
52559,106,97,9,9
52560,80,75,5,5
52561,87,86,1,1
52562,121,122,-1,1
52563,68,68,0,0
52564,79,79,0,0
52565,63,63,0,0
52566,57,70,-13,13
52567,132,132,0,0
52568,86,86,0,0
52569,92,86,6,6
52570,187,167,20,20
52571,97,91,6,6
52572,135,126,9,9
52573,126,107,19,19
52574,79,78,1,1
52575,69,79,-10,10
52576,142,135,7,7
52577,97,89,8,8
52578,104,106,-2,2
52579,112,111,1,1
52580,168,165,3,3
52581,145,127,18,18
52582,137,126,11,11
52583,142,126,16,16
52584,81,77,4,4
52585,97,91,6,6
52586,90,77,13,13
52587,121,131,-10,10
52588,71,76,-5,5
52589,61,61,0,0
52590,95,108,-13,13
52591,95,112,-17,17
52592,53,63,-10,10
52593,126,124,2,2
52594,72,80,-8,8
52595,86,76,10,10
52596,141,138,3,3
52597,96,100,-4,4
52598,98,101,-3,3
52599,123,115,8,8
52600,46,50,-4,4
52601,95,84,11,11
52602,127,115,12,12
52603,153,129,24,24
52604,115,104,11,11
52605,104,95,9,9
52606,53,59,-6,6
52607,95,86,9,9
52608,88,84,4,4
52609,133,110,23,23
52610,88,83,5,5
52611,25,40,-15,15
52612,142,120,22,22
52613,98,101,-3,3
52614,93,87,6,6
52615,99,90,9,9
52616,152,139,13,13
52617,124,118,6,6
52618,112,113,-1,1
52619,134,117,17,17
52620,104,105,-1,1
52621,86,79,7,7
52622,117,111,6,6
52623,77,79,-2,2
52624,88,88,0,0
52625,72,71,1,1
52626,87,105,-18,18
52627,80,79,1,1
52628,103,100,3,3
52629,136,130,6,6
52630,105,108,-3,3
52631,96,92,4,4
52632,90,81,9,9
52633,53,53,0,0
52634,77,76,1,1
52635,60,61,-1,1
52636,115,118,-3,3
52637,93,86,7,7
52638,91,80,11,11
52639,162,151,11,11
52640,115,103,12,12
52641,148,150,-2,2
52642,68,69,-1,1
52643,79,85,-6,6
52644,53,55,-2,2
52645,60,63,-3,3
52646,63,71,-8,8
52647,102,98,4,4
52648,111,102,9,9
52649,116,111,5,5
52650,50,49,1,1
52651,113,100,13,13
52652,46,60,-14,14
52653,62,62,0,0
52654,112,105,7,7
52655,58,61,-3,3
52656,85,87,-2,2
52657,111,99,12,12
52658,105,102,3,3
52659,113,119,-6,6
52660,174,154,20,20
52661,125,113,12,12
52662,109,102,7,7
52663,67,69,-2,2
52664,76,70,6,6
52665,193,214,-21,21
52666,128,123,5,5
52667,88,79,9,9
52668,70,75,-5,5
52669,63,63,0,0
52670,148,120,28,28
52671,89,92,-3,3
52672,152,145,7,7
52673,62,68,-6,6
52674,141,118,23,23
52675,48,51,-3,3
52676,185,166,19,19
52677,89,85,4,4
52678,87,84,3,3
52679,50,56,-6,6
52680,79,71,8,8
52681,124,128,-4,4
52682,109,100,9,9
52683,54,60,-6,6
52684,90,88,2,2
52685,85,84,1,1
52686,35,95,-60,60
52687,86,81,5,5
52688,47,52,-5,5
52689,103,92,11,11
52690,105,103,2,2
52691,47,60,-13,13
52692,44,49,-5,5
52693,137,123,14,14
52694,69,76,-7,7
52695,47,46,1,1
52696,63,67,-4,4
52697,118,115,3,3
52698,83,86,-3,3
52699,80,92,-12,12
52700,119,97,22,22
52701,107,111,-4,4
52702,100,109,-9,9
52703,96,99,-3,3
52704,90,96,-6,6
52705,136,124,12,12
52706,142,141,1,1
52707,82,81,1,1
52708,64,57,7,7
52709,89,91,-2,2
52710,49,59,-10,10
52711,138,121,17,17
52712,74,67,7,7
52713,55,70,-15,15
52714,147,124,23,23
52715,87,90,-3,3
52716,67,79,-12,12
52717,90,79,11,11
52718,72,88,-16,16
52719,110,102,8,8
52720,166,159,7,7
52721,128,102,26,26
52722,70,76,-6,6
52723,95,95,0,0
52724,58,54,4,4
52725,95,92,3,3
52726,78,79,-1,1
52727,99,103,-4,4
52728,79,73,6,6
52729,96,85,11,11
52730,87,84,3,3
52731,57,67,-10,10
52732,67,67,0,0
52733,84,90,-6,6
52734,73,75,-2,2
52735,77,74,3,3
52736,65,67,-2,2
52737,34,40,-6,6
52738,103,96,7,7
52739,117,118,-1,1
52740,73,67,6,6
52741,121,109,12,12
52742,67,71,-4,4
52743,118,98,20,20
52744,145,138,7,7
52745,83,80,3,3
52746,105,101,4,4
52747,81,71,10,10
52748,92,91,1,1
52749,44,40,4,4
52750,104,100,4,4
52751,45,34,11,11
52752,96,89,7,7
52753,115,114,1,1
52754,91,95,-4,4
52755,64,74,-10,10
52756,63,60,3,3
52757,83,86,-3,3
52758,126,122,4,4
52759,57,67,-10,10
52760,209,183,26,26
52761,153,130,23,23
52762,57,63,-6,6
52763,70,68,2,2
52764,118,121,-3,3
52765,110,109,1,1
52766,63,60,3,3
52767,117,109,8,8
52768,151,123,28,28
52769,135,140,-5,5
52770,75,73,2,2
52771,121,110,11,11
52772,142,141,1,1
52773,107,97,10,10
52774,87,87,0,0
52775,83,85,-2,2
52776,54,46,8,8
52777,120,113,7,7
52778,75,77,-2,2
52779,116,111,5,5
52780,80,80,0,0
52781,132,133,-1,1
52782,61,68,-7,7
52783,70,76,-6,6
52784,57,51,6,6
52785,137,127,10,10
52786,112,96,16,16
52787,77,79,-2,2
52788,78,77,1,1
52789,94,94,0,0
52790,85,85,0,0
52791,61,62,-1,1
52792,80,78,2,2
52793,116,102,14,14
52794,64,82,-18,18
52795,69,73,-4,4
52796,124,105,19,19
52797,78,69,9,9
52798,109,109,0,0
52799,90,84,6,6
52800,148,139,9,9
52801,64,69,-5,5
52802,59,64,-5,5
52803,42,34,8,8
52804,132,121,11,11
52805,132,122,10,10
52806,68,63,5,5
52807,173,170,3,3
52808,73,73,0,0
52809,88,85,3,3
52810,95,89,6,6
52811,56,53,3,3
52812,83,75,8,8
52813,131,131,0,0
52814,65,73,-8,8
52815,77,75,2,2
52816,110,110,0,0
52817,80,107,-27,27
52818,76,69,7,7
52819,73,76,-3,3
52820,66,70,-4,4
52821,149,132,17,17
52822,55,62,-7,7
52823,60,57,3,3
52824,151,142,9,9
52825,112,113,-1,1
52826,67,66,1,1
52827,67,84,-17,17
52828,77,85,-8,8
52829,114,114,0,0
52830,123,127,-4,4
52831,83,80,3,3
52832,42,54,-12,12
52833,104,108,-4,4
52834,90,88,2,2
52835,107,111,-4,4
52836,153,133,20,20
52837,68,68,0,0
52838,41,45,-4,4
52839,82,79,3,3
52840,55,60,-5,5
52841,114,99,15,15
52842,92,86,6,6
52843,90,92,-2,2
52844,70,71,-1,1
52845,75,78,-3,3
52846,112,91,21,21
52847,76,78,-2,2
52848,107,82,25,25
52849,96,92,4,4
52850,107,100,7,7
52851,46,50,-4,4
52852,103,108,-5,5
52853,122,113,9,9
52854,117,108,9,9
52855,69,82,-13,13
52856,100,99,1,1
52857,70,64,6,6
52858,96,102,-6,6
52859,89,85,4,4
52860,112,110,2,2
52861,93,107,-14,14
52862,104,96,8,8
52863,79,76,3,3
52864,150,133,17,17
52865,145,135,10,10
52866,135,130,5,5
52867,61,64,-3,3
52868,75,77,-2,2
52869,63,62,1,1
52870,77,79,-2,2
52871,115,115,0,0
52872,94,90,4,4
52873,60,62,-2,2
52874,99,96,3,3
52875,162,162,0,0
52876,89,91,-2,2
52877,84,88,-4,4
52878,90,96,-6,6
52879,132,121,11,11
52880,106,97,9,9
52881,50,41,9,9
52882,66,64,2,2
52883,153,137,16,16
52884,55,57,-2,2
52885,92,85,7,7
52886,113,111,2,2
52887,54,59,-5,5
52888,132,123,9,9
52889,116,100,16,16
52890,88,207,-119,119
52891,127,118,9,9
52892,80,85,-5,5
52893,125,108,17,17
52894,108,97,11,11
52895,104,100,4,4
52896,62,69,-7,7
52897,76,81,-5,5
52898,77,82,-5,5
52899,120,112,8,8
52900,71,75,-4,4
52901,54,68,-14,14
52902,115,116,-1,1
52903,138,136,2,2
52904,95,86,9,9
52905,31,33,-2,2
52906,46,34,12,12
52907,147,126,21,21
52908,129,131,-2,2
52909,82,72,10,10
52910,81,84,-3,3
52911,62,64,-2,2
52912,140,126,14,14
52913,101,97,4,4
52914,120,104,16,16
52915,48,34,14,14
52916,132,121,11,11
52917,164,144,20,20
52918,48,62,-14,14
52919,81,93,-12,12
52920,74,75,-1,1
52921,79,89,-10,10
52922,97,96,1,1
52923,81,85,-4,4
52924,47,54,-7,7
52925,97,96,1,1
52926,59,68,-9,9
52927,68,66,2,2
52928,67,65,2,2
52929,66,67,-1,1
52930,143,123,20,20
52931,88,85,3,3
52932,96,94,2,2
52933,169,137,32,32
52934,106,92,14,14
52935,106,104,2,2
52936,78,78,0,0
52937,107,107,0,0
52938,132,133,-1,1
52939,88,78,10,10
52940,68,79,-11,11
52941,104,96,8,8
52942,79,79,0,0
52943,96,87,9,9
52944,159,145,14,14
52945,133,132,1,1
52946,81,84,-3,3
52947,67,74,-7,7
52948,86,89,-3,3
52949,75,74,1,1
52950,106,105,1,1
52951,55,65,-10,10
52952,167,144,23,23
52953,33,33,0,0
52954,114,119,-5,5
52955,153,128,25,25
52956,76,78,-2,2
52957,74,80,-6,6
52958,152,147,5,5
52959,176,138,38,38
52960,86,79,7,7
52961,191,158,33,33
52962,116,109,7,7
52963,87,84,3,3
52964,133,125,8,8
52965,131,129,2,2
52966,96,91,5,5
52967,113,112,1,1
52968,52,56,-4,4
52969,68,77,-9,9
52970,110,105,5,5
52971,58,60,-2,2
52972,104,117,-13,13
52973,93,88,5,5
52974,118,116,2,2
52975,92,92,0,0
52976,77,80,-3,3
52977,43,37,6,6
52978,19,33,-14,14
52979,156,133,23,23
52980,145,135,10,10
52981,85,89,-4,4
52982,85,74,11,11
52983,121,108,13,13
52984,76,72,4,4
52985,137,135,2,2
52986,76,76,0,0
52987,91,85,6,6
52988,93,88,5,5
52989,133,133,0,0
52990,128,115,13,13
52991,106,102,4,4
52992,77,78,-1,1
52993,104,96,8,8
52994,82,81,1,1
52995,77,77,0,0
52996,91,100,-9,9
52997,73,96,-23,23
52998,144,128,16,16
52999,103,96,7,7
53000,97,98,-1,1
53001,238,214,24,24
53002,87,81,6,6
53003,135,122,13,13
53004,63,66,-3,3
53005,95,91,4,4
53006,42,34,8,8
53007,69,75,-6,6
53008,98,89,9,9
53009,147,139,8,8
53010,108,110,-2,2
53011,52,56,-4,4
53012,69,68,1,1
53013,92,75,17,17
53014,129,125,4,4
53015,83,83,0,0
53016,108,107,1,1
53017,126,127,-1,1
53018,84,79,5,5
53019,86,74,12,12
53020,82,98,-16,16
53021,88,88,0,0
53022,101,87,14,14
53023,130,114,16,16
53024,83,85,-2,2
53025,118,123,-5,5
53026,106,100,6,6
53027,108,109,-1,1
53028,85,72,13,13
53029,133,120,13,13
53030,77,75,2,2
53031,110,101,9,9
53032,71,83,-12,12
53033,72,76,-4,4
53034,44,41,3,3
53035,69,64,5,5
53036,106,99,7,7
53037,103,98,5,5
53038,82,75,7,7
53039,119,123,-4,4
53040,94,94,0,0
53041,67,67,0,0
53042,81,80,1,1
53043,102,85,17,17
53044,68,64,4,4
53045,154,133,21,21
53046,80,75,5,5
53047,120,107,13,13
53048,59,54,5,5
53049,149,142,7,7
53050,66,72,-6,6
53051,80,69,11,11
53052,61,66,-5,5
53053,40,50,-10,10
53054,80,87,-7,7
53055,54,58,-4,4
53056,90,107,-17,17
53057,107,100,7,7
53058,62,64,-2,2
53059,157,156,1,1
53060,113,103,10,10
53061,107,114,-7,7
53062,87,72,15,15
53063,90,88,2,2
53064,155,138,17,17
53065,37,50,-13,13
53066,66,70,-4,4
53067,92,94,-2,2
53068,74,71,3,3
53069,38,33,5,5
53070,83,74,9,9
53071,90,99,-9,9
53072,262,249,13,13
53073,83,83,0,0
53074,65,64,1,1
53075,84,77,7,7
53076,50,52,-2,2
53077,95,99,-4,4
53078,80,85,-5,5
53079,135,122,13,13
53080,75,72,3,3
53081,79,82,-3,3
53082,179,164,15,15
53083,119,113,6,6
53084,89,78,11,11
53085,58,68,-10,10
53086,98,100,-2,2
53087,58,62,-4,4
53088,62,62,0,0
53089,65,68,-3,3
53090,90,86,4,4
53091,134,118,16,16
53092,61,66,-5,5
53093,142,132,10,10
53094,71,76,-5,5
53095,147,122,25,25
53096,122,115,7,7
53097,151,134,17,17
53098,105,101,4,4
53099,56,60,-4,4
53100,124,123,1,1
53101,140,139,1,1
53102,107,100,7,7
53103,103,105,-2,2
53104,98,87,11,11
53105,63,58,5,5
53106,51,60,-9,9
53107,81,77,4,4
53108,65,73,-8,8
53109,150,138,12,12
53110,134,127,7,7
53111,46,34,12,12
53112,120,104,16,16
53113,80,84,-4,4
53114,93,88,5,5
53115,176,149,27,27
53116,115,119,-4,4
53117,128,123,5,5
53118,143,129,14,14
53119,55,59,-4,4
53120,85,77,8,8
53121,102,93,9,9
53122,54,58,-4,4
53123,151,122,29,29
53124,83,76,7,7
53125,47,48,-1,1
53126,80,76,4,4
53127,126,111,15,15
53128,105,106,-1,1
53129,103,107,-4,4
53130,70,74,-4,4
53131,64,63,1,1
53132,116,109,7,7
53133,124,129,-5,5
53134,89,84,5,5
53135,73,75,-2,2
53136,131,132,-1,1
53137,120,107,13,13
53138,102,94,8,8
53139,88,81,7,7
53140,82,80,2,2
53141,88,84,4,4
53142,135,112,23,23
53143,119,108,11,11
53144,67,73,-6,6
53145,55,52,3,3
53146,170,157,13,13
53147,125,129,-4,4
53148,132,112,20,20
53149,146,138,8,8
53150,83,79,4,4
53151,85,78,7,7
53152,101,97,4,4
53153,84,84,0,0
53154,135,125,10,10
53155,54,55,-1,1
53156,74,64,10,10
53157,72,74,-2,2
53158,112,91,21,21
53159,137,132,5,5
53160,82,74,8,8
53161,121,107,14,14
53162,83,83,0,0
53163,112,115,-3,3
53164,66,62,4,4
53165,90,81,9,9
53166,111,114,-3,3
53167,70,76,-6,6
53168,98,101,-3,3
53169,101,95,6,6
53170,108,94,14,14
53171,77,76,1,1
53172,94,95,-1,1
53173,77,80,-3,3
53174,52,65,-13,13
53175,114,113,1,1
53176,79,78,1,1
53177,43,55,-12,12
53178,110,94,16,16
53179,51,38,13,13
53180,81,80,1,1
53181,122,109,13,13
53182,128,123,5,5
53183,92,104,-12,12
53184,111,104,7,7
53185,106,94,12,12
53186,56,63,-7,7
53187,137,121,16,16
53188,75,70,5,5
53189,71,70,1,1
53190,67,69,-2,2
53191,89,85,4,4
53192,96,94,2,2
53193,106,103,3,3
53194,71,69,2,2
53195,128,111,17,17
53196,63,69,-6,6
53197,82,76,6,6
53198,67,69,-2,2
53199,80,77,3,3
53200,124,113,11,11
53201,117,108,9,9
53202,115,124,-9,9
53203,107,105,2,2
53204,65,68,-3,3
53205,119,113,6,6
53206,88,95,-7,7
53207,53,60,-7,7
53208,156,140,16,16
53209,71,71,0,0
53210,89,87,2,2
53211,88,81,7,7
53212,113,105,8,8
53213,43,50,-7,7
53214,106,103,3,3
53215,85,84,1,1
53216,108,124,-16,16
53217,70,61,9,9
53218,163,146,17,17
53219,102,99,3,3
53220,74,72,2,2
53221,60,63,-3,3
53222,107,99,8,8
53223,59,70,-11,11
53224,90,71,19,19
53225,134,121,13,13
53226,159,144,15,15
53227,99,86,13,13
53228,75,76,-1,1
53229,62,60,2,2
53230,93,89,4,4
53231,101,98,3,3
53232,61,67,-6,6
53233,88,74,14,14
53234,99,104,-5,5
53235,45,50,-5,5
53236,65,70,-5,5
53237,120,107,13,13
53238,85,82,3,3
53239,76,80,-4,4
53240,111,101,10,10
53241,75,75,0,0
53242,96,99,-3,3
53243,134,115,19,19
53244,62,56,6,6
53245,69,63,6,6
53246,95,93,2,2
53247,93,85,8,8
53248,73,73,0,0
53249,89,79,10,10
53250,59,56,3,3
53251,73,68,5,5
53252,115,114,1,1
53253,86,82,4,4
53254,141,152,-11,11
53255,109,123,-14,14
53256,112,98,14,14
53257,74,77,-3,3
53258,57,62,-5,5
53259,61,65,-4,4
53260,104,101,3,3
53261,111,93,18,18
53262,80,80,0,0
53263,107,97,10,10
53264,43,41,2,2
53265,71,77,-6,6
53266,54,59,-5,5
53267,74,80,-6,6
53268,77,73,4,4
53269,86,99,-13,13
53270,65,68,-3,3
53271,103,93,10,10
53272,67,72,-5,5
53273,77,69,8,8
53274,53,63,-10,10
53275,128,115,13,13
53276,75,76,-1,1
53277,111,129,-18,18
53278,94,90,4,4
53279,93,87,6,6
53280,131,112,19,19
53281,61,92,-31,31
53282,69,66,3,3
53283,70,61,9,9
53284,50,55,-5,5
53285,69,67,2,2
53286,101,91,10,10
53287,86,78,8,8
53288,98,93,5,5
53289,140,103,37,37
53290,88,86,2,2
53291,51,55,-4,4
53292,72,75,-3,3
53293,109,108,1,1
53294,67,76,-9,9
53295,114,103,11,11
53296,98,91,7,7
53297,98,103,-5,5
53298,107,111,-4,4
53299,133,138,-5,5
53300,161,154,7,7
53301,161,127,34,34
53302,125,117,8,8
53303,90,89,1,1
53304,112,111,1,1
53305,61,64,-3,3
53306,186,172,14,14
53307,102,107,-5,5
53308,273,248,25,25
53309,125,124,1,1
53310,124,125,-1,1
53311,115,107,8,8
53312,86,84,2,2
53313,67,69,-2,2
53314,90,90,0,0
53315,146,133,13,13
53316,64,66,-2,2
53317,78,75,3,3
53318,73,71,2,2
53319,132,119,13,13
53320,78,79,-1,1
53321,108,112,-4,4
53322,72,70,2,2
53323,112,116,-4,4
53324,110,105,5,5
53325,157,140,17,17
53326,87,83,4,4
53327,63,61,2,2
53328,47,48,-1,1
53329,55,62,-7,7
53330,57,58,-1,1
53331,77,78,-1,1
53332,73,69,4,4
53333,52,57,-5,5
53334,60,77,-17,17
53335,171,175,-4,4
53336,153,139,14,14
53337,128,121,7,7
53338,101,96,5,5
53339,58,60,-2,2
53340,67,65,2,2
53341,58,63,-5,5
53342,69,68,1,1
53343,198,166,32,32
53344,85,78,7,7
53345,96,84,12,12
53346,68,92,-24,24
53347,80,75,5,5
53348,56,64,-8,8
53349,67,68,-1,1
53350,57,60,-3,3
53351,39,34,5,5
53352,81,86,-5,5
53353,117,112,5,5
53354,104,101,3,3
53355,105,105,0,0
53356,83,78,5,5
53357,135,129,6,6
53358,76,68,8,8
53359,122,108,14,14
53360,78,77,1,1
53361,37,34,3,3
53362,134,118,16,16
53363,71,68,3,3
53364,119,111,8,8
53365,23,33,-10,10
53366,145,134,11,11
53367,99,96,3,3
53368,70,77,-7,7
53369,41,63,-22,22
53370,82,87,-5,5
53371,102,93,9,9
53372,64,62,2,2
53373,60,62,-2,2
53374,157,144,13,13
53375,144,123,21,21
53376,107,105,2,2
53377,108,112,-4,4
53378,79,78,1,1
53379,77,85,-8,8
53380,102,94,8,8
53381,62,67,-5,5
53382,87,89,-2,2
53383,156,137,19,19
53384,59,59,0,0
53385,54,61,-7,7
53386,114,115,-1,1
53387,87,98,-11,11
53388,132,128,4,4
53389,135,125,10,10
53390,126,107,19,19
53391,105,105,0,0
53392,95,99,-4,4
53393,101,97,4,4
53394,51,60,-9,9
53395,63,71,-8,8
53396,149,140,9,9
53397,72,65,7,7
53398,147,134,13,13
53399,67,66,1,1
53400,106,109,-3,3
53401,98,100,-2,2
53402,100,92,8,8
53403,93,101,-8,8
53404,69,72,-3,3
53405,116,126,-10,10
53406,88,84,4,4
53407,114,134,-20,20
53408,53,58,-5,5
53409,55,58,-3,3
53410,86,93,-7,7
53411,110,100,10,10
53412,82,79,3,3
53413,87,80,7,7
53414,60,60,0,0
53415,59,63,-4,4
53416,72,64,8,8
53417,99,89,10,10
53418,111,94,17,17
53419,105,106,-1,1
53420,110,101,9,9
53421,56,59,-3,3
53422,126,129,-3,3
53423,75,80,-5,5
53424,56,58,-2,2
53425,119,133,-14,14
53426,98,95,3,3
53427,171,161,10,10
53428,169,139,30,30
53429,126,122,4,4
53430,194,162,32,32
53431,112,101,11,11
53432,73,72,1,1
53433,106,105,1,1
53434,101,85,16,16
53435,119,107,12,12
53436,96,85,11,11
53437,58,61,-3,3
53438,89,92,-3,3
53439,78,75,3,3
53440,85,90,-5,5
53441,87,87,0,0
53442,70,76,-6,6
53443,50,60,-10,10
53444,51,56,-5,5
53445,91,84,7,7
53446,79,79,0,0
53447,98,94,4,4
53448,117,123,-6,6
53449,94,100,-6,6
53450,141,129,12,12
53451,133,130,3,3
53452,48,51,-3,3
53453,121,115,6,6
53454,90,89,1,1
53455,50,61,-11,11
53456,69,76,-7,7
53457,90,103,-13,13
53458,83,81,2,2
53459,89,101,-12,12
53460,84,80,4,4
53461,72,66,6,6
53462,65,69,-4,4
53463,93,89,4,4
53464,70,70,0,0
53465,68,70,-2,2
53466,128,135,-7,7
53467,102,81,21,21
53468,111,109,2,2
53469,54,57,-3,3
53470,94,99,-5,5
53471,102,93,9,9
53472,104,95,9,9
53473,90,88,2,2
53474,96,95,1,1
53475,119,132,-13,13
53476,80,81,-1,1
53477,77,76,1,1
53478,228,264,-36,36
53479,134,111,23,23
53480,140,149,-9,9
53481,47,51,-4,4
53482,113,105,8,8
53483,58,59,-1,1
53484,34,33,1,1
53485,46,39,7,7
53486,68,63,5,5
53487,68,69,-1,1
53488,43,47,-4,4
53489,74,81,-7,7
53490,88,91,-3,3
53491,130,136,-6,6
53492,112,93,19,19
53493,91,87,4,4
53494,70,72,-2,2
53495,137,125,12,12
53496,67,64,3,3
53497,90,79,11,11
53498,137,118,19,19
53499,83,90,-7,7
53500,105,110,-5,5
53501,78,81,-3,3
53502,93,78,15,15
53503,88,80,8,8
53504,65,66,-1,1
53505,105,94,11,11
53506,131,131,0,0
53507,52,52,0,0
53508,48,52,-4,4
53509,127,126,1,1
53510,70,81,-11,11
53511,62,61,1,1
53512,119,116,3,3
53513,75,76,-1,1
53514,90,80,10,10
53515,60,69,-9,9
53516,133,119,14,14
53517,86,80,6,6
53518,77,83,-6,6
53519,81,80,1,1
53520,98,95,3,3
53521,101,102,-1,1
53522,70,73,-3,3
53523,86,76,10,10
53524,111,112,-1,1
53525,99,92,7,7
53526,62,65,-3,3
53527,111,108,3,3
53528,57,61,-4,4
53529,93,89,4,4
53530,77,78,-1,1
53531,122,114,8,8
53532,96,98,-2,2
53533,52,59,-7,7
53534,66,62,4,4
53535,102,95,7,7
53536,79,91,-12,12
53537,83,93,-10,10
53538,90,87,3,3
53539,117,107,10,10
53540,87,87,0,0
53541,127,112,15,15
53542,50,59,-9,9
53543,62,66,-4,4
53544,63,73,-10,10
53545,80,75,5,5
53546,111,127,-16,16
53547,53,34,19,19
53548,105,99,6,6
53549,97,88,9,9
53550,48,44,4,4
53551,66,70,-4,4
53552,113,108,5,5
53553,142,132,10,10
53554,42,34,8,8
53555,55,56,-1,1
53556,111,96,15,15
53557,89,84,5,5
53558,76,87,-11,11
53559,126,111,15,15
53560,103,99,4,4
53561,53,60,-7,7
53562,90,86,4,4
53563,66,62,4,4
53564,60,69,-9,9
53565,49,59,-10,10
53566,230,192,38,38
53567,64,57,7,7
53568,104,102,2,2
53569,82,84,-2,2
53570,157,149,8,8
53571,53,54,-1,1
53572,93,94,-1,1
53573,76,71,5,5
53574,61,68,-7,7
53575,100,91,9,9
53576,52,60,-8,8
53577,69,68,1,1
53578,117,111,6,6
53579,124,117,7,7
53580,100,101,-1,1
53581,149,125,24,24
53582,99,96,3,3
53583,120,105,15,15
53584,79,81,-2,2
53585,177,169,8,8
53586,62,65,-3,3
53587,99,91,8,8
53588,157,142,15,15
53589,117,117,0,0
53590,98,93,5,5
53591,68,69,-1,1
53592,85,80,5,5
53593,91,95,-4,4
53594,106,94,12,12
53595,129,119,10,10
53596,134,119,15,15
53597,85,82,3,3
53598,122,120,2,2
53599,89,86,3,3
53600,46,53,-7,7
53601,91,92,-1,1
53602,136,128,8,8
53603,52,52,0,0
53604,98,101,-3,3
53605,98,86,12,12
53606,129,119,10,10
53607,49,49,0,0
53608,75,74,1,1
53609,70,75,-5,5
53610,102,95,7,7
53611,114,108,6,6
53612,31,34,-3,3
53613,120,110,10,10
53614,108,100,8,8
53615,84,85,-1,1
53616,61,65,-4,4
53617,150,143,7,7
53618,52,78,-26,26
53619,44,48,-4,4
53620,71,78,-7,7
53621,62,67,-5,5
53622,74,76,-2,2
53623,100,95,5,5
53624,83,85,-2,2
53625,82,84,-2,2
53626,149,129,20,20
53627,113,119,-6,6
53628,99,87,12,12
53629,94,93,1,1
53630,77,82,-5,5
53631,116,122,-6,6
53632,154,149,5,5
53633,84,86,-2,2
53634,116,101,15,15
53635,169,153,16,16
53636,126,116,10,10
53637,31,33,-2,2
53638,84,83,1,1
53639,81,76,5,5
53640,109,101,8,8
53641,96,94,2,2
53642,78,78,0,0
53643,100,96,4,4
53644,101,95,6,6
53645,63,70,-7,7
53646,118,113,5,5
53647,119,108,11,11
53648,70,64,6,6
53649,82,74,8,8
53650,57,56,1,1
53651,89,91,-2,2
53652,124,110,14,14
53653,67,71,-4,4
53654,87,77,10,10
53655,115,103,12,12
53656,76,72,4,4
53657,63,67,-4,4
53658,105,96,9,9
53659,77,75,2,2
53660,124,125,-1,1
53661,84,78,6,6
53662,52,47,5,5
53663,55,57,-2,2
53664,120,106,14,14
53665,206,172,34,34
53666,67,73,-6,6
53667,93,93,0,0
53668,67,70,-3,3
53669,71,68,3,3
53670,87,75,12,12
53671,72,69,3,3
53672,108,102,6,6
53673,116,108,8,8
53674,62,60,2,2
53675,61,70,-9,9
53676,57,61,-4,4
53677,100,91,9,9
53678,78,69,9,9
53679,93,92,1,1
53680,102,101,1,1
53681,187,179,8,8
53682,88,77,11,11
53683,100,100,0,0
53684,169,157,12,12
53685,160,162,-2,2
53686,142,130,12,12
53687,146,142,4,4
53688,81,84,-3,3
53689,41,42,-1,1
53690,111,96,15,15
53691,124,110,14,14
53692,114,113,1,1
53693,133,134,-1,1
53694,88,78,10,10
53695,90,85,5,5
53696,76,76,0,0
53697,83,91,-8,8
53698,130,121,9,9
53699,48,62,-14,14
53700,85,95,-10,10
53701,77,75,2,2
53702,130,125,5,5
53703,118,103,15,15
53704,106,99,7,7
53705,67,72,-5,5
53706,111,110,1,1
53707,94,87,7,7
53708,69,70,-1,1
53709,76,92,-16,16
53710,96,89,7,7
53711,84,79,5,5
53712,144,117,27,27
53713,66,76,-10,10
53714,86,83,3,3
53715,56,67,-11,11
53716,103,108,-5,5
53717,154,138,16,16
53718,80,74,6,6
53719,89,88,1,1
53720,63,70,-7,7
53721,90,81,9,9
53722,102,86,16,16
53723,132,127,5,5
53724,103,102,1,1
53725,138,130,8,8
53726,107,98,9,9
53727,84,86,-2,2
53728,158,140,18,18
53729,143,136,7,7
53730,83,84,-1,1
53731,101,93,8,8
53732,42,53,-11,11
53733,156,143,13,13
53734,96,99,-3,3
53735,124,127,-3,3
53736,91,91,0,0
53737,139,128,11,11
53738,80,75,5,5
53739,95,89,6,6
53740,95,86,9,9
53741,83,86,-3,3
53742,88,90,-2,2
53743,120,118,2,2
53744,79,79,0,0
53745,114,105,9,9
53746,54,59,-5,5
53747,72,80,-8,8
53748,122,107,15,15
53749,125,119,6,6
53750,100,94,6,6
53751,90,98,-8,8
53752,92,90,2,2
53753,85,80,5,5
53754,115,110,5,5
53755,76,70,6,6
53756,94,104,-10,10
53757,128,114,14,14
53758,49,82,-33,33
53759,134,122,12,12
53760,114,105,9,9
53761,75,73,2,2
53762,71,68,3,3
53763,131,122,9,9
53764,110,101,9,9
53765,113,101,12,12
53766,79,86,-7,7
53767,90,80,10,10
53768,112,95,17,17
53769,92,91,1,1
53770,141,125,16,16
53771,46,52,-6,6
53772,103,99,4,4
53773,124,121,3,3
53774,98,92,6,6
53775,106,90,16,16
53776,95,84,11,11
53777,50,55,-5,5
53778,98,90,8,8
53779,127,120,7,7
53780,147,137,10,10
53781,136,123,13,13
53782,68,67,1,1
53783,133,127,6,6
53784,112,108,4,4
53785,73,68,5,5
53786,104,104,0,0
53787,118,110,8,8
53788,84,91,-7,7
53789,66,68,-2,2
53790,74,72,2,2
53791,71,65,6,6
53792,122,114,8,8
53793,88,87,1,1
53794,90,91,-1,1
53795,44,51,-7,7
53796,68,82,-14,14
53797,72,77,-5,5
53798,141,130,11,11
53799,84,106,-22,22
53800,120,109,11,11
53801,46,34,12,12
53802,59,61,-2,2
53803,136,126,10,10
53804,47,49,-2,2
53805,57,63,-6,6
53806,64,77,-13,13
53807,114,93,21,21
53808,75,69,6,6
53809,72,75,-3,3
53810,58,57,1,1
53811,70,71,-1,1
53812,146,131,15,15
53813,83,97,-14,14
53814,116,128,-12,12
53815,143,136,7,7
53816,118,102,16,16
53817,200,176,24,24
53818,116,98,18,18
53819,124,110,14,14
53820,142,137,5,5
53821,184,152,32,32
53822,137,126,11,11
53823,76,76,0,0
53824,96,91,5,5
53825,52,54,-2,2
53826,91,80,11,11
53827,55,57,-2,2
53828,95,85,10,10
53829,59,65,-6,6
53830,145,143,2,2
53831,84,72,12,12
53832,112,110,2,2
53833,63,75,-12,12
53834,60,65,-5,5
53835,134,124,10,10
53836,88,82,6,6
53837,72,73,-1,1
53838,107,111,-4,4
53839,74,73,1,1
53840,94,81,13,13
53841,84,77,7,7
53842,55,70,-15,15
53843,30,33,-3,3
53844,31,38,-7,7
53845,77,81,-4,4
53846,74,74,0,0
53847,99,85,14,14
53848,148,137,11,11
53849,70,77,-7,7
53850,86,78,8,8
53851,124,134,-10,10
53852,144,137,7,7
53853,77,71,6,6
53854,117,106,11,11
53855,78,73,5,5
53856,53,64,-11,11
53857,105,95,10,10
53858,79,66,13,13
53859,127,115,12,12
53860,94,85,9,9
53861,159,151,8,8
53862,90,86,4,4
53863,71,73,-2,2
53864,156,139,17,17
53865,140,130,10,10
53866,57,44,13,13
53867,91,89,2,2
53868,61,62,-1,1
53869,91,93,-2,2
53870,54,59,-5,5
53871,78,74,4,4
53872,133,110,23,23
53873,121,106,15,15
53874,151,145,6,6
53875,119,110,9,9
53876,76,104,-28,28
53877,98,89,9,9
53878,97,93,4,4
53879,41,34,7,7
53880,149,155,-6,6
53881,119,115,4,4
53882,80,78,2,2
53883,67,66,1,1
53884,70,73,-3,3
53885,120,107,13,13
53886,125,120,5,5
53887,76,76,0,0
53888,77,84,-7,7
53889,89,89,0,0
53890,63,61,2,2
53891,163,148,15,15
53892,51,45,6,6
53893,68,66,2,2
53894,131,126,5,5
53895,109,105,4,4
53896,61,58,3,3
53897,118,124,-6,6
53898,103,100,3,3
53899,137,118,19,19
53900,93,85,8,8
53901,116,98,18,18
53902,61,66,-5,5
53903,80,83,-3,3
53904,88,85,3,3
53905,121,125,-4,4
53906,63,68,-5,5
53907,150,139,11,11
53908,130,122,8,8
53909,112,105,7,7
53910,48,57,-9,9
53911,159,150,9,9
53912,75,72,3,3
53913,66,71,-5,5
53914,75,75,0,0
53915,70,69,1,1
53916,80,76,4,4
53917,95,92,3,3
53918,57,49,8,8
53919,79,73,6,6
53920,69,67,2,2
53921,60,57,3,3
53922,115,102,13,13
53923,121,93,28,28
53924,71,64,7,7
53925,88,79,9,9
53926,97,93,4,4
53927,56,62,-6,6
53928,107,96,11,11
53929,35,34,1,1
53930,112,110,2,2
53931,74,78,-4,4
53932,80,78,2,2
53933,89,100,-11,11
53934,81,88,-7,7
53935,142,134,8,8
53936,109,108,1,1
53937,118,98,20,20
53938,93,87,6,6
53939,127,119,8,8
53940,84,82,2,2
53941,135,130,5,5
53942,128,123,5,5
53943,88,80,8,8
53944,77,82,-5,5
53945,73,80,-7,7
53946,92,83,9,9
53947,163,157,6,6
53948,117,104,13,13
53949,186,172,14,14
53950,118,119,-1,1
53951,79,68,11,11
53952,81,83,-2,2
53953,114,124,-10,10
53954,83,80,3,3
53955,89,76,13,13
53956,139,134,5,5
53957,85,86,-1,1
53958,52,58,-6,6
53959,112,98,14,14
53960,79,81,-2,2
53961,90,81,9,9
53962,102,100,2,2
53963,86,85,1,1
53964,83,80,3,3
53965,149,133,16,16
53966,50,56,-6,6
53967,73,72,1,1
53968,66,67,-1,1
53969,106,106,0,0
53970,78,71,7,7
53971,85,85,0,0
53972,97,104,-7,7
53973,50,49,1,1
53974,126,132,-6,6
53975,83,88,-5,5
53976,98,92,6,6
53977,75,74,1,1
53978,93,89,4,4
53979,143,129,14,14
53980,142,122,20,20
53981,55,64,-9,9
53982,68,67,1,1
53983,61,62,-1,1
53984,68,67,1,1
53985,119,98,21,21
53986,85,82,3,3
53987,56,54,2,2
53988,105,108,-3,3
53989,74,74,0,0
53990,61,62,-1,1
53991,125,119,6,6
53992,49,49,0,0
53993,117,119,-2,2
53994,109,108,1,1
53995,108,119,-11,11
53996,153,154,-1,1
53997,59,58,1,1
53998,173,154,19,19
53999,90,86,4,4
54000,102,96,6,6
54001,53,58,-5,5
54002,91,93,-2,2
54003,162,127,35,35
54004,129,122,7,7
54005,110,100,10,10
54006,80,73,7,7
54007,94,84,10,10
54008,107,98,9,9
54009,57,63,-6,6
54010,109,105,4,4
54011,73,74,-1,1
54012,229,198,31,31
54013,170,161,9,9
54014,70,63,7,7
54015,104,103,1,1
54016,83,80,3,3
54017,101,94,7,7
54018,86,86,0,0
54019,108,107,1,1
54020,96,94,2,2
54021,80,82,-2,2
54022,68,71,-3,3
54023,91,84,7,7
54024,112,110,2,2
54025,122,114,8,8
54026,132,118,14,14
54027,96,93,3,3
54028,81,85,-4,4
54029,80,92,-12,12
54030,101,92,9,9
54031,117,111,6,6
54032,100,94,6,6
54033,83,93,-10,10
54034,93,91,2,2
54035,103,100,3,3
54036,48,53,-5,5
54037,110,99,11,11
54038,128,114,14,14
54039,37,34,3,3
54040,110,115,-5,5
54041,94,90,4,4
54042,127,135,-8,8
54043,70,67,3,3
54044,112,104,8,8
54045,189,183,6,6
54046,95,99,-4,4
54047,123,125,-2,2
54048,152,145,7,7
54049,85,81,4,4
54050,60,66,-6,6
54051,74,69,5,5
54052,89,88,1,1
54053,97,92,5,5
54054,159,139,20,20
54055,90,88,2,2
54056,76,76,0,0
54057,83,93,-10,10
54058,71,81,-10,10
54059,105,90,15,15
54060,102,98,4,4
54061,161,140,21,21
54062,123,105,18,18
54063,85,84,1,1
54064,41,34,7,7
54065,165,148,17,17
54066,60,92,-32,32
54067,123,119,4,4
54068,59,58,1,1
54069,51,44,7,7
54070,160,153,7,7
54071,134,140,-6,6
54072,87,90,-3,3
54073,91,90,1,1
54074,52,58,-6,6
54075,111,101,10,10
54076,139,144,-5,5
54077,65,72,-7,7
54078,96,90,6,6
54079,92,86,6,6
54080,77,85,-8,8
54081,106,109,-3,3
54082,194,178,16,16
54083,127,119,8,8
54084,121,103,18,18
54085,140,144,-4,4
54086,129,124,5,5
54087,59,63,-4,4
54088,82,89,-7,7
54089,59,64,-5,5
54090,98,94,4,4
54091,214,181,33,33
54092,107,102,5,5
54093,122,121,1,1
54094,75,72,3,3
54095,52,52,0,0
54096,129,115,14,14
54097,59,62,-3,3
54098,64,61,3,3
54099,144,129,15,15
54100,99,94,5,5
54101,156,138,18,18
54102,173,162,11,11
54103,82,80,2,2
54104,145,125,20,20
54105,105,96,9,9
54106,102,109,-7,7
54107,69,69,0,0
54108,51,52,-1,1
54109,44,47,-3,3
54110,30,34,-4,4
54111,118,102,16,16
54112,85,78,7,7
54113,70,70,0,0
54114,61,69,-8,8
54115,69,66,3,3
54116,81,80,1,1
54117,68,64,4,4
54118,149,137,12,12
54119,47,64,-17,17
54120,53,61,-8,8
54121,143,133,10,10
54122,91,95,-4,4
54123,93,91,2,2
54124,45,49,-4,4
54125,122,113,9,9
54126,112,102,10,10
54127,165,145,20,20
54128,57,64,-7,7
54129,101,102,-1,1
54130,54,59,-5,5
54131,55,57,-2,2
54132,74,69,5,5
54133,95,90,5,5
54134,58,88,-30,30
54135,114,122,-8,8
54136,73,91,-18,18
54137,81,76,5,5
54138,63,60,3,3
54139,139,143,-4,4
54140,96,91,5,5
54141,111,105,6,6
54142,157,138,19,19
54143,167,160,7,7
54144,166,137,29,29
54145,115,115,0,0
54146,80,75,5,5
54147,166,137,29,29
54148,89,83,6,6
54149,69,66,3,3
54150,34,34,0,0
54151,92,86,6,6
54152,81,85,-4,4
54153,131,126,5,5
54154,65,69,-4,4
54155,107,104,3,3
54156,61,66,-5,5
54157,77,84,-7,7
54158,92,92,0,0
54159,175,168,7,7
54160,154,148,6,6
54161,101,99,2,2
54162,96,90,6,6
54163,82,80,2,2
54164,72,69,3,3
54165,60,64,-4,4
54166,137,120,17,17
54167,44,52,-8,8
54168,77,71,6,6
54169,111,104,7,7
54170,41,54,-13,13
54171,119,104,15,15
54172,83,84,-1,1
54173,108,98,10,10
54174,128,108,20,20
54175,76,86,-10,10
54176,41,52,-11,11
54177,79,79,0,0
54178,175,161,14,14
54179,115,102,13,13
54180,87,92,-5,5
54181,136,118,18,18
54182,76,73,3,3
54183,107,113,-6,6
54184,86,94,-8,8
54185,118,106,12,12
54186,98,93,5,5
54187,73,72,1,1
54188,176,157,19,19
54189,110,96,14,14
54190,73,70,3,3
54191,73,74,-1,1
54192,109,112,-3,3
54193,96,99,-3,3
54194,128,115,13,13
54195,65,64,1,1
54196,81,84,-3,3
54197,76,74,2,2
54198,81,85,-4,4
54199,55,48,7,7
54200,93,90,3,3
54201,138,136,2,2
54202,127,115,12,12
54203,110,87,23,23
54204,97,91,6,6
54205,106,109,-3,3
54206,70,73,-3,3
54207,84,97,-13,13
54208,103,95,8,8
54209,109,97,12,12
54210,82,77,5,5
54211,82,83,-1,1
54212,75,72,3,3
54213,96,89,7,7
54214,74,75,-1,1
54215,50,53,-3,3
54216,80,74,6,6
54217,129,134,-5,5
54218,127,124,3,3
54219,101,109,-8,8
54220,94,87,7,7
54221,80,81,-1,1
54222,51,53,-2,2
54223,98,96,2,2
54224,93,95,-2,2
54225,138,134,4,4
54226,127,111,16,16
54227,115,106,9,9
54228,57,61,-4,4
54229,62,63,-1,1
54230,125,122,3,3
54231,74,83,-9,9
54232,104,93,11,11
54233,112,108,4,4
54234,101,93,8,8
54235,81,70,11,11
54236,58,64,-6,6
54237,98,86,12,12
54238,60,59,1,1
54239,60,64,-4,4
54240,119,105,14,14
54241,92,89,3,3
54242,79,84,-5,5
54243,72,72,0,0
54244,59,66,-7,7
54245,53,57,-4,4
54246,133,122,11,11
54247,81,93,-12,12
54248,167,147,20,20
54249,110,102,8,8
54250,62,64,-2,2
54251,77,74,3,3
54252,81,91,-10,10
54253,108,89,19,19
54254,107,96,11,11
54255,56,59,-3,3
54256,74,71,3,3
54257,55,70,-15,15
54258,41,34,7,7
54259,95,87,8,8
54260,80,84,-4,4
54261,107,103,4,4
54262,89,87,2,2
54263,69,70,-1,1
54264,89,82,7,7
54265,125,111,14,14
54266,139,135,4,4
54267,63,64,-1,1
54268,79,81,-2,2
54269,111,115,-4,4
54270,80,81,-1,1
54271,89,92,-3,3
54272,65,63,2,2
54273,139,125,14,14
54274,105,98,7,7
54275,59,60,-1,1
54276,108,96,12,12
54277,71,73,-2,2
54278,57,67,-10,10
54279,65,67,-2,2
54280,66,64,2,2
54281,171,165,6,6
54282,69,88,-19,19
54283,137,117,20,20
54284,62,67,-5,5
54285,92,90,2,2
54286,87,77,10,10
54287,131,120,11,11
54288,160,158,2,2
54289,78,85,-7,7
54290,82,90,-8,8
54291,152,164,-12,12
54292,34,33,1,1
54293,80,88,-8,8
54294,201,187,14,14
54295,89,85,4,4
54296,88,90,-2,2
54297,137,127,10,10
54298,58,62,-4,4
54299,87,98,-11,11
54300,106,103,3,3
54301,67,68,-1,1
54302,57,55,2,2
54303,83,75,8,8
54304,105,91,14,14
54305,187,158,29,29
54306,92,88,4,4
54307,43,34,9,9
54308,130,128,2,2
54309,103,94,9,9
54310,79,79,0,0
54311,176,162,14,14
54312,120,108,12,12
54313,75,74,1,1
54314,75,70,5,5
54315,77,71,6,6
54316,87,84,3,3
54317,49,59,-10,10
54318,164,136,28,28
54319,142,128,14,14
54320,136,126,10,10
54321,51,58,-7,7
54322,79,78,1,1
54323,173,160,13,13
54324,118,110,8,8
54325,75,74,1,1
54326,87,91,-4,4
54327,66,64,2,2
54328,67,71,-4,4
54329,124,112,12,12
54330,62,65,-3,3
54331,88,96,-8,8
54332,87,84,3,3
54333,125,125,0,0
54334,107,85,22,22
54335,65,63,2,2
54336,50,58,-8,8
54337,80,73,7,7
54338,166,153,13,13
54339,142,130,12,12
54340,171,158,13,13
54341,57,58,-1,1
54342,87,88,-1,1
54343,106,96,10,10
54344,95,99,-4,4
54345,108,95,13,13
54346,105,94,11,11
54347,112,104,8,8
54348,101,88,13,13
54349,89,83,6,6
54350,49,57,-8,8
54351,84,80,4,4
54352,101,102,-1,1
54353,66,66,0,0
54354,83,79,4,4
54355,58,58,0,0
54356,85,86,-1,1
54357,91,113,-22,22
54358,53,68,-15,15
54359,94,94,0,0
54360,97,85,12,12
54361,76,73,3,3
54362,45,59,-14,14
54363,49,52,-3,3
54364,150,141,9,9
54365,104,94,10,10
54366,111,112,-1,1
54367,68,63,5,5
54368,93,94,-1,1
54369,100,97,3,3
54370,107,103,4,4
54371,121,117,4,4
54372,60,69,-9,9
54373,134,128,6,6
54374,127,118,9,9
54375,76,79,-3,3
54376,122,104,18,18
54377,71,68,3,3
54378,73,81,-8,8
54379,74,70,4,4
54380,133,124,9,9
54381,78,73,5,5
54382,60,74,-14,14
54383,112,122,-10,10
54384,87,92,-5,5
54385,105,93,12,12
54386,62,68,-6,6
54387,76,72,4,4
54388,124,111,13,13
54389,108,110,-2,2
54390,63,64,-1,1
54391,192,173,19,19
54392,63,76,-13,13
54393,94,92,2,2
54394,76,92,-16,16
54395,153,144,9,9
54396,145,134,11,11
54397,118,121,-3,3
54398,144,143,1,1
54399,80,86,-6,6
54400,81,78,3,3
54401,167,140,27,27
54402,112,88,24,24
54403,87,91,-4,4
54404,114,83,31,31
54405,96,94,2,2
54406,72,70,2,2
54407,148,143,5,5
54408,105,104,1,1
54409,138,141,-3,3
54410,80,80,0,0
54411,79,85,-6,6
54412,92,84,8,8
54413,104,101,3,3
54414,60,72,-12,12
54415,179,158,21,21
54416,86,83,3,3
54417,32,45,-13,13
54418,134,109,25,25
54419,71,70,1,1
54420,93,93,0,0
54421,112,106,6,6
54422,117,110,7,7
54423,112,107,5,5
54424,83,85,-2,2
54425,111,108,3,3
54426,143,133,10,10
54427,84,81,3,3
54428,58,65,-7,7
54429,78,78,0,0
54430,116,100,16,16
54431,120,106,14,14
54432,102,91,11,11
54433,155,81,74,74
54434,106,104,2,2
54435,79,72,7,7
54436,111,112,-1,1
54437,72,71,1,1
54438,59,61,-2,2
54439,139,142,-3,3
54440,119,107,12,12
54441,100,93,7,7
54442,59,70,-11,11
54443,67,74,-7,7
54444,149,148,1,1
54445,74,73,1,1
54446,96,97,-1,1
54447,196,189,7,7
54448,144,136,8,8
54449,101,95,6,6
54450,80,94,-14,14
54451,76,84,-8,8
54452,96,94,2,2
54453,112,102,10,10
54454,73,93,-20,20
54455,126,118,8,8
54456,92,89,3,3
54457,125,127,-2,2
54458,64,68,-4,4
54459,146,137,9,9
54460,77,92,-15,15
54461,148,138,10,10
54462,126,118,8,8
54463,95,96,-1,1
54464,58,57,1,1
54465,146,129,17,17
54466,148,131,17,17
54467,104,105,-1,1
54468,129,116,13,13
54469,60,56,4,4
54470,83,79,4,4
54471,67,58,9,9
54472,132,118,14,14
54473,82,88,-6,6
54474,34,53,-19,19
54475,76,83,-7,7
54476,116,117,-1,1
54477,119,119,0,0
54478,96,96,0,0
54479,138,124,14,14
54480,80,77,3,3
54481,109,106,3,3
54482,103,94,9,9
54483,57,66,-9,9
54484,41,34,7,7
54485,121,114,7,7
54486,87,82,5,5
54487,125,118,7,7
54488,82,89,-7,7
54489,36,34,2,2
54490,63,60,3,3
54491,112,104,8,8
54492,90,81,9,9
54493,110,114,-4,4
54494,184,163,21,21
54495,97,98,-1,1
54496,64,70,-6,6
54497,115,100,15,15
54498,85,80,5,5
54499,60,62,-2,2
54500,68,76,-8,8
54501,118,110,8,8
54502,56,67,-11,11
54503,49,67,-18,18
54504,92,93,-1,1
54505,62,63,-1,1
54506,131,118,13,13
54507,125,119,6,6
54508,146,143,3,3
54509,78,78,0,0
54510,69,67,2,2
54511,76,72,4,4
54512,66,67,-1,1
54513,71,74,-3,3
54514,97,100,-3,3
54515,264,256,8,8
54516,38,40,-2,2
54517,134,136,-2,2
54518,70,67,3,3
54519,67,68,-1,1
54520,128,118,10,10
54521,138,104,34,34
54522,101,110,-9,9
54523,76,75,1,1
54524,42,52,-10,10
54525,138,118,20,20
54526,126,111,15,15
54527,80,76,4,4
54528,61,60,1,1
54529,105,94,11,11
54530,113,107,6,6
54531,96,95,1,1
54532,97,95,2,2
54533,74,86,-12,12
54534,129,125,4,4
54535,83,76,7,7
54536,87,80,7,7
54537,72,69,3,3
54538,120,108,12,12
54539,95,113,-18,18
54540,62,66,-4,4
54541,54,60,-6,6
54542,80,85,-5,5
54543,109,95,14,14
54544,90,80,10,10
54545,30,30,0,0
54546,103,97,6,6
54547,91,98,-7,7
54548,92,81,11,11
54549,79,85,-6,6
54550,120,112,8,8
54551,131,121,10,10
54552,91,91,0,0
54553,64,65,-1,1
54554,106,102,4,4
54555,81,81,0,0
54556,86,80,6,6
54557,190,183,7,7
54558,80,77,3,3
54559,108,112,-4,4
54560,136,137,-1,1
54561,84,82,2,2
54562,122,117,5,5
54563,80,75,5,5
54564,80,74,6,6
54565,143,133,10,10
54566,31,34,-3,3
54567,96,90,6,6
54568,74,67,7,7
54569,130,119,11,11
54570,99,93,6,6
54571,90,94,-4,4
54572,89,82,7,7
54573,122,105,17,17
54574,116,111,5,5
54575,111,111,0,0
54576,129,120,9,9
54577,97,97,0,0
54578,122,102,20,20
54579,94,112,-18,18
54580,78,81,-3,3
54581,101,95,6,6
54582,77,82,-5,5
54583,99,105,-6,6
54584,91,105,-14,14
54585,74,74,0,0
54586,120,111,9,9
54587,109,99,10,10
54588,54,62,-8,8
54589,105,93,12,12
54590,140,142,-2,2
54591,175,158,17,17
54592,103,93,10,10
54593,80,82,-2,2
54594,71,75,-4,4
54595,101,94,7,7
54596,91,92,-1,1
54597,75,84,-9,9
54598,51,57,-6,6
54599,59,62,-3,3
54600,108,99,9,9
54601,198,170,28,28
54602,48,36,12,12
54603,117,110,7,7
54604,44,36,8,8
54605,105,101,4,4
54606,78,79,-1,1
54607,92,98,-6,6
54608,89,83,6,6
54609,68,67,1,1
54610,50,56,-6,6
54611,83,76,7,7
54612,71,69,2,2
54613,96,114,-18,18
54614,146,132,14,14
54615,134,105,29,29
54616,73,86,-13,13
54617,84,107,-23,23
54618,86,87,-1,1
54619,152,137,15,15
54620,59,63,-4,4
54621,183,168,15,15
54622,50,57,-7,7
54623,83,80,3,3
54624,103,93,10,10
54625,63,65,-2,2
54626,58,62,-4,4
54627,79,75,4,4
54628,65,90,-25,25
54629,50,60,-10,10
54630,89,78,11,11
54631,132,115,17,17
54632,91,96,-5,5
54633,79,79,0,0
54634,89,78,11,11
54635,117,117,0,0
54636,89,82,7,7
54637,109,111,-2,2
54638,124,115,9,9
54639,97,90,7,7
54640,131,127,4,4
54641,86,84,2,2
54642,77,78,-1,1
54643,96,95,1,1
54644,94,90,4,4
54645,74,71,3,3
54646,129,120,9,9
54647,104,97,7,7
54648,113,118,-5,5
54649,99,97,2,2
54650,63,51,12,12
54651,95,92,3,3
54652,68,77,-9,9
54653,194,160,34,34
54654,99,104,-5,5
54655,123,130,-7,7
54656,119,109,10,10
54657,108,93,15,15
54658,66,80,-14,14
54659,60,64,-4,4
54660,58,64,-6,6
54661,183,164,19,19
54662,190,177,13,13
54663,165,143,22,22
54664,80,86,-6,6
54665,166,153,13,13
54666,123,123,0,0
54667,131,127,4,4
54668,62,68,-6,6
54669,83,71,12,12
54670,125,110,15,15
54671,103,104,-1,1
54672,101,102,-1,1
54673,95,88,7,7
54674,59,64,-5,5
54675,107,97,10,10
54676,79,70,9,9
54677,87,80,7,7
54678,84,85,-1,1
54679,67,68,-1,1
54680,75,70,5,5
54681,85,79,6,6
54682,89,80,9,9
54683,105,113,-8,8
54684,71,71,0,0
54685,150,128,22,22
54686,59,62,-3,3
54687,86,81,5,5
54688,85,83,2,2
54689,110,108,2,2
54690,76,70,6,6
54691,100,97,3,3
54692,109,96,13,13
54693,110,104,6,6
54694,97,102,-5,5
54695,109,107,2,2
54696,188,170,18,18
54697,52,59,-7,7
54698,56,63,-7,7
54699,87,85,2,2
54700,72,72,0,0
54701,171,158,13,13
54702,109,101,8,8
54703,86,86,0,0
54704,140,128,12,12
54705,113,104,9,9
54706,89,85,4,4
54707,102,95,7,7
54708,82,77,5,5
54709,87,81,6,6
54710,85,87,-2,2
54711,150,134,16,16
54712,151,130,21,21
54713,65,74,-9,9
54714,150,140,10,10
54715,102,98,4,4
54716,88,84,4,4
54717,108,109,-1,1
54718,38,49,-11,11
54719,123,117,6,6
54720,92,79,13,13
54721,120,109,11,11
54722,108,98,10,10
54723,72,66,6,6
54724,62,58,4,4
54725,105,101,4,4
54726,71,84,-13,13
54727,99,88,11,11
54728,88,87,1,1
54729,79,87,-8,8
54730,86,84,2,2
54731,116,99,17,17
54732,74,79,-5,5
54733,93,95,-2,2
54734,198,173,25,25
54735,96,90,6,6
54736,78,76,2,2
54737,57,57,0,0
54738,45,52,-7,7
54739,140,131,9,9
54740,76,74,2,2
54741,88,90,-2,2
54742,127,123,4,4
54743,50,60,-10,10
54744,101,104,-3,3
54745,71,78,-7,7
54746,141,124,17,17
54747,110,115,-5,5
54748,144,127,17,17
54749,114,117,-3,3
54750,66,65,1,1
54751,90,96,-6,6
54752,83,78,5,5
54753,143,122,21,21
54754,81,76,5,5
54755,41,34,7,7
54756,165,152,13,13
54757,92,95,-3,3
54758,43,69,-26,26
54759,84,75,9,9
54760,58,71,-13,13
54761,74,68,6,6
54762,102,84,18,18
54763,62,73,-11,11
54764,115,103,12,12
54765,93,98,-5,5
54766,155,135,20,20
54767,173,167,6,6
54768,145,133,12,12
54769,75,75,0,0
54770,116,102,14,14
54771,114,115,-1,1
54772,115,113,2,2
54773,123,114,9,9
54774,86,98,-12,12
54775,95,88,7,7
54776,59,61,-2,2
54777,123,117,6,6
54778,111,111,0,0
54779,109,124,-15,15
54780,92,89,3,3
54781,118,126,-8,8
54782,42,39,3,3
54783,65,68,-3,3
54784,74,73,1,1
54785,144,141,3,3
54786,139,127,12,12
54787,71,74,-3,3
54788,66,66,0,0
54789,81,80,1,1
54790,103,106,-3,3
54791,65,64,1,1
54792,137,144,-7,7
54793,86,90,-4,4
54794,64,48,16,16
54795,96,93,3,3
54796,76,88,-12,12
54797,56,59,-3,3
54798,59,63,-4,4
54799,70,72,-2,2
54800,79,75,4,4
54801,92,85,7,7
54802,64,72,-8,8
54803,141,138,3,3
54804,111,106,5,5
54805,123,106,17,17
54806,55,63,-8,8
54807,58,60,-2,2
54808,105,85,20,20
54809,124,107,17,17
54810,76,73,3,3
54811,72,88,-16,16
54812,68,74,-6,6
54813,39,46,-7,7
54814,83,74,9,9
54815,90,84,6,6
54816,84,75,9,9
54817,131,113,18,18
54818,100,88,12,12
54819,68,70,-2,2
54820,199,172,27,27
54821,111,104,7,7
54822,63,62,1,1
54823,112,105,7,7
54824,58,63,-5,5
54825,167,155,12,12
54826,167,150,17,17
54827,204,180,24,24
54828,88,89,-1,1
54829,112,113,-1,1
54830,109,105,4,4
54831,74,64,10,10
54832,118,115,3,3
54833,114,109,5,5
54834,52,57,-5,5
54835,79,78,1,1
54836,63,62,1,1
54837,34,34,0,0
54838,75,74,1,1
54839,66,66,0,0
54840,165,166,-1,1
54841,140,106,34,34
54842,68,71,-3,3
54843,119,107,12,12
54844,109,105,4,4
54845,79,77,2,2
54846,96,84,12,12
54847,96,89,7,7
54848,58,59,-1,1
54849,99,95,4,4
54850,68,75,-7,7
54851,61,59,2,2
54852,89,91,-2,2
54853,135,124,11,11
54854,60,64,-4,4
54855,92,90,2,2
54856,84,77,7,7
54857,84,85,-1,1
54858,94,90,4,4
54859,101,105,-4,4
54860,119,111,8,8
54861,139,142,-3,3
54862,84,83,1,1
54863,204,162,42,42
54864,97,93,4,4
54865,79,87,-8,8
54866,101,101,0,0
54867,86,83,3,3
54868,84,79,5,5
54869,67,69,-2,2
54870,98,95,3,3
54871,79,76,3,3
54872,90,79,11,11
54873,62,64,-2,2
54874,65,68,-3,3
54875,62,69,-7,7
54876,41,34,7,7
54877,140,122,18,18
54878,167,149,18,18
54879,129,122,7,7
54880,170,180,-10,10
54881,76,75,1,1
54882,88,84,4,4
54883,57,59,-2,2
54884,55,61,-6,6
54885,81,77,4,4
54886,142,131,11,11
54887,118,107,11,11
54888,66,64,2,2
54889,61,67,-6,6
54890,97,96,1,1
54891,88,86,2,2
54892,101,97,4,4
54893,64,63,1,1
54894,116,108,8,8
54895,90,80,10,10
54896,87,96,-9,9
54897,98,86,12,12
54898,111,110,1,1
54899,67,63,4,4
54900,51,59,-8,8
54901,123,121,2,2
54902,59,66,-7,7
54903,67,64,3,3
54904,48,53,-5,5
54905,52,65,-13,13
54906,180,178,2,2
54907,61,64,-3,3
54908,162,145,17,17
54909,76,80,-4,4
54910,57,60,-3,3
54911,90,86,4,4
54912,55,65,-10,10
54913,103,108,-5,5
54914,72,79,-7,7
54915,70,62,8,8
54916,154,137,17,17
54917,113,112,1,1
54918,108,103,5,5
54919,50,67,-17,17
54920,45,63,-18,18
54921,71,66,5,5
54922,132,122,10,10
54923,164,151,13,13
54924,100,97,3,3
54925,46,40,6,6
54926,85,78,7,7
54927,88,79,9,9
54928,107,106,1,1
54929,84,79,5,5
54930,48,51,-3,3
54931,98,97,1,1
54932,154,142,12,12
54933,115,112,3,3
54934,69,73,-4,4
54935,47,55,-8,8
54936,79,72,7,7
54937,74,70,4,4
54938,77,82,-5,5
54939,52,58,-6,6
54940,146,134,12,12
54941,74,80,-6,6
54942,122,114,8,8
54943,83,102,-19,19
54944,134,104,30,30
54945,113,111,2,2
54946,113,103,10,10
54947,100,112,-12,12
54948,77,74,3,3
54949,91,87,4,4
54950,112,139,-27,27
54951,109,98,11,11
54952,97,91,6,6
54953,156,145,11,11
54954,128,116,12,12
54955,88,93,-5,5
54956,68,70,-2,2
54957,69,71,-2,2
54958,137,130,7,7
54959,68,77,-9,9
54960,65,68,-3,3
54961,93,87,6,6
54962,58,60,-2,2
54963,55,65,-10,10
54964,121,113,8,8
54965,133,134,-1,1
54966,50,54,-4,4
54967,228,203,25,25
54968,101,90,11,11
54969,51,54,-3,3
54970,89,84,5,5
54971,63,75,-12,12
54972,70,83,-13,13
54973,41,34,7,7
54974,114,105,9,9
54975,65,69,-4,4
54976,83,83,0,0
54977,61,62,-1,1
54978,68,71,-3,3
54979,107,103,4,4
54980,70,142,-72,72
54981,122,102,20,20
54982,44,48,-4,4
54983,138,132,6,6
54984,178,168,10,10
54985,94,86,8,8
54986,107,93,14,14
54987,63,65,-2,2
54988,84,95,-11,11
54989,124,113,11,11
54990,68,81,-13,13
54991,78,80,-2,2
54992,177,161,16,16
54993,49,61,-12,12
54994,60,59,1,1
54995,63,75,-12,12
54996,39,63,-24,24
54997,88,88,0,0
54998,150,142,8,8
54999,105,97,8,8
55000,88,80,8,8
55001,58,41,17,17
55002,47,50,-3,3
55003,135,117,18,18
55004,101,91,10,10
55005,61,64,-3,3
55006,114,101,13,13
55007,75,73,2,2
55008,88,79,9,9
55009,69,67,2,2
55010,95,84,11,11
55011,120,128,-8,8
55012,148,152,-4,4
55013,80,78,2,2
55014,54,58,-4,4
55015,85,84,1,1
55016,123,87,36,36
55017,101,97,4,4
55018,108,111,-3,3
55019,62,66,-4,4
55020,68,81,-13,13
55021,55,60,-5,5
55022,103,100,3,3
55023,115,104,11,11
55024,94,89,5,5
55025,77,77,0,0
55026,146,126,20,20
55027,62,66,-4,4
55028,57,62,-5,5
55029,204,183,21,21
55030,52,64,-12,12
55031,111,121,-10,10
55032,67,65,2,2
55033,116,109,7,7
55034,168,159,9,9
55035,47,47,0,0
55036,75,69,6,6
55037,92,93,-1,1
55038,139,138,1,1
55039,130,133,-3,3
55040,118,105,13,13
55041,72,74,-2,2
55042,90,91,-1,1
55043,104,79,25,25
55044,99,101,-2,2
55045,98,93,5,5
55046,84,88,-4,4
55047,106,90,16,16
55048,69,69,0,0
55049,72,76,-4,4
55050,86,82,4,4
55051,122,107,15,15
55052,103,88,15,15
55053,113,114,-1,1
55054,70,63,7,7
55055,73,92,-19,19
55056,79,76,3,3
55057,102,92,10,10
55058,79,75,4,4
55059,67,68,-1,1
55060,61,63,-2,2
55061,78,82,-4,4
55062,83,78,5,5
55063,91,83,8,8
55064,49,60,-11,11
55065,64,64,0,0
55066,76,76,0,0
55067,155,145,10,10
55068,90,87,3,3
55069,78,109,-31,31
55070,67,73,-6,6
55071,112,107,5,5
55072,90,88,2,2
55073,98,96,2,2
55074,93,91,2,2
55075,103,100,3,3
55076,64,69,-5,5
55077,94,94,0,0
55078,58,63,-5,5
55079,76,82,-6,6
55080,153,138,15,15
55081,96,87,9,9
55082,151,144,7,7
55083,60,67,-7,7
55084,87,77,10,10
55085,30,34,-4,4
55086,83,77,6,6
55087,107,109,-2,2
55088,114,102,12,12
55089,74,73,1,1
55090,99,110,-11,11
55091,120,113,7,7
55092,89,85,4,4
55093,215,197,18,18
55094,53,53,0,0
55095,74,75,-1,1
55096,112,100,12,12
55097,76,78,-2,2
55098,69,68,1,1
55099,146,130,16,16
55100,92,86,6,6
55101,72,72,0,0
55102,184,166,18,18
55103,50,53,-3,3
55104,82,77,5,5
55105,90,80,10,10
55106,152,132,20,20
55107,41,46,-5,5
55108,149,138,11,11
55109,83,79,4,4
55110,45,58,-13,13
55111,225,200,25,25
55112,169,152,17,17
55113,44,54,-10,10
55114,118,119,-1,1
55115,108,98,10,10
55116,125,114,11,11
55117,124,118,6,6
55118,65,80,-15,15
55119,164,142,22,22
55120,138,130,8,8
55121,87,82,5,5
55122,51,57,-6,6
55123,98,103,-5,5
55124,64,68,-4,4
55125,63,68,-5,5
55126,101,98,3,3
55127,90,84,6,6
55128,104,95,9,9
55129,140,129,11,11
55130,121,110,11,11
55131,107,102,5,5
55132,85,86,-1,1
55133,116,116,0,0
55134,55,66,-11,11
55135,74,80,-6,6
55136,178,136,42,42
55137,134,117,17,17
55138,62,67,-5,5
55139,113,107,6,6
55140,75,71,4,4
55141,84,79,5,5
55142,88,80,8,8
55143,68,80,-12,12
55144,46,52,-6,6
55145,150,160,-10,10
55146,99,88,11,11
55147,108,97,11,11
55148,118,84,34,34
55149,48,59,-11,11
55150,104,91,13,13
55151,73,65,8,8
55152,109,99,10,10
55153,62,66,-4,4
55154,91,76,15,15
55155,119,116,3,3
55156,157,146,11,11
55157,117,107,10,10
55158,60,63,-3,3
55159,90,85,5,5
55160,102,99,3,3
55161,100,93,7,7
55162,99,95,4,4
55163,108,94,14,14
55164,90,84,6,6
55165,120,113,7,7
55166,97,96,1,1
55167,78,78,0,0
55168,105,99,6,6
55169,160,148,12,12
55170,143,127,16,16
55171,112,112,0,0
55172,152,132,20,20
55173,153,137,16,16
55174,65,63,2,2
55175,66,69,-3,3
55176,63,65,-2,2
55177,55,80,-25,25
55178,75,74,1,1
55179,91,84,7,7
55180,81,78,3,3
55181,138,122,16,16
55182,120,107,13,13
55183,86,82,4,4
55184,75,73,2,2
55185,15,22,-7,7
55186,71,74,-3,3
55187,158,139,19,19
55188,102,85,17,17
55189,58,61,-3,3
55190,54,47,7,7
55191,77,75,2,2
55192,82,75,7,7
55193,69,69,0,0
55194,92,97,-5,5
55195,132,130,2,2
55196,109,106,3,3
55197,192,170,22,22
55198,62,62,0,0
55199,41,42,-1,1
55200,120,113,7,7
55201,82,83,-1,1
55202,116,104,12,12
55203,44,56,-12,12
55204,87,82,5,5
55205,63,71,-8,8
55206,75,76,-1,1
55207,106,92,14,14
55208,198,178,20,20
55209,87,78,9,9
55210,45,34,11,11
55211,95,91,4,4
55212,128,117,11,11
55213,72,72,0,0
55214,80,85,-5,5
55215,144,146,-2,2
55216,83,79,4,4
55217,138,131,7,7
55218,107,94,13,13
55219,42,49,-7,7
55220,105,102,3,3
55221,129,117,12,12
55222,78,77,1,1
55223,157,134,23,23
55224,135,124,11,11
55225,38,34,4,4
55226,174,154,20,20
55227,83,82,1,1
55228,79,72,7,7
55229,172,157,15,15
55230,76,66,10,10
55231,106,86,20,20
55232,102,100,2,2
55233,60,68,-8,8
55234,160,140,20,20
55235,58,62,-4,4
55236,66,69,-3,3
55237,93,91,2,2
55238,97,87,10,10
55239,99,103,-4,4
55240,232,220,12,12
55241,111,99,12,12
55242,57,63,-6,6
55243,92,101,-9,9
55244,70,66,4,4
55245,58,73,-15,15
55246,58,59,-1,1
55247,80,84,-4,4
55248,119,104,15,15
55249,111,100,11,11
55250,73,75,-2,2
55251,72,69,3,3
55252,98,89,9,9
55253,114,116,-2,2
55254,115,106,9,9
55255,180,42,138,138
55256,137,141,-4,4
55257,106,91,15,15
55258,116,111,5,5
55259,161,149,12,12
55260,53,59,-6,6
55261,160,145,15,15
55262,105,103,2,2
55263,85,84,1,1
55264,137,132,5,5
55265,78,78,0,0
55266,152,151,1,1
55267,107,94,13,13
55268,61,66,-5,5
55269,113,100,13,13
55270,145,138,7,7
55271,125,111,14,14
55272,63,64,-1,1
55273,83,85,-2,2
55274,139,119,20,20
55275,79,75,4,4
55276,136,126,10,10
55277,77,77,0,0
55278,101,89,12,12
55279,54,60,-6,6
55280,103,99,4,4
55281,84,79,5,5
55282,62,65,-3,3
55283,149,146,3,3
55284,52,56,-4,4
55285,143,137,6,6
55286,185,169,16,16
55287,121,105,16,16
55288,93,102,-9,9
55289,89,84,5,5
55290,71,69,2,2
55291,96,85,11,11
55292,92,82,10,10
55293,132,120,12,12
55294,110,111,-1,1
55295,81,82,-1,1
55296,138,123,15,15
55297,121,120,1,1
55298,136,120,16,16
55299,108,110,-2,2
55300,102,97,5,5
55301,107,111,-4,4
55302,123,116,7,7
55303,78,74,4,4
55304,123,124,-1,1
55305,191,165,26,26
55306,83,74,9,9
55307,66,69,-3,3
55308,147,135,12,12
55309,75,72,3,3
55310,142,141,1,1
55311,54,61,-7,7
55312,79,85,-6,6
55313,65,58,7,7
55314,69,68,1,1
55315,92,91,1,1
55316,116,99,17,17
55317,138,110,28,28
55318,60,64,-4,4
55319,113,107,6,6
55320,107,103,4,4
55321,71,79,-8,8
55322,87,78,9,9
55323,66,70,-4,4
55324,115,112,3,3
55325,88,88,0,0
55326,59,66,-7,7
55327,109,100,9,9
55328,101,99,2,2
55329,99,89,10,10
55330,84,84,0,0
55331,79,72,7,7
55332,144,121,23,23
55333,74,77,-3,3
55334,67,69,-2,2
55335,79,79,0,0
55336,69,66,3,3
55337,64,70,-6,6
55338,74,66,8,8
55339,122,140,-18,18
55340,88,91,-3,3
55341,85,98,-13,13
55342,135,140,-5,5
55343,150,129,21,21
55344,120,112,8,8
55345,85,84,1,1
55346,87,91,-4,4
55347,69,75,-6,6
55348,136,120,16,16
55349,139,115,24,24
55350,81,79,2,2
55351,88,87,1,1
55352,117,110,7,7
55353,127,132,-5,5
55354,83,84,-1,1
55355,53,58,-5,5
55356,41,34,7,7
55357,97,95,2,2
55358,169,157,12,12
55359,112,100,12,12
55360,38,34,4,4
55361,84,83,1,1
55362,67,68,-1,1
55363,92,85,7,7
55364,110,103,7,7
55365,88,95,-7,7
55366,78,74,4,4
55367,84,87,-3,3
55368,69,70,-1,1
55369,99,93,6,6
55370,101,107,-6,6
55371,86,86,0,0
55372,102,101,1,1
55373,60,62,-2,2
55374,54,60,-6,6
55375,111,114,-3,3
55376,138,124,14,14
55377,82,73,9,9
55378,96,109,-13,13
55379,62,67,-5,5
55380,161,152,9,9
55381,73,78,-5,5
55382,92,87,5,5
55383,115,111,4,4
55384,150,136,14,14
55385,78,77,1,1
55386,93,89,4,4
55387,80,76,4,4
55388,88,84,4,4
55389,89,84,5,5
55390,107,100,7,7
55391,76,70,6,6
55392,115,114,1,1
55393,96,94,2,2
55394,119,113,6,6
55395,56,62,-6,6
55396,100,98,2,2
55397,101,91,10,10
55398,89,82,7,7
55399,75,80,-5,5
55400,106,97,9,9
55401,68,71,-3,3
55402,69,66,3,3
55403,83,77,6,6
55404,85,88,-3,3
55405,130,123,7,7
55406,64,64,0,0
55407,44,56,-12,12
55408,83,77,6,6
55409,54,91,-37,37
55410,130,112,18,18
55411,91,92,-1,1
55412,59,81,-22,22
55413,109,95,14,14
55414,145,129,16,16
55415,65,59,6,6
55416,50,47,3,3
55417,147,132,15,15
55418,90,92,-2,2
55419,143,140,3,3
55420,97,90,7,7
55421,111,104,7,7
55422,63,63,0,0
55423,70,84,-14,14
55424,109,92,17,17
55425,108,116,-8,8
55426,149,139,10,10
55427,98,94,4,4
55428,137,127,10,10
55429,45,47,-2,2
55430,95,90,5,5
55431,59,71,-12,12
55432,71,70,1,1
55433,117,114,3,3
55434,73,75,-2,2
55435,80,80,0,0
55436,168,135,33,33
55437,149,147,2,2
55438,53,54,-1,1
55439,65,71,-6,6
55440,160,142,18,18
55441,83,80,3,3
55442,88,86,2,2
55443,98,85,13,13
55444,51,59,-8,8
55445,54,62,-8,8
55446,70,76,-6,6
55447,80,82,-2,2
55448,169,140,29,29
55449,109,102,7,7
55450,57,63,-6,6
55451,119,116,3,3
55452,238,212,26,26
55453,132,128,4,4
55454,78,81,-3,3
55455,88,80,8,8
55456,85,84,1,1
55457,27,44,-17,17
55458,62,69,-7,7
55459,131,122,9,9
55460,138,125,13,13
55461,43,89,-46,46
55462,58,71,-13,13
55463,76,78,-2,2
55464,72,80,-8,8
55465,121,96,25,25
55466,107,98,9,9
55467,81,76,5,5
55468,49,69,-20,20
55469,113,103,10,10
55470,71,66,5,5
55471,44,45,-1,1
55472,81,77,4,4
55473,73,67,6,6
55474,85,87,-2,2
55475,100,91,9,9
55476,126,115,11,11
55477,96,91,5,5
55478,67,68,-1,1
55479,114,118,-4,4
55480,97,80,17,17
55481,185,157,28,28
55482,55,59,-4,4
55483,177,171,6,6
55484,85,82,3,3
55485,117,114,3,3
55486,157,139,18,18
55487,129,118,11,11
55488,94,99,-5,5
55489,87,88,-1,1
55490,139,117,22,22
55491,121,116,5,5
55492,65,60,5,5
55493,58,67,-9,9
55494,98,92,6,6
55495,37,34,3,3
55496,63,69,-6,6
55497,193,183,10,10
55498,101,105,-4,4
55499,69,81,-12,12
55500,133,124,9,9
55501,121,107,14,14
55502,91,92,-1,1
55503,85,84,1,1
55504,67,76,-9,9
55505,117,112,5,5
55506,61,60,1,1
55507,61,63,-2,2
55508,97,103,-6,6
55509,81,84,-3,3
55510,89,91,-2,2
55511,58,65,-7,7
55512,80,72,8,8
55513,96,84,12,12
55514,87,90,-3,3
55515,69,72,-3,3
55516,116,119,-3,3
55517,138,141,-3,3
55518,65,72,-7,7
55519,90,86,4,4
55520,87,86,1,1
55521,102,95,7,7
55522,79,89,-10,10
55523,146,143,3,3
55524,130,115,15,15
55525,127,109,18,18
55526,96,90,6,6
55527,80,77,3,3
55528,132,124,8,8
55529,115,98,17,17
55530,81,91,-10,10
55531,86,85,1,1
55532,105,95,10,10
55533,130,121,9,9
55534,84,81,3,3
55535,52,95,-43,43
55536,72,67,5,5
55537,82,80,2,2
55538,115,107,8,8
55539,100,93,7,7
55540,102,98,4,4
55541,107,104,3,3
55542,116,111,5,5
55543,61,61,0,0
55544,95,95,0,0
55545,78,73,5,5
55546,78,83,-5,5
55547,79,71,8,8
55548,82,84,-2,2
55549,71,75,-4,4
55550,128,116,12,12
55551,89,92,-3,3
55552,115,130,-15,15
55553,83,72,11,11
55554,80,73,7,7
55555,79,94,-15,15
55556,69,82,-13,13
55557,123,112,11,11
55558,67,72,-5,5
55559,135,123,12,12
55560,134,151,-17,17
55561,133,124,9,9
55562,52,58,-6,6
55563,175,159,16,16
55564,95,85,10,10
55565,122,114,8,8
55566,74,70,4,4
55567,73,76,-3,3
55568,53,59,-6,6
55569,69,73,-4,4
55570,103,108,-5,5
55571,45,47,-2,2
55572,107,98,9,9
55573,49,58,-9,9
55574,132,114,18,18
55575,89,85,4,4
55576,62,66,-4,4
55577,109,106,3,3
55578,81,80,1,1
55579,72,79,-7,7
55580,52,52,0,0
55581,74,76,-2,2
55582,36,34,2,2
55583,68,70,-2,2
55584,73,76,-3,3
55585,89,87,2,2
55586,63,63,0,0
55587,69,75,-6,6
55588,103,105,-2,2
55589,53,61,-8,8
55590,103,103,0,0
55591,108,96,12,12
55592,109,152,-43,43
55593,187,179,8,8
55594,69,71,-2,2
55595,124,112,12,12
55596,117,115,2,2
55597,94,93,1,1
55598,44,34,10,10
55599,120,108,12,12
55600,140,134,6,6
55601,131,118,13,13
55602,100,104,-4,4
55603,147,143,4,4
55604,55,51,4,4
55605,126,127,-1,1
55606,84,88,-4,4
55607,81,84,-3,3
55608,110,91,19,19
55609,68,73,-5,5
55610,90,93,-3,3
55611,79,80,-1,1
55612,108,107,1,1
55613,69,73,-4,4
55614,67,59,8,8
55615,151,147,4,4
55616,121,110,11,11
55617,67,72,-5,5
55618,100,89,11,11
55619,105,101,4,4
55620,105,112,-7,7
55621,92,96,-4,4
55622,107,107,0,0
55623,163,151,12,12
55624,110,105,5,5
55625,115,107,8,8
55626,93,86,7,7
55627,143,131,12,12
55628,105,84,21,21
55629,102,93,9,9
55630,54,53,1,1
55631,117,112,5,5
55632,94,86,8,8
55633,121,103,18,18
55634,51,53,-2,2
55635,93,96,-3,3
55636,136,134,2,2
55637,75,69,6,6
55638,83,72,11,11
55639,90,86,4,4
55640,110,105,5,5
55641,69,68,1,1
55642,110,103,7,7
55643,78,81,-3,3
55644,85,78,7,7
55645,89,86,3,3
55646,86,97,-11,11
55647,106,107,-1,1
55648,102,97,5,5
55649,52,58,-6,6
55650,207,200,7,7
55651,93,85,8,8
55652,113,112,1,1
55653,97,94,3,3
55654,80,89,-9,9
55655,118,123,-5,5
55656,90,89,1,1
55657,88,96,-8,8
55658,96,95,1,1
55659,103,104,-1,1
55660,65,69,-4,4
55661,48,50,-2,2
55662,85,75,10,10
55663,104,96,8,8
55664,54,57,-3,3
55665,89,77,12,12
55666,132,126,6,6
55667,83,86,-3,3
55668,80,77,3,3
55669,76,78,-2,2
55670,67,63,4,4
55671,89,87,2,2
55672,149,141,8,8
55673,106,110,-4,4
55674,149,142,7,7
55675,52,60,-8,8
55676,58,66,-8,8
55677,70,75,-5,5
55678,78,76,2,2
55679,212,185,27,27
55680,105,85,20,20
55681,101,87,14,14
55682,107,96,11,11
55683,145,137,8,8
55684,77,78,-1,1
55685,108,95,13,13
55686,97,93,4,4
55687,90,81,9,9
55688,104,101,3,3
55689,99,92,7,7
55690,94,86,8,8
55691,105,108,-3,3
55692,69,74,-5,5
55693,81,87,-6,6
55694,88,88,0,0
55695,112,115,-3,3
55696,93,94,-1,1
55697,130,127,3,3
55698,145,122,23,23
55699,130,119,11,11
55700,62,73,-11,11
55701,99,97,2,2
55702,67,66,1,1
55703,129,114,15,15
55704,72,76,-4,4
55705,96,92,4,4
55706,76,77,-1,1
55707,102,95,7,7
55708,81,80,1,1
55709,157,148,9,9
55710,100,101,-1,1
55711,122,113,9,9
55712,65,68,-3,3
55713,82,76,6,6
55714,95,88,7,7
55715,133,136,-3,3
55716,108,107,1,1
55717,81,81,0,0
55718,91,89,2,2
55719,134,122,12,12
55720,146,133,13,13
55721,93,95,-2,2
55722,53,58,-5,5
55723,108,97,11,11
55724,93,88,5,5
55725,99,88,11,11
55726,158,141,17,17
55727,66,73,-7,7
55728,66,68,-2,2
55729,83,90,-7,7
55730,103,96,7,7
55731,54,60,-6,6
55732,144,132,12,12
55733,88,93,-5,5
55734,105,93,12,12
55735,115,104,11,11
55736,125,115,10,10
55737,67,74,-7,7
55738,193,165,28,28
55739,127,103,24,24
55740,29,34,-5,5
55741,86,84,2,2
55742,121,120,1,1
55743,94,87,7,7
55744,125,112,13,13
55745,174,167,7,7
55746,163,150,13,13
55747,128,109,19,19
55748,155,140,15,15
55749,123,125,-2,2
55750,100,97,3,3
55751,80,84,-4,4
55752,121,110,11,11
55753,31,33,-2,2
55754,96,85,11,11
55755,80,75,5,5
55756,83,80,3,3
55757,82,80,2,2
55758,97,98,-1,1
55759,72,74,-2,2
55760,69,74,-5,5
55761,86,85,1,1
55762,73,86,-13,13
55763,100,101,-1,1
55764,66,70,-4,4
55765,83,73,10,10
55766,92,98,-6,6
55767,68,63,5,5
55768,118,118,0,0
55769,97,104,-7,7
55770,62,67,-5,5
55771,78,74,4,4
55772,48,55,-7,7
55773,98,93,5,5
55774,71,73,-2,2
55775,62,68,-6,6
55776,45,52,-7,7
55777,122,120,2,2
55778,91,86,5,5
55779,71,135,-64,64
55780,68,67,1,1
55781,118,119,-1,1
55782,79,84,-5,5
55783,120,118,2,2
55784,134,139,-5,5
55785,72,75,-3,3
55786,92,85,7,7
55787,49,73,-24,24
55788,100,99,1,1
55789,90,94,-4,4
55790,71,73,-2,2
55791,83,85,-2,2
55792,71,70,1,1
55793,90,92,-2,2
55794,168,159,9,9
55795,68,81,-13,13
55796,50,58,-8,8
55797,59,59,0,0
55798,52,59,-7,7
55799,104,98,6,6
55800,95,97,-2,2
55801,57,64,-7,7
55802,211,199,12,12
55803,58,61,-3,3
55804,125,115,10,10
55805,99,94,5,5
55806,88,95,-7,7
55807,182,160,22,22
55808,99,97,2,2
55809,66,62,4,4
55810,169,152,17,17
55811,105,97,8,8
55812,92,91,1,1
55813,110,106,4,4
55814,111,99,12,12
55815,95,88,7,7
55816,74,73,1,1
55817,135,116,19,19
55818,51,93,-42,42
55819,78,75,3,3
55820,118,103,15,15
55821,118,114,4,4
55822,104,100,4,4
55823,37,43,-6,6
55824,96,90,6,6
55825,93,86,7,7
55826,60,90,-30,30
55827,102,94,8,8
55828,112,110,2,2
55829,73,81,-8,8
55830,142,125,17,17
55831,67,68,-1,1
55832,69,67,2,2
55833,103,169,-66,66
55834,42,67,-25,25
55835,99,84,15,15
55836,181,160,21,21
55837,94,87,7,7
55838,83,84,-1,1
55839,98,84,14,14
55840,151,129,22,22
55841,149,124,25,25
55842,92,94,-2,2
55843,129,131,-2,2
55844,79,75,4,4
55845,119,120,-1,1
55846,159,146,13,13
55847,63,71,-8,8
55848,74,75,-1,1
55849,141,136,5,5
55850,133,123,10,10
55851,106,98,8,8
55852,180,164,16,16
55853,152,129,23,23
55854,85,81,4,4
55855,118,108,10,10
55856,127,120,7,7
55857,143,144,-1,1
55858,80,87,-7,7
55859,123,117,6,6
55860,131,117,14,14
55861,53,37,16,16
55862,83,75,8,8
55863,97,88,9,9
55864,120,117,3,3
55865,71,69,2,2
55866,127,109,18,18
55867,68,70,-2,2
55868,79,77,2,2
55869,104,111,-7,7
55870,139,139,0,0
55871,143,147,-4,4
55872,102,108,-6,6
55873,75,71,4,4
55874,105,104,1,1
55875,71,63,8,8
55876,52,50,2,2
55877,73,70,3,3
55878,95,84,11,11
55879,84,75,9,9
55880,77,77,0,0
55881,63,73,-10,10
55882,80,88,-8,8
55883,111,100,11,11
55884,146,128,18,18
55885,136,142,-6,6
55886,58,58,0,0
55887,77,75,2,2
55888,74,95,-21,21
55889,157,148,9,9
55890,113,106,7,7
55891,88,84,4,4
55892,98,96,2,2
55893,70,74,-4,4
55894,70,77,-7,7
55895,95,92,3,3
55896,113,97,16,16
55897,65,66,-1,1
55898,82,75,7,7
55899,89,91,-2,2
55900,90,83,7,7
55901,75,90,-15,15
55902,73,68,5,5
55903,45,56,-11,11
55904,75,85,-10,10
55905,89,83,6,6
55906,127,110,17,17
55907,189,181,8,8
55908,132,123,9,9
55909,95,89,6,6
55910,113,103,10,10
55911,81,83,-2,2
55912,121,119,2,2
55913,73,75,-2,2
55914,107,99,8,8
55915,72,69,3,3
55916,110,113,-3,3
55917,69,71,-2,2
55918,149,134,15,15
55919,63,66,-3,3
55920,115,109,6,6
55921,105,97,8,8
55922,88,86,2,2
55923,65,69,-4,4
55924,87,89,-2,2
55925,94,100,-6,6
55926,125,117,8,8
55927,93,84,9,9
55928,112,102,10,10
55929,103,88,15,15
55930,117,110,7,7
55931,95,91,4,4
55932,76,72,4,4
55933,94,102,-8,8
55934,50,52,-2,2
55935,115,113,2,2
55936,105,96,9,9
55937,108,96,12,12
55938,141,137,4,4
55939,102,102,0,0
55940,58,69,-11,11
55941,108,101,7,7
55942,89,79,10,10
55943,71,76,-5,5
55944,59,60,-1,1
55945,89,82,7,7
55946,57,60,-3,3
55947,106,95,11,11
55948,161,138,23,23
55949,92,87,5,5
55950,66,69,-3,3
55951,82,80,2,2
55952,84,74,10,10
55953,115,100,15,15
55954,110,106,4,4
55955,135,125,10,10
55956,93,90,3,3
55957,134,146,-12,12
55958,105,92,13,13
55959,79,75,4,4
55960,25,27,-2,2
55961,124,125,-1,1
55962,29,33,-4,4
55963,96,84,12,12
55964,125,117,8,8
55965,52,56,-4,4
55966,101,97,4,4
55967,70,69,1,1
55968,98,89,9,9
55969,77,71,6,6
55970,167,146,21,21
55971,82,79,3,3
55972,91,85,6,6
55973,70,70,0,0
55974,74,71,3,3
55975,121,117,4,4
55976,46,48,-2,2
55977,76,77,-1,1
55978,111,113,-2,2
55979,58,57,1,1
55980,65,65,0,0
55981,53,55,-2,2
55982,109,116,-7,7
55983,80,81,-1,1
55984,88,87,1,1
55985,110,102,8,8
55986,98,86,12,12
55987,97,94,3,3
55988,128,114,14,14
55989,144,131,13,13
55990,82,82,0,0
55991,131,121,10,10
55992,100,92,8,8
55993,95,93,2,2
55994,108,99,9,9
55995,82,80,2,2
55996,73,67,6,6
55997,94,94,0,0
55998,99,106,-7,7
55999,88,84,4,4
56000,157,152,5,5
56001,75,76,-1,1
56002,95,96,-1,1
56003,82,77,5,5
56004,160,170,-10,10
56005,146,136,10,10
56006,166,168,-2,2
56007,76,75,1,1
56008,139,133,6,6
56009,110,106,4,4
56010,118,121,-3,3
56011,122,109,13,13
56012,50,61,-11,11
56013,59,62,-3,3
56014,112,107,5,5
56015,108,119,-11,11
56016,42,39,3,3
56017,112,111,1,1
56018,126,112,14,14
56019,88,93,-5,5
56020,121,104,17,17
56021,83,78,5,5
56022,95,101,-6,6
56023,98,87,11,11
56024,104,105,-1,1
56025,66,68,-2,2
56026,129,123,6,6
56027,85,78,7,7
56028,101,98,3,3
56029,68,72,-4,4
56030,86,84,2,2
56031,79,75,4,4
56032,91,91,0,0
56033,113,119,-6,6
56034,149,135,14,14
56035,76,76,0,0
56036,107,106,1,1
56037,110,109,1,1
56038,75,79,-4,4
56039,100,98,2,2
56040,110,114,-4,4
56041,115,107,8,8
56042,128,120,8,8
56043,177,157,20,20
56044,105,97,8,8
56045,79,140,-61,61
56046,126,120,6,6
56047,135,141,-6,6
56048,66,64,2,2
56049,148,135,13,13
56050,128,123,5,5
56051,106,98,8,8
56052,99,82,17,17
56053,73,65,8,8
56054,64,69,-5,5
56055,98,118,-20,20
56056,111,104,7,7
56057,124,123,1,1
56058,117,108,9,9
56059,94,91,3,3
56060,86,80,6,6
56061,80,76,4,4
56062,105,106,-1,1
56063,77,81,-4,4
56064,101,96,5,5
56065,118,109,9,9
56066,130,108,22,22
56067,97,94,3,3
56068,77,76,1,1
56069,76,78,-2,2
56070,122,123,-1,1
56071,116,134,-18,18
56072,67,76,-9,9
56073,109,99,10,10
56074,62,65,-3,3
56075,95,83,12,12
56076,130,120,10,10
56077,49,56,-7,7
56078,64,66,-2,2
56079,84,85,-1,1
56080,147,125,22,22
56081,121,106,15,15
56082,158,150,8,8
56083,105,92,13,13
56084,99,99,0,0
56085,108,108,0,0
56086,159,150,9,9
56087,87,83,4,4
56088,128,132,-4,4
56089,58,71,-13,13
56090,110,106,4,4
56091,187,172,15,15
56092,87,88,-1,1
56093,143,142,1,1
56094,84,75,9,9
56095,132,130,2,2
56096,74,73,1,1
56097,109,104,5,5
56098,86,101,-15,15
56099,111,104,7,7
56100,49,49,0,0
56101,73,72,1,1
56102,125,130,-5,5
56103,75,74,1,1
56104,78,74,4,4
56105,99,96,3,3
56106,103,108,-5,5
56107,106,97,9,9
56108,57,60,-3,3
56109,139,130,9,9
56110,90,82,8,8
56111,67,64,3,3
56112,60,64,-4,4
56113,46,39,7,7
56114,56,61,-5,5
56115,135,123,12,12
56116,52,52,0,0
56117,102,94,8,8
56118,79,79,0,0
56119,75,77,-2,2
56120,118,115,3,3
56121,107,108,-1,1
56122,24,23,1,1
56123,102,95,7,7
56124,78,80,-2,2
56125,94,80,14,14
56126,109,91,18,18
56127,139,132,7,7
56128,105,106,-1,1
56129,155,143,12,12
56130,53,54,-1,1
56131,82,92,-10,10
56132,159,159,0,0
56133,105,96,9,9
56134,102,99,3,3
56135,78,77,1,1
56136,67,67,0,0
56137,149,143,6,6
56138,84,84,0,0
56139,87,92,-5,5
56140,132,136,-4,4
56141,83,77,6,6
56142,75,74,1,1
56143,99,93,6,6
56144,77,86,-9,9
56145,97,88,9,9
56146,132,105,27,27
56147,105,109,-4,4
56148,105,89,16,16
56149,59,59,0,0
56150,69,69,0,0
56151,120,112,8,8
56152,59,64,-5,5
56153,105,93,12,12
56154,81,81,0,0
56155,156,152,4,4
56156,62,68,-6,6
56157,63,66,-3,3
56158,156,133,23,23
56159,48,131,-83,83
56160,81,83,-2,2
56161,78,81,-3,3
56162,72,68,4,4
56163,110,105,5,5
56164,76,79,-3,3
56165,82,81,1,1
56166,76,75,1,1
56167,106,99,7,7
56168,109,115,-6,6
56169,96,89,7,7
56170,129,130,-1,1
56171,71,70,1,1
56172,124,131,-7,7
56173,107,102,5,5
56174,97,90,7,7
56175,113,99,14,14
56176,152,137,15,15
56177,91,102,-11,11
56178,78,77,1,1
56179,158,142,16,16
56180,117,111,6,6
56181,97,97,0,0
56182,83,79,4,4
56183,132,124,8,8
56184,79,78,1,1
56185,101,103,-2,2
56186,135,120,15,15
56187,96,75,21,21
56188,82,74,8,8
56189,70,76,-6,6
56190,110,103,7,7
56191,141,123,18,18
56192,61,63,-2,2
56193,97,89,8,8
56194,119,95,24,24
56195,67,71,-4,4
56196,92,101,-9,9
56197,84,72,12,12
56198,65,68,-3,3
56199,84,87,-3,3
56200,124,112,12,12
56201,135,128,7,7
56202,146,128,18,18
56203,109,110,-1,1
56204,145,143,2,2
56205,89,81,8,8
56206,136,126,10,10
56207,85,80,5,5
56208,55,64,-9,9
56209,92,96,-4,4
56210,61,64,-3,3
56211,132,120,12,12
56212,65,70,-5,5
56213,112,111,1,1
56214,107,97,10,10
56215,48,46,2,2
56216,55,61,-6,6
56217,109,102,7,7
56218,136,125,11,11
56219,94,95,-1,1
56220,45,46,-1,1
56221,139,125,14,14
56222,72,78,-6,6
56223,156,131,25,25
56224,58,65,-7,7
56225,96,85,11,11
56226,83,80,3,3
56227,94,88,6,6
56228,29,31,-2,2
56229,124,116,8,8
56230,71,76,-5,5
56231,146,128,18,18
56232,97,88,9,9
56233,104,102,2,2
56234,32,34,-2,2
56235,140,129,11,11
56236,57,57,0,0
56237,112,107,5,5
56238,70,75,-5,5
56239,92,85,7,7
56240,57,64,-7,7
56241,107,111,-4,4
56242,76,78,-2,2
56243,81,76,5,5
56244,115,121,-6,6
56245,22,70,-48,48
56246,96,96,0,0
56247,84,90,-6,6
56248,103,99,4,4
56249,126,107,19,19
56250,76,74,2,2
56251,159,138,21,21
56252,74,67,7,7
56253,87,80,7,7
56254,46,57,-11,11
56255,33,34,-1,1
56256,76,67,9,9
56257,98,93,5,5
56258,73,68,5,5
56259,105,95,10,10
56260,51,60,-9,9
56261,94,84,10,10
56262,54,56,-2,2
56263,86,90,-4,4
56264,60,65,-5,5
56265,144,131,13,13
56266,74,66,8,8
56267,90,83,7,7
56268,100,102,-2,2
56269,107,111,-4,4
56270,129,107,22,22
56271,133,120,13,13
56272,70,74,-4,4
56273,101,91,10,10
56274,60,67,-7,7
56275,200,176,24,24
56276,64,63,1,1
56277,143,130,13,13
56278,90,86,4,4
56279,72,67,5,5
56280,85,87,-2,2
56281,136,131,5,5
56282,94,102,-8,8
56283,135,117,18,18
56284,102,94,8,8
56285,71,82,-11,11
56286,74,75,-1,1
56287,122,124,-2,2
56288,86,84,2,2
56289,40,40,0,0
56290,109,112,-3,3
56291,113,105,8,8
56292,110,103,7,7
56293,68,66,2,2
56294,130,127,3,3
56295,89,91,-2,2
56296,106,105,1,1
56297,98,98,0,0
56298,71,61,10,10
56299,128,125,3,3
56300,158,136,22,22
56301,82,80,2,2
56302,42,34,8,8
56303,67,68,-1,1
56304,107,113,-6,6
56305,77,75,2,2
56306,113,113,0,0
56307,73,72,1,1
56308,189,177,12,12
56309,101,97,4,4
56310,117,124,-7,7
56311,113,109,4,4
56312,81,76,5,5
56313,113,105,8,8
56314,108,101,7,7
56315,133,136,-3,3
56316,117,111,6,6
56317,119,111,8,8
56318,72,68,4,4
56319,72,82,-10,10
56320,105,104,1,1
56321,70,69,1,1
56322,66,64,2,2
56323,152,133,19,19
56324,89,84,5,5
56325,20,18,2,2
56326,72,74,-2,2
56327,89,83,6,6
56328,83,87,-4,4
56329,121,130,-9,9
56330,119,108,11,11
56331,101,96,5,5
56332,84,84,0,0
56333,78,83,-5,5
56334,166,149,17,17
56335,117,110,7,7
56336,141,136,5,5
56337,123,116,7,7
56338,162,153,9,9
56339,50,55,-5,5
56340,60,58,2,2
56341,86,87,-1,1
56342,70,70,0,0
56343,129,127,2,2
56344,65,68,-3,3
56345,75,83,-8,8
56346,91,74,17,17
56347,55,62,-7,7
56348,82,84,-2,2
56349,102,101,1,1
56350,74,72,2,2
56351,84,81,3,3
56352,128,117,11,11
56353,91,91,0,0
56354,120,112,8,8
56355,85,88,-3,3
56356,108,115,-7,7
56357,72,73,-1,1
56358,90,79,11,11
56359,85,87,-2,2
56360,112,107,5,5
56361,148,148,0,0
56362,105,106,-1,1
56363,44,34,10,10
56364,42,56,-14,14
56365,103,91,12,12
56366,93,77,16,16
56367,63,62,1,1
56368,169,173,-4,4
56369,65,66,-1,1
56370,74,75,-1,1
56371,99,99,0,0
56372,129,127,2,2
56373,93,89,4,4
56374,139,130,9,9
56375,64,107,-43,43
56376,93,86,7,7
56377,53,70,-17,17
56378,110,104,6,6
56379,97,92,5,5
56380,170,155,15,15
56381,56,67,-11,11
56382,172,168,4,4
56383,71,69,2,2
56384,161,143,18,18
56385,130,132,-2,2
56386,101,100,1,1
56387,107,103,4,4
56388,101,98,3,3
56389,64,70,-6,6
56390,75,72,3,3
56391,128,124,4,4
56392,80,77,3,3
56393,129,122,7,7
56394,54,62,-8,8
56395,71,76,-5,5
56396,55,50,5,5
56397,91,92,-1,1
56398,119,111,8,8
56399,94,92,2,2
56400,158,142,16,16
56401,60,66,-6,6
56402,158,154,4,4
56403,56,53,3,3
56404,121,119,2,2
56405,79,70,9,9
56406,120,110,10,10
56407,64,75,-11,11
56408,62,78,-16,16
56409,80,77,3,3
56410,135,124,11,11
56411,102,118,-16,16
56412,115,104,11,11
56413,142,140,2,2
56414,115,126,-11,11
56415,119,120,-1,1
56416,138,132,6,6
56417,97,88,9,9
56418,80,76,4,4
56419,97,96,1,1
56420,111,109,2,2
56421,91,91,0,0
56422,95,99,-4,4
56423,91,91,0,0
56424,101,89,12,12
56425,130,125,5,5
56426,89,90,-1,1
56427,86,91,-5,5
56428,178,157,21,21
56429,168,156,12,12
56430,63,58,5,5
56431,69,66,3,3
56432,186,163,23,23
56433,143,129,14,14
56434,76,66,10,10
56435,87,89,-2,2
56436,46,54,-8,8
56437,81,83,-2,2
56438,43,46,-3,3
56439,125,118,7,7
56440,190,175,15,15
56441,112,95,17,17
56442,161,151,10,10
56443,119,105,14,14
56444,98,100,-2,2
56445,122,111,11,11
56446,94,89,5,5
56447,68,74,-6,6
56448,103,90,13,13
56449,126,103,23,23
56450,75,72,3,3
56451,123,109,14,14
56452,81,79,2,2
56453,144,147,-3,3
56454,53,46,7,7
56455,164,147,17,17
56456,60,66,-6,6
56457,117,110,7,7
56458,121,116,5,5
56459,90,94,-4,4
56460,86,81,5,5
56461,63,68,-5,5
56462,147,130,17,17
56463,103,96,7,7
56464,68,70,-2,2
56465,91,85,6,6
56466,81,71,10,10
56467,71,71,0,0
56468,63,64,-1,1
56469,123,119,4,4
56470,105,100,5,5
56471,81,81,0,0
56472,112,114,-2,2
56473,78,75,3,3
56474,85,83,2,2
56475,118,114,4,4
56476,65,63,2,2
56477,127,128,-1,1
56478,83,79,4,4
56479,91,85,6,6
56480,62,65,-3,3
56481,75,79,-4,4
56482,88,95,-7,7
56483,163,152,11,11
56484,48,62,-14,14
56485,93,100,-7,7
56486,85,84,1,1
56487,142,138,4,4
56488,93,97,-4,4
56489,73,73,0,0
56490,65,67,-2,2
56491,83,80,3,3
56492,77,74,3,3
56493,113,107,6,6
56494,121,112,9,9
56495,71,74,-3,3
56496,64,64,0,0
56497,70,77,-7,7
56498,155,133,22,22
56499,59,60,-1,1
56500,80,76,4,4
56501,80,83,-3,3
56502,59,64,-5,5
56503,83,75,8,8
56504,68,64,4,4
56505,77,85,-8,8
56506,121,104,17,17
56507,63,73,-10,10
56508,82,80,2,2
56509,145,135,10,10
56510,63,70,-7,7
56511,124,121,3,3
56512,83,92,-9,9
56513,175,168,7,7
56514,185,178,7,7
56515,65,66,-1,1
56516,61,61,0,0
56517,76,73,3,3
56518,75,81,-6,6
56519,74,87,-13,13
56520,136,116,20,20
56521,47,38,9,9
56522,66,57,9,9
56523,131,121,10,10
56524,123,108,15,15
56525,118,112,6,6
56526,58,59,-1,1
56527,89,86,3,3
56528,156,140,16,16
56529,55,63,-8,8
56530,115,103,12,12
56531,111,106,5,5
56532,116,124,-8,8
56533,62,70,-8,8
56534,108,96,12,12
56535,120,121,-1,1
56536,112,110,2,2
56537,56,65,-9,9
56538,142,137,5,5
56539,91,78,13,13
56540,86,84,2,2
56541,121,116,5,5
56542,80,74,6,6
56543,103,101,2,2
56544,76,81,-5,5
56545,100,120,-20,20
56546,94,88,6,6
56547,117,120,-3,3
56548,84,79,5,5
56549,87,91,-4,4
56550,127,114,13,13
56551,90,90,0,0
56552,96,88,8,8
56553,56,59,-3,3
56554,74,73,1,1
56555,98,91,7,7
56556,107,111,-4,4
56557,125,108,17,17
56558,66,64,2,2
56559,91,94,-3,3
56560,154,156,-2,2
56561,151,133,18,18
56562,77,76,1,1
56563,60,65,-5,5
56564,72,77,-5,5
56565,132,117,15,15
56566,74,74,0,0
56567,63,64,-1,1
56568,129,123,6,6
56569,169,161,8,8
56570,88,96,-8,8
56571,129,120,9,9
56572,140,128,12,12
56573,80,86,-6,6
56574,94,95,-1,1
56575,49,61,-12,12
56576,145,140,5,5
56577,97,96,1,1
56578,94,95,-1,1
56579,83,82,1,1
56580,135,127,8,8
56581,103,96,7,7
56582,40,43,-3,3
56583,119,138,-19,19
56584,60,65,-5,5
56585,44,40,4,4
56586,104,105,-1,1
56587,49,48,1,1
56588,70,77,-7,7
56589,59,63,-4,4
56590,114,122,-8,8
56591,65,61,4,4
56592,60,64,-4,4
56593,121,127,-6,6
56594,115,107,8,8
56595,75,72,3,3
56596,74,70,4,4
56597,103,95,8,8
56598,59,59,0,0
56599,125,125,0,0
56600,94,88,6,6
56601,73,73,0,0
56602,54,55,-1,1
56603,58,59,-1,1
56604,174,165,9,9
56605,46,43,3,3
56606,79,78,1,1
56607,108,95,13,13
56608,50,61,-11,11
56609,120,105,15,15
56610,159,146,13,13
56611,171,170,1,1
56612,81,85,-4,4
56613,85,84,1,1
56614,118,133,-15,15
56615,73,75,-2,2
56616,114,106,8,8
56617,77,71,6,6
56618,150,127,23,23
56619,72,75,-3,3
56620,64,86,-22,22
56621,85,94,-9,9
56622,112,109,3,3
56623,57,59,-2,2
56624,101,95,6,6
56625,83,85,-2,2
56626,74,72,2,2
56627,142,131,11,11
56628,111,96,15,15
56629,135,115,20,20
56630,64,67,-3,3
56631,75,69,6,6
56632,188,181,7,7
56633,63,77,-14,14
56634,124,111,13,13
56635,42,53,-11,11
56636,136,119,17,17
56637,50,57,-7,7
56638,87,93,-6,6
56639,140,127,13,13
56640,94,91,3,3
56641,94,91,3,3
56642,61,75,-14,14
56643,86,87,-1,1
56644,126,110,16,16
56645,63,64,-1,1
56646,82,78,4,4
56647,140,142,-2,2
56648,134,118,16,16
56649,79,77,2,2
56650,126,132,-6,6
56651,101,102,-1,1
56652,103,98,5,5
56653,70,68,2,2
56654,85,77,8,8
56655,84,87,-3,3
56656,58,67,-9,9
56657,139,123,16,16
56658,67,79,-12,12
56659,101,102,-1,1
56660,83,85,-2,2
56661,66,63,3,3
56662,59,61,-2,2
56663,77,79,-2,2
56664,53,63,-10,10
56665,130,121,9,9
56666,59,69,-10,10
56667,94,82,12,12
56668,120,112,8,8
56669,108,98,10,10
56670,95,86,9,9
56671,67,67,0,0
56672,103,98,5,5
56673,68,65,3,3
56674,82,80,2,2
56675,111,109,2,2
56676,78,77,1,1
56677,59,66,-7,7
56678,72,77,-5,5
56679,101,93,8,8
56680,77,84,-7,7
56681,65,64,1,1
56682,64,73,-9,9
56683,57,66,-9,9
56684,95,95,0,0
56685,68,70,-2,2
56686,137,124,13,13
56687,65,70,-5,5
56688,82,78,4,4
56689,73,79,-6,6
56690,96,104,-8,8
56691,110,93,17,17
56692,139,130,9,9
56693,87,74,13,13
56694,113,99,14,14
56695,40,34,6,6
56696,81,83,-2,2
56697,51,62,-11,11
56698,173,154,19,19
56699,72,84,-12,12
56700,107,101,6,6
56701,112,113,-1,1
56702,125,110,15,15
56703,56,60,-4,4
56704,141,126,15,15
56705,150,136,14,14
56706,136,134,2,2
56707,127,114,13,13
56708,132,132,0,0
56709,96,88,8,8
56710,35,51,-16,16
56711,86,84,2,2
56712,108,97,11,11
56713,149,134,15,15
56714,103,101,2,2
56715,144,150,-6,6
56716,135,121,14,14
56717,112,102,10,10
56718,86,95,-9,9
56719,54,54,0,0
56720,78,75,3,3
56721,72,73,-1,1
56722,87,89,-2,2
56723,79,94,-15,15
56724,109,122,-13,13
56725,120,103,17,17
56726,173,152,21,21
56727,57,64,-7,7
56728,40,34,6,6
56729,82,86,-4,4
56730,70,76,-6,6
56731,86,90,-4,4
56732,98,96,2,2
56733,134,138,-4,4
56734,45,39,6,6
56735,129,118,11,11
56736,68,76,-8,8
56737,91,85,6,6
56738,113,105,8,8
56739,52,62,-10,10
56740,94,89,5,5
56741,94,99,-5,5
56742,113,107,6,6
56743,128,112,16,16
56744,99,105,-6,6
56745,105,96,9,9
56746,86,102,-16,16
56747,148,138,10,10
56748,138,119,19,19
56749,99,86,13,13
56750,94,93,1,1
56751,73,75,-2,2
56752,153,134,19,19
56753,95,93,2,2
56754,118,120,-2,2
56755,129,122,7,7
56756,50,64,-14,14
56757,123,110,13,13
56758,142,132,10,10
56759,123,114,9,9
56760,148,140,8,8
56761,107,100,7,7
56762,98,100,-2,2
56763,112,108,4,4
56764,137,124,13,13
56765,106,101,5,5
56766,97,89,8,8
56767,96,96,0,0
56768,245,187,58,58
56769,115,107,8,8
56770,81,77,4,4
56771,130,109,21,21
56772,86,76,10,10
56773,128,120,8,8
56774,73,70,3,3
56775,110,101,9,9
56776,130,120,10,10
56777,97,96,1,1
56778,80,81,-1,1
56779,91,87,4,4
56780,88,80,8,8
56781,105,105,0,0
56782,75,54,21,21
56783,93,101,-8,8
56784,115,109,6,6
56785,133,121,12,12
56786,142,122,20,20
56787,62,72,-10,10
56788,78,78,0,0
56789,91,84,7,7
56790,102,95,7,7
56791,109,105,4,4
56792,102,95,7,7
56793,90,80,10,10
56794,135,117,18,18
56795,31,54,-23,23
56796,143,133,10,10
56797,123,117,6,6
56798,102,97,5,5
56799,59,60,-1,1
56800,83,85,-2,2
56801,99,92,7,7
56802,50,69,-19,19
56803,168,143,25,25
56804,80,81,-1,1
56805,104,110,-6,6
56806,117,109,8,8
56807,113,115,-2,2
56808,73,94,-21,21
56809,72,75,-3,3
56810,144,113,31,31
56811,131,128,3,3
56812,107,121,-14,14
56813,85,87,-2,2
56814,58,65,-7,7
56815,67,66,1,1
56816,62,63,-1,1
56817,63,60,3,3
56818,148,146,2,2
56819,139,121,18,18
56820,82,84,-2,2
56821,133,126,7,7
56822,70,76,-6,6
56823,99,99,0,0
56824,115,108,7,7
56825,121,117,4,4
56826,107,111,-4,4
56827,113,99,14,14
56828,61,68,-7,7
56829,80,76,4,4
56830,78,76,2,2
56831,68,66,2,2
56832,122,123,-1,1
56833,109,92,17,17
56834,71,70,1,1
56835,60,69,-9,9
56836,125,118,7,7
56837,68,64,4,4
56838,114,109,5,5
56839,93,80,13,13
56840,75,76,-1,1
56841,99,100,-1,1
56842,133,123,10,10
56843,78,82,-4,4
56844,45,39,6,6
56845,87,77,10,10
56846,72,78,-6,6
56847,129,120,9,9
56848,93,88,5,5
56849,95,94,1,1
56850,119,118,1,1
56851,96,83,13,13
56852,45,46,-1,1
56853,151,137,14,14
56854,75,72,3,3
56855,84,84,0,0
56856,75,73,2,2
56857,97,135,-38,38
56858,79,80,-1,1
56859,132,126,6,6
56860,108,98,10,10
56861,115,106,9,9
56862,89,98,-9,9
56863,84,85,-1,1
56864,132,126,6,6
56865,94,87,7,7
56866,182,177,5,5
56867,170,152,18,18
56868,93,89,4,4
56869,70,76,-6,6
56870,38,38,0,0
56871,102,106,-4,4
56872,139,125,14,14
56873,97,102,-5,5
56874,87,84,3,3
56875,86,77,9,9
56876,76,85,-9,9
56877,91,96,-5,5
56878,81,80,1,1
56879,86,77,9,9
56880,90,85,5,5
56881,73,79,-6,6
56882,122,119,3,3
56883,81,77,4,4
56884,182,163,19,19
56885,73,77,-4,4
56886,108,101,7,7
56887,70,68,2,2
56888,170,152,18,18
56889,98,95,3,3
56890,83,85,-2,2
56891,89,91,-2,2
56892,79,80,-1,1
56893,77,81,-4,4
56894,82,89,-7,7
56895,79,78,1,1
56896,165,143,22,22
56897,57,66,-9,9
56898,94,103,-9,9
56899,101,89,12,12
56900,170,172,-2,2
56901,68,75,-7,7
56902,121,113,8,8
56903,137,121,16,16
56904,72,69,3,3
56905,109,105,4,4
56906,81,77,4,4
56907,71,75,-4,4
56908,135,132,3,3
56909,105,98,7,7
56910,101,94,7,7
56911,71,80,-9,9
56912,93,92,1,1
56913,75,75,0,0
56914,68,131,-63,63
56915,107,104,3,3
56916,76,74,2,2
56917,127,115,12,12
56918,117,117,0,0
56919,123,105,18,18
56920,158,155,3,3
56921,96,93,3,3
56922,44,42,2,2
56923,100,96,4,4
56924,69,72,-3,3
56925,77,82,-5,5
56926,66,74,-8,8
56927,71,66,5,5
56928,117,112,5,5
56929,103,105,-2,2
56930,99,95,4,4
56931,131,124,7,7
56932,50,47,3,3
56933,39,34,5,5
56934,74,72,2,2
56935,51,58,-7,7
56936,91,93,-2,2
56937,104,107,-3,3
56938,76,75,1,1
56939,126,123,3,3
56940,79,82,-3,3
56941,88,92,-4,4
56942,103,100,3,3
56943,156,139,17,17
56944,153,145,8,8
56945,82,79,3,3
56946,69,74,-5,5
56947,85,87,-2,2
56948,90,98,-8,8
56949,118,105,13,13
56950,113,110,3,3
56951,63,71,-8,8
56952,39,48,-9,9
56953,125,118,7,7
56954,111,125,-14,14
56955,85,81,4,4
56956,69,75,-6,6
56957,164,152,12,12
56958,115,111,4,4
56959,100,116,-16,16
56960,97,96,1,1
56961,76,86,-10,10
56962,109,114,-5,5
56963,122,114,8,8
56964,75,79,-4,4
56965,94,93,1,1
56966,73,70,3,3
56967,138,125,13,13
56968,109,92,17,17
56969,84,91,-7,7
56970,65,64,1,1
56971,97,91,6,6
56972,150,139,11,11
56973,158,150,8,8
56974,74,77,-3,3
56975,64,70,-6,6
56976,102,100,2,2
56977,83,92,-9,9
56978,181,155,26,26
56979,149,133,16,16
56980,67,65,2,2
56981,108,108,0,0
56982,126,119,7,7
56983,129,118,11,11
56984,123,114,9,9
56985,88,81,7,7
56986,79,87,-8,8
56987,122,104,18,18
56988,88,79,9,9
56989,129,131,-2,2
56990,82,78,4,4
56991,72,76,-4,4
56992,116,103,13,13
56993,93,97,-4,4
56994,82,78,4,4
56995,153,149,4,4
56996,169,148,21,21
56997,79,90,-11,11
56998,92,88,4,4
56999,123,113,10,10
57000,75,91,-16,16
57001,162,163,-1,1
57002,79,79,0,0
57003,90,87,3,3
57004,74,82,-8,8
57005,130,121,9,9
57006,128,114,14,14
57007,75,84,-9,9
57008,86,88,-2,2
57009,111,109,2,2
57010,100,93,7,7
57011,57,64,-7,7
57012,126,119,7,7
57013,61,66,-5,5
57014,79,79,0,0
57015,80,70,10,10
57016,49,59,-10,10
57017,83,83,0,0
57018,65,70,-5,5
57019,76,77,-1,1
57020,99,96,3,3
57021,152,133,19,19
57022,74,75,-1,1
57023,90,93,-3,3
57024,116,120,-4,4
57025,150,142,8,8
57026,98,109,-11,11
57027,136,121,15,15
57028,109,108,1,1
57029,131,143,-12,12
57030,44,51,-7,7
57031,52,56,-4,4
57032,73,72,1,1
57033,160,122,38,38
57034,104,100,4,4
57035,71,68,3,3
57036,52,57,-5,5
57037,69,67,2,2
57038,120,107,13,13
57039,51,36,15,15
57040,65,72,-7,7
57041,93,88,5,5
57042,62,80,-18,18
57043,108,102,6,6
57044,86,92,-6,6
57045,65,72,-7,7
57046,151,146,5,5
57047,82,91,-9,9
57048,54,57,-3,3
57049,57,63,-6,6
57050,87,85,2,2
57051,75,80,-5,5
57052,76,76,0,0
57053,144,138,6,6
57054,82,86,-4,4
57055,70,68,2,2
57056,65,69,-4,4
57057,130,127,3,3
57058,179,179,0,0
57059,143,141,2,2
57060,128,121,7,7
57061,59,63,-4,4
57062,141,128,13,13
57063,91,84,7,7
57064,117,106,11,11
57065,103,96,7,7
57066,102,102,0,0
57067,150,118,32,32
57068,91,85,6,6
57069,82,85,-3,3
57070,72,67,5,5
57071,146,129,17,17
57072,51,56,-5,5
57073,119,121,-2,2
57074,94,95,-1,1
57075,113,98,15,15
57076,115,108,7,7
57077,50,56,-6,6
57078,72,86,-14,14
57079,127,117,10,10
57080,67,85,-18,18
57081,76,77,-1,1
57082,96,104,-8,8
57083,137,144,-7,7
57084,189,175,14,14
57085,83,84,-1,1
57086,90,89,1,1
57087,85,83,2,2
57088,99,95,4,4
57089,88,88,0,0
57090,163,148,15,15
57091,78,81,-3,3
57092,63,63,0,0
57093,87,89,-2,2
57094,81,83,-2,2
57095,117,124,-7,7
57096,86,77,9,9
57097,97,93,4,4
57098,120,113,7,7
57099,61,58,3,3
57100,109,110,-1,1
57101,82,81,1,1
57102,98,88,10,10
57103,100,93,7,7
57104,114,101,13,13
57105,61,66,-5,5
57106,88,91,-3,3
57107,75,78,-3,3
57108,96,95,1,1
57109,125,127,-2,2
57110,216,194,22,22
57111,91,88,3,3
57112,149,167,-18,18
57113,104,93,11,11
57114,69,71,-2,2
57115,65,68,-3,3
57116,116,100,16,16
57117,66,67,-1,1
57118,53,58,-5,5
57119,61,71,-10,10
57120,106,104,2,2
57121,118,106,12,12
57122,145,135,10,10
57123,90,87,3,3
57124,76,74,2,2
57125,48,54,-6,6
57126,38,34,4,4
57127,65,69,-4,4
57128,98,88,10,10
57129,48,59,-11,11
57130,93,92,1,1
57131,117,116,1,1
57132,66,70,-4,4
57133,110,94,16,16
57134,121,114,7,7
57135,95,87,8,8
57136,81,79,2,2
57137,48,60,-12,12
57138,80,84,-4,4
57139,136,141,-5,5
57140,55,53,2,2
57141,110,102,8,8
57142,104,114,-10,10
57143,89,84,5,5
57144,90,99,-9,9
57145,111,108,3,3
57146,85,91,-6,6
57147,113,107,6,6
57148,100,97,3,3
57149,147,132,15,15
57150,86,90,-4,4
57151,76,80,-4,4
57152,164,138,26,26
57153,130,114,16,16
57154,99,90,9,9
57155,40,35,5,5
57156,175,173,2,2
57157,148,143,5,5
57158,106,106,0,0
57159,152,148,4,4
57160,91,92,-1,1
57161,98,91,7,7
57162,51,63,-12,12
57163,88,88,0,0
57164,89,85,4,4
57165,63,61,2,2
57166,84,84,0,0
57167,75,71,4,4
57168,117,106,11,11
57169,111,110,1,1
57170,134,145,-11,11
57171,81,86,-5,5
57172,101,105,-4,4
57173,61,60,1,1
57174,116,111,5,5
57175,77,81,-4,4
57176,121,100,21,21
57177,101,92,9,9
57178,22,30,-8,8
57179,89,85,4,4
57180,134,128,6,6
57181,132,133,-1,1
57182,48,53,-5,5
57183,102,95,7,7
57184,90,81,9,9
57185,89,88,1,1
57186,109,109,0,0
57187,164,146,18,18
57188,93,94,-1,1
57189,93,94,-1,1
57190,63,74,-11,11
57191,99,97,2,2
57192,72,71,1,1
57193,85,85,0,0
57194,76,78,-2,2
57195,85,80,5,5
57196,125,91,34,34
57197,63,65,-2,2
57198,47,60,-13,13
57199,123,118,5,5
57200,88,97,-9,9
57201,75,71,4,4
57202,78,77,1,1
57203,73,64,9,9
57204,113,125,-12,12
57205,88,81,7,7
57206,91,78,13,13
57207,99,94,5,5
57208,92,98,-6,6
57209,102,105,-3,3
57210,84,87,-3,3
57211,153,142,11,11
57212,117,120,-3,3
57213,61,61,0,0
57214,81,76,5,5
57215,148,137,11,11
57216,88,74,14,14
57217,109,101,8,8
57218,124,112,12,12
57219,44,57,-13,13
57220,75,74,1,1
57221,107,106,1,1
57222,74,77,-3,3
57223,75,69,6,6
57224,97,85,12,12
57225,95,86,9,9
57226,72,69,3,3
57227,71,69,2,2
57228,100,96,4,4
57229,110,95,15,15
57230,67,63,4,4
57231,59,58,1,1
57232,162,147,15,15
57233,97,100,-3,3
57234,66,73,-7,7
57235,87,83,4,4
57236,142,132,10,10
57237,77,79,-2,2
57238,61,58,3,3
57239,61,114,-53,53
57240,131,115,16,16
57241,84,83,1,1
57242,77,80,-3,3
57243,60,61,-1,1
57244,77,80,-3,3
57245,47,52,-5,5
57246,71,77,-6,6
57247,118,117,1,1
57248,105,112,-7,7
57249,137,128,9,9
57250,48,65,-17,17
57251,81,81,0,0
57252,105,94,11,11
57253,107,102,5,5
57254,149,140,9,9
57255,88,81,7,7
57256,104,95,9,9
57257,130,111,19,19
57258,118,116,2,2
57259,50,70,-20,20
57260,113,102,11,11
57261,48,52,-4,4
57262,105,104,1,1
57263,63,70,-7,7
57264,63,67,-4,4
57265,65,71,-6,6
57266,105,102,3,3
57267,38,34,4,4
57268,57,56,1,1
57269,94,90,4,4
57270,87,79,8,8
57271,68,71,-3,3
57272,66,74,-8,8
57273,87,89,-2,2
57274,121,109,12,12
57275,104,95,9,9
57276,124,122,2,2
57277,158,136,22,22
57278,30,33,-3,3
57279,101,117,-16,16
57280,86,74,12,12
57281,93,89,4,4
57282,123,131,-8,8
57283,102,87,15,15
57284,142,152,-10,10
57285,61,76,-15,15
57286,75,81,-6,6
57287,125,127,-2,2
57288,95,92,3,3
57289,171,158,13,13
57290,96,125,-29,29
57291,123,119,4,4
57292,106,110,-4,4
57293,62,63,-1,1
57294,87,85,2,2
57295,57,62,-5,5
57296,56,53,3,3
57297,124,116,8,8
57298,81,79,2,2
57299,109,93,16,16
57300,165,164,1,1
57301,171,154,17,17
57302,104,97,7,7
57303,59,67,-8,8
57304,40,45,-5,5
57305,74,90,-16,16
57306,127,121,6,6
57307,73,83,-10,10
57308,130,117,13,13
57309,47,66,-19,19
57310,59,62,-3,3
57311,156,135,21,21
57312,101,92,9,9
57313,89,76,13,13
57314,95,91,4,4
57315,60,72,-12,12
57316,91,91,0,0
57317,74,74,0,0
57318,160,147,13,13
57319,114,104,10,10
57320,148,137,11,11
57321,80,74,6,6
57322,24,28,-4,4
57323,52,58,-6,6
57324,259,224,35,35
57325,44,44,0,0
57326,149,135,14,14
57327,57,63,-6,6
57328,126,126,0,0
57329,142,128,14,14
57330,111,111,0,0
57331,167,152,15,15
57332,76,75,1,1
57333,69,66,3,3
57334,110,112,-2,2
57335,92,91,1,1
57336,99,84,15,15
57337,95,94,1,1
57338,114,102,12,12
57339,91,94,-3,3
57340,104,96,8,8
57341,84,82,2,2
57342,164,143,21,21
57343,44,54,-10,10
57344,75,71,4,4
57345,95,91,4,4
57346,27,34,-7,7
57347,81,80,1,1
57348,72,75,-3,3
57349,100,89,11,11
57350,131,112,19,19
57351,61,70,-9,9
57352,89,85,4,4
57353,65,69,-4,4
57354,53,63,-10,10
57355,103,111,-8,8
57356,129,123,6,6
57357,114,101,13,13
57358,102,98,4,4
57359,87,93,-6,6
57360,77,70,7,7
57361,72,74,-2,2
57362,71,76,-5,5
57363,67,62,5,5
57364,116,112,4,4
57365,102,93,9,9
57366,83,79,4,4
57367,55,56,-1,1
57368,71,82,-11,11
57369,84,77,7,7
57370,98,94,4,4
57371,101,90,11,11
57372,82,75,7,7
57373,117,117,0,0
57374,126,128,-2,2
57375,66,73,-7,7
57376,81,89,-8,8
57377,189,185,4,4
57378,90,83,7,7
57379,86,81,5,5
57380,107,100,7,7
57381,117,132,-15,15
57382,54,59,-5,5
57383,81,86,-5,5
57384,85,77,8,8
57385,88,91,-3,3
57386,57,63,-6,6
57387,103,103,0,0
57388,103,95,8,8
57389,95,87,8,8
57390,107,100,7,7
57391,91,89,2,2
57392,111,125,-14,14
57393,200,177,23,23
57394,83,88,-5,5
57395,86,84,2,2
57396,80,84,-4,4
57397,109,109,0,0
57398,69,67,2,2
57399,78,74,4,4
57400,70,76,-6,6
57401,77,79,-2,2
57402,69,67,2,2
57403,96,85,11,11
57404,121,138,-17,17
57405,90,93,-3,3
57406,152,139,13,13
57407,91,84,7,7
57408,89,88,1,1
57409,104,97,7,7
57410,88,73,15,15
57411,113,105,8,8
57412,81,89,-8,8
57413,92,84,8,8
57414,112,99,13,13
57415,113,112,1,1
57416,119,106,13,13
57417,68,70,-2,2
57418,183,154,29,29
57419,154,139,15,15
57420,115,112,3,3
57421,173,186,-13,13
57422,108,97,11,11
57423,124,126,-2,2
57424,71,67,4,4
57425,84,77,7,7
57426,80,77,3,3
57427,90,98,-8,8
57428,74,70,4,4
57429,89,76,13,13
57430,81,88,-7,7
57431,100,87,13,13
57432,136,131,5,5
57433,55,58,-3,3
57434,105,103,2,2
57435,77,74,3,3
57436,192,179,13,13
57437,99,89,10,10
57438,90,86,4,4
57439,134,119,15,15
57440,113,105,8,8
57441,90,85,5,5
57442,150,132,18,18
57443,52,57,-5,5
57444,102,92,10,10
57445,55,55,0,0
57446,110,106,4,4
57447,57,60,-3,3
57448,57,63,-6,6
57449,97,92,5,5
57450,117,116,1,1
57451,83,85,-2,2
57452,121,109,12,12
57453,58,64,-6,6
57454,101,97,4,4
57455,63,67,-4,4
57456,105,100,5,5
57457,94,89,5,5
57458,138,131,7,7
57459,62,62,0,0
57460,113,111,2,2
57461,50,58,-8,8
57462,90,93,-3,3
57463,135,131,4,4
57464,68,63,5,5
57465,94,94,0,0
57466,63,62,1,1
57467,179,156,23,23
57468,78,75,3,3
57469,197,167,30,30
57470,124,119,5,5
57471,115,122,-7,7
57472,105,98,7,7
57473,135,130,5,5
57474,59,63,-4,4
57475,75,91,-16,16
57476,131,120,11,11
57477,125,121,4,4
57478,82,91,-9,9
57479,193,175,18,18
57480,23,26,-3,3
57481,67,67,0,0
57482,204,185,19,19
57483,78,79,-1,1
57484,95,98,-3,3
57485,143,137,6,6
57486,69,70,-1,1
57487,78,72,6,6
57488,185,173,12,12
57489,60,65,-5,5
57490,93,84,9,9
57491,49,52,-3,3
57492,151,128,23,23
57493,93,85,8,8
57494,109,97,12,12
57495,58,60,-2,2
57496,132,111,21,21
57497,85,76,9,9
57498,118,98,20,20
57499,69,72,-3,3
57500,76,77,-1,1
57501,68,78,-10,10
57502,68,68,0,0
57503,103,111,-8,8
57504,116,111,5,5
57505,189,158,31,31
57506,64,71,-7,7
57507,54,54,0,0
57508,99,98,1,1
57509,140,125,15,15
57510,52,51,1,1
57511,144,136,8,8
57512,96,94,2,2
57513,60,82,-22,22
57514,131,126,5,5
57515,101,110,-9,9
57516,21,34,-13,13
57517,77,77,0,0
57518,94,93,1,1
57519,64,63,1,1
57520,77,70,7,7
57521,89,92,-3,3
57522,68,70,-2,2
57523,100,75,25,25
57524,94,92,2,2
57525,99,92,7,7
57526,104,103,1,1
57527,76,76,0,0
57528,41,34,7,7
57529,89,81,8,8
57530,159,134,25,25
57531,145,123,22,22
57532,89,81,8,8
57533,117,117,0,0
57534,56,67,-11,11
57535,112,102,10,10
57536,59,58,1,1
57537,54,59,-5,5
57538,83,75,8,8
57539,70,75,-5,5
57540,64,67,-3,3
57541,134,126,8,8
57542,107,113,-6,6
57543,81,80,1,1
57544,117,118,-1,1
57545,123,120,3,3
57546,114,98,16,16
57547,173,152,21,21
57548,79,72,7,7
57549,117,103,14,14
57550,32,34,-2,2
57551,87,83,4,4
57552,189,178,11,11
57553,70,78,-8,8
57554,155,131,24,24
57555,81,85,-4,4
57556,168,153,15,15
57557,114,110,4,4
57558,153,153,0,0
57559,124,112,12,12
57560,51,43,8,8
57561,105,107,-2,2
57562,101,112,-11,11
57563,86,88,-2,2
57564,129,118,11,11
57565,122,112,10,10
57566,149,134,15,15
57567,85,79,6,6
57568,73,72,1,1
57569,66,71,-5,5
57570,180,155,25,25
57571,33,34,-1,1
57572,70,75,-5,5
57573,101,115,-14,14
57574,89,94,-5,5
57575,120,114,6,6
57576,121,109,12,12
57577,91,90,1,1
57578,90,85,5,5
57579,121,114,7,7
57580,154,152,2,2
57581,110,101,9,9
57582,65,63,2,2
57583,107,116,-9,9
57584,141,130,11,11
57585,61,69,-8,8
57586,119,119,0,0
57587,135,132,3,3
57588,185,156,29,29
57589,46,49,-3,3
57590,89,87,2,2
57591,134,127,7,7
57592,102,94,8,8
57593,138,133,5,5
57594,104,93,11,11
57595,176,157,19,19
57596,112,106,6,6
57597,135,128,7,7
57598,119,114,5,5
57599,82,75,7,7
57600,99,100,-1,1
57601,119,108,11,11
57602,98,107,-9,9
57603,96,99,-3,3
57604,90,98,-8,8
57605,81,72,9,9
57606,65,66,-1,1
57607,120,111,9,9
57608,90,85,5,5
57609,80,81,-1,1
57610,81,86,-5,5
57611,78,97,-19,19
57612,82,75,7,7
57613,155,128,27,27
57614,77,71,6,6
57615,116,118,-2,2
57616,78,79,-1,1
57617,69,67,2,2
57618,64,68,-4,4
57619,88,87,1,1
57620,56,56,0,0
57621,62,69,-7,7
57622,49,58,-9,9
57623,120,105,15,15
57624,154,143,11,11
57625,86,85,1,1
57626,61,67,-6,6
57627,66,67,-1,1
57628,145,119,26,26
57629,83,90,-7,7
57630,136,125,11,11
57631,88,96,-8,8
57632,71,75,-4,4
57633,93,84,9,9
57634,97,91,6,6
57635,94,82,12,12
57636,97,99,-2,2
57637,57,68,-11,11
57638,142,133,9,9
57639,119,112,7,7
57640,87,93,-6,6
57641,131,131,0,0
57642,119,118,1,1
57643,76,72,4,4
57644,55,54,1,1
57645,106,99,7,7
57646,70,74,-4,4
57647,103,98,5,5
57648,96,86,10,10
57649,150,144,6,6
57650,128,125,3,3
57651,38,34,4,4
57652,65,76,-11,11
57653,79,75,4,4
57654,96,85,11,11
57655,88,81,7,7
57656,185,195,-10,10
57657,81,75,6,6
57658,151,133,18,18
57659,94,93,1,1
57660,72,76,-4,4
57661,110,101,9,9
57662,109,102,7,7
57663,80,76,4,4
57664,68,73,-5,5
57665,111,95,16,16
57666,67,72,-5,5
57667,95,88,7,7
57668,114,112,2,2
57669,51,57,-6,6
57670,111,105,6,6
57671,118,102,16,16
57672,157,129,28,28
57673,82,83,-1,1
57674,119,93,26,26
57675,73,74,-1,1
57676,88,79,9,9
57677,46,41,5,5
57678,61,65,-4,4
57679,81,81,0,0
57680,117,108,9,9
57681,87,84,3,3
57682,71,65,6,6
57683,70,67,3,3
57684,98,105,-7,7
57685,89,88,1,1
57686,100,89,11,11
57687,124,109,15,15
57688,166,153,13,13
57689,90,86,4,4
57690,43,46,-3,3
57691,175,155,20,20
57692,104,105,-1,1
57693,180,166,14,14
57694,57,57,0,0
57695,36,47,-11,11
57696,144,149,-5,5
57697,136,125,11,11
57698,56,60,-4,4
57699,93,95,-2,2
57700,91,89,2,2
57701,98,95,3,3
57702,82,70,12,12
57703,101,110,-9,9
57704,113,112,1,1
57705,53,63,-10,10
57706,55,61,-6,6
57707,120,110,10,10
57708,105,97,8,8
57709,71,75,-4,4
57710,78,76,2,2
57711,165,156,9,9
57712,82,85,-3,3
57713,126,113,13,13
57714,114,104,10,10
57715,143,133,10,10
57716,118,114,4,4
57717,94,94,0,0
57718,41,34,7,7
57719,67,69,-2,2
57720,83,77,6,6
57721,119,98,21,21
57722,62,67,-5,5
57723,55,54,1,1
57724,95,95,0,0
57725,91,96,-5,5
57726,68,71,-3,3
57727,144,142,2,2
57728,64,67,-3,3
57729,43,61,-18,18
57730,81,86,-5,5
57731,94,82,12,12
57732,77,75,2,2
57733,167,162,5,5
57734,51,61,-10,10
57735,117,106,11,11
57736,93,91,2,2
57737,71,72,-1,1
57738,64,69,-5,5
57739,168,151,17,17
57740,98,96,2,2
57741,38,34,4,4
57742,124,111,13,13
57743,104,110,-6,6
57744,45,47,-2,2
57745,36,36,0,0
57746,82,80,2,2
57747,120,106,14,14
57748,108,111,-3,3
57749,43,47,-4,4
57750,85,77,8,8
57751,146,134,12,12
57752,82,98,-16,16
57753,115,101,14,14
57754,98,87,11,11
57755,87,83,4,4
57756,124,125,-1,1
57757,86,82,4,4
57758,92,106,-14,14
57759,109,89,20,20
57760,125,116,9,9
57761,140,142,-2,2
57762,84,97,-13,13
57763,66,69,-3,3
57764,131,116,15,15
57765,81,74,7,7
57766,88,83,5,5
57767,143,147,-4,4
57768,74,77,-3,3
57769,118,121,-3,3
57770,56,65,-9,9
57771,61,64,-3,3
57772,112,113,-1,1
57773,119,104,15,15
57774,102,91,11,11
57775,101,119,-18,18
57776,71,69,2,2
57777,118,111,7,7
57778,119,130,-11,11
57779,83,85,-2,2
57780,133,117,16,16
57781,57,61,-4,4
57782,87,84,3,3
57783,6,17,-11,11
57784,76,80,-4,4
57785,124,114,10,10
57786,28,31,-3,3
57787,65,66,-1,1
57788,86,74,12,12
57789,111,112,-1,1
57790,59,70,-11,11
57791,94,91,3,3
57792,97,107,-10,10
57793,115,113,2,2
57794,75,76,-1,1
57795,144,134,10,10
57796,86,94,-8,8
57797,74,74,0,0
57798,102,101,1,1
57799,79,75,4,4
57800,99,94,5,5
57801,140,148,-8,8
57802,101,98,3,3
57803,156,137,19,19
57804,92,85,7,7
57805,70,75,-5,5
57806,59,71,-12,12
57807,116,107,9,9
57808,138,128,10,10
57809,136,136,0,0
57810,61,62,-1,1
57811,53,57,-4,4
57812,79,72,7,7
57813,90,83,7,7
57814,127,118,9,9
57815,177,144,33,33
57816,110,118,-8,8
57817,129,120,9,9
57818,106,121,-15,15
57819,74,76,-2,2
57820,154,152,2,2
57821,129,124,5,5
57822,73,71,2,2
57823,77,84,-7,7
57824,84,90,-6,6
57825,103,96,7,7
57826,90,119,-29,29
57827,109,103,6,6
57828,68,65,3,3
57829,72,68,4,4
57830,105,112,-7,7
57831,65,66,-1,1
57832,95,87,8,8
57833,133,129,4,4
57834,103,92,11,11
57835,107,112,-5,5
57836,79,74,5,5
57837,116,105,11,11
57838,91,80,11,11
57839,72,84,-12,12
57840,66,82,-16,16
57841,147,131,16,16
57842,90,95,-5,5
57843,192,205,-13,13
57844,98,108,-10,10
57845,105,97,8,8
57846,44,49,-5,5
57847,102,88,14,14
57848,82,89,-7,7
57849,107,102,5,5
57850,102,96,6,6
57851,135,122,13,13
57852,157,138,19,19
57853,61,58,3,3
57854,155,140,15,15
57855,121,126,-5,5
57856,77,74,3,3
57857,142,131,11,11
57858,95,89,6,6
57859,104,95,9,9
57860,77,76,1,1
57861,135,127,8,8
57862,101,97,4,4
57863,65,65,0,0
57864,108,101,7,7
57865,46,54,-8,8
57866,196,183,13,13
57867,83,80,3,3
57868,92,84,8,8
57869,66,63,3,3
57870,87,81,6,6
57871,76,75,1,1
57872,24,34,-10,10
57873,94,99,-5,5
57874,85,72,13,13
57875,147,187,-40,40
57876,104,111,-7,7
57877,97,93,4,4
57878,159,136,23,23
57879,103,96,7,7
57880,114,115,-1,1
57881,133,129,4,4
57882,66,66,0,0
57883,101,102,-1,1
57884,71,66,5,5
57885,85,85,0,0
57886,87,75,12,12
57887,116,92,24,24
57888,88,79,9,9
57889,64,65,-1,1
57890,48,52,-4,4
57891,55,60,-5,5
57892,61,86,-25,25
57893,86,93,-7,7
57894,56,57,-1,1
57895,58,54,4,4
57896,77,77,0,0
57897,70,75,-5,5
57898,78,84,-6,6
57899,136,121,15,15
57900,69,69,0,0
57901,68,65,3,3
57902,102,96,6,6
57903,67,66,1,1
57904,82,76,6,6
57905,54,54,0,0
57906,70,75,-5,5
57907,83,79,4,4
57908,129,115,14,14
57909,43,34,9,9
57910,46,61,-15,15
57911,119,114,5,5
57912,50,56,-6,6
57913,76,78,-2,2
57914,168,154,14,14
57915,83,79,4,4
57916,116,103,13,13
57917,121,129,-8,8
57918,96,102,-6,6
57919,126,129,-3,3
57920,86,86,0,0
57921,85,79,6,6
57922,93,78,15,15
57923,52,57,-5,5
57924,129,121,8,8
57925,87,84,3,3
57926,38,42,-4,4
57927,61,74,-13,13
57928,77,76,1,1
57929,73,71,2,2
57930,143,142,1,1
57931,59,66,-7,7
57932,57,61,-4,4
57933,64,65,-1,1
57934,140,131,9,9
57935,109,111,-2,2
57936,91,88,3,3
57937,64,67,-3,3
57938,105,90,15,15
57939,121,106,15,15
57940,65,61,4,4
57941,80,80,0,0
57942,75,77,-2,2
57943,90,81,9,9
57944,93,98,-5,5
57945,60,65,-5,5
57946,75,74,1,1
57947,97,95,2,2
57948,130,121,9,9
57949,111,102,9,9
57950,82,76,6,6
57951,102,96,6,6
57952,72,72,0,0
57953,180,175,5,5
57954,71,82,-11,11
57955,92,89,3,3
57956,109,101,8,8
57957,113,104,9,9
57958,117,116,1,1
57959,105,104,1,1
57960,85,81,4,4
57961,75,70,5,5
57962,77,76,1,1
57963,79,77,2,2
57964,106,97,9,9
57965,52,65,-13,13
57966,107,84,23,23
57967,89,90,-1,1
57968,150,138,12,12
57969,84,84,0,0
57970,78,80,-2,2
57971,124,112,12,12
57972,58,62,-4,4
57973,110,107,3,3
57974,108,105,3,3
57975,95,105,-10,10
57976,139,124,15,15
57977,92,89,3,3
57978,63,69,-6,6
57979,81,84,-3,3
57980,103,89,14,14
57981,75,74,1,1
57982,75,81,-6,6
57983,125,116,9,9
57984,98,104,-6,6
57985,101,96,5,5
57986,73,80,-7,7
57987,95,90,5,5
57988,120,109,11,11
57989,90,102,-12,12
57990,178,153,25,25
57991,111,109,2,2
57992,90,87,3,3
57993,91,76,15,15
57994,92,79,13,13
57995,77,76,1,1
57996,87,82,5,5
57997,121,116,5,5
57998,99,91,8,8
57999,119,122,-3,3
58000,85,94,-9,9
58001,102,98,4,4
58002,102,95,7,7
58003,68,65,3,3
58004,159,136,23,23
58005,91,76,15,15
58006,85,88,-3,3
58007,77,87,-10,10
58008,136,131,5,5
58009,182,161,21,21
58010,101,98,3,3
58011,63,60,3,3
58012,89,100,-11,11
58013,78,79,-1,1
58014,104,98,6,6
58015,113,104,9,9
58016,88,88,0,0
58017,87,84,3,3
58018,182,157,25,25
58019,97,93,4,4
58020,123,114,9,9
58021,93,118,-25,25
58022,77,66,11,11
58023,87,82,5,5
58024,71,73,-2,2
58025,60,60,0,0
58026,95,97,-2,2
58027,92,84,8,8
58028,78,74,4,4
58029,84,87,-3,3
58030,153,137,16,16
58031,140,140,0,0
58032,99,86,13,13
58033,57,61,-4,4
58034,83,85,-2,2
58035,79,74,5,5
58036,87,87,0,0
58037,85,103,-18,18
58038,80,79,1,1
58039,69,75,-6,6
58040,68,72,-4,4
58041,94,95,-1,1
58042,79,84,-5,5
58043,115,108,7,7
58044,59,63,-4,4
58045,183,179,4,4
58046,64,65,-1,1
58047,109,100,9,9
58048,54,51,3,3
58049,62,62,0,0
58050,69,82,-13,13
58051,62,61,1,1
58052,71,71,0,0
58053,140,130,10,10
58054,73,71,2,2
58055,124,119,5,5
58056,86,91,-5,5
58057,142,145,-3,3
58058,170,161,9,9
58059,69,67,2,2
58060,124,119,5,5
58061,123,122,1,1
58062,104,86,18,18
58063,65,74,-9,9
58064,110,107,3,3
58065,80,76,4,4
58066,66,70,-4,4
58067,96,92,4,4
58068,116,117,-1,1
58069,74,71,3,3
58070,59,59,0,0
58071,64,60,4,4
58072,115,115,0,0
58073,89,81,8,8
58074,136,115,21,21
58075,51,53,-2,2
58076,73,72,1,1
58077,68,73,-5,5
58078,116,108,8,8
58079,135,135,0,0
58080,29,34,-5,5
58081,96,86,10,10
58082,38,49,-11,11
58083,170,167,3,3
58084,125,118,7,7
58085,160,140,20,20
58086,108,112,-4,4
58087,144,132,12,12
58088,70,65,5,5
58089,100,93,7,7
58090,62,65,-3,3
58091,129,122,7,7
58092,99,86,13,13
58093,93,96,-3,3
58094,108,93,15,15
58095,59,59,0,0
58096,43,44,-1,1
58097,119,105,14,14
58098,71,65,6,6
58099,147,158,-11,11
58100,60,62,-2,2
58101,79,85,-6,6
58102,64,70,-6,6
58103,73,74,-1,1
58104,105,104,1,1
58105,80,77,3,3
58106,79,84,-5,5
58107,90,85,5,5
58108,89,79,10,10
58109,73,69,4,4
58110,113,112,1,1
58111,78,82,-4,4
58112,63,82,-19,19
58113,142,126,16,16
58114,145,151,-6,6
58115,95,95,0,0
58116,101,95,6,6
58117,126,112,14,14
58118,154,136,18,18
58119,184,149,35,35
58120,116,114,2,2
58121,84,85,-1,1
58122,129,124,5,5
58123,74,74,0,0
58124,97,90,7,7
58125,88,105,-17,17
58126,102,103,-1,1
58127,69,72,-3,3
58128,73,79,-6,6
58129,77,68,9,9
58130,98,94,4,4
58131,78,79,-1,1
58132,108,87,21,21
58133,78,78,0,0
58134,86,92,-6,6
58135,70,66,4,4
58136,70,73,-3,3
58137,78,73,5,5
58138,81,76,5,5
58139,55,66,-11,11
58140,37,34,3,3
58141,80,78,2,2
58142,68,69,-1,1
58143,130,125,5,5
58144,100,93,7,7
58145,71,76,-5,5
58146,97,95,2,2
58147,147,140,7,7
58148,93,95,-2,2
58149,165,159,6,6
58150,70,74,-4,4
58151,59,68,-9,9
58152,46,46,0,0
58153,132,111,21,21
58154,90,76,14,14
58155,208,197,11,11
58156,124,123,1,1
58157,92,96,-4,4
58158,75,73,2,2
58159,103,95,8,8
58160,47,56,-9,9
58161,72,64,8,8
58162,65,69,-4,4
58163,107,106,1,1
58164,131,125,6,6
58165,67,74,-7,7
58166,119,110,9,9
58167,63,66,-3,3
58168,153,131,22,22
58169,72,75,-3,3
58170,131,139,-8,8
58171,92,85,7,7
58172,70,71,-1,1
58173,93,97,-4,4
58174,48,67,-19,19
58175,75,70,5,5
58176,185,175,10,10
58177,90,75,15,15
58178,53,56,-3,3
58179,130,125,5,5
58180,139,134,5,5
58181,92,93,-1,1
58182,77,104,-27,27
58183,130,114,16,16
58184,88,80,8,8
58185,68,75,-7,7
58186,144,118,26,26
58187,73,75,-2,2
58188,136,131,5,5
58189,115,105,10,10
58190,79,83,-4,4
58191,97,93,4,4
58192,70,69,1,1
58193,76,80,-4,4
58194,110,101,9,9
58195,103,111,-8,8
58196,106,104,2,2
58197,82,80,2,2
58198,82,86,-4,4
58199,64,65,-1,1
58200,108,103,5,5
58201,162,147,15,15
58202,64,69,-5,5
58203,42,45,-3,3
58204,128,120,8,8
58205,93,84,9,9
58206,83,76,7,7
58207,75,68,7,7
58208,113,103,10,10
58209,131,120,11,11
58210,70,66,4,4
58211,82,84,-2,2
58212,53,58,-5,5
58213,92,91,1,1
58214,123,113,10,10
58215,132,119,13,13
58216,71,70,1,1
58217,83,84,-1,1
58218,52,56,-4,4
58219,102,97,5,5
58220,51,59,-8,8
58221,90,79,11,11
58222,121,122,-1,1
58223,125,121,4,4
58224,66,66,0,0
58225,99,106,-7,7
58226,71,83,-12,12
58227,103,97,6,6
58228,87,86,1,1
58229,130,125,5,5
58230,74,74,0,0
58231,171,155,16,16
58232,146,120,26,26
58233,81,79,2,2
58234,72,67,5,5
58235,81,93,-12,12
58236,58,60,-2,2
58237,111,102,9,9
58238,148,142,6,6
58239,76,74,2,2
58240,78,74,4,4
58241,91,91,0,0
58242,91,91,0,0
58243,70,72,-2,2
58244,155,131,24,24
58245,89,92,-3,3
58246,55,53,2,2
58247,97,84,13,13
58248,71,71,0,0
58249,134,135,-1,1
58250,85,74,11,11
58251,76,71,5,5
58252,98,106,-8,8
58253,51,58,-7,7
58254,111,102,9,9
58255,59,65,-6,6
58256,112,103,9,9
58257,43,34,9,9
58258,122,107,15,15
58259,62,76,-14,14
58260,57,58,-1,1
58261,94,101,-7,7
58262,92,89,3,3
58263,113,115,-2,2
58264,125,116,9,9
58265,98,98,0,0
58266,58,59,-1,1
58267,110,102,8,8
58268,69,73,-4,4
58269,57,67,-10,10
58270,54,53,1,1
58271,69,68,1,1
58272,84,95,-11,11
58273,81,94,-13,13
58274,72,73,-1,1
58275,120,110,10,10
58276,59,64,-5,5
58277,121,110,11,11
58278,54,65,-11,11
58279,62,62,0,0
58280,83,75,8,8
58281,85,78,7,7
58282,102,101,1,1
58283,109,96,13,13
58284,128,133,-5,5
58285,128,110,18,18
58286,155,118,37,37
58287,75,77,-2,2
58288,44,34,10,10
58289,106,102,4,4
58290,122,108,14,14
58291,99,93,6,6
58292,76,75,1,1
58293,93,86,7,7
58294,59,64,-5,5
58295,115,104,11,11
58296,147,132,15,15
58297,104,103,1,1
58298,56,62,-6,6
58299,119,110,9,9
58300,92,96,-4,4
58301,55,62,-7,7
58302,70,65,5,5
58303,79,80,-1,1
58304,106,97,9,9
58305,141,123,18,18
58306,142,135,7,7
58307,100,97,3,3
58308,71,70,1,1
58309,37,34,3,3
58310,58,60,-2,2
58311,107,109,-2,2
58312,104,99,5,5
58313,125,119,6,6
58314,95,121,-26,26
58315,164,147,17,17
58316,45,59,-14,14
58317,86,77,9,9
58318,101,97,4,4
58319,117,107,10,10
58320,85,93,-8,8
58321,60,63,-3,3
58322,141,143,-2,2
58323,101,100,1,1
58324,113,95,18,18
58325,108,107,1,1
58326,86,83,3,3
58327,121,106,15,15
58328,165,171,-6,6
58329,58,61,-3,3
58330,165,157,8,8
58331,99,97,2,2
58332,77,81,-4,4
58333,120,111,9,9
58334,132,116,16,16
58335,138,118,20,20
58336,104,120,-16,16
58337,59,60,-1,1
58338,68,65,3,3
58339,76,78,-2,2
58340,81,87,-6,6
58341,126,119,7,7
58342,125,98,27,27
58343,39,34,5,5
58344,103,79,24,24
58345,64,70,-6,6
58346,120,107,13,13
58347,53,60,-7,7
58348,81,75,6,6
58349,128,117,11,11
58350,75,74,1,1
58351,67,62,5,5
58352,158,137,21,21
58353,77,90,-13,13
58354,140,135,5,5
58355,75,80,-5,5
58356,114,111,3,3
58357,82,79,3,3
58358,96,94,2,2
58359,142,126,16,16
58360,84,93,-9,9
58361,84,71,13,13
58362,69,68,1,1
58363,63,67,-4,4
58364,83,84,-1,1
58365,136,129,7,7
58366,107,101,6,6
58367,95,92,3,3
58368,157,133,24,24
58369,89,87,2,2
58370,85,84,1,1
58371,102,99,3,3
58372,103,103,0,0
58373,88,82,6,6
58374,100,94,6,6
58375,69,68,1,1
58376,84,74,10,10
58377,32,34,-2,2
58378,52,57,-5,5
58379,156,141,15,15
58380,71,66,5,5
58381,114,100,14,14
58382,83,81,2,2
58383,81,78,3,3
58384,164,139,25,25
58385,109,99,10,10
58386,89,92,-3,3
58387,125,104,21,21
58388,82,74,8,8
58389,73,75,-2,2
58390,117,135,-18,18
58391,69,72,-3,3
58392,98,91,7,7
58393,114,96,18,18
58394,86,82,4,4
58395,112,99,13,13
58396,96,98,-2,2
58397,113,104,9,9
58398,86,95,-9,9
58399,130,122,8,8
58400,80,76,4,4
58401,134,130,4,4
58402,158,153,5,5
58403,59,59,0,0
58404,55,63,-8,8
58405,87,90,-3,3
58406,42,47,-5,5
58407,76,74,2,2
58408,62,59,3,3
58409,119,109,10,10
58410,103,100,3,3
58411,172,166,6,6
58412,134,131,3,3
58413,68,67,1,1
58414,62,57,5,5
58415,57,65,-8,8
58416,147,132,15,15
58417,93,92,1,1
58418,116,106,10,10
58419,161,151,10,10
58420,79,92,-13,13
58421,148,142,6,6
58422,118,110,8,8
58423,46,60,-14,14
58424,130,130,0,0
58425,163,146,17,17
58426,56,61,-5,5
58427,74,71,3,3
58428,66,75,-9,9
58429,84,73,11,11
58430,76,79,-3,3
58431,88,80,8,8
58432,69,68,1,1
58433,60,65,-5,5
58434,75,74,1,1
58435,164,146,18,18
58436,71,80,-9,9
58437,125,101,24,24
58438,86,89,-3,3
58439,62,60,2,2
58440,82,81,1,1
58441,55,58,-3,3
58442,58,73,-15,15
58443,52,65,-13,13
58444,107,97,10,10
58445,82,88,-6,6
58446,118,110,8,8
58447,104,97,7,7
58448,65,64,1,1
58449,148,153,-5,5
58450,104,103,1,1
58451,189,171,18,18
58452,126,129,-3,3
58453,92,80,12,12
58454,122,117,5,5
58455,75,74,1,1
58456,99,97,2,2
58457,99,90,9,9
58458,154,146,8,8
58459,89,94,-5,5
58460,145,140,5,5
58461,81,71,10,10
58462,146,150,-4,4
58463,171,169,2,2
58464,52,54,-2,2
58465,81,75,6,6
58466,102,95,7,7
58467,137,143,-6,6
58468,43,41,2,2
58469,93,92,1,1
58470,62,63,-1,1
58471,110,98,12,12
58472,78,73,5,5
58473,112,113,-1,1
58474,64,69,-5,5
58475,52,51,1,1
58476,51,68,-17,17
58477,71,77,-6,6
58478,62,64,-2,2
58479,54,51,3,3
58480,81,67,14,14
58481,156,131,25,25
58482,76,76,0,0
58483,74,68,6,6
58484,63,68,-5,5
58485,59,54,5,5
58486,45,40,5,5
58487,127,105,22,22
58488,110,99,11,11
58489,68,69,-1,1
58490,89,88,1,1
58491,64,64,0,0
58492,116,118,-2,2
58493,68,73,-5,5
58494,211,203,8,8
58495,93,87,6,6
58496,79,77,2,2
58497,84,82,2,2
58498,73,70,3,3
58499,82,76,6,6
58500,80,96,-16,16
58501,75,76,-1,1
58502,83,84,-1,1
58503,123,114,9,9
58504,52,47,5,5
58505,133,122,11,11
58506,90,84,6,6
58507,70,69,1,1
58508,74,79,-5,5
58509,84,85,-1,1
58510,90,90,0,0
58511,92,90,2,2
58512,55,65,-10,10
58513,62,67,-5,5
58514,120,114,6,6
58515,84,85,-1,1
58516,83,73,10,10
58517,95,110,-15,15
58518,79,72,7,7
58519,89,90,-1,1
58520,149,135,14,14
58521,81,110,-29,29
58522,91,94,-3,3
58523,87,74,13,13
58524,76,78,-2,2
58525,45,42,3,3
58526,226,217,9,9
58527,125,115,10,10
58528,148,156,-8,8
58529,60,64,-4,4
58530,134,126,8,8
58531,165,149,16,16
58532,129,115,14,14
58533,65,64,1,1
58534,89,84,5,5
58535,95,98,-3,3
58536,83,81,2,2
58537,79,76,3,3
58538,111,101,10,10
58539,83,80,3,3
58540,121,113,8,8
58541,97,94,3,3
58542,114,110,4,4
58543,55,54,1,1
58544,118,111,7,7
58545,95,86,9,9
58546,80,76,4,4
58547,112,111,1,1
58548,127,114,13,13
58549,140,128,12,12
58550,100,157,-57,57
58551,50,55,-5,5
58552,130,122,8,8
58553,77,77,0,0
58554,86,93,-7,7
58555,117,100,17,17
58556,163,154,9,9
58557,78,79,-1,1
58558,118,110,8,8
58559,110,110,0,0
58560,93,81,12,12
58561,76,90,-14,14
58562,71,65,6,6
58563,85,85,0,0
58564,39,38,1,1
58565,77,82,-5,5
58566,57,58,-1,1
58567,68,69,-1,1
58568,74,73,1,1
58569,80,75,5,5
58570,86,88,-2,2
58571,55,57,-2,2
58572,129,108,21,21
58573,181,179,2,2
58574,71,72,-1,1
58575,106,124,-18,18
58576,43,46,-3,3
58577,157,148,9,9
58578,68,69,-1,1
58579,134,118,16,16
58580,137,141,-4,4
58581,71,71,0,0
58582,48,49,-1,1
58583,45,56,-11,11
58584,75,76,-1,1
58585,67,79,-12,12
58586,108,94,14,14
58587,81,78,3,3
58588,94,94,0,0
58589,229,216,13,13
58590,58,64,-6,6
58591,75,80,-5,5
58592,97,111,-14,14
58593,142,134,8,8
58594,196,157,39,39
58595,78,79,-1,1
58596,101,108,-7,7
58597,100,93,7,7
58598,82,76,6,6
58599,100,98,2,2
58600,81,84,-3,3
58601,81,86,-5,5
58602,106,117,-11,11
58603,74,69,5,5
58604,77,85,-8,8
58605,124,114,10,10
58606,35,34,1,1
58607,76,78,-2,2
58608,106,101,5,5
58609,83,85,-2,2
58610,82,85,-3,3
58611,77,76,1,1
58612,113,107,6,6
58613,86,79,7,7
58614,115,104,11,11
58615,98,92,6,6
58616,69,77,-8,8
58617,90,93,-3,3
58618,99,90,9,9
58619,59,69,-10,10
58620,109,98,11,11
58621,72,76,-4,4
58622,130,120,10,10
58623,118,116,2,2
58624,113,106,7,7
58625,98,95,3,3
58626,102,91,11,11
58627,142,124,18,18
58628,95,102,-7,7
58629,89,89,0,0
58630,45,61,-16,16
58631,35,32,3,3
58632,54,60,-6,6
58633,102,86,16,16
58634,27,27,0,0
58635,66,66,0,0
58636,35,40,-5,5
58637,115,105,10,10
58638,148,140,8,8
58639,98,88,10,10
58640,115,109,6,6
58641,79,85,-6,6
58642,84,83,1,1
58643,147,137,10,10
58644,79,73,6,6
58645,62,64,-2,2
58646,95,86,9,9
58647,71,71,0,0
58648,66,70,-4,4
58649,84,84,0,0
58650,142,128,14,14
58651,142,123,19,19
58652,91,87,4,4
58653,102,94,8,8
58654,105,133,-28,28
58655,66,62,4,4
58656,83,88,-5,5
58657,63,65,-2,2
58658,66,72,-6,6
58659,109,117,-8,8
58660,71,66,5,5
58661,92,90,2,2
58662,139,140,-1,1
58663,117,112,5,5
58664,120,115,5,5
58665,94,109,-15,15
58666,99,95,4,4
58667,58,58,0,0
58668,129,123,6,6
58669,66,75,-9,9
58670,126,106,20,20
58671,111,115,-4,4
58672,54,56,-2,2
58673,153,126,27,27
58674,82,81,1,1
58675,56,62,-6,6
58676,59,65,-6,6
58677,146,126,20,20
58678,64,66,-2,2
58679,56,58,-2,2
58680,60,62,-2,2
58681,21,45,-24,24
58682,132,130,2,2
58683,85,85,0,0
58684,113,104,9,9
58685,81,78,3,3
58686,110,107,3,3
58687,98,90,8,8
58688,86,89,-3,3
58689,102,97,5,5
58690,129,145,-16,16
58691,89,83,6,6
58692,121,120,1,1
58693,104,100,4,4
58694,63,69,-6,6
58695,138,118,20,20
58696,119,130,-11,11
58697,92,86,6,6
58698,113,104,9,9
58699,97,95,2,2
58700,162,148,14,14
58701,41,46,-5,5
58702,112,110,2,2
58703,124,116,8,8
58704,76,74,2,2
58705,116,115,1,1
58706,86,79,7,7
58707,69,65,4,4
58708,99,103,-4,4
58709,65,68,-3,3
58710,70,80,-10,10
58711,111,97,14,14
58712,79,73,6,6
58713,92,94,-2,2
58714,92,82,10,10
58715,126,120,6,6
58716,109,104,5,5
58717,65,73,-8,8
58718,79,74,5,5
58719,160,150,10,10
58720,75,82,-7,7
58721,95,87,8,8
58722,97,91,6,6
58723,102,95,7,7
58724,75,72,3,3
58725,119,117,2,2
58726,31,32,-1,1
58727,137,121,16,16
58728,99,105,-6,6
58729,135,124,11,11
58730,143,138,5,5
58731,128,119,9,9
58732,135,128,7,7
58733,56,56,0,0
58734,79,72,7,7
58735,157,134,23,23
58736,103,111,-8,8
58737,147,137,10,10
58738,78,76,2,2
58739,124,115,9,9
58740,57,63,-6,6
58741,63,79,-16,16
58742,79,70,9,9
58743,87,90,-3,3
58744,105,96,9,9
58745,119,110,9,9
58746,41,34,7,7
58747,62,69,-7,7
58748,148,149,-1,1
58749,113,105,8,8
58750,236,210,26,26
58751,49,55,-6,6
58752,78,83,-5,5
58753,105,102,3,3
58754,136,122,14,14
58755,93,92,1,1
58756,55,61,-6,6
58757,87,89,-2,2
58758,67,75,-8,8
58759,113,102,11,11
58760,52,55,-3,3
58761,102,121,-19,19
58762,149,128,21,21
58763,65,74,-9,9
58764,106,95,11,11
58765,88,83,5,5
58766,175,154,21,21
58767,116,118,-2,2
58768,128,121,7,7
58769,86,84,2,2
58770,154,124,30,30
58771,93,89,4,4
58772,65,95,-30,30
58773,119,112,7,7
58774,81,77,4,4
58775,93,102,-9,9
58776,77,80,-3,3
58777,144,115,29,29
58778,105,104,1,1
58779,111,94,17,17
58780,143,127,16,16
58781,96,92,4,4
58782,86,94,-8,8
58783,78,75,3,3
58784,136,124,12,12
58785,82,77,5,5
58786,91,85,6,6
58787,83,86,-3,3
58788,106,104,2,2
58789,94,95,-1,1
58790,99,100,-1,1
58791,78,73,5,5
58792,154,140,14,14
58793,77,67,10,10
58794,184,168,16,16
58795,192,172,20,20
58796,77,75,2,2
58797,105,106,-1,1
58798,62,69,-7,7
58799,103,97,6,6
58800,59,62,-3,3
58801,77,71,6,6
58802,155,151,4,4
58803,90,84,6,6
58804,98,116,-18,18
58805,93,90,3,3
58806,132,129,3,3
58807,115,110,5,5
58808,67,67,0,0
58809,198,190,8,8
58810,90,85,5,5
58811,114,106,8,8
58812,108,104,4,4
58813,77,80,-3,3
58814,114,117,-3,3
58815,126,132,-6,6
58816,86,84,2,2
58817,67,68,-1,1
58818,108,102,6,6
58819,92,89,3,3
58820,123,118,5,5
58821,96,97,-1,1
58822,64,65,-1,1
58823,166,155,11,11
58824,218,205,13,13
58825,89,90,-1,1
58826,76,78,-2,2
58827,69,69,0,0
58828,122,117,5,5
58829,115,113,2,2
58830,87,105,-18,18
58831,119,110,9,9
58832,95,86,9,9
58833,82,80,2,2
58834,57,61,-4,4
58835,100,102,-2,2
58836,86,80,6,6
58837,101,90,11,11
58838,65,59,6,6
58839,106,99,7,7
58840,75,73,2,2
58841,142,125,17,17
58842,81,74,7,7
58843,77,82,-5,5
58844,59,59,0,0
58845,130,113,17,17
58846,100,92,8,8
58847,92,93,-1,1
58848,55,62,-7,7
58849,101,124,-23,23
58850,66,66,0,0
58851,108,93,15,15
58852,83,84,-1,1
58853,69,66,3,3
58854,140,124,16,16
58855,87,82,5,5
58856,96,94,2,2
58857,167,137,30,30
58858,72,70,2,2
58859,88,89,-1,1
58860,124,113,11,11
58861,91,94,-3,3
58862,51,54,-3,3
58863,87,69,18,18
58864,92,92,0,0
58865,58,61,-3,3
58866,45,46,-1,1
58867,95,86,9,9
58868,134,117,17,17
58869,91,91,0,0
58870,121,108,13,13
58871,51,49,2,2
58872,58,59,-1,1
58873,48,53,-5,5
58874,75,77,-2,2
58875,46,56,-10,10
58876,56,62,-6,6
58877,87,82,5,5
58878,47,65,-18,18
58879,88,91,-3,3
58880,112,101,11,11
58881,56,62,-6,6
58882,104,100,4,4
58883,61,61,0,0
58884,96,93,3,3
58885,113,100,13,13
58886,66,63,3,3
58887,153,148,5,5
58888,115,115,0,0
58889,100,99,1,1
58890,73,70,3,3
58891,89,74,15,15
58892,101,106,-5,5
58893,82,91,-9,9
58894,89,96,-7,7
58895,94,97,-3,3
58896,93,85,8,8
58897,113,110,3,3
58898,129,119,10,10
58899,68,64,4,4
58900,68,64,4,4
58901,94,89,5,5
58902,157,142,15,15
58903,99,93,6,6
58904,54,63,-9,9
58905,123,112,11,11
58906,94,80,14,14
58907,183,173,10,10
58908,74,71,3,3
58909,59,61,-2,2
58910,173,155,18,18
58911,122,112,10,10
58912,75,71,4,4
58913,77,80,-3,3
58914,63,66,-3,3
58915,90,94,-4,4
58916,56,64,-8,8
58917,82,82,0,0
58918,86,102,-16,16
58919,149,142,7,7
58920,108,98,10,10
58921,73,72,1,1
58922,67,71,-4,4
58923,93,93,0,0
58924,55,57,-2,2
58925,108,109,-1,1
58926,118,107,11,11
58927,30,34,-4,4
58928,70,56,14,14
58929,94,92,2,2
58930,84,80,4,4
58931,77,73,4,4
58932,64,62,2,2
58933,103,98,5,5
58934,93,113,-20,20
58935,91,84,7,7
58936,65,69,-4,4
58937,108,99,9,9
58938,117,103,14,14
58939,45,46,-1,1
58940,113,112,1,1
58941,70,68,2,2
58942,75,93,-18,18
58943,79,78,1,1
58944,59,58,1,1
58945,59,59,0,0
58946,42,55,-13,13
58947,96,85,11,11
58948,109,99,10,10
58949,95,99,-4,4
58950,126,118,8,8
58951,89,91,-2,2
58952,99,98,1,1
58953,145,143,2,2
58954,108,102,6,6
58955,84,84,0,0
58956,82,84,-2,2
58957,171,154,17,17
58958,103,91,12,12
58959,118,108,10,10
58960,180,156,24,24
58961,61,64,-3,3
58962,163,140,23,23
58963,135,142,-7,7
58964,152,135,17,17
58965,109,91,18,18
58966,61,67,-6,6
58967,108,106,2,2
58968,181,182,-1,1
58969,104,106,-2,2
58970,105,97,8,8
58971,68,72,-4,4
58972,116,137,-21,21
58973,144,130,14,14
58974,85,79,6,6
58975,141,144,-3,3
58976,152,151,1,1
58977,114,113,1,1
58978,143,130,13,13
58979,155,145,10,10
58980,191,170,21,21
58981,102,92,10,10
58982,77,74,3,3
58983,97,100,-3,3
58984,85,93,-8,8
58985,82,74,8,8
58986,83,78,5,5
58987,64,65,-1,1
58988,135,127,8,8
58989,86,80,6,6
58990,59,58,1,1
58991,71,63,8,8
58992,65,56,9,9
58993,134,123,11,11
58994,85,85,0,0
58995,159,147,12,12
58996,145,144,1,1
58997,66,71,-5,5
58998,71,74,-3,3
58999,154,128,26,26
59000,159,158,1,1
59001,50,53,-3,3
59002,95,101,-6,6
59003,81,77,4,4
59004,128,110,18,18
59005,79,76,3,3
59006,93,96,-3,3
59007,156,147,9,9
59008,107,95,12,12
59009,48,53,-5,5
59010,49,54,-5,5
59011,52,104,-52,52
59012,43,51,-8,8
59013,166,153,13,13
59014,59,63,-4,4
59015,97,91,6,6
59016,143,150,-7,7
59017,107,112,-5,5
59018,122,114,8,8
59019,77,73,4,4
59020,77,77,0,0
59021,52,57,-5,5
59022,70,69,1,1
59023,93,89,4,4
59024,93,103,-10,10
59025,110,112,-2,2
59026,53,58,-5,5
59027,67,64,3,3
59028,185,170,15,15
59029,90,76,14,14
59030,107,99,8,8
59031,148,148,0,0
59032,119,118,1,1
59033,95,103,-8,8
59034,112,96,16,16
59035,171,175,-4,4
59036,110,86,24,24
59037,76,82,-6,6
59038,99,91,8,8
59039,94,98,-4,4
59040,107,109,-2,2
59041,73,74,-1,1
59042,133,114,19,19
59043,70,76,-6,6
59044,80,68,12,12
59045,149,134,15,15
59046,78,56,22,22
59047,95,91,4,4
59048,79,84,-5,5
59049,42,56,-14,14
59050,73,68,5,5
59051,346,276,70,70
59052,70,34,36,36
59053,75,77,-2,2
59054,144,142,2,2
59055,63,63,0,0
59056,80,80,0,0
59057,124,107,17,17
59058,69,68,1,1
59059,99,94,5,5
59060,140,113,27,27
59061,117,109,8,8
59062,58,62,-4,4
59063,84,85,-1,1
59064,47,49,-2,2
59065,86,80,6,6
59066,52,60,-8,8
59067,77,78,-1,1
59068,69,70,-1,1
59069,107,99,8,8
59070,118,103,15,15
59071,81,93,-12,12
59072,109,98,11,11
59073,97,100,-3,3
59074,85,86,-1,1
59075,81,72,9,9
59076,65,63,2,2
59077,101,110,-9,9
59078,90,98,-8,8
59079,68,76,-8,8
59080,59,57,2,2
59081,97,94,3,3
59082,104,98,6,6
59083,52,51,1,1
59084,58,63,-5,5
59085,64,71,-7,7
59086,92,88,4,4
59087,179,157,22,22
59088,112,99,13,13
59089,100,107,-7,7
59090,60,59,1,1
59091,102,99,3,3
59092,111,101,10,10
59093,100,91,9,9
59094,80,74,6,6
59095,89,81,8,8
59096,124,125,-1,1
59097,70,71,-1,1
59098,85,91,-6,6
59099,79,82,-3,3
59100,74,73,1,1
59101,66,62,4,4
59102,75,79,-4,4
59103,83,84,-1,1
59104,65,71,-6,6
59105,119,114,5,5
59106,102,94,8,8
59107,81,83,-2,2
59108,77,77,0,0
59109,81,78,3,3
59110,94,95,-1,1
59111,103,102,1,1
59112,104,98,6,6
59113,118,99,19,19
59114,90,86,4,4
59115,71,74,-3,3
59116,114,105,9,9
59117,120,95,25,25
59118,85,78,7,7
59119,79,79,0,0
59120,49,48,1,1
59121,74,71,3,3
59122,99,95,4,4
59123,106,108,-2,2
59124,89,89,0,0
59125,21,34,-13,13
59126,114,110,4,4
59127,90,98,-8,8
59128,129,118,11,11
59129,64,62,2,2
59130,44,46,-2,2
59131,150,129,21,21
59132,136,130,6,6
59133,119,119,0,0
59134,68,77,-9,9
59135,87,95,-8,8
59136,66,71,-5,5
59137,103,101,2,2
59138,117,112,5,5
59139,111,96,15,15
59140,112,88,24,24
59141,101,96,5,5
59142,143,138,5,5
59143,81,80,1,1
59144,180,152,28,28
59145,61,62,-1,1
59146,131,123,8,8
59147,70,70,0,0
59148,107,106,1,1
59149,135,116,19,19
59150,92,86,6,6
59151,81,77,4,4
59152,108,101,7,7
59153,90,85,5,5
59154,86,74,12,12
59155,127,115,12,12
59156,47,55,-8,8
59157,130,121,9,9
59158,84,90,-6,6
59159,79,76,3,3
59160,91,89,2,2
59161,120,107,13,13
59162,80,80,0,0
59163,59,65,-6,6
59164,81,90,-9,9
59165,143,137,6,6
59166,117,99,18,18
59167,143,134,9,9
59168,154,123,31,31
59169,57,63,-6,6
59170,69,66,3,3
59171,44,47,-3,3
59172,84,93,-9,9
59173,96,89,7,7
59174,80,76,4,4
59175,61,73,-12,12
59176,64,73,-9,9
59177,67,70,-3,3
59178,108,100,8,8
59179,87,87,0,0
59180,87,81,6,6
59181,112,95,17,17
59182,147,140,7,7
59183,143,133,10,10
59184,124,113,11,11
59185,160,141,19,19
59186,109,106,3,3
59187,71,67,4,4
59188,138,126,12,12
59189,76,75,1,1
59190,96,86,10,10
59191,94,90,4,4
59192,44,43,1,1
59193,83,87,-4,4
59194,49,53,-4,4
59195,75,85,-10,10
59196,104,107,-3,3
59197,75,74,1,1
59198,93,90,3,3
59199,96,99,-3,3
59200,81,88,-7,7
59201,80,76,4,4
59202,97,79,18,18
59203,65,69,-4,4
59204,46,55,-9,9
59205,79,82,-3,3
59206,88,86,2,2
59207,62,75,-13,13
59208,84,76,8,8
59209,70,70,0,0
59210,129,128,1,1
59211,104,76,28,28
59212,116,116,0,0
59213,126,115,11,11
59214,95,97,-2,2
59215,66,65,1,1
59216,81,77,4,4
59217,133,112,21,21
59218,95,95,0,0
59219,151,134,17,17
59220,88,87,1,1
59221,110,106,4,4
59222,69,61,8,8
59223,106,95,11,11
59224,64,70,-6,6
59225,126,110,16,16
59226,41,49,-8,8
59227,97,92,5,5
59228,46,69,-23,23
59229,52,67,-15,15
59230,66,60,6,6
59231,81,76,5,5
59232,81,84,-3,3
59233,85,81,4,4
59234,35,34,1,1
59235,118,107,11,11
59236,94,91,3,3
59237,92,79,13,13
59238,55,60,-5,5
59239,99,93,6,6
59240,68,70,-2,2
59241,56,57,-1,1
59242,97,99,-2,2
59243,110,113,-3,3
59244,152,134,18,18
59245,40,42,-2,2
59246,52,63,-11,11
59247,169,167,2,2
59248,160,141,19,19
59249,78,73,5,5
59250,77,86,-9,9
59251,40,39,1,1
59252,93,112,-19,19
59253,115,104,11,11
59254,108,108,0,0
59255,69,72,-3,3
59256,126,148,-22,22
59257,133,139,-6,6
59258,116,112,4,4
59259,76,88,-12,12
59260,42,45,-3,3
59261,74,79,-5,5
59262,145,134,11,11
59263,72,67,5,5
59264,103,107,-4,4
59265,67,70,-3,3
59266,139,120,19,19
59267,93,87,6,6
59268,112,103,9,9
59269,176,161,15,15
59270,70,69,1,1
59271,158,127,31,31
59272,71,70,1,1
59273,47,34,13,13
59274,93,83,10,10
59275,57,68,-11,11
59276,75,70,5,5
59277,62,73,-11,11
59278,104,121,-17,17
59279,143,135,8,8
59280,83,77,6,6
59281,75,70,5,5
59282,92,87,5,5
59283,60,75,-15,15
59284,117,110,7,7
59285,64,67,-3,3
59286,61,63,-2,2
59287,87,76,11,11
59288,175,173,2,2
59289,58,58,0,0
59290,77,66,11,11
59291,96,78,18,18
59292,120,121,-1,1
59293,176,156,20,20
59294,132,123,9,9
59295,67,69,-2,2
59296,73,74,-1,1
59297,120,136,-16,16
59298,71,73,-2,2
59299,63,62,1,1
59300,74,68,6,6
59301,35,54,-19,19
59302,129,113,16,16
59303,132,132,0,0
59304,75,78,-3,3
59305,122,110,12,12
59306,89,86,3,3
59307,90,82,8,8
59308,71,72,-1,1
59309,92,81,11,11
59310,184,162,22,22
59311,59,87,-28,28
59312,90,90,0,0
59313,100,109,-9,9
59314,83,78,5,5
59315,83,84,-1,1
59316,78,77,1,1
59317,106,100,6,6
59318,107,107,0,0
59319,45,49,-4,4
59320,82,84,-2,2
59321,85,91,-6,6
59322,109,88,21,21
59323,70,73,-3,3
59324,70,75,-5,5
59325,109,106,3,3
59326,62,62,0,0
59327,63,71,-8,8
59328,67,74,-7,7
59329,38,34,4,4
59330,45,34,11,11
59331,111,98,13,13
59332,99,110,-11,11
59333,52,58,-6,6
59334,93,89,4,4
59335,103,114,-11,11
59336,86,84,2,2
59337,69,69,0,0
59338,52,80,-28,28
59339,215,178,37,37
59340,90,85,5,5
59341,54,58,-4,4
59342,110,100,10,10
59343,97,85,12,12
59344,150,109,41,41
59345,142,124,18,18
59346,57,70,-13,13
59347,116,106,10,10
59348,177,152,25,25
59349,109,105,4,4
59350,78,77,1,1
59351,79,79,0,0
59352,51,58,-7,7
59353,80,80,0,0
59354,99,106,-7,7
59355,49,50,-1,1
59356,153,149,4,4
59357,174,161,13,13
59358,100,97,3,3
59359,147,126,21,21
59360,75,87,-12,12
59361,138,122,16,16
59362,78,74,4,4
59363,77,82,-5,5
59364,93,80,13,13
59365,148,134,14,14
59366,176,154,22,22
59367,74,73,1,1
59368,178,180,-2,2
59369,107,110,-3,3
59370,103,96,7,7
59371,125,115,10,10
59372,119,105,14,14
59373,98,95,3,3
59374,69,63,6,6
59375,72,70,2,2
59376,81,92,-11,11
59377,54,62,-8,8
59378,110,106,4,4
59379,84,84,0,0
59380,148,138,10,10
59381,61,58,3,3
59382,94,99,-5,5
59383,79,92,-13,13
59384,77,74,3,3
59385,83,83,0,0
59386,102,86,16,16
59387,99,93,6,6
59388,104,96,8,8
59389,128,130,-2,2
59390,73,77,-4,4
59391,85,81,4,4
59392,123,130,-7,7
59393,87,90,-3,3
59394,135,116,19,19
59395,71,68,3,3
59396,81,94,-13,13
59397,64,62,2,2
59398,71,70,1,1
59399,105,99,6,6
59400,59,57,2,2
59401,140,128,12,12
59402,161,150,11,11
59403,100,91,9,9
59404,89,86,3,3
59405,64,69,-5,5
59406,154,144,10,10
59407,167,129,38,38
59408,178,158,20,20
59409,88,76,12,12
59410,79,98,-19,19
59411,72,78,-6,6
59412,85,82,3,3
59413,92,90,2,2
59414,71,81,-10,10
59415,60,67,-7,7
59416,66,62,4,4
59417,95,84,11,11
59418,82,77,5,5
59419,82,87,-5,5
59420,91,81,10,10
59421,121,104,17,17
59422,78,76,2,2
59423,148,134,14,14
59424,95,92,3,3
59425,138,138,0,0
59426,61,67,-6,6
59427,66,68,-2,2
59428,83,80,3,3
59429,61,68,-7,7
59430,60,62,-2,2
59431,56,55,1,1
59432,127,117,10,10
59433,62,59,3,3
59434,133,127,6,6
59435,79,73,6,6
59436,123,101,22,22
59437,53,57,-4,4
59438,79,78,1,1
59439,126,109,17,17
59440,117,125,-8,8
59441,136,126,10,10
59442,81,101,-20,20
59443,105,122,-17,17
59444,118,118,0,0
59445,66,68,-2,2
59446,59,57,2,2
59447,129,124,5,5
59448,93,97,-4,4
59449,87,87,0,0
59450,45,45,0,0
59451,64,64,0,0
59452,121,118,3,3
59453,168,145,23,23
59454,81,73,8,8
59455,99,91,8,8
59456,117,99,18,18
59457,95,84,11,11
59458,66,72,-6,6
59459,122,111,11,11
59460,112,119,-7,7
59461,71,79,-8,8
59462,172,169,3,3
59463,108,94,14,14
59464,85,82,3,3
59465,130,117,13,13
59466,64,65,-1,1
59467,74,79,-5,5
59468,63,66,-3,3
59469,145,136,9,9
59470,95,92,3,3
59471,138,139,-1,1
59472,105,103,2,2
59473,51,59,-8,8
59474,109,114,-5,5
59475,91,106,-15,15
59476,70,66,4,4
59477,129,121,8,8
59478,106,91,15,15
59479,82,77,5,5
59480,54,54,0,0
59481,151,154,-3,3
59482,120,108,12,12
59483,151,142,9,9
59484,96,103,-7,7
59485,62,67,-5,5
59486,165,149,16,16
59487,138,122,16,16
59488,128,121,7,7
59489,80,71,9,9
59490,94,95,-1,1
59491,86,93,-7,7
59492,130,123,7,7
59493,154,138,16,16
59494,81,81,0,0
59495,152,134,18,18
59496,52,68,-16,16
59497,65,66,-1,1
59498,109,91,18,18
59499,72,69,3,3
59500,103,95,8,8
59501,112,96,16,16
59502,65,74,-9,9
59503,77,83,-6,6
59504,189,182,7,7
59505,178,160,18,18
59506,48,43,5,5
59507,145,133,12,12
59508,47,65,-18,18
59509,146,136,10,10
59510,118,115,3,3
59511,78,78,0,0
59512,93,97,-4,4
59513,72,72,0,0
59514,86,89,-3,3
59515,118,105,13,13
59516,87,86,1,1
59517,42,50,-8,8
59518,87,93,-6,6
59519,87,87,0,0
59520,159,147,12,12
59521,96,94,2,2
59522,50,56,-6,6
59523,76,92,-16,16
59524,111,110,1,1
59525,140,130,10,10
59526,133,119,14,14
59527,89,97,-8,8
59528,94,87,7,7
59529,60,57,3,3
59530,67,73,-6,6
59531,166,138,28,28
59532,74,78,-4,4
59533,88,88,0,0
59534,113,106,7,7
59535,114,108,6,6
59536,98,88,10,10
59537,52,63,-11,11
59538,109,103,6,6
59539,51,55,-4,4
59540,92,88,4,4
59541,79,81,-2,2
59542,65,67,-2,2
59543,80,80,0,0
59544,130,115,15,15
59545,90,95,-5,5
59546,108,93,15,15
59547,84,91,-7,7
59548,160,150,10,10
59549,53,55,-2,2
59550,62,70,-8,8
59551,65,74,-9,9
59552,65,67,-2,2
59553,61,60,1,1
59554,35,34,1,1
59555,113,104,9,9
59556,69,73,-4,4
59557,56,59,-3,3
59558,103,109,-6,6
59559,76,72,4,4
59560,106,111,-5,5
59561,157,148,9,9
59562,150,141,9,9
59563,79,77,2,2
59564,94,94,0,0
59565,59,65,-6,6
59566,135,150,-15,15
59567,91,95,-4,4
59568,129,121,8,8
59569,80,84,-4,4
59570,58,56,2,2
59571,96,85,11,11
59572,160,155,5,5
59573,80,74,6,6
59574,55,60,-5,5
59575,101,93,8,8
59576,85,78,7,7
59577,68,72,-4,4
59578,95,107,-12,12
59579,110,106,4,4
59580,75,74,1,1
59581,73,77,-4,4
59582,90,93,-3,3
59583,78,81,-3,3
59584,148,134,14,14
59585,94,90,4,4
59586,64,68,-4,4
59587,186,161,25,25
59588,40,43,-3,3
59589,74,74,0,0
59590,140,127,13,13
59591,103,96,7,7
59592,179,143,36,36
59593,209,167,42,42
59594,114,114,0,0
59595,44,59,-15,15
59596,84,78,6,6
59597,55,59,-4,4
59598,150,138,12,12
59599,64,61,3,3
59600,61,68,-7,7
59601,89,90,-1,1
59602,129,111,18,18
59603,61,64,-3,3
59604,125,106,19,19
59605,129,118,11,11
59606,94,94,0,0
59607,86,76,10,10
59608,124,120,4,4
59609,45,42,3,3
59610,131,115,16,16
59611,89,85,4,4
59612,140,141,-1,1
59613,85,86,-1,1
59614,178,169,9,9
59615,120,109,11,11
59616,135,120,15,15
59617,72,68,4,4
59618,45,46,-1,1
59619,63,63,0,0
59620,62,71,-9,9
59621,87,87,0,0
59622,165,163,2,2
59623,107,124,-17,17
59624,69,79,-10,10
59625,94,92,2,2
59626,58,61,-3,3
59627,105,100,5,5
59628,115,110,5,5
59629,92,85,7,7
59630,80,76,4,4
59631,154,157,-3,3
59632,61,53,8,8
59633,115,109,6,6
59634,52,46,6,6
59635,69,69,0,0
59636,58,65,-7,7
59637,92,93,-1,1
59638,56,62,-6,6
59639,94,101,-7,7
59640,70,74,-4,4
59641,126,99,27,27
59642,77,79,-2,2
59643,77,73,4,4
59644,160,153,7,7
59645,69,70,-1,1
59646,73,73,0,0
59647,72,75,-3,3
59648,72,70,2,2
59649,124,108,16,16
59650,78,74,4,4
59651,81,79,2,2
59652,156,143,13,13
59653,67,65,2,2
59654,118,112,6,6
59655,79,71,8,8
59656,81,75,6,6
59657,87,79,8,8
59658,57,71,-14,14
59659,70,169,-99,99
59660,147,98,49,49
59661,141,127,14,14
59662,42,53,-11,11
59663,89,91,-2,2
59664,94,91,3,3
59665,103,102,1,1
59666,100,98,2,2
59667,56,58,-2,2
59668,85,74,11,11
59669,77,75,2,2
59670,89,85,4,4
59671,125,135,-10,10
59672,41,40,1,1
59673,135,115,20,20
59674,70,83,-13,13
59675,51,46,5,5
59676,86,91,-5,5
59677,100,97,3,3
59678,103,99,4,4
59679,62,64,-2,2
59680,153,132,21,21
59681,173,159,14,14
59682,137,141,-4,4
59683,107,95,12,12
59684,161,140,21,21
59685,139,136,3,3
59686,62,58,4,4
59687,71,65,6,6
59688,104,124,-20,20
59689,115,107,8,8
59690,144,138,6,6
59691,76,79,-3,3
59692,168,155,13,13
59693,76,72,4,4
59694,78,82,-4,4
59695,94,118,-24,24
59696,92,84,8,8
59697,96,86,10,10
59698,131,117,14,14
59699,93,94,-1,1
59700,93,85,8,8
59701,60,67,-7,7
59702,78,68,10,10
59703,72,80,-8,8
59704,141,107,34,34
59705,116,105,11,11
59706,83,88,-5,5
59707,78,86,-8,8
59708,79,78,1,1
59709,113,112,1,1
59710,46,53,-7,7
59711,93,95,-2,2
59712,99,88,11,11
59713,103,111,-8,8
59714,98,85,13,13
59715,113,102,11,11
59716,121,134,-13,13
59717,58,63,-5,5
59718,92,87,5,5
59719,89,91,-2,2
59720,99,97,2,2
59721,89,89,0,0
59722,79,83,-4,4
59723,138,126,12,12
59724,79,77,2,2
59725,73,79,-6,6
59726,88,81,7,7
59727,73,82,-9,9
59728,95,93,2,2
59729,104,104,0,0
59730,77,72,5,5
59731,54,59,-5,5
59732,128,121,7,7
59733,88,89,-1,1
59734,89,84,5,5
59735,100,101,-1,1
59736,132,126,6,6
59737,73,77,-4,4
59738,69,74,-5,5
59739,88,77,11,11
59740,127,121,6,6
59741,135,132,3,3
59742,71,73,-2,2
59743,133,125,8,8
59744,98,94,4,4
59745,96,83,13,13
59746,121,111,10,10
59747,110,96,14,14
59748,63,67,-4,4
59749,149,140,9,9
59750,75,88,-13,13
59751,61,74,-13,13
59752,203,174,29,29
59753,106,105,1,1
59754,90,85,5,5
59755,111,93,18,18
59756,98,86,12,12
59757,70,87,-17,17
59758,77,70,7,7
59759,65,70,-5,5
59760,110,105,5,5
59761,82,91,-9,9
59762,135,124,11,11
59763,133,126,7,7
59764,93,87,6,6
59765,96,101,-5,5
59766,83,83,0,0
59767,83,81,2,2
59768,114,99,15,15
59769,169,168,1,1
59770,83,70,13,13
59771,87,84,3,3
59772,80,94,-14,14
59773,64,69,-5,5
59774,185,165,20,20
59775,110,96,14,14
59776,109,95,14,14
59777,52,55,-3,3
59778,103,96,7,7
59779,34,44,-10,10
59780,69,115,-46,46
59781,154,137,17,17
59782,149,138,11,11
59783,81,76,5,5
59784,81,80,1,1
59785,68,71,-3,3
59786,93,82,11,11
59787,57,56,1,1
59788,129,121,8,8
59789,98,96,2,2
59790,117,119,-2,2
59791,76,82,-6,6
59792,36,32,4,4
59793,130,120,10,10
59794,81,79,2,2
59795,72,80,-8,8
59796,76,80,-4,4
59797,63,69,-6,6
59798,97,92,5,5
59799,61,66,-5,5
59800,85,82,3,3
59801,110,129,-19,19
59802,85,80,5,5
59803,77,88,-11,11
59804,127,113,14,14
59805,49,50,-1,1
59806,85,80,5,5
59807,83,91,-8,8
59808,132,134,-2,2
59809,136,133,3,3
59810,73,70,3,3
59811,71,74,-3,3
59812,79,75,4,4
59813,88,93,-5,5
59814,70,123,-53,53
59815,75,70,5,5
59816,46,38,8,8
59817,101,94,7,7
59818,128,136,-8,8
59819,92,84,8,8
59820,149,123,26,26
59821,122,85,37,37
59822,79,95,-16,16
59823,48,64,-16,16
59824,101,97,4,4
59825,94,87,7,7
59826,125,118,7,7
59827,91,97,-6,6
59828,78,78,0,0
59829,121,114,7,7
59830,166,141,25,25
59831,96,91,5,5
59832,124,139,-15,15
59833,159,143,16,16
59834,66,71,-5,5
59835,82,78,4,4
59836,75,76,-1,1
59837,59,58,1,1
59838,85,85,0,0
59839,99,85,14,14
59840,148,133,15,15
59841,109,96,13,13
59842,81,80,1,1
59843,99,89,10,10
59844,47,46,1,1
59845,78,79,-1,1
59846,85,84,1,1
59847,76,83,-7,7
59848,54,47,7,7
59849,106,108,-2,2
59850,83,77,6,6
59851,66,66,0,0
59852,47,63,-16,16
59853,60,66,-6,6
59854,109,105,4,4
59855,122,115,7,7
59856,92,85,7,7
59857,102,90,12,12
59858,130,134,-4,4
59859,104,96,8,8
59860,106,90,16,16
59861,74,74,0,0
59862,149,141,8,8
59863,46,61,-15,15
59864,55,58,-3,3
59865,81,82,-1,1
59866,86,89,-3,3
59867,159,142,17,17
59868,49,51,-2,2
59869,76,81,-5,5
59870,109,106,3,3
59871,88,76,12,12
59872,66,70,-4,4
59873,95,93,2,2
59874,123,113,10,10
59875,49,57,-8,8
59876,60,60,0,0
59877,140,131,9,9
59878,72,66,6,6
59879,103,106,-3,3
59880,88,90,-2,2
59881,94,92,2,2
59882,97,89,8,8
59883,112,106,6,6
59884,37,54,-17,17
59885,70,75,-5,5
59886,217,202,15,15
59887,159,136,23,23
59888,86,85,1,1
59889,116,113,3,3
59890,76,72,4,4
59891,159,139,20,20
59892,102,94,8,8
59893,72,75,-3,3
59894,102,101,1,1
59895,94,81,13,13
59896,56,56,0,0
59897,136,135,1,1
59898,78,74,4,4
59899,75,78,-3,3
59900,138,131,7,7
59901,79,76,3,3
59902,89,91,-2,2
59903,63,72,-9,9
59904,59,56,3,3
59905,127,123,4,4
59906,100,88,12,12
59907,60,65,-5,5
59908,100,95,5,5
59909,108,95,13,13
59910,152,138,14,14
59911,118,114,4,4
59912,81,83,-2,2
59913,49,49,0,0
59914,90,84,6,6
59915,97,92,5,5
59916,90,86,4,4
59917,138,126,12,12
59918,116,126,-10,10
59919,86,87,-1,1
59920,106,93,13,13
59921,155,138,17,17
59922,100,91,9,9
59923,66,69,-3,3
59924,84,80,4,4
59925,103,99,4,4
59926,56,63,-7,7
59927,100,90,10,10
59928,93,86,7,7
59929,135,131,4,4
59930,32,34,-2,2
59931,93,103,-10,10
59932,107,122,-15,15
59933,62,68,-6,6
59934,59,61,-2,2
59935,91,87,4,4
59936,75,79,-4,4
59937,73,72,1,1
59938,96,98,-2,2
59939,115,111,4,4
59940,63,69,-6,6
59941,85,90,-5,5
59942,72,80,-8,8
59943,158,160,-2,2
59944,91,83,8,8
59945,69,76,-7,7
59946,89,112,-23,23
59947,74,73,1,1
59948,104,235,-131,131
59949,49,59,-10,10
59950,99,90,9,9
59951,127,117,10,10
59952,73,77,-4,4
59953,49,58,-9,9
59954,87,86,1,1
59955,157,141,16,16
59956,80,86,-6,6
59957,144,118,26,26
59958,83,93,-10,10
59959,131,127,4,4
59960,95,97,-2,2
59961,141,134,7,7
59962,89,100,-11,11
59963,59,55,4,4
59964,86,81,5,5
59965,118,113,5,5
59966,78,83,-5,5
59967,148,135,13,13
59968,59,58,1,1
59969,104,106,-2,2
59970,85,81,4,4
59971,103,104,-1,1
59972,236,198,38,38
59973,66,78,-12,12
59974,50,69,-19,19
59975,77,71,6,6
59976,114,94,20,20
59977,85,84,1,1
59978,88,84,4,4
59979,74,72,2,2
59980,71,73,-2,2
59981,155,144,11,11
59982,62,68,-6,6
59983,100,90,10,10
59984,82,88,-6,6
59985,113,106,7,7
59986,104,87,17,17
59987,104,94,10,10
59988,105,123,-18,18
59989,153,141,12,12
59990,76,73,3,3
59991,85,75,10,10
59992,119,122,-3,3
59993,106,93,13,13
59994,73,79,-6,6
59995,137,117,20,20
59996,79,75,4,4
59997,186,175,11,11
59998,63,67,-4,4
59999,93,89,4,4
60000,126,131,-5,5
60001,70,68,2,2
60002,128,112,16,16
60003,61,64,-3,3
60004,83,75,8,8
60005,108,97,11,11
60006,87,91,-4,4
60007,97,98,-1,1
60008,62,65,-3,3
60009,129,124,5,5
60010,124,112,12,12
60011,63,67,-4,4
60012,138,126,12,12
60013,53,54,-1,1
60014,76,69,7,7
60015,138,139,-1,1
60016,123,122,1,1
60017,57,58,-1,1
60018,83,78,5,5
60019,96,98,-2,2
60020,119,123,-4,4
60021,72,71,1,1
60022,78,68,10,10
60023,106,95,11,11
60024,83,76,7,7
60025,71,66,5,5
60026,205,173,32,32
60027,59,66,-7,7
60028,57,56,1,1
60029,90,87,3,3
60030,34,58,-24,24
60031,215,176,39,39
60032,85,85,0,0
60033,158,151,7,7
60034,136,122,14,14
60035,55,47,8,8
60036,119,113,6,6
60037,109,139,-30,30
60038,57,60,-3,3
60039,92,85,7,7
60040,99,92,7,7
60041,95,90,5,5
60042,74,67,7,7
60043,84,79,5,5
60044,107,97,10,10
60045,78,72,6,6
60046,64,69,-5,5
60047,66,74,-8,8
60048,88,84,4,4
60049,135,115,20,20
60050,139,127,12,12
60051,126,140,-14,14
60052,82,80,2,2
60053,70,66,4,4
60054,81,85,-4,4
60055,60,65,-5,5
60056,56,57,-1,1
60057,131,123,8,8
60058,59,63,-4,4
60059,83,75,8,8
60060,145,137,8,8
60061,86,85,1,1
60062,102,100,2,2
60063,77,78,-1,1
60064,136,116,20,20
60065,68,64,4,4
60066,81,75,6,6
60067,82,75,7,7
60068,85,80,5,5
60069,121,116,5,5
60070,69,69,0,0
60071,56,64,-8,8
60072,170,151,19,19
60073,123,121,2,2
60074,71,68,3,3
60075,77,77,0,0
60076,140,128,12,12
60077,141,128,13,13
60078,98,93,5,5
60079,93,85,8,8
60080,69,80,-11,11
60081,104,98,6,6
60082,53,64,-11,11
60083,75,77,-2,2
60084,120,113,7,7
60085,86,95,-9,9
60086,98,91,7,7
60087,84,87,-3,3
60088,88,75,13,13
60089,113,107,6,6
60090,74,75,-1,1
60091,91,85,6,6
60092,149,127,22,22
60093,82,80,2,2
60094,84,78,6,6
60095,195,180,15,15
60096,117,118,-1,1
60097,120,119,1,1
60098,180,160,20,20
60099,80,89,-9,9
60100,122,114,8,8
60101,135,123,12,12
60102,159,153,6,6
60103,107,105,2,2
60104,76,78,-2,2
60105,85,86,-1,1
60106,87,80,7,7
60107,88,80,8,8
60108,41,43,-2,2
60109,78,76,2,2
60110,61,63,-2,2
60111,87,82,5,5
60112,129,114,15,15
60113,84,80,4,4
60114,142,125,17,17
60115,126,125,1,1
60116,89,84,5,5
60117,74,68,6,6
60118,51,41,10,10
60119,141,121,20,20
60120,83,78,5,5
60121,120,152,-32,32
60122,144,134,10,10
60123,67,75,-8,8
60124,82,85,-3,3
60125,67,72,-5,5
60126,85,84,1,1
60127,62,51,11,11
60128,106,101,5,5
60129,59,61,-2,2
60130,73,69,4,4
60131,145,136,9,9
60132,65,64,1,1
60133,72,70,2,2
60134,118,105,13,13
60135,105,115,-10,10
60136,71,71,0,0
60137,96,94,2,2
60138,111,100,11,11
60139,73,89,-16,16
60140,88,79,9,9
60141,210,194,16,16
60142,104,94,10,10
60143,76,70,6,6
60144,43,53,-10,10
60145,110,97,13,13
60146,93,83,10,10
60147,114,107,7,7
60148,190,181,9,9
60149,87,86,1,1
60150,85,74,11,11
60151,95,93,2,2
60152,97,111,-14,14
60153,58,61,-3,3
60154,126,128,-2,2
60155,145,125,20,20
60156,61,68,-7,7
60157,113,95,18,18
60158,42,45,-3,3
60159,108,97,11,11
60160,93,85,8,8
60161,157,146,11,11
60162,75,76,-1,1
60163,59,64,-5,5
60164,101,87,14,14
60165,83,78,5,5
60166,95,93,2,2
60167,100,96,4,4
60168,69,69,0,0
60169,108,110,-2,2
60170,79,70,9,9
60171,105,97,8,8
60172,98,109,-11,11
60173,123,123,0,0
60174,103,99,4,4
60175,158,145,13,13
60176,98,93,5,5
60177,128,118,10,10
60178,54,55,-1,1
60179,54,68,-14,14
60180,86,84,2,2
60181,119,116,3,3
60182,67,68,-1,1
60183,114,109,5,5
60184,104,97,7,7
60185,81,81,0,0
60186,84,78,6,6
60187,86,84,2,2
60188,93,94,-1,1
60189,75,71,4,4
60190,69,70,-1,1
60191,96,87,9,9
60192,117,114,3,3
60193,164,147,17,17
60194,121,112,9,9
60195,93,85,8,8
60196,91,87,4,4
60197,144,133,11,11
60198,101,99,2,2
60199,135,116,19,19
60200,102,100,2,2
60201,83,81,2,2
60202,88,80,8,8
60203,101,103,-2,2
60204,102,99,3,3
60205,102,108,-6,6
60206,105,96,9,9
60207,99,101,-2,2
60208,151,135,16,16
60209,67,74,-7,7
60210,164,136,28,28
60211,85,86,-1,1
60212,89,90,-1,1
60213,59,61,-2,2
60214,94,85,9,9
60215,123,116,7,7
60216,79,100,-21,21
60217,74,73,1,1
60218,176,162,14,14
60219,59,68,-9,9
60220,100,99,1,1
60221,123,121,2,2
60222,104,103,1,1
60223,145,144,1,1
60224,97,98,-1,1
60225,175,157,18,18
60226,63,64,-1,1
60227,124,121,3,3
60228,68,64,4,4
60229,139,124,15,15
60230,78,72,6,6
60231,79,68,11,11
60232,48,58,-10,10
60233,141,135,6,6
60234,136,120,16,16
60235,123,124,-1,1
60236,85,84,1,1
60237,128,117,11,11
60238,97,90,7,7
60239,63,64,-1,1
60240,141,141,0,0
60241,87,84,3,3
60242,93,99,-6,6
60243,54,55,-1,1
60244,133,113,20,20
60245,50,57,-7,7
60246,71,69,2,2
60247,75,75,0,0
60248,165,158,7,7
60249,64,66,-2,2
60250,95,82,13,13
60251,65,60,5,5
60252,106,99,7,7
60253,91,79,12,12
60254,70,80,-10,10
60255,124,119,5,5
60256,48,57,-9,9
60257,74,73,1,1
60258,64,62,2,2
60259,104,96,8,8
60260,82,80,2,2
60261,82,83,-1,1
60262,147,144,3,3
60263,123,102,21,21
60264,81,84,-3,3
60265,146,145,1,1
60266,88,84,4,4
60267,78,76,2,2
60268,118,120,-2,2
60269,160,150,10,10
60270,176,159,17,17
60271,133,116,17,17
60272,122,115,7,7
60273,74,76,-2,2
60274,75,78,-3,3
60275,116,116,0,0
60276,116,111,5,5
60277,126,119,7,7
60278,53,58,-5,5
60279,58,81,-23,23
60280,169,159,10,10
60281,100,107,-7,7
60282,56,62,-6,6
60283,63,71,-8,8
60284,58,61,-3,3
60285,56,71,-15,15
60286,131,136,-5,5
60287,74,69,5,5
60288,143,129,14,14
60289,127,129,-2,2
60290,98,96,2,2
60291,60,57,3,3
60292,65,74,-9,9
60293,76,67,9,9
60294,72,74,-2,2
60295,83,80,3,3
60296,41,43,-2,2
60297,91,87,4,4
60298,125,123,2,2
60299,119,124,-5,5
60300,92,80,12,12
60301,100,108,-8,8
60302,125,117,8,8
60303,95,95,0,0
60304,108,102,6,6
60305,118,111,7,7
60306,124,132,-8,8
60307,31,33,-2,2
60308,175,169,6,6
60309,122,118,4,4
60310,117,123,-6,6
60311,30,50,-20,20
60312,184,163,21,21
60313,93,86,7,7
60314,98,94,4,4
60315,82,78,4,4
60316,91,87,4,4
60317,67,75,-8,8
60318,103,77,26,26
60319,127,127,0,0
60320,64,65,-1,1
60321,70,79,-9,9
60322,68,70,-2,2
60323,87,100,-13,13
60324,103,96,7,7
60325,91,91,0,0
60326,77,73,4,4
60327,70,66,4,4
60328,90,90,0,0
60329,64,67,-3,3
60330,53,59,-6,6
60331,87,77,10,10
60332,112,98,14,14
60333,91,87,4,4
60334,132,126,6,6
60335,116,111,5,5
60336,99,100,-1,1
60337,80,74,6,6
60338,125,123,2,2
60339,83,78,5,5
60340,123,122,1,1
60341,126,117,9,9
60342,114,111,3,3
60343,139,129,10,10
60344,135,138,-3,3
60345,61,60,1,1
60346,70,74,-4,4
60347,112,101,11,11
60348,79,79,0,0
60349,58,69,-11,11
60350,131,136,-5,5
60351,154,141,13,13
60352,85,86,-1,1
60353,116,101,15,15
60354,71,75,-4,4
60355,62,74,-12,12
60356,72,76,-4,4
60357,137,135,2,2
60358,152,147,5,5
60359,85,79,6,6
60360,63,66,-3,3
60361,67,60,7,7
60362,108,109,-1,1
60363,120,124,-4,4
60364,103,96,7,7
60365,96,100,-4,4
60366,108,107,1,1
60367,49,105,-56,56
60368,83,87,-4,4
60369,91,84,7,7
60370,112,102,10,10
60371,148,134,14,14
60372,110,114,-4,4
60373,90,89,1,1
60374,71,64,7,7
60375,95,103,-8,8
60376,78,72,6,6
60377,102,101,1,1
60378,99,90,9,9
60379,71,73,-2,2
60380,103,98,5,5
60381,75,78,-3,3
60382,128,122,6,6
60383,37,37,0,0
60384,82,79,3,3
60385,82,89,-7,7
60386,105,104,1,1
60387,96,90,6,6
60388,57,52,5,5
60389,135,131,4,4
60390,87,86,1,1
60391,75,80,-5,5
60392,75,87,-12,12
60393,127,113,14,14
60394,105,101,4,4
60395,61,62,-1,1
60396,66,93,-27,27
60397,140,127,13,13
60398,129,126,3,3
60399,150,130,20,20
60400,109,100,9,9
60401,115,120,-5,5
60402,118,112,6,6
60403,58,58,0,0
60404,79,70,9,9
60405,28,34,-6,6
60406,173,147,26,26
60407,89,91,-2,2
60408,95,86,9,9
60409,71,76,-5,5
60410,87,86,1,1
60411,77,71,6,6
60412,106,103,3,3
60413,88,92,-4,4
60414,74,76,-2,2
60415,66,80,-14,14
60416,64,79,-15,15
60417,115,114,1,1
60418,59,61,-2,2
60419,142,126,16,16
60420,73,66,7,7
60421,138,124,14,14
60422,110,103,7,7
60423,81,86,-5,5
60424,143,154,-11,11
60425,137,119,18,18
60426,177,159,18,18
60427,100,100,0,0
60428,112,111,1,1
60429,136,123,13,13
60430,48,47,1,1
60431,112,124,-12,12
60432,115,112,3,3
60433,134,127,7,7
60434,97,102,-5,5
60435,86,83,3,3
60436,115,105,10,10
60437,80,75,5,5
60438,157,142,15,15
60439,59,59,0,0
60440,118,115,3,3
60441,64,73,-9,9
60442,123,114,9,9
60443,70,75,-5,5
60444,60,65,-5,5
60445,76,83,-7,7
60446,161,148,13,13
60447,129,136,-7,7
60448,66,67,-1,1
60449,104,92,12,12
60450,86,82,4,4
60451,53,54,-1,1
60452,76,72,4,4
60453,202,172,30,30
60454,81,75,6,6
60455,136,131,5,5
60456,80,73,7,7
60457,54,59,-5,5
60458,71,68,3,3
60459,37,34,3,3
60460,92,86,6,6
60461,81,78,3,3
60462,94,113,-19,19
60463,116,108,8,8
60464,89,90,-1,1
60465,123,111,12,12
60466,95,88,7,7
60467,114,106,8,8
60468,134,133,1,1
60469,153,146,7,7
60470,82,80,2,2
60471,104,93,11,11
60472,101,106,-5,5
60473,73,67,6,6
60474,121,120,1,1
60475,147,125,22,22
60476,70,77,-7,7
60477,126,120,6,6
60478,284,242,42,42
60479,124,126,-2,2
60480,107,101,6,6
60481,78,77,1,1
60482,116,109,7,7
60483,139,127,12,12
60484,127,119,8,8
60485,61,67,-6,6
60486,56,60,-4,4
60487,105,98,7,7
60488,68,72,-4,4
60489,101,93,8,8
60490,64,62,2,2
60491,70,72,-2,2
60492,129,122,7,7
60493,86,81,5,5
60494,71,69,2,2
60495,57,128,-71,71
60496,63,80,-17,17
60497,100,90,10,10
60498,138,138,0,0
60499,143,129,14,14
60500,123,116,7,7
60501,114,115,-1,1
60502,69,68,1,1
60503,71,72,-1,1
60504,65,58,7,7
60505,94,99,-5,5
60506,73,78,-5,5
60507,77,79,-2,2
60508,68,71,-3,3
60509,126,133,-7,7
60510,133,121,12,12
60511,111,119,-8,8
60512,80,80,0,0
60513,74,78,-4,4
60514,91,86,5,5
60515,111,116,-5,5
60516,100,95,5,5
60517,191,160,31,31
60518,124,109,15,15
60519,55,59,-4,4
60520,113,99,14,14
60521,34,34,0,0
60522,108,96,12,12
60523,74,70,4,4
60524,163,141,22,22
60525,135,116,19,19
60526,86,95,-9,9
60527,122,113,9,9
60528,135,126,9,9
60529,68,81,-13,13
60530,75,73,2,2
60531,127,130,-3,3
60532,65,67,-2,2
60533,83,86,-3,3
60534,103,92,11,11
60535,79,76,3,3
60536,77,76,1,1
60537,116,115,1,1
60538,123,115,8,8
60539,70,68,2,2
60540,66,73,-7,7
60541,102,105,-3,3
60542,108,124,-16,16
60543,64,59,5,5
60544,116,120,-4,4
60545,154,153,1,1
60546,78,78,0,0
60547,97,96,1,1
60548,64,69,-5,5
60549,109,104,5,5
60550,109,97,12,12
60551,110,113,-3,3
60552,124,114,10,10
60553,50,54,-4,4
60554,75,71,4,4
60555,112,112,0,0
60556,72,77,-5,5
60557,113,107,6,6
60558,70,80,-10,10
60559,112,87,25,25
60560,71,70,1,1
60561,117,111,6,6
60562,88,82,6,6
60563,88,79,9,9
60564,96,84,12,12
60565,114,113,1,1
60566,46,59,-13,13
60567,82,84,-2,2
60568,77,76,1,1
60569,68,78,-10,10
60570,79,88,-9,9
60571,78,76,2,2
60572,48,52,-4,4
60573,55,61,-6,6
60574,110,106,4,4
60575,106,99,7,7
60576,88,79,9,9
60577,90,97,-7,7
60578,84,92,-8,8
60579,78,85,-7,7
60580,108,110,-2,2
60581,52,64,-12,12
60582,162,139,23,23
60583,46,47,-1,1
60584,100,104,-4,4
60585,95,91,4,4
60586,138,131,7,7
60587,53,59,-6,6
60588,100,91,9,9
60589,93,89,4,4
60590,90,107,-17,17
60591,103,102,1,1
60592,92,84,8,8
60593,52,48,4,4
60594,104,99,5,5
60595,49,55,-6,6
60596,82,78,4,4
60597,104,94,10,10
60598,167,158,9,9
60599,58,67,-9,9
60600,79,78,1,1
60601,75,68,7,7
60602,70,75,-5,5
60603,78,81,-3,3
60604,70,70,0,0
60605,130,127,3,3
60606,90,93,-3,3
60607,68,71,-3,3
60608,97,101,-4,4
60609,83,84,-1,1
60610,51,59,-8,8
60611,70,74,-4,4
60612,35,55,-20,20
60613,24,34,-10,10
60614,113,96,17,17
60615,133,120,13,13
60616,90,92,-2,2
60617,84,80,4,4
60618,86,83,3,3
60619,63,66,-3,3
60620,51,57,-6,6
60621,153,137,16,16
60622,113,107,6,6
60623,47,51,-4,4
60624,111,99,12,12
60625,67,63,4,4
60626,51,54,-3,3
60627,57,64,-7,7
60628,67,61,6,6
60629,149,138,11,11
60630,71,68,3,3
60631,100,108,-8,8
60632,94,96,-2,2
60633,61,60,1,1
60634,100,89,11,11
60635,147,140,7,7
60636,92,88,4,4
60637,79,82,-3,3
60638,95,95,0,0
60639,155,150,5,5
60640,88,78,10,10
60641,149,148,1,1
60642,128,120,8,8
60643,73,61,12,12
60644,124,115,9,9
60645,78,82,-4,4
60646,73,72,1,1
60647,104,95,9,9
60648,124,105,19,19
60649,65,70,-5,5
60650,98,97,1,1
60651,100,95,5,5
60652,79,72,7,7
60653,216,184,32,32
60654,77,78,-1,1
60655,64,76,-12,12
60656,43,34,9,9
60657,124,111,13,13
60658,87,84,3,3
60659,98,95,3,3
60660,91,83,8,8
60661,81,79,2,2
60662,109,117,-8,8
60663,61,77,-16,16
60664,86,90,-4,4
60665,126,114,12,12
60666,85,79,6,6
60667,94,111,-17,17
60668,68,69,-1,1
60669,77,74,3,3
60670,72,71,1,1
60671,107,107,0,0
60672,83,81,2,2
60673,116,112,4,4
60674,59,61,-2,2
60675,53,56,-3,3
60676,137,130,7,7
60677,128,111,17,17
60678,97,93,4,4
60679,97,96,1,1
60680,75,73,2,2
60681,107,95,12,12
60682,96,89,7,7
60683,139,125,14,14
60684,62,62,0,0
60685,90,85,5,5
60686,104,106,-2,2
60687,124,115,9,9
60688,107,83,24,24
60689,124,125,-1,1
60690,105,96,9,9
60691,134,133,1,1
60692,122,109,13,13
60693,70,76,-6,6
60694,152,145,7,7
60695,95,90,5,5
60696,67,85,-18,18
60697,109,102,7,7
60698,170,201,-31,31
60699,80,82,-2,2
60700,88,82,6,6
60701,131,98,33,33
60702,84,79,5,5
60703,97,98,-1,1
60704,149,126,23,23
60705,79,84,-5,5
60706,93,103,-10,10
60707,81,80,1,1
60708,125,120,5,5
60709,82,78,4,4
60710,79,77,2,2
60711,65,53,12,12
60712,95,93,2,2
60713,111,113,-2,2
60714,113,104,9,9
60715,119,118,1,1
60716,68,72,-4,4
60717,135,111,24,24
60718,102,89,13,13
60719,96,108,-12,12
60720,107,102,5,5
60721,86,80,6,6
60722,158,129,29,29
60723,141,127,14,14
60724,129,126,3,3
60725,49,45,4,4
60726,149,138,11,11
60727,114,111,3,3
60728,40,34,6,6
60729,55,62,-7,7
60730,85,80,5,5
60731,65,65,0,0
60732,97,103,-6,6
60733,148,136,12,12
60734,141,123,18,18
60735,69,66,3,3
60736,80,84,-4,4
60737,158,136,22,22
60738,75,80,-5,5
60739,88,86,2,2
60740,110,101,9,9
60741,82,84,-2,2
60742,58,69,-11,11
60743,76,74,2,2
60744,48,55,-7,7
60745,106,90,16,16
60746,108,105,3,3
60747,191,166,25,25
60748,100,92,8,8
60749,58,61,-3,3
60750,117,113,4,4
60751,233,184,49,49
60752,78,84,-6,6
60753,83,75,8,8
60754,66,68,-2,2
60755,55,56,-1,1
60756,77,82,-5,5
60757,102,96,6,6
60758,62,61,1,1
60759,71,72,-1,1
60760,139,131,8,8
60761,132,129,3,3
60762,94,96,-2,2
60763,107,109,-2,2
60764,60,71,-11,11
60765,94,105,-11,11
60766,72,62,10,10
60767,86,84,2,2
60768,75,81,-6,6
60769,87,86,1,1
60770,148,128,20,20
60771,120,110,10,10
60772,68,70,-2,2
60773,81,74,7,7
60774,222,205,17,17
60775,68,65,3,3
60776,103,106,-3,3
60777,133,110,23,23
60778,135,110,25,25
60779,97,91,6,6
60780,56,60,-4,4
60781,73,70,3,3
60782,110,110,0,0
60783,116,112,4,4
60784,46,34,12,12
60785,119,108,11,11
60786,42,35,7,7
60787,71,81,-10,10
60788,80,67,13,13
60789,87,85,2,2
60790,73,73,0,0
60791,99,92,7,7
60792,36,44,-8,8
60793,70,70,0,0
60794,55,57,-2,2
60795,104,97,7,7
60796,135,130,5,5
60797,103,95,8,8
60798,83,84,-1,1
60799,87,78,9,9
60800,78,74,4,4
60801,68,75,-7,7
60802,70,76,-6,6
60803,112,100,12,12
60804,99,96,3,3
60805,103,98,5,5
60806,87,84,3,3
60807,105,99,6,6
60808,94,92,2,2
60809,185,164,21,21
60810,167,156,11,11
60811,67,74,-7,7
60812,98,82,16,16
60813,109,107,2,2
60814,139,132,7,7
60815,88,83,5,5
60816,117,107,10,10
60817,101,108,-7,7
60818,124,127,-3,3
60819,182,146,36,36
60820,198,166,32,32
60821,115,111,4,4
60822,92,92,0,0
60823,77,72,5,5
60824,104,99,5,5
60825,75,71,4,4
60826,93,80,13,13
60827,173,165,8,8
60828,121,119,2,2
60829,141,113,28,28
60830,66,81,-15,15
60831,72,65,7,7
60832,104,107,-3,3
60833,103,95,8,8
60834,81,80,1,1
60835,122,104,18,18
60836,131,115,16,16
60837,58,61,-3,3
60838,106,104,2,2
60839,119,105,14,14
60840,57,58,-1,1
60841,77,74,3,3
60842,67,63,4,4
60843,85,80,5,5
60844,62,69,-7,7
60845,140,130,10,10
60846,72,77,-5,5
60847,125,123,2,2
60848,166,151,15,15
60849,133,117,16,16
60850,101,82,19,19
60851,156,140,16,16
60852,68,71,-3,3
60853,70,71,-1,1
60854,127,116,11,11
60855,89,82,7,7
60856,111,93,18,18
60857,154,127,27,27
60858,91,85,6,6
60859,59,64,-5,5
60860,105,99,6,6
60861,108,122,-14,14
60862,87,96,-9,9
60863,143,132,11,11
60864,88,84,4,4
60865,83,85,-2,2
60866,105,93,12,12
60867,96,99,-3,3
60868,95,89,6,6
60869,104,110,-6,6
60870,97,112,-15,15
60871,111,111,0,0
60872,93,86,7,7
60873,54,53,1,1
60874,90,90,0,0
60875,52,54,-2,2
60876,85,86,-1,1
60877,114,110,4,4
60878,152,154,-2,2
60879,79,74,5,5
60880,118,119,-1,1
60881,85,79,6,6
60882,94,86,8,8
60883,49,57,-8,8
60884,56,61,-5,5
60885,156,137,19,19
60886,55,51,4,4
60887,116,110,6,6
60888,84,84,0,0
60889,105,100,5,5
60890,122,111,11,11
60891,80,84,-4,4
60892,89,75,14,14
60893,117,106,11,11
60894,50,51,-1,1
60895,65,72,-7,7
60896,115,112,3,3
60897,78,75,3,3
60898,112,112,0,0
60899,84,77,7,7
60900,144,139,5,5
60901,95,89,6,6
60902,125,120,5,5
60903,115,126,-11,11
60904,76,72,4,4
60905,119,110,9,9
60906,133,144,-11,11
60907,90,80,10,10
60908,112,106,6,6
60909,76,73,3,3
60910,147,136,11,11
60911,55,59,-4,4
60912,131,116,15,15
60913,116,105,11,11
60914,84,81,3,3
60915,72,74,-2,2
60916,73,74,-1,1
60917,43,52,-9,9
60918,73,72,1,1
60919,82,88,-6,6
60920,56,63,-7,7
60921,99,87,12,12
60922,105,101,4,4
60923,79,89,-10,10
60924,138,121,17,17
60925,111,115,-4,4
60926,36,34,2,2
60927,138,126,12,12
60928,89,91,-2,2
60929,93,81,12,12
60930,132,129,3,3
60931,108,97,11,11
60932,66,68,-2,2
60933,71,72,-1,1
60934,65,63,2,2
60935,200,178,22,22
60936,72,105,-33,33
60937,232,221,11,11
60938,75,74,1,1
60939,186,160,26,26
60940,125,114,11,11
60941,95,102,-7,7
60942,203,151,52,52
60943,176,148,28,28
60944,129,123,6,6
60945,76,77,-1,1
60946,143,136,7,7
60947,49,51,-2,2
60948,92,86,6,6
60949,92,87,5,5
60950,75,85,-10,10
60951,105,94,11,11
60952,155,128,27,27
60953,95,98,-3,3
60954,86,90,-4,4
60955,132,116,16,16
60956,46,55,-9,9
60957,69,75,-6,6
60958,58,72,-14,14
60959,140,125,15,15
60960,70,65,5,5
60961,89,89,0,0
60962,84,70,14,14
60963,124,117,7,7
60964,71,72,-1,1
60965,127,120,7,7
60966,69,70,-1,1
60967,111,99,12,12
60968,125,120,5,5
60969,85,89,-4,4
60970,76,77,-1,1
60971,85,89,-4,4
60972,55,59,-4,4
60973,92,91,1,1
60974,182,158,24,24
60975,89,85,4,4
60976,102,94,8,8
60977,113,112,1,1
60978,131,132,-1,1
60979,133,140,-7,7
60980,98,91,7,7
60981,154,132,22,22
60982,99,92,7,7
60983,114,108,6,6
60984,110,100,10,10
60985,125,107,18,18
60986,52,65,-13,13
60987,42,34,8,8
60988,80,75,5,5
60989,83,81,2,2
60990,143,130,13,13
60991,56,60,-4,4
60992,131,119,12,12
60993,112,120,-8,8
60994,110,104,6,6
60995,104,93,11,11
60996,71,70,1,1
60997,36,34,2,2
60998,57,62,-5,5
60999,72,79,-7,7
61000,119,102,17,17
61001,194,171,23,23
61002,107,97,10,10
61003,123,112,11,11
61004,87,79,8,8
61005,157,146,11,11
61006,75,76,-1,1
61007,94,95,-1,1
61008,85,84,1,1
61009,85,88,-3,3
61010,44,45,-1,1
61011,78,81,-3,3
61012,97,80,17,17
61013,34,56,-22,22
61014,38,34,4,4
61015,93,88,5,5
61016,113,107,6,6
61017,130,116,14,14
61018,46,42,4,4
61019,94,96,-2,2
61020,144,128,16,16
61021,60,63,-3,3
61022,110,108,2,2
61023,78,82,-4,4
61024,172,161,11,11
61025,117,124,-7,7
61026,60,73,-13,13
61027,114,98,16,16
61028,136,141,-5,5
61029,130,132,-2,2
61030,140,125,15,15
61031,58,65,-7,7
61032,87,82,5,5
61033,154,138,16,16
61034,84,85,-1,1
61035,78,73,5,5
61036,224,253,-29,29
61037,77,73,4,4
61038,114,109,5,5
61039,64,58,6,6
61040,145,131,14,14
61041,62,62,0,0
61042,123,121,2,2
61043,126,120,6,6
61044,59,72,-13,13
61045,59,70,-11,11
61046,65,79,-14,14
61047,81,85,-4,4
61048,104,94,10,10
61049,94,94,0,0
61050,131,124,7,7
61051,60,59,1,1
61052,111,98,13,13
61053,159,137,22,22
61054,145,137,8,8
61055,67,65,2,2
61056,114,107,7,7
61057,82,78,4,4
61058,93,91,2,2
61059,53,63,-10,10
61060,83,87,-4,4
61061,101,100,1,1
61062,112,119,-7,7
61063,71,65,6,6
61064,86,80,6,6
61065,49,97,-48,48
61066,59,60,-1,1
61067,125,111,14,14
61068,157,150,7,7
61069,90,90,0,0
61070,160,156,4,4
61071,128,107,21,21
61072,78,80,-2,2
61073,153,146,7,7
61074,87,99,-12,12
61075,133,122,11,11
61076,96,98,-2,2
61077,88,96,-8,8
61078,69,76,-7,7
61079,150,152,-2,2
61080,134,119,15,15
61081,122,116,6,6
61082,91,90,1,1
61083,156,136,20,20
61084,76,76,0,0
61085,44,36,8,8
61086,117,118,-1,1
61087,110,103,7,7
61088,101,84,17,17
61089,81,75,6,6
61090,52,55,-3,3
61091,164,153,11,11
61092,40,34,6,6
61093,80,83,-3,3
61094,129,114,15,15
61095,131,117,14,14
61096,87,87,0,0
61097,79,75,4,4
61098,110,106,4,4
61099,120,107,13,13
61100,100,116,-16,16
61101,113,110,3,3
61102,97,113,-16,16
61103,75,71,4,4
61104,85,91,-6,6
61105,49,43,6,6
61106,103,112,-9,9
61107,177,162,15,15
61108,94,93,1,1
61109,130,122,8,8
61110,72,76,-4,4
61111,158,146,12,12
61112,47,55,-8,8
61113,74,83,-9,9
61114,101,104,-3,3
61115,51,60,-9,9
61116,83,81,2,2
61117,142,136,6,6
61118,58,65,-7,7
61119,83,85,-2,2
61120,45,39,6,6
61121,138,129,9,9
61122,152,136,16,16
61123,101,105,-4,4
61124,77,70,7,7
61125,52,76,-24,24
61126,89,79,10,10
61127,149,133,16,16
61128,78,69,9,9
61129,146,138,8,8
61130,122,121,1,1
61131,88,78,10,10
61132,131,125,6,6
61133,67,69,-2,2
61134,107,91,16,16
61135,139,139,0,0
61136,164,146,18,18
61137,134,124,10,10
61138,71,71,0,0
61139,87,79,8,8
61140,68,71,-3,3
61141,56,104,-48,48
61142,118,118,0,0
61143,101,99,2,2
61144,75,77,-2,2
61145,127,132,-5,5
61146,85,86,-1,1
61147,57,52,5,5
61148,37,48,-11,11
61149,116,108,8,8
61150,108,101,7,7
61151,137,127,10,10
61152,58,62,-4,4
61153,67,87,-20,20
61154,106,104,2,2
61155,132,114,18,18
61156,102,93,9,9
61157,115,113,2,2
61158,85,85,0,0
61159,107,105,2,2
61160,49,55,-6,6
61161,139,149,-10,10
61162,126,128,-2,2
61163,135,138,-3,3
61164,69,63,6,6
61165,88,77,11,11
61166,117,108,9,9
61167,77,73,4,4
61168,51,60,-9,9
61169,92,101,-9,9
61170,80,86,-6,6
61171,82,78,4,4
61172,157,147,10,10
61173,83,81,2,2
61174,136,123,13,13
61175,147,130,17,17
61176,49,52,-3,3
61177,86,84,2,2
61178,125,112,13,13
61179,73,68,5,5
61180,99,107,-8,8
61181,102,102,0,0
61182,101,99,2,2
61183,109,96,13,13
61184,126,119,7,7
61185,142,121,21,21
61186,62,64,-2,2
61187,113,108,5,5
61188,149,125,24,24
61189,61,63,-2,2
61190,66,73,-7,7
61191,122,112,10,10
61192,89,87,2,2
61193,76,76,0,0
61194,74,84,-10,10
61195,61,68,-7,7
61196,44,49,-5,5
61197,107,119,-12,12
61198,104,96,8,8
61199,109,106,3,3
61200,140,126,14,14
61201,43,52,-9,9
61202,40,34,6,6
61203,223,192,31,31
61204,95,90,5,5
61205,47,56,-9,9
61206,71,67,4,4
61207,121,102,19,19
61208,119,119,0,0
61209,135,128,7,7
61210,78,72,6,6
61211,96,84,12,12
61212,71,72,-1,1
61213,71,79,-8,8
61214,108,125,-17,17
61215,64,65,-1,1
61216,169,174,-5,5
61217,80,79,1,1
61218,78,77,1,1
61219,100,93,7,7
61220,90,84,6,6
61221,108,99,9,9
61222,84,85,-1,1
61223,150,140,10,10
61224,91,95,-4,4
61225,55,58,-3,3
61226,83,82,1,1
61227,119,152,-33,33
61228,86,85,1,1
61229,101,101,0,0
61230,89,80,9,9
61231,80,87,-7,7
61232,116,106,10,10
61233,146,142,4,4
61234,64,74,-10,10
61235,175,160,15,15
61236,139,131,8,8
61237,79,75,4,4
61238,120,113,7,7
61239,84,91,-7,7
61240,132,128,4,4
61241,71,72,-1,1
61242,104,95,9,9
61243,60,64,-4,4
61244,171,146,25,25
61245,93,91,2,2
61246,132,123,9,9
61247,55,58,-3,3
61248,74,61,13,13
61249,126,109,17,17
61250,75,80,-5,5
61251,45,61,-16,16
61252,95,93,2,2
61253,154,131,23,23
61254,143,128,15,15
61255,111,108,3,3
61256,97,99,-2,2
61257,203,218,-15,15
61258,42,34,8,8
61259,49,46,3,3
61260,111,108,3,3
61261,76,68,8,8
61262,79,75,4,4
61263,70,77,-7,7
61264,57,56,1,1
61265,60,44,16,16
61266,119,116,3,3
61267,76,77,-1,1
61268,72,69,3,3
61269,124,101,23,23
61270,138,114,24,24
61271,118,113,5,5
61272,119,108,11,11
61273,94,82,12,12
61274,113,127,-14,14
61275,69,82,-13,13
61276,106,96,10,10
61277,41,51,-10,10
61278,88,78,10,10
61279,124,129,-5,5
61280,51,58,-7,7
61281,70,78,-8,8
61282,112,109,3,3
61283,100,95,5,5
61284,143,131,12,12
61285,87,93,-6,6
61286,61,66,-5,5
61287,64,69,-5,5
61288,130,117,13,13
61289,81,79,2,2
61290,73,67,6,6
61291,47,45,2,2
61292,99,111,-12,12
61293,95,89,6,6
61294,105,103,2,2
61295,126,122,4,4
61296,108,95,13,13
61297,67,70,-3,3
61298,72,80,-8,8
61299,65,63,2,2
61300,109,104,5,5
61301,52,57,-5,5
61302,122,112,10,10
61303,59,64,-5,5
61304,117,124,-7,7
61305,79,72,7,7
61306,46,47,-1,1
61307,64,73,-9,9
61308,71,81,-10,10
61309,60,63,-3,3
61310,70,71,-1,1
61311,114,108,6,6
61312,101,101,0,0
61313,138,132,6,6
61314,98,88,10,10
61315,92,94,-2,2
61316,196,178,18,18
61317,109,109,0,0
61318,55,55,0,0
61319,166,158,8,8
61320,68,71,-3,3
61321,61,65,-4,4
61322,79,80,-1,1
61323,86,78,8,8
61324,90,84,6,6
61325,128,116,12,12
61326,102,99,3,3
61327,118,103,15,15
61328,86,82,4,4
61329,105,101,4,4
61330,78,78,0,0
61331,96,93,3,3
61332,38,42,-4,4
61333,96,94,2,2
61334,123,116,7,7
61335,85,80,5,5
61336,117,103,14,14
61337,78,104,-26,26
61338,131,127,4,4
61339,82,80,2,2
61340,87,86,1,1
61341,81,81,0,0
61342,59,57,2,2
61343,84,85,-1,1
61344,89,91,-2,2
61345,65,67,-2,2
61346,131,128,3,3
61347,55,61,-6,6
61348,66,40,26,26
61349,74,71,3,3
61350,84,70,14,14
61351,110,100,10,10
61352,63,77,-14,14
61353,97,84,13,13
61354,55,66,-11,11
61355,94,93,1,1
61356,148,138,10,10
61357,110,94,16,16
61358,161,148,13,13
61359,139,128,11,11
61360,63,72,-9,9
61361,120,112,8,8
61362,79,79,0,0
61363,131,128,3,3
61364,150,123,27,27
61365,80,81,-1,1
61366,37,34,3,3
61367,116,112,4,4
61368,82,79,3,3
61369,130,121,9,9
61370,68,73,-5,5
61371,86,80,6,6
61372,90,81,9,9
61373,57,59,-2,2
61374,149,134,15,15
61375,79,81,-2,2
61376,126,121,5,5
61377,120,126,-6,6
61378,197,175,22,22
61379,62,62,0,0
61380,88,84,4,4
61381,144,128,16,16
61382,99,90,9,9
61383,101,111,-10,10
61384,111,100,11,11
61385,61,64,-3,3
61386,85,81,4,4
61387,96,92,4,4
61388,125,119,6,6
61389,107,96,11,11
61390,136,120,16,16
61391,148,136,12,12
61392,98,100,-2,2
61393,66,63,3,3
61394,95,79,16,16
61395,107,93,14,14
61396,47,60,-13,13
61397,78,79,-1,1
61398,81,75,6,6
61399,72,73,-1,1
61400,84,96,-12,12
61401,145,144,1,1
61402,77,75,2,2
61403,90,85,5,5
61404,131,116,15,15
61405,91,81,10,10
61406,38,65,-27,27
61407,94,90,4,4
61408,111,105,6,6
61409,145,137,8,8
61410,84,84,0,0
61411,87,75,12,12
61412,115,106,9,9
61413,95,88,7,7
61414,144,127,17,17
61415,90,85,5,5
61416,101,93,8,8
61417,91,91,0,0
61418,190,181,9,9
61419,80,82,-2,2
61420,167,148,19,19
61421,83,75,8,8
61422,66,68,-2,2
61423,50,55,-5,5
61424,111,109,2,2
61425,83,90,-7,7
61426,72,69,3,3
61427,73,69,4,4
61428,79,85,-6,6
61429,66,72,-6,6
61430,83,83,0,0
61431,262,236,26,26
61432,108,116,-8,8
61433,117,108,9,9
61434,98,87,11,11
61435,85,85,0,0
61436,63,63,0,0
61437,190,175,15,15
61438,85,82,3,3
61439,123,112,11,11
61440,144,135,9,9
61441,75,76,-1,1
61442,97,92,5,5
61443,85,77,8,8
61444,69,69,0,0
61445,77,80,-3,3
61446,61,67,-6,6
61447,75,72,3,3
61448,97,117,-20,20
61449,70,71,-1,1
61450,85,82,3,3
61451,61,68,-7,7
61452,77,72,5,5
61453,58,64,-6,6
61454,83,75,8,8
61455,91,94,-3,3
61456,53,62,-9,9
61457,55,52,3,3
61458,87,88,-1,1
61459,80,84,-4,4
61460,53,61,-8,8
61461,133,119,14,14
61462,90,93,-3,3
61463,60,66,-6,6
61464,68,71,-3,3
61465,66,59,7,7
61466,112,109,3,3
61467,139,130,9,9
61468,50,56,-6,6
61469,120,117,3,3
61470,77,79,-2,2
61471,81,70,11,11
61472,87,81,6,6
61473,43,46,-3,3
61474,68,65,3,3
61475,58,57,1,1
61476,120,116,4,4
61477,114,101,13,13
61478,173,156,17,17
61479,62,66,-4,4
61480,115,102,13,13
61481,213,188,25,25
61482,108,104,4,4
61483,53,68,-15,15
61484,85,76,9,9
61485,119,113,6,6
61486,74,78,-4,4
61487,93,85,8,8
61488,72,69,3,3
61489,104,89,15,15
61490,88,87,1,1
61491,56,65,-9,9
61492,139,128,11,11
61493,110,107,3,3
61494,93,85,8,8
61495,54,48,6,6
61496,83,89,-6,6
61497,73,67,6,6
61498,202,174,28,28
61499,95,92,3,3
61500,51,60,-9,9
61501,141,118,23,23
61502,130,124,6,6
61503,89,94,-5,5
61504,67,68,-1,1
61505,92,92,0,0
61506,138,140,-2,2
61507,50,52,-2,2
61508,85,75,10,10
61509,118,98,20,20
61510,84,79,5,5
61511,95,88,7,7
61512,92,94,-2,2
61513,141,145,-4,4
61514,94,95,-1,1
61515,117,117,0,0
61516,82,69,13,13
61517,73,79,-6,6
61518,108,96,12,12
61519,93,101,-8,8
61520,156,150,6,6
61521,84,84,0,0
61522,106,90,16,16
61523,91,91,0,0
61524,88,89,-1,1
61525,78,72,6,6
61526,136,128,8,8
61527,59,69,-10,10
61528,94,100,-6,6
61529,100,98,2,2
61530,144,134,10,10
61531,89,107,-18,18
61532,67,71,-4,4
61533,28,33,-5,5
61534,114,108,6,6
61535,123,125,-2,2
61536,85,75,10,10
61537,77,78,-1,1
61538,89,101,-12,12
61539,90,84,6,6
61540,80,81,-1,1
61541,114,117,-3,3
61542,46,48,-2,2
61543,123,114,9,9
61544,132,123,9,9
61545,106,115,-9,9
61546,93,94,-1,1
61547,100,120,-20,20
61548,82,76,6,6
61549,170,170,0,0
61550,103,115,-12,12
61551,60,65,-5,5
61552,101,109,-8,8
61553,101,94,7,7
61554,106,96,10,10
61555,53,66,-13,13
61556,45,45,0,0
61557,102,113,-11,11
61558,74,70,4,4
61559,107,110,-3,3
61560,95,95,0,0
61561,96,94,2,2
61562,100,94,6,6
61563,40,53,-13,13
61564,85,79,6,6
61565,59,63,-4,4
61566,107,101,6,6
61567,157,141,16,16
61568,72,78,-6,6
61569,104,89,15,15
61570,53,61,-8,8
61571,131,123,8,8
61572,147,133,14,14
61573,80,75,5,5
61574,135,128,7,7
61575,119,105,14,14
61576,128,116,12,12
61577,126,117,9,9
61578,91,80,11,11
61579,102,87,15,15
61580,55,65,-10,10
61581,69,70,-1,1
61582,57,65,-8,8
61583,53,61,-8,8
61584,109,92,17,17
61585,106,88,18,18
61586,106,106,0,0
61587,128,112,16,16
61588,84,77,7,7
61589,73,74,-1,1
61590,137,105,32,32
61591,96,94,2,2
61592,106,101,5,5
61593,119,112,7,7
61594,113,109,4,4
61595,138,127,11,11
61596,52,58,-6,6
61597,115,111,4,4
61598,66,66,0,0
61599,114,113,1,1
61600,46,45,1,1
61601,108,103,5,5
61602,85,78,7,7
61603,67,64,3,3
61604,66,63,3,3
61605,76,78,-2,2
61606,93,86,7,7
61607,145,148,-3,3
61608,122,110,12,12
61609,88,79,9,9
61610,59,63,-4,4
61611,77,78,-1,1
61612,84,85,-1,1
61613,71,75,-4,4
61614,93,86,7,7
61615,71,69,2,2
61616,40,50,-10,10
61617,165,150,15,15
61618,104,100,4,4
61619,54,55,-1,1
61620,46,38,8,8
61621,70,68,2,2
61622,51,57,-6,6
61623,86,83,3,3
61624,86,83,3,3
61625,90,84,6,6
61626,160,153,7,7
61627,119,112,7,7
61628,78,82,-4,4
61629,112,120,-8,8
61630,89,76,13,13
61631,96,97,-1,1
61632,96,92,4,4
61633,96,93,3,3
61634,33,34,-1,1
61635,78,73,5,5
61636,65,60,5,5
61637,69,73,-4,4
61638,85,85,0,0
61639,71,65,6,6
61640,119,105,14,14
61641,100,94,6,6
61642,102,99,3,3
61643,96,87,9,9
61644,77,75,2,2
61645,91,95,-4,4
61646,175,157,18,18
61647,96,95,1,1
61648,133,120,13,13
61649,107,121,-14,14
61650,98,92,6,6
61651,94,95,-1,1
61652,67,70,-3,3
61653,116,116,0,0
61654,73,79,-6,6
61655,83,71,12,12
61656,75,77,-2,2
61657,109,120,-11,11
61658,143,140,3,3
61659,84,86,-2,2
61660,79,85,-6,6
61661,104,98,6,6
61662,44,41,3,3
61663,53,46,7,7
61664,108,99,9,9
61665,86,90,-4,4
61666,119,116,3,3
61667,56,34,22,22
61668,88,89,-1,1
61669,118,116,2,2
61670,102,98,4,4
61671,49,48,1,1
61672,99,94,5,5
61673,105,164,-59,59
61674,131,110,21,21
61675,78,73,5,5
61676,99,93,6,6
61677,23,28,-5,5
61678,126,123,3,3
61679,92,86,6,6
61680,85,88,-3,3
61681,61,67,-6,6
61682,137,135,2,2
61683,74,78,-4,4
61684,129,119,10,10
61685,156,149,7,7
61686,72,69,3,3
61687,151,133,18,18
61688,72,69,3,3
61689,81,87,-6,6
61690,128,116,12,12
61691,136,118,18,18
61692,111,111,0,0
61693,150,146,4,4
61694,79,79,0,0
61695,124,117,7,7
61696,133,118,15,15
61697,106,111,-5,5
61698,71,76,-5,5
61699,69,66,3,3
61700,105,110,-5,5
61701,60,61,-1,1
61702,97,92,5,5
61703,129,129,0,0
61704,70,70,0,0
61705,137,138,-1,1
61706,110,96,14,14
61707,97,93,4,4
61708,149,160,-11,11
61709,63,67,-4,4
61710,71,74,-3,3
61711,108,99,9,9
61712,127,119,8,8
61713,92,96,-4,4
61714,41,44,-3,3
61715,87,84,3,3
61716,95,92,3,3
61717,58,64,-6,6
61718,103,109,-6,6
61719,106,101,5,5
61720,100,100,0,0
61721,49,59,-10,10
61722,103,110,-7,7
61723,147,149,-2,2
61724,110,101,9,9
61725,121,137,-16,16
61726,66,67,-1,1
61727,66,68,-2,2
61728,75,74,1,1
61729,127,128,-1,1
61730,96,91,5,5
61731,179,157,22,22
61732,153,146,7,7
61733,89,83,6,6
61734,111,104,7,7
61735,124,103,21,21
61736,86,73,13,13
61737,98,104,-6,6
61738,82,83,-1,1
61739,138,118,20,20
61740,98,89,9,9
61741,187,170,17,17
61742,141,125,16,16
61743,72,77,-5,5
61744,110,101,9,9
61745,87,92,-5,5
61746,60,63,-3,3
61747,71,71,0,0
61748,123,122,1,1
61749,57,61,-4,4
61750,113,113,0,0
61751,148,142,6,6
61752,73,75,-2,2
61753,62,69,-7,7
61754,108,124,-16,16
61755,105,98,7,7
61756,152,119,33,33
61757,51,57,-6,6
61758,127,118,9,9
61759,31,34,-3,3
61760,68,68,0,0
61761,163,146,17,17
61762,160,143,17,17
61763,73,78,-5,5
61764,43,45,-2,2
61765,102,96,6,6
61766,91,104,-13,13
61767,136,119,17,17
61768,92,84,8,8
61769,60,64,-4,4
61770,45,53,-8,8
61771,111,102,9,9
61772,95,98,-3,3
61773,100,96,4,4
61774,139,140,-1,1
61775,99,94,5,5
61776,68,73,-5,5
61777,55,58,-3,3
61778,110,96,14,14
61779,67,74,-7,7
61780,103,97,6,6
61781,115,110,5,5
61782,131,138,-7,7
61783,106,110,-4,4
61784,154,143,11,11
61785,104,110,-6,6
61786,91,83,8,8
61787,139,137,2,2
61788,56,61,-5,5
61789,139,129,10,10
61790,72,65,7,7
61791,144,133,11,11
61792,112,106,6,6
61793,68,65,3,3
61794,88,85,3,3
61795,79,91,-12,12
61796,104,106,-2,2
61797,54,53,1,1
61798,111,100,11,11
61799,87,85,2,2
61800,185,167,18,18
61801,92,88,4,4
61802,68,73,-5,5
61803,91,87,4,4
61804,84,77,7,7
61805,82,81,1,1
61806,126,119,7,7
61807,71,75,-4,4
61808,72,70,2,2
61809,137,131,6,6
61810,61,68,-7,7
61811,106,104,2,2
61812,59,57,2,2
61813,77,72,5,5
61814,149,124,25,25
61815,63,66,-3,3
61816,66,72,-6,6
61817,105,97,8,8
61818,85,80,5,5
61819,109,96,13,13
61820,81,86,-5,5
61821,60,64,-4,4
61822,40,38,2,2
61823,95,87,8,8
61824,110,95,15,15
61825,68,65,3,3
61826,67,70,-3,3
61827,76,77,-1,1
61828,188,175,13,13
61829,59,61,-2,2
61830,131,116,15,15
61831,108,104,4,4
61832,114,115,-1,1
61833,108,104,4,4
61834,104,95,9,9
61835,94,92,2,2
61836,47,50,-3,3
61837,77,70,7,7
61838,80,80,0,0
61839,96,91,5,5
61840,103,99,4,4
61841,109,103,6,6
61842,66,76,-10,10
61843,98,86,12,12
61844,126,106,20,20
61845,97,105,-8,8
61846,99,92,7,7
61847,107,103,4,4
61848,129,123,6,6
61849,87,88,-1,1
61850,69,69,0,0
61851,115,102,13,13
61852,99,99,0,0
61853,99,95,4,4
61854,155,159,-4,4
61855,121,113,8,8
61856,123,122,1,1
61857,91,86,5,5
61858,68,76,-8,8
61859,118,103,15,15
61860,98,98,0,0
61861,108,100,8,8
61862,112,105,7,7
61863,80,72,8,8
61864,92,128,-36,36
61865,116,103,13,13
61866,56,63,-7,7
61867,127,121,6,6
61868,50,58,-8,8
61869,121,109,12,12
61870,157,147,10,10
61871,78,75,3,3
61872,85,79,6,6
61873,142,135,7,7
61874,42,34,8,8
61875,62,68,-6,6
61876,61,67,-6,6
61877,75,75,0,0
61878,82,85,-3,3
61879,107,98,9,9
61880,130,126,4,4
61881,64,70,-6,6
61882,75,74,1,1
61883,109,101,8,8
61884,65,76,-11,11
61885,112,110,2,2
61886,88,91,-3,3
61887,140,130,10,10
61888,132,120,12,12
61889,108,109,-1,1
61890,92,77,15,15
61891,63,64,-1,1
61892,48,51,-3,3
61893,144,115,29,29
61894,104,98,6,6
61895,107,98,9,9
61896,52,69,-17,17
61897,73,72,1,1
61898,44,45,-1,1
61899,120,111,9,9
61900,87,79,8,8
61901,110,111,-1,1
61902,73,74,-1,1
61903,79,86,-7,7
61904,57,65,-8,8
61905,68,72,-4,4
61906,81,94,-13,13
61907,63,62,1,1
61908,41,34,7,7
61909,71,65,6,6
61910,106,112,-6,6
61911,105,91,14,14
61912,183,145,38,38
61913,111,114,-3,3
61914,137,127,10,10
61915,51,59,-8,8
61916,40,34,6,6
61917,70,78,-8,8
61918,120,113,7,7
61919,57,66,-9,9
61920,66,64,2,2
61921,140,120,20,20
61922,71,77,-6,6
61923,96,90,6,6
61924,108,104,4,4
61925,134,140,-6,6
61926,97,94,3,3
61927,44,34,10,10
61928,49,52,-3,3
61929,63,62,1,1
61930,97,98,-1,1
61931,38,34,4,4
61932,68,67,1,1
61933,114,105,9,9
61934,105,105,0,0
61935,36,33,3,3
61936,69,64,5,5
61937,101,96,5,5
61938,155,135,20,20
61939,53,70,-17,17
61940,151,135,16,16
61941,65,63,2,2
61942,64,68,-4,4
61943,181,159,22,22
61944,110,109,1,1
61945,93,92,1,1
61946,183,164,19,19
61947,94,87,7,7
61948,91,90,1,1
61949,105,107,-2,2
61950,51,56,-5,5
61951,76,74,2,2
61952,60,71,-11,11
61953,72,71,1,1
61954,108,100,8,8
61955,119,110,9,9
61956,98,106,-8,8
61957,119,102,17,17
61958,122,114,8,8
61959,90,89,1,1
61960,55,60,-5,5
61961,62,59,3,3
61962,41,34,7,7
61963,86,81,5,5
61964,58,62,-4,4
61965,159,155,4,4
61966,84,82,2,2
61967,101,97,4,4
61968,107,97,10,10
61969,150,139,11,11
61970,105,108,-3,3
61971,83,82,1,1
61972,78,85,-7,7
61973,51,54,-3,3
61974,83,90,-7,7
61975,111,108,3,3
61976,116,118,-2,2
61977,124,101,23,23
61978,116,109,7,7
61979,133,123,10,10
61980,143,131,12,12
61981,102,99,3,3
61982,94,96,-2,2
61983,66,66,0,0
61984,76,81,-5,5
61985,108,100,8,8
61986,69,63,6,6
61987,90,79,11,11
61988,65,72,-7,7
61989,157,150,7,7
61990,81,75,6,6
61991,116,118,-2,2
61992,94,90,4,4
61993,98,111,-13,13
61994,149,134,15,15
61995,87,84,3,3
61996,124,120,4,4
61997,121,115,6,6
61998,157,141,16,16
61999,100,94,6,6
62000,129,127,2,2
62001,97,91,6,6
62002,57,60,-3,3
62003,108,100,8,8
62004,64,63,1,1
62005,195,168,27,27
62006,81,77,4,4
62007,92,86,6,6
62008,139,141,-2,2
62009,67,66,1,1
62010,78,86,-8,8
62011,56,59,-3,3
62012,90,85,5,5
62013,69,73,-4,4
62014,109,99,10,10
62015,67,68,-1,1
62016,65,70,-5,5
62017,67,74,-7,7
62018,128,112,16,16
62019,101,95,6,6
62020,103,100,3,3
62021,66,63,3,3
62022,78,78,0,0
62023,121,110,11,11
62024,99,101,-2,2
62025,69,63,6,6
62026,64,68,-4,4
62027,66,65,1,1
62028,76,75,1,1
62029,91,90,1,1
62030,49,56,-7,7
62031,222,182,40,40
62032,71,68,3,3
62033,155,147,8,8
62034,80,78,2,2
62035,94,76,18,18
62036,70,69,1,1
62037,106,101,5,5
62038,81,82,-1,1
62039,90,79,11,11
62040,73,74,-1,1
62041,65,63,2,2
62042,71,76,-5,5
62043,140,119,21,21
62044,109,112,-3,3
62045,72,72,0,0
62046,95,100,-5,5
62047,92,85,7,7
62048,104,109,-5,5
62049,74,75,-1,1
62050,102,100,2,2
62051,75,78,-3,3
62052,100,92,8,8
62053,111,113,-2,2
62054,52,54,-2,2
62055,79,70,9,9
62056,99,91,8,8
62057,140,137,3,3
62058,181,176,5,5
62059,106,103,3,3
62060,59,53,6,6
62061,129,116,13,13
62062,95,112,-17,17
62063,50,59,-9,9
62064,71,68,3,3
62065,46,63,-17,17
62066,103,104,-1,1
62067,82,84,-2,2
62068,114,104,10,10
62069,114,107,7,7
62070,92,91,1,1
62071,74,77,-3,3
62072,102,98,4,4
62073,104,98,6,6
62074,86,81,5,5
62075,51,69,-18,18
62076,86,80,6,6
62077,78,81,-3,3
62078,99,101,-2,2
62079,95,86,9,9
62080,82,85,-3,3
62081,111,114,-3,3
62082,129,112,17,17
62083,90,107,-17,17
62084,139,115,24,24
62085,72,80,-8,8
62086,55,63,-8,8
62087,165,150,15,15
62088,115,115,0,0
62089,61,71,-10,10
62090,84,77,7,7
62091,136,129,7,7
62092,83,77,6,6
62093,27,34,-7,7
62094,108,103,5,5
62095,147,128,19,19
62096,120,116,4,4
62097,73,89,-16,16
62098,60,68,-8,8
62099,123,122,1,1
62100,89,90,-1,1
62101,73,70,3,3
62102,64,67,-3,3
62103,62,67,-5,5
62104,100,92,8,8
62105,100,89,11,11
62106,48,65,-17,17
62107,119,109,10,10
62108,53,58,-5,5
62109,142,141,1,1
62110,58,62,-4,4
62111,100,108,-8,8
62112,77,74,3,3
62113,71,85,-14,14
62114,126,119,7,7
62115,50,56,-6,6
62116,205,169,36,36
62117,60,66,-6,6
62118,91,89,2,2
62119,70,76,-6,6
62120,90,91,-1,1
62121,159,147,12,12
62122,75,74,1,1
62123,116,92,24,24
62124,109,111,-2,2
62125,143,130,13,13
62126,112,100,12,12
62127,84,85,-1,1
62128,170,168,2,2
62129,150,144,6,6
62130,109,102,7,7
62131,161,146,15,15
62132,99,102,-3,3
62133,127,109,18,18
62134,62,34,28,28
62135,133,124,9,9
62136,101,106,-5,5
62137,127,114,13,13
62138,89,87,2,2
62139,95,87,8,8
62140,150,135,15,15
62141,49,48,1,1
62142,92,91,1,1
62143,92,88,4,4
62144,38,48,-10,10
62145,145,144,1,1
62146,156,156,0,0
62147,125,118,7,7
62148,51,50,1,1
62149,134,110,24,24
62150,92,104,-12,12
62151,85,91,-6,6
62152,60,61,-1,1
62153,67,72,-5,5
62154,99,107,-8,8
62155,159,155,4,4
62156,86,89,-3,3
62157,75,60,15,15
62158,42,34,8,8
62159,71,74,-3,3
62160,136,132,4,4
62161,67,78,-11,11
62162,112,107,5,5
62163,71,73,-2,2
62164,48,62,-14,14
62165,139,138,1,1
62166,114,145,-31,31
62167,48,44,4,4
62168,86,85,1,1
62169,119,107,12,12
62170,94,92,2,2
62171,105,102,3,3
62172,104,91,13,13
62173,85,86,-1,1
62174,66,65,1,1
62175,93,85,8,8
62176,88,90,-2,2
62177,67,66,1,1
62178,91,96,-5,5
62179,110,108,2,2
62180,80,74,6,6
62181,98,103,-5,5
62182,126,120,6,6
62183,52,60,-8,8
62184,63,69,-6,6
62185,91,97,-6,6
62186,103,100,3,3
62187,68,69,-1,1
62188,73,78,-5,5
62189,95,94,1,1
62190,100,93,7,7
62191,111,97,14,14
62192,100,101,-1,1
62193,75,76,-1,1
62194,84,87,-3,3
62195,75,79,-4,4
62196,139,123,16,16
62197,105,106,-1,1
62198,84,91,-7,7
62199,137,120,17,17
62200,65,94,-29,29
62201,97,88,9,9
62202,78,79,-1,1
62203,122,122,0,0
62204,72,75,-3,3
62205,80,96,-16,16
62206,132,115,17,17
62207,113,107,6,6
62208,121,115,6,6
62209,72,74,-2,2
62210,95,97,-2,2
62211,124,117,7,7
62212,122,115,7,7
62213,152,147,5,5
62214,105,97,8,8
62215,103,105,-2,2
62216,111,100,11,11
62217,60,51,9,9
62218,75,95,-20,20
62219,69,73,-4,4
62220,85,77,8,8
62221,91,99,-8,8
62222,106,95,11,11
62223,76,85,-9,9
62224,43,45,-2,2
62225,65,64,1,1
62226,180,173,7,7
62227,38,59,-21,21
62228,86,85,1,1
62229,77,75,2,2
62230,110,109,1,1
62231,111,108,3,3
62232,134,122,12,12
62233,123,119,4,4
62234,67,70,-3,3
62235,77,79,-2,2
62236,95,101,-6,6
62237,94,94,0,0
62238,131,127,4,4
62239,88,97,-9,9
62240,130,124,6,6
62241,78,77,1,1
62242,98,96,2,2
62243,66,69,-3,3
62244,63,67,-4,4
62245,85,80,5,5
62246,82,84,-2,2
62247,82,89,-7,7
62248,104,98,6,6
62249,120,115,5,5
62250,68,70,-2,2
62251,108,106,2,2
62252,101,94,7,7
62253,102,94,8,8
62254,161,158,3,3
62255,48,57,-9,9
62256,82,86,-4,4
62257,134,126,8,8
62258,102,95,7,7
62259,47,50,-3,3
62260,101,78,23,23
62261,103,98,5,5
62262,158,137,21,21
62263,79,86,-7,7
62264,126,117,9,9
62265,72,80,-8,8
62266,103,101,2,2
62267,86,92,-6,6
62268,73,80,-7,7
62269,150,140,10,10
62270,69,67,2,2
62271,89,84,5,5
62272,102,93,9,9
62273,89,91,-2,2
62274,92,93,-1,1
62275,91,87,4,4
62276,69,71,-2,2
62277,31,34,-3,3
62278,62,60,2,2
62279,74,79,-5,5
62280,73,68,5,5
62281,92,79,13,13
62282,68,69,-1,1
62283,121,108,13,13
62284,160,152,8,8
62285,124,116,8,8
62286,71,69,2,2
62287,98,85,13,13
62288,85,84,1,1
62289,93,86,7,7
62290,87,79,8,8
62291,210,172,38,38
62292,74,74,0,0
62293,84,88,-4,4
62294,141,134,7,7
62295,68,70,-2,2
62296,118,112,6,6
62297,75,78,-3,3
62298,150,139,11,11
62299,162,150,12,12
62300,59,62,-3,3
62301,82,81,1,1
62302,118,107,11,11
62303,94,95,-1,1
62304,75,93,-18,18
62305,71,73,-2,2
62306,131,120,11,11
62307,120,110,10,10
62308,91,93,-2,2
62309,112,100,12,12
62310,145,138,7,7
62311,93,82,11,11
62312,93,88,5,5
62313,89,76,13,13
62314,110,101,9,9
62315,78,78,0,0
62316,80,74,6,6
62317,133,128,5,5
62318,50,44,6,6
62319,82,84,-2,2
62320,145,121,24,24
62321,126,105,21,21
62322,105,96,9,9
62323,159,152,7,7
62324,118,119,-1,1
62325,142,134,8,8
62326,108,95,13,13
62327,110,106,4,4
62328,106,94,12,12
62329,119,115,4,4
62330,90,91,-1,1
62331,68,72,-4,4
62332,119,110,9,9
62333,162,147,15,15
62334,76,83,-7,7
62335,89,80,9,9
62336,57,65,-8,8
62337,79,77,2,2
62338,72,80,-8,8
62339,110,94,16,16
62340,82,77,5,5
62341,76,73,3,3
62342,68,75,-7,7
62343,79,99,-20,20
62344,64,69,-5,5
62345,151,131,20,20
62346,64,68,-4,4
62347,110,99,11,11
62348,78,71,7,7
62349,123,119,4,4
62350,118,113,5,5
62351,58,66,-8,8
62352,140,127,13,13
62353,128,110,18,18
62354,57,55,2,2
62355,101,102,-1,1
62356,106,95,11,11
62357,71,79,-8,8
62358,61,61,0,0
62359,187,157,30,30
62360,123,110,13,13
62361,64,64,0,0
62362,59,65,-6,6
62363,83,80,3,3
62364,68,72,-4,4
62365,83,76,7,7
62366,111,103,8,8
62367,86,94,-8,8
62368,87,85,2,2
62369,97,93,4,4
62370,76,76,0,0
62371,91,92,-1,1
62372,169,147,22,22
62373,51,51,0,0
62374,57,73,-16,16
62375,168,165,3,3
62376,93,72,21,21
62377,93,87,6,6
62378,98,86,12,12
62379,76,83,-7,7
62380,142,128,14,14
62381,60,64,-4,4
62382,118,107,11,11
62383,40,62,-22,22
62384,68,65,3,3
62385,75,69,6,6
62386,97,91,6,6
62387,124,117,7,7
62388,68,64,4,4
62389,89,79,10,10
62390,109,104,5,5
62391,53,57,-4,4
62392,112,106,6,6
62393,140,139,1,1
62394,113,99,14,14
62395,105,113,-8,8
62396,69,69,0,0
62397,98,113,-15,15
62398,150,141,9,9
62399,93,92,1,1
62400,117,120,-3,3
62401,44,41,3,3
62402,65,60,5,5
62403,78,72,6,6
62404,149,143,6,6
62405,75,71,4,4
62406,82,83,-1,1
62407,93,88,5,5
62408,129,123,6,6
62409,46,57,-11,11
62410,56,50,6,6
62411,99,84,15,15
62412,31,47,-16,16
62413,113,111,2,2
62414,167,162,5,5
62415,113,113,0,0
62416,171,166,5,5
62417,71,73,-2,2
62418,103,102,1,1
62419,76,80,-4,4
62420,64,61,3,3
62421,105,106,-1,1
62422,176,161,15,15
62423,127,114,13,13
62424,118,104,14,14
62425,88,93,-5,5
62426,133,125,8,8
62427,84,91,-7,7
62428,108,108,0,0
62429,72,71,1,1
62430,128,120,8,8
62431,36,35,1,1
62432,116,101,15,15
62433,105,104,1,1
62434,85,86,-1,1
62435,48,50,-2,2
62436,142,123,19,19
62437,78,65,13,13
62438,72,78,-6,6
62439,255,229,26,26
62440,113,114,-1,1
62441,98,89,9,9
62442,143,123,20,20
62443,85,103,-18,18
62444,111,109,2,2
62445,106,102,4,4
62446,111,111,0,0
62447,84,78,6,6
62448,74,78,-4,4
62449,87,88,-1,1
62450,133,129,4,4
62451,111,114,-3,3
62452,78,77,1,1
62453,83,84,-1,1
62454,117,100,17,17
62455,97,91,6,6
62456,127,127,0,0
62457,66,66,0,0
62458,124,114,10,10
62459,72,73,-1,1
62460,108,92,16,16
62461,124,119,5,5
62462,137,116,21,21
62463,84,84,0,0
62464,175,168,7,7
62465,32,31,1,1
62466,127,107,20,20
62467,139,134,5,5
62468,84,103,-19,19
62469,138,139,-1,1
62470,147,145,2,2
62471,49,56,-7,7
62472,87,84,3,3
62473,71,73,-2,2
62474,89,76,13,13
62475,122,118,4,4
62476,110,113,-3,3
62477,112,106,6,6
62478,161,137,24,24
62479,78,87,-9,9
62480,84,85,-1,1
62481,96,85,11,11
62482,83,81,2,2
62483,166,142,24,24
62484,69,66,3,3
62485,48,45,3,3
62486,84,67,17,17
62487,113,95,18,18
62488,89,90,-1,1
62489,51,58,-7,7
62490,101,98,3,3
62491,70,66,4,4
62492,107,96,11,11
62493,99,93,6,6
62494,142,129,13,13
62495,123,109,14,14
62496,81,77,4,4
62497,60,60,0,0
62498,139,125,14,14
62499,93,88,5,5
62500,123,129,-6,6
62501,101,81,20,20
62502,128,125,3,3
62503,72,72,0,0
62504,134,116,18,18
62505,89,88,1,1
62506,162,147,15,15
62507,129,109,20,20
62508,97,96,1,1
62509,63,74,-11,11
62510,88,88,0,0
62511,47,47,0,0
62512,163,146,17,17
62513,169,166,3,3
62514,88,84,4,4
62515,116,112,4,4
62516,68,71,-3,3
62517,66,70,-4,4
62518,75,77,-2,2
62519,79,85,-6,6
62520,132,128,4,4
62521,64,70,-6,6
62522,154,141,13,13
62523,159,128,31,31
62524,97,97,0,0
62525,151,138,13,13
62526,64,62,2,2
62527,86,77,9,9
62528,86,100,-14,14
62529,105,101,4,4
62530,135,132,3,3
62531,78,86,-8,8
62532,180,154,26,26
62533,126,114,12,12
62534,115,112,3,3
62535,95,105,-10,10
62536,123,108,15,15
62537,49,45,4,4
62538,94,97,-3,3
62539,170,156,14,14
62540,92,86,6,6
62541,101,101,0,0
62542,93,92,1,1
62543,123,131,-8,8
62544,83,75,8,8
62545,122,107,15,15
62546,109,120,-11,11
62547,67,62,5,5
62548,59,66,-7,7
62549,79,69,10,10
62550,82,84,-2,2
62551,69,70,-1,1
62552,83,88,-5,5
62553,116,104,12,12
62554,202,171,31,31
62555,92,98,-6,6
62556,95,90,5,5
62557,104,105,-1,1
62558,124,115,9,9
62559,203,180,23,23
62560,95,90,5,5
62561,131,123,8,8
62562,42,38,4,4
62563,106,88,18,18
62564,40,42,-2,2
62565,81,78,3,3
62566,125,111,14,14
62567,82,80,2,2
62568,121,110,11,11
62569,85,92,-7,7
62570,104,92,12,12
62571,82,76,6,6
62572,76,74,2,2
62573,60,64,-4,4
62574,91,78,13,13
62575,96,78,18,18
62576,118,110,8,8
62577,101,91,10,10
62578,140,135,5,5
62579,153,145,8,8
62580,115,120,-5,5
62581,38,58,-20,20
62582,74,77,-3,3
62583,28,60,-32,32
62584,65,68,-3,3
62585,113,115,-2,2
62586,109,106,3,3
62587,93,89,4,4
62588,87,83,4,4
62589,54,61,-7,7
62590,125,116,9,9
62591,141,133,8,8
62592,114,115,-1,1
62593,122,113,9,9
62594,138,135,3,3
62595,98,90,8,8
62596,84,81,3,3
62597,118,115,3,3
62598,114,111,3,3
62599,69,75,-6,6
62600,47,59,-12,12
62601,72,63,9,9
62602,72,64,8,8
62603,85,85,0,0
62604,48,49,-1,1
62605,96,90,6,6
62606,90,88,2,2
62607,99,89,10,10
62608,122,123,-1,1
62609,60,64,-4,4
62610,80,86,-6,6
62611,79,80,-1,1
62612,54,56,-2,2
62613,90,91,-1,1
62614,84,87,-3,3
62615,98,95,3,3
62616,106,101,5,5
62617,70,75,-5,5
62618,93,85,8,8
62619,81,77,4,4
62620,108,100,8,8
62621,66,69,-3,3
62622,92,86,6,6
62623,58,57,1,1
62624,80,79,1,1
62625,72,76,-4,4
62626,92,87,5,5
62627,114,115,-1,1
62628,149,129,20,20
62629,85,81,4,4
62630,61,57,4,4
62631,104,95,9,9
62632,100,89,11,11
62633,132,126,6,6
62634,132,120,12,12
62635,114,99,15,15
62636,89,92,-3,3
62637,52,54,-2,2
62638,51,51,0,0
62639,109,110,-1,1
62640,112,116,-4,4
62641,80,75,5,5
62642,158,169,-11,11
62643,103,95,8,8
62644,59,65,-6,6
62645,118,108,10,10
62646,114,106,8,8
62647,101,97,4,4
62648,64,65,-1,1
62649,75,75,0,0
62650,110,94,16,16
62651,168,175,-7,7
62652,109,97,12,12
62653,106,100,6,6
62654,32,79,-47,47
62655,86,88,-2,2
62656,185,146,39,39
62657,125,135,-10,10
62658,48,53,-5,5
62659,128,126,2,2
62660,138,139,-1,1
62661,75,68,7,7
62662,84,104,-20,20
62663,115,100,15,15
62664,58,68,-10,10
62665,97,93,4,4
62666,152,132,20,20
62667,94,94,0,0
62668,114,106,8,8
62669,130,134,-4,4
62670,61,64,-3,3
62671,185,160,25,25
62672,110,106,4,4
62673,58,59,-1,1
62674,79,81,-2,2
62675,79,76,3,3
62676,93,86,7,7
62677,129,125,4,4
62678,134,122,12,12
62679,98,99,-1,1
62680,162,151,11,11
62681,83,81,2,2
62682,107,94,13,13
62683,98,109,-11,11
62684,131,116,15,15
62685,57,55,2,2
62686,153,135,18,18
62687,126,118,8,8
62688,89,86,3,3
62689,68,68,0,0
62690,131,115,16,16
62691,68,76,-8,8
62692,94,87,7,7
62693,135,120,15,15
62694,96,95,1,1
62695,95,101,-6,6
62696,90,84,6,6
62697,55,60,-5,5
62698,108,110,-2,2
62699,36,34,2,2
62700,73,68,5,5
62701,73,82,-9,9
62702,102,93,9,9
62703,52,54,-2,2
62704,22,34,-12,12
62705,102,87,15,15
62706,136,115,21,21
62707,83,85,-2,2
62708,76,75,1,1
62709,135,129,6,6
62710,116,115,1,1
62711,69,71,-2,2
62712,42,45,-3,3
62713,86,77,9,9
62714,131,113,18,18
62715,119,110,9,9
62716,65,66,-1,1
62717,100,102,-2,2
62718,65,69,-4,4
62719,73,74,-1,1
62720,63,66,-3,3
62721,115,145,-30,30
62722,164,146,18,18
62723,146,142,4,4
62724,64,68,-4,4
62725,101,95,6,6
62726,124,117,7,7
62727,74,75,-1,1
62728,92,80,12,12
62729,90,85,5,5
62730,93,91,2,2
62731,76,80,-4,4
62732,133,130,3,3
62733,54,60,-6,6
62734,147,120,27,27
62735,107,106,1,1
62736,132,112,20,20
62737,129,114,15,15
62738,95,87,8,8
62739,78,89,-11,11
62740,93,88,5,5
62741,85,90,-5,5
62742,138,149,-11,11
62743,106,106,0,0
62744,45,49,-4,4
62745,50,58,-8,8
62746,55,37,18,18
62747,44,57,-13,13
62748,70,67,3,3
62749,125,115,10,10
62750,82,84,-2,2
62751,80,77,3,3
62752,120,112,8,8
62753,100,94,6,6
62754,70,67,3,3
62755,65,67,-2,2
62756,96,98,-2,2
62757,93,92,1,1
62758,106,95,11,11
62759,168,147,21,21
62760,169,153,16,16
62761,95,82,13,13
62762,95,94,1,1
62763,81,75,6,6
62764,65,61,4,4
62765,64,77,-13,13
62766,62,75,-13,13
62767,119,115,4,4
62768,93,85,8,8
62769,77,75,2,2
62770,141,133,8,8
62771,66,69,-3,3
62772,76,90,-14,14
62773,148,138,10,10
62774,57,69,-12,12
62775,78,60,18,18
62776,134,112,22,22
62777,133,122,11,11
62778,66,66,0,0
62779,75,70,5,5
62780,97,91,6,6
62781,131,115,16,16
62782,171,156,15,15
62783,222,201,21,21
62784,102,101,1,1
62785,60,63,-3,3
62786,144,140,4,4
62787,43,46,-3,3
62788,82,77,5,5
62789,84,85,-1,1
62790,92,95,-3,3
62791,94,76,18,18
62792,179,170,9,9
62793,119,116,3,3
62794,61,68,-7,7
62795,93,97,-4,4
62796,53,55,-2,2
62797,142,137,5,5
62798,69,69,0,0
62799,90,91,-1,1
62800,139,131,8,8
62801,90,108,-18,18
62802,56,59,-3,3
62803,113,114,-1,1
62804,91,87,4,4
62805,86,86,0,0
62806,111,103,8,8
62807,74,68,6,6
62808,139,122,17,17
62809,96,85,11,11
62810,105,98,7,7
62811,139,133,6,6
62812,61,66,-5,5
62813,70,75,-5,5
62814,70,75,-5,5
62815,61,61,0,0
62816,127,129,-2,2
62817,92,96,-4,4
62818,120,107,13,13
62819,52,53,-1,1
62820,86,85,1,1
62821,62,62,0,0
62822,101,117,-16,16
62823,85,99,-14,14
62824,96,100,-4,4
62825,105,103,2,2
62826,122,116,6,6
62827,116,111,5,5
62828,98,83,15,15
62829,154,142,12,12
62830,100,93,7,7
62831,164,149,15,15
62832,162,149,13,13
62833,136,132,4,4
62834,62,70,-8,8
62835,178,169,9,9
62836,109,94,15,15
62837,121,104,17,17
62838,108,118,-10,10
62839,84,86,-2,2
62840,131,111,20,20
62841,122,107,15,15
62842,64,75,-11,11
62843,84,84,0,0
62844,72,72,0,0
62845,185,161,24,24
62846,77,74,3,3
62847,137,149,-12,12
62848,93,100,-7,7
62849,86,93,-7,7
62850,144,122,22,22
62851,78,85,-7,7
62852,61,67,-6,6
62853,129,115,14,14
62854,52,64,-12,12
62855,195,177,18,18
62856,87,87,0,0
62857,101,100,1,1
62858,103,104,-1,1
62859,169,156,13,13
62860,104,99,5,5
62861,80,78,2,2
62862,40,58,-18,18
62863,90,93,-3,3
62864,89,94,-5,5
62865,105,99,6,6
62866,86,91,-5,5
62867,133,123,10,10
62868,89,85,4,4
62869,64,63,1,1
62870,94,99,-5,5
62871,86,92,-6,6
62872,128,118,10,10
62873,53,58,-5,5
62874,91,78,13,13
62875,74,72,2,2
62876,64,66,-2,2
62877,81,73,8,8
62878,66,71,-5,5
62879,76,70,6,6
62880,91,89,2,2
62881,76,73,3,3
62882,109,95,14,14
62883,77,74,3,3
62884,76,74,2,2
62885,110,97,13,13
62886,88,84,4,4
62887,120,110,10,10
62888,127,121,6,6
62889,106,108,-2,2
62890,201,183,18,18
62891,111,106,5,5
62892,231,202,29,29
62893,59,66,-7,7
62894,150,136,14,14
62895,141,126,15,15
62896,62,60,2,2
62897,191,181,10,10
62898,119,113,6,6
62899,72,80,-8,8
62900,103,99,4,4
62901,79,84,-5,5
62902,106,103,3,3
62903,104,117,-13,13
62904,88,91,-3,3
62905,78,85,-7,7
62906,81,90,-9,9
62907,98,97,1,1
62908,123,116,7,7
62909,142,124,18,18
62910,74,73,1,1
62911,163,146,17,17
62912,102,89,13,13
62913,60,64,-4,4
62914,133,111,22,22
62915,59,62,-3,3
62916,47,56,-9,9
62917,86,90,-4,4
62918,124,112,12,12
62919,28,32,-4,4
62920,59,62,-3,3
62921,124,133,-9,9
62922,105,98,7,7
62923,103,92,11,11
62924,80,81,-1,1
62925,82,77,5,5
62926,84,79,5,5
62927,128,123,5,5
62928,101,101,0,0
62929,72,72,0,0
62930,89,78,11,11
62931,119,114,5,5
62932,181,167,14,14
62933,146,139,7,7
62934,58,60,-2,2
62935,80,73,7,7
62936,37,34,3,3
62937,45,59,-14,14
62938,95,103,-8,8
62939,108,103,5,5
62940,79,72,7,7
62941,85,74,11,11
62942,53,65,-12,12
62943,211,184,27,27
62944,103,98,5,5
62945,77,74,3,3
62946,75,72,3,3
62947,95,94,1,1
62948,102,90,12,12
62949,77,76,1,1
62950,54,58,-4,4
62951,110,101,9,9
62952,121,112,9,9
62953,89,76,13,13
62954,93,95,-2,2
62955,44,50,-6,6
62956,84,91,-7,7
62957,135,120,15,15
62958,66,64,2,2
62959,104,112,-8,8
62960,141,128,13,13
62961,98,89,9,9
62962,90,94,-4,4
62963,115,108,7,7
62964,109,109,0,0
62965,69,75,-6,6
62966,64,64,0,0
62967,185,165,20,20
62968,114,105,9,9
62969,191,160,31,31
62970,49,45,4,4
62971,83,89,-6,6
62972,100,95,5,5
62973,98,87,11,11
62974,69,80,-11,11
62975,103,91,12,12
62976,148,152,-4,4
62977,81,75,6,6
62978,151,143,8,8
62979,70,63,7,7
62980,88,84,4,4
62981,93,96,-3,3
62982,60,75,-15,15
62983,88,80,8,8
62984,63,68,-5,5
62985,92,84,8,8
62986,108,108,0,0
62987,78,88,-10,10
62988,156,138,18,18
62989,63,66,-3,3
62990,58,61,-3,3
62991,38,34,4,4
62992,107,99,8,8
62993,101,94,7,7
62994,65,70,-5,5
62995,120,117,3,3
62996,101,95,6,6
62997,106,92,14,14
62998,72,72,0,0
62999,127,114,13,13
63000,65,68,-3,3
63001,126,110,16,16
63002,113,107,6,6
63003,104,109,-5,5
63004,152,140,12,12
63005,57,61,-4,4
63006,83,78,5,5
63007,101,99,2,2
63008,81,78,3,3
63009,54,67,-13,13
63010,80,80,0,0
63011,83,87,-4,4
63012,31,33,-2,2
63013,64,66,-2,2
63014,159,155,4,4
63015,133,124,9,9
63016,116,118,-2,2
63017,57,56,1,1
63018,99,93,6,6
63019,62,60,2,2
63020,90,85,5,5
63021,117,110,7,7
63022,142,127,15,15
63023,177,156,21,21
63024,59,62,-3,3
63025,89,97,-8,8
63026,69,68,1,1
63027,63,72,-9,9
63028,46,74,-28,28
63029,136,139,-3,3
63030,105,113,-8,8
63031,127,131,-4,4
63032,66,71,-5,5
63033,138,134,4,4
63034,71,71,0,0
63035,97,94,3,3
63036,112,112,0,0
63037,77,80,-3,3
63038,57,63,-6,6
63039,84,85,-1,1
63040,85,79,6,6
63041,111,101,10,10
63042,123,114,9,9
63043,110,115,-5,5
63044,114,112,2,2
63045,111,132,-21,21
63046,71,79,-8,8
63047,93,85,8,8
63048,343,312,31,31
63049,72,72,0,0
63050,186,158,28,28
63051,62,62,0,0
63052,79,78,1,1
63053,129,126,3,3
63054,121,135,-14,14
63055,105,97,8,8
63056,157,142,15,15
63057,115,103,12,12
63058,78,75,3,3
63059,179,179,0,0
63060,80,79,1,1
63061,113,116,-3,3
63062,87,88,-1,1
63063,95,95,0,0
63064,95,98,-3,3
63065,104,98,6,6
63066,88,86,2,2
63067,61,67,-6,6
63068,63,60,3,3
63069,87,103,-16,16
63070,157,157,0,0
63071,92,114,-22,22
63072,53,58,-5,5
63073,128,111,17,17
63074,114,106,8,8
63075,95,81,14,14
63076,102,98,4,4
63077,120,120,0,0
63078,110,116,-6,6
63079,207,186,21,21
63080,103,98,5,5
63081,55,57,-2,2
63082,98,92,6,6
63083,99,98,1,1
63084,94,96,-2,2
63085,82,87,-5,5
63086,60,85,-25,25
63087,95,98,-3,3
63088,113,101,12,12
63089,113,108,5,5
63090,105,94,11,11
63091,80,68,12,12
63092,104,108,-4,4
63093,97,94,3,3
63094,62,66,-4,4
63095,62,73,-11,11
63096,85,89,-4,4
63097,114,98,16,16
63098,72,67,5,5
63099,82,76,6,6
63100,94,84,10,10
63101,90,91,-1,1
63102,110,95,15,15
63103,90,82,8,8
63104,80,83,-3,3
63105,109,96,13,13
63106,61,68,-7,7
63107,185,171,14,14
63108,117,112,5,5
63109,139,130,9,9
63110,56,62,-6,6
63111,74,69,5,5
63112,107,110,-3,3
63113,78,86,-8,8
63114,51,56,-5,5
63115,87,84,3,3
63116,114,105,9,9
63117,83,84,-1,1
63118,137,126,11,11
63119,117,107,10,10
63120,87,92,-5,5
63121,69,74,-5,5
63122,86,87,-1,1
63123,150,144,6,6
63124,162,149,13,13
63125,87,85,2,2
63126,68,68,0,0
63127,68,67,1,1
63128,126,104,22,22
63129,109,99,10,10
63130,106,113,-7,7
63131,114,106,8,8
63132,136,137,-1,1
63133,128,110,18,18
63134,109,111,-2,2
63135,114,113,1,1
63136,102,100,2,2
63137,144,126,18,18
63138,52,49,3,3
63139,73,80,-7,7
63140,116,109,7,7
63141,111,93,18,18
63142,106,105,1,1
63143,125,121,4,4
63144,119,101,18,18
63145,77,78,-1,1
63146,78,74,4,4
63147,62,62,0,0
63148,80,87,-7,7
63149,101,102,-1,1
63150,130,129,1,1
63151,165,146,19,19
63152,88,78,10,10
63153,97,105,-8,8
63154,125,110,15,15
63155,55,61,-6,6
63156,76,80,-4,4
63157,124,124,0,0
63158,82,84,-2,2
63159,60,66,-6,6
63160,107,100,7,7
63161,109,106,3,3
63162,162,148,14,14
63163,95,107,-12,12
63164,54,57,-3,3
63165,125,119,6,6
63166,107,95,12,12
63167,74,66,8,8
63168,155,146,9,9
63169,77,81,-4,4
63170,80,75,5,5
63171,122,123,-1,1
63172,71,76,-5,5
63173,112,102,10,10
63174,61,68,-7,7
63175,88,93,-5,5
63176,171,148,23,23
63177,98,88,10,10
63178,59,63,-4,4
63179,150,145,5,5
63180,94,93,1,1
63181,112,108,4,4
63182,113,87,26,26
63183,92,91,1,1
63184,121,119,2,2
63185,101,92,9,9
63186,82,80,2,2
63187,125,107,18,18
63188,74,73,1,1
63189,68,69,-1,1
63190,104,106,-2,2
63191,80,81,-1,1
63192,101,90,11,11
63193,96,100,-4,4
63194,96,91,5,5
63195,79,85,-6,6
63196,75,73,2,2
63197,121,114,7,7
63198,173,155,18,18
63199,123,114,9,9
63200,124,115,9,9
63201,123,113,10,10
63202,129,128,1,1
63203,119,103,16,16
63204,107,107,0,0
63205,117,105,12,12
63206,74,76,-2,2
63207,72,79,-7,7
63208,92,97,-5,5
63209,102,91,11,11
63210,123,130,-7,7
63211,119,121,-2,2
63212,71,69,2,2
63213,64,72,-8,8
63214,108,101,7,7
63215,140,122,18,18
63216,90,88,2,2
63217,128,117,11,11
63218,99,99,0,0
63219,82,93,-11,11
63220,156,146,10,10
63221,137,128,9,9
63222,78,68,10,10
63223,95,93,2,2
63224,82,93,-11,11
63225,90,90,0,0
63226,64,67,-3,3
63227,73,76,-3,3
63228,53,65,-12,12
63229,123,118,5,5
63230,62,69,-7,7
63231,92,94,-2,2
63232,123,112,11,11
63233,125,113,12,12
63234,41,37,4,4
63235,187,170,17,17
63236,91,86,5,5
63237,76,77,-1,1
63238,176,158,18,18
63239,93,94,-1,1
63240,87,89,-2,2
63241,89,90,-1,1
63242,88,84,4,4
63243,99,93,6,6
63244,134,114,20,20
63245,95,94,1,1
63246,105,102,3,3
63247,42,56,-14,14
63248,96,89,7,7
63249,50,64,-14,14
63250,63,65,-2,2
63251,95,102,-7,7
63252,99,92,7,7
63253,109,115,-6,6
63254,133,114,19,19
63255,90,79,11,11
63256,71,71,0,0
63257,58,68,-10,10
63258,173,160,13,13
63259,77,72,5,5
63260,88,62,26,26
63261,72,70,2,2
63262,116,106,10,10
63263,61,65,-4,4
63264,94,84,10,10
63265,117,119,-2,2
63266,114,109,5,5
63267,147,134,13,13
63268,125,115,10,10
63269,100,95,5,5
63270,101,89,12,12
63271,112,109,3,3
63272,94,84,10,10
63273,119,107,12,12
63274,154,145,9,9
63275,82,81,1,1
63276,58,66,-8,8
63277,131,111,20,20
63278,82,81,1,1
63279,96,93,3,3
63280,80,74,6,6
63281,118,116,2,2
63282,51,65,-14,14
63283,164,154,10,10
63284,77,102,-25,25
63285,144,140,4,4
63286,132,132,0,0
63287,89,85,4,4
63288,78,70,8,8
63289,51,59,-8,8
63290,100,103,-3,3
63291,108,103,5,5
63292,143,123,20,20
63293,88,85,3,3
63294,67,67,0,0
63295,121,124,-3,3
63296,90,83,7,7
63297,65,67,-2,2
63298,79,80,-1,1
63299,144,130,14,14
63300,55,46,9,9
63301,78,80,-2,2
63302,82,92,-10,10
63303,78,77,1,1
63304,160,156,4,4
63305,89,80,9,9
63306,101,102,-1,1
63307,114,99,15,15
63308,86,79,7,7
63309,155,146,9,9
63310,105,109,-4,4
63311,76,71,5,5
63312,149,132,17,17
63313,99,105,-6,6
63314,120,105,15,15
63315,69,69,0,0
63316,102,98,4,4
63317,59,60,-1,1
63318,54,63,-9,9
63319,107,95,12,12
63320,60,63,-3,3
63321,70,66,4,4
63322,219,206,13,13
63323,83,82,1,1
63324,68,68,0,0
63325,89,91,-2,2
63326,68,75,-7,7
63327,108,107,1,1
63328,94,101,-7,7
63329,90,88,2,2
63330,171,155,16,16
63331,35,33,2,2
63332,39,34,5,5
63333,80,109,-29,29
63334,69,67,2,2
63335,109,105,4,4
63336,112,115,-3,3
63337,127,124,3,3
63338,87,88,-1,1
63339,60,121,-61,61
63340,67,74,-7,7
63341,151,138,13,13
63342,115,107,8,8
63343,86,89,-3,3
63344,97,84,13,13
63345,128,113,15,15
63346,137,119,18,18
63347,102,102,0,0
63348,76,77,-1,1
63349,33,31,2,2
63350,89,91,-2,2
63351,68,66,2,2
63352,55,59,-4,4
63353,104,104,0,0
63354,98,98,0,0
63355,67,66,1,1
63356,103,92,11,11
63357,87,84,3,3
63358,92,89,3,3
63359,97,84,13,13
63360,144,135,9,9
63361,94,103,-9,9
63362,95,87,8,8
63363,131,113,18,18
63364,102,91,11,11
63365,132,127,5,5
63366,83,85,-2,2
63367,127,123,4,4
63368,71,70,1,1
63369,86,84,2,2
63370,202,174,28,28
63371,181,165,16,16
63372,129,123,6,6
63373,112,103,9,9
63374,118,109,9,9
63375,46,34,12,12
63376,120,99,21,21
63377,55,67,-12,12
63378,141,130,11,11
63379,92,87,5,5
63380,137,133,4,4
63381,59,63,-4,4
63382,192,192,0,0
63383,144,137,7,7
63384,91,93,-2,2
63385,111,106,5,5
63386,52,54,-2,2
63387,135,125,10,10
63388,43,49,-6,6
63389,138,120,18,18
63390,159,137,22,22
63391,88,90,-2,2
63392,63,68,-5,5
63393,90,92,-2,2
63394,101,91,10,10
63395,72,73,-1,1
63396,64,62,2,2
63397,81,75,6,6
63398,94,94,0,0
63399,125,113,12,12
63400,64,65,-1,1
63401,68,72,-4,4
63402,77,82,-5,5
63403,125,125,0,0
63404,68,70,-2,2
63405,131,122,9,9
63406,72,72,0,0
63407,113,102,11,11
63408,136,131,5,5
63409,136,123,13,13
63410,129,113,16,16
63411,118,110,8,8
63412,79,75,4,4
63413,98,91,7,7
63414,117,113,4,4
63415,98,104,-6,6
63416,30,34,-4,4
63417,76,67,9,9
63418,87,84,3,3
63419,110,103,7,7
63420,80,80,0,0
63421,48,63,-15,15
63422,120,112,8,8
63423,98,100,-2,2
63424,43,48,-5,5
63425,84,79,5,5
63426,62,67,-5,5
63427,165,161,4,4
63428,56,60,-4,4
63429,85,82,3,3
63430,109,95,14,14
63431,149,135,14,14
63432,55,56,-1,1
63433,89,95,-6,6
63434,68,76,-8,8
63435,68,70,-2,2
63436,146,138,8,8
63437,112,108,4,4
63438,104,96,8,8
63439,49,38,11,11
63440,67,64,3,3
63441,70,61,9,9
63442,109,100,9,9
63443,56,59,-3,3
63444,148,135,13,13
63445,97,96,1,1
63446,79,78,1,1
63447,116,102,14,14
63448,97,96,1,1
63449,79,76,3,3
63450,74,68,6,6
63451,67,62,5,5
63452,118,108,10,10
63453,72,77,-5,5
63454,128,108,20,20
63455,113,113,0,0
63456,103,107,-4,4
63457,86,91,-5,5
63458,59,66,-7,7
63459,114,117,-3,3
63460,125,125,0,0
63461,105,97,8,8
63462,70,69,1,1
63463,147,130,17,17
63464,90,81,9,9
63465,81,86,-5,5
63466,65,74,-9,9
63467,63,65,-2,2
63468,110,105,5,5
63469,108,96,12,12
63470,62,79,-17,17
63471,107,103,4,4
63472,47,51,-4,4
63473,76,76,0,0
63474,92,94,-2,2
63475,129,123,6,6
63476,87,86,1,1
63477,90,79,11,11
63478,75,76,-1,1
63479,69,75,-6,6
63480,61,66,-5,5
63481,76,74,2,2
63482,49,52,-3,3
63483,133,122,11,11
63484,147,146,1,1
63485,115,102,13,13
63486,88,94,-6,6
63487,70,70,0,0
63488,77,79,-2,2
63489,64,64,0,0
63490,182,158,24,24
63491,103,94,9,9
63492,91,92,-1,1
63493,104,99,5,5
63494,67,60,7,7
63495,90,90,0,0
63496,81,85,-4,4
63497,140,133,7,7
63498,64,66,-2,2
63499,132,123,9,9
63500,64,64,0,0
63501,117,112,5,5
63502,86,91,-5,5
63503,216,189,27,27
63504,129,118,11,11
63505,107,101,6,6
63506,114,109,5,5
63507,99,92,7,7
63508,232,199,33,33
63509,81,84,-3,3
63510,117,115,2,2
63511,142,137,5,5
63512,33,32,1,1
63513,80,82,-2,2
63514,95,89,6,6
63515,84,82,2,2
63516,111,112,-1,1
63517,53,60,-7,7
63518,47,61,-14,14
63519,80,79,1,1
63520,81,81,0,0
63521,74,72,2,2
63522,49,55,-6,6
63523,124,108,16,16
63524,98,91,7,7
63525,155,149,6,6
63526,58,64,-6,6
63527,111,100,11,11
63528,99,109,-10,10
63529,124,110,14,14
63530,62,63,-1,1
63531,55,52,3,3
63532,72,72,0,0
63533,62,65,-3,3
63534,74,71,3,3
63535,76,66,10,10
63536,102,96,6,6
63537,87,81,6,6
63538,136,124,12,12
63539,89,84,5,5
63540,68,67,1,1
63541,67,69,-2,2
63542,97,98,-1,1
63543,123,112,11,11
63544,170,145,25,25
63545,120,119,1,1
63546,110,113,-3,3
63547,100,98,2,2
63548,37,44,-7,7
63549,84,73,11,11
63550,62,64,-2,2
63551,145,132,13,13
63552,106,102,4,4
63553,115,106,9,9
63554,126,121,5,5
63555,141,144,-3,3
63556,92,88,4,4
63557,110,103,7,7
63558,59,70,-11,11
63559,90,81,9,9
63560,77,75,2,2
63561,70,73,-3,3
63562,77,70,7,7
63563,79,73,6,6
63564,154,142,12,12
63565,137,133,4,4
63566,106,100,6,6
63567,116,107,9,9
63568,119,105,14,14
63569,65,61,4,4
63570,139,127,12,12
63571,145,129,16,16
63572,141,131,10,10
63573,119,107,12,12
63574,70,73,-3,3
63575,78,77,1,1
63576,75,63,12,12
63577,100,95,5,5
63578,163,146,17,17
63579,162,152,10,10
63580,153,141,12,12
63581,94,94,0,0
63582,74,73,1,1
63583,88,87,1,1
63584,67,70,-3,3
63585,100,106,-6,6
63586,117,121,-4,4
63587,80,76,4,4
63588,95,80,15,15
63589,77,79,-2,2
63590,121,110,11,11
63591,141,127,14,14
63592,83,77,6,6
63593,55,59,-4,4
63594,87,77,10,10
63595,76,79,-3,3
63596,116,101,15,15
63597,162,183,-21,21
63598,114,110,4,4
63599,79,76,3,3
63600,117,116,1,1
63601,54,58,-4,4
63602,87,87,0,0
63603,124,121,3,3
63604,101,96,5,5
63605,53,59,-6,6
63606,133,123,10,10
63607,75,87,-12,12
63608,78,87,-9,9
63609,69,81,-12,12
63610,40,34,6,6
63611,84,78,6,6
63612,94,93,1,1
63613,75,71,4,4
63614,95,92,3,3
63615,82,93,-11,11
63616,75,73,2,2
63617,141,114,27,27
63618,98,98,0,0
63619,101,106,-5,5
63620,49,48,1,1
63621,45,36,9,9
63622,94,93,1,1
63623,132,109,23,23
63624,122,106,16,16
63625,96,94,2,2
63626,89,85,4,4
63627,114,110,4,4
63628,112,102,10,10
63629,55,65,-10,10
63630,63,64,-1,1
63631,133,112,21,21
63632,71,78,-7,7
63633,81,73,8,8
63634,104,103,1,1
63635,97,85,12,12
63636,103,104,-1,1
63637,110,96,14,14
63638,91,88,3,3
63639,60,64,-4,4
63640,58,64,-6,6
63641,91,88,3,3
63642,69,73,-4,4
63643,75,85,-10,10
63644,175,172,3,3
63645,62,66,-4,4
63646,121,117,4,4
63647,64,66,-2,2
63648,103,93,10,10
63649,109,74,35,35
63650,111,99,12,12
63651,87,77,10,10
63652,146,133,13,13
63653,68,72,-4,4
63654,69,69,0,0
63655,79,84,-5,5
63656,111,97,14,14
63657,72,70,2,2
63658,110,100,10,10
63659,106,104,2,2
63660,112,98,14,14
63661,85,75,10,10
63662,153,152,1,1
63663,102,86,16,16
63664,75,77,-2,2
63665,123,109,14,14
63666,80,93,-13,13
63667,81,82,-1,1
63668,76,76,0,0
63669,107,103,4,4
63670,163,147,16,16
63671,75,79,-4,4
63672,83,78,5,5
63673,72,68,4,4
63674,73,75,-2,2
63675,47,57,-10,10
63676,127,117,10,10
63677,31,34,-3,3
63678,88,81,7,7
63679,131,126,5,5
63680,140,148,-8,8
63681,172,163,9,9
63682,86,80,6,6
63683,137,125,12,12
63684,108,103,5,5
63685,67,68,-1,1
63686,157,163,-6,6
63687,42,55,-13,13
63688,81,80,1,1
63689,96,85,11,11
63690,189,175,14,14
63691,97,105,-8,8
63692,82,86,-4,4
63693,105,91,14,14
63694,107,95,12,12
63695,81,83,-2,2
63696,44,34,10,10
63697,93,90,3,3
63698,63,65,-2,2
63699,46,94,-48,48
63700,128,129,-1,1
63701,133,125,8,8
63702,40,34,6,6
63703,119,110,9,9
63704,100,90,10,10
63705,96,91,5,5
63706,84,85,-1,1
63707,188,176,12,12
63708,66,68,-2,2
63709,145,140,5,5
63710,50,63,-13,13
63711,74,75,-1,1
63712,82,80,2,2
63713,92,79,13,13
63714,131,124,7,7
63715,69,69,0,0
63716,97,87,10,10
63717,137,128,9,9
63718,98,98,0,0
63719,67,72,-5,5
63720,107,112,-5,5
63721,49,48,1,1
63722,76,75,1,1
63723,66,67,-1,1
63724,170,151,19,19
63725,101,102,-1,1
63726,95,83,12,12
63727,76,75,1,1
63728,82,78,4,4
63729,84,81,3,3
63730,106,105,1,1
63731,64,75,-11,11
63732,91,88,3,3
63733,86,84,2,2
63734,54,56,-2,2
63735,82,93,-11,11
63736,89,90,-1,1
63737,97,93,4,4
63738,161,145,16,16
63739,48,34,14,14
63740,109,103,6,6
63741,159,143,16,16
63742,106,104,2,2
63743,181,150,31,31
63744,129,132,-3,3
63745,101,104,-3,3
63746,114,106,8,8
63747,126,111,15,15
63748,168,142,26,26
63749,95,100,-5,5
63750,80,79,1,1
63751,96,90,6,6
63752,35,36,-1,1
63753,73,75,-2,2
63754,89,85,4,4
63755,107,94,13,13
63756,88,87,1,1
63757,92,94,-2,2
63758,91,79,12,12
63759,91,80,11,11
63760,120,129,-9,9
63761,82,79,3,3
63762,80,84,-4,4
63763,55,59,-4,4
63764,76,69,7,7
63765,72,70,2,2
63766,105,94,11,11
63767,113,103,10,10
63768,67,65,2,2
63769,101,102,-1,1
63770,80,80,0,0
63771,80,85,-5,5
63772,96,90,6,6
63773,71,72,-1,1
63774,148,147,1,1
63775,72,70,2,2
63776,127,128,-1,1
63777,75,75,0,0
63778,83,84,-1,1
63779,90,93,-3,3
63780,86,85,1,1
63781,75,80,-5,5
63782,72,74,-2,2
63783,70,63,7,7
63784,105,99,6,6
63785,41,41,0,0
63786,68,72,-4,4
63787,86,79,7,7
63788,64,60,4,4
63789,86,92,-6,6
63790,51,61,-10,10
63791,124,109,15,15
63792,88,92,-4,4
63793,93,90,3,3
63794,54,69,-15,15
63795,71,67,4,4
63796,132,131,1,1
63797,101,95,6,6
63798,172,147,25,25
63799,176,164,12,12
63800,173,171,2,2
63801,130,124,6,6
63802,79,76,3,3
63803,102,101,1,1
63804,133,124,9,9
63805,90,72,18,18
63806,102,95,7,7
63807,65,68,-3,3
63808,128,118,10,10
63809,159,125,34,34
63810,57,59,-2,2
63811,171,157,14,14
63812,66,73,-7,7
63813,165,149,16,16
63814,51,50,1,1
63815,111,106,5,5
63816,211,175,36,36
63817,89,80,9,9
63818,74,75,-1,1
63819,86,97,-11,11
63820,129,107,22,22
63821,67,63,4,4
63822,112,108,4,4
63823,102,87,15,15
63824,76,75,1,1
63825,67,77,-10,10
63826,96,92,4,4
63827,115,113,2,2
63828,95,96,-1,1
63829,129,120,9,9
63830,78,73,5,5
63831,58,65,-7,7
63832,93,87,6,6
63833,53,52,1,1
63834,62,66,-4,4
63835,89,89,0,0
63836,110,105,5,5
63837,109,114,-5,5
63838,34,65,-31,31
63839,94,86,8,8
63840,54,60,-6,6
63841,111,108,3,3
63842,128,127,1,1
63843,141,134,7,7
63844,92,85,7,7
63845,102,84,18,18
63846,94,96,-2,2
63847,130,117,13,13
63848,93,94,-1,1
63849,86,73,13,13
63850,102,97,5,5
63851,137,118,19,19
63852,55,34,21,21
63853,118,109,9,9
63854,121,110,11,11
63855,155,138,17,17
63856,71,76,-5,5
63857,140,132,8,8
63858,64,73,-9,9
63859,110,114,-4,4
63860,119,117,2,2
63861,55,62,-7,7
63862,80,82,-2,2
63863,142,122,20,20
63864,44,56,-12,12
63865,111,109,2,2
63866,113,104,9,9
63867,146,126,20,20
63868,169,164,5,5
63869,129,113,16,16
63870,76,81,-5,5
63871,67,67,0,0
63872,75,72,3,3
63873,68,71,-3,3
63874,74,78,-4,4
63875,80,77,3,3
63876,33,34,-1,1
63877,91,88,3,3
63878,75,72,3,3
63879,94,88,6,6
63880,142,125,17,17
63881,50,101,-51,51
63882,193,188,5,5
63883,81,84,-3,3
63884,111,100,11,11
63885,130,124,6,6
63886,51,53,-2,2
63887,73,71,2,2
63888,136,136,0,0
63889,94,90,4,4
63890,111,96,15,15
63891,119,110,9,9
63892,101,97,4,4
63893,79,74,5,5
63894,92,90,2,2
63895,84,76,8,8
63896,48,57,-9,9
63897,105,103,2,2
63898,87,76,11,11
63899,91,94,-3,3
63900,78,84,-6,6
63901,136,143,-7,7
63902,123,120,3,3
63903,130,124,6,6
63904,126,114,12,12
63905,84,90,-6,6
63906,122,121,1,1
63907,124,117,7,7
63908,117,106,11,11
63909,49,48,1,1
63910,63,64,-1,1
63911,64,66,-2,2
63912,57,63,-6,6
63913,37,43,-6,6
63914,38,34,4,4
63915,56,56,0,0
63916,137,123,14,14
63917,109,108,1,1
63918,158,145,13,13
63919,112,115,-3,3
63920,96,100,-4,4
63921,99,101,-2,2
63922,68,68,0,0
63923,94,96,-2,2
63924,118,115,3,3
63925,80,80,0,0
63926,78,82,-4,4
63927,94,87,7,7
63928,172,162,10,10
63929,39,36,3,3
63930,62,75,-13,13
63931,152,131,21,21
63932,120,109,11,11
63933,90,85,5,5
63934,105,94,11,11
63935,80,75,5,5
63936,58,65,-7,7
63937,51,59,-8,8
63938,90,88,2,2
63939,107,97,10,10
63940,71,75,-4,4
63941,61,69,-8,8
63942,111,124,-13,13
63943,88,94,-6,6
63944,56,64,-8,8
63945,93,88,5,5
63946,106,97,9,9
63947,96,93,3,3
63948,81,87,-6,6
63949,63,62,1,1
63950,112,113,-1,1
63951,120,107,13,13
63952,59,57,2,2
63953,103,87,16,16
63954,50,58,-8,8
63955,115,94,21,21
63956,54,63,-9,9
63957,71,69,2,2
63958,59,60,-1,1
63959,115,107,8,8
63960,47,57,-10,10
63961,100,98,2,2
63962,77,77,0,0
63963,195,171,24,24
63964,118,111,7,7
63965,90,90,0,0
63966,101,94,7,7
63967,141,128,13,13
63968,153,141,12,12
63969,72,82,-10,10
63970,76,79,-3,3
63971,141,119,22,22
63972,168,146,22,22
63973,189,160,29,29
63974,52,58,-6,6
63975,90,86,4,4
63976,81,81,0,0
63977,54,60,-6,6
63978,128,116,12,12
63979,86,91,-5,5
63980,65,71,-6,6
63981,53,57,-4,4
63982,57,62,-5,5
63983,90,63,27,27
63984,73,78,-5,5
63985,75,84,-9,9
63986,85,80,5,5
63987,143,133,10,10
63988,44,58,-14,14
63989,81,75,6,6
63990,76,83,-7,7
63991,126,116,10,10
63992,46,56,-10,10
63993,139,118,21,21
63994,154,144,10,10
63995,161,161,0,0
63996,59,58,1,1
63997,78,80,-2,2
63998,85,85,0,0
63999,48,63,-15,15
64000,71,70,1,1
64001,79,80,-1,1
64002,65,68,-3,3
64003,78,77,1,1
64004,117,114,3,3
64005,51,52,-1,1
64006,153,86,67,67
64007,118,118,0,0
64008,66,64,2,2
64009,75,78,-3,3
64010,102,104,-2,2
64011,85,83,2,2
64012,64,66,-2,2
64013,95,98,-3,3
64014,160,141,19,19
64015,94,88,6,6
64016,68,77,-9,9
64017,180,169,11,11
64018,52,77,-25,25
64019,106,103,3,3
64020,85,82,3,3
64021,115,127,-12,12
64022,57,50,7,7
64023,104,100,4,4
64024,53,58,-5,5
64025,79,72,7,7
64026,68,81,-13,13
64027,86,78,8,8
64028,121,108,13,13
64029,54,53,1,1
64030,74,73,1,1
64031,122,135,-13,13
64032,67,70,-3,3
64033,128,129,-1,1
64034,56,61,-5,5
64035,146,138,8,8
64036,111,114,-3,3
64037,86,87,-1,1
64038,96,85,11,11
64039,144,146,-2,2
64040,73,74,-1,1
64041,50,55,-5,5
64042,179,170,9,9
64043,83,85,-2,2
64044,62,65,-3,3
64045,103,101,2,2
64046,101,96,5,5
64047,59,64,-5,5
64048,74,69,5,5
64049,72,69,3,3
64050,75,84,-9,9
64051,109,106,3,3
64052,102,88,14,14
64053,143,129,14,14
64054,83,93,-10,10
64055,156,153,3,3
64056,124,109,15,15
64057,80,76,4,4
64058,161,140,21,21
64059,54,66,-12,12
64060,75,85,-10,10
64061,155,129,26,26
64062,117,100,17,17
64063,130,125,5,5
64064,225,189,36,36
64065,94,90,4,4
64066,63,61,2,2
64067,72,70,2,2
64068,179,163,16,16
64069,141,134,7,7
64070,82,74,8,8
64071,62,54,8,8
64072,122,117,5,5
64073,79,74,5,5
64074,93,79,14,14
64075,137,155,-18,18
64076,110,107,3,3
64077,137,130,7,7
64078,84,71,13,13
64079,64,66,-2,2
64080,64,60,4,4
64081,56,63,-7,7
64082,70,70,0,0
64083,76,76,0,0
64084,118,106,12,12
64085,88,78,10,10
64086,81,75,6,6
64087,129,119,10,10
64088,64,70,-6,6
64089,97,93,4,4
64090,123,121,2,2
64091,86,75,11,11
64092,97,93,4,4
64093,115,113,2,2
64094,96,100,-4,4
64095,77,75,2,2
64096,168,176,-8,8
64097,51,58,-7,7
64098,90,84,6,6
64099,56,66,-10,10
64100,71,76,-5,5
64101,107,105,2,2
64102,94,81,13,13
64103,46,60,-14,14
64104,118,104,14,14
64105,129,116,13,13
64106,106,107,-1,1
64107,81,84,-3,3
64108,82,76,6,6
64109,56,59,-3,3
64110,79,73,6,6
64111,71,73,-2,2
64112,148,150,-2,2
64113,205,181,24,24
64114,142,122,20,20
64115,85,78,7,7
64116,47,54,-7,7
64117,91,88,3,3
64118,108,100,8,8
64119,73,68,5,5
64120,102,101,1,1
64121,129,131,-2,2
64122,130,154,-24,24
64123,103,91,12,12
64124,70,92,-22,22
64125,90,85,5,5
64126,118,130,-12,12
64127,85,72,13,13
64128,63,70,-7,7
64129,62,61,1,1
64130,93,90,3,3
64131,66,80,-14,14
64132,57,61,-4,4
64133,43,52,-9,9
64134,104,94,10,10
64135,131,120,11,11
64136,88,79,9,9
64137,79,80,-1,1
64138,83,72,11,11
64139,77,72,5,5
64140,82,85,-3,3
64141,109,103,6,6
64142,118,108,10,10
64143,134,133,1,1
64144,124,125,-1,1
64145,105,105,0,0
64146,102,92,10,10
64147,109,102,7,7
64148,100,98,2,2
64149,84,85,-1,1
64150,88,82,6,6
64151,86,82,4,4
64152,92,85,7,7
64153,125,113,12,12
64154,70,67,3,3
64155,167,135,32,32
64156,151,154,-3,3
64157,80,73,7,7
64158,125,105,20,20
64159,140,144,-4,4
64160,101,97,4,4
64161,68,66,2,2
64162,48,52,-4,4
64163,105,97,8,8
64164,72,70,2,2
64165,73,76,-3,3
64166,139,132,7,7
64167,88,91,-3,3
64168,65,95,-30,30
64169,100,96,4,4
64170,150,143,7,7
64171,116,110,6,6
64172,64,63,1,1
64173,115,101,14,14
64174,58,64,-6,6
64175,132,136,-4,4
64176,91,80,11,11
64177,75,67,8,8
64178,98,101,-3,3
64179,109,103,6,6
64180,115,100,15,15
64181,86,93,-7,7
64182,100,86,14,14
64183,77,74,3,3
64184,156,153,3,3
64185,63,63,0,0
64186,81,81,0,0
64187,95,91,4,4
64188,70,71,-1,1
64189,100,96,4,4
64190,92,91,1,1
64191,150,145,5,5
64192,99,103,-4,4
64193,133,122,11,11
64194,46,52,-6,6
64195,99,88,11,11
64196,128,114,14,14
64197,77,77,0,0
64198,77,78,-1,1
64199,62,69,-7,7
64200,175,145,30,30
64201,183,170,13,13
64202,80,82,-2,2
64203,124,120,4,4
64204,116,108,8,8
64205,140,134,6,6
64206,74,69,5,5
64207,104,115,-11,11
64208,43,55,-12,12
64209,191,172,19,19
64210,245,234,11,11
64211,94,86,8,8
64212,110,97,13,13
64213,86,86,0,0
64214,49,62,-13,13
64215,116,113,3,3
64216,58,61,-3,3
64217,51,50,1,1
64218,96,94,2,2
64219,73,77,-4,4
64220,100,98,2,2
64221,83,137,-54,54
64222,130,121,9,9
64223,64,71,-7,7
64224,77,76,1,1
64225,126,126,0,0
64226,52,52,0,0
64227,84,79,5,5
64228,69,79,-10,10
64229,107,120,-13,13
64230,104,92,12,12
64231,55,58,-3,3
64232,87,90,-3,3
64233,88,93,-5,5
64234,147,146,1,1
64235,122,110,12,12
64236,120,108,12,12
64237,166,152,14,14
64238,80,85,-5,5
64239,122,117,5,5
64240,43,34,9,9
64241,121,110,11,11
64242,70,74,-4,4
64243,101,96,5,5
64244,57,63,-6,6
64245,100,91,9,9
64246,52,60,-8,8
64247,69,71,-2,2
64248,52,45,7,7
64249,60,65,-5,5
64250,74,70,4,4
64251,92,91,1,1
64252,47,56,-9,9
64253,91,91,0,0
64254,72,75,-3,3
64255,45,34,11,11
64256,70,79,-9,9
64257,119,117,2,2
64258,113,113,0,0
64259,51,55,-4,4
64260,56,61,-5,5
64261,95,92,3,3
64262,82,89,-7,7
64263,79,78,1,1
64264,70,74,-4,4
64265,78,80,-2,2
64266,94,92,2,2
64267,68,70,-2,2
64268,87,89,-2,2
64269,164,182,-18,18
64270,101,93,8,8
64271,145,138,7,7
64272,50,50,0,0
64273,65,79,-14,14
64274,108,95,13,13
64275,77,73,4,4
64276,153,136,17,17
64277,113,102,11,11
64278,181,148,33,33
64279,52,55,-3,3
64280,96,98,-2,2
64281,139,126,13,13
64282,91,91,0,0
64283,73,75,-2,2
64284,77,79,-2,2
64285,71,73,-2,2
64286,51,57,-6,6
64287,90,92,-2,2
64288,68,66,2,2
64289,73,74,-1,1
64290,94,99,-5,5
64291,69,68,1,1
64292,90,89,1,1
64293,154,149,5,5
64294,163,138,25,25
64295,74,76,-2,2
64296,55,62,-7,7
64297,73,77,-4,4
64298,33,31,2,2
64299,154,140,14,14
64300,70,54,16,16
64301,72,73,-1,1
64302,96,98,-2,2
64303,117,111,6,6
64304,127,117,10,10
64305,84,86,-2,2
64306,99,101,-2,2
64307,72,71,1,1
64308,144,127,17,17
64309,74,76,-2,2
64310,75,76,-1,1
64311,89,83,6,6
64312,122,109,13,13
64313,165,151,14,14
64314,45,47,-2,2
64315,82,86,-4,4
64316,84,79,5,5
64317,166,155,11,11
64318,140,123,17,17
64319,96,103,-7,7
64320,73,70,3,3
64321,200,180,20,20
64322,113,106,7,7
64323,137,124,13,13
64324,87,89,-2,2
64325,127,119,8,8
64326,74,67,7,7
64327,89,84,5,5
64328,128,129,-1,1
64329,73,76,-3,3
64330,53,54,-1,1
64331,26,43,-17,17
64332,104,99,5,5
64333,91,84,7,7
64334,157,142,15,15
64335,93,87,6,6
64336,125,125,0,0
64337,66,63,3,3
64338,125,115,10,10
64339,144,116,28,28
64340,106,94,12,12
64341,129,114,15,15
64342,86,92,-6,6
64343,188,170,18,18
64344,142,127,15,15
64345,54,57,-3,3
64346,185,150,35,35
64347,152,140,12,12
64348,55,55,0,0
64349,74,78,-4,4
64350,132,131,1,1
64351,80,73,7,7
64352,77,77,0,0
64353,67,72,-5,5
64354,71,69,2,2
64355,129,107,22,22
64356,116,102,14,14
64357,97,94,3,3
64358,39,34,5,5
64359,44,54,-10,10
64360,73,74,-1,1
64361,78,74,4,4
64362,68,66,2,2
64363,57,56,1,1
64364,97,76,21,21
64365,77,76,1,1
64366,159,150,9,9
64367,144,127,17,17
64368,58,65,-7,7
64369,74,80,-6,6
64370,47,54,-7,7
64371,86,84,2,2
64372,95,81,14,14
64373,74,71,3,3
64374,84,92,-8,8
64375,175,161,14,14
64376,47,45,2,2
64377,110,99,11,11
64378,181,167,14,14
64379,117,111,6,6
64380,77,67,10,10
64381,88,77,11,11
64382,84,89,-5,5
64383,56,55,1,1
64384,49,50,-1,1
64385,75,81,-6,6
64386,58,59,-1,1
64387,110,106,4,4
64388,80,82,-2,2
64389,120,121,-1,1
64390,79,96,-17,17
64391,107,111,-4,4
64392,79,79,0,0
64393,69,66,3,3
64394,36,38,-2,2
64395,106,101,5,5
64396,64,63,1,1
64397,91,95,-4,4
64398,70,74,-4,4
64399,69,70,-1,1
64400,75,79,-4,4
64401,54,58,-4,4
64402,69,76,-7,7
64403,105,110,-5,5
64404,67,72,-5,5
64405,28,33,-5,5
64406,57,60,-3,3
64407,46,34,12,12
64408,52,56,-4,4
64409,122,117,5,5
64410,101,97,4,4
64411,129,117,12,12
64412,143,147,-4,4
64413,193,173,20,20
64414,55,60,-5,5
64415,92,92,0,0
64416,107,89,18,18
64417,137,114,23,23
64418,100,99,1,1
64419,61,66,-5,5
64420,113,95,18,18
64421,112,105,7,7
64422,78,71,7,7
64423,82,92,-10,10
64424,58,69,-11,11
64425,65,56,9,9
64426,52,63,-11,11
64427,106,103,3,3
64428,47,56,-9,9
64429,72,77,-5,5
64430,75,77,-2,2
64431,135,138,-3,3
64432,87,89,-2,2
64433,175,165,10,10
64434,99,103,-4,4
64435,50,54,-4,4
64436,90,85,5,5
64437,83,91,-8,8
64438,68,71,-3,3
64439,85,84,1,1
64440,73,76,-3,3
64441,58,67,-9,9
64442,78,76,2,2
64443,89,94,-5,5
64444,49,52,-3,3
64445,73,68,5,5
64446,108,86,22,22
64447,60,66,-6,6
64448,142,122,20,20
64449,217,188,29,29
64450,57,54,3,3
64451,61,62,-1,1
64452,82,74,8,8
64453,73,75,-2,2
64454,108,102,6,6
64455,139,142,-3,3
64456,80,76,4,4
64457,218,201,17,17
64458,119,113,6,6
64459,105,98,7,7
64460,57,63,-6,6
64461,106,114,-8,8
64462,74,82,-8,8
64463,77,81,-4,4
64464,143,132,11,11
64465,103,97,6,6
64466,120,110,10,10
64467,124,106,18,18
64468,112,104,8,8
64469,105,95,10,10
64470,144,138,6,6
64471,97,87,10,10
64472,65,65,0,0
64473,74,71,3,3
64474,55,60,-5,5
64475,80,78,2,2
64476,115,108,7,7
64477,145,141,4,4
64478,103,107,-4,4
64479,132,119,13,13
64480,46,34,12,12
64481,59,60,-1,1
64482,83,77,6,6
64483,150,134,16,16
64484,182,168,14,14
64485,44,51,-7,7
64486,64,75,-11,11
64487,53,58,-5,5
64488,78,85,-7,7
64489,112,115,-3,3
64490,109,103,6,6
64491,95,101,-6,6
64492,62,84,-22,22
64493,57,62,-5,5
64494,130,125,5,5
64495,101,92,9,9
64496,135,134,1,1
64497,100,112,-12,12
64498,107,112,-5,5
64499,97,99,-2,2
64500,79,75,4,4
64501,80,84,-4,4
64502,94,74,20,20
64503,122,113,9,9
64504,57,61,-4,4
64505,58,65,-7,7
64506,76,74,2,2
64507,144,125,19,19
64508,51,50,1,1
64509,54,62,-8,8
64510,85,84,1,1
64511,61,64,-3,3
64512,148,121,27,27
64513,33,34,-1,1
64514,99,91,8,8
64515,117,106,11,11
64516,82,79,3,3
64517,54,79,-25,25
64518,144,129,15,15
64519,141,132,9,9
64520,80,86,-6,6
64521,203,177,26,26
64522,93,90,3,3
64523,65,67,-2,2
64524,61,60,1,1
64525,139,126,13,13
64526,84,84,0,0
64527,72,78,-6,6
64528,68,75,-7,7
64529,56,69,-13,13
64530,101,97,4,4
64531,63,72,-9,9
64532,94,96,-2,2
64533,120,112,8,8
64534,113,113,0,0
64535,32,34,-2,2
64536,94,100,-6,6
64537,116,112,4,4
64538,101,94,7,7
64539,57,65,-8,8
64540,144,130,14,14
64541,76,77,-1,1
64542,94,89,5,5
64543,80,81,-1,1
64544,100,95,5,5
64545,150,131,19,19
64546,85,86,-1,1
64547,77,76,1,1
64548,75,75,0,0
64549,170,152,18,18
64550,138,136,2,2
64551,74,70,4,4
64552,83,80,3,3
64553,193,182,11,11
64554,95,86,9,9
64555,132,125,7,7
64556,69,71,-2,2
64557,120,128,-8,8
64558,102,98,4,4
64559,87,80,7,7
64560,133,112,21,21
64561,106,99,7,7
64562,90,91,-1,1
64563,61,65,-4,4
64564,87,84,3,3
64565,130,118,12,12
64566,77,80,-3,3
64567,80,98,-18,18
64568,95,82,13,13
64569,64,66,-2,2
64570,57,65,-8,8
64571,70,72,-2,2
64572,111,103,8,8
64573,54,58,-4,4
64574,142,159,-17,17
64575,52,59,-7,7
64576,47,57,-10,10
64577,133,132,1,1
64578,140,140,0,0
64579,60,67,-7,7
64580,186,154,32,32
64581,77,78,-1,1
64582,101,90,11,11
64583,59,59,0,0
64584,121,123,-2,2
64585,104,106,-2,2
64586,155,128,27,27
64587,83,78,5,5
64588,77,75,2,2
64589,123,106,17,17
64590,59,61,-2,2
64591,105,91,14,14
64592,75,84,-9,9
64593,116,103,13,13
64594,72,74,-2,2
64595,149,148,1,1
64596,119,107,12,12
64597,63,72,-9,9
64598,87,84,3,3
64599,137,125,12,12
64600,82,76,6,6
64601,125,119,6,6
64602,36,34,2,2
64603,67,70,-3,3
64604,116,112,4,4
64605,155,136,19,19
64606,103,88,15,15
64607,104,95,9,9
64608,143,137,6,6
64609,123,117,6,6
64610,121,108,13,13
64611,87,76,11,11
64612,72,75,-3,3
64613,49,69,-20,20
64614,69,84,-15,15
64615,72,87,-15,15
64616,116,95,21,21
64617,138,140,-2,2
64618,97,99,-2,2
64619,63,64,-1,1
64620,109,101,8,8
64621,80,79,1,1
64622,96,89,7,7
64623,98,85,13,13
64624,101,102,-1,1
64625,143,125,18,18
64626,90,87,3,3
64627,85,79,6,6
64628,120,120,0,0
64629,65,63,2,2
64630,161,137,24,24
64631,124,105,19,19
64632,103,99,4,4
64633,99,93,6,6
64634,121,121,0,0
64635,122,115,7,7
64636,104,109,-5,5
64637,160,160,0,0
64638,109,86,23,23
64639,63,65,-2,2
64640,112,110,2,2
64641,88,86,2,2
64642,88,84,4,4
64643,101,110,-9,9
64644,50,55,-5,5
64645,170,169,1,1
64646,64,73,-9,9
64647,102,107,-5,5
64648,93,90,3,3
64649,132,121,11,11
64650,75,85,-10,10
64651,84,73,11,11
64652,60,64,-4,4
64653,103,113,-10,10
64654,58,59,-1,1
64655,153,132,21,21
64656,135,118,17,17
64657,62,79,-17,17
64658,162,142,20,20
64659,74,76,-2,2
64660,90,80,10,10
64661,127,120,7,7
64662,97,98,-1,1
64663,102,95,7,7
64664,117,109,8,8
64665,38,40,-2,2
64666,114,105,9,9
64667,45,34,11,11
64668,100,95,5,5
64669,61,61,0,0
64670,101,91,10,10
64671,120,114,6,6
64672,152,137,15,15
64673,84,85,-1,1
64674,100,88,12,12
64675,108,99,9,9
64676,124,128,-4,4
64677,148,146,2,2
64678,46,50,-4,4
64679,119,116,3,3
64680,118,106,12,12
64681,52,60,-8,8
64682,104,106,-2,2
64683,82,98,-16,16
64684,100,89,11,11
64685,118,109,9,9
64686,70,75,-5,5
64687,104,88,16,16
64688,141,130,11,11
64689,97,94,3,3
64690,24,30,-6,6
64691,192,161,31,31
64692,71,65,6,6
64693,78,86,-8,8
64694,46,54,-8,8
64695,79,80,-1,1
64696,153,131,22,22
64697,88,96,-8,8
64698,64,73,-9,9
64699,81,75,6,6
64700,81,79,2,2
64701,105,95,10,10
64702,88,93,-5,5
64703,120,119,1,1
64704,68,67,1,1
64705,84,80,4,4
64706,121,109,12,12
64707,80,75,5,5
64708,138,135,3,3
64709,90,82,8,8
64710,87,89,-2,2
64711,92,93,-1,1
64712,111,113,-2,2
64713,77,74,3,3
64714,74,74,0,0
64715,170,140,30,30
64716,77,80,-3,3
64717,117,121,-4,4
64718,151,130,21,21
64719,84,85,-1,1
64720,108,114,-6,6
64721,69,76,-7,7
64722,121,120,1,1
64723,94,101,-7,7
64724,41,40,1,1
64725,140,127,13,13
64726,76,70,6,6
64727,85,78,7,7
64728,104,105,-1,1
64729,48,57,-9,9
64730,128,127,1,1
64731,68,66,2,2
64732,70,69,1,1
64733,93,84,9,9
64734,69,79,-10,10
64735,56,53,3,3
64736,96,94,2,2
64737,50,54,-4,4
64738,64,70,-6,6
64739,69,76,-7,7
64740,89,85,4,4
64741,75,78,-3,3
64742,77,77,0,0
64743,68,66,2,2
64744,59,85,-26,26
64745,140,117,23,23
64746,79,72,7,7
64747,46,41,5,5
64748,54,51,3,3
64749,89,91,-2,2
64750,99,97,2,2
64751,68,69,-1,1
64752,86,92,-6,6
64753,106,92,14,14
64754,82,78,4,4
64755,97,122,-25,25
64756,29,40,-11,11
64757,99,94,5,5
64758,119,119,0,0
64759,102,101,1,1
64760,104,101,3,3
64761,148,123,25,25
64762,146,134,12,12
64763,107,96,11,11
64764,49,47,2,2
64765,45,41,4,4
64766,133,124,9,9
64767,102,100,2,2
64768,110,112,-2,2
64769,100,95,5,5
64770,112,101,11,11
64771,59,70,-11,11
64772,73,66,7,7
64773,115,120,-5,5
64774,88,86,2,2
64775,77,87,-10,10
64776,133,125,8,8
64777,86,84,2,2
64778,74,69,5,5
64779,125,118,7,7
64780,97,97,0,0
64781,71,68,3,3
64782,42,48,-6,6
64783,140,135,5,5
64784,70,69,1,1
64785,76,81,-5,5
64786,59,60,-1,1
64787,87,94,-7,7
64788,134,118,16,16
64789,173,156,17,17
64790,47,53,-6,6
64791,112,96,16,16
64792,94,99,-5,5
64793,81,79,2,2
64794,152,142,10,10
64795,56,60,-4,4
64796,72,75,-3,3
64797,82,79,3,3
64798,68,69,-1,1
64799,87,89,-2,2
64800,116,130,-14,14
64801,49,43,6,6
64802,124,115,9,9
64803,146,147,-1,1
64804,151,134,17,17
64805,67,87,-20,20
64806,57,90,-33,33
64807,147,140,7,7
64808,104,101,3,3
64809,124,122,2,2
64810,46,57,-11,11
64811,118,119,-1,1
64812,110,105,5,5
64813,82,80,2,2
64814,97,89,8,8
64815,104,92,12,12
64816,46,41,5,5
64817,76,81,-5,5
64818,66,69,-3,3
64819,51,49,2,2
64820,63,59,4,4
64821,81,78,3,3
64822,110,105,5,5
64823,160,152,8,8
64824,65,66,-1,1
64825,43,44,-1,1
64826,67,112,-45,45
64827,104,96,8,8
64828,83,88,-5,5
64829,57,71,-14,14
64830,139,130,9,9
64831,78,77,1,1
64832,68,63,5,5
64833,91,86,5,5
64834,117,115,2,2
64835,117,111,6,6
64836,110,110,0,0
64837,67,69,-2,2
64838,89,90,-1,1
64839,96,100,-4,4
64840,92,98,-6,6
64841,87,85,2,2
64842,92,84,8,8
64843,59,67,-8,8
64844,66,65,1,1
64845,160,156,4,4
64846,188,160,28,28
64847,96,93,3,3
64848,75,81,-6,6
64849,140,129,11,11
64850,95,91,4,4
64851,83,80,3,3
64852,103,99,4,4
64853,81,81,0,0
64854,87,84,3,3
64855,90,89,1,1
64856,66,67,-1,1
64857,100,91,9,9
64858,75,78,-3,3
64859,50,51,-1,1
64860,68,69,-1,1
64861,82,79,3,3
64862,72,66,6,6
64863,56,59,-3,3
64864,113,108,5,5
64865,41,50,-9,9
64866,56,61,-5,5
64867,92,85,7,7
64868,68,69,-1,1
64869,63,65,-2,2
64870,111,110,1,1
64871,74,77,-3,3
64872,91,89,2,2
64873,84,130,-46,46
64874,107,111,-4,4
64875,95,90,5,5
64876,80,76,4,4
64877,125,128,-3,3
64878,57,58,-1,1
64879,115,118,-3,3
64880,117,110,7,7
64881,71,77,-6,6
64882,72,70,2,2
64883,199,174,25,25
64884,100,103,-3,3
64885,75,68,7,7
64886,78,75,3,3
64887,82,78,4,4
64888,85,89,-4,4
64889,53,61,-8,8
64890,89,88,1,1
64891,111,99,12,12
64892,58,62,-4,4
64893,74,70,4,4
64894,106,115,-9,9
64895,139,133,6,6
64896,94,89,5,5
64897,66,65,1,1
64898,140,120,20,20
64899,100,98,2,2
64900,60,63,-3,3
64901,118,105,13,13
64902,108,93,15,15
64903,131,115,16,16
64904,141,144,-3,3
64905,107,96,11,11
64906,65,77,-12,12
64907,104,104,0,0
64908,121,118,3,3
64909,93,95,-2,2
64910,85,92,-7,7
64911,77,79,-2,2
64912,113,101,12,12
64913,44,43,1,1
64914,110,120,-10,10
64915,75,69,6,6
64916,65,74,-9,9
64917,59,60,-1,1
64918,102,91,11,11
64919,93,106,-13,13
64920,85,84,1,1
64921,57,59,-2,2
64922,129,120,9,9
64923,45,61,-16,16
64924,60,77,-17,17
64925,89,96,-7,7
64926,93,93,0,0
64927,104,100,4,4
64928,55,58,-3,3
64929,83,86,-3,3
64930,137,126,11,11
64931,109,97,12,12
64932,69,70,-1,1
64933,110,120,-10,10
64934,119,99,20,20
64935,97,90,7,7
64936,81,80,1,1
64937,104,98,6,6
64938,71,77,-6,6
64939,50,62,-12,12
64940,136,124,12,12
64941,70,66,4,4
64942,63,72,-9,9
64943,90,97,-7,7
64944,102,96,6,6
64945,50,53,-3,3
64946,138,121,17,17
64947,103,123,-20,20
64948,127,117,10,10
64949,129,128,1,1
64950,144,136,8,8
64951,52,62,-10,10
64952,72,77,-5,5
64953,94,95,-1,1
64954,77,71,6,6
64955,62,67,-5,5
64956,91,93,-2,2
64957,58,60,-2,2
64958,78,76,2,2
64959,63,65,-2,2
64960,111,101,10,10
64961,87,87,0,0
64962,85,81,4,4
64963,224,189,35,35
64964,99,93,6,6
64965,84,78,6,6
64966,101,95,6,6
64967,156,134,22,22
64968,50,53,-3,3
64969,82,79,3,3
64970,190,185,5,5
64971,127,129,-2,2
64972,61,64,-3,3
64973,100,100,0,0
64974,81,86,-5,5
64975,141,120,21,21
64976,80,75,5,5
64977,67,68,-1,1
64978,90,90,0,0
64979,81,76,5,5
64980,55,55,0,0
64981,85,85,0,0
64982,36,39,-3,3
64983,87,75,12,12
64984,73,83,-10,10
64985,90,88,2,2
64986,69,63,6,6
64987,88,84,4,4
64988,64,68,-4,4
64989,56,59,-3,3
64990,130,117,13,13
64991,59,60,-1,1
64992,140,139,1,1
64993,129,113,16,16
64994,122,113,9,9
64995,69,66,3,3
64996,65,73,-8,8
64997,103,99,4,4
64998,36,32,4,4
64999,193,184,9,9
65000,123,113,10,10
65001,77,76,1,1
65002,75,71,4,4
65003,85,91,-6,6
65004,124,118,6,6
65005,148,141,7,7
65006,92,94,-2,2
65007,70,58,12,12
65008,129,118,11,11
65009,51,54,-3,3
65010,98,86,12,12
65011,130,116,14,14
65012,134,126,8,8
65013,89,81,8,8
65014,83,89,-6,6
65015,89,86,3,3
65016,101,96,5,5
65017,110,96,14,14
65018,68,71,-3,3
65019,68,65,3,3
65020,72,73,-1,1
65021,77,79,-2,2
65022,147,130,17,17
65023,117,110,7,7
65024,79,96,-17,17
65025,103,102,1,1
65026,65,72,-7,7
65027,102,98,4,4
65028,66,69,-3,3
65029,101,94,7,7
65030,77,79,-2,2
65031,58,66,-8,8
65032,75,76,-1,1
65033,50,63,-13,13
65034,116,108,8,8
65035,78,77,1,1
65036,111,96,15,15
65037,35,34,1,1
65038,94,89,5,5
65039,136,124,12,12
65040,71,70,1,1
65041,94,100,-6,6
65042,81,78,3,3
65043,54,55,-1,1
65044,94,85,9,9
65045,94,95,-1,1
65046,143,133,10,10
65047,82,80,2,2
65048,156,139,17,17
65049,81,84,-3,3
65050,169,158,11,11
65051,104,96,8,8
65052,107,105,2,2
65053,69,79,-10,10
65054,123,104,19,19
65055,51,57,-6,6
65056,88,93,-5,5
65057,41,36,5,5
65058,56,66,-10,10
65059,138,133,5,5
65060,102,93,9,9
65061,97,96,1,1
65062,124,125,-1,1
65063,124,111,13,13
65064,119,129,-10,10
65065,55,54,1,1
65066,116,112,4,4
65067,60,60,0,0
65068,134,116,18,18
65069,63,86,-23,23
65070,73,73,0,0
65071,145,139,6,6
65072,111,107,4,4
65073,110,113,-3,3
65074,194,174,20,20
65075,92,93,-1,1
65076,97,84,13,13
65077,116,114,2,2
65078,61,57,4,4
65079,150,141,9,9
65080,45,48,-3,3
65081,99,89,10,10
65082,79,75,4,4
65083,118,117,1,1
65084,74,68,6,6
65085,108,102,6,6
65086,85,82,3,3
65087,89,79,10,10
65088,107,105,2,2
65089,165,161,4,4
65090,84,80,4,4
65091,132,120,12,12
65092,90,85,5,5
65093,144,115,29,29
65094,87,91,-4,4
65095,103,88,15,15
65096,98,99,-1,1
65097,88,86,2,2
65098,125,116,9,9
65099,112,102,10,10
65100,51,62,-11,11
65101,105,107,-2,2
65102,149,123,26,26
65103,109,102,7,7
65104,74,75,-1,1
65105,83,81,2,2
65106,85,86,-1,1
65107,75,68,7,7
65108,78,84,-6,6
65109,67,68,-1,1
65110,48,47,1,1
65111,109,83,26,26
65112,92,85,7,7
65113,90,92,-2,2
65114,90,85,5,5
65115,98,93,5,5
65116,76,73,3,3
65117,83,86,-3,3
65118,148,145,3,3
65119,99,95,4,4
65120,68,71,-3,3
65121,79,73,6,6
65122,98,100,-2,2
65123,194,183,11,11
65124,90,85,5,5
65125,70,68,2,2
65126,88,85,3,3
65127,66,67,-1,1
65128,81,70,11,11
65129,122,117,5,5
65130,96,94,2,2
65131,69,72,-3,3
65132,113,98,15,15
65133,61,70,-9,9
65134,101,85,16,16
65135,178,162,16,16
65136,111,102,9,9
65137,81,76,5,5
65138,147,159,-12,12
65139,121,113,8,8
65140,78,73,5,5
65141,86,84,2,2
65142,54,56,-2,2
65143,46,43,3,3
65144,62,69,-7,7
65145,94,88,6,6
65146,101,97,4,4
65147,60,66,-6,6
65148,72,68,4,4
65149,75,80,-5,5
65150,148,133,15,15
65151,123,112,11,11
65152,81,91,-10,10
65153,126,123,3,3
65154,163,147,16,16
65155,105,99,6,6
65156,85,80,5,5
65157,102,96,6,6
65158,89,85,4,4
65159,123,122,1,1
65160,62,61,1,1
65161,78,86,-8,8
65162,98,90,8,8
65163,68,69,-1,1
65164,99,99,0,0
65165,112,104,8,8
65166,89,85,4,4
65167,89,94,-5,5
65168,83,76,7,7
65169,119,113,6,6
65170,92,97,-5,5
65171,77,80,-3,3
65172,74,70,4,4
65173,115,128,-13,13
65174,107,100,7,7
65175,98,89,9,9
65176,136,122,14,14
65177,42,47,-5,5
65178,119,116,3,3
65179,119,116,3,3
65180,109,101,8,8
65181,113,107,6,6
65182,164,153,11,11
65183,86,79,7,7
65184,97,94,3,3
65185,112,110,2,2
65186,124,116,8,8
65187,84,95,-11,11
65188,77,77,0,0
65189,87,81,6,6
65190,52,57,-5,5
65191,112,103,9,9
65192,78,76,2,2
65193,93,92,1,1
65194,115,124,-9,9
65195,76,73,3,3
65196,209,185,24,24
65197,41,51,-10,10
65198,115,104,11,11
65199,155,132,23,23
65200,53,55,-2,2
65201,72,74,-2,2
65202,110,87,23,23
65203,91,95,-4,4
65204,99,93,6,6
65205,88,95,-7,7
65206,100,97,3,3
65207,73,84,-11,11
65208,70,67,3,3
65209,126,115,11,11
65210,102,96,6,6
65211,97,89,8,8
65212,60,68,-8,8
65213,44,44,0,0
65214,62,73,-11,11
65215,52,58,-6,6
65216,128,121,7,7
65217,168,158,10,10
65218,101,99,2,2
65219,106,108,-2,2
65220,191,168,23,23
65221,51,65,-14,14
65222,196,161,35,35
65223,92,95,-3,3
65224,47,43,4,4
65225,115,101,14,14
65226,70,67,3,3
65227,84,90,-6,6
65228,145,134,11,11
65229,102,103,-1,1
65230,31,30,1,1
65231,65,64,1,1
65232,92,86,6,6
65233,77,83,-6,6
65234,90,90,0,0
65235,30,30,0,0
65236,72,80,-8,8
65237,109,107,2,2
65238,148,140,8,8
65239,81,86,-5,5
65240,75,73,2,2
65241,60,64,-4,4
65242,147,136,11,11
65243,95,78,17,17
65244,71,76,-5,5
65245,145,144,1,1
65246,91,95,-4,4
65247,48,71,-23,23
65248,94,90,4,4
65249,86,97,-11,11
65250,70,71,-1,1
65251,120,118,2,2
65252,117,111,6,6
65253,118,94,24,24
65254,66,66,0,0
65255,70,68,2,2
65256,51,53,-2,2
65257,80,82,-2,2
65258,78,81,-3,3
65259,136,116,20,20
65260,105,103,2,2
65261,94,84,10,10
65262,119,108,11,11
65263,119,117,2,2
65264,66,64,2,2
65265,133,119,14,14
65266,106,99,7,7
65267,110,97,13,13
65268,109,100,9,9
65269,97,106,-9,9
65270,54,64,-10,10
65271,143,130,13,13
65272,103,103,0,0
65273,55,56,-1,1
65274,72,72,0,0
65275,300,213,87,87
65276,110,105,5,5
65277,120,114,6,6
65278,114,115,-1,1
65279,65,69,-4,4
65280,51,55,-4,4
65281,107,96,11,11
65282,86,89,-3,3
65283,91,90,1,1
65284,102,94,8,8
65285,72,66,6,6
65286,82,79,3,3
65287,134,124,10,10
65288,133,119,14,14
65289,79,81,-2,2
65290,146,138,8,8
65291,176,154,22,22
65292,117,111,6,6
65293,82,84,-2,2
65294,105,98,7,7
65295,89,94,-5,5
65296,72,75,-3,3
65297,71,64,7,7
65298,117,117,0,0
65299,140,127,13,13
65300,80,82,-2,2
65301,53,58,-5,5
65302,185,175,10,10
65303,111,98,13,13
65304,92,95,-3,3
65305,91,87,4,4
65306,112,95,17,17
65307,59,61,-2,2
65308,106,97,9,9
65309,53,63,-10,10
65310,132,127,5,5
65311,80,87,-7,7
65312,163,155,8,8
65313,58,67,-9,9
65314,138,125,13,13
65315,173,161,12,12
65316,64,72,-8,8
65317,78,73,5,5
65318,101,100,1,1
65319,103,98,5,5
65320,87,80,7,7
65321,105,98,7,7
65322,94,87,7,7
65323,89,89,0,0
65324,63,72,-9,9
65325,92,86,6,6
65326,139,135,4,4
65327,78,78,0,0
65328,58,80,-22,22
65329,77,79,-2,2
65330,71,90,-19,19
65331,154,149,5,5
65332,93,88,5,5
65333,61,61,0,0
65334,168,152,16,16
65335,139,125,14,14
65336,78,80,-2,2
65337,132,122,10,10
65338,56,58,-2,2
65339,78,81,-3,3
65340,86,86,0,0
65341,68,69,-1,1
65342,31,62,-31,31
65343,60,63,-3,3
65344,150,135,15,15
65345,117,108,9,9
65346,104,97,7,7
65347,102,101,1,1
65348,77,85,-8,8
65349,64,70,-6,6
65350,103,101,2,2
65351,113,114,-1,1
65352,96,97,-1,1
65353,114,95,19,19
65354,126,120,6,6
65355,106,104,2,2
65356,59,65,-6,6
65357,81,84,-3,3
65358,109,98,11,11
65359,121,124,-3,3
65360,70,69,1,1
65361,148,139,9,9
65362,94,81,13,13
65363,127,120,7,7
65364,117,116,1,1
65365,104,96,8,8
65366,46,57,-11,11
65367,106,114,-8,8
65368,94,85,9,9
65369,124,109,15,15
65370,62,68,-6,6
65371,62,75,-13,13
65372,74,82,-8,8
65373,53,57,-4,4
65374,40,45,-5,5
65375,70,71,-1,1
65376,60,64,-4,4
65377,45,36,9,9
65378,111,110,1,1
65379,37,51,-14,14
65380,88,97,-9,9
65381,51,104,-53,53
65382,66,69,-3,3
65383,76,74,2,2
65384,91,83,8,8
65385,121,118,3,3
65386,135,123,12,12
65387,87,91,-4,4
65388,99,96,3,3
65389,106,101,5,5
65390,83,85,-2,2
65391,94,85,9,9
65392,76,75,1,1
65393,69,67,2,2
65394,100,110,-10,10
65395,118,112,6,6
65396,66,81,-15,15
65397,89,88,1,1
65398,104,115,-11,11
65399,110,94,16,16
65400,106,97,9,9
65401,118,112,6,6
65402,83,88,-5,5
65403,85,82,3,3
65404,73,86,-13,13
65405,72,67,5,5
65406,61,61,0,0
65407,59,61,-2,2
65408,114,114,0,0
65409,68,75,-7,7
65410,179,168,11,11
65411,70,72,-2,2
65412,91,85,6,6
65413,114,106,8,8
65414,108,103,5,5
65415,79,79,0,0
65416,79,75,4,4
65417,125,122,3,3
65418,117,98,19,19
65419,68,74,-6,6
65420,79,77,2,2
65421,103,109,-6,6
65422,207,178,29,29
65423,63,69,-6,6
65424,117,111,6,6
65425,63,65,-2,2
65426,71,71,0,0
65427,74,84,-10,10
65428,55,57,-2,2
65429,170,152,18,18
65430,69,67,2,2
65431,51,62,-11,11
65432,55,59,-4,4
65433,73,73,0,0
65434,89,105,-16,16
65435,173,150,23,23
65436,119,112,7,7
65437,85,87,-2,2
65438,94,92,2,2
65439,104,96,8,8
65440,96,96,0,0
65441,61,67,-6,6
65442,86,86,0,0
65443,95,93,2,2
65444,161,148,13,13
65445,80,78,2,2
65446,112,100,12,12
65447,75,78,-3,3
65448,141,125,16,16
65449,161,153,8,8
65450,99,97,2,2
65451,94,94,0,0
65452,146,128,18,18
65453,72,73,-1,1
65454,105,90,15,15
65455,69,68,1,1
65456,113,102,11,11
65457,132,110,22,22
65458,121,117,4,4
65459,91,90,1,1
65460,70,67,3,3
65461,96,94,2,2
65462,155,140,15,15
65463,130,134,-4,4
65464,186,157,29,29
65465,96,96,0,0
65466,146,150,-4,4
65467,113,105,8,8
65468,86,88,-2,2
65469,104,96,8,8
65470,66,65,1,1
65471,96,85,11,11
65472,88,77,11,11
65473,111,101,10,10
65474,146,129,17,17
65475,86,78,8,8
65476,46,50,-4,4
65477,72,72,0,0
65478,170,147,23,23
65479,35,33,2,2
65480,90,88,2,2
65481,143,140,3,3
65482,157,142,15,15
65483,62,68,-6,6
65484,65,65,0,0
65485,75,73,2,2
65486,89,86,3,3
65487,82,74,8,8
65488,80,85,-5,5
65489,56,55,1,1
65490,76,73,3,3
65491,113,111,2,2
65492,104,108,-4,4
65493,99,91,8,8
65494,62,61,1,1
65495,140,138,2,2
65496,76,81,-5,5
65497,114,105,9,9
65498,108,109,-1,1
65499,81,73,8,8
65500,63,66,-3,3
65501,125,116,9,9
65502,70,62,8,8
65503,90,91,-1,1
65504,37,37,0,0
65505,92,101,-9,9
65506,96,100,-4,4
65507,85,84,1,1
65508,106,105,1,1
65509,86,80,6,6
65510,101,85,16,16
65511,101,98,3,3
65512,100,100,0,0
65513,105,96,9,9
65514,71,75,-4,4
65515,58,57,1,1
65516,179,162,17,17
65517,106,103,3,3
65518,89,81,8,8
65519,84,73,11,11
65520,113,102,11,11
65521,129,117,12,12
65522,87,96,-9,9
65523,122,120,2,2
65524,109,106,3,3
65525,78,84,-6,6
65526,96,92,4,4
65527,176,146,30,30
65528,114,105,9,9
65529,89,76,13,13
65530,115,98,17,17
65531,73,67,6,6
65532,68,70,-2,2
65533,148,135,13,13
65534,70,71,-1,1
65535,108,98,10,10
65536,60,59,1,1
65537,98,87,11,11
65538,47,50,-3,3
65539,84,87,-3,3
65540,60,58,2,2
65541,119,118,1,1
65542,66,72,-6,6
65543,115,111,4,4
65544,172,148,24,24
65545,105,96,9,9
65546,83,77,6,6
65547,75,71,4,4
65548,48,47,1,1
65549,100,96,4,4
65550,59,66,-7,7
65551,67,66,1,1
65552,103,107,-4,4
65553,48,47,1,1
65554,108,113,-5,5
65555,77,65,12,12
65556,126,118,8,8
65557,82,103,-21,21
65558,38,43,-5,5
65559,99,90,9,9
65560,56,63,-7,7
65561,131,110,21,21
65562,96,85,11,11
65563,83,83,0,0
65564,120,107,13,13
65565,102,94,8,8
65566,93,92,1,1
65567,127,117,10,10
65568,67,60,7,7
65569,98,91,7,7
65570,77,70,7,7
65571,84,75,9,9
65572,96,91,5,5
65573,118,109,9,9
65574,84,83,1,1
65575,70,88,-18,18
65576,100,97,3,3
65577,118,107,11,11
65578,54,59,-5,5
65579,170,152,18,18
65580,91,95,-4,4
65581,86,81,5,5
65582,82,84,-2,2
65583,123,118,5,5
65584,94,90,4,4
65585,86,74,12,12
65586,142,142,0,0
65587,132,114,18,18
65588,140,129,11,11
65589,177,148,29,29
65590,54,65,-11,11
65591,51,58,-7,7
65592,130,119,11,11
65593,71,73,-2,2
65594,61,60,1,1
65595,93,88,5,5
65596,93,96,-3,3
65597,83,76,7,7
65598,104,92,12,12
65599,93,92,1,1
65600,88,84,4,4
65601,89,91,-2,2
65602,154,149,5,5
65603,53,56,-3,3
65604,85,84,1,1
65605,89,94,-5,5
65606,107,104,3,3
65607,102,96,6,6
65608,88,94,-6,6
65609,35,34,1,1
65610,118,107,11,11
65611,63,62,1,1
65612,56,63,-7,7
65613,41,36,5,5
65614,108,107,1,1
65615,137,130,7,7
65616,70,66,4,4
65617,131,139,-8,8
65618,83,78,5,5
65619,87,84,3,3
65620,87,92,-5,5
65621,134,126,8,8
65622,108,92,16,16
65623,73,78,-5,5
65624,110,100,10,10
65625,100,80,20,20
65626,57,63,-6,6
65627,101,95,6,6
65628,124,114,10,10
65629,100,98,2,2
65630,116,117,-1,1
65631,124,106,18,18
65632,119,119,0,0
65633,95,103,-8,8
65634,131,114,17,17
65635,46,51,-5,5
65636,119,108,11,11
65637,86,80,6,6
65638,148,140,8,8
65639,63,61,2,2
65640,84,76,8,8
65641,88,84,4,4
65642,125,112,13,13
65643,180,152,28,28
65644,92,93,-1,1
65645,73,76,-3,3
65646,54,61,-7,7
65647,125,124,1,1
65648,158,148,10,10
65649,115,107,8,8
65650,176,168,8,8
65651,71,88,-17,17
65652,109,113,-4,4
65653,115,104,11,11
65654,135,124,11,11
65655,75,73,2,2
65656,71,75,-4,4
65657,74,82,-8,8
65658,123,128,-5,5
65659,85,84,1,1
65660,124,114,10,10
65661,51,54,-3,3
65662,53,62,-9,9
65663,97,103,-6,6
65664,92,91,1,1
65665,122,117,5,5
65666,183,161,22,22
65667,94,101,-7,7
65668,151,133,18,18
65669,65,67,-2,2
65670,146,139,7,7
65671,68,77,-9,9
65672,186,131,55,55
65673,121,107,14,14
65674,77,77,0,0
65675,99,102,-3,3
65676,102,102,0,0
65677,80,80,0,0
65678,123,117,6,6
65679,90,93,-3,3
65680,96,97,-1,1
65681,119,99,20,20
65682,136,125,11,11
65683,84,75,9,9
65684,135,131,4,4
65685,84,101,-17,17
65686,56,59,-3,3
65687,81,81,0,0
65688,69,60,9,9
65689,89,72,17,17
65690,105,97,8,8
65691,113,111,2,2
65692,79,75,4,4
65693,167,146,21,21
65694,85,77,8,8
65695,80,80,0,0
65696,72,73,-1,1
65697,129,124,5,5
65698,155,130,25,25
65699,53,56,-3,3
65700,48,51,-3,3
65701,45,34,11,11
65702,55,59,-4,4
65703,99,98,1,1
65704,91,91,0,0
65705,75,71,4,4
65706,84,79,5,5
65707,38,47,-9,9
65708,41,43,-2,2
65709,86,84,2,2
65710,76,71,5,5
65711,53,61,-8,8
65712,63,66,-3,3
65713,79,74,5,5
65714,145,134,11,11
65715,97,95,2,2
65716,120,113,7,7
65717,74,74,0,0
65718,96,96,0,0
65719,101,93,8,8
65720,94,96,-2,2
65721,92,81,11,11
65722,83,72,11,11
65723,122,103,19,19
65724,57,59,-2,2
65725,56,64,-8,8
65726,123,119,4,4
65727,104,100,4,4
65728,147,132,15,15
65729,190,187,3,3
65730,120,112,8,8
65731,173,158,15,15
65732,52,51,1,1
65733,134,125,9,9
65734,110,98,12,12
65735,84,77,7,7
65736,92,92,0,0
65737,112,99,13,13
65738,60,63,-3,3
65739,76,76,0,0
65740,159,140,19,19
65741,61,67,-6,6
65742,141,128,13,13
65743,107,103,4,4
65744,103,91,12,12
65745,129,126,3,3
65746,61,60,1,1
65747,77,73,4,4
65748,84,85,-1,1
65749,78,76,2,2
65750,47,47,0,0
65751,140,125,15,15
65752,56,56,0,0
65753,154,135,19,19
65754,77,84,-7,7
65755,85,72,13,13
65756,104,112,-8,8
65757,70,86,-16,16
65758,71,73,-2,2
65759,63,63,0,0
65760,84,78,6,6
65761,110,95,15,15
65762,88,84,4,4
65763,74,75,-1,1
65764,72,85,-13,13
65765,46,50,-4,4
65766,94,91,3,3
65767,93,98,-5,5
65768,63,65,-2,2
65769,100,95,5,5
65770,71,70,1,1
65771,113,112,1,1
65772,88,83,5,5
65773,83,70,13,13
65774,76,86,-10,10
65775,83,73,10,10
65776,153,127,26,26
65777,134,129,5,5
65778,91,88,3,3
65779,56,59,-3,3
65780,89,90,-1,1
65781,51,57,-6,6
65782,121,110,11,11
65783,107,103,4,4
65784,97,142,-45,45
65785,79,76,3,3
65786,115,102,13,13
65787,60,64,-4,4
65788,105,98,7,7
65789,65,68,-3,3
65790,57,60,-3,3
65791,169,147,22,22
65792,92,87,5,5
65793,104,114,-10,10
65794,68,66,2,2
65795,72,69,3,3
65796,92,91,1,1
65797,124,112,12,12
65798,85,88,-3,3
65799,123,118,5,5
65800,112,101,11,11
65801,138,142,-4,4
65802,205,188,17,17
65803,88,86,2,2
65804,82,81,1,1
65805,77,78,-1,1
65806,68,67,1,1
65807,125,116,9,9
65808,87,85,2,2
65809,112,112,0,0
65810,66,75,-9,9
65811,132,118,14,14
65812,136,117,19,19
65813,232,211,21,21
65814,63,71,-8,8
65815,77,85,-8,8
65816,121,113,8,8
65817,161,144,17,17
65818,200,157,43,43
65819,65,63,2,2
65820,104,91,13,13
65821,129,113,16,16
65822,129,133,-4,4
65823,123,112,11,11
65824,72,79,-7,7
65825,59,61,-2,2
65826,94,104,-10,10
65827,102,111,-9,9
65828,74,74,0,0
65829,64,67,-3,3
65830,48,55,-7,7
65831,80,80,0,0
65832,112,97,15,15
65833,67,120,-53,53
65834,79,85,-6,6
65835,79,80,-1,1
65836,51,57,-6,6
65837,213,192,21,21
65838,116,117,-1,1
65839,82,84,-2,2
65840,88,89,-1,1
65841,154,156,-2,2
65842,93,85,8,8
65843,115,109,6,6
65844,58,58,0,0
65845,89,92,-3,3
65846,69,67,2,2
65847,124,113,11,11
65848,87,82,5,5
65849,114,112,2,2
65850,75,80,-5,5
65851,46,67,-21,21
65852,54,59,-5,5
65853,63,61,2,2
65854,54,55,-1,1
65855,70,69,1,1
65856,98,90,8,8
65857,74,75,-1,1
65858,76,73,3,3
65859,80,75,5,5
65860,73,125,-52,52
65861,108,103,5,5
65862,100,99,1,1
65863,64,60,4,4
65864,101,99,2,2
65865,75,74,1,1
65866,66,73,-7,7
65867,142,129,13,13
65868,47,49,-2,2
65869,71,64,7,7
65870,26,31,-5,5
65871,53,61,-8,8
65872,133,127,6,6
65873,96,92,4,4
65874,91,84,7,7
65875,83,76,7,7
65876,103,104,-1,1
65877,89,79,10,10
65878,90,90,0,0
65879,95,100,-5,5
65880,32,32,0,0
65881,72,77,-5,5
65882,99,84,15,15
65883,115,108,7,7
65884,86,91,-5,5
65885,93,99,-6,6
65886,129,115,14,14
65887,92,89,3,3
65888,114,112,2,2
65889,84,85,-1,1
65890,93,89,4,4
65891,89,101,-12,12
65892,59,61,-2,2
65893,63,66,-3,3
65894,59,64,-5,5
65895,115,112,3,3
65896,144,119,25,25
65897,76,78,-2,2
65898,112,107,5,5
65899,118,126,-8,8
65900,80,81,-1,1
65901,106,102,4,4
65902,92,96,-4,4
65903,65,69,-4,4
65904,130,133,-3,3
65905,108,101,7,7
65906,44,59,-15,15
65907,101,100,1,1
65908,72,76,-4,4
65909,67,70,-3,3
65910,73,76,-3,3
65911,184,164,20,20
65912,83,80,3,3
65913,77,76,1,1
65914,113,104,9,9
65915,46,38,8,8
65916,101,107,-6,6
65917,92,90,2,2
65918,122,113,9,9
65919,67,66,1,1
65920,134,119,15,15
65921,82,83,-1,1
65922,142,138,4,4
65923,101,91,10,10
65924,119,121,-2,2
65925,44,48,-4,4
65926,105,103,2,2
65927,99,102,-3,3
65928,127,118,9,9
65929,76,74,2,2
65930,107,91,16,16
65931,104,106,-2,2
65932,104,93,11,11
65933,100,96,4,4
65934,106,96,10,10
65935,66,61,5,5
65936,154,136,18,18
65937,124,124,0,0
65938,118,114,4,4
65939,79,78,1,1
65940,76,75,1,1
65941,89,81,8,8
65942,67,75,-8,8
65943,104,103,1,1
65944,108,94,14,14
65945,76,74,2,2
65946,47,54,-7,7
65947,98,104,-6,6
65948,137,139,-2,2
65949,111,102,9,9
65950,62,61,1,1
65951,37,34,3,3
65952,69,68,1,1
65953,115,119,-4,4
65954,98,99,-1,1
65955,62,65,-3,3
65956,94,91,3,3
65957,46,55,-9,9
65958,97,87,10,10
65959,108,97,11,11
65960,124,120,4,4
65961,74,86,-12,12
65962,113,107,6,6
65963,96,97,-1,1
65964,135,124,11,11
65965,81,85,-4,4
65966,101,94,7,7
65967,109,109,0,0
65968,121,113,8,8
65969,62,60,2,2
65970,105,107,-2,2
65971,105,92,13,13
65972,96,77,19,19
65973,90,74,16,16
65974,81,76,5,5
65975,137,124,13,13
65976,86,76,10,10
65977,86,88,-2,2
65978,105,106,-1,1
65979,120,109,11,11
65980,70,67,3,3
65981,90,83,7,7
65982,90,86,4,4
65983,79,79,0,0
65984,62,64,-2,2
65985,56,62,-6,6
65986,62,63,-1,1
65987,123,106,17,17
65988,108,111,-3,3
65989,73,77,-4,4
65990,92,84,8,8
65991,97,90,7,7
65992,94,90,4,4
65993,119,117,2,2
65994,125,118,7,7
65995,252,219,33,33
65996,124,119,5,5
65997,76,82,-6,6
65998,120,113,7,7
65999,83,81,2,2
66000,82,85,-3,3
66001,93,93,0,0
66002,56,64,-8,8
66003,78,89,-11,11
66004,121,149,-28,28
66005,100,91,9,9
66006,91,80,11,11
66007,66,64,2,2
66008,62,63,-1,1
66009,72,72,0,0
66010,77,80,-3,3
66011,93,89,4,4
66012,176,153,23,23
66013,55,59,-4,4
66014,75,80,-5,5
66015,60,62,-2,2
66016,143,118,25,25
66017,117,117,0,0
66018,36,46,-10,10
66019,45,36,9,9
66020,96,92,4,4
66021,81,87,-6,6
66022,106,100,6,6
66023,83,91,-8,8
66024,105,94,11,11
66025,80,84,-4,4
66026,43,41,2,2
66027,103,102,1,1
66028,134,118,16,16
66029,53,57,-4,4
66030,115,104,11,11
66031,157,133,24,24
66032,67,77,-10,10
66033,104,114,-10,10
66034,148,143,5,5
66035,116,104,12,12
66036,100,93,7,7
66037,63,66,-3,3
66038,71,78,-7,7
66039,71,66,5,5
66040,67,75,-8,8
66041,105,109,-4,4
66042,102,96,6,6
66043,53,56,-3,3
66044,71,73,-2,2
66045,115,111,4,4
66046,105,95,10,10
66047,62,80,-18,18
66048,119,112,7,7
66049,151,136,15,15
66050,55,64,-9,9
66051,76,78,-2,2
66052,37,34,3,3
66053,126,100,26,26
66054,116,91,25,25
66055,119,113,6,6
66056,86,79,7,7
66057,64,71,-7,7
66058,53,65,-12,12
66059,108,98,10,10
66060,118,110,8,8
66061,126,120,6,6
66062,71,69,2,2
66063,99,97,2,2
66064,49,58,-9,9
66065,87,86,1,1
66066,75,71,4,4
66067,89,90,-1,1
66068,94,86,8,8
66069,100,88,12,12
66070,80,72,8,8
66071,78,77,1,1
66072,65,69,-4,4
66073,104,94,10,10
66074,111,111,0,0
66075,182,148,34,34
66076,69,70,-1,1
66077,67,68,-1,1
66078,99,113,-14,14
66079,82,74,8,8
66080,99,85,14,14
66081,66,67,-1,1
66082,162,149,13,13
66083,142,126,16,16
66084,84,85,-1,1
66085,70,84,-14,14
66086,106,99,7,7
66087,57,62,-5,5
66088,89,83,6,6
66089,119,108,11,11
66090,90,80,10,10
66091,59,66,-7,7
66092,80,75,5,5
66093,113,106,7,7
66094,47,51,-4,4
66095,72,75,-3,3
66096,178,178,0,0
66097,76,85,-9,9
66098,96,98,-2,2
66099,83,84,-1,1
66100,63,67,-4,4
66101,144,139,5,5
66102,42,56,-14,14
66103,52,49,3,3
66104,125,108,17,17
66105,63,67,-4,4
66106,69,62,7,7
66107,78,73,5,5
66108,63,77,-14,14
66109,80,84,-4,4
66110,101,96,5,5
66111,187,150,37,37
66112,163,142,21,21
66113,109,112,-3,3
66114,101,110,-9,9
66115,86,88,-2,2
66116,72,83,-11,11
66117,142,160,-18,18
66118,99,86,13,13
66119,64,68,-4,4
66120,79,79,0,0
66121,85,67,18,18
66122,107,83,24,24
66123,97,91,6,6
66124,116,111,5,5
66125,67,70,-3,3
66126,89,98,-9,9
66127,122,108,14,14
66128,140,132,8,8
66129,62,62,0,0
66130,119,126,-7,7
66131,117,106,11,11
66132,104,113,-9,9
66133,47,55,-8,8
66134,73,76,-3,3
66135,159,131,28,28
66136,101,100,1,1
66137,77,68,9,9
66138,58,57,1,1
66139,78,78,0,0
66140,97,90,7,7
66141,76,75,1,1
66142,88,85,3,3
66143,64,65,-1,1
66144,81,93,-12,12
66145,69,67,2,2
66146,115,126,-11,11
66147,65,86,-21,21
66148,76,70,6,6
66149,58,65,-7,7
66150,33,33,0,0
66151,133,122,11,11
66152,45,68,-23,23
66153,123,120,3,3
66154,100,94,6,6
66155,82,81,1,1
66156,83,84,-1,1
66157,117,102,15,15
66158,74,70,4,4
66159,103,101,2,2
66160,72,73,-1,1
66161,142,126,16,16
66162,121,105,16,16
66163,82,79,3,3
66164,80,76,4,4
66165,100,99,1,1
66166,164,155,9,9
66167,95,87,8,8
66168,57,62,-5,5
66169,81,74,7,7
66170,39,34,5,5
66171,123,113,10,10
66172,127,119,8,8
66173,82,80,2,2
66174,105,98,7,7
66175,72,70,2,2
66176,37,34,3,3
66177,85,86,-1,1
66178,152,140,12,12
66179,80,75,5,5
66180,55,61,-6,6
66181,76,89,-13,13
66182,21,34,-13,13
66183,220,194,26,26
66184,159,139,20,20
66185,90,90,0,0
66186,148,144,4,4
66187,102,95,7,7
66188,83,77,6,6
66189,80,91,-11,11
66190,100,86,14,14
66191,111,95,16,16
66192,79,80,-1,1
66193,82,77,5,5
66194,82,78,4,4
66195,197,182,15,15
66196,188,162,26,26
66197,177,172,5,5
66198,76,77,-1,1
66199,157,165,-8,8
66200,49,58,-9,9
66201,44,38,6,6
66202,66,69,-3,3
66203,156,140,16,16
66204,111,116,-5,5
66205,69,77,-8,8
66206,188,171,17,17
66207,126,109,17,17
66208,73,70,3,3
66209,111,97,14,14
66210,94,83,11,11
66211,57,60,-3,3
66212,132,119,13,13
66213,164,156,8,8
66214,55,62,-7,7
66215,139,123,16,16
66216,77,71,6,6
66217,43,50,-7,7
66218,96,86,10,10
66219,88,86,2,2
66220,74,71,3,3
66221,81,80,1,1
66222,84,85,-1,1
66223,100,97,3,3
66224,108,93,15,15
66225,44,60,-16,16
66226,77,82,-5,5
66227,79,83,-4,4
66228,111,107,4,4
66229,86,83,3,3
66230,61,58,3,3
66231,85,81,4,4
66232,45,47,-2,2
66233,81,74,7,7
66234,159,139,20,20
66235,80,74,6,6
66236,94,85,9,9
66237,89,86,3,3
66238,96,90,6,6
66239,95,84,11,11
66240,127,109,18,18
66241,71,65,6,6
66242,68,66,2,2
66243,80,85,-5,5
66244,122,112,10,10
66245,136,130,6,6
66246,95,93,2,2
66247,89,86,3,3
66248,88,91,-3,3
66249,44,43,1,1
66250,121,110,11,11
66251,47,48,-1,1
66252,72,69,3,3
66253,72,70,2,2
66254,145,154,-9,9
66255,77,78,-1,1
66256,129,134,-5,5
66257,65,70,-5,5
66258,121,111,10,10
66259,92,86,6,6
66260,100,102,-2,2
66261,36,34,2,2
66262,122,113,9,9
66263,112,95,17,17
66264,76,72,4,4
66265,112,119,-7,7
66266,75,79,-4,4
66267,81,78,3,3
66268,102,88,14,14
66269,43,43,0,0
66270,92,93,-1,1
66271,118,99,19,19
66272,73,72,1,1
66273,179,181,-2,2
66274,63,70,-7,7
66275,128,131,-3,3
66276,161,156,5,5
66277,178,150,28,28
66278,90,85,5,5
66279,74,73,1,1
66280,74,78,-4,4
66281,95,94,1,1
66282,98,97,1,1
66283,94,87,7,7
66284,115,116,-1,1
66285,131,131,0,0
66286,99,79,20,20
66287,87,84,3,3
66288,74,77,-3,3
66289,56,59,-3,3
66290,58,62,-4,4
66291,77,81,-4,4
66292,122,106,16,16
66293,70,73,-3,3
66294,40,51,-11,11
66295,106,107,-1,1
66296,100,99,1,1
66297,73,75,-2,2
66298,72,66,6,6
66299,99,102,-3,3
66300,135,129,6,6
66301,184,157,27,27
66302,50,67,-17,17
66303,77,76,1,1
66304,48,50,-2,2
66305,76,76,0,0
66306,87,94,-7,7
66307,137,121,16,16
66308,110,113,-3,3
66309,84,87,-3,3
66310,74,78,-4,4
66311,83,76,7,7
66312,76,74,2,2
66313,107,129,-22,22
66314,78,72,6,6
66315,87,80,7,7
66316,64,68,-4,4
66317,60,63,-3,3
66318,94,97,-3,3
66319,80,75,5,5
66320,50,50,0,0
66321,54,54,0,0
66322,65,63,2,2
66323,101,106,-5,5
66324,89,84,5,5
66325,127,120,7,7
66326,59,69,-10,10
66327,90,95,-5,5
66328,77,78,-1,1
66329,100,104,-4,4
66330,103,97,6,6
66331,33,57,-24,24
66332,61,62,-1,1
66333,63,78,-15,15
66334,47,55,-8,8
66335,51,53,-2,2
66336,141,133,8,8
66337,74,70,4,4
66338,74,75,-1,1
66339,85,83,2,2
66340,149,130,19,19
66341,90,95,-5,5
66342,79,84,-5,5
66343,93,100,-7,7
66344,79,75,4,4
66345,146,142,4,4
66346,81,76,5,5
66347,83,105,-22,22
66348,196,178,18,18
66349,114,100,14,14
66350,102,95,7,7
66351,140,130,10,10
66352,46,41,5,5
66353,189,170,19,19
66354,102,103,-1,1
66355,96,88,8,8
66356,73,84,-11,11
66357,131,134,-3,3
66358,143,123,20,20
66359,94,94,0,0
66360,95,95,0,0
66361,131,117,14,14
66362,138,121,17,17
66363,55,64,-9,9
66364,40,34,6,6
66365,97,90,7,7
66366,70,76,-6,6
66367,95,89,6,6
66368,86,77,9,9
66369,107,98,9,9
66370,45,54,-9,9
66371,107,102,5,5
66372,77,70,7,7
66373,75,73,2,2
66374,85,81,4,4
66375,81,86,-5,5
66376,100,96,4,4
66377,65,73,-8,8
66378,57,63,-6,6
66379,61,55,6,6
66380,79,80,-1,1
66381,104,102,2,2
66382,106,101,5,5
66383,55,57,-2,2
66384,100,93,7,7
66385,89,88,1,1
66386,73,72,1,1
66387,77,83,-6,6
66388,59,59,0,0
66389,71,75,-4,4
66390,52,65,-13,13
66391,58,58,0,0
66392,72,67,5,5
66393,90,81,9,9
66394,57,61,-4,4
66395,82,95,-13,13
66396,92,87,5,5
66397,88,77,11,11
66398,49,57,-8,8
66399,91,84,7,7
66400,171,152,19,19
66401,75,89,-14,14
66402,82,79,3,3
66403,74,70,4,4
66404,116,112,4,4
66405,95,82,13,13
66406,116,103,13,13
66407,74,99,-25,25
66408,100,95,5,5
66409,81,86,-5,5
66410,141,148,-7,7
66411,113,102,11,11
66412,100,91,9,9
66413,80,73,7,7
66414,96,89,7,7
66415,83,82,1,1
66416,68,76,-8,8
66417,66,66,0,0
66418,73,74,-1,1
66419,169,159,10,10
66420,119,99,20,20
66421,82,93,-11,11
66422,85,81,4,4
66423,92,102,-10,10
66424,92,89,3,3
66425,164,146,18,18
66426,131,129,2,2
66427,106,121,-15,15
66428,72,70,2,2
66429,54,60,-6,6
66430,75,76,-1,1
66431,62,62,0,0
66432,89,80,9,9
66433,63,61,2,2
66434,87,82,5,5
66435,136,121,15,15
66436,79,77,2,2
66437,86,87,-1,1
66438,71,75,-4,4
66439,68,66,2,2
66440,127,119,8,8
66441,78,81,-3,3
66442,43,34,9,9
66443,82,77,5,5
66444,61,66,-5,5
66445,91,96,-5,5
66446,78,78,0,0
66447,121,114,7,7
66448,83,82,1,1
66449,169,165,4,4
66450,56,62,-6,6
66451,78,64,14,14
66452,73,78,-5,5
66453,66,68,-2,2
66454,67,63,4,4
66455,69,53,16,16
66456,96,94,2,2
66457,118,107,11,11
66458,67,71,-4,4
66459,58,65,-7,7
66460,77,67,10,10
66461,164,142,22,22
66462,57,62,-5,5
66463,98,96,2,2
66464,97,90,7,7
66465,58,63,-5,5
66466,107,105,2,2
66467,70,75,-5,5
66468,121,111,10,10
66469,144,126,18,18
66470,157,149,8,8
66471,113,112,1,1
66472,66,67,-1,1
66473,47,71,-24,24
66474,106,96,10,10
66475,77,78,-1,1
66476,180,170,10,10
66477,55,55,0,0
66478,57,68,-11,11
66479,104,98,6,6
66480,120,112,8,8
66481,124,108,16,16
66482,157,153,4,4
66483,185,175,10,10
66484,63,66,-3,3
66485,158,135,23,23
66486,161,157,4,4
66487,61,65,-4,4
66488,104,102,2,2
66489,65,69,-4,4
66490,174,157,17,17
66491,52,58,-6,6
66492,118,105,13,13
66493,89,86,3,3
66494,88,85,3,3
66495,88,87,1,1
66496,62,70,-8,8
66497,67,69,-2,2
66498,118,110,8,8
66499,113,116,-3,3
66500,99,102,-3,3
66501,68,68,0,0
66502,50,41,9,9
66503,123,118,5,5
66504,97,95,2,2
66505,93,104,-11,11
66506,132,109,23,23
66507,70,74,-4,4
66508,65,64,1,1
66509,80,93,-13,13
66510,79,75,4,4
66511,96,97,-1,1
66512,69,77,-8,8
66513,142,131,11,11
66514,126,120,6,6
66515,88,108,-20,20
66516,57,58,-1,1
66517,68,67,1,1
66518,97,101,-4,4
66519,128,124,4,4
66520,129,133,-4,4
66521,92,88,4,4
66522,146,122,24,24
66523,83,81,2,2
66524,92,85,7,7
66525,207,175,32,32
66526,40,54,-14,14
66527,92,95,-3,3
66528,95,106,-11,11
66529,107,97,10,10
66530,51,56,-5,5
66531,210,179,31,31
66532,73,74,-1,1
66533,103,93,10,10
66534,120,115,5,5
66535,132,112,20,20
66536,112,101,11,11
66537,86,84,2,2
66538,195,182,13,13
66539,69,71,-2,2
66540,91,86,5,5
66541,57,73,-16,16
66542,112,104,8,8
66543,72,83,-11,11
66544,90,85,5,5
66545,99,93,6,6
66546,46,43,3,3
66547,51,54,-3,3
66548,107,101,6,6
66549,156,150,6,6
66550,61,63,-2,2
66551,88,79,9,9
66552,107,99,8,8
66553,121,106,15,15
66554,89,81,8,8
66555,99,100,-1,1
66556,87,91,-4,4
66557,46,57,-11,11
66558,152,146,6,6
66559,67,69,-2,2
66560,164,157,7,7
66561,68,70,-2,2
66562,94,90,4,4
66563,60,65,-5,5
66564,205,172,33,33
66565,92,85,7,7
66566,95,88,7,7
66567,67,61,6,6
66568,55,60,-5,5
66569,151,132,19,19
66570,160,147,13,13
66571,29,32,-3,3
66572,108,101,7,7
66573,112,117,-5,5
66574,109,150,-41,41
66575,86,84,2,2
66576,75,78,-3,3
66577,60,68,-8,8
66578,64,71,-7,7
66579,64,86,-22,22
66580,110,110,0,0
66581,81,87,-6,6
66582,79,77,2,2
66583,124,110,14,14
66584,94,96,-2,2
66585,73,88,-15,15
66586,111,101,10,10
66587,107,99,8,8
66588,71,69,2,2
66589,125,118,7,7
66590,123,107,16,16
66591,63,62,1,1
66592,98,96,2,2
66593,101,91,10,10
66594,129,124,5,5
66595,96,95,1,1
66596,58,62,-4,4
66597,162,153,9,9
66598,48,48,0,0
66599,151,136,15,15
66600,67,68,-1,1
66601,122,111,11,11
66602,100,99,1,1
66603,135,139,-4,4
66604,213,174,39,39
66605,129,134,-5,5
66606,61,66,-5,5
66607,70,73,-3,3
66608,88,88,0,0
66609,75,76,-1,1
66610,159,152,7,7
66611,100,103,-3,3
66612,75,71,4,4
66613,120,130,-10,10
66614,70,72,-2,2
66615,129,114,15,15
66616,124,87,37,37
66617,105,97,8,8
66618,60,59,1,1
66619,76,69,7,7
66620,64,72,-8,8
66621,145,125,20,20
66622,95,106,-11,11
66623,104,105,-1,1
66624,148,134,14,14
66625,126,124,2,2
66626,142,130,12,12
66627,67,69,-2,2
66628,96,100,-4,4
66629,114,104,10,10
66630,47,60,-13,13
66631,125,127,-2,2
66632,66,70,-4,4
66633,203,218,-15,15
66634,58,64,-6,6
66635,114,106,8,8
66636,100,116,-16,16
66637,92,95,-3,3
66638,114,117,-3,3
66639,67,71,-4,4
66640,56,57,-1,1
66641,78,76,2,2
66642,62,63,-1,1
66643,77,86,-9,9
66644,104,95,9,9
66645,37,40,-3,3
66646,94,89,5,5
66647,108,95,13,13
66648,42,41,1,1
66649,106,103,3,3
66650,74,73,1,1
66651,116,97,19,19
66652,77,67,10,10
66653,123,124,-1,1
66654,89,92,-3,3
66655,74,72,2,2
66656,118,110,8,8
66657,73,74,-1,1
66658,69,85,-16,16
66659,79,77,2,2
66660,58,68,-10,10
66661,172,144,28,28
66662,118,107,11,11
66663,140,124,16,16
66664,124,119,5,5
66665,111,97,14,14
66666,88,96,-8,8
66667,90,114,-24,24
66668,59,57,2,2
66669,139,135,4,4
66670,125,120,5,5
66671,64,65,-1,1
66672,147,131,16,16
66673,50,59,-9,9
66674,81,84,-3,3
66675,105,98,7,7
66676,63,68,-5,5
66677,87,91,-4,4
66678,90,84,6,6
66679,47,49,-2,2
66680,134,123,11,11
66681,61,63,-2,2
66682,73,90,-17,17
66683,73,66,7,7
66684,78,80,-2,2
66685,134,119,15,15
66686,51,49,2,2
66687,108,104,4,4
66688,96,89,7,7
66689,54,69,-15,15
66690,122,117,5,5
66691,129,120,9,9
66692,86,73,13,13
66693,114,109,5,5
66694,70,72,-2,2
66695,79,79,0,0
66696,56,59,-3,3
66697,66,66,0,0
66698,89,84,5,5
66699,106,97,9,9
66700,77,79,-2,2
66701,82,80,2,2
66702,63,81,-18,18
66703,87,86,1,1
66704,119,122,-3,3
66705,146,129,17,17
66706,71,66,5,5
66707,70,80,-10,10
66708,82,83,-1,1
66709,72,75,-3,3
66710,91,91,0,0
66711,57,73,-16,16
66712,68,69,-1,1
66713,92,85,7,7
66714,71,71,0,0
66715,100,91,9,9
66716,106,96,10,10
66717,64,60,4,4
66718,58,65,-7,7
66719,74,73,1,1
66720,104,112,-8,8
66721,133,121,12,12
66722,59,60,-1,1
66723,77,76,1,1
66724,90,84,6,6
66725,116,94,22,22
66726,94,88,6,6
66727,102,101,1,1
66728,130,122,8,8
66729,115,112,3,3
66730,79,73,6,6
66731,151,138,13,13
66732,88,94,-6,6
66733,188,165,23,23
66734,91,89,2,2
66735,81,76,5,5
66736,74,77,-3,3
66737,80,78,2,2
66738,125,111,14,14
66739,140,128,12,12
66740,60,65,-5,5
66741,45,55,-10,10
66742,65,73,-8,8
66743,120,115,5,5
66744,105,106,-1,1
66745,136,132,4,4
66746,31,63,-32,32
66747,77,80,-3,3
66748,79,86,-7,7
66749,96,96,0,0
66750,40,62,-22,22
66751,54,58,-4,4
66752,94,84,10,10
66753,83,100,-17,17
66754,54,60,-6,6
66755,92,90,2,2
66756,146,124,22,22
66757,172,155,17,17
66758,62,63,-1,1
66759,155,146,9,9
66760,111,101,10,10
66761,99,91,8,8
66762,126,109,17,17
66763,55,58,-3,3
66764,202,189,13,13
66765,60,62,-2,2
66766,97,90,7,7
66767,111,98,13,13
66768,114,110,4,4
66769,81,76,5,5
66770,35,49,-14,14
66771,88,86,2,2
66772,62,64,-2,2
66773,84,84,0,0
66774,96,86,10,10
66775,105,101,4,4
66776,67,70,-3,3
66777,68,75,-7,7
66778,75,74,1,1
66779,64,69,-5,5
66780,165,140,25,25
66781,92,117,-25,25
66782,136,115,21,21
66783,93,92,1,1
66784,58,52,6,6
66785,72,75,-3,3
66786,87,88,-1,1
66787,53,61,-8,8
66788,138,137,1,1
66789,98,99,-1,1
66790,81,79,2,2
66791,82,85,-3,3
66792,140,136,4,4
66793,92,89,3,3
66794,116,112,4,4
66795,169,154,15,15
66796,76,82,-6,6
66797,70,70,0,0
66798,206,177,29,29
66799,118,107,11,11
66800,82,85,-3,3
66801,143,133,10,10
66802,113,101,12,12
66803,82,79,3,3
66804,72,74,-2,2
66805,53,53,0,0
66806,38,56,-18,18
66807,102,95,7,7
66808,98,98,0,0
66809,60,71,-11,11
66810,133,120,13,13
66811,108,100,8,8
66812,103,93,10,10
66813,58,62,-4,4
66814,80,78,2,2
66815,72,74,-2,2
66816,103,93,10,10
66817,115,120,-5,5
66818,66,75,-9,9
66819,134,125,9,9
66820,129,119,10,10
66821,82,82,0,0
66822,92,88,4,4
66823,72,69,3,3
66824,156,145,11,11
66825,97,96,1,1
66826,80,82,-2,2
66827,110,92,18,18
66828,112,99,13,13
66829,73,72,1,1
66830,93,94,-1,1
66831,84,93,-9,9
66832,69,65,4,4
66833,63,74,-11,11
66834,97,92,5,5
66835,51,66,-15,15
66836,117,111,6,6
66837,102,109,-7,7
66838,63,66,-3,3
66839,90,112,-22,22
66840,75,74,1,1
66841,31,78,-47,47
66842,118,118,0,0
66843,110,120,-10,10
66844,126,119,7,7
66845,132,132,0,0
66846,94,84,10,10
66847,55,68,-13,13
66848,119,107,12,12
66849,47,50,-3,3
66850,152,129,23,23
66851,38,42,-4,4
66852,96,107,-11,11
66853,79,71,8,8
66854,63,61,2,2
66855,120,117,3,3
66856,97,87,10,10
66857,65,64,1,1
66858,108,102,6,6
66859,146,137,9,9
66860,99,99,0,0
66861,50,54,-4,4
66862,98,97,1,1
66863,61,60,1,1
66864,67,71,-4,4
66865,102,96,6,6
66866,98,91,7,7
66867,127,118,9,9
66868,134,121,13,13
66869,107,99,8,8
66870,62,67,-5,5
66871,83,79,4,4
66872,41,34,7,7
66873,65,74,-9,9
66874,73,75,-2,2
66875,81,77,4,4
66876,85,82,3,3
66877,85,75,10,10
66878,117,109,8,8
66879,128,126,2,2
66880,89,88,1,1
66881,42,34,8,8
66882,125,137,-12,12
66883,68,70,-2,2
66884,72,77,-5,5
66885,96,92,4,4
66886,134,129,5,5
66887,122,118,4,4
66888,87,88,-1,1
66889,54,61,-7,7
66890,79,77,2,2
66891,148,127,21,21
66892,66,72,-6,6
66893,142,129,13,13
66894,106,92,14,14
66895,48,46,2,2
66896,57,72,-15,15
66897,126,118,8,8
66898,51,60,-9,9
66899,109,117,-8,8
66900,106,105,1,1
66901,102,98,4,4
66902,94,90,4,4
66903,112,106,6,6
66904,140,123,17,17
66905,117,116,1,1
66906,112,93,19,19
66907,49,68,-19,19
66908,156,141,15,15
66909,89,86,3,3
66910,74,77,-3,3
66911,67,75,-8,8
66912,70,82,-12,12
66913,93,95,-2,2
66914,93,92,1,1
66915,101,101,0,0
66916,76,85,-9,9
66917,67,70,-3,3
66918,106,101,5,5
66919,72,77,-5,5
66920,65,65,0,0
66921,87,85,2,2
66922,89,84,5,5
66923,257,266,-9,9
66924,175,164,11,11
66925,69,65,4,4
66926,76,70,6,6
66927,65,64,1,1
66928,153,141,12,12
66929,68,72,-4,4
66930,116,104,12,12
66931,114,115,-1,1
66932,76,77,-1,1
66933,65,63,2,2
66934,104,96,8,8
66935,148,131,17,17
66936,43,39,4,4
66937,90,88,2,2
66938,99,92,7,7
66939,128,128,0,0
66940,110,106,4,4
66941,42,55,-13,13
66942,120,114,6,6
66943,135,109,26,26
66944,134,133,1,1
66945,116,116,0,0
66946,138,118,20,20
66947,125,112,13,13
66948,43,40,3,3
66949,89,81,8,8
66950,126,106,20,20
66951,90,82,8,8
66952,77,78,-1,1
66953,91,89,2,2
66954,120,107,13,13
66955,63,63,0,0
66956,88,85,3,3
66957,50,57,-7,7
66958,110,105,5,5
66959,71,68,3,3
66960,81,79,2,2
66961,120,110,10,10
66962,94,91,3,3
66963,51,61,-10,10
66964,84,88,-4,4
66965,96,96,0,0
66966,179,157,22,22
66967,57,59,-2,2
66968,114,109,5,5
66969,111,112,-1,1
66970,111,101,10,10
66971,101,91,10,10
66972,53,48,5,5
66973,97,93,4,4
66974,98,93,5,5
66975,50,56,-6,6
66976,82,82,0,0
66977,108,98,10,10
66978,59,65,-6,6
66979,69,70,-1,1
66980,68,71,-3,3
66981,69,75,-6,6
66982,73,76,-3,3
66983,28,32,-4,4
66984,75,76,-1,1
66985,68,69,-1,1
66986,110,107,3,3
66987,99,99,0,0
66988,72,74,-2,2
66989,74,75,-1,1
66990,70,74,-4,4
66991,109,93,16,16
66992,191,179,12,12
66993,54,56,-2,2
66994,119,116,3,3
66995,76,77,-1,1
66996,174,160,14,14
66997,87,84,3,3
66998,88,85,3,3
66999,53,57,-4,4
67000,75,77,-2,2
67001,68,66,2,2
67002,118,117,1,1
67003,114,105,9,9
67004,101,98,3,3
67005,102,99,3,3
67006,82,82,0,0
67007,100,100,0,0
67008,134,125,9,9
67009,140,136,4,4
67010,109,113,-4,4
67011,124,116,8,8
67012,157,129,28,28
67013,67,62,5,5
67014,117,112,5,5
67015,64,64,0,0
67016,89,93,-4,4
67017,52,42,10,10
67018,126,119,7,7
67019,99,96,3,3
67020,82,79,3,3
67021,96,79,17,17
67022,85,77,8,8
67023,68,80,-12,12
67024,132,117,15,15
67025,148,134,14,14
67026,56,58,-2,2
67027,173,170,3,3
67028,115,115,0,0
67029,99,94,5,5
67030,115,118,-3,3
67031,71,74,-3,3
67032,141,131,10,10
67033,111,103,8,8
67034,53,59,-6,6
67035,279,215,64,64
67036,101,88,13,13
67037,93,90,3,3
67038,71,68,3,3
67039,163,150,13,13
67040,52,49,3,3
67041,109,104,5,5
67042,80,87,-7,7
67043,72,102,-30,30
67044,72,69,3,3
67045,87,82,5,5
67046,82,85,-3,3
67047,74,74,0,0
67048,156,141,15,15
67049,133,121,12,12
67050,123,111,12,12
67051,63,64,-1,1
67052,70,74,-4,4
67053,40,34,6,6
67054,76,85,-9,9
67055,201,194,7,7
67056,76,83,-7,7
67057,109,112,-3,3
67058,116,113,3,3
67059,45,40,5,5
67060,59,61,-2,2
67061,104,89,15,15
67062,122,146,-24,24
67063,108,94,14,14
67064,59,68,-9,9
67065,111,117,-6,6
67066,47,38,9,9
67067,123,115,8,8
67068,127,112,15,15
67069,98,93,5,5
67070,90,88,2,2
67071,70,74,-4,4
67072,102,96,6,6
67073,101,95,6,6
67074,72,89,-17,17
67075,86,100,-14,14
67076,77,79,-2,2
67077,175,144,31,31
67078,85,86,-1,1
67079,109,103,6,6
67080,143,128,15,15
67081,79,83,-4,4
67082,81,84,-3,3
67083,110,98,12,12
67084,68,77,-9,9
67085,107,103,4,4
67086,115,107,8,8
67087,120,118,2,2
67088,67,71,-4,4
67089,95,76,19,19
67090,116,108,8,8
67091,83,84,-1,1
67092,97,85,12,12
67093,85,86,-1,1
67094,91,98,-7,7
67095,147,132,15,15
67096,60,68,-8,8
67097,104,94,10,10
67098,99,95,4,4
67099,142,128,14,14
67100,65,69,-4,4
67101,58,61,-3,3
67102,81,86,-5,5
67103,85,81,4,4
67104,158,146,12,12
67105,57,59,-2,2
67106,32,34,-2,2
67107,161,146,15,15
67108,139,129,10,10
67109,123,114,9,9
67110,141,138,3,3
67111,127,119,8,8
67112,65,68,-3,3
67113,177,155,22,22
67114,131,124,7,7
67115,140,129,11,11
67116,51,58,-7,7
67117,85,87,-2,2
67118,75,76,-1,1
67119,103,96,7,7
67120,155,134,21,21
67121,85,80,5,5
67122,72,72,0,0
67123,80,69,11,11
67124,62,65,-3,3
67125,58,63,-5,5
67126,53,62,-9,9
67127,76,88,-12,12
67128,117,114,3,3
67129,75,72,3,3
67130,138,125,13,13
67131,82,77,5,5
67132,79,79,0,0
67133,83,90,-7,7
67134,79,75,4,4
67135,141,126,15,15
67136,76,70,6,6
67137,165,146,19,19
67138,150,145,5,5
67139,65,66,-1,1
67140,37,34,3,3
67141,55,58,-3,3
67142,227,204,23,23
67143,82,84,-2,2
67144,70,71,-1,1
67145,57,61,-4,4
67146,73,67,6,6
67147,78,74,4,4
67148,58,62,-4,4
67149,87,82,5,5
67150,48,58,-10,10
67151,127,124,3,3
67152,65,61,4,4
67153,111,94,17,17
67154,74,76,-2,2
67155,103,92,11,11
67156,91,80,11,11
67157,188,195,-7,7
67158,98,109,-11,11
67159,86,84,2,2
67160,68,64,4,4
67161,99,95,4,4
67162,68,69,-1,1
67163,87,82,5,5
67164,110,109,1,1
67165,53,61,-8,8
67166,75,73,2,2
67167,113,106,7,7
67168,103,121,-18,18
67169,48,59,-11,11
67170,180,158,22,22
67171,67,75,-8,8
67172,69,74,-5,5
67173,114,118,-4,4
67174,82,75,7,7
67175,152,138,14,14
67176,108,106,2,2
67177,126,120,6,6
67178,126,130,-4,4
67179,68,73,-5,5
67180,111,103,8,8
67181,127,108,19,19
67182,106,97,9,9
67183,93,99,-6,6
67184,134,131,3,3
67185,65,71,-6,6
67186,129,115,14,14
67187,84,84,0,0
67188,64,68,-4,4
67189,147,138,9,9
67190,123,112,11,11
67191,102,96,6,6
67192,66,63,3,3
67193,56,64,-8,8
67194,99,104,-5,5
67195,92,86,6,6
67196,96,93,3,3
67197,125,130,-5,5
67198,85,81,4,4
67199,100,93,7,7
67200,77,81,-4,4
67201,69,71,-2,2
67202,95,92,3,3
67203,87,82,5,5
67204,112,105,7,7
67205,124,116,8,8
67206,99,91,8,8
67207,65,64,1,1
67208,119,98,21,21
67209,66,69,-3,3
67210,89,82,7,7
67211,139,121,18,18
67212,111,96,15,15
67213,81,90,-9,9
67214,100,98,2,2
67215,82,76,6,6
67216,145,149,-4,4
67217,91,92,-1,1
67218,187,180,7,7
67219,84,85,-1,1
67220,45,49,-4,4
67221,116,113,3,3
67222,69,70,-1,1
67223,80,83,-3,3
67224,44,34,10,10
67225,93,99,-6,6
67226,58,58,0,0
67227,74,77,-3,3
67228,74,74,0,0
67229,99,107,-8,8
67230,93,94,-1,1
67231,67,59,8,8
67232,108,107,1,1
67233,108,113,-5,5
67234,116,99,17,17
67235,127,106,21,21
67236,98,91,7,7
67237,115,120,-5,5
67238,131,125,6,6
67239,185,172,13,13
67240,120,103,17,17
67241,75,78,-3,3
67242,165,133,32,32
67243,44,74,-30,30
67244,82,83,-1,1
67245,66,75,-9,9
67246,72,74,-2,2
67247,137,123,14,14
67248,66,73,-7,7
67249,79,94,-15,15
67250,48,57,-9,9
67251,76,76,0,0
67252,87,83,4,4
67253,90,88,2,2
67254,67,71,-4,4
67255,139,132,7,7
67256,52,59,-7,7
67257,97,86,11,11
67258,135,121,14,14
67259,60,53,7,7
67260,65,69,-4,4
67261,61,57,4,4
67262,175,156,19,19
67263,146,127,19,19
67264,64,74,-10,10
67265,122,115,7,7
67266,66,70,-4,4
67267,62,62,0,0
67268,97,95,2,2
67269,117,117,0,0
67270,72,76,-4,4
67271,66,86,-20,20
67272,147,127,20,20
67273,139,124,15,15
67274,143,143,0,0
67275,106,103,3,3
67276,81,90,-9,9
67277,85,76,9,9
67278,112,99,13,13
67279,74,86,-12,12
67280,157,141,16,16
67281,76,71,5,5
67282,69,70,-1,1
67283,133,121,12,12
67284,79,87,-8,8
67285,58,64,-6,6
67286,111,109,2,2
67287,195,173,22,22
67288,129,110,19,19
67289,58,71,-13,13
67290,101,106,-5,5
67291,186,170,16,16
67292,76,69,7,7
67293,72,72,0,0
67294,100,102,-2,2
67295,60,64,-4,4
67296,59,67,-8,8
67297,118,110,8,8
67298,195,165,30,30
67299,92,84,8,8
67300,245,243,2,2
67301,102,107,-5,5
67302,84,88,-4,4
67303,95,91,4,4
67304,126,114,12,12
67305,101,90,11,11
67306,192,164,28,28
67307,118,114,4,4
67308,72,81,-9,9
67309,66,70,-4,4
67310,72,74,-2,2
67311,75,76,-1,1
67312,47,51,-4,4
67313,53,59,-6,6
67314,75,85,-10,10
67315,77,87,-10,10
67316,133,136,-3,3
67317,66,68,-2,2
67318,122,120,2,2
67319,151,144,7,7
67320,95,106,-11,11
67321,70,78,-8,8
67322,66,67,-1,1
67323,101,94,7,7
67324,92,86,6,6
67325,94,86,8,8
67326,80,74,6,6
67327,86,89,-3,3
67328,99,92,7,7
67329,167,145,22,22
67330,104,95,9,9
67331,92,83,9,9
67332,82,90,-8,8
67333,93,86,7,7
67334,57,60,-3,3
67335,80,80,0,0
67336,154,131,23,23
67337,92,87,5,5
67338,121,107,14,14
67339,90,95,-5,5
67340,94,91,3,3
67341,100,95,5,5
67342,55,64,-9,9
67343,179,169,10,10
67344,157,138,19,19
67345,58,72,-14,14
67346,94,104,-10,10
67347,85,81,4,4
67348,55,64,-9,9
67349,72,64,8,8
67350,114,106,8,8
67351,99,96,3,3
67352,75,69,6,6
67353,45,38,7,7
67354,58,59,-1,1
67355,110,105,5,5
67356,69,76,-7,7
67357,68,67,1,1
67358,102,93,9,9
67359,77,83,-6,6
67360,85,81,4,4
67361,112,107,5,5
67362,40,34,6,6
67363,73,75,-2,2
67364,76,80,-4,4
67365,65,67,-2,2
67366,72,85,-13,13
67367,89,107,-18,18
67368,110,111,-1,1
67369,91,86,5,5
67370,59,84,-25,25
67371,90,81,9,9
67372,84,85,-1,1
67373,130,118,12,12
67374,63,62,1,1
67375,63,68,-5,5
67376,87,83,4,4
67377,106,112,-6,6
67378,145,130,15,15
67379,128,125,3,3
67380,81,83,-2,2
67381,111,95,16,16
67382,76,83,-7,7
67383,53,64,-11,11
67384,82,78,4,4
67385,100,98,2,2
67386,74,85,-11,11
67387,105,102,3,3
67388,58,61,-3,3
67389,102,101,1,1
67390,113,103,10,10
67391,99,99,0,0
67392,113,106,7,7
67393,55,58,-3,3
67394,98,86,12,12
67395,108,107,1,1
67396,54,55,-1,1
67397,99,93,6,6
67398,78,79,-1,1
67399,68,56,12,12
67400,45,42,3,3
67401,71,76,-5,5
67402,216,155,61,61
67403,103,98,5,5
67404,77,79,-2,2
67405,64,68,-4,4
67406,108,104,4,4
67407,106,87,19,19
67408,124,105,19,19
67409,71,74,-3,3
67410,91,80,11,11
67411,80,85,-5,5
67412,122,116,6,6
67413,105,102,3,3
67414,80,83,-3,3
67415,142,119,23,23
67416,64,89,-25,25
67417,95,76,19,19
67418,112,118,-6,6
67419,83,77,6,6
67420,147,137,10,10
67421,47,52,-5,5
67422,80,81,-1,1
67423,104,105,-1,1
67424,71,75,-4,4
67425,67,67,0,0
67426,69,75,-6,6
67427,82,84,-2,2
67428,85,79,6,6
67429,144,136,8,8
67430,81,85,-4,4
67431,141,133,8,8
67432,86,80,6,6
67433,176,167,9,9
67434,74,68,6,6
67435,91,85,6,6
67436,102,84,18,18
67437,74,69,5,5
67438,97,92,5,5
67439,60,65,-5,5
67440,97,94,3,3
67441,119,114,5,5
67442,97,98,-1,1
67443,70,73,-3,3
67444,102,93,9,9
67445,61,69,-8,8
67446,86,76,10,10
67447,45,35,10,10
67448,51,58,-7,7
67449,130,127,3,3
67450,74,79,-5,5
67451,78,80,-2,2
67452,163,155,8,8
67453,52,63,-11,11
67454,99,101,-2,2
67455,84,86,-2,2
67456,109,97,12,12
67457,84,81,3,3
67458,88,93,-5,5
67459,117,108,9,9
67460,186,166,20,20
67461,55,57,-2,2
67462,65,78,-13,13
67463,119,124,-5,5
67464,71,74,-3,3
67465,87,81,6,6
67466,51,61,-10,10
67467,46,45,1,1
67468,61,63,-2,2
67469,103,95,8,8
67470,84,81,3,3
67471,56,62,-6,6
67472,73,76,-3,3
67473,84,79,5,5
67474,127,109,18,18
67475,178,171,7,7
67476,71,74,-3,3
67477,107,99,8,8
67478,111,99,12,12
67479,69,73,-4,4
67480,94,94,0,0
67481,45,56,-11,11
67482,94,97,-3,3
67483,120,122,-2,2
67484,63,68,-5,5
67485,78,76,2,2
67486,40,35,5,5
67487,114,106,8,8
67488,112,103,9,9
67489,152,142,10,10
67490,184,152,32,32
67491,84,80,4,4
67492,122,110,12,12
67493,108,97,11,11
67494,64,68,-4,4
67495,114,106,8,8
67496,143,139,4,4
67497,97,86,11,11
67498,99,93,6,6
67499,145,143,2,2
67500,63,66,-3,3
67501,111,110,1,1
67502,68,73,-5,5
67503,108,113,-5,5
67504,94,81,13,13
67505,77,77,0,0
67506,49,60,-11,11
67507,82,80,2,2
67508,66,66,0,0
67509,74,69,5,5
67510,142,142,0,0
67511,82,86,-4,4
67512,87,80,7,7
67513,78,80,-2,2
67514,58,66,-8,8
67515,108,104,4,4
67516,50,79,-29,29
67517,170,156,14,14
67518,74,76,-2,2
67519,102,98,4,4
67520,95,90,5,5
67521,90,84,6,6
67522,118,109,9,9
67523,70,69,1,1
67524,111,106,5,5
67525,96,102,-6,6
67526,81,80,1,1
67527,110,100,10,10
67528,94,86,8,8
67529,99,101,-2,2
67530,107,104,3,3
67531,129,127,2,2
67532,135,119,16,16
67533,123,107,16,16
67534,67,71,-4,4
67535,79,79,0,0
67536,91,95,-4,4
67537,72,71,1,1
67538,150,151,-1,1
67539,117,121,-4,4
67540,60,67,-7,7
67541,102,104,-2,2
67542,32,46,-14,14
67543,65,68,-3,3
67544,163,147,16,16
67545,99,95,4,4
67546,76,75,1,1
67547,146,129,17,17
67548,137,123,14,14
67549,131,125,6,6
67550,152,136,16,16
67551,93,102,-9,9
67552,78,77,1,1
67553,83,78,5,5
67554,109,93,16,16
67555,134,137,-3,3
67556,56,73,-17,17
67557,82,78,4,4
67558,50,34,16,16
67559,104,99,5,5
67560,78,81,-3,3
67561,60,64,-4,4
67562,137,120,17,17
67563,64,63,1,1
67564,144,136,8,8
67565,49,50,-1,1
67566,104,97,7,7
67567,66,67,-1,1
67568,71,70,1,1
67569,128,117,11,11
67570,84,103,-19,19
67571,141,139,2,2
67572,97,88,9,9
67573,52,50,2,2
67574,74,74,0,0
67575,98,110,-12,12
67576,71,69,2,2
67577,56,61,-5,5
67578,71,76,-5,5
67579,123,110,13,13
67580,146,124,22,22
67581,77,78,-1,1
67582,68,72,-4,4
67583,110,94,16,16
67584,85,84,1,1
67585,162,126,36,36
67586,105,96,9,9
67587,68,69,-1,1
67588,100,87,13,13
67589,103,97,6,6
67590,121,104,17,17
67591,96,83,13,13
67592,199,170,29,29
67593,83,85,-2,2
67594,91,87,4,4
67595,61,67,-6,6
67596,103,104,-1,1
67597,95,93,2,2
67598,68,71,-3,3
67599,94,87,7,7
67600,54,58,-4,4
67601,160,131,29,29
67602,123,108,15,15
67603,154,136,18,18
67604,48,57,-9,9
67605,66,71,-5,5
67606,81,77,4,4
67607,56,62,-6,6
67608,160,136,24,24
67609,121,143,-22,22
67610,103,88,15,15
67611,126,114,12,12
67612,82,78,4,4
67613,63,74,-11,11
67614,88,86,2,2
67615,111,114,-3,3
67616,139,129,10,10
67617,103,95,8,8
67618,74,76,-2,2
67619,133,112,21,21
67620,49,56,-7,7
67621,93,89,4,4
67622,86,85,1,1
67623,77,71,6,6
67624,56,70,-14,14
67625,66,65,1,1
67626,132,120,12,12
67627,149,129,20,20
67628,39,34,5,5
67629,117,111,6,6
67630,98,93,5,5
67631,59,60,-1,1
67632,146,139,7,7
67633,106,91,15,15
67634,63,69,-6,6
67635,90,90,0,0
67636,73,76,-3,3
67637,80,76,4,4
67638,89,85,4,4
67639,88,85,3,3
67640,51,53,-2,2
67641,85,82,3,3
67642,106,121,-15,15
67643,136,123,13,13
67644,46,36,10,10
67645,107,107,0,0
67646,154,150,4,4
67647,109,105,4,4
67648,79,76,3,3
67649,94,80,14,14
67650,64,64,0,0
67651,63,61,2,2
67652,62,61,1,1
67653,58,64,-6,6
67654,48,53,-5,5
67655,67,72,-5,5
67656,74,72,2,2
67657,94,90,4,4
67658,75,72,3,3
67659,158,138,20,20
67660,134,118,16,16
67661,189,166,23,23
67662,62,70,-8,8
67663,73,73,0,0
67664,89,91,-2,2
67665,42,34,8,8
67666,129,112,17,17
67667,65,71,-6,6
67668,49,54,-5,5
67669,163,147,16,16
67670,93,91,2,2
67671,185,163,22,22
67672,91,89,2,2
67673,43,46,-3,3
67674,163,155,8,8
67675,65,69,-4,4
67676,49,34,15,15
67677,62,65,-3,3
67678,123,128,-5,5
67679,78,80,-2,2
67680,144,129,15,15
67681,75,101,-26,26
67682,83,79,4,4
67683,122,94,28,28
67684,92,89,3,3
67685,101,96,5,5
67686,75,84,-9,9
67687,130,110,20,20
67688,160,145,15,15
67689,58,61,-3,3
67690,154,142,12,12
67691,101,94,7,7
67692,54,64,-10,10
67693,177,165,12,12
67694,198,173,25,25
67695,98,103,-5,5
67696,87,95,-8,8
67697,116,111,5,5
67698,63,61,2,2
67699,95,87,8,8
67700,57,57,0,0
67701,64,61,3,3
67702,69,63,6,6
67703,79,78,1,1
67704,89,100,-11,11
67705,53,58,-5,5
67706,94,95,-1,1
67707,85,94,-9,9
67708,85,84,1,1
67709,80,90,-10,10
67710,80,89,-9,9
67711,95,88,7,7
67712,95,89,6,6
67713,72,75,-3,3
67714,59,65,-6,6
67715,122,105,17,17
67716,76,74,2,2
67717,103,93,10,10
67718,80,82,-2,2
67719,84,82,2,2
67720,108,103,5,5
67721,94,89,5,5
67722,128,118,10,10
67723,121,118,3,3
67724,156,135,21,21
67725,120,110,10,10
67726,97,95,2,2
67727,87,96,-9,9
67728,116,106,10,10
67729,48,44,4,4
67730,139,130,9,9
67731,93,85,8,8
67732,184,182,2,2
67733,62,60,2,2
67734,116,116,0,0
67735,114,101,13,13
67736,104,97,7,7
67737,94,99,-5,5
67738,169,157,12,12
67739,89,94,-5,5
67740,91,95,-4,4
67741,97,98,-1,1
67742,111,107,4,4
67743,69,69,0,0
67744,120,109,11,11
67745,105,118,-13,13
67746,99,95,4,4
67747,37,68,-31,31
67748,105,90,15,15
67749,69,71,-2,2
67750,67,67,0,0
67751,31,34,-3,3
67752,60,66,-6,6
67753,90,94,-4,4
67754,74,73,1,1
67755,123,112,11,11
67756,97,95,2,2
67757,55,52,3,3
67758,127,120,7,7
67759,122,116,6,6
67760,103,102,1,1
67761,141,130,11,11
67762,67,68,-1,1
67763,113,113,0,0
67764,135,129,6,6
67765,203,178,25,25
67766,88,86,2,2
67767,94,100,-6,6
67768,103,98,5,5
67769,86,82,4,4
67770,143,141,2,2
67771,52,53,-1,1
67772,75,83,-8,8
67773,114,114,0,0
67774,92,83,9,9
67775,113,104,9,9
67776,123,116,7,7
67777,68,76,-8,8
67778,86,96,-10,10
67779,27,32,-5,5
67780,126,121,5,5
67781,89,84,5,5
67782,113,96,17,17
67783,106,96,10,10
67784,90,83,7,7
67785,82,75,7,7
67786,88,90,-2,2
67787,97,91,6,6
67788,141,125,16,16
67789,123,107,16,16
67790,188,189,-1,1
67791,108,107,1,1
67792,73,72,1,1
67793,104,101,3,3
67794,87,91,-4,4
67795,78,81,-3,3
67796,75,71,4,4
67797,153,138,15,15
67798,74,68,6,6
67799,129,110,19,19
67800,117,106,11,11
67801,82,84,-2,2
67802,103,96,7,7
67803,93,80,13,13
67804,89,86,3,3
67805,44,50,-6,6
67806,76,76,0,0
67807,79,93,-14,14
67808,87,89,-2,2
67809,38,34,4,4
67810,120,115,5,5
67811,88,88,0,0
67812,155,133,22,22
67813,120,105,15,15
67814,89,84,5,5
67815,100,91,9,9
67816,66,65,1,1
67817,85,91,-6,6
67818,90,77,13,13
67819,126,120,6,6
67820,153,126,27,27
67821,83,79,4,4
67822,113,102,11,11
67823,88,92,-4,4
67824,152,149,3,3
67825,104,94,10,10
67826,75,72,3,3
67827,48,34,14,14
67828,127,113,14,14
67829,79,74,5,5
67830,117,112,5,5
67831,63,69,-6,6
67832,113,115,-2,2
67833,143,151,-8,8
67834,110,103,7,7
67835,75,85,-10,10
67836,48,55,-7,7
67837,64,88,-24,24
67838,99,98,1,1
67839,91,84,7,7
67840,111,98,13,13
67841,89,85,4,4
67842,141,128,13,13
67843,101,89,12,12
67844,74,74,0,0
67845,124,106,18,18
67846,115,115,0,0
67847,94,100,-6,6
67848,110,112,-2,2
67849,70,73,-3,3
67850,89,94,-5,5
67851,53,58,-5,5
67852,85,92,-7,7
67853,166,146,20,20
67854,77,73,4,4
67855,76,71,5,5
67856,137,138,-1,1
67857,79,87,-8,8
67858,144,119,25,25
67859,57,47,10,10
67860,102,98,4,4
67861,77,79,-2,2
67862,105,110,-5,5
67863,99,90,9,9
67864,40,34,6,6
67865,96,91,5,5
67866,99,98,1,1
67867,69,69,0,0
67868,111,99,12,12
67869,119,119,0,0
67870,152,139,13,13
67871,138,126,12,12
67872,146,152,-6,6
67873,79,96,-17,17
67874,113,103,10,10
67875,65,73,-8,8
67876,135,118,17,17
67877,58,34,24,24
67878,68,75,-7,7
67879,103,91,12,12
67880,110,110,0,0
67881,57,62,-5,5
67882,191,170,21,21
67883,87,80,7,7
67884,130,117,13,13
67885,94,92,2,2
67886,101,106,-5,5
67887,52,47,5,5
67888,134,127,7,7
67889,75,73,2,2
67890,91,92,-1,1
67891,109,104,5,5
67892,96,89,7,7
67893,55,59,-4,4
67894,114,105,9,9
67895,159,145,14,14
67896,74,73,1,1
67897,89,95,-6,6
67898,45,55,-10,10
67899,50,71,-21,21
67900,78,74,4,4
67901,136,136,0,0
67902,81,79,2,2
67903,104,90,14,14
67904,42,36,6,6
67905,45,43,2,2
67906,91,78,13,13
67907,81,80,1,1
67908,73,75,-2,2
67909,163,143,20,20
67910,62,62,0,0
67911,62,78,-16,16
67912,117,101,16,16
67913,91,93,-2,2
67914,81,92,-11,11
67915,183,152,31,31
67916,115,111,4,4
67917,45,39,6,6
67918,67,70,-3,3
67919,73,71,2,2
67920,115,113,2,2
67921,143,127,16,16
67922,122,108,14,14
67923,158,133,25,25
67924,132,123,9,9
67925,56,62,-6,6
67926,138,130,8,8
67927,128,114,14,14
67928,170,150,20,20
67929,101,97,4,4
67930,147,133,14,14
67931,116,115,1,1
67932,97,112,-15,15
67933,116,115,1,1
67934,73,73,0,0
67935,58,56,2,2
67936,99,93,6,6
67937,148,144,4,4
67938,56,58,-2,2
67939,144,140,4,4
67940,73,71,2,2
67941,124,126,-2,2
67942,58,86,-28,28
67943,72,75,-3,3
67944,57,57,0,0
67945,77,68,9,9
67946,93,88,5,5
67947,136,124,12,12
67948,56,61,-5,5
67949,106,94,12,12
67950,68,66,2,2
67951,107,103,4,4
67952,137,126,11,11
67953,51,57,-6,6
67954,161,151,10,10
67955,75,74,1,1
67956,207,173,34,34
67957,134,137,-3,3
67958,139,132,7,7
67959,85,84,1,1
67960,64,66,-2,2
67961,57,62,-5,5
67962,87,84,3,3
67963,143,131,12,12
67964,89,90,-1,1
67965,78,75,3,3
67966,73,92,-19,19
67967,188,189,-1,1
67968,115,97,18,18
67969,119,95,24,24
67970,74,79,-5,5
67971,96,96,0,0
67972,64,66,-2,2
67973,117,109,8,8
67974,127,127,0,0
67975,70,76,-6,6
67976,97,101,-4,4
67977,163,134,29,29
67978,143,125,18,18
67979,69,77,-8,8
67980,98,103,-5,5
67981,87,84,3,3
67982,100,96,4,4
67983,111,116,-5,5
67984,129,128,1,1
67985,94,83,11,11
67986,124,116,8,8
67987,70,77,-7,7
67988,64,66,-2,2
67989,131,118,13,13
67990,81,84,-3,3
67991,121,108,13,13
67992,139,125,14,14
67993,49,56,-7,7
67994,54,64,-10,10
67995,109,107,2,2
67996,71,76,-5,5
67997,124,108,16,16
67998,110,97,13,13
67999,103,102,1,1
68000,104,111,-7,7
68001,95,112,-17,17
68002,85,74,11,11
68003,83,77,6,6
68004,111,113,-2,2
68005,68,59,9,9
68006,76,73,3,3
68007,47,48,-1,1
68008,143,126,17,17
68009,64,67,-3,3
68010,102,98,4,4
68011,77,78,-1,1
68012,52,65,-13,13
68013,52,58,-6,6
68014,75,79,-4,4
68015,83,82,1,1
68016,70,67,3,3
68017,44,45,-1,1
68018,41,40,1,1
68019,77,74,3,3
68020,53,52,1,1
68021,132,127,5,5
68022,112,100,12,12
68023,81,75,6,6
68024,85,81,4,4
68025,90,87,3,3
68026,51,56,-5,5
68027,55,64,-9,9
68028,45,64,-19,19
68029,52,54,-2,2
68030,98,95,3,3
68031,72,71,1,1
68032,239,219,20,20
68033,123,106,17,17
68034,164,144,20,20
68035,75,72,3,3
68036,145,135,10,10
68037,63,68,-5,5
68038,63,96,-33,33
68039,100,104,-4,4
68040,110,109,1,1
68041,76,86,-10,10
68042,94,98,-4,4
68043,109,96,13,13
68044,59,67,-8,8
68045,140,146,-6,6
68046,83,75,8,8
68047,136,123,13,13
68048,50,54,-4,4
68049,85,79,6,6
68050,113,101,12,12
68051,49,59,-10,10
68052,98,83,15,15
68053,80,70,10,10
68054,95,93,2,2
68055,129,126,3,3
68056,89,84,5,5
68057,115,103,12,12
68058,73,78,-5,5
68059,75,80,-5,5
68060,168,149,19,19
68061,52,60,-8,8
68062,76,73,3,3
68063,104,97,7,7
68064,124,105,19,19
68065,113,112,1,1
68066,80,75,5,5
68067,79,98,-19,19
68068,89,88,1,1
68069,90,79,11,11
68070,46,56,-10,10
68071,80,73,7,7
68072,108,117,-9,9
68073,46,43,3,3
68074,106,94,12,12
68075,139,129,10,10
68076,99,97,2,2
68077,50,52,-2,2
68078,65,65,0,0
68079,69,71,-2,2
68080,125,116,9,9
68081,97,96,1,1
68082,84,86,-2,2
68083,114,116,-2,2
68084,39,33,6,6
68085,106,97,9,9
68086,88,92,-4,4
68087,80,84,-4,4
68088,178,160,18,18
68089,104,110,-6,6
68090,76,73,3,3
68091,108,96,12,12
68092,82,92,-10,10
68093,44,38,6,6
68094,67,65,2,2
68095,69,75,-6,6
68096,69,66,3,3
68097,112,102,10,10
68098,151,130,21,21
68099,47,51,-4,4
68100,70,69,1,1
68101,86,81,5,5
68102,95,94,1,1
68103,68,73,-5,5
68104,44,43,1,1
68105,70,74,-4,4
68106,132,120,12,12
68107,66,68,-2,2
68108,104,97,7,7
68109,155,141,14,14
68110,136,125,11,11
68111,74,74,0,0
68112,109,105,4,4
68113,88,90,-2,2
68114,156,158,-2,2
68115,153,148,5,5
68116,83,74,9,9
68117,88,80,8,8
68118,167,167,0,0
68119,44,44,0,0
68120,124,106,18,18
68121,71,69,2,2
68122,131,114,17,17
68123,94,86,8,8
68124,64,67,-3,3
68125,81,79,2,2
68126,69,67,2,2
68127,52,55,-3,3
68128,84,81,3,3
68129,59,62,-3,3
68130,117,113,4,4
68131,115,103,12,12
68132,86,87,-1,1
68133,111,101,10,10
68134,69,75,-6,6
68135,119,109,10,10
68136,73,71,2,2
68137,81,77,4,4
68138,79,90,-11,11
68139,89,97,-8,8
68140,51,56,-5,5
68141,63,66,-3,3
68142,87,88,-1,1
68143,116,107,9,9
68144,115,107,8,8
68145,111,114,-3,3
68146,38,34,4,4
68147,130,132,-2,2
68148,100,91,9,9
68149,60,58,2,2
68150,91,82,9,9
68151,67,68,-1,1
68152,73,67,6,6
68153,152,144,8,8
68154,199,178,21,21
68155,156,139,17,17
68156,61,66,-5,5
68157,109,91,18,18
68158,69,72,-3,3
68159,87,85,2,2
68160,65,68,-3,3
68161,83,85,-2,2
68162,94,93,1,1
68163,104,87,17,17
68164,72,77,-5,5
68165,74,86,-12,12
68166,93,82,11,11
68167,88,84,4,4
68168,88,78,10,10
68169,75,82,-7,7
68170,102,101,1,1
68171,72,72,0,0
68172,95,81,14,14
68173,98,93,5,5
68174,86,85,1,1
68175,91,103,-12,12
68176,67,68,-1,1
68177,73,76,-3,3
68178,129,126,3,3
68179,64,63,1,1
68180,94,93,1,1
68181,123,107,16,16
68182,89,91,-2,2
68183,45,54,-9,9
68184,95,92,3,3
68185,77,75,2,2
68186,61,68,-7,7
68187,151,149,2,2
68188,53,58,-5,5
68189,109,98,11,11
68190,84,86,-2,2
68191,86,90,-4,4
68192,105,99,6,6
68193,107,114,-7,7
68194,97,100,-3,3
68195,41,34,7,7
68196,69,72,-3,3
68197,111,83,28,28
68198,40,34,6,6
68199,140,131,9,9
68200,65,71,-6,6
68201,149,121,28,28
68202,46,40,6,6
68203,103,97,6,6
68204,80,79,1,1
68205,41,34,7,7
68206,97,127,-30,30
68207,65,65,0,0
68208,124,140,-16,16
68209,65,68,-3,3
68210,85,80,5,5
68211,151,142,9,9
68212,75,72,3,3
68213,92,93,-1,1
68214,96,90,6,6
68215,120,110,10,10
68216,71,71,0,0
68217,77,78,-1,1
68218,84,92,-8,8
68219,100,102,-2,2
68220,105,111,-6,6
68221,123,110,13,13
68222,53,60,-7,7
68223,178,169,9,9
68224,99,96,3,3
68225,64,68,-4,4
68226,78,83,-5,5
68227,108,100,8,8
68228,77,76,1,1
68229,157,143,14,14
68230,72,79,-7,7
68231,68,70,-2,2
68232,87,80,7,7
68233,70,75,-5,5
68234,52,58,-6,6
68235,85,78,7,7
68236,100,104,-4,4
68237,71,69,2,2
68238,109,112,-3,3
68239,154,157,-3,3
68240,96,76,20,20
68241,78,86,-8,8
68242,82,91,-9,9
68243,114,107,7,7
68244,103,105,-2,2
68245,118,116,2,2
68246,87,89,-2,2
68247,121,123,-2,2
68248,94,92,2,2
68249,62,59,3,3
68250,89,86,3,3
68251,105,98,7,7
68252,85,77,8,8
68253,79,86,-7,7
68254,86,83,3,3
68255,100,96,4,4
68256,104,96,8,8
68257,83,81,2,2
68258,90,81,9,9
68259,112,122,-10,10
68260,69,74,-5,5
68261,121,99,22,22
68262,84,87,-3,3
68263,87,83,4,4
68264,92,92,0,0
68265,147,138,9,9
68266,86,86,0,0
68267,89,82,7,7
68268,52,68,-16,16
68269,110,102,8,8
68270,145,131,14,14
68271,87,83,4,4
68272,107,84,23,23
68273,145,116,29,29
68274,55,61,-6,6
68275,51,64,-13,13
68276,95,92,3,3
68277,101,95,6,6
68278,72,68,4,4
68279,90,84,6,6
68280,91,78,13,13
68281,94,95,-1,1
68282,60,67,-7,7
68283,59,59,0,0
68284,96,87,9,9
68285,55,57,-2,2
68286,101,88,13,13
68287,95,97,-2,2
68288,113,105,8,8
68289,77,72,5,5
68290,114,121,-7,7
68291,101,106,-5,5
68292,100,103,-3,3
68293,64,68,-4,4
68294,100,91,9,9
68295,158,135,23,23
68296,81,80,1,1
68297,62,64,-2,2
68298,136,123,13,13
68299,156,141,15,15
68300,160,144,16,16
68301,128,124,4,4
68302,49,44,5,5
68303,135,121,14,14
68304,81,84,-3,3
68305,85,83,2,2
68306,74,69,5,5
68307,141,126,15,15
68308,98,93,5,5
68309,140,128,12,12
68310,102,91,11,11
68311,91,98,-7,7
68312,68,68,0,0
68313,117,104,13,13
68314,57,56,1,1
68315,70,74,-4,4
68316,203,164,39,39
68317,96,108,-12,12
68318,128,126,2,2
68319,81,74,7,7
68320,81,93,-12,12
68321,66,62,4,4
68322,128,117,11,11
68323,150,137,13,13
68324,79,85,-6,6
68325,68,73,-5,5
68326,57,61,-4,4
68327,63,74,-11,11
68328,110,106,4,4
68329,84,81,3,3
68330,84,73,11,11
68331,59,64,-5,5
68332,101,89,12,12
68333,73,76,-3,3
68334,82,84,-2,2
68335,163,149,14,14
68336,113,109,4,4
68337,95,75,20,20
68338,73,75,-2,2
68339,83,80,3,3
68340,114,112,2,2
68341,136,117,19,19
68342,86,87,-1,1
68343,81,79,2,2
68344,108,112,-4,4
68345,149,144,5,5
68346,101,97,4,4
68347,78,82,-4,4
68348,126,111,15,15
68349,122,128,-6,6
68350,112,101,11,11
68351,67,64,3,3
68352,62,62,0,0
68353,112,109,3,3
68354,171,151,20,20
68355,65,62,3,3
68356,97,87,10,10
68357,43,43,0,0
68358,71,64,7,7
68359,71,69,2,2
68360,55,41,14,14
68361,72,84,-12,12
68362,85,83,2,2
68363,190,167,23,23
68364,97,95,2,2
68365,100,96,4,4
68366,75,78,-3,3
68367,130,113,17,17
68368,60,63,-3,3
68369,105,99,6,6
68370,85,81,4,4
68371,89,90,-1,1
68372,93,91,2,2
68373,39,63,-24,24
68374,74,66,8,8
68375,148,144,4,4
68376,136,121,15,15
68377,61,73,-12,12
68378,181,163,18,18
68379,99,90,9,9
68380,165,150,15,15
68381,97,92,5,5
68382,116,106,10,10
68383,105,108,-3,3
68384,50,46,4,4
68385,71,81,-10,10
68386,115,105,10,10
68387,61,59,2,2
68388,101,100,1,1
68389,80,78,2,2
68390,100,102,-2,2
68391,79,92,-13,13
68392,121,114,7,7
68393,85,92,-7,7
68394,87,90,-3,3
68395,61,68,-7,7
68396,125,125,0,0
68397,85,88,-3,3
68398,87,87,0,0
68399,64,73,-9,9
68400,66,68,-2,2
68401,85,86,-1,1
68402,159,139,20,20
68403,132,130,2,2
68404,96,98,-2,2
68405,100,106,-6,6
68406,76,73,3,3
68407,117,115,2,2
68408,101,111,-10,10
68409,86,88,-2,2
68410,117,107,10,10
68411,96,90,6,6
68412,55,62,-7,7
68413,145,129,16,16
68414,68,76,-8,8
68415,71,69,2,2
68416,129,121,8,8
68417,121,114,7,7
68418,92,78,14,14
68419,57,62,-5,5
68420,50,43,7,7
68421,56,62,-6,6
68422,52,57,-5,5
68423,61,63,-2,2
68424,164,149,15,15
68425,119,114,5,5
68426,85,77,8,8
68427,83,77,6,6
68428,149,136,13,13
68429,103,90,13,13
68430,61,34,27,27
68431,142,136,6,6
68432,80,85,-5,5
68433,49,57,-8,8
68434,109,94,15,15
68435,101,93,8,8
68436,77,79,-2,2
68437,160,162,-2,2
68438,108,109,-1,1
68439,137,128,9,9
68440,125,118,7,7
68441,76,76,0,0
68442,145,125,20,20
68443,86,90,-4,4
68444,131,119,12,12
68445,99,102,-3,3
68446,97,95,2,2
68447,67,63,4,4
68448,107,124,-17,17
68449,87,82,5,5
68450,104,99,5,5
68451,77,73,4,4
68452,49,56,-7,7
68453,152,133,19,19
68454,138,128,10,10
68455,183,166,17,17
68456,53,60,-7,7
68457,100,96,4,4
68458,71,74,-3,3
68459,73,86,-13,13
68460,108,98,10,10
68461,85,91,-6,6
68462,72,73,-1,1
68463,92,88,4,4
68464,127,119,8,8
68465,61,81,-20,20
68466,86,94,-8,8
68467,56,56,0,0
68468,104,92,12,12
68469,86,85,1,1
68470,142,137,5,5
68471,78,84,-6,6
68472,96,84,12,12
68473,75,78,-3,3
68474,88,85,3,3
68475,69,69,0,0
68476,62,65,-3,3
68477,107,104,3,3
68478,65,65,0,0
68479,129,134,-5,5
68480,86,90,-4,4
68481,77,70,7,7
68482,115,97,18,18
68483,87,83,4,4
68484,32,31,1,1
68485,80,88,-8,8
68486,107,99,8,8
68487,112,122,-10,10
68488,83,84,-1,1
68489,89,90,-1,1
68490,65,66,-1,1
68491,63,67,-4,4
68492,56,63,-7,7
68493,99,85,14,14
68494,88,87,1,1
68495,130,125,5,5
68496,59,64,-5,5
68497,157,123,34,34
68498,94,103,-9,9
68499,94,91,3,3
68500,61,66,-5,5
68501,98,99,-1,1
68502,98,92,6,6
68503,108,98,10,10
68504,122,114,8,8
68505,115,111,4,4
68506,49,55,-6,6
68507,79,80,-1,1
68508,96,96,0,0
68509,81,86,-5,5
68510,54,59,-5,5
68511,70,75,-5,5
68512,141,125,16,16
68513,113,183,-70,70
68514,110,108,2,2
68515,75,80,-5,5
68516,85,92,-7,7
68517,85,79,6,6
68518,105,100,5,5
68519,62,68,-6,6
68520,39,43,-4,4
68521,83,84,-1,1
68522,103,93,10,10
68523,69,73,-4,4
68524,103,98,5,5
68525,82,76,6,6
68526,98,92,6,6
68527,134,119,15,15
68528,51,62,-11,11
68529,98,92,6,6
68530,58,64,-6,6
68531,66,75,-9,9
68532,66,66,0,0
68533,139,122,17,17
68534,182,164,18,18
68535,118,129,-11,11
68536,69,65,4,4
68537,61,69,-8,8
68538,101,92,9,9
68539,126,95,31,31
68540,87,87,0,0
68541,53,57,-4,4
68542,83,71,12,12
68543,113,112,1,1
68544,109,98,11,11
68545,60,63,-3,3
68546,113,110,3,3
68547,84,88,-4,4
68548,60,59,1,1
68549,56,53,3,3
68550,52,53,-1,1
68551,111,101,10,10
68552,74,79,-5,5
68553,57,60,-3,3
68554,72,73,-1,1
68555,77,77,0,0
68556,93,88,5,5
68557,167,140,27,27
68558,64,65,-1,1
68559,97,87,10,10
68560,106,106,0,0
68561,165,145,20,20
68562,86,103,-17,17
68563,146,128,18,18
68564,98,94,4,4
68565,88,85,3,3
68566,89,85,4,4
68567,99,93,6,6
68568,86,85,1,1
68569,95,104,-9,9
68570,70,66,4,4
68571,91,96,-5,5
68572,98,94,4,4
68573,92,89,3,3
68574,103,95,8,8
68575,91,83,8,8
68576,58,71,-13,13
68577,61,66,-5,5
68578,53,58,-5,5
68579,83,82,1,1
68580,56,60,-4,4
68581,84,84,0,0
68582,73,81,-8,8
68583,73,71,2,2
68584,81,79,2,2
68585,69,71,-2,2
68586,71,76,-5,5
68587,107,110,-3,3
68588,111,106,5,5
68589,107,97,10,10
68590,115,98,17,17
68591,75,77,-2,2
68592,129,111,18,18
68593,94,89,5,5
68594,52,55,-3,3
68595,146,136,10,10
68596,99,98,1,1
68597,93,106,-13,13
68598,57,62,-5,5
68599,102,106,-4,4
68600,58,67,-9,9
68601,95,130,-35,35
68602,92,89,3,3
68603,99,91,8,8
68604,115,112,3,3
68605,77,75,2,2
68606,176,169,7,7
68607,97,101,-4,4
68608,153,132,21,21
68609,74,72,2,2
68610,182,158,24,24
68611,91,100,-9,9
68612,67,77,-10,10
68613,85,94,-9,9
68614,109,103,6,6
68615,113,102,11,11
68616,111,108,3,3
68617,95,107,-12,12
68618,74,74,0,0
68619,110,103,7,7
68620,58,56,2,2
68621,135,121,14,14
68622,108,107,1,1
68623,112,112,0,0
68624,49,57,-8,8
68625,114,113,1,1
68626,57,60,-3,3
68627,74,70,4,4
68628,99,95,4,4
68629,96,90,6,6
68630,88,83,5,5
68631,79,87,-8,8
68632,82,70,12,12
68633,99,92,7,7
68634,116,108,8,8
68635,80,79,1,1
68636,120,111,9,9
68637,70,66,4,4
68638,74,74,0,0
68639,55,68,-13,13
68640,97,93,4,4
68641,74,77,-3,3
68642,92,95,-3,3
68643,71,73,-2,2
68644,86,83,3,3
68645,66,65,1,1
68646,74,68,6,6
68647,90,87,3,3
68648,110,103,7,7
68649,94,90,4,4
68650,101,94,7,7
68651,115,110,5,5
68652,91,92,-1,1
68653,102,100,2,2
68654,116,118,-2,2
68655,130,123,7,7
68656,45,52,-7,7
68657,77,78,-1,1
68658,117,123,-6,6
68659,109,104,5,5
68660,94,91,3,3
68661,130,119,11,11
68662,37,34,3,3
68663,73,76,-3,3
68664,79,72,7,7
68665,80,84,-4,4
68666,143,120,23,23
68667,69,70,-1,1
68668,143,133,10,10
68669,105,101,4,4
68670,150,136,14,14
68671,94,89,5,5
68672,107,97,10,10
68673,64,66,-2,2
68674,154,130,24,24
68675,129,121,8,8
68676,118,110,8,8
68677,86,85,1,1
68678,98,97,1,1
68679,134,135,-1,1
68680,96,94,2,2
68681,90,87,3,3
68682,173,167,6,6
68683,83,85,-2,2
68684,168,156,12,12
68685,97,94,3,3
68686,88,86,2,2
68687,54,57,-3,3
68688,142,117,25,25
68689,152,137,15,15
68690,75,82,-7,7
68691,73,73,0,0
68692,170,170,0,0
68693,82,82,0,0
68694,103,109,-6,6
68695,135,120,15,15
68696,98,96,2,2
68697,190,169,21,21
68698,110,94,16,16
68699,56,67,-11,11
68700,160,139,21,21
68701,86,97,-11,11
68702,105,102,3,3
68703,42,34,8,8
68704,148,150,-2,2
68705,78,72,6,6
68706,108,106,2,2
68707,81,78,3,3
68708,135,127,8,8
68709,84,90,-6,6
68710,115,98,17,17
68711,124,114,10,10
68712,67,76,-9,9
68713,97,92,5,5
68714,90,86,4,4
68715,158,142,16,16
68716,162,147,15,15
68717,165,157,8,8
68718,76,76,0,0
68719,174,164,10,10
68720,125,111,14,14
68721,155,143,12,12
68722,80,85,-5,5
68723,150,148,2,2
68724,54,51,3,3
68725,119,103,16,16
68726,83,74,9,9
68727,56,64,-8,8
68728,69,77,-8,8
68729,94,94,0,0
68730,103,104,-1,1
68731,120,110,10,10
68732,119,120,-1,1
68733,92,89,3,3
68734,102,97,5,5
68735,75,74,1,1
68736,64,66,-2,2
68737,175,155,20,20
68738,66,66,0,0
68739,69,63,6,6
68740,66,66,0,0
68741,42,38,4,4
68742,222,201,21,21
68743,161,149,12,12
68744,139,118,21,21
68745,88,88,0,0
68746,81,75,6,6
68747,160,155,5,5
68748,100,100,0,0
68749,64,72,-8,8
68750,26,32,-6,6
68751,126,117,9,9
68752,49,49,0,0
68753,101,99,2,2
68754,78,73,5,5
68755,82,82,0,0
68756,68,68,0,0
68757,90,94,-4,4
68758,78,78,0,0
68759,114,114,0,0
68760,160,145,15,15
68761,108,102,6,6
68762,93,92,1,1
68763,52,54,-2,2
68764,142,132,10,10
68765,151,152,-1,1
68766,118,117,1,1
68767,90,87,3,3
68768,103,91,12,12
68769,126,115,11,11
68770,121,115,6,6
68771,111,111,0,0
68772,87,84,3,3
68773,48,53,-5,5
68774,86,76,10,10
68775,60,93,-33,33
68776,162,137,25,25
68777,98,86,12,12
68778,134,123,11,11
68779,147,139,8,8
68780,113,112,1,1
68781,79,74,5,5
68782,76,71,5,5
68783,72,80,-8,8
68784,59,67,-8,8
68785,151,137,14,14
68786,114,106,8,8
68787,71,75,-4,4
68788,146,136,10,10
68789,83,80,3,3
68790,65,65,0,0
68791,60,59,1,1
68792,113,94,19,19
68793,146,129,17,17
68794,103,104,-1,1
68795,123,108,15,15
68796,59,65,-6,6
68797,158,134,24,24
68798,114,98,16,16
68799,133,117,16,16
68800,151,138,13,13
68801,41,34,7,7
68802,80,77,3,3
68803,71,68,3,3
68804,88,88,0,0
68805,94,102,-8,8
68806,41,53,-12,12
68807,129,138,-9,9
68808,126,116,10,10
68809,132,110,22,22
68810,38,48,-10,10
68811,81,83,-2,2
68812,97,94,3,3
68813,99,94,5,5
68814,159,147,12,12
68815,113,112,1,1
68816,42,54,-12,12
68817,176,154,22,22
68818,96,84,12,12
68819,122,117,5,5
68820,134,133,1,1
68821,63,66,-3,3
68822,81,79,2,2
68823,94,96,-2,2
68824,122,112,10,10
68825,99,87,12,12
68826,103,103,0,0
68827,77,95,-18,18
68828,90,96,-6,6
68829,139,119,20,20
68830,74,69,5,5
68831,83,81,2,2
68832,84,84,0,0
68833,108,97,11,11
68834,80,84,-4,4
68835,117,112,5,5
68836,81,77,4,4
68837,73,74,-1,1
68838,146,131,15,15
68839,83,85,-2,2
68840,71,69,2,2
68841,99,103,-4,4
68842,52,52,0,0
68843,97,102,-5,5
68844,80,75,5,5
68845,112,107,5,5
68846,57,69,-12,12
68847,105,100,5,5
68848,145,144,1,1
68849,104,90,14,14
68850,94,86,8,8
68851,109,108,1,1
68852,73,72,1,1
68853,54,58,-4,4
68854,99,92,7,7
68855,204,183,21,21
68856,42,48,-6,6
68857,40,34,6,6
68858,61,57,4,4
68859,98,96,2,2
68860,88,90,-2,2
68861,107,112,-5,5
68862,101,97,4,4
68863,156,142,14,14
68864,43,48,-5,5
68865,85,80,5,5
68866,130,116,14,14
68867,49,61,-12,12
68868,82,79,3,3
68869,105,100,5,5
68870,141,147,-6,6
68871,124,120,4,4
68872,149,157,-8,8
68873,61,58,3,3
68874,163,155,8,8
68875,94,95,-1,1
68876,64,74,-10,10
68877,129,137,-8,8
68878,71,74,-3,3
68879,95,98,-3,3
68880,106,108,-2,2
68881,103,83,20,20
68882,81,76,5,5
68883,89,79,10,10
68884,144,130,14,14
68885,64,70,-6,6
68886,37,116,-79,79
68887,87,79,8,8
68888,34,32,2,2
68889,94,93,1,1
68890,84,85,-1,1
68891,76,72,4,4
68892,79,75,4,4
68893,96,102,-6,6
68894,99,91,8,8
68895,102,98,4,4
68896,66,68,-2,2
68897,96,84,12,12
68898,75,76,-1,1
68899,98,88,10,10
68900,75,73,2,2
68901,106,97,9,9
68902,85,83,2,2
68903,104,113,-9,9
68904,83,88,-5,5
68905,92,91,1,1
68906,110,119,-9,9
68907,89,101,-12,12
68908,148,134,14,14
68909,105,99,6,6
68910,90,82,8,8
68911,42,58,-16,16
68912,102,98,4,4
68913,142,129,13,13
68914,122,115,7,7
68915,109,98,11,11
68916,101,102,-1,1
68917,89,96,-7,7
68918,118,114,4,4
68919,146,130,16,16
68920,100,101,-1,1
68921,99,92,7,7
68922,62,61,1,1
68923,84,76,8,8
68924,62,71,-9,9
68925,190,165,25,25
68926,105,108,-3,3
68927,101,96,5,5
68928,69,76,-7,7
68929,105,98,7,7
68930,135,127,8,8
68931,162,161,1,1
68932,96,94,2,2
68933,80,73,7,7
68934,83,86,-3,3
68935,133,124,9,9
68936,77,74,3,3
68937,130,120,10,10
68938,143,154,-11,11
68939,83,86,-3,3
68940,77,77,0,0
68941,148,136,12,12
68942,88,79,9,9
68943,47,34,13,13
68944,66,59,7,7
68945,54,68,-14,14
68946,97,91,6,6
68947,80,88,-8,8
68948,51,71,-20,20
68949,122,122,0,0
68950,134,116,18,18
68951,152,144,8,8
68952,96,98,-2,2
68953,75,78,-3,3
68954,143,135,8,8
68955,164,154,10,10
68956,99,96,3,3
68957,149,145,4,4
68958,126,114,12,12
68959,90,83,7,7
68960,102,100,2,2
68961,18,33,-15,15
68962,103,131,-28,28
68963,130,117,13,13
68964,67,73,-6,6
68965,69,67,2,2
68966,84,82,2,2
68967,122,121,1,1
68968,103,94,9,9
68969,65,61,4,4
68970,111,113,-2,2
68971,177,177,0,0
68972,64,65,-1,1
68973,159,153,6,6
68974,123,123,0,0
68975,67,69,-2,2
68976,138,140,-2,2
68977,88,95,-7,7
68978,94,103,-9,9
68979,114,102,12,12
68980,81,76,5,5
68981,68,67,1,1
68982,214,190,24,24
68983,145,123,22,22
68984,54,60,-6,6
68985,100,92,8,8
68986,146,136,10,10
68987,213,181,32,32
68988,106,112,-6,6
68989,57,51,6,6
68990,128,119,9,9
68991,97,94,3,3
68992,90,94,-4,4
68993,102,97,5,5
68994,153,131,22,22
68995,84,82,2,2
68996,27,31,-4,4
68997,51,49,2,2
68998,73,75,-2,2
68999,86,80,6,6
69000,77,73,4,4
69001,154,133,21,21
69002,107,99,8,8
69003,173,160,13,13
69004,80,80,0,0
69005,92,89,3,3
69006,86,84,2,2
69007,70,72,-2,2
69008,116,118,-2,2
69009,79,77,2,2
69010,101,97,4,4
69011,138,128,10,10
69012,125,107,18,18
69013,65,67,-2,2
69014,82,84,-2,2
69015,88,91,-3,3
69016,40,53,-13,13
69017,104,102,2,2
69018,111,105,6,6
69019,81,78,3,3
69020,67,77,-10,10
69021,91,96,-5,5
69022,135,128,7,7
69023,155,159,-4,4
69024,89,82,7,7
69025,58,69,-11,11
69026,137,123,14,14
69027,69,68,1,1
69028,84,84,0,0
69029,110,96,14,14
69030,68,91,-23,23
69031,126,109,17,17
69032,185,143,42,42
69033,64,58,6,6
69034,119,110,9,9
69035,133,123,10,10
69036,96,88,8,8
69037,54,58,-4,4
69038,90,86,4,4
69039,75,71,4,4
69040,123,122,1,1
69041,91,89,2,2
69042,114,109,5,5
69043,49,79,-30,30
69044,119,108,11,11
69045,78,72,6,6
69046,105,99,6,6
69047,113,109,4,4
69048,75,72,3,3
69049,162,151,11,11
69050,62,64,-2,2
69051,93,79,14,14
69052,67,65,2,2
69053,118,114,4,4
69054,76,75,1,1
69055,132,120,12,12
69056,43,34,9,9
69057,69,75,-6,6
69058,99,98,1,1
69059,81,76,5,5
69060,103,97,6,6
69061,87,79,8,8
69062,88,80,8,8
69063,92,89,3,3
69064,102,92,10,10
69065,53,57,-4,4
69066,80,77,3,3
69067,86,80,6,6
69068,107,105,2,2
69069,165,163,2,2
69070,43,41,2,2
69071,84,78,6,6
69072,129,121,8,8
69073,135,126,9,9
69074,32,64,-32,32
69075,49,63,-14,14
69076,91,90,1,1
69077,72,74,-2,2
69078,85,79,6,6
69079,75,80,-5,5
69080,95,112,-17,17
69081,132,121,11,11
69082,98,104,-6,6
69083,34,32,2,2
69084,114,107,7,7
69085,104,95,9,9
69086,111,98,13,13
69087,59,58,1,1
69088,38,44,-6,6
69089,45,43,2,2
69090,160,165,-5,5
69091,87,84,3,3
69092,78,84,-6,6
69093,180,143,37,37
69094,112,114,-2,2
69095,99,99,0,0
69096,77,80,-3,3
69097,64,80,-16,16
69098,93,79,14,14
69099,135,147,-12,12
69100,80,82,-2,2
69101,105,90,15,15
69102,93,91,2,2
69103,97,98,-1,1
69104,93,101,-8,8
69105,126,103,23,23
69106,100,94,6,6
69107,93,90,3,3
69108,116,112,4,4
69109,89,86,3,3
69110,72,86,-14,14
69111,158,136,22,22
69112,107,89,18,18
69113,57,61,-4,4
69114,95,99,-4,4
69115,199,178,21,21
69116,98,94,4,4
69117,50,50,0,0
69118,72,69,3,3
69119,86,80,6,6
69120,36,34,2,2
69121,77,67,10,10
69122,144,140,4,4
69123,101,115,-14,14
69124,141,136,5,5
69125,136,123,13,13
69126,81,76,5,5
69127,96,113,-17,17
69128,92,89,3,3
69129,37,42,-5,5
69130,117,114,3,3
69131,96,92,4,4
69132,120,133,-13,13
69133,58,63,-5,5
69134,147,121,26,26
69135,60,66,-6,6
69136,85,80,5,5
69137,71,68,3,3
69138,74,71,3,3
69139,98,96,2,2
69140,59,59,0,0
69141,77,78,-1,1
69142,77,80,-3,3
69143,76,77,-1,1
69144,52,59,-7,7
69145,116,109,7,7
69146,78,85,-7,7
69147,74,74,0,0
69148,124,116,8,8
69149,58,56,2,2
69150,86,81,5,5
69151,132,117,15,15
69152,108,95,13,13
69153,38,34,4,4
69154,138,134,4,4
69155,74,73,1,1
69156,73,75,-2,2
69157,95,82,13,13
69158,129,125,4,4
69159,102,94,8,8
69160,112,105,7,7
69161,141,133,8,8
69162,76,75,1,1
69163,142,133,9,9
69164,72,72,0,0
69165,163,150,13,13
69166,122,116,6,6
69167,44,34,10,10
69168,104,98,6,6
69169,72,83,-11,11
69170,60,59,1,1
69171,69,68,1,1
69172,113,102,11,11
69173,89,86,3,3
69174,42,39,3,3
69175,146,138,8,8
69176,147,121,26,26
69177,132,141,-9,9
69178,107,96,11,11
69179,77,82,-5,5
69180,102,98,4,4
69181,153,132,21,21
69182,56,73,-17,17
69183,105,106,-1,1
69184,129,122,7,7
69185,99,93,6,6
69186,55,59,-4,4
69187,102,108,-6,6
69188,102,93,9,9
69189,111,108,3,3
69190,123,122,1,1
69191,62,70,-8,8
69192,152,159,-7,7
69193,89,81,8,8
69194,94,86,8,8
69195,35,53,-18,18
69196,94,93,1,1
69197,110,112,-2,2
69198,175,166,9,9
69199,105,96,9,9
69200,42,47,-5,5
69201,152,137,15,15
69202,149,133,16,16
69203,207,178,29,29
69204,152,150,2,2
69205,88,94,-6,6
69206,94,91,3,3
69207,76,70,6,6
69208,84,83,1,1
69209,87,84,3,3
69210,59,45,14,14
69211,112,102,10,10
69212,110,98,12,12
69213,136,110,26,26
69214,81,91,-10,10
69215,177,153,24,24
69216,120,120,0,0
69217,86,85,1,1
69218,57,63,-6,6
69219,100,82,18,18
69220,134,124,10,10
69221,75,72,3,3
69222,88,85,3,3
69223,82,89,-7,7
69224,54,63,-9,9
69225,74,69,5,5
69226,50,54,-4,4
69227,125,112,13,13
69228,85,86,-1,1
69229,148,133,15,15
69230,88,87,1,1
69231,58,75,-17,17
69232,124,106,18,18
69233,129,123,6,6
69234,100,95,5,5
69235,76,76,0,0
69236,86,80,6,6
69237,57,71,-14,14
69238,84,85,-1,1
69239,103,93,10,10
69240,87,84,3,3
69241,114,112,2,2
69242,58,64,-6,6
69243,100,90,10,10
69244,92,86,6,6
69245,78,80,-2,2
69246,73,83,-10,10
69247,73,68,5,5
69248,106,104,2,2
69249,135,128,7,7
69250,95,106,-11,11
69251,75,78,-3,3
69252,116,119,-3,3
69253,58,58,0,0
69254,135,122,13,13
69255,75,76,-1,1
69256,51,58,-7,7
69257,69,69,0,0
69258,97,107,-10,10
69259,73,76,-3,3
69260,91,93,-2,2
69261,156,145,11,11
69262,67,73,-6,6
69263,77,75,2,2
69264,133,134,-1,1
69265,129,142,-13,13
69266,110,105,5,5
69267,121,129,-8,8
69268,150,139,11,11
69269,89,85,4,4
69270,71,71,0,0
69271,119,102,17,17
69272,70,78,-8,8
69273,121,123,-2,2
69274,116,115,1,1
69275,123,124,-1,1
69276,95,86,9,9
69277,70,67,3,3
69278,111,94,17,17
69279,113,101,12,12
69280,92,77,15,15
69281,52,61,-9,9
69282,114,107,7,7
69283,106,100,6,6
69284,102,114,-12,12
69285,72,80,-8,8
69286,134,116,18,18
69287,101,96,5,5
69288,134,117,17,17
69289,111,109,2,2
69290,99,95,4,4
69291,98,89,9,9
69292,94,93,1,1
69293,44,44,0,0
69294,92,92,0,0
69295,81,78,3,3
69296,74,75,-1,1
69297,51,47,4,4
69298,135,126,9,9
69299,34,34,0,0
69300,151,145,6,6
69301,64,66,-2,2
69302,105,107,-2,2
69303,117,99,18,18
69304,88,85,3,3
69305,100,99,1,1
69306,88,84,4,4
69307,84,85,-1,1
69308,189,175,14,14
69309,45,52,-7,7
69310,64,68,-4,4
69311,94,91,3,3
69312,199,176,23,23
69313,80,75,5,5
69314,105,107,-2,2
69315,112,101,11,11
69316,59,34,25,25
69317,54,61,-7,7
69318,123,112,11,11
69319,59,63,-4,4
69320,186,168,18,18
69321,110,105,5,5
69322,117,105,12,12
69323,82,81,1,1
69324,202,167,35,35
69325,129,111,18,18
69326,91,91,0,0
69327,131,109,22,22
69328,117,106,11,11
69329,82,75,7,7
69330,78,88,-10,10
69331,129,124,5,5
69332,46,34,12,12
69333,122,122,0,0
69334,124,110,14,14
69335,186,183,3,3
69336,103,98,5,5
69337,112,112,0,0
69338,135,135,0,0
69339,68,73,-5,5
69340,110,107,3,3
69341,57,60,-3,3
69342,144,133,11,11
69343,115,98,17,17
69344,143,132,11,11
69345,75,81,-6,6
69346,69,68,1,1
69347,140,121,19,19
69348,93,96,-3,3
69349,74,74,0,0
69350,165,157,8,8
69351,77,79,-2,2
69352,57,63,-6,6
69353,87,98,-11,11
69354,123,121,2,2
69355,78,84,-6,6
69356,120,118,2,2
69357,100,97,3,3
69358,112,110,2,2
69359,87,87,0,0
69360,98,82,16,16
69361,106,103,3,3
69362,91,94,-3,3
69363,107,102,5,5
69364,67,66,1,1
69365,125,119,6,6
69366,61,55,6,6
69367,96,98,-2,2
69368,73,73,0,0
69369,70,70,0,0
69370,89,81,8,8
69371,114,107,7,7
69372,74,76,-2,2
69373,133,113,20,20
69374,107,109,-2,2
69375,91,87,4,4
69376,83,76,7,7
69377,76,72,4,4
69378,75,80,-5,5
69379,83,77,6,6
69380,62,64,-2,2
69381,71,80,-9,9
69382,40,34,6,6
69383,131,118,13,13
69384,138,134,4,4
69385,43,47,-4,4
69386,76,81,-5,5
69387,128,147,-19,19
69388,62,63,-1,1
69389,128,117,11,11
69390,79,83,-4,4
69391,140,124,16,16
69392,94,99,-5,5
69393,96,94,2,2
69394,43,34,9,9
69395,159,143,16,16
69396,62,59,3,3
69397,131,120,11,11
69398,65,68,-3,3
69399,63,69,-6,6
69400,116,122,-6,6
69401,65,80,-15,15
69402,70,68,2,2
69403,56,61,-5,5
69404,95,92,3,3
69405,120,107,13,13
69406,93,96,-3,3
69407,92,88,4,4
69408,101,93,8,8
69409,106,104,2,2
69410,151,136,15,15
69411,98,92,6,6
69412,63,66,-3,3
69413,120,116,4,4
69414,93,88,5,5
69415,89,84,5,5
69416,47,46,1,1
69417,92,91,1,1
69418,95,86,9,9
69419,90,81,9,9
69420,116,103,13,13
69421,88,85,3,3
69422,107,110,-3,3
69423,168,172,-4,4
69424,49,45,4,4
69425,111,103,8,8
69426,76,80,-4,4
69427,89,85,4,4
69428,72,74,-2,2
69429,131,125,6,6
69430,61,75,-14,14
69431,106,95,11,11
69432,65,71,-6,6
69433,76,78,-2,2
69434,62,92,-30,30
69435,63,64,-1,1
69436,77,75,2,2
69437,120,105,15,15
69438,109,106,3,3
69439,93,89,4,4
69440,66,67,-1,1
69441,72,67,5,5
69442,94,85,9,9
69443,143,124,19,19
69444,75,78,-3,3
69445,99,96,3,3
69446,112,112,0,0
69447,66,68,-2,2
69448,72,67,5,5
69449,46,56,-10,10
69450,100,98,2,2
69451,89,80,9,9
69452,101,96,5,5
69453,63,62,1,1
69454,108,102,6,6
69455,89,92,-3,3
69456,101,92,9,9
69457,94,90,4,4
69458,73,75,-2,2
69459,148,120,28,28
69460,142,128,14,14
69461,92,87,5,5
69462,151,133,18,18
69463,119,112,7,7
69464,61,67,-6,6
69465,124,122,2,2
69466,46,55,-9,9
69467,67,77,-10,10
69468,46,65,-19,19
69469,81,77,4,4
69470,104,103,1,1
69471,47,49,-2,2
69472,88,86,2,2
69473,115,83,32,32
69474,92,106,-14,14
69475,100,84,16,16
69476,141,131,10,10
69477,107,101,6,6
69478,127,110,17,17
69479,117,121,-4,4
69480,72,72,0,0
69481,81,84,-3,3
69482,100,126,-26,26
69483,84,99,-15,15
69484,70,67,3,3
69485,152,138,14,14
69486,32,34,-2,2
69487,121,117,4,4
69488,69,70,-1,1
69489,63,67,-4,4
69490,76,77,-1,1
69491,81,85,-4,4
69492,106,99,7,7
69493,69,76,-7,7
69494,54,59,-5,5
69495,92,85,7,7
69496,61,66,-5,5
69497,141,124,17,17
69498,78,77,1,1
69499,124,138,-14,14
69500,94,91,3,3
69501,66,71,-5,5
69502,156,154,2,2
69503,80,98,-18,18
69504,84,85,-1,1
69505,161,153,8,8
69506,106,95,11,11
69507,98,97,1,1
69508,108,100,8,8
69509,109,98,11,11
69510,85,81,4,4
69511,74,82,-8,8
69512,74,75,-1,1
69513,88,98,-10,10
69514,128,117,11,11
69515,93,86,7,7
69516,140,131,9,9
69517,109,102,7,7
69518,58,58,0,0
69519,73,65,8,8
69520,86,85,1,1
69521,94,91,3,3
69522,332,313,19,19
69523,112,99,13,13
69524,48,45,3,3
69525,73,77,-4,4
69526,116,110,6,6
69527,105,90,15,15
69528,65,68,-3,3
69529,108,100,8,8
69530,83,93,-10,10
69531,81,86,-5,5
69532,155,156,-1,1
69533,110,97,13,13
69534,120,107,13,13
69535,92,83,9,9
69536,152,139,13,13
69537,131,131,0,0
69538,48,65,-17,17
69539,68,68,0,0
69540,74,71,3,3
69541,86,95,-9,9
69542,148,150,-2,2
69543,188,172,16,16
69544,79,86,-7,7
69545,125,116,9,9
69546,95,82,13,13
69547,63,62,1,1
69548,78,73,5,5
69549,116,115,1,1
69550,83,84,-1,1
69551,68,71,-3,3
69552,104,110,-6,6
69553,107,102,5,5
69554,93,85,8,8
69555,115,109,6,6
69556,105,83,22,22
69557,76,92,-16,16
69558,129,115,14,14
69559,53,51,2,2
69560,78,90,-12,12
69561,108,104,4,4
69562,39,34,5,5
69563,81,74,7,7
69564,122,121,1,1
69565,74,71,3,3
69566,63,66,-3,3
69567,115,106,9,9
69568,119,117,2,2
69569,130,121,9,9
69570,103,122,-19,19
69571,107,106,1,1
69572,69,77,-8,8
69573,130,115,15,15
69574,98,110,-12,12
69575,126,110,16,16
69576,119,102,17,17
69577,86,89,-3,3
69578,211,194,17,17
69579,82,82,0,0
69580,64,62,2,2
69581,96,76,20,20
69582,63,65,-2,2
69583,102,99,3,3
69584,119,119,0,0
69585,82,86,-4,4
69586,119,107,12,12
69587,64,65,-1,1
69588,48,42,6,6
69589,140,130,10,10
69590,112,103,9,9
69591,93,104,-11,11
69592,88,86,2,2
69593,93,91,2,2
69594,60,59,1,1
69595,66,70,-4,4
69596,48,50,-2,2
69597,101,91,10,10
69598,54,59,-5,5
69599,99,91,8,8
69600,81,80,1,1
69601,155,138,17,17
69602,80,71,9,9
69603,69,71,-2,2
69604,65,76,-11,11
69605,81,86,-5,5
69606,100,100,0,0
69607,89,95,-6,6
69608,86,88,-2,2
69609,107,109,-2,2
69610,61,66,-5,5
69611,59,57,2,2
69612,51,60,-9,9
69613,147,144,3,3
69614,127,110,17,17
69615,130,131,-1,1
69616,53,51,2,2
69617,117,94,23,23
69618,132,122,10,10
69619,119,112,7,7
69620,107,90,17,17
69621,79,89,-10,10
69622,157,149,8,8
69623,125,106,19,19
69624,60,65,-5,5
69625,79,72,7,7
69626,80,84,-4,4
69627,151,130,21,21
69628,109,98,11,11
69629,64,66,-2,2
69630,111,97,14,14
69631,44,55,-11,11
69632,95,81,14,14
69633,137,124,13,13
69634,121,99,22,22
69635,51,60,-9,9
69636,53,64,-11,11
69637,93,89,4,4
69638,91,91,0,0
69639,125,112,13,13
69640,59,63,-4,4
69641,63,63,0,0
69642,111,96,15,15
69643,117,115,2,2
69644,74,74,0,0
69645,117,115,2,2
69646,65,65,0,0
69647,100,88,12,12
69648,227,211,16,16
69649,145,162,-17,17
69650,82,85,-3,3
69651,93,77,16,16
69652,120,125,-5,5
69653,122,106,16,16
69654,121,110,11,11
69655,106,89,17,17
69656,95,95,0,0
69657,71,71,0,0
69658,64,75,-11,11
69659,103,100,3,3
69660,66,78,-12,12
69661,60,67,-7,7
69662,85,85,0,0
69663,110,106,4,4
69664,109,105,4,4
69665,80,91,-11,11
69666,80,70,10,10
69667,147,143,4,4
69668,107,109,-2,2
69669,61,63,-2,2
69670,163,155,8,8
69671,60,62,-2,2
69672,85,81,4,4
69673,152,150,2,2
69674,90,87,3,3
69675,81,77,4,4
69676,76,71,5,5
69677,95,88,7,7
69678,70,71,-1,1
69679,101,93,8,8
69680,65,63,2,2
69681,78,85,-7,7
69682,94,93,1,1
69683,69,70,-1,1
69684,161,154,7,7
69685,97,100,-3,3
69686,66,72,-6,6
69687,171,149,22,22
69688,93,82,11,11
69689,98,91,7,7
69690,101,100,1,1
69691,97,95,2,2
69692,74,77,-3,3
69693,88,76,12,12
69694,184,177,7,7
69695,74,79,-5,5
69696,65,74,-9,9
69697,193,173,20,20
69698,103,96,7,7
69699,57,64,-7,7
69700,113,128,-15,15
69701,145,161,-16,16
69702,60,66,-6,6
69703,128,134,-6,6
69704,89,89,0,0
69705,80,80,0,0
69706,79,72,7,7
69707,114,104,10,10
69708,200,183,17,17
69709,133,123,10,10
69710,114,103,11,11
69711,125,113,12,12
69712,82,80,2,2
69713,90,81,9,9
69714,95,90,5,5
69715,140,138,2,2
69716,96,99,-3,3
69717,186,169,17,17
69718,89,95,-6,6
69719,57,60,-3,3
69720,76,78,-2,2
69721,64,66,-2,2
69722,138,123,15,15
69723,97,92,5,5
69724,95,101,-6,6
69725,157,150,7,7
69726,76,71,5,5
69727,77,79,-2,2
69728,110,104,6,6
69729,191,164,27,27
69730,70,68,2,2
69731,100,108,-8,8
69732,98,99,-1,1
69733,64,71,-7,7
69734,106,99,7,7
69735,95,93,2,2
69736,70,78,-8,8
69737,132,112,20,20
69738,43,33,10,10
69739,177,159,18,18
69740,59,60,-1,1
69741,42,49,-7,7
69742,40,34,6,6
69743,82,34,48,48
69744,79,84,-5,5
69745,62,73,-11,11
69746,108,98,10,10
69747,103,109,-6,6
69748,92,87,5,5
69749,63,67,-4,4
69750,65,69,-4,4
69751,144,139,5,5
69752,92,87,5,5
69753,129,123,6,6
69754,137,134,3,3
69755,122,121,1,1
69756,48,66,-18,18
69757,85,70,15,15
69758,90,92,-2,2
69759,82,73,9,9
69760,112,100,12,12
69761,85,86,-1,1
69762,91,82,9,9
69763,78,80,-2,2
69764,69,71,-2,2
69765,121,106,15,15
69766,68,70,-2,2
69767,131,125,6,6
69768,89,86,3,3
69769,93,88,5,5
69770,54,49,5,5
69771,136,130,6,6
69772,35,69,-34,34
69773,178,154,24,24
69774,105,98,7,7
69775,145,140,5,5
69776,75,83,-8,8
69777,117,102,15,15
69778,63,63,0,0
69779,132,125,7,7
69780,100,97,3,3
69781,67,68,-1,1
69782,47,56,-9,9
69783,128,112,16,16
69784,119,120,-1,1
69785,119,115,4,4
69786,93,79,14,14
69787,121,117,4,4
69788,79,74,5,5
69789,166,149,17,17
69790,87,83,4,4
69791,85,86,-1,1
69792,80,81,-1,1
69793,68,70,-2,2
69794,131,130,1,1
69795,124,115,9,9
69796,146,145,1,1
69797,71,67,4,4
69798,89,97,-8,8
69799,60,66,-6,6
69800,64,65,-1,1
69801,63,70,-7,7
69802,61,64,-3,3
69803,119,99,20,20
69804,83,86,-3,3
69805,96,95,1,1
69806,116,129,-13,13
69807,122,113,9,9
69808,102,95,7,7
69809,85,85,0,0
69810,129,128,1,1
69811,109,96,13,13
69812,41,34,7,7
69813,95,98,-3,3
69814,131,106,25,25
69815,98,77,21,21
69816,105,93,12,12
69817,35,45,-10,10
69818,65,66,-1,1
69819,69,69,0,0
69820,72,69,3,3
69821,101,100,1,1
69822,86,84,2,2
69823,103,102,1,1
69824,110,96,14,14
69825,77,70,7,7
69826,98,73,25,25
69827,107,98,9,9
69828,72,77,-5,5
69829,109,105,4,4
69830,68,64,4,4
69831,64,62,2,2
69832,158,148,10,10
69833,112,115,-3,3
69834,71,81,-10,10
69835,119,111,8,8
69836,63,68,-5,5
69837,66,67,-1,1
69838,90,85,5,5
69839,114,114,0,0
69840,81,85,-4,4
69841,136,119,17,17
69842,92,86,6,6
69843,46,63,-17,17
69844,48,51,-3,3
69845,99,86,13,13
69846,63,68,-5,5
69847,113,109,4,4
69848,77,77,0,0
69849,95,105,-10,10
69850,95,91,4,4
69851,92,93,-1,1
69852,77,74,3,3
69853,108,104,4,4
69854,80,78,2,2
69855,106,102,4,4
69856,193,179,14,14
69857,138,119,19,19
69858,146,138,8,8
69859,146,143,3,3
69860,121,106,15,15
69861,134,115,19,19
69862,92,90,2,2
69863,109,102,7,7
69864,94,97,-3,3
69865,96,98,-2,2
69866,105,115,-10,10
69867,124,122,2,2
69868,101,92,9,9
69869,63,71,-8,8
69870,91,91,0,0
69871,75,83,-8,8
69872,89,95,-6,6
69873,134,126,8,8
69874,130,118,12,12
69875,71,83,-12,12
69876,152,146,6,6
69877,79,67,12,12
69878,82,72,10,10
69879,80,81,-1,1
69880,51,57,-6,6
69881,134,125,9,9
69882,120,103,17,17
69883,88,84,4,4
69884,66,74,-8,8
69885,40,49,-9,9
69886,81,73,8,8
69887,125,111,14,14
69888,57,60,-3,3
69889,127,115,12,12
69890,70,66,4,4
69891,144,99,45,45
69892,100,105,-5,5
69893,190,166,24,24
69894,79,79,0,0
69895,95,72,23,23
69896,86,74,12,12
69897,75,64,11,11
69898,108,98,10,10
69899,74,74,0,0
69900,110,115,-5,5
69901,121,109,12,12
69902,75,76,-1,1
69903,193,164,29,29
69904,102,93,9,9
69905,83,85,-2,2
69906,161,154,7,7
69907,43,53,-10,10
69908,157,170,-13,13
69909,152,153,-1,1
69910,166,150,16,16
69911,61,62,-1,1
69912,123,113,10,10
69913,77,68,9,9
69914,76,70,6,6
69915,103,105,-2,2
69916,73,70,3,3
69917,94,98,-4,4
69918,71,76,-5,5
69919,69,83,-14,14
69920,46,42,4,4
69921,59,60,-1,1
69922,109,97,12,12
69923,166,164,2,2
69924,65,65,0,0
69925,97,90,7,7
69926,170,152,18,18
69927,76,79,-3,3
69928,79,79,0,0
69929,84,90,-6,6
69930,36,33,3,3
69931,149,141,8,8
69932,61,60,1,1
69933,109,104,5,5
69934,160,136,24,24
69935,96,89,7,7
69936,139,136,3,3
69937,59,62,-3,3
69938,52,38,14,14
69939,148,130,18,18
69940,90,74,16,16
69941,68,62,6,6
69942,60,65,-5,5
69943,110,105,5,5
69944,80,95,-15,15
69945,37,34,3,3
69946,75,84,-9,9
69947,62,70,-8,8
69948,66,68,-2,2
69949,99,102,-3,3
69950,105,97,8,8
69951,165,144,21,21
69952,164,152,12,12
69953,93,91,2,2
69954,58,76,-18,18
69955,93,90,3,3
69956,37,34,3,3
69957,68,73,-5,5
69958,122,120,2,2
69959,36,33,3,3
69960,109,105,4,4
69961,111,101,10,10
69962,39,34,5,5
69963,139,129,10,10
69964,109,108,1,1
69965,169,159,10,10
69966,138,130,8,8
69967,104,118,-14,14
69968,170,173,-3,3
69969,66,67,-1,1
69970,154,145,9,9
69971,46,55,-9,9
69972,136,116,20,20
69973,81,78,3,3
69974,390,343,47,47
69975,88,84,4,4
69976,66,75,-9,9
69977,69,70,-1,1
69978,48,57,-9,9
69979,136,121,15,15
69980,85,84,1,1
69981,73,72,1,1
69982,128,132,-4,4
69983,90,97,-7,7
69984,105,102,3,3
69985,127,117,10,10
69986,102,100,2,2
69987,111,102,9,9
69988,110,95,15,15
69989,92,87,5,5
69990,66,101,-35,35
69991,103,97,6,6
69992,111,99,12,12
69993,120,114,6,6
69994,96,96,0,0
69995,141,131,10,10
69996,89,98,-9,9
69997,66,68,-2,2
69998,95,84,11,11
69999,83,88,-5,5
70000,62,62,0,0
70001,136,133,3,3
70002,99,96,3,3
70003,78,73,5,5
70004,79,86,-7,7
70005,86,79,7,7
70006,70,69,1,1
70007,128,124,4,4
70008,100,82,18,18
70009,116,99,17,17
70010,165,171,-6,6
70011,125,118,7,7
70012,63,71,-8,8
70013,93,99,-6,6
70014,135,119,16,16
70015,61,60,1,1
70016,55,68,-13,13
70017,95,87,8,8
70018,98,97,1,1
70019,54,58,-4,4
70020,85,87,-2,2
70021,96,84,12,12
70022,132,114,18,18
70023,81,86,-5,5
70024,57,63,-6,6
70025,71,68,3,3
70026,92,89,3,3
70027,99,85,14,14
70028,87,84,3,3
70029,116,96,20,20
70030,46,54,-8,8
70031,29,26,3,3
70032,163,164,-1,1
70033,110,99,11,11
70034,68,69,-1,1
70035,62,62,0,0
70036,60,56,4,4
70037,91,95,-4,4
70038,35,33,2,2
70039,61,68,-7,7
70040,101,89,12,12
70041,135,125,10,10
70042,169,162,7,7
70043,122,108,14,14
70044,182,167,15,15
70045,86,92,-6,6
70046,121,110,11,11
70047,65,63,2,2
70048,84,79,5,5
70049,98,87,11,11
70050,61,67,-6,6
70051,71,74,-3,3
70052,54,61,-7,7
70053,130,113,17,17
70054,47,53,-6,6
70055,78,75,3,3
70056,83,74,9,9
70057,119,103,16,16
70058,86,77,9,9
70059,92,92,0,0
70060,76,74,2,2
70061,80,85,-5,5
70062,103,91,12,12
70063,113,106,7,7
70064,79,84,-5,5
70065,68,69,-1,1
70066,115,107,8,8
70067,62,69,-7,7
70068,107,115,-8,8
70069,115,103,12,12
70070,138,132,6,6
70071,115,117,-2,2
70072,117,102,15,15
70073,92,137,-45,45
70074,122,109,13,13
70075,54,59,-5,5
70076,76,78,-2,2
70077,96,91,5,5
70078,57,63,-6,6
70079,108,105,3,3
70080,104,103,1,1
70081,107,104,3,3
70082,66,62,4,4
70083,57,63,-6,6
70084,72,71,1,1
70085,63,92,-29,29
70086,119,118,1,1
70087,123,110,13,13
70088,86,84,2,2
70089,121,100,21,21
70090,72,66,6,6
70091,70,71,-1,1
70092,84,75,9,9
70093,72,76,-4,4
70094,61,60,1,1
70095,128,110,18,18
70096,90,93,-3,3
70097,138,147,-9,9
70098,80,78,2,2
70099,134,101,33,33
70100,135,131,4,4
70101,108,101,7,7
70102,114,102,12,12
70103,87,81,6,6
70104,29,47,-18,18
70105,84,83,1,1
70106,139,131,8,8
70107,126,110,16,16
70108,61,60,1,1
70109,22,28,-6,6
70110,61,72,-11,11
70111,74,82,-8,8
70112,120,111,9,9
70113,69,69,0,0
70114,61,69,-8,8
70115,88,88,0,0
70116,102,104,-2,2
70117,107,103,4,4
70118,103,97,6,6
70119,89,93,-4,4
70120,134,132,2,2
70121,52,61,-9,9
70122,63,89,-26,26
70123,116,103,13,13
70124,123,123,0,0
70125,101,93,8,8
70126,58,62,-4,4
70127,95,93,2,2
70128,66,66,0,0
70129,69,67,2,2
70130,107,99,8,8
70131,118,124,-6,6
70132,155,134,21,21
70133,75,74,1,1
70134,103,92,11,11
70135,81,75,6,6
70136,94,91,3,3
70137,64,64,0,0
70138,135,125,10,10
70139,116,130,-14,14
70140,213,181,32,32
70141,87,86,1,1
70142,109,121,-12,12
70143,149,140,9,9
70144,81,91,-10,10
70145,78,76,2,2
70146,62,63,-1,1
70147,73,75,-2,2
70148,68,62,6,6
70149,103,77,26,26
70150,121,103,18,18
70151,165,147,18,18
70152,105,98,7,7
70153,71,65,6,6
70154,139,139,0,0
70155,75,99,-24,24
70156,146,150,-4,4
70157,88,90,-2,2
70158,184,177,7,7
70159,122,107,15,15
70160,50,65,-15,15
70161,98,93,5,5
70162,28,60,-32,32
70163,68,63,5,5
70164,34,33,1,1
70165,88,77,11,11
70166,87,92,-5,5
70167,91,85,6,6
70168,97,92,5,5
70169,93,76,17,17
70170,46,46,0,0
70171,63,63,0,0
70172,54,61,-7,7
70173,68,73,-5,5
70174,100,111,-11,11
70175,51,51,0,0
70176,92,94,-2,2
70177,111,107,4,4
70178,66,60,6,6
70179,60,71,-11,11
70180,66,66,0,0
70181,130,108,22,22
70182,125,108,17,17
70183,134,130,4,4
70184,139,133,6,6
70185,105,109,-4,4
70186,70,72,-2,2
70187,106,97,9,9
70188,146,128,18,18
70189,144,142,2,2
70190,108,122,-14,14
70191,77,78,-1,1
70192,99,90,9,9
70193,79,79,0,0
70194,65,68,-3,3
70195,65,77,-12,12
70196,89,98,-9,9
70197,128,110,18,18
70198,95,115,-20,20
70199,131,136,-5,5
70200,48,45,3,3
70201,127,110,17,17
70202,102,101,1,1
70203,127,117,10,10
70204,53,59,-6,6
70205,148,128,20,20
70206,173,154,19,19
70207,110,104,6,6
70208,61,66,-5,5
70209,65,68,-3,3
70210,83,77,6,6
70211,125,121,4,4
70212,94,90,4,4
70213,82,78,4,4
70214,95,89,6,6
70215,48,55,-7,7
70216,112,109,3,3
70217,74,73,1,1
70218,114,102,12,12
70219,64,70,-6,6
70220,109,100,9,9
70221,163,148,15,15
70222,136,129,7,7
70223,218,188,30,30
70224,114,103,11,11
70225,152,141,11,11
70226,115,114,1,1
70227,70,74,-4,4
70228,76,74,2,2
70229,101,98,3,3
70230,122,109,13,13
70231,95,86,9,9
70232,112,138,-26,26
70233,114,112,2,2
70234,93,91,2,2
70235,56,71,-15,15
70236,110,114,-4,4
70237,97,93,4,4
70238,86,94,-8,8
70239,87,83,4,4
70240,55,66,-11,11
70241,183,189,-6,6
70242,99,99,0,0
70243,102,98,4,4
70244,113,107,6,6
70245,95,91,4,4
70246,191,166,25,25
70247,82,85,-3,3
70248,55,54,1,1
70249,60,63,-3,3
70250,81,74,7,7
70251,87,85,2,2
70252,142,138,4,4
70253,97,85,12,12
70254,116,99,17,17
70255,73,72,1,1
70256,87,90,-3,3
70257,102,91,11,11
70258,57,62,-5,5
70259,56,62,-6,6
70260,193,159,34,34
70261,99,97,2,2
70262,61,68,-7,7
70263,90,84,6,6
70264,129,131,-2,2
70265,86,85,1,1
70266,68,75,-7,7
70267,106,94,12,12
70268,101,108,-7,7
70269,139,126,13,13
70270,97,101,-4,4
70271,79,85,-6,6
70272,54,62,-8,8
70273,47,55,-8,8
70274,119,106,13,13
70275,93,91,2,2
70276,70,69,1,1
70277,109,103,6,6
70278,55,69,-14,14
70279,127,129,-2,2
70280,76,77,-1,1
70281,35,34,1,1
70282,66,66,0,0
70283,72,72,0,0
70284,91,97,-6,6
70285,128,131,-3,3
70286,123,118,5,5
70287,129,122,7,7
70288,106,96,10,10
70289,84,88,-4,4
70290,99,85,14,14
70291,59,57,2,2
70292,54,63,-9,9
70293,120,112,8,8
70294,188,167,21,21
70295,83,80,3,3
70296,146,126,20,20
70297,69,70,-1,1
70298,58,60,-2,2
70299,173,144,29,29
70300,131,115,16,16
70301,150,136,14,14
70302,115,107,8,8
70303,107,95,12,12
70304,131,130,1,1
70305,101,98,3,3
70306,105,91,14,14
70307,104,101,3,3
70308,138,122,16,16
70309,62,63,-1,1
70310,88,91,-3,3
70311,44,41,3,3
70312,116,114,2,2
70313,84,78,6,6
70314,80,98,-18,18
70315,112,109,3,3
70316,85,79,6,6
70317,82,76,6,6
70318,101,101,0,0
70319,123,114,9,9
70320,137,123,14,14
70321,112,97,15,15
70322,72,75,-3,3
70323,100,92,8,8
70324,106,96,10,10
70325,64,55,9,9
70326,115,102,13,13
70327,44,50,-6,6
70328,112,107,5,5
70329,113,102,11,11
70330,203,175,28,28
70331,113,102,11,11
70332,154,147,7,7
70333,88,92,-4,4
70334,88,97,-9,9
70335,56,61,-5,5
70336,116,112,4,4
70337,104,100,4,4
70338,96,91,5,5
70339,99,96,3,3
70340,98,103,-5,5
70341,128,131,-3,3
70342,79,75,4,4
70343,97,103,-6,6
70344,68,74,-6,6
70345,93,79,14,14
70346,99,95,4,4
70347,68,71,-3,3
70348,83,79,4,4
70349,85,86,-1,1
70350,89,93,-4,4
70351,95,90,5,5
70352,133,127,6,6
70353,86,85,1,1
70354,94,90,4,4
70355,63,72,-9,9
70356,134,124,10,10
70357,79,83,-4,4
70358,55,56,-1,1
70359,82,84,-2,2
70360,60,68,-8,8
70361,63,72,-9,9
70362,179,157,22,22
70363,127,123,4,4
70364,65,63,2,2
70365,101,99,2,2
70366,112,102,10,10
70367,66,70,-4,4
70368,104,98,6,6
70369,80,96,-16,16
70370,84,75,9,9
70371,57,62,-5,5
70372,55,57,-2,2
70373,134,127,7,7
70374,125,114,11,11
70375,83,80,3,3
70376,66,67,-1,1
70377,59,79,-20,20
70378,117,114,3,3
70379,103,119,-16,16
70380,101,91,10,10
70381,128,124,4,4
70382,92,93,-1,1
70383,167,149,18,18
70384,79,78,1,1
70385,121,111,10,10
70386,85,77,8,8
70387,80,66,14,14
70388,26,31,-5,5
70389,52,58,-6,6
70390,58,70,-12,12
70391,137,129,8,8
70392,48,52,-4,4
70393,138,127,11,11
70394,81,67,14,14
70395,132,125,7,7
70396,111,103,8,8
70397,115,113,2,2
70398,129,123,6,6
70399,125,122,3,3
70400,138,158,-20,20
70401,51,60,-9,9
70402,131,137,-6,6
70403,164,163,1,1
70404,107,92,15,15
70405,102,98,4,4
70406,66,69,-3,3
70407,59,62,-3,3
70408,60,59,1,1
70409,145,136,9,9
70410,143,132,11,11
70411,121,119,2,2
70412,98,101,-3,3
70413,107,88,19,19
70414,69,68,1,1
70415,154,151,3,3
70416,93,95,-2,2
70417,93,93,0,0
70418,41,34,7,7
70419,103,103,0,0
70420,81,80,1,1
70421,105,93,12,12
70422,60,59,1,1
70423,90,95,-5,5
70424,76,73,3,3
70425,98,95,3,3
70426,70,70,0,0
70427,49,59,-10,10
70428,113,105,8,8
70429,45,62,-17,17
70430,109,99,10,10
70431,53,60,-7,7
70432,98,84,14,14
70433,70,67,3,3
70434,91,86,5,5
70435,126,113,13,13
70436,68,60,8,8
70437,54,74,-20,20
70438,99,88,11,11
70439,85,85,0,0
70440,85,79,6,6
70441,93,91,2,2
70442,69,69,0,0
70443,59,60,-1,1
70444,47,59,-12,12
70445,83,83,0,0
70446,103,104,-1,1
70447,93,83,10,10
70448,125,130,-5,5
70449,97,93,4,4
70450,103,104,-1,1
70451,79,78,1,1
70452,103,112,-9,9
70453,132,118,14,14
70454,165,161,4,4
70455,132,124,8,8
70456,88,84,4,4
70457,92,86,6,6
70458,75,73,2,2
70459,108,94,14,14
70460,98,92,6,6
70461,133,148,-15,15
70462,75,68,7,7
70463,187,176,11,11
70464,123,114,9,9
70465,63,81,-18,18
70466,92,99,-7,7
70467,117,111,6,6
70468,98,87,11,11
70469,247,207,40,40
70470,98,97,1,1
70471,102,86,16,16
70472,66,73,-7,7
70473,62,59,3,3
70474,84,83,1,1
70475,52,50,2,2
70476,107,99,8,8
70477,155,140,15,15
70478,118,113,5,5
70479,150,146,4,4
70480,112,104,8,8
70481,106,103,3,3
70482,61,62,-1,1
70483,101,99,2,2
70484,80,68,12,12
70485,65,80,-15,15
70486,86,82,4,4
70487,74,68,6,6
70488,163,140,23,23
70489,100,100,0,0
70490,44,44,0,0
70491,86,74,12,12
70492,119,110,9,9
70493,80,75,5,5
70494,57,67,-10,10
70495,136,110,26,26
70496,113,112,1,1
70497,75,75,0,0
70498,41,50,-9,9
70499,125,134,-9,9
70500,77,75,2,2
70501,97,90,7,7
70502,159,154,5,5
70503,43,37,6,6
70504,47,51,-4,4
70505,53,59,-6,6
70506,141,122,19,19
70507,79,80,-1,1
70508,74,73,1,1
70509,117,110,7,7
70510,39,47,-8,8
70511,74,80,-6,6
70512,131,127,4,4
70513,95,93,2,2
70514,152,132,20,20
70515,80,83,-3,3
70516,125,105,20,20
70517,114,113,1,1
70518,113,105,8,8
70519,58,68,-10,10
70520,98,88,10,10
70521,135,121,14,14
70522,88,95,-7,7
70523,147,141,6,6
70524,83,79,4,4
70525,145,137,8,8
70526,144,141,3,3
70527,142,125,17,17
70528,65,68,-3,3
70529,59,65,-6,6
70530,116,110,6,6
70531,51,59,-8,8
70532,48,52,-4,4
70533,113,115,-2,2
70534,87,70,17,17
70535,72,77,-5,5
70536,100,94,6,6
70537,66,68,-2,2
70538,106,107,-1,1
70539,128,111,17,17
70540,71,67,4,4
70541,69,76,-7,7
70542,117,127,-10,10
70543,125,120,5,5
70544,105,97,8,8
70545,43,37,6,6
70546,154,150,4,4
70547,77,78,-1,1
70548,104,101,3,3
70549,112,104,8,8
70550,84,81,3,3
70551,69,69,0,0
70552,135,119,16,16
70553,130,113,17,17
70554,117,119,-2,2
70555,47,60,-13,13
70556,114,111,3,3
70557,100,104,-4,4
70558,129,128,1,1
70559,59,63,-4,4
70560,159,147,12,12
70561,61,56,5,5
70562,51,60,-9,9
70563,92,92,0,0
70564,73,74,-1,1
70565,98,80,18,18
70566,117,110,7,7
70567,100,107,-7,7
70568,54,71,-17,17
70569,76,71,5,5
70570,132,126,6,6
70571,178,131,47,47
70572,91,91,0,0
70573,127,112,15,15
70574,75,71,4,4
70575,70,71,-1,1
70576,124,116,8,8
70577,125,123,2,2
70578,80,81,-1,1
70579,59,63,-4,4
70580,82,89,-7,7
70581,130,124,6,6
70582,82,86,-4,4
70583,93,82,11,11
70584,82,84,-2,2
70585,160,145,15,15
70586,83,78,5,5
70587,128,111,17,17
70588,123,107,16,16
70589,98,90,8,8
70590,104,93,11,11
70591,109,99,10,10
70592,48,46,2,2
70593,62,62,0,0
70594,63,60,3,3
70595,63,66,-3,3
70596,115,102,13,13
70597,94,88,6,6
70598,94,93,1,1
70599,91,86,5,5
70600,141,141,0,0
70601,162,149,13,13
70602,91,92,-1,1
70603,88,88,0,0
70604,117,123,-6,6
70605,52,55,-3,3
70606,57,61,-4,4
70607,106,87,19,19
70608,77,84,-7,7
70609,58,62,-4,4
70610,85,77,8,8
70611,110,100,10,10
70612,74,82,-8,8
70613,97,86,11,11
70614,58,64,-6,6
70615,92,93,-1,1
70616,97,95,2,2
70617,73,73,0,0
70618,89,91,-2,2
70619,108,98,10,10
70620,129,117,12,12
70621,83,77,6,6
70622,97,89,8,8
70623,88,85,3,3
70624,88,80,8,8
70625,74,76,-2,2
70626,103,103,0,0
70627,93,84,9,9
70628,39,34,5,5
70629,168,148,20,20
70630,102,89,13,13
70631,77,80,-3,3
70632,209,205,4,4
70633,88,84,4,4
70634,88,91,-3,3
70635,95,96,-1,1
70636,113,101,12,12
70637,109,108,1,1
70638,93,93,0,0
70639,167,147,20,20
70640,55,74,-19,19
70641,115,112,3,3
70642,101,101,0,0
70643,52,64,-12,12
70644,155,150,5,5
70645,47,58,-11,11
70646,123,120,3,3
70647,71,69,2,2
70648,109,108,1,1
70649,63,70,-7,7
70650,132,142,-10,10
70651,74,76,-2,2
70652,89,96,-7,7
70653,131,122,9,9
70654,71,74,-3,3
70655,100,86,14,14
70656,76,88,-12,12
70657,67,68,-1,1
70658,121,105,16,16
70659,45,61,-16,16
70660,79,69,10,10
70661,145,138,7,7
70662,242,210,32,32
70663,64,67,-3,3
70664,146,129,17,17
70665,80,76,4,4
70666,135,134,1,1
70667,94,85,9,9
70668,88,81,7,7
70669,119,120,-1,1
70670,129,117,12,12
70671,86,84,2,2
70672,60,57,3,3
70673,148,149,-1,1
70674,43,59,-16,16
70675,41,42,-1,1
70676,272,237,35,35
70677,116,93,23,23
70678,86,81,5,5
70679,69,74,-5,5
70680,51,56,-5,5
70681,80,80,0,0
70682,83,78,5,5
70683,108,104,4,4
70684,66,65,1,1
70685,178,179,-1,1
70686,138,133,5,5
70687,124,105,19,19
70688,58,58,0,0
70689,93,92,1,1
70690,135,122,13,13
70691,98,80,18,18
70692,91,81,10,10
70693,83,75,8,8
70694,192,175,17,17
70695,119,101,18,18
70696,44,57,-13,13
70697,83,85,-2,2
70698,75,78,-3,3
70699,216,200,16,16
70700,178,165,13,13
70701,81,80,1,1
70702,56,68,-12,12
70703,85,84,1,1
70704,87,84,3,3
70705,77,76,1,1
70706,73,75,-2,2
70707,122,117,5,5
70708,169,143,26,26
70709,155,137,18,18
70710,111,108,3,3
70711,37,34,3,3
70712,116,112,4,4
70713,107,102,5,5
70714,63,69,-6,6
70715,97,89,8,8
70716,108,94,14,14
70717,94,93,1,1
70718,56,61,-5,5
70719,49,44,5,5
70720,87,89,-2,2
70721,110,106,4,4
70722,89,92,-3,3
70723,87,78,9,9
70724,127,122,5,5
70725,82,80,2,2
70726,58,59,-1,1
70727,69,72,-3,3
70728,66,65,1,1
70729,62,79,-17,17
70730,80,83,-3,3
70731,62,66,-4,4
70732,46,46,0,0
70733,48,69,-21,21
70734,77,71,6,6
70735,99,110,-11,11
70736,98,96,2,2
70737,87,85,2,2
70738,63,70,-7,7
70739,114,114,0,0
70740,121,124,-3,3
70741,70,73,-3,3
70742,118,103,15,15
70743,116,111,5,5
70744,89,93,-4,4
70745,100,94,6,6
70746,249,235,14,14
70747,202,178,24,24
70748,152,140,12,12
70749,140,131,9,9
70750,162,145,17,17
70751,90,86,4,4
70752,132,113,19,19
70753,79,70,9,9
70754,73,71,2,2
70755,115,103,12,12
70756,188,171,17,17
70757,72,71,1,1
70758,112,109,3,3
70759,131,120,11,11
70760,128,124,4,4
70761,125,119,6,6
70762,133,119,14,14
70763,159,142,17,17
70764,96,95,1,1
70765,85,85,0,0
70766,103,97,6,6
70767,74,71,3,3
70768,139,133,6,6
70769,114,107,7,7
70770,35,34,1,1
70771,56,60,-4,4
70772,85,88,-3,3
70773,111,95,16,16
70774,107,103,4,4
70775,138,134,4,4
70776,79,75,4,4
70777,89,86,3,3
70778,97,88,9,9
70779,88,80,8,8
70780,77,83,-6,6
70781,83,77,6,6
70782,138,132,6,6
70783,109,105,4,4
70784,58,67,-9,9
70785,65,69,-4,4
70786,97,96,1,1
70787,95,94,1,1
70788,93,87,6,6
70789,80,85,-5,5
70790,88,78,10,10
70791,104,104,0,0
70792,72,75,-3,3
70793,75,70,5,5
70794,88,86,2,2
70795,104,108,-4,4
70796,70,70,0,0
70797,83,85,-2,2
70798,108,95,13,13
70799,84,78,6,6
70800,91,94,-3,3
70801,115,110,5,5
70802,80,84,-4,4
70803,122,121,1,1
70804,116,112,4,4
70805,119,110,9,9
70806,105,98,7,7
70807,80,83,-3,3
70808,63,82,-19,19
70809,108,111,-3,3
70810,73,72,1,1
70811,116,114,2,2
70812,101,88,13,13
70813,78,79,-1,1
70814,137,134,3,3
70815,94,96,-2,2
70816,63,60,3,3
70817,122,129,-7,7
70818,145,130,15,15
70819,110,97,13,13
70820,86,79,7,7
70821,160,146,14,14
70822,149,133,16,16
70823,93,86,7,7
70824,77,71,6,6
70825,43,53,-10,10
70826,85,90,-5,5
70827,85,77,8,8
70828,71,70,1,1
70829,68,74,-6,6
70830,85,85,0,0
70831,74,83,-9,9
70832,152,157,-5,5
70833,161,141,20,20
70834,130,129,1,1
70835,83,78,5,5
70836,102,101,1,1
70837,96,101,-5,5
70838,111,110,1,1
70839,41,34,7,7
70840,54,63,-9,9
70841,119,109,10,10
70842,89,76,13,13
70843,105,93,12,12
70844,163,149,14,14
70845,102,97,5,5
70846,90,86,4,4
70847,52,66,-14,14
70848,61,63,-2,2
70849,84,92,-8,8
70850,87,88,-1,1
70851,56,70,-14,14
70852,86,94,-8,8
70853,153,138,15,15
70854,130,116,14,14
70855,171,153,18,18
70856,81,81,0,0
70857,76,73,3,3
70858,82,88,-6,6
70859,114,115,-1,1
70860,103,102,1,1
70861,98,95,3,3
70862,130,123,7,7
70863,145,121,24,24
70864,66,80,-14,14
70865,136,113,23,23
70866,96,101,-5,5
70867,35,45,-10,10
70868,77,74,3,3
70869,108,102,6,6
70870,91,100,-9,9
70871,68,73,-5,5
70872,114,111,3,3
70873,38,34,4,4
70874,123,103,20,20
70875,81,81,0,0
70876,96,86,10,10
70877,89,88,1,1
70878,129,140,-11,11
70879,93,89,4,4
70880,57,60,-3,3
70881,81,75,6,6
70882,137,124,13,13
70883,83,76,7,7
70884,97,93,4,4
70885,100,96,4,4
70886,83,85,-2,2
70887,94,85,9,9
70888,87,95,-8,8
70889,154,144,10,10
70890,126,113,13,13
70891,74,73,1,1
70892,87,90,-3,3
70893,62,72,-10,10
70894,61,63,-2,2
70895,94,82,12,12
70896,91,83,8,8
70897,67,68,-1,1
70898,87,80,7,7
70899,58,65,-7,7
70900,126,114,12,12
70901,102,92,10,10
70902,97,97,0,0
70903,60,64,-4,4
70904,84,84,0,0
70905,168,126,42,42
70906,89,86,3,3
70907,60,61,-1,1
70908,99,99,0,0
70909,119,105,14,14
70910,90,86,4,4
70911,150,145,5,5
70912,95,93,2,2
70913,79,78,1,1
70914,45,45,0,0
70915,101,93,8,8
70916,123,111,12,12
70917,145,138,7,7
70918,56,62,-6,6
70919,83,83,0,0
70920,48,54,-6,6
70921,65,66,-1,1
70922,102,103,-1,1
70923,75,74,1,1
70924,194,200,-6,6
70925,55,62,-7,7
70926,61,63,-2,2
70927,97,92,5,5
70928,123,122,1,1
70929,47,56,-9,9
70930,99,111,-12,12
70931,88,85,3,3
70932,65,66,-1,1
70933,71,71,0,0
70934,140,128,12,12
70935,113,106,7,7
70936,70,72,-2,2
70937,123,118,5,5
70938,113,99,14,14
70939,170,146,24,24
70940,101,102,-1,1
70941,113,102,11,11
70942,102,94,8,8
70943,74,76,-2,2
70944,73,81,-8,8
70945,90,94,-4,4
70946,62,62,0,0
70947,104,116,-12,12
70948,119,110,9,9
70949,71,67,4,4
70950,129,133,-4,4
70951,48,57,-9,9
70952,149,149,0,0
70953,63,66,-3,3
70954,115,107,8,8
70955,110,107,3,3
70956,93,116,-23,23
70957,100,98,2,2
70958,90,90,0,0
70959,46,56,-10,10
70960,126,117,9,9
70961,99,94,5,5
70962,65,65,0,0
70963,77,76,1,1
70964,70,64,6,6
70965,82,91,-9,9
70966,91,91,0,0
70967,142,127,15,15
70968,73,70,3,3
70969,146,132,14,14
70970,106,100,6,6
70971,185,176,9,9
70972,72,72,0,0
70973,119,106,13,13
70974,56,62,-6,6
70975,110,101,9,9
70976,94,90,4,4
70977,79,85,-6,6
70978,50,51,-1,1
70979,86,84,2,2
70980,73,71,2,2
70981,81,78,3,3
70982,68,73,-5,5
70983,69,74,-5,5
70984,135,118,17,17
70985,162,125,37,37
70986,107,99,8,8
70987,74,75,-1,1
70988,61,67,-6,6
70989,101,92,9,9
70990,70,67,3,3
70991,101,120,-19,19
70992,61,67,-6,6
70993,103,98,5,5
70994,47,105,-58,58
70995,87,85,2,2
70996,73,74,-1,1
70997,100,85,15,15
70998,97,87,10,10
70999,75,78,-3,3
71000,77,76,1,1
71001,59,59,0,0
71002,136,133,3,3
71003,44,46,-2,2
71004,149,132,17,17
71005,85,87,-2,2
71006,132,125,7,7
71007,54,60,-6,6
71008,98,92,6,6
71009,102,105,-3,3
71010,122,115,7,7
71011,70,67,3,3
71012,121,113,8,8
71013,86,85,1,1
71014,99,94,5,5
71015,71,69,2,2
71016,113,108,5,5
71017,100,96,4,4
71018,61,61,0,0
71019,69,74,-5,5
71020,103,110,-7,7
71021,122,134,-12,12
71022,90,80,10,10
71023,113,97,16,16
71024,99,103,-4,4
71025,100,87,13,13
71026,77,80,-3,3
71027,84,78,6,6
71028,101,94,7,7
71029,86,84,2,2
71030,43,44,-1,1
71031,73,76,-3,3
71032,128,119,9,9
71033,81,71,10,10
71034,67,61,6,6
71035,137,128,9,9
71036,77,75,2,2
71037,52,60,-8,8
71038,103,107,-4,4
71039,107,103,4,4
71040,101,90,11,11
71041,80,79,1,1
71042,114,111,3,3
71043,112,112,0,0
71044,118,100,18,18
71045,110,104,6,6
71046,88,86,2,2
71047,63,88,-25,25
71048,125,108,17,17
71049,126,111,15,15
71050,68,80,-12,12
71051,59,66,-7,7
71052,69,72,-3,3
71053,90,81,9,9
71054,108,110,-2,2
71055,80,83,-3,3
71056,63,65,-2,2
71057,52,56,-4,4
71058,72,78,-6,6
71059,76,79,-3,3
71060,92,89,3,3
71061,133,149,-16,16
71062,65,70,-5,5
71063,69,67,2,2
71064,121,105,16,16
71065,92,85,7,7
71066,67,68,-1,1
71067,134,122,12,12
71068,81,75,6,6
71069,68,79,-11,11
71070,67,70,-3,3
71071,52,57,-5,5
71072,107,105,2,2
71073,120,110,10,10
71074,133,129,4,4
71075,150,131,19,19
71076,124,133,-9,9
71077,86,87,-1,1
71078,29,31,-2,2
71079,170,148,22,22
71080,88,89,-1,1
71081,158,143,15,15
71082,58,61,-3,3
71083,129,117,12,12
71084,94,92,2,2
71085,116,110,6,6
71086,159,146,13,13
71087,86,83,3,3
71088,174,170,4,4
71089,104,93,11,11
71090,90,79,11,11
71091,101,95,6,6
71092,107,106,1,1
71093,133,115,18,18
71094,70,68,2,2
71095,100,94,6,6
71096,174,164,10,10
71097,41,41,0,0
71098,85,85,0,0
71099,76,73,3,3
71100,73,75,-2,2
71101,131,123,8,8
71102,83,80,3,3
71103,88,91,-3,3
71104,128,122,6,6
71105,86,86,0,0
71106,163,152,11,11
71107,104,100,4,4
71108,50,52,-2,2
71109,114,93,21,21
71110,108,106,2,2
71111,72,76,-4,4
71112,63,65,-2,2
71113,51,58,-7,7
71114,94,90,4,4
71115,76,70,6,6
71116,39,34,5,5
71117,100,95,5,5
71118,64,65,-1,1
71119,87,83,4,4
71120,112,101,11,11
71121,105,103,2,2
71122,84,86,-2,2
71123,135,124,11,11
71124,66,67,-1,1
71125,164,152,12,12
71126,53,61,-8,8
71127,131,115,16,16
71128,97,92,5,5
71129,44,56,-12,12
71130,85,85,0,0
71131,58,55,3,3
71132,105,106,-1,1
71133,51,56,-5,5
71134,67,69,-2,2
71135,82,91,-9,9
71136,100,90,10,10
71137,154,131,23,23
71138,89,90,-1,1
71139,88,79,9,9
71140,104,88,16,16
71141,82,72,10,10
71142,97,91,6,6
71143,87,101,-14,14
71144,71,64,7,7
71145,87,90,-3,3
71146,71,71,0,0
71147,168,154,14,14
71148,124,111,13,13
71149,75,69,6,6
71150,137,106,31,31
71151,131,122,9,9
71152,161,158,3,3
71153,80,77,3,3
71154,109,103,6,6
71155,65,68,-3,3
71156,152,145,7,7
71157,120,109,11,11
71158,116,115,1,1
71159,82,94,-12,12
71160,214,189,25,25
71161,75,74,1,1
71162,95,88,7,7
71163,120,109,11,11
71164,126,122,4,4
71165,112,104,8,8
71166,115,119,-4,4
71167,94,88,6,6
71168,84,86,-2,2
71169,99,100,-1,1
71170,69,67,2,2
71171,62,62,0,0
71172,106,103,3,3
71173,110,99,11,11
71174,78,80,-2,2
71175,161,182,-21,21
71176,140,103,37,37
71177,83,95,-12,12
71178,110,100,10,10
71179,50,56,-6,6
71180,160,140,20,20
71181,93,85,8,8
71182,161,152,9,9
71183,37,38,-1,1
71184,58,50,8,8
71185,109,118,-9,9
71186,99,99,0,0
71187,124,139,-15,15
71188,65,63,2,2
71189,113,102,11,11
71190,114,123,-9,9
71191,127,114,13,13
71192,99,88,11,11
71193,83,78,5,5
71194,74,79,-5,5
71195,112,112,0,0
71196,76,77,-1,1
71197,86,83,3,3
71198,59,66,-7,7
71199,185,156,29,29
71200,113,92,21,21
71201,90,88,2,2
71202,60,68,-8,8
71203,136,115,21,21
71204,94,93,1,1
71205,100,93,7,7
71206,93,86,7,7
71207,80,79,1,1
71208,138,117,21,21
71209,123,113,10,10
71210,84,86,-2,2
71211,96,99,-3,3
71212,123,113,10,10
71213,46,81,-35,35
71214,54,56,-2,2
71215,135,130,5,5
71216,135,116,19,19
71217,79,81,-2,2
71218,127,115,12,12
71219,75,78,-3,3
71220,43,61,-18,18
71221,107,88,19,19
71222,86,76,10,10
71223,114,115,-1,1
71224,56,55,1,1
71225,80,77,3,3
71226,86,81,5,5
71227,62,61,1,1
71228,78,70,8,8
71229,158,153,5,5
71230,96,111,-15,15
71231,88,87,1,1
71232,62,61,1,1
71233,116,102,14,14
71234,103,100,3,3
71235,108,115,-7,7
71236,96,90,6,6
71237,65,68,-3,3
71238,64,69,-5,5
71239,136,122,14,14
71240,92,94,-2,2
71241,66,63,3,3
71242,106,106,0,0
71243,168,148,20,20
71244,91,90,1,1
71245,90,95,-5,5
71246,83,82,1,1
71247,198,184,14,14
71248,98,96,2,2
71249,116,97,19,19
71250,77,79,-2,2
71251,95,91,4,4
71252,113,106,7,7
71253,102,97,5,5
71254,54,57,-3,3
71255,138,136,2,2
71256,76,76,0,0
71257,58,59,-1,1
71258,74,74,0,0
71259,93,85,8,8
71260,56,76,-20,20
71261,139,138,1,1
71262,169,162,7,7
71263,131,124,7,7
71264,64,49,15,15
71265,89,90,-1,1
71266,111,101,10,10
71267,149,136,13,13
71268,86,80,6,6
71269,67,90,-23,23
71270,54,58,-4,4
71271,47,57,-10,10
71272,43,49,-6,6
71273,90,90,0,0
71274,139,121,18,18
71275,62,66,-4,4
71276,67,73,-6,6
71277,75,77,-2,2
71278,87,84,3,3
71279,82,79,3,3
71280,41,51,-10,10
71281,86,85,1,1
71282,151,133,18,18
71283,87,81,6,6
71284,107,105,2,2
71285,67,69,-2,2
71286,90,98,-8,8
71287,133,122,11,11
71288,42,34,8,8
71289,124,111,13,13
71290,66,70,-4,4
71291,74,75,-1,1
71292,54,56,-2,2
71293,123,115,8,8
71294,137,131,6,6
71295,67,66,1,1
71296,113,112,1,1
71297,103,91,12,12
71298,161,140,21,21
71299,114,102,12,12
71300,112,102,10,10
71301,103,100,3,3
71302,112,112,0,0
71303,123,127,-4,4
71304,65,70,-5,5
71305,97,88,9,9
71306,68,63,5,5
71307,69,67,2,2
71308,69,66,3,3
71309,143,130,13,13
71310,107,102,5,5
71311,59,76,-17,17
71312,125,112,13,13
71313,57,63,-6,6
71314,108,107,1,1
71315,86,83,3,3
71316,98,92,6,6
71317,82,79,3,3
71318,87,116,-29,29
71319,65,69,-4,4
71320,96,87,9,9
71321,60,58,2,2
71322,77,76,1,1
71323,81,77,4,4
71324,147,137,10,10
71325,75,68,7,7
71326,75,73,2,2
71327,85,91,-6,6
71328,94,89,5,5
71329,158,150,8,8
71330,103,79,24,24
71331,125,111,14,14
71332,119,139,-20,20
71333,109,103,6,6
71334,64,63,1,1
71335,74,77,-3,3
71336,33,33,0,0
71337,104,98,6,6
71338,73,77,-4,4
71339,148,123,25,25
71340,57,66,-9,9
71341,62,61,1,1
71342,143,132,11,11
71343,96,106,-10,10
71344,61,64,-3,3
71345,126,119,7,7
71346,66,80,-14,14
71347,97,101,-4,4
71348,58,64,-6,6
71349,85,84,1,1
71350,207,177,30,30
71351,114,102,12,12
71352,105,100,5,5
71353,92,89,3,3
71354,80,77,3,3
71355,97,91,6,6
71356,93,92,1,1
71357,55,58,-3,3
71358,89,83,6,6
71359,116,110,6,6
71360,98,96,2,2
71361,79,73,6,6
71362,127,122,5,5
71363,112,104,8,8
71364,131,111,20,20
71365,92,93,-1,1
71366,81,78,3,3
71367,236,210,26,26
71368,110,120,-10,10
71369,66,72,-6,6
71370,100,103,-3,3
71371,98,97,1,1
71372,118,107,11,11
71373,91,97,-6,6
71374,162,139,23,23
71375,77,73,4,4
71376,67,69,-2,2
71377,131,124,7,7
71378,103,102,1,1
71379,57,61,-4,4
71380,93,82,11,11
71381,72,78,-6,6
71382,67,59,8,8
71383,49,62,-13,13
71384,72,72,0,0
71385,56,57,-1,1
71386,154,173,-19,19
71387,72,78,-6,6
71388,44,53,-9,9
71389,97,94,3,3
71390,173,137,36,36
71391,151,138,13,13
71392,92,85,7,7
71393,41,63,-22,22
71394,101,102,-1,1
71395,151,129,22,22
71396,112,98,14,14
71397,82,84,-2,2
71398,147,134,13,13
71399,104,88,16,16
71400,156,137,19,19
71401,69,67,2,2
71402,88,90,-2,2
71403,49,60,-11,11
71404,72,75,-3,3
71405,87,83,4,4
71406,83,79,4,4
71407,78,68,10,10
71408,109,106,3,3
71409,118,123,-5,5
71410,146,178,-32,32
71411,95,86,9,9
71412,139,128,11,11
71413,112,111,1,1
71414,74,81,-7,7
71415,101,105,-4,4
71416,69,69,0,0
71417,60,60,0,0
71418,52,56,-4,4
71419,70,71,-1,1
71420,52,50,2,2
71421,93,94,-1,1
71422,75,75,0,0
71423,50,63,-13,13
71424,64,68,-4,4
71425,167,141,26,26
71426,59,63,-4,4
71427,117,115,2,2
71428,97,93,4,4
71429,93,93,0,0
71430,70,75,-5,5
71431,91,80,11,11
71432,52,58,-6,6
71433,97,101,-4,4
71434,66,58,8,8
71435,91,85,6,6
71436,72,102,-30,30
71437,113,100,13,13
71438,91,85,6,6
71439,50,65,-15,15
71440,85,100,-15,15
71441,167,156,11,11
71442,78,80,-2,2
71443,149,135,14,14
71444,102,94,8,8
71445,116,108,8,8
71446,69,77,-8,8
71447,63,66,-3,3
71448,108,111,-3,3
71449,81,79,2,2
71450,82,79,3,3
71451,113,109,4,4
71452,83,84,-1,1
71453,97,89,8,8
71454,78,91,-13,13
71455,102,98,4,4
71456,109,112,-3,3
71457,64,73,-9,9
71458,98,94,4,4
71459,156,135,21,21
71460,126,122,4,4
71461,90,89,1,1
71462,122,113,9,9
71463,67,71,-4,4
71464,60,61,-1,1
71465,60,67,-7,7
71466,73,71,2,2
71467,135,131,4,4
71468,116,108,8,8
71469,92,86,6,6
71470,116,111,5,5
71471,76,78,-2,2
71472,137,128,9,9
71473,38,53,-15,15
71474,212,185,27,27
71475,115,110,5,5
71476,170,153,17,17
71477,140,151,-11,11
71478,194,158,36,36
71479,119,111,8,8
71480,46,53,-7,7
71481,67,67,0,0
71482,114,104,10,10
71483,107,119,-12,12
71484,83,99,-16,16
71485,103,95,8,8
71486,75,84,-9,9
71487,117,132,-15,15
71488,59,59,0,0
71489,68,93,-25,25
71490,117,114,3,3
71491,142,125,17,17
71492,50,48,2,2
71493,72,75,-3,3
71494,114,121,-7,7
71495,161,150,11,11
71496,104,96,8,8
71497,241,215,26,26
71498,72,73,-1,1
71499,89,92,-3,3
71500,76,75,1,1
71501,97,97,0,0
71502,93,84,9,9
71503,73,66,7,7
71504,67,56,11,11
71505,89,90,-1,1
71506,91,91,0,0
71507,112,107,5,5
71508,156,151,5,5
71509,59,61,-2,2
71510,71,76,-5,5
71511,35,33,2,2
71512,60,61,-1,1
71513,151,150,1,1
71514,83,82,1,1
71515,114,114,0,0
71516,66,63,3,3
71517,68,73,-5,5
71518,128,118,10,10
71519,168,139,29,29
71520,84,84,0,0
71521,87,85,2,2
71522,94,90,4,4
71523,44,57,-13,13
71524,93,93,0,0
71525,135,121,14,14
71526,80,76,4,4
71527,105,94,11,11
71528,86,87,-1,1
71529,115,114,1,1
71530,183,160,23,23
71531,120,108,12,12
71532,25,33,-8,8
71533,53,57,-4,4
71534,131,109,22,22
71535,164,146,18,18
71536,74,75,-1,1
71537,125,114,11,11
71538,91,98,-7,7
71539,106,91,15,15
71540,95,90,5,5
71541,75,71,4,4
71542,114,102,12,12
71543,70,69,1,1
71544,89,79,10,10
71545,37,34,3,3
71546,90,83,7,7
71547,60,61,-1,1
71548,106,106,0,0
71549,59,66,-7,7
71550,114,115,-1,1
71551,69,67,2,2
71552,96,98,-2,2
71553,90,81,9,9
71554,132,134,-2,2
71555,117,115,2,2
71556,78,78,0,0
71557,63,71,-8,8
71558,96,101,-5,5
71559,132,105,27,27
71560,83,79,4,4
71561,114,105,9,9
71562,109,102,7,7
71563,97,89,8,8
71564,81,80,1,1
71565,95,91,4,4
71566,82,84,-2,2
71567,127,127,0,0
71568,108,106,2,2
71569,91,102,-11,11
71570,87,84,3,3
71571,92,85,7,7
71572,165,151,14,14
71573,85,86,-1,1
71574,50,62,-12,12
71575,62,62,0,0
71576,97,96,1,1
71577,87,89,-2,2
71578,66,62,4,4
71579,76,74,2,2
71580,75,77,-2,2
71581,172,156,16,16
71582,45,51,-6,6
71583,86,86,0,0
71584,73,83,-10,10
71585,189,157,32,32
71586,65,67,-2,2
71587,76,75,1,1
71588,95,91,4,4
71589,95,88,7,7
71590,87,86,1,1
71591,108,105,3,3
71592,91,79,12,12
71593,69,78,-9,9
71594,141,140,1,1
71595,75,75,0,0
71596,82,85,-3,3
71597,55,58,-3,3
71598,55,68,-13,13
71599,121,115,6,6
71600,55,51,4,4
71601,131,114,17,17
71602,111,98,13,13
71603,52,62,-10,10
71604,141,125,16,16
71605,82,81,1,1
71606,49,55,-6,6
71607,67,79,-12,12
71608,65,66,-1,1
71609,116,115,1,1
71610,112,109,3,3
71611,117,109,8,8
71612,137,126,11,11
71613,95,99,-4,4
71614,59,66,-7,7
71615,84,90,-6,6
71616,89,78,11,11
71617,137,128,9,9
71618,194,162,32,32
71619,144,126,18,18
71620,106,96,10,10
71621,122,104,18,18
71622,67,75,-8,8
71623,104,103,1,1
71624,114,105,9,9
71625,84,94,-10,10
71626,49,66,-17,17
71627,232,189,43,43
71628,79,73,6,6
71629,101,100,1,1
71630,105,101,4,4
71631,104,102,2,2
71632,221,184,37,37
71633,124,102,22,22
71634,154,138,16,16
71635,110,101,9,9
71636,75,76,-1,1
71637,175,161,14,14
71638,162,158,4,4
71639,169,141,28,28
71640,82,91,-9,9
71641,69,70,-1,1
71642,63,66,-3,3
71643,101,102,-1,1
71644,59,61,-2,2
71645,123,118,5,5
71646,105,108,-3,3
71647,99,88,11,11
71648,58,68,-10,10
71649,103,96,7,7
71650,77,84,-7,7
71651,64,62,2,2
71652,49,52,-3,3
71653,96,96,0,0
71654,78,79,-1,1
71655,124,126,-2,2
71656,66,84,-18,18
71657,163,147,16,16
71658,140,143,-3,3
71659,77,78,-1,1
71660,55,65,-10,10
71661,64,62,2,2
71662,73,71,2,2
71663,86,88,-2,2
71664,87,85,2,2
71665,80,86,-6,6
71666,74,78,-4,4
71667,69,64,5,5
71668,118,113,5,5
71669,74,78,-4,4
71670,162,151,11,11
71671,63,67,-4,4
71672,88,86,2,2
71673,105,100,5,5
71674,70,62,8,8
71675,86,91,-5,5
71676,82,79,3,3
71677,181,175,6,6
71678,60,63,-3,3
71679,139,135,4,4
71680,45,34,11,11
71681,84,82,2,2
71682,87,80,7,7
71683,94,84,10,10
71684,94,93,1,1
71685,102,119,-17,17
71686,82,80,2,2
71687,102,85,17,17
71688,51,53,-2,2
71689,91,86,5,5
71690,92,92,0,0
71691,119,114,5,5
71692,98,100,-2,2
71693,92,87,5,5
71694,144,132,12,12
71695,117,117,0,0
71696,61,60,1,1
71697,55,51,4,4
71698,89,81,8,8
71699,83,83,0,0
71700,122,107,15,15
71701,101,102,-1,1
71702,71,76,-5,5
71703,183,173,10,10
71704,79,79,0,0
71705,68,79,-11,11
71706,124,119,5,5
71707,96,89,7,7
71708,82,79,3,3
71709,99,105,-6,6
71710,145,119,26,26
71711,143,138,5,5
71712,131,127,4,4
71713,83,79,4,4
71714,118,126,-8,8
71715,65,68,-3,3
71716,52,61,-9,9
71717,78,77,1,1
71718,76,76,0,0
71719,142,124,18,18
71720,90,82,8,8
71721,64,67,-3,3
71722,70,69,1,1
71723,81,92,-11,11
71724,155,143,12,12
71725,94,103,-9,9
71726,64,66,-2,2
71727,83,79,4,4
71728,112,106,6,6
71729,112,91,21,21
71730,132,122,10,10
71731,84,77,7,7
71732,63,67,-4,4
71733,78,81,-3,3
71734,143,127,16,16
71735,71,75,-4,4
71736,94,91,3,3
71737,75,75,0,0
71738,54,65,-11,11
71739,81,72,9,9
71740,72,77,-5,5
71741,95,90,5,5
71742,136,122,14,14
71743,89,86,3,3
71744,66,71,-5,5
71745,95,88,7,7
71746,85,84,1,1
71747,114,112,2,2
71748,70,65,5,5
71749,70,71,-1,1
71750,115,114,1,1
71751,139,132,7,7
71752,104,96,8,8
71753,65,67,-2,2
71754,145,127,18,18
71755,108,102,6,6
71756,81,79,2,2
71757,85,73,12,12
71758,59,71,-12,12
71759,146,147,-1,1
71760,89,99,-10,10
71761,94,93,1,1
71762,82,77,5,5
71763,58,67,-9,9
71764,78,78,0,0
71765,92,85,7,7
71766,65,66,-1,1
71767,100,93,7,7
71768,126,117,9,9
71769,115,102,13,13
71770,64,60,4,4
71771,67,72,-5,5
71772,114,100,14,14
71773,73,72,1,1
71774,86,84,2,2
71775,92,84,8,8
71776,393,333,60,60
71777,121,132,-11,11
71778,77,85,-8,8
71779,106,93,13,13
71780,81,81,0,0
71781,99,88,11,11
71782,150,146,4,4
71783,98,95,3,3
71784,107,104,3,3
71785,59,57,2,2
71786,53,47,6,6
71787,99,92,7,7
71788,138,129,9,9
71789,58,66,-8,8
71790,85,85,0,0
71791,129,117,12,12
71792,60,59,1,1
71793,67,65,2,2
71794,107,99,8,8
71795,42,52,-10,10
71796,73,73,0,0
71797,81,88,-7,7
71798,154,124,30,30
71799,84,83,1,1
71800,67,70,-3,3
71801,62,60,2,2
71802,93,85,8,8
71803,119,109,10,10
71804,112,102,10,10
71805,146,135,11,11
71806,45,39,6,6
71807,127,114,13,13
71808,87,86,1,1
71809,122,117,5,5
71810,83,76,7,7
71811,116,107,9,9
71812,95,97,-2,2
71813,101,100,1,1
71814,132,123,9,9
71815,116,105,11,11
71816,79,72,7,7
71817,94,87,7,7
71818,131,118,13,13
71819,61,61,0,0
71820,66,68,-2,2
71821,78,82,-4,4
71822,145,143,2,2
71823,166,157,9,9
71824,88,79,9,9
71825,99,89,10,10
71826,85,89,-4,4
71827,62,65,-3,3
71828,85,85,0,0
71829,103,100,3,3
71830,123,143,-20,20
71831,43,52,-9,9
71832,89,96,-7,7
71833,61,66,-5,5
71834,65,66,-1,1
71835,81,81,0,0
71836,77,73,4,4
71837,118,112,6,6
71838,53,55,-2,2
71839,90,81,9,9
71840,101,113,-12,12
71841,88,86,2,2
71842,136,132,4,4
71843,142,131,11,11
71844,79,71,8,8
71845,124,118,6,6
71846,69,68,1,1
71847,55,59,-4,4
71848,84,83,1,1
71849,34,33,1,1
71850,86,76,10,10
71851,67,63,4,4
71852,234,206,28,28
71853,175,162,13,13
71854,50,51,-1,1
71855,75,70,5,5
71856,61,61,0,0
71857,103,96,7,7
71858,59,60,-1,1
71859,83,93,-10,10
71860,50,48,2,2
71861,89,89,0,0
71862,65,73,-8,8
71863,140,123,17,17
71864,158,148,10,10
71865,113,98,15,15
71866,118,115,3,3
71867,172,148,24,24
71868,119,117,2,2
71869,106,103,3,3
71870,146,139,7,7
71871,72,72,0,0
71872,84,84,0,0
71873,78,80,-2,2
71874,58,59,-1,1
71875,85,76,9,9
71876,137,122,15,15
71877,86,113,-27,27
71878,78,77,1,1
71879,88,90,-2,2
71880,108,101,7,7
71881,104,93,11,11
71882,77,86,-9,9
71883,101,97,4,4
71884,109,101,8,8
71885,84,77,7,7
71886,70,66,4,4
71887,134,133,1,1
71888,51,47,4,4
71889,128,121,7,7
71890,103,108,-5,5
71891,76,78,-2,2
71892,101,106,-5,5
71893,92,90,2,2
71894,72,77,-5,5
71895,68,74,-6,6
71896,84,84,0,0
71897,88,87,1,1
71898,119,121,-2,2
71899,56,50,6,6
71900,31,33,-2,2
71901,91,92,-1,1
71902,163,151,12,12
71903,124,111,13,13
71904,71,65,6,6
71905,101,91,10,10
71906,112,138,-26,26
71907,103,97,6,6
71908,74,72,2,2
71909,57,63,-6,6
71910,137,130,7,7
71911,124,107,17,17
71912,77,89,-12,12
71913,83,78,5,5
71914,66,78,-12,12
71915,110,95,15,15
71916,65,68,-3,3
71917,98,98,0,0
71918,87,82,5,5
71919,90,81,9,9
71920,140,132,8,8
71921,116,109,7,7
71922,128,114,14,14
71923,73,70,3,3
71924,155,170,-15,15
71925,96,99,-3,3
71926,115,111,4,4
71927,63,65,-2,2
71928,57,54,3,3
71929,113,114,-1,1
71930,104,91,13,13
71931,53,59,-6,6
71932,62,62,0,0
71933,53,60,-7,7
71934,71,69,2,2
71935,76,76,0,0
71936,117,106,11,11
71937,57,62,-5,5
71938,79,72,7,7
71939,69,83,-14,14
71940,78,74,4,4
71941,40,65,-25,25
71942,58,73,-15,15
71943,105,94,11,11
71944,87,95,-8,8
71945,118,100,18,18
71946,101,110,-9,9
71947,32,33,-1,1
71948,75,76,-1,1
71949,112,107,5,5
71950,112,96,16,16
71951,124,126,-2,2
71952,68,69,-1,1
71953,72,67,5,5
71954,52,55,-3,3
71955,84,80,4,4
71956,78,74,4,4
71957,106,89,17,17
71958,126,121,5,5
71959,103,100,3,3
71960,110,97,13,13
71961,91,82,9,9
71962,149,132,17,17
71963,55,58,-3,3
71964,113,106,7,7
71965,72,71,1,1
71966,79,80,-1,1
71967,125,116,9,9
71968,126,114,12,12
71969,156,157,-1,1
71970,69,68,1,1
71971,59,52,7,7
71972,92,105,-13,13
71973,65,66,-1,1
71974,94,95,-1,1
71975,76,86,-10,10
71976,145,134,11,11
71977,141,136,5,5
71978,71,76,-5,5
71979,91,86,5,5
71980,56,64,-8,8
71981,107,109,-2,2
71982,73,67,6,6
71983,120,129,-9,9
71984,109,75,34,34
71985,125,113,12,12
71986,80,76,4,4
71987,55,59,-4,4
71988,92,92,0,0
71989,125,118,7,7
71990,74,74,0,0
71991,65,73,-8,8
71992,85,85,0,0
71993,41,41,0,0
71994,73,81,-8,8
71995,133,104,29,29
71996,48,51,-3,3
71997,81,77,4,4
71998,109,113,-4,4
71999,98,93,5,5
72000,123,117,6,6
72001,103,106,-3,3
72002,79,79,0,0
72003,60,65,-5,5
72004,93,90,3,3
72005,162,128,34,34
72006,121,109,12,12
72007,113,119,-6,6
72008,64,69,-5,5
72009,61,68,-7,7
72010,110,104,6,6
72011,106,97,9,9
72012,111,101,10,10
72013,72,80,-8,8
72014,50,48,2,2
72015,58,52,6,6
72016,112,115,-3,3
72017,86,96,-10,10
72018,77,74,3,3
72019,116,110,6,6
72020,77,78,-1,1
72021,156,137,19,19
72022,94,94,0,0
72023,152,133,19,19
72024,153,144,9,9
72025,91,88,3,3
72026,114,106,8,8
72027,54,61,-7,7
72028,68,68,0,0
72029,108,123,-15,15
72030,144,132,12,12
72031,122,109,13,13
72032,94,96,-2,2
72033,100,91,9,9
72034,63,67,-4,4
72035,109,99,10,10
72036,92,78,14,14
72037,104,94,10,10
72038,80,70,10,10
72039,83,80,3,3
72040,115,116,-1,1
72041,149,143,6,6
72042,111,109,2,2
72043,64,72,-8,8
72044,117,100,17,17
72045,68,70,-2,2
72046,98,91,7,7
72047,58,61,-3,3
72048,109,99,10,10
72049,84,79,5,5
72050,59,65,-6,6
72051,122,102,20,20
72052,67,72,-5,5
72053,74,69,5,5
72054,65,70,-5,5
72055,95,86,9,9
72056,90,90,0,0
72057,71,72,-1,1
72058,46,34,12,12
72059,37,59,-22,22
72060,128,119,9,9
72061,110,104,6,6
72062,98,104,-6,6
72063,55,56,-1,1
72064,118,105,13,13
72065,28,31,-3,3
72066,164,149,15,15
72067,97,95,2,2
72068,149,127,22,22
72069,100,88,12,12
72070,102,107,-5,5
72071,99,94,5,5
72072,170,140,30,30
72073,124,123,1,1
72074,109,118,-9,9
72075,146,131,15,15
72076,170,164,6,6
72077,85,65,20,20
72078,106,98,8,8
72079,96,95,1,1
72080,105,101,4,4
72081,116,102,14,14
72082,61,65,-4,4
72083,114,111,3,3
72084,105,100,5,5
72085,163,164,-1,1
72086,50,56,-6,6
72087,141,116,25,25
72088,79,86,-7,7
72089,129,117,12,12
72090,82,79,3,3
72091,61,65,-4,4
72092,69,71,-2,2
72093,62,75,-13,13
72094,93,87,6,6
72095,92,96,-4,4
72096,91,100,-9,9
72097,45,44,1,1
72098,167,151,16,16
72099,71,71,0,0
72100,43,47,-4,4
72101,122,115,7,7
72102,73,66,7,7
72103,99,93,6,6
72104,82,79,3,3
72105,119,104,15,15
72106,135,117,18,18
72107,46,44,2,2
72108,102,91,11,11
72109,66,64,2,2
72110,159,155,4,4
72111,93,87,6,6
72112,93,81,12,12
72113,71,71,0,0
72114,106,85,21,21
72115,99,91,8,8
72116,145,151,-6,6
72117,102,106,-4,4
72118,146,138,8,8
72119,129,124,5,5
72120,105,111,-6,6
72121,119,104,15,15
72122,49,55,-6,6
72123,114,101,13,13
72124,137,130,7,7
72125,84,81,3,3
72126,63,64,-1,1
72127,120,109,11,11
72128,63,61,2,2
72129,153,134,19,19
72130,73,78,-5,5
72131,110,97,13,13
72132,178,163,15,15
72133,73,95,-22,22
72134,80,76,4,4
72135,98,93,5,5
72136,122,119,3,3
72137,122,117,5,5
72138,95,94,1,1
72139,100,101,-1,1
72140,107,106,1,1
72141,86,78,8,8
72142,62,62,0,0
72143,77,76,1,1
72144,49,57,-8,8
72145,68,73,-5,5
72146,25,27,-2,2
72147,83,78,5,5
72148,54,44,10,10
72149,122,118,4,4
72150,115,118,-3,3
72151,92,82,10,10
72152,120,125,-5,5
72153,161,148,13,13
72154,100,94,6,6
72155,127,120,7,7
72156,56,60,-4,4
72157,120,115,5,5
72158,319,285,34,34
72159,161,143,18,18
72160,120,104,16,16
72161,119,104,15,15
72162,119,99,20,20
72163,155,133,22,22
72164,90,88,2,2
72165,43,54,-11,11
72166,67,62,5,5
72167,75,69,6,6
72168,86,82,4,4
72169,107,96,11,11
72170,109,105,4,4
72171,105,106,-1,1
72172,120,117,3,3
72173,57,59,-2,2
72174,81,84,-3,3
72175,114,106,8,8
72176,101,96,5,5
72177,104,93,11,11
72178,105,92,13,13
72179,93,93,0,0
72180,117,108,9,9
72181,93,85,8,8
72182,60,64,-4,4
72183,81,67,14,14
72184,96,94,2,2
72185,99,97,2,2
72186,88,78,10,10
72187,113,114,-1,1
72188,91,97,-6,6
72189,142,127,15,15
72190,95,93,2,2
72191,79,81,-2,2
72192,80,93,-13,13
72193,54,53,1,1
72194,124,110,14,14
72195,86,89,-3,3
72196,154,127,27,27
72197,77,78,-1,1
72198,129,111,18,18
72199,196,167,29,29
72200,78,76,2,2
72201,63,68,-5,5
72202,176,156,20,20
72203,102,98,4,4
72204,102,102,0,0
72205,92,90,2,2
72206,145,130,15,15
72207,64,66,-2,2
72208,100,91,9,9
72209,96,110,-14,14
72210,96,85,11,11
72211,51,54,-3,3
72212,61,71,-10,10
72213,129,118,11,11
72214,196,174,22,22
72215,61,64,-3,3
72216,86,86,0,0
72217,69,77,-8,8
72218,121,109,12,12
72219,87,91,-4,4
72220,105,95,10,10
72221,67,79,-12,12
72222,71,85,-14,14
72223,165,149,16,16
72224,132,119,13,13
72225,171,157,14,14
72226,81,75,6,6
72227,142,132,10,10
72228,75,76,-1,1
72229,102,90,12,12
72230,86,90,-4,4
72231,136,120,16,16
72232,63,63,0,0
72233,122,120,2,2
72234,89,91,-2,2
72235,97,102,-5,5
72236,67,69,-2,2
72237,105,97,8,8
72238,64,61,3,3
72239,85,93,-8,8
72240,99,102,-3,3
72241,80,67,13,13
72242,115,105,10,10
72243,65,67,-2,2
72244,104,89,15,15
72245,115,109,6,6
72246,147,137,10,10
72247,105,98,7,7
72248,141,132,9,9
72249,163,149,14,14
72250,129,115,14,14
72251,90,91,-1,1
72252,73,76,-3,3
72253,101,80,21,21
72254,103,100,3,3
72255,53,62,-9,9
72256,67,72,-5,5
72257,78,79,-1,1
72258,75,72,3,3
72259,76,75,1,1
72260,105,102,3,3
72261,103,93,10,10
72262,108,107,1,1
72263,154,130,24,24
72264,84,86,-2,2
72265,125,116,9,9
72266,71,71,0,0
72267,84,89,-5,5
72268,81,80,1,1
72269,95,95,0,0
72270,249,209,40,40
72271,101,99,2,2
72272,69,74,-5,5
72273,109,113,-4,4
72274,76,76,0,0
72275,92,93,-1,1
72276,56,64,-8,8
72277,85,94,-9,9
72278,51,57,-6,6
72279,117,101,16,16
72280,74,77,-3,3
72281,184,159,25,25
72282,82,85,-3,3
72283,93,97,-4,4
72284,87,79,8,8
72285,56,59,-3,3
72286,65,64,1,1
72287,95,87,8,8
72288,112,112,0,0
72289,110,106,4,4
72290,137,128,9,9
72291,73,74,-1,1
72292,128,112,16,16
72293,99,85,14,14
72294,133,124,9,9
72295,109,104,5,5
72296,74,84,-10,10
72297,99,88,11,11
72298,23,34,-11,11
72299,87,92,-5,5
72300,175,160,15,15
72301,71,75,-4,4
72302,64,71,-7,7
72303,74,84,-10,10
72304,127,123,4,4
72305,136,136,0,0
72306,114,111,3,3
72307,143,132,11,11
72308,115,107,8,8
72309,83,88,-5,5
72310,118,109,9,9
72311,64,67,-3,3
72312,94,93,1,1
72313,69,61,8,8
72314,142,127,15,15
72315,75,72,3,3
72316,58,59,-1,1
72317,19,27,-8,8
72318,83,85,-2,2
72319,59,63,-4,4
72320,99,95,4,4
72321,69,73,-4,4
72322,95,86,9,9
72323,248,205,43,43
72324,129,120,9,9
72325,45,51,-6,6
72326,129,122,7,7
72327,99,90,9,9
72328,98,92,6,6
72329,115,113,2,2
72330,136,134,2,2
72331,111,102,9,9
72332,98,99,-1,1
72333,85,93,-8,8
72334,141,131,10,10
72335,94,98,-4,4
72336,94,93,1,1
72337,112,116,-4,4
72338,107,106,1,1
72339,127,120,7,7
72340,113,98,15,15
72341,131,114,17,17
72342,69,74,-5,5
72343,51,56,-5,5
72344,148,132,16,16
72345,79,69,10,10
72346,108,105,3,3
72347,105,107,-2,2
72348,82,99,-17,17
72349,152,157,-5,5
72350,77,83,-6,6
72351,96,101,-5,5
72352,118,130,-12,12
72353,176,163,13,13
72354,161,159,2,2
72355,74,72,2,2
72356,89,87,2,2
72357,126,127,-1,1
72358,105,99,6,6
72359,102,97,5,5
72360,74,78,-4,4
72361,122,113,9,9
72362,80,80,0,0
72363,75,75,0,0
72364,148,140,8,8
72365,129,119,10,10
72366,68,67,1,1
72367,74,87,-13,13
72368,96,86,10,10
72369,88,85,3,3
72370,53,67,-14,14
72371,79,77,2,2
72372,78,75,3,3
72373,69,73,-4,4
72374,134,118,16,16
72375,77,74,3,3
72376,144,122,22,22
72377,102,101,1,1
72378,112,119,-7,7
72379,122,113,9,9
72380,87,85,2,2
72381,111,111,0,0
72382,102,99,3,3
72383,73,74,-1,1
72384,86,83,3,3
72385,74,72,2,2
72386,132,117,15,15
72387,128,124,4,4
72388,130,121,9,9
72389,62,63,-1,1
72390,44,41,3,3
72391,78,81,-3,3
72392,95,91,4,4
72393,95,84,11,11
72394,116,111,5,5
72395,80,77,3,3
72396,57,63,-6,6
72397,84,95,-11,11
72398,122,110,12,12
72399,115,115,0,0
72400,185,154,31,31
72401,144,120,24,24
72402,54,60,-6,6
72403,125,117,8,8
72404,107,108,-1,1
72405,140,138,2,2
72406,59,63,-4,4
72407,64,68,-4,4
72408,83,85,-2,2
72409,56,59,-3,3
72410,79,72,7,7
72411,58,58,0,0
72412,92,92,0,0
72413,138,129,9,9
72414,110,105,5,5
72415,197,170,27,27
72416,102,96,6,6
72417,75,73,2,2
72418,127,113,14,14
72419,95,98,-3,3
72420,64,61,3,3
72421,68,74,-6,6
72422,174,159,15,15
72423,61,63,-2,2
72424,74,68,6,6
72425,106,103,3,3
72426,60,67,-7,7
72427,73,86,-13,13
72428,92,86,6,6
72429,189,156,33,33
72430,99,91,8,8
72431,147,133,14,14
72432,120,111,9,9
72433,75,77,-2,2
72434,57,60,-3,3
72435,56,57,-1,1
72436,73,72,1,1
72437,67,66,1,1
72438,176,155,21,21
72439,131,124,7,7
72440,101,96,5,5
72441,77,74,3,3
72442,90,110,-20,20
72443,106,107,-1,1
72444,120,112,8,8
72445,82,79,3,3
72446,117,111,6,6
72447,57,73,-16,16
72448,57,69,-12,12
72449,104,97,7,7
72450,85,81,4,4
72451,112,110,2,2
72452,89,89,0,0
72453,88,98,-10,10
72454,87,76,11,11
72455,103,118,-15,15
72456,151,132,19,19
72457,92,93,-1,1
72458,98,89,9,9
72459,63,75,-12,12
72460,88,89,-1,1
72461,85,79,6,6
72462,29,33,-4,4
72463,88,95,-7,7
72464,105,106,-1,1
72465,108,100,8,8
72466,69,65,4,4
72467,100,95,5,5
72468,67,74,-7,7
72469,78,69,9,9
72470,97,96,1,1
72471,84,75,9,9
72472,57,67,-10,10
72473,124,112,12,12
72474,117,109,8,8
72475,101,93,8,8
72476,104,102,2,2
72477,97,103,-6,6
72478,69,68,1,1
72479,105,100,5,5
72480,78,84,-6,6
72481,75,70,5,5
72482,67,62,5,5
72483,182,156,26,26
72484,49,57,-8,8
72485,89,89,0,0
72486,72,74,-2,2
72487,97,96,1,1
72488,72,70,2,2
72489,66,64,2,2
72490,118,120,-2,2
72491,49,58,-9,9
72492,87,81,6,6
72493,157,133,24,24
72494,63,66,-3,3
72495,69,76,-7,7
72496,163,159,4,4
72497,221,208,13,13
72498,60,67,-7,7
72499,97,95,2,2
72500,64,56,8,8
72501,87,97,-10,10
72502,101,98,3,3
72503,96,95,1,1
72504,111,112,-1,1
72505,67,68,-1,1
72506,112,108,4,4
72507,92,82,10,10
72508,90,98,-8,8
72509,127,131,-4,4
72510,62,66,-4,4
72511,82,86,-4,4
72512,131,112,19,19
72513,66,65,1,1
72514,122,127,-5,5
72515,80,91,-11,11
72516,83,87,-4,4
72517,71,78,-7,7
72518,76,71,5,5
72519,130,130,0,0
72520,72,64,8,8
72521,51,54,-3,3
72522,114,113,1,1
72523,62,68,-6,6
72524,46,42,4,4
72525,58,66,-8,8
72526,84,91,-7,7
72527,69,71,-2,2
72528,59,113,-54,54
72529,65,68,-3,3
72530,175,164,11,11
72531,135,129,6,6
72532,106,100,6,6
72533,72,80,-8,8
72534,124,118,6,6
72535,126,118,8,8
72536,120,115,5,5
72537,92,88,4,4
72538,68,67,1,1
72539,109,100,9,9
72540,74,85,-11,11
72541,61,68,-7,7
72542,96,91,5,5
72543,115,121,-6,6
72544,88,93,-5,5
72545,112,104,8,8
72546,182,158,24,24
72547,156,140,16,16
72548,156,141,15,15
72549,103,88,15,15
72550,89,85,4,4
72551,114,100,14,14
72552,106,93,13,13
72553,85,75,10,10
72554,107,96,11,11
72555,75,72,3,3
72556,84,84,0,0
72557,120,113,7,7
72558,95,85,10,10
72559,48,49,-1,1
72560,65,62,3,3
72561,59,68,-9,9
72562,85,82,3,3
72563,125,115,10,10
72564,89,85,4,4
72565,92,86,6,6
72566,131,128,3,3
72567,83,84,-1,1
72568,81,76,5,5
72569,82,75,7,7
72570,66,68,-2,2
72571,126,124,2,2
72572,167,146,21,21
72573,103,101,2,2
72574,119,110,9,9
72575,133,127,6,6
72576,138,134,4,4
72577,136,126,10,10
72578,57,61,-4,4
72579,111,103,8,8
72580,75,78,-3,3
72581,64,65,-1,1
72582,111,108,3,3
72583,126,120,6,6
72584,147,131,16,16
72585,188,156,32,32
72586,123,66,57,57
72587,87,95,-8,8
72588,77,76,1,1
72589,82,76,6,6
72590,83,81,2,2
72591,69,77,-8,8
72592,136,133,3,3
72593,53,63,-10,10
72594,81,80,1,1
72595,124,120,4,4
72596,111,103,8,8
72597,120,116,4,4
72598,66,73,-7,7
72599,68,69,-1,1
72600,147,145,2,2
72601,193,166,27,27
72602,62,64,-2,2
72603,113,113,0,0
72604,83,81,2,2
72605,114,113,1,1
72606,138,131,7,7
72607,63,71,-8,8
72608,153,133,20,20
72609,75,80,-5,5
72610,104,93,11,11
72611,138,139,-1,1
72612,86,76,10,10
72613,85,84,1,1
72614,132,127,5,5
72615,86,85,1,1
72616,60,68,-8,8
72617,119,110,9,9
72618,233,199,34,34
72619,125,128,-3,3
72620,128,119,9,9
72621,135,131,4,4
72622,92,85,7,7
72623,134,124,10,10
72624,108,101,7,7
72625,154,135,19,19
72626,149,140,9,9
72627,112,100,12,12
72628,117,110,7,7
72629,158,147,11,11
72630,83,78,5,5
72631,92,91,1,1
72632,80,76,4,4
72633,86,89,-3,3
72634,23,26,-3,3
72635,90,90,0,0
72636,129,124,5,5
72637,122,115,7,7
72638,49,58,-9,9
72639,58,67,-9,9
72640,115,105,10,10
72641,92,91,1,1
72642,146,157,-11,11
72643,69,85,-16,16
72644,107,113,-6,6
72645,152,136,16,16
72646,106,93,13,13
72647,78,79,-1,1
72648,122,104,18,18
72649,97,101,-4,4
72650,62,67,-5,5
72651,125,119,6,6
72652,172,151,21,21
72653,73,75,-2,2
72654,88,85,3,3
72655,69,72,-3,3
72656,72,67,5,5
72657,87,87,0,0
72658,53,58,-5,5
72659,65,68,-3,3
72660,117,109,8,8
72661,105,104,1,1
72662,168,153,15,15
72663,83,92,-9,9
72664,65,70,-5,5
72665,108,99,9,9
72666,45,53,-8,8
72667,123,107,16,16
72668,62,69,-7,7
72669,69,71,-2,2
72670,65,67,-2,2
72671,88,96,-8,8
72672,70,71,-1,1
72673,115,109,6,6
72674,68,68,0,0
72675,109,104,5,5
72676,117,113,4,4
72677,68,71,-3,3
72678,93,88,5,5
72679,76,72,4,4
72680,147,132,15,15
72681,124,113,11,11
72682,146,135,11,11
72683,104,110,-6,6
72684,85,87,-2,2
72685,107,96,11,11
72686,131,116,15,15
72687,71,69,2,2
72688,78,72,6,6
72689,69,72,-3,3
72690,124,127,-3,3
72691,101,92,9,9
72692,64,62,2,2
72693,69,71,-2,2
72694,60,69,-9,9
72695,97,89,8,8
72696,78,75,3,3
72697,106,124,-18,18
72698,102,93,9,9
72699,102,97,5,5
72700,135,126,9,9
72701,84,92,-8,8
72702,132,117,15,15
72703,81,74,7,7
72704,55,52,3,3
72705,80,75,5,5
72706,89,100,-11,11
72707,218,288,-70,70
72708,68,64,4,4
72709,136,111,25,25
72710,78,74,4,4
72711,66,70,-4,4
72712,115,109,6,6
72713,102,91,11,11
72714,64,68,-4,4
72715,32,32,0,0
72716,61,60,1,1
72717,98,96,2,2
72718,87,75,12,12
72719,75,65,10,10
72720,131,117,14,14
72721,82,89,-7,7
72722,102,94,8,8
72723,68,65,3,3
72724,129,122,7,7
72725,147,135,12,12
72726,54,58,-4,4
72727,95,95,0,0
72728,181,164,17,17
72729,102,101,1,1
72730,49,58,-9,9
72731,100,90,10,10
72732,72,75,-3,3
72733,137,140,-3,3
72734,57,59,-2,2
72735,85,79,6,6
72736,69,70,-1,1
72737,44,34,10,10
72738,102,97,5,5
72739,140,137,3,3
72740,59,63,-4,4
72741,59,69,-10,10
72742,67,65,2,2
72743,96,95,1,1
72744,54,39,15,15
72745,81,75,6,6
72746,154,143,11,11
72747,134,136,-2,2
72748,100,86,14,14
72749,104,92,12,12
72750,92,100,-8,8
72751,63,65,-2,2
72752,115,96,19,19
72753,55,60,-5,5
72754,163,146,17,17
72755,122,119,3,3
72756,106,100,6,6
72757,90,92,-2,2
72758,97,91,6,6
72759,69,72,-3,3
72760,86,84,2,2
72761,87,87,0,0
72762,134,117,17,17
72763,83,87,-4,4
72764,96,95,1,1
72765,75,71,4,4
72766,91,79,12,12
72767,74,69,5,5
72768,105,101,4,4
72769,109,101,8,8
72770,50,69,-19,19
72771,83,72,11,11
72772,101,97,4,4
72773,98,99,-1,1
72774,78,77,1,1
72775,115,100,15,15
72776,151,135,16,16
72777,50,43,7,7
72778,111,109,2,2
72779,75,82,-7,7
72780,191,175,16,16
72781,82,78,4,4
72782,133,118,15,15
72783,131,123,8,8
72784,69,68,1,1
72785,112,101,11,11
72786,52,61,-9,9
72787,109,116,-7,7
72788,82,85,-3,3
72789,106,111,-5,5
72790,36,34,2,2
72791,84,82,2,2
72792,103,97,6,6
72793,56,61,-5,5
72794,78,77,1,1
72795,69,69,0,0
72796,67,70,-3,3
72797,83,92,-9,9
72798,103,102,1,1
72799,84,80,4,4
72800,68,74,-6,6
72801,78,77,1,1
72802,118,108,10,10
72803,112,106,6,6
72804,108,106,2,2
72805,113,104,9,9
72806,116,99,17,17
72807,67,66,1,1
72808,110,107,3,3
72809,100,91,9,9
72810,111,98,13,13
72811,82,84,-2,2
72812,157,146,11,11
72813,75,77,-2,2
72814,102,97,5,5
72815,90,89,1,1
72816,60,64,-4,4
72817,88,88,0,0
72818,96,94,2,2
72819,117,134,-17,17
72820,76,80,-4,4
72821,166,145,21,21
72822,187,153,34,34
72823,73,67,6,6
72824,91,94,-3,3
72825,125,120,5,5
72826,60,67,-7,7
72827,91,86,5,5
72828,99,110,-11,11
72829,80,71,9,9
72830,125,117,8,8
72831,111,112,-1,1
72832,54,61,-7,7
72833,192,170,22,22
72834,159,141,18,18
72835,71,69,2,2
72836,80,84,-4,4
72837,58,61,-3,3
72838,78,73,5,5
72839,146,128,18,18
72840,73,70,3,3
72841,178,151,27,27
72842,94,94,0,0
72843,131,118,13,13
72844,70,62,8,8
72845,126,121,5,5
72846,84,80,4,4
72847,80,84,-4,4
72848,214,182,32,32
72849,111,107,4,4
72850,134,132,2,2
72851,89,79,10,10
72852,124,133,-9,9
72853,112,101,11,11
72854,94,98,-4,4
72855,110,102,8,8
72856,143,136,7,7
72857,70,73,-3,3
72858,112,111,1,1
72859,88,84,4,4
72860,89,81,8,8
72861,78,75,3,3
72862,121,108,13,13
72863,69,69,0,0
72864,82,80,2,2
72865,137,160,-23,23
72866,116,113,3,3
72867,169,151,18,18
72868,108,96,12,12
72869,62,61,1,1
72870,66,83,-17,17
72871,126,114,12,12
72872,77,71,6,6
72873,170,153,17,17
72874,48,55,-7,7
72875,123,108,15,15
72876,135,124,11,11
72877,128,121,7,7
72878,108,102,6,6
72879,102,93,9,9
72880,89,87,2,2
72881,68,72,-4,4
72882,83,75,8,8
72883,174,165,9,9
72884,130,103,27,27
72885,176,154,22,22
72886,87,95,-8,8
72887,69,65,4,4
72888,69,72,-3,3
72889,100,85,15,15
72890,164,149,15,15
72891,94,97,-3,3
72892,82,77,5,5
72893,191,178,13,13
72894,99,98,1,1
72895,78,80,-2,2
72896,68,69,-1,1
72897,121,101,20,20
72898,128,117,11,11
72899,149,139,10,10
72900,164,147,17,17
72901,74,77,-3,3
72902,67,62,5,5
72903,59,67,-8,8
72904,100,112,-12,12
72905,62,73,-11,11
72906,100,98,2,2
72907,79,81,-2,2
72908,137,148,-11,11
72909,74,74,0,0
72910,94,92,2,2
72911,119,100,19,19
72912,103,95,8,8
72913,95,90,5,5
72914,60,56,4,4
72915,111,103,8,8
72916,34,33,1,1
72917,78,85,-7,7
72918,97,93,4,4
72919,111,106,5,5
72920,85,90,-5,5
72921,149,134,15,15
72922,90,84,6,6
72923,49,52,-3,3
72924,138,124,14,14
72925,69,66,3,3
72926,79,71,8,8
72927,70,69,1,1
72928,82,84,-2,2
72929,79,79,0,0
72930,85,93,-8,8
72931,89,82,7,7
72932,67,68,-1,1
72933,106,113,-7,7
72934,70,76,-6,6
72935,74,81,-7,7
72936,55,65,-10,10
72937,164,155,9,9
72938,77,75,2,2
72939,57,59,-2,2
72940,97,104,-7,7
72941,136,136,0,0
72942,83,82,1,1
72943,66,68,-2,2
72944,92,93,-1,1
72945,92,92,0,0
72946,71,69,2,2
72947,67,76,-9,9
72948,150,132,18,18
72949,69,74,-5,5
72950,132,120,12,12
72951,194,172,22,22
72952,137,133,4,4
72953,68,71,-3,3
72954,90,94,-4,4
72955,113,107,6,6
72956,61,59,2,2
72957,160,142,18,18
72958,149,141,8,8
72959,48,56,-8,8
72960,128,122,6,6
72961,102,100,2,2
72962,95,93,2,2
72963,68,64,4,4
72964,164,148,16,16
72965,92,98,-6,6
72966,100,91,9,9
72967,68,76,-8,8
72968,81,81,0,0
72969,87,81,6,6
72970,121,104,17,17
72971,95,95,0,0
72972,99,86,13,13
72973,59,69,-10,10
72974,140,122,18,18
72975,109,87,22,22
72976,147,130,17,17
72977,84,83,1,1
72978,111,102,9,9
72979,85,89,-4,4
72980,63,71,-8,8
72981,64,62,2,2
72982,75,72,3,3
72983,136,114,22,22
72984,140,138,2,2
72985,45,52,-7,7
72986,159,151,8,8
72987,110,98,12,12
72988,54,68,-14,14
72989,129,123,6,6
72990,170,174,-4,4
72991,111,105,6,6
72992,72,69,3,3
72993,129,124,5,5
72994,67,69,-2,2
72995,159,162,-3,3
72996,60,68,-8,8
72997,91,89,2,2
72998,126,111,15,15
72999,240,198,42,42
73000,113,108,5,5
73001,85,77,8,8
73002,54,52,2,2
73003,68,71,-3,3
73004,89,83,6,6
73005,142,127,15,15
73006,146,128,18,18
73007,87,83,4,4
73008,122,121,1,1
73009,81,56,25,25
73010,77,77,0,0
73011,113,101,12,12
73012,182,177,5,5
73013,111,102,9,9
73014,97,88,9,9
73015,90,85,5,5
73016,149,134,15,15
73017,62,75,-13,13
73018,121,115,6,6
73019,90,85,5,5
73020,64,61,3,3
73021,158,147,11,11
73022,89,87,2,2
73023,93,89,4,4
73024,82,75,7,7
73025,80,84,-4,4
73026,231,219,12,12
73027,52,60,-8,8
73028,185,160,25,25
73029,125,126,-1,1
73030,116,103,13,13
73031,70,72,-2,2
73032,92,85,7,7
73033,135,133,2,2
73034,83,86,-3,3
73035,78,78,0,0
73036,89,85,4,4
73037,98,92,6,6
73038,74,79,-5,5
73039,117,114,3,3
73040,65,197,-132,132
73041,80,77,3,3
73042,82,79,3,3
73043,144,143,1,1
73044,64,65,-1,1
73045,144,133,11,11
73046,46,34,12,12
73047,29,33,-4,4
73048,81,79,2,2
73049,115,109,6,6
73050,99,92,7,7
73051,80,74,6,6
73052,111,103,8,8
73053,113,107,6,6
73054,119,99,20,20
73055,49,34,15,15
73056,128,120,8,8
73057,168,151,17,17
73058,52,54,-2,2
73059,115,109,6,6
73060,230,194,36,36
73061,113,127,-14,14
73062,66,64,2,2
73063,102,97,5,5
73064,52,57,-5,5
73065,94,91,3,3
73066,69,72,-3,3
73067,146,149,-3,3
73068,130,119,11,11
73069,82,73,9,9
73070,51,54,-3,3
73071,114,104,10,10
73072,58,68,-10,10
73073,70,77,-7,7
73074,74,73,1,1
73075,75,70,5,5
73076,54,54,0,0
73077,134,131,3,3
73078,46,34,12,12
73079,79,73,6,6
73080,66,74,-8,8
73081,114,112,2,2
73082,76,84,-8,8
73083,149,138,11,11
73084,126,115,11,11
73085,91,95,-4,4
73086,56,60,-4,4
73087,131,124,7,7
73088,119,126,-7,7
73089,119,114,5,5
73090,124,117,7,7
73091,142,134,8,8
73092,215,182,33,33
73093,59,62,-3,3
73094,60,62,-2,2
73095,76,79,-3,3
73096,54,50,4,4
73097,78,88,-10,10
73098,133,134,-1,1
73099,56,56,0,0
73100,79,80,-1,1
73101,74,70,4,4
73102,55,67,-12,12
73103,62,60,2,2
73104,47,45,2,2
73105,112,112,0,0
73106,112,102,10,10
73107,122,112,10,10
73108,104,99,5,5
73109,81,97,-16,16
73110,76,82,-6,6
73111,61,61,0,0
73112,230,173,57,57
73113,87,84,3,3
73114,94,85,9,9
73115,83,77,6,6
73116,154,127,27,27
73117,140,125,15,15
73118,81,84,-3,3
73119,78,74,4,4
73120,112,102,10,10
73121,133,115,18,18
73122,72,75,-3,3
73123,150,122,28,28
73124,133,125,8,8
73125,74,67,7,7
73126,122,116,6,6
73127,90,86,4,4
73128,69,66,3,3
73129,75,79,-4,4
73130,50,48,2,2
73131,135,125,10,10
73132,126,117,9,9
73133,68,85,-17,17
73134,88,85,3,3
73135,78,84,-6,6
73136,55,62,-7,7
73137,94,97,-3,3
73138,57,67,-10,10
73139,70,73,-3,3
73140,150,135,15,15
73141,67,72,-5,5
73142,78,83,-5,5
73143,82,76,6,6
73144,123,123,0,0
73145,75,69,6,6
73146,151,145,6,6
73147,79,73,6,6
73148,116,104,12,12
73149,89,82,7,7
73150,143,130,13,13
73151,94,92,2,2
73152,94,96,-2,2
73153,81,84,-3,3
73154,77,82,-5,5
73155,85,86,-1,1
73156,104,108,-4,4
73157,58,63,-5,5
73158,76,81,-5,5
73159,72,73,-1,1
73160,90,85,5,5
73161,126,129,-3,3
73162,81,80,1,1
73163,113,107,6,6
73164,72,78,-6,6
73165,111,111,0,0
73166,94,86,8,8
73167,77,74,3,3
73168,76,70,6,6
73169,91,81,10,10
73170,84,86,-2,2
73171,50,63,-13,13
73172,111,111,0,0
73173,160,147,13,13
73174,90,82,8,8
73175,165,166,-1,1
73176,153,131,22,22
73177,38,34,4,4
73178,76,90,-14,14
73179,73,73,0,0
73180,99,100,-1,1
73181,64,63,1,1
73182,148,132,16,16
73183,146,136,10,10
73184,86,85,1,1
73185,70,75,-5,5
73186,74,69,5,5
73187,102,95,7,7
73188,76,68,8,8
73189,115,99,16,16
73190,111,104,7,7
73191,67,71,-4,4
73192,120,121,-1,1
73193,72,74,-2,2
73194,93,89,4,4
73195,256,233,23,23
73196,157,145,12,12
73197,70,70,0,0
73198,95,102,-7,7
73199,99,97,2,2
73200,94,90,4,4
73201,81,75,6,6
73202,102,92,10,10
73203,107,104,3,3
73204,137,125,12,12
73205,91,90,1,1
73206,90,96,-6,6
73207,68,68,0,0
73208,59,64,-5,5
73209,86,86,0,0
73210,118,123,-5,5
73211,197,180,17,17
73212,55,58,-3,3
73213,82,78,4,4
73214,96,97,-1,1
73215,88,94,-6,6
73216,72,88,-16,16
73217,56,60,-4,4
73218,110,104,6,6
73219,75,72,3,3
73220,107,112,-5,5
73221,100,102,-2,2
73222,137,119,18,18
73223,76,76,0,0
73224,174,163,11,11
73225,101,103,-2,2
73226,85,83,2,2
73227,53,62,-9,9
73228,108,95,13,13
73229,82,77,5,5
73230,84,89,-5,5
73231,92,90,2,2
73232,125,132,-7,7
73233,93,99,-6,6
73234,54,62,-8,8
73235,113,101,12,12
73236,196,185,11,11
73237,71,67,4,4
73238,75,73,2,2
73239,46,52,-6,6
73240,107,106,1,1
73241,82,88,-6,6
73242,88,98,-10,10
73243,57,55,2,2
73244,153,132,21,21
73245,131,130,1,1
73246,111,122,-11,11
73247,136,130,6,6
73248,58,63,-5,5
73249,85,84,1,1
73250,98,90,8,8
73251,80,79,1,1
73252,82,88,-6,6
73253,74,70,4,4
73254,135,118,17,17
73255,88,88,0,0
73256,27,34,-7,7
73257,60,64,-4,4
73258,82,77,5,5
73259,176,167,9,9
73260,163,138,25,25
73261,130,128,2,2
73262,120,110,10,10
73263,143,121,22,22
73264,138,136,2,2
73265,88,84,4,4
73266,125,119,6,6
73267,81,77,4,4
73268,56,58,-2,2
73269,70,72,-2,2
73270,59,65,-6,6
73271,117,128,-11,11
73272,35,34,1,1
73273,115,104,11,11
73274,59,66,-7,7
73275,88,82,6,6
73276,124,126,-2,2
73277,110,94,16,16
73278,118,107,11,11
73279,103,91,12,12
73280,121,118,3,3
73281,78,77,1,1
73282,69,73,-4,4
73283,129,118,11,11
73284,75,70,5,5
73285,54,58,-4,4
73286,185,161,24,24
73287,105,97,8,8
73288,65,62,3,3
73289,145,123,22,22
73290,134,119,15,15
73291,102,94,8,8
73292,75,75,0,0
73293,106,99,7,7
73294,122,117,5,5
73295,42,47,-5,5
73296,144,144,0,0
73297,104,96,8,8
73298,117,106,11,11
73299,69,72,-3,3
73300,63,74,-11,11
73301,184,145,39,39
73302,96,93,3,3
73303,86,76,10,10
73304,98,96,2,2
73305,78,78,0,0
73306,91,90,1,1
73307,53,54,-1,1
73308,79,78,1,1
73309,141,127,14,14
73310,82,77,5,5
73311,49,54,-5,5
73312,109,97,12,12
73313,61,66,-5,5
73314,90,91,-1,1
73315,61,57,4,4
73316,94,103,-9,9
73317,134,132,2,2
73318,65,70,-5,5
73319,136,127,9,9
73320,164,150,14,14
73321,98,101,-3,3
73322,83,82,1,1
73323,40,34,6,6
73324,67,79,-12,12
73325,90,86,4,4
73326,62,58,4,4
73327,60,60,0,0
73328,115,100,15,15
73329,135,131,4,4
73330,75,75,0,0
73331,35,62,-27,27
73332,94,103,-9,9
73333,113,102,11,11
73334,133,124,9,9
73335,103,69,34,34
73336,108,96,12,12
73337,65,67,-2,2
73338,67,60,7,7
73339,121,112,9,9
73340,89,97,-8,8
73341,69,70,-1,1
73342,128,122,6,6
73343,99,89,10,10
73344,100,94,6,6
73345,88,74,14,14
73346,160,143,17,17
73347,94,85,9,9
73348,111,108,3,3
73349,83,75,8,8
73350,51,62,-11,11
73351,126,116,10,10
73352,150,128,22,22
73353,57,59,-2,2
73354,63,68,-5,5
73355,112,109,3,3
73356,196,177,19,19
73357,71,72,-1,1
73358,152,143,9,9
73359,87,86,1,1
73360,59,61,-2,2
73361,144,133,11,11
73362,122,110,12,12
73363,61,69,-8,8
73364,99,103,-4,4
73365,74,68,6,6
73366,68,70,-2,2
73367,92,95,-3,3
73368,147,144,3,3
73369,114,107,7,7
73370,64,66,-2,2
73371,92,79,13,13
73372,85,80,5,5
73373,100,90,10,10
73374,142,129,13,13
73375,34,33,1,1
73376,107,93,14,14
73377,110,102,8,8
73378,154,142,12,12
73379,69,70,-1,1
73380,91,97,-6,6
73381,124,110,14,14
73382,71,67,4,4
73383,61,58,3,3
73384,110,101,9,9
73385,86,95,-9,9
73386,143,127,16,16
73387,65,66,-1,1
73388,82,76,6,6
73389,90,93,-3,3
73390,156,151,5,5
73391,177,163,14,14
73392,108,102,6,6
73393,100,105,-5,5
73394,60,68,-8,8
73395,81,91,-10,10
73396,99,98,1,1
73397,63,87,-24,24
73398,87,99,-12,12
73399,53,52,1,1
73400,47,51,-4,4
73401,65,74,-9,9
73402,79,74,5,5
73403,65,68,-3,3
73404,99,99,0,0
73405,61,64,-3,3
73406,101,105,-4,4
73407,75,70,5,5
73408,99,104,-5,5
73409,84,81,3,3
73410,130,120,10,10
73411,147,129,18,18
73412,103,100,3,3
73413,48,46,2,2
73414,88,84,4,4
73415,115,102,13,13
73416,81,85,-4,4
73417,69,76,-7,7
73418,144,140,4,4
73419,103,94,9,9
73420,84,79,5,5
73421,175,166,9,9
73422,133,112,21,21
73423,88,86,2,2
73424,112,108,4,4
73425,98,98,0,0
73426,79,74,5,5
73427,65,66,-1,1
73428,75,85,-10,10
73429,101,101,0,0
73430,44,49,-5,5
73431,89,87,2,2
73432,107,103,4,4
73433,85,84,1,1
73434,42,47,-5,5
73435,86,88,-2,2
73436,92,85,7,7
73437,70,75,-5,5
73438,79,77,2,2
73439,39,56,-17,17
73440,90,85,5,5
73441,126,113,13,13
73442,116,108,8,8
73443,69,73,-4,4
73444,51,59,-8,8
73445,107,98,9,9
73446,88,86,2,2
73447,104,92,12,12
73448,81,73,8,8
73449,78,77,1,1
73450,87,88,-1,1
73451,63,74,-11,11
73452,92,91,1,1
73453,125,125,0,0
73454,113,104,9,9
73455,50,53,-3,3
73456,71,71,0,0
73457,78,78,0,0
73458,65,67,-2,2
73459,145,132,13,13
73460,64,63,1,1
73461,83,81,2,2
73462,162,138,24,24
73463,84,84,0,0
73464,149,142,7,7
73465,68,72,-4,4
73466,84,85,-1,1
73467,74,66,8,8
73468,106,101,5,5
73469,87,89,-2,2
73470,102,111,-9,9
73471,142,124,18,18
73472,159,146,13,13
73473,49,52,-3,3
73474,133,133,0,0
73475,89,85,4,4
73476,47,54,-7,7
73477,111,111,0,0
73478,79,74,5,5
73479,108,116,-8,8
73480,58,64,-6,6
73481,111,114,-3,3
73482,46,48,-2,2
73483,69,69,0,0
73484,144,138,6,6
73485,122,114,8,8
73486,114,107,7,7
73487,60,60,0,0
73488,75,79,-4,4
73489,79,78,1,1
73490,97,97,0,0
73491,177,169,8,8
73492,111,101,10,10
73493,35,34,1,1
73494,133,115,18,18
73495,58,56,2,2
73496,114,98,16,16
73497,80,83,-3,3
73498,133,110,23,23
73499,116,114,2,2
73500,88,70,18,18
73501,126,113,13,13
73502,135,120,15,15
73503,85,86,-1,1
73504,154,147,7,7
73505,118,108,10,10
73506,92,88,4,4
73507,146,145,1,1
73508,63,67,-4,4
73509,77,81,-4,4
73510,113,103,10,10
73511,110,104,6,6
73512,63,67,-4,4
73513,78,72,6,6
73514,130,118,12,12
73515,64,65,-1,1
73516,81,85,-4,4
73517,75,68,7,7
73518,41,49,-8,8
73519,139,126,13,13
73520,60,63,-3,3
73521,81,82,-1,1
73522,108,102,6,6
73523,102,96,6,6
73524,63,61,2,2
73525,111,102,9,9
73526,42,40,2,2
73527,93,92,1,1
73528,106,107,-1,1
73529,92,82,10,10
73530,87,84,3,3
73531,100,98,2,2
73532,73,74,-1,1
73533,65,63,2,2
73534,84,91,-7,7
73535,158,148,10,10
73536,73,73,0,0
73537,116,123,-7,7
73538,79,87,-8,8
73539,114,103,11,11
73540,108,104,4,4
73541,89,84,5,5
73542,65,74,-9,9
73543,123,112,11,11
73544,70,74,-4,4
73545,58,62,-4,4
73546,61,68,-7,7
73547,118,127,-9,9
73548,91,94,-3,3
73549,82,88,-6,6
73550,42,57,-15,15
73551,43,40,3,3
73552,144,125,19,19
73553,60,72,-12,12
73554,29,34,-5,5
73555,111,95,16,16
73556,69,70,-1,1
73557,192,165,27,27
73558,88,102,-14,14
73559,64,67,-3,3
73560,131,127,4,4
73561,107,108,-1,1
73562,95,101,-6,6
73563,70,72,-2,2
73564,51,49,2,2
73565,195,173,22,22
73566,77,77,0,0
73567,117,118,-1,1
73568,87,78,9,9
73569,46,43,3,3
73570,71,69,2,2
73571,65,64,1,1
73572,171,174,-3,3
73573,106,101,5,5
73574,82,81,1,1
73575,130,117,13,13
73576,58,66,-8,8
73577,105,107,-2,2
73578,121,115,6,6
73579,148,149,-1,1
73580,87,84,3,3
73581,98,98,0,0
73582,74,85,-11,11
73583,138,131,7,7
73584,95,96,-1,1
73585,104,98,6,6
73586,64,62,2,2
73587,74,76,-2,2
73588,126,102,24,24
73589,93,98,-5,5
73590,80,78,2,2
73591,62,66,-4,4
73592,56,64,-8,8
73593,91,91,0,0
73594,202,176,26,26
73595,97,96,1,1
73596,109,112,-3,3
73597,62,45,17,17
73598,156,147,9,9
73599,62,60,2,2
73600,156,149,7,7
73601,60,64,-4,4
73602,67,66,1,1
73603,109,109,0,0
73604,129,118,11,11
73605,126,114,12,12
73606,141,127,14,14
73607,117,101,16,16
73608,167,153,14,14
73609,123,124,-1,1
73610,127,113,14,14
73611,70,68,2,2
73612,67,68,-1,1
73613,93,90,3,3
73614,79,76,3,3
73615,80,81,-1,1
73616,81,87,-6,6
73617,77,74,3,3
73618,57,61,-4,4
73619,125,129,-4,4
73620,137,120,17,17
73621,98,99,-1,1
73622,76,73,3,3
73623,99,90,9,9
73624,88,88,0,0
73625,71,70,1,1
73626,85,80,5,5
73627,93,94,-1,1
73628,112,100,12,12
73629,63,67,-4,4
73630,79,92,-13,13
73631,90,92,-2,2
73632,71,69,2,2
73633,67,82,-15,15
73634,147,125,22,22
73635,57,76,-19,19
73636,61,63,-2,2
73637,100,92,8,8
73638,79,75,4,4
73639,136,108,28,28
73640,88,91,-3,3
73641,67,68,-1,1
73642,173,167,6,6
73643,111,97,14,14
73644,96,82,14,14
73645,91,85,6,6
73646,90,83,7,7
73647,93,86,7,7
73648,99,97,2,2
73649,57,58,-1,1
73650,71,67,4,4
73651,165,148,17,17
73652,91,102,-11,11
73653,59,60,-1,1
73654,103,98,5,5
73655,72,73,-1,1
73656,95,90,5,5
73657,86,78,8,8
73658,142,114,28,28
73659,92,88,4,4
73660,86,87,-1,1
73661,143,128,15,15
73662,37,34,3,3
73663,66,68,-2,2
73664,121,111,10,10
73665,89,79,10,10
73666,54,68,-14,14
73667,64,66,-2,2
73668,48,45,3,3
73669,33,34,-1,1
73670,154,141,13,13
73671,55,61,-6,6
73672,85,77,8,8
73673,68,69,-1,1
73674,88,86,2,2
73675,61,62,-1,1
73676,123,110,13,13
73677,98,96,2,2
73678,161,148,13,13
73679,53,58,-5,5
73680,68,74,-6,6
73681,131,117,14,14
73682,100,98,2,2
73683,64,63,1,1
73684,109,113,-4,4
73685,87,85,2,2
73686,78,78,0,0
73687,56,62,-6,6
73688,96,89,7,7
73689,104,98,6,6
73690,94,94,0,0
73691,66,67,-1,1
73692,106,96,10,10
73693,132,136,-4,4
73694,142,116,26,26
73695,112,115,-3,3
73696,104,79,25,25
73697,129,130,-1,1
73698,107,99,8,8
73699,137,139,-2,2
73700,81,84,-3,3
73701,57,59,-2,2
73702,126,114,12,12
73703,57,70,-13,13
73704,141,125,16,16
73705,94,90,4,4
73706,56,67,-11,11
73707,100,90,10,10
73708,65,70,-5,5
73709,153,145,8,8
73710,106,106,0,0
73711,65,67,-2,2
73712,89,90,-1,1
73713,69,63,6,6
73714,172,156,16,16
73715,74,76,-2,2
73716,55,65,-10,10
73717,95,89,6,6
73718,80,83,-3,3
73719,72,75,-3,3
73720,69,70,-1,1
73721,77,82,-5,5
73722,136,123,13,13
73723,60,59,1,1
73724,106,99,7,7
73725,98,90,8,8
73726,113,108,5,5
73727,66,67,-1,1
73728,117,107,10,10
73729,75,74,1,1
73730,123,116,7,7
73731,54,54,0,0
73732,157,159,-2,2
73733,100,92,8,8
73734,74,76,-2,2
73735,61,65,-4,4
73736,72,74,-2,2
73737,81,76,5,5
73738,138,140,-2,2
73739,137,134,3,3
73740,163,138,25,25
73741,65,75,-10,10
73742,130,125,5,5
73743,68,75,-7,7
73744,97,87,10,10
73745,167,153,14,14
73746,93,79,14,14
73747,63,68,-5,5
73748,91,86,5,5
73749,174,153,21,21
73750,138,119,19,19
73751,75,75,0,0
73752,129,129,0,0
73753,116,101,15,15
73754,47,34,13,13
73755,116,102,14,14
73756,103,94,9,9
73757,112,102,10,10
73758,133,118,15,15
73759,55,62,-7,7
73760,75,78,-3,3
73761,53,56,-3,3
73762,88,94,-6,6
73763,132,121,11,11
73764,35,34,1,1
73765,45,53,-8,8
73766,67,69,-2,2
73767,124,105,19,19
73768,148,133,15,15
73769,138,120,18,18
73770,98,90,8,8
73771,81,77,4,4
73772,54,57,-3,3
73773,35,34,1,1
73774,69,65,4,4
73775,66,66,0,0
73776,116,105,11,11
73777,86,84,2,2
73778,95,94,1,1
73779,95,95,0,0
73780,61,62,-1,1
73781,79,79,0,0
73782,74,94,-20,20
73783,117,112,5,5
73784,63,68,-5,5
73785,138,115,23,23
73786,125,122,3,3
73787,95,93,2,2
73788,66,68,-2,2
73789,53,58,-5,5
73790,83,83,0,0
73791,60,68,-8,8
73792,52,57,-5,5
73793,55,56,-1,1
73794,100,102,-2,2
73795,91,107,-16,16
73796,87,86,1,1
73797,63,58,5,5
73798,122,96,26,26
73799,75,73,2,2
73800,57,67,-10,10
73801,55,62,-7,7
73802,110,96,14,14
73803,88,91,-3,3
73804,155,157,-2,2
73805,96,97,-1,1
73806,81,78,3,3
73807,102,96,6,6
73808,141,120,21,21
73809,105,98,7,7
73810,68,68,0,0
73811,80,75,5,5
73812,94,98,-4,4
73813,60,62,-2,2
73814,107,91,16,16
73815,112,108,4,4
73816,92,94,-2,2
73817,86,77,9,9
73818,131,110,21,21
73819,62,60,2,2
73820,146,140,6,6
73821,67,78,-11,11
73822,77,82,-5,5
73823,101,100,1,1
73824,80,73,7,7
73825,97,84,13,13
73826,140,126,14,14
73827,128,137,-9,9
73828,108,109,-1,1
73829,91,86,5,5
73830,91,95,-4,4
73831,87,80,7,7
73832,151,129,22,22
73833,91,92,-1,1
73834,161,143,18,18
73835,60,66,-6,6
73836,135,122,13,13
73837,73,88,-15,15
73838,88,100,-12,12
73839,71,69,2,2
73840,80,82,-2,2
73841,50,52,-2,2
73842,106,100,6,6
73843,66,67,-1,1
73844,90,93,-3,3
73845,122,112,10,10
73846,99,93,6,6
73847,73,72,1,1
73848,60,62,-2,2
73849,63,59,4,4
73850,105,120,-15,15
73851,34,34,0,0
73852,74,83,-9,9
73853,122,111,11,11
73854,123,108,15,15
73855,66,63,3,3
73856,122,112,10,10
73857,114,102,12,12
73858,165,156,9,9
73859,139,145,-6,6
73860,58,49,9,9
73861,70,71,-1,1
73862,71,68,3,3
73863,158,173,-15,15
73864,66,65,1,1
73865,166,131,35,35
73866,129,127,2,2
73867,91,88,3,3
73868,109,126,-17,17
73869,118,126,-8,8
73870,90,91,-1,1
73871,125,114,11,11
73872,94,86,8,8
73873,107,96,11,11
73874,144,122,22,22
73875,83,79,4,4
73876,71,76,-5,5
73877,93,91,2,2
73878,103,100,3,3
73879,78,77,1,1
73880,33,76,-43,43
73881,44,81,-37,37
73882,129,118,11,11
73883,210,186,24,24
73884,98,92,6,6
73885,60,75,-15,15
73886,110,99,11,11
73887,56,61,-5,5
73888,149,133,16,16
73889,86,85,1,1
73890,101,97,4,4
73891,80,74,6,6
73892,96,92,4,4
73893,66,68,-2,2
73894,73,75,-2,2
73895,87,75,12,12
73896,73,67,6,6
73897,96,87,9,9
73898,36,42,-6,6
73899,171,191,-20,20
73900,125,119,6,6
73901,82,84,-2,2
73902,79,73,6,6
73903,148,134,14,14
73904,137,125,12,12
73905,82,84,-2,2
73906,72,94,-22,22
73907,57,61,-4,4
73908,162,157,5,5
73909,148,129,19,19
73910,82,76,6,6
73911,76,73,3,3
73912,72,68,4,4
73913,42,34,8,8
73914,102,103,-1,1
73915,61,67,-6,6
73916,107,102,5,5
73917,72,70,2,2
73918,117,125,-8,8
73919,70,68,2,2
73920,60,62,-2,2
73921,110,94,16,16
73922,94,92,2,2
73923,121,124,-3,3
73924,102,97,5,5
73925,61,65,-4,4
73926,69,73,-4,4
73927,51,65,-14,14
73928,113,120,-7,7
73929,148,164,-16,16
73930,129,110,19,19
73931,60,62,-2,2
73932,82,97,-15,15
73933,149,133,16,16
73934,64,61,3,3
73935,95,96,-1,1
73936,105,100,5,5
73937,129,123,6,6
73938,140,131,9,9
73939,143,141,2,2
73940,67,65,2,2
73941,81,83,-2,2
73942,131,115,16,16
73943,61,60,1,1
73944,95,91,4,4
73945,121,112,9,9
73946,96,84,12,12
73947,159,131,28,28
73948,51,57,-6,6
73949,72,76,-4,4
73950,83,82,1,1
73951,114,107,7,7
73952,90,90,0,0
73953,72,71,1,1
73954,88,81,7,7
73955,149,132,17,17
73956,69,66,3,3
73957,67,71,-4,4
73958,65,74,-9,9
73959,119,119,0,0
73960,146,128,18,18
73961,75,85,-10,10
73962,175,151,24,24
73963,109,111,-2,2
73964,80,78,2,2
73965,99,89,10,10
73966,137,128,9,9
73967,77,92,-15,15
73968,44,71,-27,27
73969,96,89,7,7
73970,55,59,-4,4
73971,113,102,11,11
73972,108,102,6,6
73973,55,58,-3,3
73974,138,115,23,23
73975,74,73,1,1
73976,69,73,-4,4
73977,131,123,8,8
73978,129,154,-25,25
73979,103,102,1,1
73980,50,54,-4,4
73981,90,90,0,0
73982,42,34,8,8
73983,140,150,-10,10
73984,76,92,-16,16
73985,113,103,10,10
73986,43,54,-11,11
73987,73,83,-10,10
73988,116,111,5,5
73989,112,114,-2,2
73990,126,122,4,4
73991,98,103,-5,5
73992,83,80,3,3
73993,51,49,2,2
73994,73,89,-16,16
73995,220,184,36,36
73996,72,79,-7,7
73997,63,66,-3,3
73998,107,105,2,2
73999,90,84,6,6
74000,50,59,-9,9
74001,100,92,8,8
74002,126,111,15,15
74003,73,74,-1,1
74004,88,90,-2,2
74005,65,76,-11,11
74006,73,69,4,4
74007,83,84,-1,1
74008,118,117,1,1
74009,77,72,5,5
74010,175,160,15,15
74011,101,96,5,5
74012,72,70,2,2
74013,84,84,0,0
74014,320,347,-27,27
74015,86,97,-11,11
74016,48,52,-4,4
74017,82,74,8,8
74018,111,99,12,12
74019,83,83,0,0
74020,105,117,-12,12
74021,87,91,-4,4
74022,92,90,2,2
74023,106,102,4,4
74024,179,166,13,13
74025,123,108,15,15
74026,68,74,-6,6
74027,52,48,4,4
74028,155,128,27,27
74029,97,106,-9,9
74030,78,80,-2,2
74031,52,52,0,0
74032,62,65,-3,3
74033,92,90,2,2
74034,113,103,10,10
74035,141,129,12,12
74036,66,72,-6,6
74037,97,87,10,10
74038,80,97,-17,17
74039,71,91,-20,20
74040,117,108,9,9
74041,202,183,19,19
74042,89,81,8,8
74043,65,73,-8,8
74044,83,89,-6,6
74045,151,135,16,16
74046,68,65,3,3
74047,84,86,-2,2
74048,114,105,9,9
74049,67,69,-2,2
74050,48,44,4,4
74051,108,106,2,2
74052,159,136,23,23
74053,84,80,4,4
74054,153,135,18,18
74055,52,69,-17,17
74056,159,147,12,12
74057,118,115,3,3
74058,83,86,-3,3
74059,50,53,-3,3
74060,125,115,10,10
74061,41,87,-46,46
74062,62,73,-11,11
74063,85,76,9,9
74064,133,129,4,4
74065,129,117,12,12
74066,97,97,0,0
74067,102,100,2,2
74068,23,33,-10,10
74069,74,78,-4,4
74070,41,53,-12,12
74071,108,110,-2,2
74072,104,100,4,4
74073,108,93,15,15
74074,97,95,2,2
74075,74,76,-2,2
74076,94,90,4,4
74077,78,77,1,1
74078,117,117,0,0
74079,119,116,3,3
74080,60,56,4,4
74081,86,81,5,5
74082,84,84,0,0
74083,72,72,0,0
74084,93,96,-3,3
74085,72,73,-1,1
74086,156,133,23,23
74087,73,75,-2,2
74088,108,97,11,11
74089,126,132,-6,6
74090,93,93,0,0
74091,79,71,8,8
74092,181,148,33,33
74093,83,77,6,6
74094,119,114,5,5
74095,71,71,0,0
74096,77,72,5,5
74097,104,116,-12,12
74098,72,77,-5,5
74099,68,69,-1,1
74100,98,94,4,4
74101,57,77,-20,20
74102,80,104,-24,24
74103,73,75,-2,2
74104,191,163,28,28
74105,100,90,10,10
74106,132,114,18,18
74107,40,34,6,6
74108,54,57,-3,3
74109,154,144,10,10
74110,139,128,11,11
74111,107,103,4,4
74112,128,115,13,13
74113,133,119,14,14
74114,83,73,10,10
74115,63,83,-20,20
74116,81,79,2,2
74117,163,146,17,17
74118,109,103,6,6
74119,63,64,-1,1
74120,90,90,0,0
74121,81,90,-9,9
74122,66,65,1,1
74123,120,121,-1,1
74124,89,82,7,7
74125,67,70,-3,3
74126,85,86,-1,1
74127,78,78,0,0
74128,75,79,-4,4
74129,198,180,18,18
74130,92,89,3,3
74131,118,103,15,15
74132,57,63,-6,6
74133,155,143,12,12
74134,86,81,5,5
74135,67,64,3,3
74136,178,144,34,34
74137,68,70,-2,2
74138,85,84,1,1
74139,79,81,-2,2
74140,93,83,10,10
74141,50,59,-9,9
74142,58,60,-2,2
74143,104,102,2,2
74144,100,93,7,7
74145,201,180,21,21
74146,105,104,1,1
74147,105,105,0,0
74148,90,89,1,1
74149,68,75,-7,7
74150,74,79,-5,5
74151,60,61,-1,1
74152,59,72,-13,13
74153,97,100,-3,3
74154,87,82,5,5
74155,55,66,-11,11
74156,111,101,10,10
74157,119,101,18,18
74158,115,112,3,3
74159,59,57,2,2
74160,61,63,-2,2
74161,30,47,-17,17
74162,96,90,6,6
74163,131,107,24,24
74164,183,171,12,12
74165,161,160,1,1
74166,146,140,6,6
74167,200,176,24,24
74168,100,97,3,3
74169,114,107,7,7
74170,108,102,6,6
74171,73,72,1,1
74172,75,71,4,4
74173,72,73,-1,1
74174,143,146,-3,3
74175,101,91,10,10
74176,66,69,-3,3
74177,164,141,23,23
74178,85,84,1,1
74179,88,86,2,2
74180,98,97,1,1
74181,54,94,-40,40
74182,95,95,0,0
74183,64,70,-6,6
74184,144,135,9,9
74185,105,100,5,5
74186,102,105,-3,3
74187,114,92,22,22
74188,54,58,-4,4
74189,112,102,10,10
74190,181,157,24,24
74191,110,98,12,12
74192,75,67,8,8
74193,51,62,-11,11
74194,98,92,6,6
74195,85,85,0,0
74196,54,63,-9,9
74197,57,62,-5,5
74198,77,85,-8,8
74199,66,78,-12,12
74200,84,75,9,9
74201,102,102,0,0
74202,124,121,3,3
74203,129,120,9,9
74204,195,183,12,12
74205,111,107,4,4
74206,109,114,-5,5
74207,68,67,1,1
74208,57,57,0,0
74209,76,87,-11,11
74210,99,93,6,6
74211,78,84,-6,6
74212,124,121,3,3
74213,83,76,7,7
74214,82,74,8,8
74215,73,70,3,3
74216,66,68,-2,2
74217,102,99,3,3
74218,107,110,-3,3
74219,101,93,8,8
74220,119,116,3,3
74221,120,127,-7,7
74222,69,72,-3,3
74223,80,93,-13,13
74224,113,106,7,7
74225,63,69,-6,6
74226,94,82,12,12
74227,146,139,7,7
74228,109,101,8,8
74229,117,103,14,14
74230,66,70,-4,4
74231,151,126,25,25
74232,60,59,1,1
74233,146,152,-6,6
74234,135,125,10,10
74235,90,78,12,12
74236,48,54,-6,6
74237,71,71,0,0
74238,155,146,9,9
74239,86,76,10,10
74240,111,119,-8,8
74241,96,92,4,4
74242,137,145,-8,8
74243,81,84,-3,3
74244,60,66,-6,6
74245,83,90,-7,7
74246,106,101,5,5
74247,67,73,-6,6
74248,52,57,-5,5
74249,104,95,9,9
74250,73,79,-6,6
74251,87,82,5,5
74252,148,143,5,5
74253,77,71,6,6
74254,92,93,-1,1
74255,201,180,21,21
74256,50,55,-5,5
74257,149,140,9,9
74258,150,127,23,23
74259,89,98,-9,9
74260,131,118,13,13
74261,73,68,5,5
74262,83,88,-5,5
74263,155,143,12,12
74264,80,63,17,17
74265,128,121,7,7
74266,59,59,0,0
74267,85,91,-6,6
74268,87,100,-13,13
74269,85,80,5,5
74270,72,68,4,4
74271,72,79,-7,7
74272,56,61,-5,5
74273,127,121,6,6
74274,73,70,3,3
74275,94,80,14,14
74276,72,70,2,2
74277,48,43,5,5
74278,130,112,18,18
74279,103,88,15,15
74280,96,80,16,16
74281,140,137,3,3
74282,63,69,-6,6
74283,61,61,0,0
74284,78,76,2,2
74285,75,70,5,5
74286,81,87,-6,6
74287,79,81,-2,2
74288,94,92,2,2
74289,117,111,6,6
74290,59,60,-1,1
74291,84,80,4,4
74292,149,137,12,12
74293,109,108,1,1
74294,46,59,-13,13
74295,131,115,16,16
74296,118,105,13,13
74297,83,91,-8,8
74298,68,87,-19,19
74299,70,87,-17,17
74300,49,54,-5,5
74301,73,72,1,1
74302,132,128,4,4
74303,93,82,11,11
74304,159,151,8,8
74305,107,105,2,2
74306,185,162,23,23
74307,143,135,8,8
74308,60,69,-9,9
74309,78,72,6,6
74310,106,105,1,1
74311,98,85,13,13
74312,101,86,15,15
74313,39,59,-20,20
74314,104,103,1,1
74315,51,64,-13,13
74316,88,79,9,9
74317,83,82,1,1
74318,116,126,-10,10
74319,59,60,-1,1
74320,88,85,3,3
74321,206,167,39,39
74322,147,122,25,25
74323,40,49,-9,9
74324,45,49,-4,4
74325,89,88,1,1
74326,146,134,12,12
74327,76,83,-7,7
74328,92,74,18,18
74329,35,34,1,1
74330,77,93,-16,16
74331,104,106,-2,2
74332,97,89,8,8
74333,135,123,12,12
74334,63,65,-2,2
74335,54,59,-5,5
74336,117,116,1,1
74337,79,75,4,4
74338,64,70,-6,6
74339,63,65,-2,2
74340,63,65,-2,2
74341,80,81,-1,1
74342,136,128,8,8
74343,106,93,13,13
74344,76,73,3,3
74345,80,79,1,1
74346,126,117,9,9
74347,96,86,10,10
74348,56,55,1,1
74349,124,120,4,4
74350,137,128,9,9
74351,63,68,-5,5
74352,59,65,-6,6
74353,102,95,7,7
74354,41,34,7,7
74355,84,86,-2,2
74356,99,97,2,2
74357,108,112,-4,4
74358,125,121,4,4
74359,115,108,7,7
74360,84,82,2,2
74361,100,102,-2,2
74362,128,124,4,4
74363,60,64,-4,4
74364,77,82,-5,5
74365,63,60,3,3
74366,90,98,-8,8
74367,64,74,-10,10
74368,61,55,6,6
74369,99,101,-2,2
74370,97,97,0,0
74371,65,60,5,5
74372,99,99,0,0
74373,181,160,21,21
74374,83,86,-3,3
74375,102,100,2,2
74376,136,139,-3,3
74377,56,57,-1,1
74378,132,124,8,8
74379,76,76,0,0
74380,101,94,7,7
74381,110,90,20,20
74382,51,51,0,0
74383,60,68,-8,8
74384,127,122,5,5
74385,81,105,-24,24
74386,59,61,-2,2
74387,82,80,2,2
74388,103,93,10,10
74389,99,93,6,6
74390,50,34,16,16
74391,85,98,-13,13
74392,67,61,6,6
74393,125,113,12,12
74394,93,88,5,5
74395,116,107,9,9
74396,68,76,-8,8
74397,77,75,2,2
74398,95,93,2,2
74399,59,67,-8,8
74400,111,98,13,13
74401,79,81,-2,2
74402,84,88,-4,4
74403,89,92,-3,3
74404,164,151,13,13
74405,72,72,0,0
74406,78,80,-2,2
74407,149,149,0,0
74408,95,78,17,17
74409,85,66,19,19
74410,96,93,3,3
74411,72,67,5,5
74412,112,95,17,17
74413,77,74,3,3
74414,40,39,1,1
74415,110,108,2,2
74416,59,71,-12,12
74417,107,101,6,6
74418,66,75,-9,9
74419,87,81,6,6
74420,72,74,-2,2
74421,85,91,-6,6
74422,49,53,-4,4
74423,72,76,-4,4
74424,156,148,8,8
74425,75,59,16,16
74426,83,72,11,11
74427,107,101,6,6
74428,97,91,6,6
74429,108,101,7,7
74430,89,79,10,10
74431,103,111,-8,8
74432,133,128,5,5
74433,56,56,0,0
74434,77,76,1,1
74435,88,84,4,4
74436,106,105,1,1
74437,134,134,0,0
74438,81,86,-5,5
74439,126,119,7,7
74440,69,72,-3,3
74441,120,154,-34,34
74442,121,109,12,12
74443,62,67,-5,5
74444,85,79,6,6
74445,93,88,5,5
74446,111,104,7,7
74447,99,113,-14,14
74448,50,57,-7,7
74449,98,107,-9,9
74450,83,72,11,11
74451,94,101,-7,7
74452,144,137,7,7
74453,49,55,-6,6
74454,46,36,10,10
74455,87,93,-6,6
74456,80,80,0,0
74457,150,121,29,29
74458,67,73,-6,6
74459,39,34,5,5
74460,82,71,11,11
74461,76,76,0,0
74462,56,60,-4,4
74463,33,37,-4,4
74464,95,88,7,7
74465,67,60,7,7
74466,87,90,-3,3
74467,101,95,6,6
74468,62,63,-1,1
74469,62,73,-11,11
74470,93,84,9,9
74471,71,62,9,9
74472,79,80,-1,1
74473,86,82,4,4
74474,70,74,-4,4
74475,117,106,11,11
74476,51,62,-11,11
74477,168,154,14,14
74478,120,103,17,17
74479,99,94,5,5
74480,73,80,-7,7
74481,120,116,4,4
74482,136,125,11,11
74483,57,64,-7,7
74484,89,84,5,5
74485,89,93,-4,4
74486,81,86,-5,5
74487,72,63,9,9
74488,104,98,6,6
74489,141,129,12,12
74490,79,77,2,2
74491,167,151,16,16
74492,86,85,1,1
74493,138,119,19,19
74494,66,67,-1,1
74495,59,61,-2,2
74496,110,119,-9,9
74497,82,76,6,6
74498,92,89,3,3
74499,62,63,-1,1
74500,82,73,9,9
74501,62,68,-6,6
74502,94,87,7,7
74503,135,148,-13,13
74504,227,233,-6,6
74505,85,81,4,4
74506,74,84,-10,10
74507,106,134,-28,28
74508,52,59,-7,7
74509,96,105,-9,9
74510,97,96,1,1
74511,143,136,7,7
74512,84,72,12,12
74513,77,69,8,8
74514,49,51,-2,2
74515,116,108,8,8
74516,67,90,-23,23
74517,74,82,-8,8
74518,83,81,2,2
74519,77,75,2,2
74520,113,109,4,4
74521,125,113,12,12
74522,59,60,-1,1
74523,62,66,-4,4
74524,148,138,10,10
74525,56,66,-10,10
74526,85,95,-10,10
74527,158,134,24,24
74528,79,85,-6,6
74529,87,79,8,8
74530,115,138,-23,23
74531,62,63,-1,1
74532,78,76,2,2
74533,107,93,14,14
74534,129,119,10,10
74535,109,97,12,12
74536,46,54,-8,8
74537,73,69,4,4
74538,47,42,5,5
74539,57,59,-2,2
74540,136,133,3,3
74541,74,72,2,2
74542,73,72,1,1
74543,117,108,9,9
74544,64,45,19,19
74545,65,74,-9,9
74546,61,64,-3,3
74547,40,52,-12,12
74548,84,79,5,5
74549,96,96,0,0
74550,108,95,13,13
74551,148,139,9,9
74552,111,105,6,6
74553,131,131,0,0
74554,55,63,-8,8
74555,132,122,10,10
74556,156,121,35,35
74557,68,67,1,1
74558,109,91,18,18
74559,65,64,1,1
74560,78,71,7,7
74561,136,123,13,13
74562,190,186,4,4
74563,157,148,9,9
74564,110,110,0,0
74565,50,59,-9,9
74566,123,125,-2,2
74567,127,118,9,9
74568,88,87,1,1
74569,116,107,9,9
74570,85,88,-3,3
74571,116,105,11,11
74572,181,165,16,16
74573,87,92,-5,5
74574,135,134,1,1
74575,64,75,-11,11
74576,92,86,6,6
74577,59,64,-5,5
74578,81,72,9,9
74579,71,70,1,1
74580,130,130,0,0
74581,96,87,9,9
74582,86,80,6,6
74583,107,121,-14,14
74584,118,108,10,10
74585,93,91,2,2
74586,88,91,-3,3
74587,54,63,-9,9
74588,101,100,1,1
74589,58,64,-6,6
74590,109,97,12,12
74591,106,110,-4,4
74592,139,131,8,8
74593,50,56,-6,6
74594,168,159,9,9
74595,115,116,-1,1
74596,70,74,-4,4
74597,92,86,6,6
74598,133,125,8,8
74599,74,76,-2,2
74600,159,155,4,4
74601,120,117,3,3
74602,84,98,-14,14
74603,103,103,0,0
74604,183,149,34,34
74605,139,124,15,15
74606,86,78,8,8
74607,82,82,0,0
74608,61,71,-10,10
74609,123,97,26,26
74610,87,87,0,0
74611,135,129,6,6
74612,99,90,9,9
74613,74,72,2,2
74614,74,78,-4,4
74615,139,133,6,6
74616,85,83,2,2
74617,70,76,-6,6
74618,106,101,5,5
74619,123,117,6,6
74620,100,97,3,3
74621,61,63,-2,2
74622,92,89,3,3
74623,132,130,2,2
74624,59,65,-6,6
74625,226,202,24,24
74626,84,78,6,6
74627,165,167,-2,2
74628,83,90,-7,7
74629,115,107,8,8
74630,159,138,21,21
74631,93,83,10,10
74632,126,127,-1,1
74633,51,53,-2,2
74634,118,111,7,7
74635,80,70,10,10
74636,161,138,23,23
74637,91,88,3,3
74638,83,83,0,0
74639,91,87,4,4
74640,234,214,20,20
74641,78,73,5,5
74642,101,94,7,7
74643,72,71,1,1
74644,92,75,17,17
74645,44,58,-14,14
74646,76,78,-2,2
74647,106,97,9,9
74648,119,107,12,12
74649,111,92,19,19
74650,111,111,0,0
74651,105,96,9,9
74652,62,67,-5,5
74653,113,113,0,0
74654,94,99,-5,5
74655,155,137,18,18
74656,59,60,-1,1
74657,86,94,-8,8
74658,61,60,1,1
74659,198,171,27,27
74660,83,81,2,2
74661,50,61,-11,11
74662,126,118,8,8
74663,95,89,6,6
74664,95,86,9,9
74665,24,33,-9,9
74666,90,91,-1,1
74667,47,47,0,0
74668,64,73,-9,9
74669,107,107,0,0
74670,94,85,9,9
74671,77,76,1,1
74672,111,120,-9,9
74673,107,103,4,4
74674,33,32,1,1
74675,73,72,1,1
74676,63,68,-5,5
74677,90,91,-1,1
74678,89,144,-55,55
74679,79,73,6,6
74680,128,121,7,7
74681,91,88,3,3
74682,114,105,9,9
74683,103,92,11,11
74684,61,47,14,14
74685,122,127,-5,5
74686,114,108,6,6
74687,143,132,11,11
74688,75,74,1,1
74689,66,67,-1,1
74690,90,91,-1,1
74691,108,94,14,14
74692,74,75,-1,1
74693,137,132,5,5
74694,121,107,14,14
74695,85,100,-15,15
74696,47,55,-8,8
74697,51,64,-13,13
74698,79,72,7,7
74699,80,75,5,5
74700,111,104,7,7
74701,126,130,-4,4
74702,37,34,3,3
74703,87,83,4,4
74704,102,98,4,4
74705,73,75,-2,2
74706,81,94,-13,13
74707,85,73,12,12
74708,127,115,12,12
74709,127,110,17,17
74710,93,102,-9,9
74711,122,118,4,4
74712,175,150,25,25
74713,96,94,2,2
74714,88,80,8,8
74715,162,136,26,26
74716,124,129,-5,5
74717,42,34,8,8
74718,90,90,0,0
74719,91,92,-1,1
74720,129,121,8,8
74721,53,60,-7,7
74722,75,76,-1,1
74723,88,87,1,1
74724,70,65,5,5
74725,185,170,15,15
74726,105,97,8,8
74727,128,116,12,12
74728,103,96,7,7
74729,100,102,-2,2
74730,71,74,-3,3
74731,157,133,24,24
74732,103,105,-2,2
74733,118,115,3,3
74734,140,172,-32,32
74735,102,99,3,3
74736,71,69,2,2
74737,143,141,2,2
74738,58,66,-8,8
74739,96,98,-2,2
74740,112,109,3,3
74741,85,85,0,0
74742,92,101,-9,9
74743,81,85,-4,4
74744,102,98,4,4
74745,43,60,-17,17
74746,87,81,6,6
74747,118,114,4,4
74748,85,76,9,9
74749,100,99,1,1
74750,83,91,-8,8
74751,83,69,14,14
74752,89,86,3,3
74753,50,54,-4,4
74754,134,124,10,10
74755,65,61,4,4
74756,72,75,-3,3
74757,75,71,4,4
74758,78,77,1,1
74759,81,86,-5,5
74760,105,111,-6,6
74761,67,65,2,2
74762,136,73,63,63
74763,86,96,-10,10
74764,139,129,10,10
74765,78,74,4,4
74766,38,34,4,4
74767,78,75,3,3
74768,59,59,0,0
74769,91,84,7,7
74770,152,138,14,14
74771,148,149,-1,1
74772,108,100,8,8
74773,77,73,4,4
74774,83,75,8,8
74775,89,84,5,5
74776,104,94,10,10
74777,117,116,1,1
74778,151,139,12,12
74779,45,54,-9,9
74780,60,57,3,3
74781,125,120,5,5
74782,41,37,4,4
74783,49,54,-5,5
74784,140,128,12,12
74785,90,92,-2,2
74786,93,95,-2,2
74787,100,85,15,15
74788,125,114,11,11
74789,114,110,4,4
74790,128,120,8,8
74791,60,62,-2,2
74792,191,171,20,20
74793,140,138,2,2
74794,82,91,-9,9
74795,76,71,5,5
74796,117,111,6,6
74797,83,88,-5,5
74798,82,79,3,3
74799,122,124,-2,2
74800,60,64,-4,4
74801,117,110,7,7
74802,96,87,9,9
74803,115,110,5,5
74804,134,125,9,9
74805,109,104,5,5
74806,91,84,7,7
74807,72,73,-1,1
74808,96,88,8,8
74809,80,82,-2,2
74810,71,73,-2,2
74811,95,83,12,12
74812,101,97,4,4
74813,67,65,2,2
74814,87,91,-4,4
74815,89,87,2,2
74816,62,65,-3,3
74817,126,146,-20,20
74818,78,84,-6,6
74819,100,101,-1,1
74820,96,89,7,7
74821,100,97,3,3
74822,59,66,-7,7
74823,93,89,4,4
74824,120,113,7,7
74825,70,73,-3,3
74826,46,48,-2,2
74827,153,140,13,13
74828,91,90,1,1
74829,94,92,2,2
74830,74,88,-14,14
74831,87,75,12,12
74832,76,76,0,0
74833,56,62,-6,6
74834,104,118,-14,14
74835,126,121,5,5
74836,115,109,6,6
74837,107,109,-2,2
74838,41,54,-13,13
74839,75,70,5,5
74840,76,80,-4,4
74841,75,77,-2,2
74842,50,57,-7,7
74843,118,114,4,4
74844,131,123,8,8
74845,92,130,-38,38
74846,113,104,9,9
74847,126,109,17,17
74848,65,73,-8,8
74849,128,117,11,11
74850,89,89,0,0
74851,100,90,10,10
74852,85,81,4,4
74853,166,145,21,21
74854,100,111,-11,11
74855,119,114,5,5
74856,72,69,3,3
74857,78,79,-1,1
74858,70,65,5,5
74859,84,82,2,2
74860,56,55,1,1
74861,18,29,-11,11
74862,75,76,-1,1
74863,107,112,-5,5
74864,86,76,10,10
74865,128,123,5,5
74866,99,103,-4,4
74867,69,75,-6,6
74868,130,119,11,11
74869,127,121,6,6
74870,188,169,19,19
74871,99,99,0,0
74872,83,79,4,4
74873,105,90,15,15
74874,56,62,-6,6
74875,84,83,1,1
74876,43,55,-12,12
74877,104,112,-8,8
74878,93,93,0,0
74879,111,113,-2,2
74880,106,114,-8,8
74881,77,73,4,4
74882,74,71,3,3
74883,138,132,6,6
74884,47,37,10,10
74885,158,147,11,11
74886,111,110,1,1
74887,84,87,-3,3
74888,129,127,2,2
74889,76,79,-3,3
74890,84,81,3,3
74891,67,68,-1,1
74892,61,54,7,7
74893,107,96,11,11
74894,79,70,9,9
74895,112,118,-6,6
74896,53,56,-3,3
74897,84,81,3,3
74898,46,45,1,1
74899,115,105,10,10
74900,48,42,6,6
74901,51,52,-1,1
74902,73,86,-13,13
74903,81,100,-19,19
74904,53,58,-5,5
74905,144,131,13,13
74906,93,87,6,6
74907,63,76,-13,13
74908,47,43,4,4
74909,117,102,15,15
74910,172,117,55,55
74911,57,64,-7,7
74912,143,134,9,9
74913,108,108,0,0
74914,140,123,17,17
74915,70,72,-2,2
74916,96,92,4,4
74917,107,107,0,0
74918,116,107,9,9
74919,120,115,5,5
74920,60,54,6,6
74921,77,80,-3,3
74922,112,110,2,2
74923,97,105,-8,8
74924,183,179,4,4
74925,95,92,3,3
74926,92,88,4,4
74927,76,89,-13,13
74928,99,99,0,0
74929,85,76,9,9
74930,76,79,-3,3
74931,93,94,-1,1
74932,50,59,-9,9
74933,55,61,-6,6
74934,88,86,2,2
74935,97,104,-7,7
74936,83,83,0,0
74937,54,49,5,5
74938,86,79,7,7
74939,77,84,-7,7
74940,282,291,-9,9
74941,136,125,11,11
74942,91,82,9,9
74943,150,156,-6,6
74944,66,71,-5,5
74945,71,79,-8,8
74946,87,81,6,6
74947,87,92,-5,5
74948,119,117,2,2
74949,148,130,18,18
74950,117,110,7,7
74951,85,87,-2,2
74952,97,92,5,5
74953,49,56,-7,7
74954,103,105,-2,2
74955,38,34,4,4
74956,86,94,-8,8
74957,49,46,3,3
74958,103,93,10,10
74959,103,121,-18,18
74960,45,41,4,4
74961,103,99,4,4
74962,83,75,8,8
74963,95,87,8,8
74964,60,70,-10,10
74965,102,100,2,2
74966,138,143,-5,5
74967,83,81,2,2
74968,95,95,0,0
74969,96,94,2,2
74970,150,144,6,6
74971,53,54,-1,1
74972,133,114,19,19
74973,45,52,-7,7
74974,50,48,2,2
74975,35,87,-52,52
74976,103,90,13,13
74977,58,58,0,0
74978,72,76,-4,4
74979,100,102,-2,2
74980,95,89,6,6
74981,109,98,11,11
74982,57,70,-13,13
74983,68,87,-19,19
74984,89,84,5,5
74985,129,119,10,10
74986,118,111,7,7
74987,114,109,5,5
74988,112,102,10,10
74989,103,94,9,9
74990,95,91,4,4
74991,130,132,-2,2
74992,95,82,13,13
74993,129,123,6,6
74994,84,80,4,4
74995,103,107,-4,4
74996,146,138,8,8
74997,84,91,-7,7
74998,143,132,11,11
74999,84,85,-1,1
75000,69,76,-7,7
75001,94,98,-4,4
75002,56,74,-18,18
75003,133,130,3,3
75004,49,60,-11,11
75005,58,56,2,2
75006,122,105,17,17
75007,117,111,6,6
75008,87,81,6,6
75009,113,110,3,3
75010,60,64,-4,4
75011,65,65,0,0
75012,103,99,4,4
75013,152,133,19,19
75014,121,116,5,5
75015,119,110,9,9
75016,47,55,-8,8
75017,113,102,11,11
75018,101,98,3,3
75019,73,82,-9,9
75020,88,96,-8,8
75021,156,136,20,20
75022,99,89,10,10
75023,86,85,1,1
75024,101,101,0,0
75025,91,87,4,4
75026,59,63,-4,4
75027,72,74,-2,2
75028,111,95,16,16
75029,108,100,8,8
75030,78,77,1,1
75031,63,71,-8,8
75032,97,98,-1,1
75033,76,75,1,1
75034,94,103,-9,9
75035,83,80,3,3
75036,72,71,1,1
75037,113,97,16,16
75038,126,118,8,8
75039,86,95,-9,9
75040,67,63,4,4
75041,149,136,13,13
75042,89,81,8,8
75043,115,107,8,8
75044,111,95,16,16
75045,135,135,0,0
75046,54,61,-7,7
75047,123,121,2,2
75048,82,88,-6,6
75049,26,34,-8,8
75050,66,68,-2,2
75051,117,104,13,13
75052,135,138,-3,3
75053,70,68,2,2
75054,59,59,0,0
75055,141,137,4,4
75056,64,63,1,1
75057,126,125,1,1
75058,97,92,5,5
75059,54,57,-3,3
75060,99,92,7,7
75061,138,122,16,16
75062,130,129,1,1
75063,111,89,22,22
75064,81,80,1,1
75065,97,92,5,5
75066,146,136,10,10
75067,92,84,8,8
75068,68,59,9,9
75069,70,74,-4,4
75070,79,71,8,8
75071,57,69,-12,12
75072,70,66,4,4
75073,52,60,-8,8
75074,82,90,-8,8
75075,72,74,-2,2
75076,86,80,6,6
75077,124,110,14,14
75078,71,69,2,2
75079,75,61,14,14
75080,111,100,11,11
75081,85,75,10,10
75082,77,74,3,3
75083,116,114,2,2
75084,121,125,-4,4
75085,63,62,1,1
75086,65,65,0,0
75087,92,93,-1,1
75088,115,106,9,9
75089,62,62,0,0
75090,90,85,5,5
75091,50,55,-5,5
75092,81,86,-5,5
75093,33,33,0,0
75094,141,129,12,12
75095,51,54,-3,3
75096,32,34,-2,2
75097,89,100,-11,11
75098,117,112,5,5
75099,97,100,-3,3
75100,92,84,8,8
75101,71,69,2,2
75102,76,76,0,0
75103,42,34,8,8
75104,84,90,-6,6
75105,87,91,-4,4
75106,153,139,14,14
75107,91,89,2,2
75108,59,79,-20,20
75109,69,69,0,0
75110,109,96,13,13
75111,115,103,12,12
75112,169,162,7,7
75113,67,69,-2,2
75114,96,92,4,4
75115,94,92,2,2
75116,173,136,37,37
75117,96,91,5,5
75118,127,103,24,24
75119,58,60,-2,2
75120,69,68,1,1
75121,68,70,-2,2
75122,141,134,7,7
75123,110,130,-20,20
75124,46,91,-45,45
75125,56,114,-58,58
75126,99,106,-7,7
75127,117,108,9,9
75128,53,58,-5,5
75129,92,91,1,1
75130,100,107,-7,7
75131,100,89,11,11
75132,92,96,-4,4
75133,67,63,4,4
75134,148,126,22,22
75135,122,115,7,7
75136,162,151,11,11
75137,86,85,1,1
75138,165,144,21,21
75139,106,92,14,14
75140,84,97,-13,13
75141,97,92,5,5
75142,61,62,-1,1
75143,187,182,5,5
75144,153,155,-2,2
75145,57,63,-6,6
75146,101,97,4,4
75147,154,125,29,29
75148,108,101,7,7
75149,55,54,1,1
75150,113,98,15,15
75151,55,58,-3,3
75152,101,88,13,13
75153,91,94,-3,3
75154,89,92,-3,3
75155,96,90,6,6
75156,52,65,-13,13
75157,54,59,-5,5
75158,69,71,-2,2
75159,95,106,-11,11
75160,88,80,8,8
75161,126,118,8,8
75162,82,90,-8,8
75163,76,80,-4,4
75164,112,101,11,11
75165,117,107,10,10
75166,113,107,6,6
75167,97,92,5,5
75168,98,96,2,2
75169,83,79,4,4
75170,76,72,4,4
75171,80,74,6,6
75172,111,98,13,13
75173,135,122,13,13
75174,62,67,-5,5
75175,140,131,9,9
75176,68,71,-3,3
75177,141,136,5,5
75178,53,63,-10,10
75179,140,136,4,4
75180,74,71,3,3
75181,70,69,1,1
75182,78,86,-8,8
75183,103,96,7,7
75184,97,91,6,6
75185,75,74,1,1
75186,143,139,4,4
75187,163,150,13,13
75188,71,70,1,1
75189,58,59,-1,1
75190,69,69,0,0
75191,72,73,-1,1
75192,158,151,7,7
75193,93,97,-4,4
75194,80,79,1,1
75195,142,131,11,11
75196,46,63,-17,17
75197,76,72,4,4
75198,129,160,-31,31
75199,82,79,3,3
75200,146,131,15,15
75201,93,92,1,1
75202,113,102,11,11
75203,142,145,-3,3
75204,72,70,2,2
75205,74,73,1,1
75206,88,102,-14,14
75207,105,110,-5,5
75208,110,112,-2,2
75209,83,81,2,2
75210,27,42,-15,15
75211,136,128,8,8
75212,81,79,2,2
75213,98,89,9,9
75214,120,112,8,8
75215,92,84,8,8
75216,145,125,20,20
75217,137,129,8,8
75218,103,106,-3,3
75219,121,128,-7,7
75220,54,70,-16,16
75221,112,106,6,6
75222,76,79,-3,3
75223,89,84,5,5
75224,160,113,47,47
75225,28,38,-10,10
75226,76,70,6,6
75227,165,156,9,9
75228,100,90,10,10
75229,152,131,21,21
75230,82,85,-3,3
75231,94,84,10,10
75232,60,64,-4,4
75233,125,119,6,6
75234,69,73,-4,4
75235,120,99,21,21
75236,91,86,5,5
75237,96,87,9,9
75238,45,46,-1,1
75239,56,63,-7,7
75240,76,74,2,2
75241,75,76,-1,1
75242,79,79,0,0
75243,124,112,12,12
75244,106,95,11,11
75245,122,113,9,9
75246,51,58,-7,7
75247,69,71,-2,2
75248,85,87,-2,2
75249,115,142,-27,27
75250,115,101,14,14
75251,115,105,10,10
75252,60,69,-9,9
75253,76,74,2,2
75254,32,34,-2,2
75255,79,79,0,0
75256,44,40,4,4
75257,58,62,-4,4
75258,130,121,9,9
75259,132,121,11,11
75260,79,79,0,0
75261,92,94,-2,2
75262,144,138,6,6
75263,54,61,-7,7
75264,133,114,19,19
75265,64,75,-11,11
75266,92,91,1,1
75267,156,145,11,11
75268,58,58,0,0
75269,82,72,10,10
75270,86,84,2,2
75271,173,161,12,12
75272,94,89,5,5
75273,60,68,-8,8
75274,108,101,7,7
75275,126,120,6,6
75276,56,57,-1,1
75277,98,96,2,2
75278,92,80,12,12
75279,117,105,12,12
75280,52,42,10,10
75281,94,89,5,5
75282,78,75,3,3
75283,76,97,-21,21
75284,67,67,0,0
75285,124,125,-1,1
75286,128,122,6,6
75287,73,68,5,5
75288,62,59,3,3
75289,100,106,-6,6
75290,130,127,3,3
75291,61,64,-3,3
75292,262,224,38,38
75293,60,60,0,0
75294,102,109,-7,7
75295,57,60,-3,3
75296,97,102,-5,5
75297,84,85,-1,1
75298,61,87,-26,26
75299,135,120,15,15
75300,104,87,17,17
75301,79,78,1,1
75302,187,153,34,34
75303,62,61,1,1
75304,94,90,4,4
75305,94,102,-8,8
75306,94,82,12,12
75307,126,111,15,15
75308,126,111,15,15
75309,108,98,10,10
75310,60,54,6,6
75311,93,104,-11,11
75312,53,54,-1,1
75313,61,65,-4,4
75314,79,81,-2,2
75315,74,71,3,3
75316,50,44,6,6
75317,75,58,17,17
75318,40,52,-12,12
75319,47,51,-4,4
75320,78,78,0,0
75321,51,56,-5,5
75322,97,94,3,3
75323,54,50,4,4
75324,100,99,1,1
75325,91,86,5,5
75326,48,56,-8,8
75327,46,50,-4,4
75328,153,144,9,9
75329,123,117,6,6
75330,52,61,-9,9
75331,92,84,8,8
75332,71,79,-8,8
75333,141,121,20,20
75334,46,34,12,12
75335,72,76,-4,4
75336,84,79,5,5
75337,82,86,-4,4
75338,78,74,4,4
75339,77,70,7,7
75340,93,81,12,12
75341,47,51,-4,4
75342,67,68,-1,1
75343,67,68,-1,1
75344,113,101,12,12
75345,179,164,15,15
75346,95,95,0,0
75347,164,154,10,10
75348,45,48,-3,3
75349,127,113,14,14
75350,118,121,-3,3
75351,96,87,9,9
75352,57,56,1,1
75353,151,141,10,10
75354,69,76,-7,7
75355,79,76,3,3
75356,86,82,4,4
75357,186,171,15,15
75358,147,130,17,17
75359,109,110,-1,1
75360,97,87,10,10
75361,110,104,6,6
75362,69,68,1,1
75363,65,68,-3,3
75364,119,107,12,12
75365,58,65,-7,7
75366,77,76,1,1
75367,97,96,1,1
75368,95,91,4,4
75369,123,121,2,2
75370,107,124,-17,17
75371,117,111,6,6
75372,72,84,-12,12
75373,119,106,13,13
75374,103,99,4,4
75375,129,127,2,2
75376,83,76,7,7
75377,248,235,13,13
75378,93,84,9,9
75379,129,125,4,4
75380,68,76,-8,8
75381,117,110,7,7
75382,87,85,2,2
75383,118,109,9,9
75384,98,92,6,6
75385,103,103,0,0
75386,69,71,-2,2
75387,110,103,7,7
75388,125,114,11,11
75389,113,106,7,7
75390,112,103,9,9
75391,81,74,7,7
75392,86,86,0,0
75393,148,131,17,17
75394,102,93,9,9
75395,31,34,-3,3
75396,64,67,-3,3
75397,114,112,2,2
75398,87,86,1,1
75399,127,115,12,12
75400,91,95,-4,4
75401,74,70,4,4
75402,175,151,24,24
75403,223,171,52,52
75404,87,76,11,11
75405,67,64,3,3
75406,59,58,1,1
75407,104,89,15,15
75408,64,86,-22,22
75409,149,149,0,0
75410,125,115,10,10
75411,45,47,-2,2
75412,93,95,-2,2
75413,86,85,1,1
75414,80,74,6,6
75415,73,64,9,9
75416,92,86,6,6
75417,120,138,-18,18
75418,126,113,13,13
75419,73,72,1,1
75420,54,62,-8,8
75421,65,66,-1,1
75422,100,98,2,2
75423,105,98,7,7
75424,85,79,6,6
75425,100,92,8,8
75426,81,85,-4,4
75427,67,69,-2,2
75428,174,160,14,14
75429,132,121,11,11
75430,127,101,26,26
75431,96,100,-4,4
75432,73,70,3,3
75433,86,83,3,3
75434,73,72,1,1
75435,124,116,8,8
75436,75,72,3,3
75437,49,64,-15,15
75438,99,123,-24,24
75439,55,57,-2,2
75440,141,111,30,30
75441,62,71,-9,9
75442,75,76,-1,1
75443,99,94,5,5
75444,97,92,5,5
75445,104,99,5,5
75446,96,88,8,8
75447,122,118,4,4
75448,101,81,20,20
75449,109,107,2,2
75450,111,106,5,5
75451,99,88,11,11
75452,77,86,-9,9
75453,118,120,-2,2
75454,89,84,5,5
75455,75,78,-3,3
75456,59,63,-4,4
75457,57,65,-8,8
75458,99,91,8,8
75459,88,76,12,12
75460,106,97,9,9
75461,101,102,-1,1
75462,131,120,11,11
75463,127,120,7,7
75464,65,63,2,2
75465,101,90,11,11
75466,140,127,13,13
75467,122,113,9,9
75468,80,80,0,0
75469,128,127,1,1
75470,85,84,1,1
75471,111,110,1,1
75472,78,85,-7,7
75473,93,91,2,2
75474,42,38,4,4
75475,66,57,9,9
75476,95,95,0,0
75477,90,75,15,15
75478,100,102,-2,2
75479,82,81,1,1
75480,67,76,-9,9
75481,105,95,10,10
75482,110,100,10,10
75483,56,61,-5,5
75484,37,33,4,4
75485,65,69,-4,4
75486,72,73,-1,1
75487,106,105,1,1
75488,99,94,5,5
75489,104,98,6,6
75490,87,89,-2,2
75491,76,81,-5,5
75492,53,34,19,19
75493,57,63,-6,6
75494,69,66,3,3
75495,83,77,6,6
75496,56,64,-8,8
75497,78,79,-1,1
75498,95,101,-6,6
75499,78,76,2,2
75500,74,72,2,2
75501,82,100,-18,18
75502,95,89,6,6
75503,85,80,5,5
75504,63,69,-6,6
75505,124,119,5,5
75506,67,63,4,4
75507,112,107,5,5
75508,94,94,0,0
75509,69,68,1,1
75510,121,124,-3,3
75511,82,84,-2,2
75512,111,102,9,9
75513,126,121,5,5
75514,74,69,5,5
75515,81,78,3,3
75516,100,97,3,3
75517,148,131,17,17
75518,88,85,3,3
75519,70,70,0,0
75520,150,128,22,22
75521,88,85,3,3
75522,28,32,-4,4
75523,93,89,4,4
75524,96,101,-5,5
75525,90,85,5,5
75526,150,154,-4,4
75527,75,80,-5,5
75528,93,98,-5,5
75529,150,141,9,9
75530,123,98,25,25
75531,133,129,4,4
75532,69,87,-18,18
75533,167,136,31,31
75534,46,34,12,12
75535,92,95,-3,3
75536,54,57,-3,3
75537,154,134,20,20
75538,45,49,-4,4
75539,137,126,11,11
75540,115,103,12,12
75541,99,87,12,12
75542,93,85,8,8
75543,83,76,7,7
75544,115,102,13,13
75545,23,58,-35,35
75546,92,91,1,1
75547,85,89,-4,4
75548,80,75,5,5
75549,190,183,7,7
75550,95,89,6,6
75551,153,129,24,24
75552,83,86,-3,3
75553,51,52,-1,1
75554,85,81,4,4
75555,85,86,-1,1
75556,59,69,-10,10
75557,172,152,20,20
75558,53,59,-6,6
75559,128,110,18,18
75560,72,72,0,0
75561,130,118,12,12
75562,54,62,-8,8
75563,145,118,27,27
75564,94,99,-5,5
75565,111,105,6,6
75566,35,42,-7,7
75567,74,78,-4,4
75568,85,92,-7,7
75569,129,118,11,11
75570,49,61,-12,12
75571,56,66,-10,10
75572,99,93,6,6
75573,79,95,-16,16
75574,129,121,8,8
75575,74,75,-1,1
75576,78,90,-12,12
75577,70,74,-4,4
75578,157,166,-9,9
75579,98,96,2,2
75580,66,70,-4,4
75581,75,76,-1,1
75582,76,73,3,3
75583,94,98,-4,4
75584,100,87,13,13
75585,50,54,-4,4
75586,98,95,3,3
75587,96,99,-3,3
75588,134,130,4,4
75589,108,95,13,13
75590,212,195,17,17
75591,138,132,6,6
75592,88,83,5,5
75593,12,26,-14,14
75594,66,67,-1,1
75595,98,87,11,11
75596,110,103,7,7
75597,75,73,2,2
75598,146,143,3,3
75599,176,174,2,2
75600,91,81,10,10
75601,88,84,4,4
75602,51,53,-2,2
75603,190,165,25,25
75604,128,123,5,5
75605,74,76,-2,2
75606,83,83,0,0
75607,64,62,2,2
75608,127,122,5,5
75609,130,116,14,14
75610,95,86,9,9
75611,66,132,-66,66
75612,46,34,12,12
75613,79,80,-1,1
75614,110,106,4,4
75615,116,111,5,5
75616,68,73,-5,5
75617,70,86,-16,16
75618,59,72,-13,13
75619,107,93,14,14
75620,77,87,-10,10
75621,97,116,-19,19
75622,160,144,16,16
75623,130,135,-5,5
75624,60,62,-2,2
75625,104,97,7,7
75626,91,89,2,2
75627,89,94,-5,5
75628,49,55,-6,6
75629,155,147,8,8
75630,94,89,5,5
75631,146,137,9,9
75632,87,93,-6,6
75633,127,117,10,10
75634,79,84,-5,5
75635,93,92,1,1
75636,121,120,1,1
75637,74,69,5,5
75638,113,107,6,6
75639,163,143,20,20
75640,122,103,19,19
75641,118,117,1,1
75642,56,60,-4,4
75643,129,119,10,10
75644,128,118,10,10
75645,159,143,16,16
75646,62,66,-4,4
75647,108,105,3,3
75648,72,70,2,2
75649,79,81,-2,2
75650,166,154,12,12
75651,62,72,-10,10
75652,144,139,5,5
75653,129,115,14,14
75654,72,75,-3,3
75655,93,84,9,9
75656,86,93,-7,7
75657,126,117,9,9
75658,86,82,4,4
75659,87,86,1,1
75660,183,168,15,15
75661,68,66,2,2
75662,80,75,5,5
75663,63,72,-9,9
75664,61,67,-6,6
75665,103,102,1,1
75666,46,49,-3,3
75667,107,95,12,12
75668,127,123,4,4
75669,89,84,5,5
75670,104,104,0,0
75671,82,87,-5,5
75672,114,111,3,3
75673,82,80,2,2
75674,109,110,-1,1
75675,105,103,2,2
75676,67,72,-5,5
75677,64,67,-3,3
75678,109,102,7,7
75679,50,54,-4,4
75680,49,49,0,0
75681,89,89,0,0
75682,163,153,10,10
75683,64,69,-5,5
75684,180,162,18,18
75685,73,117,-44,44
75686,155,141,14,14
75687,106,104,2,2
75688,102,92,10,10
75689,142,133,9,9
75690,62,63,-1,1
75691,93,93,0,0
75692,125,103,22,22
75693,71,72,-1,1
75694,62,71,-9,9
75695,129,119,10,10
75696,109,118,-9,9
75697,174,160,14,14
75698,103,103,0,0
75699,124,109,15,15
75700,74,81,-7,7
75701,96,90,6,6
75702,112,105,7,7
75703,78,78,0,0
75704,59,62,-3,3
75705,54,60,-6,6
75706,86,80,6,6
75707,99,111,-12,12
75708,120,128,-8,8
75709,134,120,14,14
75710,141,124,17,17
75711,99,98,1,1
75712,92,92,0,0
75713,121,117,4,4
75714,74,73,1,1
75715,101,87,14,14
75716,14,83,-69,69
75717,80,78,2,2
75718,88,81,7,7
75719,60,66,-6,6
75720,112,109,3,3
75721,153,130,23,23
75722,108,100,8,8
75723,98,97,1,1
75724,78,94,-16,16
75725,115,137,-22,22
75726,71,69,2,2
75727,129,123,6,6
75728,56,62,-6,6
75729,68,67,1,1
75730,80,78,2,2
75731,110,117,-7,7
75732,86,91,-5,5
75733,139,129,10,10
75734,125,116,9,9
75735,73,73,0,0
75736,122,109,13,13
75737,99,97,2,2
75738,78,76,2,2
75739,150,132,18,18
75740,112,90,22,22
75741,95,95,0,0
75742,85,80,5,5
75743,67,71,-4,4
75744,91,85,6,6
75745,110,98,12,12
75746,88,74,14,14
75747,115,125,-10,10
75748,78,79,-1,1
75749,89,95,-6,6
75750,71,69,2,2
75751,65,62,3,3
75752,67,81,-14,14
75753,144,126,18,18
75754,98,98,0,0
75755,78,75,3,3
75756,130,128,2,2
75757,75,76,-1,1
75758,83,80,3,3
75759,72,69,3,3
75760,106,96,10,10
75761,44,39,5,5
75762,108,100,8,8
75763,80,71,9,9
75764,98,100,-2,2
75765,97,91,6,6
75766,124,131,-7,7
75767,96,85,11,11
75768,71,71,0,0
75769,118,115,3,3
75770,115,103,12,12
75771,88,86,2,2
75772,104,101,3,3
75773,75,70,5,5
75774,115,103,12,12
75775,94,82,12,12
75776,97,97,0,0
75777,71,73,-2,2
75778,73,84,-11,11
75779,64,68,-4,4
75780,61,67,-6,6
75781,46,46,0,0
75782,81,83,-2,2
75783,56,63,-7,7
75784,99,96,3,3
75785,131,133,-2,2
75786,75,90,-15,15
75787,74,70,4,4
75788,111,104,7,7
75789,136,124,12,12
75790,81,79,2,2
75791,50,56,-6,6
75792,95,91,4,4
75793,108,114,-6,6
75794,62,101,-39,39
75795,78,79,-1,1
75796,92,80,12,12
75797,42,40,2,2
75798,102,105,-3,3
75799,104,104,0,0
75800,55,66,-11,11
75801,69,76,-7,7
75802,90,93,-3,3
75803,63,65,-2,2
75804,101,99,2,2
75805,43,41,2,2
75806,69,74,-5,5
75807,109,102,7,7
75808,142,139,3,3
75809,140,128,12,12
75810,67,70,-3,3
75811,62,66,-4,4
75812,114,99,15,15
75813,107,104,3,3
75814,85,96,-11,11
75815,167,155,12,12
75816,163,160,3,3
75817,85,85,0,0
75818,73,78,-5,5
75819,109,100,9,9
75820,61,67,-6,6
75821,77,79,-2,2
75822,207,176,31,31
75823,99,98,1,1
75824,182,161,21,21
75825,99,94,5,5
75826,83,84,-1,1
75827,75,76,-1,1
75828,139,131,8,8
75829,47,40,7,7
75830,65,79,-14,14
75831,143,117,26,26
75832,73,74,-1,1
75833,79,79,0,0
75834,85,75,10,10
75835,88,91,-3,3
75836,141,129,12,12
75837,71,94,-23,23
75838,96,91,5,5
75839,153,138,15,15
75840,133,117,16,16
75841,80,83,-3,3
75842,171,167,4,4
75843,125,123,2,2
75844,91,85,6,6
75845,61,64,-3,3
75846,131,117,14,14
75847,136,114,22,22
75848,58,62,-4,4
75849,93,87,6,6
75850,88,86,2,2
75851,68,71,-3,3
75852,129,123,6,6
75853,127,111,16,16
75854,98,140,-42,42
75855,87,85,2,2
75856,84,84,0,0
75857,51,80,-29,29
75858,72,72,0,0
75859,144,132,12,12
75860,96,94,2,2
75861,61,60,1,1
75862,86,81,5,5
75863,78,73,5,5
75864,51,58,-7,7
75865,151,138,13,13
75866,109,99,10,10
75867,108,116,-8,8
75868,80,74,6,6
75869,67,62,5,5
75870,125,134,-9,9
75871,75,70,5,5
75872,176,169,7,7
75873,105,104,1,1
75874,82,85,-3,3
75875,146,138,8,8
75876,49,78,-29,29
75877,68,81,-13,13
75878,119,118,1,1
75879,40,34,6,6
75880,118,113,5,5
75881,65,66,-1,1
75882,92,96,-4,4
75883,69,66,3,3
75884,110,102,8,8
75885,94,88,6,6
75886,152,168,-16,16
75887,118,111,7,7
75888,72,72,0,0
75889,141,126,15,15
75890,43,44,-1,1
75891,122,109,13,13
75892,73,74,-1,1
75893,92,83,9,9
75894,101,106,-5,5
75895,66,56,10,10
75896,70,69,1,1
75897,43,37,6,6
75898,84,77,7,7
75899,83,93,-10,10
75900,71,69,2,2
75901,97,85,12,12
75902,116,109,7,7
75903,107,112,-5,5
75904,152,136,16,16
75905,130,143,-13,13
75906,49,44,5,5
75907,111,101,10,10
75908,124,108,16,16
75909,75,73,2,2
75910,112,125,-13,13
75911,111,113,-2,2
75912,97,92,5,5
75913,47,34,13,13
75914,114,98,16,16
75915,107,107,0,0
75916,93,91,2,2
75917,107,100,7,7
75918,114,111,3,3
75919,124,127,-3,3
75920,133,116,17,17
75921,64,64,0,0
75922,80,83,-3,3
75923,155,134,21,21
75924,98,107,-9,9
75925,82,72,10,10
75926,50,55,-5,5
75927,64,63,1,1
75928,97,98,-1,1
75929,123,109,14,14
75930,46,54,-8,8
75931,78,72,6,6
75932,122,117,5,5
75933,181,156,25,25
75934,64,69,-5,5
75935,56,60,-4,4
75936,72,82,-10,10
75937,141,127,14,14
75938,126,117,9,9
75939,71,64,7,7
75940,81,70,11,11
75941,137,124,13,13
75942,91,86,5,5
75943,117,105,12,12
75944,160,152,8,8
75945,101,85,16,16
75946,55,68,-13,13
75947,104,103,1,1
75948,72,72,0,0
75949,165,152,13,13
75950,74,70,4,4
75951,72,75,-3,3
75952,138,118,20,20
75953,87,86,1,1
75954,66,65,1,1
75955,78,82,-4,4
75956,80,75,5,5
75957,111,111,0,0
75958,132,127,5,5
75959,70,69,1,1
75960,96,92,4,4
75961,127,119,8,8
75962,121,116,5,5
75963,57,57,0,0
75964,203,189,14,14
75965,94,93,1,1
75966,81,95,-14,14
75967,52,53,-1,1
75968,150,135,15,15
75969,83,107,-24,24
75970,99,87,12,12
75971,64,67,-3,3
75972,79,77,2,2
75973,81,83,-2,2
75974,47,54,-7,7
75975,54,59,-5,5
75976,152,137,15,15
75977,44,51,-7,7
75978,87,83,4,4
75979,161,145,16,16
75980,83,83,0,0
75981,75,76,-1,1
75982,111,113,-2,2
75983,60,59,1,1
75984,98,88,10,10
75985,74,80,-6,6
75986,81,74,7,7
75987,113,109,4,4
75988,110,98,12,12
75989,84,84,0,0
75990,57,60,-3,3
75991,70,70,0,0
75992,175,150,25,25
75993,95,93,2,2
75994,94,91,3,3
75995,107,101,6,6
75996,75,78,-3,3
75997,85,93,-8,8
75998,162,137,25,25
75999,93,93,0,0
76000,73,75,-2,2
76001,86,84,2,2
76002,179,163,16,16
76003,202,186,16,16
76004,98,96,2,2
76005,85,88,-3,3
76006,37,45,-8,8
76007,121,108,13,13
76008,128,117,11,11
76009,87,93,-6,6
76010,141,136,5,5
76011,70,66,4,4
76012,151,150,1,1
76013,116,111,5,5
76014,81,76,5,5
76015,81,73,8,8
76016,89,87,2,2
76017,124,105,19,19
76018,94,96,-2,2
76019,56,67,-11,11
76020,151,139,12,12
76021,157,142,15,15
76022,70,73,-3,3
76023,154,144,10,10
76024,130,120,10,10
76025,121,110,11,11
76026,119,118,1,1
76027,94,92,2,2
76028,62,72,-10,10
76029,99,90,9,9
76030,82,76,6,6
76031,145,139,6,6
76032,107,115,-8,8
76033,107,106,1,1
76034,128,114,14,14
76035,52,57,-5,5
76036,103,95,8,8
76037,70,69,1,1
76038,161,154,7,7
76039,74,74,0,0
76040,70,68,2,2
76041,114,100,14,14
76042,150,142,8,8
76043,105,112,-7,7
76044,119,126,-7,7
76045,71,75,-4,4
76046,102,93,9,9
76047,43,56,-13,13
76048,84,84,0,0
76049,70,75,-5,5
76050,82,82,0,0
76051,74,65,9,9
76052,98,95,3,3
76053,55,59,-4,4
76054,110,108,2,2
76055,145,144,1,1
76056,80,78,2,2
76057,137,114,23,23
76058,77,86,-9,9
76059,80,74,6,6
76060,73,67,6,6
76061,83,78,5,5
76062,100,89,11,11
76063,85,79,6,6
76064,101,97,4,4
76065,79,80,-1,1
76066,89,94,-5,5
76067,60,65,-5,5
76068,112,95,17,17
76069,173,160,13,13
76070,60,61,-1,1
76071,41,36,5,5
76072,57,66,-9,9
76073,88,88,0,0
76074,101,93,8,8
76075,82,72,10,10
76076,100,95,5,5
76077,85,85,0,0
76078,117,100,17,17
76079,83,84,-1,1
76080,162,141,21,21
76081,59,62,-3,3
76082,127,114,13,13
76083,170,147,23,23
76084,114,102,12,12
76085,111,105,6,6
76086,44,44,0,0
76087,91,94,-3,3
76088,76,83,-7,7
76089,64,72,-8,8
76090,67,65,2,2
76091,135,124,11,11
76092,75,75,0,0
76093,110,103,7,7
76094,84,79,5,5
76095,77,73,4,4
76096,97,95,2,2
76097,85,87,-2,2
76098,61,59,2,2
76099,86,87,-1,1
76100,75,73,2,2
76101,83,106,-23,23
76102,168,155,13,13
76103,97,94,3,3
76104,64,68,-4,4
76105,126,114,12,12
76106,85,87,-2,2
76107,111,111,0,0
76108,87,83,4,4
76109,101,108,-7,7
76110,162,108,54,54
76111,143,141,2,2
76112,123,111,12,12
76113,82,76,6,6
76114,101,94,7,7
76115,92,99,-7,7
76116,87,98,-11,11
76117,93,80,13,13
76118,100,105,-5,5
76119,92,84,8,8
76120,85,75,10,10
76121,49,48,1,1
76122,79,91,-12,12
76123,58,59,-1,1
76124,85,89,-4,4
76125,61,63,-2,2
76126,140,132,8,8
76127,127,125,2,2
76128,152,143,9,9
76129,67,65,2,2
76130,64,68,-4,4
76131,136,128,8,8
76132,74,72,2,2
76133,100,92,8,8
76134,158,137,21,21
76135,80,85,-5,5
76136,88,85,3,3
76137,110,113,-3,3
76138,74,68,6,6
76139,116,117,-1,1
76140,82,76,6,6
76141,117,106,11,11
76142,81,78,3,3
76143,74,72,2,2
76144,104,99,5,5
76145,147,127,20,20
76146,82,78,4,4
76147,50,51,-1,1
76148,180,163,17,17
76149,182,177,5,5
76150,63,75,-12,12
76151,190,160,30,30
76152,122,133,-11,11
76153,99,94,5,5
76154,66,71,-5,5
76155,53,70,-17,17
76156,63,67,-4,4
76157,125,135,-10,10
76158,112,101,11,11
76159,85,87,-2,2
76160,56,62,-6,6
76161,85,83,2,2
76162,70,77,-7,7
76163,83,85,-2,2
76164,135,127,8,8
76165,57,59,-2,2
76166,84,82,2,2
76167,90,98,-8,8
76168,59,67,-8,8
76169,77,74,3,3
76170,64,64,0,0
76171,99,98,1,1
76172,109,102,7,7
76173,97,96,1,1
76174,92,86,6,6
76175,87,90,-3,3
76176,42,34,8,8
76177,74,79,-5,5
76178,162,171,-9,9
76179,125,111,14,14
76180,178,174,4,4
76181,98,106,-8,8
76182,89,95,-6,6
76183,72,67,5,5
76184,78,76,2,2
76185,53,60,-7,7
76186,85,77,8,8
76187,122,113,9,9
76188,101,104,-3,3
76189,81,76,5,5
76190,128,92,36,36
76191,98,96,2,2
76192,154,154,0,0
76193,122,122,0,0
76194,63,63,0,0
76195,83,89,-6,6
76196,98,97,1,1
76197,70,71,-1,1
76198,89,101,-12,12
76199,111,115,-4,4
76200,44,57,-13,13
76201,48,60,-12,12
76202,104,97,7,7
76203,106,101,5,5
76204,148,126,22,22
76205,128,127,1,1
76206,118,109,9,9
76207,105,90,15,15
76208,141,140,1,1
76209,115,104,11,11
76210,161,150,11,11
76211,71,91,-20,20
76212,149,132,17,17
76213,77,76,1,1
76214,117,108,9,9
76215,119,110,9,9
76216,116,103,13,13
76217,88,84,4,4
76218,107,108,-1,1
76219,72,80,-8,8
76220,137,148,-11,11
76221,122,122,0,0
76222,126,121,5,5
76223,50,61,-11,11
76224,119,100,19,19
76225,79,73,6,6
76226,124,125,-1,1
76227,128,125,3,3
76228,132,115,17,17
76229,90,86,4,4
76230,95,95,0,0
76231,97,92,5,5
76232,63,68,-5,5
76233,109,100,9,9
76234,133,138,-5,5
76235,104,100,4,4
76236,35,72,-37,37
76237,72,75,-3,3
76238,65,72,-7,7
76239,120,106,14,14
76240,135,152,-17,17
76241,130,117,13,13
76242,137,134,3,3
76243,81,76,5,5
76244,83,84,-1,1
76245,51,60,-9,9
76246,77,83,-6,6
76247,116,105,11,11
76248,72,79,-7,7
76249,97,99,-2,2
76250,78,73,5,5
76251,63,65,-2,2
76252,130,131,-1,1
76253,158,145,13,13
76254,75,82,-7,7
76255,76,73,3,3
76256,101,96,5,5
76257,44,55,-11,11
76258,74,73,1,1
76259,98,90,8,8
76260,134,132,2,2
76261,104,97,7,7
76262,88,85,3,3
76263,179,153,26,26
76264,46,54,-8,8
76265,141,135,6,6
76266,91,84,7,7
76267,72,73,-1,1
76268,82,80,2,2
76269,73,71,2,2
76270,139,125,14,14
76271,124,115,9,9
76272,100,93,7,7
76273,98,92,6,6
76274,80,79,1,1
76275,97,112,-15,15
76276,62,68,-6,6
76277,136,130,6,6
76278,93,85,8,8
76279,104,100,4,4
76280,158,150,8,8
76281,105,97,8,8
76282,82,69,13,13
76283,150,141,9,9
76284,161,142,19,19
76285,68,68,0,0
76286,97,95,2,2
76287,106,97,9,9
76288,75,73,2,2
76289,95,91,4,4
76290,84,83,1,1
76291,144,129,15,15
76292,115,112,3,3
76293,45,55,-10,10
76294,99,91,8,8
76295,91,85,6,6
76296,75,70,5,5
76297,134,113,21,21
76298,69,64,5,5
76299,74,74,0,0
76300,53,56,-3,3
76301,74,78,-4,4
76302,95,93,2,2
76303,54,60,-6,6
76304,96,91,5,5
76305,93,92,1,1
76306,108,102,6,6
76307,104,113,-9,9
76308,80,78,2,2
76309,87,79,8,8
76310,98,101,-3,3
76311,60,65,-5,5
76312,65,68,-3,3
76313,75,83,-8,8
76314,80,89,-9,9
76315,81,89,-8,8
76316,123,110,13,13
76317,89,93,-4,4
76318,142,135,7,7
76319,64,63,1,1
76320,100,100,0,0
76321,45,55,-10,10
76322,118,105,13,13
76323,73,76,-3,3
76324,74,75,-1,1
76325,102,104,-2,2
76326,66,78,-12,12
76327,120,120,0,0
76328,57,59,-2,2
76329,149,127,22,22
76330,131,127,4,4
76331,81,76,5,5
76332,61,64,-3,3
76333,89,93,-4,4
76334,66,64,2,2
76335,64,66,-2,2
76336,76,80,-4,4
76337,124,113,11,11
76338,48,59,-11,11
76339,68,68,0,0
76340,100,99,1,1
76341,96,94,2,2
76342,50,46,4,4
76343,85,86,-1,1
76344,85,84,1,1
76345,61,64,-3,3
76346,91,80,11,11
76347,72,71,1,1
76348,129,112,17,17
76349,104,97,7,7
76350,54,66,-12,12
76351,53,58,-5,5
76352,105,108,-3,3
76353,91,102,-11,11
76354,66,74,-8,8
76355,59,61,-2,2
76356,118,111,7,7
76357,109,112,-3,3
76358,63,63,0,0
76359,63,57,6,6
76360,68,67,1,1
76361,166,167,-1,1
76362,84,79,5,5
76363,66,64,2,2
76364,100,106,-6,6
76365,104,96,8,8
76366,65,66,-1,1
76367,57,61,-4,4
76368,99,93,6,6
76369,96,108,-12,12
76370,71,70,1,1
76371,57,64,-7,7
76372,105,108,-3,3
76373,88,82,6,6
76374,54,59,-5,5
76375,181,157,24,24
76376,100,94,6,6
76377,103,99,4,4
76378,138,122,16,16
76379,65,72,-7,7
76380,71,73,-2,2
76381,70,68,2,2
76382,72,70,2,2
76383,66,62,4,4
76384,79,76,3,3
76385,169,156,13,13
76386,129,117,12,12
76387,129,105,24,24
76388,63,64,-1,1
76389,92,86,6,6
76390,109,109,0,0
76391,58,63,-5,5
76392,108,95,13,13
76393,107,96,11,11
76394,162,153,9,9
76395,57,61,-4,4
76396,109,111,-2,2
76397,86,85,1,1
76398,91,82,9,9
76399,89,78,11,11
76400,93,95,-2,2
76401,70,67,3,3
76402,73,72,1,1
76403,71,69,2,2
76404,59,57,2,2
76405,166,160,6,6
76406,71,65,6,6
76407,71,64,7,7
76408,132,114,18,18
76409,103,104,-1,1
76410,114,100,14,14
76411,103,106,-3,3
76412,98,95,3,3
76413,92,85,7,7
76414,102,107,-5,5
76415,113,116,-3,3
76416,130,149,-19,19
76417,56,66,-10,10
76418,127,116,11,11
76419,53,68,-15,15
76420,129,121,8,8
76421,93,89,4,4
76422,133,118,15,15
76423,93,87,6,6
76424,92,91,1,1
76425,45,57,-12,12
76426,96,84,12,12
76427,104,126,-22,22
76428,65,65,0,0
76429,114,105,9,9
76430,52,55,-3,3
76431,80,83,-3,3
76432,135,125,10,10
76433,78,94,-16,16
76434,69,68,1,1
76435,61,50,11,11
76436,75,70,5,5
76437,131,131,0,0
76438,108,111,-3,3
76439,96,93,3,3
76440,178,156,22,22
76441,171,169,2,2
76442,81,74,7,7
76443,91,82,9,9
76444,69,74,-5,5
76445,146,129,17,17
76446,111,99,12,12
76447,65,65,0,0
76448,86,81,5,5
76449,79,94,-15,15
76450,108,96,12,12
76451,94,90,4,4
76452,107,104,3,3
76453,100,91,9,9
76454,121,109,12,12
76455,144,147,-3,3
76456,66,69,-3,3
76457,40,34,6,6
76458,99,98,1,1
76459,32,34,-2,2
76460,69,68,1,1
76461,145,140,5,5
76462,76,81,-5,5
76463,85,83,2,2
76464,53,59,-6,6
76465,27,33,-6,6
76466,55,67,-12,12
76467,41,34,7,7
76468,57,63,-6,6
76469,83,70,13,13
76470,77,72,5,5
76471,85,97,-12,12
76472,118,101,17,17
76473,55,60,-5,5
76474,62,63,-1,1
76475,111,104,7,7
76476,108,100,8,8
76477,89,91,-2,2
76478,97,88,9,9
76479,94,96,-2,2
76480,61,65,-4,4
76481,82,87,-5,5
76482,83,86,-3,3
76483,140,124,16,16
76484,152,128,24,24
76485,86,78,8,8
76486,33,34,-1,1
76487,88,82,6,6
76488,71,69,2,2
76489,97,108,-11,11
76490,81,85,-4,4
76491,129,120,9,9
76492,55,60,-5,5
76493,122,119,3,3
76494,103,106,-3,3
76495,98,91,7,7
76496,89,84,5,5
76497,87,81,6,6
76498,79,83,-4,4
76499,98,103,-5,5
76500,49,58,-9,9
76501,82,80,2,2
76502,120,116,4,4
76503,108,105,3,3
76504,169,152,17,17
76505,161,148,13,13
76506,134,130,4,4
76507,96,96,0,0
76508,56,51,5,5
76509,101,101,0,0
76510,86,91,-5,5
76511,82,76,6,6
76512,85,90,-5,5
76513,79,76,3,3
76514,78,80,-2,2
76515,105,90,15,15
76516,142,132,10,10
76517,65,72,-7,7
76518,57,63,-6,6
76519,81,80,1,1
76520,139,108,31,31
76521,84,79,5,5
76522,81,80,1,1
76523,154,127,27,27
76524,147,131,16,16
76525,153,136,17,17
76526,73,75,-2,2
76527,141,126,15,15
76528,43,51,-8,8
76529,101,95,6,6
76530,42,48,-6,6
76531,78,77,1,1
76532,97,108,-11,11
76533,65,70,-5,5
76534,58,61,-3,3
76535,79,87,-8,8
76536,95,92,3,3
76537,105,114,-9,9
76538,37,44,-7,7
76539,82,80,2,2
76540,130,123,7,7
76541,99,105,-6,6
76542,125,104,21,21
76543,51,61,-10,10
76544,87,85,2,2
76545,147,147,0,0
76546,61,59,2,2
76547,122,117,5,5
76548,70,77,-7,7
76549,81,74,7,7
76550,93,87,6,6
76551,136,130,6,6
76552,61,66,-5,5
76553,75,85,-10,10
76554,118,102,16,16
76555,110,111,-1,1
76556,153,153,0,0
76557,57,58,-1,1
76558,128,112,16,16
76559,118,104,14,14
76560,81,86,-5,5
76561,82,78,4,4
76562,126,116,10,10
76563,110,100,10,10
76564,91,93,-2,2
76565,106,85,21,21
76566,92,84,8,8
76567,74,80,-6,6
76568,119,112,7,7
76569,47,50,-3,3
76570,81,88,-7,7
76571,101,93,8,8
76572,91,86,5,5
76573,68,71,-3,3
76574,119,109,10,10
76575,90,84,6,6
76576,104,102,2,2
76577,80,81,-1,1
76578,84,90,-6,6
76579,132,117,15,15
76580,32,70,-38,38
76581,139,127,12,12
76582,85,77,8,8
76583,83,83,0,0
76584,55,59,-4,4
76585,98,107,-9,9
76586,177,164,13,13
76587,81,85,-4,4
76588,90,93,-3,3
76589,133,118,15,15
76590,85,70,15,15
76591,58,58,0,0
76592,133,126,7,7
76593,81,78,3,3
76594,149,134,15,15
76595,107,100,7,7
76596,113,93,20,20
76597,108,98,10,10
76598,93,87,6,6
76599,100,87,13,13
76600,66,69,-3,3
76601,109,98,11,11
76602,77,86,-9,9
76603,208,172,36,36
76604,79,83,-4,4
76605,74,70,4,4
76606,74,71,3,3
76607,131,121,10,10
76608,127,111,16,16
76609,77,72,5,5
76610,100,78,22,22
76611,82,110,-28,28
76612,100,100,0,0
76613,65,73,-8,8
76614,97,101,-4,4
76615,146,127,19,19
76616,99,84,15,15
76617,117,103,14,14
76618,71,74,-3,3
76619,60,57,3,3
76620,75,75,0,0
76621,46,43,3,3
76622,121,103,18,18
76623,55,58,-3,3
76624,119,119,0,0
76625,178,164,14,14
76626,131,122,9,9
76627,123,114,9,9
76628,99,94,5,5
76629,164,144,20,20
76630,69,72,-3,3
76631,55,59,-4,4
76632,148,146,2,2
76633,67,65,2,2
76634,138,131,7,7
76635,115,103,12,12
76636,134,121,13,13
76637,91,94,-3,3
76638,94,89,5,5
76639,114,105,9,9
76640,92,88,4,4
76641,98,103,-5,5
76642,41,34,7,7
76643,49,57,-8,8
76644,59,69,-10,10
76645,90,84,6,6
76646,165,145,20,20
76647,53,59,-6,6
76648,67,71,-4,4
76649,77,73,4,4
76650,87,82,5,5
76651,65,65,0,0
76652,133,123,10,10
76653,98,93,5,5
76654,103,101,2,2
76655,85,80,5,5
76656,153,137,16,16
76657,85,75,10,10
76658,126,127,-1,1
76659,102,106,-4,4
76660,115,107,8,8
76661,78,79,-1,1
76662,152,149,3,3
76663,72,72,0,0
76664,65,64,1,1
76665,71,72,-1,1
76666,134,131,3,3
76667,104,99,5,5
76668,54,62,-8,8
76669,133,116,17,17
76670,99,86,13,13
76671,69,69,0,0
76672,169,160,9,9
76673,94,93,1,1
76674,106,107,-1,1
76675,86,85,1,1
76676,107,98,9,9
76677,52,61,-9,9
76678,71,75,-4,4
76679,87,81,6,6
76680,155,154,1,1
76681,58,65,-7,7
76682,144,130,14,14
76683,111,102,9,9
76684,90,86,4,4
76685,74,64,10,10
76686,100,90,10,10
76687,112,106,6,6
76688,117,111,6,6
76689,48,89,-41,41
76690,107,91,16,16
76691,144,134,10,10
76692,86,77,9,9
76693,101,92,9,9
76694,94,94,0,0
76695,129,110,19,19
76696,132,127,5,5
76697,61,65,-4,4
76698,103,105,-2,2
76699,104,94,10,10
76700,135,114,21,21
76701,76,79,-3,3
76702,112,112,0,0
76703,114,97,17,17
76704,69,64,5,5
76705,92,80,12,12
76706,80,81,-1,1
76707,139,121,18,18
76708,76,74,2,2
76709,71,68,3,3
76710,100,97,3,3
76711,106,95,11,11
76712,145,134,11,11
76713,76,84,-8,8
76714,92,96,-4,4
76715,49,48,1,1
76716,110,101,9,9
76717,92,92,0,0
76718,173,140,33,33
76719,98,98,0,0
76720,175,148,27,27
76721,75,85,-10,10
76722,103,87,16,16
76723,111,119,-8,8
76724,215,199,16,16
76725,131,118,13,13
76726,67,73,-6,6
76727,127,131,-4,4
76728,72,73,-1,1
76729,43,67,-24,24
76730,65,66,-1,1
76731,69,68,1,1
76732,149,151,-2,2
76733,75,71,4,4
76734,81,80,1,1
76735,76,65,11,11
76736,53,65,-12,12
76737,79,86,-7,7
76738,152,135,17,17
76739,97,95,2,2
76740,48,50,-2,2
76741,107,105,2,2
76742,118,113,5,5
76743,78,77,1,1
76744,98,85,13,13
76745,121,111,10,10
76746,108,96,12,12
76747,59,61,-2,2
76748,95,96,-1,1
76749,98,98,0,0
76750,71,69,2,2
76751,76,75,1,1
76752,100,103,-3,3
76753,70,67,3,3
76754,71,65,6,6
76755,94,74,20,20
76756,86,89,-3,3
76757,102,102,0,0
76758,106,98,8,8
76759,74,80,-6,6
76760,49,59,-10,10
76761,103,93,10,10
76762,70,74,-4,4
76763,168,158,10,10
76764,66,73,-7,7
76765,128,126,2,2
76766,110,104,6,6
76767,82,74,8,8
76768,92,81,11,11
76769,187,173,14,14
76770,101,112,-11,11
76771,47,47,0,0
76772,72,73,-1,1
76773,77,76,1,1
76774,30,33,-3,3
76775,124,119,5,5
76776,218,180,38,38
76777,110,111,-1,1
76778,106,106,0,0
76779,133,115,18,18
76780,88,77,11,11
76781,58,61,-3,3
76782,184,158,26,26
76783,152,130,22,22
76784,87,92,-5,5
76785,167,147,20,20
76786,93,94,-1,1
76787,130,105,25,25
76788,96,82,14,14
76789,119,120,-1,1
76790,81,80,1,1
76791,52,52,0,0
76792,66,63,3,3
76793,102,105,-3,3
76794,76,72,4,4
76795,117,99,18,18
76796,98,89,9,9
76797,81,81,0,0
76798,99,100,-1,1
76799,81,75,6,6
76800,64,70,-6,6
76801,139,137,2,2
76802,84,85,-1,1
76803,68,67,1,1
76804,42,35,7,7
76805,73,66,7,7
76806,158,113,45,45
76807,101,99,2,2
76808,122,110,12,12
76809,76,84,-8,8
76810,129,145,-16,16
76811,99,86,13,13
76812,71,68,3,3
76813,80,79,1,1
76814,141,127,14,14
76815,48,45,3,3
76816,146,131,15,15
76817,83,85,-2,2
76818,102,97,5,5
76819,87,86,1,1
76820,83,77,6,6
76821,63,72,-9,9
76822,89,87,2,2
76823,142,125,17,17
76824,90,94,-4,4
76825,97,90,7,7
76826,130,123,7,7
76827,88,85,3,3
76828,146,141,5,5
76829,118,103,15,15
76830,124,115,9,9
76831,108,115,-7,7
76832,53,63,-10,10
76833,78,80,-2,2
76834,54,58,-4,4
76835,121,109,12,12
76836,105,114,-9,9
76837,47,60,-13,13
76838,58,59,-1,1
76839,126,110,16,16
76840,165,139,26,26
76841,118,107,11,11
76842,54,59,-5,5
76843,98,91,7,7
76844,39,32,7,7
76845,88,92,-4,4
76846,85,86,-1,1
76847,92,97,-5,5
76848,101,100,1,1
76849,69,78,-9,9
76850,70,67,3,3
76851,57,91,-34,34
76852,89,86,3,3
76853,165,152,13,13
76854,88,88,0,0
76855,142,129,13,13
76856,109,109,0,0
76857,105,100,5,5
76858,94,94,0,0
76859,124,116,8,8
76860,119,110,9,9
76861,41,34,7,7
76862,102,99,3,3
76863,90,72,18,18
76864,126,121,5,5
76865,59,72,-13,13
76866,74,75,-1,1
76867,104,107,-3,3
76868,101,96,5,5
76869,102,96,6,6
76870,123,122,1,1
76871,90,86,4,4
76872,85,78,7,7
76873,85,90,-5,5
76874,57,60,-3,3
76875,73,75,-2,2
76876,73,78,-5,5
76877,106,107,-1,1
76878,47,34,13,13
76879,91,94,-3,3
76880,93,81,12,12
76881,63,72,-9,9
76882,80,76,4,4
76883,71,69,2,2
76884,92,85,7,7
76885,125,117,8,8
76886,82,90,-8,8
76887,97,102,-5,5
76888,59,57,2,2
76889,125,132,-7,7
76890,115,101,14,14
76891,103,96,7,7
76892,97,95,2,2
76893,89,85,4,4
76894,78,77,1,1
76895,159,140,19,19
76896,117,120,-3,3
76897,100,92,8,8
76898,104,101,3,3
76899,97,104,-7,7
76900,114,101,13,13
76901,118,121,-3,3
76902,99,84,15,15
76903,98,92,6,6
76904,114,106,8,8
76905,99,98,1,1
76906,95,91,4,4
76907,68,73,-5,5
76908,119,109,10,10
76909,125,111,14,14
76910,74,77,-3,3
76911,97,87,10,10
76912,101,94,7,7
76913,157,150,7,7
76914,141,130,11,11
76915,132,129,3,3
76916,104,99,5,5
76917,85,85,0,0
76918,110,106,4,4
76919,91,89,2,2
76920,53,55,-2,2
76921,81,79,2,2
76922,78,79,-1,1
76923,79,90,-11,11
76924,73,74,-1,1
76925,81,81,0,0
76926,89,85,4,4
76927,78,76,2,2
76928,122,107,15,15
76929,64,68,-4,4
76930,52,55,-3,3
76931,87,91,-4,4
76932,134,129,5,5
76933,104,93,11,11
76934,116,117,-1,1
76935,102,106,-4,4
76936,160,129,31,31
76937,83,75,8,8
76938,159,160,-1,1
76939,130,131,-1,1
76940,92,88,4,4
76941,95,90,5,5
76942,179,177,2,2
76943,132,110,22,22
76944,53,55,-2,2
76945,100,97,3,3
76946,105,94,11,11
76947,77,77,0,0
76948,115,108,7,7
76949,126,121,5,5
76950,91,89,2,2
76951,79,78,1,1
76952,40,45,-5,5
76953,128,117,11,11
76954,145,136,9,9
76955,153,137,16,16
76956,81,74,7,7
76957,113,118,-5,5
76958,138,116,22,22
76959,100,99,1,1
76960,77,69,8,8
76961,71,74,-3,3
76962,110,108,2,2
76963,118,113,5,5
76964,137,132,5,5
76965,94,95,-1,1
76966,65,63,2,2
76967,52,69,-17,17
76968,74,75,-1,1
76969,68,66,2,2
76970,101,99,2,2
76971,104,97,7,7
76972,138,124,14,14
76973,71,71,0,0
76974,140,120,20,20
76975,83,84,-1,1
76976,91,89,2,2
76977,125,112,13,13
76978,77,84,-7,7
76979,63,61,2,2
76980,116,107,9,9
76981,102,97,5,5
76982,121,125,-4,4
76983,116,108,8,8
76984,181,168,13,13
76985,112,116,-4,4
76986,151,151,0,0
76987,127,118,9,9
76988,87,84,3,3
76989,123,116,7,7
76990,74,87,-13,13
76991,161,148,13,13
76992,48,49,-1,1
76993,207,189,18,18
76994,124,120,4,4
76995,91,97,-6,6
76996,104,99,5,5
76997,118,118,0,0
76998,112,104,8,8
76999,70,71,-1,1
77000,76,69,7,7
77001,133,119,14,14
77002,79,71,8,8
77003,56,68,-12,12
77004,111,127,-16,16
77005,48,58,-10,10
77006,80,69,11,11
77007,144,122,22,22
77008,39,33,6,6
77009,91,92,-1,1
77010,97,93,4,4
77011,93,82,11,11
77012,142,127,15,15
77013,116,109,7,7
77014,86,88,-2,2
77015,128,126,2,2
77016,101,107,-6,6
77017,53,64,-11,11
77018,153,140,13,13
77019,69,77,-8,8
77020,101,92,9,9
77021,146,141,5,5
77022,107,101,6,6
77023,86,85,1,1
77024,44,54,-10,10
77025,64,69,-5,5
77026,90,72,18,18
77027,69,73,-4,4
77028,78,84,-6,6
77029,141,130,11,11
77030,54,49,5,5
77031,61,59,2,2
77032,140,121,19,19
77033,158,129,29,29
77034,96,88,8,8
77035,159,148,11,11
77036,155,129,26,26
77037,152,136,16,16
77038,62,59,3,3
77039,84,79,5,5
77040,197,180,17,17
77041,123,117,6,6
77042,80,84,-4,4
77043,25,30,-5,5
77044,140,137,3,3
77045,65,73,-8,8
77046,67,94,-27,27
77047,62,67,-5,5
77048,71,69,2,2
77049,138,130,8,8
77050,73,72,1,1
77051,84,90,-6,6
77052,227,188,39,39
77053,97,89,8,8
77054,47,49,-2,2
77055,74,77,-3,3
77056,75,80,-5,5
77057,64,68,-4,4
77058,107,103,4,4
77059,60,57,3,3
77060,70,72,-2,2
77061,117,97,20,20
77062,110,113,-3,3
77063,118,114,4,4
77064,86,84,2,2
77065,61,70,-9,9
77066,72,70,2,2
77067,153,136,17,17
77068,92,94,-2,2
77069,117,113,4,4
77070,79,77,2,2
77071,111,97,14,14
77072,48,52,-4,4
77073,71,67,4,4
77074,100,97,3,3
77075,90,82,8,8
77076,67,71,-4,4
77077,111,104,7,7
77078,68,67,1,1
77079,113,101,12,12
77080,78,91,-13,13
77081,94,91,3,3
77082,86,90,-4,4
77083,131,125,6,6
77084,142,122,20,20
77085,83,88,-5,5
77086,62,77,-15,15
77087,74,64,10,10
77088,143,132,11,11
77089,163,155,8,8
77090,78,74,4,4
77091,42,34,8,8
77092,69,70,-1,1
77093,68,71,-3,3
77094,132,120,12,12
77095,59,60,-1,1
77096,107,102,5,5
77097,107,104,3,3
77098,49,51,-2,2
77099,114,107,7,7
77100,87,82,5,5
77101,103,84,19,19
77102,122,107,15,15
77103,114,112,2,2
77104,172,154,18,18
77105,69,73,-4,4
77106,57,66,-9,9
77107,108,106,2,2
77108,80,96,-16,16
77109,70,72,-2,2
77110,126,120,6,6
77111,102,95,7,7
77112,45,50,-5,5
77113,72,71,1,1
77114,174,152,22,22
77115,101,103,-2,2
77116,53,55,-2,2
77117,71,68,3,3
77118,157,160,-3,3
77119,139,124,15,15
77120,116,98,18,18
77121,86,78,8,8
77122,96,84,12,12
77123,107,106,1,1
77124,98,102,-4,4
77125,89,90,-1,1
77126,117,122,-5,5
77127,108,106,2,2
77128,54,57,-3,3
77129,116,114,2,2
77130,111,106,5,5
77131,139,138,1,1
77132,74,71,3,3
77133,117,119,-2,2
77134,106,109,-3,3
77135,158,143,15,15
77136,97,94,3,3
77137,70,66,4,4
77138,106,103,3,3
77139,82,75,7,7
77140,141,123,18,18
77141,132,121,11,11
77142,114,99,15,15
77143,145,132,13,13
77144,56,64,-8,8
77145,109,95,14,14
77146,131,112,19,19
77147,154,116,38,38
77148,73,68,5,5
77149,63,69,-6,6
77150,134,142,-8,8
77151,91,83,8,8
77152,127,115,12,12
77153,42,34,8,8
77154,101,102,-1,1
77155,52,53,-1,1
77156,143,140,3,3
77157,92,85,7,7
77158,84,80,4,4
77159,101,111,-10,10
77160,117,115,2,2
77161,85,82,3,3
77162,52,59,-7,7
77163,74,69,5,5
77164,78,67,11,11
77165,64,64,0,0
77166,90,91,-1,1
77167,59,69,-10,10
77168,53,65,-12,12
77169,94,93,1,1
77170,77,76,1,1
77171,108,93,15,15
77172,138,124,14,14
77173,83,84,-1,1
77174,150,132,18,18
77175,108,100,8,8
77176,64,68,-4,4
77177,101,107,-6,6
77178,92,84,8,8
77179,150,134,16,16
77180,133,128,5,5
77181,42,49,-7,7
77182,43,49,-6,6
77183,63,63,0,0
77184,82,83,-1,1
77185,56,53,3,3
77186,101,108,-7,7
77187,65,75,-10,10
77188,112,105,7,7
77189,50,53,-3,3
77190,130,118,12,12
77191,88,94,-6,6
77192,74,69,5,5
77193,129,129,0,0
77194,57,68,-11,11
77195,110,104,6,6
77196,99,99,0,0
77197,77,72,5,5
77198,117,110,7,7
77199,107,97,10,10
77200,62,62,0,0
77201,75,80,-5,5
77202,97,100,-3,3
77203,54,52,2,2
77204,80,74,6,6
77205,84,80,4,4
77206,52,53,-1,1
77207,106,102,4,4
77208,99,110,-11,11
77209,92,84,8,8
77210,53,58,-5,5
77211,135,131,4,4
77212,116,97,19,19
77213,96,98,-2,2
77214,116,107,9,9
77215,90,84,6,6
77216,187,150,37,37
77217,55,91,-36,36
77218,48,34,14,14
77219,77,80,-3,3
77220,74,77,-3,3
77221,97,102,-5,5
77222,159,147,12,12
77223,127,117,10,10
77224,83,81,2,2
77225,67,68,-1,1
77226,103,93,10,10
77227,68,64,4,4
77228,75,70,5,5
77229,88,86,2,2
77230,82,110,-28,28
77231,128,115,13,13
77232,177,157,20,20
77233,140,125,15,15
77234,108,88,20,20
77235,59,57,2,2
77236,97,94,3,3
77237,105,101,4,4
77238,59,60,-1,1
77239,74,72,2,2
77240,63,62,1,1
77241,53,55,-2,2
77242,67,68,-1,1
77243,88,85,3,3
77244,116,110,6,6
77245,141,135,6,6
77246,123,119,4,4
77247,111,108,3,3
77248,89,88,1,1
77249,112,95,17,17
77250,118,110,8,8
77251,51,58,-7,7
77252,165,144,21,21
77253,70,75,-5,5
77254,92,83,9,9
77255,156,129,27,27
77256,160,134,26,26
77257,64,65,-1,1
77258,137,131,6,6
77259,93,84,9,9
77260,124,122,2,2
77261,77,79,-2,2
77262,128,121,7,7
77263,79,69,10,10
77264,61,68,-7,7
77265,112,100,12,12
77266,45,43,2,2
77267,67,65,2,2
77268,126,120,6,6
77269,92,86,6,6
77270,74,77,-3,3
77271,67,74,-7,7
77272,105,99,6,6
77273,167,161,6,6
77274,131,122,9,9
77275,84,125,-41,41
77276,110,113,-3,3
77277,72,78,-6,6
77278,71,109,-38,38
77279,115,111,4,4
77280,159,144,15,15
77281,82,91,-9,9
77282,100,110,-10,10
77283,70,65,5,5
77284,104,102,2,2
77285,49,46,3,3
77286,104,103,1,1
77287,101,105,-4,4
77288,66,72,-6,6
77289,87,85,2,2
77290,85,92,-7,7
77291,124,129,-5,5
77292,121,107,14,14
77293,97,91,6,6
77294,63,63,0,0
77295,93,92,1,1
77296,79,74,5,5
77297,49,48,1,1
77298,95,92,3,3
77299,76,80,-4,4
77300,133,127,6,6
77301,66,70,-4,4
77302,85,82,3,3
77303,228,229,-1,1
77304,124,125,-1,1
77305,90,80,10,10
77306,95,94,1,1
77307,54,63,-9,9
77308,82,81,1,1
77309,155,135,20,20
77310,173,160,13,13
77311,171,150,21,21
77312,42,54,-12,12
77313,141,135,6,6
77314,92,82,10,10
77315,94,87,7,7
77316,82,84,-2,2
77317,132,118,14,14
77318,124,112,12,12
77319,94,88,6,6
77320,60,61,-1,1
77321,58,66,-8,8
77322,102,105,-3,3
77323,112,104,8,8
77324,121,113,8,8
77325,133,132,1,1
77326,54,68,-14,14
77327,105,108,-3,3
77328,82,82,0,0
77329,104,93,11,11
77330,91,88,3,3
77331,103,105,-2,2
77332,96,102,-6,6
77333,147,152,-5,5
77334,95,93,2,2
77335,111,115,-4,4
77336,106,104,2,2
77337,59,61,-2,2
77338,77,72,5,5
77339,97,85,12,12
77340,73,62,11,11
77341,105,96,9,9
77342,122,109,13,13
77343,55,67,-12,12
77344,108,106,2,2
77345,59,60,-1,1
77346,124,120,4,4
77347,116,117,-1,1
77348,100,93,7,7
77349,76,79,-3,3
77350,102,93,9,9
77351,95,94,1,1
77352,138,127,11,11
77353,119,114,5,5
77354,78,79,-1,1
77355,108,106,2,2
77356,34,34,0,0
77357,105,104,1,1
77358,120,108,12,12
77359,91,89,2,2
77360,103,112,-9,9
77361,75,75,0,0
77362,176,152,24,24
77363,85,78,7,7
77364,75,74,1,1
77365,103,100,3,3
77366,81,82,-1,1
77367,105,109,-4,4
77368,50,62,-12,12
77369,118,110,8,8
77370,163,150,13,13
77371,137,125,12,12
77372,167,160,7,7
77373,116,111,5,5
77374,52,59,-7,7
77375,115,103,12,12
77376,188,182,6,6
77377,187,164,23,23
77378,84,80,4,4
77379,124,113,11,11
77380,95,92,3,3
77381,79,85,-6,6
77382,72,67,5,5
77383,68,68,0,0
77384,116,111,5,5
77385,83,92,-9,9
77386,94,88,6,6
77387,63,67,-4,4
77388,200,191,9,9
77389,61,67,-6,6
77390,148,130,18,18
77391,56,60,-4,4
77392,110,109,1,1
77393,94,96,-2,2
77394,59,73,-14,14
77395,76,72,4,4
77396,67,75,-8,8
77397,102,102,0,0
77398,165,142,23,23
77399,79,77,2,2
77400,74,69,5,5
77401,136,125,11,11
77402,116,103,13,13
77403,95,98,-3,3
77404,112,109,3,3
77405,65,72,-7,7
77406,43,41,2,2
77407,92,89,3,3
77408,48,54,-6,6
77409,75,77,-2,2
77410,118,113,5,5
77411,99,90,9,9
77412,101,92,9,9
77413,41,63,-22,22
77414,78,86,-8,8
77415,129,112,17,17
77416,109,109,0,0
77417,81,79,2,2
77418,167,151,16,16
77419,55,75,-20,20
77420,202,175,27,27
77421,118,109,9,9
77422,122,119,3,3
77423,67,68,-1,1
77424,67,68,-1,1
77425,54,58,-4,4
77426,54,61,-7,7
77427,89,91,-2,2
77428,107,99,8,8
77429,94,90,4,4
77430,72,65,7,7
77431,127,125,2,2
77432,84,97,-13,13
77433,64,67,-3,3
77434,96,92,4,4
77435,116,108,8,8
77436,127,121,6,6
77437,128,118,10,10
77438,118,126,-8,8
77439,62,67,-5,5
77440,73,70,3,3
77441,36,33,3,3
77442,165,137,28,28
77443,100,104,-4,4
77444,65,67,-2,2
77445,75,79,-4,4
77446,75,87,-12,12
77447,97,98,-1,1
77448,93,103,-10,10
77449,57,60,-3,3
77450,59,62,-3,3
77451,85,78,7,7
77452,99,106,-7,7
77453,87,88,-1,1
77454,102,109,-7,7
77455,75,78,-3,3
77456,92,90,2,2
77457,79,89,-10,10
77458,50,58,-8,8
77459,48,57,-9,9
77460,217,179,38,38
77461,132,118,14,14
77462,101,97,4,4
77463,82,80,2,2
77464,116,113,3,3
77465,112,98,14,14
77466,66,77,-11,11
77467,81,85,-4,4
77468,56,60,-4,4
77469,97,86,11,11
77470,84,76,8,8
77471,37,34,3,3
77472,74,73,1,1
77473,127,118,9,9
77474,54,60,-6,6
77475,80,76,4,4
77476,57,52,5,5
77477,106,81,25,25
77478,91,91,0,0
77479,103,101,2,2
77480,114,95,19,19
77481,131,126,5,5
77482,85,80,5,5
77483,85,87,-2,2
77484,93,92,1,1
77485,74,66,8,8
77486,88,88,0,0
77487,52,51,1,1
77488,41,34,7,7
77489,82,80,2,2
77490,112,105,7,7
77491,67,64,3,3
77492,69,78,-9,9
77493,150,133,17,17
77494,93,94,-1,1
77495,63,62,1,1
77496,95,84,11,11
77497,46,52,-6,6
77498,72,71,1,1
77499,77,83,-6,6
77500,87,89,-2,2
77501,121,117,4,4
77502,149,131,18,18
77503,82,72,10,10
77504,57,58,-1,1
77505,127,111,16,16
77506,103,92,11,11
77507,96,92,4,4
77508,82,75,7,7
77509,161,148,13,13
77510,133,122,11,11
77511,73,71,2,2
77512,71,63,8,8
77513,168,153,15,15
77514,137,129,8,8
77515,72,70,2,2
77516,77,80,-3,3
77517,114,110,4,4
77518,115,107,8,8
77519,70,66,4,4
77520,78,81,-3,3
77521,118,116,2,2
77522,88,84,4,4
77523,81,74,7,7
77524,118,114,4,4
77525,60,57,3,3
77526,98,97,1,1
77527,99,86,13,13
77528,55,58,-3,3
77529,100,93,7,7
77530,75,79,-4,4
77531,77,71,6,6
77532,139,136,3,3
77533,99,90,9,9
77534,106,107,-1,1
77535,92,96,-4,4
77536,87,86,1,1
77537,55,66,-11,11
77538,89,95,-6,6
77539,106,111,-5,5
77540,161,149,12,12
77541,72,73,-1,1
77542,119,101,18,18
77543,90,83,7,7
77544,110,103,7,7
77545,51,60,-9,9
77546,63,68,-5,5
77547,42,41,1,1
77548,85,79,6,6
77549,144,133,11,11
77550,69,77,-8,8
77551,43,44,-1,1
77552,94,97,-3,3
77553,178,180,-2,2
77554,80,76,4,4
77555,65,66,-1,1
77556,62,66,-4,4
77557,62,61,1,1
77558,144,141,3,3
77559,102,97,5,5
77560,104,98,6,6
77561,45,54,-9,9
77562,57,60,-3,3
77563,132,105,27,27
77564,105,96,9,9
77565,99,96,3,3
77566,60,69,-9,9
77567,72,76,-4,4
77568,122,124,-2,2
77569,141,133,8,8
77570,94,89,5,5
77571,89,95,-6,6
77572,43,53,-10,10
77573,160,144,16,16
77574,84,74,10,10
77575,84,77,7,7
77576,90,93,-3,3
77577,68,69,-1,1
77578,189,173,16,16
77579,77,85,-8,8
77580,59,64,-5,5
77581,139,135,4,4
77582,98,95,3,3
77583,147,131,16,16
77584,158,127,31,31
77585,97,92,5,5
77586,109,107,2,2
77587,112,104,8,8
77588,74,73,1,1
77589,155,137,18,18
77590,75,72,3,3
77591,129,116,13,13
77592,189,177,12,12
77593,98,98,0,0
77594,68,69,-1,1
77595,100,97,3,3
77596,136,116,20,20
77597,144,133,11,11
77598,123,122,1,1
77599,60,61,-1,1
77600,131,119,12,12
77601,74,83,-9,9
77602,148,116,32,32
77603,112,100,12,12
77604,60,65,-5,5
77605,89,81,8,8
77606,83,90,-7,7
77607,100,88,12,12
77608,70,73,-3,3
77609,119,121,-2,2
77610,52,60,-8,8
77611,72,72,0,0
77612,127,120,7,7
77613,82,83,-1,1
77614,65,62,3,3
77615,75,70,5,5
77616,65,64,1,1
77617,80,95,-15,15
77618,95,118,-23,23
77619,74,78,-4,4
77620,107,103,4,4
77621,63,66,-3,3
77622,117,108,9,9
77623,83,73,10,10
77624,74,71,3,3
77625,56,53,3,3
77626,143,143,0,0
77627,61,69,-8,8
77628,92,95,-3,3
77629,147,153,-6,6
77630,68,76,-8,8
77631,95,92,3,3
77632,80,85,-5,5
77633,129,115,14,14
77634,133,145,-12,12
77635,47,45,2,2
77636,65,60,5,5
77637,85,79,6,6
77638,100,92,8,8
77639,113,106,7,7
77640,104,95,9,9
77641,70,70,0,0
77642,16,25,-9,9
77643,102,94,8,8
77644,125,108,17,17
77645,83,84,-1,1
77646,114,98,16,16
77647,150,144,6,6
77648,164,146,18,18
77649,97,98,-1,1
77650,71,69,2,2
77651,78,77,1,1
77652,128,121,7,7
77653,111,101,10,10
77654,78,73,5,5
77655,83,82,1,1
77656,84,78,6,6
77657,81,79,2,2
77658,103,112,-9,9
77659,91,93,-2,2
77660,79,76,3,3
77661,84,83,1,1
77662,143,117,26,26
77663,97,93,4,4
77664,85,84,1,1
77665,120,107,13,13
77666,88,98,-10,10
77667,114,100,14,14
77668,116,108,8,8
77669,72,82,-10,10
77670,101,94,7,7
77671,129,126,3,3
77672,119,106,13,13
77673,86,86,0,0
77674,75,78,-3,3
77675,76,72,4,4
77676,84,78,6,6
77677,75,76,-1,1
77678,124,113,11,11
77679,177,182,-5,5
77680,75,74,1,1
77681,117,113,4,4
77682,99,125,-26,26
77683,50,50,0,0
77684,70,78,-8,8
77685,115,107,8,8
77686,60,63,-3,3
77687,96,89,7,7
77688,142,134,8,8
77689,87,79,8,8
77690,112,112,0,0
77691,116,101,15,15
77692,56,58,-2,2
77693,158,153,5,5
77694,188,174,14,14
77695,181,160,21,21
77696,104,87,17,17
77697,159,148,11,11
77698,122,124,-2,2
77699,69,73,-4,4
77700,105,96,9,9
77701,84,89,-5,5
77702,80,78,2,2
77703,62,61,1,1
77704,75,71,4,4
77705,72,78,-6,6
77706,86,80,6,6
77707,99,98,1,1
77708,59,63,-4,4
77709,104,93,11,11
77710,78,76,2,2
77711,97,97,0,0
77712,129,120,9,9
77713,64,72,-8,8
77714,105,97,8,8
77715,93,86,7,7
77716,92,89,3,3
77717,40,34,6,6
77718,98,103,-5,5
77719,132,131,1,1
77720,67,74,-7,7
77721,51,80,-29,29
77722,81,92,-11,11
77723,142,142,0,0
77724,145,131,14,14
77725,72,68,4,4
77726,102,98,4,4
77727,87,79,8,8
77728,111,104,7,7
77729,80,75,5,5
77730,85,81,4,4
77731,144,128,16,16
77732,66,73,-7,7
77733,98,89,9,9
77734,91,89,2,2
77735,61,67,-6,6
77736,46,58,-12,12
77737,89,95,-6,6
77738,105,92,13,13
77739,102,91,11,11
77740,100,98,2,2
77741,58,65,-7,7
77742,116,112,4,4
77743,73,76,-3,3
77744,96,92,4,4
77745,89,83,6,6
77746,79,81,-2,2
77747,74,75,-1,1
77748,100,86,14,14
77749,35,47,-12,12
77750,49,53,-4,4
77751,79,77,2,2
77752,102,89,13,13
77753,104,86,18,18
77754,198,170,28,28
77755,136,124,12,12
77756,62,71,-9,9
77757,100,100,0,0
77758,89,85,4,4
77759,131,121,10,10
77760,82,79,3,3
77761,157,142,15,15
77762,71,73,-2,2
77763,54,57,-3,3
77764,115,116,-1,1
77765,80,78,2,2
77766,69,68,1,1
77767,80,72,8,8
77768,89,87,2,2
77769,91,87,4,4
77770,171,147,24,24
77771,86,79,7,7
77772,120,115,5,5
77773,72,74,-2,2
77774,67,66,1,1
77775,122,135,-13,13
77776,71,74,-3,3
77777,119,113,6,6
77778,80,78,2,2
77779,110,99,11,11
77780,47,47,0,0
77781,193,166,27,27
77782,80,76,4,4
77783,52,57,-5,5
77784,61,66,-5,5
77785,90,78,12,12
77786,85,81,4,4
77787,74,73,1,1
77788,85,86,-1,1
77789,125,141,-16,16
77790,150,134,16,16
77791,89,87,2,2
77792,93,90,3,3
77793,131,129,2,2
77794,66,72,-6,6
77795,78,74,4,4
77796,151,145,6,6
77797,91,91,0,0
77798,75,86,-11,11
77799,39,34,5,5
77800,54,53,1,1
77801,106,96,10,10
77802,128,125,3,3
77803,49,60,-11,11
77804,124,117,7,7
77805,76,76,0,0
77806,89,84,5,5
77807,48,38,10,10
77808,135,147,-12,12
77809,108,106,2,2
77810,113,98,15,15
77811,97,89,8,8
77812,155,147,8,8
77813,154,136,18,18
77814,118,102,16,16
77815,87,79,8,8
77816,56,63,-7,7
77817,56,75,-19,19
77818,70,77,-7,7
77819,45,52,-7,7
77820,49,74,-25,25
77821,91,79,12,12
77822,76,72,4,4
77823,81,101,-20,20
77824,121,120,1,1
77825,109,102,7,7
77826,72,73,-1,1
77827,75,75,0,0
77828,35,41,-6,6
77829,90,93,-3,3
77830,132,124,8,8
77831,140,142,-2,2
77832,75,78,-3,3
77833,76,75,1,1
77834,111,127,-16,16
77835,92,96,-4,4
77836,120,127,-7,7
77837,119,112,7,7
77838,78,84,-6,6
77839,86,84,2,2
77840,60,66,-6,6
77841,158,140,18,18
77842,94,89,5,5
77843,126,119,7,7
77844,112,98,14,14
77845,112,101,11,11
77846,73,74,-1,1
77847,94,94,0,0
77848,133,122,11,11
77849,70,63,7,7
77850,83,75,8,8
77851,117,114,3,3
77852,104,100,4,4
77853,109,104,5,5
77854,173,148,25,25
77855,55,68,-13,13
77856,46,50,-4,4
77857,36,34,2,2
77858,76,76,0,0
77859,136,127,9,9
77860,102,96,6,6
77861,110,106,4,4
77862,94,86,8,8
77863,80,78,2,2
77864,149,133,16,16
77865,249,220,29,29
77866,150,149,1,1
77867,49,60,-11,11
77868,58,60,-2,2
77869,54,54,0,0
77870,83,73,10,10
77871,119,103,16,16
77872,58,60,-2,2
77873,123,107,16,16
77874,125,115,10,10
77875,115,116,-1,1
77876,74,88,-14,14
77877,71,67,4,4
77878,162,135,27,27
77879,96,94,2,2
77880,63,65,-2,2
77881,87,91,-4,4
77882,74,63,11,11
77883,70,87,-17,17
77884,114,112,2,2
77885,72,70,2,2
77886,58,67,-9,9
77887,117,105,12,12
77888,77,95,-18,18
77889,57,67,-10,10
77890,142,132,10,10
77891,57,67,-10,10
77892,77,75,2,2
77893,100,115,-15,15
77894,92,107,-15,15
77895,53,61,-8,8
77896,98,89,9,9
77897,96,93,3,3
77898,67,66,1,1
77899,69,70,-1,1
77900,108,104,4,4
77901,97,88,9,9
77902,75,72,3,3
77903,97,97,0,0
77904,127,113,14,14
77905,87,79,8,8
77906,86,84,2,2
77907,84,74,10,10
77908,86,83,3,3
77909,88,85,3,3
77910,97,94,3,3
77911,86,85,1,1
77912,79,85,-6,6
77913,183,170,13,13
77914,97,95,2,2
77915,136,124,12,12
77916,78,76,2,2
77917,128,126,2,2
77918,116,105,11,11
77919,167,154,13,13
77920,143,146,-3,3
77921,72,78,-6,6
77922,101,95,6,6
77923,89,87,2,2
77924,63,59,4,4
77925,136,124,12,12
77926,129,123,6,6
77927,77,79,-2,2
77928,70,77,-7,7
77929,114,105,9,9
77930,100,108,-8,8
77931,133,119,14,14
77932,130,126,4,4
77933,64,65,-1,1
77934,105,96,9,9
77935,171,149,22,22
77936,120,109,11,11
77937,95,96,-1,1
77938,72,74,-2,2
77939,75,70,5,5
77940,110,97,13,13
77941,119,107,12,12
77942,184,162,22,22
77943,132,124,8,8
77944,128,129,-1,1
77945,78,93,-15,15
77946,124,118,6,6
77947,123,121,2,2
77948,105,91,14,14
77949,51,62,-11,11
77950,89,99,-10,10
77951,58,64,-6,6
77952,112,102,10,10
77953,97,92,5,5
77954,95,95,0,0
77955,79,80,-1,1
77956,85,84,1,1
77957,135,116,19,19
77958,127,130,-3,3
77959,95,84,11,11
77960,141,144,-3,3
77961,76,77,-1,1
77962,63,65,-2,2
77963,106,99,7,7
77964,95,85,10,10
77965,91,88,3,3
77966,147,138,9,9
77967,124,111,13,13
77968,88,78,10,10
77969,70,72,-2,2
77970,80,91,-11,11
77971,41,34,7,7
77972,59,62,-3,3
77973,97,102,-5,5
77974,61,63,-2,2
77975,148,127,21,21
77976,106,96,10,10
77977,102,111,-9,9
77978,66,66,0,0
77979,75,69,6,6
77980,98,90,8,8
77981,58,55,3,3
77982,59,60,-1,1
77983,53,55,-2,2
77984,53,77,-24,24
77985,121,103,18,18
77986,101,84,17,17
77987,145,128,17,17
77988,57,62,-5,5
77989,74,71,3,3
77990,65,66,-1,1
77991,79,87,-8,8
77992,117,105,12,12
77993,65,64,1,1
77994,64,66,-2,2
77995,81,75,6,6
77996,125,106,19,19
77997,67,69,-2,2
77998,69,71,-2,2
77999,59,56,3,3
78000,126,113,13,13
78001,106,105,1,1
78002,63,65,-2,2
78003,89,94,-5,5
78004,120,97,23,23
78005,97,95,2,2
78006,70,70,0,0
78007,116,117,-1,1
78008,77,68,9,9
78009,49,54,-5,5
78010,71,68,3,3
78011,64,73,-9,9
78012,72,66,6,6
78013,128,110,18,18
78014,98,89,9,9
78015,66,70,-4,4
78016,112,110,2,2
78017,51,55,-4,4
78018,85,82,3,3
78019,100,89,11,11
78020,92,85,7,7
78021,111,106,5,5
78022,100,115,-15,15
78023,96,91,5,5
78024,166,144,22,22
78025,137,139,-2,2
78026,72,71,1,1
78027,115,114,1,1
78028,88,83,5,5
78029,91,88,3,3
78030,103,97,6,6
78031,47,55,-8,8
78032,86,92,-6,6
78033,136,119,17,17
78034,157,149,8,8
78035,124,117,7,7
78036,137,132,5,5
78037,101,98,3,3
78038,74,72,2,2
78039,85,76,9,9
78040,45,35,10,10
78041,168,152,16,16
78042,115,101,14,14
78043,116,124,-8,8
78044,84,90,-6,6
78045,102,98,4,4
78046,59,73,-14,14
78047,106,108,-2,2
78048,60,69,-9,9
78049,123,112,11,11
78050,85,75,10,10
78051,60,68,-8,8
78052,82,70,12,12
78053,160,141,19,19
78054,82,84,-2,2
78055,83,83,0,0
78056,73,76,-3,3
78057,113,112,1,1
78058,95,85,10,10
78059,100,91,9,9
78060,40,44,-4,4
78061,80,79,1,1
78062,110,101,9,9
78063,144,140,4,4
78064,115,102,13,13
78065,64,75,-11,11
78066,119,107,12,12
78067,102,102,0,0
78068,159,135,24,24
78069,104,96,8,8
78070,91,88,3,3
78071,133,128,5,5
78072,98,94,4,4
78073,96,99,-3,3
78074,134,121,13,13
78075,160,146,14,14
78076,59,71,-12,12
78077,74,78,-4,4
78078,106,95,11,11
78079,64,63,1,1
78080,90,93,-3,3
78081,67,65,2,2
78082,100,97,3,3
78083,68,68,0,0
78084,159,145,14,14
78085,87,85,2,2
78086,123,130,-7,7
78087,78,77,1,1
78088,95,87,8,8
78089,56,72,-16,16
78090,102,100,2,2
78091,108,91,17,17
78092,73,68,5,5
78093,111,108,3,3
78094,137,129,8,8
78095,84,86,-2,2
78096,89,78,11,11
78097,70,81,-11,11
78098,78,82,-4,4
78099,152,142,10,10
78100,81,81,0,0
78101,49,51,-2,2
78102,69,71,-2,2
78103,102,90,12,12
78104,62,67,-5,5
78105,91,87,4,4
78106,72,45,27,27
78107,47,44,3,3
78108,184,155,29,29
78109,103,90,13,13
78110,69,73,-4,4
78111,51,64,-13,13
78112,120,126,-6,6
78113,105,84,21,21
78114,46,57,-11,11
78115,75,74,1,1
78116,71,71,0,0
78117,45,56,-11,11
78118,80,86,-6,6
78119,79,86,-7,7
78120,78,76,2,2
78121,62,71,-9,9
78122,86,80,6,6
78123,122,118,4,4
78124,101,91,10,10
78125,72,73,-1,1
78126,141,134,7,7
78127,69,73,-4,4
78128,93,88,5,5
78129,55,53,2,2
78130,121,111,10,10
78131,105,105,0,0
78132,99,87,12,12
78133,195,167,28,28
78134,76,75,1,1
78135,124,112,12,12
78136,100,83,17,17
78137,152,146,6,6
78138,108,100,8,8
78139,49,52,-3,3
78140,176,158,18,18
78141,104,191,-87,87
78142,81,68,13,13
78143,97,93,4,4
78144,58,59,-1,1
78145,110,100,10,10
78146,55,62,-7,7
78147,69,69,0,0
78148,107,131,-24,24
78149,71,70,1,1
78150,88,87,1,1
78151,43,55,-12,12
78152,117,114,3,3
78153,81,66,15,15
78154,75,78,-3,3
78155,108,104,4,4
78156,63,67,-4,4
78157,74,76,-2,2
78158,68,70,-2,2
78159,62,63,-1,1
78160,52,53,-1,1
78161,78,85,-7,7
78162,108,110,-2,2
78163,188,160,28,28
78164,61,66,-5,5
78165,77,75,2,2
78166,97,91,6,6
78167,67,53,14,14
78168,77,101,-24,24
78169,91,90,1,1
78170,69,71,-2,2
78171,131,129,2,2
78172,56,59,-3,3
78173,49,58,-9,9
78174,126,119,7,7
78175,114,107,7,7
78176,90,87,3,3
78177,75,84,-9,9
78178,83,74,9,9
78179,92,97,-5,5
78180,83,84,-1,1
78181,89,77,12,12
78182,85,85,0,0
78183,70,66,4,4
78184,108,99,9,9
78185,71,73,-2,2
78186,68,63,5,5
78187,70,73,-3,3
78188,107,108,-1,1
78189,58,62,-4,4
78190,51,55,-4,4
78191,55,66,-11,11
78192,161,153,8,8
78193,46,56,-10,10
78194,92,90,2,2
78195,154,145,9,9
78196,83,84,-1,1
78197,128,120,8,8
78198,73,73,0,0
78199,87,84,3,3
78200,122,110,12,12
78201,108,89,19,19
78202,76,90,-14,14
78203,59,70,-11,11
78204,83,84,-1,1
78205,92,92,0,0
78206,96,95,1,1
78207,105,95,10,10
78208,58,67,-9,9
78209,81,77,4,4
78210,110,96,14,14
78211,44,55,-11,11
78212,81,77,4,4
78213,63,71,-8,8
78214,78,76,2,2
78215,68,74,-6,6
78216,120,123,-3,3
78217,181,160,21,21
78218,141,129,12,12
78219,178,160,18,18
78220,64,62,2,2
78221,72,75,-3,3
78222,45,34,11,11
78223,143,125,18,18
78224,145,128,17,17
78225,111,106,5,5
78226,86,86,0,0
78227,125,126,-1,1
78228,79,80,-1,1
78229,67,73,-6,6
78230,173,154,19,19
78231,81,84,-3,3
78232,88,93,-5,5
78233,63,67,-4,4
78234,66,85,-19,19
78235,96,92,4,4
78236,100,78,22,22
78237,57,57,0,0
78238,125,110,15,15
78239,156,142,14,14
78240,125,113,12,12
78241,133,126,7,7
78242,66,66,0,0
78243,159,158,1,1
78244,44,46,-2,2
78245,67,64,3,3
78246,105,99,6,6
78247,77,78,-1,1
78248,64,71,-7,7
78249,62,86,-24,24
78250,69,66,3,3
78251,163,147,16,16
78252,62,65,-3,3
78253,50,53,-3,3
78254,100,97,3,3
78255,108,97,11,11
78256,70,72,-2,2
78257,97,91,6,6
78258,83,75,8,8
78259,137,138,-1,1
78260,70,69,1,1
78261,122,97,25,25
78262,79,84,-5,5
78263,52,72,-20,20
78264,86,90,-4,4
78265,93,85,8,8
78266,93,107,-14,14
78267,62,65,-3,3
78268,109,94,15,15
78269,107,105,2,2
78270,83,83,0,0
78271,57,61,-4,4
78272,61,68,-7,7
78273,43,46,-3,3
78274,156,133,23,23
78275,102,94,8,8
78276,56,68,-12,12
78277,199,180,19,19
78278,103,104,-1,1
78279,77,76,1,1
78280,147,150,-3,3
78281,99,109,-10,10
78282,74,102,-28,28
78283,71,65,6,6
78284,142,135,7,7
78285,72,66,6,6
78286,28,34,-6,6
78287,99,105,-6,6
78288,145,148,-3,3
78289,51,51,0,0
78290,132,131,1,1
78291,102,99,3,3
78292,69,70,-1,1
78293,142,133,9,9
78294,52,49,3,3
78295,87,91,-4,4
78296,122,121,1,1
78297,93,98,-5,5
78298,85,87,-2,2
78299,101,94,7,7
78300,88,89,-1,1
78301,64,63,1,1
78302,131,121,10,10
78303,91,87,4,4
78304,174,151,23,23
78305,50,53,-3,3
78306,78,84,-6,6
78307,76,79,-3,3
78308,118,111,7,7
78309,56,62,-6,6
78310,53,54,-1,1
78311,98,100,-2,2
78312,119,120,-1,1
78313,133,123,10,10
78314,66,67,-1,1
78315,117,118,-1,1
78316,94,89,5,5
78317,79,83,-4,4
78318,114,111,3,3
78319,96,85,11,11
78320,81,81,0,0
78321,83,84,-1,1
78322,74,77,-3,3
78323,89,85,4,4
78324,73,81,-8,8
78325,160,149,11,11
78326,120,111,9,9
78327,52,52,0,0
78328,127,125,2,2
78329,93,89,4,4
78330,108,114,-6,6
78331,95,92,3,3
78332,75,76,-1,1
78333,124,107,17,17
78334,90,91,-1,1
78335,101,102,-1,1
78336,44,49,-5,5
78337,113,105,8,8
78338,64,74,-10,10
78339,135,126,9,9
78340,147,131,16,16
78341,112,113,-1,1
78342,63,66,-3,3
78343,91,99,-8,8
78344,93,77,16,16
78345,116,108,8,8
78346,124,127,-3,3
78347,127,124,3,3
78348,114,115,-1,1
78349,137,111,26,26
78350,56,64,-8,8
78351,54,58,-4,4
78352,78,80,-2,2
78353,71,72,-1,1
78354,72,74,-2,2
78355,67,75,-8,8
78356,48,47,1,1
78357,115,130,-15,15
78358,53,57,-4,4
78359,95,93,2,2
78360,56,71,-15,15
78361,45,34,11,11
78362,209,186,23,23
78363,85,92,-7,7
78364,80,77,3,3
78365,139,140,-1,1
78366,64,67,-3,3
78367,83,85,-2,2
78368,121,111,10,10
78369,102,109,-7,7
78370,94,91,3,3
78371,119,110,9,9
78372,59,67,-8,8
78373,61,85,-24,24
78374,74,73,1,1
78375,76,77,-1,1
78376,91,90,1,1
78377,132,112,20,20
78378,54,62,-8,8
78379,74,74,0,0
78380,96,88,8,8
78381,60,67,-7,7
78382,91,94,-3,3
78383,102,100,2,2
78384,131,124,7,7
78385,95,90,5,5
78386,35,33,2,2
78387,70,78,-8,8
78388,115,101,14,14
78389,63,65,-2,2
78390,70,79,-9,9
78391,73,69,4,4
78392,79,78,1,1
78393,114,114,0,0
78394,75,88,-13,13
78395,103,97,6,6
78396,111,102,9,9
78397,110,111,-1,1
78398,55,55,0,0
78399,89,92,-3,3
78400,53,65,-12,12
78401,114,97,17,17
78402,104,106,-2,2
78403,45,37,8,8
78404,122,115,7,7
78405,72,75,-3,3
78406,140,126,14,14
78407,132,114,18,18
78408,127,151,-24,24
78409,133,124,9,9
78410,66,67,-1,1
78411,99,96,3,3
78412,112,107,5,5
78413,104,88,16,16
78414,143,133,10,10
78415,107,96,11,11
78416,122,118,4,4
78417,166,156,10,10
78418,169,158,11,11
78419,165,159,6,6
78420,147,122,25,25
78421,63,64,-1,1
78422,71,76,-5,5
78423,59,58,1,1
78424,127,127,0,0
78425,168,149,19,19
78426,43,48,-5,5
78427,103,94,9,9
78428,109,97,12,12
78429,99,101,-2,2
78430,71,73,-2,2
78431,94,93,1,1
78432,104,98,6,6
78433,96,96,0,0
78434,85,77,8,8
78435,122,103,19,19
78436,85,84,1,1
78437,49,58,-9,9
78438,44,66,-22,22
78439,65,64,1,1
78440,78,79,-1,1
78441,117,109,8,8
78442,103,93,10,10
78443,106,90,16,16
78444,97,99,-2,2
78445,167,174,-7,7
78446,50,55,-5,5
78447,134,120,14,14
78448,100,106,-6,6
78449,81,83,-2,2
78450,108,108,0,0
78451,55,61,-6,6
78452,82,86,-4,4
78453,94,108,-14,14
78454,94,85,9,9
78455,61,63,-2,2
78456,141,132,9,9
78457,79,78,1,1
78458,71,79,-8,8
78459,48,57,-9,9
78460,140,136,4,4
78461,70,72,-2,2
78462,63,62,1,1
78463,137,122,15,15
78464,40,34,6,6
78465,103,95,8,8
78466,67,75,-8,8
78467,82,76,6,6
78468,119,118,1,1
78469,131,121,10,10
78470,77,89,-12,12
78471,98,90,8,8
78472,148,150,-2,2
78473,91,85,6,6
78474,95,96,-1,1
78475,60,60,0,0
78476,72,71,1,1
78477,123,112,11,11
78478,68,69,-1,1
78479,124,131,-7,7
78480,128,121,7,7
78481,114,116,-2,2
78482,90,88,2,2
78483,108,105,3,3
78484,114,103,11,11
78485,33,53,-20,20
78486,95,96,-1,1
78487,113,106,7,7
78488,57,59,-2,2
78489,71,68,3,3
78490,110,91,19,19
78491,67,71,-4,4
78492,59,64,-5,5
78493,105,102,3,3
78494,132,117,15,15
78495,93,97,-4,4
78496,90,92,-2,2
78497,134,119,15,15
78498,32,34,-2,2
78499,108,140,-32,32
78500,81,74,7,7
78501,94,91,3,3
78502,116,116,0,0
78503,131,125,6,6
78504,63,72,-9,9
78505,96,92,4,4
78506,71,64,7,7
78507,71,67,4,4
78508,79,86,-7,7
78509,115,108,7,7
78510,48,65,-17,17
78511,85,80,5,5
78512,113,102,11,11
78513,89,89,0,0
78514,131,125,6,6
78515,91,94,-3,3
78516,72,70,2,2
78517,169,146,23,23
78518,133,130,3,3
78519,176,152,24,24
78520,118,119,-1,1
78521,71,80,-9,9
78522,65,70,-5,5
78523,144,119,25,25
78524,72,85,-13,13
78525,70,75,-5,5
78526,70,72,-2,2
78527,117,102,15,15
78528,97,95,2,2
78529,57,61,-4,4
78530,61,83,-22,22
78531,80,79,1,1
78532,92,83,9,9
78533,85,93,-8,8
78534,125,109,16,16
78535,90,97,-7,7
78536,80,74,6,6
78537,71,77,-6,6
78538,149,131,18,18
78539,69,65,4,4
78540,104,94,10,10
78541,95,88,7,7
78542,129,107,22,22
78543,144,117,27,27
78544,61,66,-5,5
78545,130,117,13,13
78546,144,129,15,15
78547,39,34,5,5
78548,114,107,7,7
78549,48,49,-1,1
78550,94,86,8,8
78551,92,84,8,8
78552,101,89,12,12
78553,79,85,-6,6
78554,113,99,14,14
78555,69,77,-8,8
78556,41,46,-5,5
78557,69,75,-6,6
78558,108,103,5,5
78559,66,67,-1,1
78560,93,82,11,11
78561,86,79,7,7
78562,79,75,4,4
78563,80,85,-5,5
78564,87,83,4,4
78565,179,158,21,21
78566,67,66,1,1
78567,71,77,-6,6
78568,86,77,9,9
78569,92,95,-3,3
78570,109,108,1,1
78571,45,57,-12,12
78572,84,84,0,0
78573,158,146,12,12
78574,92,85,7,7
78575,75,73,2,2
78576,84,83,1,1
78577,65,75,-10,10
78578,104,92,12,12
78579,44,42,2,2
78580,198,160,38,38
78581,124,113,11,11
78582,134,115,19,19
78583,122,107,15,15
78584,77,76,1,1
78585,103,96,7,7
78586,98,89,9,9
78587,59,58,1,1
78588,87,73,14,14
78589,74,68,6,6
78590,67,74,-7,7
78591,85,83,2,2
78592,79,73,6,6
78593,96,96,0,0
78594,121,117,4,4
78595,98,107,-9,9
78596,145,127,18,18
78597,110,101,9,9
78598,144,143,1,1
78599,85,80,5,5
78600,114,117,-3,3
78601,95,91,4,4
78602,51,60,-9,9
78603,97,90,7,7
78604,81,70,11,11
78605,81,78,3,3
78606,85,82,3,3
78607,154,147,7,7
78608,125,118,7,7
78609,97,100,-3,3
78610,161,143,18,18
78611,144,123,21,21
78612,127,113,14,14
78613,88,84,4,4
78614,180,163,17,17
78615,90,93,-3,3
78616,66,76,-10,10
78617,95,90,5,5
78618,94,98,-4,4
78619,75,76,-1,1
78620,65,73,-8,8
78621,111,117,-6,6
78622,67,65,2,2
78623,86,91,-5,5
78624,141,125,16,16
78625,102,97,5,5
78626,142,141,1,1
78627,188,178,10,10
78628,62,57,5,5
78629,104,105,-1,1
78630,63,63,0,0
78631,100,90,10,10
78632,148,135,13,13
78633,103,103,0,0
78634,122,123,-1,1
78635,69,70,-1,1
78636,89,85,4,4
78637,113,91,22,22
78638,135,126,9,9
78639,158,139,19,19
78640,74,67,7,7
78641,54,58,-4,4
78642,106,100,6,6
78643,56,80,-24,24
78644,113,103,10,10
78645,95,84,11,11
78646,134,128,6,6
78647,73,74,-1,1
78648,51,54,-3,3
78649,50,43,7,7
78650,33,32,1,1
78651,130,115,15,15
78652,111,118,-7,7
78653,58,60,-2,2
78654,103,98,5,5
78655,136,133,3,3
78656,99,95,4,4
78657,99,91,8,8
78658,116,104,12,12
78659,149,135,14,14
78660,69,73,-4,4
78661,81,94,-13,13
78662,57,59,-2,2
78663,85,80,5,5
78664,78,93,-15,15
78665,94,92,2,2
78666,112,101,11,11
78667,141,115,26,26
78668,133,117,16,16
78669,85,93,-8,8
78670,100,101,-1,1
78671,62,63,-1,1
78672,121,112,9,9
78673,54,61,-7,7
78674,154,144,10,10
78675,142,121,21,21
78676,104,114,-10,10
78677,103,95,8,8
78678,70,67,3,3
78679,118,112,6,6
78680,115,110,5,5
78681,145,139,6,6
78682,106,105,1,1
78683,114,110,4,4
78684,87,82,5,5
78685,155,132,23,23
78686,142,125,17,17
78687,132,120,12,12
78688,94,90,4,4
78689,142,136,6,6
78690,150,140,10,10
78691,53,61,-8,8
78692,94,87,7,7
78693,85,94,-9,9
78694,62,68,-6,6
78695,53,53,0,0
78696,81,86,-5,5
78697,175,162,13,13
78698,55,56,-1,1
78699,72,82,-10,10
78700,93,87,6,6
78701,73,81,-8,8
78702,47,58,-11,11
78703,67,70,-3,3
78704,117,108,9,9
78705,104,100,4,4
78706,76,75,1,1
78707,99,86,13,13
78708,131,118,13,13
78709,84,90,-6,6
78710,105,111,-6,6
78711,157,131,26,26
78712,111,116,-5,5
78713,91,90,1,1
78714,74,78,-4,4
78715,79,77,2,2
78716,103,92,11,11
78717,119,108,11,11
78718,163,131,32,32
78719,69,70,-1,1
78720,112,104,8,8
78721,55,64,-9,9
78722,97,99,-2,2
78723,99,86,13,13
78724,58,70,-12,12
78725,125,109,16,16
78726,88,81,7,7
78727,81,80,1,1
78728,158,155,3,3
78729,55,65,-10,10
78730,114,114,0,0
78731,95,92,3,3
78732,87,102,-15,15
78733,139,118,21,21
78734,79,75,4,4
78735,75,69,6,6
78736,56,62,-6,6
78737,113,123,-10,10
78738,148,130,18,18
78739,160,138,22,22
78740,97,96,1,1
78741,88,87,1,1
78742,89,86,3,3
78743,101,96,5,5
78744,53,59,-6,6
78745,97,106,-9,9
78746,67,69,-2,2
78747,117,104,13,13
78748,72,67,5,5
78749,40,46,-6,6
78750,48,48,0,0
78751,88,82,6,6
78752,95,76,19,19
78753,132,122,10,10
78754,63,64,-1,1
78755,95,91,4,4
78756,84,83,1,1
78757,33,34,-1,1
78758,70,72,-2,2
78759,154,143,11,11
78760,163,145,18,18
78761,175,153,22,22
78762,92,86,6,6
78763,150,141,9,9
78764,67,71,-4,4
78765,127,124,3,3
78766,131,119,12,12
78767,194,165,29,29
78768,113,106,7,7
78769,106,98,8,8
78770,88,83,5,5
78771,75,73,2,2
78772,56,73,-17,17
78773,86,97,-11,11
78774,66,65,1,1
78775,171,157,14,14
78776,127,118,9,9
78777,110,108,2,2
78778,93,92,1,1
78779,89,89,0,0
78780,72,83,-11,11
78781,98,86,12,12
78782,77,77,0,0
78783,93,90,3,3
78784,112,96,16,16
78785,68,69,-1,1
78786,104,112,-8,8
78787,78,75,3,3
78788,69,76,-7,7
78789,48,46,2,2
78790,65,73,-8,8
78791,109,109,0,0
78792,90,101,-11,11
78793,141,131,10,10
78794,100,100,0,0
78795,133,131,2,2
78796,110,99,11,11
78797,54,55,-1,1
78798,71,72,-1,1
78799,144,132,12,12
78800,57,67,-10,10
78801,88,89,-1,1
78802,107,95,12,12
78803,128,119,9,9
78804,93,94,-1,1
78805,136,135,1,1
78806,107,93,14,14
78807,151,133,18,18
78808,114,105,9,9
78809,67,66,1,1
78810,94,90,4,4
78811,90,79,11,11
78812,105,92,13,13
78813,132,117,15,15
78814,90,86,4,4
78815,120,121,-1,1
78816,91,93,-2,2
78817,155,147,8,8
78818,62,63,-1,1
78819,109,100,9,9
78820,100,102,-2,2
78821,160,137,23,23
78822,96,93,3,3
78823,104,111,-7,7
78824,93,91,2,2
78825,72,74,-2,2
78826,59,73,-14,14
78827,74,70,4,4
78828,83,74,9,9
78829,92,84,8,8
78830,100,102,-2,2
78831,87,80,7,7
78832,122,117,5,5
78833,78,74,4,4
78834,79,72,7,7
78835,138,119,19,19
78836,158,143,15,15
78837,75,75,0,0
78838,100,94,6,6
78839,134,119,15,15
78840,138,147,-9,9
78841,82,90,-8,8
78842,52,51,1,1
78843,74,76,-2,2
78844,60,61,-1,1
78845,49,34,15,15
78846,45,44,1,1
78847,83,78,5,5
78848,55,65,-10,10
78849,74,71,3,3
78850,96,86,10,10
78851,71,75,-4,4
78852,73,73,0,0
78853,104,113,-9,9
78854,57,59,-2,2
78855,79,80,-1,1
78856,109,107,2,2
78857,65,63,2,2
78858,129,135,-6,6
78859,75,74,1,1
78860,209,182,27,27
78861,102,94,8,8
78862,102,105,-3,3
78863,142,122,20,20
78864,140,115,25,25
78865,44,34,10,10
78866,102,102,0,0
78867,89,80,9,9
78868,86,79,7,7
78869,85,85,0,0
78870,88,82,6,6
78871,77,84,-7,7
78872,123,125,-2,2
78873,62,74,-12,12
78874,163,155,8,8
78875,114,110,4,4
78876,55,64,-9,9
78877,112,110,2,2
78878,125,118,7,7
78879,123,119,4,4
78880,96,90,6,6
78881,111,101,10,10
78882,136,122,14,14
78883,75,77,-2,2
78884,134,129,5,5
78885,77,82,-5,5
78886,98,97,1,1
78887,94,89,5,5
78888,77,78,-1,1
78889,83,77,6,6
78890,97,86,11,11
78891,82,81,1,1
78892,126,115,11,11
78893,159,148,11,11
78894,100,106,-6,6
78895,100,109,-9,9
78896,121,114,7,7
78897,117,98,19,19
78898,81,85,-4,4
78899,90,86,4,4
78900,68,67,1,1
78901,110,107,3,3
78902,118,127,-9,9
78903,97,93,4,4
78904,81,74,7,7
78905,105,102,3,3
78906,95,87,8,8
78907,66,75,-9,9
78908,109,105,4,4
78909,141,135,6,6
78910,52,49,3,3
78911,80,75,5,5
78912,93,86,7,7
78913,76,73,3,3
78914,111,110,1,1
78915,107,97,10,10
78916,132,121,11,11
78917,100,99,1,1
78918,138,123,15,15
78919,122,112,10,10
78920,105,101,4,4
78921,85,84,1,1
78922,96,85,11,11
78923,60,59,1,1
78924,106,98,8,8
78925,47,64,-17,17
78926,97,90,7,7
78927,36,34,2,2
78928,111,96,15,15
78929,121,127,-6,6
78930,85,78,7,7
78931,95,74,21,21
78932,78,79,-1,1
78933,113,115,-2,2
78934,72,68,4,4
78935,110,113,-3,3
78936,38,42,-4,4
78937,133,125,8,8
78938,52,75,-23,23
78939,49,54,-5,5
78940,57,56,1,1
78941,209,165,44,44
78942,93,94,-1,1
78943,62,65,-3,3
78944,51,59,-8,8
78945,82,101,-19,19
78946,77,75,2,2
78947,165,144,21,21
78948,58,60,-2,2
78949,108,99,9,9
78950,43,54,-11,11
78951,83,84,-1,1
78952,92,91,1,1
78953,127,117,10,10
78954,47,49,-2,2
78955,78,74,4,4
78956,62,60,2,2
78957,136,119,17,17
78958,121,120,1,1
78959,79,81,-2,2
78960,83,89,-6,6
78961,100,99,1,1
78962,86,99,-13,13
78963,89,91,-2,2
78964,74,67,7,7
78965,133,125,8,8
78966,107,102,5,5
78967,89,82,7,7
78968,72,71,1,1
78969,78,80,-2,2
78970,52,56,-4,4
78971,94,86,8,8
78972,107,102,5,5
78973,61,60,1,1
78974,224,192,32,32
78975,75,71,4,4
78976,53,61,-8,8
78977,95,93,2,2
78978,63,63,0,0
78979,133,130,3,3
78980,45,43,2,2
78981,65,65,0,0
78982,93,89,4,4
78983,68,76,-8,8
78984,86,86,0,0
78985,116,109,7,7
78986,112,112,0,0
78987,79,73,6,6
78988,83,77,6,6
78989,136,140,-4,4
78990,58,63,-5,5
78991,98,91,7,7
78992,216,213,3,3
78993,135,123,12,12
78994,87,84,3,3
78995,99,91,8,8
78996,85,79,6,6
78997,57,59,-2,2
78998,69,66,3,3
78999,72,73,-1,1
79000,42,48,-6,6
79001,50,53,-3,3
79002,120,113,7,7
79003,43,45,-2,2
79004,58,60,-2,2
79005,64,74,-10,10
79006,47,52,-5,5
79007,118,104,14,14
79008,91,109,-18,18
79009,115,113,2,2
79010,132,131,1,1
79011,124,115,9,9
79012,127,136,-9,9
79013,90,84,6,6
79014,142,136,6,6
79015,72,73,-1,1
79016,91,94,-3,3
79017,93,93,0,0
79018,159,154,5,5
79019,76,79,-3,3
79020,89,96,-7,7
79021,127,106,21,21
79022,76,76,0,0
79023,101,91,10,10
79024,95,93,2,2
79025,82,81,1,1
79026,109,104,5,5
79027,108,97,11,11
79028,84,85,-1,1
79029,184,169,15,15
79030,77,75,2,2
79031,92,80,12,12
79032,57,63,-6,6
79033,104,98,6,6
79034,118,114,4,4
79035,111,100,11,11
79036,78,68,10,10
79037,122,108,14,14
79038,72,70,2,2
79039,106,94,12,12
79040,61,60,1,1
79041,106,104,2,2
79042,122,118,4,4
79043,119,112,7,7
79044,141,121,20,20
79045,114,107,7,7
79046,124,111,13,13
79047,86,77,9,9
79048,43,59,-16,16
79049,177,168,9,9
79050,169,186,-17,17
79051,100,100,0,0
79052,70,74,-4,4
79053,80,80,0,0
79054,82,84,-2,2
79055,97,88,9,9
79056,112,101,11,11
79057,122,111,11,11
79058,62,65,-3,3
79059,146,122,24,24
79060,77,84,-7,7
79061,95,96,-1,1
79062,167,143,24,24
79063,62,91,-29,29
79064,112,132,-20,20
79065,56,61,-5,5
79066,126,105,21,21
79067,127,113,14,14
79068,221,202,19,19
79069,180,163,17,17
79070,73,66,7,7
79071,53,58,-5,5
79072,82,88,-6,6
79073,58,60,-2,2
79074,78,75,3,3
79075,130,119,11,11
79076,39,33,6,6
79077,93,108,-15,15
79078,87,78,9,9
79079,82,74,8,8
79080,130,128,2,2
79081,74,75,-1,1
79082,93,88,5,5
79083,69,77,-8,8
79084,57,61,-4,4
79085,79,75,4,4
79086,120,111,9,9
79087,91,78,13,13
79088,99,103,-4,4
79089,100,92,8,8
79090,93,87,6,6
79091,78,84,-6,6
79092,82,85,-3,3
79093,242,204,38,38
79094,154,144,10,10
79095,63,65,-2,2
79096,52,56,-4,4
79097,106,98,8,8
79098,87,105,-18,18
79099,106,105,1,1
79100,36,33,3,3
79101,108,122,-14,14
79102,153,181,-28,28
79103,44,63,-19,19
79104,119,113,6,6
79105,51,53,-2,2
79106,156,136,20,20
79107,114,126,-12,12
79108,123,115,8,8
79109,149,136,13,13
79110,90,82,8,8
79111,67,69,-2,2
79112,179,164,15,15
79113,123,117,6,6
79114,88,90,-2,2
79115,211,191,20,20
79116,149,132,17,17
79117,58,59,-1,1
79118,85,83,2,2
79119,94,90,4,4
79120,125,125,0,0
79121,50,58,-8,8
79122,78,73,5,5
79123,91,85,6,6
79124,166,157,9,9
79125,89,81,8,8
79126,55,69,-14,14
79127,140,128,12,12
79128,122,119,3,3
79129,92,78,14,14
79130,59,63,-4,4
79131,112,115,-3,3
79132,97,97,0,0
79133,109,111,-2,2
79134,121,137,-16,16
79135,75,76,-1,1
79136,80,74,6,6
79137,104,99,5,5
79138,130,125,5,5
79139,148,143,5,5
79140,54,53,1,1
79141,121,105,16,16
79142,65,80,-15,15
79143,51,61,-10,10
79144,142,119,23,23
79145,40,34,6,6
79146,58,65,-7,7
79147,92,90,2,2
79148,71,73,-2,2
79149,96,92,4,4
79150,118,107,11,11
79151,54,63,-9,9
79152,91,95,-4,4
79153,70,69,1,1
79154,85,81,4,4
79155,47,50,-3,3
79156,137,132,5,5
79157,88,89,-1,1
79158,73,73,0,0
79159,99,92,7,7
79160,68,72,-4,4
79161,174,170,4,4
79162,119,119,0,0
79163,84,84,0,0
79164,103,115,-12,12
79165,174,162,12,12
79166,98,92,6,6
79167,86,79,7,7
79168,101,100,1,1
79169,88,76,12,12
79170,78,67,11,11
79171,94,90,4,4
79172,131,120,11,11
79173,104,94,10,10
79174,89,91,-2,2
79175,104,114,-10,10
79176,43,53,-10,10
79177,85,84,1,1
79178,66,67,-1,1
79179,108,113,-5,5
79180,89,99,-10,10
79181,54,62,-8,8
79182,75,77,-2,2
79183,85,92,-7,7
79184,94,90,4,4
79185,58,65,-7,7
79186,191,177,14,14
79187,63,64,-1,1
79188,73,69,4,4
79189,92,91,1,1
79190,125,109,16,16
79191,90,88,2,2
79192,128,125,3,3
79193,38,45,-7,7
79194,84,78,6,6
79195,85,80,5,5
79196,147,134,13,13
79197,54,54,0,0
79198,78,77,1,1
79199,117,103,14,14
79200,78,83,-5,5
79201,83,74,9,9
79202,125,145,-20,20
79203,108,101,7,7
79204,94,91,3,3
79205,45,46,-1,1
79206,120,112,8,8
79207,86,83,3,3
79208,85,84,1,1
79209,50,51,-1,1
79210,89,84,5,5
79211,90,84,6,6
79212,75,73,2,2
79213,110,111,-1,1
79214,82,77,5,5
79215,140,131,9,9
79216,102,100,2,2
79217,78,79,-1,1
79218,90,88,2,2
79219,49,54,-5,5
79220,60,63,-3,3
79221,128,139,-11,11
79222,91,92,-1,1
79223,94,90,4,4
79224,101,92,9,9
79225,90,88,2,2
79226,115,105,10,10
79227,111,92,19,19
79228,110,114,-4,4
79229,64,69,-5,5
79230,112,95,17,17
79231,88,92,-4,4
79232,108,96,12,12
79233,100,97,3,3
79234,66,67,-1,1
79235,142,121,21,21
79236,64,67,-3,3
79237,140,131,9,9
79238,124,115,9,9
79239,66,67,-1,1
79240,99,92,7,7
79241,78,71,7,7
79242,103,106,-3,3
79243,121,115,6,6
79244,96,89,7,7
79245,30,34,-4,4
79246,69,65,4,4
79247,97,88,9,9
79248,81,75,6,6
79249,72,71,1,1
79250,93,83,10,10
79251,84,91,-7,7
79252,84,89,-5,5
79253,98,97,1,1
79254,57,71,-14,14
79255,81,83,-2,2
79256,88,90,-2,2
79257,98,93,5,5
79258,171,153,18,18
79259,76,76,0,0
79260,126,127,-1,1
79261,90,88,2,2
79262,91,78,13,13
79263,94,84,10,10
79264,91,84,7,7
79265,122,115,7,7
79266,81,89,-8,8
79267,86,100,-14,14
79268,79,79,0,0
79269,76,84,-8,8
79270,97,101,-4,4
79271,125,142,-17,17
79272,125,124,1,1
79273,62,63,-1,1
79274,63,69,-6,6
79275,81,82,-1,1
79276,115,93,22,22
79277,162,156,6,6
79278,103,94,9,9
79279,64,67,-3,3
79280,153,133,20,20
79281,69,79,-10,10
79282,132,116,16,16
79283,76,69,7,7
79284,63,77,-14,14
79285,65,68,-3,3
79286,89,77,12,12
79287,165,137,28,28
79288,84,79,5,5
79289,89,80,9,9
79290,130,121,9,9
79291,73,67,6,6
79292,110,116,-6,6
79293,157,135,22,22
79294,82,86,-4,4
79295,100,96,4,4
79296,128,116,12,12
79297,122,116,6,6
79298,102,98,4,4
79299,102,92,10,10
79300,86,76,10,10
79301,124,123,1,1
79302,157,142,15,15
79303,104,96,8,8
79304,94,93,1,1
79305,59,61,-2,2
79306,103,95,8,8
79307,78,73,5,5
79308,73,74,-1,1
79309,76,78,-2,2
79310,112,120,-8,8
79311,103,113,-10,10
79312,159,130,29,29
79313,42,51,-9,9
79314,83,77,6,6
79315,108,105,3,3
79316,129,118,11,11
79317,129,124,5,5
79318,145,131,14,14
79319,70,71,-1,1
79320,71,70,1,1
79321,60,64,-4,4
79322,100,93,7,7
79323,173,162,11,11
79324,156,139,17,17
79325,101,94,7,7
79326,99,98,1,1
79327,130,122,8,8
79328,68,122,-54,54
79329,138,121,17,17
79330,138,133,5,5
79331,126,120,6,6
79332,74,71,3,3
79333,75,73,2,2
79334,79,77,2,2
79335,67,70,-3,3
79336,80,117,-37,37
79337,86,76,10,10
79338,57,60,-3,3
79339,111,118,-7,7
79340,95,93,2,2
79341,85,81,4,4
79342,88,86,2,2
79343,72,68,4,4
79344,22,34,-12,12
79345,97,84,13,13
79346,130,115,15,15
79347,55,58,-3,3
79348,95,88,7,7
79349,86,85,1,1
79350,53,60,-7,7
79351,66,67,-1,1
79352,122,126,-4,4
79353,130,124,6,6
79354,135,123,12,12
79355,47,48,-1,1
79356,65,98,-33,33
79357,46,34,12,12
79358,155,133,22,22
79359,60,67,-7,7
79360,75,78,-3,3
79361,97,86,11,11
79362,142,115,27,27
79363,57,66,-9,9
79364,80,76,4,4
79365,44,36,8,8
79366,107,104,3,3
79367,39,58,-19,19
79368,163,155,8,8
79369,152,159,-7,7
79370,119,113,6,6
79371,98,84,14,14
79372,67,74,-7,7
79373,61,60,1,1
79374,99,95,4,4
79375,62,65,-3,3
79376,68,70,-2,2
79377,72,77,-5,5
79378,83,85,-2,2
79379,103,95,8,8
79380,116,122,-6,6
79381,122,119,3,3
79382,88,92,-4,4
79383,129,116,13,13
79384,86,80,6,6
79385,82,84,-2,2
79386,83,84,-1,1
79387,71,79,-8,8
79388,77,76,1,1
79389,100,103,-3,3
79390,206,189,17,17
79391,152,166,-14,14
79392,58,61,-3,3
79393,141,132,9,9
79394,96,87,9,9
79395,149,124,25,25
79396,80,74,6,6
79397,48,47,1,1
79398,75,77,-2,2
79399,95,88,7,7
79400,126,127,-1,1
79401,74,75,-1,1
79402,95,90,5,5
79403,59,68,-9,9
79404,164,156,8,8
79405,95,90,5,5
79406,46,45,1,1
79407,88,83,5,5
79408,135,136,-1,1
79409,140,123,17,17
79410,103,100,3,3
79411,69,68,1,1
79412,144,120,24,24
79413,147,129,18,18
79414,105,108,-3,3
79415,154,121,33,33
79416,77,74,3,3
79417,74,75,-1,1
79418,132,119,13,13
79419,56,62,-6,6
79420,48,53,-5,5
79421,77,76,1,1
79422,20,34,-14,14
79423,94,95,-1,1
79424,66,71,-5,5
79425,72,71,1,1
79426,130,118,12,12
79427,282,246,36,36
79428,139,113,26,26
79429,99,108,-9,9
79430,67,69,-2,2
79431,72,75,-3,3
79432,96,103,-7,7
79433,76,79,-3,3
79434,119,107,12,12
79435,93,84,9,9
79436,61,66,-5,5
79437,79,73,6,6
79438,107,98,9,9
79439,152,153,-1,1
79440,85,77,8,8
79441,62,52,10,10
79442,103,91,12,12
79443,59,61,-2,2
79444,109,110,-1,1
79445,84,90,-6,6
79446,85,77,8,8
79447,77,89,-12,12
79448,182,168,14,14
79449,105,102,3,3
79450,165,156,9,9
79451,101,95,6,6
79452,91,86,5,5
79453,93,87,6,6
79454,105,106,-1,1
79455,98,100,-2,2
79456,140,135,5,5
79457,150,131,19,19
79458,168,152,16,16
79459,155,139,16,16
79460,75,68,7,7
79461,56,58,-2,2
79462,41,58,-17,17
79463,84,79,5,5
79464,46,51,-5,5
79465,168,158,10,10
79466,148,132,16,16
79467,92,90,2,2
79468,93,89,4,4
79469,108,95,13,13
79470,52,58,-6,6
79471,100,92,8,8
79472,77,81,-4,4
79473,95,86,9,9
79474,67,69,-2,2
79475,84,75,9,9
79476,107,99,8,8
79477,80,78,2,2
79478,104,99,5,5
79479,86,84,2,2
79480,90,80,10,10
79481,70,77,-7,7
79482,125,131,-6,6
79483,68,71,-3,3
79484,125,119,6,6
79485,133,128,5,5
79486,77,73,4,4
79487,70,74,-4,4
79488,182,164,18,18
79489,114,96,18,18
79490,114,109,5,5
79491,183,171,12,12
79492,57,67,-10,10
79493,111,110,1,1
79494,49,57,-8,8
79495,58,62,-4,4
79496,97,104,-7,7
79497,141,139,2,2
79498,133,127,6,6
79499,115,100,15,15
79500,142,127,15,15
79501,53,56,-3,3
79502,69,66,3,3
79503,152,129,23,23
79504,52,52,0,0
79505,145,137,8,8
79506,90,86,4,4
79507,125,111,14,14
79508,73,64,9,9
79509,72,71,1,1
79510,69,77,-8,8
79511,146,130,16,16
79512,149,142,7,7
79513,79,76,3,3
79514,105,108,-3,3
79515,65,65,0,0
79516,139,122,17,17
79517,123,113,10,10
79518,105,81,24,24
79519,40,35,5,5
79520,65,67,-2,2
79521,134,126,8,8
79522,123,112,11,11
79523,127,111,16,16
79524,39,67,-28,28
79525,104,109,-5,5
79526,48,52,-4,4
79527,78,83,-5,5
79528,102,98,4,4
79529,72,63,9,9
79530,130,127,3,3
79531,107,103,4,4
79532,90,87,3,3
79533,85,80,5,5
79534,103,102,1,1
79535,118,109,9,9
79536,67,77,-10,10
79537,101,86,15,15
79538,108,93,15,15
79539,134,143,-9,9
79540,83,76,7,7
79541,103,89,14,14
79542,43,59,-16,16
79543,154,135,19,19
79544,137,130,7,7
79545,133,117,16,16
79546,165,138,27,27
79547,68,72,-4,4
79548,144,136,8,8
79549,112,109,3,3
79550,96,92,4,4
79551,84,75,9,9
79552,131,110,21,21
79553,95,91,4,4
79554,166,143,23,23
79555,56,64,-8,8
79556,112,105,7,7
79557,55,57,-2,2
79558,88,85,3,3
79559,81,75,6,6
79560,79,75,4,4
79561,105,102,3,3
79562,52,56,-4,4
79563,131,123,8,8
79564,101,99,2,2
79565,98,67,31,31
79566,60,60,0,0
79567,66,71,-5,5
79568,85,75,10,10
79569,81,78,3,3
79570,117,118,-1,1
79571,61,62,-1,1
79572,74,75,-1,1
79573,64,69,-5,5
79574,61,63,-2,2
79575,106,99,7,7
79576,82,79,3,3
79577,68,85,-17,17
79578,100,98,2,2
79579,111,89,22,22
79580,73,78,-5,5
79581,110,106,4,4
79582,110,108,2,2
79583,150,138,12,12
79584,119,116,3,3
79585,140,133,7,7
79586,107,97,10,10
79587,31,34,-3,3
79588,111,104,7,7
79589,93,94,-1,1
79590,73,76,-3,3
79591,75,82,-7,7
79592,106,117,-11,11
79593,46,52,-6,6
79594,169,156,13,13
79595,128,119,9,9
79596,189,176,13,13
79597,119,111,8,8
79598,61,56,5,5
79599,109,105,4,4
79600,129,114,15,15
79601,118,115,3,3
79602,91,90,1,1
79603,95,93,2,2
79604,106,90,16,16
79605,188,172,16,16
79606,78,77,1,1
79607,59,71,-12,12
79608,66,63,3,3
79609,62,67,-5,5
79610,137,125,12,12
79611,82,84,-2,2
79612,115,115,0,0
79613,102,101,1,1
79614,50,71,-21,21
79615,119,112,7,7
79616,159,155,4,4
79617,146,137,9,9
79618,62,60,2,2
79619,72,67,5,5
79620,82,82,0,0
79621,64,66,-2,2
79622,74,76,-2,2
79623,104,93,11,11
79624,169,129,40,40
79625,86,87,-1,1
79626,178,177,1,1
79627,83,80,3,3
79628,115,112,3,3
79629,124,120,4,4
79630,123,141,-18,18
79631,90,89,1,1
79632,51,56,-5,5
79633,99,91,8,8
79634,99,121,-22,22
79635,108,93,15,15
79636,124,105,19,19
79637,144,140,4,4
79638,128,128,0,0
79639,70,72,-2,2
79640,74,82,-8,8
79641,134,131,3,3
79642,119,121,-2,2
79643,41,40,1,1
79644,101,105,-4,4
79645,149,135,14,14
79646,121,106,15,15
79647,56,58,-2,2
79648,108,103,5,5
79649,72,75,-3,3
79650,98,86,12,12
79651,67,68,-1,1
79652,69,71,-2,2
79653,89,85,4,4
79654,122,129,-7,7
79655,75,75,0,0
79656,80,81,-1,1
79657,184,176,8,8
79658,80,79,1,1
79659,136,127,9,9
79660,85,84,1,1
79661,86,80,6,6
79662,99,103,-4,4
79663,161,157,4,4
79664,106,111,-5,5
79665,86,85,1,1
79666,160,143,17,17
79667,140,141,-1,1
79668,157,152,5,5
79669,121,116,5,5
79670,61,63,-2,2
79671,108,103,5,5
79672,110,103,7,7
79673,101,92,9,9
79674,85,84,1,1
79675,125,121,4,4
79676,67,68,-1,1
79677,64,67,-3,3
79678,47,60,-13,13
79679,111,116,-5,5
79680,45,50,-5,5
79681,79,67,12,12
79682,102,93,9,9
79683,99,83,16,16
79684,121,113,8,8
79685,75,81,-6,6
79686,172,159,13,13
79687,67,72,-5,5
79688,111,97,14,14
79689,119,124,-5,5
79690,134,119,15,15
79691,139,130,9,9
79692,67,71,-4,4
79693,100,117,-17,17
79694,64,69,-5,5
79695,105,100,5,5
79696,106,103,3,3
79697,41,41,0,0
79698,122,112,10,10
79699,96,97,-1,1
79700,74,74,0,0
79701,97,89,8,8
79702,106,98,8,8
79703,58,57,1,1
79704,61,62,-1,1
79705,72,70,2,2
79706,97,95,2,2
79707,104,102,2,2
79708,90,89,1,1
79709,190,170,20,20
79710,113,120,-7,7
79711,72,93,-21,21
79712,102,93,9,9
79713,143,114,29,29
79714,71,71,0,0
79715,80,85,-5,5
79716,45,48,-3,3
79717,57,62,-5,5
79718,109,103,6,6
79719,80,78,2,2
79720,54,62,-8,8
79721,75,77,-2,2
79722,80,87,-7,7
79723,73,74,-1,1
79724,216,190,26,26
79725,73,79,-6,6
79726,124,118,6,6
79727,160,125,35,35
79728,140,129,11,11
79729,136,123,13,13
79730,68,66,2,2
79731,91,88,3,3
79732,69,62,7,7
79733,93,98,-5,5
79734,103,95,8,8
79735,93,90,3,3
79736,53,61,-8,8
79737,116,107,9,9
79738,57,69,-12,12
79739,89,84,5,5
79740,58,60,-2,2
79741,136,129,7,7
79742,95,94,1,1
79743,59,68,-9,9
79744,169,150,19,19
79745,105,102,3,3
79746,119,102,17,17
79747,89,86,3,3
79748,132,118,14,14
79749,81,74,7,7
79750,52,43,9,9
79751,139,116,23,23
79752,60,62,-2,2
79753,128,116,12,12
79754,54,54,0,0
79755,123,119,4,4
79756,99,94,5,5
79757,36,41,-5,5
79758,40,34,6,6
79759,114,110,4,4
79760,89,81,8,8
79761,68,72,-4,4
79762,96,82,14,14
79763,120,112,8,8
79764,85,83,2,2
79765,67,66,1,1
79766,90,89,1,1
79767,59,61,-2,2
79768,86,78,8,8
79769,187,169,18,18
79770,117,106,11,11
79771,50,61,-11,11
79772,90,84,6,6
79773,92,85,7,7
79774,57,62,-5,5
79775,55,60,-5,5
79776,51,60,-9,9
79777,84,83,1,1
79778,110,108,2,2
79779,52,68,-16,16
79780,56,68,-12,12
79781,82,80,2,2
79782,141,137,4,4
79783,104,98,6,6
79784,113,114,-1,1
79785,119,110,9,9
79786,124,117,7,7
79787,79,76,3,3
79788,99,92,7,7
79789,133,115,18,18
79790,53,59,-6,6
79791,88,84,4,4
79792,58,59,-1,1
79793,90,91,-1,1
79794,89,94,-5,5
79795,91,98,-7,7
79796,110,102,8,8
79797,77,76,1,1
79798,71,73,-2,2
79799,77,79,-2,2
79800,115,113,2,2
79801,62,73,-11,11
79802,167,158,9,9
79803,105,104,1,1
79804,100,92,8,8
79805,100,103,-3,3
79806,111,112,-1,1
79807,92,88,4,4
79808,162,149,13,13
79809,109,107,2,2
79810,164,151,13,13
79811,63,60,3,3
79812,67,71,-4,4
79813,158,155,3,3
79814,82,80,2,2
79815,65,62,3,3
79816,118,105,13,13
79817,87,93,-6,6
79818,159,153,6,6
79819,122,107,15,15
79820,102,100,2,2
79821,63,63,0,0
79822,94,91,3,3
79823,100,98,2,2
79824,87,73,14,14
79825,98,88,10,10
79826,79,72,7,7
79827,104,92,12,12
79828,115,104,11,11
79829,118,132,-14,14
79830,82,80,2,2
79831,130,114,16,16
79832,98,99,-1,1
79833,141,141,0,0
79834,197,175,22,22
79835,141,138,3,3
79836,91,90,1,1
79837,80,75,5,5
79838,104,93,11,11
79839,171,158,13,13
79840,292,248,44,44
79841,113,113,0,0
79842,111,103,8,8
79843,116,111,5,5
79844,66,66,0,0
79845,146,137,9,9
79846,62,63,-1,1
79847,105,99,6,6
79848,66,68,-2,2
79849,59,61,-2,2
79850,74,79,-5,5
79851,91,82,9,9
79852,117,111,6,6
79853,101,101,0,0
79854,167,165,2,2
79855,69,69,0,0
79856,120,115,5,5
79857,119,109,10,10
79858,130,116,14,14
79859,69,67,2,2
79860,97,99,-2,2
79861,76,76,0,0
79862,183,168,15,15
79863,65,72,-7,7
79864,155,137,18,18
79865,80,73,7,7
79866,107,106,1,1
79867,46,63,-17,17
79868,95,88,7,7
79869,72,72,0,0
79870,74,79,-5,5
79871,73,74,-1,1
79872,66,60,6,6
79873,76,76,0,0
79874,75,77,-2,2
79875,36,59,-23,23
79876,82,81,1,1
79877,150,134,16,16
79878,88,92,-4,4
79879,40,34,6,6
79880,82,84,-2,2
79881,166,151,15,15
79882,113,109,4,4
79883,120,119,1,1
79884,136,125,11,11
79885,53,62,-9,9
79886,233,203,30,30
79887,78,74,4,4
79888,112,104,8,8
79889,103,109,-6,6
79890,100,92,8,8
79891,86,90,-4,4
79892,69,74,-5,5
79893,109,104,5,5
79894,105,97,8,8
79895,51,88,-37,37
79896,99,105,-6,6
79897,138,138,0,0
79898,42,91,-49,49
79899,87,83,4,4
79900,141,131,10,10
79901,75,85,-10,10
79902,96,90,6,6
79903,56,61,-5,5
79904,122,113,9,9
79905,65,68,-3,3
79906,113,97,16,16
79907,67,65,2,2
79908,83,79,4,4
79909,91,78,13,13
79910,136,133,3,3
79911,85,77,8,8
79912,66,70,-4,4
79913,79,65,14,14
79914,73,71,2,2
79915,106,100,6,6
79916,76,74,2,2
79917,149,133,16,16
79918,38,47,-9,9
79919,108,98,10,10
79920,91,93,-2,2
79921,105,102,3,3
79922,85,87,-2,2
79923,62,72,-10,10
79924,117,132,-15,15
79925,62,70,-8,8
79926,115,103,12,12
79927,85,72,13,13
79928,150,145,5,5
79929,132,117,15,15
79930,74,78,-4,4
79931,44,68,-24,24
79932,152,147,5,5
79933,142,141,1,1
79934,106,105,1,1
79935,97,96,1,1
79936,97,89,8,8
79937,53,62,-9,9
79938,116,112,4,4
79939,141,134,7,7
79940,109,107,2,2
79941,90,84,6,6
79942,111,108,3,3
79943,186,179,7,7
79944,133,123,10,10
79945,83,76,7,7
79946,69,78,-9,9
79947,73,76,-3,3
79948,154,135,19,19
79949,93,101,-8,8
79950,87,86,1,1
79951,126,122,4,4
79952,91,90,1,1
79953,79,78,1,1
79954,82,86,-4,4
79955,112,90,22,22
79956,72,67,5,5
79957,179,170,9,9
79958,67,72,-5,5
79959,61,76,-15,15
79960,134,121,13,13
79961,129,114,15,15
79962,79,77,2,2
79963,95,95,0,0
79964,147,132,15,15
79965,86,88,-2,2
79966,64,67,-3,3
79967,73,77,-4,4
79968,60,62,-2,2
79969,122,124,-2,2
79970,91,92,-1,1
79971,78,75,3,3
79972,69,76,-7,7
79973,64,83,-19,19
79974,120,109,11,11
79975,101,96,5,5
79976,51,54,-3,3
79977,80,82,-2,2
79978,100,127,-27,27
79979,104,102,2,2
79980,69,77,-8,8
79981,94,91,3,3
79982,110,115,-5,5
79983,157,150,7,7
79984,56,63,-7,7
79985,118,115,3,3
79986,29,26,3,3
79987,110,131,-21,21
79988,102,88,14,14
79989,78,76,2,2
79990,116,122,-6,6
79991,129,121,8,8
79992,124,126,-2,2
79993,69,85,-16,16
79994,94,94,0,0
79995,105,94,11,11
79996,127,135,-8,8
79997,99,95,4,4
79998,106,89,17,17
79999,45,39,6,6
80000,73,71,2,2
80001,57,53,4,4
80002,71,69,2,2
80003,84,84,0,0
80004,91,90,1,1
80005,93,88,5,5
80006,75,78,-3,3
80007,98,90,8,8
80008,76,75,1,1
80009,87,84,3,3
80010,100,101,-1,1
80011,101,93,8,8
80012,63,74,-11,11
80013,94,85,9,9
80014,58,62,-4,4
80015,77,69,8,8
80016,136,119,17,17
80017,86,87,-1,1
80018,109,102,7,7
80019,77,75,2,2
80020,146,135,11,11
80021,128,122,6,6
80022,164,150,14,14
80023,71,73,-2,2
80024,147,143,4,4
80025,96,88,8,8
80026,65,64,1,1
80027,95,91,4,4
80028,84,85,-1,1
80029,104,97,7,7
80030,75,76,-1,1
80031,168,158,10,10
80032,200,173,27,27
80033,153,152,1,1
80034,171,168,3,3
80035,111,115,-4,4
80036,65,73,-8,8
80037,85,93,-8,8
80038,98,82,16,16
80039,111,110,1,1
80040,112,109,3,3
80041,113,104,9,9
80042,148,129,19,19
80043,115,111,4,4
80044,63,72,-9,9
80045,95,85,10,10
80046,98,99,-1,1
80047,117,115,2,2
80048,144,130,14,14
80049,115,118,-3,3
80050,124,113,11,11
80051,115,115,0,0
80052,93,97,-4,4
80053,83,86,-3,3
80054,83,79,4,4
80055,106,102,4,4
80056,104,99,5,5
80057,149,159,-10,10
80058,94,96,-2,2
80059,61,65,-4,4
80060,63,74,-11,11
80061,98,98,0,0
80062,70,74,-4,4
80063,96,98,-2,2
80064,89,85,4,4
80065,120,135,-15,15
80066,85,77,8,8
80067,159,129,30,30
80068,144,140,4,4
80069,63,68,-5,5
80070,102,98,4,4
80071,119,104,15,15
80072,106,104,2,2
80073,88,75,13,13
80074,54,59,-5,5
80075,58,62,-4,4
80076,130,117,13,13
80077,168,149,19,19
80078,73,72,1,1
80079,133,130,3,3
80080,98,99,-1,1
80081,86,77,9,9
80082,81,82,-1,1
80083,83,81,2,2
80084,59,65,-6,6
80085,43,46,-3,3
80086,80,80,0,0
80087,73,77,-4,4
80088,86,86,0,0
80089,89,109,-20,20
80090,77,76,1,1
80091,59,55,4,4
80092,64,96,-32,32
80093,82,76,6,6
80094,47,49,-2,2
80095,99,84,15,15
80096,104,100,4,4
80097,62,69,-7,7
80098,70,74,-4,4
80099,65,69,-4,4
80100,79,76,3,3
80101,86,86,0,0
80102,105,100,5,5
80103,91,93,-2,2
80104,117,101,16,16
80105,43,47,-4,4
80106,171,155,16,16
80107,115,107,8,8
80108,111,110,1,1
80109,73,74,-1,1
80110,118,108,10,10
80111,84,77,7,7
80112,96,100,-4,4
80113,115,112,3,3
80114,172,159,13,13
80115,138,127,11,11
80116,130,119,11,11
80117,142,132,10,10
80118,92,90,2,2
80119,71,68,3,3
80120,42,42,0,0
80121,93,85,8,8
80122,116,103,13,13
80123,90,79,11,11
80124,74,77,-3,3
80125,56,63,-7,7
80126,139,119,20,20
80127,76,85,-9,9
80128,97,98,-1,1
80129,88,90,-2,2
80130,70,69,1,1
80131,148,134,14,14
80132,70,71,-1,1
80133,112,105,7,7
80134,81,69,12,12
80135,52,58,-6,6
80136,95,96,-1,1
80137,80,80,0,0
80138,46,50,-4,4
80139,50,56,-6,6
80140,129,120,9,9
80141,90,87,3,3
80142,132,109,23,23
80143,143,133,10,10
80144,130,145,-15,15
80145,147,131,16,16
80146,103,94,9,9
80147,61,57,4,4
80148,88,92,-4,4
80149,158,142,16,16
80150,50,57,-7,7
80151,115,110,5,5
80152,86,91,-5,5
80153,95,89,6,6
80154,135,140,-5,5
80155,84,84,0,0
80156,116,128,-12,12
80157,31,34,-3,3
80158,86,88,-2,2
80159,87,78,9,9
80160,99,88,11,11
80161,61,67,-6,6
80162,66,65,1,1
80163,99,94,5,5
80164,83,69,14,14
80165,63,66,-3,3
80166,85,75,10,10
80167,90,92,-2,2
80168,114,109,5,5
80169,77,76,1,1
80170,74,77,-3,3
80171,85,84,1,1
80172,49,83,-34,34
80173,29,34,-5,5
80174,77,71,6,6
80175,70,68,2,2
80176,72,77,-5,5
80177,67,81,-14,14
80178,73,73,0,0
80179,112,98,14,14
80180,153,148,5,5
80181,120,114,6,6
80182,96,93,3,3
80183,104,100,4,4
80184,74,77,-3,3
80185,50,45,5,5
80186,74,73,1,1
80187,91,85,6,6
80188,100,101,-1,1
80189,45,58,-13,13
80190,96,96,0,0
80191,57,61,-4,4
80192,117,106,11,11
80193,116,110,6,6
80194,117,114,3,3
80195,85,92,-7,7
80196,90,90,0,0
80197,120,101,19,19
80198,63,71,-8,8
80199,131,142,-11,11
80200,55,60,-5,5
80201,159,158,1,1
80202,95,85,10,10
80203,91,88,3,3
80204,52,57,-5,5
80205,73,71,2,2
80206,107,99,8,8
80207,73,79,-6,6
80208,144,130,14,14
80209,101,104,-3,3
80210,84,77,7,7
80211,72,77,-5,5
80212,100,110,-10,10
80213,57,61,-4,4
80214,89,83,6,6
80215,85,81,4,4
80216,136,130,6,6
80217,104,103,1,1
80218,180,160,20,20
80219,88,82,6,6
80220,81,89,-8,8
80221,98,94,4,4
80222,63,61,2,2
80223,81,89,-8,8
80224,132,133,-1,1
80225,139,132,7,7
80226,156,138,18,18
80227,94,91,3,3
80228,113,112,1,1
80229,155,167,-12,12
80230,106,94,12,12
80231,71,72,-1,1
80232,98,101,-3,3
80233,48,130,-82,82
80234,54,57,-3,3
80235,86,79,7,7
80236,103,100,3,3
80237,148,132,16,16
80238,73,67,6,6
80239,135,134,1,1
80240,93,88,5,5
80241,137,133,4,4
80242,82,78,4,4
80243,78,74,4,4
80244,95,95,0,0
80245,74,71,3,3
80246,95,91,4,4
80247,64,67,-3,3
80248,100,103,-3,3
80249,95,96,-1,1
80250,28,34,-6,6
80251,38,34,4,4
80252,92,87,5,5
80253,134,132,2,2
80254,68,71,-3,3
80255,117,108,9,9
80256,118,107,11,11
80257,79,74,5,5
80258,61,65,-4,4
80259,132,117,15,15
80260,98,104,-6,6
80261,70,74,-4,4
80262,117,108,9,9
80263,61,61,0,0
80264,69,71,-2,2
80265,76,69,7,7
80266,56,62,-6,6
80267,108,100,8,8
80268,70,67,3,3
80269,53,57,-4,4
80270,94,94,0,0
80271,158,148,10,10
80272,146,135,11,11
80273,94,95,-1,1
80274,48,53,-5,5
80275,85,87,-2,2
80276,117,102,15,15
80277,119,105,14,14
80278,72,77,-5,5
80279,103,99,4,4
80280,85,79,6,6
80281,121,104,17,17
80282,66,76,-10,10
80283,177,183,-6,6
80284,85,83,2,2
80285,151,149,2,2
80286,57,60,-3,3
80287,83,71,12,12
80288,68,67,1,1
80289,118,115,3,3
80290,70,68,2,2
80291,30,37,-7,7
80292,94,98,-4,4
80293,68,73,-5,5
80294,153,150,3,3
80295,81,75,6,6
80296,106,100,6,6
80297,93,85,8,8
80298,152,146,6,6
80299,117,112,5,5
80300,121,112,9,9
80301,104,108,-4,4
80302,130,116,14,14
80303,113,104,9,9
80304,108,98,10,10
80305,110,99,11,11
80306,76,88,-12,12
80307,119,113,6,6
80308,79,71,8,8
80309,96,92,4,4
80310,74,90,-16,16
80311,71,69,2,2
80312,79,72,7,7
80313,62,68,-6,6
80314,67,68,-1,1
80315,149,124,25,25
80316,70,74,-4,4
80317,87,84,3,3
80318,302,238,64,64
80319,51,59,-8,8
80320,73,71,2,2
80321,47,51,-4,4
80322,138,123,15,15
80323,155,142,13,13
80324,67,75,-8,8
80325,118,120,-2,2
80326,73,73,0,0
80327,67,72,-5,5
80328,43,55,-12,12
80329,101,105,-4,4
80330,89,81,8,8
80331,67,70,-3,3
80332,148,140,8,8
80333,131,125,6,6
80334,73,68,5,5
80335,135,137,-2,2
80336,71,75,-4,4
80337,71,69,2,2
80338,108,92,16,16
80339,131,119,12,12
80340,115,123,-8,8
80341,56,56,0,0
80342,84,79,5,5
80343,92,97,-5,5
80344,38,34,4,4
80345,134,114,20,20
80346,75,75,0,0
80347,124,109,15,15
80348,126,120,6,6
80349,103,111,-8,8
80350,57,57,0,0
80351,82,89,-7,7
80352,113,112,1,1
80353,103,109,-6,6
80354,119,99,20,20
80355,259,242,17,17
80356,87,85,2,2
80357,180,145,35,35
80358,84,94,-10,10
80359,110,115,-5,5
80360,116,104,12,12
80361,114,110,4,4
80362,124,127,-3,3
80363,92,82,10,10
80364,86,88,-2,2
80365,85,85,0,0
80366,65,68,-3,3
80367,73,72,1,1
80368,72,72,0,0
80369,108,104,4,4
80370,47,46,1,1
80371,96,96,0,0
80372,66,71,-5,5
80373,70,76,-6,6
80374,134,122,12,12
80375,47,44,3,3
80376,50,59,-9,9
80377,69,75,-6,6
80378,82,80,2,2
80379,103,96,7,7
80380,79,78,1,1
80381,82,84,-2,2
80382,77,86,-9,9
80383,77,79,-2,2
80384,99,95,4,4
80385,99,97,2,2
80386,156,158,-2,2
80387,82,75,7,7
80388,123,108,15,15
80389,75,70,5,5
80390,47,54,-7,7
80391,32,34,-2,2
80392,72,78,-6,6
80393,92,91,1,1
80394,128,103,25,25
80395,100,100,0,0
80396,78,85,-7,7
80397,141,128,13,13
80398,361,296,65,65
80399,142,126,16,16
80400,28,56,-28,28
80401,53,57,-4,4
80402,80,82,-2,2
80403,81,81,0,0
80404,181,150,31,31
80405,55,62,-7,7
80406,81,77,4,4
80407,58,64,-6,6
80408,28,32,-4,4
80409,76,80,-4,4
80410,77,82,-5,5
80411,125,119,6,6
80412,89,95,-6,6
80413,91,90,1,1
80414,103,103,0,0
80415,97,94,3,3
80416,90,78,12,12
80417,69,68,1,1
80418,140,134,6,6
80419,59,57,2,2
80420,140,135,5,5
80421,119,115,4,4
80422,86,91,-5,5
80423,71,72,-1,1
80424,179,166,13,13
80425,119,104,15,15
80426,115,102,13,13
80427,61,71,-10,10
80428,160,153,7,7
80429,127,125,2,2
80430,186,183,3,3
80431,95,98,-3,3
80432,73,77,-4,4
80433,86,79,7,7
80434,64,70,-6,6
80435,164,149,15,15
80436,80,78,2,2
80437,107,109,-2,2
80438,138,126,12,12
80439,95,92,3,3
80440,161,144,17,17
80441,81,75,6,6
80442,118,113,5,5
80443,102,99,3,3
80444,79,77,2,2
80445,83,81,2,2
80446,96,84,12,12
80447,99,98,1,1
80448,101,96,5,5
80449,73,74,-1,1
80450,151,143,8,8
80451,86,89,-3,3
80452,107,97,10,10
80453,102,93,9,9
80454,87,85,2,2
80455,110,103,7,7
80456,75,86,-11,11
80457,68,85,-17,17
80458,88,89,-1,1
80459,84,81,3,3
80460,81,76,5,5
80461,78,77,1,1
80462,73,73,0,0
80463,103,93,10,10
80464,175,156,19,19
80465,122,115,7,7
80466,106,99,7,7
80467,53,52,1,1
80468,120,115,5,5
80469,135,129,6,6
80470,96,92,4,4
80471,69,72,-3,3
80472,86,85,1,1
80473,94,96,-2,2
80474,46,38,8,8
80475,93,90,3,3
80476,111,111,0,0
80477,54,60,-6,6
80478,63,60,3,3
80479,59,66,-7,7
80480,61,63,-2,2
80481,68,73,-5,5
80482,140,121,19,19
80483,79,72,7,7
80484,148,145,3,3
80485,114,107,7,7
80486,77,79,-2,2
80487,95,84,11,11
80488,53,54,-1,1
80489,102,101,1,1
80490,150,147,3,3
80491,142,120,22,22
80492,123,126,-3,3
80493,85,77,8,8
80494,86,77,9,9
80495,106,96,10,10
80496,123,112,11,11
80497,99,93,6,6
80498,78,71,7,7
80499,74,74,0,0
80500,83,79,4,4
80501,68,95,-27,27
80502,100,101,-1,1
80503,71,64,7,7
80504,85,72,13,13
80505,105,97,8,8
80506,132,124,8,8
80507,109,96,13,13
80508,95,90,5,5
80509,101,95,6,6
80510,49,59,-10,10
80511,37,34,3,3
80512,80,83,-3,3
80513,66,58,8,8
80514,70,70,0,0
80515,93,86,7,7
80516,54,60,-6,6
80517,99,106,-7,7
80518,100,95,5,5
80519,143,134,9,9
80520,67,64,3,3
80521,69,70,-1,1
80522,72,90,-18,18
80523,88,90,-2,2
80524,116,93,23,23
80525,103,101,2,2
80526,129,126,3,3
80527,112,107,5,5
80528,47,47,0,0
80529,80,77,3,3
80530,87,81,6,6
80531,102,103,-1,1
80532,111,109,2,2
80533,113,113,0,0
80534,85,79,6,6
80535,57,64,-7,7
80536,110,99,11,11
80537,91,89,2,2
80538,127,117,10,10
80539,71,66,5,5
80540,110,98,12,12
80541,143,137,6,6
80542,90,89,1,1
80543,122,108,14,14
80544,124,113,11,11
80545,53,58,-5,5
80546,77,81,-4,4
80547,35,34,1,1
80548,63,76,-13,13
80549,115,103,12,12
80550,128,119,9,9
80551,99,96,3,3
80552,90,93,-3,3
80553,80,75,5,5
80554,98,93,5,5
80555,95,89,6,6
80556,138,130,8,8
80557,84,79,5,5
80558,129,130,-1,1
80559,101,89,12,12
80560,109,92,17,17
80561,142,138,4,4
80562,72,60,12,12
80563,110,104,6,6
80564,52,51,1,1
80565,66,81,-15,15
80566,69,69,0,0
80567,79,73,6,6
80568,69,72,-3,3
80569,97,93,4,4
80570,96,90,6,6
80571,105,98,7,7
80572,144,130,14,14
80573,129,116,13,13
80574,75,78,-3,3
80575,111,100,11,11
80576,149,141,8,8
80577,110,105,5,5
80578,73,74,-1,1
80579,58,65,-7,7
80580,47,50,-3,3
80581,82,88,-6,6
80582,70,69,1,1
80583,124,101,23,23
80584,78,76,2,2
80585,136,120,16,16
80586,147,146,1,1
80587,84,98,-14,14
80588,121,110,11,11
80589,63,61,2,2
80590,94,92,2,2
80591,125,125,0,0
80592,82,87,-5,5
80593,158,137,21,21
80594,67,71,-4,4
80595,61,70,-9,9
80596,119,111,8,8
80597,65,69,-4,4
80598,86,87,-1,1
80599,98,79,19,19
80600,143,136,7,7
80601,105,102,3,3
80602,113,123,-10,10
80603,77,72,5,5
80604,107,109,-2,2
80605,58,64,-6,6
80606,145,139,6,6
80607,52,68,-16,16
80608,109,97,12,12
80609,71,69,2,2
80610,64,70,-6,6
80611,129,113,16,16
80612,83,86,-3,3
80613,40,60,-20,20
80614,102,107,-5,5
80615,65,65,0,0
80616,100,86,14,14
80617,131,122,9,9
80618,90,82,8,8
80619,92,94,-2,2
80620,67,78,-11,11
80621,121,110,11,11
80622,126,109,17,17
80623,93,93,0,0
80624,157,148,9,9
80625,89,85,4,4
80626,53,63,-10,10
80627,96,89,7,7
80628,111,101,10,10
80629,121,113,8,8
80630,67,78,-11,11
80631,59,61,-2,2
80632,88,86,2,2
80633,71,84,-13,13
80634,57,59,-2,2
80635,118,106,12,12
80636,78,74,4,4
80637,118,109,9,9
80638,85,82,3,3
80639,102,98,4,4
80640,69,74,-5,5
80641,179,173,6,6
80642,94,105,-11,11
80643,100,96,4,4
80644,91,81,10,10
80645,139,141,-2,2
80646,77,81,-4,4
80647,64,67,-3,3
80648,64,65,-1,1
80649,137,130,7,7
80650,113,104,9,9
80651,93,85,8,8
80652,100,99,1,1
80653,88,84,4,4
80654,87,82,5,5
80655,144,133,11,11
80656,41,54,-13,13
80657,51,59,-8,8
80658,78,73,5,5
80659,72,70,2,2
80660,66,68,-2,2
80661,58,67,-9,9
80662,123,121,2,2
80663,90,84,6,6
80664,56,53,3,3
80665,98,85,13,13
80666,91,85,6,6
80667,126,115,11,11
80668,68,52,16,16
80669,117,106,11,11
80670,46,50,-4,4
80671,71,73,-2,2
80672,111,102,9,9
80673,89,84,5,5
80674,58,67,-9,9
80675,104,100,4,4
80676,110,101,9,9
80677,101,96,5,5
80678,203,213,-10,10
80679,90,90,0,0
80680,82,77,5,5
80681,133,112,21,21
80682,67,67,0,0
80683,75,74,1,1
80684,90,82,8,8
80685,91,83,8,8
80686,91,91,0,0
80687,67,66,1,1
80688,122,116,6,6
80689,59,61,-2,2
80690,40,45,-5,5
80691,104,96,8,8
80692,118,115,3,3
80693,92,80,12,12
80694,157,158,-1,1
80695,65,69,-4,4
80696,60,65,-5,5
80697,100,93,7,7
80698,31,33,-2,2
80699,94,86,8,8
80700,45,51,-6,6
80701,109,96,13,13
80702,85,78,7,7
80703,86,90,-4,4
80704,185,166,19,19
80705,97,91,6,6
80706,69,62,7,7
80707,194,178,16,16
80708,63,76,-13,13
80709,141,135,6,6
80710,87,74,13,13
80711,131,123,8,8
80712,152,134,18,18
80713,96,91,5,5
80714,111,106,5,5
80715,92,82,10,10
80716,108,98,10,10
80717,83,78,5,5
80718,52,57,-5,5
80719,103,100,3,3
80720,189,171,18,18
80721,80,71,9,9
80722,149,135,14,14
80723,146,125,21,21
80724,66,65,1,1
80725,38,34,4,4
80726,124,127,-3,3
80727,55,63,-8,8
80728,141,116,25,25
80729,83,113,-30,30
80730,144,146,-2,2
80731,127,126,1,1
80732,80,73,7,7
80733,125,117,8,8
80734,115,105,10,10
80735,79,77,2,2
80736,73,73,0,0
80737,92,75,17,17
80738,84,85,-1,1
80739,103,102,1,1
80740,104,107,-3,3
80741,101,101,0,0
80742,92,97,-5,5
80743,169,150,19,19
80744,53,56,-3,3
80745,114,102,12,12
80746,138,134,4,4
80747,86,78,8,8
80748,85,84,1,1
80749,147,138,9,9
80750,58,66,-8,8
80751,128,121,7,7
80752,65,70,-5,5
80753,89,84,5,5
80754,95,95,0,0
80755,84,80,4,4
80756,115,101,14,14
80757,142,131,11,11
80758,120,109,11,11
80759,102,94,8,8
80760,121,137,-16,16
80761,48,58,-10,10
80762,127,101,26,26
80763,76,72,4,4
80764,133,119,14,14
80765,108,99,9,9
80766,67,67,0,0
80767,33,34,-1,1
80768,148,128,20,20
80769,115,102,13,13
80770,68,101,-33,33
80771,132,137,-5,5
80772,167,150,17,17
80773,145,145,0,0
80774,126,119,7,7
80775,72,65,7,7
80776,108,108,0,0
80777,75,82,-7,7
80778,66,72,-6,6
80779,72,70,2,2
80780,99,90,9,9
80781,67,67,0,0
80782,113,108,5,5
80783,108,96,12,12
80784,94,87,7,7
80785,57,67,-10,10
80786,97,85,12,12
80787,64,67,-3,3
80788,127,121,6,6
80789,90,80,10,10
80790,185,174,11,11
80791,110,97,13,13
80792,59,64,-5,5
80793,119,103,16,16
80794,88,97,-9,9
80795,196,176,20,20
80796,95,93,2,2
80797,69,76,-7,7
80798,159,156,3,3
80799,66,83,-17,17
80800,100,87,13,13
80801,90,94,-4,4
80802,71,70,1,1
80803,63,65,-2,2
80804,104,91,13,13
80805,64,70,-6,6
80806,67,76,-9,9
80807,71,75,-4,4
80808,155,138,17,17
80809,89,80,9,9
80810,128,117,11,11
80811,95,98,-3,3
80812,51,52,-1,1
80813,118,110,8,8
80814,102,97,5,5
80815,124,116,8,8
80816,68,72,-4,4
80817,50,56,-6,6
80818,86,86,0,0
80819,89,90,-1,1
80820,113,97,16,16
80821,126,114,12,12
80822,64,77,-13,13
80823,120,115,5,5
80824,62,61,1,1
80825,73,88,-15,15
80826,145,135,10,10
80827,63,64,-1,1
80828,80,86,-6,6
80829,82,80,2,2
80830,41,34,7,7
80831,93,91,2,2
80832,107,102,5,5
80833,60,64,-4,4
80834,93,86,7,7
80835,97,93,4,4
80836,90,89,1,1
80837,111,112,-1,1
80838,57,61,-4,4
80839,75,73,2,2
80840,54,62,-8,8
80841,55,69,-14,14
80842,84,85,-1,1
80843,95,93,2,2
80844,101,89,12,12
80845,91,86,5,5
80846,65,65,0,0
80847,59,62,-3,3
80848,112,102,10,10
80849,164,155,9,9
80850,61,66,-5,5
80851,75,76,-1,1
80852,149,137,12,12
80853,152,133,19,19
80854,65,69,-4,4
80855,90,87,3,3
80856,96,98,-2,2
80857,105,99,6,6
80858,75,78,-3,3
80859,61,63,-2,2
80860,102,96,6,6
80861,96,86,10,10
80862,96,84,12,12
80863,89,84,5,5
80864,100,92,8,8
80865,96,85,11,11
80866,57,63,-6,6
80867,67,74,-7,7
80868,148,138,10,10
80869,108,99,9,9
80870,50,53,-3,3
80871,151,138,13,13
80872,72,80,-8,8
80873,55,62,-7,7
80874,166,140,26,26
80875,75,78,-3,3
80876,154,134,20,20
80877,71,77,-6,6
80878,77,78,-1,1
80879,72,67,5,5
80880,79,80,-1,1
80881,166,147,19,19
80882,72,75,-3,3
80883,91,86,5,5
80884,80,83,-3,3
80885,111,87,24,24
80886,81,89,-8,8
80887,74,80,-6,6
80888,129,119,10,10
80889,120,105,15,15
80890,79,76,3,3
80891,95,81,14,14
80892,82,84,-2,2
80893,124,109,15,15
80894,73,72,1,1
80895,328,388,-60,60
80896,95,85,10,10
80897,90,84,6,6
80898,105,101,4,4
80899,131,126,5,5
80900,96,89,7,7
80901,64,55,9,9
80902,129,107,22,22
80903,84,76,8,8
80904,126,115,11,11
80905,132,119,13,13
80906,108,105,3,3
80907,74,72,2,2
80908,122,112,10,10
80909,96,108,-12,12
80910,172,173,-1,1
80911,150,133,17,17
80912,82,81,1,1
80913,119,116,3,3
80914,42,43,-1,1
80915,125,109,16,16
80916,47,34,13,13
80917,78,70,8,8
80918,51,59,-8,8
80919,56,64,-8,8
80920,100,103,-3,3
80921,105,97,8,8
80922,241,187,54,54
80923,148,132,16,16
80924,49,53,-4,4
80925,116,107,9,9
80926,45,34,11,11
80927,89,83,6,6
80928,83,87,-4,4
80929,106,103,3,3
80930,84,94,-10,10
80931,82,76,6,6
80932,69,72,-3,3
80933,87,85,2,2
80934,85,99,-14,14
80935,75,69,6,6
80936,142,137,5,5
80937,84,81,3,3
80938,112,96,16,16
80939,74,75,-1,1
80940,82,84,-2,2
80941,96,94,2,2
80942,106,97,9,9
80943,41,54,-13,13
80944,70,64,6,6
80945,62,65,-3,3
80946,108,107,1,1
80947,115,99,16,16
80948,79,75,4,4
80949,101,97,4,4
80950,73,69,4,4
80951,69,71,-2,2
80952,42,38,4,4
80953,130,119,11,11
80954,74,67,7,7
80955,69,70,-1,1
80956,112,102,10,10
80957,95,94,1,1
80958,56,60,-4,4
80959,98,81,17,17
80960,93,95,-2,2
80961,93,89,4,4
80962,99,98,1,1
80963,137,124,13,13
80964,127,122,5,5
80965,82,77,5,5
80966,58,71,-13,13
80967,83,74,9,9
80968,130,114,16,16
80969,99,85,14,14
80970,134,129,5,5
80971,134,120,14,14
80972,73,70,3,3
80973,98,108,-10,10
80974,56,59,-3,3
80975,106,105,1,1
80976,157,141,16,16
80977,70,69,1,1
80978,105,98,7,7
80979,108,115,-7,7
80980,65,69,-4,4
80981,82,77,5,5
80982,75,73,2,2
80983,88,90,-2,2
80984,79,80,-1,1
80985,85,91,-6,6
80986,98,90,8,8
80987,70,70,0,0
80988,132,130,2,2
80989,121,103,18,18
80990,120,131,-11,11
80991,131,118,13,13
80992,100,98,2,2
80993,103,98,5,5
80994,89,87,2,2
80995,87,90,-3,3
80996,63,69,-6,6
80997,101,88,13,13
80998,80,75,5,5
80999,60,61,-1,1
81000,53,59,-6,6
81001,147,129,18,18
81002,83,85,-2,2
81003,91,89,2,2
81004,120,111,9,9
81005,79,76,3,3
81006,66,63,3,3
81007,126,103,23,23
81008,155,137,18,18
81009,73,75,-2,2
81010,75,72,3,3
81011,110,106,4,4
81012,87,85,2,2
81013,92,85,7,7
81014,133,129,4,4
81015,100,90,10,10
81016,89,85,4,4
81017,73,75,-2,2
81018,56,55,1,1
81019,117,103,14,14
81020,77,60,17,17
81021,58,60,-2,2
81022,132,128,4,4
81023,149,122,27,27
81024,60,60,0,0
81025,88,84,4,4
81026,118,101,17,17
81027,71,75,-4,4
81028,158,149,9,9
81029,143,125,18,18
81030,63,70,-7,7
81031,49,60,-11,11
81032,111,101,10,10
81033,121,116,5,5
81034,97,88,9,9
81035,116,111,5,5
81036,58,59,-1,1
81037,66,60,6,6
81038,63,64,-1,1
81039,54,49,5,5
81040,83,84,-1,1
81041,66,71,-5,5
81042,48,53,-5,5
81043,69,75,-6,6
81044,39,68,-29,29
81045,158,124,34,34
81046,48,52,-4,4
81047,63,62,1,1
81048,93,94,-1,1
81049,87,84,3,3
81050,64,51,13,13
81051,148,122,26,26
81052,58,61,-3,3
81053,51,56,-5,5
81054,53,61,-8,8
81055,138,131,7,7
81056,75,75,0,0
81057,94,92,2,2
81058,49,62,-13,13
81059,132,134,-2,2
81060,98,90,8,8
81061,97,104,-7,7
81062,100,91,9,9
81063,107,97,10,10
81064,65,61,4,4
81065,67,68,-1,1
81066,54,59,-5,5
81067,123,115,8,8
81068,133,117,16,16
81069,105,120,-15,15
81070,91,90,1,1
81071,121,117,4,4
81072,81,85,-4,4
81073,59,68,-9,9
81074,154,133,21,21
81075,85,84,1,1
81076,80,91,-11,11
81077,181,161,20,20
81078,112,104,8,8
81079,80,78,2,2
81080,140,124,16,16
81081,92,79,13,13
81082,87,76,11,11
81083,62,69,-7,7
81084,136,123,13,13
81085,74,73,1,1
81086,74,70,4,4
81087,45,43,2,2
81088,87,84,3,3
81089,81,79,2,2
81090,37,34,3,3
81091,73,73,0,0
81092,81,79,2,2
81093,119,109,10,10
81094,139,132,7,7
81095,106,105,1,1
81096,105,100,5,5
81097,129,119,10,10
81098,97,99,-2,2
81099,94,116,-22,22
81100,89,111,-22,22
81101,84,80,4,4
81102,182,157,25,25
81103,44,52,-8,8
81104,98,90,8,8
81105,83,80,3,3
81106,159,143,16,16
81107,61,64,-3,3
81108,145,123,22,22
81109,113,130,-17,17
81110,74,75,-1,1
81111,44,34,10,10
81112,70,76,-6,6
81113,87,100,-13,13
81114,156,137,19,19
81115,78,75,3,3
81116,99,91,8,8
81117,120,106,14,14
81118,100,110,-10,10
81119,90,84,6,6
81120,90,90,0,0
81121,126,121,5,5
81122,59,50,9,9
81123,82,79,3,3
81124,71,75,-4,4
81125,87,85,2,2
81126,72,78,-6,6
81127,112,101,11,11
81128,65,65,0,0
81129,68,70,-2,2
81130,62,65,-3,3
81131,130,126,4,4
81132,60,62,-2,2
81133,100,102,-2,2
81134,48,56,-8,8
81135,97,92,5,5
81136,85,78,7,7
81137,143,119,24,24
81138,112,108,4,4
81139,70,74,-4,4
81140,107,115,-8,8
81141,103,95,8,8
81142,79,74,5,5
81143,65,63,2,2
81144,74,68,6,6
81145,62,67,-5,5
81146,146,140,6,6
81147,138,131,7,7
81148,109,104,5,5
81149,57,60,-3,3
81150,81,84,-3,3
81151,100,94,6,6
81152,55,62,-7,7
81153,71,74,-3,3
81154,137,123,14,14
81155,173,162,11,11
81156,53,58,-5,5
81157,69,70,-1,1
81158,115,96,19,19
81159,71,75,-4,4
81160,129,116,13,13
81161,142,127,15,15
81162,48,54,-6,6
81163,77,77,0,0
81164,81,89,-8,8
81165,103,96,7,7
81166,75,73,2,2
81167,86,80,6,6
81168,105,104,1,1
81169,61,59,2,2
81170,109,99,10,10
81171,98,91,7,7
81172,153,148,5,5
81173,50,59,-9,9
81174,178,156,22,22
81175,85,78,7,7
81176,118,115,3,3
81177,94,84,10,10
81178,116,95,21,21
81179,92,85,7,7
81180,96,92,4,4
81181,44,49,-5,5
81182,96,93,3,3
81183,146,119,27,27
81184,90,77,13,13
81185,86,85,1,1
81186,112,110,2,2
81187,102,108,-6,6
81188,47,47,0,0
81189,107,97,10,10
81190,52,67,-15,15
81191,122,118,4,4
81192,84,76,8,8
81193,76,77,-1,1
81194,72,75,-3,3
81195,181,167,14,14
81196,71,74,-3,3
81197,92,95,-3,3
81198,152,140,12,12
81199,133,126,7,7
81200,97,97,0,0
81201,135,129,6,6
81202,75,77,-2,2
81203,99,101,-2,2
81204,92,116,-24,24
81205,113,114,-1,1
81206,65,63,2,2
81207,100,100,0,0
81208,124,125,-1,1
81209,82,79,3,3
81210,111,113,-2,2
81211,101,93,8,8
81212,60,67,-7,7
81213,141,123,18,18
81214,69,70,-1,1
81215,141,140,1,1
81216,111,96,15,15
81217,169,158,11,11
81218,126,117,9,9
81219,75,81,-6,6
81220,120,108,12,12
81221,141,140,1,1
81222,104,115,-11,11
81223,48,56,-8,8
81224,93,92,1,1
81225,140,128,12,12
81226,97,84,13,13
81227,110,102,8,8
81228,45,39,6,6
81229,92,90,2,2
81230,87,76,11,11
81231,90,79,11,11
81232,68,71,-3,3
81233,64,72,-8,8
81234,59,57,2,2
81235,135,126,9,9
81236,52,60,-8,8
81237,121,123,-2,2
81238,78,83,-5,5
81239,97,90,7,7
81240,64,87,-23,23
81241,113,110,3,3
81242,83,81,2,2
81243,79,75,4,4
81244,77,79,-2,2
81245,56,65,-9,9
81246,156,144,12,12
81247,134,122,12,12
81248,66,70,-4,4
81249,113,111,2,2
81250,89,82,7,7
81251,95,98,-3,3
81252,98,95,3,3
81253,137,138,-1,1
81254,113,102,11,11
81255,173,152,21,21
81256,122,115,7,7
81257,92,86,6,6
81258,142,128,14,14
81259,82,81,1,1
81260,42,34,8,8
81261,116,136,-20,20
81262,89,87,2,2
81263,140,130,10,10
81264,130,101,29,29
81265,80,76,4,4
81266,113,112,1,1
81267,60,63,-3,3
81268,143,169,-26,26
81269,86,80,6,6
81270,126,115,11,11
81271,75,69,6,6
81272,120,109,11,11
81273,125,113,12,12
81274,195,179,16,16
81275,71,72,-1,1
81276,131,113,18,18
81277,111,108,3,3
81278,89,92,-3,3
81279,93,88,5,5
81280,80,80,0,0
81281,80,76,4,4
81282,46,44,2,2
81283,134,122,12,12
81284,83,78,5,5
81285,145,135,10,10
81286,80,77,3,3
81287,82,74,8,8
81288,86,77,9,9
81289,62,70,-8,8
81290,46,54,-8,8
81291,112,103,9,9
81292,99,98,1,1
81293,145,130,15,15
81294,166,159,7,7
81295,45,52,-7,7
81296,126,105,21,21
81297,89,84,5,5
81298,99,101,-2,2
81299,77,77,0,0
81300,119,101,18,18
81301,93,107,-14,14
81302,102,103,-1,1
81303,62,63,-1,1
81304,57,56,1,1
81305,63,68,-5,5
81306,56,61,-5,5
81307,137,127,10,10
81308,101,96,5,5
81309,90,80,10,10
81310,136,126,10,10
81311,70,69,1,1
81312,81,79,2,2
81313,66,65,1,1
81314,93,89,4,4
81315,73,68,5,5
81316,90,83,7,7
81317,83,83,0,0
81318,89,76,13,13
81319,103,105,-2,2
81320,105,94,11,11
81321,83,99,-16,16
81322,115,112,3,3
81323,99,99,0,0
81324,85,87,-2,2
81325,73,79,-6,6
81326,80,86,-6,6
81327,49,61,-12,12
81328,80,79,1,1
81329,63,67,-4,4
81330,33,33,0,0
81331,178,179,-1,1
81332,105,126,-21,21
81333,41,59,-18,18
81334,92,93,-1,1
81335,98,89,9,9
81336,71,74,-3,3
81337,30,31,-1,1
81338,62,66,-4,4
81339,126,137,-11,11
81340,102,101,1,1
81341,122,117,5,5
81342,79,79,0,0
81343,152,137,15,15
81344,159,139,20,20
81345,161,156,5,5
81346,71,64,7,7
81347,84,84,0,0
81348,118,101,17,17
81349,73,74,-1,1
81350,118,113,5,5
81351,102,87,15,15
81352,69,76,-7,7
81353,101,94,7,7
81354,127,115,12,12
81355,84,78,6,6
81356,40,34,6,6
81357,70,67,3,3
81358,135,121,14,14
81359,77,77,0,0
81360,78,78,0,0
81361,70,72,-2,2
81362,73,77,-4,4
81363,85,79,6,6
81364,106,96,10,10
81365,151,137,14,14
81366,153,151,2,2
81367,133,117,16,16
81368,121,115,6,6
81369,110,103,7,7
81370,71,80,-9,9
81371,98,93,5,5
81372,126,126,0,0
81373,86,85,1,1
81374,77,76,1,1
81375,198,178,20,20
81376,133,125,8,8
81377,124,126,-2,2
81378,90,84,6,6
81379,60,64,-4,4
81380,80,92,-12,12
81381,47,53,-6,6
81382,82,76,6,6
81383,119,96,23,23
81384,66,68,-2,2
81385,136,118,18,18
81386,141,125,16,16
81387,50,63,-13,13
81388,71,78,-7,7
81389,98,93,5,5
81390,121,102,19,19
81391,81,88,-7,7
81392,117,111,6,6
81393,112,106,6,6
81394,94,89,5,5
81395,55,71,-16,16
81396,97,105,-8,8
81397,92,94,-2,2
81398,137,130,7,7
81399,54,57,-3,3
81400,140,130,10,10
81401,138,119,19,19
81402,85,79,6,6
81403,84,89,-5,5
81404,104,98,6,6
81405,113,108,5,5
81406,109,111,-2,2
81407,76,91,-15,15
81408,79,83,-4,4
81409,65,66,-1,1
81410,81,79,2,2
81411,131,111,20,20
81412,204,174,30,30
81413,77,72,5,5
81414,161,141,20,20
81415,97,96,1,1
81416,110,94,16,16
81417,76,76,0,0
81418,70,69,1,1
81419,122,120,2,2
81420,52,59,-7,7
81421,121,115,6,6
81422,89,89,0,0
81423,99,86,13,13
81424,62,66,-4,4
81425,117,108,9,9
81426,92,96,-4,4
81427,169,156,13,13
81428,122,110,12,12
81429,88,94,-6,6
81430,94,86,8,8
81431,163,132,31,31
81432,72,70,2,2
81433,87,91,-4,4
81434,104,111,-7,7
81435,51,56,-5,5
81436,57,57,0,0
81437,149,139,10,10
81438,87,86,1,1
81439,109,105,4,4
81440,120,110,10,10
81441,79,74,5,5
81442,129,119,10,10
81443,162,144,18,18
81444,133,126,7,7
81445,82,78,4,4
81446,110,104,6,6
81447,180,158,22,22
81448,104,98,6,6
81449,134,122,12,12
81450,114,104,10,10
81451,130,132,-2,2
81452,94,94,0,0
81453,182,159,23,23
81454,93,93,0,0
81455,74,77,-3,3
81456,66,70,-4,4
81457,164,231,-67,67
81458,125,167,-42,42
81459,74,80,-6,6
81460,148,140,8,8
81461,69,71,-2,2
81462,98,92,6,6
81463,71,74,-3,3
81464,107,97,10,10
81465,133,118,15,15
81466,72,70,2,2
81467,68,69,-1,1
81468,97,89,8,8
81469,185,153,32,32
81470,184,171,13,13
81471,106,109,-3,3
81472,143,140,3,3
81473,82,94,-12,12
81474,47,60,-13,13
81475,82,75,7,7
81476,97,82,15,15
81477,58,63,-5,5
81478,115,103,12,12
81479,137,117,20,20
81480,112,107,5,5
81481,101,95,6,6
81482,56,57,-1,1
81483,80,76,4,4
81484,79,78,1,1
81485,186,160,26,26
81486,79,72,7,7
81487,80,72,8,8
81488,85,78,7,7
81489,123,107,16,16
81490,94,86,8,8
81491,71,81,-10,10
81492,83,84,-1,1
81493,45,49,-4,4
81494,120,140,-20,20
81495,165,152,13,13
81496,73,74,-1,1
81497,87,83,4,4
81498,80,83,-3,3
81499,132,132,0,0
81500,82,76,6,6
81501,77,74,3,3
81502,62,68,-6,6
81503,74,75,-1,1
81504,87,92,-5,5
81505,142,130,12,12
81506,119,107,12,12
81507,62,54,8,8
