,original,predict,differ,abs
0,67,75,-8,8
1,58,63,-5,5
2,88,86,2,2
3,183,168,15,15
4,81,79,2,2
5,88,89,-1,1
6,83,89,-6,6
7,183,148,35,35
8,81,78,3,3
9,117,115,2,2
10,64,62,2,2
11,59,69,-10,10
12,74,70,4,4
13,100,107,-7,7
14,103,99,4,4
15,66,70,-4,4
16,97,93,4,4
17,120,107,13,13
18,79,78,1,1
19,110,114,-4,4
20,217,187,30,30
21,156,147,9,9
22,97,89,8,8
23,101,117,-16,16
24,82,75,7,7
25,127,116,11,11
26,112,109,3,3
27,191,162,29,29
28,48,49,-1,1
29,106,113,-7,7
30,133,129,4,4
31,57,63,-6,6
32,108,103,5,5
33,89,79,10,10
34,50,64,-14,14
35,62,56,6,6
36,102,99,3,3
37,55,58,-3,3
38,89,101,-12,12
39,96,104,-8,8
40,70,70,0,0
41,115,116,-1,1
42,82,84,-2,2
43,102,101,1,1
44,167,142,25,25
45,82,90,-8,8
46,118,123,-5,5
47,85,84,1,1
48,93,94,-1,1
49,111,95,16,16
50,77,71,6,6
51,136,127,9,9
52,109,97,12,12
53,85,95,-10,10
54,133,122,11,11
55,138,125,13,13
56,100,118,-18,18
57,130,126,4,4
58,96,101,-5,5
59,58,61,-3,3
60,115,112,3,3
61,73,76,-3,3
62,135,121,14,14
63,177,169,8,8
64,96,99,-3,3
65,77,84,-7,7
66,84,85,-1,1
67,105,95,10,10
68,193,181,12,12
69,143,141,2,2
70,111,102,9,9
71,104,94,10,10
72,265,241,24,24
73,88,93,-5,5
74,78,79,-1,1
75,58,62,-4,4
76,86,82,4,4
77,59,67,-8,8
78,139,136,3,3
79,96,91,5,5
80,90,88,2,2
81,83,84,-1,1
82,133,130,3,3
83,141,135,6,6
84,72,70,2,2
85,75,73,2,2
86,43,47,-4,4
87,68,69,-1,1
88,170,135,35,35
89,92,98,-6,6
90,64,87,-23,23
91,101,107,-6,6
92,82,75,7,7
93,81,75,6,6
94,75,75,0,0
95,99,96,3,3
96,45,57,-12,12
97,186,181,5,5
98,127,140,-13,13
99,100,100,0,0
100,66,67,-1,1
101,129,109,20,20
102,107,111,-4,4
103,128,123,5,5
104,90,83,7,7
105,68,70,-2,2
106,107,107,0,0
107,90,85,5,5
108,89,92,-3,3
109,70,74,-4,4
110,174,139,35,35
111,90,78,12,12
112,76,77,-1,1
113,67,67,0,0
114,76,89,-13,13
115,168,157,11,11
116,91,88,3,3
117,103,103,0,0
118,91,90,1,1
119,67,73,-6,6
120,118,124,-6,6
121,51,55,-4,4
122,76,78,-2,2
123,110,113,-3,3
124,99,92,7,7
125,96,99,-3,3
126,169,160,9,9
127,89,95,-6,6
128,94,97,-3,3
129,123,128,-5,5
130,186,175,11,11
131,132,128,4,4
132,102,86,16,16
133,78,84,-6,6
134,129,115,14,14
135,116,100,16,16
136,136,126,10,10
137,131,129,2,2
138,105,105,0,0
139,69,70,-1,1
140,66,65,1,1
141,127,119,8,8
142,127,123,4,4
143,66,79,-13,13
144,112,116,-4,4
145,115,108,7,7
146,98,91,7,7
147,69,64,5,5
148,93,84,9,9
149,121,125,-4,4
150,92,97,-5,5
151,73,71,2,2
152,139,132,7,7
153,80,85,-5,5
154,89,94,-5,5
155,67,65,2,2
156,66,63,3,3
157,81,86,-5,5
158,59,65,-6,6
159,128,131,-3,3
160,109,112,-3,3
161,50,55,-5,5
162,74,71,3,3
163,80,85,-5,5
164,132,125,7,7
165,51,55,-4,4
166,115,110,5,5
167,70,88,-18,18
168,159,140,19,19
169,151,151,0,0
170,94,99,-5,5
171,81,92,-11,11
172,77,83,-6,6
173,42,46,-4,4
174,135,130,5,5
175,106,100,6,6
176,50,55,-5,5
177,162,137,25,25
178,130,112,18,18
179,120,105,15,15
180,84,90,-6,6
181,76,78,-2,2
182,67,68,-1,1
183,75,74,1,1
184,39,45,-6,6
185,119,103,16,16
186,55,61,-6,6
187,90,85,5,5
188,124,122,2,2
189,171,160,11,11
190,70,72,-2,2
191,137,135,2,2
192,127,129,-2,2
193,143,146,-3,3
194,195,156,39,39
195,112,106,6,6
196,43,49,-6,6
197,114,111,3,3
198,111,113,-2,2
199,80,83,-3,3
200,128,109,19,19
201,176,170,6,6
202,64,63,1,1
203,142,132,10,10
204,100,92,8,8
205,63,61,2,2
206,145,130,15,15
207,101,98,3,3
208,78,72,6,6
209,98,94,4,4
210,147,143,4,4
211,50,56,-6,6
212,70,69,1,1
213,175,162,13,13
214,87,99,-12,12
215,87,82,5,5
216,108,120,-12,12
217,67,67,0,0
218,95,98,-3,3
219,89,96,-7,7
220,135,134,1,1
221,79,87,-8,8
222,43,52,-9,9
223,195,157,38,38
224,83,86,-3,3
225,81,89,-8,8
226,63,70,-7,7
227,119,114,5,5
228,98,97,1,1
229,44,55,-11,11
230,47,57,-10,10
231,87,69,18,18
232,90,84,6,6
233,62,63,-1,1
234,103,99,4,4
235,140,140,0,0
236,114,113,1,1
237,57,70,-13,13
238,81,77,4,4
239,74,97,-23,23
240,61,72,-11,11
241,43,47,-4,4
242,55,60,-5,5
243,100,93,7,7
244,124,111,13,13
245,107,105,2,2
246,121,124,-3,3
247,86,94,-8,8
248,146,131,15,15
249,147,143,4,4
250,47,47,0,0
251,124,114,10,10
252,89,91,-2,2
253,50,61,-11,11
254,110,113,-3,3
255,158,149,9,9
256,86,79,7,7
257,102,105,-3,3
258,107,112,-5,5
259,64,69,-5,5
260,136,126,10,10
261,125,111,14,14
262,115,102,13,13
263,71,68,3,3
264,80,80,0,0
265,82,88,-6,6
266,79,79,0,0
267,102,93,9,9
268,49,58,-9,9
269,109,108,1,1
270,52,56,-4,4
271,72,69,3,3
272,68,72,-4,4
273,151,150,1,1
274,112,109,3,3
275,97,111,-14,14
276,82,93,-11,11
277,72,77,-5,5
278,125,131,-6,6
279,128,130,-2,2
280,94,97,-3,3
281,76,72,4,4
282,71,75,-4,4
283,112,112,0,0
284,75,71,4,4
285,77,74,3,3
286,78,73,5,5
287,89,85,4,4
288,88,80,8,8
289,97,94,3,3
290,80,76,4,4
291,67,75,-8,8
292,83,87,-4,4
293,85,85,0,0
294,76,73,3,3
295,64,66,-2,2
296,107,109,-2,2
297,141,146,-5,5
298,130,124,6,6
299,51,61,-10,10
300,66,66,0,0
301,75,73,2,2
302,186,163,23,23
303,86,79,7,7
304,141,139,2,2
305,83,82,1,1
306,85,84,1,1
307,148,129,19,19
308,87,85,2,2
309,77,71,6,6
310,27,48,-21,21
311,88,89,-1,1
312,92,87,5,5
313,86,92,-6,6
314,135,133,2,2
315,77,71,6,6
316,73,71,2,2
317,133,133,0,0
318,51,56,-5,5
319,125,118,7,7
320,98,107,-9,9
321,143,130,13,13
322,140,129,11,11
323,87,95,-8,8
324,89,74,15,15
325,69,72,-3,3
326,96,73,23,23
327,127,117,10,10
328,79,73,6,6
329,137,122,15,15
330,85,89,-4,4
331,84,89,-5,5
332,52,64,-12,12
333,77,72,5,5
334,78,85,-7,7
335,104,97,7,7
336,89,96,-7,7
337,89,63,26,26
338,56,54,2,2
339,106,85,21,21
340,71,69,2,2
341,132,120,12,12
342,82,75,7,7
343,100,94,6,6
344,51,64,-13,13
345,66,67,-1,1
346,85,76,9,9
347,112,111,1,1
348,34,55,-21,21
349,134,114,20,20
350,93,99,-6,6
351,114,129,-15,15
352,137,122,15,15
353,88,89,-1,1
354,108,112,-4,4
355,106,99,7,7
356,146,174,-28,28
357,54,67,-13,13
358,170,132,38,38
359,86,77,9,9
360,110,96,14,14
361,82,80,2,2
362,101,97,4,4
363,64,71,-7,7
364,44,54,-10,10
365,84,84,0,0
366,60,62,-2,2
367,101,104,-3,3
368,120,108,12,12
369,60,63,-3,3
370,130,124,6,6
371,41,50,-9,9
372,116,106,10,10
373,58,62,-4,4
374,77,74,3,3
375,96,101,-5,5
376,88,93,-5,5
377,103,100,3,3
378,35,55,-20,20
379,64,62,2,2
380,86,75,11,11
381,89,92,-3,3
382,108,103,5,5
383,116,108,8,8
384,82,83,-1,1
385,65,67,-2,2
386,64,72,-8,8
387,134,126,8,8
388,65,69,-4,4
389,77,74,3,3
390,120,120,0,0
391,54,61,-7,7
392,90,91,-1,1
393,87,90,-3,3
394,97,94,3,3
395,17,37,-20,20
396,69,91,-22,22
397,31,43,-12,12
398,90,90,0,0
399,104,103,1,1
400,97,95,2,2
401,52,62,-10,10
402,81,81,0,0
403,88,86,2,2
404,150,141,9,9
405,103,112,-9,9
406,47,49,-2,2
407,119,113,6,6
408,107,112,-5,5
409,88,66,22,22
410,85,84,1,1
411,95,97,-2,2
412,89,84,5,5
413,87,91,-4,4
414,148,131,17,17
415,98,95,3,3
416,148,145,3,3
417,77,84,-7,7
418,70,75,-5,5
419,64,67,-3,3
420,110,125,-15,15
421,143,144,-1,1
422,122,163,-41,41
423,82,83,-1,1
424,112,108,4,4
425,128,128,0,0
426,148,142,6,6
427,80,78,2,2
428,56,65,-9,9
429,90,90,0,0
430,110,110,0,0
431,88,98,-10,10
432,91,88,3,3
433,99,98,1,1
434,122,113,9,9
435,66,69,-3,3
436,106,97,9,9
437,65,63,2,2
438,164,149,15,15
439,68,66,2,2
440,48,70,-22,22
441,88,82,6,6
442,107,113,-6,6
443,58,67,-9,9
444,91,88,3,3
445,113,106,7,7
446,107,101,6,6
447,101,97,4,4
448,72,84,-12,12
449,134,129,5,5
450,87,90,-3,3
451,64,68,-4,4
452,72,69,3,3
453,146,145,1,1
454,110,106,4,4
455,104,99,5,5
456,129,132,-3,3
457,134,137,-3,3
458,123,122,1,1
459,62,63,-1,1
460,71,69,2,2
461,58,66,-8,8
462,88,85,3,3
463,134,130,4,4
464,81,80,1,1
465,77,92,-15,15
466,118,114,4,4
467,131,123,8,8
468,66,67,-1,1
469,61,66,-5,5
470,43,44,-1,1
471,121,120,1,1
472,101,108,-7,7
473,112,100,12,12
474,67,66,1,1
475,88,84,4,4
476,57,56,1,1
477,93,85,8,8
478,77,64,13,13
479,57,60,-3,3
480,55,69,-14,14
481,68,71,-3,3
482,118,113,5,5
483,63,67,-4,4
484,110,112,-2,2
485,58,60,-2,2
486,119,109,10,10
487,110,138,-28,28
488,146,140,6,6
489,50,51,-1,1
490,104,101,3,3
491,136,124,12,12
492,145,147,-2,2
493,110,100,10,10
494,124,127,-3,3
495,117,112,5,5
496,134,126,8,8
497,98,88,10,10
498,104,128,-24,24
499,78,73,5,5
500,100,94,6,6
501,45,55,-10,10
502,108,111,-3,3
503,50,57,-7,7
504,69,76,-7,7
505,106,101,5,5
506,66,65,1,1
507,61,68,-7,7
508,96,96,0,0
509,96,97,-1,1
510,53,58,-5,5
511,93,96,-3,3
512,80,73,7,7
513,73,73,0,0
514,70,77,-7,7
515,100,94,6,6
516,137,129,8,8
517,114,113,1,1
518,70,72,-2,2
519,55,67,-12,12
520,108,95,13,13
521,138,131,7,7
522,95,97,-2,2
523,142,135,7,7
524,83,79,4,4
525,122,112,10,10
526,97,98,-1,1
527,56,56,0,0
528,122,115,7,7
529,73,76,-3,3
530,69,64,5,5
531,95,99,-4,4
532,68,74,-6,6
533,95,91,4,4
534,78,90,-12,12
535,90,92,-2,2
536,106,102,4,4
537,42,52,-10,10
538,76,78,-2,2
539,157,162,-5,5
540,119,113,6,6
541,99,100,-1,1
542,61,69,-8,8
543,102,98,4,4
544,92,94,-2,2
545,124,112,12,12
546,82,85,-3,3
547,76,79,-3,3
548,67,70,-3,3
549,148,137,11,11
550,74,77,-3,3
551,66,70,-4,4
552,108,104,4,4
553,64,66,-2,2
554,102,102,0,0
555,63,66,-3,3
556,66,62,4,4
557,74,71,3,3
558,74,76,-2,2
559,67,69,-2,2
560,86,96,-10,10
561,81,93,-12,12
562,90,94,-4,4
563,47,55,-8,8
564,68,76,-8,8
565,88,78,10,10
566,83,78,5,5
567,76,74,2,2
568,55,58,-3,3
569,100,107,-7,7
570,108,117,-9,9
571,178,159,19,19
572,80,76,4,4
573,82,86,-4,4
574,149,129,20,20
575,69,71,-2,2
576,70,76,-6,6
577,90,102,-12,12
578,91,88,3,3
579,75,70,5,5
580,88,84,4,4
581,134,120,14,14
582,49,59,-10,10
583,51,56,-5,5
584,113,107,6,6
585,88,86,2,2
586,53,55,-2,2
587,84,71,13,13
588,105,99,6,6
589,85,82,3,3
590,105,99,6,6
591,75,74,1,1
592,139,133,6,6
593,103,99,4,4
594,87,91,-4,4
595,65,75,-10,10
596,74,72,2,2
597,98,107,-9,9
598,110,102,8,8
599,112,105,7,7
600,88,84,4,4
601,85,84,1,1
602,55,60,-5,5
603,86,86,0,0
604,124,125,-1,1
605,114,112,2,2
606,57,60,-3,3
607,56,61,-5,5
608,78,73,5,5
609,122,133,-11,11
610,79,74,5,5
611,81,76,5,5
612,117,108,9,9
613,112,119,-7,7
614,95,97,-2,2
615,195,172,23,23
616,76,87,-11,11
617,104,97,7,7
618,112,103,9,9
619,103,106,-3,3
620,91,95,-4,4
621,105,98,7,7
622,127,108,19,19
623,60,67,-7,7
624,111,109,2,2
625,106,105,1,1
626,109,105,4,4
627,85,87,-2,2
628,67,73,-6,6
629,81,87,-6,6
630,83,85,-2,2
631,56,64,-8,8
632,92,89,3,3
633,71,83,-12,12
634,95,89,6,6
635,93,93,0,0
636,144,142,2,2
637,53,58,-5,5
638,77,87,-10,10
639,71,70,1,1
640,95,99,-4,4
641,95,101,-6,6
642,61,60,1,1
643,141,125,16,16
644,133,125,8,8
645,94,89,5,5
646,112,113,-1,1
647,84,83,1,1
648,92,93,-1,1
649,84,84,0,0
650,94,97,-3,3
651,72,75,-3,3
652,102,114,-12,12
653,61,67,-6,6
654,108,110,-2,2
655,105,103,2,2
656,85,91,-6,6
657,74,78,-4,4
658,50,56,-6,6
659,101,97,4,4
660,82,76,6,6
661,108,92,16,16
662,148,137,11,11
663,126,115,11,11
664,136,143,-7,7
665,75,75,0,0
666,36,41,-5,5
667,42,58,-16,16
668,69,68,1,1
669,126,119,7,7
670,109,100,9,9
671,90,85,5,5
672,116,107,9,9
673,151,180,-29,29
674,147,136,11,11
675,52,93,-41,41
676,107,112,-5,5
677,90,89,1,1
678,162,146,16,16
679,103,104,-1,1
680,150,133,17,17
681,62,73,-11,11
682,111,105,6,6
683,77,88,-11,11
684,166,163,3,3
685,151,151,0,0
686,116,114,2,2
687,79,79,0,0
688,94,112,-18,18
689,110,112,-2,2
690,152,133,19,19
691,176,153,23,23
692,92,94,-2,2
693,156,143,13,13
694,92,97,-5,5
695,77,76,1,1
696,32,55,-23,23
697,87,90,-3,3
698,108,108,0,0
699,104,91,13,13
700,70,70,0,0
701,66,55,11,11
702,118,112,6,6
703,65,67,-2,2
704,111,100,11,11
705,74,71,3,3
706,81,88,-7,7
707,88,81,7,7
708,87,84,3,3
709,116,120,-4,4
710,47,47,0,0
711,95,96,-1,1
712,44,50,-6,6
713,91,105,-14,14
714,83,85,-2,2
715,137,127,10,10
716,80,81,-1,1
717,147,134,13,13
718,119,124,-5,5
719,137,112,25,25
720,133,141,-8,8
721,89,93,-4,4
722,150,137,13,13
723,108,103,5,5
724,96,83,13,13
725,88,87,1,1
726,140,129,11,11
727,128,128,0,0
728,53,58,-5,5
729,100,112,-12,12
730,58,69,-11,11
731,110,104,6,6
732,125,116,9,9
733,124,109,15,15
734,109,122,-13,13
735,122,123,-1,1
736,95,95,0,0
737,93,96,-3,3
738,85,78,7,7
739,98,84,14,14
740,68,74,-6,6
741,48,48,0,0
742,97,99,-2,2
743,81,83,-2,2
744,88,83,5,5
745,91,111,-20,20
746,64,66,-2,2
747,204,185,19,19
748,114,109,5,5
749,185,150,35,35
750,75,74,1,1
751,70,65,5,5
752,145,139,6,6
753,87,84,3,3
754,45,58,-13,13
755,73,72,1,1
756,125,128,-3,3
757,60,67,-7,7
758,95,94,1,1
759,119,99,20,20
760,76,73,3,3
761,56,64,-8,8
762,44,61,-17,17
763,98,101,-3,3
764,86,79,7,7
765,161,139,22,22
766,102,118,-16,16
767,103,99,4,4
768,69,72,-3,3
769,151,151,0,0
770,92,73,19,19
771,80,89,-9,9
772,87,90,-3,3
773,108,101,7,7
774,51,58,-7,7
775,110,107,3,3
776,64,65,-1,1
777,73,71,2,2
778,92,89,3,3
779,93,91,2,2
780,103,101,2,2
781,49,48,1,1
782,71,76,-5,5
783,70,70,0,0
784,67,67,0,0
785,100,99,1,1
786,93,98,-5,5
787,75,76,-1,1
788,97,99,-2,2
789,84,86,-2,2
790,140,125,15,15
791,151,133,18,18
792,78,81,-3,3
793,79,77,2,2
794,108,116,-8,8
795,95,95,0,0
796,98,93,5,5
797,119,120,-1,1
798,83,97,-14,14
799,67,69,-2,2
800,64,67,-3,3
801,102,96,6,6
802,75,77,-2,2
803,68,81,-13,13
804,78,77,1,1
805,53,59,-6,6
806,126,121,5,5
807,89,94,-5,5
808,85,96,-11,11
809,64,70,-6,6
810,85,83,2,2
811,74,73,1,1
812,66,66,0,0
813,79,72,7,7
814,125,106,19,19
815,119,112,7,7
816,26,48,-22,22
817,66,70,-4,4
818,88,83,5,5
819,111,98,13,13
820,86,83,3,3
821,76,86,-10,10
822,86,80,6,6
823,145,130,15,15
824,46,52,-6,6
825,107,100,7,7
826,99,89,10,10
827,63,67,-4,4
828,68,70,-2,2
829,100,90,10,10
830,110,113,-3,3
831,77,76,1,1
832,66,70,-4,4
833,64,63,1,1
834,77,84,-7,7
835,144,142,2,2
836,106,100,6,6
837,93,98,-5,5
838,73,82,-9,9
839,103,108,-5,5
840,105,105,0,0
841,75,77,-2,2
842,83,79,4,4
843,112,111,1,1
844,156,142,14,14
845,156,140,16,16
846,77,84,-7,7
847,76,74,2,2
848,95,94,1,1
849,41,54,-13,13
850,106,115,-9,9
851,135,129,6,6
852,92,98,-6,6
853,91,97,-6,6
854,112,109,3,3
855,84,88,-4,4
856,77,72,5,5
857,29,59,-30,30
858,64,69,-5,5
859,143,128,15,15
860,59,58,1,1
861,155,146,9,9
862,207,166,41,41
863,129,117,12,12
864,115,108,7,7
865,108,97,11,11
866,162,142,20,20
867,69,76,-7,7
868,62,74,-12,12
869,79,95,-16,16
870,57,61,-4,4
871,90,90,0,0
872,98,94,4,4
873,108,106,2,2
874,80,99,-19,19
875,114,103,11,11
876,57,57,0,0
877,41,109,-68,68
878,90,88,2,2
879,84,73,11,11
880,87,89,-2,2
881,70,81,-11,11
882,109,109,0,0
883,76,77,-1,1
884,62,59,3,3
885,83,78,5,5
886,124,131,-7,7
887,122,121,1,1
888,55,61,-6,6
889,108,113,-5,5
890,109,112,-3,3
891,52,63,-11,11
892,134,117,17,17
893,60,57,3,3
894,71,73,-2,2
895,123,113,10,10
896,60,66,-6,6
897,140,130,10,10
898,109,98,11,11
899,150,159,-9,9
900,74,77,-3,3
901,94,84,10,10
902,71,75,-4,4
903,139,124,15,15
904,87,96,-9,9
905,72,75,-3,3
906,53,55,-2,2
907,163,143,20,20
908,111,97,14,14
909,70,64,6,6
910,46,53,-7,7
911,138,133,5,5
912,127,120,7,7
913,70,73,-3,3
914,107,115,-8,8
915,64,64,0,0
916,69,78,-9,9
917,196,180,16,16
918,136,134,2,2
919,52,52,0,0
920,79,86,-7,7
921,109,113,-4,4
922,78,79,-1,1
923,115,113,2,2
924,77,83,-6,6
925,110,107,3,3
926,74,70,4,4
927,49,53,-4,4
928,55,59,-4,4
929,145,133,12,12
930,119,115,4,4
931,96,94,2,2
932,196,182,14,14
933,72,77,-5,5
934,90,99,-9,9
935,62,104,-42,42
936,118,102,16,16
937,137,138,-1,1
938,79,80,-1,1
939,152,140,12,12
940,87,95,-8,8
941,112,109,3,3
942,62,64,-2,2
943,72,75,-3,3
944,109,105,4,4
945,83,79,4,4
946,68,67,1,1
947,97,98,-1,1
948,59,61,-2,2
949,173,146,27,27
950,73,71,2,2
951,85,90,-5,5
952,62,67,-5,5
953,75,72,3,3
954,90,93,-3,3
955,93,97,-4,4
956,98,98,0,0
957,116,112,4,4
958,50,50,0,0
959,106,107,-1,1
960,114,107,7,7
961,98,90,8,8
962,184,175,9,9
963,69,74,-5,5
964,147,140,7,7
965,29,62,-33,33
966,108,114,-6,6
967,65,71,-6,6
968,96,96,0,0
969,84,90,-6,6
970,70,69,1,1
971,162,151,11,11
972,112,115,-3,3
973,71,69,2,2
974,139,126,13,13
975,72,78,-6,6
976,68,72,-4,4
977,76,78,-2,2
978,87,81,6,6
979,52,54,-2,2
980,115,112,3,3
981,161,147,14,14
982,88,77,11,11
983,107,101,6,6
984,84,77,7,7
985,90,85,5,5
986,55,61,-6,6
987,138,127,11,11
988,90,87,3,3
989,114,106,8,8
990,111,124,-13,13
991,44,48,-4,4
992,111,114,-3,3
993,128,112,16,16
994,98,97,1,1
995,93,87,6,6
996,74,74,0,0
997,130,125,5,5
998,82,93,-11,11
999,178,149,29,29
1000,42,49,-7,7
1001,96,91,5,5
1002,39,55,-16,16
1003,75,81,-6,6
1004,147,139,8,8
1005,102,105,-3,3
1006,212,186,26,26
1007,64,67,-3,3
1008,91,91,0,0
1009,39,47,-8,8
1010,92,99,-7,7
1011,159,145,14,14
1012,119,107,12,12
1013,128,122,6,6
1014,125,120,5,5
1015,63,66,-3,3
1016,117,111,6,6
1017,117,115,2,2
1018,35,45,-10,10
1019,108,107,1,1
1020,108,103,5,5
1021,77,76,1,1
1022,88,87,1,1
1023,45,56,-11,11
1024,88,97,-9,9
1025,110,101,9,9
1026,93,89,4,4
1027,77,84,-7,7
1028,144,130,14,14
1029,63,70,-7,7
1030,56,56,0,0
1031,143,130,13,13
1032,119,127,-8,8
1033,85,78,7,7
1034,94,92,2,2
1035,115,119,-4,4
1036,117,115,2,2
1037,71,69,2,2
1038,79,79,0,0
1039,119,80,39,39
1040,78,76,2,2
1041,101,113,-12,12
1042,89,97,-8,8
1043,91,97,-6,6
1044,112,107,5,5
1045,131,130,1,1
1046,43,51,-8,8
1047,162,146,16,16
1048,55,60,-5,5
1049,116,116,0,0
1050,49,54,-5,5
1051,88,79,9,9
1052,108,103,5,5
1053,72,67,5,5
1054,115,112,3,3
1055,55,61,-6,6
1056,146,133,13,13
1057,97,78,19,19
1058,81,79,2,2
1059,146,133,13,13
1060,133,124,9,9
1061,62,68,-6,6
1062,148,140,8,8
1063,98,89,9,9
1064,81,71,10,10
1065,73,76,-3,3
1066,81,73,8,8
1067,148,136,12,12
1068,141,125,16,16
1069,56,53,3,3
1070,123,116,7,7
1071,83,75,8,8
1072,117,114,3,3
1073,99,97,2,2
1074,99,104,-5,5
1075,64,65,-1,1
1076,92,84,8,8
1077,40,43,-3,3
1078,183,158,25,25
1079,44,59,-15,15
1080,115,112,3,3
1081,49,55,-6,6
1082,127,117,10,10
1083,155,140,15,15
1084,81,92,-11,11
1085,92,86,6,6
1086,74,67,7,7
1087,108,110,-2,2
1088,57,61,-4,4
1089,61,66,-5,5
1090,125,120,5,5
1091,97,90,7,7
1092,60,98,-38,38
1093,78,77,1,1
1094,71,79,-8,8
1095,84,86,-2,2
1096,177,158,19,19
1097,80,77,3,3
1098,130,130,0,0
1099,81,86,-5,5
1100,88,89,-1,1
1101,56,58,-2,2
1102,149,136,13,13
1103,92,83,9,9
1104,90,91,-1,1
1105,45,55,-10,10
1106,63,73,-10,10
1107,92,93,-1,1
1108,124,122,2,2
1109,140,134,6,6
1110,122,130,-8,8
1111,47,54,-7,7
1112,67,74,-7,7
1113,199,174,25,25
1114,110,128,-18,18
1115,78,86,-8,8
1116,42,49,-7,7
1117,51,59,-8,8
1118,183,151,32,32
1119,160,154,6,6
1120,117,114,3,3
1121,70,73,-3,3
1122,90,84,6,6
1123,101,108,-7,7
1124,73,75,-2,2
1125,64,68,-4,4
1126,69,71,-2,2
1127,98,97,1,1
1128,121,119,2,2
1129,83,84,-1,1
1130,170,162,8,8
1131,80,81,-1,1
1132,68,71,-3,3
1133,130,137,-7,7
1134,66,72,-6,6
1135,65,84,-19,19
1136,95,94,1,1
1137,99,98,1,1
1138,95,116,-21,21
1139,174,158,16,16
1140,154,132,22,22
1141,121,111,10,10
1142,109,98,11,11
1143,87,103,-16,16
1144,61,56,5,5
1145,96,97,-1,1
1146,96,97,-1,1
1147,118,112,6,6
1148,97,89,8,8
1149,105,100,5,5
1150,87,85,2,2
1151,104,98,6,6
1152,80,89,-9,9
1153,54,60,-6,6
1154,92,90,2,2
1155,48,54,-6,6
1156,78,84,-6,6
1157,136,120,16,16
1158,139,124,15,15
1159,61,111,-50,50
1160,83,85,-2,2
1161,103,111,-8,8
1162,128,125,3,3
1163,131,123,8,8
1164,76,67,9,9
1165,74,67,7,7
1166,135,131,4,4
1167,73,76,-3,3
1168,115,118,-3,3
1169,81,88,-7,7
1170,140,130,10,10
1171,69,75,-6,6
1172,46,55,-9,9
1173,109,101,8,8
1174,197,171,26,26
1175,111,121,-10,10
1176,100,97,3,3
1177,77,75,2,2
1178,66,71,-5,5
1179,67,69,-2,2
1180,120,136,-16,16
1181,349,304,45,45
1182,78,73,5,5
1183,118,120,-2,2
1184,51,66,-15,15
1185,82,87,-5,5
1186,49,51,-2,2
1187,72,73,-1,1
1188,112,219,-107,107
1189,140,120,20,20
1190,69,62,7,7
1191,94,98,-4,4
1192,69,71,-2,2
1193,96,99,-3,3
1194,77,113,-36,36
1195,92,103,-11,11
1196,141,141,0,0
1197,94,92,2,2
1198,92,83,9,9
1199,96,112,-16,16
1200,69,65,4,4
1201,35,51,-16,16
1202,78,77,1,1
1203,113,113,0,0
1204,99,92,7,7
1205,108,104,4,4
1206,118,111,7,7
1207,95,94,1,1
1208,106,111,-5,5
1209,101,83,18,18
1210,77,89,-12,12
1211,97,93,4,4
1212,86,84,2,2
1213,60,65,-5,5
1214,101,109,-8,8
1215,105,97,8,8
1216,73,75,-2,2
1217,90,87,3,3
1218,121,111,10,10
1219,80,85,-5,5
1220,85,94,-9,9
1221,158,150,8,8
1222,75,78,-3,3
1223,70,76,-6,6
1224,66,72,-6,6
1225,107,102,5,5
1226,182,172,10,10
1227,134,127,7,7
1228,103,96,7,7
1229,69,76,-7,7
1230,95,90,5,5
1231,33,41,-8,8
1232,58,61,-3,3
1233,63,70,-7,7
1234,115,101,14,14
1235,111,100,11,11
1236,128,114,14,14
1237,141,127,14,14
1238,50,57,-7,7
1239,129,111,18,18
1240,49,62,-13,13
1241,91,86,5,5
1242,131,120,11,11
1243,120,105,15,15
1244,91,90,1,1
1245,108,108,0,0
1246,70,74,-4,4
1247,51,55,-4,4
1248,92,98,-6,6
1249,77,77,0,0
1250,149,136,13,13
1251,117,111,6,6
1252,144,133,11,11
1253,82,74,8,8
1254,107,107,0,0
1255,51,56,-5,5
1256,55,61,-6,6
1257,101,99,2,2
1258,99,92,7,7
1259,114,103,11,11
1260,55,65,-10,10
1261,83,78,5,5
1262,174,161,13,13
1263,136,128,8,8
1264,89,93,-4,4
1265,67,75,-8,8
1266,81,85,-4,4
1267,122,124,-2,2
1268,74,83,-9,9
1269,149,159,-10,10
1270,62,68,-6,6
1271,64,71,-7,7
1272,85,89,-4,4
1273,163,141,22,22
1274,72,74,-2,2
1275,62,62,0,0
1276,50,57,-7,7
1277,57,65,-8,8
1278,82,93,-11,11
1279,58,61,-3,3
1280,51,54,-3,3
1281,63,67,-4,4
1282,125,127,-2,2
1283,78,85,-7,7
1284,57,59,-2,2
1285,65,65,0,0
1286,111,114,-3,3
1287,90,85,5,5
1288,107,104,3,3
1289,81,77,4,4
1290,133,114,19,19
1291,111,115,-4,4
1292,64,75,-11,11
1293,56,76,-20,20
1294,51,60,-9,9
1295,64,65,-1,1
1296,156,149,7,7
1297,96,104,-8,8
1298,94,87,7,7
1299,65,94,-29,29
1300,167,153,14,14
1301,44,50,-6,6
1302,255,216,39,39
1303,80,76,4,4
1304,142,126,16,16
1305,73,65,8,8
1306,114,105,9,9
1307,81,72,9,9
1308,66,67,-1,1
1309,91,90,1,1
1310,106,96,10,10
1311,84,91,-7,7
1312,120,115,5,5
1313,115,111,4,4
1314,130,123,7,7
1315,192,187,5,5
1316,150,137,13,13
1317,87,91,-4,4
1318,69,72,-3,3
1319,170,169,1,1
1320,99,95,4,4
1321,72,78,-6,6
1322,106,98,8,8
1323,142,118,24,24
1324,44,51,-7,7
1325,87,95,-8,8
1326,72,76,-4,4
1327,116,106,10,10
1328,66,68,-2,2
1329,43,46,-3,3
1330,145,135,10,10
1331,92,90,2,2
1332,86,91,-5,5
1333,87,96,-9,9
1334,71,68,3,3
1335,136,124,12,12
1336,73,78,-5,5
1337,81,88,-7,7
1338,65,63,2,2
1339,97,86,11,11
1340,61,65,-4,4
1341,76,69,7,7
1342,55,56,-1,1
1343,100,93,7,7
1344,120,118,2,2
1345,110,119,-9,9
1346,103,103,0,0
1347,57,60,-3,3
1348,95,84,11,11
1349,82,88,-6,6
1350,105,112,-7,7
1351,68,74,-6,6
1352,177,158,19,19
1353,97,97,0,0
1354,150,128,22,22
1355,38,46,-8,8
1356,85,78,7,7
1357,79,83,-4,4
1358,78,84,-6,6
1359,98,99,-1,1
1360,138,129,9,9
1361,92,86,6,6
1362,110,106,4,4
1363,135,137,-2,2
1364,96,97,-1,1
1365,107,100,7,7
1366,84,88,-4,4
1367,82,78,4,4
1368,87,105,-18,18
1369,58,62,-4,4
1370,55,55,0,0
1371,69,75,-6,6
1372,193,173,20,20
1373,102,107,-5,5
1374,105,98,7,7
1375,74,89,-15,15
1376,122,135,-13,13
1377,85,85,0,0
1378,103,99,4,4
1379,139,124,15,15
1380,91,87,4,4
1381,84,96,-12,12
1382,155,140,15,15
1383,73,74,-1,1
1384,141,122,19,19
1385,70,68,2,2
1386,93,88,5,5
1387,100,92,8,8
1388,96,92,4,4
1389,56,60,-4,4
1390,93,117,-24,24
1391,97,119,-22,22
1392,43,47,-4,4
1393,58,59,-1,1
1394,107,100,7,7
1395,118,113,5,5
1396,64,57,7,7
1397,114,98,16,16
1398,84,79,5,5
1399,68,71,-3,3
1400,170,148,22,22
1401,121,116,5,5
1402,180,168,12,12
1403,81,84,-3,3
1404,131,122,9,9
1405,166,146,20,20
1406,83,85,-2,2
1407,107,96,11,11
1408,95,96,-1,1
1409,88,77,11,11
1410,149,135,14,14
1411,160,150,10,10
1412,112,109,3,3
1413,145,139,6,6
1414,38,42,-4,4
1415,104,98,6,6
1416,125,130,-5,5
1417,86,85,1,1
1418,105,99,6,6
1419,44,54,-10,10
1420,116,103,13,13
1421,136,123,13,13
1422,149,136,13,13
1423,135,105,30,30
1424,51,53,-2,2
1425,94,103,-9,9
1426,88,99,-11,11
1427,128,128,0,0
1428,148,138,10,10
1429,103,112,-9,9
1430,59,64,-5,5
1431,75,74,1,1
1432,83,85,-2,2
1433,73,74,-1,1
1434,75,97,-22,22
1435,74,78,-4,4
1436,85,85,0,0
1437,74,70,4,4
1438,99,98,1,1
1439,122,120,2,2
1440,130,130,0,0
1441,61,67,-6,6
1442,48,54,-6,6
1443,111,117,-6,6
1444,58,57,1,1
1445,61,76,-15,15
1446,129,126,3,3
1447,55,57,-2,2
1448,159,145,14,14
1449,81,79,2,2
1450,44,56,-12,12
1451,64,63,1,1
1452,105,98,7,7
1453,131,127,4,4
1454,188,170,18,18
1455,107,99,8,8
1456,74,76,-2,2
1457,155,161,-6,6
1458,93,88,5,5
1459,125,123,2,2
1460,113,117,-4,4
1461,81,80,1,1
1462,73,71,2,2
1463,78,77,1,1
1464,124,106,18,18
1465,68,75,-7,7
1466,90,92,-2,2
1467,108,98,10,10
1468,73,73,0,0
1469,92,90,2,2
1470,118,114,4,4
1471,70,67,3,3
1472,98,99,-1,1
1473,70,68,2,2
1474,72,75,-3,3
1475,107,96,11,11
1476,112,111,1,1
1477,118,112,6,6
1478,86,83,3,3
1479,114,98,16,16
1480,121,112,9,9
1481,120,107,13,13
1482,275,212,63,63
1483,98,88,10,10
1484,95,104,-9,9
1485,80,74,6,6
1486,126,126,0,0
1487,98,97,1,1
1488,133,141,-8,8
1489,61,64,-3,3
1490,129,119,10,10
1491,117,112,5,5
1492,54,76,-22,22
1493,54,60,-6,6
1494,48,56,-8,8
1495,85,84,1,1
1496,56,77,-21,21
1497,77,90,-13,13
1498,140,124,16,16
1499,69,74,-5,5
1500,88,90,-2,2
1501,107,104,3,3
1502,81,81,0,0
1503,134,120,14,14
1504,80,80,0,0
1505,121,112,9,9
1506,111,107,4,4
1507,72,77,-5,5
1508,155,152,3,3
1509,61,67,-6,6
1510,70,75,-5,5
1511,55,58,-3,3
1512,74,75,-1,1
1513,151,142,9,9
1514,38,49,-11,11
1515,164,180,-16,16
1516,66,76,-10,10
1517,58,61,-3,3
1518,66,68,-2,2
1519,116,103,13,13
1520,71,88,-17,17
1521,99,98,1,1
1522,108,118,-10,10
1523,77,79,-2,2
1524,56,62,-6,6
1525,126,112,14,14
1526,117,110,7,7
1527,71,67,4,4
1528,80,74,6,6
1529,69,71,-2,2
1530,76,67,9,9
1531,137,129,8,8
1532,184,163,21,21
1533,131,117,14,14
1534,149,137,12,12
1535,95,94,1,1
1536,122,119,3,3
1537,54,55,-1,1
1538,88,91,-3,3
1539,83,88,-5,5
1540,69,75,-6,6
1541,87,99,-12,12
1542,156,151,5,5
1543,118,118,0,0
1544,55,62,-7,7
1545,83,83,0,0
1546,81,92,-11,11
1547,101,110,-9,9
1548,73,72,1,1
1549,105,106,-1,1
1550,82,88,-6,6
1551,65,66,-1,1
1552,78,78,0,0
1553,115,111,4,4
1554,133,122,11,11
1555,58,65,-7,7
1556,108,111,-3,3
1557,128,125,3,3
1558,136,119,17,17
1559,37,50,-13,13
1560,95,100,-5,5
1561,121,113,8,8
1562,87,84,3,3
1563,100,114,-14,14
1564,89,84,5,5
1565,126,125,1,1
1566,109,118,-9,9
1567,103,100,3,3
1568,150,134,16,16
1569,94,119,-25,25
1570,148,149,-1,1
1571,60,63,-3,3
1572,70,72,-2,2
1573,131,129,2,2
1574,70,67,3,3
1575,95,100,-5,5
1576,66,74,-8,8
1577,86,79,7,7
1578,91,86,5,5
1579,75,83,-8,8
1580,46,54,-8,8
1581,100,103,-3,3
1582,98,92,6,6
1583,92,85,7,7
1584,112,101,11,11
1585,167,150,17,17
1586,90,96,-6,6
1587,109,99,10,10
1588,93,107,-14,14
1589,61,66,-5,5
1590,123,113,10,10
1591,93,96,-3,3
1592,74,70,4,4
1593,36,48,-12,12
1594,89,84,5,5
1595,144,147,-3,3
1596,80,80,0,0
1597,114,113,1,1
1598,106,107,-1,1
1599,57,62,-5,5
1600,70,81,-11,11
1601,112,113,-1,1
1602,92,85,7,7
1603,106,100,6,6
1604,122,124,-2,2
1605,128,119,9,9
1606,109,107,2,2
1607,75,74,1,1
1608,120,114,6,6
1609,60,58,2,2
1610,137,124,13,13
1611,78,84,-6,6
1612,93,99,-6,6
1613,91,90,1,1
1614,84,82,2,2
1615,137,125,12,12
1616,43,53,-10,10
1617,74,64,10,10
1618,77,75,2,2
1619,114,114,0,0
1620,104,91,13,13
1621,101,103,-2,2
1622,43,48,-5,5
1623,106,103,3,3
1624,90,87,3,3
1625,114,116,-2,2
1626,82,73,9,9
1627,62,71,-9,9
1628,112,107,5,5
1629,46,56,-10,10
1630,104,87,17,17
1631,106,100,6,6
1632,62,63,-1,1
1633,123,121,2,2
1634,95,97,-2,2
1635,64,71,-7,7
1636,76,79,-3,3
1637,104,98,6,6
1638,126,118,8,8
1639,144,135,9,9
1640,119,121,-2,2
1641,74,71,3,3
1642,51,61,-10,10
1643,91,96,-5,5
1644,86,93,-7,7
1645,95,87,8,8
1646,72,74,-2,2
1647,162,146,16,16
1648,87,83,4,4
1649,91,95,-4,4
1650,122,129,-7,7
1651,70,71,-1,1
1652,106,111,-5,5
1653,89,96,-7,7
1654,59,58,1,1
1655,44,48,-4,4
1656,74,68,6,6
1657,77,81,-4,4
1658,135,121,14,14
1659,107,101,6,6
1660,64,64,0,0
1661,52,70,-18,18
1662,61,66,-5,5
1663,74,73,1,1
1664,87,98,-11,11
1665,106,101,5,5
1666,64,67,-3,3
1667,70,73,-3,3
1668,77,76,1,1
1669,62,64,-2,2
1670,67,66,1,1
1671,109,106,3,3
1672,118,116,2,2
1673,74,81,-7,7
1674,100,96,4,4
1675,83,100,-17,17
1676,83,76,7,7
1677,121,113,8,8
1678,79,85,-6,6
1679,46,51,-5,5
1680,92,85,7,7
1681,102,98,4,4
1682,103,97,6,6
1683,64,59,5,5
1684,101,96,5,5
1685,105,99,6,6
1686,55,60,-5,5
1687,66,65,1,1
1688,60,64,-4,4
1689,62,69,-7,7
1690,150,145,5,5
1691,84,93,-9,9
1692,98,107,-9,9
1693,59,65,-6,6
1694,57,63,-6,6
1695,88,120,-32,32
1696,146,142,4,4
1697,58,64,-6,6
1698,73,68,5,5
1699,192,172,20,20
1700,58,57,1,1
1701,97,80,17,17
1702,84,85,-1,1
1703,149,139,10,10
1704,162,138,24,24
1705,53,67,-14,14
1706,48,59,-11,11
1707,103,108,-5,5
1708,64,67,-3,3
1709,85,79,6,6
1710,64,67,-3,3
1711,73,70,3,3
1712,72,69,3,3
1713,136,117,19,19
1714,103,96,7,7
1715,161,146,15,15
1716,89,89,0,0
1717,102,97,5,5
1718,66,114,-48,48
1719,87,84,3,3
1720,101,99,2,2
1721,90,97,-7,7
1722,108,112,-4,4
1723,59,66,-7,7
1724,118,109,9,9
1725,56,60,-4,4
1726,195,176,19,19
1727,70,69,1,1
1728,90,92,-2,2
1729,108,112,-4,4
1730,118,130,-12,12
1731,74,77,-3,3
1732,115,109,6,6
1733,31,44,-13,13
1734,121,122,-1,1
1735,43,48,-5,5
1736,78,75,3,3
1737,63,69,-6,6
1738,57,57,0,0
1739,53,60,-7,7
1740,63,66,-3,3
1741,88,88,0,0
1742,80,87,-7,7
1743,133,134,-1,1
1744,90,85,5,5
1745,130,127,3,3
1746,70,69,1,1
1747,169,144,25,25
1748,45,55,-10,10
1749,171,157,14,14
1750,84,80,4,4
1751,95,99,-4,4
1752,73,79,-6,6
1753,59,64,-5,5
1754,82,89,-7,7
1755,101,96,5,5
1756,77,86,-9,9
1757,57,66,-9,9
1758,97,95,2,2
1759,69,72,-3,3
1760,82,71,11,11
1761,60,76,-16,16
1762,70,71,-1,1
1763,79,82,-3,3
1764,127,121,6,6
1765,92,104,-12,12
1766,119,117,2,2
1767,59,62,-3,3
1768,66,70,-4,4
1769,44,52,-8,8
1770,46,50,-4,4
1771,129,111,18,18
1772,93,84,9,9
1773,98,121,-23,23
1774,89,86,3,3
1775,74,73,1,1
1776,96,95,1,1
1777,103,97,6,6
1778,84,91,-7,7
1779,75,71,4,4
1780,167,148,19,19
1781,85,88,-3,3
1782,108,118,-10,10
1783,59,62,-3,3
1784,101,99,2,2
1785,76,76,0,0
1786,118,114,4,4
1787,67,71,-4,4
1788,53,67,-14,14
1789,108,105,3,3
1790,103,99,4,4
1791,130,137,-7,7
1792,83,84,-1,1
1793,52,65,-13,13
1794,79,83,-4,4
1795,80,87,-7,7
1796,88,70,18,18
1797,55,62,-7,7
1798,53,58,-5,5
1799,116,106,10,10
1800,103,100,3,3
1801,73,84,-11,11
1802,72,74,-2,2
1803,155,139,16,16
1804,205,194,11,11
1805,55,59,-4,4
1806,119,114,5,5
1807,93,90,3,3
1808,81,85,-4,4
1809,93,91,2,2
1810,121,120,1,1
1811,62,62,0,0
1812,61,66,-5,5
1813,113,111,2,2
1814,79,78,1,1
1815,130,129,1,1
1816,68,76,-8,8
1817,81,83,-2,2
1818,114,104,10,10
1819,101,85,16,16
1820,63,60,3,3
1821,87,101,-14,14
1822,117,114,3,3
1823,114,112,2,2
1824,109,104,5,5
1825,96,92,4,4
1826,54,61,-7,7
1827,132,127,5,5
1828,85,98,-13,13
1829,70,68,2,2
1830,60,58,2,2
1831,68,69,-1,1
1832,48,50,-2,2
1833,75,79,-4,4
1834,126,115,11,11
1835,106,99,7,7
1836,60,63,-3,3
1837,70,68,2,2
1838,52,52,0,0
1839,86,78,8,8
1840,74,69,5,5
1841,118,109,9,9
1842,43,52,-9,9
1843,207,181,26,26
1844,97,89,8,8
1845,78,77,1,1
1846,100,102,-2,2
1847,108,98,10,10
1848,73,74,-1,1
1849,151,138,13,13
1850,45,52,-7,7
1851,81,76,5,5
1852,68,70,-2,2
1853,140,143,-3,3
1854,121,112,9,9
1855,88,102,-14,14
1856,42,50,-8,8
1857,76,77,-1,1
1858,89,84,5,5
1859,61,64,-3,3
1860,98,88,10,10
1861,78,85,-7,7
1862,54,61,-7,7
1863,128,143,-15,15
1864,160,150,10,10
1865,65,69,-4,4
1866,109,102,7,7
1867,149,151,-2,2
1868,112,104,8,8
1869,78,75,3,3
1870,61,61,0,0
1871,82,78,4,4
1872,54,58,-4,4
1873,45,56,-11,11
1874,102,98,4,4
1875,92,94,-2,2
1876,121,118,3,3
1877,119,118,1,1
1878,84,81,3,3
1879,99,101,-2,2
1880,116,117,-1,1
1881,119,113,6,6
1882,157,149,8,8
1883,119,106,13,13
1884,92,85,7,7
1885,60,68,-8,8
1886,101,99,2,2
1887,90,95,-5,5
1888,132,132,0,0
1889,156,142,14,14
1890,101,99,2,2
1891,88,84,4,4
1892,141,113,28,28
1893,56,63,-7,7
1894,85,77,8,8
1895,182,165,17,17
1896,127,112,15,15
1897,76,74,2,2
1898,83,79,4,4
1899,59,64,-5,5
1900,33,45,-12,12
1901,38,46,-8,8
1902,90,82,8,8
1903,87,100,-13,13
1904,81,89,-8,8
1905,123,123,0,0
1906,111,106,5,5
1907,207,210,-3,3
1908,140,134,6,6
1909,90,87,3,3
1910,67,72,-5,5
1911,102,132,-30,30
1912,65,68,-3,3
1913,81,87,-6,6
1914,75,74,1,1
1915,93,97,-4,4
1916,87,102,-15,15
1917,183,158,25,25
1918,95,96,-1,1
1919,200,190,10,10
1920,95,96,-1,1
1921,199,176,23,23
1922,87,84,3,3
1923,56,58,-2,2
1924,55,70,-15,15
1925,90,97,-7,7
1926,64,73,-9,9
1927,57,60,-3,3
1928,179,183,-4,4
1929,78,76,2,2
1930,54,60,-6,6
1931,112,103,9,9
1932,69,85,-16,16
1933,73,79,-6,6
1934,64,68,-4,4
1935,65,73,-8,8
1936,63,67,-4,4
1937,159,142,17,17
1938,71,74,-3,3
1939,90,87,3,3
1940,116,111,5,5
1941,110,104,6,6
1942,80,84,-4,4
1943,116,121,-5,5
1944,101,104,-3,3
1945,145,136,9,9
1946,144,139,5,5
1947,163,142,21,21
1948,115,123,-8,8
1949,115,122,-7,7
1950,102,108,-6,6
1951,105,95,10,10
1952,61,62,-1,1
1953,74,76,-2,2
1954,88,88,0,0
1955,86,79,7,7
1956,98,97,1,1
1957,113,108,5,5
1958,82,72,10,10
1959,124,109,15,15
1960,76,72,4,4
1961,137,133,4,4
1962,88,99,-11,11
1963,130,123,7,7
1964,75,70,5,5
1965,97,85,12,12
1966,114,118,-4,4
1967,92,91,1,1
1968,106,106,0,0
1969,89,93,-4,4
1970,72,91,-19,19
1971,92,92,0,0
1972,66,68,-2,2
1973,26,35,-9,9
1974,106,99,7,7
1975,82,88,-6,6
1976,112,113,-1,1
1977,94,88,6,6
1978,106,103,3,3
1979,114,105,9,9
1980,85,97,-12,12
1981,144,143,1,1
1982,137,122,15,15
1983,56,66,-10,10
1984,62,55,7,7
1985,65,71,-6,6
1986,71,76,-5,5
1987,78,87,-9,9
1988,66,62,4,4
1989,106,109,-3,3
1990,74,101,-27,27
1991,46,119,-73,73
1992,140,125,15,15
1993,129,124,5,5
1994,83,86,-3,3
1995,81,86,-5,5
1996,49,54,-5,5
1997,124,118,6,6
1998,42,45,-3,3
1999,89,87,2,2
2000,101,95,6,6
2001,184,190,-6,6
2002,113,109,4,4
2003,212,191,21,21
2004,120,109,11,11
2005,95,97,-2,2
2006,120,116,4,4
2007,97,94,3,3
2008,72,73,-1,1
2009,80,71,9,9
2010,87,98,-11,11
2011,100,98,2,2
2012,185,172,13,13
2013,90,91,-1,1
2014,77,78,-1,1
2015,67,72,-5,5
2016,63,68,-5,5
2017,74,76,-2,2
2018,104,97,7,7
2019,129,125,4,4
2020,73,72,1,1
2021,128,121,7,7
2022,64,68,-4,4
2023,88,80,8,8
2024,47,58,-11,11
2025,68,67,1,1
2026,75,71,4,4
2027,75,74,1,1
2028,80,85,-5,5
2029,61,67,-6,6
2030,74,75,-1,1
2031,79,84,-5,5
2032,62,70,-8,8
2033,121,124,-3,3
2034,77,77,0,0
2035,104,108,-4,4
2036,116,112,4,4
2037,61,75,-14,14
2038,86,84,2,2
2039,83,95,-12,12
2040,119,113,6,6
2041,109,113,-4,4
2042,83,95,-12,12
2043,66,73,-7,7
2044,112,112,0,0
2045,110,111,-1,1
2046,115,121,-6,6
2047,97,97,0,0
2048,115,113,2,2
2049,78,84,-6,6
2050,58,61,-3,3
2051,98,101,-3,3
2052,104,98,6,6
2053,109,101,8,8
2054,143,130,13,13
2055,98,97,1,1
2056,56,65,-9,9
2057,61,66,-5,5
2058,86,81,5,5
2059,73,72,1,1
2060,101,98,3,3
2061,165,148,17,17
2062,64,60,4,4
2063,62,64,-2,2
2064,68,67,1,1
2065,101,103,-2,2
2066,72,79,-7,7
2067,56,60,-4,4
2068,109,101,8,8
2069,63,61,2,2
2070,48,55,-7,7
2071,134,129,5,5
2072,91,99,-8,8
2073,80,85,-5,5
2074,112,108,4,4
2075,49,55,-6,6
2076,91,86,5,5
2077,75,84,-9,9
2078,86,75,11,11
2079,142,126,16,16
2080,79,74,5,5
2081,122,125,-3,3
2082,139,133,6,6
2083,79,71,8,8
2084,184,162,22,22
2085,134,157,-23,23
2086,99,94,5,5
2087,59,69,-10,10
2088,77,83,-6,6
2089,84,84,0,0
2090,116,117,-1,1
2091,41,47,-6,6
2092,70,71,-1,1
2093,39,48,-9,9
2094,82,85,-3,3
2095,58,61,-3,3
2096,166,150,16,16
2097,71,73,-2,2
2098,119,113,6,6
2099,92,98,-6,6
2100,116,114,2,2
2101,121,110,11,11
2102,106,102,4,4
2103,82,82,0,0
2104,137,133,4,4
2105,113,118,-5,5
2106,84,90,-6,6
2107,136,123,13,13
2108,57,63,-6,6
2109,142,130,12,12
2110,55,55,0,0
2111,82,80,2,2
2112,208,186,22,22
2113,101,88,13,13
2114,156,156,0,0
2115,175,153,22,22
2116,137,115,22,22
2117,105,115,-10,10
2118,84,88,-4,4
2119,78,85,-7,7
2120,115,103,12,12
2121,74,74,0,0
2122,67,68,-1,1
2123,46,54,-8,8
2124,123,117,6,6
2125,68,67,1,1
2126,110,112,-2,2
2127,95,92,3,3
2128,77,85,-8,8
2129,86,95,-9,9
2130,62,62,0,0
2131,91,84,7,7
2132,76,76,0,0
2133,92,77,15,15
2134,98,91,7,7
2135,108,103,5,5
2136,142,135,7,7
2137,111,80,31,31
2138,96,99,-3,3
2139,86,86,0,0
2140,138,130,8,8
2141,89,94,-5,5
2142,149,126,23,23
2143,82,85,-3,3
2144,135,132,3,3
2145,94,91,3,3
2146,79,78,1,1
2147,84,84,0,0
2148,44,82,-38,38
2149,46,63,-17,17
2150,96,94,2,2
2151,114,109,5,5
2152,57,60,-3,3
2153,79,76,3,3
2154,78,92,-14,14
2155,117,133,-16,16
2156,98,90,8,8
2157,57,58,-1,1
2158,99,92,7,7
2159,97,91,6,6
2160,98,92,6,6
2161,70,68,2,2
2162,102,107,-5,5
2163,82,85,-3,3
2164,81,83,-2,2
2165,69,71,-2,2
2166,66,64,2,2
2167,97,86,11,11
2168,86,88,-2,2
2169,58,59,-1,1
2170,83,92,-9,9
2171,78,77,1,1
2172,64,62,2,2
2173,127,98,29,29
2174,73,64,9,9
2175,70,83,-13,13
2176,93,95,-2,2
2177,116,113,3,3
2178,103,91,12,12
2179,44,50,-6,6
2180,84,96,-12,12
2181,116,98,18,18
2182,102,111,-9,9
2183,56,55,1,1
2184,117,112,5,5
2185,111,112,-1,1
2186,82,91,-9,9
2187,115,108,7,7
2188,96,103,-7,7
2189,137,111,26,26
2190,111,112,-1,1
2191,63,68,-5,5
2192,65,65,0,0
2193,57,58,-1,1
2194,82,72,10,10
2195,64,85,-21,21
2196,100,97,3,3
2197,68,66,2,2
2198,57,64,-7,7
2199,76,70,6,6
2200,138,130,8,8
2201,61,71,-10,10
2202,80,88,-8,8
2203,98,101,-3,3
2204,137,135,2,2
2205,101,95,6,6
2206,122,121,1,1
2207,75,84,-9,9
2208,118,113,5,5
2209,87,91,-4,4
2210,116,111,5,5
2211,97,98,-1,1
2212,147,157,-10,10
2213,74,71,3,3
2214,55,63,-8,8
2215,110,100,10,10
2216,93,93,0,0
2217,64,74,-10,10
2218,105,112,-7,7
2219,70,100,-30,30
2220,92,87,5,5
2221,63,67,-4,4
2222,93,92,1,1
2223,60,63,-3,3
2224,82,85,-3,3
2225,108,103,5,5
2226,118,112,6,6
2227,167,159,8,8
2228,112,110,2,2
2229,85,83,2,2
2230,77,93,-16,16
2231,105,106,-1,1
2232,144,140,4,4
2233,159,152,7,7
2234,68,69,-1,1
2235,42,46,-4,4
2236,111,128,-17,17
2237,67,78,-11,11
2238,135,125,10,10
2239,45,56,-11,11
2240,79,75,4,4
2241,117,116,1,1
2242,94,92,2,2
2243,44,67,-23,23
2244,94,101,-7,7
2245,140,125,15,15
2246,98,93,5,5
2247,66,70,-4,4
2248,63,70,-7,7
2249,65,73,-8,8
2250,104,107,-3,3
2251,92,97,-5,5
2252,86,89,-3,3
2253,81,83,-2,2
2254,77,90,-13,13
2255,78,79,-1,1
2256,48,58,-10,10
2257,39,45,-6,6
2258,47,47,0,0
2259,94,104,-10,10
2260,161,149,12,12
2261,72,65,7,7
2262,35,46,-11,11
2263,89,100,-11,11
2264,69,93,-24,24
2265,102,109,-7,7
2266,79,99,-20,20
2267,107,98,9,9
2268,111,124,-13,13
2269,95,99,-4,4
2270,102,103,-1,1
2271,89,95,-6,6
2272,65,63,2,2
2273,108,104,4,4
2274,57,69,-12,12
2275,103,100,3,3
2276,151,122,29,29
2277,184,159,25,25
2278,78,76,2,2
2279,185,151,34,34
2280,63,71,-8,8
2281,131,131,0,0
2282,155,134,21,21
2283,87,84,3,3
2284,136,131,5,5
2285,104,105,-1,1
2286,54,57,-3,3
2287,107,108,-1,1
2288,64,64,0,0
2289,68,72,-4,4
2290,90,93,-3,3
2291,65,74,-9,9
2292,86,94,-8,8
2293,78,78,0,0
2294,72,68,4,4
2295,50,62,-12,12
2296,107,105,2,2
2297,101,204,-103,103
2298,104,101,3,3
2299,47,53,-6,6
2300,87,86,1,1
2301,102,105,-3,3
2302,103,96,7,7
2303,62,60,2,2
2304,57,62,-5,5
2305,68,73,-5,5
2306,109,111,-2,2
2307,80,89,-9,9
2308,76,82,-6,6
2309,97,99,-2,2
2310,83,79,4,4
2311,116,112,4,4
2312,72,69,3,3
2313,49,60,-11,11
2314,108,111,-3,3
2315,106,96,10,10
2316,135,122,13,13
2317,115,115,0,0
2318,111,101,10,10
2319,95,87,8,8
2320,56,68,-12,12
2321,154,132,22,22
2322,106,105,1,1
2323,71,73,-2,2
2324,92,85,7,7
2325,96,86,10,10
2326,75,78,-3,3
2327,127,112,15,15
2328,66,71,-5,5
2329,78,78,0,0
2330,148,142,6,6
2331,95,94,1,1
2332,145,122,23,23
2333,80,85,-5,5
2334,48,51,-3,3
2335,73,83,-10,10
2336,128,132,-4,4
2337,38,50,-12,12
2338,180,169,11,11
2339,63,67,-4,4
2340,60,63,-3,3
2341,149,144,5,5
2342,97,100,-3,3
2343,57,64,-7,7
2344,158,139,19,19
2345,85,89,-4,4
2346,83,76,7,7
2347,145,133,12,12
2348,76,77,-1,1
2349,107,102,5,5
2350,177,162,15,15
2351,106,96,10,10
2352,73,76,-3,3
2353,43,52,-9,9
2354,141,121,20,20
2355,100,105,-5,5
2356,81,101,-20,20
2357,267,189,78,78
2358,69,73,-4,4
2359,114,113,1,1
2360,110,109,1,1
2361,107,109,-2,2
2362,95,88,7,7
2363,92,87,5,5
2364,166,144,22,22
2365,83,88,-5,5
2366,140,124,16,16
2367,102,97,5,5
2368,82,89,-7,7
2369,88,94,-6,6
2370,129,112,17,17
2371,171,171,0,0
2372,53,55,-2,2
2373,139,118,21,21
2374,131,116,15,15
2375,137,124,13,13
2376,65,68,-3,3
2377,83,85,-2,2
2378,191,177,14,14
2379,65,63,2,2
2380,197,182,15,15
2381,101,99,2,2
2382,147,141,6,6
2383,159,151,8,8
2384,46,52,-6,6
2385,151,141,10,10
2386,104,97,7,7
2387,132,130,2,2
2388,67,68,-1,1
2389,80,77,3,3
2390,198,180,18,18
2391,116,130,-14,14
2392,72,109,-37,37
2393,152,135,17,17
2394,63,75,-12,12
2395,61,66,-5,5
2396,112,107,5,5
2397,96,86,10,10
2398,90,86,4,4
2399,118,117,1,1
2400,102,106,-4,4
2401,65,67,-2,2
2402,93,97,-4,4
2403,64,64,0,0
2404,88,114,-26,26
2405,116,112,4,4
2406,94,104,-10,10
2407,96,104,-8,8
2408,83,99,-16,16
2409,125,124,1,1
2410,71,67,4,4
2411,147,150,-3,3
2412,117,118,-1,1
2413,125,118,7,7
2414,65,63,2,2
2415,69,76,-7,7
2416,72,75,-3,3
2417,80,86,-6,6
2418,73,72,1,1
2419,62,66,-4,4
2420,126,121,5,5
2421,56,61,-5,5
2422,90,96,-6,6
2423,95,100,-5,5
2424,67,70,-3,3
2425,37,46,-9,9
2426,128,118,10,10
2427,63,61,2,2
2428,32,49,-17,17
2429,63,60,3,3
2430,42,58,-16,16
2431,90,95,-5,5
2432,58,63,-5,5
2433,159,136,23,23
2434,114,122,-8,8
2435,76,74,2,2
2436,71,73,-2,2
2437,91,92,-1,1
2438,144,128,16,16
2439,71,69,2,2
2440,70,75,-5,5
2441,109,111,-2,2
2442,86,87,-1,1
2443,114,114,0,0
2444,66,61,5,5
2445,92,86,6,6
2446,71,70,1,1
2447,92,89,3,3
2448,137,145,-8,8
2449,73,85,-12,12
2450,73,72,1,1
2451,101,94,7,7
2452,119,112,7,7
2453,97,98,-1,1
2454,110,101,9,9
2455,69,68,1,1
2456,81,77,4,4
2457,67,72,-5,5
2458,139,128,11,11
2459,88,88,0,0
2460,114,110,4,4
2461,64,63,1,1
2462,86,85,1,1
2463,122,114,8,8
2464,122,113,9,9
2465,94,88,6,6
2466,128,126,2,2
2467,83,81,2,2
2468,92,93,-1,1
2469,175,165,10,10
2470,141,138,3,3
2471,72,77,-5,5
2472,135,139,-4,4
2473,84,81,3,3
2474,123,116,7,7
2475,113,113,0,0
2476,135,124,11,11
2477,83,85,-2,2
2478,58,66,-8,8
2479,146,141,5,5
2480,123,120,3,3
2481,50,54,-4,4
2482,67,78,-11,11
2483,80,87,-7,7
2484,136,128,8,8
2485,165,151,14,14
2486,84,76,8,8
2487,107,101,6,6
2488,151,146,5,5
2489,111,111,0,0
2490,51,60,-9,9
2491,78,84,-6,6
2492,145,121,24,24
2493,54,61,-7,7
2494,86,84,2,2
2495,93,92,1,1
2496,117,107,10,10
2497,52,57,-5,5
2498,84,92,-8,8
2499,196,188,8,8
2500,70,63,7,7
2501,166,159,7,7
2502,103,91,12,12
2503,67,79,-12,12
2504,54,56,-2,2
2505,91,90,1,1
2506,124,124,0,0
2507,80,77,3,3
2508,111,111,0,0
2509,108,97,11,11
2510,134,131,3,3
2511,98,97,1,1
2512,64,83,-19,19
2513,73,75,-2,2
2514,94,97,-3,3
2515,61,75,-14,14
2516,90,96,-6,6
2517,102,98,4,4
2518,150,138,12,12
2519,97,101,-4,4
2520,76,74,2,2
2521,58,61,-3,3
2522,90,77,13,13
2523,70,69,1,1
2524,65,70,-5,5
2525,78,79,-1,1
2526,53,62,-9,9
2527,83,77,6,6
2528,103,66,37,37
2529,74,72,2,2
2530,173,161,12,12
2531,63,69,-6,6
2532,104,101,3,3
2533,96,100,-4,4
2534,110,116,-6,6
2535,83,79,4,4
2536,89,92,-3,3
2537,95,103,-8,8
2538,74,84,-10,10
2539,55,54,1,1
2540,117,112,5,5
2541,32,38,-6,6
2542,64,73,-9,9
2543,103,90,13,13
2544,121,122,-1,1
2545,129,112,17,17
2546,90,97,-7,7
2547,119,141,-22,22
2548,105,97,8,8
2549,78,75,3,3
2550,159,141,18,18
2551,73,77,-4,4
2552,128,122,6,6
2553,149,145,4,4
2554,129,111,18,18
2555,87,94,-7,7
2556,69,75,-6,6
2557,120,115,5,5
2558,57,59,-2,2
2559,107,113,-6,6
2560,56,59,-3,3
2561,128,81,47,47
2562,153,134,19,19
2563,114,120,-6,6
2564,96,100,-4,4
2565,111,105,6,6
2566,130,127,3,3
2567,88,92,-4,4
2568,75,77,-2,2
2569,85,93,-8,8
2570,105,103,2,2
2571,48,53,-5,5
2572,98,96,2,2
2573,62,71,-9,9
2574,142,132,10,10
2575,91,69,22,22
2576,85,86,-1,1
2577,67,67,0,0
2578,116,111,5,5
2579,82,91,-9,9
2580,136,134,2,2
2581,145,122,23,23
2582,76,82,-6,6
2583,46,56,-10,10
2584,112,129,-17,17
2585,119,122,-3,3
2586,75,94,-19,19
2587,58,70,-12,12
2588,90,98,-8,8
2589,106,113,-7,7
2590,117,112,5,5
2591,97,97,0,0
2592,142,146,-4,4
2593,156,145,11,11
2594,136,96,40,40
2595,73,83,-10,10
2596,98,88,10,10
2597,79,86,-7,7
2598,130,127,3,3
2599,114,114,0,0
2600,122,116,6,6
2601,87,81,6,6
2602,136,120,16,16
2603,157,138,19,19
2604,53,59,-6,6
2605,106,101,5,5
2606,62,68,-6,6
2607,87,94,-7,7
2608,75,71,4,4
2609,71,75,-4,4
2610,87,86,1,1
2611,81,81,0,0
2612,110,102,8,8
2613,119,115,4,4
2614,103,99,4,4
2615,65,63,2,2
2616,137,122,15,15
2617,66,76,-10,10
2618,78,75,3,3
2619,93,97,-4,4
2620,117,112,5,5
2621,95,97,-2,2
2622,88,81,7,7
2623,102,91,11,11
2624,49,55,-6,6
2625,82,75,7,7
2626,70,73,-3,3
2627,78,86,-8,8
2628,75,72,3,3
2629,80,81,-1,1
2630,133,124,9,9
2631,82,81,1,1
2632,147,112,35,35
2633,174,159,15,15
2634,65,68,-3,3
2635,95,94,1,1
2636,105,96,9,9
2637,72,71,1,1
2638,78,80,-2,2
2639,137,134,3,3
2640,153,139,14,14
2641,131,144,-13,13
2642,53,59,-6,6
2643,88,79,9,9
2644,74,77,-3,3
2645,62,63,-1,1
2646,97,104,-7,7
2647,121,116,5,5
2648,106,108,-2,2
2649,76,103,-27,27
2650,103,104,-1,1
2651,87,80,7,7
2652,67,66,1,1
2653,68,93,-25,25
2654,123,111,12,12
2655,68,65,3,3
2656,115,112,3,3
2657,116,106,10,10
2658,95,90,5,5
2659,57,65,-8,8
2660,106,100,6,6
2661,85,87,-2,2
2662,106,95,11,11
2663,87,83,4,4
2664,86,88,-2,2
2665,84,87,-3,3
2666,60,61,-1,1
2667,99,104,-5,5
2668,84,111,-27,27
2669,60,63,-3,3
2670,134,115,19,19
2671,130,129,1,1
2672,78,72,6,6
2673,62,66,-4,4
2674,90,77,13,13
2675,105,112,-7,7
2676,104,106,-2,2
2677,102,99,3,3
2678,125,122,3,3
2679,74,66,8,8
2680,100,96,4,4
2681,103,111,-8,8
2682,77,72,5,5
2683,86,86,0,0
2684,97,101,-4,4
2685,81,87,-6,6
2686,88,94,-6,6
2687,52,61,-9,9
2688,59,72,-13,13
2689,89,86,3,3
2690,51,67,-16,16
2691,45,56,-11,11
2692,103,112,-9,9
2693,70,77,-7,7
2694,148,138,10,10
2695,91,98,-7,7
2696,45,50,-5,5
2697,146,145,1,1
2698,119,120,-1,1
2699,107,112,-5,5
2700,170,149,21,21
2701,62,64,-2,2
2702,130,110,20,20
2703,40,59,-19,19
2704,91,87,4,4
2705,61,65,-4,4
2706,72,67,5,5
2707,113,111,2,2
2708,120,100,20,20
2709,52,55,-3,3
2710,43,55,-12,12
2711,63,63,0,0
2712,106,109,-3,3
2713,109,111,-2,2
2714,136,134,2,2
2715,100,99,1,1
2716,58,64,-6,6
2717,64,67,-3,3
2718,135,133,2,2
2719,125,123,2,2
2720,91,107,-16,16
2721,81,87,-6,6
2722,53,57,-4,4
2723,120,112,8,8
2724,96,99,-3,3
2725,42,46,-4,4
2726,122,120,2,2
2727,67,63,4,4
2728,97,90,7,7
2729,65,67,-2,2
2730,86,89,-3,3
2731,72,70,2,2
2732,62,64,-2,2
2733,72,71,1,1
2734,83,75,8,8
2735,129,129,0,0
2736,109,105,4,4
2737,72,87,-15,15
2738,78,81,-3,3
2739,175,174,1,1
2740,125,121,4,4
2741,65,59,6,6
2742,122,115,7,7
2743,79,81,-2,2
2744,35,51,-16,16
2745,86,93,-7,7
2746,120,112,8,8
2747,96,96,0,0
2748,152,145,7,7
2749,114,118,-4,4
2750,94,98,-4,4
2751,67,67,0,0
2752,94,97,-3,3
2753,145,123,22,22
2754,52,59,-7,7
2755,108,108,0,0
2756,86,97,-11,11
2757,91,94,-3,3
2758,132,125,7,7
2759,160,153,7,7
2760,94,82,12,12
2761,136,124,12,12
2762,46,50,-4,4
2763,76,70,6,6
2764,66,73,-7,7
2765,72,73,-1,1
2766,102,102,0,0
2767,77,78,-1,1
2768,56,62,-6,6
2769,139,139,0,0
2770,217,193,24,24
2771,105,104,1,1
2772,86,81,5,5
2773,172,155,17,17
2774,131,128,3,3
2775,141,134,7,7
2776,85,90,-5,5
2777,68,64,4,4
2778,90,93,-3,3
2779,75,76,-1,1
2780,82,84,-2,2
2781,76,72,4,4
2782,92,93,-1,1
2783,76,76,0,0
2784,108,103,5,5
2785,99,95,4,4
2786,65,71,-6,6
2787,101,112,-11,11
2788,196,176,20,20
2789,80,87,-7,7
2790,130,127,3,3
2791,57,72,-15,15
2792,105,97,8,8
2793,83,86,-3,3
2794,75,92,-17,17
2795,37,49,-12,12
2796,92,99,-7,7
2797,70,68,2,2
2798,35,42,-7,7
2799,120,108,12,12
2800,87,75,12,12
2801,56,56,0,0
2802,84,82,2,2
2803,185,168,17,17
2804,95,82,13,13
2805,76,74,2,2
2806,60,63,-3,3
2807,84,85,-1,1
2808,67,68,-1,1
2809,79,81,-2,2
2810,106,99,7,7
2811,121,113,8,8
2812,81,92,-11,11
2813,93,93,0,0
2814,150,139,11,11
2815,104,111,-7,7
2816,95,94,1,1
2817,120,112,8,8
2818,140,140,0,0
2819,106,113,-7,7
2820,92,84,8,8
2821,75,76,-1,1
2822,69,83,-14,14
2823,78,75,3,3
2824,57,63,-6,6
2825,71,68,3,3
2826,110,104,6,6
2827,90,92,-2,2
2828,58,60,-2,2
2829,52,59,-7,7
2830,108,112,-4,4
2831,53,64,-11,11
2832,102,98,4,4
2833,89,95,-6,6
2834,158,143,15,15
2835,81,75,6,6
2836,93,101,-8,8
2837,127,122,5,5
2838,117,112,5,5
2839,105,97,8,8
2840,133,126,7,7
2841,106,97,9,9
2842,149,137,12,12
2843,117,113,4,4
2844,92,91,1,1
2845,74,74,0,0
2846,156,142,14,14
2847,90,91,-1,1
2848,116,117,-1,1
2849,118,113,5,5
2850,109,109,0,0
2851,110,107,3,3
2852,84,93,-9,9
2853,120,106,14,14
2854,145,139,6,6
2855,64,68,-4,4
2856,95,110,-15,15
2857,54,59,-5,5
2858,109,103,6,6
2859,81,84,-3,3
2860,74,78,-4,4
2861,123,127,-4,4
2862,88,83,5,5
2863,153,152,1,1
2864,119,124,-5,5
2865,100,98,2,2
2866,91,89,2,2
2867,85,73,12,12
2868,72,73,-1,1
2869,137,125,12,12
2870,120,143,-23,23
2871,58,63,-5,5
2872,106,102,4,4
2873,100,94,6,6
2874,75,79,-4,4
2875,71,71,0,0
2876,90,84,6,6
2877,56,61,-5,5
2878,109,104,5,5
2879,97,102,-5,5
2880,95,92,3,3
2881,84,77,7,7
2882,64,66,-2,2
2883,79,76,3,3
2884,66,68,-2,2
2885,65,70,-5,5
2886,117,114,3,3
2887,143,136,7,7
2888,65,67,-2,2
2889,80,78,2,2
2890,111,116,-5,5
2891,116,112,4,4
2892,80,127,-47,47
2893,89,93,-4,4
2894,181,161,20,20
2895,95,90,5,5
2896,81,79,2,2
2897,172,147,25,25
2898,137,119,18,18
2899,83,84,-1,1
2900,98,98,0,0
2901,131,119,12,12
2902,75,77,-2,2
2903,160,151,9,9
2904,115,102,13,13
2905,124,127,-3,3
2906,121,112,9,9
2907,113,110,3,3
2908,116,112,4,4
2909,62,68,-6,6
2910,94,89,5,5
2911,92,93,-1,1
2912,144,135,9,9
2913,37,84,-47,47
2914,65,72,-7,7
2915,159,170,-11,11
2916,76,73,3,3
2917,116,113,3,3
2918,79,75,4,4
2919,89,100,-11,11
2920,79,77,2,2
2921,100,106,-6,6
2922,92,88,4,4
2923,90,91,-1,1
2924,53,59,-6,6
2925,97,104,-7,7
2926,148,139,9,9
2927,104,111,-7,7
2928,57,56,1,1
2929,71,72,-1,1
2930,116,126,-10,10
2931,191,178,13,13
2932,122,113,9,9
2933,60,65,-5,5
2934,125,151,-26,26
2935,69,77,-8,8
2936,98,101,-3,3
2937,131,118,13,13
2938,105,111,-6,6
2939,103,96,7,7
2940,60,68,-8,8
2941,67,70,-3,3
2942,118,113,5,5
2943,58,74,-16,16
2944,76,76,0,0
2945,109,99,10,10
2946,72,73,-1,1
2947,87,86,1,1
2948,57,66,-9,9
2949,85,86,-1,1
2950,78,85,-7,7
2951,88,79,9,9
2952,75,70,5,5
2953,124,115,9,9
2954,84,89,-5,5
2955,112,104,8,8
2956,98,93,5,5
2957,152,141,11,11
2958,54,59,-5,5
2959,121,122,-1,1
2960,164,144,20,20
2961,58,63,-5,5
2962,164,158,6,6
2963,47,58,-11,11
2964,163,159,4,4
2965,104,100,4,4
2966,66,72,-6,6
2967,111,111,0,0
2968,60,67,-7,7
2969,45,51,-6,6
2970,98,82,16,16
2971,129,113,16,16
2972,94,93,1,1
2973,100,101,-1,1
2974,88,91,-3,3
2975,79,78,1,1
2976,73,77,-4,4
2977,125,120,5,5
2978,91,96,-5,5
2979,102,107,-5,5
2980,137,131,6,6
2981,186,173,13,13
2982,67,74,-7,7
2983,59,65,-6,6
2984,36,47,-11,11
2985,128,115,13,13
2986,80,77,3,3
2987,102,114,-12,12
2988,137,113,24,24
2989,58,53,5,5
2990,94,98,-4,4
2991,90,81,9,9
2992,110,102,8,8
2993,101,112,-11,11
2994,78,79,-1,1
2995,121,106,15,15
2996,87,82,5,5
2997,81,77,4,4
2998,70,74,-4,4
2999,142,132,10,10
3000,93,97,-4,4
3001,98,87,11,11
3002,125,121,4,4
3003,65,65,0,0
3004,126,122,4,4
3005,77,76,1,1
3006,79,84,-5,5
3007,85,88,-3,3
3008,65,64,1,1
3009,74,83,-9,9
3010,124,125,-1,1
3011,112,101,11,11
3012,99,102,-3,3
3013,73,71,2,2
3014,97,100,-3,3
3015,73,75,-2,2
3016,58,60,-2,2
3017,172,159,13,13
3018,91,85,6,6
3019,67,71,-4,4
3020,100,103,-3,3
3021,110,110,0,0
3022,58,64,-6,6
3023,96,99,-3,3
3024,69,78,-9,9
3025,91,93,-2,2
3026,64,70,-6,6
3027,71,78,-7,7
3028,49,70,-21,21
3029,88,97,-9,9
3030,147,120,27,27
3031,71,69,2,2
3032,117,108,9,9
3033,89,97,-8,8
3034,95,91,4,4
3035,78,80,-2,2
3036,82,95,-13,13
3037,72,75,-3,3
3038,137,116,21,21
3039,122,123,-1,1
3040,115,108,7,7
3041,120,111,9,9
3042,119,123,-4,4
3043,84,85,-1,1
3044,88,84,4,4
3045,60,66,-6,6
3046,115,113,2,2
3047,81,77,4,4
3048,136,140,-4,4
3049,85,93,-8,8
3050,100,108,-8,8
3051,118,120,-2,2
3052,109,102,7,7
3053,61,75,-14,14
3054,105,102,3,3
3055,206,185,21,21
3056,112,112,0,0
3057,83,85,-2,2
3058,181,180,1,1
3059,151,136,15,15
3060,104,103,1,1
3061,83,99,-16,16
3062,109,102,7,7
3063,62,65,-3,3
3064,76,77,-1,1
3065,86,94,-8,8
3066,127,114,13,13
3067,83,83,0,0
3068,122,109,13,13
3069,103,106,-3,3
3070,107,109,-2,2
3071,94,92,2,2
3072,103,92,11,11
3073,72,69,3,3
3074,66,70,-4,4
3075,70,86,-16,16
3076,54,54,0,0
3077,57,70,-13,13
3078,165,157,8,8
3079,125,121,4,4
3080,125,127,-2,2
3081,92,89,3,3
3082,53,51,2,2
3083,106,125,-19,19
3084,95,90,5,5
3085,94,87,7,7
3086,72,77,-5,5
3087,78,79,-1,1
3088,113,112,1,1
3089,106,94,12,12
3090,101,99,2,2
3091,102,112,-10,10
3092,95,92,3,3
3093,69,74,-5,5
3094,74,67,7,7
3095,104,96,8,8
3096,78,83,-5,5
3097,86,89,-3,3
3098,41,47,-6,6
3099,86,87,-1,1
3100,80,75,5,5
3101,182,162,20,20
3102,83,84,-1,1
3103,65,63,2,2
3104,81,75,6,6
3105,159,147,12,12
3106,103,100,3,3
3107,102,94,8,8
3108,60,57,3,3
3109,142,127,15,15
3110,62,65,-3,3
3111,129,120,9,9
3112,79,86,-7,7
3113,87,90,-3,3
3114,127,113,14,14
3115,56,63,-7,7
3116,94,103,-9,9
3117,90,82,8,8
3118,62,71,-9,9
3119,60,69,-9,9
3120,110,128,-18,18
3121,98,102,-4,4
3122,58,65,-7,7
3123,88,87,1,1
3124,35,40,-5,5
3125,138,130,8,8
3126,73,77,-4,4
3127,99,84,15,15
3128,87,84,3,3
3129,69,74,-5,5
3130,102,95,7,7
3131,89,94,-5,5
3132,106,98,8,8
3133,116,113,3,3
3134,69,73,-4,4
3135,75,74,1,1
3136,91,84,7,7
3137,67,71,-4,4
3138,133,138,-5,5
3139,76,83,-7,7
3140,103,95,8,8
3141,71,65,6,6
3142,135,127,8,8
3143,99,104,-5,5
3144,104,100,4,4
3145,146,124,22,22
3146,57,51,6,6
3147,108,113,-5,5
3148,82,78,4,4
3149,106,95,11,11
3150,110,111,-1,1
3151,98,99,-1,1
3152,62,60,2,2
3153,102,100,2,2
3154,130,128,2,2
3155,108,98,10,10
3156,61,66,-5,5
3157,73,86,-13,13
3158,54,57,-3,3
3159,63,60,3,3
3160,140,123,17,17
3161,47,120,-73,73
3162,68,76,-8,8
3163,134,123,11,11
3164,106,102,4,4
3165,72,75,-3,3
3166,107,106,1,1
3167,107,102,5,5
3168,53,56,-3,3
3169,112,104,8,8
3170,124,122,2,2
3171,103,97,6,6
3172,76,84,-8,8
3173,103,101,2,2
3174,92,101,-9,9
3175,40,50,-10,10
3176,79,79,0,0
3177,83,89,-6,6
3178,77,75,2,2
3179,75,75,0,0
3180,63,59,4,4
3181,134,126,8,8
3182,66,69,-3,3
3183,173,165,8,8
3184,100,92,8,8
3185,119,105,14,14
3186,143,136,7,7
3187,61,70,-9,9
3188,59,66,-7,7
3189,91,97,-6,6
3190,61,63,-2,2
3191,127,120,7,7
3192,164,154,10,10
3193,81,78,3,3
3194,136,126,10,10
3195,73,85,-12,12
3196,72,75,-3,3
3197,82,78,4,4
3198,79,82,-3,3
3199,70,74,-4,4
3200,95,93,2,2
3201,63,67,-4,4
3202,67,69,-2,2
3203,127,126,1,1
3204,107,102,5,5
3205,58,61,-3,3
3206,91,96,-5,5
3207,60,59,1,1
3208,94,104,-10,10
3209,90,76,14,14
3210,49,54,-5,5
3211,94,113,-19,19
3212,68,63,5,5
3213,86,77,9,9
3214,107,97,10,10
3215,54,58,-4,4
3216,88,83,5,5
3217,69,75,-6,6
3218,85,83,2,2
3219,99,98,1,1
3220,116,125,-9,9
3221,113,106,7,7
3222,42,58,-16,16
3223,36,43,-7,7
3224,52,60,-8,8
3225,88,81,7,7
3226,62,67,-5,5
3227,87,78,9,9
3228,97,109,-12,12
3229,94,97,-3,3
3230,113,110,3,3
3231,168,144,24,24
3232,107,98,9,9
3233,130,127,3,3
3234,169,154,15,15
3235,84,91,-7,7
3236,151,123,28,28
3237,75,68,7,7
3238,73,71,2,2
3239,64,71,-7,7
3240,144,146,-2,2
3241,86,90,-4,4
3242,91,87,4,4
3243,76,71,5,5
3244,112,113,-1,1
3245,46,67,-21,21
3246,51,52,-1,1
3247,116,104,12,12
3248,106,116,-10,10
3249,63,72,-9,9
3250,115,107,8,8
3251,151,157,-6,6
3252,70,70,0,0
3253,153,147,6,6
3254,66,66,0,0
3255,95,101,-6,6
3256,71,73,-2,2
3257,75,78,-3,3
3258,83,78,5,5
3259,75,70,5,5
3260,111,96,15,15
3261,95,95,0,0
3262,133,114,19,19
3263,56,54,2,2
3264,42,53,-11,11
3265,61,66,-5,5
3266,72,75,-3,3
3267,60,64,-4,4
3268,95,90,5,5
3269,115,124,-9,9
3270,101,108,-7,7
3271,65,70,-5,5
3272,100,109,-9,9
3273,69,74,-5,5
3274,81,78,3,3
3275,82,86,-4,4
3276,107,104,3,3
3277,112,116,-4,4
3278,99,96,3,3
3279,75,75,0,0
3280,161,148,13,13
3281,76,73,3,3
3282,142,137,5,5
3283,111,101,10,10
3284,78,81,-3,3
3285,137,133,4,4
3286,40,46,-6,6
3287,65,67,-2,2
3288,88,92,-4,4
3289,103,90,13,13
3290,143,158,-15,15
3291,37,39,-2,2
3292,65,62,3,3
3293,90,83,7,7
3294,97,82,15,15
3295,107,101,6,6
3296,104,111,-7,7
3297,151,133,18,18
3298,98,97,1,1
3299,91,98,-7,7
3300,90,84,6,6
3301,79,84,-5,5
3302,62,58,4,4
3303,83,79,4,4
3304,102,105,-3,3
3305,92,99,-7,7
3306,48,55,-7,7
3307,103,100,3,3
3308,65,64,1,1
3309,84,85,-1,1
3310,57,63,-6,6
3311,108,112,-4,4
3312,80,79,1,1
3313,66,80,-14,14
3314,106,112,-6,6
3315,52,58,-6,6
3316,107,114,-7,7
3317,107,99,8,8
3318,57,63,-6,6
3319,137,131,6,6
3320,69,68,1,1
3321,90,84,6,6
3322,65,72,-7,7
3323,49,54,-5,5
3324,153,142,11,11
3325,119,113,6,6
3326,75,77,-2,2
3327,160,144,16,16
3328,140,136,4,4
3329,146,147,-1,1
3330,104,89,15,15
3331,94,94,0,0
3332,60,57,3,3
3333,118,105,13,13
3334,71,73,-2,2
3335,66,68,-2,2
3336,183,161,22,22
3337,103,93,10,10
3338,119,112,7,7
3339,107,119,-12,12
3340,92,89,3,3
3341,89,95,-6,6
3342,116,106,10,10
3343,84,82,2,2
3344,118,122,-4,4
3345,52,59,-7,7
3346,75,81,-6,6
3347,163,153,10,10
3348,96,96,0,0
3349,104,112,-8,8
3350,135,139,-4,4
3351,78,78,0,0
3352,127,114,13,13
3353,96,96,0,0
3354,123,108,15,15
3355,119,110,9,9
3356,83,88,-5,5
3357,107,109,-2,2
3358,96,84,12,12
3359,105,101,4,4
3360,142,119,23,23
3361,67,75,-8,8
3362,67,75,-8,8
3363,126,117,9,9
3364,59,66,-7,7
3365,59,63,-4,4
3366,74,74,0,0
3367,87,89,-2,2
3368,69,73,-4,4
3369,66,67,-1,1
3370,117,103,14,14
3371,186,178,8,8
3372,63,68,-5,5
3373,125,126,-1,1
3374,87,78,9,9
3375,97,98,-1,1
3376,96,86,10,10
3377,49,50,-1,1
3378,105,108,-3,3
3379,48,51,-3,3
3380,111,106,5,5
3381,98,102,-4,4
3382,123,109,14,14
3383,74,66,8,8
3384,55,58,-3,3
3385,124,120,4,4
3386,151,140,11,11
3387,54,56,-2,2
3388,44,51,-7,7
3389,78,86,-8,8
3390,141,141,0,0
3391,85,90,-5,5
3392,40,61,-21,21
3393,77,76,1,1
3394,104,98,6,6
3395,71,66,5,5
3396,94,99,-5,5
3397,98,104,-6,6
3398,56,63,-7,7
3399,64,72,-8,8
3400,107,107,0,0
3401,58,63,-5,5
3402,40,49,-9,9
3403,107,94,13,13
3404,110,105,5,5
3405,124,111,13,13
3406,100,90,10,10
3407,88,94,-6,6
3408,131,110,21,21
3409,93,86,7,7
3410,134,128,6,6
3411,81,93,-12,12
3412,81,88,-7,7
3413,84,90,-6,6
3414,86,85,1,1
3415,152,151,1,1
3416,64,66,-2,2
3417,73,79,-6,6
3418,118,112,6,6
3419,73,71,2,2
3420,88,84,4,4
3421,112,121,-9,9
3422,141,134,7,7
3423,150,148,2,2
3424,105,102,3,3
3425,163,150,13,13
3426,29,41,-12,12
3427,94,92,2,2
3428,67,74,-7,7
3429,98,112,-14,14
3430,89,92,-3,3
3431,106,102,4,4
3432,100,99,1,1
3433,107,95,12,12
3434,64,71,-7,7
3435,45,57,-12,12
3436,77,81,-4,4
3437,144,125,19,19
3438,103,104,-1,1
3439,67,111,-44,44
3440,38,43,-5,5
3441,116,112,4,4
3442,102,100,2,2
3443,119,111,8,8
3444,88,90,-2,2
3445,111,107,4,4
3446,48,54,-6,6
3447,131,112,19,19
3448,86,88,-2,2
3449,76,78,-2,2
3450,80,84,-4,4
3451,99,94,5,5
3452,132,126,6,6
3453,91,102,-11,11
3454,105,104,1,1
3455,159,157,2,2
3456,117,109,8,8
3457,142,144,-2,2
3458,69,67,2,2
3459,79,76,3,3
3460,134,135,-1,1
3461,101,96,5,5
3462,94,91,3,3
3463,97,118,-21,21
3464,112,98,14,14
3465,70,70,0,0
3466,139,129,10,10
3467,120,111,9,9
3468,93,97,-4,4
3469,70,75,-5,5
3470,77,74,3,3
3471,91,91,0,0
3472,57,58,-1,1
3473,75,85,-10,10
3474,64,66,-2,2
3475,88,91,-3,3
3476,90,95,-5,5
3477,82,86,-4,4
3478,54,60,-6,6
3479,101,99,2,2
3480,102,106,-4,4
3481,92,91,1,1
3482,77,77,0,0
3483,76,79,-3,3
3484,109,120,-11,11
3485,48,57,-9,9
3486,86,80,6,6
3487,91,92,-1,1
3488,60,59,1,1
3489,117,112,5,5
3490,121,122,-1,1
3491,129,132,-3,3
3492,90,97,-7,7
3493,106,86,20,20
3494,80,73,7,7
3495,129,111,18,18
3496,65,66,-1,1
3497,48,54,-6,6
3498,104,100,4,4
3499,72,70,2,2
3500,69,69,0,0
3501,115,109,6,6
3502,147,158,-11,11
3503,83,88,-5,5
3504,96,97,-1,1
3505,83,81,2,2
3506,106,103,3,3
3507,83,86,-3,3
3508,94,83,11,11
3509,101,85,16,16
3510,112,112,0,0
3511,56,64,-8,8
3512,106,104,2,2
3513,93,83,10,10
3514,83,91,-8,8
3515,60,65,-5,5
3516,116,117,-1,1
3517,127,112,15,15
3518,65,73,-8,8
3519,134,137,-3,3
3520,45,60,-15,15
3521,74,78,-4,4
3522,107,108,-1,1
3523,97,97,0,0
3524,145,140,5,5
3525,101,104,-3,3
3526,104,91,13,13
3527,90,93,-3,3
3528,98,98,0,0
3529,107,111,-4,4
3530,66,70,-4,4
3531,76,87,-11,11
3532,39,44,-5,5
3533,89,89,0,0
3534,47,53,-6,6
3535,68,83,-15,15
3536,47,53,-6,6
3537,194,162,32,32
3538,107,113,-6,6
3539,155,147,8,8
3540,163,152,11,11
3541,93,82,11,11
3542,124,130,-6,6
3543,28,40,-12,12
3544,101,108,-7,7
3545,70,71,-1,1
3546,61,66,-5,5
3547,92,88,4,4
3548,78,82,-4,4
3549,51,59,-8,8
3550,99,98,1,1
3551,95,94,1,1
3552,137,118,19,19
3553,90,88,2,2
3554,84,93,-9,9
3555,72,78,-6,6
3556,83,90,-7,7
3557,94,94,0,0
3558,86,80,6,6
3559,86,78,8,8
3560,87,90,-3,3
3561,104,112,-8,8
3562,58,63,-5,5
3563,50,66,-16,16
3564,44,51,-7,7
3565,83,85,-2,2
3566,97,93,4,4
3567,146,130,16,16
3568,147,129,18,18
3569,107,102,5,5
3570,117,104,13,13
3571,152,150,2,2
3572,130,113,17,17
3573,157,134,23,23
3574,268,246,22,22
3575,90,84,6,6
3576,101,102,-1,1
3577,73,74,-1,1
3578,120,119,1,1
3579,86,87,-1,1
3580,144,123,21,21
3581,97,94,3,3
3582,93,88,5,5
3583,49,53,-4,4
3584,97,99,-2,2
3585,99,90,9,9
3586,63,64,-1,1
3587,135,125,10,10
3588,66,69,-3,3
3589,71,70,1,1
3590,74,73,1,1
3591,160,143,17,17
3592,52,61,-9,9
3593,84,77,7,7
3594,127,130,-3,3
3595,82,79,3,3
3596,80,84,-4,4
3597,108,110,-2,2
3598,104,109,-5,5
3599,106,97,9,9
3600,154,143,11,11
3601,54,60,-6,6
3602,91,100,-9,9
3603,115,127,-12,12
3604,98,102,-4,4
3605,117,119,-2,2
3606,46,55,-9,9
3607,93,97,-4,4
3608,50,55,-5,5
3609,110,141,-31,31
3610,101,98,3,3
3611,121,117,4,4
3612,129,132,-3,3
3613,123,111,12,12
3614,55,66,-11,11
3615,97,84,13,13
3616,102,99,3,3
3617,127,132,-5,5
3618,66,70,-4,4
3619,75,77,-2,2
3620,125,130,-5,5
3621,75,72,3,3
3622,137,139,-2,2
3623,76,74,2,2
3624,80,67,13,13
3625,93,94,-1,1
3626,213,208,5,5
3627,73,73,0,0
3628,99,97,2,2
3629,152,142,10,10
3630,110,112,-2,2
3631,53,62,-9,9
3632,83,81,2,2
3633,94,97,-3,3
3634,60,65,-5,5
3635,150,138,12,12
3636,146,130,16,16
3637,156,163,-7,7
3638,99,97,2,2
3639,66,68,-2,2
3640,85,80,5,5
3641,68,87,-19,19
3642,174,162,12,12
3643,112,98,14,14
3644,102,104,-2,2
3645,96,95,1,1
3646,123,113,10,10
3647,62,69,-7,7
3648,42,51,-9,9
3649,84,78,6,6
3650,99,111,-12,12
3651,96,102,-6,6
3652,94,88,6,6
3653,88,86,2,2
3654,113,104,9,9
3655,136,138,-2,2
3656,51,59,-8,8
3657,82,91,-9,9
3658,103,94,9,9
3659,109,104,5,5
3660,39,51,-12,12
3661,66,62,4,4
3662,68,66,2,2
3663,97,89,8,8
3664,85,84,1,1
3665,123,115,8,8
3666,134,131,3,3
3667,171,159,12,12
3668,88,85,3,3
3669,83,76,7,7
3670,52,60,-8,8
3671,90,89,1,1
3672,75,75,0,0
3673,80,76,4,4
3674,85,78,7,7
3675,113,124,-11,11
3676,85,73,12,12
3677,124,118,6,6
3678,126,117,9,9
3679,136,119,17,17
3680,111,109,2,2
3681,122,112,10,10
3682,84,84,0,0
3683,53,59,-6,6
3684,83,84,-1,1
3685,132,127,5,5
3686,133,132,1,1
3687,96,92,4,4
3688,53,58,-5,5
3689,87,97,-10,10
3690,63,64,-1,1
3691,92,80,12,12
3692,73,81,-8,8
3693,142,130,12,12
3694,93,78,15,15
3695,69,70,-1,1
3696,59,61,-2,2
3697,120,123,-3,3
3698,52,55,-3,3
3699,50,54,-4,4
3700,80,92,-12,12
3701,68,71,-3,3
3702,73,72,1,1
3703,245,204,41,41
3704,147,144,3,3
3705,75,75,0,0
3706,59,67,-8,8
3707,84,82,2,2
3708,92,91,1,1
3709,146,135,11,11
3710,183,178,5,5
3711,64,67,-3,3
3712,101,89,12,12
3713,102,101,1,1
3714,117,112,5,5
3715,178,179,-1,1
3716,143,119,24,24
3717,68,77,-9,9
3718,90,85,5,5
3719,48,51,-3,3
3720,74,75,-1,1
3721,63,61,2,2
3722,74,76,-2,2
3723,83,85,-2,2
3724,89,94,-5,5
3725,112,104,8,8
3726,89,96,-7,7
3727,71,69,2,2
3728,72,75,-3,3
3729,66,67,-1,1
3730,173,167,6,6
3731,139,133,6,6
3732,94,98,-4,4
3733,48,57,-9,9
3734,102,103,-1,1
3735,69,72,-3,3
3736,67,66,1,1
3737,91,91,0,0
3738,109,112,-3,3
3739,39,47,-8,8
3740,146,134,12,12
3741,103,105,-2,2
3742,149,145,4,4
3743,78,72,6,6
3744,78,81,-3,3
3745,76,68,8,8
3746,81,87,-6,6
3747,155,149,6,6
3748,76,79,-3,3
3749,113,107,6,6
3750,87,88,-1,1
3751,81,71,10,10
3752,82,83,-1,1
3753,107,112,-5,5
3754,148,138,10,10
3755,57,68,-11,11
3756,73,74,-1,1
3757,112,103,9,9
3758,48,53,-5,5
3759,77,87,-10,10
3760,142,127,15,15
3761,142,126,16,16
3762,122,118,4,4
3763,67,67,0,0
3764,132,112,20,20
3765,134,146,-12,12
3766,96,85,11,11
3767,70,70,0,0
3768,84,82,2,2
3769,108,99,9,9
3770,159,149,10,10
3771,114,120,-6,6
3772,71,73,-2,2
3773,88,95,-7,7
3774,95,91,4,4
3775,36,43,-7,7
3776,99,100,-1,1
3777,54,59,-5,5
3778,148,129,19,19
3779,75,67,8,8
3780,64,73,-9,9
3781,170,161,9,9
3782,176,156,20,20
3783,143,123,20,20
3784,108,99,9,9
3785,94,164,-70,70
3786,102,112,-10,10
3787,92,98,-6,6
3788,132,128,4,4
3789,84,87,-3,3
3790,152,144,8,8
3791,94,85,9,9
3792,103,103,0,0
3793,122,119,3,3
3794,79,85,-6,6
3795,81,70,11,11
3796,81,85,-4,4
3797,65,63,2,2
3798,90,78,12,12
3799,85,89,-4,4
3800,74,75,-1,1
3801,110,106,4,4
3802,62,72,-10,10
3803,132,129,3,3
3804,94,95,-1,1
3805,77,76,1,1
3806,69,77,-8,8
3807,90,86,4,4
3808,58,63,-5,5
3809,101,103,-2,2
3810,72,78,-6,6
3811,49,66,-17,17
3812,120,120,0,0
3813,60,71,-11,11
3814,140,148,-8,8
3815,53,58,-5,5
3816,66,69,-3,3
3817,60,62,-2,2
3818,103,104,-1,1
3819,92,95,-3,3
3820,158,132,26,26
3821,71,91,-20,20
3822,73,75,-2,2
3823,66,74,-8,8
3824,149,142,7,7
3825,146,136,10,10
3826,68,65,3,3
3827,108,107,1,1
3828,54,63,-9,9
3829,70,71,-1,1
3830,98,98,0,0
3831,112,112,0,0
3832,64,67,-3,3
3833,96,99,-3,3
3834,124,132,-8,8
3835,73,75,-2,2
3836,75,76,-1,1
3837,97,95,2,2
3838,100,100,0,0
3839,153,161,-8,8
3840,145,144,1,1
3841,98,92,6,6
3842,114,102,12,12
3843,111,95,16,16
3844,68,78,-10,10
3845,60,69,-9,9
3846,87,98,-11,11
3847,74,64,10,10
3848,54,61,-7,7
3849,77,76,1,1
3850,63,63,0,0
3851,120,111,9,9
3852,107,95,12,12
3853,75,78,-3,3
3854,96,97,-1,1
3855,50,49,1,1
3856,152,127,25,25
3857,133,125,8,8
3858,140,140,0,0
3859,63,68,-5,5
3860,82,91,-9,9
3861,101,112,-11,11
3862,78,75,3,3
3863,101,94,7,7
3864,74,73,1,1
3865,104,98,6,6
3866,97,98,-1,1
3867,55,69,-14,14
3868,166,155,11,11
3869,110,99,11,11
3870,76,98,-22,22
3871,81,86,-5,5
3872,128,120,8,8
3873,108,103,5,5
3874,68,68,0,0
3875,86,85,1,1
3876,79,81,-2,2
3877,65,67,-2,2
3878,148,140,8,8
3879,165,148,17,17
3880,96,101,-5,5
3881,61,65,-4,4
3882,86,78,8,8
3883,65,69,-4,4
3884,124,130,-6,6
3885,94,89,5,5
3886,55,61,-6,6
3887,71,71,0,0
3888,132,114,18,18
3889,55,62,-7,7
3890,97,108,-11,11
3891,96,102,-6,6
3892,101,99,2,2
3893,100,85,15,15
3894,78,74,4,4
3895,132,135,-3,3
3896,73,76,-3,3
3897,93,81,12,12
3898,51,50,1,1
3899,136,132,4,4
3900,80,73,7,7
3901,159,165,-6,6
3902,151,140,11,11
3903,64,65,-1,1
3904,75,77,-2,2
3905,151,131,20,20
3906,72,78,-6,6
3907,113,96,17,17
3908,88,91,-3,3
3909,93,91,2,2
3910,62,72,-10,10
3911,59,69,-10,10
3912,104,102,2,2
3913,133,124,9,9
3914,66,76,-10,10
3915,90,100,-10,10
3916,98,96,2,2
3917,181,133,48,48
3918,68,64,4,4
3919,81,77,4,4
3920,148,141,7,7
3921,92,85,7,7
3922,109,103,6,6
3923,176,168,8,8
3924,236,208,28,28
3925,112,103,9,9
3926,74,77,-3,3
3927,82,74,8,8
3928,78,77,1,1
3929,83,85,-2,2
3930,89,92,-3,3
3931,95,98,-3,3
3932,177,162,15,15
3933,53,66,-13,13
3934,94,104,-10,10
3935,104,101,3,3
3936,63,66,-3,3
3937,94,91,3,3
3938,95,95,0,0
3939,122,113,9,9
3940,135,124,11,11
3941,170,148,22,22
3942,104,112,-8,8
3943,153,133,20,20
3944,70,97,-27,27
3945,124,113,11,11
3946,81,78,3,3
3947,143,136,7,7
3948,86,98,-12,12
3949,87,84,3,3
3950,92,95,-3,3
3951,111,106,5,5
3952,73,76,-3,3
3953,83,73,10,10
3954,117,112,5,5
3955,92,91,1,1
3956,70,77,-7,7
3957,107,100,7,7
3958,62,68,-6,6
3959,96,95,1,1
3960,93,94,-1,1
3961,50,59,-9,9
3962,61,63,-2,2
3963,118,118,0,0
3964,117,112,5,5
3965,116,106,10,10
3966,183,164,19,19
3967,56,68,-12,12
3968,67,66,1,1
3969,81,76,5,5
3970,117,109,8,8
3971,98,94,4,4
3972,63,62,1,1
3973,62,64,-2,2
3974,84,92,-8,8
3975,156,148,8,8
3976,105,95,10,10
3977,89,80,9,9
3978,132,127,5,5
3979,106,105,1,1
3980,111,110,1,1
3981,150,152,-2,2
3982,95,100,-5,5
3983,20,40,-20,20
3984,99,99,0,0
3985,103,100,3,3
3986,73,89,-16,16
3987,83,79,4,4
3988,69,68,1,1
3989,130,128,2,2
3990,106,103,3,3
3991,104,90,14,14
3992,125,129,-4,4
3993,121,100,21,21
3994,190,182,8,8
3995,116,115,1,1
3996,87,103,-16,16
3997,71,75,-4,4
3998,71,78,-7,7
3999,146,144,2,2
4000,97,96,1,1
4001,98,95,3,3
4002,127,125,2,2
4003,74,75,-1,1
4004,47,54,-7,7
4005,92,91,1,1
4006,82,76,6,6
4007,118,112,6,6
4008,137,114,23,23
4009,101,98,3,3
4010,51,58,-7,7
4011,88,97,-9,9
4012,177,147,30,30
4013,82,78,4,4
4014,90,93,-3,3
4015,99,95,4,4
4016,83,84,-1,1
4017,104,101,3,3
4018,83,76,7,7
4019,57,66,-9,9
4020,155,147,8,8
4021,107,103,4,4
4022,72,76,-4,4
4023,72,67,5,5
4024,102,99,3,3
4025,90,86,4,4
4026,111,102,9,9
4027,123,111,12,12
4028,46,52,-6,6
4029,81,79,2,2
4030,95,81,14,14
4031,125,116,9,9
4032,105,97,8,8
4033,74,73,1,1
4034,166,145,21,21
4035,96,99,-3,3
4036,70,69,1,1
4037,56,56,0,0
4038,66,65,1,1
4039,85,85,0,0
4040,46,52,-6,6
4041,47,67,-20,20
4042,68,75,-7,7
4043,130,122,8,8
4044,141,135,6,6
4045,95,95,0,0
4046,111,99,12,12
4047,50,57,-7,7
4048,111,115,-4,4
4049,100,104,-4,4
4050,72,69,3,3
4051,80,85,-5,5
4052,120,108,12,12
4053,180,161,19,19
4054,39,50,-11,11
4055,103,112,-9,9
4056,95,96,-1,1
4057,146,152,-6,6
4058,110,105,5,5
4059,48,44,4,4
4060,83,100,-17,17
4061,66,81,-15,15
4062,86,93,-7,7
4063,79,78,1,1
4064,113,116,-3,3
4065,114,106,8,8
4066,86,77,9,9
4067,165,156,9,9
4068,69,78,-9,9
4069,124,125,-1,1
4070,103,111,-8,8
4071,76,63,13,13
4072,118,117,1,1
4073,157,145,12,12
4074,107,102,5,5
4075,170,143,27,27
4076,58,62,-4,4
4077,59,64,-5,5
4078,124,113,11,11
4079,142,120,22,22
4080,105,113,-8,8
4081,116,112,4,4
4082,140,135,5,5
4083,92,87,5,5
4084,130,130,0,0
4085,113,110,3,3
4086,129,135,-6,6
4087,73,84,-11,11
4088,100,98,2,2
4089,87,98,-11,11
4090,75,70,5,5
4091,87,92,-5,5
4092,113,98,15,15
4093,64,68,-4,4
4094,83,78,5,5
4095,75,78,-3,3
4096,124,127,-3,3
4097,87,86,1,1
4098,63,68,-5,5
4099,78,76,2,2
4100,86,89,-3,3
4101,104,111,-7,7
4102,95,96,-1,1
4103,119,125,-6,6
4104,99,104,-5,5
4105,54,63,-9,9
4106,73,73,0,0
4107,71,72,-1,1
4108,83,85,-2,2
4109,182,152,30,30
4110,74,86,-12,12
4111,133,126,7,7
4112,80,76,4,4
4113,98,103,-5,5
4114,98,99,-1,1
4115,96,92,4,4
4116,84,72,12,12
4117,199,198,1,1
4118,153,135,18,18
4119,121,131,-10,10
4120,104,113,-9,9
4121,79,84,-5,5
4122,109,95,14,14
4123,74,81,-7,7
4124,48,60,-12,12
4125,127,120,7,7
4126,77,79,-2,2
4127,57,67,-10,10
4128,88,84,4,4
4129,76,69,7,7
4130,120,114,6,6
4131,86,92,-6,6
4132,62,70,-8,8
4133,60,61,-1,1
4134,83,81,2,2
4135,90,92,-2,2
4136,69,71,-2,2
4137,65,69,-4,4
4138,97,95,2,2
4139,107,100,7,7
4140,131,131,0,0
4141,118,109,9,9
4142,107,124,-17,17
4143,72,78,-6,6
4144,153,146,7,7
4145,83,84,-1,1
4146,55,61,-6,6
4147,106,106,0,0
4148,97,103,-6,6
4149,176,163,13,13
4150,139,125,14,14
4151,84,95,-11,11
4152,112,104,8,8
4153,58,68,-10,10
4154,119,115,4,4
4155,75,77,-2,2
4156,155,151,4,4
4157,71,65,6,6
4158,150,129,21,21
4159,94,95,-1,1
4160,54,63,-9,9
4161,70,73,-3,3
4162,125,114,11,11
4163,36,37,-1,1
4164,78,81,-3,3
4165,96,93,3,3
4166,100,97,3,3
4167,106,101,5,5
4168,129,116,13,13
4169,39,48,-9,9
4170,44,52,-8,8
4171,97,94,3,3
4172,80,90,-10,10
4173,52,56,-4,4
4174,102,98,4,4
4175,101,95,6,6
4176,90,90,0,0
4177,151,139,12,12
4178,82,77,5,5
4179,117,112,5,5
4180,63,77,-14,14
4181,135,129,6,6
4182,71,70,1,1
4183,96,105,-9,9
4184,123,117,6,6
4185,75,73,2,2
4186,60,67,-7,7
4187,103,105,-2,2
4188,59,63,-4,4
4189,116,123,-7,7
4190,92,91,1,1
4191,76,67,9,9
4192,53,52,1,1
4193,107,112,-5,5
4194,70,73,-3,3
4195,101,98,3,3
4196,88,84,4,4
4197,84,87,-3,3
4198,26,53,-27,27
4199,107,108,-1,1
4200,121,119,2,2
4201,66,70,-4,4
4202,75,83,-8,8
4203,140,142,-2,2
4204,87,83,4,4
4205,57,57,0,0
4206,100,98,2,2
4207,183,161,22,22
4208,131,126,5,5
4209,98,126,-28,28
4210,70,76,-6,6
4211,80,77,3,3
4212,112,112,0,0
4213,164,164,0,0
4214,112,100,12,12
4215,49,55,-6,6
4216,69,76,-7,7
4217,64,75,-11,11
4218,78,86,-8,8
4219,116,124,-8,8
4220,113,103,10,10
4221,123,120,3,3
4222,101,108,-7,7
4223,100,106,-6,6
4224,84,85,-1,1
4225,114,110,4,4
4226,109,101,8,8
4227,52,54,-2,2
4228,115,105,10,10
4229,106,107,-1,1
4230,93,90,3,3
4231,69,77,-8,8
4232,149,137,12,12
4233,87,85,2,2
4234,103,99,4,4
4235,106,112,-6,6
4236,76,94,-18,18
4237,124,129,-5,5
4238,115,119,-4,4
4239,82,79,3,3
4240,152,153,-1,1
4241,138,131,7,7
4242,196,177,19,19
4243,133,114,19,19
4244,146,139,7,7
4245,105,107,-2,2
4246,92,99,-7,7
4247,71,68,3,3
4248,97,102,-5,5
4249,70,75,-5,5
4250,107,113,-6,6
4251,80,84,-4,4
4252,63,79,-16,16
4253,75,72,3,3
4254,75,76,-1,1
4255,75,77,-2,2
4256,104,94,10,10
4257,152,137,15,15
4258,71,69,2,2
4259,107,101,6,6
4260,161,146,15,15
4261,71,77,-6,6
4262,91,85,6,6
4263,98,92,6,6
4264,108,107,1,1
4265,78,72,6,6
4266,116,114,2,2
4267,108,95,13,13
4268,81,84,-3,3
4269,65,73,-8,8
4270,111,112,-1,1
4271,70,69,1,1
4272,55,60,-5,5
4273,102,98,4,4
4274,102,102,0,0
4275,56,61,-5,5
4276,100,89,11,11
4277,47,50,-3,3
4278,145,134,11,11
4279,108,102,6,6
4280,143,134,9,9
4281,123,120,3,3
4282,172,160,12,12
4283,60,68,-8,8
4284,105,99,6,6
4285,46,54,-8,8
4286,80,70,10,10
4287,114,114,0,0
4288,189,183,6,6
4289,82,75,7,7
4290,126,125,1,1
4291,157,140,17,17
4292,147,165,-18,18
4293,27,63,-36,36
4294,79,77,2,2
4295,75,74,1,1
4296,65,66,-1,1
4297,68,67,1,1
4298,126,121,5,5
4299,133,123,10,10
4300,101,95,6,6
4301,80,79,1,1
4302,103,96,7,7
4303,95,92,3,3
4304,103,106,-3,3
4305,113,111,2,2
4306,42,47,-5,5
4307,85,90,-5,5
4308,82,84,-2,2
4309,104,103,1,1
4310,85,77,8,8
4311,107,85,22,22
4312,78,74,4,4
4313,66,66,0,0
4314,108,105,3,3
4315,90,99,-9,9
4316,88,91,-3,3
4317,59,62,-3,3
4318,79,72,7,7
4319,69,73,-4,4
4320,135,132,3,3
4321,96,110,-14,14
4322,148,139,9,9
4323,31,43,-12,12
4324,65,76,-11,11
4325,86,84,2,2
4326,47,50,-3,3
4327,83,78,5,5
4328,170,174,-4,4
4329,63,66,-3,3
4330,110,107,3,3
4331,182,160,22,22
4332,141,138,3,3
4333,94,98,-4,4
4334,81,83,-2,2
4335,87,91,-4,4
4336,131,125,6,6
4337,117,103,14,14
4338,64,64,0,0
4339,150,162,-12,12
4340,93,97,-4,4
4341,88,88,0,0
4342,90,94,-4,4
4343,86,86,0,0
4344,96,107,-11,11
4345,173,155,18,18
4346,104,101,3,3
4347,44,57,-13,13
4348,81,73,8,8
4349,71,66,5,5
4350,77,66,11,11
4351,82,74,8,8
4352,196,178,18,18
4353,126,120,6,6
4354,100,99,1,1
4355,159,146,13,13
4356,61,71,-10,10
4357,54,59,-5,5
4358,73,71,2,2
4359,73,78,-5,5
4360,88,85,3,3
4361,136,131,5,5
4362,94,97,-3,3
4363,164,171,-7,7
4364,100,101,-1,1
4365,126,116,10,10
4366,50,54,-4,4
4367,79,84,-5,5
4368,94,110,-16,16
4369,110,117,-7,7
4370,144,137,7,7
4371,62,61,1,1
4372,92,96,-4,4
4373,59,65,-6,6
4374,279,235,44,44
4375,149,139,10,10
4376,61,75,-14,14
4377,72,91,-19,19
4378,64,68,-4,4
4379,142,135,7,7
4380,56,59,-3,3
4381,140,142,-2,2
4382,221,193,28,28
4383,111,100,11,11
4384,93,90,3,3
4385,110,108,2,2
4386,83,76,7,7
4387,65,76,-11,11
4388,154,144,10,10
4389,92,93,-1,1
4390,144,130,14,14
4391,102,101,1,1
4392,131,122,9,9
4393,98,94,4,4
4394,104,100,4,4
4395,95,98,-3,3
4396,108,113,-5,5
4397,89,87,2,2
4398,139,144,-5,5
4399,116,107,9,9
4400,58,63,-5,5
4401,140,139,1,1
4402,89,90,-1,1
4403,103,102,1,1
4404,67,81,-14,14
4405,62,65,-3,3
4406,162,157,5,5
4407,77,74,3,3
4408,99,101,-2,2
4409,92,78,14,14
4410,105,104,1,1
4411,99,96,3,3
4412,82,96,-14,14
4413,139,127,12,12
4414,99,95,4,4
4415,82,84,-2,2
4416,95,99,-4,4
4417,101,98,3,3
4418,85,87,-2,2
4419,102,97,5,5
4420,133,131,2,2
4421,76,75,1,1
4422,126,122,4,4
4423,101,99,2,2
4424,119,105,14,14
4425,152,153,-1,1
4426,136,117,19,19
4427,87,88,-1,1
4428,116,108,8,8
4429,60,66,-6,6
4430,96,98,-2,2
4431,76,85,-9,9
4432,128,121,7,7
4433,85,87,-2,2
4434,84,88,-4,4
4435,153,135,18,18
4436,72,67,5,5
4437,73,68,5,5
4438,108,94,14,14
4439,73,71,2,2
4440,94,93,1,1
4441,86,84,2,2
4442,89,84,5,5
4443,56,61,-5,5
4444,195,177,18,18
4445,70,73,-3,3
4446,64,66,-2,2
4447,96,91,5,5
4448,103,108,-5,5
4449,131,121,10,10
4450,93,92,1,1
4451,122,123,-1,1
4452,54,61,-7,7
4453,67,77,-10,10
4454,66,64,2,2
4455,110,112,-2,2
4456,108,104,4,4
4457,119,118,1,1
4458,80,71,9,9
4459,60,67,-7,7
4460,88,85,3,3
4461,123,105,18,18
4462,59,64,-5,5
4463,103,96,7,7
4464,93,93,0,0
4465,90,88,2,2
4466,157,144,13,13
4467,94,91,3,3
4468,79,74,5,5
4469,131,130,1,1
4470,50,58,-8,8
4471,111,106,5,5
4472,106,107,-1,1
4473,104,101,3,3
4474,94,100,-6,6
4475,71,68,3,3
4476,168,147,21,21
4477,102,113,-11,11
4478,58,67,-9,9
4479,49,56,-7,7
4480,96,91,5,5
4481,74,77,-3,3
4482,135,132,3,3
4483,171,155,16,16
4484,70,71,-1,1
4485,118,120,-2,2
4486,90,80,10,10
4487,101,117,-16,16
4488,97,97,0,0
4489,107,99,8,8
4490,87,84,3,3
4491,43,51,-8,8
4492,79,77,2,2
4493,106,97,9,9
4494,39,44,-5,5
4495,178,155,23,23
4496,74,81,-7,7
4497,36,45,-9,9
4498,68,69,-1,1
4499,114,112,2,2
4500,80,84,-4,4
4501,109,121,-12,12
4502,128,118,10,10
4503,87,100,-13,13
4504,110,113,-3,3
4505,100,96,4,4
4506,128,130,-2,2
4507,136,126,10,10
4508,129,124,5,5
4509,122,123,-1,1
4510,102,98,4,4
4511,109,106,3,3
4512,58,67,-9,9
4513,122,115,7,7
4514,90,89,1,1
4515,57,56,1,1
4516,107,104,3,3
4517,168,160,8,8
4518,98,100,-2,2
4519,120,112,8,8
4520,74,75,-1,1
4521,88,84,4,4
4522,96,89,7,7
4523,64,73,-9,9
4524,55,60,-5,5
4525,94,93,1,1
4526,148,131,17,17
4527,92,103,-11,11
4528,95,106,-11,11
4529,110,105,5,5
4530,83,76,7,7
4531,139,127,12,12
4532,108,96,12,12
4533,78,78,0,0
4534,78,81,-3,3
4535,98,96,2,2
4536,104,101,3,3
4537,68,66,2,2
4538,103,105,-2,2
4539,66,59,7,7
4540,100,98,2,2
4541,123,119,4,4
4542,74,77,-3,3
4543,136,122,14,14
4544,47,53,-6,6
4545,92,92,0,0
4546,122,113,9,9
4547,125,125,0,0
4548,122,109,13,13
4549,61,63,-2,2
4550,82,102,-20,20
4551,112,107,5,5
4552,48,43,5,5
4553,146,149,-3,3
4554,67,64,3,3
4555,115,112,3,3
4556,165,165,0,0
4557,87,95,-8,8
4558,40,47,-7,7
4559,55,55,0,0
4560,127,116,11,11
4561,70,72,-2,2
4562,99,103,-4,4
4563,45,55,-10,10
4564,95,92,3,3
4565,80,80,0,0
4566,47,56,-9,9
4567,99,113,-14,14
4568,118,115,3,3
4569,104,105,-1,1
4570,75,76,-1,1
4571,90,89,1,1
4572,82,84,-2,2
4573,163,143,20,20
4574,93,90,3,3
4575,166,172,-6,6
4576,69,75,-6,6
4577,122,133,-11,11
4578,148,145,3,3
4579,56,58,-2,2
4580,66,66,0,0
4581,83,94,-11,11
4582,63,65,-2,2
4583,108,103,5,5
4584,123,104,19,19
4585,161,169,-8,8
4586,83,105,-22,22
4587,49,51,-2,2
4588,78,78,0,0
4589,101,101,0,0
4590,38,44,-6,6
4591,98,95,3,3
4592,174,148,26,26
4593,75,76,-1,1
4594,56,61,-5,5
4595,138,126,12,12
4596,38,42,-4,4
4597,51,57,-6,6
4598,69,66,3,3
4599,98,99,-1,1
4600,87,88,-1,1
4601,88,85,3,3
4602,156,154,2,2
4603,140,132,8,8
4604,92,97,-5,5
4605,49,58,-9,9
4606,82,89,-7,7
4607,217,216,1,1
4608,99,100,-1,1
4609,110,101,9,9
4610,79,84,-5,5
4611,69,66,3,3
4612,87,77,10,10
4613,84,83,1,1
4614,77,72,5,5
4615,78,72,6,6
4616,100,103,-3,3
4617,112,105,7,7
4618,130,123,7,7
4619,137,120,17,17
4620,125,113,12,12
4621,86,89,-3,3
4622,152,140,12,12
4623,96,103,-7,7
4624,111,111,0,0
4625,99,106,-7,7
4626,56,57,-1,1
4627,211,204,7,7
4628,109,114,-5,5
4629,137,130,7,7
4630,74,78,-4,4
4631,120,121,-1,1
4632,81,87,-6,6
4633,71,76,-5,5
4634,88,84,4,4
4635,111,101,10,10
4636,197,184,13,13
4637,85,79,6,6
4638,112,112,0,0
4639,44,66,-22,22
4640,86,89,-3,3
4641,72,84,-12,12
4642,59,65,-6,6
4643,82,98,-16,16
4644,69,69,0,0
4645,91,86,5,5
4646,142,140,2,2
4647,84,68,16,16
4648,81,84,-3,3
4649,101,99,2,2
4650,190,164,26,26
4651,107,101,6,6
4652,119,124,-5,5
4653,77,75,2,2
4654,152,143,9,9
4655,64,58,6,6
4656,77,77,0,0
4657,51,55,-4,4
4658,77,78,-1,1
4659,84,94,-10,10
4660,60,64,-4,4
4661,107,102,5,5
4662,87,99,-12,12
4663,116,126,-10,10
4664,160,139,21,21
4665,116,112,4,4
4666,84,80,4,4
4667,113,118,-5,5
4668,105,106,-1,1
4669,55,53,2,2
4670,91,94,-3,3
4671,113,101,12,12
4672,62,62,0,0
4673,75,76,-1,1
4674,45,52,-7,7
4675,177,158,19,19
4676,131,137,-6,6
4677,112,112,0,0
4678,127,128,-1,1
4679,146,122,24,24
4680,138,134,4,4
4681,93,99,-6,6
4682,65,71,-6,6
4683,168,167,1,1
4684,112,122,-10,10
4685,149,136,13,13
4686,140,141,-1,1
4687,94,97,-3,3
4688,141,132,9,9
4689,75,78,-3,3
4690,134,125,9,9
4691,95,84,11,11
4692,119,103,16,16
4693,95,101,-6,6
4694,65,69,-4,4
4695,95,99,-4,4
4696,97,101,-4,4
4697,132,128,4,4
4698,87,85,2,2
4699,124,118,6,6
4700,115,113,2,2
4701,45,51,-6,6
4702,110,102,8,8
4703,57,63,-6,6
4704,126,101,25,25
4705,50,54,-4,4
4706,132,132,0,0
4707,71,69,2,2
4708,88,83,5,5
4709,91,102,-11,11
4710,79,79,0,0
4711,47,47,0,0
4712,103,110,-7,7
4713,38,46,-8,8
4714,68,63,5,5
4715,130,121,9,9
4716,157,148,9,9
4717,99,98,1,1
4718,62,61,1,1
4719,79,79,0,0
4720,74,75,-1,1
4721,154,137,17,17
4722,36,59,-23,23
4723,81,85,-4,4
4724,69,67,2,2
4725,39,46,-7,7
4726,106,103,3,3
4727,141,128,13,13
4728,71,74,-3,3
4729,108,105,3,3
4730,142,133,9,9
4731,43,52,-9,9
4732,109,113,-4,4
4733,72,73,-1,1
4734,110,103,7,7
4735,84,96,-12,12
4736,88,86,2,2
4737,156,143,13,13
4738,106,112,-6,6
4739,160,154,6,6
4740,105,101,4,4
4741,231,187,44,44
4742,111,102,9,9
4743,53,63,-10,10
4744,124,130,-6,6
4745,105,103,2,2
4746,144,144,0,0
4747,83,91,-8,8
4748,81,84,-3,3
4749,96,96,0,0
4750,143,134,9,9
4751,118,107,11,11
4752,77,78,-1,1
4753,116,112,4,4
4754,116,78,38,38
4755,76,77,-1,1
4756,73,75,-2,2
4757,92,84,8,8
4758,89,83,6,6
4759,58,60,-2,2
4760,70,73,-3,3
4761,134,129,5,5
4762,73,82,-9,9
4763,139,128,11,11
4764,59,66,-7,7
4765,59,64,-5,5
4766,72,75,-3,3
4767,81,81,0,0
4768,96,97,-1,1
4769,190,173,17,17
4770,131,117,14,14
4771,188,181,7,7
4772,141,147,-6,6
4773,103,99,4,4
4774,65,77,-12,12
4775,86,85,1,1
4776,64,68,-4,4
4777,115,119,-4,4
4778,58,68,-10,10
4779,150,140,10,10
4780,70,76,-6,6
4781,91,91,0,0
4782,104,100,4,4
4783,78,79,-1,1
4784,57,60,-3,3
4785,117,106,11,11
4786,82,81,1,1
4787,50,56,-6,6
4788,76,83,-7,7
4789,64,67,-3,3
4790,140,133,7,7
4791,88,95,-7,7
4792,41,46,-5,5
4793,56,69,-13,13
4794,161,161,0,0
4795,107,95,12,12
4796,94,96,-2,2
4797,71,64,7,7
4798,163,143,20,20
4799,99,92,7,7
4800,30,38,-8,8
4801,99,90,9,9
4802,161,137,24,24
4803,82,85,-3,3
4804,92,91,1,1
4805,152,129,23,23
4806,131,110,21,21
4807,99,95,4,4
4808,50,55,-5,5
4809,80,83,-3,3
4810,99,98,1,1
4811,69,70,-1,1
4812,67,76,-9,9
4813,143,119,24,24
4814,68,69,-1,1
4815,65,72,-7,7
4816,94,95,-1,1
4817,55,59,-4,4
4818,94,92,2,2
4819,45,54,-9,9
4820,140,133,7,7
4821,65,65,0,0
4822,62,66,-4,4
4823,94,98,-4,4
4824,129,121,8,8
4825,123,122,1,1
4826,80,81,-1,1
4827,86,81,5,5
4828,112,112,0,0
4829,89,86,3,3
4830,72,71,1,1
4831,65,68,-3,3
4832,90,94,-4,4
4833,71,85,-14,14
4834,107,112,-5,5
4835,140,135,5,5
4836,57,65,-8,8
4837,104,103,1,1
4838,56,64,-8,8
4839,103,102,1,1
4840,104,103,1,1
4841,78,80,-2,2
4842,126,119,7,7
4843,101,95,6,6
4844,85,92,-7,7
4845,72,66,6,6
4846,57,63,-6,6
4847,51,66,-15,15
4848,102,105,-3,3
4849,85,90,-5,5
4850,71,69,2,2
4851,87,83,4,4
4852,74,74,0,0
4853,104,102,2,2
4854,102,103,-1,1
4855,181,161,20,20
4856,130,126,4,4
4857,75,85,-10,10
4858,102,102,0,0
4859,56,68,-12,12
4860,72,76,-4,4
4861,90,97,-7,7
4862,66,74,-8,8
4863,82,81,1,1
4864,139,148,-9,9
4865,97,83,14,14
4866,83,84,-1,1
4867,71,81,-10,10
4868,81,75,6,6
4869,80,72,8,8
4870,152,145,7,7
4871,54,60,-6,6
4872,51,55,-4,4
4873,142,124,18,18
4874,134,136,-2,2
4875,253,260,-7,7
4876,85,102,-17,17
4877,274,234,40,40
4878,180,159,21,21
4879,85,93,-8,8
4880,68,76,-8,8
4881,126,118,8,8
4882,147,133,14,14
4883,67,70,-3,3
4884,58,67,-9,9
4885,146,142,4,4
4886,170,175,-5,5
4887,80,88,-8,8
4888,117,113,4,4
4889,72,72,0,0
4890,52,61,-9,9
4891,92,97,-5,5
4892,88,87,1,1
4893,106,105,1,1
4894,93,91,2,2
4895,151,148,3,3
4896,90,87,3,3
4897,71,72,-1,1
4898,63,67,-4,4
4899,171,147,24,24
4900,83,73,10,10
4901,125,114,11,11
4902,123,112,11,11
4903,119,113,6,6
4904,100,96,4,4
4905,97,106,-9,9
4906,82,75,7,7
4907,104,109,-5,5
4908,84,84,0,0
4909,133,129,4,4
4910,66,69,-3,3
4911,328,281,47,47
4912,66,67,-1,1
4913,129,119,10,10
4914,60,63,-3,3
4915,107,119,-12,12
4916,88,83,5,5
4917,92,108,-16,16
4918,97,84,13,13
4919,95,97,-2,2
4920,176,153,23,23
4921,93,94,-1,1
4922,124,125,-1,1
4923,80,77,3,3
4924,117,112,5,5
4925,92,84,8,8
4926,137,112,25,25
4927,160,151,9,9
4928,114,108,6,6
4929,78,72,6,6
4930,73,77,-4,4
4931,62,62,0,0
4932,85,89,-4,4
4933,52,61,-9,9
4934,53,59,-6,6
4935,98,76,22,22
4936,92,95,-3,3
4937,100,100,0,0
4938,114,112,2,2
4939,139,137,2,2
4940,76,77,-1,1
4941,119,112,7,7
4942,41,51,-10,10
4943,53,52,1,1
4944,268,255,13,13
4945,66,67,-1,1
4946,130,115,15,15
4947,115,113,2,2
4948,157,155,2,2
4949,50,61,-11,11
4950,75,74,1,1
4951,79,74,5,5
4952,85,85,0,0
4953,42,68,-26,26
4954,85,79,6,6
4955,95,96,-1,1
4956,72,80,-8,8
4957,90,100,-10,10
4958,81,79,2,2
4959,109,112,-3,3
4960,146,149,-3,3
4961,131,119,12,12
4962,138,125,13,13
4963,32,46,-14,14
4964,86,87,-1,1
4965,76,80,-4,4
4966,73,83,-10,10
4967,132,126,6,6
4968,136,133,3,3
4969,36,47,-11,11
4970,40,52,-12,12
4971,62,63,-1,1
4972,99,102,-3,3
4973,63,74,-11,11
4974,90,82,8,8
4975,63,78,-15,15
4976,63,69,-6,6
4977,73,85,-12,12
4978,73,76,-3,3
4979,120,121,-1,1
4980,161,148,13,13
4981,74,72,2,2
4982,74,71,3,3
4983,49,58,-9,9
4984,157,139,18,18
4985,123,115,8,8
4986,91,85,6,6
4987,115,100,15,15
4988,85,87,-2,2
4989,66,68,-2,2
4990,102,97,5,5
4991,98,97,1,1
4992,100,95,5,5
4993,105,117,-12,12
4994,84,93,-9,9
4995,95,88,7,7
4996,108,97,11,11
4997,62,62,0,0
4998,116,115,1,1
4999,79,73,6,6
5000,73,69,4,4
5001,50,61,-11,11
5002,97,92,5,5
5003,145,128,17,17
5004,152,134,18,18
5005,134,125,9,9
5006,110,101,9,9
5007,114,111,3,3
5008,72,66,6,6
5009,113,106,7,7
5010,58,67,-9,9
5011,50,52,-2,2
5012,29,35,-6,6
5013,71,70,1,1
5014,90,94,-4,4
5015,140,132,8,8
5016,123,115,8,8
5017,131,125,6,6
5018,50,54,-4,4
5019,82,81,1,1
5020,77,85,-8,8
5021,98,90,8,8
5022,83,73,10,10
5023,88,79,9,9
5024,122,109,13,13
5025,87,84,3,3
5026,107,105,2,2
5027,75,80,-5,5
5028,89,93,-4,4
5029,124,123,1,1
5030,105,103,2,2
5031,62,62,0,0
5032,125,113,12,12
5033,94,93,1,1
5034,91,96,-5,5
5035,74,87,-13,13
5036,82,96,-14,14
5037,60,62,-2,2
5038,69,72,-3,3
5039,132,123,9,9
5040,76,76,0,0
5041,169,161,8,8
5042,101,100,1,1
5043,167,158,9,9
5044,79,83,-4,4
5045,78,91,-13,13
5046,61,65,-4,4
5047,137,118,19,19
5048,116,104,12,12
5049,77,85,-8,8
5050,76,76,0,0
5051,157,159,-2,2
5052,90,101,-11,11
5053,79,72,7,7
5054,131,114,17,17
5055,118,109,9,9
5056,110,99,11,11
5057,151,133,18,18
5058,159,153,6,6
5059,95,97,-2,2
5060,78,77,1,1
5061,107,112,-5,5
5062,131,125,6,6
5063,87,93,-6,6
5064,42,50,-8,8
5065,66,71,-5,5
5066,101,99,2,2
5067,140,131,9,9
5068,66,65,1,1
5069,43,51,-8,8
5070,100,98,2,2
5071,120,104,16,16
5072,76,65,11,11
5073,121,126,-5,5
5074,78,78,0,0
5075,121,115,6,6
5076,51,58,-7,7
5077,101,106,-5,5
5078,136,132,4,4
5079,107,113,-6,6
5080,106,106,0,0
5081,116,110,6,6
5082,89,90,-1,1
5083,65,67,-2,2
5084,154,141,13,13
5085,130,119,11,11
5086,98,90,8,8
5087,75,90,-15,15
5088,81,84,-3,3
5089,82,88,-6,6
5090,86,93,-7,7
5091,93,97,-4,4
5092,73,78,-5,5
5093,76,78,-2,2
5094,166,162,4,4
5095,98,97,1,1
5096,120,104,16,16
5097,67,71,-4,4
5098,81,84,-3,3
5099,170,158,12,12
5100,40,54,-14,14
5101,101,98,3,3
5102,80,78,2,2
5103,121,102,19,19
5104,58,59,-1,1
5105,115,104,11,11
5106,63,62,1,1
5107,87,89,-2,2
5108,148,147,1,1
5109,102,101,1,1
5110,79,77,2,2
5111,118,107,11,11
5112,92,94,-2,2
5113,110,110,0,0
5114,131,126,5,5
5115,139,147,-8,8
5116,68,76,-8,8
5117,122,123,-1,1
5118,140,129,11,11
5119,124,115,9,9
5120,103,93,10,10
5121,59,74,-15,15
5122,80,85,-5,5
5123,131,123,8,8
5124,104,97,7,7
5125,155,141,14,14
5126,89,91,-2,2
5127,68,83,-15,15
5128,79,79,0,0
5129,110,106,4,4
5130,54,59,-5,5
5131,121,130,-9,9
5132,101,105,-4,4
5133,109,113,-4,4
5134,100,98,2,2
5135,132,127,5,5
5136,71,76,-5,5
5137,89,90,-1,1
5138,92,92,0,0
5139,91,89,2,2
5140,117,106,11,11
5141,100,99,1,1
5142,118,110,8,8
5143,160,134,26,26
5144,121,111,10,10
5145,88,96,-8,8
5146,152,144,8,8
5147,56,58,-2,2
5148,51,72,-21,21
5149,110,95,15,15
5150,79,78,1,1
5151,68,77,-9,9
5152,52,57,-5,5
5153,129,131,-2,2
5154,81,76,5,5
5155,39,48,-9,9
5156,55,113,-58,58
5157,53,60,-7,7
5158,92,96,-4,4
5159,72,76,-4,4
5160,103,101,2,2
5161,141,126,15,15
5162,82,89,-7,7
5163,69,72,-3,3
5164,168,157,11,11
5165,65,71,-6,6
5166,76,79,-3,3
5167,104,99,5,5
5168,89,90,-1,1
5169,101,104,-3,3
5170,53,62,-9,9
5171,105,98,7,7
5172,90,83,7,7
5173,116,108,8,8
5174,137,125,12,12
5175,126,112,14,14
5176,43,45,-2,2
5177,65,73,-8,8
5178,76,77,-1,1
5179,104,98,6,6
5180,88,81,7,7
5181,75,73,2,2
5182,82,83,-1,1
5183,40,57,-17,17
5184,77,77,0,0
5185,66,68,-2,2
5186,154,135,19,19
5187,86,80,6,6
5188,112,116,-4,4
5189,93,97,-4,4
5190,130,143,-13,13
5191,177,159,18,18
5192,148,135,13,13
5193,80,84,-4,4
5194,58,57,1,1
5195,115,108,7,7
5196,118,109,9,9
5197,66,65,1,1
5198,161,149,12,12
5199,80,85,-5,5
5200,105,101,4,4
5201,56,57,-1,1
5202,66,70,-4,4
5203,93,92,1,1
5204,105,97,8,8
5205,96,93,3,3
5206,62,63,-1,1
5207,68,74,-6,6
5208,83,78,5,5
5209,110,104,6,6
5210,109,111,-2,2
5211,147,134,13,13
5212,68,65,3,3
5213,121,110,11,11
5214,128,133,-5,5
5215,136,135,1,1
5216,110,101,9,9
5217,84,76,8,8
5218,93,92,1,1
5219,68,74,-6,6
5220,88,91,-3,3
5221,89,94,-5,5
5222,134,135,-1,1
5223,128,122,6,6
5224,79,79,0,0
5225,66,68,-2,2
5226,58,56,2,2
5227,58,77,-19,19
5228,69,72,-3,3
5229,56,60,-4,4
5230,85,90,-5,5
5231,73,75,-2,2
5232,97,93,4,4
5233,100,82,18,18
5234,82,69,13,13
5235,65,67,-2,2
5236,90,95,-5,5
5237,66,84,-18,18
5238,58,60,-2,2
5239,62,100,-38,38
5240,50,53,-3,3
5241,84,79,5,5
5242,82,84,-2,2
5243,147,148,-1,1
5244,91,84,7,7
5245,95,94,1,1
5246,121,115,6,6
5247,56,63,-7,7
5248,54,51,3,3
5249,103,101,2,2
5250,86,73,13,13
5251,85,79,6,6
5252,97,82,15,15
5253,92,81,11,11
5254,59,63,-4,4
5255,115,110,5,5
5256,116,112,4,4
5257,101,100,1,1
5258,120,100,20,20
5259,164,145,19,19
5260,55,53,2,2
5261,91,95,-4,4
5262,75,79,-4,4
5263,121,121,0,0
5264,57,62,-5,5
5265,38,55,-17,17
5266,92,84,8,8
5267,67,67,0,0
5268,120,114,6,6
5269,83,80,3,3
5270,138,136,2,2
5271,169,152,17,17
5272,59,68,-9,9
5273,47,57,-10,10
5274,46,50,-4,4
5275,123,128,-5,5
5276,142,136,6,6
5277,80,88,-8,8
5278,31,45,-14,14
5279,128,125,3,3
5280,112,101,11,11
5281,98,103,-5,5
5282,55,60,-5,5
5283,110,98,12,12
5284,91,95,-4,4
5285,112,95,17,17
5286,115,111,4,4
5287,73,71,2,2
5288,106,102,4,4
5289,93,90,3,3
5290,166,162,4,4
5291,128,133,-5,5
5292,112,107,5,5
5293,89,84,5,5
5294,74,74,0,0
5295,106,116,-10,10
5296,72,74,-2,2
5297,78,77,1,1
5298,92,94,-2,2
5299,140,129,11,11
5300,103,98,5,5
5301,102,112,-10,10
5302,63,75,-12,12
5303,169,154,15,15
5304,78,77,1,1
5305,132,122,10,10
5306,50,55,-5,5
5307,127,114,13,13
5308,138,112,26,26
5309,61,58,3,3
5310,87,90,-3,3
5311,109,112,-3,3
5312,77,77,0,0
5313,92,103,-11,11
5314,84,79,5,5
5315,140,123,17,17
5316,79,86,-7,7
5317,87,84,3,3
5318,76,76,0,0
5319,54,56,-2,2
5320,77,88,-11,11
5321,28,62,-34,34
5322,85,72,13,13
5323,41,46,-5,5
5324,78,86,-8,8
5325,117,104,13,13
5326,99,99,0,0
5327,130,123,7,7
5328,58,63,-5,5
5329,76,73,3,3
5330,72,76,-4,4
5331,72,71,1,1
5332,130,112,18,18
5333,85,93,-8,8
5334,74,78,-4,4
5335,117,109,8,8
5336,105,110,-5,5
5337,114,111,3,3
5338,94,93,1,1
5339,127,120,7,7
5340,100,97,3,3
5341,100,100,0,0
5342,114,107,7,7
5343,137,143,-6,6
5344,141,130,11,11
5345,186,170,16,16
5346,49,56,-7,7
5347,71,72,-1,1
5348,144,140,4,4
5349,108,89,19,19
5350,102,93,9,9
5351,129,120,9,9
5352,123,113,10,10
5353,48,55,-7,7
5354,70,69,1,1
5355,81,80,1,1
5356,72,77,-5,5
5357,76,78,-2,2
5358,114,123,-9,9
5359,130,122,8,8
5360,113,119,-6,6
5361,57,62,-5,5
5362,77,77,0,0
5363,117,115,2,2
5364,79,75,4,4
5365,87,93,-6,6
5366,99,98,1,1
5367,211,194,17,17
5368,92,85,7,7
5369,119,112,7,7
5370,54,61,-7,7
5371,111,101,10,10
5372,67,68,-1,1
5373,185,181,4,4
5374,68,78,-10,10
5375,190,164,26,26
5376,124,117,7,7
5377,80,86,-6,6
5378,78,75,3,3
5379,92,105,-13,13
5380,70,69,1,1
5381,51,68,-17,17
5382,89,90,-1,1
5383,82,89,-7,7
5384,83,84,-1,1
5385,204,181,23,23
5386,114,109,5,5
5387,62,64,-2,2
5388,100,89,11,11
5389,143,154,-11,11
5390,89,86,3,3
5391,123,131,-8,8
5392,150,143,7,7
5393,135,111,24,24
5394,114,115,-1,1
5395,94,102,-8,8
5396,158,147,11,11
5397,58,71,-13,13
5398,94,98,-4,4
5399,59,63,-4,4
5400,81,95,-14,14
5401,70,70,0,0
5402,79,78,1,1
5403,49,58,-9,9
5404,85,81,4,4
5405,85,82,3,3
5406,55,58,-3,3
5407,97,99,-2,2
5408,95,96,-1,1
5409,129,123,6,6
5410,53,60,-7,7
5411,109,110,-1,1
5412,92,94,-2,2
5413,122,99,23,23
5414,102,103,-1,1
5415,98,110,-12,12
5416,68,75,-7,7
5417,108,99,9,9
5418,92,88,4,4
5419,95,93,2,2
5420,65,64,1,1
5421,27,37,-10,10
5422,62,66,-4,4
5423,109,104,5,5
5424,72,75,-3,3
5425,58,62,-4,4
5426,121,107,14,14
5427,101,97,4,4
5428,63,68,-5,5
5429,38,41,-3,3
5430,145,135,10,10
5431,103,103,0,0
5432,215,217,-2,2
5433,122,113,9,9
5434,90,97,-7,7
5435,67,68,-1,1
5436,98,101,-3,3
5437,106,113,-7,7
5438,119,119,0,0
5439,93,94,-1,1
5440,48,61,-13,13
5441,87,88,-1,1
5442,108,111,-3,3
5443,72,67,5,5
5444,124,118,6,6
5445,114,112,2,2
5446,43,48,-5,5
5447,109,103,6,6
5448,99,104,-5,5
5449,116,107,9,9
5450,72,91,-19,19
5451,122,129,-7,7
5452,98,100,-2,2
5453,144,151,-7,7
5454,78,71,7,7
5455,70,68,2,2
5456,114,104,10,10
5457,137,134,3,3
5458,113,104,9,9
5459,115,102,13,13
5460,85,85,0,0
5461,63,61,2,2
5462,114,114,0,0
5463,88,89,-1,1
5464,125,110,15,15
5465,116,114,2,2
5466,150,115,35,35
5467,78,76,2,2
5468,75,73,2,2
5469,81,86,-5,5
5470,116,122,-6,6
5471,64,64,0,0
5472,93,95,-2,2
5473,96,89,7,7
5474,147,143,4,4
5475,77,74,3,3
5476,139,136,3,3
5477,64,64,0,0
5478,82,78,4,4
5479,70,69,1,1
5480,142,134,8,8
5481,99,94,5,5
5482,64,67,-3,3
5483,80,90,-10,10
5484,69,66,3,3
5485,64,66,-2,2
5486,99,102,-3,3
5487,120,105,15,15
5488,80,78,2,2
5489,145,142,3,3
5490,161,152,9,9
5491,86,93,-7,7
5492,123,122,1,1
5493,91,89,2,2
5494,147,139,8,8
5495,92,89,3,3
5496,79,84,-5,5
5497,144,129,15,15
5498,72,73,-1,1
5499,91,101,-10,10
5500,162,154,8,8
5501,76,84,-8,8
5502,82,87,-5,5
5503,63,70,-7,7
5504,71,73,-2,2
5505,74,75,-1,1
5506,152,137,15,15
5507,102,103,-1,1
5508,70,67,3,3
5509,46,53,-7,7
5510,85,98,-13,13
5511,81,84,-3,3
5512,85,86,-1,1
5513,108,98,10,10
5514,124,118,6,6
5515,81,85,-4,4
5516,97,124,-27,27
5517,137,130,7,7
5518,125,119,6,6
5519,90,97,-7,7
5520,83,79,4,4
5521,89,90,-1,1
5522,124,112,12,12
5523,101,91,10,10
5524,103,104,-1,1
5525,61,63,-2,2
5526,85,75,10,10
5527,102,104,-2,2
5528,83,97,-14,14
5529,91,97,-6,6
5530,131,107,24,24
5531,150,137,13,13
5532,107,105,2,2
5533,115,114,1,1
5534,126,119,7,7
5535,129,124,5,5
5536,95,91,4,4
5537,143,131,12,12
5538,115,114,1,1
5539,85,85,0,0
5540,164,151,13,13
5541,95,95,0,0
5542,137,143,-6,6
5543,121,112,9,9
5544,83,83,0,0
5545,115,121,-6,6
5546,154,156,-2,2
5547,115,114,1,1
5548,88,83,5,5
5549,116,117,-1,1
5550,119,100,19,19
5551,30,42,-12,12
5552,100,92,8,8
5553,132,134,-2,2
5554,186,169,17,17
5555,82,86,-4,4
5556,176,139,37,37
5557,107,102,5,5
5558,89,84,5,5
5559,94,96,-2,2
5560,51,51,0,0
5561,138,136,2,2
5562,78,78,0,0
5563,59,63,-4,4
5564,58,60,-2,2
5565,67,69,-2,2
5566,79,75,4,4
5567,54,59,-5,5
5568,62,65,-3,3
5569,83,83,0,0
5570,75,81,-6,6
5571,115,112,3,3
5572,114,117,-3,3
5573,126,112,14,14
5574,88,101,-13,13
5575,69,67,2,2
5576,38,58,-20,20
5577,71,69,2,2
5578,66,64,2,2
5579,62,64,-2,2
5580,75,70,5,5
5581,59,61,-2,2
5582,97,101,-4,4
5583,81,95,-14,14
5584,69,83,-14,14
5585,81,77,4,4
5586,101,100,1,1
5587,97,92,5,5
5588,60,73,-13,13
5589,119,112,7,7
5590,113,135,-22,22
5591,130,113,17,17
5592,61,70,-9,9
5593,166,152,14,14
5594,51,59,-8,8
5595,140,131,9,9
5596,109,112,-3,3
5597,115,114,1,1
5598,112,104,8,8
5599,89,90,-1,1
5600,65,68,-3,3
5601,97,98,-1,1
5602,81,93,-12,12
5603,59,62,-3,3
5604,52,56,-4,4
5605,74,85,-11,11
5606,76,78,-2,2
5607,111,77,34,34
5608,112,112,0,0
5609,66,69,-3,3
5610,96,94,2,2
5611,61,66,-5,5
5612,162,143,19,19
5613,120,112,8,8
5614,68,85,-17,17
5615,61,74,-13,13
5616,110,106,4,4
5617,114,120,-6,6
5618,41,48,-7,7
5619,63,59,4,4
5620,77,73,4,4
5621,92,88,4,4
5622,80,75,5,5
5623,40,49,-9,9
5624,56,61,-5,5
5625,72,75,-3,3
5626,123,109,14,14
5627,77,77,0,0
5628,107,108,-1,1
5629,112,108,4,4
5630,72,77,-5,5
5631,99,103,-4,4
5632,118,112,6,6
5633,77,74,3,3
5634,139,132,7,7
5635,84,85,-1,1
5636,62,69,-7,7
5637,100,99,1,1
5638,80,80,0,0
5639,91,96,-5,5
5640,113,106,7,7
5641,45,48,-3,3
5642,71,66,5,5
5643,122,107,15,15
5644,53,58,-5,5
5645,78,92,-14,14
5646,65,62,3,3
5647,40,55,-15,15
5648,136,125,11,11
5649,120,111,9,9
5650,104,112,-8,8
5651,85,84,1,1
5652,89,85,4,4
5653,84,90,-6,6
5654,80,91,-11,11
5655,119,121,-2,2
5656,105,101,4,4
5657,61,72,-11,11
5658,53,64,-11,11
5659,69,76,-7,7
5660,83,83,0,0
5661,122,107,15,15
5662,88,87,1,1
5663,88,83,5,5
5664,104,106,-2,2
5665,94,91,3,3
5666,133,129,4,4
5667,53,51,2,2
5668,73,77,-4,4
5669,92,94,-2,2
5670,92,91,1,1
5671,91,91,0,0
5672,82,86,-4,4
5673,87,91,-4,4
5674,135,126,9,9
5675,126,122,4,4
5676,94,91,3,3
5677,55,58,-3,3
5678,104,98,6,6
5679,127,122,5,5
5680,135,132,3,3
5681,145,124,21,21
5682,99,102,-3,3
5683,96,100,-4,4
5684,103,93,10,10
5685,32,41,-9,9
5686,74,75,-1,1
5687,109,98,11,11
5688,59,65,-6,6
5689,101,98,3,3
5690,69,69,0,0
5691,71,84,-13,13
5692,101,96,5,5
5693,129,130,-1,1
5694,114,112,2,2
5695,73,73,0,0
5696,179,155,24,24
5697,81,83,-2,2
5698,127,114,13,13
5699,129,127,2,2
5700,57,57,0,0
5701,50,58,-8,8
5702,80,68,12,12
5703,116,111,5,5
5704,93,86,7,7
5705,164,135,29,29
5706,43,49,-6,6
5707,96,106,-10,10
5708,88,78,10,10
5709,66,62,4,4
5710,97,100,-3,3
5711,86,89,-3,3
5712,83,93,-10,10
5713,87,88,-1,1
5714,61,67,-6,6
5715,81,86,-5,5
5716,164,155,9,9
5717,138,126,12,12
5718,115,116,-1,1
5719,86,88,-2,2
5720,118,136,-18,18
5721,67,69,-2,2
5722,87,92,-5,5
5723,74,68,6,6
5724,51,55,-4,4
5725,67,66,1,1
5726,84,79,5,5
5727,94,94,0,0
5728,69,71,-2,2
5729,115,117,-2,2
5730,48,52,-4,4
5731,77,74,3,3
5732,81,78,3,3
5733,110,114,-4,4
5734,74,89,-15,15
5735,54,65,-11,11
5736,84,84,0,0
5737,70,76,-6,6
5738,64,68,-4,4
5739,80,88,-8,8
5740,78,74,4,4
5741,83,94,-11,11
5742,81,77,4,4
5743,34,42,-8,8
5744,149,154,-5,5
5745,50,54,-4,4
5746,57,60,-3,3
5747,75,75,0,0
5748,139,122,17,17
5749,48,53,-5,5
5750,61,69,-8,8
5751,96,91,5,5
5752,64,61,3,3
5753,90,92,-2,2
5754,81,82,-1,1
5755,119,126,-7,7
5756,129,124,5,5
5757,111,112,-1,1
5758,79,85,-6,6
5759,107,103,4,4
5760,77,86,-9,9
5761,67,68,-1,1
5762,103,96,7,7
5763,60,62,-2,2
5764,115,113,2,2
5765,62,61,1,1
5766,71,75,-4,4
5767,67,79,-12,12
5768,46,51,-5,5
5769,52,56,-4,4
5770,55,60,-5,5
5771,95,91,4,4
5772,119,102,17,17
5773,156,159,-3,3
5774,89,83,6,6
5775,130,108,22,22
5776,149,139,10,10
5777,53,70,-17,17
5778,103,98,5,5
5779,181,155,26,26
5780,88,89,-1,1
5781,91,89,2,2
5782,79,73,6,6
5783,64,79,-15,15
5784,85,94,-9,9
5785,45,51,-6,6
5786,72,71,1,1
5787,118,112,6,6
5788,54,55,-1,1
5789,98,98,0,0
5790,79,84,-5,5
5791,63,63,0,0
5792,27,40,-13,13
5793,142,135,7,7
5794,67,67,0,0
5795,146,138,8,8
5796,80,88,-8,8
5797,68,82,-14,14
5798,92,99,-7,7
5799,48,54,-6,6
5800,117,100,17,17
5801,98,98,0,0
5802,73,76,-3,3
5803,84,84,0,0
5804,95,93,2,2
5805,120,118,2,2
5806,151,159,-8,8
5807,50,54,-4,4
5808,93,93,0,0
5809,150,145,5,5
5810,65,78,-13,13
5811,76,77,-1,1
5812,69,69,0,0
5813,91,89,2,2
5814,81,84,-3,3
5815,92,91,1,1
5816,127,139,-12,12
5817,100,96,4,4
5818,98,100,-2,2
5819,109,104,5,5
5820,69,75,-6,6
5821,94,100,-6,6
5822,156,138,18,18
5823,82,94,-12,12
5824,62,76,-14,14
5825,56,59,-3,3
5826,44,52,-8,8
5827,134,103,31,31
5828,75,74,1,1
5829,88,92,-4,4
5830,63,72,-9,9
5831,106,105,1,1
5832,121,108,13,13
5833,94,100,-6,6
5834,89,97,-8,8
5835,45,53,-8,8
5836,76,82,-6,6
5837,85,88,-3,3
5838,129,135,-6,6
5839,113,111,2,2
5840,127,121,6,6
5841,129,147,-18,18
5842,92,90,2,2
5843,60,59,1,1
5844,91,79,12,12
5845,90,86,4,4
5846,143,138,5,5
5847,79,78,1,1
5848,118,158,-40,40
5849,65,70,-5,5
5850,88,78,10,10
5851,102,103,-1,1
5852,67,70,-3,3
5853,104,98,6,6
5854,164,159,5,5
5855,145,138,7,7
5856,51,51,0,0
5857,35,43,-8,8
5858,125,119,6,6
5859,78,84,-6,6
5860,110,104,6,6
5861,133,129,4,4
5862,92,94,-2,2
5863,89,95,-6,6
5864,66,68,-2,2
5865,96,98,-2,2
5866,74,72,2,2
5867,21,36,-15,15
5868,52,56,-4,4
5869,49,55,-6,6
5870,133,137,-4,4
5871,56,59,-3,3
5872,48,54,-6,6
5873,53,52,1,1
5874,86,93,-7,7
5875,81,97,-16,16
5876,139,138,1,1
5877,111,121,-10,10
5878,118,122,-4,4
5879,61,65,-4,4
5880,88,96,-8,8
5881,58,61,-3,3
5882,91,84,7,7
5883,110,108,2,2
5884,118,97,21,21
5885,109,99,10,10
5886,52,56,-4,4
5887,69,71,-2,2
5888,144,126,18,18
5889,87,84,3,3
5890,153,127,26,26
5891,49,58,-9,9
5892,106,110,-4,4
5893,85,84,1,1
5894,95,93,2,2
5895,99,98,1,1
5896,154,148,6,6
5897,64,78,-14,14
5898,74,72,2,2
5899,94,88,6,6
5900,83,66,17,17
5901,66,68,-2,2
5902,48,58,-10,10
5903,87,97,-10,10
5904,28,51,-23,23
5905,63,63,0,0
5906,117,112,5,5
5907,169,158,11,11
5908,54,56,-2,2
5909,118,114,4,4
5910,77,74,3,3
5911,87,89,-2,2
5912,259,225,34,34
5913,116,121,-5,5
5914,141,128,13,13
5915,63,73,-10,10
5916,194,170,24,24
5917,58,70,-12,12
5918,117,113,4,4
5919,101,101,0,0
5920,128,123,5,5
5921,99,89,10,10
5922,122,105,17,17
5923,146,139,7,7
5924,117,102,15,15
5925,85,89,-4,4
5926,156,144,12,12
5927,85,84,1,1
5928,149,151,-2,2
5929,62,69,-7,7
5930,133,131,2,2
5931,76,77,-1,1
5932,67,68,-1,1
5933,125,138,-13,13
5934,73,70,3,3
5935,106,98,8,8
5936,98,96,2,2
5937,113,112,1,1
5938,151,146,5,5
5939,91,83,8,8
5940,115,122,-7,7
5941,99,101,-2,2
5942,51,56,-5,5
5943,102,113,-11,11
5944,123,114,9,9
5945,71,69,2,2
5946,116,113,3,3
5947,118,113,5,5
5948,151,159,-8,8
5949,93,81,12,12
5950,77,78,-1,1
5951,52,53,-1,1
5952,88,86,2,2
5953,56,59,-3,3
5954,152,159,-7,7
5955,129,130,-1,1
5956,75,85,-10,10
5957,98,98,0,0
5958,149,145,4,4
5959,73,72,1,1
5960,96,111,-15,15
5961,145,144,1,1
5962,88,82,6,6
5963,159,140,19,19
5964,178,160,18,18
5965,81,89,-8,8
5966,142,128,14,14
5967,97,91,6,6
5968,145,141,4,4
5969,91,90,1,1
5970,85,71,14,14
5971,87,77,10,10
5972,90,83,7,7
5973,68,70,-2,2
5974,94,88,6,6
5975,101,97,4,4
5976,92,79,13,13
5977,71,76,-5,5
5978,113,112,1,1
5979,102,100,2,2
5980,114,114,0,0
5981,97,97,0,0
5982,47,59,-12,12
5983,60,63,-3,3
5984,135,129,6,6
5985,58,59,-1,1
5986,206,178,28,28
5987,68,74,-6,6
5988,42,51,-9,9
5989,73,67,6,6
5990,83,76,7,7
5991,72,67,5,5
5992,111,79,32,32
5993,58,53,5,5
5994,130,137,-7,7
5995,111,109,2,2
5996,140,144,-4,4
5997,95,99,-4,4
5998,96,97,-1,1
5999,91,84,7,7
6000,79,79,0,0
6001,74,73,1,1
6002,169,150,19,19
6003,117,113,4,4
6004,78,62,16,16
6005,115,116,-1,1
6006,44,47,-3,3
6007,103,114,-11,11
6008,78,104,-26,26
6009,49,55,-6,6
6010,126,126,0,0
6011,93,84,9,9
6012,140,139,1,1
6013,85,85,0,0
6014,116,124,-8,8
6015,83,77,6,6
6016,96,100,-4,4
6017,143,128,15,15
6018,74,78,-4,4
6019,92,97,-5,5
6020,63,60,3,3
6021,49,62,-13,13
6022,144,138,6,6
6023,54,57,-3,3
6024,116,159,-43,43
6025,66,76,-10,10
6026,56,63,-7,7
6027,56,96,-40,40
6028,107,112,-5,5
6029,140,132,8,8
6030,92,101,-9,9
6031,76,82,-6,6
6032,90,97,-7,7
6033,138,134,4,4
6034,71,69,2,2
6035,89,99,-10,10
6036,66,63,3,3
6037,60,64,-4,4
6038,116,123,-7,7
6039,179,170,9,9
6040,90,77,13,13
6041,116,121,-5,5
6042,89,91,-2,2
6043,95,93,2,2
6044,85,78,7,7
6045,53,57,-4,4
6046,166,156,10,10
6047,43,50,-7,7
6048,119,121,-2,2
6049,105,113,-8,8
6050,121,112,9,9
6051,73,73,0,0
6052,67,66,1,1
6053,119,122,-3,3
6054,106,105,1,1
6055,72,67,5,5
6056,75,73,2,2
6057,70,76,-6,6
6058,143,128,15,15
6059,83,84,-1,1
6060,83,78,5,5
6061,46,62,-16,16
6062,47,50,-3,3
6063,119,114,5,5
6064,108,98,10,10
6065,43,61,-18,18
6066,64,60,4,4
6067,83,86,-3,3
6068,141,131,10,10
6069,107,102,5,5
6070,35,55,-20,20
6071,119,114,5,5
6072,88,79,9,9
6073,77,85,-8,8
6074,75,73,2,2
6075,140,133,7,7
6076,66,68,-2,2
6077,121,126,-5,5
6078,47,59,-12,12
6079,68,73,-5,5
6080,112,101,11,11
6081,178,159,19,19
6082,87,93,-6,6
6083,164,145,19,19
6084,79,83,-4,4
6085,71,71,0,0
6086,111,125,-14,14
6087,78,85,-7,7
6088,160,165,-5,5
6089,98,97,1,1
6090,115,154,-39,39
6091,95,104,-9,9
6092,65,65,0,0
6093,159,154,5,5
6094,85,84,1,1
6095,69,67,2,2
6096,116,112,4,4
6097,55,62,-7,7
6098,96,98,-2,2
6099,94,88,6,6
6100,72,69,3,3
6101,94,84,10,10
6102,124,129,-5,5
6103,62,62,0,0
6104,79,71,8,8
6105,146,132,14,14
6106,42,52,-10,10
6107,85,83,2,2
6108,100,89,11,11
6109,131,111,20,20
6110,72,78,-6,6
6111,49,54,-5,5
6112,116,109,7,7
6113,102,100,2,2
6114,135,131,4,4
6115,138,127,11,11
6116,40,61,-21,21
6117,104,98,6,6
6118,99,95,4,4
6119,50,50,0,0
6120,108,105,3,3
6121,106,104,2,2
6122,93,91,2,2
6123,155,150,5,5
6124,127,119,8,8
6125,78,79,-1,1
6126,87,92,-5,5
6127,73,75,-2,2
6128,92,94,-2,2
6129,86,87,-1,1
6130,117,113,4,4
6131,65,64,1,1
6132,44,47,-3,3
6133,142,137,5,5
6134,83,92,-9,9
6135,104,99,5,5
6136,119,103,16,16
6137,112,108,4,4
6138,96,83,13,13
6139,58,63,-5,5
6140,44,48,-4,4
6141,107,112,-5,5
6142,115,113,2,2
6143,87,95,-8,8
6144,102,101,1,1
6145,89,87,2,2
6146,119,113,6,6
6147,101,98,3,3
6148,55,59,-4,4
6149,92,85,7,7
6150,108,100,8,8
6151,57,58,-1,1
6152,119,112,7,7
6153,133,126,7,7
6154,80,84,-4,4
6155,66,70,-4,4
6156,114,103,11,11
6157,111,115,-4,4
6158,140,129,11,11
6159,108,84,24,24
6160,89,99,-10,10
6161,88,78,10,10
6162,76,85,-9,9
6163,80,83,-3,3
6164,98,90,8,8
6165,73,72,1,1
6166,136,128,8,8
6167,50,52,-2,2
6168,88,98,-10,10
6169,69,72,-3,3
6170,151,138,13,13
6171,66,64,2,2
6172,73,71,2,2
6173,65,65,0,0
6174,72,77,-5,5
6175,52,57,-5,5
6176,108,95,13,13
6177,86,84,2,2
6178,34,50,-16,16
6179,183,177,6,6
6180,54,53,1,1
6181,122,126,-4,4
6182,64,68,-4,4
6183,75,76,-1,1
6184,105,97,8,8
6185,65,69,-4,4
6186,84,94,-10,10
6187,101,100,1,1
6188,117,111,6,6
6189,148,141,7,7
6190,66,67,-1,1
6191,106,110,-4,4
6192,147,127,20,20
6193,108,112,-4,4
6194,133,105,28,28
6195,42,50,-8,8
6196,67,63,4,4
6197,117,108,9,9
6198,127,132,-5,5
6199,84,84,0,0
6200,72,71,1,1
6201,77,73,4,4
6202,83,78,5,5
6203,77,90,-13,13
6204,133,130,3,3
6205,61,70,-9,9
6206,75,85,-10,10
6207,81,77,4,4
6208,95,92,3,3
6209,115,112,3,3
6210,106,97,9,9
6211,85,78,7,7
6212,89,89,0,0
6213,103,100,3,3
6214,78,76,2,2
6215,83,81,2,2
6216,128,112,16,16
6217,64,71,-7,7
6218,87,86,1,1
6219,108,96,12,12
6220,108,105,3,3
6221,77,76,1,1
6222,65,74,-9,9
6223,56,59,-3,3
6224,69,63,6,6
6225,83,82,1,1
6226,93,98,-5,5
6227,85,87,-2,2
6228,177,167,10,10
6229,52,57,-5,5
6230,35,46,-11,11
6231,128,113,15,15
6232,98,97,1,1
6233,83,83,0,0
6234,67,67,0,0
6235,102,101,1,1
6236,115,113,2,2
6237,103,97,6,6
6238,99,100,-1,1
6239,100,99,1,1
6240,148,122,26,26
6241,67,70,-3,3
6242,131,127,4,4
6243,76,76,0,0
6244,91,91,0,0
6245,110,96,14,14
6246,133,130,3,3
6247,77,77,0,0
6248,151,143,8,8
6249,130,135,-5,5
6250,80,84,-4,4
6251,86,88,-2,2
6252,117,121,-4,4
6253,72,71,1,1
6254,104,105,-1,1
6255,108,100,8,8
6256,103,107,-4,4
6257,57,65,-8,8
6258,30,44,-14,14
6259,70,72,-2,2
6260,93,103,-10,10
6261,75,71,4,4
6262,46,52,-6,6
6263,169,132,37,37
6264,88,87,1,1
6265,71,76,-5,5
6266,97,101,-4,4
6267,133,122,11,11
6268,77,80,-3,3
6269,93,97,-4,4
6270,52,66,-14,14
6271,124,133,-9,9
6272,60,90,-30,30
6273,53,62,-9,9
6274,98,96,2,2
6275,105,91,14,14
6276,92,87,5,5
6277,106,97,9,9
6278,55,59,-4,4
6279,94,98,-4,4
6280,94,84,10,10
6281,67,71,-4,4
6282,109,97,12,12
6283,61,66,-5,5
6284,49,58,-9,9
6285,99,95,4,4
6286,109,102,7,7
6287,73,69,4,4
6288,107,103,4,4
6289,82,84,-2,2
6290,122,117,5,5
6291,50,54,-4,4
6292,102,96,6,6
6293,99,96,3,3
6294,40,46,-6,6
6295,61,62,-1,1
6296,94,96,-2,2
6297,55,62,-7,7
6298,66,65,1,1
6299,58,68,-10,10
6300,139,144,-5,5
6301,104,93,11,11
6302,74,70,4,4
6303,77,71,6,6
6304,77,74,3,3
6305,91,92,-1,1
6306,74,72,2,2
6307,63,64,-1,1
6308,56,58,-2,2
6309,103,112,-9,9
6310,83,86,-3,3
6311,69,77,-8,8
6312,165,149,16,16
6313,109,108,1,1
6314,93,83,10,10
6315,123,120,3,3
6316,142,134,8,8
6317,71,68,3,3
6318,102,102,0,0
6319,81,81,0,0
6320,178,151,27,27
6321,75,70,5,5
6322,68,71,-3,3
6323,135,126,9,9
6324,103,105,-2,2
6325,108,108,0,0
6326,62,76,-14,14
6327,95,101,-6,6
6328,114,103,11,11
6329,120,115,5,5
6330,124,128,-4,4
6331,90,91,-1,1
6332,29,49,-20,20
6333,69,73,-4,4
6334,61,72,-11,11
6335,85,83,2,2
6336,83,91,-8,8
6337,122,112,10,10
6338,148,136,12,12
6339,108,99,9,9
6340,96,99,-3,3
6341,75,78,-3,3
6342,101,109,-8,8
6343,81,78,3,3
6344,98,100,-2,2
6345,95,93,2,2
6346,100,96,4,4
6347,96,101,-5,5
6348,161,166,-5,5
6349,84,82,2,2
6350,55,59,-4,4
6351,59,67,-8,8
6352,124,123,1,1
6353,137,133,4,4
6354,118,112,6,6
6355,144,124,20,20
6356,182,167,15,15
6357,126,117,9,9
6358,127,114,13,13
6359,111,108,3,3
6360,92,93,-1,1
6361,106,99,7,7
6362,74,79,-5,5
6363,68,84,-16,16
6364,108,113,-5,5
6365,95,89,6,6
6366,103,105,-2,2
6367,81,86,-5,5
6368,86,91,-5,5
6369,170,151,19,19
6370,50,55,-5,5
6371,51,58,-7,7
6372,94,86,8,8
6373,146,154,-8,8
6374,74,75,-1,1
6375,100,91,9,9
6376,128,111,17,17
6377,74,68,6,6
6378,108,107,1,1
6379,77,83,-6,6
6380,63,68,-5,5
6381,50,51,-1,1
6382,109,102,7,7
6383,52,58,-6,6
6384,68,77,-9,9
6385,90,96,-6,6
6386,80,88,-8,8
6387,55,66,-11,11
6388,103,95,8,8
6389,84,85,-1,1
6390,90,84,6,6
6391,66,76,-10,10
6392,167,153,14,14
6393,82,85,-3,3
6394,73,72,1,1
6395,86,93,-7,7
6396,71,75,-4,4
6397,80,85,-5,5
6398,92,97,-5,5
6399,117,105,12,12
6400,51,53,-2,2
6401,94,97,-3,3
6402,84,85,-1,1
6403,135,133,2,2
6404,66,74,-8,8
6405,151,144,7,7
6406,92,95,-3,3
6407,102,99,3,3
6408,116,104,12,12
6409,50,61,-11,11
6410,88,92,-4,4
6411,119,113,6,6
6412,107,109,-2,2
6413,93,98,-5,5
6414,142,131,11,11
6415,52,56,-4,4
6416,115,114,1,1
6417,52,56,-4,4
6418,56,60,-4,4
6419,152,131,21,21
6420,83,75,8,8
6421,62,65,-3,3
6422,64,74,-10,10
6423,119,110,9,9
6424,157,133,24,24
6425,51,63,-12,12
6426,118,116,2,2
6427,58,68,-10,10
6428,94,92,2,2
6429,45,54,-9,9
6430,120,109,11,11
6431,88,89,-1,1
6432,84,92,-8,8
6433,131,126,5,5
6434,98,94,4,4
6435,50,54,-4,4
6436,88,82,6,6
6437,101,114,-13,13
6438,78,75,3,3
6439,40,65,-25,25
6440,103,110,-7,7
6441,96,89,7,7
6442,83,84,-1,1
6443,93,91,2,2
6444,82,74,8,8
6445,103,100,3,3
6446,41,66,-25,25
6447,39,51,-12,12
6448,60,59,1,1
6449,137,125,12,12
6450,46,49,-3,3
6451,51,57,-6,6
6452,82,85,-3,3
6453,131,115,16,16
6454,66,75,-9,9
6455,76,71,5,5
6456,204,184,20,20
6457,106,103,3,3
6458,72,69,3,3
6459,145,143,2,2
6460,80,78,2,2
6461,89,95,-6,6
6462,148,144,4,4
6463,141,122,19,19
6464,59,66,-7,7
6465,51,50,1,1
6466,88,87,1,1
6467,77,77,0,0
6468,103,107,-4,4
6469,94,86,8,8
6470,92,84,8,8
6471,82,79,3,3
6472,89,97,-8,8
6473,72,75,-3,3
6474,135,123,12,12
6475,135,123,12,12
6476,85,84,1,1
6477,63,69,-6,6
6478,173,162,11,11
6479,108,104,4,4
6480,141,118,23,23
6481,85,89,-4,4
6482,144,135,9,9
6483,66,67,-1,1
6484,86,92,-6,6
6485,84,76,8,8
6486,107,99,8,8
6487,60,63,-3,3
6488,62,72,-10,10
6489,174,171,3,3
6490,68,64,4,4
6491,74,78,-4,4
6492,67,67,0,0
6493,72,68,4,4
6494,117,108,9,9
6495,93,115,-22,22
6496,69,78,-9,9
6497,75,77,-2,2
6498,84,81,3,3
6499,101,103,-2,2
6500,78,78,0,0
6501,202,187,15,15
6502,97,109,-12,12
6503,79,83,-4,4
6504,97,104,-7,7
6505,60,68,-8,8
6506,58,60,-2,2
6507,113,118,-5,5
6508,63,66,-3,3
6509,79,79,0,0
6510,94,96,-2,2
6511,129,125,4,4
6512,142,137,5,5
6513,96,97,-1,1
6514,83,74,9,9
6515,137,127,10,10
6516,99,93,6,6
6517,92,95,-3,3
6518,92,101,-9,9
6519,69,69,0,0
6520,126,137,-11,11
6521,148,153,-5,5
6522,90,91,-1,1
6523,94,89,5,5
6524,111,109,2,2
6525,86,94,-8,8
6526,49,59,-10,10
6527,124,114,10,10
6528,107,110,-3,3
6529,129,123,6,6
6530,58,55,3,3
6531,70,69,1,1
6532,70,78,-8,8
6533,91,84,7,7
6534,86,77,9,9
6535,102,103,-1,1
6536,83,83,0,0
6537,119,114,5,5
6538,76,77,-1,1
6539,49,53,-4,4
6540,94,81,13,13
6541,124,102,22,22
6542,65,66,-1,1
6543,96,109,-13,13
6544,170,161,9,9
6545,68,74,-6,6
6546,28,38,-10,10
6547,135,135,0,0
6548,151,124,27,27
6549,80,87,-7,7
6550,79,95,-16,16
6551,68,83,-15,15
6552,118,105,13,13
6553,73,72,1,1
6554,104,114,-10,10
6555,147,131,16,16
6556,91,105,-14,14
6557,147,127,20,20
6558,55,64,-9,9
6559,66,69,-3,3
6560,121,112,9,9
6561,70,72,-2,2
6562,107,103,4,4
6563,153,145,8,8
6564,124,120,4,4
6565,59,70,-11,11
6566,90,85,5,5
6567,57,67,-10,10
6568,129,113,16,16
6569,98,103,-5,5
6570,152,138,14,14
6571,55,65,-10,10
6572,93,66,27,27
6573,61,63,-2,2
6574,135,126,9,9
6575,72,68,4,4
6576,105,111,-6,6
6577,65,93,-28,28
6578,91,90,1,1
6579,117,110,7,7
6580,85,92,-7,7
6581,125,115,10,10
6582,57,65,-8,8
6583,151,136,15,15
6584,68,74,-6,6
6585,104,112,-8,8
6586,53,61,-8,8
6587,88,89,-1,1
6588,91,90,1,1
6589,184,150,34,34
6590,99,96,3,3
6591,189,163,26,26
6592,186,163,23,23
6593,125,112,13,13
6594,62,73,-11,11
6595,103,101,2,2
6596,183,175,8,8
6597,62,59,3,3
6598,66,68,-2,2
6599,73,69,4,4
6600,114,112,2,2
6601,123,127,-4,4
6602,108,94,14,14
6603,115,106,9,9
6604,124,114,10,10
6605,66,77,-11,11
6606,104,81,23,23
6607,75,75,0,0
6608,108,113,-5,5
6609,81,83,-2,2
6610,82,71,11,11
6611,80,74,6,6
6612,30,44,-14,14
6613,90,88,2,2
6614,62,62,0,0
6615,86,80,6,6
6616,56,61,-5,5
6617,95,99,-4,4
6618,100,102,-2,2
6619,102,99,3,3
6620,102,104,-2,2
6621,59,59,0,0
6622,152,132,20,20
6623,163,159,4,4
6624,143,135,8,8
6625,162,151,11,11
6626,84,88,-4,4
6627,78,81,-3,3
6628,92,98,-6,6
6629,79,84,-5,5
6630,78,75,3,3
6631,120,106,14,14
6632,99,95,4,4
6633,103,96,7,7
6634,76,83,-7,7
6635,80,77,3,3
6636,66,67,-1,1
6637,128,122,6,6
6638,85,74,11,11
6639,100,102,-2,2
6640,46,59,-13,13
6641,125,122,3,3
6642,111,112,-1,1
6643,119,113,6,6
6644,59,65,-6,6
6645,55,57,-2,2
6646,158,150,8,8
6647,106,113,-7,7
6648,136,132,4,4
6649,108,99,9,9
6650,124,118,6,6
6651,106,107,-1,1
6652,92,83,9,9
6653,118,121,-3,3
6654,108,102,6,6
6655,114,105,9,9
6656,51,58,-7,7
6657,85,84,1,1
6658,61,87,-26,26
6659,74,74,0,0
6660,67,68,-1,1
6661,108,102,6,6
6662,132,126,6,6
6663,78,72,6,6
6664,102,111,-9,9
6665,175,145,30,30
6666,140,133,7,7
6667,93,86,7,7
6668,75,80,-5,5
6669,98,98,0,0
6670,98,89,9,9
6671,119,109,10,10
6672,121,141,-20,20
6673,94,97,-3,3
6674,117,99,18,18
6675,108,111,-3,3
6676,87,105,-18,18
6677,100,96,4,4
6678,88,84,4,4
6679,86,71,15,15
6680,65,67,-2,2
6681,81,78,3,3
6682,89,89,0,0
6683,114,103,11,11
6684,108,105,3,3
6685,95,85,10,10
6686,100,96,4,4
6687,98,99,-1,1
6688,88,87,1,1
6689,95,95,0,0
6690,92,92,0,0
6691,161,150,11,11
6692,57,57,0,0
6693,89,91,-2,2
6694,67,57,10,10
6695,101,102,-1,1
6696,102,108,-6,6
6697,84,85,-1,1
6698,64,65,-1,1
6699,127,127,0,0
6700,97,98,-1,1
6701,101,102,-1,1
6702,65,71,-6,6
6703,89,85,4,4
6704,70,71,-1,1
6705,67,73,-6,6
6706,169,156,13,13
6707,59,70,-11,11
6708,163,145,18,18
6709,38,49,-11,11
6710,117,113,4,4
6711,53,58,-5,5
6712,52,57,-5,5
6713,120,118,2,2
6714,80,71,9,9
6715,52,62,-10,10
6716,127,134,-7,7
6717,87,95,-8,8
6718,54,74,-20,20
6719,66,63,3,3
6720,98,93,5,5
6721,112,112,0,0
6722,56,62,-6,6
6723,114,112,2,2
6724,90,90,0,0
6725,87,89,-2,2
6726,58,63,-5,5
6727,118,113,5,5
6728,96,98,-2,2
6729,102,112,-10,10
6730,84,90,-6,6
6731,111,103,8,8
6732,62,69,-7,7
6733,73,71,2,2
6734,69,70,-1,1
6735,133,121,12,12
6736,87,83,4,4
6737,64,64,0,0
6738,85,89,-4,4
6739,103,96,7,7
6740,86,83,3,3
6741,68,71,-3,3
6742,145,144,1,1
6743,74,70,4,4
6744,91,98,-7,7
6745,102,96,6,6
6746,128,124,4,4
6747,104,105,-1,1
6748,110,113,-3,3
6749,56,58,-2,2
6750,83,86,-3,3
6751,109,112,-3,3
6752,77,75,2,2
6753,164,139,25,25
6754,137,130,7,7
6755,134,123,11,11
6756,172,161,11,11
6757,116,112,4,4
6758,80,79,1,1
6759,50,59,-9,9
6760,168,149,19,19
6761,68,75,-7,7
6762,88,93,-5,5
6763,48,52,-4,4
6764,60,61,-1,1
6765,135,135,0,0
6766,75,67,8,8
6767,187,172,15,15
6768,78,72,6,6
6769,117,99,18,18
6770,109,113,-4,4
6771,79,74,5,5
6772,80,80,0,0
6773,72,76,-4,4
6774,105,105,0,0
6775,130,134,-4,4
6776,108,113,-5,5
6777,39,52,-13,13
6778,94,99,-5,5
6779,76,86,-10,10
6780,84,85,-1,1
6781,110,120,-10,10
6782,79,78,1,1
6783,129,106,23,23
6784,66,69,-3,3
6785,73,75,-2,2
6786,90,84,6,6
6787,69,71,-2,2
6788,76,69,7,7
6789,96,111,-15,15
6790,113,111,2,2
6791,118,114,4,4
6792,78,75,3,3
6793,92,87,5,5
6794,96,91,5,5
6795,111,115,-4,4
6796,143,149,-6,6
6797,101,98,3,3
6798,99,103,-4,4
6799,110,119,-9,9
6800,105,109,-4,4
6801,79,80,-1,1
6802,80,92,-12,12
6803,54,56,-2,2
6804,86,84,2,2
6805,66,75,-9,9
6806,96,92,4,4
6807,151,146,5,5
6808,78,101,-23,23
6809,82,94,-12,12
6810,93,90,3,3
6811,57,68,-11,11
6812,129,119,10,10
6813,89,87,2,2
6814,83,82,1,1
6815,72,83,-11,11
6816,85,86,-1,1
6817,58,62,-4,4
6818,69,70,-1,1
6819,69,82,-13,13
6820,55,57,-2,2
6821,114,102,12,12
6822,145,127,18,18
6823,81,90,-9,9
6824,41,53,-12,12
6825,88,103,-15,15
6826,108,110,-2,2
6827,104,101,3,3
6828,74,67,7,7
6829,111,107,4,4
6830,74,74,0,0
6831,82,78,4,4
6832,129,120,9,9
6833,75,82,-7,7
6834,137,125,12,12
6835,135,127,8,8
6836,93,83,10,10
6837,73,87,-14,14
6838,125,122,3,3
6839,110,120,-10,10
6840,147,151,-4,4
6841,86,93,-7,7
6842,96,92,4,4
6843,104,99,5,5
6844,110,112,-2,2
6845,80,80,0,0
6846,66,74,-8,8
6847,168,162,6,6
6848,123,133,-10,10
6849,138,133,5,5
6850,66,68,-2,2
6851,66,64,2,2
6852,143,128,15,15
6853,88,77,11,11
6854,76,86,-10,10
6855,143,142,1,1
6856,108,101,7,7
6857,74,73,1,1
6858,76,75,1,1
6859,59,63,-4,4
6860,87,84,3,3
6861,113,107,6,6
6862,57,61,-4,4
6863,56,68,-12,12
6864,102,95,7,7
6865,74,75,-1,1
6866,89,93,-4,4
6867,75,82,-7,7
6868,128,127,1,1
6869,106,113,-7,7
6870,92,85,7,7
6871,138,137,1,1
6872,75,70,5,5
6873,103,101,2,2
6874,120,109,11,11
6875,136,124,12,12
6876,72,74,-2,2
6877,128,130,-2,2
6878,128,126,2,2
6879,150,144,6,6
6880,86,84,2,2
6881,85,86,-1,1
6882,62,64,-2,2
6883,76,76,0,0
6884,123,119,4,4
6885,64,67,-3,3
6886,116,114,2,2
6887,62,68,-6,6
6888,81,83,-2,2
6889,118,110,8,8
6890,117,113,4,4
6891,123,112,11,11
6892,144,124,20,20
6893,109,106,3,3
6894,79,77,2,2
6895,97,102,-5,5
6896,87,77,10,10
6897,55,57,-2,2
6898,65,69,-4,4
6899,103,102,1,1
6900,90,78,12,12
6901,87,82,5,5
6902,43,50,-7,7
6903,92,90,2,2
6904,147,142,5,5
6905,106,99,7,7
6906,68,77,-9,9
6907,71,65,6,6
6908,97,99,-2,2
6909,93,95,-2,2
6910,69,87,-18,18
6911,92,97,-5,5
6912,77,84,-7,7
6913,132,127,5,5
6914,87,89,-2,2
6915,118,110,8,8
6916,58,61,-3,3
6917,43,45,-2,2
6918,80,86,-6,6
6919,118,110,8,8
6920,107,119,-12,12
6921,132,128,4,4
6922,86,92,-6,6
6923,114,104,10,10
6924,85,82,3,3
6925,66,71,-5,5
6926,65,66,-1,1
6927,84,89,-5,5
6928,122,120,2,2
6929,74,79,-5,5
6930,154,156,-2,2
6931,93,92,1,1
6932,40,68,-28,28
6933,88,83,5,5
6934,84,87,-3,3
6935,67,70,-3,3
6936,113,115,-2,2
6937,110,110,0,0
6938,217,185,32,32
6939,99,103,-4,4
6940,107,110,-3,3
6941,120,117,3,3
6942,116,107,9,9
6943,70,83,-13,13
6944,86,83,3,3
6945,89,95,-6,6
6946,75,75,0,0
6947,72,72,0,0
6948,75,75,0,0
6949,55,66,-11,11
6950,196,189,7,7
6951,114,106,8,8
6952,142,94,48,48
6953,76,80,-4,4
6954,71,67,4,4
6955,80,87,-7,7
6956,81,76,5,5
6957,106,94,12,12
6958,126,119,7,7
6959,114,114,0,0
6960,90,90,0,0
6961,134,127,7,7
6962,112,112,0,0
6963,86,88,-2,2
6964,109,114,-5,5
6965,98,108,-10,10
6966,123,124,-1,1
6967,48,49,-1,1
6968,89,88,1,1
6969,141,139,2,2
6970,122,117,5,5
6971,65,58,7,7
6972,163,152,11,11
6973,106,100,6,6
6974,145,141,4,4
6975,65,64,1,1
6976,111,96,15,15
6977,110,112,-2,2
6978,40,47,-7,7
6979,77,77,0,0
6980,81,78,3,3
6981,136,130,6,6
6982,124,130,-6,6
6983,107,112,-5,5
6984,83,84,-1,1
6985,137,128,9,9
6986,93,95,-2,2
6987,95,96,-1,1
6988,82,93,-11,11
6989,91,93,-2,2
6990,139,121,18,18
6991,49,53,-4,4
6992,36,42,-6,6
6993,76,68,8,8
6994,57,64,-7,7
6995,128,132,-4,4
6996,77,95,-18,18
6997,86,89,-3,3
6998,144,138,6,6
6999,72,76,-4,4
7000,48,54,-6,6
7001,86,82,4,4
7002,96,90,6,6
7003,67,68,-1,1
7004,65,69,-4,4
7005,132,115,17,17
7006,128,122,6,6
7007,115,106,9,9
7008,109,109,0,0
7009,63,66,-3,3
7010,55,65,-10,10
7011,119,103,16,16
7012,70,65,5,5
7013,125,115,10,10
7014,146,132,14,14
7015,84,86,-2,2
7016,120,123,-3,3
7017,83,90,-7,7
7018,68,67,1,1
7019,106,100,6,6
7020,147,123,24,24
7021,81,83,-2,2
7022,87,93,-6,6
7023,86,84,2,2
7024,67,75,-8,8
7025,100,95,5,5
7026,81,87,-6,6
7027,70,77,-7,7
7028,94,91,3,3
7029,123,112,11,11
7030,121,112,9,9
7031,71,75,-4,4
7032,73,73,0,0
7033,79,81,-2,2
7034,98,102,-4,4
7035,147,118,29,29
7036,86,84,2,2
7037,83,76,7,7
7038,117,108,9,9
7039,93,98,-5,5
7040,44,52,-8,8
7041,68,73,-5,5
7042,74,76,-2,2
7043,76,96,-20,20
7044,96,90,6,6
7045,80,69,11,11
7046,73,82,-9,9
7047,93,87,6,6
7048,48,56,-8,8
7049,85,85,0,0
7050,140,136,4,4
7051,81,84,-3,3
7052,57,60,-3,3
7053,93,89,4,4
7054,119,120,-1,1
7055,129,134,-5,5
7056,88,81,7,7
7057,101,96,5,5
7058,91,92,-1,1
7059,59,57,2,2
7060,109,114,-5,5
7061,89,80,9,9
7062,101,89,12,12
7063,116,106,10,10
7064,86,85,1,1
7065,113,110,3,3
7066,101,95,6,6
7067,110,112,-2,2
7068,115,140,-25,25
7069,137,137,0,0
7070,64,74,-10,10
7071,133,121,12,12
7072,80,87,-7,7
7073,61,61,0,0
7074,116,118,-2,2
7075,154,146,8,8
7076,69,71,-2,2
7077,123,121,2,2
7078,63,68,-5,5
7079,99,116,-17,17
7080,52,55,-3,3
7081,86,85,1,1
7082,79,78,1,1
7083,97,104,-7,7
7084,68,74,-6,6
7085,79,85,-6,6
7086,82,75,7,7
7087,66,62,4,4
7088,28,37,-9,9
7089,54,68,-14,14
7090,76,75,1,1
7091,74,84,-10,10
7092,97,98,-1,1
7093,82,79,3,3
7094,103,102,1,1
7095,61,61,0,0
7096,69,63,6,6
7097,60,67,-7,7
7098,61,90,-29,29
7099,100,105,-5,5
7100,100,102,-2,2
7101,129,117,12,12
7102,184,163,21,21
7103,119,121,-2,2
7104,91,85,6,6
7105,99,108,-9,9
7106,100,98,2,2
7107,58,66,-8,8
7108,70,71,-1,1
7109,76,86,-10,10
7110,77,75,2,2
7111,70,68,2,2
7112,116,110,6,6
7113,149,140,9,9
7114,124,125,-1,1
7115,139,115,24,24
7116,142,147,-5,5
7117,77,83,-6,6
7118,96,88,8,8
7119,215,183,32,32
7120,70,71,-1,1
7121,118,118,0,0
7122,89,92,-3,3
7123,106,99,7,7
7124,117,114,3,3
7125,60,67,-7,7
7126,67,73,-6,6
7127,149,146,3,3
7128,364,375,-11,11
7129,110,103,7,7
7130,106,97,9,9
7131,161,160,1,1
7132,119,130,-11,11
7133,113,141,-28,28
7134,100,102,-2,2
7135,51,62,-11,11
7136,121,113,8,8
7137,108,107,1,1
7138,107,105,2,2
7139,62,64,-2,2
7140,84,87,-3,3
7141,93,84,9,9
7142,143,137,6,6
7143,136,129,7,7
7144,53,66,-13,13
7145,97,101,-4,4
7146,139,141,-2,2
7147,126,130,-4,4
7148,46,58,-12,12
7149,172,166,6,6
7150,101,100,1,1
7151,89,93,-4,4
7152,118,111,7,7
7153,71,72,-1,1
7154,120,123,-3,3
7155,77,78,-1,1
7156,145,128,17,17
7157,45,46,-1,1
7158,80,77,3,3
7159,58,65,-7,7
7160,117,109,8,8
7161,91,90,1,1
7162,192,175,17,17
7163,68,65,3,3
7164,71,65,6,6
7165,82,80,2,2
7166,84,85,-1,1
7167,70,78,-8,8
7168,47,58,-11,11
7169,95,91,4,4
7170,59,63,-4,4
7171,154,140,14,14
7172,131,123,8,8
7173,98,101,-3,3
7174,38,48,-10,10
7175,86,92,-6,6
7176,55,62,-7,7
7177,40,45,-5,5
7178,119,115,4,4
7179,247,216,31,31
7180,96,100,-4,4
7181,69,74,-5,5
7182,87,94,-7,7
7183,93,100,-7,7
7184,84,81,3,3
7185,127,130,-3,3
7186,106,100,6,6
7187,62,64,-2,2
7188,84,89,-5,5
7189,48,59,-11,11
7190,116,123,-7,7
7191,83,78,5,5
7192,123,126,-3,3
7193,97,91,6,6
7194,119,106,13,13
7195,113,113,0,0
7196,70,74,-4,4
7197,123,127,-4,4
7198,86,83,3,3
7199,49,58,-9,9
7200,113,108,5,5
7201,100,99,1,1
7202,131,129,2,2
7203,93,94,-1,1
7204,92,87,5,5
7205,73,70,3,3
7206,61,64,-3,3
7207,72,67,5,5
7208,91,91,0,0
7209,86,88,-2,2
7210,82,78,4,4
7211,179,170,9,9
7212,121,105,16,16
7213,58,63,-5,5
7214,83,74,9,9
7215,100,84,16,16
7216,84,83,1,1
7217,76,73,3,3
7218,83,75,8,8
7219,81,83,-2,2
7220,119,117,2,2
7221,160,145,15,15
7222,97,99,-2,2
7223,143,152,-9,9
7224,49,55,-6,6
7225,188,166,22,22
7226,79,79,0,0
7227,62,66,-4,4
7228,71,66,5,5
7229,114,124,-10,10
7230,167,164,3,3
7231,100,90,10,10
7232,90,86,4,4
7233,106,108,-2,2
7234,129,130,-1,1
7235,81,78,3,3
7236,52,55,-3,3
7237,86,84,2,2
7238,92,107,-15,15
7239,59,66,-7,7
7240,98,104,-6,6
7241,94,91,3,3
7242,173,163,10,10
7243,82,92,-10,10
7244,121,115,6,6
7245,84,76,8,8
7246,44,47,-3,3
7247,88,97,-9,9
7248,91,85,6,6
7249,97,95,2,2
7250,46,49,-3,3
7251,114,110,4,4
7252,108,99,9,9
7253,66,68,-2,2
7254,71,71,0,0
7255,76,75,1,1
7256,159,151,8,8
7257,39,52,-13,13
7258,47,58,-11,11
7259,142,123,19,19
7260,124,129,-5,5
7261,109,111,-2,2
7262,110,113,-3,3
7263,59,59,0,0
7264,107,97,10,10
7265,59,60,-1,1
7266,93,95,-2,2
7267,96,99,-3,3
7268,40,56,-16,16
7269,124,122,2,2
7270,90,78,12,12
7271,52,58,-6,6
7272,95,87,8,8
7273,81,77,4,4
7274,171,154,17,17
7275,78,68,10,10
7276,97,86,11,11
7277,82,90,-8,8
7278,93,85,8,8
7279,106,108,-2,2
7280,129,120,9,9
7281,110,115,-5,5
7282,28,57,-29,29
7283,152,152,0,0
7284,113,100,13,13
7285,62,63,-1,1
7286,51,55,-4,4
7287,167,165,2,2
7288,60,58,2,2
7289,176,161,15,15
7290,139,136,3,3
7291,193,183,10,10
7292,78,83,-5,5
7293,76,72,4,4
7294,80,74,6,6
7295,86,103,-17,17
7296,102,93,9,9
7297,51,52,-1,1
7298,32,38,-6,6
7299,133,112,21,21
7300,160,144,16,16
7301,75,73,2,2
7302,84,77,7,7
7303,85,88,-3,3
7304,89,93,-4,4
7305,69,67,2,2
7306,113,112,1,1
7307,69,69,0,0
7308,76,84,-8,8
7309,56,77,-21,21
7310,86,76,10,10
7311,92,99,-7,7
7312,54,61,-7,7
7313,100,93,7,7
7314,37,46,-9,9
7315,140,136,4,4
7316,57,72,-15,15
7317,83,89,-6,6
7318,75,68,7,7
7319,59,64,-5,5
7320,99,115,-16,16
7321,108,101,7,7
7322,93,99,-6,6
7323,78,85,-7,7
7324,166,160,6,6
7325,81,84,-3,3
7326,80,80,0,0
7327,166,143,23,23
7328,56,58,-2,2
7329,108,110,-2,2
7330,88,87,1,1
7331,124,133,-9,9
7332,71,74,-3,3
7333,111,100,11,11
7334,77,91,-14,14
7335,84,79,5,5
7336,85,85,0,0
7337,103,95,8,8
7338,67,77,-10,10
7339,128,118,10,10
7340,54,52,2,2
7341,98,96,2,2
7342,115,129,-14,14
7343,80,78,2,2
7344,66,67,-1,1
7345,84,78,6,6
7346,179,167,12,12
7347,70,74,-4,4
7348,93,96,-3,3
7349,139,149,-10,10
7350,136,123,13,13
7351,173,166,7,7
7352,112,104,8,8
7353,76,84,-8,8
7354,112,112,0,0
7355,118,124,-6,6
7356,109,100,9,9
7357,101,110,-9,9
7358,105,95,10,10
7359,67,68,-1,1
7360,131,123,8,8
7361,41,54,-13,13
7362,49,52,-3,3
7363,113,112,1,1
7364,137,137,0,0
7365,96,101,-5,5
7366,68,68,0,0
7367,110,115,-5,5
7368,70,74,-4,4
7369,155,158,-3,3
7370,58,60,-2,2
7371,140,148,-8,8
7372,119,121,-2,2
7373,67,70,-3,3
7374,79,82,-3,3
7375,68,68,0,0
7376,62,64,-2,2
7377,48,55,-7,7
7378,104,107,-3,3
7379,67,75,-8,8
7380,63,67,-4,4
7381,70,70,0,0
7382,83,85,-2,2
7383,66,66,0,0
7384,67,78,-11,11
7385,54,57,-3,3
7386,144,143,1,1
7387,68,70,-2,2
7388,76,82,-6,6
7389,62,63,-1,1
7390,147,131,16,16
7391,80,98,-18,18
7392,53,59,-6,6
7393,73,67,6,6
7394,74,72,2,2
7395,63,71,-8,8
7396,111,112,-1,1
7397,199,172,27,27
7398,90,91,-1,1
7399,65,67,-2,2
7400,68,66,2,2
7401,81,80,1,1
7402,95,94,1,1
7403,83,85,-2,2
7404,99,86,13,13
7405,64,73,-9,9
7406,70,73,-3,3
7407,62,59,3,3
7408,60,67,-7,7
7409,84,90,-6,6
7410,63,63,0,0
7411,91,95,-4,4
7412,53,69,-16,16
7413,114,103,11,11
7414,102,99,3,3
7415,80,66,14,14
7416,85,94,-9,9
7417,112,114,-2,2
7418,86,83,3,3
7419,61,68,-7,7
7420,118,110,8,8
7421,108,91,17,17
7422,179,155,24,24
7423,87,88,-1,1
7424,185,157,28,28
7425,91,88,3,3
7426,73,76,-3,3
7427,63,58,5,5
7428,159,139,20,20
7429,146,145,1,1
7430,75,85,-10,10
7431,73,75,-2,2
7432,107,97,10,10
7433,93,93,0,0
7434,89,96,-7,7
7435,82,98,-16,16
7436,79,76,3,3
7437,50,55,-5,5
7438,69,74,-5,5
7439,89,95,-6,6
7440,145,150,-5,5
7441,84,93,-9,9
7442,115,120,-5,5
7443,103,117,-14,14
7444,90,98,-8,8
7445,57,57,0,0
7446,118,101,17,17
7447,99,101,-2,2
7448,124,113,11,11
7449,102,111,-9,9
7450,97,94,3,3
7451,64,66,-2,2
7452,78,71,7,7
7453,121,120,1,1
7454,163,149,14,14
7455,63,61,2,2
7456,53,60,-7,7
7457,71,71,0,0
7458,79,81,-2,2
7459,102,103,-1,1
7460,130,122,8,8
7461,114,112,2,2
7462,118,125,-7,7
7463,93,97,-4,4
7464,78,75,3,3
7465,87,89,-2,2
7466,107,98,9,9
7467,105,101,4,4
7468,135,129,6,6
7469,64,64,0,0
7470,80,77,3,3
7471,79,88,-9,9
7472,156,154,2,2
7473,123,125,-2,2
7474,81,92,-11,11
7475,91,93,-2,2
7476,184,163,21,21
7477,62,70,-8,8
7478,76,85,-9,9
7479,112,109,3,3
7480,60,67,-7,7
7481,103,97,6,6
7482,83,85,-2,2
7483,69,69,0,0
7484,206,192,14,14
7485,78,83,-5,5
7486,82,75,7,7
7487,81,86,-5,5
7488,39,43,-4,4
7489,109,110,-1,1
7490,32,58,-26,26
7491,65,73,-8,8
7492,88,87,1,1
7493,94,97,-3,3
7494,87,94,-7,7
7495,74,71,3,3
7496,88,85,3,3
7497,103,109,-6,6
7498,72,64,8,8
7499,83,84,-1,1
7500,197,194,3,3
7501,41,49,-8,8
7502,76,75,1,1
7503,129,114,15,15
7504,40,62,-22,22
7505,136,135,1,1
7506,62,63,-1,1
7507,66,67,-1,1
7508,106,114,-8,8
7509,62,63,-1,1
7510,109,102,7,7
7511,136,126,10,10
7512,100,98,2,2
7513,160,151,9,9
7514,105,101,4,4
7515,122,112,10,10
7516,98,98,0,0
7517,78,75,3,3
7518,75,78,-3,3
7519,67,70,-3,3
7520,56,59,-3,3
7521,60,60,0,0
7522,38,43,-5,5
7523,53,60,-7,7
7524,57,71,-14,14
7525,113,106,7,7
7526,83,77,6,6
7527,81,74,7,7
7528,136,137,-1,1
7529,78,72,6,6
7530,89,89,0,0
7531,86,87,-1,1
7532,68,72,-4,4
7533,156,149,7,7
7534,85,85,0,0
7535,126,123,3,3
7536,57,69,-12,12
7537,114,115,-1,1
7538,113,101,12,12
7539,75,82,-7,7
7540,130,121,9,9
7541,79,67,12,12
7542,112,109,3,3
7543,120,120,0,0
7544,76,78,-2,2
7545,86,79,7,7
7546,60,62,-2,2
7547,52,59,-7,7
7548,80,73,7,7
7549,136,127,9,9
7550,71,74,-3,3
7551,152,149,3,3
7552,59,66,-7,7
7553,88,79,9,9
7554,71,69,2,2
7555,71,68,3,3
7556,88,95,-7,7
7557,44,53,-9,9
7558,95,99,-4,4
7559,99,93,6,6
7560,74,84,-10,10
7561,148,135,13,13
7562,74,71,3,3
7563,103,92,11,11
7564,70,67,3,3
7565,128,113,15,15
7566,70,72,-2,2
7567,69,76,-7,7
7568,95,72,23,23
7569,125,124,1,1
7570,87,92,-5,5
7571,130,127,3,3
7572,105,116,-11,11
7573,96,92,4,4
7574,90,93,-3,3
7575,52,55,-3,3
7576,77,91,-14,14
7577,143,136,7,7
7578,97,108,-11,11
7579,81,84,-3,3
7580,55,56,-1,1
7581,122,130,-8,8
7582,59,64,-5,5
7583,106,104,2,2
7584,146,131,15,15
7585,62,65,-3,3
7586,122,119,3,3
7587,166,148,18,18
7588,76,70,6,6
7589,82,89,-7,7
7590,114,108,6,6
7591,113,121,-8,8
7592,94,93,1,1
7593,113,114,-1,1
7594,79,83,-4,4
7595,106,104,2,2
7596,123,120,3,3
7597,118,110,8,8
7598,80,77,3,3
7599,94,94,0,0
7600,89,84,5,5
7601,64,61,3,3
7602,113,113,0,0
7603,137,127,10,10
7604,53,104,-51,51
7605,133,132,1,1
7606,65,77,-12,12
7607,78,83,-5,5
7608,40,42,-2,2
7609,60,65,-5,5
7610,52,58,-6,6
7611,136,124,12,12
7612,155,149,6,6
7613,94,98,-4,4
7614,75,76,-1,1
7615,36,47,-11,11
7616,132,120,12,12
7617,117,113,4,4
7618,136,142,-6,6
7619,141,123,18,18
7620,65,71,-6,6
7621,96,82,14,14
7622,68,66,2,2
7623,144,124,20,20
7624,148,142,6,6
7625,117,114,3,3
7626,60,72,-12,12
7627,98,98,0,0
7628,114,112,2,2
7629,139,122,17,17
7630,109,99,10,10
7631,69,76,-7,7
7632,105,100,5,5
7633,116,111,5,5
7634,72,69,3,3
7635,74,77,-3,3
7636,102,105,-3,3
7637,62,57,5,5
7638,36,39,-3,3
7639,94,90,4,4
7640,78,79,-1,1
7641,150,136,14,14
7642,81,81,0,0
7643,154,148,6,6
7644,115,119,-4,4
7645,44,58,-14,14
7646,88,92,-4,4
7647,80,75,5,5
7648,75,72,3,3
7649,58,58,0,0
7650,124,119,5,5
7651,90,90,0,0
7652,117,109,8,8
7653,93,87,6,6
7654,133,127,6,6
7655,71,67,4,4
7656,82,84,-2,2
7657,66,69,-3,3
7658,69,73,-4,4
7659,112,106,6,6
7660,114,102,12,12
7661,81,71,10,10
7662,110,112,-2,2
7663,76,71,5,5
7664,97,99,-2,2
7665,83,84,-1,1
7666,73,75,-2,2
7667,109,105,4,4
7668,67,67,0,0
7669,101,107,-6,6
7670,74,72,2,2
7671,122,118,4,4
7672,51,63,-12,12
7673,80,94,-14,14
7674,118,115,3,3
7675,87,80,7,7
7676,84,77,7,7
7677,135,121,14,14
7678,51,98,-47,47
7679,121,102,19,19
7680,60,62,-2,2
7681,150,143,7,7
7682,41,49,-8,8
7683,55,60,-5,5
7684,149,130,19,19
7685,136,127,9,9
7686,121,104,17,17
7687,121,113,8,8
7688,50,65,-15,15
7689,61,60,1,1
7690,129,117,12,12
7691,83,96,-13,13
7692,83,99,-16,16
7693,77,74,3,3
7694,110,101,9,9
7695,110,98,12,12
7696,108,115,-7,7
7697,95,99,-4,4
7698,91,88,3,3
7699,99,91,8,8
7700,105,104,1,1
7701,104,127,-23,23
7702,82,83,-1,1
7703,68,69,-1,1
7704,77,77,0,0
7705,103,97,6,6
7706,87,89,-2,2
7707,55,57,-2,2
7708,94,92,2,2
7709,67,69,-2,2
7710,75,94,-19,19
7711,137,135,2,2
7712,69,70,-1,1
7713,67,68,-1,1
7714,77,91,-14,14
7715,68,71,-3,3
7716,117,112,5,5
7717,109,113,-4,4
7718,164,144,20,20
7719,102,115,-13,13
7720,77,88,-11,11
7721,71,91,-20,20
7722,71,75,-4,4
7723,146,129,17,17
7724,40,44,-4,4
7725,121,113,8,8
7726,86,76,10,10
7727,99,98,1,1
7728,68,74,-6,6
7729,89,76,13,13
7730,71,76,-5,5
7731,72,74,-2,2
7732,49,53,-4,4
7733,155,119,36,36
7734,145,144,1,1
7735,102,108,-6,6
7736,131,128,3,3
7737,101,84,17,17
7738,61,69,-8,8
7739,108,114,-6,6
7740,62,68,-6,6
7741,93,87,6,6
7742,84,85,-1,1
7743,56,97,-41,41
7744,143,133,10,10
7745,145,134,11,11
7746,103,96,7,7
7747,88,89,-1,1
7748,96,94,2,2
7749,63,66,-3,3
7750,88,91,-3,3
7751,50,64,-14,14
7752,106,110,-4,4
7753,89,77,12,12
7754,101,107,-6,6
7755,134,126,8,8
7756,91,89,2,2
7757,134,137,-3,3
7758,79,86,-7,7
7759,161,147,14,14
7760,127,125,2,2
7761,88,92,-4,4
7762,61,70,-9,9
7763,60,71,-11,11
7764,102,94,8,8
7765,140,136,4,4
7766,69,73,-4,4
7767,101,111,-10,10
7768,175,165,10,10
7769,129,141,-12,12
7770,115,112,3,3
7771,88,100,-12,12
7772,79,78,1,1
7773,102,105,-3,3
7774,43,48,-5,5
7775,97,97,0,0
7776,132,136,-4,4
7777,58,60,-2,2
7778,89,97,-8,8
7779,90,92,-2,2
7780,98,104,-6,6
7781,102,100,2,2
7782,88,93,-5,5
7783,106,102,4,4
7784,99,94,5,5
7785,151,141,10,10
7786,111,103,8,8
7787,65,66,-1,1
7788,71,73,-2,2
7789,79,96,-17,17
7790,65,66,-1,1
7791,136,123,13,13
7792,151,152,-1,1
7793,108,105,3,3
7794,121,107,14,14
7795,54,64,-10,10
7796,96,102,-6,6
7797,98,89,9,9
7798,62,67,-5,5
7799,78,82,-4,4
7800,97,97,0,0
7801,80,76,4,4
7802,65,71,-6,6
7803,74,75,-1,1
7804,118,121,-3,3
7805,109,101,8,8
7806,99,99,0,0
7807,78,91,-13,13
7808,59,70,-11,11
7809,84,95,-11,11
7810,108,112,-4,4
7811,89,97,-8,8
7812,119,107,12,12
7813,182,160,22,22
7814,133,113,20,20
7815,90,97,-7,7
7816,144,154,-10,10
7817,109,106,3,3
7818,154,136,18,18
7819,54,57,-3,3
7820,59,66,-7,7
7821,120,117,3,3
7822,113,118,-5,5
7823,90,85,5,5
7824,119,106,13,13
7825,72,74,-2,2
7826,173,159,14,14
7827,252,242,10,10
7828,123,131,-8,8
7829,178,167,11,11
7830,207,171,36,36
7831,86,95,-9,9
7832,61,58,3,3
7833,82,92,-10,10
7834,77,78,-1,1
7835,90,87,3,3
7836,85,102,-17,17
7837,133,145,-12,12
7838,67,69,-2,2
7839,71,78,-7,7
7840,118,125,-7,7
7841,168,167,1,1
7842,101,100,1,1
7843,126,114,12,12
7844,127,125,2,2
7845,197,180,17,17
7846,67,66,1,1
7847,59,61,-2,2
7848,139,133,6,6
7849,84,85,-1,1
7850,75,77,-2,2
7851,124,120,4,4
7852,61,64,-3,3
7853,78,78,0,0
7854,102,92,10,10
7855,50,51,-1,1
7856,72,82,-10,10
7857,98,108,-10,10
7858,109,103,6,6
7859,97,91,6,6
7860,79,72,7,7
7861,73,75,-2,2
7862,114,107,7,7
7863,118,112,6,6
7864,101,103,-2,2
7865,103,104,-1,1
7866,49,57,-8,8
7867,49,60,-11,11
7868,37,51,-14,14
7869,121,115,6,6
7870,69,70,-1,1
7871,126,126,0,0
7872,91,89,2,2
7873,119,112,7,7
7874,105,102,3,3
7875,129,124,5,5
7876,83,77,6,6
7877,99,96,3,3
7878,106,112,-6,6
7879,67,67,0,0
7880,132,130,2,2
7881,110,98,12,12
7882,72,68,4,4
7883,126,119,7,7
7884,129,138,-9,9
7885,74,75,-1,1
7886,131,127,4,4
7887,97,98,-1,1
7888,118,124,-6,6
7889,124,121,3,3
7890,66,72,-6,6
7891,99,107,-8,8
7892,93,95,-2,2
7893,169,161,8,8
7894,109,114,-5,5
7895,194,177,17,17
7896,131,119,12,12
7897,67,69,-2,2
7898,102,100,2,2
7899,126,119,7,7
7900,166,166,0,0
7901,52,62,-10,10
7902,129,140,-11,11
7903,175,164,11,11
7904,77,71,6,6
7905,52,52,0,0
7906,73,69,4,4
7907,97,101,-4,4
7908,49,54,-5,5
7909,112,111,1,1
7910,108,112,-4,4
7911,91,85,6,6
7912,84,107,-23,23
7913,35,52,-17,17
7914,182,180,2,2
7915,61,64,-3,3
7916,61,59,2,2
7917,79,79,0,0
7918,55,60,-5,5
7919,64,65,-1,1
7920,142,125,17,17
7921,66,69,-3,3
7922,74,78,-4,4
7923,150,140,10,10
7924,99,97,2,2
7925,106,112,-6,6
7926,72,78,-6,6
7927,121,114,7,7
7928,114,111,3,3
7929,75,72,3,3
7930,65,73,-8,8
7931,116,119,-3,3
7932,99,94,5,5
7933,199,190,9,9
7934,60,63,-3,3
7935,67,65,2,2
7936,81,83,-2,2
7937,178,130,48,48
7938,70,78,-8,8
7939,131,120,11,11
7940,149,136,13,13
7941,70,72,-2,2
7942,97,103,-6,6
7943,104,91,13,13
7944,73,73,0,0
7945,74,83,-9,9
7946,87,98,-11,11
7947,112,111,1,1
7948,126,115,11,11
7949,86,100,-14,14
7950,134,130,4,4
7951,117,96,21,21
7952,61,64,-3,3
7953,71,78,-7,7
7954,80,91,-11,11
7955,63,65,-2,2
7956,70,66,4,4
7957,63,77,-14,14
7958,46,54,-8,8
7959,59,66,-7,7
7960,89,90,-1,1
7961,134,127,7,7
7962,113,111,2,2
7963,73,84,-11,11
7964,122,112,10,10
7965,59,64,-5,5
7966,142,143,-1,1
7967,175,166,9,9
7968,61,59,2,2
7969,142,151,-9,9
7970,68,61,7,7
7971,51,59,-8,8
7972,94,101,-7,7
7973,104,99,5,5
7974,85,83,2,2
7975,155,154,1,1
7976,157,162,-5,5
7977,115,111,4,4
7978,94,99,-5,5
7979,86,96,-10,10
7980,115,119,-4,4
7981,85,87,-2,2
7982,106,102,4,4
7983,64,67,-3,3
7984,38,77,-39,39
7985,51,56,-5,5
7986,106,105,1,1
7987,101,106,-5,5
7988,46,58,-12,12
7989,85,77,8,8
7990,104,100,4,4
7991,95,99,-4,4
7992,130,123,7,7
7993,151,138,13,13
7994,57,59,-2,2
7995,93,97,-4,4
7996,69,67,2,2
7997,39,40,-1,1
7998,76,84,-8,8
7999,84,75,9,9
8000,41,48,-7,7
8001,45,55,-10,10
8002,68,70,-2,2
8003,82,85,-3,3
8004,68,71,-3,3
8005,73,71,2,2
8006,49,62,-13,13
8007,93,88,5,5
8008,75,74,1,1
8009,85,77,8,8
8010,103,102,1,1
8011,129,122,7,7
8012,116,116,0,0
8013,77,75,2,2
8014,83,84,-1,1
8015,104,95,9,9
8016,124,112,12,12
8017,89,92,-3,3
8018,88,101,-13,13
8019,49,64,-15,15
8020,104,108,-4,4
8021,107,106,1,1
8022,125,126,-1,1
8023,57,63,-6,6
8024,104,96,8,8
8025,51,72,-21,21
8026,86,82,4,4
8027,96,98,-2,2
8028,190,178,12,12
8029,84,88,-4,4
8030,105,106,-1,1
8031,94,91,3,3
8032,74,73,1,1
8033,100,95,5,5
8034,126,118,8,8
8035,73,75,-2,2
8036,83,86,-3,3
8037,141,130,11,11
8038,124,123,1,1
8039,79,84,-5,5
8040,135,128,7,7
8041,81,72,9,9
8042,137,135,2,2
8043,75,76,-1,1
8044,54,71,-17,17
8045,102,102,0,0
8046,157,134,23,23
8047,93,96,-3,3
8048,155,136,19,19
8049,71,69,2,2
8050,109,107,2,2
8051,60,68,-8,8
8052,57,70,-13,13
8053,113,114,-1,1
8054,130,132,-2,2
8055,71,79,-8,8
8056,92,90,2,2
8057,148,123,25,25
8058,117,105,12,12
8059,68,72,-4,4
8060,161,149,12,12
8061,85,81,4,4
8062,65,64,1,1
8063,43,48,-5,5
8064,102,98,4,4
8065,69,64,5,5
8066,185,180,5,5
8067,133,130,3,3
8068,104,102,2,2
8069,105,104,1,1
8070,120,112,8,8
8071,85,84,1,1
8072,73,64,9,9
8073,158,160,-2,2
8074,76,74,2,2
8075,87,72,15,15
8076,148,123,25,25
8077,85,86,-1,1
8078,98,85,13,13
8079,66,73,-7,7
8080,100,101,-1,1
8081,110,111,-1,1
8082,86,91,-5,5
8083,119,123,-4,4
8084,75,73,2,2
8085,110,122,-12,12
8086,69,74,-5,5
8087,127,111,16,16
8088,98,93,5,5
8089,116,123,-7,7
8090,65,70,-5,5
8091,94,96,-2,2
8092,58,60,-2,2
8093,68,79,-11,11
8094,118,113,5,5
8095,27,36,-9,9
8096,74,68,6,6
8097,81,86,-5,5
8098,98,92,6,6
8099,56,62,-6,6
8100,101,99,2,2
8101,128,120,8,8
8102,104,107,-3,3
8103,69,68,1,1
8104,130,113,17,17
8105,121,118,3,3
8106,42,75,-33,33
8107,89,97,-8,8
8108,71,68,3,3
8109,129,117,12,12
8110,59,68,-9,9
8111,101,105,-4,4
8112,102,101,1,1
8113,109,113,-4,4
8114,94,86,8,8
8115,108,113,-5,5
8116,102,97,5,5
8117,89,91,-2,2
8118,121,122,-1,1
8119,122,131,-9,9
8120,67,75,-8,8
8121,51,66,-15,15
8122,89,87,2,2
8123,88,95,-7,7
8124,131,113,18,18
8125,103,102,1,1
8126,151,163,-12,12
8127,134,139,-5,5
8128,108,109,-1,1
8129,92,88,4,4
8130,65,62,3,3
8131,81,84,-3,3
8132,68,81,-13,13
8133,91,89,2,2
8134,114,105,9,9
8135,48,62,-14,14
8136,102,106,-4,4
8137,149,146,3,3
8138,108,107,1,1
8139,60,64,-4,4
8140,103,106,-3,3
8141,65,71,-6,6
8142,119,121,-2,2
8143,104,110,-6,6
8144,64,62,2,2
8145,48,55,-7,7
8146,55,57,-2,2
8147,75,77,-2,2
8148,44,58,-14,14
8149,73,79,-6,6
8150,54,57,-3,3
8151,54,64,-10,10
8152,52,60,-8,8
8153,95,87,8,8
8154,66,73,-7,7
8155,85,97,-12,12
8156,75,67,8,8
8157,95,111,-16,16
8158,95,88,7,7
8159,36,44,-8,8
8160,79,84,-5,5
8161,123,118,5,5
8162,81,73,8,8
8163,176,155,21,21
8164,60,57,3,3
8165,61,73,-12,12
8166,140,124,16,16
8167,127,120,7,7
8168,96,98,-2,2
8169,99,91,8,8
8170,108,99,9,9
8171,58,64,-6,6
8172,51,65,-14,14
8173,95,88,7,7
8174,58,72,-14,14
8175,76,70,6,6
8176,116,111,5,5
8177,108,101,7,7
8178,168,148,20,20
8179,27,42,-15,15
8180,145,130,15,15
8181,53,59,-6,6
8182,67,68,-1,1
8183,92,92,0,0
8184,78,73,5,5
8185,113,114,-1,1
8186,141,139,2,2
8187,136,123,13,13
8188,103,106,-3,3
8189,86,83,3,3
8190,195,196,-1,1
8191,75,74,1,1
8192,63,69,-6,6
8193,66,69,-3,3
8194,127,124,3,3
8195,122,112,10,10
8196,54,100,-46,46
8197,101,104,-3,3
8198,93,78,15,15
8199,64,68,-4,4
8200,108,109,-1,1
8201,111,107,4,4
8202,77,69,8,8
8203,154,150,4,4
8204,94,87,7,7
8205,84,86,-2,2
8206,76,90,-14,14
8207,87,80,7,7
8208,126,112,14,14
8209,82,78,4,4
8210,82,86,-4,4
8211,80,78,2,2
8212,126,122,4,4
8213,64,66,-2,2
8214,142,120,22,22
8215,143,137,6,6
8216,127,136,-9,9
8217,76,81,-5,5
8218,57,73,-16,16
8219,109,98,11,11
8220,141,130,11,11
8221,129,120,9,9
8222,114,104,10,10
8223,83,82,1,1
8224,149,143,6,6
8225,47,58,-11,11
8226,88,91,-3,3
8227,88,86,2,2
8228,105,107,-2,2
8229,93,100,-7,7
8230,109,95,14,14
8231,87,85,2,2
8232,43,44,-1,1
8233,81,79,2,2
8234,101,83,18,18
8235,80,69,11,11
8236,112,108,4,4
8237,92,98,-6,6
8238,102,98,4,4
8239,71,70,1,1
8240,166,153,13,13
8241,98,94,4,4
8242,129,118,11,11
8243,79,87,-8,8
8244,109,100,9,9
8245,145,138,7,7
8246,166,152,14,14
8247,76,82,-6,6
8248,46,54,-8,8
8249,113,105,8,8
8250,75,85,-10,10
8251,86,77,9,9
8252,76,76,0,0
8253,88,93,-5,5
8254,67,76,-9,9
8255,100,96,4,4
8256,71,79,-8,8
8257,59,65,-6,6
8258,181,175,6,6
8259,56,60,-4,4
8260,114,95,19,19
8261,92,97,-5,5
8262,100,102,-2,2
8263,75,96,-21,21
8264,188,170,18,18
8265,51,55,-4,4
8266,84,93,-9,9
8267,171,182,-11,11
8268,66,64,2,2
8269,92,88,4,4
8270,122,122,0,0
8271,40,57,-17,17
8272,87,88,-1,1
8273,122,119,3,3
8274,98,91,7,7
8275,96,96,0,0
8276,120,111,9,9
8277,82,87,-5,5
8278,88,83,5,5
8279,60,68,-8,8
8280,83,81,2,2
8281,81,70,11,11
8282,151,148,3,3
8283,187,175,12,12
8284,98,108,-10,10
8285,95,90,5,5
8286,77,77,0,0
8287,144,137,7,7
8288,81,85,-4,4
8289,91,96,-5,5
8290,149,142,7,7
8291,99,113,-14,14
8292,96,86,10,10
8293,129,131,-2,2
8294,63,64,-1,1
8295,86,85,1,1
8296,64,72,-8,8
8297,74,65,9,9
8298,93,93,0,0
8299,85,82,3,3
8300,248,217,31,31
8301,91,91,0,0
8302,58,62,-4,4
8303,93,80,13,13
8304,93,96,-3,3
8305,55,63,-8,8
8306,102,104,-2,2
8307,107,98,9,9
8308,79,83,-4,4
8309,84,79,5,5
8310,95,91,4,4
8311,110,106,4,4
8312,80,79,1,1
8313,44,50,-6,6
8314,96,94,2,2
8315,59,67,-8,8
8316,109,110,-1,1
8317,198,188,10,10
8318,81,92,-11,11
8319,119,114,5,5
8320,106,106,0,0
8321,114,101,13,13
8322,51,59,-8,8
8323,110,104,6,6
8324,112,112,0,0
8325,99,102,-3,3
8326,80,77,3,3
8327,59,70,-11,11
8328,110,112,-2,2
8329,125,113,12,12
8330,137,124,13,13
8331,73,75,-2,2
8332,190,179,11,11
8333,137,142,-5,5
8334,46,50,-4,4
8335,124,124,0,0
8336,87,85,2,2
8337,114,102,12,12
8338,83,84,-1,1
8339,85,87,-2,2
8340,142,147,-5,5
8341,108,100,8,8
8342,129,127,2,2
8343,107,99,8,8
8344,109,110,-1,1
8345,144,141,3,3
8346,76,77,-1,1
8347,38,61,-23,23
8348,157,153,4,4
8349,55,59,-4,4
8350,99,104,-5,5
8351,153,140,13,13
8352,74,71,3,3
8353,74,77,-3,3
8354,78,76,2,2
8355,74,84,-10,10
8356,94,93,1,1
8357,112,101,11,11
8358,141,140,1,1
8359,82,76,6,6
8360,160,155,5,5
8361,103,102,1,1
8362,110,102,8,8
8363,42,52,-10,10
8364,69,70,-1,1
8365,59,55,4,4
8366,98,97,1,1
8367,75,71,4,4
8368,58,62,-4,4
8369,74,70,4,4
8370,108,108,0,0
8371,66,77,-11,11
8372,105,100,5,5
8373,46,62,-16,16
8374,55,56,-1,1
8375,71,67,4,4
8376,115,113,2,2
8377,88,79,9,9
8378,47,50,-3,3
8379,174,156,18,18
8380,94,86,8,8
8381,74,74,0,0
8382,84,83,1,1
8383,85,77,8,8
8384,65,61,4,4
8385,39,42,-3,3
8386,118,111,7,7
8387,101,98,3,3
8388,78,85,-7,7
8389,97,107,-10,10
8390,104,98,6,6
8391,98,96,2,2
8392,81,98,-17,17
8393,112,109,3,3
8394,98,98,0,0
8395,96,101,-5,5
8396,53,52,1,1
8397,67,85,-18,18
8398,70,72,-2,2
8399,114,103,11,11
8400,104,108,-4,4
8401,65,71,-6,6
8402,80,71,9,9
8403,96,81,15,15
8404,70,69,1,1
8405,105,104,1,1
8406,100,90,10,10
8407,160,144,16,16
8408,91,99,-8,8
8409,100,100,0,0
8410,119,100,19,19
8411,65,69,-4,4
8412,99,104,-5,5
8413,172,137,35,35
8414,83,76,7,7
8415,85,78,7,7
8416,69,67,2,2
8417,59,67,-8,8
8418,93,95,-2,2
8419,81,82,-1,1
8420,75,77,-2,2
8421,62,64,-2,2
8422,115,107,8,8
8423,107,134,-27,27
8424,105,104,1,1
8425,51,59,-8,8
8426,76,79,-3,3
8427,88,95,-7,7
8428,145,137,8,8
8429,114,115,-1,1
8430,38,44,-6,6
8431,133,127,6,6
8432,74,75,-1,1
8433,119,114,5,5
8434,96,92,4,4
8435,143,126,17,17
8436,60,61,-1,1
8437,130,114,16,16
8438,120,107,13,13
8439,122,134,-12,12
8440,113,108,5,5
8441,68,76,-8,8
8442,98,94,4,4
8443,143,123,20,20
8444,77,72,5,5
8445,92,94,-2,2
8446,61,63,-2,2
8447,74,81,-7,7
8448,94,81,13,13
8449,102,98,4,4
8450,118,109,9,9
8451,119,116,3,3
8452,193,173,20,20
8453,95,97,-2,2
8454,89,89,0,0
8455,129,123,6,6
8456,124,111,13,13
8457,84,77,7,7
8458,76,81,-5,5
8459,55,60,-5,5
8460,143,133,10,10
8461,134,120,14,14
8462,88,92,-4,4
8463,132,133,-1,1
8464,114,99,15,15
8465,71,70,1,1
8466,79,73,6,6
8467,101,99,2,2
8468,134,132,2,2
8469,61,48,13,13
8470,81,75,6,6
8471,107,108,-1,1
8472,86,83,3,3
8473,83,85,-2,2
8474,94,96,-2,2
8475,102,106,-4,4
8476,110,122,-12,12
8477,137,138,-1,1
8478,56,69,-13,13
8479,134,121,13,13
8480,80,87,-7,7
8481,46,53,-7,7
8482,111,111,0,0
8483,112,106,6,6
8484,121,120,1,1
8485,113,112,1,1
8486,91,97,-6,6
8487,47,56,-9,9
8488,65,66,-1,1
8489,56,71,-15,15
8490,83,89,-6,6
8491,85,94,-9,9
8492,102,97,5,5
8493,80,84,-4,4
8494,110,104,6,6
8495,141,140,1,1
8496,90,94,-4,4
8497,73,70,3,3
8498,60,63,-3,3
8499,178,140,38,38
8500,124,127,-3,3
8501,108,101,7,7
8502,100,101,-1,1
8503,78,81,-3,3
8504,115,116,-1,1
8505,127,130,-3,3
8506,47,49,-2,2
8507,58,62,-4,4
8508,151,136,15,15
8509,104,94,10,10
8510,56,68,-12,12
8511,79,91,-12,12
8512,67,70,-3,3
8513,109,112,-3,3
8514,83,74,9,9
8515,101,76,25,25
8516,78,85,-7,7
8517,101,130,-29,29
8518,64,73,-9,9
8519,69,68,1,1
8520,81,78,3,3
8521,185,178,7,7
8522,89,84,5,5
8523,137,120,17,17
8524,98,93,5,5
8525,185,166,19,19
8526,62,56,6,6
8527,135,126,9,9
8528,140,126,14,14
8529,166,165,1,1
8530,68,72,-4,4
8531,100,106,-6,6
8532,122,133,-11,11
8533,105,102,3,3
8534,129,124,5,5
8535,117,112,5,5
8536,74,79,-5,5
8537,91,88,3,3
8538,96,96,0,0
8539,96,97,-1,1
8540,76,86,-10,10
8541,106,97,9,9
8542,71,68,3,3
8543,43,49,-6,6
8544,88,84,4,4
8545,79,91,-12,12
8546,104,98,6,6
8547,82,85,-3,3
8548,112,113,-1,1
8549,104,107,-3,3
8550,55,59,-4,4
8551,90,91,-1,1
8552,47,64,-17,17
8553,111,100,11,11
8554,127,125,2,2
8555,67,76,-9,9
8556,163,145,18,18
8557,154,151,3,3
8558,63,66,-3,3
8559,50,56,-6,6
8560,56,68,-12,12
8561,104,112,-8,8
8562,80,86,-6,6
8563,83,76,7,7
8564,64,67,-3,3
8565,55,59,-4,4
8566,84,73,11,11
8567,130,124,6,6
8568,85,87,-2,2
8569,109,110,-1,1
8570,153,141,12,12
8571,104,103,1,1
8572,129,124,5,5
8573,106,99,7,7
8574,173,169,4,4
8575,93,93,0,0
8576,93,86,7,7
8577,99,95,4,4
8578,66,69,-3,3
8579,98,94,4,4
8580,110,136,-26,26
8581,50,64,-14,14
8582,104,103,1,1
8583,110,106,4,4
8584,60,74,-14,14
8585,102,96,6,6
8586,87,82,5,5
8587,133,132,1,1
8588,133,129,4,4
8589,122,105,17,17
8590,92,90,2,2
8591,139,131,8,8
8592,52,56,-4,4
8593,83,98,-15,15
8594,91,88,3,3
8595,65,64,1,1
8596,113,113,0,0
8597,77,78,-1,1
8598,161,140,21,21
8599,92,93,-1,1
8600,180,151,29,29
8601,77,74,3,3
8602,109,106,3,3
8603,81,84,-3,3
8604,98,103,-5,5
8605,54,57,-3,3
8606,126,118,8,8
8607,91,96,-5,5
8608,77,84,-7,7
8609,124,118,6,6
8610,78,83,-5,5
8611,189,157,32,32
8612,80,76,4,4
8613,159,135,24,24
8614,73,78,-5,5
8615,90,100,-10,10
8616,62,60,2,2
8617,90,90,0,0
8618,134,139,-5,5
8619,121,103,18,18
8620,87,83,4,4
8621,59,62,-3,3
8622,89,101,-12,12
8623,105,111,-6,6
8624,97,93,4,4
8625,110,101,9,9
8626,141,122,19,19
8627,85,89,-4,4
8628,132,127,5,5
8629,89,86,3,3
8630,75,81,-6,6
8631,81,77,4,4
8632,77,69,8,8
8633,104,100,4,4
8634,132,140,-8,8
8635,136,125,11,11
8636,82,87,-5,5
8637,85,93,-8,8
8638,76,74,2,2
8639,109,123,-14,14
8640,51,60,-9,9
8641,85,93,-8,8
8642,58,63,-5,5
8643,161,156,5,5
8644,85,89,-4,4
8645,61,58,3,3
8646,82,83,-1,1
8647,114,113,1,1
8648,113,106,7,7
8649,82,77,5,5
8650,128,123,5,5
8651,113,113,0,0
8652,61,71,-10,10
8653,85,79,6,6
8654,112,106,6,6
8655,76,71,5,5
8656,89,90,-1,1
8657,142,129,13,13
8658,81,77,4,4
8659,143,136,7,7
8660,94,86,8,8
8661,134,112,22,22
8662,59,61,-2,2
8663,55,64,-9,9
8664,75,82,-7,7
8665,87,93,-6,6
8666,69,62,7,7
8667,104,102,2,2
8668,57,54,3,3
8669,68,65,3,3
8670,169,155,14,14
8671,114,118,-4,4
8672,92,90,2,2
8673,97,85,12,12
8674,121,115,6,6
8675,89,76,13,13
8676,116,114,2,2
8677,93,99,-6,6
8678,116,105,11,11
8679,125,127,-2,2
8680,82,111,-29,29
8681,50,52,-2,2
8682,46,58,-12,12
8683,45,54,-9,9
8684,120,118,2,2
8685,93,91,2,2
8686,102,100,2,2
8687,126,119,7,7
8688,108,124,-16,16
8689,110,110,0,0
8690,101,98,3,3
8691,73,72,1,1
8692,58,60,-2,2
8693,113,107,6,6
8694,136,140,-4,4
8695,64,68,-4,4
8696,125,154,-29,29
8697,88,79,9,9
8698,92,89,3,3
8699,106,102,4,4
8700,90,105,-15,15
8701,85,78,7,7
8702,80,77,3,3
8703,110,106,4,4
8704,80,79,1,1
8705,117,109,8,8
8706,47,64,-17,17
8707,112,105,7,7
8708,84,86,-2,2
8709,116,112,4,4
8710,61,66,-5,5
8711,82,78,4,4
8712,164,137,27,27
8713,125,119,6,6
8714,80,83,-3,3
8715,66,69,-3,3
8716,61,70,-9,9
8717,82,101,-19,19
8718,81,84,-3,3
8719,143,125,18,18
8720,145,124,21,21
8721,75,70,5,5
8722,60,80,-20,20
8723,86,91,-5,5
8724,99,104,-5,5
8725,112,112,0,0
8726,98,95,3,3
8727,96,81,15,15
8728,64,71,-7,7
8729,62,66,-4,4
8730,123,128,-5,5
8731,83,87,-4,4
8732,101,101,0,0
8733,27,29,-2,2
8734,167,156,11,11
8735,149,146,3,3
8736,94,93,1,1
8737,155,145,10,10
8738,39,43,-4,4
8739,62,67,-5,5
8740,81,71,10,10
8741,58,62,-4,4
8742,74,83,-9,9
8743,139,136,3,3
8744,74,74,0,0
8745,84,90,-6,6
8746,155,120,35,35
8747,114,114,0,0
8748,152,190,-38,38
8749,104,93,11,11
8750,92,100,-8,8
8751,55,66,-11,11
8752,91,90,1,1
8753,90,84,6,6
8754,86,83,3,3
8755,76,75,1,1
8756,86,90,-4,4
8757,49,51,-2,2
8758,105,106,-1,1
8759,67,68,-1,1
8760,96,123,-27,27
8761,105,103,2,2
8762,98,81,17,17
8763,114,113,1,1
8764,114,112,2,2
8765,103,118,-15,15
8766,128,122,6,6
8767,110,100,10,10
8768,89,78,11,11
8769,67,66,1,1
8770,136,113,23,23
8771,154,144,10,10
8772,62,73,-11,11
8773,109,111,-2,2
8774,91,92,-1,1
8775,63,66,-3,3
8776,172,157,15,15
8777,93,85,8,8
8778,81,78,3,3
8779,87,95,-8,8
8780,49,67,-18,18
8781,157,157,0,0
8782,87,87,0,0
8783,61,86,-25,25
8784,60,61,-1,1
8785,129,121,8,8
8786,75,72,3,3
8787,86,96,-10,10
8788,37,42,-5,5
8789,110,110,0,0
8790,124,115,9,9
8791,65,71,-6,6
8792,148,152,-4,4
8793,73,83,-10,10
8794,105,112,-7,7
8795,70,76,-6,6
8796,63,72,-9,9
8797,71,72,-1,1
8798,71,75,-4,4
8799,68,70,-2,2
8800,96,91,5,5
8801,87,86,1,1
8802,88,91,-3,3
8803,69,69,0,0
8804,83,85,-2,2
8805,72,85,-13,13
8806,98,102,-4,4
8807,126,119,7,7
8808,45,55,-10,10
8809,52,54,-2,2
8810,103,105,-2,2
8811,77,73,4,4
8812,83,78,5,5
8813,73,66,7,7
8814,108,103,5,5
8815,73,78,-5,5
8816,80,85,-5,5
8817,57,61,-4,4
8818,63,64,-1,1
8819,24,41,-17,17
8820,89,77,12,12
8821,61,69,-8,8
8822,97,100,-3,3
8823,85,88,-3,3
8824,143,139,4,4
8825,129,122,7,7
8826,75,84,-9,9
8827,71,76,-5,5
8828,92,84,8,8
8829,72,67,5,5
8830,91,84,7,7
8831,83,74,9,9
8832,75,78,-3,3
8833,66,69,-3,3
8834,43,52,-9,9
8835,127,118,9,9
8836,125,130,-5,5
8837,44,53,-9,9
8838,51,63,-12,12
8839,54,58,-4,4
8840,203,211,-8,8
8841,127,118,9,9
8842,102,98,4,4
8843,81,77,4,4
8844,69,67,2,2
8845,121,118,3,3
8846,85,78,7,7
8847,125,114,11,11
8848,138,124,14,14
8849,191,160,31,31
8850,92,98,-6,6
8851,94,90,4,4
8852,128,126,2,2
8853,35,49,-14,14
8854,104,102,2,2
8855,86,80,6,6
8856,132,119,13,13
8857,89,87,2,2
8858,48,56,-8,8
8859,75,69,6,6
8860,80,71,9,9
8861,100,95,5,5
8862,115,113,2,2
8863,135,128,7,7
8864,88,92,-4,4
8865,108,102,6,6
8866,141,142,-1,1
8867,81,78,3,3
8868,147,145,2,2
8869,94,90,4,4
8870,86,88,-2,2
8871,125,122,3,3
8872,62,65,-3,3
8873,82,84,-2,2
8874,123,115,8,8
8875,80,75,5,5
8876,108,103,5,5
8877,91,83,8,8
8878,124,117,7,7
8879,93,102,-9,9
8880,141,147,-6,6
8881,97,65,32,32
8882,177,161,16,16
8883,80,85,-5,5
8884,133,151,-18,18
8885,98,104,-6,6
8886,104,96,8,8
8887,64,67,-3,3
8888,170,157,13,13
8889,91,96,-5,5
8890,98,98,0,0
8891,125,114,11,11
8892,65,69,-4,4
8893,86,89,-3,3
8894,75,68,7,7
8895,72,76,-4,4
8896,53,70,-17,17
8897,93,85,8,8
8898,69,69,0,0
8899,95,87,8,8
8900,76,81,-5,5
8901,73,74,-1,1
8902,56,58,-2,2
8903,92,93,-1,1
8904,43,54,-11,11
8905,60,61,-1,1
8906,74,83,-9,9
8907,85,91,-6,6
8908,91,91,0,0
8909,92,89,3,3
8910,91,90,1,1
8911,60,69,-9,9
8912,142,144,-2,2
8913,127,132,-5,5
8914,87,88,-1,1
8915,130,143,-13,13
8916,104,101,3,3
8917,62,62,0,0
8918,125,126,-1,1
8919,96,179,-83,83
8920,170,141,29,29
8921,103,122,-19,19
8922,185,170,15,15
8923,80,78,2,2
8924,56,66,-10,10
8925,105,114,-9,9
8926,63,69,-6,6
8927,88,91,-3,3
8928,79,85,-6,6
8929,60,74,-14,14
8930,84,88,-4,4
8931,123,128,-5,5
8932,107,103,4,4
8933,94,99,-5,5
8934,70,74,-4,4
8935,141,121,20,20
8936,56,54,2,2
8937,166,160,6,6
8938,120,106,14,14
8939,137,123,14,14
8940,88,92,-4,4
8941,127,103,24,24
8942,157,147,10,10
8943,130,134,-4,4
8944,106,112,-6,6
8945,131,129,2,2
8946,54,60,-6,6
8947,132,123,9,9
8948,80,76,4,4
8949,81,87,-6,6
8950,128,112,16,16
8951,36,46,-10,10
8952,106,108,-2,2
8953,85,87,-2,2
8954,64,68,-4,4
8955,81,85,-4,4
8956,120,112,8,8
8957,130,117,13,13
8958,99,93,6,6
8959,70,69,1,1
8960,78,71,7,7
8961,112,114,-2,2
8962,82,81,1,1
8963,184,160,24,24
8964,129,138,-9,9
8965,111,103,8,8
8966,99,109,-10,10
8967,51,63,-12,12
8968,102,97,5,5
8969,66,72,-6,6
8970,74,75,-1,1
8971,129,129,0,0
8972,54,62,-8,8
8973,117,133,-16,16
8974,120,113,7,7
8975,73,79,-6,6
8976,177,167,10,10
8977,157,148,9,9
8978,77,83,-6,6
8979,55,60,-5,5
8980,132,120,12,12
8981,180,162,18,18
8982,72,71,1,1
8983,88,95,-7,7
8984,71,76,-5,5
8985,85,84,1,1
8986,51,52,-1,1
8987,61,67,-6,6
8988,76,73,3,3
8989,90,91,-1,1
8990,64,71,-7,7
8991,67,88,-21,21
8992,95,94,1,1
8993,46,50,-4,4
8994,92,85,7,7
8995,121,134,-13,13
8996,93,97,-4,4
8997,92,97,-5,5
8998,52,57,-5,5
8999,112,119,-7,7
9000,66,105,-39,39
9001,76,72,4,4
9002,157,148,9,9
9003,75,74,1,1
9004,68,71,-3,3
9005,64,69,-5,5
9006,135,120,15,15
9007,107,101,6,6
9008,79,80,-1,1
9009,82,84,-2,2
9010,101,94,7,7
9011,142,161,-19,19
9012,108,109,-1,1
9013,93,99,-6,6
9014,111,113,-2,2
9015,111,105,6,6
9016,101,92,9,9
9017,67,68,-1,1
9018,58,60,-2,2
9019,117,112,5,5
9020,100,99,1,1
9021,96,94,2,2
9022,106,105,1,1
9023,82,83,-1,1
9024,57,62,-5,5
9025,95,89,6,6
9026,92,91,1,1
9027,78,80,-2,2
9028,85,80,5,5
9029,46,48,-2,2
9030,60,68,-8,8
9031,68,73,-5,5
9032,90,92,-2,2
9033,106,102,4,4
9034,72,70,2,2
9035,91,86,5,5
9036,142,137,5,5
9037,63,63,0,0
9038,55,58,-3,3
9039,112,107,5,5
9040,165,162,3,3
9041,80,78,2,2
9042,58,59,-1,1
9043,96,101,-5,5
9044,69,68,1,1
9045,85,99,-14,14
9046,74,78,-4,4
9047,148,138,10,10
9048,61,61,0,0
9049,114,113,1,1
9050,117,113,4,4
9051,87,86,1,1
9052,148,139,9,9
9053,129,119,10,10
9054,100,95,5,5
9055,79,76,3,3
9056,84,84,0,0
9057,75,73,2,2
9058,101,100,1,1
9059,74,78,-4,4
9060,98,86,12,12
9061,97,99,-2,2
9062,58,58,0,0
9063,104,100,4,4
9064,122,114,8,8
9065,33,45,-12,12
9066,62,61,1,1
9067,59,66,-7,7
9068,66,74,-8,8
9069,112,105,7,7
9070,109,100,9,9
9071,67,71,-4,4
9072,157,174,-17,17
9073,147,145,2,2
9074,114,111,3,3
9075,45,46,-1,1
9076,71,76,-5,5
9077,135,129,6,6
9078,64,59,5,5
9079,101,109,-8,8
9080,93,97,-4,4
9081,92,85,7,7
9082,128,123,5,5
9083,90,85,5,5
9084,113,98,15,15
9085,62,63,-1,1
9086,66,63,3,3
9087,69,72,-3,3
9088,90,87,3,3
9089,69,66,3,3
9090,87,92,-5,5
9091,70,79,-9,9
9092,88,89,-1,1
9093,60,70,-10,10
9094,172,152,20,20
9095,94,92,2,2
9096,53,64,-11,11
9097,81,75,6,6
9098,103,103,0,0
9099,146,134,12,12
9100,93,92,1,1
9101,106,109,-3,3
9102,115,106,9,9
9103,171,156,15,15
9104,80,80,0,0
9105,89,78,11,11
9106,75,83,-8,8
9107,197,183,14,14
9108,52,63,-11,11
9109,56,62,-6,6
9110,76,74,2,2
9111,136,133,3,3
9112,127,126,1,1
9113,102,103,-1,1
9114,100,101,-1,1
9115,154,142,12,12
9116,127,131,-4,4
9117,115,106,9,9
9118,69,73,-4,4
9119,113,99,14,14
9120,116,114,2,2
9121,92,96,-4,4
9122,95,99,-4,4
9123,81,73,8,8
9124,81,85,-4,4
9125,148,144,4,4
9126,94,92,2,2
9127,117,114,3,3
9128,47,55,-8,8
9129,100,93,7,7
9130,133,123,10,10
9131,79,99,-20,20
9132,147,136,11,11
9133,62,67,-5,5
9134,77,81,-4,4
9135,154,139,15,15
9136,112,115,-3,3
9137,65,66,-1,1
9138,42,48,-6,6
9139,114,117,-3,3
9140,114,111,3,3
9141,77,73,4,4
9142,68,74,-6,6
9143,84,87,-3,3
9144,120,123,-3,3
9145,132,131,1,1
9146,113,121,-8,8
9147,86,87,-1,1
9148,78,80,-2,2
9149,73,87,-14,14
9150,68,63,5,5
9151,93,97,-4,4
9152,113,123,-10,10
9153,58,63,-5,5
9154,63,68,-5,5
9155,54,53,1,1
9156,123,107,16,16
9157,43,47,-4,4
9158,82,78,4,4
9159,144,134,10,10
9160,73,99,-26,26
9161,49,56,-7,7
9162,103,96,7,7
9163,179,179,0,0
9164,106,103,3,3
9165,93,105,-12,12
9166,135,142,-7,7
9167,120,121,-1,1
9168,130,119,11,11
9169,79,92,-13,13
9170,82,79,3,3
9171,55,59,-4,4
9172,74,70,4,4
9173,153,146,7,7
9174,93,94,-1,1
9175,107,103,4,4
9176,136,145,-9,9
9177,88,91,-3,3
9178,56,67,-11,11
9179,171,150,21,21
9180,115,112,3,3
9181,53,64,-11,11
9182,124,125,-1,1
9183,117,107,10,10
9184,76,77,-1,1
9185,168,150,18,18
9186,78,75,3,3
9187,42,48,-6,6
9188,74,77,-3,3
9189,156,133,23,23
9190,81,74,7,7
9191,88,79,9,9
9192,169,151,18,18
9193,74,74,0,0
9194,108,110,-2,2
9195,98,93,5,5
9196,175,176,-1,1
9197,39,46,-7,7
9198,47,58,-11,11
9199,100,86,14,14
9200,105,93,12,12
9201,103,103,0,0
9202,114,111,3,3
9203,65,70,-5,5
9204,70,68,2,2
9205,79,72,7,7
9206,96,98,-2,2
9207,123,128,-5,5
9208,94,95,-1,1
9209,124,122,2,2
9210,102,96,6,6
9211,108,102,6,6
9212,78,84,-6,6
9213,111,110,1,1
9214,84,93,-9,9
9215,58,54,4,4
9216,124,117,7,7
9217,92,84,8,8
9218,75,78,-3,3
9219,64,56,8,8
9220,89,82,7,7
9221,88,93,-5,5
9222,58,70,-12,12
9223,116,111,5,5
9224,57,63,-6,6
9225,98,98,0,0
9226,138,139,-1,1
9227,87,92,-5,5
9228,58,59,-1,1
9229,141,130,11,11
9230,72,71,1,1
9231,63,73,-10,10
9232,173,158,15,15
9233,113,108,5,5
9234,114,103,11,11
9235,95,91,4,4
9236,80,84,-4,4
9237,75,77,-2,2
9238,113,112,1,1
9239,86,97,-11,11
9240,54,60,-6,6
9241,99,96,3,3
9242,149,137,12,12
9243,73,64,9,9
9244,86,78,8,8
9245,108,103,5,5
9246,74,73,1,1
9247,59,62,-3,3
9248,106,110,-4,4
9249,158,133,25,25
9250,45,67,-22,22
9251,77,76,1,1
9252,116,125,-9,9
9253,52,56,-4,4
9254,93,100,-7,7
9255,129,120,9,9
9256,63,66,-3,3
9257,41,47,-6,6
9258,62,60,2,2
9259,168,157,11,11
9260,117,116,1,1
9261,142,133,9,9
9262,112,105,7,7
9263,101,99,2,2
9264,86,84,2,2
9265,77,79,-2,2
9266,141,131,10,10
9267,80,93,-13,13
9268,107,115,-8,8
9269,90,91,-1,1
9270,65,71,-6,6
9271,57,57,0,0
9272,89,84,5,5
9273,63,66,-3,3
9274,121,113,8,8
9275,108,104,4,4
9276,83,87,-4,4
9277,116,112,4,4
9278,66,72,-6,6
9279,128,126,2,2
9280,98,97,1,1
9281,76,76,0,0
9282,130,122,8,8
9283,55,58,-3,3
9284,64,68,-4,4
9285,107,120,-13,13
9286,117,103,14,14
9287,124,119,5,5
9288,88,88,0,0
9289,44,48,-4,4
9290,89,88,1,1
9291,82,85,-3,3
9292,78,78,0,0
9293,63,69,-6,6
9294,60,59,1,1
9295,55,59,-4,4
9296,80,85,-5,5
9297,56,61,-5,5
9298,68,73,-5,5
9299,177,173,4,4
9300,69,70,-1,1
9301,63,67,-4,4
9302,116,108,8,8
9303,96,100,-4,4
9304,142,120,22,22
9305,85,85,0,0
9306,56,67,-11,11
9307,91,91,0,0
9308,72,76,-4,4
9309,69,83,-14,14
9310,114,102,12,12
9311,131,133,-2,2
9312,70,75,-5,5
9313,138,133,5,5
9314,103,99,4,4
9315,69,73,-4,4
9316,97,97,0,0
9317,98,112,-14,14
9318,117,111,6,6
9319,95,101,-6,6
9320,130,121,9,9
9321,174,150,24,24
9322,114,117,-3,3
9323,87,98,-11,11
9324,92,92,0,0
9325,57,62,-5,5
9326,93,90,3,3
9327,90,88,2,2
9328,87,96,-9,9
9329,87,90,-3,3
9330,115,113,2,2
9331,103,104,-1,1
9332,66,66,0,0
9333,95,93,2,2
9334,98,97,1,1
9335,82,79,3,3
9336,63,61,2,2
9337,39,48,-9,9
9338,60,67,-7,7
9339,112,106,6,6
9340,159,153,6,6
9341,41,52,-11,11
9342,96,95,1,1
9343,117,109,8,8
9344,69,67,2,2
9345,82,86,-4,4
9346,125,111,14,14
9347,82,79,3,3
9348,65,70,-5,5
9349,92,80,12,12
9350,91,96,-5,5
9351,91,88,3,3
9352,95,96,-1,1
9353,28,41,-13,13
9354,64,63,1,1
9355,73,70,3,3
9356,122,111,11,11
9357,76,83,-7,7
9358,82,78,4,4
9359,134,120,14,14
9360,118,106,12,12
9361,72,77,-5,5
9362,96,122,-26,26
9363,176,153,23,23
9364,156,148,8,8
9365,64,76,-12,12
9366,99,107,-8,8
9367,94,93,1,1
9368,84,74,10,10
9369,88,92,-4,4
9370,144,141,3,3
9371,123,113,10,10
9372,99,102,-3,3
9373,63,82,-19,19
9374,64,69,-5,5
9375,141,126,15,15
9376,71,85,-14,14
9377,166,152,14,14
9378,118,111,7,7
9379,120,108,12,12
9380,145,131,14,14
9381,87,88,-1,1
9382,90,93,-3,3
9383,80,88,-8,8
9384,125,122,3,3
9385,59,57,2,2
9386,171,155,16,16
9387,72,69,3,3
9388,121,108,13,13
9389,47,49,-2,2
9390,73,84,-11,11
9391,124,105,19,19
9392,87,94,-7,7
9393,95,95,0,0
9394,77,77,0,0
9395,167,160,7,7
9396,53,58,-5,5
9397,89,85,4,4
9398,83,76,7,7
9399,77,88,-11,11
9400,127,125,2,2
9401,94,98,-4,4
9402,95,87,8,8
9403,93,94,-1,1
9404,74,67,7,7
9405,112,112,0,0
9406,117,107,10,10
9407,69,70,-1,1
9408,88,92,-4,4
9409,71,73,-2,2
9410,57,55,2,2
9411,89,85,4,4
9412,98,113,-15,15
9413,123,122,1,1
9414,88,85,3,3
9415,136,120,16,16
9416,85,75,10,10
9417,93,87,6,6
9418,150,150,0,0
9419,50,57,-7,7
9420,77,84,-7,7
9421,87,91,-4,4
9422,123,117,6,6
9423,71,76,-5,5
9424,142,139,3,3
9425,78,83,-5,5
9426,111,103,8,8
9427,54,72,-18,18
9428,66,69,-3,3
9429,110,103,7,7
9430,96,94,2,2
9431,56,60,-4,4
9432,17,34,-17,17
9433,84,81,3,3
9434,108,108,0,0
9435,103,91,12,12
9436,102,100,2,2
9437,81,82,-1,1
9438,125,123,2,2
9439,120,128,-8,8
9440,89,86,3,3
9441,73,71,2,2
9442,110,102,8,8
9443,86,86,0,0
9444,94,97,-3,3
9445,76,74,2,2
9446,72,71,1,1
9447,41,51,-10,10
9448,129,124,5,5
9449,80,79,1,1
9450,92,86,6,6
9451,208,176,32,32
9452,170,162,8,8
9453,88,92,-4,4
9454,43,51,-8,8
9455,65,62,3,3
9456,52,56,-4,4
9457,44,49,-5,5
9458,96,103,-7,7
9459,165,157,8,8
9460,92,84,8,8
9461,104,92,12,12
9462,131,125,6,6
9463,73,75,-2,2
9464,131,117,14,14
9465,51,71,-20,20
9466,63,69,-6,6
9467,107,113,-6,6
9468,109,124,-15,15
9469,131,113,18,18
9470,96,91,5,5
9471,90,77,13,13
9472,60,70,-10,10
9473,106,106,0,0
9474,101,88,13,13
9475,67,70,-3,3
9476,117,114,3,3
9477,76,79,-3,3
9478,78,72,6,6
9479,94,91,3,3
9480,95,97,-2,2
9481,78,69,9,9
9482,133,125,8,8
9483,41,61,-20,20
9484,105,104,1,1
9485,102,96,6,6
9486,88,97,-9,9
9487,106,106,0,0
9488,89,88,1,1
9489,98,113,-15,15
9490,128,116,12,12
9491,102,101,1,1
9492,132,136,-4,4
9493,101,99,2,2
9494,144,140,4,4
9495,61,68,-7,7
9496,61,63,-2,2
9497,114,118,-4,4
9498,125,119,6,6
9499,70,69,1,1
9500,83,88,-5,5
9501,147,139,8,8
9502,97,100,-3,3
9503,82,85,-3,3
9504,87,79,8,8
9505,94,90,4,4
9506,54,66,-12,12
9507,71,79,-8,8
9508,105,96,9,9
9509,87,90,-3,3
9510,95,105,-10,10
9511,71,76,-5,5
9512,76,85,-9,9
9513,123,119,4,4
9514,127,118,9,9
9515,84,94,-10,10
9516,48,58,-10,10
9517,108,94,14,14
9518,157,129,28,28
9519,54,57,-3,3
9520,100,92,8,8
9521,118,111,7,7
9522,57,63,-6,6
9523,137,128,9,9
9524,80,87,-7,7
9525,48,55,-7,7
9526,49,48,1,1
9527,94,96,-2,2
9528,101,95,6,6
9529,64,69,-5,5
9530,114,125,-11,11
9531,82,76,6,6
9532,62,68,-6,6
9533,57,68,-11,11
9534,88,95,-7,7
9535,92,98,-6,6
9536,66,83,-17,17
9537,76,84,-8,8
9538,59,58,1,1
9539,89,88,1,1
9540,63,68,-5,5
9541,51,53,-2,2
9542,123,120,3,3
9543,88,91,-3,3
9544,59,66,-7,7
9545,66,66,0,0
9546,135,117,18,18
9547,54,61,-7,7
9548,24,37,-13,13
9549,91,80,11,11
9550,166,155,11,11
9551,45,50,-5,5
9552,95,88,7,7
9553,99,98,1,1
9554,70,79,-9,9
9555,81,76,5,5
9556,97,88,9,9
9557,75,89,-14,14
9558,55,64,-9,9
9559,86,94,-8,8
9560,172,155,17,17
9561,65,79,-14,14
9562,174,154,20,20
9563,78,80,-2,2
9564,81,90,-9,9
9565,68,68,0,0
9566,74,69,5,5
9567,46,52,-6,6
9568,119,123,-4,4
9569,48,55,-7,7
9570,112,116,-4,4
9571,135,148,-13,13
9572,91,82,9,9
9573,103,96,7,7
9574,95,114,-19,19
9575,91,77,14,14
9576,201,172,29,29
9577,89,91,-2,2
9578,71,69,2,2
9579,198,181,17,17
9580,93,87,6,6
9581,82,84,-2,2
9582,132,123,9,9
9583,79,87,-8,8
9584,60,66,-6,6
9585,72,83,-11,11
9586,107,110,-3,3
9587,112,113,-1,1
9588,99,104,-5,5
9589,104,112,-8,8
9590,68,70,-2,2
9591,57,62,-5,5
9592,47,55,-8,8
9593,96,92,4,4
9594,95,105,-10,10
9595,43,50,-7,7
9596,116,106,10,10
9597,65,70,-5,5
9598,106,89,17,17
9599,117,126,-9,9
9600,96,94,2,2
9601,67,67,0,0
9602,100,90,10,10
9603,108,108,0,0
9604,103,99,4,4
9605,58,64,-6,6
9606,88,87,1,1
9607,133,121,12,12
9608,161,154,7,7
9609,95,87,8,8
9610,99,90,9,9
9611,69,67,2,2
9612,112,105,7,7
9613,127,117,10,10
9614,66,69,-3,3
9615,116,118,-2,2
9616,105,114,-9,9
9617,100,92,8,8
9618,93,96,-3,3
9619,79,87,-8,8
9620,121,112,9,9
9621,86,96,-10,10
9622,88,81,7,7
9623,177,156,21,21
9624,67,65,2,2
9625,73,74,-1,1
9626,105,100,5,5
9627,115,112,3,3
9628,141,135,6,6
9629,75,78,-3,3
9630,58,62,-4,4
9631,86,86,0,0
9632,137,130,7,7
9633,113,112,1,1
9634,92,91,1,1
9635,83,93,-10,10
9636,103,113,-10,10
9637,145,125,20,20
9638,84,83,1,1
9639,123,126,-3,3
9640,104,99,5,5
9641,61,63,-2,2
9642,79,90,-11,11
9643,90,111,-21,21
9644,115,117,-2,2
9645,138,139,-1,1
9646,80,83,-3,3
9647,92,98,-6,6
9648,126,121,5,5
9649,62,54,8,8
9650,81,85,-4,4
9651,88,83,5,5
9652,90,92,-2,2
9653,70,72,-2,2
9654,113,112,1,1
9655,81,84,-3,3
9656,70,78,-8,8
9657,87,87,0,0
9658,62,69,-7,7
9659,54,60,-6,6
9660,85,83,2,2
9661,76,74,2,2
9662,44,52,-8,8
9663,106,99,7,7
9664,116,111,5,5
9665,114,126,-12,12
9666,156,146,10,10
9667,127,114,13,13
9668,61,66,-5,5
9669,57,57,0,0
9670,128,127,1,1
9671,90,85,5,5
9672,113,107,6,6
9673,81,75,6,6
9674,48,62,-14,14
9675,47,55,-8,8
9676,139,125,14,14
9677,154,147,7,7
9678,104,112,-8,8
9679,97,97,0,0
9680,123,120,3,3
9681,68,62,6,6
9682,94,97,-3,3
9683,77,88,-11,11
9684,45,49,-4,4
9685,78,77,1,1
9686,75,78,-3,3
9687,79,76,3,3
9688,175,175,0,0
9689,117,112,5,5
9690,108,102,6,6
9691,106,108,-2,2
9692,82,74,8,8
9693,112,102,10,10
9694,74,74,0,0
9695,117,118,-1,1
9696,94,97,-3,3
9697,226,198,28,28
9698,120,109,11,11
9699,40,48,-8,8
9700,40,104,-64,64
9701,119,119,0,0
9702,51,58,-7,7
9703,61,62,-1,1
9704,119,113,6,6
9705,97,88,9,9
9706,70,78,-8,8
9707,101,92,9,9
9708,160,149,11,11
9709,88,87,1,1
9710,41,55,-14,14
9711,86,84,2,2
9712,76,80,-4,4
9713,66,73,-7,7
9714,110,112,-2,2
9715,120,115,5,5
9716,97,96,1,1
9717,89,97,-8,8
9718,117,112,5,5
9719,59,70,-11,11
9720,145,138,7,7
9721,84,78,6,6
9722,78,89,-11,11
9723,65,66,-1,1
9724,62,64,-2,2
9725,114,112,2,2
9726,76,83,-7,7
9727,51,59,-8,8
9728,131,133,-2,2
9729,162,168,-6,6
9730,90,101,-11,11
9731,95,102,-7,7
9732,49,65,-16,16
9733,81,87,-6,6
9734,103,101,2,2
9735,136,135,1,1
9736,116,112,4,4
9737,74,75,-1,1
9738,54,66,-12,12
9739,110,112,-2,2
9740,113,100,13,13
9741,142,117,25,25
9742,130,108,22,22
9743,156,145,11,11
9744,186,181,5,5
9745,70,70,0,0
9746,115,101,14,14
9747,149,130,19,19
9748,135,121,14,14
9749,72,70,2,2
9750,143,138,5,5
9751,190,166,24,24
9752,117,124,-7,7
9753,124,113,11,11
9754,78,89,-11,11
9755,90,94,-4,4
9756,49,50,-1,1
9757,52,63,-11,11
9758,48,58,-10,10
9759,69,70,-1,1
9760,69,74,-5,5
9761,40,56,-16,16
9762,89,96,-7,7
9763,85,87,-2,2
9764,104,107,-3,3
9765,130,119,11,11
9766,110,94,16,16
9767,136,124,12,12
9768,91,81,10,10
9769,83,88,-5,5
9770,50,54,-4,4
9771,104,104,0,0
9772,83,79,4,4
9773,114,113,1,1
9774,119,129,-10,10
9775,88,85,3,3
9776,68,93,-25,25
9777,84,102,-18,18
9778,93,77,16,16
9779,56,58,-2,2
9780,66,69,-3,3
9781,60,64,-4,4
9782,58,63,-5,5
9783,142,137,5,5
9784,197,176,21,21
9785,53,58,-5,5
9786,86,105,-19,19
9787,85,86,-1,1
9788,153,132,21,21
9789,58,62,-4,4
9790,78,77,1,1
9791,159,146,13,13
9792,129,126,3,3
9793,115,112,3,3
9794,64,66,-2,2
9795,142,136,6,6
9796,83,83,0,0
9797,171,173,-2,2
9798,137,136,1,1
9799,107,107,0,0
9800,101,89,12,12
9801,75,68,7,7
9802,103,97,6,6
9803,80,80,0,0
9804,51,60,-9,9
9805,92,83,9,9
9806,88,89,-1,1
9807,96,99,-3,3
9808,140,123,17,17
9809,107,106,1,1
9810,59,66,-7,7
9811,128,110,18,18
9812,80,77,3,3
9813,40,48,-8,8
9814,139,135,4,4
9815,79,73,6,6
9816,89,85,4,4
9817,127,121,6,6
9818,132,118,14,14
9819,104,106,-2,2
9820,100,84,16,16
9821,76,75,1,1
9822,182,146,36,36
9823,43,47,-4,4
9824,56,61,-5,5
9825,140,135,5,5
9826,98,100,-2,2
9827,66,78,-12,12
9828,52,52,0,0
9829,100,97,3,3
9830,131,112,19,19
9831,47,55,-8,8
9832,57,59,-2,2
9833,58,63,-5,5
9834,100,95,5,5
9835,143,139,4,4
9836,81,73,8,8
9837,130,114,16,16
9838,63,72,-9,9
9839,84,101,-17,17
9840,86,88,-2,2
9841,118,113,5,5
9842,109,101,8,8
9843,176,173,3,3
9844,68,70,-2,2
9845,102,103,-1,1
9846,65,65,0,0
9847,88,94,-6,6
9848,127,114,13,13
9849,56,57,-1,1
9850,104,103,1,1
9851,105,94,11,11
9852,84,84,0,0
9853,27,66,-39,39
9854,95,97,-2,2
9855,77,80,-3,3
9856,192,194,-2,2
9857,78,72,6,6
9858,122,123,-1,1
9859,80,84,-4,4
9860,94,84,10,10
9861,126,121,5,5
9862,44,52,-8,8
9863,73,78,-5,5
9864,104,83,21,21
9865,71,70,1,1
9866,65,75,-10,10
9867,96,83,13,13
9868,116,97,19,19
9869,103,106,-3,3
9870,129,124,5,5
9871,143,137,6,6
9872,100,117,-17,17
9873,133,119,14,14
9874,64,66,-2,2
9875,121,113,8,8
9876,61,69,-8,8
9877,55,63,-8,8
9878,49,54,-5,5
9879,86,84,2,2
9880,85,84,1,1
9881,61,63,-2,2
9882,128,130,-2,2
9883,91,79,12,12
9884,99,84,15,15
9885,92,94,-2,2
9886,179,168,11,11
9887,114,101,13,13
9888,66,64,2,2
9889,78,87,-9,9
9890,69,73,-4,4
9891,121,114,7,7
9892,85,74,11,11
9893,110,124,-14,14
9894,92,97,-5,5
9895,117,114,3,3
9896,174,159,15,15
9897,135,132,3,3
9898,64,63,1,1
9899,75,71,4,4
9900,97,107,-10,10
9901,120,123,-3,3
9902,102,96,6,6
9903,91,89,2,2
9904,70,75,-5,5
9905,64,74,-10,10
9906,49,55,-6,6
9907,94,101,-7,7
9908,71,81,-10,10
9909,136,158,-22,22
9910,68,72,-4,4
9911,122,118,4,4
9912,73,73,0,0
9913,114,112,2,2
9914,98,98,0,0
9915,104,101,3,3
9916,103,96,7,7
9917,108,101,7,7
9918,127,120,7,7
9919,130,128,2,2
9920,95,97,-2,2
9921,89,83,6,6
9922,73,76,-3,3
9923,157,135,22,22
9924,103,97,6,6
9925,105,102,3,3
9926,112,101,11,11
9927,109,101,8,8
9928,79,77,2,2
9929,92,112,-20,20
9930,72,68,4,4
9931,48,58,-10,10
9932,98,93,5,5
9933,111,112,-1,1
9934,119,110,9,9
9935,139,121,18,18
9936,55,70,-15,15
9937,107,108,-1,1
9938,135,143,-8,8
9939,102,99,3,3
9940,88,93,-5,5
9941,105,113,-8,8
9942,136,119,17,17
9943,82,88,-6,6
9944,67,71,-4,4
9945,123,119,4,4
9946,120,118,2,2
9947,94,100,-6,6
9948,51,56,-5,5
9949,95,88,7,7
9950,92,95,-3,3
9951,154,130,24,24
9952,76,81,-5,5
9953,59,60,-1,1
9954,153,136,17,17
9955,66,76,-10,10
9956,96,102,-6,6
9957,131,123,8,8
9958,81,79,2,2
9959,80,87,-7,7
9960,59,65,-6,6
9961,72,76,-4,4
9962,148,137,11,11
9963,123,132,-9,9
9964,72,71,1,1
9965,59,66,-7,7
9966,145,141,4,4
9967,95,98,-3,3
9968,125,120,5,5
9969,79,78,1,1
9970,79,80,-1,1
9971,68,73,-5,5
9972,135,132,3,3
9973,96,96,0,0
9974,64,66,-2,2
9975,62,59,3,3
9976,102,99,3,3
9977,141,130,11,11
9978,82,76,6,6
9979,84,77,7,7
9980,85,82,3,3
9981,77,78,-1,1
9982,107,101,6,6
9983,94,93,1,1
9984,84,76,8,8
9985,90,90,0,0
9986,127,124,3,3
9987,94,94,0,0
9988,142,157,-15,15
9989,88,96,-8,8
9990,104,99,5,5
9991,66,70,-4,4
9992,48,54,-6,6
9993,76,73,3,3
9994,105,102,3,3
9995,62,60,2,2
9996,82,85,-3,3
9997,123,124,-1,1
9998,88,95,-7,7
9999,68,67,1,1
10000,171,153,18,18
10001,134,123,11,11
10002,81,78,3,3
10003,66,71,-5,5
10004,49,58,-9,9
10005,92,96,-4,4
10006,121,114,7,7
10007,133,125,8,8
10008,147,134,13,13
10009,81,84,-3,3
10010,69,72,-3,3
10011,83,85,-2,2
10012,88,86,2,2
10013,59,57,2,2
10014,91,96,-5,5
10015,153,153,0,0
10016,114,105,9,9
10017,77,87,-10,10
10018,85,73,12,12
10019,80,78,2,2
10020,74,73,1,1
10021,169,155,14,14
10022,108,107,1,1
10023,121,125,-4,4
10024,83,85,-2,2
10025,56,56,0,0
10026,74,76,-2,2
10027,53,63,-10,10
10028,80,87,-7,7
10029,79,81,-2,2
10030,117,112,5,5
10031,174,157,17,17
10032,77,74,3,3
10033,114,100,14,14
10034,79,83,-4,4
10035,158,140,18,18
10036,80,82,-2,2
10037,90,113,-23,23
10038,111,106,5,5
10039,155,137,18,18
10040,55,61,-6,6
10041,74,77,-3,3
10042,62,68,-6,6
10043,138,134,4,4
10044,143,150,-7,7
10045,113,113,0,0
10046,100,102,-2,2
10047,115,98,17,17
10048,49,53,-4,4
10049,139,140,-1,1
10050,114,115,-1,1
10051,125,128,-3,3
10052,61,64,-3,3
10053,136,129,7,7
10054,77,73,4,4
10055,211,182,29,29
10056,66,61,5,5
10057,111,104,7,7
10058,122,122,0,0
10059,139,131,8,8
10060,121,112,9,9
10061,108,113,-5,5
10062,85,94,-9,9
10063,110,105,5,5
10064,62,73,-11,11
10065,107,99,8,8
10066,49,53,-4,4
10067,82,78,4,4
10068,92,91,1,1
10069,59,65,-6,6
10070,56,58,-2,2
10071,105,100,5,5
10072,61,68,-7,7
10073,95,101,-6,6
10074,56,63,-7,7
10075,148,146,2,2
10076,123,128,-5,5
10077,111,117,-6,6
10078,75,72,3,3
10079,139,146,-7,7
10080,68,72,-4,4
10081,90,86,4,4
10082,150,149,1,1
10083,133,115,18,18
10084,49,59,-10,10
10085,62,66,-4,4
10086,111,102,9,9
10087,117,115,2,2
10088,151,144,7,7
10089,100,96,4,4
10090,42,56,-14,14
10091,78,77,1,1
10092,48,56,-8,8
10093,118,105,13,13
10094,70,67,3,3
10095,117,123,-6,6
10096,61,79,-18,18
10097,94,99,-5,5
10098,78,79,-1,1
10099,170,156,14,14
10100,68,66,2,2
10101,78,72,6,6
10102,47,53,-6,6
10103,130,109,21,21
10104,80,77,3,3
10105,70,78,-8,8
10106,49,47,2,2
10107,117,112,5,5
10108,86,90,-4,4
10109,82,76,6,6
10110,54,58,-4,4
10111,160,152,8,8
10112,78,92,-14,14
10113,82,83,-1,1
10114,59,59,0,0
10115,115,112,3,3
10116,86,91,-5,5
10117,119,107,12,12
10118,116,116,0,0
10119,90,98,-8,8
10120,75,78,-3,3
10121,81,78,3,3
10122,87,92,-5,5
10123,108,103,5,5
10124,50,55,-5,5
10125,53,58,-5,5
10126,130,138,-8,8
10127,125,113,12,12
10128,118,112,6,6
10129,112,109,3,3
10130,62,71,-9,9
10131,105,104,1,1
10132,90,98,-8,8
10133,143,139,4,4
10134,58,60,-2,2
10135,64,69,-5,5
10136,108,99,9,9
10137,98,84,14,14
10138,136,128,8,8
10139,101,112,-11,11
10140,85,92,-7,7
10141,92,96,-4,4
10142,144,130,14,14
10143,80,83,-3,3
10144,110,98,12,12
10145,66,65,1,1
10146,73,72,1,1
10147,59,60,-1,1
10148,88,90,-2,2
10149,74,83,-9,9
10150,61,68,-7,7
10151,125,114,11,11
10152,55,57,-2,2
10153,115,112,3,3
10154,58,66,-8,8
10155,76,84,-8,8
10156,137,138,-1,1
10157,81,77,4,4
10158,116,113,3,3
10159,81,78,3,3
10160,94,89,5,5
10161,78,92,-14,14
10162,80,77,3,3
10163,99,96,3,3
10164,118,113,5,5
10165,137,130,7,7
10166,98,103,-5,5
10167,71,68,3,3
10168,83,85,-2,2
10169,132,139,-7,7
10170,69,70,-1,1
10171,119,115,4,4
10172,101,109,-8,8
10173,92,96,-4,4
10174,74,71,3,3
10175,95,98,-3,3
10176,67,70,-3,3
10177,50,60,-10,10
10178,106,98,8,8
10179,102,96,6,6
10180,359,244,115,115
10181,58,63,-5,5
10182,94,90,4,4
10183,90,82,8,8
10184,88,86,2,2
10185,105,94,11,11
10186,75,76,-1,1
10187,89,89,0,0
10188,86,86,0,0
10189,133,126,7,7
10190,35,45,-10,10
10191,88,84,4,4
10192,177,155,22,22
10193,100,98,2,2
10194,65,65,0,0
10195,104,100,4,4
10196,67,66,1,1
10197,86,85,1,1
10198,123,113,10,10
10199,108,101,7,7
10200,84,85,-1,1
10201,54,64,-10,10
10202,95,95,0,0
10203,86,82,4,4
10204,70,81,-11,11
10205,84,77,7,7
10206,107,105,2,2
10207,45,53,-8,8
10208,85,89,-4,4
10209,79,69,10,10
10210,125,122,3,3
10211,92,90,2,2
10212,74,76,-2,2
10213,139,138,1,1
10214,84,83,1,1
10215,103,113,-10,10
10216,60,72,-12,12
10217,78,83,-5,5
10218,69,59,10,10
10219,131,128,3,3
10220,102,98,4,4
10221,69,72,-3,3
10222,58,64,-6,6
10223,43,50,-7,7
10224,29,39,-10,10
10225,86,90,-4,4
10226,114,114,0,0
10227,38,52,-14,14
10228,113,123,-10,10
10229,74,88,-14,14
10230,67,69,-2,2
10231,221,210,11,11
10232,103,99,4,4
10233,224,204,20,20
10234,82,98,-16,16
10235,104,98,6,6
10236,115,107,8,8
10237,70,89,-19,19
10238,92,91,1,1
10239,118,112,6,6
10240,159,138,21,21
10241,124,110,14,14
10242,165,130,35,35
10243,118,123,-5,5
10244,79,70,9,9
10245,113,107,6,6
10246,61,64,-3,3
10247,112,111,1,1
10248,68,68,0,0
10249,71,76,-5,5
10250,127,117,10,10
10251,82,80,2,2
10252,63,66,-3,3
10253,189,189,0,0
10254,73,80,-7,7
10255,76,71,5,5
10256,99,106,-7,7
10257,131,126,5,5
10258,88,90,-2,2
10259,61,67,-6,6
10260,135,128,7,7
10261,52,60,-8,8
10262,114,112,2,2
10263,82,79,3,3
10264,106,103,3,3
10265,102,112,-10,10
10266,105,114,-9,9
10267,77,84,-7,7
10268,66,65,1,1
10269,129,116,13,13
10270,73,75,-2,2
10271,77,76,1,1
10272,70,70,0,0
10273,40,45,-5,5
10274,55,68,-13,13
10275,130,135,-5,5
10276,168,150,18,18
10277,76,68,8,8
10278,136,128,8,8
10279,104,110,-6,6
10280,52,59,-7,7
10281,151,137,14,14
10282,74,74,0,0
10283,60,70,-10,10
10284,90,83,7,7
10285,81,75,6,6
10286,118,119,-1,1
10287,96,95,1,1
10288,96,92,4,4
10289,151,144,7,7
10290,125,118,7,7
10291,73,68,5,5
10292,107,101,6,6
10293,113,113,0,0
10294,118,127,-9,9
10295,71,79,-8,8
10296,68,70,-2,2
10297,65,70,-5,5
10298,48,58,-10,10
10299,73,77,-4,4
10300,86,107,-21,21
10301,45,51,-6,6
10302,87,86,1,1
10303,113,108,5,5
10304,137,133,4,4
10305,114,116,-2,2
10306,61,66,-5,5
10307,106,93,13,13
10308,128,124,4,4
10309,111,112,-1,1
10310,100,96,4,4
10311,100,94,6,6
10312,133,138,-5,5
10313,96,95,1,1
10314,133,129,4,4
10315,130,125,5,5
10316,78,83,-5,5
10317,130,112,18,18
10318,110,113,-3,3
10319,75,84,-9,9
10320,144,137,7,7
10321,81,88,-7,7
10322,63,70,-7,7
10323,122,120,2,2
10324,119,123,-4,4
10325,99,98,1,1
10326,111,109,2,2
10327,143,121,22,22
10328,104,114,-10,10
10329,93,90,3,3
10330,72,82,-10,10
10331,79,86,-7,7
10332,128,126,2,2
10333,99,97,2,2
10334,76,85,-9,9
10335,100,102,-2,2
10336,70,70,0,0
10337,148,147,1,1
10338,68,69,-1,1
10339,100,112,-12,12
10340,74,87,-13,13
10341,86,78,8,8
10342,93,86,7,7
10343,138,120,18,18
10344,149,155,-6,6
10345,65,63,2,2
10346,89,93,-4,4
10347,117,80,37,37
10348,98,89,9,9
10349,127,124,3,3
10350,106,98,8,8
10351,68,66,2,2
10352,160,137,23,23
10353,83,91,-8,8
10354,129,113,16,16
10355,117,102,15,15
10356,74,84,-10,10
10357,101,98,3,3
10358,113,112,1,1
10359,121,111,10,10
10360,122,125,-3,3
10361,117,112,5,5
10362,131,134,-3,3
10363,68,63,5,5
10364,86,95,-9,9
10365,97,92,5,5
10366,125,115,10,10
10367,65,72,-7,7
10368,49,51,-2,2
10369,81,79,2,2
10370,103,104,-1,1
10371,110,103,7,7
10372,86,88,-2,2
10373,103,99,4,4
10374,103,104,-1,1
10375,59,62,-3,3
10376,119,107,12,12
10377,40,44,-4,4
10378,102,104,-2,2
10379,120,112,8,8
10380,103,103,0,0
10381,101,98,3,3
10382,106,102,4,4
10383,110,109,1,1
10384,82,78,4,4
10385,88,83,5,5
10386,174,167,7,7
10387,99,91,8,8
10388,66,70,-4,4
10389,105,109,-4,4
10390,59,62,-3,3
10391,128,112,16,16
10392,53,65,-12,12
10393,123,127,-4,4
10394,88,95,-7,7
10395,80,79,1,1
10396,72,84,-12,12
10397,73,79,-6,6
10398,60,64,-4,4
10399,88,88,0,0
10400,82,81,1,1
10401,156,142,14,14
10402,163,140,23,23
10403,73,72,1,1
10404,105,95,10,10
10405,137,120,17,17
10406,74,76,-2,2
10407,85,78,7,7
10408,71,74,-3,3
10409,56,64,-8,8
10410,95,91,4,4
10411,48,53,-5,5
10412,113,113,0,0
10413,96,94,2,2
10414,111,108,3,3
10415,80,112,-32,32
10416,44,52,-8,8
10417,73,71,2,2
10418,132,109,23,23
10419,100,88,12,12
10420,126,119,7,7
10421,77,85,-8,8
10422,81,92,-11,11
10423,68,64,4,4
10424,73,95,-22,22
10425,100,101,-1,1
10426,98,87,11,11
10427,60,60,0,0
10428,110,108,2,2
10429,102,100,2,2
10430,75,75,0,0
10431,138,136,2,2
10432,81,75,6,6
10433,108,113,-5,5
10434,148,137,11,11
10435,59,59,0,0
10436,88,93,-5,5
10437,104,82,22,22
10438,72,67,5,5
10439,82,85,-3,3
10440,93,92,1,1
10441,93,86,7,7
10442,160,153,7,7
10443,129,126,3,3
10444,113,113,0,0
10445,116,101,15,15
10446,119,116,3,3
10447,86,81,5,5
10448,44,52,-8,8
10449,76,70,6,6
10450,61,69,-8,8
10451,80,90,-10,10
10452,99,85,14,14
10453,87,100,-13,13
10454,117,113,4,4
10455,50,70,-20,20
10456,150,136,14,14
10457,123,111,12,12
10458,100,76,24,24
10459,147,137,10,10
10460,185,181,4,4
10461,59,61,-2,2
10462,81,76,5,5
10463,61,75,-14,14
10464,126,119,7,7
10465,82,84,-2,2
10466,100,96,4,4
10467,81,76,5,5
10468,39,45,-6,6
10469,77,73,4,4
10470,51,54,-3,3
10471,98,104,-6,6
10472,133,142,-9,9
10473,80,80,0,0
10474,151,129,22,22
10475,88,79,9,9
10476,55,57,-2,2
10477,72,77,-5,5
10478,75,84,-9,9
10479,77,71,6,6
10480,81,72,9,9
10481,144,136,8,8
10482,121,101,20,20
10483,57,59,-2,2
10484,69,75,-6,6
10485,99,98,1,1
10486,64,72,-8,8
10487,130,112,18,18
10488,106,107,-1,1
10489,72,74,-2,2
10490,67,74,-7,7
10491,68,68,0,0
10492,79,86,-7,7
10493,81,83,-2,2
10494,69,71,-2,2
10495,67,68,-1,1
10496,73,73,0,0
10497,39,50,-11,11
10498,112,119,-7,7
10499,71,74,-3,3
10500,132,120,12,12
10501,133,133,0,0
10502,95,94,1,1
10503,112,105,7,7
10504,112,99,13,13
10505,99,113,-14,14
10506,71,77,-6,6
10507,127,138,-11,11
10508,89,96,-7,7
10509,87,82,5,5
10510,124,115,9,9
10511,66,69,-3,3
10512,92,96,-4,4
10513,80,74,6,6
10514,94,95,-1,1
10515,146,148,-2,2
10516,139,135,4,4
10517,136,130,6,6
10518,63,64,-1,1
10519,54,59,-5,5
10520,171,156,15,15
10521,91,86,5,5
10522,170,151,19,19
10523,147,137,10,10
10524,70,68,2,2
10525,140,139,1,1
10526,117,116,1,1
10527,72,71,1,1
10528,132,123,9,9
10529,63,68,-5,5
10530,102,105,-3,3
10531,81,86,-5,5
10532,90,86,4,4
10533,87,92,-5,5
10534,127,121,6,6
10535,56,64,-8,8
10536,44,50,-6,6
10537,122,114,8,8
10538,111,106,5,5
10539,66,71,-5,5
10540,110,113,-3,3
10541,101,100,1,1
10542,119,119,0,0
10543,75,86,-11,11
10544,65,64,1,1
10545,55,61,-6,6
10546,76,84,-8,8
10547,70,73,-3,3
10548,157,170,-13,13
10549,27,35,-8,8
10550,83,78,5,5
10551,125,117,8,8
10552,95,100,-5,5
10553,86,78,8,8
10554,116,113,3,3
10555,66,67,-1,1
10556,144,158,-14,14
10557,96,102,-6,6
10558,94,95,-1,1
10559,37,46,-9,9
10560,195,172,23,23
10561,108,109,-1,1
10562,130,126,4,4
10563,78,82,-4,4
10564,57,64,-7,7
10565,72,68,4,4
10566,57,71,-14,14
10567,90,102,-12,12
10568,67,61,6,6
10569,157,153,4,4
10570,57,64,-7,7
10571,94,94,0,0
10572,69,76,-7,7
10573,86,87,-1,1
10574,58,61,-3,3
10575,105,102,3,3
10576,74,73,1,1
10577,116,112,4,4
10578,78,76,2,2
10579,115,110,5,5
10580,64,66,-2,2
10581,127,116,11,11
10582,77,77,0,0
10583,99,93,6,6
10584,68,72,-4,4
10585,101,114,-13,13
10586,88,83,5,5
10587,121,116,5,5
10588,100,101,-1,1
10589,87,74,13,13
10590,80,74,6,6
10591,43,52,-9,9
10592,103,111,-8,8
10593,149,133,16,16
10594,67,76,-9,9
10595,110,111,-1,1
10596,127,112,15,15
10597,55,60,-5,5
10598,133,123,10,10
10599,82,84,-2,2
10600,45,46,-1,1
10601,59,62,-3,3
10602,120,113,7,7
10603,103,111,-8,8
10604,145,142,3,3
10605,119,120,-1,1
10606,75,84,-9,9
10607,74,72,2,2
10608,109,110,-1,1
10609,148,139,9,9
10610,80,83,-3,3
10611,68,68,0,0
10612,116,115,1,1
10613,114,106,8,8
10614,100,100,0,0
10615,72,73,-1,1
10616,119,127,-8,8
10617,96,88,8,8
10618,58,64,-6,6
10619,132,135,-3,3
10620,169,161,8,8
10621,70,71,-1,1
10622,90,86,4,4
10623,93,90,3,3
10624,107,123,-16,16
10625,124,113,11,11
10626,43,50,-7,7
10627,102,97,5,5
10628,107,105,2,2
10629,61,68,-7,7
10630,62,68,-6,6
10631,72,72,0,0
10632,129,119,10,10
10633,74,73,1,1
10634,81,77,4,4
10635,107,99,8,8
10636,79,74,5,5
10637,43,43,0,0
10638,72,76,-4,4
10639,102,88,14,14
10640,93,86,7,7
10641,90,89,1,1
10642,66,63,3,3
10643,125,117,8,8
10644,73,72,1,1
10645,78,74,4,4
10646,49,55,-6,6
10647,81,74,7,7
10648,74,78,-4,4
10649,78,76,2,2
10650,82,83,-1,1
10651,92,110,-18,18
10652,110,85,25,25
10653,96,92,4,4
10654,83,89,-6,6
10655,143,136,7,7
10656,88,78,10,10
10657,111,109,2,2
10658,54,57,-3,3
10659,66,70,-4,4
10660,68,79,-11,11
10661,57,64,-7,7
10662,169,140,29,29
10663,63,75,-12,12
10664,131,137,-6,6
10665,102,100,2,2
10666,47,53,-6,6
10667,58,65,-7,7
10668,127,119,8,8
10669,100,96,4,4
10670,109,112,-3,3
10671,109,103,6,6
10672,92,90,2,2
10673,93,91,2,2
10674,64,65,-1,1
10675,95,97,-2,2
10676,97,91,6,6
10677,87,91,-4,4
10678,65,71,-6,6
10679,84,84,0,0
10680,140,117,23,23
10681,88,84,4,4
10682,56,57,-1,1
10683,131,124,7,7
10684,107,104,3,3
10685,93,88,5,5
10686,125,116,9,9
10687,204,186,18,18
10688,128,117,11,11
10689,80,77,3,3
10690,161,175,-14,14
10691,114,110,4,4
10692,96,78,18,18
10693,79,84,-5,5
10694,60,63,-3,3
10695,176,160,16,16
10696,41,46,-5,5
10697,50,57,-7,7
10698,45,50,-5,5
10699,168,135,33,33
10700,65,67,-2,2
10701,57,52,5,5
10702,98,98,0,0
10703,77,78,-1,1
10704,84,80,4,4
10705,76,77,-1,1
10706,75,87,-12,12
10707,93,95,-2,2
10708,71,102,-31,31
10709,87,82,5,5
10710,65,69,-4,4
10711,130,118,12,12
10712,74,66,8,8
10713,34,44,-10,10
10714,129,110,19,19
10715,114,115,-1,1
10716,70,68,2,2
10717,50,62,-12,12
10718,93,81,12,12
10719,55,57,-2,2
10720,94,81,13,13
10721,46,44,2,2
10722,50,52,-2,2
10723,104,98,6,6
10724,118,112,6,6
10725,102,98,4,4
10726,84,85,-1,1
10727,165,168,-3,3
10728,97,98,-1,1
10729,92,94,-2,2
10730,89,74,15,15
10731,76,77,-1,1
10732,75,92,-17,17
10733,142,137,5,5
10734,96,96,0,0
10735,145,144,1,1
10736,87,90,-3,3
10737,64,65,-1,1
10738,48,64,-16,16
10739,94,91,3,3
10740,69,66,3,3
10741,66,63,3,3
10742,131,119,12,12
10743,98,95,3,3
10744,94,98,-4,4
10745,65,69,-4,4
10746,89,92,-3,3
10747,128,120,8,8
10748,144,134,10,10
10749,53,64,-11,11
10750,108,112,-4,4
10751,29,44,-15,15
10752,58,60,-2,2
10753,94,101,-7,7
10754,74,73,1,1
10755,133,128,5,5
10756,75,74,1,1
10757,87,83,4,4
10758,133,128,5,5
10759,74,69,5,5
10760,80,78,2,2
10761,52,56,-4,4
10762,116,112,4,4
10763,158,148,10,10
10764,224,199,25,25
10765,97,97,0,0
10766,128,120,8,8
10767,102,99,3,3
10768,114,104,10,10
10769,41,48,-7,7
10770,86,86,0,0
10771,42,52,-10,10
10772,111,106,5,5
10773,142,141,1,1
10774,68,72,-4,4
10775,65,67,-2,2
10776,116,119,-3,3
10777,91,85,6,6
10778,157,147,10,10
10779,140,133,7,7
10780,126,114,12,12
10781,77,75,2,2
10782,86,89,-3,3
10783,102,104,-2,2
10784,95,92,3,3
10785,64,66,-2,2
10786,103,112,-9,9
10787,55,66,-11,11
10788,77,84,-7,7
10789,160,144,16,16
10790,58,65,-7,7
10791,191,186,5,5
10792,121,119,2,2
10793,77,69,8,8
10794,161,146,15,15
10795,65,66,-1,1
10796,80,97,-17,17
10797,77,84,-7,7
10798,67,76,-9,9
10799,51,55,-4,4
10800,76,76,0,0
10801,155,139,16,16
10802,96,87,9,9
10803,65,67,-2,2
10804,98,95,3,3
10805,101,99,2,2
10806,49,50,-1,1
10807,112,108,4,4
10808,81,66,15,15
10809,49,55,-6,6
10810,65,65,0,0
10811,90,86,4,4
10812,126,113,13,13
10813,48,53,-5,5
10814,120,119,1,1
10815,55,59,-4,4
10816,75,91,-16,16
10817,83,98,-15,15
10818,135,124,11,11
10819,131,125,6,6
10820,117,120,-3,3
10821,88,83,5,5
10822,92,93,-1,1
10823,90,101,-11,11
10824,98,102,-4,4
10825,101,95,6,6
10826,138,136,2,2
10827,84,89,-5,5
10828,104,105,-1,1
10829,98,113,-15,15
10830,87,92,-5,5
10831,102,104,-2,2
10832,81,85,-4,4
10833,75,78,-3,3
10834,145,129,16,16
10835,114,110,4,4
10836,63,67,-4,4
10837,51,56,-5,5
10838,109,106,3,3
10839,69,69,0,0
10840,87,98,-11,11
10841,72,68,4,4
10842,114,112,2,2
10843,96,84,12,12
10844,140,146,-6,6
10845,171,158,13,13
10846,97,97,0,0
10847,77,78,-1,1
10848,125,105,20,20
10849,75,76,-1,1
10850,98,103,-5,5
10851,118,116,2,2
10852,120,113,7,7
10853,69,71,-2,2
10854,57,61,-4,4
10855,129,115,14,14
10856,127,122,5,5
10857,81,85,-4,4
10858,102,104,-2,2
10859,154,141,13,13
10860,116,110,6,6
10861,47,50,-3,3
10862,124,117,7,7
10863,124,114,10,10
10864,138,122,16,16
10865,82,82,0,0
10866,120,111,9,9
10867,114,102,12,12
10868,90,91,-1,1
10869,88,84,4,4
10870,53,57,-4,4
10871,84,76,8,8
10872,80,83,-3,3
10873,147,135,12,12
10874,79,87,-8,8
10875,115,108,7,7
10876,80,80,0,0
10877,117,112,5,5
10878,123,118,5,5
10879,54,65,-11,11
10880,93,92,1,1
10881,145,137,8,8
10882,128,133,-5,5
10883,73,75,-2,2
10884,51,54,-3,3
10885,65,67,-2,2
10886,102,112,-10,10
10887,95,102,-7,7
10888,58,59,-1,1
10889,49,63,-14,14
10890,113,111,2,2
10891,121,124,-3,3
10892,148,138,10,10
10893,139,139,0,0
10894,96,109,-13,13
10895,143,132,11,11
10896,92,97,-5,5
10897,78,74,4,4
10898,11,25,-14,14
10899,66,71,-5,5
10900,79,77,2,2
10901,70,71,-1,1
10902,67,72,-5,5
10903,77,77,0,0
10904,144,138,6,6
10905,84,86,-2,2
10906,50,52,-2,2
10907,79,73,6,6
10908,90,101,-11,11
10909,62,59,3,3
10910,134,144,-10,10
10911,110,103,7,7
10912,78,104,-26,26
10913,142,126,16,16
10914,79,85,-6,6
10915,143,135,8,8
10916,80,87,-7,7
10917,37,43,-6,6
10918,70,68,2,2
10919,96,101,-5,5
10920,135,139,-4,4
10921,76,73,3,3
10922,181,165,16,16
10923,105,110,-5,5
10924,49,52,-3,3
10925,65,73,-8,8
10926,139,125,14,14
10927,38,46,-8,8
10928,83,75,8,8
10929,56,65,-9,9
10930,120,105,15,15
10931,109,110,-1,1
10932,160,149,11,11
10933,117,124,-7,7
10934,92,97,-5,5
10935,99,97,2,2
10936,114,113,1,1
10937,70,63,7,7
10938,93,98,-5,5
10939,112,104,8,8
10940,118,109,9,9
10941,72,68,4,4
10942,51,62,-11,11
10943,119,104,15,15
10944,85,84,1,1
10945,101,112,-11,11
10946,78,84,-6,6
10947,75,76,-1,1
10948,69,79,-10,10
10949,120,113,7,7
10950,72,70,2,2
10951,64,78,-14,14
10952,80,76,4,4
10953,80,85,-5,5
10954,75,73,2,2
10955,76,75,1,1
10956,157,140,17,17
10957,80,97,-17,17
10958,117,117,0,0
10959,103,92,11,11
10960,129,112,17,17
10961,139,132,7,7
10962,98,96,2,2
10963,87,77,10,10
10964,165,143,22,22
10965,73,78,-5,5
10966,137,133,4,4
10967,150,150,0,0
10968,74,81,-7,7
10969,157,145,12,12
10970,82,98,-16,16
10971,74,70,4,4
10972,37,57,-20,20
10973,95,96,-1,1
10974,104,98,6,6
10975,124,124,0,0
10976,37,48,-11,11
10977,80,103,-23,23
10978,80,91,-11,11
10979,88,84,4,4
10980,147,122,25,25
10981,65,72,-7,7
10982,101,100,1,1
10983,93,91,2,2
10984,71,74,-3,3
10985,64,61,3,3
10986,71,76,-5,5
10987,60,69,-9,9
10988,64,76,-12,12
10989,55,58,-3,3
10990,48,74,-26,26
10991,141,128,13,13
10992,95,94,1,1
10993,58,64,-6,6
10994,95,91,4,4
10995,71,76,-5,5
10996,89,87,2,2
10997,125,120,5,5
10998,170,170,0,0
10999,153,150,3,3
11000,84,81,3,3
11001,137,136,1,1
11002,81,76,5,5
11003,77,93,-16,16
11004,75,83,-8,8
11005,110,111,-1,1
11006,53,56,-3,3
11007,92,88,4,4
11008,105,112,-7,7
11009,55,63,-8,8
11010,85,99,-14,14
11011,141,124,17,17
11012,126,127,-1,1
11013,82,79,3,3
11014,124,114,10,10
11015,76,92,-16,16
11016,126,108,18,18
11017,56,63,-7,7
11018,65,66,-1,1
11019,91,99,-8,8
11020,65,70,-5,5
11021,84,86,-2,2
11022,95,96,-1,1
11023,109,97,12,12
11024,74,70,4,4
11025,60,58,2,2
11026,65,62,3,3
11027,77,76,1,1
11028,79,78,1,1
11029,65,64,1,1
11030,110,110,0,0
11031,116,124,-8,8
11032,67,70,-3,3
11033,83,85,-2,2
11034,120,113,7,7
11035,157,127,30,30
11036,123,119,4,4
11037,80,78,2,2
11038,99,107,-8,8
11039,88,83,5,5
11040,67,83,-16,16
11041,134,131,3,3
11042,76,74,2,2
11043,96,103,-7,7
11044,83,90,-7,7
11045,57,64,-7,7
11046,93,90,3,3
11047,60,63,-3,3
11048,85,86,-1,1
11049,62,74,-12,12
11050,110,112,-2,2
11051,108,109,-1,1
11052,66,67,-1,1
11053,67,77,-10,10
11054,71,69,2,2
11055,79,77,2,2
11056,145,145,0,0
11057,62,72,-10,10
11058,60,69,-9,9
11059,126,123,3,3
11060,120,119,1,1
11061,67,69,-2,2
11062,96,97,-1,1
11063,54,55,-1,1
11064,66,64,2,2
11065,101,100,1,1
11066,83,76,7,7
11067,120,111,9,9
11068,186,176,10,10
11069,72,73,-1,1
11070,91,94,-3,3
11071,158,144,14,14
11072,67,72,-5,5
11073,118,100,18,18
11074,63,62,1,1
11075,105,100,5,5
11076,124,112,12,12
11077,108,90,18,18
11078,121,111,10,10
11079,39,42,-3,3
11080,90,95,-5,5
11081,218,220,-2,2
11082,71,79,-8,8
11083,81,89,-8,8
11084,61,60,1,1
11085,86,78,8,8
11086,59,62,-3,3
11087,168,168,0,0
11088,86,98,-12,12
11089,104,110,-6,6
11090,89,91,-2,2
11091,80,78,2,2
11092,81,77,4,4
11093,87,84,3,3
11094,119,108,11,11
11095,136,127,9,9
11096,113,103,10,10
11097,68,75,-7,7
11098,86,75,11,11
11099,103,101,2,2
11100,72,80,-8,8
11101,142,147,-5,5
11102,172,184,-12,12
11103,166,160,6,6
11104,96,105,-9,9
11105,106,115,-9,9
11106,125,117,8,8
11107,125,118,7,7
11108,75,101,-26,26
11109,94,86,8,8
11110,103,103,0,0
11111,58,60,-2,2
11112,81,76,5,5
11113,133,118,15,15
11114,122,119,3,3
11115,99,105,-6,6
11116,67,69,-2,2
11117,126,114,12,12
11118,91,86,5,5
11119,73,77,-4,4
11120,89,95,-6,6
11121,124,138,-14,14
11122,68,60,8,8
11123,126,120,6,6
11124,76,80,-4,4
11125,167,146,21,21
11126,36,43,-7,7
11127,137,131,6,6
11128,93,93,0,0
11129,115,112,3,3
11130,125,115,10,10
11131,79,78,1,1
11132,59,63,-4,4
11133,90,94,-4,4
11134,73,76,-3,3
11135,74,70,4,4
11136,111,104,7,7
11137,129,125,4,4
11138,80,79,1,1
11139,97,94,3,3
11140,83,83,0,0
11141,129,123,6,6
11142,120,118,2,2
11143,93,85,8,8
11144,95,105,-10,10
11145,101,98,3,3
11146,93,96,-3,3
11147,112,120,-8,8
11148,103,102,1,1
11149,60,66,-6,6
11150,95,108,-13,13
11151,62,59,3,3
11152,69,73,-4,4
11153,83,98,-15,15
11154,53,51,2,2
11155,98,89,9,9
11156,101,110,-9,9
11157,73,86,-13,13
11158,94,104,-10,10
11159,55,61,-6,6
11160,93,109,-16,16
11161,70,74,-4,4
11162,102,110,-8,8
11163,75,72,3,3
11164,77,69,8,8
11165,96,93,3,3
11166,93,102,-9,9
11167,78,85,-7,7
11168,155,141,14,14
11169,94,94,0,0
11170,66,69,-3,3
11171,71,83,-12,12
11172,96,94,2,2
11173,143,137,6,6
11174,60,63,-3,3
11175,79,85,-6,6
11176,93,89,4,4
11177,126,121,5,5
11178,128,119,9,9
11179,103,95,8,8
11180,95,93,2,2
11181,86,98,-12,12
11182,95,91,4,4
11183,68,67,1,1
11184,102,108,-6,6
11185,74,75,-1,1
11186,94,118,-24,24
11187,83,67,16,16
11188,107,104,3,3
11189,65,64,1,1
11190,66,71,-5,5
11191,113,112,1,1
11192,164,140,24,24
11193,60,66,-6,6
11194,139,147,-8,8
11195,96,101,-5,5
11196,87,75,12,12
11197,113,110,3,3
11198,180,170,10,10
11199,106,101,5,5
11200,73,76,-3,3
11201,121,124,-3,3
11202,125,117,8,8
11203,62,67,-5,5
11204,56,56,0,0
11205,81,80,1,1
11206,103,97,6,6
11207,107,101,6,6
11208,70,67,3,3
11209,107,99,8,8
11210,167,193,-26,26
11211,72,60,12,12
11212,123,112,11,11
11213,178,185,-7,7
11214,142,147,-5,5
11215,138,125,13,13
11216,148,131,17,17
11217,141,139,2,2
11218,119,126,-7,7
11219,67,69,-2,2
11220,126,137,-11,11
11221,35,58,-23,23
11222,86,89,-3,3
11223,82,93,-11,11
11224,135,160,-25,25
11225,111,104,7,7
11226,145,136,9,9
11227,99,82,17,17
11228,69,76,-7,7
11229,81,92,-11,11
11230,58,61,-3,3
11231,58,69,-11,11
11232,141,117,24,24
11233,75,70,5,5
11234,108,114,-6,6
11235,128,133,-5,5
11236,87,102,-15,15
11237,90,98,-8,8
11238,133,130,3,3
11239,73,71,2,2
11240,63,66,-3,3
11241,73,75,-2,2
11242,136,139,-3,3
11243,105,98,7,7
11244,60,66,-6,6
11245,102,97,5,5
11246,100,98,2,2
11247,57,61,-4,4
11248,71,72,-1,1
11249,76,74,2,2
11250,58,63,-5,5
11251,204,188,16,16
11252,96,94,2,2
11253,113,104,9,9
11254,114,98,16,16
11255,138,129,9,9
11256,79,87,-8,8
11257,142,129,13,13
11258,109,102,7,7
11259,141,135,6,6
11260,73,70,3,3
11261,89,78,11,11
11262,85,92,-7,7
11263,159,143,16,16
11264,107,103,4,4
11265,68,76,-8,8
11266,79,85,-6,6
11267,109,108,1,1
11268,78,73,5,5
11269,61,68,-7,7
11270,102,103,-1,1
11271,140,140,0,0
11272,156,146,10,10
11273,155,145,10,10
11274,118,107,11,11
11275,85,81,4,4
11276,162,146,16,16
11277,105,107,-2,2
11278,100,100,0,0
11279,102,94,8,8
11280,130,121,9,9
11281,55,61,-6,6
11282,69,79,-10,10
11283,89,83,6,6
11284,39,55,-16,16
11285,139,127,12,12
11286,94,95,-1,1
11287,79,70,9,9
11288,171,157,14,14
11289,139,130,9,9
11290,85,92,-7,7
11291,86,88,-2,2
11292,114,107,7,7
11293,134,123,11,11
11294,51,56,-5,5
11295,47,56,-9,9
11296,56,63,-7,7
11297,72,71,1,1
11298,96,101,-5,5
11299,143,136,7,7
11300,115,98,17,17
11301,99,106,-7,7
11302,91,101,-10,10
11303,85,88,-3,3
11304,151,131,20,20
11305,42,56,-14,14
11306,125,118,7,7
11307,41,71,-30,30
11308,137,111,26,26
11309,100,94,6,6
11310,143,120,23,23
11311,174,168,6,6
11312,81,77,4,4
11313,106,102,4,4
11314,150,134,16,16
11315,66,72,-6,6
11316,119,113,6,6
11317,133,115,18,18
11318,58,64,-6,6
11319,90,93,-3,3
11320,111,109,2,2
11321,157,139,18,18
11322,106,101,5,5
11323,121,112,9,9
11324,61,65,-4,4
11325,111,110,1,1
11326,88,90,-2,2
11327,81,86,-5,5
11328,93,90,3,3
11329,77,77,0,0
11330,163,139,24,24
11331,104,103,1,1
11332,76,69,7,7
11333,52,56,-4,4
11334,87,96,-9,9
11335,104,100,4,4
11336,62,60,2,2
11337,112,112,0,0
11338,76,83,-7,7
11339,129,120,9,9
11340,106,111,-5,5
11341,63,67,-4,4
11342,87,92,-5,5
11343,106,110,-4,4
11344,86,76,10,10
11345,88,92,-4,4
11346,89,91,-2,2
11347,71,74,-3,3
11348,116,105,11,11
11349,55,59,-4,4
11350,83,94,-11,11
11351,64,68,-4,4
11352,71,69,2,2
11353,128,114,14,14
11354,57,59,-2,2
11355,127,128,-1,1
11356,47,48,-1,1
11357,94,88,6,6
11358,60,59,1,1
11359,60,70,-10,10
11360,55,66,-11,11
11361,97,99,-2,2
11362,82,84,-2,2
11363,109,104,5,5
11364,111,103,8,8
11365,61,63,-2,2
11366,70,74,-4,4
11367,79,77,2,2
11368,107,106,1,1
11369,89,88,1,1
11370,60,60,0,0
11371,147,143,4,4
11372,83,81,2,2
11373,104,101,3,3
11374,134,138,-4,4
11375,88,89,-1,1
11376,35,45,-10,10
11377,117,125,-8,8
11378,78,77,1,1
11379,149,136,13,13
11380,85,88,-3,3
11381,97,98,-1,1
11382,115,120,-5,5
11383,109,96,13,13
11384,81,78,3,3
11385,81,91,-10,10
11386,93,100,-7,7
11387,123,124,-1,1
11388,95,95,0,0
11389,102,97,5,5
11390,57,58,-1,1
11391,179,172,7,7
11392,126,126,0,0
11393,62,64,-2,2
11394,65,74,-9,9
11395,109,102,7,7
11396,74,75,-1,1
11397,113,111,2,2
11398,121,113,8,8
11399,114,113,1,1
11400,63,65,-2,2
11401,103,101,2,2
11402,80,75,5,5
11403,45,77,-32,32
11404,93,95,-2,2
11405,121,111,10,10
11406,166,163,3,3
11407,63,78,-15,15
11408,66,64,2,2
11409,55,77,-22,22
11410,116,116,0,0
11411,96,95,1,1
11412,76,75,1,1
11413,54,65,-11,11
11414,108,107,1,1
11415,51,58,-7,7
11416,109,102,7,7
11417,75,73,2,2
11418,86,92,-6,6
11419,82,93,-11,11
11420,36,46,-10,10
11421,64,73,-9,9
11422,119,105,14,14
11423,53,65,-12,12
11424,73,75,-2,2
11425,58,58,0,0
11426,41,49,-8,8
11427,58,66,-8,8
11428,118,115,3,3
11429,134,124,10,10
11430,75,78,-3,3
11431,50,59,-9,9
11432,98,100,-2,2
11433,33,42,-9,9
11434,109,101,8,8
11435,79,85,-6,6
11436,60,61,-1,1
11437,100,103,-3,3
11438,85,75,10,10
11439,75,78,-3,3
11440,82,77,5,5
11441,57,61,-4,4
11442,164,159,5,5
11443,157,144,13,13
11444,76,73,3,3
11445,72,78,-6,6
11446,57,82,-25,25
11447,96,111,-15,15
11448,90,89,1,1
11449,100,99,1,1
11450,129,122,7,7
11451,91,87,4,4
11452,98,96,2,2
11453,102,97,5,5
11454,198,198,0,0
11455,78,75,3,3
11456,60,64,-4,4
11457,173,164,9,9
11458,98,97,1,1
11459,72,72,0,0
11460,90,116,-26,26
11461,170,156,14,14
11462,163,148,15,15
11463,77,83,-6,6
11464,66,70,-4,4
11465,67,61,6,6
11466,66,76,-10,10
11467,99,86,13,13
11468,86,84,2,2
11469,85,88,-3,3
11470,71,72,-1,1
11471,136,124,12,12
11472,86,81,5,5
11473,60,66,-6,6
11474,119,118,1,1
11475,132,132,0,0
11476,114,116,-2,2
11477,66,66,0,0
11478,147,136,11,11
11479,90,91,-1,1
11480,112,110,2,2
11481,68,64,4,4
11482,119,111,8,8
11483,121,113,8,8
11484,70,97,-27,27
11485,124,113,11,11
11486,47,56,-9,9
11487,70,81,-11,11
11488,80,74,6,6
11489,44,51,-7,7
11490,75,83,-8,8
11491,65,69,-4,4
11492,80,74,6,6
11493,95,97,-2,2
11494,124,113,11,11
11495,50,60,-10,10
11496,133,119,14,14
11497,77,78,-1,1
11498,105,106,-1,1
11499,70,69,1,1
11500,86,88,-2,2
11501,97,87,10,10
11502,80,76,4,4
11503,98,103,-5,5
11504,106,106,0,0
11505,74,70,4,4
11506,66,70,-4,4
11507,118,118,0,0
11508,110,99,11,11
11509,156,145,11,11
11510,67,67,0,0
11511,170,139,31,31
11512,117,105,12,12
11513,101,99,2,2
11514,130,124,6,6
11515,93,103,-10,10
11516,105,100,5,5
11517,41,63,-22,22
11518,84,72,12,12
11519,59,61,-2,2
11520,141,131,10,10
11521,47,68,-21,21
11522,114,95,19,19
11523,137,127,10,10
11524,126,135,-9,9
11525,62,65,-3,3
11526,111,110,1,1
11527,74,75,-1,1
11528,81,74,7,7
11529,160,150,10,10
11530,102,101,1,1
11531,91,84,7,7
11532,83,88,-5,5
11533,72,66,6,6
11534,68,75,-7,7
11535,126,112,14,14
11536,77,84,-7,7
11537,160,136,24,24
11538,106,107,-1,1
11539,81,85,-4,4
11540,170,135,35,35
11541,131,123,8,8
11542,50,66,-16,16
11543,115,110,5,5
11544,70,78,-8,8
11545,109,116,-7,7
11546,72,67,5,5
11547,74,77,-3,3
11548,67,71,-4,4
11549,81,74,7,7
11550,83,86,-3,3
11551,105,101,4,4
11552,95,102,-7,7
11553,133,121,12,12
11554,115,122,-7,7
11555,98,94,4,4
11556,55,53,2,2
11557,109,109,0,0
11558,50,63,-13,13
11559,145,130,15,15
11560,89,77,12,12
11561,85,88,-3,3
11562,85,87,-2,2
11563,65,80,-15,15
11564,86,88,-2,2
11565,105,93,12,12
11566,53,57,-4,4
11567,60,67,-7,7
11568,121,112,9,9
11569,52,66,-14,14
11570,53,60,-7,7
11571,164,157,7,7
11572,92,98,-6,6
11573,100,100,0,0
11574,111,105,6,6
11575,67,66,1,1
11576,169,156,13,13
11577,86,86,0,0
11578,51,48,3,3
11579,96,97,-1,1
11580,97,83,14,14
11581,82,72,10,10
11582,75,77,-2,2
11583,103,98,5,5
11584,91,87,4,4
11585,108,108,0,0
11586,85,89,-4,4
11587,137,132,5,5
11588,88,93,-5,5
11589,167,150,17,17
11590,65,70,-5,5
11591,92,84,8,8
11592,98,88,10,10
11593,68,71,-3,3
11594,65,64,1,1
11595,60,61,-1,1
11596,71,68,3,3
11597,50,54,-4,4
11598,79,80,-1,1
11599,102,98,4,4
11600,85,80,5,5
11601,69,70,-1,1
11602,105,108,-3,3
11603,114,106,8,8
11604,77,77,0,0
11605,70,65,5,5
11606,80,80,0,0
11607,137,140,-3,3
11608,105,99,6,6
11609,83,94,-11,11
11610,95,96,-1,1
11611,70,83,-13,13
11612,183,170,13,13
11613,50,58,-8,8
11614,164,153,11,11
11615,125,114,11,11
11616,90,91,-1,1
11617,108,107,1,1
11618,150,137,13,13
11619,90,84,6,6
11620,73,72,1,1
11621,86,97,-11,11
11622,91,102,-11,11
11623,108,110,-2,2
11624,120,110,10,10
11625,127,114,13,13
11626,65,65,0,0
11627,121,95,26,26
11628,80,75,5,5
11629,89,74,15,15
11630,81,75,6,6
11631,96,74,22,22
11632,119,114,5,5
11633,118,115,3,3
11634,128,127,1,1
11635,56,71,-15,15
11636,56,66,-10,10
11637,86,85,1,1
11638,79,75,4,4
11639,116,102,14,14
11640,69,71,-2,2
11641,111,96,15,15
11642,81,97,-16,16
11643,56,59,-3,3
11644,119,120,-1,1
11645,82,76,6,6
11646,81,76,5,5
11647,136,118,18,18
11648,127,126,1,1
11649,108,113,-5,5
11650,129,126,3,3
11651,74,99,-25,25
11652,63,78,-15,15
11653,168,151,17,17
11654,100,103,-3,3
11655,66,71,-5,5
11656,70,79,-9,9
11657,101,98,3,3
11658,112,99,13,13
11659,102,93,9,9
11660,124,116,8,8
11661,82,84,-2,2
11662,94,98,-4,4
11663,70,80,-10,10
11664,72,77,-5,5
11665,67,69,-2,2
11666,117,125,-8,8
11667,47,50,-3,3
11668,110,100,10,10
11669,93,92,1,1
11670,64,65,-1,1
11671,134,130,4,4
11672,66,66,0,0
11673,69,65,4,4
11674,99,103,-4,4
11675,137,128,9,9
11676,58,65,-7,7
11677,85,79,6,6
11678,94,91,3,3
11679,104,103,1,1
11680,108,105,3,3
11681,89,84,5,5
11682,176,159,17,17
11683,88,91,-3,3
11684,46,56,-10,10
11685,94,97,-3,3
11686,162,154,8,8
11687,92,90,2,2
11688,96,94,2,2
11689,124,120,4,4
11690,74,80,-6,6
11691,68,76,-8,8
11692,67,72,-5,5
11693,90,97,-7,7
11694,87,79,8,8
11695,86,79,7,7
11696,68,71,-3,3
11697,90,86,4,4
11698,77,85,-8,8
11699,126,106,20,20
11700,126,115,11,11
11701,94,98,-4,4
11702,172,167,5,5
11703,63,93,-30,30
11704,101,97,4,4
11705,148,139,9,9
11706,87,93,-6,6
11707,127,114,13,13
11708,121,103,18,18
11709,142,144,-2,2
11710,73,76,-3,3
11711,71,72,-1,1
11712,103,127,-24,24
11713,39,46,-7,7
11714,99,102,-3,3
11715,69,70,-1,1
11716,182,164,18,18
11717,138,157,-19,19
11718,142,134,8,8
11719,114,117,-3,3
11720,54,57,-3,3
11721,93,91,2,2
11722,110,100,10,10
11723,38,47,-9,9
11724,133,132,1,1
11725,143,128,15,15
11726,125,127,-2,2
11727,69,71,-2,2
11728,120,115,5,5
11729,121,130,-9,9
11730,71,68,3,3
11731,97,97,0,0
11732,104,98,6,6
11733,97,96,1,1
11734,47,54,-7,7
11735,184,172,12,12
11736,110,118,-8,8
11737,67,67,0,0
11738,106,107,-1,1
11739,66,78,-12,12
11740,118,107,11,11
11741,81,80,1,1
11742,83,86,-3,3
11743,64,75,-11,11
11744,70,63,7,7
11745,50,56,-6,6
11746,93,87,6,6
11747,157,139,18,18
11748,51,55,-4,4
11749,77,77,0,0
11750,87,88,-1,1
11751,119,109,10,10
11752,115,108,7,7
11753,85,76,9,9
11754,63,77,-14,14
11755,91,95,-4,4
11756,67,67,0,0
11757,64,73,-9,9
11758,127,132,-5,5
11759,67,69,-2,2
11760,71,73,-2,2
11761,96,89,7,7
11762,111,112,-1,1
11763,62,64,-2,2
11764,77,70,7,7
11765,174,175,-1,1
11766,138,121,17,17
11767,65,69,-4,4
11768,116,107,9,9
11769,47,55,-8,8
11770,119,112,7,7
11771,94,87,7,7
11772,122,115,7,7
11773,92,98,-6,6
11774,148,127,21,21
11775,67,75,-8,8
11776,101,103,-2,2
11777,86,86,0,0
11778,53,53,0,0
11779,77,82,-5,5
11780,126,114,12,12
11781,74,68,6,6
11782,91,93,-2,2
11783,81,85,-4,4
11784,43,52,-9,9
11785,114,109,5,5
11786,79,81,-2,2
11787,96,92,4,4
11788,106,97,9,9
11789,79,88,-9,9
11790,120,130,-10,10
11791,107,105,2,2
11792,98,99,-1,1
11793,47,50,-3,3
11794,76,79,-3,3
11795,85,86,-1,1
11796,67,77,-10,10
11797,79,76,3,3
11798,90,102,-12,12
11799,84,78,6,6
11800,152,135,17,17
11801,152,136,16,16
11802,87,87,0,0
11803,65,68,-3,3
11804,83,82,1,1
11805,205,179,26,26
11806,151,148,3,3
11807,114,100,14,14
11808,83,87,-4,4
11809,66,74,-8,8
11810,66,70,-4,4
11811,105,101,4,4
11812,176,157,19,19
11813,166,154,12,12
11814,185,163,22,22
11815,108,109,-1,1
11816,95,95,0,0
11817,67,84,-17,17
11818,87,87,0,0
11819,82,88,-6,6
11820,121,114,7,7
11821,71,77,-6,6
11822,62,69,-7,7
11823,113,96,17,17
11824,104,100,4,4
11825,68,73,-5,5
11826,93,98,-5,5
11827,74,69,5,5
11828,60,66,-6,6
11829,80,88,-8,8
11830,70,76,-6,6
11831,75,79,-4,4
11832,76,70,6,6
11833,75,73,2,2
11834,80,73,7,7
11835,45,57,-12,12
11836,93,107,-14,14
11837,99,110,-11,11
11838,77,67,10,10
11839,89,84,5,5
11840,143,146,-3,3
11841,83,87,-4,4
11842,102,101,1,1
11843,122,121,1,1
11844,118,107,11,11
11845,132,112,20,20
11846,102,110,-8,8
11847,75,72,3,3
11848,105,107,-2,2
11849,124,115,9,9
11850,75,73,2,2
11851,47,57,-10,10
11852,130,128,2,2
11853,147,134,13,13
11854,134,125,9,9
11855,71,71,0,0
11856,72,72,0,0
11857,42,50,-8,8
11858,97,92,5,5
11859,99,105,-6,6
11860,147,150,-3,3
11861,127,121,6,6
11862,65,64,1,1
11863,73,90,-17,17
11864,54,64,-10,10
11865,87,86,1,1
11866,125,130,-5,5
11867,120,121,-1,1
11868,75,76,-1,1
11869,101,104,-3,3
11870,139,131,8,8
11871,93,91,2,2
11872,85,90,-5,5
11873,162,147,15,15
11874,158,149,9,9
11875,234,197,37,37
11876,76,77,-1,1
11877,68,65,3,3
11878,60,61,-1,1
11879,115,106,9,9
11880,92,92,0,0
11881,99,82,17,17
11882,95,90,5,5
11883,69,85,-16,16
11884,53,62,-9,9
11885,100,96,4,4
11886,157,147,10,10
11887,103,98,5,5
11888,117,114,3,3
11889,100,98,2,2
11890,95,88,7,7
11891,146,131,15,15
11892,97,93,4,4
11893,49,55,-6,6
11894,83,87,-4,4
11895,89,81,8,8
11896,97,99,-2,2
11897,98,100,-2,2
11898,99,97,2,2
11899,52,63,-11,11
11900,92,93,-1,1
11901,128,132,-4,4
11902,60,62,-2,2
11903,47,54,-7,7
11904,106,99,7,7
11905,78,72,6,6
11906,143,148,-5,5
11907,90,87,3,3
11908,125,116,9,9
11909,80,90,-10,10
11910,114,109,5,5
11911,161,145,16,16
11912,120,114,6,6
11913,41,64,-23,23
11914,38,46,-8,8
11915,105,112,-7,7
11916,48,50,-2,2
11917,58,64,-6,6
11918,112,105,7,7
11919,59,63,-4,4
11920,76,79,-3,3
11921,118,112,6,6
11922,77,75,2,2
11923,51,60,-9,9
11924,76,71,5,5
11925,56,60,-4,4
11926,40,51,-11,11
11927,69,71,-2,2
11928,77,78,-1,1
11929,91,93,-2,2
11930,149,141,8,8
11931,110,105,5,5
11932,115,117,-2,2
11933,117,113,4,4
11934,93,93,0,0
11935,31,47,-16,16
11936,111,121,-10,10
11937,79,88,-9,9
11938,72,74,-2,2
11939,44,50,-6,6
11940,89,90,-1,1
11941,51,56,-5,5
11942,186,184,2,2
11943,144,129,15,15
11944,98,92,6,6
11945,68,68,0,0
11946,82,83,-1,1
11947,110,100,10,10
11948,101,79,22,22
11949,73,75,-2,2
11950,106,105,1,1
11951,50,52,-2,2
11952,128,122,6,6
11953,82,84,-2,2
11954,39,62,-23,23
11955,57,63,-6,6
11956,100,98,2,2
11957,132,123,9,9
11958,58,65,-7,7
11959,65,65,0,0
11960,46,53,-7,7
11961,90,88,2,2
11962,132,125,7,7
11963,84,89,-5,5
11964,95,93,2,2
11965,152,147,5,5
11966,67,70,-3,3
11967,96,108,-12,12
11968,78,80,-2,2
11969,99,90,9,9
11970,71,79,-8,8
11971,116,108,8,8
11972,122,125,-3,3
11973,81,81,0,0
11974,42,52,-10,10
11975,121,115,6,6
11976,144,136,8,8
11977,190,183,7,7
11978,132,125,7,7
11979,112,99,13,13
11980,106,90,16,16
11981,104,95,9,9
11982,79,77,2,2
11983,81,86,-5,5
11984,92,107,-15,15
11985,55,62,-7,7
11986,85,78,7,7
11987,72,74,-2,2
11988,48,52,-4,4
11989,92,102,-10,10
11990,44,50,-6,6
11991,112,106,6,6
11992,118,112,6,6
11993,74,78,-4,4
11994,102,89,13,13
11995,93,100,-7,7
11996,113,104,9,9
11997,89,93,-4,4
11998,133,128,5,5
11999,45,52,-7,7
12000,53,57,-4,4
12001,139,133,6,6
12002,61,61,0,0
12003,85,99,-14,14
12004,67,68,-1,1
12005,81,76,5,5
12006,33,42,-9,9
12007,74,75,-1,1
12008,81,77,4,4
12009,81,82,-1,1
12010,114,112,2,2
12011,158,157,1,1
12012,59,68,-9,9
12013,60,67,-7,7
12014,111,106,5,5
12015,102,99,3,3
12016,89,80,9,9
12017,80,77,3,3
12018,73,77,-4,4
12019,53,56,-3,3
12020,124,119,5,5
12021,108,105,3,3
12022,101,91,10,10
12023,93,97,-4,4
12024,69,72,-3,3
12025,111,114,-3,3
12026,74,79,-5,5
12027,80,77,3,3
12028,101,93,8,8
12029,127,138,-11,11
12030,78,75,3,3
12031,143,145,-2,2
12032,114,127,-13,13
12033,49,73,-24,24
12034,115,121,-6,6
12035,103,90,13,13
12036,84,89,-5,5
12037,88,89,-1,1
12038,92,91,1,1
12039,108,112,-4,4
12040,90,89,1,1
12041,65,73,-8,8
12042,60,64,-4,4
12043,72,71,1,1
12044,129,135,-6,6
12045,76,76,0,0
12046,109,112,-3,3
12047,88,100,-12,12
12048,60,62,-2,2
12049,47,44,3,3
12050,100,94,6,6
12051,117,123,-6,6
12052,125,112,13,13
12053,113,104,9,9
12054,54,58,-4,4
12055,111,114,-3,3
12056,156,139,17,17
12057,110,107,3,3
12058,82,86,-4,4
12059,114,106,8,8
12060,68,73,-5,5
12061,66,75,-9,9
12062,90,95,-5,5
12063,63,66,-3,3
12064,100,98,2,2
12065,66,69,-3,3
12066,141,133,8,8
12067,79,77,2,2
12068,104,91,13,13
12069,140,125,15,15
12070,72,77,-5,5
12071,39,47,-8,8
12072,118,110,8,8
12073,97,88,9,9
12074,95,104,-9,9
12075,86,90,-4,4
12076,90,88,2,2
12077,86,99,-13,13
12078,95,93,2,2
12079,118,108,10,10
12080,94,90,4,4
12081,130,127,3,3
12082,58,60,-2,2
12083,121,121,0,0
12084,125,124,1,1
12085,150,146,4,4
12086,102,99,3,3
12087,122,113,9,9
12088,109,103,6,6
12089,74,79,-5,5
12090,93,87,6,6
12091,53,59,-6,6
12092,117,122,-5,5
12093,93,92,1,1
12094,191,191,0,0
12095,142,119,23,23
12096,123,108,15,15
12097,83,90,-7,7
12098,127,123,4,4
12099,83,85,-2,2
12100,85,82,3,3
12101,83,84,-1,1
12102,94,88,6,6
12103,164,149,15,15
12104,72,67,5,5
12105,76,63,13,13
12106,122,105,17,17
12107,59,45,14,14
12108,87,86,1,1
12109,88,66,22,22
12110,61,63,-2,2
12111,154,141,13,13
12112,159,145,14,14
12113,163,143,20,20
12114,104,100,4,4
12115,121,124,-3,3
12116,116,107,9,9
12117,98,101,-3,3
12118,84,87,-3,3
12119,42,51,-9,9
12120,78,77,1,1
12121,99,114,-15,15
12122,77,92,-15,15
12123,189,167,22,22
12124,66,78,-12,12
12125,144,141,3,3
12126,196,180,16,16
12127,107,101,6,6
12128,68,75,-7,7
12129,88,86,2,2
12130,36,47,-11,11
12131,107,112,-5,5
12132,123,112,11,11
12133,62,64,-2,2
12134,207,192,15,15
12135,89,88,1,1
12136,74,78,-4,4
12137,87,89,-2,2
12138,135,131,4,4
12139,72,70,2,2
12140,183,135,48,48
12141,118,126,-8,8
12142,110,83,27,27
12143,111,108,3,3
12144,122,109,13,13
12145,90,95,-5,5
12146,121,118,3,3
12147,58,64,-6,6
12148,126,120,6,6
12149,105,98,7,7
12150,109,106,3,3
12151,71,73,-2,2
12152,148,141,7,7
12153,95,98,-3,3
12154,103,103,0,0
12155,90,91,-1,1
12156,77,82,-5,5
12157,126,114,12,12
12158,141,131,10,10
12159,134,118,16,16
12160,49,51,-2,2
12161,99,100,-1,1
12162,130,120,10,10
12163,74,71,3,3
12164,64,64,0,0
12165,196,173,23,23
12166,106,109,-3,3
12167,100,103,-3,3
12168,88,85,3,3
12169,116,111,5,5
12170,107,107,0,0
12171,128,126,2,2
12172,93,87,6,6
12173,150,131,19,19
12174,92,84,8,8
12175,96,89,7,7
12176,115,107,8,8
12177,111,103,8,8
12178,87,95,-8,8
12179,69,72,-3,3
12180,139,146,-7,7
12181,104,105,-1,1
12182,115,116,-1,1
12183,114,103,11,11
12184,58,60,-2,2
12185,77,77,0,0
12186,79,85,-6,6
12187,114,113,1,1
12188,111,113,-2,2
12189,102,97,5,5
12190,161,151,10,10
12191,197,182,15,15
12192,72,70,2,2
12193,142,140,2,2
12194,49,62,-13,13
12195,63,69,-6,6
12196,135,136,-1,1
12197,192,167,25,25
12198,47,53,-6,6
12199,110,109,1,1
12200,71,71,0,0
12201,108,112,-4,4
12202,137,138,-1,1
12203,128,121,7,7
12204,137,132,5,5
12205,148,140,8,8
12206,82,85,-3,3
12207,70,78,-8,8
12208,60,59,1,1
12209,115,112,3,3
12210,76,75,1,1
12211,86,81,5,5
12212,97,96,1,1
12213,122,118,4,4
12214,104,98,6,6
12215,149,148,1,1
12216,73,74,-1,1
12217,88,87,1,1
12218,93,86,7,7
12219,94,95,-1,1
12220,110,102,8,8
12221,56,62,-6,6
12222,66,73,-7,7
12223,73,76,-3,3
12224,96,99,-3,3
12225,121,112,9,9
12226,122,124,-2,2
12227,94,96,-2,2
12228,88,100,-12,12
12229,130,133,-3,3
12230,63,59,4,4
12231,141,128,13,13
12232,54,65,-11,11
12233,73,75,-2,2
12234,71,72,-1,1
12235,95,91,4,4
12236,121,109,12,12
12237,73,73,0,0
12238,125,122,3,3
12239,67,75,-8,8
12240,121,115,6,6
12241,109,107,2,2
12242,64,67,-3,3
12243,96,91,5,5
12244,119,126,-7,7
12245,93,96,-3,3
12246,75,74,1,1
12247,95,94,1,1
12248,66,72,-6,6
12249,99,99,0,0
12250,47,53,-6,6
12251,84,99,-15,15
12252,165,188,-23,23
12253,97,94,3,3
12254,73,76,-3,3
12255,37,48,-11,11
12256,104,94,10,10
12257,71,73,-2,2
12258,65,70,-5,5
12259,66,63,3,3
12260,63,65,-2,2
12261,96,98,-2,2
12262,130,121,9,9
12263,141,136,5,5
12264,86,104,-18,18
12265,108,112,-4,4
12266,128,114,14,14
12267,118,108,10,10
12268,83,75,8,8
12269,68,67,1,1
12270,84,87,-3,3
12271,105,99,6,6
12272,61,75,-14,14
12273,73,76,-3,3
12274,65,68,-3,3
12275,131,109,22,22
12276,118,110,8,8
12277,93,95,-2,2
12278,76,72,4,4
12279,75,75,0,0
12280,65,70,-5,5
12281,70,67,3,3
12282,140,141,-1,1
12283,95,90,5,5
12284,145,125,20,20
12285,82,71,11,11
12286,185,166,19,19
12287,71,72,-1,1
12288,100,104,-4,4
12289,99,92,7,7
12290,64,68,-4,4
12291,65,69,-4,4
12292,51,53,-2,2
12293,79,90,-11,11
12294,50,61,-11,11
12295,128,139,-11,11
12296,109,102,7,7
12297,106,95,11,11
12298,50,57,-7,7
12299,126,117,9,9
12300,105,102,3,3
12301,39,51,-12,12
12302,70,71,-1,1
12303,134,104,30,30
12304,46,56,-10,10
12305,81,84,-3,3
12306,115,111,4,4
12307,56,67,-11,11
12308,90,90,0,0
12309,107,100,7,7
12310,38,46,-8,8
12311,112,102,10,10
12312,86,90,-4,4
12313,102,99,3,3
12314,81,89,-8,8
12315,133,124,9,9
12316,65,67,-2,2
12317,67,83,-16,16
12318,63,72,-9,9
12319,105,96,9,9
12320,81,81,0,0
12321,97,103,-6,6
12322,96,100,-4,4
12323,113,124,-11,11
12324,91,92,-1,1
12325,67,80,-13,13
12326,85,85,0,0
12327,102,100,2,2
12328,76,77,-1,1
12329,190,188,2,2
12330,63,69,-6,6
12331,87,74,13,13
12332,140,128,12,12
12333,113,100,13,13
12334,102,101,1,1
12335,62,60,2,2
12336,57,59,-2,2
12337,48,57,-9,9
12338,62,61,1,1
12339,94,108,-14,14
12340,95,105,-10,10
12341,183,169,14,14
12342,80,80,0,0
12343,164,154,10,10
12344,66,63,3,3
12345,67,83,-16,16
12346,103,105,-2,2
12347,69,81,-12,12
12348,118,114,4,4
12349,78,76,2,2
12350,66,67,-1,1
12351,94,91,3,3
12352,92,93,-1,1
12353,142,135,7,7
12354,55,71,-16,16
12355,101,104,-3,3
12356,79,74,5,5
12357,122,126,-4,4
12358,123,108,15,15
12359,38,42,-4,4
12360,65,76,-11,11
12361,138,121,17,17
12362,76,76,0,0
12363,114,112,2,2
12364,79,85,-6,6
12365,114,107,7,7
12366,68,70,-2,2
12367,78,77,1,1
12368,93,101,-8,8
12369,103,103,0,0
12370,163,135,28,28
12371,101,106,-5,5
12372,126,120,6,6
12373,67,64,3,3
12374,78,76,2,2
12375,116,109,7,7
12376,128,127,1,1
12377,91,87,4,4
12378,142,129,13,13
12379,65,68,-3,3
12380,145,153,-8,8
12381,61,61,0,0
12382,136,123,13,13
12383,84,80,4,4
12384,98,94,4,4
12385,87,91,-4,4
12386,107,112,-5,5
12387,115,123,-8,8
12388,106,97,9,9
12389,93,98,-5,5
12390,80,71,9,9
12391,130,118,12,12
12392,115,106,9,9
12393,97,111,-14,14
12394,92,93,-1,1
12395,88,84,4,4
12396,66,67,-1,1
12397,66,67,-1,1
12398,87,90,-3,3
12399,106,101,5,5
12400,70,83,-13,13
12401,180,160,20,20
12402,87,96,-9,9
12403,89,81,8,8
12404,92,98,-6,6
12405,125,112,13,13
12406,88,99,-11,11
12407,109,101,8,8
12408,35,45,-10,10
12409,67,73,-6,6
12410,117,112,5,5
12411,190,168,22,22
12412,114,111,3,3
12413,137,129,8,8
12414,138,148,-10,10
12415,129,132,-3,3
12416,106,93,13,13
12417,63,69,-6,6
12418,58,64,-6,6
12419,57,64,-7,7
12420,86,93,-7,7
12421,104,99,5,5
12422,97,97,0,0
12423,101,102,-1,1
12424,137,125,12,12
12425,64,58,6,6
12426,176,190,-14,14
12427,93,88,5,5
12428,120,112,8,8
12429,108,105,3,3
12430,70,74,-4,4
12431,97,94,3,3
12432,83,91,-8,8
12433,83,78,5,5
12434,150,154,-4,4
12435,64,70,-6,6
12436,89,84,5,5
12437,96,95,1,1
12438,114,111,3,3
12439,119,118,1,1
12440,61,58,3,3
12441,96,95,1,1
12442,105,105,0,0
12443,61,64,-3,3
12444,141,134,7,7
12445,86,80,6,6
12446,87,84,3,3
12447,90,85,5,5
12448,105,107,-2,2
12449,91,84,7,7
12450,111,113,-2,2
12451,76,78,-2,2
12452,87,91,-4,4
12453,91,96,-5,5
12454,107,113,-6,6
12455,110,106,4,4
12456,124,125,-1,1
12457,128,115,13,13
12458,109,104,5,5
12459,71,70,1,1
12460,87,83,4,4
12461,148,137,11,11
12462,107,99,8,8
12463,134,128,6,6
12464,23,35,-12,12
12465,119,133,-14,14
12466,91,84,7,7
12467,25,48,-23,23
12468,61,78,-17,17
12469,101,99,2,2
12470,72,72,0,0
12471,95,100,-5,5
12472,47,49,-2,2
12473,97,96,1,1
12474,81,85,-4,4
12475,59,60,-1,1
12476,77,72,5,5
12477,138,121,17,17
12478,120,123,-3,3
12479,136,137,-1,1
12480,79,85,-6,6
12481,63,66,-3,3
12482,102,100,2,2
12483,158,145,13,13
12484,73,78,-5,5
12485,53,53,0,0
12486,83,90,-7,7
12487,155,131,24,24
12488,139,125,14,14
12489,93,85,8,8
12490,128,131,-3,3
12491,98,107,-9,9
12492,96,90,6,6
12493,153,140,13,13
12494,104,104,0,0
12495,115,99,16,16
12496,72,75,-3,3
12497,90,87,3,3
12498,127,132,-5,5
12499,112,125,-13,13
12500,64,70,-6,6
12501,73,69,4,4
12502,72,78,-6,6
12503,73,88,-15,15
12504,56,63,-7,7
12505,106,100,6,6
12506,144,133,11,11
12507,47,71,-24,24
12508,147,138,9,9
12509,95,98,-3,3
12510,76,85,-9,9
12511,128,125,3,3
12512,81,71,10,10
12513,79,84,-5,5
12514,86,83,3,3
12515,44,53,-9,9
12516,87,92,-5,5
12517,102,102,0,0
12518,116,113,3,3
12519,105,105,0,0
12520,113,122,-9,9
12521,152,138,14,14
12522,175,158,17,17
12523,70,73,-3,3
12524,173,155,18,18
12525,87,79,8,8
12526,102,94,8,8
12527,88,92,-4,4
12528,76,76,0,0
12529,110,99,11,11
12530,99,100,-1,1
12531,71,73,-2,2
12532,75,75,0,0
12533,105,103,2,2
12534,153,152,1,1
12535,100,112,-12,12
12536,90,86,4,4
12537,83,99,-16,16
12538,82,83,-1,1
12539,49,56,-7,7
12540,69,72,-3,3
12541,113,111,2,2
12542,63,66,-3,3
12543,58,63,-5,5
12544,65,65,0,0
12545,145,139,6,6
12546,50,53,-3,3
12547,83,90,-7,7
12548,100,96,4,4
12549,76,75,1,1
12550,72,73,-1,1
12551,71,89,-18,18
12552,106,102,4,4
12553,127,131,-4,4
12554,96,92,4,4
12555,67,69,-2,2
12556,140,132,8,8
12557,56,60,-4,4
12558,108,104,4,4
12559,94,83,11,11
12560,59,63,-4,4
12561,84,89,-5,5
12562,96,98,-2,2
12563,92,103,-11,11
12564,186,177,9,9
12565,62,65,-3,3
12566,164,147,17,17
12567,49,55,-6,6
12568,62,61,1,1
12569,50,63,-13,13
12570,128,123,5,5
12571,57,69,-12,12
12572,69,72,-3,3
12573,48,60,-12,12
12574,132,124,8,8
12575,140,138,2,2
12576,107,103,4,4
12577,80,79,1,1
12578,78,76,2,2
12579,140,123,17,17
12580,78,83,-5,5
12581,123,111,12,12
12582,87,96,-9,9
12583,91,104,-13,13
12584,119,128,-9,9
12585,107,104,3,3
12586,52,59,-7,7
12587,61,70,-9,9
12588,102,96,6,6
12589,79,75,4,4
12590,81,79,2,2
12591,72,68,4,4
12592,74,85,-11,11
12593,73,69,4,4
12594,114,91,23,23
12595,127,120,7,7
12596,92,82,10,10
12597,118,121,-3,3
12598,115,159,-44,44
12599,73,73,0,0
12600,93,94,-1,1
12601,70,70,0,0
12602,73,72,1,1
12603,107,115,-8,8
12604,96,100,-4,4
12605,101,85,16,16
12606,76,92,-16,16
12607,85,74,11,11
12608,111,109,2,2
12609,42,54,-12,12
12610,69,69,0,0
12611,97,88,9,9
12612,90,90,0,0
12613,96,91,5,5
12614,114,128,-14,14
12615,121,116,5,5
12616,68,72,-4,4
12617,45,50,-5,5
12618,73,75,-2,2
12619,109,102,7,7
12620,175,168,7,7
12621,90,82,8,8
12622,70,72,-2,2
12623,85,89,-4,4
12624,62,68,-6,6
12625,89,98,-9,9
12626,132,126,6,6
12627,155,139,16,16
12628,99,99,0,0
12629,60,59,1,1
12630,110,103,7,7
12631,87,87,0,0
12632,98,105,-7,7
12633,80,94,-14,14
12634,127,120,7,7
12635,172,158,14,14
12636,181,165,16,16
12637,130,117,13,13
12638,76,75,1,1
12639,86,85,1,1
12640,105,99,6,6
12641,105,111,-6,6
12642,56,68,-12,12
12643,65,73,-8,8
12644,42,49,-7,7
12645,120,112,8,8
12646,65,64,1,1
12647,76,84,-8,8
12648,134,124,10,10
12649,28,68,-40,40
12650,96,95,1,1
12651,92,96,-4,4
12652,53,54,-1,1
12653,66,66,0,0
12654,79,76,3,3
12655,101,112,-11,11
12656,78,98,-20,20
12657,88,96,-8,8
12658,136,127,9,9
12659,142,136,6,6
12660,73,68,5,5
12661,97,89,8,8
12662,80,76,4,4
12663,51,58,-7,7
12664,69,77,-8,8
12665,52,55,-3,3
12666,57,60,-3,3
12667,100,115,-15,15
12668,147,139,8,8
12669,129,127,2,2
12670,92,103,-11,11
12671,107,96,11,11
12672,99,104,-5,5
12673,89,91,-2,2
12674,58,61,-3,3
12675,103,89,14,14
12676,33,42,-9,9
12677,103,94,9,9
12678,88,87,1,1
12679,81,86,-5,5
12680,53,58,-5,5
12681,70,81,-11,11
12682,32,45,-13,13
12683,88,88,0,0
12684,99,114,-15,15
12685,110,106,4,4
12686,78,78,0,0
12687,99,98,1,1
12688,46,52,-6,6
12689,136,118,18,18
12690,75,71,4,4
12691,117,97,20,20
12692,93,85,8,8
12693,132,131,1,1
12694,70,72,-2,2
12695,69,72,-3,3
12696,49,46,3,3
12697,71,69,2,2
12698,118,115,3,3
12699,97,98,-1,1
12700,76,89,-13,13
12701,195,156,39,39
12702,128,123,5,5
12703,66,62,4,4
12704,120,113,7,7
12705,73,77,-4,4
12706,62,68,-6,6
12707,104,92,12,12
12708,94,97,-3,3
12709,94,87,7,7
12710,110,98,12,12
12711,96,91,5,5
12712,107,101,6,6
12713,77,85,-8,8
12714,91,100,-9,9
12715,63,62,1,1
12716,128,112,16,16
12717,77,73,4,4
12718,67,76,-9,9
12719,124,112,12,12
12720,94,91,3,3
12721,64,67,-3,3
12722,74,78,-4,4
12723,88,89,-1,1
12724,70,73,-3,3
12725,78,77,1,1
12726,66,76,-10,10
12727,104,106,-2,2
12728,134,135,-1,1
12729,92,87,5,5
12730,74,70,4,4
12731,93,89,4,4
12732,98,95,3,3
12733,100,92,8,8
12734,87,89,-2,2
12735,101,95,6,6
12736,49,55,-6,6
12737,121,113,8,8
12738,84,97,-13,13
12739,158,152,6,6
12740,115,105,10,10
12741,125,113,12,12
12742,53,53,0,0
12743,80,89,-9,9
12744,68,66,2,2
12745,103,98,5,5
12746,107,108,-1,1
12747,77,90,-13,13
12748,100,103,-3,3
12749,120,123,-3,3
12750,91,91,0,0
12751,77,67,10,10
12752,132,120,12,12
12753,131,124,7,7
12754,43,62,-19,19
12755,45,49,-4,4
12756,124,112,12,12
12757,86,83,3,3
12758,107,99,8,8
12759,82,88,-6,6
12760,204,181,23,23
12761,107,100,7,7
12762,120,122,-2,2
12763,140,125,15,15
12764,153,136,17,17
12765,83,81,2,2
12766,47,47,0,0
12767,91,84,7,7
12768,68,58,10,10
12769,56,60,-4,4
12770,77,83,-6,6
12771,37,50,-13,13
12772,117,112,5,5
12773,85,86,-1,1
12774,101,96,5,5
12775,67,75,-8,8
12776,118,125,-7,7
12777,56,65,-9,9
12778,68,71,-3,3
12779,65,62,3,3
12780,105,100,5,5
12781,102,110,-8,8
12782,116,105,11,11
12783,69,70,-1,1
12784,79,78,1,1
12785,105,101,4,4
12786,101,83,18,18
12787,106,96,10,10
12788,89,85,4,4
12789,77,82,-5,5
12790,116,113,3,3
12791,111,104,7,7
12792,91,78,13,13
12793,74,70,4,4
12794,96,95,1,1
12795,119,128,-9,9
12796,124,113,11,11
12797,83,77,6,6
12798,59,65,-6,6
12799,87,83,4,4
12800,55,61,-6,6
12801,121,118,3,3
12802,94,93,1,1
12803,90,89,1,1
12804,181,172,9,9
12805,93,90,3,3
12806,72,72,0,0
12807,92,94,-2,2
12808,153,140,13,13
12809,55,58,-3,3
12810,61,66,-5,5
12811,99,96,3,3
12812,82,86,-4,4
12813,102,94,8,8
12814,148,140,8,8
12815,112,110,2,2
12816,172,165,7,7
12817,133,130,3,3
12818,97,98,-1,1
12819,70,76,-6,6
12820,70,78,-8,8
12821,98,87,11,11
12822,96,105,-9,9
12823,69,71,-2,2
12824,90,84,6,6
12825,138,125,13,13
12826,132,125,7,7
12827,153,150,3,3
12828,86,75,11,11
12829,108,99,9,9
12830,80,90,-10,10
12831,154,134,20,20
12832,116,120,-4,4
12833,103,99,4,4
12834,104,107,-3,3
12835,116,108,8,8
12836,107,96,11,11
12837,96,89,7,7
12838,90,94,-4,4
12839,50,61,-11,11
12840,104,100,4,4
12841,72,69,3,3
12842,106,99,7,7
12843,87,86,1,1
12844,124,123,1,1
12845,27,38,-11,11
12846,133,124,9,9
12847,122,109,13,13
12848,124,134,-10,10
12849,89,97,-8,8
12850,97,121,-24,24
12851,84,91,-7,7
12852,140,139,1,1
12853,136,126,10,10
12854,20,35,-15,15
12855,93,96,-3,3
12856,85,88,-3,3
12857,74,78,-4,4
12858,103,93,10,10
12859,75,75,0,0
12860,46,52,-6,6
12861,84,102,-18,18
12862,75,74,1,1
12863,53,54,-1,1
12864,52,77,-25,25
12865,87,88,-1,1
12866,109,96,13,13
12867,105,98,7,7
12868,67,69,-2,2
12869,154,133,21,21
12870,84,87,-3,3
12871,128,118,10,10
12872,113,118,-5,5
12873,87,82,5,5
12874,101,106,-5,5
12875,96,100,-4,4
12876,39,50,-11,11
12877,133,130,3,3
12878,191,186,5,5
12879,60,66,-6,6
12880,125,119,6,6
12881,75,79,-4,4
12882,40,51,-11,11
12883,103,96,7,7
12884,79,75,4,4
12885,185,176,9,9
12886,124,114,10,10
12887,109,112,-3,3
12888,89,97,-8,8
12889,67,70,-3,3
12890,47,51,-4,4
12891,76,71,5,5
12892,122,124,-2,2
12893,106,98,8,8
12894,142,124,18,18
12895,96,76,20,20
12896,52,57,-5,5
12897,96,96,0,0
12898,117,121,-4,4
12899,69,75,-6,6
12900,89,85,4,4
12901,72,74,-2,2
12902,180,166,14,14
12903,94,88,6,6
12904,53,61,-8,8
12905,93,97,-4,4
12906,161,140,21,21
12907,137,131,6,6
12908,129,128,1,1
12909,89,79,10,10
12910,102,98,4,4
12911,159,152,7,7
12912,67,67,0,0
12913,67,72,-5,5
12914,97,97,0,0
12915,71,70,1,1
12916,153,148,5,5
12917,100,99,1,1
12918,92,98,-6,6
12919,79,86,-7,7
12920,79,82,-3,3
12921,73,71,2,2
12922,133,127,6,6
12923,51,56,-5,5
12924,139,129,10,10
12925,115,121,-6,6
12926,89,89,0,0
12927,124,120,4,4
12928,90,90,0,0
12929,128,125,3,3
12930,131,120,11,11
12931,71,70,1,1
12932,113,104,9,9
12933,127,132,-5,5
12934,61,69,-8,8
12935,113,111,2,2
12936,112,88,24,24
12937,75,75,0,0
12938,125,111,14,14
12939,73,75,-2,2
12940,100,113,-13,13
12941,187,168,19,19
12942,101,99,2,2
12943,103,95,8,8
12944,99,106,-7,7
12945,65,67,-2,2
12946,116,112,4,4
12947,97,111,-14,14
12948,83,88,-5,5
12949,90,101,-11,11
12950,101,99,2,2
12951,97,100,-3,3
12952,107,105,2,2
12953,119,126,-7,7
12954,78,73,5,5
12955,79,79,0,0
12956,74,79,-5,5
12957,150,139,11,11
12958,83,93,-10,10
12959,131,139,-8,8
12960,68,74,-6,6
12961,222,183,39,39
12962,88,84,4,4
12963,109,102,7,7
12964,149,148,1,1
12965,82,89,-7,7
12966,33,42,-9,9
12967,97,103,-6,6
12968,88,88,0,0
12969,127,128,-1,1
12970,70,74,-4,4
12971,86,88,-2,2
12972,63,66,-3,3
12973,101,96,5,5
12974,85,88,-3,3
12975,97,87,10,10
12976,68,69,-1,1
12977,79,93,-14,14
12978,182,170,12,12
12979,68,73,-5,5
12980,68,70,-2,2
12981,81,77,4,4
12982,118,111,7,7
12983,93,95,-2,2
12984,117,101,16,16
12985,144,140,4,4
12986,134,121,13,13
12987,69,71,-2,2
12988,133,125,8,8
12989,88,90,-2,2
12990,63,61,2,2
12991,116,114,2,2
12992,113,120,-7,7
12993,103,94,9,9
12994,127,116,11,11
12995,116,118,-2,2
12996,114,107,7,7
12997,123,113,10,10
12998,72,66,6,6
12999,107,97,10,10
13000,121,104,17,17
13001,100,89,11,11
13002,87,88,-1,1
13003,102,96,6,6
13004,155,159,-4,4
13005,72,80,-8,8
13006,84,84,0,0
13007,86,94,-8,8
13008,115,118,-3,3
13009,100,96,4,4
13010,81,73,8,8
13011,51,60,-9,9
13012,54,58,-4,4
13013,86,85,1,1
13014,92,91,1,1
13015,60,67,-7,7
13016,112,111,1,1
13017,92,90,2,2
13018,87,85,2,2
13019,95,97,-2,2
13020,80,78,2,2
13021,139,132,7,7
13022,103,96,7,7
13023,120,126,-6,6
13024,75,88,-13,13
13025,51,50,1,1
13026,76,74,2,2
13027,67,74,-7,7
13028,165,151,14,14
13029,84,89,-5,5
13030,83,85,-2,2
13031,61,62,-1,1
13032,159,144,15,15
13033,64,73,-9,9
13034,140,134,6,6
13035,65,76,-11,11
13036,68,73,-5,5
13037,67,64,3,3
13038,87,92,-5,5
13039,109,111,-2,2
13040,116,117,-1,1
13041,94,107,-13,13
13042,135,125,10,10
13043,77,73,4,4
13044,55,57,-2,2
13045,61,63,-2,2
13046,73,75,-2,2
13047,139,120,19,19
13048,106,114,-8,8
13049,78,85,-7,7
13050,74,67,7,7
13051,99,94,5,5
13052,88,93,-5,5
13053,93,87,6,6
13054,69,67,2,2
13055,235,212,23,23
13056,83,86,-3,3
13057,101,83,18,18
13058,66,73,-7,7
13059,58,57,1,1
13060,119,120,-1,1
13061,129,126,3,3
13062,82,85,-3,3
13063,168,151,17,17
13064,72,76,-4,4
13065,125,113,12,12
13066,82,75,7,7
13067,97,91,6,6
13068,56,66,-10,10
13069,123,135,-12,12
13070,79,75,4,4
13071,84,84,0,0
13072,112,109,3,3
13073,80,84,-4,4
13074,106,104,2,2
13075,60,66,-6,6
13076,72,77,-5,5
13077,96,101,-5,5
13078,60,55,5,5
13079,117,97,20,20
13080,66,75,-9,9
13081,78,83,-5,5
13082,55,60,-5,5
13083,164,140,24,24
13084,184,170,14,14
13085,78,83,-5,5
13086,61,68,-7,7
13087,109,122,-13,13
13088,101,100,1,1
13089,79,77,2,2
13090,51,57,-6,6
13091,64,64,0,0
13092,62,68,-6,6
13093,144,137,7,7
13094,57,63,-6,6
13095,50,55,-5,5
13096,81,78,3,3
13097,99,100,-1,1
13098,97,99,-2,2
13099,129,113,16,16
13100,104,99,5,5
13101,93,100,-7,7
13102,84,78,6,6
13103,90,93,-3,3
13104,112,117,-5,5
13105,69,71,-2,2
13106,69,75,-6,6
13107,107,88,19,19
13108,145,124,21,21
13109,84,76,8,8
13110,51,58,-7,7
13111,100,94,6,6
13112,82,90,-8,8
13113,71,82,-11,11
13114,104,97,7,7
13115,67,78,-11,11
13116,89,92,-3,3
13117,61,74,-13,13
13118,74,78,-4,4
13119,101,104,-3,3
13120,67,76,-9,9
13121,72,78,-6,6
13122,70,70,0,0
13123,158,159,-1,1
13124,94,96,-2,2
13125,84,81,3,3
13126,120,116,4,4
13127,152,149,3,3
13128,137,129,8,8
13129,82,87,-5,5
13130,116,111,5,5
13131,112,109,3,3
13132,99,92,7,7
13133,150,149,1,1
13134,66,64,2,2
13135,81,71,10,10
13136,50,55,-5,5
13137,133,132,1,1
13138,65,68,-3,3
13139,65,64,1,1
13140,80,84,-4,4
13141,53,50,3,3
13142,108,98,10,10
13143,80,66,14,14
13144,126,130,-4,4
13145,73,80,-7,7
13146,58,59,-1,1
13147,80,77,3,3
13148,62,65,-3,3
13149,64,68,-4,4
13150,55,58,-3,3
13151,81,80,1,1
13152,97,98,-1,1
13153,78,74,4,4
13154,101,97,4,4
13155,72,80,-8,8
13156,112,107,5,5
13157,84,88,-4,4
13158,68,71,-3,3
13159,102,106,-4,4
13160,117,125,-8,8
13161,88,86,2,2
13162,127,112,15,15
13163,64,60,4,4
13164,87,90,-3,3
13165,80,84,-4,4
13166,101,90,11,11
13167,122,114,8,8
13168,67,65,2,2
13169,131,128,3,3
13170,97,95,2,2
13171,135,115,20,20
13172,88,88,0,0
13173,115,120,-5,5
13174,134,120,14,14
13175,116,115,1,1
13176,79,83,-4,4
13177,45,50,-5,5
13178,100,99,1,1
13179,85,103,-18,18
13180,63,68,-5,5
13181,89,90,-1,1
13182,76,76,0,0
13183,138,123,15,15
13184,123,118,5,5
13185,74,84,-10,10
13186,43,57,-14,14
13187,66,74,-8,8
13188,86,105,-19,19
13189,115,127,-12,12
13190,30,52,-22,22
13191,66,70,-4,4
13192,208,172,36,36
13193,90,88,2,2
13194,71,68,3,3
13195,94,87,7,7
13196,171,161,10,10
13197,55,59,-4,4
13198,43,47,-4,4
13199,67,71,-4,4
13200,143,121,22,22
13201,98,99,-1,1
13202,100,97,3,3
13203,108,102,6,6
13204,91,79,12,12
13205,131,126,5,5
13206,79,71,8,8
13207,153,152,1,1
13208,37,46,-9,9
13209,46,48,-2,2
13210,241,218,23,23
13211,89,87,2,2
13212,72,71,1,1
13213,100,95,5,5
13214,83,83,0,0
13215,98,101,-3,3
13216,128,123,5,5
13217,162,117,45,45
13218,81,78,3,3
13219,98,97,1,1
13220,70,79,-9,9
13221,182,161,21,21
13222,71,71,0,0
13223,173,167,6,6
13224,54,59,-5,5
13225,66,71,-5,5
13226,85,77,8,8
13227,93,92,1,1
13228,71,111,-40,40
13229,163,155,8,8
13230,86,85,1,1
13231,74,72,2,2
13232,148,143,5,5
13233,112,109,3,3
13234,90,77,13,13
13235,64,62,2,2
13236,78,96,-18,18
13237,115,117,-2,2
13238,105,98,7,7
13239,90,90,0,0
13240,117,112,5,5
13241,103,92,11,11
13242,139,152,-13,13
13243,107,112,-5,5
13244,118,129,-11,11
13245,94,85,9,9
13246,56,58,-2,2
13247,97,95,2,2
13248,77,71,6,6
13249,117,97,20,20
13250,125,123,2,2
13251,67,74,-7,7
13252,73,74,-1,1
13253,152,136,16,16
13254,73,70,3,3
13255,121,116,5,5
13256,166,159,7,7
13257,90,87,3,3
13258,96,103,-7,7
13259,149,150,-1,1
13260,61,67,-6,6
13261,144,130,14,14
13262,121,122,-1,1
13263,131,120,11,11
13264,58,53,5,5
13265,51,56,-5,5
13266,54,66,-12,12
13267,72,76,-4,4
13268,99,102,-3,3
13269,124,111,13,13
13270,105,103,2,2
13271,100,95,5,5
13272,153,147,6,6
13273,76,79,-3,3
13274,120,112,8,8
13275,94,94,0,0
13276,85,81,4,4
13277,84,92,-8,8
13278,53,68,-15,15
13279,106,112,-6,6
13280,108,112,-4,4
13281,140,126,14,14
13282,113,110,3,3
13283,57,69,-12,12
13284,108,108,0,0
13285,123,113,10,10
13286,108,99,9,9
13287,83,82,1,1
13288,99,84,15,15
13289,78,79,-1,1
13290,96,98,-2,2
13291,58,60,-2,2
13292,82,78,4,4
13293,148,144,4,4
13294,86,95,-9,9
13295,81,73,8,8
13296,119,116,3,3
13297,97,101,-4,4
13298,118,113,5,5
13299,92,87,5,5
13300,102,110,-8,8
13301,72,75,-3,3
13302,64,64,0,0
13303,86,88,-2,2
13304,57,68,-11,11
13305,102,101,1,1
13306,67,63,4,4
13307,88,93,-5,5
13308,139,119,20,20
13309,61,65,-4,4
13310,77,76,1,1
13311,158,155,3,3
13312,130,118,12,12
13313,132,135,-3,3
13314,187,168,19,19
13315,79,73,6,6
13316,96,101,-5,5
13317,76,76,0,0
13318,71,70,1,1
13319,78,83,-5,5
13320,209,191,18,18
13321,75,77,-2,2
13322,146,128,18,18
13323,100,97,3,3
13324,80,89,-9,9
13325,70,70,0,0
13326,65,69,-4,4
13327,95,104,-9,9
13328,80,81,-1,1
13329,69,70,-1,1
13330,132,137,-5,5
13331,77,72,5,5
13332,98,92,6,6
13333,94,96,-2,2
13334,86,88,-2,2
13335,90,85,5,5
13336,75,72,3,3
13337,130,105,25,25
13338,87,93,-6,6
13339,141,124,17,17
13340,161,141,20,20
13341,68,75,-7,7
13342,97,91,6,6
13343,125,114,11,11
13344,36,46,-10,10
13345,115,112,3,3
13346,68,61,7,7
13347,106,99,7,7
13348,96,110,-14,14
13349,82,83,-1,1
13350,73,68,5,5
13351,89,79,10,10
13352,75,70,5,5
13353,85,94,-9,9
13354,134,137,-3,3
13355,90,84,6,6
13356,83,88,-5,5
13357,129,106,23,23
13358,140,136,4,4
13359,60,56,4,4
13360,82,77,5,5
13361,153,144,9,9
13362,80,90,-10,10
13363,119,119,0,0
13364,108,102,6,6
13365,54,59,-5,5
13366,99,101,-2,2
13367,130,159,-29,29
13368,100,98,2,2
13369,59,60,-1,1
13370,84,92,-8,8
13371,117,113,4,4
13372,60,64,-4,4
13373,55,57,-2,2
13374,96,98,-2,2
13375,73,84,-11,11
13376,64,74,-10,10
13377,75,76,-1,1
13378,55,57,-2,2
13379,90,85,5,5
13380,142,144,-2,2
13381,139,133,6,6
13382,118,111,7,7
13383,120,113,7,7
13384,112,110,2,2
13385,43,51,-8,8
13386,106,105,1,1
13387,187,175,12,12
13388,117,118,-1,1
13389,111,110,1,1
13390,188,178,10,10
13391,156,132,24,24
13392,136,138,-2,2
13393,88,93,-5,5
13394,29,40,-11,11
13395,107,95,12,12
13396,113,98,15,15
13397,93,91,2,2
13398,81,84,-3,3
13399,22,39,-17,17
13400,69,71,-2,2
13401,168,150,18,18
13402,147,135,12,12
13403,105,113,-8,8
13404,145,130,15,15
13405,58,66,-8,8
13406,60,69,-9,9
13407,150,152,-2,2
13408,70,70,0,0
13409,69,72,-3,3
13410,140,135,5,5
13411,88,81,7,7
13412,120,113,7,7
13413,63,64,-1,1
13414,81,87,-6,6
13415,66,63,3,3
13416,91,86,5,5
13417,131,134,-3,3
13418,126,106,20,20
13419,138,137,1,1
13420,103,105,-2,2
13421,103,99,4,4
13422,50,67,-17,17
13423,64,74,-10,10
13424,75,83,-8,8
13425,67,69,-2,2
13426,97,94,3,3
13427,109,110,-1,1
13428,137,126,11,11
13429,71,70,1,1
13430,98,91,7,7
13431,82,97,-15,15
13432,65,70,-5,5
13433,117,103,14,14
13434,148,150,-2,2
13435,190,160,30,30
13436,84,81,3,3
13437,110,101,9,9
13438,138,131,7,7
13439,74,75,-1,1
13440,130,116,14,14
13441,79,78,1,1
13442,92,107,-15,15
13443,137,140,-3,3
13444,104,93,11,11
13445,160,135,25,25
13446,90,91,-1,1
13447,101,100,1,1
13448,123,123,0,0
13449,73,75,-2,2
13450,66,70,-4,4
13451,124,122,2,2
13452,173,147,26,26
13453,142,128,14,14
13454,32,44,-12,12
13455,104,98,6,6
13456,65,83,-18,18
13457,60,63,-3,3
13458,71,77,-6,6
13459,56,58,-2,2
13460,122,120,2,2
13461,135,142,-7,7
13462,162,157,5,5
13463,96,109,-13,13
13464,126,130,-4,4
13465,74,77,-3,3
13466,102,104,-2,2
13467,80,77,3,3
13468,88,83,5,5
13469,92,83,9,9
13470,107,112,-5,5
13471,87,97,-10,10
13472,58,61,-3,3
13473,80,74,6,6
13474,79,71,8,8
13475,114,120,-6,6
13476,78,90,-12,12
13477,75,82,-7,7
13478,168,166,2,2
13479,114,112,2,2
13480,59,71,-12,12
13481,152,152,0,0
13482,66,69,-3,3
13483,98,91,7,7
13484,70,75,-5,5
13485,101,93,8,8
13486,130,128,2,2
13487,114,104,10,10
13488,63,69,-6,6
13489,181,167,14,14
13490,86,83,3,3
13491,107,121,-14,14
13492,59,65,-6,6
13493,74,74,0,0
13494,134,134,0,0
13495,199,165,34,34
13496,58,66,-8,8
13497,99,99,0,0
13498,103,104,-1,1
13499,183,162,21,21
13500,96,99,-3,3
13501,99,101,-2,2
13502,113,103,10,10
13503,88,80,8,8
13504,88,93,-5,5
13505,128,120,8,8
13506,82,91,-9,9
13507,80,78,2,2
13508,53,61,-8,8
13509,47,53,-6,6
13510,102,89,13,13
13511,97,96,1,1
13512,68,70,-2,2
13513,125,113,12,12
13514,110,116,-6,6
13515,77,73,4,4
13516,127,114,13,13
13517,87,88,-1,1
13518,107,95,12,12
13519,105,110,-5,5
13520,153,125,28,28
13521,61,69,-8,8
13522,33,77,-44,44
13523,146,136,10,10
13524,100,105,-5,5
13525,170,156,14,14
13526,134,120,14,14
13527,78,100,-22,22
13528,73,67,6,6
13529,60,64,-4,4
13530,64,64,0,0
13531,99,96,3,3
13532,80,90,-10,10
13533,65,67,-2,2
13534,67,64,3,3
13535,141,122,19,19
13536,60,68,-8,8
13537,138,141,-3,3
13538,154,147,7,7
13539,58,62,-4,4
13540,114,121,-7,7
13541,132,120,12,12
13542,98,100,-2,2
13543,80,86,-6,6
13544,105,107,-2,2
13545,84,91,-7,7
13546,78,79,-1,1
13547,154,141,13,13
13548,67,71,-4,4
13549,95,104,-9,9
13550,125,114,11,11
13551,128,119,9,9
13552,42,47,-5,5
13553,204,190,14,14
13554,98,97,1,1
13555,112,110,2,2
13556,132,121,11,11
13557,139,123,16,16
13558,93,91,2,2
13559,146,136,10,10
13560,56,61,-5,5
13561,65,65,0,0
13562,124,113,11,11
13563,103,103,0,0
13564,86,79,7,7
13565,60,69,-9,9
13566,98,99,-1,1
13567,80,114,-34,34
13568,89,101,-12,12
13569,148,127,21,21
13570,40,48,-8,8
13571,80,89,-9,9
13572,70,79,-9,9
13573,82,74,8,8
13574,133,140,-7,7
13575,75,81,-6,6
13576,75,72,3,3
13577,120,103,17,17
13578,50,60,-10,10
13579,111,117,-6,6
13580,86,88,-2,2
13581,115,120,-5,5
13582,63,63,0,0
13583,93,93,0,0
13584,104,96,8,8
13585,153,148,5,5
13586,51,57,-6,6
13587,128,115,13,13
13588,92,91,1,1
13589,51,59,-8,8
13590,84,84,0,0
13591,104,100,4,4
13592,101,94,7,7
13593,83,92,-9,9
13594,69,76,-7,7
13595,96,92,4,4
13596,83,74,9,9
13597,54,75,-21,21
13598,83,72,11,11
13599,54,55,-1,1
13600,61,63,-2,2
13601,116,102,14,14
13602,113,100,13,13
13603,76,70,6,6
13604,87,84,3,3
13605,59,61,-2,2
13606,141,133,8,8
13607,97,101,-4,4
13608,89,82,7,7
13609,131,126,5,5
13610,71,68,3,3
13611,60,60,0,0
13612,39,51,-12,12
13613,68,77,-9,9
13614,61,65,-4,4
13615,107,101,6,6
13616,95,95,0,0
13617,94,110,-16,16
13618,82,86,-4,4
13619,110,111,-1,1
13620,113,113,0,0
13621,107,99,8,8
13622,161,137,24,24
13623,180,156,24,24
13624,101,99,2,2
13625,88,83,5,5
13626,87,85,2,2
13627,115,113,2,2
13628,121,112,9,9
13629,139,133,6,6
13630,123,118,5,5
13631,63,65,-2,2
13632,122,112,10,10
13633,68,71,-3,3
13634,110,100,10,10
13635,57,79,-22,22
13636,82,74,8,8
13637,95,94,1,1
13638,134,130,4,4
13639,98,87,11,11
13640,128,117,11,11
13641,95,96,-1,1
13642,104,125,-21,21
13643,175,160,15,15
13644,109,98,11,11
13645,164,146,18,18
13646,118,117,1,1
13647,70,75,-5,5
13648,54,65,-11,11
13649,145,139,6,6
13650,68,67,1,1
13651,82,71,11,11
13652,61,65,-4,4
13653,92,94,-2,2
13654,89,88,1,1
13655,96,93,3,3
13656,122,114,8,8
13657,79,78,1,1
13658,75,75,0,0
13659,108,105,3,3
13660,43,50,-7,7
13661,67,68,-1,1
13662,75,79,-4,4
13663,67,68,-1,1
13664,88,93,-5,5
13665,55,59,-4,4
13666,96,106,-10,10
13667,60,65,-5,5
13668,125,115,10,10
13669,56,67,-11,11
13670,111,105,6,6
13671,105,115,-10,10
13672,77,97,-20,20
13673,89,93,-4,4
13674,79,84,-5,5
13675,107,112,-5,5
13676,124,115,9,9
13677,119,113,6,6
13678,57,78,-21,21
13679,127,123,4,4
13680,64,74,-10,10
13681,96,98,-2,2
13682,89,83,6,6
13683,71,75,-4,4
13684,76,74,2,2
13685,110,112,-2,2
13686,120,127,-7,7
13687,98,92,6,6
13688,84,92,-8,8
13689,233,211,22,22
13690,75,72,3,3
13691,107,90,17,17
13692,76,77,-1,1
13693,84,89,-5,5
13694,86,88,-2,2
13695,103,94,9,9
13696,106,97,9,9
13697,150,129,21,21
13698,73,73,0,0
13699,130,138,-8,8
13700,132,114,18,18
13701,139,134,5,5
13702,115,112,3,3
13703,155,143,12,12
13704,75,86,-11,11
13705,70,72,-2,2
13706,127,114,13,13
13707,65,67,-2,2
13708,100,105,-5,5
13709,170,158,12,12
13710,135,129,6,6
13711,75,74,1,1
13712,164,167,-3,3
13713,125,112,13,13
13714,104,108,-4,4
13715,53,59,-6,6
13716,146,140,6,6
13717,102,88,14,14
13718,70,75,-5,5
13719,54,60,-6,6
13720,108,104,4,4
13721,97,99,-2,2
13722,104,98,6,6
13723,140,135,5,5
13724,94,110,-16,16
13725,62,76,-14,14
13726,105,97,8,8
13727,48,53,-5,5
13728,63,67,-4,4
13729,64,60,4,4
13730,51,54,-3,3
13731,63,63,0,0
13732,121,115,6,6
13733,120,113,7,7
13734,86,89,-3,3
13735,91,94,-3,3
13736,55,64,-9,9
13737,98,98,0,0
13738,69,63,6,6
13739,45,48,-3,3
13740,126,134,-8,8
13741,169,166,3,3
13742,95,89,6,6
13743,106,110,-4,4
13744,91,86,5,5
13745,126,114,12,12
13746,67,71,-4,4
13747,55,61,-6,6
13748,74,78,-4,4
13749,87,76,11,11
13750,87,86,1,1
13751,83,75,8,8
13752,114,123,-9,9
13753,125,123,2,2
13754,120,113,7,7
13755,86,81,5,5
13756,66,73,-7,7
13757,106,101,5,5
13758,62,60,2,2
13759,87,107,-20,20
13760,68,63,5,5
13761,77,77,0,0
13762,106,100,6,6
13763,101,98,3,3
13764,93,81,12,12
13765,63,79,-16,16
13766,53,61,-8,8
13767,116,118,-2,2
13768,116,112,4,4
13769,92,115,-23,23
13770,80,85,-5,5
13771,93,95,-2,2
13772,129,121,8,8
13773,97,96,1,1
13774,51,61,-10,10
13775,98,91,7,7
13776,80,108,-28,28
13777,74,73,1,1
13778,157,139,18,18
13779,163,155,8,8
13780,62,67,-5,5
13781,107,106,1,1
13782,107,96,11,11
13783,107,103,4,4
13784,83,83,0,0
13785,117,103,14,14
13786,94,99,-5,5
13787,65,70,-5,5
13788,61,66,-5,5
13789,79,84,-5,5
13790,137,134,3,3
13791,141,130,11,11
13792,95,96,-1,1
13793,101,99,2,2
13794,95,98,-3,3
13795,142,126,16,16
13796,107,95,12,12
13797,80,75,5,5
13798,91,95,-4,4
13799,71,72,-1,1
13800,81,81,0,0
13801,96,91,5,5
13802,151,139,12,12
13803,75,85,-10,10
13804,69,72,-3,3
13805,70,73,-3,3
13806,66,71,-5,5
13807,100,101,-1,1
13808,107,101,6,6
13809,116,112,4,4
13810,59,65,-6,6
13811,90,93,-3,3
13812,60,58,2,2
13813,55,60,-5,5
13814,66,74,-8,8
13815,90,96,-6,6
13816,80,88,-8,8
13817,151,69,82,82
13818,91,88,3,3
13819,59,60,-1,1
13820,73,76,-3,3
13821,51,60,-9,9
13822,95,97,-2,2
13823,92,91,1,1
13824,61,65,-4,4
13825,80,81,-1,1
13826,107,118,-11,11
13827,79,80,-1,1
13828,167,147,20,20
13829,58,65,-7,7
13830,104,101,3,3
13831,106,114,-8,8
13832,61,61,0,0
13833,111,118,-7,7
13834,97,112,-15,15
13835,101,100,1,1
13836,67,74,-7,7
13837,56,63,-7,7
13838,57,59,-2,2
13839,82,69,13,13
13840,95,96,-1,1
13841,69,76,-7,7
13842,58,64,-6,6
13843,105,99,6,6
13844,163,144,19,19
13845,61,69,-8,8
13846,90,75,15,15
13847,220,199,21,21
13848,96,84,12,12
13849,44,51,-7,7
13850,59,62,-3,3
13851,60,66,-6,6
13852,64,67,-3,3
13853,94,95,-1,1
13854,151,136,15,15
13855,75,76,-1,1
13856,75,77,-2,2
13857,79,73,6,6
13858,70,77,-7,7
13859,107,109,-2,2
13860,145,135,10,10
13861,70,66,4,4
13862,75,70,5,5
13863,141,134,7,7
13864,66,70,-4,4
13865,79,71,8,8
13866,111,101,10,10
13867,112,101,11,11
13868,125,126,-1,1
13869,121,127,-6,6
13870,108,101,7,7
13871,74,85,-11,11
13872,106,112,-6,6
13873,118,119,-1,1
13874,162,136,26,26
13875,142,110,32,32
13876,65,69,-4,4
13877,59,60,-1,1
13878,91,84,7,7
13879,75,72,3,3
13880,125,120,5,5
13881,146,136,10,10
13882,84,79,5,5
13883,95,93,2,2
13884,88,80,8,8
13885,95,91,4,4
13886,54,65,-11,11
13887,68,63,5,5
13888,250,230,20,20
13889,64,65,-1,1
13890,89,83,6,6
13891,63,67,-4,4
13892,47,67,-20,20
13893,113,111,2,2
13894,118,112,6,6
13895,77,74,3,3
13896,175,153,22,22
13897,87,88,-1,1
13898,85,85,0,0
13899,107,98,9,9
13900,77,68,9,9
13901,112,118,-6,6
13902,67,71,-4,4
13903,124,133,-9,9
13904,69,70,-1,1
13905,170,161,9,9
13906,91,78,13,13
13907,69,71,-2,2
13908,69,65,4,4
13909,102,103,-1,1
13910,87,100,-13,13
13911,61,65,-4,4
13912,140,117,23,23
13913,56,62,-6,6
13914,50,55,-5,5
13915,71,67,4,4
13916,46,58,-12,12
13917,102,104,-2,2
13918,72,69,3,3
13919,102,104,-2,2
13920,98,97,1,1
13921,114,116,-2,2
13922,83,89,-6,6
13923,75,79,-4,4
13924,92,84,8,8
13925,107,106,1,1
13926,166,149,17,17
13927,72,76,-4,4
13928,43,58,-15,15
13929,98,85,13,13
13930,141,132,9,9
13931,112,98,14,14
13932,149,134,15,15
13933,17,38,-21,21
13934,63,73,-10,10
13935,127,122,5,5
13936,128,124,4,4
13937,64,71,-7,7
13938,59,63,-4,4
13939,45,60,-15,15
13940,104,99,5,5
13941,82,80,2,2
13942,52,51,1,1
13943,96,88,8,8
13944,108,103,5,5
13945,122,120,2,2
13946,105,104,1,1
13947,72,76,-4,4
13948,75,72,3,3
13949,111,109,2,2
13950,86,84,2,2
13951,121,115,6,6
13952,86,84,2,2
13953,66,65,1,1
13954,93,94,-1,1
13955,128,132,-4,4
13956,142,132,10,10
13957,87,74,13,13
13958,84,83,1,1
13959,103,105,-2,2
13960,113,104,9,9
13961,136,132,4,4
13962,74,70,4,4
13963,108,119,-11,11
13964,89,93,-4,4
13965,84,86,-2,2
13966,98,96,2,2
13967,51,63,-12,12
13968,53,54,-1,1
13969,88,91,-3,3
13970,96,90,6,6
13971,105,114,-9,9
13972,95,88,7,7
13973,119,118,1,1
13974,79,75,4,4
13975,110,92,18,18
13976,68,66,2,2
13977,98,99,-1,1
13978,162,158,4,4
13979,124,123,1,1
13980,54,56,-2,2
13981,89,97,-8,8
13982,55,61,-6,6
13983,147,124,23,23
13984,118,107,11,11
13985,28,47,-19,19
13986,115,112,3,3
13987,87,89,-2,2
13988,129,122,7,7
13989,100,97,3,3
13990,119,116,3,3
13991,95,95,0,0
13992,130,125,5,5
13993,57,56,1,1
13994,103,92,11,11
13995,100,99,1,1
13996,95,93,2,2
13997,61,63,-2,2
13998,59,66,-7,7
13999,126,114,12,12
14000,162,167,-5,5
14001,98,98,0,0
14002,134,111,23,23
14003,118,115,3,3
14004,57,62,-5,5
14005,84,92,-8,8
14006,84,83,1,1
14007,120,130,-10,10
14008,163,156,7,7
14009,64,68,-4,4
14010,83,77,6,6
14011,69,85,-16,16
14012,135,106,29,29
14013,86,81,5,5
14014,60,57,3,3
14015,77,84,-7,7
14016,92,94,-2,2
14017,85,82,3,3
14018,161,150,11,11
14019,126,114,12,12
14020,63,66,-3,3
14021,93,101,-8,8
14022,73,72,1,1
14023,107,108,-1,1
14024,74,78,-4,4
14025,73,67,6,6
14026,108,97,11,11
14027,182,169,13,13
14028,134,121,13,13
14029,67,72,-5,5
14030,91,89,2,2
14031,131,152,-21,21
14032,146,133,13,13
14033,80,78,2,2
14034,139,129,10,10
14035,188,178,10,10
14036,150,134,16,16
14037,74,73,1,1
14038,115,118,-3,3
14039,87,83,4,4
14040,83,71,12,12
14041,71,71,0,0
14042,95,98,-3,3
14043,110,101,9,9
14044,91,91,0,0
14045,108,104,4,4
14046,51,55,-4,4
14047,71,77,-6,6
14048,50,58,-8,8
14049,66,71,-5,5
14050,56,68,-12,12
14051,108,106,2,2
14052,114,107,7,7
14053,86,75,11,11
14054,88,84,4,4
14055,66,63,3,3
14056,111,113,-2,2
14057,53,61,-8,8
14058,94,94,0,0
14059,74,74,0,0
14060,129,130,-1,1
14061,75,82,-7,7
14062,198,177,21,21
14063,76,74,2,2
14064,94,96,-2,2
14065,70,67,3,3
14066,172,146,26,26
14067,61,63,-2,2
14068,80,82,-2,2
14069,102,95,7,7
14070,114,113,1,1
14071,70,72,-2,2
14072,75,84,-9,9
14073,112,106,6,6
14074,44,50,-6,6
14075,145,160,-15,15
14076,68,94,-26,26
14077,148,139,9,9
14078,56,62,-6,6
14079,81,84,-3,3
14080,73,76,-3,3
14081,122,123,-1,1
14082,75,84,-9,9
14083,121,126,-5,5
14084,139,138,1,1
14085,63,66,-3,3
14086,125,126,-1,1
14087,85,80,5,5
14088,112,118,-6,6
14089,114,109,5,5
14090,134,125,9,9
14091,98,108,-10,10
14092,75,85,-10,10
14093,135,118,17,17
14094,96,97,-1,1
14095,102,100,2,2
14096,150,149,1,1
14097,186,160,26,26
14098,63,60,3,3
14099,116,105,11,11
14100,83,72,11,11
14101,110,95,15,15
14102,104,99,5,5
14103,71,70,1,1
14104,111,119,-8,8
14105,106,110,-4,4
14106,147,147,0,0
14107,67,70,-3,3
14108,212,192,20,20
14109,83,85,-2,2
14110,174,149,25,25
14111,113,123,-10,10
14112,68,80,-12,12
14113,159,159,0,0
14114,52,63,-11,11
14115,123,122,1,1
14116,112,111,1,1
14117,69,78,-9,9
14118,61,65,-4,4
14119,63,68,-5,5
14120,70,73,-3,3
14121,65,71,-6,6
14122,145,147,-2,2
14123,121,123,-2,2
14124,60,58,2,2
14125,187,165,22,22
14126,24,36,-12,12
14127,136,133,3,3
14128,65,77,-12,12
14129,67,69,-2,2
14130,189,177,12,12
14131,83,102,-19,19
14132,76,79,-3,3
14133,91,93,-2,2
14134,74,87,-13,13
14135,55,66,-11,11
14136,107,99,8,8
14137,160,146,14,14
14138,149,136,13,13
14139,96,91,5,5
14140,88,90,-2,2
14141,118,112,6,6
14142,91,90,1,1
14143,92,93,-1,1
14144,74,76,-2,2
14145,118,123,-5,5
14146,81,98,-17,17
14147,95,95,0,0
14148,68,72,-4,4
14149,132,116,16,16
14150,49,49,0,0
14151,115,114,1,1
14152,148,140,8,8
14153,109,124,-15,15
14154,104,96,8,8
14155,159,158,1,1
14156,83,73,10,10
14157,47,51,-4,4
14158,92,91,1,1
14159,101,105,-4,4
14160,57,58,-1,1
14161,40,52,-12,12
14162,153,139,14,14
14163,163,134,29,29
14164,66,69,-3,3
14165,90,86,4,4
14166,55,54,1,1
14167,52,64,-12,12
14168,96,96,0,0
14169,115,113,2,2
14170,47,57,-10,10
14171,77,93,-16,16
14172,76,79,-3,3
14173,115,115,0,0
14174,93,99,-6,6
14175,120,94,26,26
14176,83,81,2,2
14177,119,114,5,5
14178,40,54,-14,14
14179,47,56,-9,9
14180,55,58,-3,3
14181,96,97,-1,1
14182,88,94,-6,6
14183,74,89,-15,15
14184,80,88,-8,8
14185,68,68,0,0
14186,144,136,8,8
14187,101,97,4,4
14188,116,114,2,2
14189,63,64,-1,1
14190,51,55,-4,4
14191,123,119,4,4
14192,145,140,5,5
14193,107,98,9,9
14194,109,105,4,4
14195,115,114,1,1
14196,59,59,0,0
14197,63,71,-8,8
14198,190,177,13,13
14199,69,67,2,2
14200,77,75,2,2
14201,78,86,-8,8
14202,85,93,-8,8
14203,112,96,16,16
14204,82,84,-2,2
14205,150,143,7,7
14206,72,75,-3,3
14207,105,108,-3,3
14208,80,77,3,3
14209,39,48,-9,9
14210,102,112,-10,10
14211,68,74,-6,6
14212,95,93,2,2
14213,24,38,-14,14
14214,50,55,-5,5
14215,66,62,4,4
14216,69,75,-6,6
14217,120,112,8,8
14218,140,124,16,16
14219,69,74,-5,5
14220,187,147,40,40
14221,107,103,4,4
14222,67,67,0,0
14223,126,127,-1,1
14224,112,120,-8,8
14225,93,101,-8,8
14226,89,93,-4,4
14227,93,99,-6,6
14228,48,50,-2,2
14229,153,144,9,9
14230,67,68,-1,1
14231,48,56,-8,8
14232,58,69,-11,11
14233,179,160,19,19
14234,91,92,-1,1
14235,123,121,2,2
14236,70,73,-3,3
14237,32,42,-10,10
14238,96,85,11,11
14239,53,56,-3,3
14240,99,100,-1,1
14241,133,119,14,14
14242,77,87,-10,10
14243,47,61,-14,14
14244,55,59,-4,4
14245,85,78,7,7
14246,135,127,8,8
14247,103,97,6,6
14248,62,75,-13,13
14249,73,74,-1,1
14250,117,129,-12,12
14251,112,106,6,6
14252,34,40,-6,6
14253,46,53,-7,7
14254,68,68,0,0
14255,42,46,-4,4
14256,88,101,-13,13
14257,88,88,0,0
14258,78,81,-3,3
14259,74,79,-5,5
14260,145,134,11,11
14261,144,134,10,10
14262,146,143,3,3
14263,50,58,-8,8
14264,134,117,17,17
14265,81,74,7,7
14266,81,76,5,5
14267,64,67,-3,3
14268,134,131,3,3
14269,177,171,6,6
14270,115,107,8,8
14271,105,105,0,0
14272,142,132,10,10
14273,104,104,0,0
14274,74,81,-7,7
14275,177,153,24,24
14276,47,53,-6,6
14277,127,130,-3,3
14278,186,160,26,26
14279,81,95,-14,14
14280,78,76,2,2
14281,155,138,17,17
14282,170,129,41,41
14283,97,94,3,3
14284,94,91,3,3
14285,77,83,-6,6
14286,83,76,7,7
14287,109,107,2,2
14288,92,95,-3,3
14289,93,94,-1,1
14290,63,86,-23,23
14291,85,85,0,0
14292,92,101,-9,9
14293,68,60,8,8
14294,111,113,-2,2
14295,181,165,16,16
14296,57,58,-1,1
14297,93,98,-5,5
14298,68,77,-9,9
14299,95,100,-5,5
14300,123,111,12,12
14301,58,64,-6,6
14302,159,139,20,20
14303,97,87,10,10
14304,82,83,-1,1
14305,70,66,4,4
14306,87,76,11,11
14307,63,67,-4,4
14308,138,131,7,7
14309,124,122,2,2
14310,90,91,-1,1
14311,72,69,3,3
14312,82,92,-10,10
14313,102,118,-16,16
14314,149,124,25,25
14315,127,114,13,13
14316,127,101,26,26
14317,80,78,2,2
14318,79,72,7,7
14319,126,127,-1,1
14320,160,149,11,11
14321,88,87,1,1
14322,57,52,5,5
14323,117,113,4,4
14324,88,83,5,5
14325,117,114,3,3
14326,108,104,4,4
14327,122,132,-10,10
14328,126,114,12,12
14329,137,131,6,6
14330,119,101,18,18
14331,94,97,-3,3
14332,89,73,16,16
14333,65,65,0,0
14334,80,78,2,2
14335,73,75,-2,2
14336,137,123,14,14
14337,112,110,2,2
14338,93,95,-2,2
14339,121,100,21,21
14340,94,98,-4,4
14341,74,77,-3,3
14342,126,121,5,5
14343,102,95,7,7
14344,61,61,0,0
14345,107,111,-4,4
14346,187,168,19,19
14347,129,120,9,9
14348,96,98,-2,2
14349,85,77,8,8
14350,89,93,-4,4
14351,65,60,5,5
14352,67,76,-9,9
14353,95,86,9,9
14354,90,83,7,7
14355,70,87,-17,17
14356,51,61,-10,10
14357,67,76,-9,9
14358,105,94,11,11
14359,72,88,-16,16
14360,73,68,5,5
14361,90,91,-1,1
14362,60,59,1,1
14363,125,119,6,6
14364,128,115,13,13
14365,114,108,6,6
14366,80,67,13,13
14367,130,113,17,17
14368,170,180,-10,10
14369,163,160,3,3
14370,121,107,14,14
14371,65,70,-5,5
14372,110,107,3,3
14373,86,88,-2,2
14374,136,131,5,5
14375,95,97,-2,2
14376,82,82,0,0
14377,117,110,7,7
14378,122,122,0,0
14379,61,60,1,1
14380,49,55,-6,6
14381,188,160,28,28
14382,61,69,-8,8
14383,164,155,9,9
14384,64,69,-5,5
14385,100,93,7,7
14386,75,74,1,1
14387,90,87,3,3
14388,83,77,6,6
14389,74,81,-7,7
14390,88,87,1,1
14391,110,99,11,11
14392,104,99,5,5
14393,61,68,-7,7
14394,80,90,-10,10
14395,121,112,9,9
14396,72,74,-2,2
14397,80,79,1,1
14398,38,45,-7,7
14399,136,116,20,20
14400,85,91,-6,6
14401,86,86,0,0
14402,129,124,5,5
14403,58,61,-3,3
14404,73,78,-5,5
14405,135,133,2,2
14406,106,113,-7,7
14407,53,58,-5,5
14408,54,64,-10,10
14409,62,76,-14,14
14410,91,96,-5,5
14411,61,60,1,1
14412,56,64,-8,8
14413,53,58,-5,5
14414,67,69,-2,2
14415,81,88,-7,7
14416,77,84,-7,7
14417,92,90,2,2
14418,181,167,14,14
14419,68,73,-5,5
14420,73,77,-4,4
14421,102,97,5,5
14422,85,85,0,0
14423,78,81,-3,3
14424,85,77,8,8
14425,86,93,-7,7
14426,61,61,0,0
14427,60,62,-2,2
14428,70,82,-12,12
14429,63,69,-6,6
14430,141,146,-5,5
14431,82,76,6,6
14432,125,113,12,12
14433,25,38,-13,13
14434,124,114,10,10
14435,42,49,-7,7
14436,123,128,-5,5
14437,50,61,-11,11
14438,94,98,-4,4
14439,175,157,18,18
14440,119,117,2,2
14441,97,99,-2,2
14442,112,111,1,1
14443,105,104,1,1
14444,85,85,0,0
14445,117,121,-4,4
14446,140,134,6,6
14447,117,107,10,10
14448,45,51,-6,6
14449,73,76,-3,3
14450,71,83,-12,12
14451,41,46,-5,5
14452,134,126,8,8
14453,102,101,1,1
14454,69,72,-3,3
14455,98,103,-5,5
14456,113,104,9,9
14457,90,92,-2,2
14458,67,69,-2,2
14459,83,88,-5,5
14460,64,66,-2,2
14461,192,160,32,32
14462,93,83,10,10
14463,111,113,-2,2
14464,122,124,-2,2
14465,89,98,-9,9
14466,77,97,-20,20
14467,66,69,-3,3
14468,57,62,-5,5
14469,84,87,-3,3
14470,90,92,-2,2
14471,103,100,3,3
14472,144,137,7,7
14473,120,109,11,11
14474,105,101,4,4
14475,121,115,6,6
14476,51,98,-47,47
14477,91,82,9,9
14478,73,80,-7,7
14479,60,65,-5,5
14480,50,54,-4,4
14481,94,102,-8,8
14482,107,99,8,8
14483,62,60,2,2
14484,77,76,1,1
14485,109,102,7,7
14486,113,107,6,6
14487,95,99,-4,4
14488,153,158,-5,5
14489,146,127,19,19
14490,75,77,-2,2
14491,97,99,-2,2
14492,96,98,-2,2
14493,112,126,-14,14
14494,93,103,-10,10
14495,88,89,-1,1
14496,143,128,15,15
14497,131,125,6,6
14498,92,94,-2,2
14499,77,75,2,2
14500,94,92,2,2
14501,60,72,-12,12
14502,70,73,-3,3
14503,73,73,0,0
14504,115,112,3,3
14505,111,113,-2,2
14506,41,47,-6,6
14507,49,53,-4,4
14508,141,137,4,4
14509,85,81,4,4
14510,89,90,-1,1
14511,84,73,11,11
14512,102,98,4,4
14513,100,103,-3,3
14514,72,72,0,0
14515,99,92,7,7
14516,68,66,2,2
14517,63,62,1,1
14518,156,158,-2,2
14519,113,105,8,8
14520,109,99,10,10
14521,141,134,7,7
14522,173,161,12,12
14523,95,100,-5,5
14524,89,95,-6,6
14525,103,98,5,5
14526,71,72,-1,1
14527,81,79,2,2
14528,93,92,1,1
14529,138,148,-10,10
14530,94,83,11,11
14531,168,144,24,24
14532,56,63,-7,7
14533,70,66,4,4
14534,143,122,21,21
14535,115,114,1,1
14536,78,74,4,4
14537,71,68,3,3
14538,61,63,-2,2
14539,174,158,16,16
14540,136,133,3,3
14541,137,139,-2,2
14542,64,62,2,2
14543,98,95,3,3
14544,61,69,-8,8
14545,79,75,4,4
14546,58,61,-3,3
14547,88,88,0,0
14548,83,83,0,0
14549,58,66,-8,8
14550,113,101,12,12
14551,65,63,2,2
14552,98,98,0,0
14553,98,93,5,5
14554,119,108,11,11
14555,81,84,-3,3
14556,107,106,1,1
14557,69,67,2,2
14558,102,104,-2,2
14559,64,69,-5,5
14560,92,99,-7,7
14561,91,78,13,13
14562,76,70,6,6
14563,120,113,7,7
14564,131,124,7,7
14565,73,66,7,7
14566,113,91,22,22
14567,46,57,-11,11
14568,31,38,-7,7
14569,86,83,3,3
14570,124,128,-4,4
14571,69,68,1,1
14572,103,100,3,3
14573,78,86,-8,8
14574,85,77,8,8
14575,43,47,-4,4
14576,102,101,1,1
14577,64,72,-8,8
14578,112,118,-6,6
14579,104,101,3,3
14580,116,114,2,2
14581,72,75,-3,3
14582,86,94,-8,8
14583,45,50,-5,5
14584,90,95,-5,5
14585,204,184,20,20
14586,38,49,-11,11
14587,95,78,17,17
14588,102,109,-7,7
14589,193,179,14,14
14590,130,118,12,12
14591,47,53,-6,6
14592,132,129,3,3
14593,176,140,36,36
14594,67,72,-5,5
14595,100,103,-3,3
14596,73,67,6,6
14597,44,55,-11,11
14598,65,72,-7,7
14599,34,46,-12,12
14600,56,68,-12,12
14601,87,90,-3,3
14602,87,104,-17,17
14603,44,57,-13,13
14604,115,102,13,13
14605,82,84,-2,2
14606,134,136,-2,2
14607,161,147,14,14
14608,61,60,1,1
14609,150,139,11,11
14610,106,101,5,5
14611,68,68,0,0
14612,106,95,11,11
14613,96,94,2,2
14614,142,143,-1,1
14615,74,67,7,7
14616,47,54,-7,7
14617,130,127,3,3
14618,121,119,2,2
14619,104,101,3,3
14620,79,81,-2,2
14621,85,78,7,7
14622,92,93,-1,1
14623,52,98,-46,46
14624,144,158,-14,14
14625,92,81,11,11
14626,58,58,0,0
14627,116,121,-5,5
14628,71,75,-4,4
14629,65,62,3,3
14630,86,76,10,10
14631,51,58,-7,7
14632,51,61,-10,10
14633,169,156,13,13
14634,117,121,-4,4
14635,94,93,1,1
14636,77,75,2,2
14637,61,62,-1,1
14638,64,66,-2,2
14639,38,49,-11,11
14640,54,58,-4,4
14641,70,73,-3,3
14642,77,81,-4,4
14643,127,113,14,14
14644,58,63,-5,5
14645,84,86,-2,2
14646,89,92,-3,3
14647,52,55,-3,3
14648,73,76,-3,3
14649,64,72,-8,8
14650,53,64,-11,11
14651,112,103,9,9
14652,92,94,-2,2
14653,90,72,18,18
14654,72,75,-3,3
14655,99,102,-3,3
14656,84,78,6,6
14657,90,92,-2,2
14658,135,133,2,2
14659,91,87,4,4
14660,81,91,-10,10
14661,119,111,8,8
14662,70,75,-5,5
14663,62,65,-3,3
14664,80,82,-2,2
14665,69,67,2,2
14666,107,117,-10,10
14667,145,136,9,9
14668,137,126,11,11
14669,94,98,-4,4
14670,158,139,19,19
14671,174,169,5,5
14672,100,104,-4,4
14673,141,127,14,14
14674,131,126,5,5
14675,168,158,10,10
14676,98,96,2,2
14677,116,119,-3,3
14678,101,96,5,5
14679,89,108,-19,19
14680,119,112,7,7
14681,139,136,3,3
14682,25,37,-12,12
14683,106,103,3,3
14684,161,157,4,4
14685,123,114,9,9
14686,87,85,2,2
14687,58,65,-7,7
14688,62,66,-4,4
14689,89,89,0,0
14690,81,77,4,4
14691,70,66,4,4
14692,78,77,1,1
14693,163,155,8,8
14694,46,69,-23,23
14695,57,60,-3,3
14696,108,103,5,5
14697,148,117,31,31
14698,74,77,-3,3
14699,54,62,-8,8
14700,64,74,-10,10
14701,162,137,25,25
14702,124,114,10,10
14703,75,77,-2,2
14704,76,76,0,0
14705,81,90,-9,9
14706,56,63,-7,7
14707,90,86,4,4
14708,70,78,-8,8
14709,66,84,-18,18
14710,75,79,-4,4
14711,95,110,-15,15
14712,123,122,1,1
14713,125,118,7,7
14714,44,51,-7,7
14715,141,137,4,4
14716,53,60,-7,7
14717,97,95,2,2
14718,100,105,-5,5
14719,78,97,-19,19
14720,199,181,18,18
14721,124,112,12,12
14722,56,72,-16,16
14723,62,59,3,3
14724,109,101,8,8
14725,149,127,22,22
14726,101,102,-1,1
14727,129,117,12,12
14728,138,119,19,19
14729,118,121,-3,3
14730,151,145,6,6
14731,58,57,1,1
14732,148,142,6,6
14733,89,91,-2,2
14734,93,97,-4,4
14735,111,103,8,8
14736,131,125,6,6
14737,106,112,-6,6
14738,123,115,8,8
14739,119,138,-19,19
14740,106,108,-2,2
14741,121,115,6,6
14742,74,66,8,8
14743,94,99,-5,5
14744,83,75,8,8
14745,159,147,12,12
14746,126,113,13,13
14747,71,72,-1,1
14748,52,52,0,0
14749,139,135,4,4
14750,98,93,5,5
14751,94,93,1,1
14752,58,58,0,0
14753,126,124,2,2
14754,65,67,-2,2
14755,98,87,11,11
14756,170,158,12,12
14757,71,79,-8,8
14758,63,74,-11,11
14759,74,78,-4,4
14760,119,111,8,8
14761,73,86,-13,13
14762,88,86,2,2
14763,96,97,-1,1
14764,125,126,-1,1
14765,119,114,5,5
14766,88,87,1,1
14767,98,92,6,6
14768,103,113,-10,10
14769,95,93,2,2
14770,80,81,-1,1
14771,88,90,-2,2
14772,50,53,-3,3
14773,81,76,5,5
14774,72,67,5,5
14775,56,52,4,4
14776,54,59,-5,5
14777,70,78,-8,8
14778,92,81,11,11
14779,79,79,0,0
14780,64,69,-5,5
14781,121,117,4,4
14782,55,57,-2,2
14783,110,105,5,5
14784,142,130,12,12
14785,160,148,12,12
14786,61,62,-1,1
14787,59,61,-2,2
14788,102,111,-9,9
14789,95,91,4,4
14790,62,67,-5,5
14791,142,136,6,6
14792,91,78,13,13
14793,114,110,4,4
14794,54,56,-2,2
14795,93,99,-6,6
14796,96,94,2,2
14797,75,72,3,3
14798,95,92,3,3
14799,59,64,-5,5
14800,87,75,12,12
14801,121,107,14,14
14802,85,90,-5,5
14803,74,76,-2,2
14804,94,97,-3,3
14805,117,118,-1,1
14806,136,130,6,6
14807,51,56,-5,5
14808,143,134,9,9
14809,110,107,3,3
14810,112,104,8,8
14811,59,57,2,2
14812,69,67,2,2
14813,92,90,2,2
14814,92,95,-3,3
14815,125,112,13,13
14816,93,87,6,6
14817,94,87,7,7
14818,183,160,23,23
14819,158,153,5,5
14820,126,123,3,3
14821,201,174,27,27
14822,96,87,9,9
14823,69,85,-16,16
14824,112,122,-10,10
14825,60,69,-9,9
14826,81,76,5,5
14827,229,196,33,33
14828,81,76,5,5
14829,49,59,-10,10
14830,98,91,7,7
14831,104,100,4,4
14832,117,107,10,10
14833,91,94,-3,3
14834,96,87,9,9
14835,82,78,4,4
14836,193,166,27,27
14837,75,80,-5,5
14838,101,100,1,1
14839,128,112,16,16
14840,103,100,3,3
14841,84,80,4,4
14842,162,146,16,16
14843,117,113,4,4
14844,104,120,-16,16
14845,85,85,0,0
14846,90,92,-2,2
14847,67,71,-4,4
14848,91,83,8,8
14849,152,144,8,8
14850,60,61,-1,1
14851,107,103,4,4
14852,114,126,-12,12
14853,95,97,-2,2
14854,85,87,-2,2
14855,72,106,-34,34
14856,66,76,-10,10
14857,81,87,-6,6
14858,112,105,7,7
14859,39,48,-9,9
14860,125,137,-12,12
14861,67,70,-3,3
14862,103,95,8,8
14863,44,59,-15,15
14864,52,55,-3,3
14865,58,63,-5,5
14866,105,107,-2,2
14867,55,66,-11,11
14868,107,125,-18,18
14869,102,110,-8,8
14870,61,76,-15,15
14871,129,125,4,4
14872,72,71,1,1
14873,144,139,5,5
14874,67,72,-5,5
14875,131,120,11,11
14876,59,63,-4,4
14877,142,132,10,10
14878,80,84,-4,4
14879,95,91,4,4
14880,62,71,-9,9
14881,99,101,-2,2
14882,69,83,-14,14
14883,36,47,-11,11
14884,53,60,-7,7
14885,174,149,25,25
14886,120,116,4,4
14887,60,68,-8,8
14888,44,46,-2,2
14889,104,107,-3,3
14890,70,69,1,1
14891,80,77,3,3
14892,72,68,4,4
14893,114,121,-7,7
14894,110,110,0,0
14895,69,66,3,3
14896,108,101,7,7
14897,136,127,9,9
14898,62,68,-6,6
14899,170,163,7,7
14900,109,99,10,10
14901,85,89,-4,4
14902,93,83,10,10
14903,117,112,5,5
14904,102,82,20,20
14905,123,117,6,6
14906,91,105,-14,14
14907,65,69,-4,4
14908,52,58,-6,6
14909,139,123,16,16
14910,88,93,-5,5
14911,67,84,-17,17
14912,143,137,6,6
14913,153,149,4,4
14914,65,67,-2,2
14915,84,88,-4,4
14916,101,110,-9,9
14917,90,114,-24,24
14918,75,73,2,2
14919,95,93,2,2
14920,197,166,31,31
14921,60,63,-3,3
14922,152,147,5,5
14923,69,67,2,2
14924,79,83,-4,4
14925,63,62,1,1
14926,114,112,2,2
14927,94,89,5,5
14928,107,102,5,5
14929,94,95,-1,1
14930,68,69,-1,1
14931,95,96,-1,1
14932,123,114,9,9
14933,81,79,2,2
14934,141,122,19,19
14935,78,79,-1,1
14936,100,104,-4,4
14937,120,113,7,7
14938,36,46,-10,10
14939,81,86,-5,5
14940,118,101,17,17
14941,122,123,-1,1
14942,80,73,7,7
14943,130,119,11,11
14944,44,48,-4,4
14945,170,163,7,7
14946,74,98,-24,24
14947,66,72,-6,6
14948,192,174,18,18
14949,84,85,-1,1
14950,116,132,-16,16
14951,81,78,3,3
14952,43,47,-4,4
14953,69,70,-1,1
14954,63,64,-1,1
14955,94,94,0,0
14956,84,83,1,1
14957,56,56,0,0
14958,106,111,-5,5
14959,152,125,27,27
14960,92,91,1,1
14961,68,68,0,0
14962,87,94,-7,7
14963,88,97,-9,9
14964,78,83,-5,5
14965,64,76,-12,12
14966,147,139,8,8
14967,57,58,-1,1
14968,81,90,-9,9
14969,59,66,-7,7
14970,70,71,-1,1
14971,87,93,-6,6
14972,90,84,6,6
14973,87,75,12,12
14974,49,53,-4,4
14975,160,136,24,24
14976,131,116,15,15
14977,83,87,-4,4
14978,44,52,-8,8
14979,44,53,-9,9
14980,52,62,-10,10
14981,102,105,-3,3
14982,69,71,-2,2
14983,99,98,1,1
14984,81,92,-11,11
14985,91,100,-9,9
14986,87,86,1,1
14987,57,59,-2,2
14988,82,88,-6,6
14989,56,61,-5,5
14990,76,78,-2,2
14991,79,84,-5,5
14992,78,73,5,5
14993,121,106,15,15
14994,119,104,15,15
14995,68,75,-7,7
14996,146,135,11,11
14997,106,89,17,17
14998,132,118,14,14
14999,47,53,-6,6
15000,70,70,0,0
15001,114,99,15,15
15002,71,69,2,2
15003,85,98,-13,13
15004,132,121,11,11
15005,33,38,-5,5
15006,16,41,-25,25
15007,68,72,-4,4
15008,62,67,-5,5
15009,84,90,-6,6
15010,50,59,-9,9
15011,91,91,0,0
15012,116,112,4,4
15013,97,92,5,5
15014,126,128,-2,2
15015,102,106,-4,4
15016,111,99,12,12
15017,113,109,4,4
15018,149,132,17,17
15019,87,76,11,11
15020,120,108,12,12
15021,124,122,2,2
15022,145,126,19,19
15023,78,77,1,1
15024,158,149,9,9
15025,47,59,-12,12
15026,228,183,45,45
15027,86,93,-7,7
15028,97,96,1,1
15029,105,100,5,5
15030,59,66,-7,7
15031,134,112,22,22
15032,122,122,0,0
15033,116,124,-8,8
15034,72,80,-8,8
15035,95,107,-12,12
15036,48,52,-4,4
15037,71,70,1,1
15038,164,161,3,3
15039,80,78,2,2
15040,96,90,6,6
15041,133,120,13,13
15042,121,123,-2,2
15043,122,122,0,0
15044,99,92,7,7
15045,96,89,7,7
15046,41,53,-12,12
15047,157,133,24,24
15048,104,83,21,21
15049,65,72,-7,7
15050,103,108,-5,5
15051,118,112,6,6
15052,99,98,1,1
15053,126,113,13,13
15054,106,101,5,5
15055,55,53,2,2
15056,75,73,2,2
15057,69,76,-7,7
15058,107,108,-1,1
15059,122,118,4,4
15060,63,68,-5,5
15061,107,103,4,4
15062,96,112,-16,16
15063,62,73,-11,11
15064,72,73,-1,1
15065,152,137,15,15
15066,65,71,-6,6
15067,78,75,3,3
15068,115,112,3,3
15069,113,101,12,12
15070,113,99,14,14
15071,105,99,6,6
15072,116,113,3,3
15073,158,147,11,11
15074,57,64,-7,7
15075,141,137,4,4
15076,82,82,0,0
15077,106,108,-2,2
15078,96,88,8,8
15079,104,102,2,2
15080,98,93,5,5
15081,83,95,-12,12
15082,138,126,12,12
15083,148,137,11,11
15084,71,66,5,5
15085,90,97,-7,7
15086,134,120,14,14
15087,129,134,-5,5
15088,127,126,1,1
15089,77,78,-1,1
15090,69,76,-7,7
15091,102,99,3,3
15092,69,73,-4,4
15093,65,66,-1,1
15094,102,111,-9,9
15095,56,70,-14,14
15096,123,112,11,11
15097,73,69,4,4
15098,61,71,-10,10
15099,102,113,-11,11
15100,98,99,-1,1
15101,80,74,6,6
15102,85,88,-3,3
15103,61,58,3,3
15104,127,121,6,6
15105,68,70,-2,2
15106,127,128,-1,1
15107,71,69,2,2
15108,71,61,10,10
15109,149,139,10,10
15110,91,83,8,8
15111,98,101,-3,3
15112,51,58,-7,7
15113,90,85,5,5
15114,105,113,-8,8
15115,84,84,0,0
15116,98,93,5,5
15117,188,191,-3,3
15118,57,59,-2,2
15119,135,112,23,23
15120,107,99,8,8
15121,166,156,10,10
15122,102,97,5,5
15123,162,149,13,13
15124,74,71,3,3
15125,81,87,-6,6
15126,58,62,-4,4
15127,93,78,15,15
15128,67,65,2,2
15129,136,139,-3,3
15130,122,121,1,1
15131,114,112,2,2
15132,66,63,3,3
15133,121,108,13,13
15134,82,86,-4,4
15135,110,103,7,7
15136,63,68,-5,5
15137,108,105,3,3
15138,77,74,3,3
15139,86,84,2,2
15140,74,69,5,5
15141,101,103,-2,2
15142,114,118,-4,4
15143,105,100,5,5
15144,106,103,3,3
15145,83,77,6,6
15146,169,162,7,7
15147,71,73,-2,2
15148,87,92,-5,5
15149,67,68,-1,1
15150,86,111,-25,25
15151,244,220,24,24
15152,96,81,15,15
15153,136,130,6,6
15154,64,67,-3,3
15155,131,141,-10,10
15156,142,145,-3,3
15157,63,73,-10,10
15158,56,63,-7,7
15159,65,67,-2,2
15160,116,104,12,12
15161,57,59,-2,2
15162,109,117,-8,8
15163,114,121,-7,7
15164,68,67,1,1
15165,114,109,5,5
15166,64,83,-19,19
15167,112,118,-6,6
15168,47,57,-10,10
15169,66,64,2,2
15170,81,89,-8,8
15171,127,129,-2,2
15172,109,108,1,1
15173,72,68,4,4
15174,94,96,-2,2
15175,46,54,-8,8
15176,113,73,40,40
15177,70,73,-3,3
15178,80,86,-6,6
15179,64,69,-5,5
15180,113,102,11,11
15181,56,64,-8,8
15182,112,102,10,10
15183,50,62,-12,12
15184,101,94,7,7
15185,173,165,8,8
15186,57,55,2,2
15187,104,99,5,5
15188,90,85,5,5
15189,76,74,2,2
15190,94,93,1,1
15191,105,119,-14,14
15192,121,114,7,7
15193,126,130,-4,4
15194,127,113,14,14
15195,116,114,2,2
15196,88,83,5,5
15197,62,72,-10,10
15198,190,181,9,9
15199,91,114,-23,23
15200,68,75,-7,7
15201,102,93,9,9
15202,150,119,31,31
15203,85,91,-6,6
15204,45,51,-6,6
15205,106,108,-2,2
15206,64,65,-1,1
15207,152,150,2,2
15208,124,123,1,1
15209,77,84,-7,7
15210,80,89,-9,9
15211,68,62,6,6
15212,131,130,1,1
15213,141,127,14,14
15214,138,123,15,15
15215,139,149,-10,10
15216,54,65,-11,11
15217,81,84,-3,3
15218,131,126,5,5
15219,105,101,4,4
15220,88,79,9,9
15221,97,98,-1,1
15222,132,124,8,8
15223,80,85,-5,5
15224,83,87,-4,4
15225,56,65,-9,9
15226,68,79,-11,11
15227,88,85,3,3
15228,101,103,-2,2
15229,123,114,9,9
15230,123,129,-6,6
15231,56,75,-19,19
15232,139,137,2,2
15233,102,105,-3,3
15234,53,55,-2,2
15235,145,140,5,5
15236,94,96,-2,2
15237,126,121,5,5
15238,92,84,8,8
15239,82,85,-3,3
15240,74,85,-11,11
15241,165,131,34,34
15242,99,104,-5,5
15243,139,142,-3,3
15244,84,75,9,9
15245,85,83,2,2
15246,63,67,-4,4
15247,174,148,26,26
15248,127,109,18,18
15249,93,102,-9,9
15250,106,101,5,5
15251,108,129,-21,21
15252,93,91,2,2
15253,98,84,14,14
15254,91,91,0,0
15255,68,69,-1,1
15256,98,97,1,1
15257,264,237,27,27
15258,105,94,11,11
15259,71,76,-5,5
15260,57,56,1,1
15261,99,99,0,0
15262,87,83,4,4
15263,109,105,4,4
15264,132,130,2,2
15265,66,76,-10,10
15266,99,101,-2,2
15267,70,65,5,5
15268,111,105,6,6
15269,124,116,8,8
15270,53,61,-8,8
15271,113,99,14,14
15272,69,64,5,5
15273,69,77,-8,8
15274,80,80,0,0
15275,87,88,-1,1
15276,117,105,12,12
15277,105,96,9,9
15278,64,61,3,3
15279,41,49,-8,8
15280,60,60,0,0
15281,93,94,-1,1
15282,74,68,6,6
15283,100,93,7,7
15284,75,74,1,1
15285,117,105,12,12
15286,129,128,1,1
15287,145,139,6,6
15288,102,103,-1,1
15289,147,145,2,2
15290,55,61,-6,6
15291,91,87,4,4
15292,46,55,-9,9
15293,211,171,40,40
15294,125,128,-3,3
15295,76,77,-1,1
15296,84,80,4,4
15297,104,102,2,2
15298,62,69,-7,7
15299,77,84,-7,7
15300,100,93,7,7
15301,83,86,-3,3
15302,90,93,-3,3
15303,181,158,23,23
15304,132,136,-4,4
15305,88,85,3,3
15306,85,87,-2,2
15307,69,72,-3,3
15308,59,60,-1,1
15309,42,43,-1,1
15310,138,127,11,11
15311,75,72,3,3
15312,116,114,2,2
15313,76,90,-14,14
15314,85,85,0,0
15315,60,66,-6,6
15316,101,99,2,2
15317,117,120,-3,3
15318,73,85,-12,12
15319,65,68,-3,3
15320,136,134,2,2
15321,40,50,-10,10
15322,61,62,-1,1
15323,138,131,7,7
15324,55,62,-7,7
15325,87,79,8,8
15326,60,58,2,2
15327,42,46,-4,4
15328,184,184,0,0
15329,136,137,-1,1
15330,46,56,-10,10
15331,157,121,36,36
15332,99,102,-3,3
15333,64,60,4,4
15334,95,97,-2,2
15335,138,135,3,3
15336,63,67,-4,4
15337,72,66,6,6
15338,52,62,-10,10
15339,90,84,6,6
15340,78,84,-6,6
15341,97,100,-3,3
15342,118,110,8,8
15343,89,93,-4,4
15344,55,61,-6,6
15345,109,102,7,7
15346,64,71,-7,7
15347,103,95,8,8
15348,96,96,0,0
15349,101,97,4,4
15350,130,122,8,8
15351,67,79,-12,12
15352,65,68,-3,3
15353,80,81,-1,1
15354,90,89,1,1
15355,86,80,6,6
15356,62,63,-1,1
15357,162,152,10,10
15358,107,112,-5,5
15359,42,46,-4,4
15360,104,102,2,2
15361,125,119,6,6
15362,93,96,-3,3
15363,163,173,-10,10
15364,42,60,-18,18
15365,127,119,8,8
15366,94,100,-6,6
15367,88,87,1,1
15368,147,138,9,9
15369,155,145,10,10
15370,107,97,10,10
15371,65,66,-1,1
15372,94,106,-12,12
15373,77,84,-7,7
15374,128,125,3,3
15375,70,73,-3,3
15376,51,62,-11,11
15377,101,106,-5,5
15378,108,96,12,12
15379,169,152,17,17
15380,56,63,-7,7
15381,114,105,9,9
15382,129,135,-6,6
15383,98,97,1,1
15384,62,59,3,3
15385,52,56,-4,4
15386,125,113,12,12
15387,123,113,10,10
15388,107,105,2,2
15389,100,99,1,1
15390,153,163,-10,10
15391,81,90,-9,9
15392,82,84,-2,2
15393,97,100,-3,3
15394,28,37,-9,9
15395,123,125,-2,2
15396,66,75,-9,9
15397,91,91,0,0
15398,95,96,-1,1
15399,66,75,-9,9
15400,105,107,-2,2
15401,64,66,-2,2
15402,106,98,8,8
15403,136,121,15,15
15404,87,89,-2,2
15405,71,66,5,5
15406,116,120,-4,4
15407,88,93,-5,5
15408,53,57,-4,4
15409,126,113,13,13
15410,144,128,16,16
15411,74,79,-5,5
15412,63,68,-5,5
15413,72,75,-3,3
15414,73,67,6,6
15415,76,78,-2,2
15416,88,85,3,3
15417,78,81,-3,3
15418,103,100,3,3
15419,76,71,5,5
15420,41,82,-41,41
15421,231,203,28,28
15422,134,129,5,5
15423,126,107,19,19
15424,138,125,13,13
15425,103,112,-9,9
15426,90,94,-4,4
15427,73,72,1,1
15428,63,76,-13,13
15429,81,87,-6,6
15430,120,103,17,17
15431,92,97,-5,5
15432,100,99,1,1
15433,51,62,-11,11
15434,116,116,0,0
15435,97,97,0,0
15436,87,73,14,14
15437,138,124,14,14
15438,52,62,-10,10
15439,36,46,-10,10
15440,167,164,3,3
15441,80,92,-12,12
15442,117,113,4,4
15443,91,83,8,8
15444,163,148,15,15
15445,112,125,-13,13
15446,75,82,-7,7
15447,119,112,7,7
15448,61,68,-7,7
15449,71,66,5,5
15450,117,114,3,3
15451,115,127,-12,12
15452,99,101,-2,2
15453,125,121,4,4
15454,100,99,1,1
15455,153,135,18,18
15456,146,144,2,2
15457,157,140,17,17
15458,104,104,0,0
15459,130,121,9,9
15460,137,141,-4,4
15461,105,112,-7,7
15462,101,93,8,8
15463,110,113,-3,3
15464,97,92,5,5
15465,87,78,9,9
15466,107,105,2,2
15467,87,89,-2,2
15468,90,77,13,13
15469,90,87,3,3
15470,118,114,4,4
15471,57,65,-8,8
15472,108,112,-4,4
15473,51,59,-8,8
15474,56,72,-16,16
15475,53,68,-15,15
15476,55,63,-8,8
15477,68,78,-10,10
15478,61,66,-5,5
15479,142,136,6,6
15480,83,79,4,4
15481,56,64,-8,8
15482,60,71,-11,11
15483,59,66,-7,7
15484,119,115,4,4
15485,60,69,-9,9
15486,60,65,-5,5
15487,106,101,5,5
15488,78,78,0,0
15489,83,79,4,4
15490,63,68,-5,5
15491,147,133,14,14
15492,182,172,10,10
15493,129,124,5,5
15494,97,99,-2,2
15495,115,111,4,4
15496,105,112,-7,7
15497,102,109,-7,7
15498,127,127,0,0
15499,157,147,10,10
15500,84,82,2,2
15501,152,136,16,16
15502,74,77,-3,3
15503,79,78,1,1
15504,123,127,-4,4
15505,135,134,1,1
15506,82,81,1,1
15507,111,112,-1,1
15508,62,87,-25,25
15509,59,67,-8,8
15510,77,86,-9,9
15511,63,73,-10,10
15512,81,84,-3,3
15513,56,60,-4,4
15514,69,74,-5,5
15515,65,73,-8,8
15516,82,83,-1,1
15517,91,91,0,0
15518,190,156,34,34
15519,185,168,17,17
15520,131,122,9,9
15521,65,66,-1,1
15522,158,146,12,12
15523,144,146,-2,2
15524,73,81,-8,8
15525,80,90,-10,10
15526,152,138,14,14
15527,62,67,-5,5
15528,64,69,-5,5
15529,65,69,-4,4
15530,146,136,10,10
15531,124,120,4,4
15532,108,99,9,9
15533,131,121,10,10
15534,107,112,-5,5
15535,104,102,2,2
15536,78,73,5,5
15537,115,118,-3,3
15538,159,146,13,13
15539,103,107,-4,4
15540,101,103,-2,2
15541,63,61,2,2
15542,160,151,9,9
15543,61,68,-7,7
15544,60,63,-3,3
15545,130,135,-5,5
15546,96,95,1,1
15547,84,87,-3,3
15548,93,92,1,1
15549,110,109,1,1
15550,66,64,2,2
15551,77,75,2,2
15552,103,100,3,3
15553,78,84,-6,6
15554,147,136,11,11
15555,87,91,-4,4
15556,84,76,8,8
15557,83,79,4,4
15558,69,67,2,2
15559,180,173,7,7
15560,140,136,4,4
15561,57,62,-5,5
15562,120,116,4,4
15563,62,65,-3,3
15564,79,78,1,1
15565,127,125,2,2
15566,64,71,-7,7
15567,81,74,7,7
15568,100,98,2,2
15569,118,114,4,4
15570,85,74,11,11
15571,77,85,-8,8
15572,104,97,7,7
15573,72,69,3,3
15574,101,97,4,4
15575,95,100,-5,5
15576,98,95,3,3
15577,62,62,0,0
15578,98,93,5,5
15579,113,121,-8,8
15580,62,65,-3,3
15581,52,63,-11,11
15582,112,99,13,13
15583,80,83,-3,3
15584,106,113,-7,7
15585,63,68,-5,5
15586,49,63,-14,14
15587,72,74,-2,2
15588,117,101,16,16
15589,116,111,5,5
15590,94,91,3,3
15591,95,98,-3,3
15592,83,95,-12,12
15593,119,118,1,1
15594,106,108,-2,2
15595,92,83,9,9
15596,70,77,-7,7
15597,133,128,5,5
15598,64,63,1,1
15599,169,155,14,14
15600,93,88,5,5
15601,102,101,1,1
15602,87,84,3,3
15603,71,73,-2,2
15604,62,68,-6,6
15605,59,57,2,2
15606,85,85,0,0
15607,72,74,-2,2
15608,50,55,-5,5
15609,92,90,2,2
15610,127,123,4,4
15611,57,58,-1,1
15612,107,103,4,4
15613,65,64,1,1
15614,82,85,-3,3
15615,81,83,-2,2
15616,98,98,0,0
15617,82,78,4,4
15618,110,125,-15,15
15619,166,155,11,11
15620,107,104,3,3
15621,50,59,-9,9
15622,148,134,14,14
15623,70,72,-2,2
15624,100,90,10,10
15625,108,105,3,3
15626,113,112,1,1
15627,53,65,-12,12
15628,126,122,4,4
15629,72,74,-2,2
15630,197,178,19,19
15631,47,51,-4,4
15632,89,85,4,4
15633,143,129,14,14
15634,119,116,3,3
15635,76,80,-4,4
15636,73,83,-10,10
15637,68,75,-7,7
15638,111,106,5,5
15639,121,106,15,15
15640,92,98,-6,6
15641,113,106,7,7
15642,98,99,-1,1
15643,152,153,-1,1
15644,80,84,-4,4
15645,82,79,3,3
15646,128,117,11,11
15647,49,60,-11,11
15648,128,127,1,1
15649,63,67,-4,4
15650,52,58,-6,6
15651,89,89,0,0
15652,68,64,4,4
15653,109,105,4,4
15654,83,84,-1,1
15655,97,100,-3,3
15656,73,75,-2,2
15657,75,73,2,2
15658,127,118,9,9
15659,52,79,-27,27
15660,69,61,8,8
15661,152,143,9,9
15662,87,88,-1,1
15663,130,113,17,17
15664,72,86,-14,14
15665,114,119,-5,5
15666,75,75,0,0
15667,136,124,12,12
15668,77,76,1,1
15669,88,85,3,3
15670,64,73,-9,9
15671,90,81,9,9
15672,174,169,5,5
15673,57,68,-11,11
15674,56,65,-9,9
15675,78,77,1,1
15676,81,78,3,3
15677,67,62,5,5
15678,123,111,12,12
15679,146,140,6,6
15680,123,122,1,1
15681,98,103,-5,5
15682,61,68,-7,7
15683,109,111,-2,2
15684,76,84,-8,8
15685,121,119,2,2
15686,81,84,-3,3
15687,38,57,-19,19
15688,70,74,-4,4
15689,83,77,6,6
15690,100,100,0,0
15691,79,87,-8,8
15692,98,103,-5,5
15693,79,75,4,4
15694,196,174,22,22
15695,137,133,4,4
15696,67,70,-3,3
15697,87,92,-5,5
15698,79,80,-1,1
15699,84,84,0,0
15700,104,115,-11,11
15701,105,111,-6,6
15702,113,101,12,12
15703,54,56,-2,2
15704,77,74,3,3
15705,124,118,6,6
15706,103,98,5,5
15707,175,155,20,20
15708,67,64,3,3
15709,86,86,0,0
15710,65,71,-6,6
15711,74,71,3,3
15712,85,61,24,24
15713,77,77,0,0
15714,94,92,2,2
15715,163,139,24,24
15716,107,105,2,2
15717,126,122,4,4
15718,97,93,4,4
15719,80,78,2,2
15720,150,151,-1,1
15721,67,72,-5,5
15722,120,104,16,16
15723,86,96,-10,10
15724,80,80,0,0
15725,79,75,4,4
15726,98,95,3,3
15727,100,103,-3,3
15728,105,106,-1,1
15729,140,153,-13,13
15730,110,101,9,9
15731,101,95,6,6
15732,50,56,-6,6
15733,132,125,7,7
15734,160,153,7,7
15735,119,108,11,11
15736,94,91,3,3
15737,83,77,6,6
15738,92,89,3,3
15739,76,67,9,9
15740,103,99,4,4
15741,93,95,-2,2
15742,67,73,-6,6
15743,104,112,-8,8
15744,123,118,5,5
15745,90,84,6,6
15746,75,80,-5,5
15747,120,116,4,4
15748,66,63,3,3
15749,106,108,-2,2
15750,120,114,6,6
15751,98,85,13,13
15752,105,111,-6,6
15753,97,99,-2,2
15754,101,97,4,4
15755,80,83,-3,3
15756,87,87,0,0
15757,68,68,0,0
15758,160,144,16,16
15759,77,80,-3,3
15760,65,68,-3,3
15761,90,93,-3,3
15762,34,47,-13,13
15763,90,98,-8,8
15764,83,76,7,7
15765,47,50,-3,3
15766,47,70,-23,23
15767,106,113,-7,7
15768,63,68,-5,5
15769,96,98,-2,2
15770,108,120,-12,12
15771,85,85,0,0
15772,157,138,19,19
15773,90,72,18,18
15774,116,116,0,0
15775,132,129,3,3
15776,123,119,4,4
15777,118,114,4,4
15778,45,57,-12,12
15779,60,65,-5,5
15780,179,153,26,26
15781,111,111,0,0
15782,118,119,-1,1
15783,87,98,-11,11
15784,51,63,-12,12
15785,37,50,-13,13
15786,91,91,0,0
15787,69,72,-3,3
15788,130,114,16,16
15789,102,109,-7,7
15790,93,100,-7,7
15791,129,123,6,6
15792,54,56,-2,2
15793,70,72,-2,2
15794,125,112,13,13
15795,59,66,-7,7
15796,46,44,2,2
15797,64,69,-5,5
15798,113,100,13,13
15799,110,95,15,15
15800,46,56,-10,10
15801,134,138,-4,4
15802,71,85,-14,14
15803,143,133,10,10
15804,63,68,-5,5
15805,120,114,6,6
15806,86,79,7,7
15807,74,85,-11,11
15808,118,121,-3,3
15809,61,65,-4,4
15810,65,65,0,0
15811,136,122,14,14
15812,85,89,-4,4
15813,105,91,14,14
15814,146,137,9,9
15815,98,105,-7,7
15816,30,51,-21,21
15817,76,78,-2,2
15818,148,136,12,12
15819,126,116,10,10
15820,121,114,7,7
15821,173,127,46,46
15822,68,85,-17,17
15823,100,103,-3,3
15824,109,111,-2,2
15825,73,78,-5,5
15826,97,98,-1,1
15827,92,85,7,7
15828,97,96,1,1
15829,88,99,-11,11
15830,159,140,19,19
15831,104,102,2,2
15832,65,69,-4,4
15833,84,79,5,5
15834,82,78,4,4
15835,100,111,-11,11
15836,105,100,5,5
15837,70,79,-9,9
15838,77,73,4,4
15839,111,109,2,2
15840,96,87,9,9
15841,98,105,-7,7
15842,89,92,-3,3
15843,62,70,-8,8
15844,144,124,20,20
15845,134,128,6,6
15846,96,96,0,0
15847,64,75,-11,11
15848,74,75,-1,1
15849,113,105,8,8
15850,125,128,-3,3
15851,122,111,11,11
15852,66,77,-11,11
15853,46,53,-7,7
15854,115,112,3,3
15855,59,62,-3,3
15856,76,75,1,1
15857,97,94,3,3
15858,125,124,1,1
15859,138,105,33,33
15860,24,36,-12,12
15861,34,42,-8,8
15862,77,77,0,0
15863,112,120,-8,8
15864,123,121,2,2
15865,88,87,1,1
15866,130,122,8,8
15867,108,106,2,2
15868,52,54,-2,2
15869,112,119,-7,7
15870,41,45,-4,4
15871,68,75,-7,7
15872,111,108,3,3
15873,97,103,-6,6
15874,73,74,-1,1
15875,75,74,1,1
15876,79,94,-15,15
15877,62,71,-9,9
15878,75,91,-16,16
15879,128,121,7,7
15880,113,113,0,0
15881,49,51,-2,2
15882,65,63,2,2
15883,64,68,-4,4
15884,97,110,-13,13
15885,117,102,15,15
15886,62,65,-3,3
15887,75,94,-19,19
15888,80,85,-5,5
15889,63,70,-7,7
15890,50,60,-10,10
15891,112,113,-1,1
15892,129,124,5,5
15893,78,73,5,5
15894,102,102,0,0
15895,101,92,9,9
15896,67,73,-6,6
15897,49,53,-4,4
15898,184,161,23,23
15899,81,83,-2,2
15900,70,72,-2,2
15901,95,89,6,6
15902,111,101,10,10
15903,141,129,12,12
15904,105,113,-8,8
15905,54,52,2,2
15906,78,78,0,0
15907,155,139,16,16
15908,134,124,10,10
15909,88,84,4,4
15910,66,76,-10,10
15911,64,69,-5,5
15912,60,73,-13,13
15913,94,89,5,5
15914,103,93,10,10
15915,146,139,7,7
15916,74,83,-9,9
15917,73,67,6,6
15918,62,69,-7,7
15919,103,103,0,0
15920,126,120,6,6
15921,96,87,9,9
15922,160,142,18,18
15923,118,113,5,5
15924,128,115,13,13
15925,191,178,13,13
15926,123,114,9,9
15927,107,106,1,1
15928,55,57,-2,2
15929,47,46,1,1
15930,55,58,-3,3
15931,58,63,-5,5
15932,107,105,2,2
15933,76,74,2,2
15934,96,87,9,9
15935,57,59,-2,2
15936,110,117,-7,7
15937,79,74,5,5
15938,65,74,-9,9
15939,123,112,11,11
15940,61,55,6,6
15941,65,74,-9,9
15942,113,107,6,6
15943,49,51,-2,2
15944,82,93,-11,11
15945,98,99,-1,1
15946,75,77,-2,2
15947,112,118,-6,6
15948,113,102,11,11
15949,94,96,-2,2
15950,58,53,5,5
15951,64,66,-2,2
15952,105,111,-6,6
15953,101,100,1,1
15954,68,73,-5,5
15955,101,94,7,7
15956,52,54,-2,2
15957,70,69,1,1
15958,97,128,-31,31
15959,117,105,12,12
15960,68,71,-3,3
15961,127,112,15,15
15962,69,77,-8,8
15963,90,98,-8,8
15964,40,51,-11,11
15965,114,105,9,9
15966,98,97,1,1
15967,66,69,-3,3
15968,67,79,-12,12
15969,190,182,8,8
15970,104,97,7,7
15971,74,82,-8,8
15972,69,59,10,10
15973,86,92,-6,6
15974,102,92,10,10
15975,122,113,9,9
15976,142,129,13,13
15977,103,91,12,12
15978,164,147,17,17
15979,110,122,-12,12
15980,64,67,-3,3
15981,74,71,3,3
15982,61,60,1,1
15983,63,69,-6,6
15984,100,91,9,9
15985,107,109,-2,2
15986,102,97,5,5
15987,31,45,-14,14
15988,147,137,10,10
15989,60,65,-5,5
15990,86,81,5,5
15991,114,121,-7,7
15992,103,115,-12,12
15993,75,78,-3,3
15994,95,101,-6,6
15995,87,79,8,8
15996,99,87,12,12
15997,114,113,1,1
15998,76,80,-4,4
15999,120,120,0,0
16000,90,84,6,6
16001,64,62,2,2
16002,113,111,2,2
16003,66,66,0,0
16004,123,110,13,13
16005,132,115,17,17
16006,124,104,20,20
16007,56,59,-3,3
16008,125,129,-4,4
16009,101,100,1,1
16010,89,74,15,15
16011,57,70,-13,13
16012,98,93,5,5
16013,101,99,2,2
16014,82,91,-9,9
16015,128,130,-2,2
16016,56,62,-6,6
16017,162,158,4,4
16018,84,92,-8,8
16019,79,76,3,3
16020,53,61,-8,8
16021,55,61,-6,6
16022,62,62,0,0
16023,73,75,-2,2
16024,42,48,-6,6
16025,127,136,-9,9
16026,52,60,-8,8
16027,121,122,-1,1
16028,75,85,-10,10
16029,89,86,3,3
16030,64,66,-2,2
16031,36,39,-3,3
16032,89,84,5,5
16033,72,67,5,5
16034,148,142,6,6
16035,106,101,5,5
16036,158,159,-1,1
16037,131,121,10,10
16038,130,128,2,2
16039,77,73,4,4
16040,136,126,10,10
16041,102,103,-1,1
16042,86,86,0,0
16043,89,84,5,5
16044,101,95,6,6
16045,99,98,1,1
16046,100,94,6,6
16047,69,75,-6,6
16048,92,80,12,12
16049,69,75,-6,6
16050,128,123,5,5
16051,151,140,11,11
16052,39,43,-4,4
16053,44,56,-12,12
16054,74,84,-10,10
16055,82,77,5,5
16056,140,129,11,11
16057,120,110,10,10
16058,79,67,12,12
16059,89,92,-3,3
16060,158,182,-24,24
16061,105,123,-18,18
16062,113,112,1,1
16063,58,58,0,0
16064,95,96,-1,1
16065,82,91,-9,9
16066,140,130,10,10
16067,66,75,-9,9
16068,94,94,0,0
16069,116,117,-1,1
16070,70,81,-11,11
16071,90,89,1,1
16072,73,86,-13,13
16073,62,101,-39,39
16074,55,59,-4,4
16075,87,82,5,5
16076,97,99,-2,2
16077,75,74,1,1
16078,113,107,6,6
16079,148,128,20,20
16080,144,161,-17,17
16081,64,61,3,3
16082,117,104,13,13
16083,89,89,0,0
16084,106,101,5,5
16085,130,113,17,17
16086,91,99,-8,8
16087,52,56,-4,4
16088,54,64,-10,10
16089,117,104,13,13
16090,127,133,-6,6
16091,104,87,17,17
16092,122,113,9,9
16093,67,63,4,4
16094,73,78,-5,5
16095,84,86,-2,2
16096,63,66,-3,3
16097,199,185,14,14
16098,138,149,-11,11
16099,85,80,5,5
16100,112,112,0,0
16101,100,104,-4,4
16102,184,181,3,3
16103,90,90,0,0
16104,55,58,-3,3
16105,142,128,14,14
16106,124,123,1,1
16107,83,96,-13,13
16108,79,91,-12,12
16109,52,71,-19,19
16110,92,97,-5,5
16111,71,72,-1,1
16112,47,49,-2,2
16113,83,86,-3,3
16114,68,71,-3,3
16115,65,73,-8,8
16116,99,95,4,4
16117,114,116,-2,2
16118,98,102,-4,4
16119,84,101,-17,17
16120,181,156,25,25
16121,51,56,-5,5
16122,95,80,15,15
16123,77,79,-2,2
16124,70,77,-7,7
16125,103,98,5,5
16126,106,99,7,7
16127,70,76,-6,6
16128,92,93,-1,1
16129,104,119,-15,15
16130,49,62,-13,13
16131,62,72,-10,10
16132,52,58,-6,6
16133,88,86,2,2
16134,84,77,7,7
16135,80,85,-5,5
16136,55,62,-7,7
16137,84,79,5,5
16138,158,132,26,26
16139,76,71,5,5
16140,58,66,-8,8
16141,94,88,6,6
16142,44,49,-5,5
16143,96,94,2,2
16144,134,126,8,8
16145,124,119,5,5
16146,137,136,1,1
16147,139,128,11,11
16148,40,48,-8,8
16149,64,68,-4,4
16150,100,100,0,0
16151,90,92,-2,2
16152,88,90,-2,2
16153,80,82,-2,2
16154,67,67,0,0
16155,96,93,3,3
16156,74,69,5,5
16157,80,72,8,8
16158,54,63,-9,9
16159,133,129,4,4
16160,71,69,2,2
16161,151,139,12,12
16162,150,144,6,6
16163,107,112,-5,5
16164,104,104,0,0
16165,96,95,1,1
16166,164,156,8,8
16167,61,76,-15,15
16168,95,97,-2,2
16169,120,115,5,5
16170,107,111,-4,4
16171,116,108,8,8
16172,89,87,2,2
16173,42,47,-5,5
16174,74,73,1,1
16175,100,104,-4,4
16176,66,65,1,1
16177,105,104,1,1
16178,108,95,13,13
16179,144,140,4,4
16180,118,123,-5,5
16181,82,76,6,6
16182,164,139,25,25
16183,125,127,-2,2
16184,68,76,-8,8
16185,102,100,2,2
16186,109,116,-7,7
16187,111,97,14,14
16188,115,102,13,13
16189,58,57,1,1
16190,109,100,9,9
16191,90,84,6,6
16192,99,95,4,4
16193,124,133,-9,9
16194,147,114,33,33
16195,67,69,-2,2
16196,89,90,-1,1
16197,77,70,7,7
16198,106,124,-18,18
16199,78,80,-2,2
16200,58,73,-15,15
16201,119,111,8,8
16202,74,79,-5,5
16203,80,84,-4,4
16204,143,134,9,9
16205,160,137,23,23
16206,117,110,7,7
16207,79,73,6,6
16208,103,106,-3,3
16209,88,74,14,14
16210,74,78,-4,4
16211,96,100,-4,4
16212,94,113,-19,19
16213,66,65,1,1
16214,43,55,-12,12
16215,137,131,6,6
16216,89,85,4,4
16217,95,100,-5,5
16218,172,169,3,3
16219,37,48,-11,11
16220,75,77,-2,2
16221,112,110,2,2
16222,98,101,-3,3
16223,137,131,6,6
16224,122,111,11,11
16225,55,55,0,0
16226,65,66,-1,1
16227,105,107,-2,2
16228,67,73,-6,6
16229,115,104,11,11
16230,35,54,-19,19
16231,95,92,3,3
16232,62,60,2,2
16233,60,62,-2,2
16234,142,126,16,16
16235,74,90,-16,16
16236,100,96,4,4
16237,179,108,71,71
16238,173,153,20,20
16239,161,155,6,6
16240,76,78,-2,2
16241,79,89,-10,10
16242,116,105,11,11
16243,58,66,-8,8
16244,83,83,0,0
16245,48,56,-8,8
16246,74,71,3,3
16247,57,68,-11,11
16248,84,85,-1,1
16249,114,105,9,9
16250,72,66,6,6
16251,96,100,-4,4
16252,113,133,-20,20
16253,105,99,6,6
16254,149,131,18,18
16255,62,67,-5,5
16256,72,67,5,5
16257,77,76,1,1
16258,152,144,8,8
16259,94,90,4,4
16260,115,109,6,6
16261,56,56,0,0
16262,65,67,-2,2
16263,111,101,10,10
16264,73,78,-5,5
16265,75,70,5,5
16266,90,87,3,3
16267,121,124,-3,3
16268,111,103,8,8
16269,179,162,17,17
16270,136,136,0,0
16271,111,116,-5,5
16272,35,67,-32,32
16273,90,84,6,6
16274,58,61,-3,3
16275,172,153,19,19
16276,77,77,0,0
16277,81,76,5,5
16278,31,42,-11,11
16279,87,96,-9,9
16280,63,79,-16,16
16281,114,105,9,9
16282,96,97,-1,1
16283,83,79,4,4
16284,117,120,-3,3
16285,121,103,18,18
16286,89,91,-2,2
16287,106,104,2,2
16288,108,102,6,6
16289,121,117,4,4
16290,160,146,14,14
16291,110,108,2,2
16292,87,78,9,9
16293,107,104,3,3
16294,117,117,0,0
16295,74,77,-3,3
16296,96,95,1,1
16297,133,125,8,8
16298,81,93,-12,12
16299,81,84,-3,3
16300,76,80,-4,4
16301,57,67,-10,10
16302,131,133,-2,2
16303,91,84,7,7
16304,39,49,-10,10
16305,119,109,10,10
16306,138,128,10,10
16307,105,110,-5,5
16308,77,71,6,6
16309,132,129,3,3
16310,58,67,-9,9
16311,42,47,-5,5
16312,67,69,-2,2
16313,54,57,-3,3
16314,74,73,1,1
16315,95,96,-1,1
16316,73,68,5,5
16317,75,90,-15,15
16318,58,62,-4,4
16319,112,105,7,7
16320,114,106,8,8
16321,118,119,-1,1
16322,63,66,-3,3
16323,59,73,-14,14
16324,56,57,-1,1
16325,66,65,1,1
16326,64,68,-4,4
16327,100,92,8,8
16328,97,99,-2,2
16329,155,141,14,14
16330,93,84,9,9
16331,123,122,1,1
16332,89,78,11,11
16333,76,84,-8,8
16334,178,172,6,6
16335,67,66,1,1
16336,112,101,11,11
16337,105,102,3,3
16338,95,89,6,6
16339,81,86,-5,5
16340,67,77,-10,10
16341,79,77,2,2
16342,117,119,-2,2
16343,72,79,-7,7
16344,103,104,-1,1
16345,109,107,2,2
16346,59,66,-7,7
16347,101,99,2,2
16348,112,112,0,0
16349,158,145,13,13
16350,119,119,0,0
16351,92,87,5,5
16352,38,47,-9,9
16353,66,74,-8,8
16354,69,76,-7,7
16355,51,60,-9,9
16356,200,157,43,43
16357,93,91,2,2
16358,97,97,0,0
16359,171,131,40,40
16360,65,74,-9,9
16361,102,98,4,4
16362,72,70,2,2
16363,55,61,-6,6
16364,118,97,21,21
16365,86,83,3,3
16366,135,122,13,13
16367,78,73,5,5
16368,115,117,-2,2
16369,140,140,0,0
16370,61,68,-7,7
16371,48,59,-11,11
16372,78,78,0,0
16373,195,188,7,7
16374,48,59,-11,11
16375,71,69,2,2
16376,126,120,6,6
16377,207,184,23,23
16378,111,99,12,12
16379,75,86,-11,11
16380,106,102,4,4
16381,84,77,7,7
16382,140,134,6,6
16383,77,95,-18,18
16384,88,89,-1,1
16385,63,61,2,2
16386,146,132,14,14
16387,43,51,-8,8
16388,87,89,-2,2
16389,63,62,1,1
16390,92,100,-8,8
16391,64,69,-5,5
16392,107,98,9,9
16393,114,109,5,5
16394,76,69,7,7
16395,108,116,-8,8
16396,61,61,0,0
16397,157,148,9,9
16398,161,144,17,17
16399,81,78,3,3
16400,42,50,-8,8
16401,120,96,24,24
16402,118,103,15,15
16403,99,97,2,2
16404,78,78,0,0
16405,39,45,-6,6
16406,62,65,-3,3
16407,93,85,8,8
16408,51,60,-9,9
16409,63,87,-24,24
16410,131,136,-5,5
16411,117,100,17,17
16412,96,88,8,8
16413,158,145,13,13
16414,88,91,-3,3
16415,77,84,-7,7
16416,84,85,-1,1
16417,123,118,5,5
16418,84,83,1,1
16419,122,120,2,2
16420,88,92,-4,4
16421,73,68,5,5
16422,198,184,14,14
16423,87,77,10,10
16424,76,85,-9,9
16425,85,87,-2,2
16426,86,93,-7,7
16427,161,159,2,2
16428,132,110,22,22
16429,65,61,4,4
16430,65,64,1,1
16431,155,143,12,12
16432,94,99,-5,5
16433,91,88,3,3
16434,94,104,-10,10
16435,132,127,5,5
16436,74,76,-2,2
16437,134,128,6,6
16438,186,175,11,11
16439,117,112,5,5
16440,128,122,6,6
16441,49,54,-5,5
16442,52,59,-7,7
16443,54,55,-1,1
16444,49,58,-9,9
16445,61,70,-9,9
16446,87,89,-2,2
16447,121,128,-7,7
16448,110,108,2,2
16449,29,43,-14,14
16450,75,75,0,0
16451,119,122,-3,3
16452,100,94,6,6
16453,73,94,-21,21
16454,71,76,-5,5
16455,61,81,-20,20
16456,91,105,-14,14
16457,68,81,-13,13
16458,79,78,1,1
16459,141,149,-8,8
16460,89,91,-2,2
16461,132,129,3,3
16462,110,108,2,2
16463,70,72,-2,2
16464,49,55,-6,6
16465,99,102,-3,3
16466,60,60,0,0
16467,94,94,0,0
16468,89,89,0,0
16469,149,142,7,7
16470,78,73,5,5
16471,133,140,-7,7
16472,134,137,-3,3
16473,65,72,-7,7
16474,117,103,14,14
16475,96,92,4,4
16476,130,114,16,16
16477,138,135,3,3
16478,85,88,-3,3
16479,128,125,3,3
16480,84,81,3,3
16481,127,112,15,15
16482,67,71,-4,4
16483,149,153,-4,4
16484,77,72,5,5
16485,91,91,0,0
16486,137,124,13,13
16487,142,135,7,7
16488,68,70,-2,2
16489,129,125,4,4
16490,120,110,10,10
16491,38,48,-10,10
16492,109,109,0,0
16493,101,94,7,7
16494,66,97,-31,31
16495,61,69,-8,8
16496,107,106,1,1
16497,112,99,13,13
16498,114,129,-15,15
16499,96,98,-2,2
16500,136,128,8,8
16501,60,64,-4,4
16502,108,98,10,10
16503,109,109,0,0
16504,98,95,3,3
16505,53,71,-18,18
16506,68,63,5,5
16507,114,108,6,6
16508,181,179,2,2
16509,121,113,8,8
16510,67,69,-2,2
16511,78,70,8,8
16512,74,73,1,1
16513,47,50,-3,3
16514,113,122,-9,9
16515,41,47,-6,6
16516,57,62,-5,5
16517,68,64,4,4
16518,88,93,-5,5
16519,76,96,-20,20
16520,96,98,-2,2
16521,45,54,-9,9
16522,119,114,5,5
16523,104,111,-7,7
16524,111,106,5,5
16525,62,60,2,2
16526,94,95,-1,1
16527,86,83,3,3
16528,78,90,-12,12
16529,132,127,5,5
16530,105,102,3,3
16531,141,124,17,17
16532,59,64,-5,5
16533,205,167,38,38
16534,91,92,-1,1
16535,87,102,-15,15
16536,87,86,1,1
16537,102,90,12,12
16538,94,84,10,10
16539,77,77,0,0
16540,61,64,-3,3
16541,152,132,20,20
16542,85,86,-1,1
16543,120,111,9,9
16544,83,90,-7,7
16545,135,129,6,6
16546,52,58,-6,6
16547,79,73,6,6
16548,50,59,-9,9
16549,152,137,15,15
16550,80,74,6,6
16551,83,87,-4,4
16552,163,159,4,4
16553,75,87,-12,12
16554,72,76,-4,4
16555,93,88,5,5
16556,118,112,6,6
16557,84,89,-5,5
16558,72,71,1,1
16559,75,78,-3,3
16560,79,83,-4,4
16561,84,89,-5,5
16562,88,90,-2,2
16563,99,96,3,3
16564,59,66,-7,7
16565,112,108,4,4
16566,128,113,15,15
16567,115,113,2,2
16568,101,112,-11,11
16569,60,63,-3,3
16570,80,88,-8,8
16571,134,133,1,1
16572,72,72,0,0
16573,160,141,19,19
16574,123,119,4,4
16575,111,105,6,6
16576,61,68,-7,7
16577,68,72,-4,4
16578,131,134,-3,3
16579,135,121,14,14
16580,217,219,-2,2
16581,56,55,1,1
16582,86,91,-5,5
16583,104,100,4,4
16584,87,97,-10,10
16585,76,76,0,0
16586,137,129,8,8
16587,86,88,-2,2
16588,53,58,-5,5
16589,82,88,-6,6
16590,52,52,0,0
16591,85,84,1,1
16592,110,101,9,9
16593,58,61,-3,3
16594,103,105,-2,2
16595,40,44,-4,4
16596,70,69,1,1
16597,50,52,-2,2
16598,69,73,-4,4
16599,108,113,-5,5
16600,82,74,8,8
16601,138,128,10,10
16602,103,102,1,1
16603,119,112,7,7
16604,111,101,10,10
16605,154,141,13,13
16606,131,123,8,8
16607,67,72,-5,5
16608,76,72,4,4
16609,104,104,0,0
16610,134,119,15,15
16611,41,55,-14,14
16612,54,55,-1,1
16613,116,111,5,5
16614,58,60,-2,2
16615,74,85,-11,11
16616,101,101,0,0
16617,62,64,-2,2
16618,141,137,4,4
16619,93,85,8,8
16620,98,95,3,3
16621,88,101,-13,13
16622,33,42,-9,9
16623,115,118,-3,3
16624,86,83,3,3
16625,156,137,19,19
16626,66,65,1,1
16627,93,83,10,10
16628,61,64,-3,3
16629,128,120,8,8
16630,161,136,25,25
16631,51,57,-6,6
16632,59,64,-5,5
16633,97,97,0,0
16634,157,141,16,16
16635,91,99,-8,8
16636,67,59,8,8
16637,90,93,-3,3
16638,82,79,3,3
16639,104,98,6,6
16640,96,97,-1,1
16641,122,125,-3,3
16642,86,82,4,4
16643,126,123,3,3
16644,87,85,2,2
16645,77,83,-6,6
16646,117,108,9,9
16647,144,128,16,16
16648,86,77,9,9
16649,61,58,3,3
16650,79,96,-17,17
16651,96,96,0,0
16652,89,96,-7,7
16653,89,96,-7,7
16654,110,103,7,7
16655,87,78,9,9
16656,39,51,-12,12
16657,98,96,2,2
16658,151,137,14,14
16659,89,91,-2,2
16660,67,70,-3,3
16661,71,70,1,1
16662,119,110,9,9
16663,86,86,0,0
16664,147,136,11,11
16665,51,50,1,1
16666,83,95,-12,12
16667,83,85,-2,2
16668,54,58,-4,4
16669,138,120,18,18
16670,64,68,-4,4
16671,80,83,-3,3
16672,58,66,-8,8
16673,92,90,2,2
16674,56,73,-17,17
16675,114,124,-10,10
16676,58,64,-6,6
16677,51,60,-9,9
16678,111,108,3,3
16679,66,77,-11,11
16680,64,67,-3,3
16681,99,107,-8,8
16682,73,70,3,3
16683,110,98,12,12
16684,99,110,-11,11
16685,92,89,3,3
16686,57,60,-3,3
16687,138,129,9,9
16688,156,151,5,5
16689,113,108,5,5
16690,37,47,-10,10
16691,119,113,6,6
16692,109,107,2,2
16693,137,131,6,6
16694,187,144,43,43
16695,77,84,-7,7
16696,78,72,6,6
16697,89,92,-3,3
16698,144,143,1,1
16699,111,108,3,3
16700,46,57,-11,11
16701,119,116,3,3
16702,89,77,12,12
16703,85,77,8,8
16704,155,134,21,21
16705,164,161,3,3
16706,176,162,14,14
16707,61,65,-4,4
16708,143,147,-4,4
16709,66,59,7,7
16710,138,124,14,14
16711,107,106,1,1
16712,80,75,5,5
16713,95,92,3,3
16714,94,104,-10,10
16715,90,87,3,3
16716,65,68,-3,3
16717,75,77,-2,2
16718,54,59,-5,5
16719,84,85,-1,1
16720,129,116,13,13
16721,142,122,20,20
16722,96,101,-5,5
16723,112,112,0,0
16724,93,85,8,8
16725,57,62,-5,5
16726,36,55,-19,19
16727,46,54,-8,8
16728,94,98,-4,4
16729,57,62,-5,5
16730,106,113,-7,7
16731,130,131,-1,1
16732,62,66,-4,4
16733,89,94,-5,5
16734,137,129,8,8
16735,107,112,-5,5
16736,58,58,0,0
16737,73,71,2,2
16738,86,88,-2,2
16739,103,97,6,6
16740,121,120,1,1
16741,66,64,2,2
16742,87,91,-4,4
16743,59,59,0,0
16744,109,108,1,1
16745,79,91,-12,12
16746,68,68,0,0
16747,66,71,-5,5
16748,72,77,-5,5
16749,100,98,2,2
16750,102,99,3,3
16751,55,60,-5,5
16752,98,83,15,15
16753,107,108,-1,1
16754,77,66,11,11
16755,76,83,-7,7
16756,65,68,-3,3
16757,134,117,17,17
16758,39,53,-14,14
16759,123,125,-2,2
16760,64,66,-2,2
16761,105,101,4,4
16762,66,67,-1,1
16763,203,187,16,16
16764,144,113,31,31
16765,75,78,-3,3
16766,106,100,6,6
16767,104,101,3,3
16768,73,84,-11,11
16769,83,73,10,10
16770,81,96,-15,15
16771,83,84,-1,1
16772,100,107,-7,7
16773,103,98,5,5
16774,76,76,0,0
16775,66,71,-5,5
16776,72,72,0,0
16777,87,99,-12,12
16778,81,83,-2,2
16779,109,102,7,7
16780,103,95,8,8
16781,112,120,-8,8
16782,170,153,17,17
16783,89,90,-1,1
16784,73,79,-6,6
16785,59,60,-1,1
16786,135,129,6,6
16787,61,67,-6,6
16788,78,81,-3,3
16789,125,112,13,13
16790,64,72,-8,8
16791,54,62,-8,8
16792,119,112,7,7
16793,92,98,-6,6
16794,117,111,6,6
16795,88,79,9,9
16796,99,98,1,1
16797,48,55,-7,7
16798,123,122,1,1
16799,113,113,0,0
16800,98,98,0,0
16801,66,66,0,0
16802,82,78,4,4
16803,38,52,-14,14
16804,86,87,-1,1
16805,135,141,-6,6
16806,140,129,11,11
16807,73,71,2,2
16808,95,96,-1,1
16809,40,47,-7,7
16810,67,91,-24,24
16811,160,149,11,11
16812,121,112,9,9
16813,104,88,16,16
16814,98,95,3,3
16815,125,112,13,13
16816,119,102,17,17
16817,109,112,-3,3
16818,73,76,-3,3
16819,212,186,26,26
16820,81,78,3,3
16821,104,102,2,2
16822,44,52,-8,8
16823,82,69,13,13
16824,181,154,27,27
16825,50,53,-3,3
16826,90,99,-9,9
16827,87,87,0,0
16828,76,92,-16,16
16829,211,197,14,14
16830,104,98,6,6
16831,114,110,4,4
16832,143,144,-1,1
16833,142,136,6,6
16834,153,162,-9,9
16835,60,60,0,0
16836,60,63,-3,3
16837,111,95,16,16
16838,143,146,-3,3
16839,76,78,-2,2
16840,73,73,0,0
16841,76,70,6,6
16842,75,75,0,0
16843,58,65,-7,7
16844,57,57,0,0
16845,112,107,5,5
16846,151,139,12,12
16847,51,53,-2,2
16848,64,70,-6,6
16849,80,81,-1,1
16850,89,85,4,4
16851,155,141,14,14
16852,97,92,5,5
16853,82,90,-8,8
16854,122,113,9,9
16855,110,112,-2,2
16856,91,85,6,6
16857,27,61,-34,34
16858,55,57,-2,2
16859,107,100,7,7
16860,61,67,-6,6
16861,67,74,-7,7
16862,111,118,-7,7
16863,95,92,3,3
16864,129,125,4,4
16865,165,163,2,2
16866,139,129,10,10
16867,97,126,-29,29
16868,88,88,0,0
16869,64,74,-10,10
16870,83,78,5,5
16871,118,113,5,5
16872,81,77,4,4
16873,78,77,1,1
16874,164,158,6,6
16875,60,71,-11,11
16876,23,40,-17,17
16877,60,62,-2,2
16878,58,67,-9,9
16879,102,105,-3,3
16880,100,100,0,0
16881,103,103,0,0
16882,98,89,9,9
16883,136,137,-1,1
16884,110,105,5,5
16885,95,94,1,1
16886,113,112,1,1
16887,143,152,-9,9
16888,141,134,7,7
16889,117,112,5,5
16890,63,72,-9,9
16891,83,76,7,7
16892,52,59,-7,7
16893,95,105,-10,10
16894,85,85,0,0
16895,75,82,-7,7
16896,137,128,9,9
16897,81,83,-2,2
16898,55,64,-9,9
16899,128,109,19,19
16900,135,115,20,20
16901,107,103,4,4
16902,68,72,-4,4
16903,95,95,0,0
16904,131,122,9,9
16905,106,103,3,3
16906,84,98,-14,14
16907,120,116,4,4
16908,69,69,0,0
16909,93,99,-6,6
16910,100,99,1,1
16911,152,142,10,10
16912,139,143,-4,4
16913,109,108,1,1
16914,122,120,2,2
16915,70,72,-2,2
16916,89,84,5,5
16917,81,71,10,10
16918,59,62,-3,3
16919,74,74,0,0
16920,121,104,17,17
16921,88,84,4,4
16922,72,91,-19,19
16923,107,106,1,1
16924,47,61,-14,14
16925,105,99,6,6
16926,61,70,-9,9
16927,116,110,6,6
16928,110,105,5,5
16929,63,62,1,1
16930,121,113,8,8
16931,52,55,-3,3
16932,92,82,10,10
16933,102,112,-10,10
16934,86,89,-3,3
16935,171,184,-13,13
16936,97,107,-10,10
16937,105,95,10,10
16938,127,125,2,2
16939,84,92,-8,8
16940,99,92,7,7
16941,65,63,2,2
16942,86,77,9,9
16943,107,97,10,10
16944,84,84,0,0
16945,136,122,14,14
16946,82,75,7,7
16947,52,61,-9,9
16948,103,112,-9,9
16949,102,99,3,3
16950,126,115,11,11
16951,185,168,17,17
16952,143,133,10,10
16953,48,67,-19,19
16954,142,114,28,28
16955,58,65,-7,7
16956,164,159,5,5
16957,95,95,0,0
16958,191,185,6,6
16959,115,116,-1,1
16960,58,61,-3,3
16961,121,112,9,9
16962,101,98,3,3
16963,79,84,-5,5
16964,84,88,-4,4
16965,69,70,-1,1
16966,153,150,3,3
16967,67,75,-8,8
16968,69,85,-16,16
16969,71,76,-5,5
16970,94,96,-2,2
16971,110,107,3,3
16972,105,103,2,2
16973,88,93,-5,5
16974,93,98,-5,5
16975,70,70,0,0
16976,65,72,-7,7
16977,62,67,-5,5
16978,120,116,4,4
16979,55,58,-3,3
16980,73,77,-4,4
16981,102,98,4,4
16982,71,73,-2,2
16983,111,127,-16,16
16984,156,148,8,8
16985,89,94,-5,5
16986,67,68,-1,1
16987,71,76,-5,5
16988,71,76,-5,5
16989,108,102,6,6
16990,72,72,0,0
16991,80,76,4,4
16992,104,94,10,10
16993,111,114,-3,3
16994,58,60,-2,2
16995,68,67,1,1
16996,92,89,3,3
16997,161,149,12,12
16998,107,98,9,9
16999,66,75,-9,9
17000,76,84,-8,8
17001,105,102,3,3
17002,140,129,11,11
17003,77,75,2,2
17004,70,73,-3,3
17005,133,125,8,8
17006,50,58,-8,8
17007,66,70,-4,4
17008,60,70,-10,10
17009,72,78,-6,6
17010,123,113,10,10
17011,88,87,1,1
17012,110,102,8,8
17013,94,93,1,1
17014,88,86,2,2
17015,82,74,8,8
17016,107,122,-15,15
17017,69,67,2,2
17018,85,90,-5,5
17019,81,85,-4,4
17020,57,64,-7,7
17021,124,112,12,12
17022,126,125,1,1
17023,59,54,5,5
17024,78,79,-1,1
17025,112,113,-1,1
17026,87,99,-12,12
17027,101,93,8,8
17028,101,99,2,2
17029,150,144,6,6
17030,135,122,13,13
17031,146,140,6,6
17032,61,65,-4,4
17033,103,100,3,3
17034,134,125,9,9
17035,68,71,-3,3
17036,84,77,7,7
17037,59,65,-6,6
17038,115,111,4,4
17039,98,85,13,13
17040,118,125,-7,7
17041,97,98,-1,1
17042,94,103,-9,9
17043,143,131,12,12
17044,119,113,6,6
17045,82,92,-10,10
17046,86,93,-7,7
17047,79,85,-6,6
17048,178,177,1,1
17049,151,133,18,18
17050,133,125,8,8
17051,71,77,-6,6
17052,56,55,1,1
17053,61,63,-2,2
17054,69,76,-7,7
17055,95,97,-2,2
17056,98,95,3,3
17057,88,92,-4,4
17058,86,91,-5,5
17059,79,85,-6,6
17060,77,75,2,2
17061,88,100,-12,12
17062,110,105,5,5
17063,138,136,2,2
17064,98,103,-5,5
17065,99,95,4,4
17066,73,76,-3,3
17067,143,132,11,11
17068,44,50,-6,6
17069,136,124,12,12
17070,150,136,14,14
17071,125,124,1,1
17072,134,127,7,7
17073,93,98,-5,5
17074,107,100,7,7
17075,38,49,-11,11
17076,133,145,-12,12
17077,151,142,9,9
17078,104,111,-7,7
17079,83,79,4,4
17080,124,106,18,18
17081,161,153,8,8
17082,72,72,0,0
17083,77,84,-7,7
17084,111,108,3,3
17085,107,107,0,0
17086,107,112,-5,5
17087,98,103,-5,5
17088,168,155,13,13
17089,100,93,7,7
17090,70,72,-2,2
17091,68,68,0,0
17092,74,68,6,6
17093,129,129,0,0
17094,121,117,4,4
17095,69,68,1,1
17096,121,120,1,1
17097,103,103,0,0
17098,187,180,7,7
17099,61,64,-3,3
17100,81,77,4,4
17101,117,126,-9,9
17102,46,54,-8,8
17103,77,76,1,1
17104,85,90,-5,5
17105,47,55,-8,8
17106,81,79,2,2
17107,99,92,7,7
17108,152,155,-3,3
17109,58,70,-12,12
17110,45,58,-13,13
17111,87,84,3,3
17112,100,86,14,14
17113,41,45,-4,4
17114,184,157,27,27
17115,72,74,-2,2
17116,38,46,-8,8
17117,79,99,-20,20
17118,98,89,9,9
17119,71,72,-1,1
17120,62,66,-4,4
17121,90,83,7,7
17122,97,86,11,11
17123,52,57,-5,5
17124,74,68,6,6
17125,154,145,9,9
17126,99,93,6,6
17127,44,46,-2,2
17128,85,82,3,3
17129,128,121,7,7
17130,128,112,16,16
17131,78,94,-16,16
17132,62,67,-5,5
17133,112,121,-9,9
17134,63,71,-8,8
17135,88,89,-1,1
17136,51,52,-1,1
17137,129,121,8,8
17138,65,68,-3,3
17139,56,59,-3,3
17140,102,97,5,5
17141,87,84,3,3
17142,129,122,7,7
17143,61,67,-6,6
17144,79,78,1,1
17145,57,70,-13,13
17146,171,152,19,19
17147,90,91,-1,1
17148,96,92,4,4
17149,91,88,3,3
17150,47,57,-10,10
17151,87,97,-10,10
17152,86,101,-15,15
17153,133,134,-1,1
17154,133,125,8,8
17155,89,97,-8,8
17156,64,60,4,4
17157,54,58,-4,4
17158,99,112,-13,13
17159,91,90,1,1
17160,76,83,-7,7
17161,75,74,1,1
17162,72,67,5,5
17163,107,110,-3,3
17164,39,45,-6,6
17165,99,95,4,4
17166,121,111,10,10
17167,89,86,3,3
17168,132,130,2,2
17169,108,112,-4,4
17170,84,76,8,8
17171,104,101,3,3
17172,68,70,-2,2
17173,55,61,-6,6
17174,74,70,4,4
17175,85,90,-5,5
17176,63,64,-1,1
17177,77,77,0,0
17178,103,106,-3,3
17179,66,67,-1,1
17180,77,70,7,7
17181,112,103,9,9
17182,127,136,-9,9
17183,100,101,-1,1
17184,59,67,-8,8
17185,111,103,8,8
17186,29,42,-13,13
17187,77,75,2,2
17188,98,101,-3,3
17189,108,108,0,0
17190,196,187,9,9
17191,79,76,3,3
17192,150,146,4,4
17193,99,96,3,3
17194,73,71,2,2
17195,75,74,1,1
17196,62,66,-4,4
17197,77,82,-5,5
17198,100,91,9,9
17199,139,137,2,2
17200,80,76,4,4
17201,151,123,28,28
17202,125,123,2,2
17203,70,80,-10,10
17204,141,132,9,9
17205,76,81,-5,5
17206,74,83,-9,9
17207,108,99,9,9
17208,146,123,23,23
17209,65,63,2,2
17210,92,102,-10,10
17211,98,94,4,4
17212,112,113,-1,1
17213,155,135,20,20
17214,109,107,2,2
17215,127,119,8,8
17216,40,56,-16,16
17217,106,113,-7,7
17218,106,114,-8,8
17219,68,69,-1,1
17220,73,76,-3,3
17221,69,72,-3,3
17222,93,95,-2,2
17223,95,98,-3,3
17224,99,97,2,2
17225,108,104,4,4
17226,77,76,1,1
17227,76,77,-1,1
17228,102,104,-2,2
17229,117,112,5,5
17230,88,87,1,1
17231,82,83,-1,1
17232,99,95,4,4
17233,147,131,16,16
17234,66,66,0,0
17235,79,70,9,9
17236,62,71,-9,9
17237,175,163,12,12
17238,101,98,3,3
17239,64,69,-5,5
17240,74,73,1,1
17241,72,91,-19,19
17242,64,69,-5,5
17243,73,71,2,2
17244,48,61,-13,13
17245,186,167,19,19
17246,100,119,-19,19
17247,120,112,8,8
17248,53,68,-15,15
17249,120,107,13,13
17250,98,102,-4,4
17251,34,46,-12,12
17252,97,97,0,0
17253,118,109,9,9
17254,128,111,17,17
17255,90,86,4,4
17256,63,68,-5,5
17257,160,140,20,20
17258,177,146,31,31
17259,185,174,11,11
17260,104,102,2,2
17261,68,66,2,2
17262,119,123,-4,4
17263,110,102,8,8
17264,67,64,3,3
17265,56,62,-6,6
17266,160,145,15,15
17267,103,116,-13,13
17268,68,67,1,1
17269,112,113,-1,1
17270,75,75,0,0
17271,101,102,-1,1
17272,89,107,-18,18
17273,57,70,-13,13
17274,65,66,-1,1
17275,95,103,-8,8
17276,93,97,-4,4
17277,100,98,2,2
17278,127,127,0,0
17279,105,95,10,10
17280,58,55,3,3
17281,70,75,-5,5
17282,146,135,11,11
17283,90,86,4,4
17284,75,75,0,0
17285,92,93,-1,1
17286,122,115,7,7
17287,77,78,-1,1
17288,50,59,-9,9
17289,69,76,-7,7
17290,36,45,-9,9
17291,97,90,7,7
17292,81,89,-8,8
17293,127,131,-4,4
17294,142,141,1,1
17295,98,101,-3,3
17296,91,78,13,13
17297,84,87,-3,3
17298,94,100,-6,6
17299,71,83,-12,12
17300,87,78,9,9
17301,109,103,6,6
17302,58,57,1,1
17303,63,68,-5,5
17304,65,69,-4,4
17305,45,50,-5,5
17306,87,73,14,14
17307,64,67,-3,3
17308,82,83,-1,1
17309,156,154,2,2
17310,138,112,26,26
17311,76,78,-2,2
17312,134,125,9,9
17313,115,108,7,7
17314,92,95,-3,3
17315,126,124,2,2
17316,103,104,-1,1
17317,56,63,-7,7
17318,125,134,-9,9
17319,108,96,12,12
17320,69,71,-2,2
17321,151,135,16,16
17322,88,95,-7,7
17323,101,98,3,3
17324,165,159,6,6
17325,151,132,19,19
17326,82,78,4,4
17327,65,65,0,0
17328,93,94,-1,1
17329,102,100,2,2
17330,71,74,-3,3
17331,66,73,-7,7
17332,101,103,-2,2
17333,109,99,10,10
17334,67,64,3,3
17335,150,139,11,11
17336,71,58,13,13
17337,93,99,-6,6
17338,106,109,-3,3
17339,127,118,9,9
17340,167,160,7,7
17341,67,71,-4,4
17342,137,131,6,6
17343,90,91,-1,1
17344,48,56,-8,8
17345,79,75,4,4
17346,72,77,-5,5
17347,139,133,6,6
17348,81,85,-4,4
17349,124,125,-1,1
17350,114,106,8,8
17351,75,78,-3,3
17352,73,73,0,0
17353,90,84,6,6
17354,156,152,4,4
17355,107,106,1,1
17356,88,88,0,0
17357,135,143,-8,8
17358,120,104,16,16
17359,55,71,-16,16
17360,58,64,-6,6
17361,104,111,-7,7
17362,53,53,0,0
17363,65,65,0,0
17364,71,74,-3,3
17365,36,48,-12,12
17366,135,124,11,11
17367,159,149,10,10
17368,118,103,15,15
17369,93,103,-10,10
17370,91,91,0,0
17371,66,75,-9,9
17372,68,61,7,7
17373,81,81,0,0
17374,138,139,-1,1
17375,68,73,-5,5
17376,128,127,1,1
17377,97,108,-11,11
17378,83,91,-8,8
17379,194,176,18,18
17380,63,65,-2,2
17381,68,64,4,4
17382,68,72,-4,4
17383,89,93,-4,4
17384,103,96,7,7
17385,113,122,-9,9
17386,95,93,2,2
17387,93,85,8,8
17388,68,70,-2,2
17389,57,56,1,1
17390,58,64,-6,6
17391,174,154,20,20
17392,71,72,-1,1
17393,106,101,5,5
17394,63,64,-1,1
17395,63,58,5,5
17396,126,113,13,13
17397,104,98,6,6
17398,83,86,-3,3
17399,80,85,-5,5
17400,175,163,12,12
17401,77,95,-18,18
17402,146,132,14,14
17403,78,76,2,2
17404,114,103,11,11
17405,86,100,-14,14
17406,149,144,5,5
17407,170,162,8,8
17408,121,115,6,6
17409,61,64,-3,3
17410,64,60,4,4
17411,67,66,1,1
17412,99,105,-6,6
17413,185,165,20,20
17414,56,68,-12,12
17415,99,95,4,4
17416,75,85,-10,10
17417,85,75,10,10
17418,92,88,4,4
17419,91,87,4,4
17420,80,72,8,8
17421,56,70,-14,14
17422,80,76,4,4
17423,135,125,10,10
17424,98,118,-20,20
17425,150,149,1,1
17426,53,64,-11,11
17427,106,101,5,5
17428,74,76,-2,2
17429,196,186,10,10
17430,88,86,2,2
17431,47,55,-8,8
17432,101,107,-6,6
17433,110,105,5,5
17434,116,114,2,2
17435,96,99,-3,3
17436,65,61,4,4
17437,55,54,1,1
17438,140,137,3,3
17439,94,87,7,7
17440,89,79,10,10
17441,101,96,5,5
17442,80,75,5,5
17443,112,106,6,6
17444,106,112,-6,6
17445,103,107,-4,4
17446,60,65,-5,5
17447,95,104,-9,9
17448,87,91,-4,4
17449,45,50,-5,5
17450,92,95,-3,3
17451,108,99,9,9
17452,98,95,3,3
17453,62,68,-6,6
17454,107,105,2,2
17455,74,69,5,5
17456,137,122,15,15
17457,75,76,-1,1
17458,66,68,-2,2
17459,100,93,7,7
17460,129,136,-7,7
17461,79,77,2,2
17462,111,102,9,9
17463,88,95,-7,7
17464,63,65,-2,2
17465,95,99,-4,4
17466,74,76,-2,2
17467,108,105,3,3
17468,115,104,11,11
17469,96,95,1,1
17470,146,132,14,14
17471,178,166,12,12
17472,171,159,12,12
17473,171,143,28,28
17474,151,142,9,9
17475,90,93,-3,3
17476,94,87,7,7
17477,89,79,10,10
17478,71,73,-2,2
17479,223,204,19,19
17480,66,71,-5,5
17481,116,111,5,5
17482,69,67,2,2
17483,153,140,13,13
17484,48,59,-11,11
17485,83,80,3,3
17486,177,163,14,14
17487,70,76,-6,6
17488,80,85,-5,5
17489,77,79,-2,2
17490,69,67,2,2
17491,81,75,6,6
17492,115,114,1,1
17493,96,103,-7,7
17494,94,89,5,5
17495,46,53,-7,7
17496,88,104,-16,16
17497,90,78,12,12
17498,89,93,-4,4
17499,65,63,2,2
17500,78,77,1,1
17501,76,77,-1,1
17502,116,105,11,11
17503,127,117,10,10
17504,146,142,4,4
17505,89,95,-6,6
17506,42,64,-22,22
17507,73,66,7,7
17508,61,61,0,0
17509,79,76,3,3
17510,105,101,4,4
17511,64,69,-5,5
17512,115,117,-2,2
17513,66,72,-6,6
17514,75,74,1,1
17515,82,83,-1,1
17516,46,61,-15,15
17517,106,110,-4,4
17518,74,80,-6,6
17519,58,73,-15,15
17520,89,92,-3,3
17521,76,72,4,4
17522,90,79,11,11
17523,108,105,3,3
17524,89,100,-11,11
17525,75,72,3,3
17526,98,97,1,1
17527,87,79,8,8
17528,65,69,-4,4
17529,121,109,12,12
17530,63,67,-4,4
17531,139,140,-1,1
17532,80,85,-5,5
17533,75,75,0,0
17534,64,68,-4,4
17535,48,50,-2,2
17536,115,112,3,3
17537,82,83,-1,1
17538,120,114,6,6
17539,141,141,0,0
17540,67,71,-4,4
17541,48,64,-16,16
17542,117,109,8,8
17543,173,163,10,10
17544,74,83,-9,9
17545,53,59,-6,6
17546,33,46,-13,13
17547,79,86,-7,7
17548,76,73,3,3
17549,119,106,13,13
17550,139,132,7,7
17551,77,74,3,3
17552,115,113,2,2
17553,67,74,-7,7
17554,105,95,10,10
17555,127,125,2,2
17556,84,83,1,1
17557,106,109,-3,3
17558,79,89,-10,10
17559,96,102,-6,6
17560,82,78,4,4
17561,146,136,10,10
17562,98,101,-3,3
17563,116,124,-8,8
17564,42,49,-7,7
17565,82,86,-4,4
17566,71,71,0,0
17567,103,96,7,7
17568,60,66,-6,6
17569,86,87,-1,1
17570,137,124,13,13
17571,105,99,6,6
17572,68,76,-8,8
17573,94,97,-3,3
17574,190,173,17,17
17575,61,63,-2,2
17576,112,108,4,4
17577,72,67,5,5
17578,137,123,14,14
17579,85,89,-4,4
17580,190,177,13,13
17581,145,143,2,2
17582,100,101,-1,1
17583,143,129,14,14
17584,81,81,0,0
17585,58,65,-7,7
17586,79,89,-10,10
17587,119,113,6,6
17588,63,67,-4,4
17589,106,101,5,5
17590,111,104,7,7
17591,90,93,-3,3
17592,134,133,1,1
17593,129,112,17,17
17594,67,67,0,0
17595,128,127,1,1
17596,43,52,-9,9
17597,58,63,-5,5
17598,123,123,0,0
17599,63,65,-2,2
17600,61,67,-6,6
17601,74,65,9,9
17602,117,103,14,14
17603,132,104,28,28
17604,73,65,8,8
17605,127,128,-1,1
17606,170,160,10,10
17607,101,103,-2,2
17608,118,105,13,13
17609,73,70,3,3
17610,82,85,-3,3
17611,100,98,2,2
17612,62,67,-5,5
17613,80,73,7,7
17614,50,57,-7,7
17615,68,70,-2,2
17616,163,150,13,13
17617,49,53,-4,4
17618,75,77,-2,2
17619,133,123,10,10
17620,115,113,2,2
17621,102,107,-5,5
17622,74,76,-2,2
17623,161,146,15,15
17624,130,128,2,2
17625,122,112,10,10
17626,109,102,7,7
17627,120,127,-7,7
17628,72,55,17,17
17629,90,94,-4,4
17630,80,94,-14,14
17631,103,112,-9,9
17632,134,125,9,9
17633,93,98,-5,5
17634,82,78,4,4
17635,184,162,22,22
17636,84,83,1,1
17637,62,65,-3,3
17638,65,67,-2,2
17639,68,71,-3,3
17640,118,113,5,5
17641,81,85,-4,4
17642,116,113,3,3
17643,116,112,4,4
17644,85,80,5,5
17645,55,64,-9,9
17646,91,90,1,1
17647,79,83,-4,4
17648,24,47,-23,23
17649,155,144,11,11
17650,97,85,12,12
17651,69,75,-6,6
17652,105,104,1,1
17653,158,149,9,9
17654,129,126,3,3
17655,115,109,6,6
17656,92,100,-8,8
17657,82,86,-4,4
17658,100,100,0,0
17659,66,61,5,5
17660,46,54,-8,8
17661,141,142,-1,1
17662,128,122,6,6
17663,101,85,16,16
17664,103,98,5,5
17665,75,74,1,1
17666,125,119,6,6
17667,50,53,-3,3
17668,67,67,0,0
17669,91,96,-5,5
17670,95,94,1,1
17671,133,122,11,11
17672,124,118,6,6
17673,59,56,3,3
17674,138,127,11,11
17675,132,122,10,10
17676,109,106,3,3
17677,72,78,-6,6
17678,84,88,-4,4
17679,107,106,1,1
17680,73,83,-10,10
17681,76,78,-2,2
17682,122,108,14,14
17683,107,113,-6,6
17684,38,46,-8,8
17685,127,113,14,14
17686,82,75,7,7
17687,189,165,24,24
17688,115,112,3,3
17689,100,96,4,4
17690,70,66,4,4
17691,81,71,10,10
17692,150,157,-7,7
17693,94,89,5,5
17694,88,86,2,2
17695,81,85,-4,4
17696,148,143,5,5
17697,75,85,-10,10
17698,90,82,8,8
17699,124,121,3,3
17700,46,50,-4,4
17701,103,107,-4,4
17702,101,93,8,8
17703,93,94,-1,1
17704,105,108,-3,3
17705,91,92,-1,1
17706,138,134,4,4
17707,85,85,0,0
17708,102,93,9,9
17709,72,86,-14,14
17710,81,78,3,3
17711,118,113,5,5
17712,114,118,-4,4
17713,118,113,5,5
17714,79,84,-5,5
17715,149,133,16,16
17716,74,78,-4,4
17717,46,55,-9,9
17718,76,70,6,6
17719,80,78,2,2
17720,124,135,-11,11
17721,126,130,-4,4
17722,57,58,-1,1
17723,91,104,-13,13
17724,206,175,31,31
17725,122,109,13,13
17726,89,92,-3,3
17727,108,106,2,2
17728,170,151,19,19
17729,89,89,0,0
17730,90,86,4,4
17731,85,89,-4,4
17732,80,70,10,10
17733,105,91,14,14
17734,84,72,12,12
17735,97,98,-1,1
17736,60,66,-6,6
17737,39,52,-13,13
17738,103,97,6,6
17739,122,121,1,1
17740,105,104,1,1
17741,72,78,-6,6
17742,72,81,-9,9
17743,126,118,8,8
17744,113,106,7,7
17745,88,84,4,4
17746,121,121,0,0
17747,88,91,-3,3
17748,72,68,4,4
17749,65,73,-8,8
17750,74,84,-10,10
17751,112,118,-6,6
17752,53,57,-4,4
17753,138,129,9,9
17754,108,111,-3,3
17755,65,67,-2,2
17756,72,78,-6,6
17757,122,114,8,8
17758,48,61,-13,13
17759,93,89,4,4
17760,124,119,5,5
17761,92,95,-3,3
17762,66,71,-5,5
17763,69,68,1,1
17764,144,150,-6,6
17765,103,107,-4,4
17766,96,93,3,3
17767,107,102,5,5
17768,129,124,5,5
17769,60,64,-4,4
17770,72,70,2,2
17771,53,57,-4,4
17772,117,103,14,14
17773,109,112,-3,3
17774,73,74,-1,1
17775,121,115,6,6
17776,193,184,9,9
17777,69,77,-8,8
17778,80,70,10,10
17779,135,115,20,20
17780,47,51,-4,4
17781,75,71,4,4
17782,135,141,-6,6
17783,97,96,1,1
17784,76,77,-1,1
17785,108,105,3,3
17786,110,112,-2,2
17787,87,93,-6,6
17788,59,61,-2,2
17789,163,155,8,8
17790,80,84,-4,4
17791,169,149,20,20
17792,91,92,-1,1
17793,122,119,3,3
17794,97,98,-1,1
17795,63,70,-7,7
17796,139,139,0,0
17797,76,73,3,3
17798,80,78,2,2
17799,79,75,4,4
17800,112,112,0,0
17801,94,95,-1,1
17802,103,106,-3,3
17803,53,62,-9,9
17804,70,74,-4,4
17805,156,151,5,5
17806,29,57,-28,28
17807,128,131,-3,3
17808,125,126,-1,1
17809,126,104,22,22
17810,50,88,-38,38
17811,152,147,5,5
17812,195,162,33,33
17813,76,83,-7,7
17814,87,87,0,0
17815,80,74,6,6
17816,66,66,0,0
17817,72,71,1,1
17818,104,112,-8,8
17819,67,66,1,1
17820,109,106,3,3
17821,146,139,7,7
17822,59,71,-12,12
17823,78,75,3,3
17824,73,71,2,2
17825,139,133,6,6
17826,103,96,7,7
17827,112,112,0,0
17828,99,91,8,8
17829,68,75,-7,7
17830,53,63,-10,10
17831,152,126,26,26
17832,55,57,-2,2
17833,96,101,-5,5
17834,78,81,-3,3
17835,69,92,-23,23
17836,54,57,-3,3
17837,118,115,3,3
17838,120,107,13,13
17839,45,62,-17,17
17840,94,89,5,5
17841,141,137,4,4
17842,81,89,-8,8
17843,85,91,-6,6
17844,100,102,-2,2
17845,104,104,0,0
17846,189,161,28,28
17847,79,73,6,6
17848,98,99,-1,1
17849,53,58,-5,5
17850,139,127,12,12
17851,96,112,-16,16
17852,75,75,0,0
17853,74,76,-2,2
17854,142,136,6,6
17855,135,145,-10,10
17856,40,44,-4,4
17857,176,158,18,18
17858,55,59,-4,4
17859,70,79,-9,9
17860,71,73,-2,2
17861,55,64,-9,9
17862,168,159,9,9
17863,146,129,17,17
17864,111,112,-1,1
17865,117,100,17,17
17866,64,64,0,0
17867,106,99,7,7
17868,110,99,11,11
17869,79,82,-3,3
17870,95,89,6,6
17871,121,118,3,3
17872,129,127,2,2
17873,98,86,12,12
17874,60,62,-2,2
17875,53,59,-6,6
17876,121,112,9,9
17877,112,129,-17,17
17878,54,62,-8,8
17879,76,77,-1,1
17880,126,132,-6,6
17881,131,120,11,11
17882,45,53,-8,8
17883,135,129,6,6
17884,95,89,6,6
17885,80,73,7,7
17886,96,94,2,2
17887,143,133,10,10
17888,59,63,-4,4
17889,140,135,5,5
17890,73,76,-3,3
17891,109,112,-3,3
17892,116,123,-7,7
17893,42,52,-10,10
17894,44,47,-3,3
17895,151,142,9,9
17896,109,114,-5,5
17897,106,93,13,13
17898,131,107,24,24
17899,139,127,12,12
17900,77,72,5,5
17901,127,115,12,12
17902,79,91,-12,12
17903,140,135,5,5
17904,63,62,1,1
17905,121,119,2,2
17906,65,65,0,0
17907,146,132,14,14
17908,110,101,9,9
17909,101,106,-5,5
17910,35,46,-11,11
17911,105,102,3,3
17912,154,155,-1,1
17913,72,72,0,0
17914,98,100,-2,2
17915,126,131,-5,5
17916,142,133,9,9
17917,98,112,-14,14
17918,82,89,-7,7
17919,86,95,-9,9
17920,79,73,6,6
17921,111,98,13,13
17922,74,72,2,2
17923,58,60,-2,2
17924,48,53,-5,5
17925,74,74,0,0
17926,123,115,8,8
17927,40,47,-7,7
17928,80,69,11,11
17929,63,60,3,3
17930,115,100,15,15
17931,107,107,0,0
17932,80,74,6,6
17933,85,86,-1,1
17934,166,154,12,12
17935,71,81,-10,10
17936,56,67,-11,11
17937,48,58,-10,10
17938,96,90,6,6
17939,54,58,-4,4
17940,124,122,2,2
17941,92,95,-3,3
17942,51,57,-6,6
17943,62,69,-7,7
17944,89,84,5,5
17945,141,131,10,10
17946,87,72,15,15
17947,75,85,-10,10
17948,81,78,3,3
17949,65,81,-16,16
17950,90,83,7,7
17951,85,83,2,2
17952,71,76,-5,5
17953,61,68,-7,7
17954,104,99,5,5
17955,98,106,-8,8
17956,68,71,-3,3
17957,77,72,5,5
17958,90,89,1,1
17959,71,84,-13,13
17960,59,73,-14,14
17961,109,99,10,10
17962,105,109,-4,4
17963,175,156,19,19
17964,83,92,-9,9
17965,139,125,14,14
17966,68,70,-2,2
17967,88,92,-4,4
17968,75,72,3,3
17969,104,107,-3,3
17970,126,112,14,14
17971,91,93,-2,2
17972,94,97,-3,3
17973,89,89,0,0
17974,41,51,-10,10
17975,91,111,-20,20
17976,81,83,-2,2
17977,72,73,-1,1
17978,146,125,21,21
17979,80,79,1,1
17980,141,113,28,28
17981,104,97,7,7
17982,111,100,11,11
17983,115,112,3,3
17984,67,66,1,1
17985,132,123,9,9
17986,118,114,4,4
17987,79,73,6,6
17988,67,76,-9,9
17989,158,133,25,25
17990,90,83,7,7
17991,78,82,-4,4
17992,52,56,-4,4
17993,67,69,-2,2
17994,57,71,-14,14
17995,93,93,0,0
17996,73,72,1,1
17997,100,106,-6,6
17998,150,134,16,16
17999,68,69,-1,1
18000,74,76,-2,2
18001,100,100,0,0
18002,92,100,-8,8
18003,101,110,-9,9
18004,96,89,7,7
18005,161,147,14,14
18006,71,74,-3,3
18007,97,97,0,0
18008,62,66,-4,4
18009,70,73,-3,3
18010,106,98,8,8
18011,67,74,-7,7
18012,56,67,-11,11
18013,75,71,4,4
18014,47,51,-4,4
18015,78,74,4,4
18016,62,60,2,2
18017,68,69,-1,1
18018,106,98,8,8
18019,125,114,11,11
18020,84,96,-12,12
18021,107,103,4,4
18022,63,63,0,0
18023,76,86,-10,10
18024,98,92,6,6
18025,139,113,26,26
18026,94,96,-2,2
18027,142,140,2,2
18028,121,118,3,3
18029,79,78,1,1
18030,123,122,1,1
18031,82,85,-3,3
18032,174,163,11,11
18033,116,122,-6,6
18034,51,60,-9,9
18035,157,141,16,16
18036,57,62,-5,5
18037,71,65,6,6
18038,30,41,-11,11
18039,102,102,0,0
18040,140,125,15,15
18041,156,152,4,4
18042,44,49,-5,5
18043,157,143,14,14
18044,91,93,-2,2
18045,111,122,-11,11
18046,107,113,-6,6
18047,83,88,-5,5
18048,83,78,5,5
18049,103,98,5,5
18050,84,73,11,11
18051,79,73,6,6
18052,119,106,13,13
18053,66,73,-7,7
18054,34,48,-14,14
18055,134,124,10,10
18056,108,105,3,3
18057,60,70,-10,10
18058,33,43,-10,10
18059,105,112,-7,7
18060,71,75,-4,4
18061,92,96,-4,4
18062,62,64,-2,2
18063,54,60,-6,6
18064,85,88,-3,3
18065,154,135,19,19
18066,109,103,6,6
18067,120,131,-11,11
18068,55,57,-2,2
18069,102,111,-9,9
18070,58,58,0,0
18071,34,44,-10,10
18072,91,91,0,0
18073,110,103,7,7
18074,117,107,10,10
18075,102,120,-18,18
18076,95,90,5,5
18077,38,49,-11,11
18078,88,82,6,6
18079,107,96,11,11
18080,113,112,1,1
18081,58,63,-5,5
18082,56,64,-8,8
18083,68,71,-3,3
18084,59,59,0,0
18085,169,166,3,3
18086,70,65,5,5
18087,117,111,6,6
18088,84,80,4,4
18089,150,152,-2,2
18090,123,126,-3,3
18091,72,75,-3,3
18092,108,109,-1,1
18093,87,88,-1,1
18094,123,143,-20,20
18095,79,81,-2,2
18096,112,125,-13,13
18097,77,73,4,4
18098,123,113,10,10
18099,109,114,-5,5
18100,82,72,10,10
18101,57,56,1,1
18102,120,110,10,10
18103,117,119,-2,2
18104,53,54,-1,1
18105,72,76,-4,4
18106,90,84,6,6
18107,92,108,-16,16
18108,88,83,5,5
18109,55,72,-17,17
18110,62,59,3,3
18111,108,111,-3,3
18112,85,74,11,11
18113,66,81,-15,15
18114,165,166,-1,1
18115,124,128,-4,4
18116,75,84,-9,9
18117,54,56,-2,2
18118,141,135,6,6
18119,67,69,-2,2
18120,94,97,-3,3
18121,102,112,-10,10
18122,119,119,0,0
18123,53,60,-7,7
18124,122,133,-11,11
18125,60,66,-6,6
18126,88,91,-3,3
18127,101,102,-1,1
18128,64,68,-4,4
18129,48,69,-21,21
18130,75,73,2,2
18131,53,71,-18,18
18132,123,104,19,19
18133,90,87,3,3
18134,137,140,-3,3
18135,95,98,-3,3
18136,88,105,-17,17
18137,106,112,-6,6
18138,155,144,11,11
18139,75,69,6,6
18140,62,66,-4,4
18141,91,85,6,6
18142,58,56,2,2
18143,51,63,-12,12
18144,120,115,5,5
18145,94,99,-5,5
18146,112,107,5,5
18147,84,98,-14,14
18148,67,72,-5,5
18149,83,82,1,1
18150,162,145,17,17
18151,122,117,5,5
18152,36,45,-9,9
18153,127,122,5,5
18154,75,90,-15,15
18155,119,103,16,16
18156,147,137,10,10
18157,105,104,1,1
18158,55,58,-3,3
18159,90,85,5,5
18160,57,60,-3,3
18161,100,100,0,0
18162,63,60,3,3
18163,58,67,-9,9
18164,140,144,-4,4
18165,107,103,4,4
18166,71,78,-7,7
18167,145,143,2,2
18168,64,73,-9,9
18169,94,87,7,7
18170,71,68,3,3
18171,68,73,-5,5
18172,109,99,10,10
18173,67,72,-5,5
18174,81,84,-3,3
18175,101,95,6,6
18176,135,121,14,14
18177,60,57,3,3
18178,154,135,19,19
18179,131,115,16,16
18180,97,90,7,7
18181,65,67,-2,2
18182,132,126,6,6
18183,95,98,-3,3
18184,97,92,5,5
18185,122,111,11,11
18186,80,82,-2,2
18187,89,84,5,5
18188,97,85,12,12
18189,106,104,2,2
18190,101,102,-1,1
18191,116,124,-8,8
18192,70,87,-17,17
18193,44,49,-5,5
18194,149,142,7,7
18195,95,96,-1,1
18196,79,75,4,4
18197,114,110,4,4
18198,77,71,6,6
18199,121,113,8,8
18200,80,79,1,1
18201,117,106,11,11
18202,150,136,14,14
18203,85,79,6,6
18204,72,83,-11,11
18205,112,105,7,7
18206,91,86,5,5
18207,61,59,2,2
18208,126,113,13,13
18209,78,75,3,3
18210,129,123,6,6
18211,71,74,-3,3
18212,72,76,-4,4
18213,166,158,8,8
18214,134,125,9,9
18215,36,42,-6,6
18216,63,68,-5,5
18217,73,72,1,1
18218,88,91,-3,3
18219,88,95,-7,7
18220,113,119,-6,6
18221,138,130,8,8
18222,88,71,17,17
18223,127,122,5,5
18224,216,204,12,12
18225,108,104,4,4
18226,137,134,3,3
18227,66,81,-15,15
18228,68,75,-7,7
18229,100,98,2,2
18230,50,57,-7,7
18231,130,130,0,0
18232,100,102,-2,2
18233,201,164,37,37
18234,53,57,-4,4
18235,65,68,-3,3
18236,60,62,-2,2
18237,177,170,7,7
18238,88,78,10,10
18239,64,68,-4,4
18240,141,139,2,2
18241,87,92,-5,5
18242,144,130,14,14
18243,118,107,11,11
18244,84,89,-5,5
18245,80,82,-2,2
18246,131,135,-4,4
18247,61,65,-4,4
18248,93,92,1,1
18249,78,88,-10,10
18250,58,60,-2,2
18251,99,89,10,10
18252,107,101,6,6
18253,119,114,5,5
18254,104,112,-8,8
18255,87,93,-6,6
18256,88,83,5,5
18257,131,130,1,1
18258,126,121,5,5
18259,125,113,12,12
18260,99,105,-6,6
18261,127,120,7,7
18262,34,54,-20,20
18263,77,72,5,5
18264,88,88,0,0
18265,106,119,-13,13
18266,104,100,4,4
18267,78,82,-4,4
18268,78,76,2,2
18269,211,184,27,27
18270,68,58,10,10
18271,110,109,1,1
18272,86,78,8,8
18273,102,102,0,0
18274,82,76,6,6
18275,57,60,-3,3
18276,106,109,-3,3
18277,52,60,-8,8
18278,60,60,0,0
18279,78,83,-5,5
18280,66,63,3,3
18281,134,126,8,8
18282,61,65,-4,4
18283,88,87,1,1
18284,95,97,-2,2
18285,79,79,0,0
18286,109,106,3,3
18287,74,78,-4,4
18288,82,76,6,6
18289,77,76,1,1
18290,89,88,1,1
18291,115,106,9,9
18292,64,69,-5,5
18293,143,132,11,11
18294,189,175,14,14
18295,27,46,-19,19
18296,82,92,-10,10
18297,127,133,-6,6
18298,121,106,15,15
18299,103,101,2,2
18300,55,60,-5,5
18301,163,160,3,3
18302,93,93,0,0
18303,95,96,-1,1
18304,123,118,5,5
18305,59,65,-6,6
18306,112,101,11,11
18307,76,76,0,0
18308,77,86,-9,9
18309,62,65,-3,3
18310,71,75,-4,4
18311,60,62,-2,2
18312,141,141,0,0
18313,91,98,-7,7
18314,96,93,3,3
18315,58,61,-3,3
18316,93,93,0,0
18317,165,161,4,4
18318,199,189,10,10
18319,98,96,2,2
18320,152,153,-1,1
18321,81,73,8,8
18322,93,87,6,6
18323,122,113,9,9
18324,83,87,-4,4
18325,82,87,-5,5
18326,61,64,-3,3
18327,87,91,-4,4
18328,44,52,-8,8
18329,90,99,-9,9
18330,50,56,-6,6
18331,122,116,6,6
18332,82,83,-1,1
18333,101,104,-3,3
18334,93,96,-3,3
18335,132,120,12,12
18336,111,112,-1,1
18337,96,85,11,11
18338,47,54,-7,7
18339,113,114,-1,1
18340,182,174,8,8
18341,107,125,-18,18
18342,99,107,-8,8
18343,72,74,-2,2
18344,84,87,-3,3
18345,55,60,-5,5
18346,154,152,2,2
18347,39,50,-11,11
18348,107,104,3,3
18349,89,96,-7,7
18350,114,116,-2,2
18351,99,99,0,0
18352,76,78,-2,2
18353,61,67,-6,6
18354,112,98,14,14
18355,79,79,0,0
18356,81,78,3,3
18357,80,86,-6,6
18358,49,66,-17,17
18359,48,50,-2,2
18360,113,108,5,5
18361,91,97,-6,6
18362,76,76,0,0
18363,144,143,1,1
18364,67,66,1,1
18365,81,74,7,7
18366,111,107,4,4
18367,78,80,-2,2
18368,53,62,-9,9
18369,77,84,-7,7
18370,71,83,-12,12
18371,76,70,6,6
18372,65,67,-2,2
18373,90,91,-1,1
18374,165,151,14,14
18375,188,181,7,7
18376,58,157,-99,99
18377,81,83,-2,2
18378,65,69,-4,4
18379,91,94,-3,3
18380,116,114,2,2
18381,145,134,11,11
18382,111,112,-1,1
18383,146,135,11,11
18384,119,106,13,13
18385,91,97,-6,6
18386,116,118,-2,2
18387,48,54,-6,6
18388,107,114,-7,7
18389,63,68,-5,5
18390,120,109,11,11
18391,86,84,2,2
18392,93,93,0,0
18393,89,93,-4,4
18394,95,97,-2,2
18395,90,84,6,6
18396,104,101,3,3
18397,144,141,3,3
18398,119,112,7,7
18399,82,85,-3,3
18400,61,73,-12,12
18401,93,99,-6,6
18402,142,126,16,16
18403,73,70,3,3
18404,133,115,18,18
18405,128,133,-5,5
18406,104,101,3,3
18407,90,88,2,2
18408,88,97,-9,9
18409,65,78,-13,13
18410,102,97,5,5
18411,176,156,20,20
18412,90,96,-6,6
18413,241,214,27,27
18414,115,101,14,14
18415,69,69,0,0
18416,94,88,6,6
18417,123,115,8,8
18418,96,109,-13,13
18419,90,96,-6,6
18420,59,63,-4,4
18421,76,75,1,1
18422,72,73,-1,1
18423,70,72,-2,2
18424,67,64,3,3
18425,83,85,-2,2
18426,205,181,24,24
18427,62,68,-6,6
18428,214,203,11,11
18429,79,75,4,4
18430,142,128,14,14
18431,88,85,3,3
18432,107,113,-6,6
18433,120,112,8,8
18434,108,107,1,1
18435,102,98,4,4
18436,64,70,-6,6
18437,86,92,-6,6
18438,70,74,-4,4
18439,130,113,17,17
18440,97,90,7,7
18441,85,90,-5,5
18442,67,66,1,1
18443,142,114,28,28
18444,48,57,-9,9
18445,88,84,4,4
18446,123,126,-3,3
18447,69,78,-9,9
18448,92,91,1,1
18449,69,73,-4,4
18450,45,52,-7,7
18451,64,66,-2,2
18452,84,76,8,8
18453,131,126,5,5
18454,78,80,-2,2
18455,32,44,-12,12
18456,85,77,8,8
18457,100,95,5,5
18458,99,85,14,14
18459,125,118,7,7
18460,91,79,12,12
18461,196,178,18,18
18462,94,114,-20,20
18463,54,58,-4,4
18464,134,127,7,7
18465,168,144,24,24
18466,64,64,0,0
18467,73,77,-4,4
18468,96,89,7,7
18469,82,73,9,9
18470,48,58,-10,10
18471,65,72,-7,7
18472,121,121,0,0
18473,102,103,-1,1
18474,69,68,1,1
18475,92,91,1,1
18476,79,82,-3,3
18477,107,110,-3,3
18478,76,91,-15,15
18479,73,77,-4,4
18480,75,71,4,4
18481,150,149,1,1
18482,149,135,14,14
18483,144,131,13,13
18484,113,110,3,3
18485,62,69,-7,7
18486,108,110,-2,2
18487,103,103,0,0
18488,58,102,-44,44
18489,42,58,-16,16
18490,115,101,14,14
18491,58,91,-33,33
18492,115,101,14,14
18493,109,101,8,8
18494,51,49,2,2
18495,70,70,0,0
18496,68,83,-15,15
18497,143,144,-1,1
18498,83,74,9,9
18499,116,112,4,4
18500,45,53,-8,8
18501,90,90,0,0
18502,67,67,0,0
18503,100,101,-1,1
18504,113,113,0,0
18505,30,48,-18,18
18506,98,101,-3,3
18507,67,73,-6,6
18508,53,61,-8,8
18509,105,102,3,3
18510,123,129,-6,6
18511,57,61,-4,4
18512,125,113,12,12
18513,98,95,3,3
18514,111,112,-1,1
18515,122,114,8,8
18516,117,120,-3,3
18517,74,75,-1,1
18518,84,80,4,4
18519,143,140,3,3
18520,121,113,8,8
18521,121,115,6,6
18522,99,98,1,1
18523,103,95,8,8
18524,104,90,14,14
18525,63,63,0,0
18526,222,185,37,37
18527,113,103,10,10
18528,88,95,-7,7
18529,122,105,17,17
18530,109,119,-10,10
18531,72,68,4,4
18532,64,64,0,0
18533,144,132,12,12
18534,82,84,-2,2
18535,82,90,-8,8
18536,162,151,11,11
18537,112,118,-6,6
18538,62,65,-3,3
18539,78,95,-17,17
18540,48,50,-2,2
18541,90,90,0,0
18542,130,114,16,16
18543,70,73,-3,3
18544,141,149,-8,8
18545,138,132,6,6
18546,126,98,28,28
18547,71,72,-1,1
18548,89,94,-5,5
18549,138,131,7,7
18550,70,65,5,5
18551,123,114,9,9
18552,72,75,-3,3
18553,107,111,-4,4
18554,58,59,-1,1
18555,90,84,6,6
18556,136,140,-4,4
18557,163,154,9,9
18558,108,101,7,7
18559,83,71,12,12
18560,117,113,4,4
18561,142,135,7,7
18562,69,70,-1,1
18563,100,91,9,9
18564,211,185,26,26
18565,148,140,8,8
18566,82,78,4,4
18567,86,89,-3,3
18568,201,188,13,13
18569,113,119,-6,6
18570,126,125,1,1
18571,64,65,-1,1
18572,98,96,2,2
18573,51,55,-4,4
18574,93,102,-9,9
18575,60,64,-4,4
18576,82,79,3,3
18577,95,111,-16,16
18578,94,83,11,11
18579,81,84,-3,3
18580,111,110,1,1
18581,63,72,-9,9
18582,55,59,-4,4
18583,142,139,3,3
18584,139,124,15,15
18585,118,113,5,5
18586,209,172,37,37
18587,73,71,2,2
18588,103,109,-6,6
18589,118,121,-3,3
18590,124,115,9,9
18591,79,93,-14,14
18592,124,115,9,9
18593,129,122,7,7
18594,91,83,8,8
18595,83,92,-9,9
18596,120,106,14,14
18597,91,84,7,7
18598,101,96,5,5
18599,117,110,7,7
18600,154,140,14,14
18601,83,84,-1,1
18602,113,112,1,1
18603,83,85,-2,2
18604,106,114,-8,8
18605,47,55,-8,8
18606,63,67,-4,4
18607,99,96,3,3
18608,47,67,-20,20
18609,111,104,7,7
18610,111,103,8,8
18611,152,141,11,11
18612,91,102,-11,11
18613,111,111,0,0
18614,103,113,-10,10
18615,80,87,-7,7
18616,133,125,8,8
18617,83,77,6,6
18618,67,64,3,3
18619,124,129,-5,5
18620,93,102,-9,9
18621,80,80,0,0
18622,64,70,-6,6
18623,74,87,-13,13
18624,92,96,-4,4
18625,122,110,12,12
18626,92,102,-10,10
18627,111,112,-1,1
18628,148,129,19,19
18629,102,94,8,8
18630,101,98,3,3
18631,89,90,-1,1
18632,94,102,-8,8
18633,78,76,2,2
18634,88,78,10,10
18635,87,95,-8,8
18636,59,57,2,2
18637,75,84,-9,9
18638,101,103,-2,2
18639,96,101,-5,5
18640,64,69,-5,5
18641,106,102,4,4
18642,90,93,-3,3
18643,95,98,-3,3
18644,107,110,-3,3
18645,95,98,-3,3
18646,78,87,-9,9
18647,124,157,-33,33
18648,142,142,0,0
18649,73,70,3,3
18650,111,111,0,0
18651,92,78,14,14
18652,205,182,23,23
18653,93,86,7,7
18654,87,100,-13,13
18655,43,47,-4,4
18656,51,58,-7,7
18657,102,102,0,0
18658,85,97,-12,12
18659,152,143,9,9
18660,69,70,-1,1
18661,47,55,-8,8
18662,52,60,-8,8
18663,94,99,-5,5
18664,149,141,8,8
18665,81,71,10,10
18666,96,89,7,7
18667,88,87,1,1
18668,81,77,4,4
18669,129,121,8,8
18670,107,126,-19,19
18671,93,87,6,6
18672,90,93,-3,3
18673,72,77,-5,5
18674,82,79,3,3
18675,73,74,-1,1
18676,102,102,0,0
18677,52,61,-9,9
18678,79,91,-12,12
18679,131,122,9,9
18680,56,59,-3,3
18681,58,58,0,0
18682,66,64,2,2
18683,58,64,-6,6
18684,76,78,-2,2
18685,83,83,0,0
18686,84,84,0,0
18687,100,103,-3,3
18688,114,100,14,14
18689,112,113,-1,1
18690,104,96,8,8
18691,110,111,-1,1
18692,160,158,2,2
18693,98,99,-1,1
18694,122,120,2,2
18695,39,47,-8,8
18696,120,119,1,1
18697,84,85,-1,1
18698,64,82,-18,18
18699,87,95,-8,8
18700,102,102,0,0
18701,87,87,0,0
18702,76,70,6,6
18703,132,125,7,7
18704,65,61,4,4
18705,136,119,17,17
18706,87,75,12,12
18707,93,89,4,4
18708,130,123,7,7
18709,96,93,3,3
18710,93,91,2,2
18711,67,76,-9,9
18712,116,113,3,3
18713,81,88,-7,7
18714,107,109,-2,2
18715,70,65,5,5
18716,113,105,8,8
18717,78,83,-5,5
18718,93,89,4,4
18719,62,70,-8,8
18720,43,49,-6,6
18721,81,76,5,5
18722,85,85,0,0
18723,128,113,15,15
18724,110,113,-3,3
18725,37,42,-5,5
18726,66,74,-8,8
18727,56,57,-1,1
18728,95,94,1,1
18729,95,99,-4,4
18730,92,93,-1,1
18731,99,105,-6,6
18732,75,84,-9,9
18733,186,158,28,28
18734,30,41,-11,11
18735,63,67,-4,4
18736,60,55,5,5
18737,38,47,-9,9
18738,70,76,-6,6
18739,85,83,2,2
18740,71,63,8,8
18741,122,126,-4,4
18742,45,51,-6,6
18743,94,92,2,2
18744,133,125,8,8
18745,89,79,10,10
18746,85,78,7,7
18747,80,81,-1,1
18748,141,126,15,15
18749,108,105,3,3
18750,39,58,-19,19
18751,85,99,-14,14
18752,99,101,-2,2
18753,81,77,4,4
18754,123,124,-1,1
18755,98,97,1,1
18756,81,84,-3,3
18757,110,112,-2,2
18758,64,72,-8,8
18759,75,84,-9,9
18760,59,58,1,1
18761,66,73,-7,7
18762,81,66,15,15
18763,92,92,0,0
18764,115,111,4,4
18765,129,129,0,0
18766,99,95,4,4
18767,72,78,-6,6
18768,91,93,-2,2
18769,69,73,-4,4
18770,80,73,7,7
18771,89,96,-7,7
18772,92,100,-8,8
18773,95,95,0,0
18774,166,149,17,17
18775,61,62,-1,1
18776,59,54,5,5
18777,42,59,-17,17
18778,53,61,-8,8
18779,101,98,3,3
18780,90,87,3,3
18781,116,106,10,10
18782,83,76,7,7
18783,89,91,-2,2
18784,121,114,7,7
18785,74,63,11,11
18786,113,101,12,12
18787,85,90,-5,5
18788,137,131,6,6
18789,72,81,-9,9
18790,78,68,10,10
18791,113,119,-6,6
18792,144,119,25,25
18793,54,58,-4,4
18794,74,72,2,2
18795,72,71,1,1
18796,73,77,-4,4
18797,163,141,22,22
18798,96,97,-1,1
18799,90,91,-1,1
18800,64,64,0,0
18801,61,64,-3,3
18802,79,78,1,1
18803,118,121,-3,3
18804,70,70,0,0
18805,108,105,3,3
18806,83,105,-22,22
18807,55,59,-4,4
18808,139,135,4,4
18809,49,54,-5,5
18810,159,144,15,15
18811,30,52,-22,22
18812,111,113,-2,2
18813,112,109,3,3
18814,149,150,-1,1
18815,104,102,2,2
18816,166,136,30,30
18817,76,74,2,2
18818,128,135,-7,7
18819,54,62,-8,8
18820,99,100,-1,1
18821,53,57,-4,4
18822,98,92,6,6
18823,94,97,-3,3
18824,144,147,-3,3
18825,47,51,-4,4
18826,124,128,-4,4
18827,137,145,-8,8
18828,55,54,1,1
18829,79,72,7,7
18830,103,105,-2,2
18831,67,71,-4,4
18832,45,49,-4,4
18833,129,113,16,16
18834,33,58,-25,25
18835,108,108,0,0
18836,68,69,-1,1
18837,165,150,15,15
18838,108,96,12,12
18839,142,120,22,22
18840,108,112,-4,4
18841,56,65,-9,9
18842,73,77,-4,4
18843,121,113,8,8
18844,139,138,1,1
18845,124,118,6,6
18846,59,63,-4,4
18847,98,112,-14,14
18848,42,46,-4,4
18849,94,99,-5,5
18850,120,108,12,12
18851,64,68,-4,4
18852,52,63,-11,11
18853,193,176,17,17
18854,99,96,3,3
18855,73,80,-7,7
18856,166,134,32,32
18857,116,113,3,3
18858,69,83,-14,14
18859,67,68,-1,1
18860,81,67,14,14
18861,112,101,11,11
18862,120,106,14,14
18863,67,62,5,5
18864,105,93,12,12
18865,146,134,12,12
18866,110,101,9,9
18867,90,92,-2,2
18868,94,87,7,7
18869,106,120,-14,14
18870,95,94,1,1
18871,112,112,0,0
18872,104,97,7,7
18873,60,70,-10,10
18874,93,77,16,16
18875,171,166,5,5
18876,57,58,-1,1
18877,106,98,8,8
18878,83,91,-8,8
18879,65,61,4,4
18880,111,109,2,2
18881,117,115,2,2
18882,71,78,-7,7
18883,46,60,-14,14
18884,87,101,-14,14
18885,80,76,4,4
18886,58,63,-5,5
18887,47,53,-6,6
18888,196,174,22,22
18889,100,104,-4,4
18890,122,124,-2,2
18891,126,123,3,3
18892,61,65,-4,4
18893,68,74,-6,6
18894,90,99,-9,9
18895,96,98,-2,2
18896,154,155,-1,1
18897,153,148,5,5
18898,83,79,4,4
18899,130,125,5,5
18900,110,101,9,9
18901,122,117,5,5
18902,85,79,6,6
18903,55,60,-5,5
18904,85,79,6,6
18905,122,117,5,5
18906,71,68,3,3
18907,149,138,11,11
18908,101,100,1,1
18909,81,92,-11,11
18910,95,93,2,2
18911,120,117,3,3
18912,137,138,-1,1
18913,132,140,-8,8
18914,83,75,8,8
18915,121,115,6,6
18916,121,116,5,5
18917,125,138,-13,13
18918,81,86,-5,5
18919,137,137,0,0
18920,89,86,3,3
18921,113,105,8,8
18922,23,44,-21,21
18923,123,103,20,20
18924,172,165,7,7
18925,64,65,-1,1
18926,122,131,-9,9
18927,67,67,0,0
18928,86,86,0,0
18929,42,55,-13,13
18930,126,118,8,8
18931,148,128,20,20
18932,81,74,7,7
18933,78,79,-1,1
18934,74,70,4,4
18935,52,60,-8,8
18936,67,70,-3,3
18937,69,71,-2,2
18938,76,84,-8,8
18939,56,62,-6,6
18940,103,113,-10,10
18941,86,97,-11,11
18942,67,71,-4,4
18943,74,83,-9,9
18944,61,62,-1,1
18945,42,58,-16,16
18946,106,104,2,2
18947,59,62,-3,3
18948,65,63,2,2
18949,148,151,-3,3
18950,161,148,13,13
18951,140,129,11,11
18952,140,133,7,7
18953,70,77,-7,7
18954,157,142,15,15
18955,70,82,-12,12
18956,110,114,-4,4
18957,132,151,-19,19
18958,40,58,-18,18
18959,115,106,9,9
18960,165,156,9,9
18961,46,64,-18,18
18962,108,119,-11,11
18963,145,139,6,6
18964,153,135,18,18
18965,64,66,-2,2
18966,104,107,-3,3
18967,104,90,14,14
18968,103,93,10,10
18969,99,110,-11,11
18970,58,62,-4,4
18971,78,75,3,3
18972,116,118,-2,2
18973,95,110,-15,15
18974,77,76,1,1
18975,100,99,1,1
18976,147,138,9,9
18977,73,72,1,1
18978,90,95,-5,5
18979,91,94,-3,3
18980,136,127,9,9
18981,156,139,17,17
18982,71,72,-1,1
18983,65,67,-2,2
18984,82,81,1,1
18985,116,112,4,4
18986,134,125,9,9
18987,70,74,-4,4
18988,98,97,1,1
18989,194,175,19,19
18990,58,65,-7,7
18991,111,144,-33,33
18992,55,61,-6,6
18993,105,102,3,3
18994,85,90,-5,5
18995,105,97,8,8
18996,83,91,-8,8
18997,96,91,5,5
18998,83,77,6,6
18999,153,147,6,6
19000,81,83,-2,2
19001,60,65,-5,5
19002,137,136,1,1
19003,140,130,10,10
19004,88,95,-7,7
19005,124,122,2,2
19006,101,98,3,3
19007,84,76,8,8
19008,99,97,2,2
19009,59,57,2,2
19010,83,96,-13,13
19011,113,119,-6,6
19012,83,87,-4,4
19013,65,70,-5,5
19014,52,62,-10,10
19015,120,122,-2,2
19016,102,92,10,10
19017,50,75,-25,25
19018,134,136,-2,2
19019,90,89,1,1
19020,79,74,5,5
19021,78,84,-6,6
19022,122,112,10,10
19023,69,75,-6,6
19024,72,71,1,1
19025,71,75,-4,4
19026,112,101,11,11
19027,111,100,11,11
19028,96,100,-4,4
19029,96,96,0,0
19030,67,70,-3,3
19031,102,103,-1,1
19032,71,78,-7,7
19033,147,142,5,5
19034,123,124,-1,1
19035,89,76,13,13
19036,72,82,-10,10
19037,81,88,-7,7
19038,61,62,-1,1
19039,79,78,1,1
19040,112,101,11,11
19041,167,165,2,2
19042,74,78,-4,4
19043,122,113,9,9
19044,78,87,-9,9
19045,64,70,-6,6
19046,72,75,-3,3
19047,90,84,6,6
19048,86,78,8,8
19049,122,116,6,6
19050,70,65,5,5
19051,80,83,-3,3
19052,55,61,-6,6
19053,86,77,9,9
19054,117,114,3,3
19055,95,94,1,1
19056,88,89,-1,1
19057,123,109,14,14
19058,102,97,5,5
19059,73,70,3,3
19060,33,40,-7,7
19061,133,120,13,13
19062,65,73,-8,8
19063,75,66,9,9
19064,39,44,-5,5
19065,119,107,12,12
19066,88,89,-1,1
19067,110,97,13,13
19068,59,63,-4,4
19069,94,102,-8,8
19070,90,88,2,2
19071,64,67,-3,3
19072,111,110,1,1
19073,95,98,-3,3
19074,77,77,0,0
19075,60,62,-2,2
19076,151,140,11,11
19077,90,84,6,6
19078,65,70,-5,5
19079,100,111,-11,11
19080,59,62,-3,3
19081,89,90,-1,1
19082,91,101,-10,10
19083,152,143,9,9
19084,58,59,-1,1
19085,98,106,-8,8
19086,111,108,3,3
19087,94,91,3,3
19088,98,103,-5,5
19089,99,93,6,6
19090,132,124,8,8
19091,99,117,-18,18
19092,163,168,-5,5
19093,105,102,3,3
19094,109,111,-2,2
19095,49,53,-4,4
19096,97,110,-13,13
19097,153,136,17,17
19098,73,100,-27,27
19099,71,73,-2,2
19100,89,84,5,5
19101,110,97,13,13
19102,73,75,-2,2
19103,151,129,22,22
19104,146,135,11,11
19105,74,71,3,3
19106,76,69,7,7
19107,57,115,-58,58
19108,96,87,9,9
19109,143,122,21,21
19110,98,84,14,14
19111,74,77,-3,3
19112,78,73,5,5
19113,139,149,-10,10
19114,81,87,-6,6
19115,74,85,-11,11
19116,81,81,0,0
19117,149,159,-10,10
19118,59,68,-9,9
19119,92,98,-6,6
19120,88,85,3,3
19121,94,96,-2,2
19122,106,105,1,1
19123,143,120,23,23
19124,61,70,-9,9
19125,84,79,5,5
19126,107,112,-5,5
19127,129,130,-1,1
19128,80,79,1,1
19129,89,94,-5,5
19130,159,151,8,8
19131,44,53,-9,9
19132,116,119,-3,3
19133,79,83,-4,4
19134,82,75,7,7
19135,77,78,-1,1
19136,124,113,11,11
19137,97,100,-3,3
19138,62,69,-7,7
19139,65,70,-5,5
19140,78,73,5,5
19141,105,102,3,3
19142,107,112,-5,5
19143,60,65,-5,5
19144,63,61,2,2
19145,71,72,-1,1
19146,122,123,-1,1
19147,76,75,1,1
19148,137,137,0,0
19149,89,91,-2,2
19150,87,94,-7,7
19151,147,143,4,4
19152,121,134,-13,13
19153,91,86,5,5
19154,62,61,1,1
19155,77,86,-9,9
19156,95,92,3,3
19157,71,73,-2,2
19158,129,133,-4,4
19159,114,114,0,0
19160,196,183,13,13
19161,113,113,0,0
19162,122,111,11,11
19163,120,109,11,11
19164,104,116,-12,12
19165,99,99,0,0
19166,80,81,-1,1
19167,69,79,-10,10
19168,100,105,-5,5
19169,63,67,-4,4
19170,145,132,13,13
19171,55,55,0,0
19172,91,89,2,2
19173,148,137,11,11
19174,75,71,4,4
19175,106,103,3,3
19176,179,159,20,20
19177,86,94,-8,8
19178,72,72,0,0
19179,127,127,0,0
19180,68,66,2,2
19181,69,85,-16,16
19182,136,133,3,3
19183,91,92,-1,1
19184,102,108,-6,6
19185,128,118,10,10
19186,94,92,2,2
19187,105,100,5,5
19188,146,135,11,11
19189,72,68,4,4
19190,105,102,3,3
19191,137,127,10,10
19192,169,157,12,12
19193,130,149,-19,19
19194,126,125,1,1
19195,125,114,11,11
19196,102,102,0,0
19197,74,71,3,3
19198,74,84,-10,10
19199,97,97,0,0
19200,113,111,2,2
19201,54,56,-2,2
19202,127,107,20,20
19203,73,80,-7,7
19204,145,149,-4,4
19205,117,112,5,5
19206,123,117,6,6
19207,188,158,30,30
19208,75,82,-7,7
19209,76,88,-12,12
19210,45,54,-9,9
19211,86,87,-1,1
19212,74,79,-5,5
19213,103,111,-8,8
19214,140,126,14,14
19215,95,97,-2,2
19216,102,106,-4,4
19217,34,45,-11,11
19218,101,98,3,3
19219,62,74,-12,12
19220,81,89,-8,8
19221,84,85,-1,1
19222,114,119,-5,5
19223,90,86,4,4
19224,66,95,-29,29
19225,98,99,-1,1
19226,68,73,-5,5
19227,115,107,8,8
19228,101,71,30,30
19229,137,121,16,16
19230,125,124,1,1
19231,84,88,-4,4
19232,43,57,-14,14
19233,99,95,4,4
19234,126,129,-3,3
19235,97,98,-1,1
19236,105,98,7,7
19237,74,77,-3,3
19238,108,106,2,2
19239,70,67,3,3
19240,49,57,-8,8
19241,133,125,8,8
19242,105,97,8,8
19243,147,143,4,4
19244,98,98,0,0
19245,124,115,9,9
19246,73,77,-4,4
19247,78,74,4,4
19248,106,112,-6,6
19249,63,62,1,1
19250,87,93,-6,6
19251,80,74,6,6
19252,101,99,2,2
19253,80,77,3,3
19254,107,96,11,11
19255,65,72,-7,7
19256,62,59,3,3
19257,124,122,2,2
19258,37,45,-8,8
19259,109,105,4,4
19260,48,60,-12,12
19261,152,136,16,16
19262,163,154,9,9
19263,126,122,4,4
19264,62,84,-22,22
19265,128,133,-5,5
19266,104,101,3,3
19267,110,124,-14,14
19268,79,85,-6,6
19269,79,84,-5,5
19270,145,136,9,9
19271,74,79,-5,5
19272,59,64,-5,5
19273,107,104,3,3
19274,88,93,-5,5
19275,47,63,-16,16
19276,111,114,-3,3
19277,108,101,7,7
19278,133,116,17,17
19279,155,153,2,2
19280,85,85,0,0
19281,135,120,15,15
19282,104,99,5,5
19283,149,149,0,0
19284,78,78,0,0
19285,76,74,2,2
19286,96,100,-4,4
19287,130,117,13,13
19288,90,88,2,2
19289,55,73,-18,18
19290,123,126,-3,3
19291,65,66,-1,1
19292,69,62,7,7
19293,50,58,-8,8
19294,51,64,-13,13
19295,81,75,6,6
19296,108,106,2,2
19297,81,80,1,1
19298,42,46,-4,4
19299,141,115,26,26
19300,66,76,-10,10
19301,103,100,3,3
19302,147,133,14,14
19303,105,94,11,11
19304,136,114,22,22
19305,58,65,-7,7
19306,108,93,15,15
19307,63,63,0,0
19308,116,118,-2,2
19309,147,136,11,11
19310,73,71,2,2
19311,92,96,-4,4
19312,63,64,-1,1
19313,98,98,0,0
19314,153,145,8,8
19315,98,94,4,4
19316,68,76,-8,8
19317,70,59,11,11
19318,69,128,-59,59
19319,68,69,-1,1
19320,66,67,-1,1
19321,83,82,1,1
19322,113,105,8,8
19323,123,113,10,10
19324,39,47,-8,8
19325,127,114,13,13
19326,119,120,-1,1
19327,80,78,2,2
19328,202,207,-5,5
19329,71,78,-7,7
19330,49,57,-8,8
19331,73,83,-10,10
19332,90,98,-8,8
19333,86,83,3,3
19334,71,85,-14,14
19335,62,68,-6,6
19336,89,86,3,3
19337,205,178,27,27
19338,157,125,32,32
19339,95,107,-12,12
19340,54,64,-10,10
19341,86,82,4,4
19342,105,104,1,1
19343,51,61,-10,10
19344,56,65,-9,9
19345,142,146,-4,4
19346,151,135,16,16
19347,72,71,1,1
19348,71,83,-12,12
19349,73,71,2,2
19350,58,61,-3,3
19351,175,194,-19,19
19352,132,125,7,7
19353,102,103,-1,1
19354,115,113,2,2
19355,92,103,-11,11
19356,77,78,-1,1
19357,113,110,3,3
19358,103,105,-2,2
19359,147,155,-8,8
19360,93,111,-18,18
19361,105,106,-1,1
19362,95,91,4,4
19363,158,145,13,13
19364,117,113,4,4
19365,113,120,-7,7
19366,84,77,7,7
19367,64,72,-8,8
19368,98,99,-1,1
19369,91,99,-8,8
19370,106,95,11,11
19371,57,65,-8,8
19372,130,126,4,4
19373,67,76,-9,9
19374,60,65,-5,5
19375,80,75,5,5
19376,109,110,-1,1
19377,56,84,-28,28
19378,61,70,-9,9
19379,162,151,11,11
19380,105,102,3,3
19381,118,112,6,6
19382,88,83,5,5
19383,61,58,3,3
19384,101,98,3,3
19385,130,132,-2,2
19386,116,107,9,9
19387,66,64,2,2
19388,67,70,-3,3
19389,68,75,-7,7
19390,54,56,-2,2
19391,76,80,-4,4
19392,91,91,0,0
19393,48,51,-3,3
19394,108,107,1,1
19395,50,55,-5,5
19396,121,127,-6,6
19397,55,57,-2,2
19398,99,86,13,13
19399,109,109,0,0
19400,129,120,9,9
19401,59,59,0,0
19402,193,180,13,13
19403,115,111,4,4
19404,168,164,4,4
19405,109,108,1,1
19406,79,92,-13,13
19407,69,71,-2,2
19408,124,120,4,4
19409,86,98,-12,12
19410,108,105,3,3
19411,57,61,-4,4
19412,69,61,8,8
19413,73,78,-5,5
19414,93,102,-9,9
19415,108,100,8,8
19416,47,53,-6,6
19417,96,95,1,1
19418,136,140,-4,4
19419,62,55,7,7
19420,35,52,-17,17
19421,168,168,0,0
19422,72,65,7,7
19423,53,58,-5,5
19424,181,166,15,15
19425,106,100,6,6
19426,110,119,-9,9
19427,71,75,-4,4
19428,81,86,-5,5
19429,66,69,-3,3
19430,96,103,-7,7
19431,94,88,6,6
19432,101,92,9,9
19433,56,57,-1,1
19434,161,146,15,15
19435,120,112,8,8
19436,90,91,-1,1
19437,74,77,-3,3
19438,119,112,7,7
19439,120,114,6,6
19440,116,134,-18,18
19441,72,71,1,1
19442,100,92,8,8
19443,72,70,2,2
19444,152,146,6,6
19445,65,72,-7,7
19446,84,85,-1,1
19447,100,98,2,2
19448,116,102,14,14
19449,88,91,-3,3
19450,94,106,-12,12
19451,76,75,1,1
19452,70,76,-6,6
19453,72,92,-20,20
19454,114,112,2,2
19455,95,98,-3,3
19456,88,83,5,5
19457,103,116,-13,13
19458,82,85,-3,3
19459,66,76,-10,10
19460,126,113,13,13
19461,215,213,2,2
19462,127,121,6,6
19463,71,70,1,1
19464,106,96,10,10
19465,125,125,0,0
19466,98,93,5,5
19467,80,98,-18,18
19468,76,80,-4,4
19469,126,120,6,6
19470,45,54,-9,9
19471,98,96,2,2
19472,75,75,0,0
19473,76,69,7,7
19474,103,108,-5,5
19475,149,136,13,13
19476,110,110,0,0
19477,71,74,-3,3
19478,121,130,-9,9
19479,86,86,0,0
19480,44,47,-3,3
19481,126,123,3,3
19482,145,129,16,16
19483,94,103,-9,9
19484,49,58,-9,9
19485,99,99,0,0
19486,75,89,-14,14
19487,77,96,-19,19
19488,65,74,-9,9
19489,117,113,4,4
19490,87,85,2,2
19491,87,101,-14,14
19492,138,135,3,3
19493,66,68,-2,2
19494,100,89,11,11
19495,107,99,8,8
19496,82,107,-25,25
19497,76,86,-10,10
19498,67,73,-6,6
19499,40,51,-11,11
19500,88,97,-9,9
19501,184,165,19,19
19502,92,83,9,9
19503,134,135,-1,1
19504,105,103,2,2
19505,112,113,-1,1
19506,70,70,0,0
19507,70,75,-5,5
19508,57,66,-9,9
19509,120,115,5,5
19510,98,101,-3,3
19511,115,111,4,4
19512,84,96,-12,12
19513,97,95,2,2
19514,85,87,-2,2
19515,67,73,-6,6
19516,93,86,7,7
19517,123,116,7,7
19518,52,107,-55,55
19519,113,107,6,6
19520,63,64,-1,1
19521,97,93,4,4
19522,103,100,3,3
19523,91,99,-8,8
19524,74,77,-3,3
19525,110,116,-6,6
19526,162,151,11,11
19527,98,97,1,1
19528,103,98,5,5
19529,96,105,-9,9
19530,35,45,-10,10
19531,85,91,-6,6
19532,69,70,-1,1
19533,80,72,8,8
19534,60,63,-3,3
19535,87,100,-13,13
19536,77,76,1,1
19537,139,131,8,8
19538,51,57,-6,6
19539,122,112,10,10
19540,125,117,8,8
19541,63,60,3,3
19542,125,114,11,11
19543,85,97,-12,12
19544,112,111,1,1
19545,58,68,-10,10
19546,104,103,1,1
19547,120,112,8,8
19548,43,52,-9,9
19549,90,103,-13,13
19550,29,38,-9,9
19551,92,84,8,8
19552,99,85,14,14
19553,55,61,-6,6
19554,66,66,0,0
19555,78,78,0,0
19556,67,63,4,4
19557,91,83,8,8
19558,143,126,17,17
19559,86,98,-12,12
19560,57,72,-15,15
19561,96,90,6,6
19562,101,111,-10,10
19563,58,57,1,1
19564,113,105,8,8
19565,44,45,-1,1
19566,140,122,18,18
19567,150,145,5,5
19568,117,124,-7,7
19569,86,91,-5,5
19570,99,91,8,8
19571,114,103,11,11
19572,81,80,1,1
19573,64,61,3,3
19574,132,130,2,2
19575,82,85,-3,3
19576,141,132,9,9
19577,68,87,-19,19
19578,137,127,10,10
19579,75,70,5,5
19580,71,71,0,0
19581,59,58,1,1
19582,45,46,-1,1
19583,70,68,2,2
19584,107,104,3,3
19585,59,63,-4,4
19586,41,49,-8,8
19587,65,69,-4,4
19588,50,52,-2,2
19589,88,93,-5,5
19590,114,112,2,2
19591,64,61,3,3
19592,154,154,0,0
19593,64,71,-7,7
19594,46,69,-23,23
19595,120,113,7,7
19596,80,81,-1,1
19597,52,57,-5,5
19598,88,107,-19,19
19599,65,91,-26,26
19600,49,60,-11,11
19601,82,96,-14,14
19602,108,112,-4,4
19603,59,67,-8,8
19604,68,69,-1,1
19605,99,91,8,8
19606,100,98,2,2
19607,100,93,7,7
19608,156,144,12,12
19609,91,98,-7,7
19610,152,144,8,8
19611,125,114,11,11
19612,60,63,-3,3
19613,43,53,-10,10
19614,48,51,-3,3
19615,94,101,-7,7
19616,70,68,2,2
19617,52,55,-3,3
19618,70,69,1,1
19619,154,136,18,18
19620,133,130,3,3
19621,72,71,1,1
19622,79,88,-9,9
19623,111,118,-7,7
19624,72,70,2,2
19625,147,151,-4,4
19626,94,93,1,1
19627,41,48,-7,7
19628,79,88,-9,9
19629,61,64,-3,3
19630,68,74,-6,6
19631,70,70,0,0
19632,80,87,-7,7
19633,58,69,-11,11
19634,45,51,-6,6
19635,187,170,17,17
19636,84,85,-1,1
19637,76,74,2,2
19638,154,138,16,16
19639,139,127,12,12
19640,173,161,12,12
19641,75,69,6,6
19642,148,135,13,13
19643,174,163,11,11
19644,100,107,-7,7
19645,29,37,-8,8
19646,102,94,8,8
19647,67,73,-6,6
19648,51,55,-4,4
19649,133,111,22,22
19650,36,42,-6,6
19651,66,64,2,2
19652,65,62,3,3
19653,73,77,-4,4
19654,151,132,19,19
19655,87,85,2,2
19656,138,141,-3,3
19657,65,67,-2,2
19658,97,95,2,2
19659,84,88,-4,4
19660,171,162,9,9
19661,110,105,5,5
19662,120,111,9,9
19663,99,96,3,3
19664,135,144,-9,9
19665,90,91,-1,1
19666,70,69,1,1
19667,99,104,-5,5
19668,58,64,-6,6
19669,109,130,-21,21
19670,77,77,0,0
19671,74,72,2,2
19672,134,133,1,1
19673,130,113,17,17
19674,65,68,-3,3
19675,109,102,7,7
19676,75,84,-9,9
19677,125,124,1,1
19678,99,98,1,1
19679,147,146,1,1
19680,160,151,9,9
19681,49,52,-3,3
19682,62,69,-7,7
19683,332,287,45,45
19684,127,122,5,5
19685,34,40,-6,6
19686,145,136,9,9
19687,108,101,7,7
19688,66,70,-4,4
19689,65,71,-6,6
19690,157,140,17,17
19691,89,82,7,7
19692,97,103,-6,6
19693,116,112,4,4
19694,102,102,0,0
19695,118,125,-7,7
19696,161,151,10,10
19697,97,100,-3,3
19698,40,45,-5,5
19699,63,67,-4,4
19700,70,79,-9,9
19701,83,84,-1,1
19702,100,102,-2,2
19703,76,76,0,0
19704,105,103,2,2
19705,72,82,-10,10
19706,69,83,-14,14
19707,136,136,0,0
19708,126,106,20,20
19709,130,132,-2,2
19710,116,114,2,2
19711,87,86,1,1
19712,100,103,-3,3
19713,100,93,7,7
19714,55,61,-6,6
19715,92,95,-3,3
19716,101,99,2,2
19717,149,149,0,0
19718,98,87,11,11
19719,89,91,-2,2
19720,40,59,-19,19
19721,91,88,3,3
19722,103,104,-1,1
19723,88,86,2,2
19724,76,92,-16,16
19725,43,58,-15,15
19726,60,61,-1,1
19727,165,148,17,17
19728,148,152,-4,4
19729,114,109,5,5
19730,97,85,12,12
19731,141,133,8,8
19732,82,96,-14,14
19733,89,89,0,0
19734,141,139,2,2
19735,31,49,-18,18
19736,87,98,-11,11
19737,83,90,-7,7
19738,64,69,-5,5
19739,68,77,-9,9
19740,75,69,6,6
19741,102,102,0,0
19742,54,60,-6,6
19743,108,112,-4,4
19744,104,93,11,11
19745,132,128,4,4
19746,77,73,4,4
19747,130,125,5,5
19748,46,50,-4,4
19749,83,47,36,36
19750,79,84,-5,5
19751,180,160,20,20
19752,118,123,-5,5
19753,105,113,-8,8
19754,93,97,-4,4
19755,81,75,6,6
19756,61,66,-5,5
19757,142,138,4,4
19758,93,97,-4,4
19759,100,101,-1,1
19760,146,129,17,17
19761,64,69,-5,5
19762,116,112,4,4
19763,55,61,-6,6
19764,55,64,-9,9
19765,86,98,-12,12
19766,90,89,1,1
19767,146,138,8,8
19768,55,58,-3,3
19769,76,76,0,0
19770,48,60,-12,12
19771,84,73,11,11
19772,62,63,-1,1
19773,93,91,2,2
19774,104,99,5,5
19775,108,111,-3,3
19776,83,90,-7,7
19777,57,56,1,1
19778,76,75,1,1
19779,100,124,-24,24
19780,96,97,-1,1
19781,124,96,28,28
19782,55,69,-14,14
19783,61,65,-4,4
19784,104,103,1,1
19785,70,75,-5,5
19786,94,87,7,7
19787,64,70,-6,6
19788,113,113,0,0
19789,92,95,-3,3
19790,136,138,-2,2
19791,115,108,7,7
19792,103,112,-9,9
19793,84,89,-5,5
19794,60,65,-5,5
19795,83,112,-29,29
19796,127,127,0,0
19797,137,124,13,13
19798,64,60,4,4
19799,180,166,14,14
19800,144,128,16,16
19801,82,78,4,4
19802,89,84,5,5
19803,122,129,-7,7
19804,85,87,-2,2
19805,127,118,9,9
19806,86,85,1,1
19807,81,90,-9,9
19808,102,95,7,7
19809,104,77,27,27
19810,47,52,-5,5
19811,163,144,19,19
19812,102,100,2,2
19813,152,136,16,16
19814,139,127,12,12
19815,88,78,10,10
19816,57,56,1,1
19817,79,75,4,4
19818,60,55,5,5
19819,104,97,7,7
19820,92,91,1,1
19821,74,73,1,1
19822,94,91,3,3
19823,102,108,-6,6
19824,109,103,6,6
19825,86,84,2,2
19826,85,77,8,8
19827,86,83,3,3
19828,158,140,18,18
19829,78,79,-1,1
19830,72,71,1,1
19831,127,123,4,4
19832,81,87,-6,6
19833,99,99,0,0
19834,64,69,-5,5
19835,137,138,-1,1
19836,99,104,-5,5
19837,74,82,-8,8
19838,80,90,-10,10
19839,99,113,-14,14
19840,95,98,-3,3
19841,48,56,-8,8
19842,77,78,-1,1
19843,88,97,-9,9
19844,99,99,0,0
19845,87,83,4,4
19846,75,83,-8,8
19847,103,106,-3,3
19848,190,176,14,14
19849,88,63,25,25
19850,85,90,-5,5
19851,59,57,2,2
19852,63,82,-19,19
19853,85,89,-4,4
19854,67,88,-21,21
19855,76,82,-6,6
19856,115,113,2,2
19857,62,65,-3,3
19858,61,67,-6,6
19859,147,139,8,8
19860,153,141,12,12
19861,68,64,4,4
19862,106,112,-6,6
19863,79,83,-4,4
19864,165,151,14,14
19865,63,63,0,0
19866,106,110,-4,4
19867,74,77,-3,3
19868,135,127,8,8
19869,76,84,-8,8
19870,113,118,-5,5
19871,77,77,0,0
19872,67,69,-2,2
19873,93,112,-19,19
19874,170,162,8,8
19875,77,84,-7,7
19876,88,82,6,6
19877,103,99,4,4
19878,85,87,-2,2
19879,82,74,8,8
19880,70,76,-6,6
19881,94,103,-9,9
19882,44,57,-13,13
19883,103,95,8,8
19884,99,99,0,0
19885,67,67,0,0
19886,56,64,-8,8
19887,94,94,0,0
19888,77,77,0,0
19889,68,70,-2,2
19890,125,112,13,13
19891,110,107,3,3
19892,102,91,11,11
19893,57,54,3,3
19894,68,87,-19,19
19895,75,76,-1,1
19896,101,96,5,5
19897,57,57,0,0
19898,93,105,-12,12
19899,52,53,-1,1
19900,57,63,-6,6
19901,123,112,11,11
19902,111,114,-3,3
19903,62,69,-7,7
19904,89,102,-13,13
19905,114,104,10,10
19906,45,55,-10,10
19907,79,77,2,2
19908,134,123,11,11
19909,101,97,4,4
19910,92,91,1,1
19911,74,74,0,0
19912,95,93,2,2
19913,49,60,-11,11
19914,86,79,7,7
19915,50,68,-18,18
19916,55,58,-3,3
19917,49,50,-1,1
19918,87,94,-7,7
19919,59,68,-9,9
19920,108,112,-4,4
19921,88,88,0,0
19922,118,124,-6,6
19923,108,101,7,7
19924,38,68,-30,30
19925,94,89,5,5
19926,35,49,-14,14
19927,114,112,2,2
19928,124,112,12,12
19929,108,112,-4,4
19930,129,132,-3,3
19931,69,73,-4,4
19932,108,112,-4,4
19933,66,70,-4,4
19934,62,63,-1,1
19935,107,112,-5,5
19936,65,67,-2,2
19937,169,146,23,23
19938,115,108,7,7
19939,116,113,3,3
19940,87,90,-3,3
19941,62,66,-4,4
19942,128,118,10,10
19943,126,129,-3,3
19944,139,138,1,1
19945,217,184,33,33
19946,147,151,-4,4
19947,117,110,7,7
19948,181,181,0,0
19949,101,124,-23,23
19950,66,73,-7,7
19951,77,75,2,2
19952,110,110,0,0
19953,186,179,7,7
19954,60,64,-4,4
19955,68,69,-1,1
19956,125,123,2,2
19957,52,56,-4,4
19958,75,76,-1,1
19959,109,112,-3,3
19960,44,56,-12,12
19961,123,124,-1,1
19962,123,113,10,10
19963,69,69,0,0
19964,51,57,-6,6
19965,148,130,18,18
19966,104,93,11,11
19967,64,66,-2,2
19968,82,93,-11,11
19969,82,76,6,6
19970,135,137,-2,2
19971,54,61,-7,7
19972,88,78,10,10
19973,88,83,5,5
19974,102,103,-1,1
19975,45,55,-10,10
19976,85,83,2,2
19977,117,103,14,14
19978,124,113,11,11
19979,60,66,-6,6
19980,40,64,-24,24
19981,133,127,6,6
19982,101,105,-4,4
19983,80,77,3,3
19984,90,112,-22,22
19985,85,90,-5,5
19986,68,71,-3,3
19987,150,151,-1,1
19988,86,80,6,6
19989,105,109,-4,4
19990,45,53,-8,8
19991,149,156,-7,7
19992,74,79,-5,5
19993,40,50,-10,10
19994,75,79,-4,4
19995,47,54,-7,7
19996,70,74,-4,4
19997,56,60,-4,4
19998,46,53,-7,7
19999,98,102,-4,4
20000,107,102,5,5
20001,121,111,10,10
20002,192,181,11,11
20003,50,58,-8,8
20004,62,79,-17,17
20005,93,93,0,0
20006,96,89,7,7
20007,72,71,1,1
20008,134,134,0,0
20009,98,98,0,0
20010,159,137,22,22
20011,115,110,5,5
20012,54,60,-6,6
20013,60,65,-5,5
20014,80,78,2,2
20015,103,103,0,0
20016,89,83,6,6
20017,118,116,2,2
20018,109,104,5,5
20019,65,74,-9,9
20020,62,71,-9,9
20021,100,97,3,3
20022,127,131,-4,4
20023,54,63,-9,9
20024,113,103,10,10
20025,122,114,8,8
20026,140,123,17,17
20027,71,68,3,3
20028,86,94,-8,8
20029,94,100,-6,6
20030,124,114,10,10
20031,59,65,-6,6
20032,115,108,7,7
20033,61,61,0,0
20034,65,59,6,6
20035,79,76,3,3
20036,122,112,10,10
20037,97,103,-6,6
20038,64,71,-7,7
20039,107,102,5,5
20040,109,109,0,0
20041,70,72,-2,2
20042,63,64,-1,1
20043,104,100,4,4
20044,88,78,10,10
20045,91,94,-3,3
20046,136,136,0,0
20047,67,70,-3,3
20048,65,66,-1,1
20049,97,97,0,0
20050,114,114,0,0
20051,122,132,-10,10
20052,76,72,4,4
20053,96,100,-4,4
20054,90,81,9,9
20055,68,69,-1,1
20056,78,83,-5,5
20057,158,141,17,17
20058,77,83,-6,6
20059,65,66,-1,1
20060,126,118,8,8
20061,102,95,7,7
20062,96,87,9,9
20063,120,124,-4,4
20064,44,53,-9,9
20065,68,76,-8,8
20066,170,161,9,9
20067,40,47,-7,7
20068,43,56,-13,13
20069,95,89,6,6
20070,114,106,8,8
20071,60,65,-5,5
20072,35,49,-14,14
20073,70,70,0,0
20074,126,118,8,8
20075,68,69,-1,1
20076,137,140,-3,3
20077,154,127,27,27
20078,139,137,2,2
20079,103,98,5,5
20080,82,75,7,7
20081,94,102,-8,8
20082,136,125,11,11
20083,81,76,5,5
20084,51,51,0,0
20085,126,122,4,4
20086,89,118,-29,29
20087,88,94,-6,6
20088,77,70,7,7
20089,83,88,-5,5
20090,77,69,8,8
20091,84,85,-1,1
20092,82,75,7,7
20093,65,70,-5,5
20094,113,102,11,11
20095,78,91,-13,13
20096,54,60,-6,6
20097,94,100,-6,6
20098,59,68,-9,9
20099,117,122,-5,5
20100,78,69,9,9
20101,48,46,2,2
20102,54,67,-13,13
20103,99,103,-4,4
20104,71,70,1,1
20105,136,127,9,9
20106,45,55,-10,10
20107,84,91,-7,7
20108,82,87,-5,5
20109,45,54,-9,9
20110,125,103,22,22
20111,50,57,-7,7
20112,71,76,-5,5
20113,89,84,5,5
20114,61,70,-9,9
20115,105,99,6,6
20116,143,137,6,6
20117,185,166,19,19
20118,48,50,-2,2
20119,98,97,1,1
20120,38,50,-12,12
20121,92,89,3,3
20122,139,133,6,6
20123,99,91,8,8
20124,106,107,-1,1
20125,60,76,-16,16
20126,96,79,17,17
20127,138,137,1,1
20128,83,83,0,0
20129,152,117,35,35
20130,115,115,0,0
20131,84,95,-11,11
20132,133,124,9,9
20133,128,126,2,2
20134,78,80,-2,2
20135,93,96,-3,3
20136,105,102,3,3
20137,90,93,-3,3
20138,205,172,33,33
20139,80,83,-3,3
20140,80,79,1,1
20141,118,102,16,16
20142,60,70,-10,10
20143,101,99,2,2
20144,95,93,2,2
20145,130,139,-9,9
20146,113,109,4,4
20147,79,88,-9,9
20148,88,89,-1,1
20149,109,103,6,6
20150,98,94,4,4
20151,70,70,0,0
20152,92,82,10,10
20153,157,157,0,0
20154,44,56,-12,12
20155,95,89,6,6
20156,87,83,4,4
20157,109,94,15,15
20158,111,113,-2,2
20159,86,82,4,4
20160,149,147,2,2
20161,111,104,7,7
20162,45,52,-7,7
20163,150,146,4,4
20164,89,85,4,4
20165,67,76,-9,9
20166,87,94,-7,7
20167,150,137,13,13
20168,124,108,16,16
20169,96,95,1,1
20170,125,128,-3,3
20171,116,127,-11,11
20172,80,78,2,2
20173,156,133,23,23
20174,159,157,2,2
20175,108,104,4,4
20176,90,90,0,0
20177,117,106,11,11
20178,139,126,13,13
20179,87,86,1,1
20180,79,71,8,8
20181,103,101,2,2
20182,157,139,18,18
20183,159,166,-7,7
20184,46,79,-33,33
20185,84,87,-3,3
20186,62,71,-9,9
20187,99,101,-2,2
20188,62,65,-3,3
20189,87,101,-14,14
20190,186,180,6,6
20191,104,97,7,7
20192,83,84,-1,1
20193,82,83,-1,1
20194,82,85,-3,3
20195,116,115,1,1
20196,48,51,-3,3
20197,72,84,-12,12
20198,81,81,0,0
20199,89,96,-7,7
20200,66,70,-4,4
20201,99,100,-1,1
20202,97,94,3,3
20203,83,85,-2,2
20204,57,59,-2,2
20205,95,98,-3,3
20206,81,82,-1,1
20207,77,87,-10,10
20208,65,68,-3,3
20209,109,106,3,3
20210,58,60,-2,2
20211,38,46,-8,8
20212,109,107,2,2
20213,128,124,4,4
20214,68,65,3,3
20215,134,130,4,4
20216,80,83,-3,3
20217,197,178,19,19
20218,105,104,1,1
20219,78,80,-2,2
20220,99,113,-14,14
20221,88,85,3,3
20222,105,100,5,5
20223,63,76,-13,13
20224,76,102,-26,26
20225,80,82,-2,2
20226,68,75,-7,7
20227,97,97,0,0
20228,107,101,6,6
20229,96,78,18,18
20230,120,125,-5,5
20231,110,102,8,8
20232,67,73,-6,6
20233,154,135,19,19
20234,133,115,18,18
20235,98,91,7,7
20236,93,91,2,2
20237,93,95,-2,2
20238,95,99,-4,4
20239,96,93,3,3
20240,66,72,-6,6
20241,54,59,-5,5
20242,89,89,0,0
20243,165,148,17,17
20244,189,172,17,17
20245,62,70,-8,8
20246,49,56,-7,7
20247,59,62,-3,3
20248,82,82,0,0
20249,75,77,-2,2
20250,121,112,9,9
20251,116,112,4,4
20252,185,184,1,1
20253,139,132,7,7
20254,73,76,-3,3
20255,147,143,4,4
20256,109,113,-4,4
20257,119,114,5,5
20258,83,78,5,5
20259,122,125,-3,3
20260,84,93,-9,9
20261,130,121,9,9
20262,137,140,-3,3
20263,96,99,-3,3
20264,81,82,-1,1
20265,123,112,11,11
20266,83,73,10,10
20267,104,99,5,5
20268,121,106,15,15
20269,130,120,10,10
20270,104,98,6,6
20271,107,101,6,6
20272,121,111,10,10
20273,76,78,-2,2
20274,59,63,-4,4
20275,127,126,1,1
20276,179,175,4,4
20277,70,76,-6,6
20278,83,84,-1,1
20279,83,88,-5,5
20280,52,70,-18,18
20281,58,68,-10,10
20282,116,119,-3,3
20283,57,67,-10,10
20284,107,104,3,3
20285,164,158,6,6
20286,110,104,6,6
20287,101,99,2,2
20288,159,146,13,13
20289,103,112,-9,9
20290,133,137,-4,4
20291,59,78,-19,19
20292,93,103,-10,10
20293,129,119,10,10
20294,49,66,-17,17
20295,98,95,3,3
20296,100,97,3,3
20297,131,129,2,2
20298,140,142,-2,2
20299,87,94,-7,7
20300,138,128,10,10
20301,145,144,1,1
20302,124,114,10,10
20303,111,108,3,3
20304,128,121,7,7
20305,83,75,8,8
20306,90,100,-10,10
20307,96,96,0,0
20308,160,149,11,11
20309,75,79,-4,4
20310,83,90,-7,7
20311,115,111,4,4
20312,78,84,-6,6
20313,91,90,1,1
20314,60,60,0,0
20315,92,90,2,2
20316,107,97,10,10
20317,94,104,-10,10
20318,75,106,-31,31
20319,60,64,-4,4
20320,58,68,-10,10
20321,103,102,1,1
20322,68,70,-2,2
20323,141,125,16,16
20324,89,97,-8,8
20325,172,156,16,16
20326,147,144,3,3
20327,94,85,9,9
20328,128,125,3,3
20329,76,77,-1,1
20330,97,91,6,6
20331,110,110,0,0
20332,89,90,-1,1
20333,72,68,4,4
20334,104,112,-8,8
20335,82,102,-20,20
20336,87,86,1,1
20337,96,90,6,6
20338,94,104,-10,10
20339,158,140,18,18
20340,102,100,2,2
20341,62,70,-8,8
20342,53,62,-9,9
20343,98,96,2,2
20344,96,93,3,3
20345,79,85,-6,6
20346,131,118,13,13
20347,44,57,-13,13
20348,102,94,8,8
20349,69,74,-5,5
20350,106,112,-6,6
20351,128,133,-5,5
20352,49,60,-11,11
20353,123,113,10,10
20354,191,163,28,28
20355,116,104,12,12
20356,127,121,6,6
20357,42,50,-8,8
20358,124,101,23,23
20359,92,99,-7,7
20360,143,128,15,15
20361,68,69,-1,1
20362,111,106,5,5
20363,120,129,-9,9
20364,93,92,1,1
20365,46,56,-10,10
20366,116,114,2,2
20367,84,88,-4,4
20368,39,49,-10,10
20369,70,64,6,6
20370,59,74,-15,15
20371,107,121,-14,14
20372,59,62,-3,3
20373,115,110,5,5
20374,92,100,-8,8
20375,105,114,-9,9
20376,110,102,8,8
20377,60,62,-2,2
20378,119,104,15,15
20379,106,113,-7,7
20380,90,91,-1,1
20381,63,68,-5,5
20382,103,98,5,5
20383,105,112,-7,7
20384,98,100,-2,2
20385,48,54,-6,6
20386,110,131,-21,21
20387,119,103,16,16
20388,86,91,-5,5
20389,82,99,-17,17
20390,65,65,0,0
20391,89,89,0,0
20392,118,122,-4,4
20393,146,134,12,12
20394,65,74,-9,9
20395,125,124,1,1
20396,87,88,-1,1
20397,89,95,-6,6
20398,75,73,2,2
20399,87,85,2,2
20400,130,127,3,3
20401,51,58,-7,7
20402,129,126,3,3
20403,81,77,4,4
20404,80,74,6,6
20405,66,72,-6,6
20406,47,56,-9,9
20407,103,106,-3,3
20408,77,92,-15,15
20409,60,67,-7,7
20410,133,129,4,4
20411,66,68,-2,2
20412,161,148,13,13
20413,101,106,-5,5
20414,80,88,-8,8
20415,124,128,-4,4
20416,140,134,6,6
20417,120,112,8,8
20418,141,129,12,12
20419,90,91,-1,1
20420,54,63,-9,9
20421,63,63,0,0
20422,115,117,-2,2
20423,59,70,-11,11
20424,68,74,-6,6
20425,51,57,-6,6
20426,56,62,-6,6
20427,69,83,-14,14
20428,71,76,-5,5
20429,103,106,-3,3
20430,94,98,-4,4
20431,157,163,-6,6
20432,122,113,9,9
20433,111,112,-1,1
20434,120,128,-8,8
20435,103,95,8,8
20436,62,70,-8,8
20437,130,128,2,2
20438,81,81,0,0
20439,166,140,26,26
20440,79,87,-8,8
20441,90,93,-3,3
20442,91,96,-5,5
20443,44,50,-6,6
20444,87,96,-9,9
20445,117,112,5,5
20446,101,110,-9,9
20447,106,113,-7,7
20448,102,93,9,9
20449,74,71,3,3
20450,175,159,16,16
20451,71,84,-13,13
20452,122,116,6,6
20453,165,152,13,13
20454,134,123,11,11
20455,192,169,23,23
20456,80,72,8,8
20457,65,66,-1,1
20458,105,109,-4,4
20459,121,113,8,8
20460,84,87,-3,3
20461,106,107,-1,1
20462,91,91,0,0
20463,174,168,6,6
20464,64,60,4,4
20465,58,64,-6,6
20466,76,70,6,6
20467,70,74,-4,4
20468,143,134,9,9
20469,92,90,2,2
20470,94,98,-4,4
20471,95,90,5,5
20472,119,112,7,7
20473,101,93,8,8
20474,110,107,3,3
20475,144,149,-5,5
20476,129,139,-10,10
20477,79,77,2,2
20478,99,104,-5,5
20479,85,86,-1,1
20480,142,130,12,12
20481,77,85,-8,8
20482,62,68,-6,6
20483,122,127,-5,5
20484,106,108,-2,2
20485,52,52,0,0
20486,79,77,2,2
20487,95,86,9,9
20488,77,82,-5,5
20489,89,91,-2,2
20490,70,75,-5,5
20491,97,96,1,1
20492,100,109,-9,9
20493,79,74,5,5
20494,138,136,2,2
20495,123,112,11,11
20496,152,128,24,24
20497,135,130,5,5
20498,83,87,-4,4
20499,118,105,13,13
20500,91,87,4,4
20501,83,85,-2,2
20502,77,78,-1,1
20503,69,70,-1,1
20504,68,69,-1,1
20505,139,130,9,9
20506,171,158,13,13
20507,80,79,1,1
20508,83,79,4,4
20509,108,105,3,3
20510,92,95,-3,3
20511,59,62,-3,3
20512,74,72,2,2
20513,62,65,-3,3
20514,138,131,7,7
20515,55,56,-1,1
20516,85,81,4,4
20517,77,76,1,1
20518,39,44,-5,5
20519,65,70,-5,5
20520,109,113,-4,4
20521,91,94,-3,3
20522,74,73,1,1
20523,74,82,-8,8
20524,154,145,9,9
20525,153,140,13,13
20526,40,41,-1,1
20527,110,107,3,3
20528,63,66,-3,3
20529,114,110,4,4
20530,114,125,-11,11
20531,62,73,-11,11
20532,81,71,10,10
20533,49,57,-8,8
20534,63,64,-1,1
20535,93,92,1,1
20536,76,73,3,3
20537,146,142,4,4
20538,87,80,7,7
20539,162,147,15,15
20540,91,97,-6,6
20541,107,124,-17,17
20542,82,91,-9,9
20543,97,94,3,3
20544,42,50,-8,8
20545,81,79,2,2
20546,115,112,3,3
20547,120,112,8,8
20548,62,67,-5,5
20549,131,133,-2,2
20550,82,83,-1,1
20551,59,65,-6,6
20552,127,129,-2,2
20553,100,91,9,9
20554,92,86,6,6
20555,55,64,-9,9
20556,111,109,2,2
20557,92,92,0,0
20558,111,112,-1,1
20559,189,159,30,30
20560,93,83,10,10
20561,61,62,-1,1
20562,50,52,-2,2
20563,62,64,-2,2
20564,46,57,-11,11
20565,145,139,6,6
20566,82,85,-3,3
20567,83,84,-1,1
20568,78,77,1,1
20569,69,67,2,2
20570,117,104,13,13
20571,142,128,14,14
20572,111,110,1,1
20573,72,72,0,0
20574,95,93,2,2
20575,141,126,15,15
20576,179,165,14,14
20577,85,90,-5,5
20578,286,253,33,33
20579,87,78,9,9
20580,93,95,-2,2
20581,87,84,3,3
20582,49,57,-8,8
20583,87,90,-3,3
20584,143,113,30,30
20585,98,112,-14,14
20586,70,70,0,0
20587,112,110,2,2
20588,53,59,-6,6
20589,55,62,-7,7
20590,88,87,1,1
20591,113,114,-1,1
20592,86,88,-2,2
20593,59,56,3,3
20594,62,62,0,0
20595,71,81,-10,10
20596,102,123,-21,21
20597,69,75,-6,6
20598,117,113,4,4
20599,79,79,0,0
20600,131,131,0,0
20601,45,51,-6,6
20602,81,86,-5,5
20603,62,73,-11,11
20604,82,88,-6,6
20605,86,86,0,0
20606,52,52,0,0
20607,79,83,-4,4
20608,108,99,9,9
20609,62,68,-6,6
20610,94,96,-2,2
20611,74,87,-13,13
20612,136,125,11,11
20613,151,136,15,15
20614,145,150,-5,5
20615,99,97,2,2
20616,169,176,-7,7
20617,69,71,-2,2
20618,54,58,-4,4
20619,93,85,8,8
20620,106,105,1,1
20621,77,78,-1,1
20622,100,112,-12,12
20623,96,106,-10,10
20624,56,57,-1,1
20625,99,93,6,6
20626,115,114,1,1
20627,90,89,1,1
20628,56,65,-9,9
20629,83,75,8,8
20630,117,108,9,9
20631,75,78,-3,3
20632,88,88,0,0
20633,80,78,2,2
20634,150,128,22,22
20635,126,112,14,14
20636,92,92,0,0
20637,117,112,5,5
20638,75,78,-3,3
20639,92,83,9,9
20640,72,76,-4,4
20641,45,54,-9,9
20642,55,69,-14,14
20643,123,127,-4,4
20644,127,119,8,8
20645,128,129,-1,1
20646,161,148,13,13
20647,130,119,11,11
20648,87,81,6,6
20649,223,181,42,42
20650,79,84,-5,5
20651,155,141,14,14
20652,77,78,-1,1
20653,82,74,8,8
20654,101,106,-5,5
20655,89,96,-7,7
20656,106,108,-2,2
20657,68,62,6,6
20658,98,97,1,1
20659,102,107,-5,5
20660,88,79,9,9
20661,102,99,3,3
20662,173,149,24,24
20663,52,68,-16,16
20664,114,112,2,2
20665,85,76,9,9
20666,86,84,2,2
20667,77,75,2,2
20668,81,80,1,1
20669,89,87,2,2
20670,149,138,11,11
20671,68,75,-7,7
20672,77,76,1,1
20673,83,84,-1,1
20674,71,74,-3,3
20675,71,75,-4,4
20676,91,97,-6,6
20677,56,70,-14,14
20678,80,84,-4,4
20679,129,118,11,11
20680,95,96,-1,1
20681,114,104,10,10
20682,149,134,15,15
20683,74,71,3,3
20684,84,75,9,9
20685,72,70,2,2
20686,119,114,5,5
20687,82,73,9,9
20688,94,116,-22,22
20689,89,100,-11,11
20690,45,53,-8,8
20691,77,67,10,10
20692,169,164,5,5
20693,100,88,12,12
20694,114,106,8,8
20695,95,93,2,2
20696,97,113,-16,16
20697,224,209,15,15
20698,96,99,-3,3
20699,66,70,-4,4
20700,97,96,1,1
20701,113,111,2,2
20702,107,111,-4,4
20703,59,73,-14,14
20704,148,151,-3,3
20705,66,59,7,7
20706,151,150,1,1
20707,87,83,4,4
20708,119,112,7,7
20709,63,62,1,1
20710,122,112,10,10
20711,75,73,2,2
20712,142,134,8,8
20713,33,43,-10,10
20714,86,86,0,0
20715,33,42,-9,9
20716,144,121,23,23
20717,124,117,7,7
20718,77,79,-2,2
20719,144,140,4,4
20720,88,96,-8,8
20721,87,93,-6,6
20722,45,52,-7,7
20723,104,92,12,12
20724,70,75,-5,5
20725,87,84,3,3
20726,139,134,5,5
20727,136,132,4,4
20728,85,77,8,8
20729,106,109,-3,3
20730,134,124,10,10
20731,98,96,2,2
20732,77,79,-2,2
20733,131,132,-1,1
20734,125,141,-16,16
20735,76,76,0,0
20736,110,100,10,10
20737,123,112,11,11
20738,56,54,2,2
20739,62,67,-5,5
20740,59,63,-4,4
20741,96,102,-6,6
20742,107,99,8,8
20743,126,130,-4,4
20744,114,114,0,0
20745,85,94,-9,9
20746,63,63,0,0
20747,59,75,-16,16
20748,80,75,5,5
20749,93,89,4,4
20750,82,93,-11,11
20751,73,69,4,4
20752,133,120,13,13
20753,145,128,17,17
20754,78,77,1,1
20755,89,91,-2,2
20756,81,81,0,0
20757,100,99,1,1
20758,129,136,-7,7
20759,80,84,-4,4
20760,122,114,8,8
20761,26,49,-23,23
20762,151,141,10,10
20763,118,123,-5,5
20764,146,131,15,15
20765,75,76,-1,1
20766,80,105,-25,25
20767,52,64,-12,12
20768,128,113,15,15
20769,76,94,-18,18
20770,73,76,-3,3
20771,55,60,-5,5
20772,94,98,-4,4
20773,115,105,10,10
20774,70,74,-4,4
20775,125,112,13,13
20776,50,51,-1,1
20777,90,95,-5,5
20778,110,106,4,4
20779,120,121,-1,1
20780,62,67,-5,5
20781,78,91,-13,13
20782,132,126,6,6
20783,46,53,-7,7
20784,140,143,-3,3
20785,97,95,2,2
20786,53,59,-6,6
20787,93,96,-3,3
20788,145,131,14,14
20789,84,89,-5,5
20790,121,122,-1,1
20791,124,124,0,0
20792,65,64,1,1
20793,129,136,-7,7
20794,111,106,5,5
20795,81,72,9,9
20796,87,73,14,14
20797,64,70,-6,6
20798,92,86,6,6
20799,74,75,-1,1
20800,78,77,1,1
20801,72,76,-4,4
20802,101,102,-1,1
20803,35,48,-13,13
20804,171,154,17,17
20805,54,54,0,0
20806,155,161,-6,6
20807,151,146,5,5
20808,45,49,-4,4
20809,87,87,0,0
20810,115,106,9,9
20811,75,71,4,4
20812,89,93,-4,4
20813,134,122,12,12
20814,65,69,-4,4
20815,51,57,-6,6
20816,33,42,-9,9
20817,85,99,-14,14
20818,114,113,1,1
20819,120,118,2,2
20820,83,86,-3,3
20821,106,110,-4,4
20822,41,52,-11,11
20823,101,113,-12,12
20824,134,122,12,12
20825,132,130,2,2
20826,53,49,4,4
20827,89,86,3,3
20828,120,125,-5,5
20829,106,112,-6,6
20830,165,153,12,12
20831,59,73,-14,14
20832,77,78,-1,1
20833,105,99,6,6
20834,113,113,0,0
20835,85,85,0,0
20836,57,59,-2,2
20837,101,111,-10,10
20838,109,107,2,2
20839,129,132,-3,3
20840,75,90,-15,15
20841,143,135,8,8
20842,48,56,-8,8
20843,115,122,-7,7
20844,57,111,-54,54
20845,76,77,-1,1
20846,79,78,1,1
20847,107,101,6,6
20848,61,67,-6,6
20849,134,132,2,2
20850,93,94,-1,1
20851,141,139,2,2
20852,81,76,5,5
20853,65,74,-9,9
20854,148,137,11,11
20855,70,79,-9,9
20856,78,93,-15,15
20857,46,53,-7,7
20858,108,112,-4,4
20859,94,94,0,0
20860,165,159,6,6
20861,83,96,-13,13
20862,131,127,4,4
20863,91,85,6,6
20864,86,120,-34,34
20865,99,101,-2,2
20866,111,96,15,15
20867,93,93,0,0
20868,82,74,8,8
20869,60,75,-15,15
20870,89,83,6,6
20871,153,146,7,7
20872,102,102,0,0
20873,92,101,-9,9
20874,102,100,2,2
20875,118,124,-6,6
20876,75,72,3,3
20877,176,161,15,15
20878,129,120,9,9
20879,69,86,-17,17
20880,83,79,4,4
20881,124,123,1,1
20882,68,65,3,3
20883,102,99,3,3
20884,63,66,-3,3
20885,96,110,-14,14
20886,120,126,-6,6
20887,75,85,-10,10
20888,111,114,-3,3
20889,181,159,22,22
20890,82,85,-3,3
20891,132,124,8,8
20892,48,73,-25,25
20893,75,78,-3,3
20894,64,68,-4,4
20895,41,48,-7,7
20896,64,79,-15,15
20897,97,98,-1,1
20898,77,83,-6,6
20899,91,87,4,4
20900,51,57,-6,6
20901,68,70,-2,2
20902,121,125,-4,4
20903,86,85,1,1
20904,59,66,-7,7
20905,107,108,-1,1
20906,84,95,-11,11
20907,55,57,-2,2
20908,76,93,-17,17
20909,93,85,8,8
20910,40,45,-5,5
20911,118,101,17,17
20912,156,155,1,1
20913,126,119,7,7
20914,74,73,1,1
20915,96,99,-3,3
20916,121,118,3,3
20917,76,70,6,6
20918,122,130,-8,8
20919,89,85,4,4
20920,59,61,-2,2
20921,84,75,9,9
20922,83,82,1,1
20923,73,70,3,3
20924,63,63,0,0
20925,64,72,-8,8
20926,125,113,12,12
20927,101,90,11,11
20928,122,131,-9,9
20929,63,67,-4,4
20930,107,109,-2,2
20931,68,70,-2,2
20932,74,76,-2,2
20933,102,100,2,2
20934,119,120,-1,1
20935,106,97,9,9
20936,66,67,-1,1
20937,87,89,-2,2
20938,85,84,1,1
20939,66,64,2,2
20940,145,140,5,5
20941,180,156,24,24
20942,75,77,-2,2
20943,63,74,-11,11
20944,144,142,2,2
20945,66,67,-1,1
20946,49,47,2,2
20947,98,99,-1,1
20948,77,70,7,7
20949,105,101,4,4
20950,81,99,-18,18
20951,92,85,7,7
20952,104,112,-8,8
20953,151,144,7,7
20954,51,58,-7,7
20955,124,128,-4,4
20956,84,84,0,0
20957,58,63,-5,5
20958,108,103,5,5
20959,41,49,-8,8
20960,151,140,11,11
20961,113,100,13,13
20962,138,127,11,11
20963,70,76,-6,6
20964,106,109,-3,3
20965,95,100,-5,5
20966,121,122,-1,1
20967,66,65,1,1
20968,98,97,1,1
20969,70,75,-5,5
20970,142,134,8,8
20971,139,138,1,1
20972,62,66,-4,4
20973,138,143,-5,5
20974,70,73,-3,3
20975,138,110,28,28
20976,105,100,5,5
20977,61,62,-1,1
20978,113,118,-5,5
20979,173,146,27,27
20980,94,91,3,3
20981,90,87,3,3
20982,112,109,3,3
20983,43,49,-6,6
20984,140,139,1,1
20985,197,198,-1,1
20986,116,107,9,9
20987,229,202,27,27
20988,119,114,5,5
20989,80,68,12,12
20990,115,116,-1,1
20991,61,71,-10,10
20992,41,52,-11,11
20993,101,94,7,7
20994,185,181,4,4
20995,46,53,-7,7
20996,221,197,24,24
20997,113,109,4,4
20998,60,64,-4,4
20999,116,100,16,16
21000,125,121,4,4
21001,99,98,1,1
21002,97,113,-16,16
21003,171,146,25,25
21004,79,82,-3,3
21005,73,76,-3,3
21006,80,90,-10,10
21007,148,132,16,16
21008,111,121,-10,10
21009,110,112,-2,2
21010,84,95,-11,11
21011,60,70,-10,10
21012,94,90,4,4
21013,57,62,-5,5
21014,118,119,-1,1
21015,115,116,-1,1
21016,118,129,-11,11
21017,133,121,12,12
21018,67,72,-5,5
21019,148,140,8,8
21020,34,92,-58,58
21021,59,61,-2,2
21022,71,69,2,2
21023,59,60,-1,1
21024,58,70,-12,12
21025,61,61,0,0
21026,105,102,3,3
21027,144,139,5,5
21028,135,129,6,6
21029,120,113,7,7
21030,180,177,3,3
21031,177,151,26,26
21032,115,131,-16,16
21033,138,126,12,12
21034,113,98,15,15
21035,97,96,1,1
21036,88,85,3,3
21037,108,119,-11,11
21038,106,100,6,6
21039,81,82,-1,1
21040,105,101,4,4
21041,30,41,-11,11
21042,97,99,-2,2
21043,39,48,-9,9
21044,57,62,-5,5
21045,92,111,-19,19
21046,85,84,1,1
21047,94,87,7,7
21048,165,146,19,19
21049,119,119,0,0
21050,120,113,7,7
21051,139,126,13,13
21052,42,49,-7,7
21053,78,82,-4,4
21054,78,82,-4,4
21055,73,69,4,4
21056,84,87,-3,3
21057,159,143,16,16
21058,84,89,-5,5
21059,133,128,5,5
21060,87,93,-6,6
21061,147,130,17,17
21062,83,81,2,2
21063,51,56,-5,5
21064,107,102,5,5
21065,62,64,-2,2
21066,94,89,5,5
21067,62,67,-5,5
21068,79,80,-1,1
21069,177,142,35,35
21070,104,82,22,22
21071,85,96,-11,11
21072,100,97,3,3
21073,69,69,0,0
21074,119,121,-2,2
21075,90,77,13,13
21076,82,76,6,6
21077,54,56,-2,2
21078,115,103,12,12
21079,74,73,1,1
21080,113,108,5,5
21081,56,60,-4,4
21082,68,76,-8,8
21083,195,178,17,17
21084,150,130,20,20
21085,62,73,-11,11
21086,71,72,-1,1
21087,81,79,2,2
21088,131,131,0,0
21089,90,86,4,4
21090,86,93,-7,7
21091,168,169,-1,1
21092,101,99,2,2
21093,109,105,4,4
21094,71,108,-37,37
21095,67,67,0,0
21096,115,109,6,6
21097,95,95,0,0
21098,84,84,0,0
21099,74,85,-11,11
21100,69,69,0,0
21101,63,71,-8,8
21102,127,119,8,8
21103,82,91,-9,9
21104,78,76,2,2
21105,78,82,-4,4
21106,147,136,11,11
21107,96,96,0,0
21108,72,84,-12,12
21109,65,66,-1,1
21110,107,109,-2,2
21111,119,109,10,10
21112,101,97,4,4
21113,162,144,18,18
21114,119,118,1,1
21115,93,97,-4,4
21116,102,100,2,2
21117,145,140,5,5
21118,94,90,4,4
21119,83,83,0,0
21120,166,152,14,14
21121,63,70,-7,7
21122,90,90,0,0
21123,53,59,-6,6
21124,103,102,1,1
21125,117,111,6,6
21126,99,99,0,0
21127,44,50,-6,6
21128,149,137,12,12
21129,104,99,5,5
21130,225,211,14,14
21131,101,99,2,2
21132,101,99,2,2
21133,76,70,6,6
21134,80,77,3,3
21135,70,68,2,2
21136,130,106,24,24
21137,148,136,12,12
21138,70,82,-12,12
21139,137,144,-7,7
21140,59,62,-3,3
21141,71,75,-4,4
21142,134,127,7,7
21143,116,105,11,11
21144,104,101,3,3
21145,63,71,-8,8
21146,61,63,-2,2
21147,89,112,-23,23
21148,61,61,0,0
21149,97,97,0,0
21150,102,99,3,3
21151,63,64,-1,1
21152,165,155,10,10
21153,88,98,-10,10
21154,112,97,15,15
21155,90,89,1,1
21156,179,166,13,13
21157,89,99,-10,10
21158,19,31,-12,12
21159,123,114,9,9
21160,111,135,-24,24
21161,89,86,3,3
21162,86,98,-12,12
21163,92,97,-5,5
21164,93,90,3,3
21165,91,90,1,1
21166,70,72,-2,2
21167,105,103,2,2
21168,85,82,3,3
21169,78,74,4,4
21170,112,112,0,0
21171,96,99,-3,3
21172,54,62,-8,8
21173,121,108,13,13
21174,131,125,6,6
21175,66,69,-3,3
21176,61,66,-5,5
21177,80,82,-2,2
21178,89,86,3,3
21179,74,67,7,7
21180,65,78,-13,13
21181,101,107,-6,6
21182,97,87,10,10
21183,108,111,-3,3
21184,96,101,-5,5
21185,132,128,4,4
21186,62,61,1,1
21187,82,77,5,5
21188,154,134,20,20
21189,82,82,0,0
21190,50,57,-7,7
21191,68,64,4,4
21192,124,127,-3,3
21193,74,72,2,2
21194,149,147,2,2
21195,59,64,-5,5
21196,56,60,-4,4
21197,58,62,-4,4
21198,151,152,-1,1
21199,113,109,4,4
21200,74,101,-27,27
21201,71,70,1,1
21202,86,85,1,1
21203,65,65,0,0
21204,69,74,-5,5
21205,161,154,7,7
21206,89,92,-3,3
21207,36,47,-11,11
21208,55,56,-1,1
21209,97,94,3,3
21210,89,79,10,10
21211,64,65,-1,1
21212,98,101,-3,3
21213,89,83,6,6
21214,44,48,-4,4
21215,162,152,10,10
21216,126,127,-1,1
21217,82,83,-1,1
21218,77,88,-11,11
21219,81,84,-3,3
21220,137,132,5,5
21221,69,72,-3,3
21222,86,85,1,1
21223,67,73,-6,6
21224,101,97,4,4
21225,74,78,-4,4
21226,71,70,1,1
21227,66,68,-2,2
21228,104,105,-1,1
21229,111,124,-13,13
21230,86,92,-6,6
21231,96,97,-1,1
21232,79,76,3,3
21233,183,182,1,1
21234,89,86,3,3
21235,133,121,12,12
21236,80,79,1,1
21237,72,74,-2,2
21238,109,99,10,10
21239,107,102,5,5
21240,84,78,6,6
21241,67,63,4,4
21242,102,99,3,3
21243,66,185,-119,119
21244,132,133,-1,1
21245,103,105,-2,2
21246,91,95,-4,4
21247,111,114,-3,3
21248,110,102,8,8
21249,156,155,1,1
21250,44,47,-3,3
21251,48,53,-5,5
21252,79,89,-10,10
21253,58,57,1,1
21254,134,123,11,11
21255,105,105,0,0
21256,79,74,5,5
21257,124,159,-35,35
21258,109,100,9,9
21259,79,74,5,5
21260,66,71,-5,5
21261,93,90,3,3
21262,93,93,0,0
21263,85,95,-10,10
21264,92,91,1,1
21265,103,103,0,0
21266,104,100,4,4
21267,108,107,1,1
21268,82,79,3,3
21269,92,96,-4,4
21270,41,48,-7,7
21271,47,54,-7,7
21272,79,78,1,1
21273,101,110,-9,9
21274,66,73,-7,7
21275,83,80,3,3
21276,89,77,12,12
21277,55,61,-6,6
21278,137,130,7,7
21279,92,88,4,4
21280,131,127,4,4
21281,99,93,6,6
21282,100,107,-7,7
21283,82,79,3,3
21284,57,62,-5,5
21285,74,82,-8,8
21286,79,84,-5,5
21287,83,81,2,2
21288,118,114,4,4
21289,133,157,-24,24
21290,129,122,7,7
21291,70,89,-19,19
21292,145,135,10,10
21293,149,116,33,33
21294,113,116,-3,3
21295,56,66,-10,10
21296,44,49,-5,5
21297,89,99,-10,10
21298,90,95,-5,5
21299,74,71,3,3
21300,117,111,6,6
21301,65,63,2,2
21302,48,57,-9,9
21303,92,91,1,1
21304,72,72,0,0
21305,83,79,4,4
21306,63,68,-5,5
21307,135,124,11,11
21308,147,147,0,0
21309,142,146,-4,4
21310,122,108,14,14
21311,77,77,0,0
21312,106,105,1,1
21313,65,72,-7,7
21314,70,68,2,2
21315,124,113,11,11
21316,100,97,3,3
21317,56,58,-2,2
21318,72,70,2,2
21319,83,84,-1,1
21320,66,66,0,0
21321,45,54,-9,9
21322,162,154,8,8
21323,85,89,-4,4
21324,115,115,0,0
21325,122,120,2,2
21326,72,72,0,0
21327,68,72,-4,4
21328,65,67,-2,2
21329,84,83,1,1
21330,161,142,19,19
21331,149,136,13,13
21332,109,105,4,4
21333,57,64,-7,7
21334,85,78,7,7
21335,100,96,4,4
21336,171,131,40,40
21337,73,78,-5,5
21338,78,81,-3,3
21339,67,79,-12,12
21340,122,129,-7,7
21341,84,78,6,6
21342,171,151,20,20
21343,87,88,-1,1
21344,140,121,19,19
21345,86,97,-11,11
21346,85,94,-9,9
21347,50,54,-4,4
21348,78,83,-5,5
21349,67,62,5,5
21350,81,78,3,3
21351,75,76,-1,1
21352,91,94,-3,3
21353,119,117,2,2
21354,138,131,7,7
21355,58,61,-3,3
21356,137,128,9,9
21357,88,97,-9,9
21358,122,114,8,8
21359,106,100,6,6
21360,101,104,-3,3
21361,88,91,-3,3
21362,83,76,7,7
21363,80,78,2,2
21364,111,112,-1,1
21365,183,172,11,11
21366,73,73,0,0
21367,97,94,3,3
21368,55,65,-10,10
21369,116,122,-6,6
21370,78,78,0,0
21371,99,98,1,1
21372,141,128,13,13
21373,56,58,-2,2
21374,65,67,-2,2
21375,72,73,-1,1
21376,99,75,24,24
21377,96,87,9,9
21378,69,76,-7,7
21379,94,104,-10,10
21380,98,88,10,10
21381,55,64,-9,9
21382,107,107,0,0
21383,68,74,-6,6
21384,84,88,-4,4
21385,65,66,-1,1
21386,177,149,28,28
21387,62,61,1,1
21388,182,161,21,21
21389,72,55,17,17
21390,151,141,10,10
21391,80,75,5,5
21392,122,123,-1,1
21393,136,120,16,16
21394,141,136,5,5
21395,88,85,3,3
21396,88,83,5,5
21397,127,120,7,7
21398,92,97,-5,5
21399,74,70,4,4
21400,111,106,5,5
21401,204,195,9,9
21402,111,100,11,11
21403,59,61,-2,2
21404,129,112,17,17
21405,107,102,5,5
21406,104,98,6,6
21407,76,80,-4,4
21408,113,118,-5,5
21409,110,108,2,2
21410,69,67,2,2
21411,67,70,-3,3
21412,85,80,5,5
21413,94,96,-2,2
21414,93,89,4,4
21415,90,93,-3,3
21416,61,53,8,8
21417,56,56,0,0
21418,114,106,8,8
21419,71,69,2,2
21420,86,87,-1,1
21421,114,117,-3,3
21422,50,55,-5,5
21423,155,146,9,9
21424,108,114,-6,6
21425,104,89,15,15
21426,89,85,4,4
21427,75,72,3,3
21428,149,145,4,4
21429,94,88,6,6
21430,63,79,-16,16
21431,127,133,-6,6
21432,103,99,4,4
21433,90,84,6,6
21434,64,71,-7,7
21435,144,130,14,14
21436,119,112,7,7
21437,45,57,-12,12
21438,78,74,4,4
21439,45,58,-13,13
21440,113,115,-2,2
21441,89,93,-4,4
21442,122,122,0,0
21443,93,94,-1,1
21444,54,60,-6,6
21445,89,81,8,8
21446,85,78,7,7
21447,101,100,1,1
21448,132,141,-9,9
21449,47,49,-2,2
21450,83,85,-2,2
21451,89,80,9,9
21452,77,72,5,5
21453,150,135,15,15
21454,130,113,17,17
21455,85,88,-3,3
21456,114,108,6,6
21457,155,150,5,5
21458,63,63,0,0
21459,94,98,-4,4
21460,42,44,-2,2
21461,138,139,-1,1
21462,78,84,-6,6
21463,79,79,0,0
21464,95,96,-1,1
21465,80,73,7,7
21466,80,92,-12,12
21467,39,52,-13,13
21468,143,129,14,14
21469,88,87,1,1
21470,47,55,-8,8
21471,70,70,0,0
21472,174,160,14,14
21473,148,140,8,8
21474,185,154,31,31
21475,122,127,-5,5
21476,138,132,6,6
21477,99,96,3,3
21478,50,57,-7,7
21479,104,96,8,8
21480,69,70,-1,1
21481,127,119,8,8
21482,59,66,-7,7
21483,89,90,-1,1
21484,81,84,-3,3
21485,64,72,-8,8
21486,124,122,2,2
21487,75,85,-10,10
21488,102,98,4,4
21489,156,145,11,11
21490,81,83,-2,2
21491,90,87,3,3
21492,58,73,-15,15
21493,153,137,16,16
21494,100,96,4,4
21495,133,122,11,11
21496,133,121,12,12
21497,68,74,-6,6
21498,104,100,4,4
21499,74,73,1,1
21500,138,127,11,11
21501,83,85,-2,2
21502,125,137,-12,12
21503,98,100,-2,2
21504,92,90,2,2
21505,39,45,-6,6
21506,93,93,0,0
21507,47,60,-13,13
21508,72,66,6,6
21509,138,129,9,9
21510,81,83,-2,2
21511,102,103,-1,1
21512,146,138,8,8
21513,80,76,4,4
21514,76,71,5,5
21515,130,138,-8,8
21516,138,126,12,12
21517,69,76,-7,7
21518,134,119,15,15
21519,73,77,-4,4
21520,55,64,-9,9
21521,68,73,-5,5
21522,78,94,-16,16
21523,85,83,2,2
21524,118,113,5,5
21525,80,81,-1,1
21526,153,156,-3,3
21527,81,77,4,4
21528,85,85,0,0
21529,117,112,5,5
21530,126,124,2,2
21531,34,42,-8,8
21532,72,68,4,4
21533,138,129,9,9
21534,82,85,-3,3
21535,113,115,-2,2
21536,63,71,-8,8
21537,80,69,11,11
21538,67,67,0,0
21539,117,127,-10,10
21540,120,112,8,8
21541,75,70,5,5
21542,117,110,7,7
21543,103,108,-5,5
21544,149,153,-4,4
21545,169,165,4,4
21546,85,97,-12,12
21547,91,87,4,4
21548,121,125,-4,4
21549,95,110,-15,15
21550,123,127,-4,4
21551,36,51,-15,15
21552,71,72,-1,1
21553,106,102,4,4
21554,101,91,10,10
21555,60,77,-17,17
21556,68,67,1,1
21557,76,75,1,1
21558,91,87,4,4
21559,84,81,3,3
21560,97,101,-4,4
21561,75,84,-9,9
21562,44,50,-6,6
21563,78,67,11,11
21564,55,60,-5,5
21565,106,112,-6,6
21566,125,120,5,5
21567,185,164,21,21
21568,148,165,-17,17
21569,156,142,14,14
21570,128,119,9,9
21571,96,95,1,1
21572,99,93,6,6
21573,63,72,-9,9
21574,78,87,-9,9
21575,162,131,31,31
21576,75,76,-1,1
21577,103,99,4,4
21578,110,101,9,9
21579,116,111,5,5
21580,51,57,-6,6
21581,126,121,5,5
21582,37,52,-15,15
21583,109,105,4,4
21584,115,115,0,0
21585,70,67,3,3
21586,94,100,-6,6
21587,113,109,4,4
21588,91,91,0,0
21589,71,75,-4,4
21590,55,62,-7,7
21591,63,71,-8,8
21592,59,60,-1,1
21593,81,78,3,3
21594,135,134,1,1
21595,95,93,2,2
21596,67,74,-7,7
21597,80,83,-3,3
21598,73,85,-12,12
21599,98,92,6,6
21600,104,97,7,7
21601,63,59,4,4
21602,60,60,0,0
21603,117,110,7,7
21604,60,63,-3,3
21605,127,123,4,4
21606,121,102,19,19
21607,118,114,4,4
21608,80,78,2,2
21609,77,78,-1,1
21610,104,98,6,6
21611,182,198,-16,16
21612,90,93,-3,3
21613,49,53,-4,4
21614,86,87,-1,1
21615,88,88,0,0
21616,114,104,10,10
21617,56,58,-2,2
21618,66,62,4,4
21619,68,84,-16,16
21620,88,90,-2,2
21621,45,72,-27,27
21622,231,214,17,17
21623,136,126,10,10
21624,69,68,1,1
21625,123,130,-7,7
21626,60,60,0,0
21627,72,73,-1,1
21628,84,90,-6,6
21629,123,125,-2,2
21630,58,69,-11,11
21631,58,60,-2,2
21632,71,69,2,2
21633,97,92,5,5
21634,61,63,-2,2
21635,57,64,-7,7
21636,172,161,11,11
21637,62,68,-6,6
21638,112,113,-1,1
21639,126,121,5,5
21640,85,85,0,0
21641,105,114,-9,9
21642,100,101,-1,1
21643,117,129,-12,12
21644,76,84,-8,8
21645,85,85,0,0
21646,187,158,29,29
21647,145,138,7,7
21648,64,74,-10,10
21649,107,100,7,7
21650,140,135,5,5
21651,46,56,-10,10
21652,63,62,1,1
21653,93,92,1,1
21654,111,112,-1,1
21655,60,64,-4,4
21656,120,113,7,7
21657,67,72,-5,5
21658,157,144,13,13
21659,133,130,3,3
21660,112,117,-5,5
21661,119,126,-7,7
21662,86,85,1,1
21663,128,129,-1,1
21664,109,102,7,7
21665,133,124,9,9
21666,62,61,1,1
21667,167,153,14,14
21668,122,111,11,11
21669,42,46,-4,4
21670,66,66,0,0
21671,110,109,1,1
21672,84,98,-14,14
21673,115,112,3,3
21674,174,159,15,15
21675,85,85,0,0
21676,100,98,2,2
21677,56,62,-6,6
21678,72,68,4,4
21679,87,90,-3,3
21680,70,89,-19,19
21681,76,75,1,1
21682,89,87,2,2
21683,69,70,-1,1
21684,175,155,20,20
21685,191,167,24,24
21686,66,67,-1,1
21687,145,139,6,6
21688,127,113,14,14
21689,54,55,-1,1
21690,70,66,4,4
21691,67,68,-1,1
21692,77,76,1,1
21693,119,128,-9,9
21694,38,52,-14,14
21695,77,76,1,1
21696,49,53,-4,4
21697,63,77,-14,14
21698,40,46,-6,6
21699,69,73,-4,4
21700,35,47,-12,12
21701,93,88,5,5
21702,61,77,-16,16
21703,50,53,-3,3
21704,113,113,0,0
21705,123,111,12,12
21706,75,75,0,0
21707,94,90,4,4
21708,71,76,-5,5
21709,114,113,1,1
21710,68,65,3,3
21711,129,132,-3,3
21712,61,57,4,4
21713,92,87,5,5
21714,76,71,5,5
21715,106,94,12,12
21716,123,116,7,7
21717,89,90,-1,1
21718,88,93,-5,5
21719,48,59,-11,11
21720,87,91,-4,4
21721,53,64,-11,11
21722,120,113,7,7
21723,105,108,-3,3
21724,117,110,7,7
21725,128,119,9,9
21726,173,155,18,18
21727,85,82,3,3
21728,97,92,5,5
21729,101,96,5,5
21730,67,70,-3,3
21731,71,75,-4,4
21732,89,83,6,6
21733,85,95,-10,10
21734,83,84,-1,1
21735,78,73,5,5
21736,76,74,2,2
21737,115,112,3,3
21738,68,68,0,0
21739,75,72,3,3
21740,106,96,10,10
21741,76,74,2,2
21742,123,117,6,6
21743,82,84,-2,2
21744,82,86,-4,4
21745,162,153,9,9
21746,64,71,-7,7
21747,66,60,6,6
21748,48,49,-1,1
21749,86,92,-6,6
21750,59,68,-9,9
21751,118,113,5,5
21752,75,75,0,0
21753,138,124,14,14
21754,50,54,-4,4
21755,96,85,11,11
21756,68,69,-1,1
21757,83,85,-2,2
21758,93,109,-16,16
21759,78,85,-7,7
21760,45,49,-4,4
21761,85,85,0,0
21762,123,112,11,11
21763,42,52,-10,10
21764,84,83,1,1
21765,123,116,7,7
21766,45,57,-12,12
21767,88,90,-2,2
21768,85,86,-1,1
21769,79,70,9,9
21770,75,76,-1,1
21771,125,121,4,4
21772,33,54,-21,21
21773,84,88,-4,4
21774,117,120,-3,3
21775,79,81,-2,2
21776,190,181,9,9
21777,112,112,0,0
21778,86,90,-4,4
21779,115,108,7,7
21780,74,73,1,1
21781,85,89,-4,4
21782,28,37,-9,9
21783,45,52,-7,7
21784,115,110,5,5
21785,92,85,7,7
21786,78,74,4,4
21787,129,124,5,5
21788,119,108,11,11
21789,78,77,1,1
21790,78,66,12,12
21791,211,188,23,23
21792,95,101,-6,6
21793,101,98,3,3
21794,163,148,15,15
21795,168,154,14,14
21796,109,107,2,2
21797,98,103,-5,5
21798,61,64,-3,3
21799,131,131,0,0
21800,74,73,1,1
21801,66,76,-10,10
21802,130,120,10,10
21803,71,70,1,1
21804,135,135,0,0
21805,88,84,4,4
21806,150,166,-16,16
21807,152,129,23,23
21808,117,100,17,17
21809,133,130,3,3
21810,77,78,-1,1
21811,75,69,6,6
21812,63,62,1,1
21813,73,69,4,4
21814,72,74,-2,2
21815,62,78,-16,16
21816,98,101,-3,3
21817,103,97,6,6
21818,167,178,-11,11
21819,73,83,-10,10
21820,68,66,2,2
21821,104,103,1,1
21822,96,99,-3,3
21823,165,158,7,7
21824,128,127,1,1
21825,147,136,11,11
21826,139,136,3,3
21827,156,133,23,23
21828,86,92,-6,6
21829,78,77,1,1
21830,78,74,4,4
21831,89,85,4,4
21832,115,107,8,8
21833,122,118,4,4
21834,47,61,-14,14
21835,60,72,-12,12
21836,87,98,-11,11
21837,77,77,0,0
21838,115,101,14,14
21839,105,92,13,13
21840,120,118,2,2
21841,95,93,2,2
21842,103,98,5,5
21843,57,59,-2,2
21844,132,121,11,11
21845,118,113,5,5
21846,134,113,21,21
21847,85,96,-11,11
21848,130,135,-5,5
21849,107,113,-6,6
21850,112,104,8,8
21851,63,67,-4,4
21852,176,162,14,14
21853,83,78,5,5
21854,88,98,-10,10
21855,141,123,18,18
21856,121,115,6,6
21857,119,111,8,8
21858,51,61,-10,10
21859,60,63,-3,3
21860,103,88,15,15
21861,122,112,10,10
21862,79,79,0,0
21863,103,96,7,7
21864,86,81,5,5
21865,58,68,-10,10
21866,103,103,0,0
21867,89,83,6,6
21868,94,89,5,5
21869,115,113,2,2
21870,151,168,-17,17
21871,97,97,0,0
21872,88,86,2,2
21873,78,78,0,0
21874,79,74,5,5
21875,51,57,-6,6
21876,77,85,-8,8
21877,98,88,10,10
21878,160,136,24,24
21879,114,112,2,2
21880,95,99,-4,4
21881,77,81,-4,4
21882,75,77,-2,2
21883,142,127,15,15
21884,72,74,-2,2
21885,150,133,17,17
21886,67,73,-6,6
21887,104,104,0,0
21888,95,99,-4,4
21889,116,109,7,7
21890,43,75,-32,32
21891,98,99,-1,1
21892,85,76,9,9
21893,93,88,5,5
21894,106,103,3,3
21895,99,98,1,1
21896,179,165,14,14
21897,61,77,-16,16
21898,77,78,-1,1
21899,64,66,-2,2
21900,90,95,-5,5
21901,106,113,-7,7
21902,67,67,0,0
21903,102,99,3,3
21904,94,61,33,33
21905,92,88,4,4
21906,81,70,11,11
21907,84,82,2,2
21908,131,132,-1,1
21909,96,98,-2,2
21910,89,85,4,4
21911,107,99,8,8
21912,73,79,-6,6
21913,81,75,6,6
21914,69,77,-8,8
21915,73,75,-2,2
21916,150,146,4,4
21917,115,101,14,14
21918,90,85,5,5
21919,63,75,-12,12
21920,138,123,15,15
21921,125,123,2,2
21922,111,107,4,4
21923,124,112,12,12
21924,37,47,-10,10
21925,114,114,0,0
21926,67,69,-2,2
21927,116,116,0,0
21928,134,138,-4,4
21929,58,64,-6,6
21930,75,73,2,2
21931,119,113,6,6
21932,94,87,7,7
21933,72,69,3,3
21934,144,135,9,9
21935,86,86,0,0
21936,112,109,3,3
21937,57,60,-3,3
21938,121,126,-5,5
21939,118,113,5,5
21940,79,79,0,0
21941,53,56,-3,3
21942,61,57,4,4
21943,90,97,-7,7
21944,114,115,-1,1
21945,101,102,-1,1
21946,180,170,10,10
21947,136,147,-11,11
21948,100,99,1,1
21949,107,107,0,0
21950,95,100,-5,5
21951,75,76,-1,1
21952,86,94,-8,8
21953,71,77,-6,6
21954,126,126,0,0
21955,125,119,6,6
21956,162,151,11,11
21957,71,76,-5,5
21958,60,59,1,1
21959,118,122,-4,4
21960,104,78,26,26
21961,117,112,5,5
21962,144,132,12,12
21963,78,85,-7,7
21964,95,94,1,1
21965,157,143,14,14
21966,70,74,-4,4
21967,68,73,-5,5
21968,125,120,5,5
21969,111,93,18,18
21970,112,104,8,8
21971,118,105,13,13
21972,71,65,6,6
21973,126,112,14,14
21974,96,94,2,2
21975,59,60,-1,1
21976,82,91,-9,9
21977,101,106,-5,5
21978,80,84,-4,4
21979,61,62,-1,1
21980,89,97,-8,8
21981,107,94,13,13
21982,55,60,-5,5
21983,99,96,3,3
21984,131,134,-3,3
21985,80,76,4,4
21986,110,94,16,16
21987,94,96,-2,2
21988,32,34,-2,2
21989,105,105,0,0
21990,103,104,-1,1
21991,152,151,1,1
21992,136,120,16,16
21993,78,74,4,4
21994,68,65,3,3
21995,68,78,-10,10
21996,36,43,-7,7
21997,111,114,-3,3
21998,64,62,2,2
21999,70,71,-1,1
22000,89,87,2,2
22001,103,97,6,6
22002,79,78,1,1
22003,175,169,6,6
22004,103,106,-3,3
22005,84,82,2,2
22006,79,77,2,2
22007,93,98,-5,5
22008,124,122,2,2
22009,106,104,2,2
22010,144,127,17,17
22011,100,98,2,2
22012,70,76,-6,6
22013,122,125,-3,3
22014,101,100,1,1
22015,125,120,5,5
22016,94,91,3,3
22017,134,142,-8,8
22018,69,72,-3,3
22019,119,107,12,12
22020,106,98,8,8
22021,122,122,0,0
22022,54,58,-4,4
22023,89,86,3,3
22024,76,92,-16,16
22025,86,86,0,0
22026,144,126,18,18
22027,93,83,10,10
22028,105,108,-3,3
22029,101,102,-1,1
22030,81,92,-11,11
22031,85,80,5,5
22032,157,131,26,26
22033,112,118,-6,6
22034,76,78,-2,2
22035,85,92,-7,7
22036,141,119,22,22
22037,87,91,-4,4
22038,71,78,-7,7
22039,104,109,-5,5
22040,73,76,-3,3
22041,143,132,11,11
22042,92,99,-7,7
22043,80,87,-7,7
22044,98,102,-4,4
22045,80,76,4,4
22046,54,61,-7,7
22047,134,142,-8,8
22048,70,68,2,2
22049,114,113,1,1
22050,80,71,9,9
22051,90,84,6,6
22052,82,90,-8,8
22053,103,100,3,3
22054,82,79,3,3
22055,92,90,2,2
22056,82,83,-1,1
22057,66,69,-3,3
22058,124,154,-30,30
22059,61,69,-8,8
22060,63,70,-7,7
22061,91,96,-5,5
22062,72,72,0,0
22063,54,66,-12,12
22064,87,86,1,1
22065,104,112,-8,8
22066,61,66,-5,5
22067,125,110,15,15
22068,129,131,-2,2
22069,33,48,-15,15
22070,97,100,-3,3
22071,73,87,-14,14
22072,154,137,17,17
22073,74,72,2,2
22074,125,124,1,1
22075,54,58,-4,4
22076,68,75,-7,7
22077,91,86,5,5
22078,68,68,0,0
22079,92,104,-12,12
22080,117,103,14,14
22081,98,108,-10,10
22082,124,110,14,14
22083,71,76,-5,5
22084,66,69,-3,3
22085,37,46,-9,9
22086,108,103,5,5
22087,59,60,-1,1
22088,84,84,0,0
22089,162,141,21,21
22090,108,111,-3,3
22091,120,112,8,8
22092,102,110,-8,8
22093,68,83,-15,15
22094,146,124,22,22
22095,116,116,0,0
22096,66,70,-4,4
22097,67,71,-4,4
22098,46,59,-13,13
22099,92,84,8,8
22100,150,130,20,20
22101,58,58,0,0
22102,103,107,-4,4
22103,112,101,11,11
22104,90,99,-9,9
22105,98,96,2,2
22106,54,62,-8,8
22107,76,79,-3,3
22108,77,84,-7,7
22109,111,105,6,6
22110,118,121,-3,3
22111,125,119,6,6
22112,94,100,-6,6
22113,73,77,-4,4
22114,173,165,8,8
22115,155,153,2,2
22116,120,126,-6,6
22117,86,77,9,9
22118,115,112,3,3
22119,149,136,13,13
22120,68,86,-18,18
22121,130,112,18,18
22122,65,72,-7,7
22123,63,56,7,7
22124,39,45,-6,6
22125,82,79,3,3
22126,74,67,7,7
22127,57,70,-13,13
22128,105,111,-6,6
22129,106,105,1,1
22130,126,145,-19,19
22131,113,108,5,5
22132,109,108,1,1
22133,95,100,-5,5
22134,86,77,9,9
22135,99,97,2,2
22136,65,62,3,3
22137,70,72,-2,2
22138,66,66,0,0
22139,45,51,-6,6
22140,77,78,-1,1
22141,50,59,-9,9
22142,105,105,0,0
22143,101,111,-10,10
22144,62,69,-7,7
22145,82,92,-10,10
22146,69,65,4,4
22147,122,134,-12,12
22148,147,140,7,7
22149,220,219,1,1
22150,69,71,-2,2
22151,93,88,5,5
22152,111,107,4,4
22153,152,146,6,6
22154,124,125,-1,1
22155,43,48,-5,5
22156,112,97,15,15
22157,83,83,0,0
22158,140,132,8,8
22159,110,110,0,0
22160,71,78,-7,7
22161,96,110,-14,14
22162,148,146,2,2
22163,53,54,-1,1
22164,120,110,10,10
22165,188,181,7,7
22166,29,45,-16,16
22167,117,112,5,5
22168,104,100,4,4
22169,81,79,2,2
22170,124,126,-2,2
22171,103,112,-9,9
22172,139,136,3,3
22173,79,70,9,9
22174,133,122,11,11
22175,112,113,-1,1
22176,99,106,-7,7
22177,101,97,4,4
22178,75,68,7,7
22179,110,106,4,4
22180,121,115,6,6
22181,110,110,0,0
22182,68,82,-14,14
22183,99,94,5,5
22184,67,75,-8,8
22185,72,79,-7,7
22186,151,133,18,18
22187,87,93,-6,6
22188,83,94,-11,11
22189,58,73,-15,15
22190,56,59,-3,3
22191,72,70,2,2
22192,91,89,2,2
22193,61,62,-1,1
22194,95,83,12,12
22195,101,96,5,5
22196,98,93,5,5
22197,128,128,0,0
22198,183,169,14,14
22199,68,69,-1,1
22200,97,97,0,0
22201,74,75,-1,1
22202,127,127,0,0
22203,91,88,3,3
22204,95,92,3,3
22205,83,81,2,2
22206,130,126,4,4
22207,143,81,62,62
22208,68,75,-7,7
22209,72,71,1,1
22210,81,84,-3,3
22211,63,68,-5,5
22212,92,85,7,7
22213,70,84,-14,14
22214,114,118,-4,4
22215,119,108,11,11
22216,130,128,2,2
22217,94,97,-3,3
22218,104,105,-1,1
22219,99,105,-6,6
22220,55,68,-13,13
22221,111,112,-1,1
22222,101,92,9,9
22223,86,83,3,3
22224,89,92,-3,3
22225,91,111,-20,20
22226,140,138,2,2
22227,74,77,-3,3
22228,82,84,-2,2
22229,103,84,19,19
22230,104,95,9,9
22231,75,84,-9,9
22232,92,102,-10,10
22233,53,59,-6,6
22234,74,85,-11,11
22235,38,44,-6,6
22236,141,132,9,9
22237,91,83,8,8
22238,97,91,6,6
22239,115,111,4,4
22240,141,138,3,3
22241,72,83,-11,11
22242,87,93,-6,6
22243,114,112,2,2
22244,96,89,7,7
22245,68,78,-10,10
22246,123,122,1,1
22247,91,83,8,8
22248,91,86,5,5
22249,116,118,-2,2
22250,49,72,-23,23
22251,57,59,-2,2
22252,124,124,0,0
22253,88,98,-10,10
22254,129,126,3,3
22255,55,59,-4,4
22256,188,165,23,23
22257,64,68,-4,4
22258,71,73,-2,2
22259,45,56,-11,11
22260,93,102,-9,9
22261,68,69,-1,1
22262,161,168,-7,7
22263,69,81,-12,12
22264,113,113,0,0
22265,74,84,-10,10
22266,58,64,-6,6
22267,149,147,2,2
22268,49,53,-4,4
22269,96,95,1,1
22270,122,113,9,9
22271,92,85,7,7
22272,124,123,1,1
22273,93,94,-1,1
22274,149,148,1,1
22275,179,163,16,16
22276,147,145,2,2
22277,121,120,1,1
22278,62,64,-2,2
22279,50,54,-4,4
22280,54,57,-3,3
22281,104,97,7,7
22282,73,72,1,1
22283,101,103,-2,2
22284,71,76,-5,5
22285,90,91,-1,1
22286,71,70,1,1
22287,72,76,-4,4
22288,61,85,-24,24
22289,65,65,0,0
22290,81,83,-2,2
22291,37,53,-16,16
22292,65,71,-6,6
22293,128,119,9,9
22294,55,81,-26,26
22295,55,69,-14,14
22296,131,115,16,16
22297,67,63,4,4
22298,138,134,4,4
22299,66,68,-2,2
22300,62,65,-3,3
22301,187,175,12,12
22302,127,114,13,13
22303,105,109,-4,4
22304,78,78,0,0
22305,94,92,2,2
22306,94,95,-1,1
22307,108,107,1,1
22308,135,126,9,9
22309,78,75,3,3
22310,87,91,-4,4
22311,59,61,-2,2
22312,134,141,-7,7
22313,89,87,2,2
22314,79,84,-5,5
22315,27,48,-21,21
22316,74,67,7,7
22317,56,63,-7,7
22318,121,124,-3,3
22319,88,93,-5,5
22320,145,146,-1,1
22321,99,99,0,0
22322,127,114,13,13
22323,85,85,0,0
22324,91,76,15,15
22325,184,181,3,3
22326,76,75,1,1
22327,86,88,-2,2
22328,88,83,5,5
22329,156,148,8,8
22330,106,108,-2,2
22331,102,94,8,8
22332,106,102,4,4
22333,87,86,1,1
22334,60,66,-6,6
22335,82,78,4,4
22336,112,105,7,7
22337,118,120,-2,2
22338,75,68,7,7
22339,94,98,-4,4
22340,57,67,-10,10
22341,96,94,2,2
22342,67,68,-1,1
22343,78,91,-13,13
22344,114,102,12,12
22345,70,69,1,1
22346,60,64,-4,4
22347,91,90,1,1
22348,86,79,7,7
22349,84,85,-1,1
22350,75,75,0,0
22351,133,138,-5,5
22352,193,171,22,22
22353,68,71,-3,3
22354,139,132,7,7
22355,57,77,-20,20
22356,110,112,-2,2
22357,83,95,-12,12
22358,159,133,26,26
22359,110,104,6,6
22360,150,132,18,18
22361,95,103,-8,8
22362,139,124,15,15
22363,72,67,5,5
22364,147,133,14,14
22365,89,83,6,6
22366,136,132,4,4
22367,47,48,-1,1
22368,158,153,5,5
22369,111,117,-6,6
22370,99,93,6,6
22371,112,107,5,5
22372,82,89,-7,7
22373,38,46,-8,8
22374,82,78,4,4
22375,80,83,-3,3
22376,119,107,12,12
22377,68,73,-5,5
22378,117,113,4,4
22379,76,75,1,1
22380,94,94,0,0
22381,68,72,-4,4
22382,49,51,-2,2
22383,59,62,-3,3
22384,135,137,-2,2
22385,111,112,-1,1
22386,102,95,7,7
22387,118,120,-2,2
22388,90,87,3,3
22389,62,67,-5,5
22390,104,99,5,5
22391,120,112,8,8
22392,105,105,0,0
22393,131,124,7,7
22394,103,112,-9,9
22395,117,112,5,5
22396,92,90,2,2
22397,70,73,-3,3
22398,108,111,-3,3
22399,71,71,0,0
22400,58,68,-10,10
22401,91,76,15,15
22402,98,93,5,5
22403,40,54,-14,14
22404,92,84,8,8
22405,100,101,-1,1
22406,138,142,-4,4
22407,132,117,15,15
22408,101,102,-1,1
22409,71,77,-6,6
22410,86,84,2,2
22411,107,102,5,5
22412,85,86,-1,1
22413,68,74,-6,6
22414,80,82,-2,2
22415,125,120,5,5
22416,99,91,8,8
22417,122,113,9,9
22418,190,166,24,24
22419,109,94,15,15
22420,83,73,10,10
22421,121,133,-12,12
22422,79,93,-14,14
22423,142,153,-11,11
22424,63,65,-2,2
22425,66,69,-3,3
22426,114,97,17,17
22427,80,77,3,3
22428,72,72,0,0
22429,190,175,15,15
22430,91,91,0,0
22431,152,138,14,14
22432,74,66,8,8
22433,88,92,-4,4
22434,181,180,1,1
22435,118,114,4,4
22436,131,124,7,7
22437,64,108,-44,44
22438,86,86,0,0
22439,74,86,-12,12
22440,79,79,0,0
22441,99,98,1,1
22442,169,159,10,10
22443,68,62,6,6
22444,79,77,2,2
22445,181,157,24,24
22446,119,109,10,10
22447,120,113,7,7
22448,67,76,-9,9
22449,67,77,-10,10
22450,76,74,2,2
22451,87,86,1,1
22452,91,99,-8,8
22453,161,147,14,14
22454,58,61,-3,3
22455,57,65,-8,8
22456,95,97,-2,2
22457,63,69,-6,6
22458,64,66,-2,2
22459,55,62,-7,7
22460,136,144,-8,8
22461,107,105,2,2
22462,83,91,-8,8
22463,52,64,-12,12
22464,127,135,-8,8
22465,90,94,-4,4
22466,141,130,11,11
22467,87,94,-7,7
22468,99,99,0,0
22469,67,68,-1,1
22470,79,82,-3,3
22471,102,101,1,1
22472,168,167,1,1
22473,154,148,6,6
22474,118,114,4,4
22475,68,78,-10,10
22476,109,106,3,3
22477,41,48,-7,7
22478,65,73,-8,8
22479,108,102,6,6
22480,26,43,-17,17
22481,99,107,-8,8
22482,137,134,3,3
22483,180,169,11,11
22484,223,176,47,47
22485,103,102,1,1
22486,91,92,-1,1
22487,120,108,12,12
22488,73,73,0,0
22489,69,77,-8,8
22490,76,86,-10,10
22491,73,66,7,7
22492,41,46,-5,5
22493,143,142,1,1
22494,121,133,-12,12
22495,97,107,-10,10
22496,86,95,-9,9
22497,80,85,-5,5
22498,105,112,-7,7
22499,111,97,14,14
22500,133,139,-6,6
22501,120,115,5,5
22502,156,162,-6,6
22503,100,108,-8,8
22504,41,50,-9,9
22505,94,100,-6,6
22506,59,60,-1,1
22507,71,72,-1,1
22508,68,71,-3,3
22509,102,94,8,8
22510,134,126,8,8
22511,60,57,3,3
22512,169,139,30,30
22513,80,82,-2,2
22514,126,145,-19,19
22515,146,132,14,14
22516,128,133,-5,5
22517,67,66,1,1
22518,92,99,-7,7
22519,72,75,-3,3
22520,79,81,-2,2
22521,102,96,6,6
22522,62,65,-3,3
22523,59,66,-7,7
22524,116,103,13,13
22525,96,95,1,1
22526,86,88,-2,2
22527,68,77,-9,9
22528,90,95,-5,5
22529,90,81,9,9
22530,141,132,9,9
22531,109,110,-1,1
22532,51,70,-19,19
22533,107,100,7,7
22534,130,124,6,6
22535,103,102,1,1
22536,49,63,-14,14
22537,106,96,10,10
22538,87,88,-1,1
22539,68,68,0,0
22540,88,90,-2,2
22541,79,85,-6,6
22542,104,98,6,6
22543,94,92,2,2
22544,123,113,10,10
22545,98,91,7,7
22546,123,119,4,4
22547,104,105,-1,1
22548,60,67,-7,7
22549,70,75,-5,5
22550,89,86,3,3
22551,122,112,10,10
22552,55,59,-4,4
22553,141,130,11,11
22554,80,80,0,0
22555,97,98,-1,1
22556,126,112,14,14
22557,73,77,-4,4
22558,63,74,-11,11
22559,151,134,17,17
22560,109,103,6,6
22561,161,153,8,8
22562,80,78,2,2
22563,126,112,14,14
22564,89,84,5,5
22565,95,89,6,6
22566,163,143,20,20
22567,121,111,10,10
22568,80,84,-4,4
22569,79,70,9,9
22570,94,90,4,4
22571,143,130,13,13
22572,95,92,3,3
22573,108,107,1,1
22574,94,98,-4,4
22575,102,98,4,4
22576,84,90,-6,6
22577,80,78,2,2
22578,135,125,10,10
22579,98,85,13,13
22580,113,117,-4,4
22581,85,112,-27,27
22582,97,95,2,2
22583,67,68,-1,1
22584,135,128,7,7
22585,31,38,-7,7
22586,154,145,9,9
22587,136,134,2,2
22588,35,47,-12,12
22589,145,134,11,11
22590,76,71,5,5
22591,89,96,-7,7
22592,84,93,-9,9
22593,82,96,-14,14
22594,76,75,1,1
22595,88,92,-4,4
22596,85,79,6,6
22597,109,114,-5,5
22598,165,155,10,10
22599,88,96,-8,8
22600,54,60,-6,6
22601,93,84,9,9
22602,66,70,-4,4
22603,75,79,-4,4
22604,55,59,-4,4
22605,72,77,-5,5
22606,113,109,4,4
22607,127,123,4,4
22608,53,53,0,0
22609,94,96,-2,2
22610,90,92,-2,2
22611,65,75,-10,10
22612,60,69,-9,9
22613,59,53,6,6
22614,107,101,6,6
22615,93,104,-11,11
22616,128,117,11,11
22617,55,60,-5,5
22618,93,94,-1,1
22619,79,76,3,3
22620,148,132,16,16
22621,129,125,4,4
22622,51,64,-13,13
22623,92,94,-2,2
22624,93,112,-19,19
22625,114,120,-6,6
22626,72,75,-3,3
22627,92,99,-7,7
22628,81,78,3,3
22629,69,78,-9,9
22630,93,89,4,4
22631,189,178,11,11
22632,71,74,-3,3
22633,87,87,0,0
22634,48,75,-27,27
22635,94,91,3,3
22636,116,132,-16,16
22637,62,71,-9,9
22638,240,212,28,28
22639,104,101,3,3
22640,80,90,-10,10
22641,66,61,5,5
22642,100,94,6,6
22643,133,127,6,6
22644,103,98,5,5
22645,137,139,-2,2
22646,165,149,16,16
22647,125,120,5,5
22648,86,82,4,4
22649,95,92,3,3
22650,103,113,-10,10
22651,140,119,21,21
22652,95,98,-3,3
22653,68,75,-7,7
22654,52,57,-5,5
22655,77,75,2,2
22656,121,112,9,9
22657,107,110,-3,3
22658,98,96,2,2
22659,100,95,5,5
22660,81,83,-2,2
22661,46,49,-3,3
22662,162,158,4,4
22663,136,129,7,7
22664,85,91,-6,6
22665,83,76,7,7
22666,135,120,15,15
22667,39,44,-5,5
22668,61,64,-3,3
22669,73,65,8,8
22670,87,77,10,10
22671,76,78,-2,2
22672,84,101,-17,17
22673,94,85,9,9
22674,163,163,0,0
22675,80,88,-8,8
22676,86,101,-15,15
22677,152,137,15,15
22678,100,108,-8,8
22679,75,73,2,2
22680,92,90,2,2
22681,84,82,2,2
22682,144,135,9,9
22683,69,69,0,0
22684,109,113,-4,4
22685,109,96,13,13
22686,88,74,14,14
22687,67,70,-3,3
22688,115,108,7,7
22689,125,128,-3,3
22690,95,98,-3,3
22691,87,86,1,1
22692,98,97,1,1
22693,83,96,-13,13
22694,101,101,0,0
22695,51,52,-1,1
22696,108,104,4,4
22697,136,134,2,2
22698,208,201,7,7
22699,121,115,6,6
22700,84,78,6,6
22701,86,83,3,3
22702,148,148,0,0
22703,110,114,-4,4
22704,117,113,4,4
22705,96,98,-2,2
22706,69,69,0,0
22707,137,131,6,6
22708,66,64,2,2
22709,89,75,14,14
22710,44,53,-9,9
22711,136,126,10,10
22712,128,113,15,15
22713,73,74,-1,1
22714,155,154,1,1
22715,89,74,15,15
22716,87,74,13,13
22717,147,136,11,11
22718,64,65,-1,1
22719,37,44,-7,7
22720,122,118,4,4
22721,44,50,-6,6
22722,126,124,2,2
22723,60,69,-9,9
22724,148,142,6,6
22725,134,129,5,5
22726,87,78,9,9
22727,135,139,-4,4
22728,90,91,-1,1
22729,60,60,0,0
22730,86,77,9,9
22731,150,149,1,1
22732,59,72,-13,13
22733,111,99,12,12
22734,54,59,-5,5
22735,158,135,23,23
22736,135,113,22,22
22737,32,42,-10,10
22738,63,64,-1,1
22739,117,98,19,19
22740,83,89,-6,6
22741,54,61,-7,7
22742,151,145,6,6
22743,64,67,-3,3
22744,44,52,-8,8
22745,138,130,8,8
22746,48,61,-13,13
22747,123,113,10,10
22748,97,100,-3,3
22749,59,62,-3,3
22750,96,97,-1,1
22751,19,33,-14,14
22752,112,112,0,0
22753,131,141,-10,10
22754,153,148,5,5
22755,100,101,-1,1
22756,183,170,13,13
22757,121,113,8,8
22758,129,124,5,5
22759,93,104,-11,11
22760,89,93,-4,4
22761,92,91,1,1
22762,81,104,-23,23
22763,133,125,8,8
22764,77,85,-8,8
22765,63,67,-4,4
22766,66,63,3,3
22767,74,81,-7,7
22768,150,149,1,1
22769,76,86,-10,10
22770,68,65,3,3
22771,73,71,2,2
22772,93,90,3,3
22773,90,78,12,12
22774,81,97,-16,16
22775,59,57,2,2
22776,160,138,22,22
22777,47,51,-4,4
22778,109,128,-19,19
22779,133,125,8,8
22780,114,118,-4,4
22781,89,79,10,10
22782,86,83,3,3
22783,95,83,12,12
22784,149,152,-3,3
22785,86,83,3,3
22786,112,110,2,2
22787,61,103,-42,42
22788,32,44,-12,12
22789,141,139,2,2
22790,106,100,6,6
22791,62,68,-6,6
22792,98,99,-1,1
22793,169,138,31,31
22794,75,90,-15,15
22795,113,109,4,4
22796,69,73,-4,4
22797,54,61,-7,7
22798,72,79,-7,7
22799,140,145,-5,5
22800,86,92,-6,6
22801,106,103,3,3
22802,81,79,2,2
22803,109,101,8,8
22804,120,104,16,16
22805,103,93,10,10
22806,201,169,32,32
22807,115,129,-14,14
22808,94,80,14,14
22809,110,119,-9,9
22810,90,91,-1,1
22811,117,109,8,8
22812,80,75,5,5
22813,136,129,7,7
22814,95,99,-4,4
22815,121,107,14,14
22816,38,46,-8,8
22817,100,91,9,9
22818,83,89,-6,6
22819,102,100,2,2
22820,100,97,3,3
22821,67,71,-4,4
22822,88,119,-31,31
22823,68,67,1,1
22824,145,141,4,4
22825,86,84,2,2
22826,107,98,9,9
22827,85,97,-12,12
22828,102,105,-3,3
22829,132,129,3,3
22830,61,64,-3,3
22831,70,66,4,4
22832,91,92,-1,1
22833,139,136,3,3
22834,51,55,-4,4
22835,39,45,-6,6
22836,100,88,12,12
22837,93,95,-2,2
22838,89,97,-8,8
22839,92,99,-7,7
22840,35,43,-8,8
22841,93,87,6,6
22842,64,67,-3,3
22843,62,58,4,4
22844,102,87,15,15
22845,101,99,2,2
22846,93,92,1,1
22847,63,66,-3,3
22848,88,88,0,0
22849,80,84,-4,4
22850,134,101,33,33
22851,77,77,0,0
22852,73,75,-2,2
22853,57,63,-6,6
22854,118,91,27,27
22855,134,134,0,0
22856,127,125,2,2
22857,88,88,0,0
22858,91,88,3,3
22859,110,109,1,1
22860,46,51,-5,5
22861,105,103,2,2
22862,103,111,-8,8
22863,108,99,9,9
22864,93,100,-7,7
22865,75,80,-5,5
22866,131,127,4,4
22867,130,130,0,0
22868,89,90,-1,1
22869,49,101,-52,52
22870,120,118,2,2
22871,151,156,-5,5
22872,92,90,2,2
22873,77,85,-8,8
22874,126,129,-3,3
22875,100,100,0,0
22876,54,60,-6,6
22877,110,100,10,10
22878,133,130,3,3
22879,119,122,-3,3
22880,126,114,12,12
22881,42,48,-6,6
22882,63,66,-3,3
22883,170,167,3,3
22884,68,82,-14,14
22885,114,109,5,5
22886,115,105,10,10
22887,64,71,-7,7
22888,90,91,-1,1
22889,126,112,14,14
22890,72,88,-16,16
22891,116,130,-14,14
22892,151,152,-1,1
22893,98,84,14,14
22894,135,126,9,9
22895,132,115,17,17
22896,166,149,17,17
22897,109,105,4,4
22898,73,70,3,3
22899,43,49,-6,6
22900,60,63,-3,3
22901,95,99,-4,4
22902,185,165,20,20
22903,116,113,3,3
22904,120,117,3,3
22905,117,111,6,6
22906,80,88,-8,8
22907,54,60,-6,6
22908,94,95,-1,1
22909,104,108,-4,4
22910,167,171,-4,4
22911,183,173,10,10
22912,125,128,-3,3
22913,67,68,-1,1
22914,127,112,15,15
22915,108,104,4,4
22916,110,107,3,3
22917,72,72,0,0
22918,76,77,-1,1
22919,60,62,-2,2
22920,127,113,14,14
22921,60,60,0,0
22922,117,112,5,5
22923,62,65,-3,3
22924,98,91,7,7
22925,64,66,-2,2
22926,90,86,4,4
22927,155,144,11,11
22928,69,69,0,0
22929,91,87,4,4
22930,91,85,6,6
22931,97,92,5,5
22932,116,107,9,9
22933,100,101,-1,1
22934,81,82,-1,1
22935,77,77,0,0
22936,46,48,-2,2
22937,86,99,-13,13
22938,98,93,5,5
22939,128,102,26,26
22940,53,57,-4,4
22941,86,86,0,0
22942,106,107,-1,1
22943,118,112,6,6
22944,132,132,0,0
22945,179,175,4,4
22946,72,70,2,2
22947,57,60,-3,3
22948,159,149,10,10
22949,56,65,-9,9
22950,90,100,-10,10
22951,84,87,-3,3
22952,120,123,-3,3
22953,99,90,9,9
22954,121,112,9,9
22955,96,99,-3,3
22956,46,59,-13,13
22957,84,94,-10,10
22958,79,80,-1,1
22959,165,153,12,12
22960,72,76,-4,4
22961,75,76,-1,1
22962,116,115,1,1
22963,117,121,-4,4
22964,95,90,5,5
22965,138,139,-1,1
22966,64,68,-4,4
22967,70,74,-4,4
22968,51,56,-5,5
22969,74,84,-10,10
22970,105,102,3,3
22971,137,134,3,3
22972,93,90,3,3
22973,72,78,-6,6
22974,83,78,5,5
22975,113,104,9,9
22976,97,95,2,2
22977,76,76,0,0
22978,65,64,1,1
22979,159,146,13,13
22980,72,72,0,0
22981,127,115,12,12
22982,94,92,2,2
22983,83,85,-2,2
22984,84,90,-6,6
22985,60,66,-6,6
22986,100,103,-3,3
22987,108,106,2,2
22988,118,113,5,5
22989,76,78,-2,2
22990,87,79,8,8
22991,50,56,-6,6
22992,38,47,-9,9
22993,146,128,18,18
22994,114,108,6,6
22995,52,56,-4,4
22996,84,89,-5,5
22997,122,127,-5,5
22998,102,98,4,4
22999,181,164,17,17
23000,98,91,7,7
23001,39,49,-10,10
23002,84,71,13,13
23003,145,113,32,32
23004,124,124,0,0
23005,110,115,-5,5
23006,57,63,-6,6
23007,88,81,7,7
23008,64,66,-2,2
23009,195,179,16,16
23010,131,133,-2,2
23011,124,121,3,3
23012,79,98,-19,19
23013,66,67,-1,1
23014,100,106,-6,6
23015,82,78,4,4
23016,81,86,-5,5
23017,85,83,2,2
23018,192,186,6,6
23019,112,113,-1,1
23020,166,153,13,13
23021,101,98,3,3
23022,82,74,8,8
23023,89,76,13,13
23024,94,88,6,6
23025,79,90,-11,11
23026,108,113,-5,5
23027,117,110,7,7
23028,123,114,9,9
23029,81,80,1,1
23030,87,83,4,4
23031,66,68,-2,2
23032,35,44,-9,9
23033,102,94,8,8
23034,145,129,16,16
23035,62,64,-2,2
23036,121,112,9,9
23037,69,71,-2,2
23038,142,129,13,13
23039,74,68,6,6
23040,92,88,4,4
23041,63,62,1,1
23042,71,75,-4,4
23043,148,130,18,18
23044,72,80,-8,8
23045,75,75,0,0
23046,118,119,-1,1
23047,103,108,-5,5
23048,136,120,16,16
23049,126,128,-2,2
23050,93,99,-6,6
23051,101,101,0,0
23052,133,123,10,10
23053,83,90,-7,7
23054,91,93,-2,2
23055,52,54,-2,2
23056,100,99,1,1
23057,88,88,0,0
23058,80,88,-8,8
23059,83,93,-10,10
23060,90,88,2,2
23061,69,97,-28,28
23062,85,78,7,7
23063,107,97,10,10
23064,103,96,7,7
23065,60,65,-5,5
23066,152,149,3,3
23067,40,47,-7,7
23068,87,82,5,5
23069,78,74,4,4
23070,145,142,3,3
23071,47,54,-7,7
23072,139,121,18,18
23073,94,90,4,4
23074,138,147,-9,9
23075,115,100,15,15
23076,94,96,-2,2
23077,106,104,2,2
23078,85,78,7,7
23079,82,78,4,4
23080,61,62,-1,1
23081,160,149,11,11
23082,157,155,2,2
23083,87,93,-6,6
23084,135,119,16,16
23085,120,112,8,8
23086,104,100,4,4
23087,165,142,23,23
23088,88,90,-2,2
23089,67,73,-6,6
23090,87,80,7,7
23091,66,73,-7,7
23092,74,72,2,2
23093,76,78,-2,2
23094,62,67,-5,5
23095,79,79,0,0
23096,91,91,0,0
23097,70,66,4,4
23098,148,134,14,14
23099,135,121,14,14
23100,74,84,-10,10
23101,78,77,1,1
23102,93,97,-4,4
23103,124,118,6,6
23104,129,132,-3,3
23105,98,93,5,5
23106,72,70,2,2
23107,53,61,-8,8
23108,138,130,8,8
23109,184,157,27,27
23110,85,87,-2,2
23111,82,78,4,4
23112,105,112,-7,7
23113,99,95,4,4
23114,65,71,-6,6
23115,73,70,3,3
23116,66,65,1,1
23117,102,101,1,1
23118,85,77,8,8
23119,188,184,4,4
23120,81,213,-132,132
23121,124,117,7,7
23122,59,64,-5,5
23123,108,104,4,4
23124,92,98,-6,6
23125,100,97,3,3
23126,105,102,3,3
23127,93,94,-1,1
23128,155,147,8,8
23129,71,69,2,2
23130,65,59,6,6
23131,94,91,3,3
23132,122,125,-3,3
23133,70,72,-2,2
23134,65,68,-3,3
23135,160,149,11,11
23136,115,114,1,1
23137,134,131,3,3
23138,101,102,-1,1
23139,105,101,4,4
23140,93,97,-4,4
23141,94,87,7,7
23142,82,78,4,4
23143,90,88,2,2
23144,78,70,8,8
23145,145,137,8,8
23146,120,115,5,5
23147,94,97,-3,3
23148,95,87,8,8
23149,115,130,-15,15
23150,49,51,-2,2
23151,134,133,1,1
23152,88,82,6,6
23153,82,87,-5,5
23154,67,66,1,1
23155,71,66,5,5
23156,56,70,-14,14
23157,88,85,3,3
23158,34,44,-10,10
23159,62,76,-14,14
23160,82,86,-4,4
23161,111,117,-6,6
23162,48,53,-5,5
23163,102,104,-2,2
23164,143,131,12,12
23165,47,54,-7,7
23166,76,74,2,2
23167,119,117,2,2
23168,64,64,0,0
23169,72,69,3,3
23170,141,135,6,6
23171,64,60,4,4
23172,127,112,15,15
23173,72,74,-2,2
23174,111,107,4,4
23175,104,87,17,17
23176,77,83,-6,6
23177,133,138,-5,5
23178,113,108,5,5
23179,110,110,0,0
23180,89,87,2,2
23181,125,125,0,0
23182,127,112,15,15
23183,68,64,4,4
23184,99,104,-5,5
23185,86,94,-8,8
23186,111,110,1,1
23187,118,106,12,12
23188,74,76,-2,2
23189,132,118,14,14
23190,99,92,7,7
23191,139,137,2,2
23192,107,106,1,1
23193,70,77,-7,7
23194,77,71,6,6
23195,101,105,-4,4
23196,103,103,0,0
23197,86,90,-4,4
23198,104,93,11,11
23199,100,104,-4,4
23200,150,139,11,11
23201,69,68,1,1
23202,129,123,6,6
23203,162,157,5,5
23204,111,119,-8,8
23205,133,127,6,6
23206,87,85,2,2
23207,74,83,-9,9
23208,95,101,-6,6
23209,110,120,-10,10
23210,124,122,2,2
23211,155,143,12,12
23212,74,66,8,8
23213,80,75,5,5
23214,90,87,3,3
23215,100,100,0,0
23216,112,99,13,13
23217,81,71,10,10
23218,73,78,-5,5
23219,122,119,3,3
23220,130,122,8,8
23221,129,121,8,8
23222,123,114,9,9
23223,84,87,-3,3
23224,63,67,-4,4
23225,144,130,14,14
23226,91,155,-64,64
23227,66,74,-8,8
23228,95,93,2,2
23229,129,125,4,4
23230,75,75,0,0
23231,152,173,-21,21
23232,119,99,20,20
23233,107,110,-3,3
23234,184,170,14,14
23235,84,88,-4,4
23236,123,118,5,5
23237,167,144,23,23
23238,59,58,1,1
23239,68,75,-7,7
23240,119,107,12,12
23241,77,68,9,9
23242,70,81,-11,11
23243,79,75,4,4
23244,114,114,0,0
23245,75,76,-1,1
23246,64,60,4,4
23247,127,113,14,14
23248,52,59,-7,7
23249,67,62,5,5
23250,73,77,-4,4
23251,85,78,7,7
23252,63,69,-6,6
23253,88,79,9,9
23254,89,102,-13,13
23255,133,112,21,21
23256,82,84,-2,2
23257,115,104,11,11
23258,97,101,-4,4
23259,81,94,-13,13
23260,102,95,7,7
23261,68,62,6,6
23262,64,63,1,1
23263,70,72,-2,2
23264,73,78,-5,5
23265,59,69,-10,10
23266,136,131,5,5
23267,103,107,-4,4
23268,137,118,19,19
23269,73,76,-3,3
23270,83,85,-2,2
23271,95,88,7,7
23272,138,122,16,16
23273,86,78,8,8
23274,66,88,-22,22
23275,134,161,-27,27
23276,116,110,6,6
23277,70,70,0,0
23278,118,113,5,5
23279,131,121,10,10
23280,40,65,-25,25
23281,82,81,1,1
23282,78,75,3,3
23283,97,88,9,9
23284,89,97,-8,8
23285,133,123,10,10
23286,76,72,4,4
23287,152,131,21,21
23288,92,90,2,2
23289,62,65,-3,3
23290,179,151,28,28
23291,127,113,14,14
23292,115,110,5,5
23293,54,69,-15,15
23294,136,117,19,19
23295,76,85,-9,9
23296,62,68,-6,6
23297,78,78,0,0
23298,182,162,20,20
23299,67,68,-1,1
23300,110,97,13,13
23301,92,84,8,8
23302,150,133,17,17
23303,122,125,-3,3
23304,62,70,-8,8
23305,109,101,8,8
23306,123,113,10,10
23307,107,108,-1,1
23308,50,61,-11,11
23309,62,67,-5,5
23310,115,112,3,3
23311,41,50,-9,9
23312,106,103,3,3
23313,58,60,-2,2
23314,67,66,1,1
23315,64,62,2,2
23316,71,93,-22,22
23317,83,88,-5,5
23318,157,170,-13,13
23319,90,93,-3,3
23320,100,110,-10,10
23321,92,98,-6,6
23322,87,99,-12,12
23323,76,91,-15,15
23324,101,105,-4,4
23325,56,54,2,2
23326,65,69,-4,4
23327,70,73,-3,3
23328,57,61,-4,4
23329,112,137,-25,25
23330,50,70,-20,20
23331,47,61,-14,14
23332,140,151,-11,11
23333,51,54,-3,3
23334,61,73,-12,12
23335,78,78,0,0
23336,70,67,3,3
23337,98,90,8,8
23338,152,137,15,15
23339,99,102,-3,3
23340,93,99,-6,6
23341,90,89,1,1
23342,51,57,-6,6
23343,94,88,6,6
23344,82,88,-6,6
23345,137,135,2,2
23346,85,90,-5,5
23347,131,137,-6,6
23348,110,101,9,9
23349,70,68,2,2
23350,99,107,-8,8
23351,146,132,14,14
23352,37,46,-9,9
23353,94,89,5,5
23354,124,121,3,3
23355,91,105,-14,14
23356,85,88,-3,3
23357,58,65,-7,7
23358,78,87,-9,9
23359,62,67,-5,5
23360,51,57,-6,6
23361,85,91,-6,6
23362,64,68,-4,4
23363,108,114,-6,6
23364,89,94,-5,5
23365,120,115,5,5
23366,131,115,16,16
23367,50,57,-7,7
23368,109,105,4,4
23369,82,80,2,2
23370,115,106,9,9
23371,121,115,6,6
23372,193,177,16,16
23373,66,71,-5,5
23374,125,114,11,11
23375,64,68,-4,4
23376,105,98,7,7
23377,47,56,-9,9
23378,57,72,-15,15
23379,105,97,8,8
23380,124,124,0,0
23381,90,99,-9,9
23382,126,112,14,14
23383,89,98,-9,9
23384,122,113,9,9
23385,116,114,2,2
23386,80,73,7,7
23387,92,88,4,4
23388,62,87,-25,25
23389,144,142,2,2
23390,45,57,-12,12
23391,139,134,5,5
23392,117,111,6,6
23393,99,101,-2,2
23394,98,97,1,1
23395,87,91,-4,4
23396,171,143,28,28
23397,127,105,22,22
23398,114,109,5,5
23399,100,102,-2,2
23400,71,81,-10,10
23401,143,124,19,19
23402,84,80,4,4
23403,89,86,3,3
23404,85,82,3,3
23405,69,70,-1,1
23406,145,152,-7,7
23407,115,114,1,1
23408,116,117,-1,1
23409,114,113,1,1
23410,58,57,1,1
23411,79,76,3,3
23412,73,74,-1,1
23413,114,121,-7,7
23414,140,140,0,0
23415,92,100,-8,8
23416,111,112,-1,1
23417,131,133,-2,2
23418,76,78,-2,2
23419,94,98,-4,4
23420,91,99,-8,8
23421,76,74,2,2
23422,115,105,10,10
23423,65,65,0,0
23424,113,116,-3,3
23425,85,94,-9,9
23426,214,213,1,1
23427,211,192,19,19
23428,41,49,-8,8
23429,78,77,1,1
23430,161,153,8,8
23431,79,73,6,6
23432,51,61,-10,10
23433,103,108,-5,5
23434,73,78,-5,5
23435,55,64,-9,9
23436,136,113,23,23
23437,131,133,-2,2
23438,77,79,-2,2
23439,80,76,4,4
23440,110,108,2,2
23441,54,58,-4,4
23442,111,113,-2,2
23443,84,85,-1,1
23444,70,68,2,2
23445,70,68,2,2
23446,106,100,6,6
23447,97,99,-2,2
23448,100,95,5,5
23449,135,132,3,3
23450,86,85,1,1
23451,42,44,-2,2
23452,132,136,-4,4
23453,73,73,0,0
23454,125,123,2,2
23455,83,86,-3,3
23456,125,122,3,3
23457,120,114,6,6
23458,110,105,5,5
23459,197,174,23,23
23460,111,104,7,7
23461,86,95,-9,9
23462,76,72,4,4
23463,150,138,12,12
23464,115,113,2,2
23465,89,98,-9,9
23466,176,165,11,11
23467,64,72,-8,8
23468,120,112,8,8
23469,121,113,8,8
23470,64,76,-12,12
23471,49,67,-18,18
23472,70,66,4,4
23473,112,106,6,6
23474,89,94,-5,5
23475,107,105,2,2
23476,155,151,4,4
23477,73,78,-5,5
23478,129,131,-2,2
23479,161,146,15,15
23480,89,90,-1,1
23481,113,107,6,6
23482,99,92,7,7
23483,127,123,4,4
23484,115,112,3,3
23485,78,77,1,1
23486,155,158,-3,3
23487,54,56,-2,2
23488,89,89,0,0
23489,115,109,6,6
23490,82,83,-1,1
23491,165,155,10,10
23492,90,87,3,3
23493,87,90,-3,3
23494,115,107,8,8
23495,70,73,-3,3
23496,85,77,8,8
23497,101,99,2,2
23498,118,128,-10,10
23499,135,112,23,23
23500,74,74,0,0
23501,108,113,-5,5
23502,134,130,4,4
23503,109,105,4,4
23504,77,77,0,0
23505,71,68,3,3
23506,78,73,5,5
23507,125,108,17,17
23508,90,89,1,1
23509,47,47,0,0
23510,89,78,11,11
23511,102,96,6,6
23512,94,94,0,0
23513,137,134,3,3
23514,110,100,10,10
23515,100,101,-1,1
23516,125,112,13,13
23517,57,95,-38,38
23518,120,117,3,3
23519,149,133,16,16
23520,69,77,-8,8
23521,91,97,-6,6
23522,69,70,-1,1
23523,143,131,12,12
23524,112,102,10,10
23525,108,98,10,10
23526,83,93,-10,10
23527,102,105,-3,3
23528,55,57,-2,2
23529,101,98,3,3
23530,39,46,-7,7
23531,173,170,3,3
23532,98,94,4,4
23533,136,129,7,7
23534,62,66,-4,4
23535,188,155,33,33
23536,98,99,-1,1
23537,132,122,10,10
23538,89,100,-11,11
23539,106,108,-2,2
23540,101,106,-5,5
23541,150,133,17,17
23542,194,173,21,21
23543,108,111,-3,3
23544,78,90,-12,12
23545,70,70,0,0
23546,93,101,-8,8
23547,65,74,-9,9
23548,113,103,10,10
23549,129,120,9,9
23550,94,96,-2,2
23551,108,102,6,6
23552,90,94,-4,4
23553,68,71,-3,3
23554,98,102,-4,4
23555,96,112,-16,16
23556,85,96,-11,11
23557,137,137,0,0
23558,112,112,0,0
23559,168,153,15,15
23560,87,96,-9,9
23561,134,124,10,10
23562,75,82,-7,7
23563,135,125,10,10
23564,81,82,-1,1
23565,96,106,-10,10
23566,91,98,-7,7
23567,104,93,11,11
23568,105,98,7,7
23569,56,58,-2,2
23570,111,105,6,6
23571,56,69,-13,13
23572,62,64,-2,2
23573,103,101,2,2
23574,144,145,-1,1
23575,101,98,3,3
23576,79,76,3,3
23577,102,95,7,7
23578,121,122,-1,1
23579,140,132,8,8
23580,135,131,4,4
23581,80,76,4,4
23582,51,61,-10,10
23583,152,130,22,22
23584,94,95,-1,1
23585,52,51,1,1
23586,78,84,-6,6
23587,82,83,-1,1
23588,75,72,3,3
23589,117,114,3,3
23590,136,130,6,6
23591,92,91,1,1
23592,55,53,2,2
23593,126,114,12,12
23594,55,63,-8,8
23595,43,48,-5,5
23596,83,91,-8,8
23597,116,126,-10,10
23598,113,112,1,1
23599,60,65,-5,5
23600,100,103,-3,3
23601,100,106,-6,6
23602,113,110,3,3
23603,123,140,-17,17
23604,69,72,-3,3
23605,113,128,-15,15
23606,71,76,-5,5
23607,132,122,10,10
23608,151,143,8,8
23609,57,59,-2,2
23610,105,104,1,1
23611,188,177,11,11
23612,79,76,3,3
23613,151,144,7,7
23614,137,137,0,0
23615,42,47,-5,5
23616,144,138,6,6
23617,41,52,-11,11
23618,82,84,-2,2
23619,91,88,3,3
23620,65,71,-6,6
23621,65,66,-1,1
23622,103,103,0,0
23623,116,113,3,3
23624,149,146,3,3
23625,202,179,23,23
23626,61,63,-2,2
23627,78,82,-4,4
23628,154,139,15,15
23629,87,90,-3,3
23630,93,89,4,4
23631,134,134,0,0
23632,116,119,-3,3
23633,124,127,-3,3
23634,148,141,7,7
23635,140,139,1,1
23636,69,67,2,2
23637,107,106,1,1
23638,99,95,4,4
23639,137,126,11,11
23640,165,140,25,25
23641,102,95,7,7
23642,116,111,5,5
23643,95,77,18,18
23644,86,105,-19,19
23645,88,97,-9,9
23646,108,105,3,3
23647,153,151,2,2
23648,69,69,0,0
23649,76,75,1,1
23650,103,100,3,3
23651,79,91,-12,12
23652,129,113,16,16
23653,87,86,1,1
23654,67,70,-3,3
23655,81,83,-2,2
23656,118,114,4,4
23657,69,66,3,3
23658,63,70,-7,7
23659,77,75,2,2
23660,113,109,4,4
23661,143,137,6,6
23662,57,62,-5,5
23663,86,88,-2,2
23664,36,60,-24,24
23665,128,109,19,19
23666,111,107,4,4
23667,68,73,-5,5
23668,60,70,-10,10
23669,90,91,-1,1
23670,99,97,2,2
23671,80,77,3,3
23672,79,89,-10,10
23673,84,91,-7,7
23674,77,70,7,7
23675,132,128,4,4
23676,94,69,25,25
23677,95,99,-4,4
23678,67,69,-2,2
23679,134,121,13,13
23680,148,142,6,6
23681,92,92,0,0
23682,85,74,11,11
23683,69,78,-9,9
23684,107,113,-6,6
23685,113,129,-16,16
23686,49,54,-5,5
23687,31,41,-10,10
23688,72,78,-6,6
23689,135,131,4,4
23690,126,116,10,10
23691,67,70,-3,3
23692,70,79,-9,9
23693,64,66,-2,2
23694,70,91,-21,21
23695,88,84,4,4
23696,66,72,-6,6
23697,80,92,-12,12
23698,82,96,-14,14
23699,85,89,-4,4
23700,128,125,3,3
23701,116,113,3,3
23702,74,68,6,6
23703,107,103,4,4
23704,74,74,0,0
23705,133,115,18,18
23706,91,88,3,3
23707,100,99,1,1
23708,90,83,7,7
23709,41,51,-10,10
23710,117,112,5,5
23711,91,95,-4,4
23712,108,119,-11,11
23713,61,64,-3,3
23714,201,184,17,17
23715,112,107,5,5
23716,62,62,0,0
23717,70,71,-1,1
23718,79,79,0,0
23719,85,79,6,6
23720,138,126,12,12
23721,132,126,6,6
23722,46,58,-12,12
23723,172,166,6,6
23724,120,110,10,10
23725,120,112,8,8
23726,96,102,-6,6
23727,108,100,8,8
23728,125,128,-3,3
23729,72,79,-7,7
23730,110,99,11,11
23731,51,64,-13,13
23732,127,122,5,5
23733,109,108,1,1
23734,70,71,-1,1
23735,91,90,1,1
23736,53,67,-14,14
23737,195,184,11,11
23738,63,69,-6,6
23739,97,101,-4,4
23740,109,102,7,7
23741,116,116,0,0
23742,52,63,-11,11
23743,66,76,-10,10
23744,70,68,2,2
23745,143,138,5,5
23746,61,107,-46,46
23747,105,97,8,8
23748,58,61,-3,3
23749,141,137,4,4
23750,64,64,0,0
23751,126,121,5,5
23752,154,147,7,7
23753,103,96,7,7
23754,54,59,-5,5
23755,100,101,-1,1
23756,99,102,-3,3
23757,84,89,-5,5
23758,67,70,-3,3
23759,51,64,-13,13
23760,118,123,-5,5
23761,139,122,17,17
23762,83,84,-1,1
23763,127,125,2,2
23764,98,94,4,4
23765,86,85,1,1
23766,53,58,-5,5
23767,111,116,-5,5
23768,82,85,-3,3
23769,101,94,7,7
23770,79,78,1,1
23771,82,91,-9,9
23772,101,91,10,10
23773,172,148,24,24
23774,49,62,-13,13
23775,144,130,14,14
23776,79,77,2,2
23777,71,76,-5,5
23778,109,110,-1,1
23779,97,92,5,5
23780,134,125,9,9
23781,139,152,-13,13
23782,103,98,5,5
23783,104,99,5,5
23784,45,57,-12,12
23785,124,130,-6,6
23786,77,84,-7,7
23787,92,95,-3,3
23788,54,58,-4,4
23789,96,98,-2,2
23790,77,70,7,7
23791,99,93,6,6
23792,46,50,-4,4
23793,128,127,1,1
23794,114,122,-8,8
23795,183,167,16,16
23796,74,78,-4,4
23797,152,135,17,17
23798,95,87,8,8
23799,84,74,10,10
23800,103,100,3,3
23801,118,111,7,7
23802,82,97,-15,15
23803,161,162,-1,1
23804,93,88,5,5
23805,91,84,7,7
23806,106,100,6,6
23807,91,87,4,4
23808,52,59,-7,7
23809,89,89,0,0
23810,80,84,-4,4
23811,112,118,-6,6
23812,69,66,3,3
23813,68,67,1,1
23814,219,208,11,11
23815,89,95,-6,6
23816,127,122,5,5
23817,84,96,-12,12
23818,85,81,4,4
23819,28,55,-27,27
23820,141,128,13,13
23821,92,96,-4,4
23822,130,118,12,12
23823,59,66,-7,7
23824,143,130,13,13
23825,145,130,15,15
23826,73,76,-3,3
23827,177,171,6,6
23828,169,149,20,20
23829,54,56,-2,2
23830,128,112,16,16
23831,52,60,-8,8
23832,129,125,4,4
23833,99,97,2,2
23834,119,104,15,15
23835,75,80,-5,5
23836,119,110,9,9
23837,103,97,6,6
23838,130,129,1,1
23839,119,112,7,7
23840,100,95,5,5
23841,159,163,-4,4
23842,75,69,6,6
23843,86,90,-4,4
23844,123,120,3,3
23845,74,77,-3,3
23846,50,63,-13,13
23847,57,54,3,3
23848,50,58,-8,8
23849,71,77,-6,6
23850,96,90,6,6
23851,76,70,6,6
23852,130,122,8,8
23853,62,73,-11,11
23854,92,95,-3,3
23855,98,105,-7,7
23856,67,63,4,4
23857,231,218,13,13
23858,68,61,7,7
23859,59,59,0,0
23860,82,72,10,10
23861,67,71,-4,4
23862,88,81,7,7
23863,138,118,20,20
23864,81,73,8,8
23865,117,113,4,4
23866,67,72,-5,5
23867,57,64,-7,7
23868,53,57,-4,4
23869,87,88,-1,1
23870,123,125,-2,2
23871,128,120,8,8
23872,80,84,-4,4
23873,95,93,2,2
23874,105,108,-3,3
23875,92,95,-3,3
23876,97,93,4,4
23877,96,100,-4,4
23878,114,103,11,11
23879,57,64,-7,7
23880,174,156,18,18
23881,98,95,3,3
23882,96,91,5,5
23883,34,58,-24,24
23884,53,57,-4,4
23885,70,72,-2,2
23886,100,105,-5,5
23887,112,113,-1,1
23888,86,91,-5,5
23889,106,99,7,7
23890,75,78,-3,3
23891,97,112,-15,15
23892,93,99,-6,6
23893,105,81,24,24
23894,108,104,4,4
23895,137,135,2,2
23896,99,104,-5,5
23897,71,71,0,0
23898,157,146,11,11
23899,111,108,3,3
23900,102,94,8,8
23901,144,131,13,13
23902,86,85,1,1
23903,63,76,-13,13
23904,97,88,9,9
23905,30,44,-14,14
23906,77,77,0,0
23907,111,103,8,8
23908,77,74,3,3
23909,41,46,-5,5
23910,82,90,-8,8
23911,144,131,13,13
23912,117,112,5,5
23913,94,88,6,6
23914,58,61,-3,3
23915,101,98,3,3
23916,105,98,7,7
23917,99,109,-10,10
23918,88,84,4,4
23919,69,78,-9,9
23920,67,63,4,4
23921,51,63,-12,12
23922,120,113,7,7
23923,60,64,-4,4
23924,90,88,2,2
23925,81,78,3,3
23926,163,169,-6,6
23927,142,130,12,12
23928,65,68,-3,3
23929,156,148,8,8
23930,52,54,-2,2
23931,74,69,5,5
23932,115,113,2,2
23933,126,131,-5,5
23934,48,50,-2,2
23935,129,129,0,0
23936,160,145,15,15
23937,110,115,-5,5
23938,121,125,-4,4
23939,97,93,4,4
23940,110,132,-22,22
23941,135,130,5,5
23942,153,147,6,6
23943,103,126,-23,23
23944,103,99,4,4
23945,119,111,8,8
23946,76,84,-8,8
23947,195,196,-1,1
23948,57,63,-6,6
23949,59,70,-11,11
23950,146,142,4,4
23951,91,83,8,8
23952,101,98,3,3
23953,240,201,39,39
23954,88,93,-5,5
23955,83,74,9,9
23956,77,79,-2,2
23957,82,91,-9,9
23958,82,94,-12,12
23959,119,110,9,9
23960,106,100,6,6
23961,101,110,-9,9
23962,78,81,-3,3
23963,82,78,4,4
23964,82,85,-3,3
23965,126,113,13,13
23966,87,97,-10,10
23967,96,96,0,0
23968,68,70,-2,2
23969,100,93,7,7
23970,71,77,-6,6
23971,91,101,-10,10
23972,118,114,4,4
23973,93,96,-3,3
23974,87,90,-3,3
23975,75,83,-8,8
23976,64,64,0,0
23977,94,91,3,3
23978,45,54,-9,9
23979,97,89,8,8
23980,115,107,8,8
23981,84,77,7,7
23982,139,125,14,14
23983,155,158,-3,3
23984,65,67,-2,2
23985,72,76,-4,4
23986,65,73,-8,8
23987,45,51,-6,6
23988,92,98,-6,6
23989,148,134,14,14
23990,163,141,22,22
23991,80,75,5,5
23992,131,119,12,12
23993,74,76,-2,2
23994,62,66,-4,4
23995,65,65,0,0
23996,110,96,14,14
23997,119,89,30,30
23998,110,103,7,7
23999,89,95,-6,6
24000,104,111,-7,7
24001,110,113,-3,3
24002,83,77,6,6
24003,134,125,9,9
24004,110,113,-3,3
24005,74,82,-8,8
24006,152,146,6,6
24007,103,102,1,1
24008,47,54,-7,7
24009,104,98,6,6
24010,59,64,-5,5
24011,76,69,7,7
24012,82,84,-2,2
24013,100,100,0,0
24014,127,122,5,5
24015,70,66,4,4
24016,71,76,-5,5
24017,83,96,-13,13
24018,80,78,2,2
24019,102,104,-2,2
24020,70,79,-9,9
24021,89,85,4,4
24022,75,76,-1,1
24023,104,101,3,3
24024,84,72,12,12
24025,56,62,-6,6
24026,55,65,-10,10
24027,141,151,-10,10
24028,82,84,-2,2
24029,182,163,19,19
24030,154,152,2,2
24031,86,90,-4,4
24032,78,78,0,0
24033,91,94,-3,3
24034,115,117,-2,2
24035,112,118,-6,6
24036,98,113,-15,15
24037,83,78,5,5
24038,58,63,-5,5
24039,72,72,0,0
24040,46,59,-13,13
24041,54,59,-5,5
24042,99,98,1,1
24043,100,126,-26,26
24044,114,113,1,1
24045,56,55,1,1
24046,49,57,-8,8
24047,63,60,3,3
24048,63,63,0,0
24049,72,74,-2,2
24050,97,96,1,1
24051,59,66,-7,7
24052,123,126,-3,3
24053,109,112,-3,3
24054,108,102,6,6
24055,95,102,-7,7
24056,94,90,4,4
24057,59,67,-8,8
24058,80,87,-7,7
24059,140,136,4,4
24060,102,104,-2,2
24061,65,73,-8,8
24062,117,112,5,5
24063,63,60,3,3
24064,77,86,-9,9
24065,137,98,39,39
24066,114,113,1,1
24067,78,69,9,9
24068,45,53,-8,8
24069,84,91,-7,7
24070,96,112,-16,16
24071,62,68,-6,6
24072,67,75,-8,8
24073,178,151,27,27
24074,78,87,-9,9
24075,112,107,5,5
24076,99,83,16,16
24077,94,99,-5,5
24078,86,76,10,10
24079,116,110,6,6
24080,64,62,2,2
24081,51,54,-3,3
24082,176,143,33,33
24083,120,110,10,10
24084,121,101,20,20
24085,84,85,-1,1
24086,108,104,4,4
24087,97,96,1,1
24088,91,95,-4,4
24089,117,116,1,1
24090,102,96,6,6
24091,53,55,-2,2
24092,82,80,2,2
24093,63,68,-5,5
24094,50,93,-43,43
24095,121,112,9,9
24096,33,52,-19,19
24097,75,75,0,0
24098,98,101,-3,3
24099,95,90,5,5
24100,94,93,1,1
24101,43,51,-8,8
24102,88,99,-11,11
24103,72,74,-2,2
24104,118,109,9,9
24105,76,83,-7,7
24106,58,62,-4,4
24107,104,89,15,15
24108,115,110,5,5
24109,63,60,3,3
24110,105,109,-4,4
24111,59,61,-2,2
24112,58,60,-2,2
24113,146,133,13,13
24114,82,88,-6,6
24115,114,118,-4,4
24116,95,89,6,6
24117,46,57,-11,11
24118,122,112,10,10
24119,78,78,0,0
24120,97,93,4,4
24121,111,110,1,1
24122,161,143,18,18
24123,157,150,7,7
24124,90,99,-9,9
24125,69,70,-1,1
24126,78,75,3,3
24127,111,104,7,7
24128,56,53,3,3
24129,83,73,10,10
24130,186,172,14,14
24131,76,84,-8,8
24132,76,79,-3,3
24133,136,132,4,4
24134,87,88,-1,1
24135,87,81,6,6
24136,72,51,21,21
24137,64,73,-9,9
24138,162,155,7,7
24139,59,65,-6,6
24140,77,72,5,5
24141,58,61,-3,3
24142,65,64,1,1
24143,103,94,9,9
24144,74,74,0,0
24145,83,71,12,12
24146,62,65,-3,3
24147,115,101,14,14
24148,88,93,-5,5
24149,79,85,-6,6
24150,102,99,3,3
24151,76,74,2,2
24152,72,73,-1,1
24153,127,128,-1,1
24154,57,63,-6,6
24155,123,121,2,2
24156,108,102,6,6
24157,179,156,23,23
24158,56,82,-26,26
24159,129,132,-3,3
24160,76,82,-6,6
24161,160,136,24,24
24162,108,100,8,8
24163,65,67,-2,2
24164,80,76,4,4
24165,68,84,-16,16
24166,125,147,-22,22
24167,55,60,-5,5
24168,101,106,-5,5
24169,102,98,4,4
24170,151,152,-1,1
24171,98,120,-22,22
24172,72,81,-9,9
24173,124,120,4,4
24174,113,104,9,9
24175,84,74,10,10
24176,51,62,-11,11
24177,73,74,-1,1
24178,58,53,5,5
24179,103,101,2,2
24180,89,77,12,12
24181,103,107,-4,4
24182,122,119,3,3
24183,62,67,-5,5
24184,152,138,14,14
24185,49,55,-6,6
24186,76,77,-1,1
24187,107,102,5,5
24188,63,78,-15,15
24189,132,129,3,3
24190,167,112,55,55
24191,105,100,5,5
24192,160,153,7,7
24193,86,86,0,0
24194,105,99,6,6
24195,88,92,-4,4
24196,102,99,3,3
24197,102,113,-11,11
24198,101,112,-11,11
24199,48,58,-10,10
24200,131,132,-1,1
24201,45,46,-1,1
24202,100,99,1,1
24203,77,74,3,3
24204,131,134,-3,3
24205,106,104,2,2
24206,115,109,6,6
24207,140,128,12,12
24208,111,115,-4,4
24209,100,102,-2,2
24210,55,61,-6,6
24211,80,75,5,5
24212,98,102,-4,4
24213,61,59,2,2
24214,106,98,8,8
24215,91,93,-2,2
24216,96,93,3,3
24217,88,84,4,4
24218,79,84,-5,5
24219,108,119,-11,11
24220,108,112,-4,4
24221,137,120,17,17
24222,110,111,-1,1
24223,67,70,-3,3
24224,81,77,4,4
24225,74,77,-3,3
24226,95,103,-8,8
24227,36,39,-3,3
24228,96,96,0,0
24229,80,87,-7,7
24230,86,80,6,6
24231,145,151,-6,6
24232,163,160,3,3
24233,57,56,1,1
24234,91,99,-8,8
24235,100,104,-4,4
24236,55,55,0,0
24237,118,112,6,6
24238,183,173,10,10
24239,79,84,-5,5
24240,82,71,11,11
24241,107,105,2,2
24242,47,53,-6,6
24243,103,106,-3,3
24244,78,77,1,1
24245,114,115,-1,1
24246,127,119,8,8
24247,65,73,-8,8
24248,149,158,-9,9
24249,72,72,0,0
24250,75,76,-1,1
24251,99,98,1,1
24252,91,86,5,5
24253,50,63,-13,13
24254,116,112,4,4
24255,150,132,18,18
24256,136,140,-4,4
24257,145,111,34,34
24258,64,69,-5,5
24259,81,79,2,2
24260,76,71,5,5
24261,91,81,10,10
24262,64,61,3,3
24263,52,58,-6,6
24264,85,88,-3,3
24265,93,95,-2,2
24266,80,90,-10,10
24267,84,90,-6,6
24268,71,71,0,0
24269,73,70,3,3
24270,54,62,-8,8
24271,87,79,8,8
24272,88,95,-7,7
24273,50,60,-10,10
24274,122,115,7,7
24275,98,99,-1,1
24276,82,75,7,7
24277,173,158,15,15
24278,78,76,2,2
24279,106,100,6,6
24280,103,111,-8,8
24281,78,75,3,3
24282,57,63,-6,6
24283,125,130,-5,5
24284,103,112,-9,9
24285,100,98,2,2
24286,78,82,-4,4
24287,122,110,12,12
24288,122,128,-6,6
24289,135,126,9,9
24290,110,97,13,13
24291,174,153,21,21
24292,54,58,-4,4
24293,43,48,-5,5
24294,82,78,4,4
24295,91,82,9,9
24296,104,94,10,10
24297,148,135,13,13
24298,30,38,-8,8
24299,115,105,10,10
24300,122,113,9,9
24301,126,116,10,10
24302,68,74,-6,6
24303,119,99,20,20
24304,124,129,-5,5
24305,81,72,9,9
24306,74,70,4,4
24307,75,75,0,0
24308,57,68,-11,11
24309,92,69,23,23
24310,79,76,3,3
24311,118,123,-5,5
24312,62,68,-6,6
24313,86,78,8,8
24314,57,53,4,4
24315,93,105,-12,12
24316,111,100,11,11
24317,77,76,1,1
24318,66,75,-9,9
24319,142,107,35,35
24320,117,102,15,15
24321,48,54,-6,6
24322,195,171,24,24
24323,100,101,-1,1
24324,103,81,22,22
24325,59,71,-12,12
24326,76,74,2,2
24327,108,111,-3,3
24328,127,126,1,1
24329,91,83,8,8
24330,67,73,-6,6
24331,157,146,11,11
24332,120,129,-9,9
24333,79,79,0,0
24334,95,96,-1,1
24335,103,105,-2,2
24336,126,121,5,5
24337,73,98,-25,25
24338,53,63,-10,10
24339,126,126,0,0
24340,78,75,3,3
24341,128,127,1,1
24342,51,59,-8,8
24343,76,74,2,2
24344,130,129,1,1
24345,87,91,-4,4
24346,76,82,-6,6
24347,71,69,2,2
24348,115,111,4,4
24349,119,114,5,5
24350,75,73,2,2
24351,75,81,-6,6
24352,93,90,3,3
24353,128,133,-5,5
24354,127,151,-24,24
24355,94,95,-1,1
24356,133,118,15,15
24357,53,50,3,3
24358,146,129,17,17
24359,117,124,-7,7
24360,74,73,1,1
24361,126,120,6,6
24362,41,54,-13,13
24363,143,140,3,3
24364,90,89,1,1
24365,73,78,-5,5
24366,156,146,10,10
24367,72,72,0,0
24368,59,60,-1,1
24369,27,29,-2,2
24370,93,96,-3,3
24371,87,91,-4,4
24372,44,56,-12,12
24373,182,178,4,4
24374,90,92,-2,2
24375,170,148,22,22
24376,128,124,4,4
24377,102,103,-1,1
24378,99,96,3,3
24379,106,100,6,6
24380,86,84,2,2
24381,127,114,13,13
24382,99,87,12,12
24383,101,102,-1,1
24384,155,138,17,17
24385,184,157,27,27
24386,98,97,1,1
24387,95,97,-2,2
24388,108,131,-23,23
24389,103,107,-4,4
24390,147,141,6,6
24391,100,93,7,7
24392,76,99,-23,23
24393,308,220,88,88
24394,71,59,12,12
24395,80,86,-6,6
24396,88,81,7,7
24397,92,103,-11,11
24398,105,111,-6,6
24399,63,73,-10,10
24400,89,92,-3,3
24401,77,90,-13,13
24402,94,95,-1,1
24403,72,87,-15,15
24404,65,65,0,0
24405,132,122,10,10
24406,90,88,2,2
24407,83,82,1,1
24408,35,74,-39,39
24409,163,156,7,7
24410,73,72,1,1
24411,117,115,2,2
24412,87,85,2,2
24413,70,75,-5,5
24414,189,172,17,17
24415,81,76,5,5
24416,59,70,-11,11
24417,110,117,-7,7
24418,103,108,-5,5
24419,89,92,-3,3
24420,90,79,11,11
24421,475,509,-34,34
24422,66,64,2,2
24423,97,100,-3,3
24424,89,81,8,8
24425,106,102,4,4
24426,81,79,2,2
24427,143,141,2,2
24428,113,111,2,2
24429,83,88,-5,5
24430,276,226,50,50
24431,88,87,1,1
24432,91,96,-5,5
24433,179,153,26,26
24434,175,127,48,48
24435,86,87,-1,1
24436,60,65,-5,5
24437,86,89,-3,3
24438,104,100,4,4
24439,144,137,7,7
24440,93,91,2,2
24441,98,98,0,0
24442,59,68,-9,9
24443,112,145,-33,33
24444,98,106,-8,8
24445,60,66,-6,6
24446,72,68,4,4
24447,42,53,-11,11
24448,57,59,-2,2
24449,138,124,14,14
24450,99,97,2,2
24451,134,132,2,2
24452,96,84,12,12
24453,101,107,-6,6
24454,88,98,-10,10
24455,79,87,-8,8
24456,61,58,3,3
24457,77,68,9,9
24458,119,119,0,0
24459,124,115,9,9
24460,77,84,-7,7
24461,81,84,-3,3
24462,70,70,0,0
24463,120,130,-10,10
24464,90,98,-8,8
24465,88,95,-7,7
24466,49,53,-4,4
24467,70,70,0,0
24468,90,87,3,3
24469,70,67,3,3
24470,119,105,14,14
24471,99,97,2,2
24472,79,87,-8,8
24473,112,108,4,4
24474,63,67,-4,4
24475,40,51,-11,11
24476,145,135,10,10
24477,82,78,4,4
24478,87,87,0,0
24479,75,73,2,2
24480,71,71,0,0
24481,84,78,6,6
24482,85,80,5,5
24483,101,95,6,6
24484,111,99,12,12
24485,90,94,-4,4
24486,63,67,-4,4
24487,174,172,2,2
24488,106,101,5,5
24489,64,70,-6,6
24490,33,42,-9,9
24491,100,112,-12,12
24492,185,155,30,30
24493,68,71,-3,3
24494,29,37,-8,8
24495,45,54,-9,9
24496,58,63,-5,5
24497,120,107,13,13
24498,124,111,13,13
24499,70,69,1,1
24500,104,110,-6,6
24501,101,97,4,4
24502,92,93,-1,1
24503,81,75,6,6
24504,59,64,-5,5
24505,84,86,-2,2
24506,67,70,-3,3
24507,105,99,6,6
24508,81,82,-1,1
24509,56,63,-7,7
24510,115,115,0,0
24511,117,112,5,5
24512,95,91,4,4
24513,134,123,11,11
24514,89,94,-5,5
24515,136,130,6,6
24516,100,98,2,2
24517,95,106,-11,11
24518,73,76,-3,3
24519,58,69,-11,11
24520,157,142,15,15
24521,77,77,0,0
24522,54,51,3,3
24523,90,102,-12,12
24524,85,92,-7,7
24525,71,69,2,2
24526,73,74,-1,1
24527,87,82,5,5
24528,57,63,-6,6
24529,64,66,-2,2
24530,72,73,-1,1
24531,184,157,27,27
24532,152,118,34,34
24533,88,91,-3,3
24534,90,86,4,4
24535,96,104,-8,8
24536,117,100,17,17
24537,65,66,-1,1
24538,101,93,8,8
24539,130,126,4,4
24540,189,164,25,25
24541,80,85,-5,5
24542,72,72,0,0
24543,99,102,-3,3
24544,131,124,7,7
24545,120,128,-8,8
24546,64,68,-4,4
24547,59,53,6,6
24548,69,72,-3,3
24549,44,58,-14,14
24550,85,96,-11,11
24551,51,68,-17,17
24552,70,77,-7,7
24553,61,71,-10,10
24554,110,123,-13,13
24555,69,74,-5,5
24556,56,60,-4,4
24557,125,137,-12,12
24558,91,85,6,6
24559,53,65,-12,12
24560,91,91,0,0
24561,42,51,-9,9
24562,85,90,-5,5
24563,33,42,-9,9
24564,94,85,9,9
24565,143,133,10,10
24566,72,66,6,6
24567,85,84,1,1
24568,132,132,0,0
24569,103,99,4,4
24570,131,111,20,20
24571,72,76,-4,4
24572,109,109,0,0
24573,104,101,3,3
24574,128,121,7,7
24575,147,139,8,8
24576,90,89,1,1
24577,44,56,-12,12
24578,84,86,-2,2
24579,129,131,-2,2
24580,76,91,-15,15
24581,82,93,-11,11
24582,155,127,28,28
24583,141,128,13,13
24584,110,113,-3,3
24585,117,119,-2,2
24586,112,113,-1,1
24587,109,112,-3,3
24588,63,56,7,7
24589,68,69,-1,1
24590,140,128,12,12
24591,42,53,-11,11
24592,97,106,-9,9
24593,73,70,3,3
24594,49,49,0,0
24595,163,135,28,28
24596,116,113,3,3
24597,98,111,-13,13
24598,97,97,0,0
24599,76,77,-1,1
24600,84,83,1,1
24601,52,50,2,2
24602,134,128,6,6
24603,62,61,1,1
24604,123,120,3,3
24605,55,57,-2,2
24606,80,86,-6,6
24607,77,78,-1,1
24608,121,125,-4,4
24609,45,57,-12,12
24610,66,69,-3,3
24611,59,58,1,1
24612,45,57,-12,12
24613,63,65,-2,2
24614,65,77,-12,12
24615,95,93,2,2
24616,84,78,6,6
24617,110,124,-14,14
24618,83,87,-4,4
24619,133,113,20,20
24620,111,109,2,2
24621,69,72,-3,3
24622,43,47,-4,4
24623,97,102,-5,5
24624,78,91,-13,13
24625,75,76,-1,1
24626,130,118,12,12
24627,73,73,0,0
24628,156,156,0,0
24629,110,97,13,13
24630,132,127,5,5
24631,108,111,-3,3
24632,97,99,-2,2
24633,139,129,10,10
24634,88,86,2,2
24635,136,121,15,15
24636,115,107,8,8
24637,141,130,11,11
24638,125,120,5,5
24639,114,111,3,3
24640,127,117,10,10
24641,87,90,-3,3
24642,126,123,3,3
24643,83,94,-11,11
24644,68,66,2,2
24645,100,96,4,4
24646,67,72,-5,5
24647,79,69,10,10
24648,123,113,10,10
24649,49,54,-5,5
24650,73,81,-8,8
24651,105,98,7,7
24652,86,86,0,0
24653,78,85,-7,7
24654,97,90,7,7
24655,95,101,-6,6
24656,46,55,-9,9
24657,105,113,-8,8
24658,157,144,13,13
24659,97,111,-14,14
24660,130,119,11,11
24661,114,125,-11,11
24662,56,65,-9,9
24663,37,46,-9,9
24664,133,129,4,4
24665,80,99,-19,19
24666,56,60,-4,4
24667,64,67,-3,3
24668,78,81,-3,3
24669,96,90,6,6
24670,90,85,5,5
24671,126,116,10,10
24672,85,89,-4,4
24673,60,58,2,2
24674,92,89,3,3
24675,105,104,1,1
24676,92,93,-1,1
24677,85,83,2,2
24678,187,161,26,26
24679,108,114,-6,6
24680,64,62,2,2
24681,99,95,4,4
24682,92,94,-2,2
24683,111,111,0,0
24684,83,76,7,7
24685,92,86,6,6
24686,68,64,4,4
24687,158,136,22,22
24688,54,57,-3,3
24689,86,79,7,7
24690,94,93,1,1
24691,102,98,4,4
24692,55,59,-4,4
24693,52,64,-12,12
24694,69,75,-6,6
24695,97,95,2,2
24696,59,67,-8,8
24697,86,87,-1,1
24698,104,107,-3,3
24699,119,124,-5,5
24700,124,108,16,16
24701,99,100,-1,1
24702,94,92,2,2
24703,129,128,1,1
24704,134,118,16,16
24705,58,67,-9,9
24706,131,115,16,16
24707,100,92,8,8
24708,97,89,8,8
24709,75,70,5,5
24710,133,128,5,5
24711,87,79,8,8
24712,76,76,0,0
24713,55,59,-4,4
24714,167,161,6,6
24715,108,114,-6,6
24716,64,65,-1,1
24717,56,69,-13,13
24718,49,63,-14,14
24719,55,53,2,2
24720,80,98,-18,18
24721,55,58,-3,3
24722,169,155,14,14
24723,156,145,11,11
24724,102,97,5,5
24725,94,93,1,1
24726,92,94,-2,2
24727,116,128,-12,12
24728,120,119,1,1
24729,107,107,0,0
24730,113,109,4,4
24731,75,78,-3,3
24732,67,64,3,3
24733,98,91,7,7
24734,193,169,24,24
24735,165,161,4,4
24736,92,84,8,8
24737,53,56,-3,3
24738,82,93,-11,11
24739,113,119,-6,6
24740,89,97,-8,8
24741,93,87,6,6
24742,94,94,0,0
24743,87,83,4,4
24744,145,127,18,18
24745,142,127,15,15
24746,115,112,3,3
24747,82,91,-9,9
24748,87,92,-5,5
24749,74,72,2,2
24750,61,58,3,3
24751,125,118,7,7
24752,74,75,-1,1
24753,129,123,6,6
24754,88,81,7,7
24755,93,93,0,0
24756,83,85,-2,2
24757,123,113,10,10
24758,103,98,5,5
24759,136,134,2,2
24760,88,87,1,1
24761,94,90,4,4
24762,71,77,-6,6
24763,80,84,-4,4
24764,73,74,-1,1
24765,90,85,5,5
24766,81,79,2,2
24767,85,94,-9,9
24768,48,58,-10,10
24769,122,129,-7,7
24770,120,114,6,6
24771,100,100,0,0
24772,123,114,9,9
24773,154,135,19,19
24774,49,60,-11,11
24775,110,96,14,14
24776,90,93,-3,3
24777,103,97,6,6
24778,69,77,-8,8
24779,113,108,5,5
24780,102,101,1,1
24781,80,105,-25,25
24782,45,53,-8,8
24783,154,145,9,9
24784,116,102,14,14
24785,125,115,10,10
24786,182,161,21,21
24787,68,67,1,1
24788,82,73,9,9
24789,78,80,-2,2
24790,60,75,-15,15
24791,119,112,7,7
24792,76,77,-1,1
24793,102,99,3,3
24794,94,112,-18,18
24795,76,82,-6,6
24796,52,56,-4,4
24797,82,72,10,10
24798,117,116,1,1
24799,110,100,10,10
24800,165,146,19,19
24801,79,73,6,6
24802,132,122,10,10
24803,118,111,7,7
24804,95,91,4,4
24805,74,77,-3,3
24806,52,66,-14,14
24807,104,106,-2,2
24808,103,125,-22,22
24809,119,114,5,5
24810,99,101,-2,2
24811,141,128,13,13
24812,62,61,1,1
24813,95,96,-1,1
24814,115,112,3,3
24815,97,109,-12,12
24816,46,60,-14,14
24817,122,127,-5,5
24818,121,122,-1,1
24819,102,104,-2,2
24820,148,139,9,9
24821,71,68,3,3
24822,114,97,17,17
24823,126,113,13,13
24824,84,85,-1,1
24825,83,84,-1,1
24826,101,90,11,11
24827,98,96,2,2
24828,121,112,9,9
24829,84,94,-10,10
24830,56,66,-10,10
24831,90,79,11,11
24832,85,77,8,8
24833,87,84,3,3
24834,113,114,-1,1
24835,140,135,5,5
24836,116,115,1,1
24837,120,125,-5,5
24838,82,79,3,3
24839,150,134,16,16
24840,89,85,4,4
24841,72,70,2,2
24842,106,105,1,1
24843,66,74,-8,8
24844,67,69,-2,2
24845,78,75,3,3
24846,118,111,7,7
24847,83,99,-16,16
24848,133,134,-1,1
24849,127,124,3,3
24850,178,159,19,19
24851,70,69,1,1
24852,50,55,-5,5
24853,121,112,9,9
24854,127,121,6,6
24855,62,58,4,4
24856,74,75,-1,1
24857,79,81,-2,2
24858,95,94,1,1
24859,103,107,-4,4
24860,113,103,10,10
24861,58,75,-17,17
24862,162,125,37,37
24863,43,50,-7,7
24864,73,72,1,1
24865,60,63,-3,3
24866,134,125,9,9
24867,66,70,-4,4
24868,42,61,-19,19
24869,89,84,5,5
24870,82,73,9,9
24871,133,128,5,5
24872,28,39,-11,11
24873,120,103,17,17
24874,60,62,-2,2
24875,59,69,-10,10
24876,54,58,-4,4
24877,81,85,-4,4
24878,102,100,2,2
24879,47,56,-9,9
24880,90,77,13,13
24881,123,112,11,11
24882,83,84,-1,1
24883,92,103,-11,11
24884,105,100,5,5
24885,108,95,13,13
24886,114,120,-6,6
24887,57,64,-7,7
24888,67,69,-2,2
24889,85,93,-8,8
24890,68,71,-3,3
24891,55,57,-2,2
24892,93,90,3,3
24893,61,68,-7,7
24894,61,62,-1,1
24895,87,90,-3,3
24896,85,84,1,1
24897,88,90,-2,2
24898,57,57,0,0
24899,65,68,-3,3
24900,58,64,-6,6
24901,118,112,6,6
24902,94,97,-3,3
24903,164,152,12,12
24904,74,77,-3,3
24905,106,152,-46,46
24906,97,112,-15,15
24907,117,112,5,5
24908,123,119,4,4
24909,72,83,-11,11
24910,73,71,2,2
24911,105,143,-38,38
24912,53,59,-6,6
24913,63,67,-4,4
24914,85,80,5,5
24915,136,143,-7,7
24916,113,103,10,10
24917,92,103,-11,11
24918,97,99,-2,2
24919,95,105,-10,10
24920,106,100,6,6
24921,167,150,17,17
24922,121,129,-8,8
24923,42,47,-5,5
24924,80,88,-8,8
24925,48,59,-11,11
24926,116,111,5,5
24927,117,113,4,4
24928,67,66,1,1
24929,69,69,0,0
24930,114,104,10,10
24931,134,121,13,13
24932,91,85,6,6
24933,88,85,3,3
24934,130,126,4,4
24935,187,175,12,12
24936,99,101,-2,2
24937,95,104,-9,9
24938,151,142,9,9
24939,97,96,1,1
24940,66,68,-2,2
24941,39,44,-5,5
24942,114,112,2,2
24943,124,113,11,11
24944,109,107,2,2
24945,92,108,-16,16
24946,50,57,-7,7
24947,139,123,16,16
24948,116,113,3,3
24949,79,79,0,0
24950,69,84,-15,15
24951,95,99,-4,4
24952,112,112,0,0
24953,57,68,-11,11
24954,57,64,-7,7
24955,112,119,-7,7
24956,77,80,-3,3
24957,79,87,-8,8
24958,115,111,4,4
24959,52,63,-11,11
24960,121,103,18,18
24961,93,93,0,0
24962,51,50,1,1
24963,71,74,-3,3
24964,126,126,0,0
24965,149,135,14,14
24966,91,106,-15,15
24967,142,139,3,3
24968,55,67,-12,12
24969,110,111,-1,1
24970,197,194,3,3
24971,85,86,-1,1
24972,115,112,3,3
24973,111,103,8,8
24974,136,126,10,10
24975,57,64,-7,7
24976,100,90,10,10
24977,121,114,7,7
24978,105,98,7,7
24979,145,147,-2,2
24980,93,94,-1,1
24981,104,102,2,2
24982,104,98,6,6
24983,89,85,4,4
24984,82,83,-1,1
24985,137,119,18,18
24986,112,99,13,13
24987,99,92,7,7
24988,94,97,-3,3
24989,140,124,16,16
24990,75,82,-7,7
24991,114,116,-2,2
24992,71,71,0,0
24993,155,132,23,23
24994,71,72,-1,1
24995,61,62,-1,1
24996,84,96,-12,12
24997,75,74,1,1
24998,128,136,-8,8
24999,247,244,3,3
25000,101,103,-2,2
25001,113,101,12,12
25002,116,111,5,5
25003,112,109,3,3
25004,83,90,-7,7
25005,52,60,-8,8
25006,73,64,9,9
25007,43,58,-15,15
25008,96,97,-1,1
25009,49,60,-11,11
25010,57,66,-9,9
25011,104,120,-16,16
25012,86,81,5,5
25013,66,69,-3,3
25014,69,77,-8,8
25015,92,96,-4,4
25016,120,118,2,2
25017,124,124,0,0
25018,109,102,7,7
25019,90,101,-11,11
25020,88,87,1,1
25021,60,63,-3,3
25022,100,104,-4,4
25023,171,202,-31,31
25024,55,62,-7,7
25025,143,136,7,7
25026,104,100,4,4
25027,120,118,2,2
25028,132,121,11,11
25029,142,140,2,2
25030,68,68,0,0
25031,74,69,5,5
25032,107,100,7,7
25033,82,79,3,3
25034,48,51,-3,3
25035,83,79,4,4
25036,66,68,-2,2
25037,90,90,0,0
25038,114,113,1,1
25039,123,106,17,17
25040,140,125,15,15
25041,71,65,6,6
25042,112,103,9,9
25043,175,174,1,1
25044,148,128,20,20
25045,87,83,4,4
25046,156,149,7,7
25047,44,48,-4,4
25048,105,104,1,1
25049,120,124,-4,4
25050,65,67,-2,2
25051,120,118,2,2
25052,69,69,0,0
25053,91,99,-8,8
25054,135,114,21,21
25055,133,132,1,1
25056,81,84,-3,3
25057,74,67,7,7
25058,144,141,3,3
25059,146,138,8,8
25060,95,87,8,8
25061,223,183,40,40
25062,126,106,20,20
25063,49,55,-6,6
25064,102,100,2,2
25065,116,109,7,7
25066,60,64,-4,4
25067,154,136,18,18
25068,134,115,19,19
25069,100,98,2,2
25070,76,70,6,6
25071,74,71,3,3
25072,77,68,9,9
25073,88,90,-2,2
25074,76,85,-9,9
25075,81,81,0,0
25076,165,150,15,15
25077,108,108,0,0
25078,53,37,16,16
25079,59,66,-7,7
25080,85,103,-18,18
25081,98,94,4,4
25082,58,63,-5,5
25083,105,106,-1,1
25084,148,137,11,11
25085,159,138,21,21
25086,163,160,3,3
25087,102,98,4,4
25088,71,79,-8,8
25089,156,143,13,13
25090,97,93,4,4
25091,97,90,7,7
25092,72,71,1,1
25093,83,104,-21,21
25094,81,68,13,13
25095,103,99,4,4
25096,95,96,-1,1
25097,82,95,-13,13
25098,121,114,7,7
25099,78,85,-7,7
25100,98,94,4,4
25101,145,141,4,4
25102,122,114,8,8
25103,123,112,11,11
25104,76,74,2,2
25105,195,171,24,24
25106,48,46,2,2
25107,59,71,-12,12
25108,73,73,0,0
25109,73,77,-4,4
25110,63,60,3,3
25111,178,152,26,26
25112,69,68,1,1
25113,96,96,0,0
25114,67,69,-2,2
25115,46,49,-3,3
25116,88,90,-2,2
25117,47,56,-9,9
25118,45,50,-5,5
25119,47,48,-1,1
25120,123,118,5,5
25121,124,120,4,4
25122,167,153,14,14
25123,136,125,11,11
25124,72,76,-4,4
25125,109,107,2,2
25126,74,76,-2,2
25127,80,73,7,7
25128,126,125,1,1
25129,119,112,7,7
25130,60,67,-7,7
25131,98,100,-2,2
25132,128,113,15,15
25133,96,90,6,6
25134,109,105,4,4
25135,135,128,7,7
25136,86,79,7,7
25137,125,122,3,3
25138,71,79,-8,8
25139,137,132,5,5
25140,86,91,-5,5
25141,150,152,-2,2
25142,83,94,-11,11
25143,57,60,-3,3
25144,87,89,-2,2
25145,58,70,-12,12
25146,74,83,-9,9
25147,168,140,28,28
25148,145,132,13,13
25149,65,69,-4,4
25150,76,78,-2,2
25151,114,112,2,2
25152,151,149,2,2
25153,146,159,-13,13
25154,65,69,-4,4
25155,77,86,-9,9
25156,165,146,19,19
25157,89,109,-20,20
25158,107,103,4,4
25159,96,112,-16,16
25160,115,115,0,0
25161,74,70,4,4
25162,160,149,11,11
25163,82,85,-3,3
25164,80,76,4,4
25165,94,100,-6,6
25166,97,99,-2,2
25167,48,69,-21,21
25168,79,71,8,8
25169,16,34,-18,18
25170,100,100,0,0
25171,51,71,-20,20
25172,86,83,3,3
25173,108,111,-3,3
25174,46,48,-2,2
25175,55,56,-1,1
25176,112,124,-12,12
25177,84,84,0,0
25178,100,99,1,1
25179,150,138,12,12
25180,138,129,9,9
25181,92,86,6,6
25182,66,69,-3,3
25183,103,101,2,2
25184,96,97,-1,1
25185,148,146,2,2
25186,81,84,-3,3
25187,45,68,-23,23
25188,126,120,6,6
25189,168,160,8,8
25190,76,78,-2,2
25191,134,138,-4,4
25192,83,87,-4,4
25193,118,112,6,6
25194,117,105,12,12
25195,100,107,-7,7
25196,96,101,-5,5
25197,122,113,9,9
25198,76,84,-8,8
25199,96,108,-12,12
25200,103,97,6,6
25201,70,71,-1,1
25202,209,178,31,31
25203,75,75,0,0
25204,54,70,-16,16
25205,111,111,0,0
25206,70,68,2,2
25207,100,103,-3,3
25208,108,100,8,8
25209,56,65,-9,9
25210,172,173,-1,1
25211,67,70,-3,3
25212,118,102,16,16
25213,47,56,-9,9
25214,69,71,-2,2
25215,85,92,-7,7
25216,63,62,1,1
25217,267,217,50,50
25218,101,100,1,1
25219,126,116,10,10
25220,99,100,-1,1
25221,124,129,-5,5
25222,145,126,19,19
25223,83,79,4,4
25224,96,91,5,5
25225,149,157,-8,8
25226,65,67,-2,2
25227,83,78,5,5
25228,51,55,-4,4
25229,73,87,-14,14
25230,164,149,15,15
25231,76,79,-3,3
25232,86,84,2,2
25233,128,115,13,13
25234,126,112,14,14
25235,75,73,2,2
25236,85,88,-3,3
25237,59,60,-1,1
25238,80,74,6,6
25239,115,106,9,9
25240,96,90,6,6
25241,57,65,-8,8
25242,78,73,5,5
25243,92,86,6,6
25244,114,112,2,2
25245,97,86,11,11
25246,67,68,-1,1
25247,68,95,-27,27
25248,88,86,2,2
25249,58,62,-4,4
25250,86,93,-7,7
25251,81,76,5,5
25252,80,84,-4,4
25253,107,110,-3,3
25254,65,68,-3,3
25255,77,73,4,4
25256,30,48,-18,18
25257,81,82,-1,1
25258,91,100,-9,9
25259,62,71,-9,9
25260,78,89,-11,11
25261,103,100,3,3
25262,113,105,8,8
25263,121,115,6,6
25264,75,74,1,1
25265,113,113,0,0
25266,52,62,-10,10
25267,93,100,-7,7
25268,51,62,-11,11
25269,128,112,16,16
25270,86,77,9,9
25271,107,106,1,1
25272,105,105,0,0
25273,195,173,22,22
25274,64,61,3,3
25275,56,74,-18,18
25276,38,64,-26,26
25277,111,128,-17,17
25278,72,75,-3,3
25279,103,101,2,2
25280,93,93,0,0
25281,90,97,-7,7
25282,64,74,-10,10
25283,142,128,14,14
25284,96,94,2,2
25285,85,87,-2,2
25286,99,99,0,0
25287,52,55,-3,3
25288,117,134,-17,17
25289,76,77,-1,1
25290,80,74,6,6
25291,99,86,13,13
25292,103,97,6,6
25293,60,68,-8,8
25294,96,97,-1,1
25295,112,105,7,7
25296,77,70,7,7
25297,126,112,14,14
25298,125,120,5,5
25299,132,132,0,0
25300,79,85,-6,6
25301,106,105,1,1
25302,35,49,-14,14
25303,85,77,8,8
25304,63,61,2,2
25305,65,74,-9,9
25306,23,58,-35,35
25307,73,76,-3,3
25308,103,104,-1,1
25309,79,76,3,3
25310,81,87,-6,6
25311,54,55,-1,1
25312,77,78,-1,1
25313,90,87,3,3
25314,92,93,-1,1
25315,54,63,-9,9
25316,101,103,-2,2
25317,102,94,8,8
25318,77,85,-8,8
25319,113,125,-12,12
25320,166,150,16,16
25321,74,78,-4,4
25322,116,114,2,2
25323,127,132,-5,5
25324,89,84,5,5
25325,101,100,1,1
25326,103,104,-1,1
25327,127,121,6,6
25328,83,78,5,5
25329,123,124,-1,1
25330,118,123,-5,5
25331,160,151,9,9
25332,79,81,-2,2
25333,76,69,7,7
25334,51,53,-2,2
25335,110,112,-2,2
25336,112,126,-14,14
25337,73,71,2,2
25338,90,85,5,5
25339,87,90,-3,3
25340,97,98,-1,1
25341,51,54,-3,3
25342,175,164,11,11
25343,51,60,-9,9
25344,96,96,0,0
25345,96,83,13,13
25346,87,92,-5,5
25347,98,95,3,3
25348,195,172,23,23
25349,74,70,4,4
25350,111,102,9,9
25351,62,63,-1,1
25352,62,69,-7,7
25353,50,57,-7,7
25354,77,78,-1,1
25355,68,61,7,7
25356,72,79,-7,7
25357,82,74,8,8
25358,69,72,-3,3
25359,133,128,5,5
25360,57,60,-3,3
25361,87,100,-13,13
25362,86,78,8,8
25363,53,83,-30,30
25364,111,128,-17,17
25365,85,93,-8,8
25366,68,70,-2,2
25367,82,89,-7,7
25368,125,112,13,13
25369,127,113,14,14
25370,46,86,-40,40
25371,125,125,0,0
25372,133,122,11,11
25373,84,90,-6,6
25374,70,71,-1,1
25375,130,116,14,14
25376,86,89,-3,3
25377,161,152,9,9
25378,100,121,-21,21
25379,107,107,0,0
25380,89,94,-5,5
25381,62,55,7,7
25382,75,78,-3,3
25383,82,87,-5,5
25384,104,107,-3,3
25385,83,98,-15,15
25386,109,103,6,6
25387,57,54,3,3
25388,125,124,1,1
25389,87,77,10,10
25390,201,165,36,36
25391,75,78,-3,3
25392,80,79,1,1
25393,143,151,-8,8
25394,120,116,4,4
25395,146,143,3,3
25396,70,67,3,3
25397,93,92,1,1
25398,110,112,-2,2
25399,43,53,-10,10
25400,97,92,5,5
25401,70,66,4,4
25402,85,83,2,2
25403,91,99,-8,8
25404,85,89,-4,4
25405,120,113,7,7
25406,70,74,-4,4
25407,61,69,-8,8
25408,67,71,-4,4
25409,156,143,13,13
25410,45,47,-2,2
25411,121,125,-4,4
25412,93,105,-12,12
25413,111,115,-4,4
25414,72,82,-10,10
25415,44,51,-7,7
25416,140,145,-5,5
25417,52,61,-9,9
25418,70,71,-1,1
25419,117,118,-1,1
25420,60,63,-3,3
25421,73,87,-14,14
25422,107,100,7,7
25423,90,92,-2,2
25424,59,69,-10,10
25425,102,104,-2,2
25426,73,75,-2,2
25427,86,90,-4,4
25428,58,61,-3,3
25429,66,68,-2,2
25430,62,98,-36,36
25431,130,123,7,7
25432,121,103,18,18
25433,114,105,9,9
25434,128,123,5,5
25435,106,110,-4,4
25436,94,90,4,4
25437,139,133,6,6
25438,57,57,0,0
25439,62,77,-15,15
25440,59,63,-4,4
25441,134,120,14,14
25442,88,89,-1,1
25443,67,72,-5,5
25444,91,94,-3,3
25445,79,74,5,5
25446,99,100,-1,1
25447,135,145,-10,10
25448,118,113,5,5
25449,97,98,-1,1
25450,96,88,8,8
25451,81,83,-2,2
25452,93,97,-4,4
25453,108,111,-3,3
25454,69,68,1,1
25455,106,112,-6,6
25456,80,87,-7,7
25457,108,103,5,5
25458,95,89,6,6
25459,41,46,-5,5
25460,97,97,0,0
25461,161,129,32,32
25462,96,93,3,3
25463,86,94,-8,8
25464,123,111,12,12
25465,84,73,11,11
25466,81,87,-6,6
25467,99,98,1,1
25468,108,98,10,10
25469,57,65,-8,8
25470,82,81,1,1
25471,117,135,-18,18
25472,78,89,-11,11
25473,206,189,17,17
25474,70,71,-1,1
25475,66,73,-7,7
25476,132,115,17,17
25477,73,70,3,3
25478,53,62,-9,9
25479,47,57,-10,10
25480,73,79,-6,6
25481,72,73,-1,1
25482,96,93,3,3
25483,182,172,10,10
25484,80,75,5,5
25485,98,92,6,6
25486,103,105,-2,2
25487,182,175,7,7
25488,136,144,-8,8
25489,101,99,2,2
25490,81,76,5,5
25491,161,144,17,17
25492,83,87,-4,4
25493,57,71,-14,14
25494,119,105,14,14
25495,103,97,6,6
25496,143,125,18,18
25497,61,101,-40,40
25498,117,112,5,5
25499,113,109,4,4
25500,94,98,-4,4
25501,70,74,-4,4
25502,116,115,1,1
25503,102,92,10,10
25504,154,145,9,9
25505,91,85,6,6
25506,105,109,-4,4
25507,114,120,-6,6
25508,160,156,4,4
25509,94,92,2,2
25510,151,134,17,17
25511,170,160,10,10
25512,76,72,4,4
25513,74,71,3,3
25514,101,101,0,0
25515,62,61,1,1
25516,84,86,-2,2
25517,109,108,1,1
25518,106,102,4,4
25519,119,105,14,14
25520,89,93,-4,4
25521,53,56,-3,3
25522,37,42,-5,5
25523,97,98,-1,1
25524,91,88,3,3
25525,94,88,6,6
25526,111,98,13,13
25527,203,192,11,11
25528,71,70,1,1
25529,63,67,-4,4
25530,55,63,-8,8
25531,87,84,3,3
25532,125,137,-12,12
25533,101,103,-2,2
25534,98,88,10,10
25535,116,121,-5,5
25536,79,84,-5,5
25537,206,188,18,18
25538,102,112,-10,10
25539,153,139,14,14
25540,86,94,-8,8
25541,60,64,-4,4
25542,95,107,-12,12
25543,156,137,19,19
25544,90,87,3,3
25545,131,118,13,13
25546,107,98,9,9
25547,56,61,-5,5
25548,96,97,-1,1
25549,67,78,-11,11
25550,66,67,-1,1
25551,116,117,-1,1
25552,97,103,-6,6
25553,132,123,9,9
25554,87,92,-5,5
25555,94,98,-4,4
25556,50,57,-7,7
25557,104,95,9,9
25558,179,175,4,4
25559,121,104,17,17
25560,54,62,-8,8
25561,86,79,7,7
25562,29,42,-13,13
25563,109,106,3,3
25564,81,91,-10,10
25565,75,84,-9,9
25566,179,159,20,20
25567,59,56,3,3
25568,122,113,9,9
25569,209,186,23,23
25570,53,60,-7,7
25571,79,72,7,7
25572,97,93,4,4
25573,99,103,-4,4
25574,50,54,-4,4
25575,81,88,-7,7
25576,77,75,2,2
25577,179,161,18,18
25578,100,105,-5,5
25579,57,67,-10,10
25580,88,92,-4,4
25581,47,56,-9,9
25582,92,92,0,0
25583,94,85,9,9
25584,49,71,-22,22
25585,155,132,23,23
25586,93,99,-6,6
25587,160,142,18,18
25588,34,42,-8,8
25589,109,104,5,5
25590,112,108,4,4
25591,65,66,-1,1
25592,76,70,6,6
25593,82,95,-13,13
25594,97,83,14,14
25595,72,77,-5,5
25596,95,99,-4,4
25597,59,65,-6,6
25598,52,58,-6,6
25599,81,74,7,7
25600,87,84,3,3
25601,129,120,9,9
25602,57,75,-18,18
25603,54,61,-7,7
25604,122,105,17,17
25605,90,90,0,0
25606,136,127,9,9
25607,55,58,-3,3
25608,69,77,-8,8
25609,118,112,6,6
25610,103,104,-1,1
25611,70,70,0,0
25612,43,52,-9,9
25613,66,70,-4,4
25614,140,132,8,8
25615,89,97,-8,8
25616,147,120,27,27
25617,112,111,1,1
25618,78,69,9,9
25619,40,48,-8,8
25620,55,62,-7,7
25621,77,78,-1,1
25622,80,98,-18,18
25623,71,75,-4,4
25624,82,85,-3,3
25625,82,88,-6,6
25626,93,100,-7,7
25627,68,69,-1,1
25628,96,87,9,9
25629,116,112,4,4
25630,53,57,-4,4
25631,87,82,5,5
25632,116,114,2,2
25633,102,94,8,8
25634,89,83,6,6
25635,121,113,8,8
25636,92,88,4,4
25637,29,57,-28,28
25638,98,89,9,9
25639,70,66,4,4
25640,127,114,13,13
25641,208,189,19,19
25642,85,78,7,7
25643,84,92,-8,8
25644,92,97,-5,5
25645,118,129,-11,11
25646,66,71,-5,5
25647,79,82,-3,3
25648,167,149,18,18
25649,174,165,9,9
25650,92,90,2,2
25651,90,98,-8,8
25652,103,96,7,7
25653,85,83,2,2
25654,43,48,-5,5
25655,144,138,6,6
25656,66,68,-2,2
25657,33,56,-23,23
25658,50,61,-11,11
25659,68,67,1,1
25660,152,158,-6,6
25661,102,96,6,6
25662,45,49,-4,4
25663,67,65,2,2
25664,59,64,-5,5
25665,92,98,-6,6
25666,138,134,4,4
25667,152,142,10,10
25668,79,74,5,5
25669,122,122,0,0
25670,122,114,8,8
25671,59,70,-11,11
25672,164,144,20,20
25673,93,144,-51,51
25674,86,95,-9,9
25675,133,121,12,12
25676,95,107,-12,12
25677,86,92,-6,6
25678,76,74,2,2
25679,152,141,11,11
25680,99,90,9,9
25681,62,61,1,1
25682,92,96,-4,4
25683,105,98,7,7
25684,95,92,3,3
25685,103,82,21,21
25686,64,69,-5,5
25687,113,124,-11,11
25688,139,139,0,0
25689,116,109,7,7
25690,109,120,-11,11
25691,110,110,0,0
25692,102,101,1,1
25693,108,112,-4,4
25694,83,72,11,11
25695,151,142,9,9
25696,84,95,-11,11
25697,109,101,8,8
25698,136,125,11,11
25699,109,103,6,6
25700,136,114,22,22
25701,109,103,6,6
25702,68,72,-4,4
25703,76,73,3,3
25704,81,83,-2,2
25705,102,99,3,3
25706,139,128,11,11
25707,86,92,-6,6
25708,105,98,7,7
25709,58,66,-8,8
25710,35,52,-17,17
25711,49,60,-11,11
25712,82,78,4,4
25713,70,75,-5,5
25714,79,83,-4,4
25715,66,65,1,1
25716,122,117,5,5
25717,77,72,5,5
25718,120,114,6,6
25719,155,133,22,22
25720,123,119,4,4
25721,74,80,-6,6
25722,88,87,1,1
25723,143,140,3,3
25724,88,75,13,13
25725,57,62,-5,5
25726,130,120,10,10
25727,81,92,-11,11
25728,83,91,-8,8
25729,173,146,27,27
25730,66,70,-4,4
25731,91,93,-2,2
25732,70,66,4,4
25733,73,64,9,9
25734,72,77,-5,5
25735,73,74,-1,1
25736,109,113,-4,4
25737,106,68,38,38
25738,72,69,3,3
25739,80,88,-8,8
25740,188,168,20,20
25741,112,109,3,3
25742,116,112,4,4
25743,115,102,13,13
25744,97,96,1,1
25745,171,164,7,7
25746,96,101,-5,5
25747,97,92,5,5
25748,60,65,-5,5
25749,119,105,14,14
25750,144,136,8,8
25751,64,64,0,0
25752,55,63,-8,8
25753,92,90,2,2
25754,92,90,2,2
25755,133,132,1,1
25756,62,66,-4,4
25757,143,137,6,6
25758,92,98,-6,6
25759,95,113,-18,18
25760,43,49,-6,6
25761,110,107,3,3
25762,94,85,9,9
25763,68,72,-4,4
25764,81,84,-3,3
25765,150,131,19,19
25766,129,123,6,6
25767,133,121,12,12
25768,105,102,3,3
25769,66,84,-18,18
25770,91,94,-3,3
25771,90,78,12,12
25772,117,99,18,18
25773,140,129,11,11
25774,165,153,12,12
25775,95,96,-1,1
25776,85,80,5,5
25777,158,137,21,21
25778,138,138,0,0
25779,96,95,1,1
25780,122,113,9,9
25781,65,65,0,0
25782,63,66,-3,3
25783,111,110,1,1
25784,80,98,-18,18
25785,79,80,-1,1
25786,100,91,9,9
25787,81,84,-3,3
25788,92,91,1,1
25789,75,93,-18,18
25790,82,84,-2,2
25791,79,88,-9,9
25792,57,70,-13,13
25793,148,119,29,29
25794,79,78,1,1
25795,122,116,6,6
25796,82,85,-3,3
25797,61,61,0,0
25798,38,49,-11,11
25799,94,101,-7,7
25800,101,85,16,16
25801,89,87,2,2
25802,68,67,1,1
25803,47,56,-9,9
25804,90,85,5,5
25805,60,63,-3,3
25806,114,109,5,5
25807,80,88,-8,8
25808,127,111,16,16
25809,102,109,-7,7
25810,69,67,2,2
25811,53,68,-15,15
25812,59,68,-9,9
25813,95,99,-4,4
25814,64,64,0,0
25815,144,149,-5,5
25816,71,58,13,13
25817,100,103,-3,3
25818,116,114,2,2
25819,104,99,5,5
25820,177,179,-2,2
25821,108,103,5,5
25822,132,122,10,10
25823,118,107,11,11
25824,135,144,-9,9
25825,115,110,5,5
25826,73,75,-2,2
25827,133,123,10,10
25828,95,94,1,1
25829,80,79,1,1
25830,48,74,-26,26
25831,158,148,10,10
25832,73,77,-4,4
25833,94,89,5,5
25834,74,98,-24,24
25835,154,153,1,1
25836,127,126,1,1
25837,73,74,-1,1
25838,89,86,3,3
25839,61,68,-7,7
25840,87,80,7,7
25841,65,83,-18,18
25842,81,89,-8,8
25843,99,98,1,1
25844,83,90,-7,7
25845,90,94,-4,4
25846,82,84,-2,2
25847,115,104,11,11
25848,137,137,0,0
25849,78,77,1,1
25850,94,87,7,7
25851,101,101,0,0
25852,96,96,0,0
25853,77,75,2,2
25854,112,105,7,7
25855,138,134,4,4
25856,98,96,2,2
25857,91,96,-5,5
25858,143,133,10,10
25859,153,146,7,7
25860,40,47,-7,7
25861,69,68,1,1
25862,67,68,-1,1
25863,43,53,-10,10
25864,104,107,-3,3
25865,117,110,7,7
25866,84,78,6,6
25867,84,90,-6,6
25868,74,70,4,4
25869,75,74,1,1
25870,147,150,-3,3
25871,94,98,-4,4
25872,92,91,1,1
25873,71,74,-3,3
25874,84,79,5,5
25875,78,98,-20,20
25876,83,81,2,2
25877,84,92,-8,8
25878,42,52,-10,10
25879,149,142,7,7
25880,95,99,-4,4
25881,132,115,17,17
25882,83,83,0,0
25883,131,127,4,4
25884,62,67,-5,5
25885,87,88,-1,1
25886,91,79,12,12
25887,155,165,-10,10
25888,73,84,-11,11
25889,98,99,-1,1
25890,72,71,1,1
25891,75,79,-4,4
25892,147,140,7,7
25893,54,65,-11,11
25894,128,123,5,5
25895,98,99,-1,1
25896,111,108,3,3
25897,81,85,-4,4
25898,87,79,8,8
25899,28,66,-38,38
25900,123,121,2,2
25901,82,76,6,6
25902,82,74,8,8
25903,113,107,6,6
25904,121,131,-10,10
25905,124,119,5,5
25906,85,83,2,2
25907,82,86,-4,4
25908,107,111,-4,4
25909,113,112,1,1
25910,74,84,-10,10
25911,97,92,5,5
25912,56,64,-8,8
25913,89,88,1,1
25914,132,123,9,9
25915,134,123,11,11
25916,93,96,-3,3
25917,128,129,-1,1
25918,121,120,1,1
25919,132,137,-5,5
25920,114,112,2,2
25921,93,89,4,4
25922,132,127,5,5
25923,139,119,20,20
25924,59,64,-5,5
25925,185,162,23,23
25926,47,59,-12,12
25927,68,68,0,0
25928,122,126,-4,4
25929,130,135,-5,5
25930,98,98,0,0
25931,42,48,-6,6
25932,125,121,4,4
25933,56,61,-5,5
25934,129,126,3,3
25935,60,83,-23,23
25936,51,57,-6,6
25937,78,80,-2,2
25938,62,71,-9,9
25939,80,93,-13,13
25940,39,52,-13,13
25941,120,115,5,5
25942,100,91,9,9
25943,112,120,-8,8
25944,85,85,0,0
25945,118,112,6,6
25946,124,130,-6,6
25947,56,59,-3,3
25948,97,101,-4,4
25949,83,94,-11,11
25950,91,94,-3,3
25951,68,70,-2,2
25952,108,112,-4,4
25953,87,91,-4,4
25954,57,64,-7,7
25955,70,67,3,3
25956,87,91,-4,4
25957,111,102,9,9
25958,79,84,-5,5
25959,117,106,11,11
25960,95,100,-5,5
25961,139,129,10,10
25962,52,52,0,0
25963,47,101,-54,54
25964,104,102,2,2
25965,89,84,5,5
25966,86,92,-6,6
25967,90,85,5,5
25968,113,108,5,5
25969,89,90,-1,1
25970,94,99,-5,5
25971,134,127,7,7
25972,63,63,0,0
25973,102,98,4,4
25974,146,133,13,13
25975,140,136,4,4
25976,73,74,-1,1
25977,127,125,2,2
25978,47,59,-12,12
25979,90,104,-14,14
25980,77,77,0,0
25981,136,125,11,11
25982,121,120,1,1
25983,82,75,7,7
25984,114,123,-9,9
25985,114,108,6,6
25986,80,77,3,3
25987,82,77,5,5
25988,79,78,1,1
25989,107,113,-6,6
25990,113,100,13,13
25991,114,111,3,3
25992,52,60,-8,8
25993,67,68,-1,1
25994,74,78,-4,4
25995,113,112,1,1
25996,77,75,2,2
25997,125,126,-1,1
25998,60,61,-1,1
25999,78,77,1,1
26000,94,96,-2,2
26001,102,98,4,4
26002,115,106,9,9
26003,114,112,2,2
26004,115,118,-3,3
26005,109,107,2,2
26006,107,111,-4,4
26007,80,79,1,1
26008,111,103,8,8
26009,36,59,-23,23
26010,78,78,0,0
26011,87,85,2,2
26012,74,73,1,1
26013,70,76,-6,6
26014,64,68,-4,4
26015,51,54,-3,3
26016,97,98,-1,1
26017,106,101,5,5
26018,150,142,8,8
26019,105,97,8,8
26020,80,86,-6,6
26021,81,85,-4,4
26022,78,83,-5,5
26023,103,106,-3,3
26024,68,71,-3,3
26025,69,70,-1,1
26026,100,115,-15,15
26027,100,83,17,17
26028,171,160,11,11
26029,102,97,5,5
26030,98,87,11,11
26031,81,88,-7,7
26032,86,80,6,6
26033,47,58,-11,11
26034,83,82,1,1
26035,139,132,7,7
26036,71,75,-4,4
26037,142,134,8,8
26038,65,65,0,0
26039,68,68,0,0
26040,63,65,-2,2
26041,105,97,8,8
26042,53,64,-11,11
26043,126,119,7,7
26044,137,138,-1,1
26045,64,65,-1,1
26046,126,131,-5,5
26047,117,108,9,9
26048,65,94,-29,29
26049,133,134,-1,1
26050,64,63,1,1
26051,96,89,7,7
26052,92,92,0,0
26053,99,103,-4,4
26054,148,147,1,1
26055,54,58,-4,4
26056,99,83,16,16
26057,89,98,-9,9
26058,63,64,-1,1
26059,90,88,2,2
26060,71,76,-5,5
26061,82,75,7,7
26062,89,85,4,4
26063,58,61,-3,3
26064,88,94,-6,6
26065,91,96,-5,5
26066,29,39,-10,10
26067,63,61,2,2
26068,73,74,-1,1
26069,68,66,2,2
26070,76,83,-7,7
26071,73,68,5,5
26072,152,136,16,16
26073,113,101,12,12
26074,57,57,0,0
26075,81,80,1,1
26076,102,107,-5,5
26077,87,112,-25,25
26078,106,108,-2,2
26079,83,89,-6,6
26080,164,152,12,12
26081,122,105,17,17
26082,68,75,-7,7
26083,79,77,2,2
26084,57,60,-3,3
26085,116,118,-2,2
26086,57,61,-4,4
26087,105,95,10,10
26088,95,85,10,10
26089,164,156,8,8
26090,159,160,-1,1
26091,92,81,11,11
26092,100,111,-11,11
26093,64,61,3,3
26094,121,153,-32,32
26095,157,141,16,16
26096,116,112,4,4
26097,46,55,-9,9
26098,106,100,6,6
26099,67,73,-6,6
26100,83,90,-7,7
26101,66,66,0,0
26102,105,109,-4,4
26103,166,165,1,1
26104,109,94,15,15
26105,75,77,-2,2
26106,86,84,2,2
26107,91,85,6,6
26108,76,74,2,2
26109,149,153,-4,4
26110,102,97,5,5
26111,76,79,-3,3
26112,64,64,0,0
26113,108,100,8,8
26114,99,96,3,3
26115,104,104,0,0
26116,136,138,-2,2
26117,72,90,-18,18
26118,92,82,10,10
26119,70,71,-1,1
26120,69,71,-2,2
26121,154,145,9,9
26122,129,120,9,9
26123,102,98,4,4
26124,107,102,5,5
26125,107,109,-2,2
26126,75,69,6,6
26127,108,101,7,7
26128,96,91,5,5
26129,80,85,-5,5
26130,73,75,-2,2
26131,129,124,5,5
26132,57,61,-4,4
26133,92,92,0,0
26134,70,80,-10,10
26135,61,69,-8,8
26136,52,71,-19,19
26137,145,133,12,12
26138,74,77,-3,3
26139,75,72,3,3
26140,134,129,5,5
26141,105,109,-4,4
26142,108,97,11,11
26143,98,100,-2,2
26144,96,88,8,8
26145,135,130,5,5
26146,103,104,-1,1
26147,84,81,3,3
26148,132,121,11,11
26149,114,100,14,14
26150,87,82,5,5
26151,55,62,-7,7
26152,65,63,2,2
26153,48,58,-10,10
26154,64,66,-2,2
26155,113,99,14,14
26156,137,124,13,13
26157,124,120,4,4
26158,47,54,-7,7
26159,103,97,6,6
26160,136,130,6,6
26161,80,78,2,2
26162,65,89,-24,24
26163,117,106,11,11
26164,113,118,-5,5
26165,71,68,3,3
26166,132,137,-5,5
26167,102,86,16,16
26168,191,177,14,14
26169,127,117,10,10
26170,102,102,0,0
26171,104,99,5,5
26172,113,110,3,3
26173,74,90,-16,16
26174,143,138,5,5
26175,73,69,4,4
26176,143,137,6,6
26177,120,110,10,10
26178,95,94,1,1
26179,84,89,-5,5
26180,146,141,5,5
26181,70,68,2,2
26182,125,108,17,17
26183,79,78,1,1
26184,77,85,-8,8
26185,69,69,0,0
26186,100,98,2,2
26187,190,167,23,23
26188,90,93,-3,3
26189,67,80,-13,13
26190,179,174,5,5
26191,68,77,-9,9
26192,79,95,-16,16
26193,149,132,17,17
26194,87,68,19,19
26195,58,84,-26,26
26196,176,176,0,0
26197,67,69,-2,2
26198,76,78,-2,2
26199,127,120,7,7
26200,73,69,4,4
26201,68,71,-3,3
26202,70,70,0,0
26203,101,96,5,5
26204,122,127,-5,5
26205,95,90,5,5
26206,90,88,2,2
26207,85,87,-2,2
26208,138,133,5,5
26209,115,115,0,0
26210,122,114,8,8
26211,59,59,0,0
26212,51,57,-6,6
26213,106,98,8,8
26214,110,112,-2,2
26215,111,112,-1,1
26216,62,80,-18,18
26217,93,81,12,12
26218,46,52,-6,6
26219,107,110,-3,3
26220,144,128,16,16
26221,92,83,9,9
26222,92,92,0,0
26223,95,105,-10,10
26224,154,144,10,10
26225,54,56,-2,2
26226,102,100,2,2
26227,61,68,-7,7
26228,109,113,-4,4
26229,155,127,28,28
26230,83,74,9,9
26231,79,78,1,1
26232,102,100,2,2
26233,133,116,17,17
26234,134,137,-3,3
26235,81,76,5,5
26236,151,144,7,7
26237,46,54,-8,8
26238,97,96,1,1
26239,62,63,-1,1
26240,114,112,2,2
26241,83,88,-5,5
26242,114,110,4,4
26243,87,96,-9,9
26244,110,96,14,14
26245,232,224,8,8
26246,35,45,-10,10
26247,96,92,4,4
26248,87,93,-6,6
26249,52,59,-7,7
26250,89,84,5,5
26251,84,76,8,8
26252,84,88,-4,4
26253,151,143,8,8
26254,51,58,-7,7
26255,112,102,10,10
26256,189,174,15,15
26257,68,67,1,1
26258,77,76,1,1
26259,62,68,-6,6
26260,112,112,0,0
26261,95,93,2,2
26262,81,88,-7,7
26263,108,97,11,11
26264,96,95,1,1
26265,58,59,-1,1
26266,84,84,0,0
26267,116,103,13,13
26268,97,98,-1,1
26269,92,94,-2,2
26270,101,109,-8,8
26271,56,55,1,1
26272,74,77,-3,3
26273,115,107,8,8
26274,74,78,-4,4
26275,58,60,-2,2
26276,129,130,-1,1
26277,91,93,-2,2
26278,59,58,1,1
26279,52,54,-2,2
26280,73,77,-4,4
26281,69,63,6,6
26282,119,98,21,21
26283,126,116,10,10
26284,114,95,19,19
26285,100,107,-7,7
26286,86,84,2,2
26287,116,128,-12,12
26288,72,70,2,2
26289,61,68,-7,7
26290,83,74,9,9
26291,94,95,-1,1
26292,90,96,-6,6
26293,93,99,-6,6
26294,31,41,-10,10
26295,163,153,10,10
26296,99,94,5,5
26297,46,58,-12,12
26298,55,59,-4,4
26299,75,78,-3,3
26300,72,75,-3,3
26301,107,97,10,10
26302,89,96,-7,7
26303,66,57,9,9
26304,67,76,-9,9
26305,145,142,3,3
26306,151,142,9,9
26307,153,131,22,22
26308,56,55,1,1
26309,97,99,-2,2
26310,162,143,19,19
26311,90,89,1,1
26312,106,98,8,8
26313,27,39,-12,12
26314,93,86,7,7
26315,105,101,4,4
26316,123,134,-11,11
26317,61,67,-6,6
26318,64,63,1,1
26319,109,112,-3,3
26320,153,148,5,5
26321,81,79,2,2
26322,167,145,22,22
26323,100,95,5,5
26324,40,56,-16,16
26325,84,94,-10,10
26326,126,125,1,1
26327,69,73,-4,4
26328,54,49,5,5
26329,41,50,-9,9
26330,86,94,-8,8
26331,71,67,4,4
26332,97,96,1,1
26333,131,130,1,1
26334,42,50,-8,8
26335,102,99,3,3
26336,83,88,-5,5
26337,187,169,18,18
26338,180,170,10,10
26339,73,75,-2,2
26340,108,124,-16,16
26341,57,62,-5,5
26342,121,117,4,4
26343,88,91,-3,3
26344,105,103,2,2
26345,80,91,-11,11
26346,86,92,-6,6
26347,124,116,8,8
26348,117,112,5,5
26349,112,109,3,3
26350,66,67,-1,1
26351,94,101,-7,7
26352,107,107,0,0
26353,45,50,-5,5
26354,121,114,7,7
26355,82,75,7,7
26356,69,72,-3,3
26357,160,143,17,17
26358,119,109,10,10
26359,58,60,-2,2
26360,100,97,3,3
26361,72,74,-2,2
26362,67,68,-1,1
26363,66,67,-1,1
26364,119,113,6,6
26365,138,141,-3,3
26366,65,66,-1,1
26367,105,109,-4,4
26368,36,54,-18,18
26369,69,72,-3,3
26370,78,75,3,3
26371,131,118,13,13
26372,109,119,-10,10
26373,75,73,2,2
26374,63,59,4,4
26375,53,65,-12,12
26376,105,107,-2,2
26377,64,71,-7,7
26378,70,75,-5,5
26379,26,42,-16,16
26380,181,171,10,10
26381,66,71,-5,5
26382,130,136,-6,6
26383,122,120,2,2
26384,94,93,1,1
26385,124,122,2,2
26386,70,75,-5,5
26387,114,113,1,1
26388,93,85,8,8
26389,106,112,-6,6
26390,96,95,1,1
26391,90,96,-6,6
26392,118,119,-1,1
26393,63,89,-26,26
26394,79,85,-6,6
26395,43,57,-14,14
26396,112,112,0,0
26397,45,52,-7,7
26398,114,119,-5,5
26399,107,97,10,10
26400,83,78,5,5
26401,40,47,-7,7
26402,98,101,-3,3
26403,115,112,3,3
26404,92,99,-7,7
26405,131,134,-3,3
26406,106,92,14,14
26407,99,97,2,2
26408,67,68,-1,1
26409,171,156,15,15
26410,128,111,17,17
26411,88,85,3,3
26412,56,63,-7,7
26413,113,107,6,6
26414,62,54,8,8
26415,81,74,7,7
26416,83,90,-7,7
26417,113,103,10,10
26418,100,104,-4,4
26419,91,86,5,5
26420,79,88,-9,9
26421,156,146,10,10
26422,113,113,0,0
26423,67,83,-16,16
26424,129,121,8,8
26425,89,90,-1,1
26426,66,68,-2,2
26427,102,105,-3,3
26428,131,126,5,5
26429,111,109,2,2
26430,47,48,-1,1
26431,37,53,-16,16
26432,92,97,-5,5
26433,91,91,0,0
26434,101,98,3,3
26435,43,59,-16,16
26436,78,73,5,5
26437,102,103,-1,1
26438,92,91,1,1
26439,96,105,-9,9
26440,109,110,-1,1
26441,98,102,-4,4
26442,131,114,17,17
26443,104,108,-4,4
26444,96,121,-25,25
26445,98,97,1,1
26446,66,68,-2,2
26447,75,77,-2,2
26448,70,70,0,0
26449,49,57,-8,8
26450,110,98,12,12
26451,128,113,15,15
26452,50,53,-3,3
26453,85,89,-4,4
26454,59,59,0,0
26455,41,47,-6,6
26456,71,70,1,1
26457,117,107,10,10
26458,91,94,-3,3
26459,64,69,-5,5
26460,118,118,0,0
26461,43,52,-9,9
26462,134,127,7,7
26463,101,94,7,7
26464,109,96,13,13
26465,114,124,-10,10
26466,118,127,-9,9
26467,70,79,-9,9
26468,102,100,2,2
26469,157,153,4,4
26470,308,272,36,36
26471,104,112,-8,8
26472,106,94,12,12
26473,74,75,-1,1
26474,148,136,12,12
26475,106,105,1,1
26476,74,76,-2,2
26477,118,113,5,5
26478,114,114,0,0
26479,60,62,-2,2
26480,135,117,18,18
26481,60,60,0,0
26482,62,66,-4,4
26483,120,122,-2,2
26484,150,160,-10,10
26485,112,100,12,12
26486,87,90,-3,3
26487,100,102,-2,2
26488,52,62,-10,10
26489,82,85,-3,3
26490,136,138,-2,2
26491,65,69,-4,4
26492,104,97,7,7
26493,134,124,10,10
26494,104,92,12,12
26495,119,114,5,5
26496,119,113,6,6
26497,60,74,-14,14
26498,155,149,6,6
26499,129,129,0,0
26500,46,56,-10,10
26501,58,63,-5,5
26502,73,65,8,8
26503,114,102,12,12
26504,85,94,-9,9
26505,77,77,0,0
26506,89,85,4,4
26507,186,165,21,21
26508,74,74,0,0
26509,80,72,8,8
26510,108,110,-2,2
26511,112,81,31,31
26512,38,46,-8,8
26513,61,58,3,3
26514,109,102,7,7
26515,46,45,1,1
26516,139,123,16,16
26517,85,93,-8,8
26518,97,92,5,5
26519,60,73,-13,13
26520,36,48,-12,12
26521,89,100,-11,11
26522,147,140,7,7
26523,94,82,12,12
26524,88,84,4,4
26525,120,111,9,9
26526,75,87,-12,12
26527,95,96,-1,1
26528,90,87,3,3
26529,46,55,-9,9
26530,49,56,-7,7
26531,145,136,9,9
26532,93,84,9,9
26533,48,48,0,0
26534,93,92,1,1
26535,76,69,7,7
26536,51,56,-5,5
26537,102,94,8,8
26538,86,87,-1,1
26539,88,86,2,2
26540,97,100,-3,3
26541,139,126,13,13
26542,163,150,13,13
26543,91,99,-8,8
26544,139,122,17,17
26545,56,70,-14,14
26546,56,69,-13,13
26547,84,84,0,0
26548,85,89,-4,4
26549,55,62,-7,7
26550,82,78,4,4
26551,90,82,8,8
26552,102,92,10,10
26553,46,53,-7,7
26554,151,146,5,5
26555,90,88,2,2
26556,78,111,-33,33
26557,70,67,3,3
26558,126,114,12,12
26559,114,115,-1,1
26560,135,118,17,17
26561,209,181,28,28
26562,163,150,13,13
26563,62,64,-2,2
26564,79,95,-16,16
26565,90,90,0,0
26566,126,115,11,11
26567,161,141,20,20
26568,119,112,7,7
26569,65,77,-12,12
26570,75,105,-30,30
26571,94,86,8,8
26572,57,58,-1,1
26573,60,63,-3,3
26574,62,63,-1,1
26575,61,68,-7,7
26576,174,160,14,14
26577,65,69,-4,4
26578,122,119,3,3
26579,103,116,-13,13
26580,66,70,-4,4
26581,110,101,9,9
26582,59,64,-5,5
26583,120,112,8,8
26584,101,100,1,1
26585,94,92,2,2
26586,125,118,7,7
26587,76,76,0,0
26588,66,72,-6,6
26589,85,91,-6,6
26590,101,104,-3,3
26591,79,77,2,2
26592,179,165,14,14
26593,73,84,-11,11
26594,97,99,-2,2
26595,40,63,-23,23
26596,75,73,2,2
26597,157,151,6,6
26598,77,78,-1,1
26599,108,114,-6,6
26600,129,118,11,11
26601,100,97,3,3
26602,76,91,-15,15
26603,40,48,-8,8
26604,72,75,-3,3
26605,81,78,3,3
26606,122,113,9,9
26607,77,72,5,5
26608,162,154,8,8
26609,52,56,-4,4
26610,86,79,7,7
26611,61,59,2,2
26612,139,129,10,10
26613,122,115,7,7
26614,129,130,-1,1
26615,64,66,-2,2
26616,53,58,-5,5
26617,163,149,14,14
26618,76,89,-13,13
26619,47,52,-5,5
26620,57,61,-4,4
26621,142,130,12,12
26622,89,79,10,10
26623,100,103,-3,3
26624,126,131,-5,5
26625,149,134,15,15
26626,102,96,6,6
26627,51,59,-8,8
26628,131,112,19,19
26629,113,113,0,0
26630,128,115,13,13
26631,84,75,9,9
26632,88,86,2,2
26633,96,91,5,5
26634,131,113,18,18
26635,142,133,9,9
26636,139,128,11,11
26637,62,66,-4,4
26638,162,164,-2,2
26639,100,100,0,0
26640,94,92,2,2
26641,118,111,7,7
26642,140,123,17,17
26643,105,101,4,4
26644,54,59,-5,5
26645,80,83,-3,3
26646,54,59,-5,5
26647,82,86,-4,4
26648,78,78,0,0
26649,81,80,1,1
26650,55,57,-2,2
26651,142,143,-1,1
26652,152,140,12,12
26653,121,114,7,7
26654,109,103,6,6
26655,80,88,-8,8
26656,73,75,-2,2
26657,154,119,35,35
26658,122,123,-1,1
26659,85,84,1,1
26660,65,69,-4,4
26661,127,113,14,14
26662,44,50,-6,6
26663,90,99,-9,9
26664,115,112,3,3
26665,124,119,5,5
26666,148,146,2,2
26667,49,51,-2,2
26668,77,78,-1,1
26669,173,160,13,13
26670,68,60,8,8
26671,149,145,4,4
26672,73,73,0,0
26673,54,59,-5,5
26674,90,83,7,7
26675,73,75,-2,2
26676,74,80,-6,6
26677,49,52,-3,3
26678,79,76,3,3
26679,117,115,2,2
26680,57,68,-11,11
26681,123,109,14,14
26682,94,93,1,1
26683,124,111,13,13
26684,74,76,-2,2
26685,63,66,-3,3
26686,116,107,9,9
26687,93,87,6,6
26688,115,120,-5,5
26689,64,66,-2,2
26690,117,118,-1,1
26691,74,77,-3,3
26692,49,52,-3,3
26693,72,70,2,2
26694,86,89,-3,3
26695,52,55,-3,3
26696,87,88,-1,1
26697,152,147,5,5
26698,61,68,-7,7
26699,67,73,-6,6
26700,64,74,-10,10
26701,100,100,0,0
26702,135,114,21,21
26703,120,122,-2,2
26704,124,112,12,12
26705,105,111,-6,6
26706,144,145,-1,1
26707,100,101,-1,1
26708,80,83,-3,3
26709,73,88,-15,15
26710,82,85,-3,3
26711,76,72,4,4
26712,115,115,0,0
26713,106,105,1,1
26714,125,122,3,3
26715,86,82,4,4
26716,94,91,3,3
26717,80,86,-6,6
26718,145,128,17,17
26719,122,114,8,8
26720,122,113,9,9
26721,115,108,7,7
26722,66,69,-3,3
26723,85,79,6,6
26724,95,102,-7,7
26725,110,97,13,13
26726,49,66,-17,17
26727,80,95,-15,15
26728,101,97,4,4
26729,77,76,1,1
26730,89,99,-10,10
26731,130,113,17,17
26732,106,116,-10,10
26733,56,57,-1,1
26734,68,65,3,3
26735,152,142,10,10
26736,113,113,0,0
26737,98,98,0,0
26738,125,115,10,10
26739,71,72,-1,1
26740,123,114,9,9
26741,97,79,18,18
26742,77,76,1,1
26743,56,63,-7,7
26744,127,121,6,6
26745,49,62,-13,13
26746,115,109,6,6
26747,61,65,-4,4
26748,97,92,5,5
26749,101,101,0,0
26750,77,84,-7,7
26751,117,125,-8,8
26752,90,97,-7,7
26753,120,113,7,7
26754,80,82,-2,2
26755,71,67,4,4
26756,54,60,-6,6
26757,80,87,-7,7
26758,110,111,-1,1
26759,71,91,-20,20
26760,82,89,-7,7
26761,68,77,-9,9
26762,78,87,-9,9
26763,69,65,4,4
26764,87,82,5,5
26765,94,89,5,5
26766,137,127,10,10
26767,57,61,-4,4
26768,56,57,-1,1
26769,57,68,-11,11
26770,62,63,-1,1
26771,63,72,-9,9
26772,165,150,15,15
26773,115,108,7,7
26774,133,126,7,7
26775,94,84,10,10
26776,107,112,-5,5
26777,106,100,6,6
26778,112,118,-6,6
26779,93,93,0,0
26780,55,65,-10,10
26781,85,87,-2,2
26782,41,46,-5,5
26783,120,110,10,10
26784,99,96,3,3
26785,83,74,9,9
26786,84,85,-1,1
26787,110,104,6,6
26788,124,133,-9,9
26789,122,113,9,9
26790,38,48,-10,10
26791,120,113,7,7
26792,97,99,-2,2
26793,61,66,-5,5
26794,113,118,-5,5
26795,74,71,3,3
26796,79,74,5,5
26797,125,109,16,16
26798,81,81,0,0
26799,125,120,5,5
26800,123,123,0,0
26801,90,96,-6,6
26802,48,58,-10,10
26803,55,61,-6,6
26804,62,72,-10,10
26805,64,75,-11,11
26806,91,94,-3,3
26807,145,143,2,2
26808,86,81,5,5
26809,66,71,-5,5
26810,116,123,-7,7
26811,76,76,0,0
26812,88,94,-6,6
26813,103,109,-6,6
26814,97,102,-5,5
26815,138,127,11,11
26816,75,77,-2,2
26817,92,86,6,6
26818,149,143,6,6
26819,60,63,-3,3
26820,108,111,-3,3
26821,30,42,-12,12
26822,89,83,6,6
26823,49,58,-9,9
26824,97,90,7,7
26825,128,113,15,15
26826,96,97,-1,1
26827,96,94,2,2
26828,63,59,4,4
26829,76,77,-1,1
26830,106,112,-6,6
26831,79,88,-9,9
26832,127,115,12,12
26833,45,55,-10,10
26834,105,114,-9,9
26835,90,88,2,2
26836,43,51,-8,8
26837,235,145,90,90
26838,50,60,-10,10
26839,111,104,7,7
26840,69,67,2,2
26841,52,136,-84,84
26842,105,104,1,1
26843,49,52,-3,3
26844,66,69,-3,3
26845,64,68,-4,4
26846,75,70,5,5
26847,70,73,-3,3
26848,96,91,5,5
26849,86,91,-5,5
26850,109,105,4,4
26851,357,200,157,157
26852,74,73,1,1
26853,96,99,-3,3
26854,101,105,-4,4
26855,86,90,-4,4
26856,97,87,10,10
26857,47,48,-1,1
26858,76,92,-16,16
26859,139,130,9,9
26860,127,122,5,5
26861,119,112,7,7
26862,133,121,12,12
26863,190,185,5,5
26864,119,110,9,9
26865,96,95,1,1
26866,31,42,-11,11
26867,94,106,-12,12
26868,112,127,-15,15
26869,104,99,5,5
26870,162,145,17,17
26871,128,121,7,7
26872,142,140,2,2
26873,107,76,31,31
26874,120,106,14,14
26875,57,66,-9,9
26876,157,145,12,12
26877,94,92,2,2
26878,109,119,-10,10
26879,58,66,-8,8
26880,108,93,15,15
26881,88,86,2,2
26882,123,124,-1,1
26883,85,84,1,1
26884,136,140,-4,4
26885,72,74,-2,2
26886,77,74,3,3
26887,59,60,-1,1
26888,154,139,15,15
26889,63,78,-15,15
26890,40,46,-6,6
26891,142,147,-5,5
26892,160,146,14,14
26893,68,63,5,5
26894,91,85,6,6
26895,77,85,-8,8
26896,135,129,6,6
26897,134,194,-60,60
26898,172,169,3,3
26899,131,155,-24,24
26900,86,93,-7,7
26901,67,75,-8,8
26902,55,60,-5,5
26903,148,139,9,9
26904,66,71,-5,5
26905,120,104,16,16
26906,83,85,-2,2
26907,101,96,5,5
26908,83,74,9,9
26909,106,124,-18,18
26910,99,97,2,2
26911,67,71,-4,4
26912,130,126,4,4
26913,79,83,-4,4
26914,43,55,-12,12
26915,146,132,14,14
26916,57,59,-2,2
26917,100,110,-10,10
26918,139,121,18,18
26919,114,101,13,13
26920,61,65,-4,4
26921,77,95,-18,18
26922,102,111,-9,9
26923,104,97,7,7
26924,145,142,3,3
26925,81,90,-9,9
26926,87,96,-9,9
26927,135,141,-6,6
26928,117,113,4,4
26929,82,76,6,6
26930,118,113,5,5
26931,106,112,-6,6
26932,123,124,-1,1
26933,109,111,-2,2
26934,66,66,0,0
26935,86,88,-2,2
26936,104,104,0,0
26937,61,76,-15,15
26938,59,84,-25,25
26939,68,71,-3,3
26940,68,70,-2,2
26941,63,69,-6,6
26942,85,80,5,5
26943,135,134,1,1
26944,117,120,-3,3
26945,134,121,13,13
26946,104,104,0,0
26947,73,73,0,0
26948,79,78,1,1
26949,137,131,6,6
26950,106,94,12,12
26951,80,69,11,11
26952,175,153,22,22
26953,96,100,-4,4
26954,137,126,11,11
26955,119,112,7,7
26956,118,109,9,9
26957,135,130,5,5
26958,127,103,24,24
26959,103,105,-2,2
26960,87,88,-1,1
26961,90,74,16,16
26962,50,59,-9,9
26963,68,70,-2,2
26964,75,76,-1,1
26965,150,150,0,0
26966,107,98,9,9
26967,122,117,5,5
26968,48,52,-4,4
26969,141,139,2,2
26970,96,86,10,10
26971,93,96,-3,3
26972,85,81,4,4
26973,55,61,-6,6
26974,51,58,-7,7
26975,99,96,3,3
26976,52,63,-11,11
26977,79,71,8,8
26978,110,108,2,2
26979,121,112,9,9
26980,37,44,-7,7
26981,92,95,-3,3
26982,66,60,6,6
26983,148,120,28,28
26984,83,83,0,0
26985,175,160,15,15
26986,88,83,5,5
26987,110,102,8,8
26988,79,88,-9,9
26989,64,62,2,2
26990,124,111,13,13
26991,129,121,8,8
26992,91,92,-1,1
26993,59,61,-2,2
26994,49,66,-17,17
26995,132,127,5,5
26996,76,109,-33,33
26997,110,102,8,8
26998,61,60,1,1
26999,90,94,-4,4
27000,126,122,4,4
27001,98,98,0,0
27002,59,60,-1,1
27003,93,98,-5,5
27004,76,69,7,7
27005,75,70,5,5
27006,85,89,-4,4
27007,149,134,15,15
27008,89,87,2,2
27009,112,110,2,2
27010,88,80,8,8
27011,65,64,1,1
27012,86,88,-2,2
27013,64,61,3,3
27014,81,94,-13,13
27015,86,90,-4,4
27016,70,68,2,2
27017,150,124,26,26
27018,102,96,6,6
27019,92,85,7,7
27020,47,61,-14,14
27021,92,98,-6,6
27022,108,104,4,4
27023,85,90,-5,5
27024,127,121,6,6
27025,114,110,4,4
27026,89,80,9,9
27027,98,101,-3,3
27028,47,48,-1,1
27029,95,104,-9,9
27030,174,168,6,6
27031,74,74,0,0
27032,214,203,11,11
27033,35,48,-13,13
27034,202,197,5,5
27035,83,78,5,5
27036,125,114,11,11
27037,109,95,14,14
27038,54,62,-8,8
27039,56,60,-4,4
27040,71,73,-2,2
27041,81,78,3,3
27042,78,79,-1,1
27043,61,63,-2,2
27044,77,74,3,3
27045,114,105,9,9
27046,59,62,-3,3
27047,116,122,-6,6
27048,49,62,-13,13
27049,66,84,-18,18
27050,91,79,12,12
27051,98,98,0,0
27052,73,77,-4,4
27053,78,76,2,2
27054,105,109,-4,4
27055,112,106,6,6
27056,84,89,-5,5
27057,78,72,6,6
27058,112,115,-3,3
27059,178,145,33,33
27060,134,131,3,3
27061,93,89,4,4
27062,99,98,1,1
27063,67,69,-2,2
27064,76,79,-3,3
27065,80,74,6,6
27066,74,74,0,0
27067,83,86,-3,3
27068,99,111,-12,12
27069,70,65,5,5
27070,64,70,-6,6
27071,128,118,10,10
27072,93,83,10,10
27073,65,65,0,0
27074,40,48,-8,8
27075,133,123,10,10
27076,97,98,-1,1
27077,89,96,-7,7
27078,73,74,-1,1
27079,102,93,9,9
27080,62,64,-2,2
27081,91,95,-4,4
27082,147,136,11,11
27083,70,67,3,3
27084,71,70,1,1
27085,86,88,-2,2
27086,62,64,-2,2
27087,104,92,12,12
27088,72,69,3,3
27089,52,57,-5,5
27090,38,50,-12,12
27091,67,72,-5,5
27092,196,180,16,16
27093,47,51,-4,4
27094,51,58,-7,7
27095,88,86,2,2
27096,96,96,0,0
27097,42,49,-7,7
27098,101,104,-3,3
27099,105,99,6,6
27100,70,70,0,0
27101,87,100,-13,13
27102,120,119,1,1
27103,71,69,2,2
27104,118,107,11,11
27105,71,84,-13,13
27106,101,108,-7,7
27107,80,77,3,3
27108,107,99,8,8
27109,87,78,9,9
27110,60,65,-5,5
27111,56,56,0,0
27112,79,79,0,0
27113,148,141,7,7
27114,75,75,0,0
27115,53,57,-4,4
27116,88,86,2,2
27117,104,123,-19,19
27118,77,68,9,9
27119,53,58,-5,5
27120,114,112,2,2
27121,74,69,5,5
27122,73,81,-8,8
27123,127,118,9,9
27124,81,76,5,5
27125,127,122,5,5
27126,139,124,15,15
27127,78,78,0,0
27128,79,74,5,5
27129,115,104,11,11
27130,125,110,15,15
27131,141,135,6,6
27132,127,111,16,16
27133,105,103,2,2
27134,57,63,-6,6
27135,99,102,-3,3
27136,91,87,4,4
27137,98,90,8,8
27138,114,124,-10,10
27139,74,74,0,0
27140,143,124,19,19
27141,68,70,-2,2
27142,159,143,16,16
27143,69,68,1,1
27144,72,67,5,5
27145,48,55,-7,7
27146,110,108,2,2
27147,86,86,0,0
27148,72,74,-2,2
27149,80,75,5,5
27150,70,76,-6,6
27151,37,47,-10,10
27152,79,78,1,1
27153,53,51,2,2
27154,82,78,4,4
27155,55,63,-8,8
27156,72,77,-5,5
27157,104,103,1,1
27158,81,81,0,0
27159,131,131,0,0
27160,110,116,-6,6
27161,70,75,-5,5
27162,96,100,-4,4
27163,56,66,-10,10
27164,76,72,4,4
27165,87,91,-4,4
27166,100,94,6,6
27167,51,58,-7,7
27168,67,66,1,1
27169,50,58,-8,8
27170,72,89,-17,17
27171,69,70,-1,1
27172,96,100,-4,4
27173,90,84,6,6
27174,84,87,-3,3
27175,136,136,0,0
27176,83,84,-1,1
27177,93,98,-5,5
27178,130,143,-13,13
27179,111,110,1,1
27180,107,118,-11,11
27181,112,118,-6,6
27182,27,37,-10,10
27183,156,139,17,17
27184,102,96,6,6
27185,122,120,2,2
27186,114,103,11,11
27187,39,49,-10,10
27188,137,125,12,12
27189,86,86,0,0
27190,83,75,8,8
27191,148,140,8,8
27192,108,108,0,0
27193,102,98,4,4
27194,95,95,0,0
27195,52,64,-12,12
27196,78,84,-6,6
27197,99,99,0,0
27198,124,123,1,1
27199,94,102,-8,8
27200,120,121,-1,1
27201,102,104,-2,2
27202,128,127,1,1
27203,64,62,2,2
27204,78,75,3,3
27205,65,74,-9,9
27206,128,128,0,0
27207,88,79,9,9
27208,63,74,-11,11
27209,86,96,-10,10
27210,102,103,-1,1
27211,120,103,17,17
27212,95,102,-7,7
27213,83,79,4,4
27214,96,105,-9,9
27215,75,77,-2,2
27216,50,56,-6,6
27217,69,68,1,1
27218,118,104,14,14
27219,103,109,-6,6
27220,88,93,-5,5
27221,83,84,-1,1
27222,113,101,12,12
27223,89,80,9,9
27224,92,91,1,1
27225,96,98,-2,2
27226,97,115,-18,18
27227,57,57,0,0
27228,70,71,-1,1
27229,79,89,-10,10
27230,81,81,0,0
27231,106,101,5,5
27232,178,159,19,19
27233,141,136,5,5
27234,97,96,1,1
27235,152,150,2,2
27236,82,83,-1,1
27237,62,61,1,1
27238,69,75,-6,6
27239,145,136,9,9
27240,80,77,3,3
27241,124,118,6,6
27242,128,121,7,7
27243,147,132,15,15
27244,181,177,4,4
27245,92,97,-5,5
27246,48,55,-7,7
27247,144,139,5,5
27248,54,64,-10,10
27249,116,107,9,9
27250,106,98,8,8
27251,72,71,1,1
27252,139,125,14,14
27253,153,150,3,3
27254,105,98,7,7
27255,152,138,14,14
27256,137,121,16,16
27257,123,124,-1,1
27258,49,61,-12,12
27259,80,74,6,6
27260,63,59,4,4
27261,35,64,-29,29
27262,53,60,-7,7
27263,80,86,-6,6
27264,56,56,0,0
27265,143,145,-2,2
27266,160,149,11,11
27267,98,97,1,1
27268,98,93,5,5
27269,83,88,-5,5
27270,117,123,-6,6
27271,143,141,2,2
27272,91,97,-6,6
27273,60,70,-10,10
27274,106,99,7,7
27275,33,47,-14,14
27276,65,66,-1,1
27277,79,75,4,4
27278,47,49,-2,2
27279,78,79,-1,1
27280,108,110,-2,2
27281,59,68,-9,9
27282,75,84,-9,9
27283,130,127,3,3
27284,75,85,-10,10
27285,89,92,-3,3
27286,85,80,5,5
27287,127,117,10,10
27288,71,84,-13,13
27289,103,100,3,3
27290,40,46,-6,6
27291,57,72,-15,15
27292,142,133,9,9
27293,61,73,-12,12
27294,77,73,4,4
27295,95,97,-2,2
27296,90,73,17,17
27297,101,101,0,0
27298,64,64,0,0
27299,154,126,28,28
27300,90,89,1,1
27301,103,99,4,4
27302,134,125,9,9
27303,96,77,19,19
27304,48,53,-5,5
27305,88,78,10,10
27306,126,116,10,10
27307,80,73,7,7
27308,66,68,-2,2
27309,43,49,-6,6
27310,71,68,3,3
27311,102,99,3,3
27312,78,75,3,3
27313,99,97,2,2
27314,110,104,6,6
27315,105,104,1,1
27316,103,110,-7,7
27317,103,102,1,1
27318,62,77,-15,15
27319,92,95,-3,3
27320,68,74,-6,6
27321,94,94,0,0
27322,97,99,-2,2
27323,50,63,-13,13
27324,46,66,-20,20
27325,76,73,3,3
27326,127,108,19,19
27327,55,59,-4,4
27328,62,63,-1,1
27329,114,117,-3,3
27330,70,68,2,2
27331,110,109,1,1
27332,115,109,6,6
27333,102,94,8,8
27334,105,111,-6,6
27335,99,94,5,5
27336,122,120,2,2
27337,69,73,-4,4
27338,69,64,5,5
27339,79,78,1,1
27340,67,73,-6,6
27341,76,70,6,6
27342,54,58,-4,4
27343,96,92,4,4
27344,90,85,5,5
27345,73,71,2,2
27346,76,79,-3,3
27347,48,55,-7,7
27348,104,109,-5,5
27349,64,66,-2,2
27350,76,75,1,1
27351,106,102,4,4
27352,58,63,-5,5
27353,118,120,-2,2
27354,78,82,-4,4
27355,119,119,0,0
27356,64,69,-5,5
27357,144,113,31,31
27358,112,98,14,14
27359,60,65,-5,5
27360,58,84,-26,26
27361,148,159,-11,11
27362,70,68,2,2
27363,193,170,23,23
27364,90,93,-3,3
27365,50,56,-6,6
27366,94,89,5,5
27367,114,104,10,10
27368,57,64,-7,7
27369,72,87,-15,15
27370,97,85,12,12
27371,121,117,4,4
27372,96,95,1,1
27373,78,82,-4,4
27374,124,127,-3,3
27375,156,149,7,7
27376,103,97,6,6
27377,117,117,0,0
27378,75,67,8,8
27379,101,104,-3,3
27380,45,49,-4,4
27381,60,60,0,0
27382,124,124,0,0
27383,129,122,7,7
27384,90,93,-3,3
27385,79,85,-6,6
27386,64,68,-4,4
27387,87,98,-11,11
27388,138,132,6,6
27389,106,106,0,0
27390,96,100,-4,4
27391,124,120,4,4
27392,78,77,1,1
27393,99,95,4,4
27394,208,169,39,39
27395,111,109,2,2
27396,107,99,8,8
27397,92,85,7,7
27398,87,83,4,4
27399,108,116,-8,8
27400,70,65,5,5
27401,115,112,3,3
27402,86,91,-5,5
27403,86,84,2,2
27404,165,159,6,6
27405,59,98,-39,39
27406,111,116,-5,5
27407,196,170,26,26
27408,99,96,3,3
27409,121,99,22,22
27410,57,58,-1,1
27411,78,74,4,4
27412,98,99,-1,1
27413,90,81,9,9
27414,89,93,-4,4
27415,97,95,2,2
27416,77,77,0,0
27417,78,77,1,1
27418,95,111,-16,16
27419,98,97,1,1
27420,126,113,13,13
27421,107,108,-1,1
27422,83,84,-1,1
27423,129,131,-2,2
27424,93,99,-6,6
27425,210,175,35,35
27426,112,112,0,0
27427,51,57,-6,6
27428,93,82,11,11
27429,61,70,-9,9
27430,76,85,-9,9
27431,107,105,2,2
27432,115,98,17,17
27433,106,107,-1,1
27434,77,79,-2,2
27435,102,103,-1,1
27436,54,63,-9,9
27437,81,73,8,8
27438,64,76,-12,12
27439,134,131,3,3
27440,124,111,13,13
27441,49,59,-10,10
27442,90,101,-11,11
27443,72,67,5,5
27444,76,80,-4,4
27445,114,104,10,10
27446,59,70,-11,11
27447,97,112,-15,15
27448,96,90,6,6
27449,177,144,33,33
27450,111,106,5,5
27451,105,112,-7,7
27452,78,91,-13,13
27453,85,93,-8,8
27454,71,70,1,1
27455,114,114,0,0
27456,78,84,-6,6
27457,164,152,12,12
27458,75,78,-3,3
27459,128,121,7,7
27460,105,112,-7,7
27461,75,74,1,1
27462,87,88,-1,1
27463,104,99,5,5
27464,130,122,8,8
27465,101,105,-4,4
27466,81,79,2,2
27467,75,75,0,0
27468,115,110,5,5
27469,80,75,5,5
27470,54,68,-14,14
27471,93,97,-4,4
27472,142,117,25,25
27473,41,51,-10,10
27474,78,79,-1,1
27475,62,65,-3,3
27476,68,77,-9,9
27477,45,56,-11,11
27478,99,97,2,2
27479,92,87,5,5
27480,88,81,7,7
27481,134,135,-1,1
27482,112,105,7,7
27483,97,103,-6,6
27484,131,136,-5,5
27485,71,70,1,1
27486,39,48,-9,9
27487,68,73,-5,5
27488,47,50,-3,3
27489,60,60,0,0
27490,151,122,29,29
27491,81,72,9,9
27492,104,100,4,4
27493,99,104,-5,5
27494,103,100,3,3
27495,84,82,2,2
27496,92,93,-1,1
27497,108,108,0,0
27498,124,119,5,5
27499,68,75,-7,7
27500,107,106,1,1
27501,97,84,13,13
27502,108,103,5,5
27503,54,65,-11,11
27504,75,74,1,1
27505,43,53,-10,10
27506,105,108,-3,3
27507,103,111,-8,8
27508,85,91,-6,6
27509,121,120,1,1
27510,85,88,-3,3
27511,102,94,8,8
27512,113,118,-5,5
27513,70,74,-4,4
27514,120,110,10,10
27515,106,97,9,9
27516,72,75,-3,3
27517,89,92,-3,3
27518,90,89,1,1
27519,52,54,-2,2
27520,78,83,-5,5
27521,88,95,-7,7
27522,290,240,50,50
27523,98,97,1,1
27524,94,97,-3,3
27525,130,114,16,16
27526,50,68,-18,18
27527,102,97,5,5
27528,72,71,1,1
27529,79,76,3,3
27530,101,101,0,0
27531,88,78,10,10
27532,75,76,-1,1
27533,109,118,-9,9
27534,68,68,0,0
27535,117,113,4,4
27536,112,108,4,4
27537,149,137,12,12
27538,94,100,-6,6
27539,73,74,-1,1
27540,86,83,3,3
27541,68,74,-6,6
27542,94,93,1,1
27543,96,99,-3,3
27544,86,112,-26,26
27545,84,89,-5,5
27546,98,91,7,7
27547,149,139,10,10
27548,92,92,0,0
27549,72,67,5,5
27550,108,105,3,3
27551,85,96,-11,11
27552,92,92,0,0
27553,72,76,-4,4
27554,73,80,-7,7
27555,91,92,-1,1
27556,167,165,2,2
27557,78,88,-10,10
27558,50,66,-16,16
27559,96,82,14,14
27560,105,111,-6,6
27561,102,101,1,1
27562,106,99,7,7
27563,138,127,11,11
27564,123,124,-1,1
27565,76,74,2,2
27566,95,93,2,2
27567,87,88,-1,1
27568,154,150,4,4
27569,75,73,2,2
27570,137,122,15,15
27571,98,87,11,11
27572,96,96,0,0
27573,68,71,-3,3
27574,66,77,-11,11
27575,96,97,-1,1
27576,99,101,-2,2
27577,53,67,-14,14
27578,36,65,-29,29
27579,79,81,-2,2
27580,108,106,2,2
27581,20,36,-16,16
27582,95,97,-2,2
27583,78,82,-4,4
27584,114,114,0,0
27585,89,101,-12,12
27586,118,136,-18,18
27587,163,145,18,18
27588,64,64,0,0
27589,50,50,0,0
27590,65,68,-3,3
27591,91,87,4,4
27592,126,128,-2,2
27593,96,96,0,0
27594,115,107,8,8
27595,114,110,4,4
27596,139,114,25,25
27597,45,62,-17,17
27598,155,152,3,3
27599,77,70,7,7
27600,105,92,13,13
27601,156,126,30,30
27602,90,91,-1,1
27603,105,97,8,8
27604,36,47,-11,11
27605,134,141,-7,7
27606,111,119,-8,8
27607,61,60,1,1
27608,97,98,-1,1
27609,76,76,0,0
27610,81,86,-5,5
27611,71,68,3,3
27612,99,94,5,5
27613,98,101,-3,3
27614,89,86,3,3
27615,153,146,7,7
27616,110,113,-3,3
27617,61,63,-2,2
27618,72,77,-5,5
27619,107,103,4,4
27620,107,104,3,3
27621,116,109,7,7
27622,116,108,8,8
27623,71,71,0,0
27624,95,94,1,1
27625,99,100,-1,1
27626,59,60,-1,1
27627,107,127,-20,20
27628,130,121,9,9
27629,95,78,17,17
27630,165,143,22,22
27631,171,150,21,21
27632,93,100,-7,7
27633,79,87,-8,8
27634,175,156,19,19
27635,121,115,6,6
27636,155,148,7,7
27637,174,166,8,8
27638,81,74,7,7
27639,57,59,-2,2
27640,180,149,31,31
27641,116,109,7,7
27642,162,154,8,8
27643,77,75,2,2
27644,78,77,1,1
27645,111,108,3,3
27646,87,78,9,9
27647,37,48,-11,11
27648,176,165,11,11
27649,69,77,-8,8
27650,72,76,-4,4
27651,91,93,-2,2
27652,102,98,4,4
27653,81,84,-3,3
27654,142,135,7,7
27655,189,161,28,28
27656,200,176,24,24
27657,61,68,-7,7
27658,89,91,-2,2
27659,94,99,-5,5
27660,88,88,0,0
27661,85,80,5,5
27662,88,88,0,0
27663,52,56,-4,4
27664,61,81,-20,20
27665,79,77,2,2
27666,141,129,12,12
27667,83,84,-1,1
27668,112,135,-23,23
27669,123,117,6,6
27670,54,55,-1,1
27671,66,68,-2,2
27672,117,115,2,2
27673,73,75,-2,2
27674,70,82,-12,12
27675,66,64,2,2
27676,105,119,-14,14
27677,77,81,-4,4
27678,100,97,3,3
27679,167,142,25,25
27680,73,72,1,1
27681,130,123,7,7
27682,87,74,13,13
27683,85,79,6,6
27684,69,70,-1,1
27685,73,73,0,0
27686,77,83,-6,6
27687,138,133,5,5
27688,80,90,-10,10
27689,55,60,-5,5
27690,117,105,12,12
27691,110,105,5,5
27692,60,59,1,1
27693,96,91,5,5
27694,85,78,7,7
27695,106,111,-5,5
27696,94,93,1,1
27697,69,76,-7,7
27698,125,124,1,1
27699,179,157,22,22
27700,86,86,0,0
27701,129,121,8,8
27702,82,85,-3,3
27703,91,82,9,9
27704,150,142,8,8
27705,57,64,-7,7
27706,70,71,-1,1
27707,134,127,7,7
27708,71,73,-2,2
27709,74,82,-8,8
27710,83,84,-1,1
27711,82,100,-18,18
27712,70,74,-4,4
27713,82,92,-10,10
27714,52,59,-7,7
27715,93,85,8,8
27716,54,63,-9,9
27717,136,135,1,1
27718,72,74,-2,2
27719,86,109,-23,23
27720,108,114,-6,6
27721,93,87,6,6
27722,57,75,-18,18
27723,78,77,1,1
27724,130,119,11,11
27725,83,84,-1,1
27726,116,106,10,10
27727,103,94,9,9
27728,79,84,-5,5
27729,43,52,-9,9
27730,100,101,-1,1
27731,77,76,1,1
27732,127,121,6,6
27733,83,83,0,0
27734,134,147,-13,13
27735,108,97,11,11
27736,122,112,10,10
27737,86,90,-4,4
27738,71,73,-2,2
27739,111,109,2,2
27740,132,120,12,12
27741,200,185,15,15
27742,77,74,3,3
27743,131,114,17,17
27744,75,76,-1,1
27745,66,67,-1,1
27746,83,79,4,4
27747,155,142,13,13
27748,104,91,13,13
27749,85,82,3,3
27750,149,132,17,17
27751,198,240,-42,42
27752,68,83,-15,15
27753,143,109,34,34
27754,118,104,14,14
27755,75,74,1,1
27756,150,166,-16,16
27757,52,57,-5,5
27758,153,145,8,8
27759,88,99,-11,11
27760,101,113,-12,12
27761,74,72,2,2
27762,102,103,-1,1
27763,140,129,11,11
27764,71,67,4,4
27765,110,98,12,12
27766,110,109,1,1
27767,63,67,-4,4
27768,66,72,-6,6
27769,49,57,-8,8
27770,54,56,-2,2
27771,86,90,-4,4
27772,58,60,-2,2
27773,54,58,-4,4
27774,60,69,-9,9
27775,77,76,1,1
27776,70,77,-7,7
27777,91,90,1,1
27778,112,108,4,4
27779,89,88,1,1
27780,80,77,3,3
27781,95,96,-1,1
27782,98,94,4,4
27783,91,90,1,1
27784,117,115,2,2
27785,76,81,-5,5
27786,126,149,-23,23
27787,131,119,12,12
27788,65,68,-3,3
27789,90,84,6,6
27790,77,76,1,1
27791,114,112,2,2
27792,88,85,3,3
27793,90,89,1,1
27794,84,91,-7,7
27795,135,117,18,18
27796,95,90,5,5
27797,94,101,-7,7
27798,106,103,3,3
27799,75,72,3,3
27800,115,111,4,4
27801,143,143,0,0
27802,60,57,3,3
27803,68,64,4,4
27804,73,70,3,3
27805,168,145,23,23
27806,99,104,-5,5
27807,108,106,2,2
27808,77,87,-10,10
27809,60,59,1,1
27810,79,76,3,3
27811,103,115,-12,12
27812,120,119,1,1
27813,137,142,-5,5
27814,80,92,-12,12
27815,78,79,-1,1
27816,49,60,-11,11
27817,97,108,-11,11
27818,104,103,1,1
27819,172,155,17,17
27820,154,147,7,7
27821,93,97,-4,4
27822,103,94,9,9
27823,51,58,-7,7
27824,72,73,-1,1
27825,81,85,-4,4
27826,69,65,4,4
27827,111,99,12,12
27828,106,104,2,2
27829,143,130,13,13
27830,46,48,-2,2
27831,118,118,0,0
27832,136,118,18,18
27833,103,97,6,6
27834,115,118,-3,3
27835,100,97,3,3
27836,130,121,9,9
27837,146,131,15,15
27838,106,103,3,3
27839,160,151,9,9
27840,151,113,38,38
27841,111,107,4,4
27842,132,114,18,18
27843,70,63,7,7
27844,95,97,-2,2
27845,113,107,6,6
27846,100,127,-27,27
27847,84,76,8,8
27848,144,127,17,17
27849,75,83,-8,8
27850,127,126,1,1
27851,35,44,-9,9
27852,48,64,-16,16
27853,52,57,-5,5
27854,110,110,0,0
27855,109,105,4,4
27856,72,74,-2,2
27857,99,97,2,2
27858,58,57,1,1
27859,81,73,8,8
27860,96,84,12,12
27861,71,72,-1,1
27862,122,103,19,19
27863,151,138,13,13
27864,92,89,3,3
27865,69,70,-1,1
27866,111,106,5,5
27867,106,99,7,7
27868,122,119,3,3
27869,100,85,15,15
27870,62,66,-4,4
27871,77,75,2,2
27872,111,111,0,0
27873,68,76,-8,8
27874,97,92,5,5
27875,118,89,29,29
27876,118,115,3,3
27877,97,105,-8,8
27878,78,81,-3,3
27879,146,140,6,6
27880,99,97,2,2
27881,76,74,2,2
27882,64,62,2,2
27883,48,54,-6,6
27884,89,87,2,2
27885,59,61,-2,2
27886,74,77,-3,3
27887,72,77,-5,5
27888,83,78,5,5
27889,83,70,13,13
27890,97,102,-5,5
27891,100,95,5,5
27892,181,176,5,5
27893,37,44,-7,7
27894,64,67,-3,3
27895,84,73,11,11
27896,68,66,2,2
27897,54,56,-2,2
27898,85,83,2,2
27899,75,77,-2,2
27900,98,96,2,2
27901,147,132,15,15
27902,138,131,7,7
27903,61,63,-2,2
27904,83,90,-7,7
27905,158,134,24,24
27906,119,111,8,8
27907,88,83,5,5
27908,119,113,6,6
27909,118,105,13,13
27910,68,68,0,0
27911,49,56,-7,7
27912,112,102,10,10
27913,113,106,7,7
27914,83,92,-9,9
27915,81,90,-9,9
27916,31,43,-12,12
27917,87,76,11,11
27918,144,133,11,11
27919,133,140,-7,7
27920,137,134,3,3
27921,95,99,-4,4
27922,80,83,-3,3
27923,109,107,2,2
27924,90,96,-6,6
27925,70,70,0,0
27926,66,73,-7,7
27927,81,72,9,9
27928,156,149,7,7
27929,70,79,-9,9
27930,95,102,-7,7
27931,109,100,9,9
27932,61,110,-49,49
27933,40,49,-9,9
27934,138,142,-4,4
27935,96,89,7,7
27936,53,66,-13,13
27937,85,95,-10,10
27938,137,125,12,12
27939,113,109,4,4
27940,127,123,4,4
27941,77,71,6,6
27942,66,70,-4,4
27943,36,47,-11,11
27944,83,87,-4,4
27945,120,104,16,16
27946,55,63,-8,8
27947,61,69,-8,8
27948,68,67,1,1
27949,93,96,-3,3
27950,173,163,10,10
27951,58,65,-7,7
27952,75,76,-1,1
27953,83,73,10,10
27954,141,144,-3,3
27955,67,69,-2,2
27956,35,48,-13,13
27957,63,69,-6,6
27958,52,58,-6,6
27959,183,166,17,17
27960,52,57,-5,5
27961,72,71,1,1
27962,77,79,-2,2
27963,61,60,1,1
27964,124,112,12,12
27965,78,82,-4,4
27966,123,123,0,0
27967,122,119,3,3
27968,88,91,-3,3
27969,74,79,-5,5
27970,66,72,-6,6
27971,69,77,-8,8
27972,92,96,-4,4
27973,79,76,3,3
27974,45,68,-23,23
27975,115,113,2,2
27976,143,139,4,4
27977,99,103,-4,4
27978,129,133,-4,4
27979,103,102,1,1
27980,90,99,-9,9
27981,88,88,0,0
27982,123,126,-3,3
27983,175,148,27,27
27984,95,92,3,3
27985,105,107,-2,2
27986,65,71,-6,6
27987,66,63,3,3
27988,137,120,17,17
27989,84,88,-4,4
27990,110,103,7,7
27991,118,105,13,13
27992,114,113,1,1
27993,97,108,-11,11
27994,90,87,3,3
27995,124,124,0,0
27996,158,153,5,5
27997,67,94,-27,27
27998,96,94,2,2
27999,97,93,4,4
28000,108,104,4,4
28001,106,103,3,3
28002,56,57,-1,1
28003,69,71,-2,2
28004,41,53,-12,12
28005,67,68,-1,1
28006,172,164,8,8
28007,53,57,-4,4
28008,94,88,6,6
28009,121,114,7,7
28010,97,85,12,12
28011,91,94,-3,3
28012,117,98,19,19
28013,125,140,-15,15
28014,59,63,-4,4
28015,114,105,9,9
28016,87,84,3,3
28017,106,108,-2,2
28018,77,79,-2,2
28019,135,117,18,18
28020,145,122,23,23
28021,72,73,-1,1
28022,53,65,-12,12
28023,149,137,12,12
28024,101,104,-3,3
28025,76,62,14,14
28026,87,97,-10,10
28027,73,69,4,4
28028,107,107,0,0
28029,67,68,-1,1
28030,67,74,-7,7
28031,80,83,-3,3
28032,91,90,1,1
28033,91,87,4,4
28034,104,114,-10,10
28035,66,62,4,4
28036,90,88,2,2
28037,71,83,-12,12
28038,118,99,19,19
28039,87,93,-6,6
28040,68,69,-1,1
28041,114,113,1,1
28042,117,115,2,2
28043,130,120,10,10
28044,134,140,-6,6
28045,125,125,0,0
28046,74,72,2,2
28047,88,85,3,3
28048,56,72,-16,16
28049,116,113,3,3
28050,145,139,6,6
28051,75,67,8,8
28052,71,87,-16,16
28053,50,58,-8,8
28054,97,99,-2,2
28055,55,55,0,0
28056,52,53,-1,1
28057,154,122,32,32
28058,132,125,7,7
28059,180,156,24,24
28060,68,72,-4,4
28061,86,88,-2,2
28062,147,146,1,1
28063,68,85,-17,17
28064,80,77,3,3
28065,98,93,5,5
28066,109,118,-9,9
28067,88,90,-2,2
28068,78,86,-8,8
28069,86,76,10,10
28070,42,50,-8,8
28071,74,86,-12,12
28072,137,130,7,7
28073,110,107,3,3
28074,76,85,-9,9
28075,64,67,-3,3
28076,150,136,14,14
28077,116,104,12,12
28078,74,78,-4,4
28079,69,70,-1,1
28080,55,55,0,0
28081,114,122,-8,8
28082,178,178,0,0
28083,78,74,4,4
28084,71,69,2,2
28085,80,86,-6,6
28086,119,131,-12,12
28087,59,66,-7,7
28088,75,69,6,6
28089,77,89,-12,12
28090,64,75,-11,11
28091,118,106,12,12
28092,141,133,8,8
28093,144,145,-1,1
28094,118,113,5,5
28095,90,76,14,14
28096,96,99,-3,3
28097,107,102,5,5
28098,141,148,-7,7
28099,71,63,8,8
28100,94,85,9,9
28101,196,176,20,20
28102,93,101,-8,8
28103,122,102,20,20
28104,78,82,-4,4
28105,83,100,-17,17
28106,84,78,6,6
28107,65,62,3,3
28108,165,159,6,6
28109,116,126,-10,10
28110,91,77,14,14
28111,69,66,3,3
28112,87,78,9,9
28113,94,101,-7,7
28114,113,109,4,4
28115,169,163,6,6
28116,112,100,12,12
28117,85,89,-4,4
28118,113,105,8,8
28119,145,125,20,20
28120,53,61,-8,8
28121,97,98,-1,1
28122,102,106,-4,4
28123,107,119,-12,12
28124,88,85,3,3
28125,76,75,1,1
28126,46,53,-7,7
28127,83,85,-2,2
28128,99,92,7,7
28129,118,113,5,5
28130,85,77,8,8
28131,112,112,0,0
28132,120,108,12,12
28133,246,210,36,36
28134,124,112,12,12
28135,64,70,-6,6
28136,118,106,12,12
28137,118,112,6,6
28138,78,79,-1,1
28139,74,84,-10,10
28140,86,84,2,2
28141,90,77,13,13
28142,132,134,-2,2
28143,125,121,4,4
28144,70,70,0,0
28145,69,67,2,2
28146,119,112,7,7
28147,144,128,16,16
28148,172,158,14,14
28149,83,84,-1,1
28150,99,92,7,7
28151,104,101,3,3
28152,127,121,6,6
28153,78,72,6,6
28154,110,98,12,12
28155,53,57,-4,4
28156,79,85,-6,6
28157,47,49,-2,2
28158,123,127,-4,4
28159,132,126,6,6
28160,104,102,2,2
28161,127,124,3,3
28162,105,94,11,11
28163,65,71,-6,6
28164,100,103,-3,3
28165,192,163,29,29
28166,61,92,-31,31
28167,106,112,-6,6
28168,38,73,-35,35
28169,186,158,28,28
28170,166,145,21,21
28171,122,113,9,9
28172,141,137,4,4
28173,122,128,-6,6
28174,39,64,-25,25
28175,117,117,0,0
28176,128,125,3,3
28177,148,141,7,7
28178,118,113,5,5
28179,96,96,0,0
28180,72,79,-7,7
28181,76,70,6,6
28182,63,62,1,1
28183,84,92,-8,8
28184,102,100,2,2
28185,75,75,0,0
28186,92,94,-2,2
28187,69,68,1,1
28188,94,84,10,10
28189,70,70,0,0
28190,112,102,10,10
28191,87,78,9,9
28192,68,72,-4,4
28193,123,138,-15,15
28194,81,69,12,12
28195,116,125,-9,9
28196,82,87,-5,5
28197,149,130,19,19
28198,60,74,-14,14
28199,59,69,-10,10
28200,110,98,12,12
28201,89,122,-33,33
28202,114,112,2,2
28203,128,120,8,8
28204,57,67,-10,10
28205,77,82,-5,5
28206,85,84,1,1
28207,194,189,5,5
28208,72,88,-16,16
28209,75,82,-7,7
28210,57,85,-28,28
28211,165,147,18,18
28212,99,96,3,3
28213,84,83,1,1
28214,89,95,-6,6
28215,64,67,-3,3
28216,115,125,-10,10
28217,81,83,-2,2
28218,96,104,-8,8
28219,134,134,0,0
28220,74,73,1,1
28221,121,136,-15,15
28222,81,93,-12,12
28223,58,60,-2,2
28224,77,71,6,6
28225,97,97,0,0
28226,66,63,3,3
28227,104,104,0,0
28228,112,113,-1,1
28229,59,61,-2,2
28230,151,137,14,14
28231,111,102,9,9
28232,133,125,8,8
28233,76,75,1,1
28234,93,97,-4,4
28235,76,75,1,1
28236,85,78,7,7
28237,151,146,5,5
28238,76,81,-5,5
28239,79,75,4,4
28240,172,182,-10,10
28241,148,131,17,17
28242,89,92,-3,3
28243,87,78,9,9
28244,128,122,6,6
28245,71,67,4,4
28246,72,69,3,3
28247,77,79,-2,2
28248,100,96,4,4
28249,107,111,-4,4
28250,86,84,2,2
28251,81,75,6,6
28252,93,93,0,0
28253,56,58,-2,2
28254,138,125,13,13
28255,77,79,-2,2
28256,175,162,13,13
28257,72,73,-1,1
28258,93,91,2,2
28259,92,88,4,4
28260,104,114,-10,10
28261,132,119,13,13
28262,81,85,-4,4
28263,71,76,-5,5
28264,140,144,-4,4
28265,102,97,5,5
28266,53,58,-5,5
28267,87,93,-6,6
28268,147,137,10,10
28269,93,102,-9,9
28270,65,67,-2,2
28271,154,139,15,15
28272,222,197,25,25
28273,107,98,9,9
28274,81,76,5,5
28275,59,63,-4,4
28276,63,64,-1,1
28277,100,100,0,0
28278,89,83,6,6
28279,70,69,1,1
28280,90,95,-5,5
28281,135,136,-1,1
28282,112,106,6,6
28283,102,98,4,4
28284,126,127,-1,1
28285,87,91,-4,4
28286,98,97,1,1
28287,128,112,16,16
28288,54,60,-6,6
28289,88,91,-3,3
28290,79,76,3,3
28291,177,161,16,16
28292,110,106,4,4
28293,68,75,-7,7
28294,126,124,2,2
28295,115,111,4,4
28296,105,108,-3,3
28297,86,84,2,2
28298,66,99,-33,33
28299,65,61,4,4
28300,78,89,-11,11
28301,87,85,2,2
28302,108,108,0,0
28303,46,60,-14,14
28304,106,105,1,1
28305,127,117,10,10
28306,137,134,3,3
28307,84,76,8,8
28308,73,84,-11,11
28309,70,68,2,2
28310,76,75,1,1
28311,84,81,3,3
28312,125,97,28,28
28313,73,76,-3,3
28314,176,167,9,9
28315,97,95,2,2
28316,128,120,8,8
28317,74,75,-1,1
28318,145,135,10,10
28319,93,97,-4,4
28320,70,71,-1,1
28321,67,78,-11,11
28322,84,84,0,0
28323,59,61,-2,2
28324,92,93,-1,1
28325,112,107,5,5
28326,51,56,-5,5
28327,56,59,-3,3
28328,92,92,0,0
28329,49,60,-11,11
28330,98,103,-5,5
28331,71,76,-5,5
28332,72,74,-2,2
28333,68,78,-10,10
28334,87,93,-6,6
28335,121,112,9,9
28336,94,96,-2,2
28337,76,87,-11,11
28338,112,105,7,7
28339,69,65,4,4
28340,113,112,1,1
28341,129,128,1,1
28342,105,109,-4,4
28343,99,108,-9,9
28344,58,64,-6,6
28345,130,119,11,11
28346,85,84,1,1
28347,73,66,7,7
28348,56,53,3,3
28349,97,103,-6,6
28350,104,111,-7,7
28351,73,76,-3,3
28352,111,104,7,7
28353,73,69,4,4
28354,98,90,8,8
28355,102,105,-3,3
28356,80,75,5,5
28357,47,51,-4,4
28358,102,111,-9,9
28359,76,77,-1,1
28360,69,76,-7,7
28361,85,90,-5,5
28362,111,117,-6,6
28363,34,42,-8,8
28364,137,134,3,3
28365,79,78,1,1
28366,72,79,-7,7
28367,62,71,-9,9
28368,91,91,0,0
28369,82,84,-2,2
28370,120,132,-12,12
28371,92,97,-5,5
28372,110,112,-2,2
28373,122,116,6,6
28374,119,113,6,6
28375,183,172,11,11
28376,61,67,-6,6
28377,97,88,9,9
28378,117,116,1,1
28379,71,74,-3,3
28380,100,85,15,15
28381,119,112,7,7
28382,94,84,10,10
28383,94,98,-4,4
28384,97,86,11,11
28385,62,58,4,4
28386,74,77,-3,3
28387,104,106,-2,2
28388,143,142,1,1
28389,74,78,-4,4
28390,126,120,6,6
28391,64,70,-6,6
28392,97,92,5,5
28393,82,78,4,4
28394,56,66,-10,10
28395,98,100,-2,2
28396,139,129,10,10
28397,102,101,1,1
28398,100,101,-1,1
28399,115,99,16,16
28400,138,121,17,17
28401,39,48,-9,9
28402,132,129,3,3
28403,127,130,-3,3
28404,98,92,6,6
28405,83,72,11,11
28406,106,112,-6,6
28407,161,145,16,16
28408,77,66,11,11
28409,76,90,-14,14
28410,96,91,5,5
28411,107,111,-4,4
28412,85,250,-165,165
28413,79,80,-1,1
28414,102,98,4,4
28415,57,55,2,2
28416,79,84,-5,5
28417,76,87,-11,11
28418,82,89,-7,7
28419,56,58,-2,2
28420,84,83,1,1
28421,110,101,9,9
28422,183,159,24,24
28423,118,124,-6,6
28424,100,95,5,5
28425,109,99,10,10
28426,101,97,4,4
28427,57,65,-8,8
28428,89,106,-17,17
28429,148,131,17,17
28430,202,193,9,9
28431,137,139,-2,2
28432,91,89,2,2
28433,112,111,1,1
28434,68,70,-2,2
28435,83,83,0,0
28436,72,72,0,0
28437,79,77,2,2
28438,116,113,3,3
28439,54,59,-5,5
28440,87,91,-4,4
28441,82,83,-1,1
28442,104,101,3,3
28443,126,121,5,5
28444,106,110,-4,4
28445,116,107,9,9
28446,91,97,-6,6
28447,77,74,3,3
28448,123,133,-10,10
28449,145,135,10,10
28450,88,84,4,4
28451,95,107,-12,12
28452,79,88,-9,9
28453,91,98,-7,7
28454,133,124,9,9
28455,165,173,-8,8
28456,61,64,-3,3
28457,63,71,-8,8
28458,120,113,7,7
28459,54,55,-1,1
28460,145,136,9,9
28461,130,127,3,3
28462,68,72,-4,4
28463,55,58,-3,3
28464,90,87,3,3
28465,102,92,10,10
28466,52,57,-5,5
28467,102,102,0,0
28468,162,157,5,5
28469,85,92,-7,7
28470,81,84,-3,3
28471,57,56,1,1
28472,82,76,6,6
28473,135,97,38,38
28474,43,52,-9,9
28475,82,75,7,7
28476,66,72,-6,6
28477,102,99,3,3
28478,70,71,-1,1
28479,151,141,10,10
28480,127,124,3,3
28481,77,67,10,10
28482,137,121,16,16
28483,83,74,9,9
28484,183,165,18,18
28485,43,46,-3,3
28486,129,123,6,6
28487,58,56,2,2
28488,73,77,-4,4
28489,67,65,2,2
28490,57,64,-7,7
28491,133,135,-2,2
28492,76,79,-3,3
28493,87,88,-1,1
28494,76,77,-1,1
28495,99,89,10,10
28496,95,94,1,1
28497,56,61,-5,5
28498,146,136,10,10
28499,123,109,14,14
28500,93,114,-21,21
28501,71,75,-4,4
28502,97,92,5,5
28503,122,110,12,12
28504,97,100,-3,3
28505,86,84,2,2
28506,87,90,-3,3
28507,134,119,15,15
28508,99,100,-1,1
28509,135,128,7,7
28510,85,85,0,0
28511,132,128,4,4
28512,54,58,-4,4
28513,77,84,-7,7
28514,63,70,-7,7
28515,138,134,4,4
28516,58,63,-5,5
28517,141,132,9,9
28518,161,153,8,8
28519,105,113,-8,8
28520,107,113,-6,6
28521,153,155,-2,2
28522,90,91,-1,1
28523,147,146,1,1
28524,92,98,-6,6
28525,34,40,-6,6
28526,90,94,-4,4
28527,50,60,-10,10
28528,83,78,5,5
28529,127,130,-3,3
28530,59,57,2,2
28531,57,66,-9,9
28532,115,113,2,2
28533,91,96,-5,5
28534,143,128,15,15
28535,119,111,8,8
28536,97,100,-3,3
28537,155,148,7,7
28538,128,122,6,6
28539,67,68,-1,1
28540,60,66,-6,6
28541,103,97,6,6
28542,128,120,8,8
28543,100,98,2,2
28544,71,72,-1,1
28545,85,88,-3,3
28546,74,73,1,1
28547,172,138,34,34
28548,73,73,0,0
28549,51,56,-5,5
28550,76,83,-7,7
28551,110,110,0,0
28552,125,114,11,11
28553,49,60,-11,11
28554,145,129,16,16
28555,81,75,6,6
28556,79,100,-21,21
28557,108,104,4,4
28558,95,94,1,1
28559,66,63,3,3
28560,78,77,1,1
28561,41,52,-11,11
28562,89,84,5,5
28563,60,65,-5,5
28564,88,81,7,7
28565,54,65,-11,11
28566,112,105,7,7
28567,135,121,14,14
28568,123,121,2,2
28569,76,95,-19,19
28570,82,79,3,3
28571,38,46,-8,8
28572,51,56,-5,5
28573,33,50,-17,17
28574,100,97,3,3
28575,64,73,-9,9
28576,98,100,-2,2
28577,104,98,6,6
28578,108,109,-1,1
28579,112,111,1,1
28580,54,61,-7,7
28581,75,75,0,0
28582,89,96,-7,7
28583,137,124,13,13
28584,66,63,3,3
28585,81,83,-2,2
28586,91,95,-4,4
28587,84,88,-4,4
28588,52,53,-1,1
28589,64,70,-6,6
28590,176,167,9,9
28591,59,65,-6,6
28592,70,68,2,2
28593,69,66,3,3
28594,83,107,-24,24
28595,71,74,-3,3
28596,61,66,-5,5
28597,65,65,0,0
28598,94,111,-17,17
28599,53,55,-2,2
28600,66,61,5,5
28601,93,93,0,0
28602,66,67,-1,1
28603,75,70,5,5
28604,96,103,-7,7
28605,66,67,-1,1
28606,158,121,37,37
28607,80,73,7,7
28608,67,66,1,1
28609,67,69,-2,2
28610,79,76,3,3
28611,57,61,-4,4
28612,66,71,-5,5
28613,44,50,-6,6
28614,59,61,-2,2
28615,150,137,13,13
28616,128,120,8,8
28617,74,75,-1,1
28618,38,56,-18,18
28619,51,54,-3,3
28620,123,122,1,1
28621,61,60,1,1
28622,77,67,10,10
28623,61,64,-3,3
28624,94,86,8,8
28625,104,109,-5,5
28626,62,74,-12,12
28627,115,106,9,9
28628,122,105,17,17
28629,96,97,-1,1
28630,84,84,0,0
28631,119,113,6,6
28632,99,96,3,3
28633,85,84,1,1
28634,118,109,9,9
28635,144,128,16,16
28636,54,59,-5,5
28637,152,135,17,17
28638,47,57,-10,10
28639,67,64,3,3
28640,81,79,2,2
28641,125,120,5,5
28642,104,99,5,5
28643,63,71,-8,8
28644,71,63,8,8
28645,56,67,-11,11
28646,144,141,3,3
28647,125,133,-8,8
28648,64,62,2,2
28649,108,94,14,14
28650,87,83,4,4
28651,66,75,-9,9
28652,83,87,-4,4
28653,102,99,3,3
28654,120,119,1,1
28655,114,112,2,2
28656,114,110,4,4
28657,148,142,6,6
28658,100,97,3,3
28659,76,74,2,2
28660,53,62,-9,9
28661,104,105,-1,1
28662,101,105,-4,4
28663,93,97,-4,4
28664,50,52,-2,2
28665,47,54,-7,7
28666,137,129,8,8
28667,109,102,7,7
28668,83,96,-13,13
28669,32,39,-7,7
28670,69,66,3,3
28671,92,90,2,2
28672,78,83,-5,5
28673,96,110,-14,14
28674,92,81,11,11
28675,53,56,-3,3
28676,144,138,6,6
28677,107,98,9,9
28678,112,107,5,5
28679,72,66,6,6
28680,108,100,8,8
28681,84,78,6,6
28682,54,61,-7,7
28683,82,113,-31,31
28684,98,87,11,11
28685,73,79,-6,6
28686,50,61,-11,11
28687,89,91,-2,2
28688,66,67,-1,1
28689,140,141,-1,1
28690,97,96,1,1
28691,77,85,-8,8
28692,106,78,28,28
28693,73,76,-3,3
28694,122,114,8,8
28695,80,77,3,3
28696,60,63,-3,3
28697,90,84,6,6
28698,83,89,-6,6
28699,86,89,-3,3
28700,33,41,-8,8
28701,134,127,7,7
28702,117,115,2,2
28703,60,60,0,0
28704,116,112,4,4
28705,110,114,-4,4
28706,129,124,5,5
28707,88,84,4,4
28708,76,76,0,0
28709,171,160,11,11
28710,98,76,22,22
28711,100,94,6,6
28712,66,63,3,3
28713,140,128,12,12
28714,101,86,15,15
28715,61,61,0,0
28716,89,89,0,0
28717,93,95,-2,2
28718,101,95,6,6
28719,63,74,-11,11
28720,85,91,-6,6
28721,94,97,-3,3
28722,114,130,-16,16
28723,104,111,-7,7
28724,78,77,1,1
28725,108,118,-10,10
28726,57,59,-2,2
28727,38,48,-10,10
28728,69,77,-8,8
28729,106,105,1,1
28730,77,78,-1,1
28731,235,228,7,7
28732,98,98,0,0
28733,111,108,3,3
28734,70,90,-20,20
28735,102,97,5,5
28736,92,95,-3,3
28737,67,75,-8,8
28738,83,90,-7,7
28739,71,72,-1,1
28740,92,72,20,20
28741,59,63,-4,4
28742,90,89,1,1
28743,71,69,2,2
28744,52,62,-10,10
28745,109,96,13,13
28746,105,112,-7,7
28747,79,76,3,3
28748,81,74,7,7
28749,84,87,-3,3
28750,80,74,6,6
28751,56,65,-9,9
28752,84,80,4,4
28753,44,54,-10,10
28754,85,87,-2,2
28755,62,69,-7,7
28756,83,76,7,7
28757,59,74,-15,15
28758,92,85,7,7
28759,99,103,-4,4
28760,131,139,-8,8
28761,58,63,-5,5
28762,164,146,18,18
28763,132,113,19,19
28764,73,70,3,3
28765,82,84,-2,2
28766,57,62,-5,5
28767,97,108,-11,11
28768,26,43,-17,17
28769,107,101,6,6
28770,88,80,8,8
28771,84,87,-3,3
28772,82,85,-3,3
28773,141,145,-4,4
28774,78,76,2,2
28775,146,137,9,9
28776,84,80,4,4
28777,93,86,7,7
28778,74,76,-2,2
28779,139,128,11,11
28780,125,128,-3,3
28781,65,69,-4,4
28782,101,107,-6,6
28783,114,121,-7,7
28784,54,59,-5,5
28785,99,93,6,6
28786,83,77,6,6
28787,128,120,8,8
28788,90,96,-6,6
28789,77,74,3,3
28790,68,62,6,6
28791,78,93,-15,15
28792,76,76,0,0
28793,85,85,0,0
28794,106,107,-1,1
28795,207,171,36,36
28796,105,103,2,2
28797,110,112,-2,2
28798,86,78,8,8
28799,166,133,33,33
28800,118,114,4,4
28801,99,95,4,4
28802,80,90,-10,10
28803,27,48,-21,21
28804,125,110,15,15
28805,92,92,0,0
28806,85,82,3,3
28807,91,94,-3,3
28808,61,61,0,0
28809,86,83,3,3
28810,50,55,-5,5
28811,101,101,0,0
28812,79,71,8,8
28813,82,98,-16,16
28814,63,62,1,1
28815,100,93,7,7
28816,103,85,18,18
28817,150,138,12,12
28818,86,77,9,9
28819,72,78,-6,6
28820,54,59,-5,5
28821,136,135,1,1
28822,60,58,2,2
28823,118,112,6,6
28824,64,61,3,3
28825,78,74,4,4
28826,76,70,6,6
28827,145,137,8,8
28828,62,70,-8,8
28829,98,100,-2,2
28830,100,100,0,0
28831,142,135,7,7
28832,77,90,-13,13
28833,81,93,-12,12
28834,79,77,2,2
28835,78,76,2,2
28836,84,90,-6,6
28837,63,63,0,0
28838,94,93,1,1
28839,89,84,5,5
28840,78,79,-1,1
28841,132,136,-4,4
28842,151,137,14,14
28843,156,149,7,7
28844,41,59,-18,18
28845,106,107,-1,1
28846,99,98,1,1
28847,42,50,-8,8
28848,79,72,7,7
28849,60,73,-13,13
28850,136,140,-4,4
28851,130,126,4,4
28852,136,141,-5,5
28853,81,76,5,5
28854,112,107,5,5
28855,60,65,-5,5
28856,93,78,15,15
28857,103,109,-6,6
28858,180,166,14,14
28859,93,90,3,3
28860,172,160,12,12
28861,95,111,-16,16
28862,79,89,-10,10
28863,55,63,-8,8
28864,105,105,0,0
28865,118,112,6,6
28866,111,108,3,3
28867,66,71,-5,5
28868,146,123,23,23
28869,81,114,-33,33
28870,75,73,2,2
28871,79,85,-6,6
28872,64,62,2,2
28873,97,100,-3,3
28874,103,98,5,5
28875,68,71,-3,3
28876,74,81,-7,7
28877,80,72,8,8
28878,90,78,12,12
28879,59,60,-1,1
28880,109,111,-2,2
28881,90,87,3,3
28882,71,79,-8,8
28883,108,107,1,1
28884,83,74,9,9
28885,130,125,5,5
28886,85,89,-4,4
28887,49,62,-13,13
28888,73,70,3,3
28889,104,106,-2,2
28890,131,130,1,1
28891,69,70,-1,1
28892,102,96,6,6
28893,74,73,1,1
28894,58,59,-1,1
28895,167,152,15,15
28896,144,144,0,0
28897,108,109,-1,1
28898,70,70,0,0
28899,84,87,-3,3
28900,50,55,-5,5
28901,68,73,-5,5
28902,128,132,-4,4
28903,106,112,-6,6
28904,63,67,-4,4
28905,61,93,-32,32
28906,82,77,5,5
28907,100,106,-6,6
28908,92,92,0,0
28909,75,84,-9,9
28910,132,124,8,8
28911,85,92,-7,7
28912,183,164,19,19
28913,115,107,8,8
28914,125,121,4,4
28915,99,97,2,2
28916,102,100,2,2
28917,125,129,-4,4
28918,75,76,-1,1
28919,173,160,13,13
28920,66,73,-7,7
28921,90,80,10,10
28922,88,90,-2,2
28923,124,120,4,4
28924,70,67,3,3
28925,93,88,5,5
28926,64,61,3,3
28927,60,59,1,1
28928,134,132,2,2
28929,104,99,5,5
28930,44,52,-8,8
28931,109,97,12,12
28932,68,67,1,1
28933,81,83,-2,2
28934,103,104,-1,1
28935,99,103,-4,4
28936,80,79,1,1
28937,104,106,-2,2
28938,67,71,-4,4
28939,126,118,8,8
28940,53,56,-3,3
28941,135,125,10,10
28942,95,79,16,16
28943,95,99,-4,4
28944,63,69,-6,6
28945,140,119,21,21
28946,71,85,-14,14
28947,79,75,4,4
28948,47,71,-24,24
28949,87,100,-13,13
28950,57,62,-5,5
28951,81,83,-2,2
28952,53,58,-5,5
28953,88,98,-10,10
28954,109,111,-2,2
28955,85,89,-4,4
28956,114,112,2,2
28957,81,85,-4,4
28958,85,96,-11,11
28959,95,97,-2,2
28960,61,72,-11,11
28961,65,67,-2,2
28962,47,63,-16,16
28963,57,58,-1,1
28964,66,76,-10,10
28965,86,91,-5,5
28966,76,75,1,1
28967,143,131,12,12
28968,79,95,-16,16
28969,87,78,9,9
28970,99,98,1,1
28971,103,112,-9,9
28972,83,77,6,6
28973,116,112,4,4
28974,128,124,4,4
28975,159,151,8,8
28976,113,102,11,11
28977,124,118,6,6
28978,81,87,-6,6
28979,66,58,8,8
28980,82,68,14,14
28981,58,67,-9,9
28982,101,110,-9,9
28983,67,76,-9,9
28984,97,88,9,9
28985,78,84,-6,6
28986,104,104,0,0
28987,117,119,-2,2
28988,82,92,-10,10
28989,125,126,-1,1
28990,152,143,9,9
28991,92,95,-3,3
28992,128,117,11,11
28993,68,72,-4,4
28994,101,97,4,4
28995,96,98,-2,2
28996,98,99,-1,1
28997,134,121,13,13
28998,106,111,-5,5
28999,54,58,-4,4
29000,88,97,-9,9
29001,66,65,1,1
29002,99,98,1,1
29003,82,84,-2,2
29004,118,120,-2,2
29005,66,65,1,1
29006,96,95,1,1
29007,139,135,4,4
29008,25,44,-19,19
29009,123,113,10,10
29010,130,120,10,10
29011,92,88,4,4
29012,80,76,4,4
29013,67,65,2,2
29014,71,70,1,1
29015,92,93,-1,1
29016,113,101,12,12
29017,67,78,-11,11
29018,58,63,-5,5
29019,39,85,-46,46
29020,78,85,-7,7
29021,113,100,13,13
29022,50,54,-4,4
29023,66,64,2,2
29024,88,88,0,0
29025,88,99,-11,11
29026,131,121,10,10
29027,64,81,-17,17
29028,91,89,2,2
29029,101,93,8,8
29030,110,105,5,5
29031,56,64,-8,8
29032,77,78,-1,1
29033,129,124,5,5
29034,91,101,-10,10
29035,97,101,-4,4
29036,98,98,0,0
29037,75,78,-3,3
29038,109,93,16,16
29039,64,74,-10,10
29040,71,72,-1,1
29041,54,59,-5,5
29042,59,66,-7,7
29043,145,138,7,7
29044,86,77,9,9
29045,56,60,-4,4
29046,79,89,-10,10
29047,114,113,1,1
29048,65,74,-9,9
29049,104,94,10,10
29050,61,71,-10,10
29051,155,151,4,4
29052,106,104,2,2
29053,48,63,-15,15
29054,173,141,32,32
29055,31,50,-19,19
29056,87,92,-5,5
29057,147,141,6,6
29058,79,79,0,0
29059,92,101,-9,9
29060,100,91,9,9
29061,118,128,-10,10
29062,83,84,-1,1
29063,72,74,-2,2
29064,101,97,4,4
29065,83,88,-5,5
29066,94,94,0,0
29067,103,107,-4,4
29068,73,75,-2,2
29069,179,168,11,11
29070,115,104,11,11
29071,85,78,7,7
29072,101,98,3,3
29073,130,129,1,1
29074,155,157,-2,2
29075,65,65,0,0
29076,116,120,-4,4
29077,71,65,6,6
29078,78,84,-6,6
29079,129,127,2,2
29080,78,73,5,5
29081,141,125,16,16
29082,139,123,16,16
29083,90,84,6,6
29084,174,160,14,14
29085,92,91,1,1
29086,76,75,1,1
29087,40,51,-11,11
29088,36,41,-5,5
29089,78,75,3,3
29090,89,95,-6,6
29091,63,71,-8,8
29092,79,76,3,3
29093,127,113,14,14
29094,61,68,-7,7
29095,118,65,53,53
29096,112,100,12,12
29097,131,124,7,7
29098,78,76,2,2
29099,95,92,3,3
29100,75,74,1,1
29101,170,154,16,16
29102,97,101,-4,4
29103,62,66,-4,4
29104,130,117,13,13
29105,116,132,-16,16
29106,72,81,-9,9
29107,89,85,4,4
29108,95,102,-7,7
29109,82,83,-1,1
29110,54,63,-9,9
29111,102,99,3,3
29112,106,101,5,5
29113,138,127,11,11
29114,90,93,-3,3
29115,53,64,-11,11
29116,111,98,13,13
29117,91,89,2,2
29118,84,91,-7,7
29119,116,105,11,11
29120,119,112,7,7
29121,82,85,-3,3
29122,102,96,6,6
29123,64,69,-5,5
29124,40,56,-16,16
29125,104,106,-2,2
29126,73,72,1,1
29127,92,90,2,2
29128,127,110,17,17
29129,155,142,13,13
29130,82,80,2,2
29131,86,88,-2,2
29132,61,58,3,3
29133,136,127,9,9
29134,123,130,-7,7
29135,40,54,-14,14
29136,103,97,6,6
29137,145,142,3,3
29138,92,97,-5,5
29139,60,80,-20,20
29140,71,70,1,1
29141,63,66,-3,3
29142,51,58,-7,7
29143,92,94,-2,2
29144,48,54,-6,6
29145,66,60,6,6
29146,165,146,19,19
29147,114,106,8,8
29148,48,55,-7,7
29149,121,112,9,9
29150,134,128,6,6
29151,68,66,2,2
29152,34,53,-19,19
29153,68,67,1,1
29154,72,76,-4,4
29155,63,65,-2,2
29156,59,68,-9,9
29157,94,95,-1,1
29158,59,60,-1,1
29159,77,89,-12,12
29160,119,110,9,9
29161,134,131,3,3
29162,120,119,1,1
29163,90,84,6,6
29164,79,79,0,0
29165,70,70,0,0
29166,103,98,5,5
29167,111,98,13,13
29168,62,66,-4,4
29169,139,123,16,16
29170,138,138,0,0
29171,213,203,10,10
29172,73,74,-1,1
29173,116,112,4,4
29174,135,132,3,3
29175,77,75,2,2
29176,89,83,6,6
29177,40,43,-3,3
29178,82,77,5,5
29179,101,107,-6,6
29180,81,98,-17,17
29181,159,149,10,10
29182,89,92,-3,3
29183,74,82,-8,8
29184,106,102,4,4
29185,53,64,-11,11
29186,98,113,-15,15
29187,96,93,3,3
29188,116,120,-4,4
29189,68,70,-2,2
29190,74,77,-3,3
29191,167,165,2,2
29192,90,99,-9,9
29193,106,101,5,5
29194,62,60,2,2
29195,46,53,-7,7
29196,68,76,-8,8
29197,73,74,-1,1
29198,78,80,-2,2
29199,58,60,-2,2
29200,129,122,7,7
29201,79,92,-13,13
29202,92,87,5,5
29203,34,52,-18,18
29204,81,61,20,20
29205,73,70,3,3
29206,171,166,5,5
29207,90,100,-10,10
29208,70,81,-11,11
29209,199,193,6,6
29210,68,65,3,3
29211,161,152,9,9
29212,46,48,-2,2
29213,61,65,-4,4
29214,112,107,5,5
29215,133,119,14,14
29216,91,83,8,8
29217,80,92,-12,12
29218,160,127,33,33
29219,90,89,1,1
29220,103,95,8,8
29221,87,77,10,10
29222,148,135,13,13
29223,183,125,58,58
29224,87,85,2,2
29225,161,147,14,14
29226,80,77,3,3
29227,128,130,-2,2
29228,123,117,6,6
29229,159,145,14,14
29230,48,51,-3,3
29231,77,79,-2,2
29232,87,88,-1,1
29233,53,53,0,0
29234,118,111,7,7
29235,89,68,21,21
29236,76,77,-1,1
29237,145,130,15,15
29238,125,112,13,13
29239,97,106,-9,9
29240,49,58,-9,9
29241,62,78,-16,16
29242,81,86,-5,5
29243,136,135,1,1
29244,100,103,-3,3
29245,187,192,-5,5
29246,105,109,-4,4
29247,176,154,22,22
29248,113,108,5,5
29249,115,114,1,1
29250,86,93,-7,7
29251,120,109,11,11
29252,74,81,-7,7
29253,86,98,-12,12
29254,99,110,-11,11
29255,70,68,2,2
29256,109,113,-4,4
29257,110,103,7,7
29258,102,102,0,0
29259,156,144,12,12
29260,107,110,-3,3
29261,53,59,-6,6
29262,121,112,9,9
29263,97,101,-4,4
29264,103,112,-9,9
29265,66,64,2,2
29266,108,123,-15,15
29267,59,66,-7,7
29268,64,70,-6,6
29269,70,73,-3,3
29270,86,83,3,3
29271,118,109,9,9
29272,61,68,-7,7
29273,120,111,9,9
29274,112,107,5,5
29275,176,149,27,27
29276,61,64,-3,3
29277,89,98,-9,9
29278,115,100,15,15
29279,112,99,13,13
29280,110,106,4,4
29281,92,91,1,1
29282,124,113,11,11
29283,60,62,-2,2
29284,70,67,3,3
29285,98,92,6,6
29286,77,79,-2,2
29287,60,59,1,1
29288,149,143,6,6
29289,135,125,10,10
29290,71,71,0,0
29291,47,59,-12,12
29292,141,126,15,15
29293,76,84,-8,8
29294,85,79,6,6
29295,66,70,-4,4
29296,86,88,-2,2
29297,144,136,8,8
29298,74,77,-3,3
29299,181,158,23,23
29300,79,84,-5,5
29301,106,101,5,5
29302,138,122,16,16
29303,91,76,15,15
29304,76,75,1,1
29305,140,128,12,12
29306,77,78,-1,1
29307,54,66,-12,12
29308,71,75,-4,4
29309,110,97,13,13
29310,90,84,6,6
29311,116,117,-1,1
29312,83,81,2,2
29313,59,67,-8,8
29314,92,93,-1,1
29315,144,135,9,9
29316,67,60,7,7
29317,105,101,4,4
29318,62,62,0,0
29319,136,124,12,12
29320,111,112,-1,1
29321,64,73,-9,9
29322,73,64,9,9
29323,86,93,-7,7
29324,84,85,-1,1
29325,74,76,-2,2
29326,135,126,9,9
29327,119,112,7,7
29328,83,89,-6,6
29329,102,100,2,2
29330,84,91,-7,7
29331,66,116,-50,50
29332,47,50,-3,3
29333,97,94,3,3
29334,106,105,1,1
29335,75,75,0,0
29336,108,115,-7,7
29337,154,144,10,10
29338,91,85,6,6
29339,75,85,-10,10
29340,155,138,17,17
29341,75,88,-13,13
29342,211,182,29,29
29343,69,67,2,2
29344,52,58,-6,6
29345,84,70,14,14
29346,89,91,-2,2
29347,79,79,0,0
29348,78,80,-2,2
29349,90,84,6,6
29350,305,245,60,60
29351,83,87,-4,4
29352,193,183,10,10
29353,124,126,-2,2
29354,46,52,-6,6
29355,85,78,7,7
29356,84,86,-2,2
29357,98,97,1,1
29358,72,76,-4,4
29359,60,64,-4,4
29360,102,99,3,3
29361,92,86,6,6
29362,102,100,2,2
29363,74,81,-7,7
29364,114,104,10,10
29365,86,95,-9,9
29366,114,114,0,0
29367,151,161,-10,10
29368,91,92,-1,1
29369,78,69,9,9
29370,153,145,8,8
29371,80,94,-14,14
29372,108,110,-2,2
29373,88,77,11,11
29374,153,137,16,16
29375,71,82,-11,11
29376,95,101,-6,6
29377,127,116,11,11
29378,139,138,1,1
29379,46,53,-7,7
29380,124,119,5,5
29381,93,96,-3,3
29382,114,104,10,10
29383,93,89,4,4
29384,67,67,0,0
29385,110,108,2,2
29386,63,67,-4,4
29387,70,66,4,4
29388,87,86,1,1
29389,122,114,8,8
29390,107,112,-5,5
29391,153,140,13,13
29392,94,95,-1,1
29393,101,101,0,0
29394,78,83,-5,5
29395,82,94,-12,12
29396,88,88,0,0
29397,94,85,9,9
29398,37,55,-18,18
29399,67,68,-1,1
29400,85,87,-2,2
29401,105,95,10,10
29402,40,60,-20,20
29403,194,171,23,23
29404,123,123,0,0
29405,87,82,5,5
29406,102,98,4,4
29407,145,135,10,10
29408,68,68,0,0
29409,159,141,18,18
29410,82,85,-3,3
29411,83,73,10,10
29412,82,77,5,5
29413,69,67,2,2
29414,103,106,-3,3
29415,105,107,-2,2
29416,100,113,-13,13
29417,55,56,-1,1
29418,80,84,-4,4
29419,73,78,-5,5
29420,51,55,-4,4
29421,124,118,6,6
29422,52,56,-4,4
29423,115,128,-13,13
29424,116,107,9,9
29425,101,102,-1,1
29426,63,58,5,5
29427,52,58,-6,6
29428,84,78,6,6
29429,142,135,7,7
29430,71,77,-6,6
29431,82,94,-12,12
29432,85,95,-10,10
29433,74,75,-1,1
29434,61,58,3,3
29435,107,111,-4,4
29436,98,96,2,2
29437,80,81,-1,1
29438,69,75,-6,6
29439,64,69,-5,5
29440,137,127,10,10
29441,77,74,3,3
29442,94,106,-12,12
29443,86,83,3,3
29444,60,66,-6,6
29445,54,66,-12,12
29446,62,66,-4,4
29447,86,97,-11,11
29448,60,61,-1,1
29449,64,65,-1,1
29450,91,93,-2,2
29451,71,70,1,1
29452,78,85,-7,7
29453,104,100,4,4
29454,103,103,0,0
29455,167,165,2,2
29456,129,112,17,17
29457,125,157,-32,32
29458,108,111,-3,3
29459,77,76,1,1
29460,121,124,-3,3
29461,77,75,2,2
29462,61,69,-8,8
29463,67,69,-2,2
29464,96,95,1,1
29465,113,121,-8,8
29466,70,69,1,1
29467,79,75,4,4
29468,91,95,-4,4
29469,86,95,-9,9
29470,74,73,1,1
29471,78,84,-6,6
29472,117,99,18,18
29473,82,71,11,11
29474,79,85,-6,6
29475,138,149,-11,11
29476,92,89,3,3
29477,69,69,0,0
29478,81,90,-9,9
29479,73,78,-5,5
29480,100,102,-2,2
29481,51,52,-1,1
29482,60,64,-4,4
29483,109,102,7,7
29484,131,127,4,4
29485,71,75,-4,4
29486,77,87,-10,10
29487,97,108,-11,11
29488,69,72,-3,3
29489,124,117,7,7
29490,69,71,-2,2
29491,131,121,10,10
29492,87,90,-3,3
29493,178,172,6,6
29494,111,109,2,2
29495,122,109,13,13
29496,155,138,17,17
29497,136,114,22,22
29498,113,120,-7,7
29499,64,71,-7,7
29500,111,109,2,2
29501,94,95,-1,1
29502,58,65,-7,7
29503,89,83,6,6
29504,82,77,5,5
29505,87,96,-9,9
29506,50,62,-12,12
29507,79,76,3,3
29508,140,125,15,15
29509,134,187,-53,53
29510,119,108,11,11
29511,140,137,3,3
29512,119,119,0,0
29513,52,59,-7,7
29514,124,134,-10,10
29515,131,111,20,20
29516,45,53,-8,8
29517,70,69,1,1
29518,99,98,1,1
29519,82,78,4,4
29520,73,69,4,4
29521,120,128,-8,8
29522,107,112,-5,5
29523,88,88,0,0
29524,82,82,0,0
29525,59,63,-4,4
29526,90,98,-8,8
29527,56,67,-11,11
29528,113,111,2,2
29529,78,69,9,9
29530,61,70,-9,9
29531,89,90,-1,1
29532,44,55,-11,11
29533,62,61,1,1
29534,111,112,-1,1
29535,75,77,-2,2
29536,74,75,-1,1
29537,79,73,6,6
29538,89,91,-2,2
29539,94,95,-1,1
29540,116,108,8,8
29541,120,111,9,9
29542,180,165,15,15
29543,48,50,-2,2
29544,85,87,-2,2
29545,112,101,11,11
29546,114,105,9,9
29547,78,77,1,1
29548,111,119,-8,8
29549,71,75,-4,4
29550,64,71,-7,7
29551,47,51,-4,4
29552,85,91,-6,6
29553,90,99,-9,9
29554,137,121,16,16
29555,138,135,3,3
29556,64,61,3,3
29557,78,77,1,1
29558,42,46,-4,4
29559,98,97,1,1
29560,59,56,3,3
29561,76,87,-11,11
29562,106,100,6,6
29563,33,41,-8,8
29564,121,122,-1,1
29565,108,99,9,9
29566,76,77,-1,1
29567,64,64,0,0
29568,73,66,7,7
29569,112,108,4,4
29570,105,100,5,5
29571,59,69,-10,10
29572,205,172,33,33
29573,78,87,-9,9
29574,79,90,-11,11
29575,123,124,-1,1
29576,83,83,0,0
29577,115,114,1,1
29578,75,75,0,0
29579,86,89,-3,3
29580,111,124,-13,13
29581,82,106,-24,24
29582,157,149,8,8
29583,58,61,-3,3
29584,101,98,3,3
29585,99,98,1,1
29586,96,98,-2,2
29587,133,140,-7,7
29588,93,95,-2,2
29589,79,73,6,6
29590,87,74,13,13
29591,101,108,-7,7
29592,73,76,-3,3
29593,76,76,0,0
29594,110,98,12,12
29595,100,98,2,2
29596,87,91,-4,4
29597,126,127,-1,1
29598,81,75,6,6
29599,70,81,-11,11
29600,139,138,1,1
29601,74,75,-1,1
29602,147,123,24,24
29603,92,85,7,7
29604,133,113,20,20
29605,87,88,-1,1
29606,96,99,-3,3
29607,70,98,-28,28
29608,75,83,-8,8
29609,121,113,8,8
29610,88,89,-1,1
29611,96,101,-5,5
29612,196,140,56,56
29613,90,95,-5,5
29614,110,108,2,2
29615,59,58,1,1
29616,131,123,8,8
29617,56,60,-4,4
29618,98,103,-5,5
29619,94,91,3,3
29620,73,79,-6,6
29621,52,52,0,0
29622,97,89,8,8
29623,119,113,6,6
29624,94,84,10,10
29625,144,134,10,10
29626,128,121,7,7
29627,81,75,6,6
29628,101,95,6,6
29629,138,129,9,9
29630,68,67,1,1
29631,124,104,20,20
29632,61,77,-16,16
29633,118,105,13,13
29634,69,74,-5,5
29635,84,86,-2,2
29636,175,156,19,19
29637,54,58,-4,4
29638,72,82,-10,10
29639,82,76,6,6
29640,102,95,7,7
29641,107,102,5,5
29642,110,108,2,2
29643,128,123,5,5
29644,132,133,-1,1
29645,80,75,5,5
29646,60,65,-5,5
29647,54,59,-5,5
29648,89,96,-7,7
29649,90,97,-7,7
29650,62,81,-19,19
29651,64,81,-17,17
29652,74,69,5,5
29653,123,204,-81,81
29654,77,78,-1,1
29655,79,75,4,4
29656,88,88,0,0
29657,77,81,-4,4
29658,96,103,-7,7
29659,80,80,0,0
29660,104,100,4,4
29661,46,54,-8,8
29662,70,77,-7,7
29663,93,100,-7,7
29664,103,98,5,5
29665,117,105,12,12
29666,80,85,-5,5
29667,93,91,2,2
29668,88,91,-3,3
29669,101,97,4,4
29670,69,72,-3,3
29671,97,93,4,4
29672,56,58,-2,2
29673,101,99,2,2
29674,122,117,5,5
29675,95,98,-3,3
29676,113,112,1,1
29677,150,134,16,16
29678,164,163,1,1
29679,87,86,1,1
29680,128,121,7,7
29681,66,68,-2,2
29682,68,62,6,6
29683,120,113,7,7
29684,151,145,6,6
29685,72,66,6,6
29686,89,96,-7,7
29687,231,205,26,26
29688,49,67,-18,18
29689,68,68,0,0
29690,81,78,3,3
29691,96,98,-2,2
29692,123,111,12,12
29693,88,87,1,1
29694,188,175,13,13
29695,78,72,6,6
29696,78,79,-1,1
29697,105,110,-5,5
29698,102,99,3,3
29699,74,84,-10,10
29700,74,81,-7,7
29701,63,67,-4,4
29702,106,103,3,3
29703,90,85,5,5
29704,100,98,2,2
29705,106,103,3,3
29706,74,77,-3,3
29707,75,79,-4,4
29708,119,126,-7,7
29709,115,114,1,1
29710,125,111,14,14
29711,106,103,3,3
29712,113,114,-1,1
29713,81,79,2,2
29714,84,81,3,3
29715,79,90,-11,11
29716,129,120,9,9
29717,55,56,-1,1
29718,99,103,-4,4
29719,88,93,-5,5
29720,129,112,17,17
29721,92,93,-1,1
29722,113,113,0,0
29723,67,66,1,1
29724,96,105,-9,9
29725,64,71,-7,7
29726,132,138,-6,6
29727,172,148,24,24
29728,104,106,-2,2
29729,83,76,7,7
29730,70,86,-16,16
29731,104,102,2,2
29732,78,71,7,7
29733,66,83,-17,17
29734,81,83,-2,2
29735,63,68,-5,5
29736,74,79,-5,5
29737,109,98,11,11
29738,70,70,0,0
29739,91,83,8,8
29740,95,95,0,0
29741,76,83,-7,7
29742,68,68,0,0
29743,92,90,2,2
29744,65,66,-1,1
29745,36,48,-12,12
29746,105,107,-2,2
29747,110,109,1,1
29748,121,114,7,7
29749,49,51,-2,2
29750,98,83,15,15
29751,117,112,5,5
29752,52,100,-48,48
29753,84,88,-4,4
29754,148,139,9,9
29755,63,63,0,0
29756,63,71,-8,8
29757,92,97,-5,5
29758,85,80,5,5
29759,93,93,0,0
29760,88,76,12,12
29761,80,84,-4,4
29762,83,85,-2,2
29763,61,67,-6,6
29764,76,75,1,1
29765,81,90,-9,9
29766,75,69,6,6
29767,61,56,5,5
29768,110,106,4,4
29769,91,88,3,3
29770,63,59,4,4
29771,126,126,0,0
29772,102,91,11,11
29773,102,97,5,5
29774,107,100,7,7
29775,49,57,-8,8
29776,71,78,-7,7
29777,70,86,-16,16
29778,94,98,-4,4
29779,201,190,11,11
29780,80,85,-5,5
29781,62,60,2,2
29782,97,95,2,2
29783,77,79,-2,2
29784,74,76,-2,2
29785,55,63,-8,8
29786,88,84,4,4
29787,27,47,-20,20
29788,64,63,1,1
29789,95,108,-13,13
29790,74,77,-3,3
29791,99,108,-9,9
29792,68,68,0,0
29793,65,67,-2,2
29794,97,102,-5,5
29795,73,71,2,2
29796,88,99,-11,11
29797,121,127,-6,6
29798,102,94,8,8
29799,101,106,-5,5
29800,78,85,-7,7
29801,156,144,12,12
29802,76,85,-9,9
29803,66,65,1,1
29804,91,101,-10,10
29805,82,76,6,6
29806,150,142,8,8
29807,46,53,-7,7
29808,164,158,6,6
29809,134,130,4,4
29810,124,121,3,3
29811,75,76,-1,1
29812,64,72,-8,8
29813,207,189,18,18
29814,125,128,-3,3
29815,143,126,17,17
29816,79,75,4,4
29817,62,65,-3,3
29818,149,149,0,0
29819,136,128,8,8
29820,48,54,-6,6
29821,117,107,10,10
29822,50,59,-9,9
29823,88,87,1,1
29824,62,66,-4,4
29825,37,47,-10,10
29826,142,126,16,16
29827,59,61,-2,2
29828,123,116,7,7
29829,78,77,1,1
29830,117,110,7,7
29831,84,89,-5,5
29832,191,169,22,22
29833,176,151,25,25
29834,68,63,5,5
29835,58,59,-1,1
29836,74,75,-1,1
29837,166,156,10,10
29838,178,164,14,14
29839,102,102,0,0
29840,106,101,5,5
29841,121,121,0,0
29842,157,149,8,8
29843,60,59,1,1
29844,116,112,4,4
29845,133,128,5,5
29846,50,54,-4,4
29847,90,90,0,0
29848,138,123,15,15
29849,216,202,14,14
29850,114,110,4,4
29851,107,104,3,3
29852,68,66,2,2
29853,52,62,-10,10
29854,139,127,12,12
29855,98,88,10,10
29856,143,133,10,10
29857,97,88,9,9
29858,80,88,-8,8
29859,60,58,2,2
29860,104,99,5,5
29861,102,111,-9,9
29862,155,147,8,8
29863,157,144,13,13
29864,122,102,20,20
29865,89,90,-1,1
29866,68,70,-2,2
29867,68,70,-2,2
29868,102,104,-2,2
29869,107,113,-6,6
29870,62,63,-1,1
29871,145,150,-5,5
29872,92,92,0,0
29873,113,106,7,7
29874,72,69,3,3
29875,67,68,-1,1
29876,86,87,-1,1
29877,78,82,-4,4
29878,94,98,-4,4
29879,103,91,12,12
29880,145,148,-3,3
29881,74,83,-9,9
29882,128,132,-4,4
29883,146,121,25,25
29884,54,60,-6,6
29885,162,146,16,16
29886,150,146,4,4
29887,57,66,-9,9
29888,118,119,-1,1
29889,37,48,-11,11
29890,121,111,10,10
29891,130,115,15,15
29892,62,67,-5,5
29893,66,68,-2,2
29894,119,98,21,21
29895,120,110,10,10
29896,100,110,-10,10
29897,121,122,-1,1
29898,85,97,-12,12
29899,99,97,2,2
29900,63,70,-7,7
29901,98,90,8,8
29902,62,63,-1,1
29903,78,78,0,0
29904,61,61,0,0
29905,110,100,10,10
29906,90,93,-3,3
29907,125,98,27,27
29908,59,57,2,2
29909,83,78,5,5
29910,103,112,-9,9
29911,66,68,-2,2
29912,131,131,0,0
29913,72,77,-5,5
29914,56,63,-7,7
29915,110,111,-1,1
29916,72,76,-4,4
29917,120,119,1,1
29918,82,87,-5,5
29919,79,85,-6,6
29920,169,155,14,14
29921,140,145,-5,5
29922,139,133,6,6
29923,53,61,-8,8
29924,93,101,-8,8
29925,95,90,5,5
29926,91,89,2,2
29927,96,91,5,5
29928,115,113,2,2
29929,80,71,9,9
29930,61,63,-2,2
29931,125,128,-3,3
29932,79,75,4,4
29933,113,105,8,8
29934,113,118,-5,5
29935,79,79,0,0
29936,143,126,17,17
29937,69,88,-19,19
29938,71,98,-27,27
29939,67,71,-4,4
29940,53,56,-3,3
29941,132,136,-4,4
29942,129,121,8,8
29943,85,82,3,3
29944,107,106,1,1
29945,143,133,10,10
29946,57,53,4,4
29947,99,97,2,2
29948,54,62,-8,8
29949,102,108,-6,6
29950,64,67,-3,3
29951,86,97,-11,11
29952,88,86,2,2
29953,170,151,19,19
29954,71,76,-5,5
29955,127,122,5,5
29956,61,64,-3,3
29957,63,69,-6,6
29958,46,55,-9,9
29959,78,73,5,5
29960,85,93,-8,8
29961,86,76,10,10
29962,91,83,8,8
29963,75,72,3,3
29964,75,77,-2,2
29965,73,98,-25,25
29966,74,72,2,2
29967,69,77,-8,8
29968,77,71,6,6
29969,119,117,2,2
29970,77,89,-12,12
29971,143,139,4,4
29972,132,134,-2,2
29973,89,94,-5,5
29974,60,61,-1,1
29975,131,134,-3,3
29976,83,78,5,5
29977,80,74,6,6
29978,92,83,9,9
29979,187,179,8,8
29980,128,124,4,4
29981,151,142,9,9
29982,44,49,-5,5
29983,83,79,4,4
29984,78,75,3,3
29985,81,83,-2,2
29986,73,74,-1,1
29987,138,136,2,2
29988,45,49,-4,4
29989,58,65,-7,7
29990,105,105,0,0
29991,103,101,2,2
29992,91,90,1,1
29993,48,57,-9,9
29994,74,82,-8,8
29995,104,93,11,11
29996,69,73,-4,4
29997,62,68,-6,6
29998,140,152,-12,12
29999,129,148,-19,19
30000,98,95,3,3
30001,99,96,3,3
30002,71,71,0,0
30003,149,155,-6,6
30004,101,105,-4,4
30005,114,125,-11,11
30006,181,166,15,15
30007,112,119,-7,7
30008,112,108,4,4
30009,95,97,-2,2
30010,133,130,3,3
30011,168,148,20,20
30012,24,48,-24,24
30013,119,111,8,8
30014,102,99,3,3
30015,84,79,5,5
30016,134,127,7,7
30017,69,65,4,4
30018,66,64,2,2
30019,74,70,4,4
30020,113,110,3,3
30021,64,71,-7,7
30022,79,77,2,2
30023,103,87,16,16
30024,107,106,1,1
30025,66,72,-6,6
30026,88,86,2,2
30027,158,158,0,0
30028,123,112,11,11
30029,73,80,-7,7
30030,105,101,4,4
30031,65,70,-5,5
30032,119,122,-3,3
30033,68,67,1,1
30034,64,65,-1,1
30035,74,74,0,0
30036,23,34,-11,11
30037,97,97,0,0
30038,124,115,9,9
30039,72,75,-3,3
30040,132,124,8,8
30041,42,58,-16,16
30042,121,110,11,11
30043,89,85,4,4
30044,113,104,9,9
30045,114,108,6,6
30046,57,59,-2,2
30047,63,66,-3,3
30048,121,119,2,2
30049,144,132,12,12
30050,118,119,-1,1
30051,64,65,-1,1
30052,121,113,8,8
30053,135,127,8,8
30054,80,81,-1,1
30055,110,104,6,6
30056,100,98,2,2
30057,94,98,-4,4
30058,83,79,4,4
30059,87,94,-7,7
30060,67,69,-2,2
30061,95,103,-8,8
30062,88,84,4,4
30063,93,95,-2,2
30064,91,79,12,12
30065,133,123,10,10
30066,77,97,-20,20
30067,106,108,-2,2
30068,53,60,-7,7
30069,89,95,-6,6
30070,154,127,27,27
30071,98,103,-5,5
30072,54,58,-4,4
30073,79,83,-4,4
30074,115,111,4,4
30075,135,132,3,3
30076,81,79,2,2
30077,56,64,-8,8
30078,54,66,-12,12
30079,73,66,7,7
30080,80,87,-7,7
30081,114,107,7,7
30082,170,169,1,1
30083,124,117,7,7
30084,63,63,0,0
30085,93,110,-17,17
30086,77,75,2,2
30087,178,168,10,10
30088,67,65,2,2
30089,72,65,7,7
30090,60,63,-3,3
30091,64,66,-2,2
30092,85,82,3,3
30093,158,148,10,10
30094,124,112,12,12
30095,70,113,-43,43
30096,61,69,-8,8
30097,110,117,-7,7
30098,94,100,-6,6
30099,161,143,18,18
30100,98,100,-2,2
30101,165,144,21,21
30102,82,88,-6,6
30103,102,110,-8,8
30104,105,102,3,3
30105,85,97,-12,12
30106,106,109,-3,3
30107,91,78,13,13
30108,86,91,-5,5
30109,44,49,-5,5
30110,96,101,-5,5
30111,114,105,9,9
30112,83,83,0,0
30113,24,33,-9,9
30114,75,84,-9,9
30115,140,143,-3,3
30116,46,51,-5,5
30117,80,75,5,5
30118,82,100,-18,18
30119,125,120,5,5
30120,56,63,-7,7
30121,76,76,0,0
30122,44,49,-5,5
30123,102,92,10,10
30124,146,140,6,6
30125,46,52,-6,6
30126,80,84,-4,4
30127,117,121,-4,4
30128,85,75,10,10
30129,60,60,0,0
30130,81,93,-12,12
30131,42,45,-3,3
30132,79,93,-14,14
30133,98,94,4,4
30134,110,104,6,6
30135,74,73,1,1
30136,54,57,-3,3
30137,113,116,-3,3
30138,78,91,-13,13
30139,52,53,-1,1
30140,449,455,-6,6
30141,121,119,2,2
30142,68,67,1,1
30143,35,46,-11,11
30144,36,43,-7,7
30145,81,87,-6,6
30146,155,139,16,16
30147,207,181,26,26
30148,105,112,-7,7
30149,66,74,-8,8
30150,105,94,11,11
30151,63,62,1,1
30152,97,93,4,4
30153,114,104,10,10
30154,69,70,-1,1
30155,181,171,10,10
30156,58,66,-8,8
30157,56,64,-8,8
30158,41,48,-7,7
30159,61,67,-6,6
30160,108,113,-5,5
30161,113,103,10,10
30162,46,45,1,1
30163,85,79,6,6
30164,109,112,-3,3
30165,144,141,3,3
30166,45,78,-33,33
30167,56,57,-1,1
30168,71,68,3,3
30169,83,76,7,7
30170,72,76,-4,4
30171,92,84,8,8
30172,97,112,-15,15
30173,52,61,-9,9
30174,135,136,-1,1
30175,69,73,-4,4
30176,88,91,-3,3
30177,79,75,4,4
30178,74,75,-1,1
30179,74,78,-4,4
30180,102,108,-6,6
30181,154,135,19,19
30182,225,211,14,14
30183,98,104,-6,6
30184,77,81,-4,4
30185,164,144,20,20
30186,144,115,29,29
30187,75,73,2,2
30188,142,145,-3,3
30189,115,112,3,3
30190,81,84,-3,3
30191,103,109,-6,6
30192,94,101,-7,7
30193,76,94,-18,18
30194,50,56,-6,6
30195,108,121,-13,13
30196,146,134,12,12
30197,90,91,-1,1
30198,129,125,4,4
30199,74,84,-10,10
30200,105,98,7,7
30201,91,92,-1,1
30202,121,125,-4,4
30203,109,96,13,13
30204,85,98,-13,13
30205,111,118,-7,7
30206,136,127,9,9
30207,74,74,0,0
30208,89,98,-9,9
30209,102,99,3,3
30210,63,60,3,3
30211,113,112,1,1
30212,92,81,11,11
30213,87,92,-5,5
30214,98,94,4,4
30215,111,111,0,0
30216,116,105,11,11
30217,133,137,-4,4
30218,160,149,11,11
30219,86,86,0,0
30220,132,128,4,4
30221,110,108,2,2
30222,53,58,-5,5
30223,95,97,-2,2
30224,88,90,-2,2
30225,56,59,-3,3
30226,75,77,-2,2
30227,76,76,0,0
30228,47,52,-5,5
30229,96,93,3,3
30230,39,64,-25,25
30231,159,139,20,20
30232,61,66,-5,5
30233,53,55,-2,2
30234,84,85,-1,1
30235,85,80,5,5
30236,82,89,-7,7
30237,88,93,-5,5
30238,87,82,5,5
30239,111,110,1,1
30240,161,146,15,15
30241,131,131,0,0
30242,89,79,10,10
30243,156,148,8,8
30244,61,65,-4,4
30245,94,100,-6,6
30246,102,89,13,13
30247,167,165,2,2
30248,182,164,18,18
30249,59,58,1,1
30250,162,141,21,21
30251,132,129,3,3
30252,66,63,3,3
30253,88,89,-1,1
30254,106,89,17,17
30255,59,63,-4,4
30256,86,89,-3,3
30257,45,53,-8,8
30258,42,55,-13,13
30259,54,56,-2,2
30260,79,85,-6,6
30261,139,140,-1,1
30262,98,102,-4,4
30263,113,112,1,1
30264,87,82,5,5
30265,55,63,-8,8
30266,47,53,-6,6
30267,93,100,-7,7
30268,55,61,-6,6
30269,113,138,-25,25
30270,87,78,9,9
30271,138,137,1,1
30272,106,98,8,8
30273,76,78,-2,2
30274,89,89,0,0
30275,90,84,6,6
30276,119,114,5,5
30277,106,105,1,1
30278,89,88,1,1
30279,80,86,-6,6
30280,77,78,-1,1
30281,138,123,15,15
30282,99,96,3,3
30283,70,78,-8,8
30284,107,104,3,3
30285,64,69,-5,5
30286,123,119,4,4
30287,75,78,-3,3
30288,46,59,-13,13
30289,94,95,-1,1
30290,68,69,-1,1
30291,116,121,-5,5
30292,68,76,-8,8
30293,42,42,0,0
30294,74,66,8,8
30295,102,105,-3,3
30296,111,105,6,6
30297,102,109,-7,7
30298,155,165,-10,10
30299,97,99,-2,2
30300,75,74,1,1
30301,158,164,-6,6
30302,66,59,7,7
30303,72,70,2,2
30304,197,162,35,35
30305,133,114,19,19
30306,103,106,-3,3
30307,119,112,7,7
30308,88,94,-6,6
30309,56,65,-9,9
30310,59,68,-9,9
30311,73,87,-14,14
30312,100,95,5,5
30313,83,76,7,7
30314,104,101,3,3
30315,91,99,-8,8
30316,86,91,-5,5
30317,62,62,0,0
30318,90,100,-10,10
30319,79,77,2,2
30320,127,121,6,6
30321,108,117,-9,9
30322,38,67,-29,29
30323,63,75,-12,12
30324,55,60,-5,5
30325,111,96,15,15
30326,53,61,-8,8
30327,77,73,4,4
30328,143,142,1,1
30329,136,131,5,5
30330,47,57,-10,10
30331,85,79,6,6
30332,96,93,3,3
30333,87,84,3,3
30334,87,86,1,1
30335,144,129,15,15
30336,105,100,5,5
30337,96,102,-6,6
30338,78,79,-1,1
30339,140,148,-8,8
30340,69,68,1,1
30341,41,54,-13,13
30342,73,84,-11,11
30343,75,74,1,1
30344,54,64,-10,10
30345,71,74,-3,3
30346,92,99,-7,7
30347,78,76,2,2
30348,106,102,4,4
30349,77,81,-4,4
30350,74,73,1,1
30351,59,60,-1,1
30352,94,107,-13,13
30353,86,84,2,2
30354,102,109,-7,7
30355,87,95,-8,8
30356,121,122,-1,1
30357,75,71,4,4
30358,108,103,5,5
30359,174,154,20,20
30360,119,114,5,5
30361,84,90,-6,6
30362,98,98,0,0
30363,84,89,-5,5
30364,89,84,5,5
30365,87,78,9,9
30366,43,55,-12,12
30367,95,101,-6,6
30368,62,65,-3,3
30369,97,102,-5,5
30370,110,105,5,5
30371,102,107,-5,5
30372,95,99,-4,4
30373,84,89,-5,5
30374,88,90,-2,2
30375,101,100,1,1
30376,154,151,3,3
30377,159,147,12,12
30378,103,97,6,6
30379,75,76,-1,1
30380,119,107,12,12
30381,27,34,-7,7
30382,77,82,-5,5
30383,169,143,26,26
30384,151,152,-1,1
30385,72,67,5,5
30386,145,125,20,20
30387,62,71,-9,9
30388,52,70,-18,18
30389,69,78,-9,9
30390,74,75,-1,1
30391,102,77,25,25
30392,91,96,-5,5
30393,93,89,4,4
30394,81,84,-3,3
30395,137,125,12,12
30396,157,152,5,5
30397,48,53,-5,5
30398,122,125,-3,3
30399,64,68,-4,4
30400,175,161,14,14
30401,74,65,9,9
30402,47,54,-7,7
30403,103,101,2,2
30404,88,92,-4,4
30405,64,67,-3,3
30406,94,92,2,2
30407,111,109,2,2
30408,209,186,23,23
30409,80,80,0,0
30410,108,113,-5,5
30411,103,100,3,3
30412,93,113,-20,20
30413,86,90,-4,4
30414,105,100,5,5
30415,110,107,3,3
30416,82,87,-5,5
30417,69,66,3,3
30418,43,48,-5,5
30419,74,81,-7,7
30420,131,115,16,16
30421,137,140,-3,3
30422,110,118,-8,8
30423,61,66,-5,5
30424,90,88,2,2
30425,78,71,7,7
30426,82,87,-5,5
30427,82,87,-5,5
30428,66,67,-1,1
30429,136,138,-2,2
30430,112,103,9,9
30431,71,75,-4,4
30432,114,114,0,0
30433,105,149,-44,44
30434,93,84,9,9
30435,122,122,0,0
30436,167,163,4,4
30437,67,66,1,1
30438,62,78,-16,16
30439,116,109,7,7
30440,120,107,13,13
30441,126,119,7,7
30442,110,103,7,7
30443,85,88,-3,3
30444,124,118,6,6
30445,129,133,-4,4
30446,99,113,-14,14
30447,172,158,14,14
30448,76,84,-8,8
30449,64,68,-4,4
30450,138,121,17,17
30451,59,63,-4,4
30452,123,114,9,9
30453,140,110,30,30
30454,67,68,-1,1
30455,211,188,23,23
30456,155,139,16,16
30457,84,96,-12,12
30458,125,124,1,1
30459,72,73,-1,1
30460,121,125,-4,4
30461,121,124,-3,3
30462,141,142,-1,1
30463,67,69,-2,2
30464,73,98,-25,25
30465,107,108,-1,1
30466,72,67,5,5
30467,65,70,-5,5
30468,82,79,3,3
30469,87,80,7,7
30470,87,84,3,3
30471,52,59,-7,7
30472,84,79,5,5
30473,81,77,4,4
30474,75,83,-8,8
30475,126,128,-2,2
30476,45,52,-7,7
30477,48,56,-8,8
30478,77,79,-2,2
30479,150,131,19,19
30480,100,100,0,0
30481,128,133,-5,5
30482,86,88,-2,2
30483,72,67,5,5
30484,108,105,3,3
30485,61,49,12,12
30486,121,123,-2,2
30487,132,133,-1,1
30488,112,113,-1,1
30489,148,139,9,9
30490,89,99,-10,10
30491,47,59,-12,12
30492,75,78,-3,3
30493,113,122,-9,9
30494,82,94,-12,12
30495,82,83,-1,1
30496,155,139,16,16
30497,114,106,8,8
30498,85,94,-9,9
30499,97,101,-4,4
30500,117,107,10,10
30501,57,62,-5,5
30502,121,115,6,6
30503,50,56,-6,6
30504,32,43,-11,11
30505,126,119,7,7
30506,85,88,-3,3
30507,45,59,-14,14
30508,105,98,7,7
30509,84,90,-6,6
30510,99,92,7,7
30511,129,96,33,33
30512,115,108,7,7
30513,127,127,0,0
30514,42,68,-26,26
30515,86,96,-10,10
30516,106,102,4,4
30517,108,104,4,4
30518,143,139,4,4
30519,98,103,-5,5
30520,131,104,27,27
30521,117,114,3,3
30522,82,76,6,6
30523,79,80,-1,1
30524,58,61,-3,3
30525,96,90,6,6
30526,105,94,11,11
30527,103,99,4,4
30528,72,84,-12,12
30529,108,115,-7,7
30530,155,146,9,9
30531,164,148,16,16
30532,60,61,-1,1
30533,130,119,11,11
30534,123,114,9,9
30535,104,108,-4,4
30536,79,75,4,4
30537,136,132,4,4
30538,130,125,5,5
30539,135,122,13,13
30540,77,77,0,0
30541,136,125,11,11
30542,107,83,24,24
30543,127,113,14,14
30544,116,113,3,3
30545,132,126,6,6
30546,88,85,3,3
30547,74,69,5,5
30548,71,84,-13,13
30549,53,55,-2,2
30550,57,60,-3,3
30551,189,174,15,15
30552,49,52,-3,3
30553,124,128,-4,4
30554,127,119,8,8
30555,45,64,-19,19
30556,110,118,-8,8
30557,104,107,-3,3
30558,82,84,-2,2
30559,133,126,7,7
30560,229,203,26,26
30561,64,69,-5,5
30562,107,97,10,10
30563,109,110,-1,1
30564,174,156,18,18
30565,176,167,9,9
30566,101,91,10,10
30567,113,108,5,5
30568,139,128,11,11
30569,56,60,-4,4
30570,75,73,2,2
30571,89,90,-1,1
30572,34,45,-11,11
30573,130,128,2,2
30574,81,76,5,5
30575,103,113,-10,10
30576,99,101,-2,2
30577,136,135,1,1
30578,37,47,-10,10
30579,82,76,6,6
30580,125,123,2,2
30581,121,115,6,6
30582,94,92,2,2
30583,67,67,0,0
30584,110,122,-12,12
30585,82,79,3,3
30586,106,116,-10,10
30587,154,141,13,13
30588,97,102,-5,5
30589,65,67,-2,2
30590,81,90,-9,9
30591,53,59,-6,6
30592,123,113,10,10
30593,123,112,11,11
30594,60,55,5,5
30595,59,65,-6,6
30596,71,99,-28,28
30597,154,145,9,9
30598,89,88,1,1
30599,89,85,4,4
30600,95,89,6,6
30601,78,81,-3,3
30602,79,85,-6,6
30603,132,129,3,3
30604,124,122,2,2
30605,125,118,7,7
30606,73,74,-1,1
30607,109,112,-3,3
30608,84,84,0,0
30609,114,119,-5,5
30610,98,101,-3,3
30611,229,210,19,19
30612,118,119,-1,1
30613,105,104,1,1
30614,56,63,-7,7
30615,86,85,1,1
30616,72,77,-5,5
30617,144,165,-21,21
30618,151,139,12,12
30619,91,90,1,1
30620,134,132,2,2
30621,142,136,6,6
30622,119,118,1,1
30623,115,109,6,6
30624,122,122,0,0
30625,121,108,13,13
30626,145,152,-7,7
30627,151,145,6,6
30628,99,79,20,20
30629,90,93,-3,3
30630,115,138,-23,23
30631,65,83,-18,18
30632,90,88,2,2
30633,78,79,-1,1
30634,65,73,-8,8
30635,77,77,0,0
30636,64,67,-3,3
30637,204,172,32,32
30638,134,139,-5,5
30639,144,130,14,14
30640,127,126,1,1
30641,88,83,5,5
30642,61,66,-5,5
30643,118,122,-4,4
30644,91,91,0,0
30645,143,121,22,22
30646,166,146,20,20
30647,77,75,2,2
30648,97,91,6,6
30649,97,99,-2,2
30650,98,85,13,13
30651,71,70,1,1
30652,77,74,3,3
30653,145,135,10,10
30654,127,123,4,4
30655,144,139,5,5
30656,128,116,12,12
30657,148,137,11,11
30658,67,67,0,0
30659,147,146,1,1
30660,85,94,-9,9
30661,98,101,-3,3
30662,72,72,0,0
30663,74,77,-3,3
30664,111,113,-2,2
30665,80,78,2,2
30666,73,71,2,2
30667,79,85,-6,6
30668,90,78,12,12
30669,104,99,5,5
30670,70,72,-2,2
30671,99,102,-3,3
30672,64,66,-2,2
30673,68,71,-3,3
30674,96,92,4,4
30675,44,52,-8,8
30676,84,85,-1,1
30677,81,76,5,5
30678,152,144,8,8
30679,69,72,-3,3
30680,86,102,-16,16
30681,89,95,-6,6
30682,151,143,8,8
30683,80,88,-8,8
30684,97,101,-4,4
30685,55,57,-2,2
30686,126,115,11,11
30687,110,115,-5,5
30688,112,123,-11,11
30689,156,139,17,17
30690,52,60,-8,8
30691,88,90,-2,2
30692,98,107,-9,9
30693,131,123,8,8
30694,114,108,6,6
30695,154,152,2,2
30696,52,57,-5,5
30697,134,132,2,2
30698,60,61,-1,1
30699,68,70,-2,2
30700,119,119,0,0
30701,61,60,1,1
30702,94,102,-8,8
30703,98,103,-5,5
30704,103,112,-9,9
30705,120,121,-1,1
30706,97,98,-1,1
30707,126,117,9,9
30708,103,98,5,5
30709,97,98,-1,1
30710,89,87,2,2
30711,69,68,1,1
30712,58,63,-5,5
30713,109,102,7,7
30714,91,83,8,8
30715,76,75,1,1
30716,206,191,15,15
30717,109,97,12,12
30718,167,157,10,10
30719,124,116,8,8
30720,68,67,1,1
30721,162,136,26,26
30722,92,92,0,0
30723,160,155,5,5
30724,107,104,3,3
30725,104,96,8,8
30726,72,67,5,5
30727,59,65,-6,6
30728,102,95,7,7
30729,110,118,-8,8
30730,71,72,-1,1
30731,96,83,13,13
30732,117,112,5,5
30733,67,68,-1,1
30734,64,68,-4,4
30735,111,104,7,7
30736,54,53,1,1
30737,70,72,-2,2
30738,89,85,4,4
30739,125,131,-6,6
30740,81,92,-11,11
30741,132,121,11,11
30742,122,125,-3,3
30743,83,89,-6,6
30744,49,63,-14,14
30745,134,115,19,19
30746,86,86,0,0
30747,87,86,1,1
30748,113,112,1,1
30749,147,143,4,4
30750,57,64,-7,7
30751,81,78,3,3
30752,84,95,-11,11
30753,130,123,7,7
30754,103,96,7,7
30755,57,61,-4,4
30756,58,60,-2,2
30757,147,126,21,21
30758,136,132,4,4
30759,78,84,-6,6
30760,92,93,-1,1
30761,69,76,-7,7
30762,151,134,17,17
30763,155,152,3,3
30764,80,87,-7,7
30765,71,69,2,2
30766,113,149,-36,36
30767,129,115,14,14
30768,113,112,1,1
30769,82,89,-7,7
30770,69,62,7,7
30771,95,93,2,2
30772,86,88,-2,2
30773,86,81,5,5
30774,73,71,2,2
30775,84,87,-3,3
30776,99,96,3,3
30777,159,140,19,19
30778,94,97,-3,3
30779,93,96,-3,3
30780,52,56,-4,4
30781,92,92,0,0
30782,77,89,-12,12
30783,83,88,-5,5
30784,145,141,4,4
30785,89,85,4,4
30786,98,94,4,4
30787,128,129,-1,1
30788,70,79,-9,9
30789,85,86,-1,1
30790,94,93,1,1
30791,63,70,-7,7
30792,120,106,14,14
30793,93,101,-8,8
30794,113,105,8,8
30795,164,166,-2,2
30796,121,116,5,5
30797,61,60,1,1
30798,100,160,-60,60
30799,67,62,5,5
30800,107,106,1,1
30801,56,56,0,0
30802,79,80,-1,1
30803,116,143,-27,27
30804,139,132,7,7
30805,112,118,-6,6
30806,92,90,2,2
30807,108,104,4,4
30808,124,125,-1,1
30809,158,157,1,1
30810,106,94,12,12
30811,132,126,6,6
30812,100,96,4,4
30813,64,99,-35,35
30814,128,121,7,7
30815,53,54,-1,1
30816,54,56,-2,2
30817,81,84,-3,3
30818,67,70,-3,3
30819,97,112,-15,15
30820,129,116,13,13
30821,122,104,18,18
30822,139,132,7,7
30823,44,48,-4,4
30824,131,130,1,1
30825,67,74,-7,7
30826,115,113,2,2
30827,53,56,-3,3
30828,84,84,0,0
30829,124,122,2,2
30830,74,68,6,6
30831,104,112,-8,8
30832,70,77,-7,7
30833,112,111,1,1
30834,90,77,13,13
30835,83,98,-15,15
30836,71,75,-4,4
30837,81,78,3,3
30838,124,140,-16,16
30839,161,159,2,2
30840,52,58,-6,6
30841,78,87,-9,9
30842,57,56,1,1
30843,113,112,1,1
30844,105,96,9,9
30845,119,109,10,10
30846,48,58,-10,10
30847,123,119,4,4
30848,96,93,3,3
30849,124,114,10,10
30850,129,125,4,4
30851,125,123,2,2
30852,104,107,-3,3
30853,117,113,4,4
30854,151,143,8,8
30855,125,119,6,6
30856,87,96,-9,9
30857,71,74,-3,3
30858,58,60,-2,2
30859,127,125,2,2
30860,143,125,18,18
30861,78,78,0,0
30862,114,123,-9,9
30863,49,53,-4,4
30864,86,88,-2,2
30865,81,92,-11,11
30866,85,88,-3,3
30867,158,131,27,27
30868,57,56,1,1
30869,109,107,2,2
30870,95,93,2,2
30871,45,52,-7,7
30872,76,85,-9,9
30873,83,77,6,6
30874,100,112,-12,12
30875,65,79,-14,14
30876,76,83,-7,7
30877,47,59,-12,12
30878,70,71,-1,1
30879,157,151,6,6
30880,204,172,32,32
30881,88,87,1,1
30882,93,88,5,5
30883,53,61,-8,8
30884,97,100,-3,3
30885,84,81,3,3
30886,66,74,-8,8
30887,73,77,-4,4
30888,64,72,-8,8
30889,102,95,7,7
30890,56,59,-3,3
30891,73,77,-4,4
30892,78,85,-7,7
30893,64,75,-11,11
30894,89,91,-2,2
30895,108,109,-1,1
30896,79,73,6,6
30897,99,101,-2,2
30898,104,102,2,2
30899,174,154,20,20
30900,76,83,-7,7
30901,67,75,-8,8
30902,103,100,3,3
30903,72,71,1,1
30904,65,78,-13,13
30905,79,84,-5,5
30906,39,68,-29,29
30907,42,47,-5,5
30908,43,53,-10,10
30909,130,128,2,2
30910,56,57,-1,1
30911,67,73,-6,6
30912,61,63,-2,2
30913,79,70,9,9
30914,122,103,19,19
30915,121,112,9,9
30916,87,79,8,8
30917,95,100,-5,5
30918,76,76,0,0
30919,98,90,8,8
30920,149,146,3,3
30921,37,47,-10,10
30922,91,78,13,13
30923,99,97,2,2
30924,64,70,-6,6
30925,113,107,6,6
30926,82,85,-3,3
30927,71,72,-1,1
30928,103,108,-5,5
30929,58,65,-7,7
30930,112,106,6,6
30931,61,65,-4,4
30932,60,69,-9,9
30933,118,119,-1,1
30934,48,55,-7,7
30935,86,76,10,10
30936,61,70,-9,9
30937,123,112,11,11
30938,151,145,6,6
30939,50,53,-3,3
30940,123,129,-6,6
30941,186,178,8,8
30942,59,66,-7,7
30943,141,136,5,5
30944,130,146,-16,16
30945,83,75,8,8
30946,63,66,-3,3
30947,168,147,21,21
30948,88,87,1,1
30949,49,58,-9,9
30950,47,55,-8,8
30951,81,85,-4,4
30952,176,152,24,24
30953,58,63,-5,5
30954,48,47,1,1
30955,117,114,3,3
30956,115,104,11,11
30957,120,113,7,7
30958,90,91,-1,1
30959,46,58,-12,12
30960,113,126,-13,13
30961,64,71,-7,7
30962,126,116,10,10
30963,153,135,18,18
30964,114,105,9,9
30965,182,175,7,7
30966,114,112,2,2
30967,91,92,-1,1
30968,116,103,13,13
30969,135,123,12,12
30970,70,73,-3,3
30971,80,74,6,6
30972,50,64,-14,14
30973,90,91,-1,1
30974,50,59,-9,9
30975,144,126,18,18
30976,77,76,1,1
30977,81,75,6,6
30978,41,45,-4,4
30979,80,83,-3,3
30980,97,94,3,3
30981,65,68,-3,3
30982,70,72,-2,2
30983,176,176,0,0
30984,143,137,6,6
30985,79,77,2,2
30986,122,114,8,8
30987,135,129,6,6
30988,85,92,-7,7
30989,50,63,-13,13
30990,88,85,3,3
30991,120,111,9,9
30992,134,128,6,6
30993,74,71,3,3
30994,86,92,-6,6
30995,95,95,0,0
30996,56,61,-5,5
30997,92,86,6,6
30998,86,87,-1,1
30999,70,89,-19,19
31000,81,76,5,5
31001,113,113,0,0
31002,99,96,3,3
31003,77,79,-2,2
31004,31,40,-9,9
31005,99,96,3,3
31006,85,84,1,1
31007,80,88,-8,8
31008,92,92,0,0
31009,56,61,-5,5
31010,139,149,-10,10
31011,51,52,-1,1
31012,36,50,-14,14
31013,126,115,11,11
31014,76,75,1,1
31015,96,109,-13,13
31016,87,91,-4,4
31017,117,113,4,4
31018,102,104,-2,2
31019,89,94,-5,5
31020,107,92,15,15
31021,79,78,1,1
31022,89,88,1,1
31023,67,64,3,3
31024,114,112,2,2
31025,69,74,-5,5
31026,115,98,17,17
31027,168,168,0,0
31028,84,93,-9,9
31029,79,61,18,18
31030,133,137,-4,4
31031,123,107,16,16
31032,102,112,-10,10
31033,123,113,10,10
31034,97,86,11,11
31035,89,95,-6,6
31036,92,97,-5,5
31037,171,151,20,20
31038,72,68,4,4
31039,92,100,-8,8
31040,54,65,-11,11
31041,113,114,-1,1
31042,110,99,11,11
31043,64,65,-1,1
31044,64,67,-3,3
31045,69,64,5,5
31046,81,81,0,0
31047,101,102,-1,1
31048,92,96,-4,4
31049,85,94,-9,9
31050,58,63,-5,5
31051,124,115,9,9
31052,81,77,4,4
31053,108,99,9,9
31054,93,90,3,3
31055,70,64,6,6
31056,119,96,23,23
31057,65,67,-2,2
31058,90,84,6,6
31059,53,57,-4,4
31060,73,78,-5,5
31061,52,58,-6,6
31062,97,98,-1,1
31063,118,107,11,11
31064,95,92,3,3
31065,89,89,0,0
31066,66,67,-1,1
31067,75,79,-4,4
31068,107,100,7,7
31069,63,62,1,1
31070,148,129,19,19
31071,110,107,3,3
31072,96,106,-10,10
31073,123,120,3,3
31074,123,113,10,10
31075,106,95,11,11
31076,101,95,6,6
31077,105,107,-2,2
31078,94,99,-5,5
31079,53,70,-17,17
31080,53,67,-14,14
31081,116,112,4,4
31082,122,122,0,0
31083,96,102,-6,6
31084,117,112,5,5
31085,105,100,5,5
31086,74,75,-1,1
31087,43,54,-11,11
31088,110,111,-1,1
31089,71,71,0,0
31090,72,68,4,4
31091,109,106,3,3
31092,142,139,3,3
31093,69,65,4,4
31094,127,133,-6,6
31095,113,118,-5,5
31096,61,63,-2,2
31097,108,104,4,4
31098,83,77,6,6
31099,58,63,-5,5
31100,107,105,2,2
31101,108,125,-17,17
31102,97,93,4,4
31103,101,92,9,9
31104,101,106,-5,5
31105,123,112,11,11
31106,68,71,-3,3
31107,89,87,2,2
31108,47,54,-7,7
31109,128,112,16,16
31110,117,112,5,5
31111,94,88,6,6
31112,111,106,5,5
31113,51,56,-5,5
31114,65,72,-7,7
31115,79,98,-19,19
31116,140,135,5,5
31117,152,131,21,21
31118,108,112,-4,4
31119,115,107,8,8
31120,78,88,-10,10
31121,100,102,-2,2
31122,69,72,-3,3
31123,127,123,4,4
31124,64,61,3,3
31125,148,141,7,7
31126,105,99,6,6
31127,123,114,9,9
31128,56,60,-4,4
31129,60,73,-13,13
31130,100,95,5,5
31131,77,97,-20,20
31132,89,112,-23,23
31133,63,71,-8,8
31134,70,70,0,0
31135,74,72,2,2
31136,74,83,-9,9
31137,149,126,23,23
31138,60,67,-7,7
31139,115,154,-39,39
31140,65,70,-5,5
31141,95,90,5,5
31142,126,139,-13,13
31143,84,95,-11,11
31144,114,100,14,14
31145,130,121,9,9
31146,117,109,8,8
31147,135,132,3,3
31148,110,113,-3,3
31149,74,70,4,4
31150,91,99,-8,8
31151,102,97,5,5
31152,76,83,-7,7
31153,81,93,-12,12
31154,117,112,5,5
31155,58,62,-4,4
31156,52,70,-18,18
31157,44,62,-18,18
31158,126,131,-5,5
31159,102,101,1,1
31160,68,64,4,4
31161,96,112,-16,16
31162,116,100,16,16
31163,96,89,7,7
31164,44,56,-12,12
31165,49,51,-2,2
31166,109,109,0,0
31167,40,54,-14,14
31168,84,114,-30,30
31169,57,62,-5,5
31170,85,91,-6,6
31171,44,53,-9,9
31172,77,76,1,1
31173,70,84,-14,14
31174,63,71,-8,8
31175,75,74,1,1
31176,88,90,-2,2
31177,98,97,1,1
31178,66,84,-18,18
31179,78,75,3,3
31180,95,101,-6,6
31181,99,121,-22,22
31182,20,95,-75,75
31183,88,91,-3,3
31184,165,151,14,14
31185,127,120,7,7
31186,55,62,-7,7
31187,145,136,9,9
31188,72,69,3,3
31189,84,75,9,9
31190,62,65,-3,3
31191,107,100,7,7
31192,113,96,17,17
31193,64,66,-2,2
31194,132,113,19,19
31195,80,76,4,4
31196,64,70,-6,6
31197,58,67,-9,9
31198,53,69,-16,16
31199,101,100,1,1
31200,97,91,6,6
31201,93,96,-3,3
31202,87,75,12,12
31203,78,75,3,3
31204,70,64,6,6
31205,119,82,37,37
31206,66,68,-2,2
31207,82,94,-12,12
31208,117,101,16,16
31209,106,100,6,6
31210,79,78,1,1
31211,129,156,-27,27
31212,95,85,10,10
31213,66,73,-7,7
31214,63,62,1,1
31215,128,127,1,1
31216,86,78,8,8
31217,87,92,-5,5
31218,115,114,1,1
31219,126,125,1,1
31220,66,101,-35,35
31221,138,135,3,3
31222,118,103,15,15
31223,105,102,3,3
31224,59,66,-7,7
31225,51,62,-11,11
31226,45,63,-18,18
31227,79,79,0,0
31228,103,90,13,13
31229,86,111,-25,25
31230,63,64,-1,1
31231,104,100,4,4
31232,144,137,7,7
31233,160,145,15,15
31234,55,60,-5,5
31235,83,83,0,0
31236,104,102,2,2
31237,61,66,-5,5
31238,92,99,-7,7
31239,72,77,-5,5
31240,103,99,4,4
31241,192,160,32,32
31242,89,84,5,5
31243,76,74,2,2
31244,70,78,-8,8
31245,81,74,7,7
31246,96,96,0,0
31247,120,114,6,6
31248,88,90,-2,2
31249,81,73,8,8
31250,91,92,-1,1
31251,104,97,7,7
31252,71,71,0,0
31253,51,53,-2,2
31254,138,126,12,12
31255,88,75,13,13
31256,64,76,-12,12
31257,108,110,-2,2
31258,120,114,6,6
31259,78,100,-22,22
31260,158,136,22,22
31261,185,163,22,22
31262,168,168,0,0
31263,96,100,-4,4
31264,100,80,20,20
31265,48,102,-54,54
31266,80,79,1,1
31267,49,56,-7,7
31268,108,105,3,3
31269,71,75,-4,4
31270,111,111,0,0
31271,75,70,5,5
31272,117,112,5,5
31273,156,140,16,16
31274,111,102,9,9
31275,108,110,-2,2
31276,54,62,-8,8
31277,83,91,-8,8
31278,91,85,6,6
31279,53,64,-11,11
31280,46,51,-5,5
31281,39,51,-12,12
31282,97,110,-13,13
31283,97,110,-13,13
31284,93,89,4,4
31285,173,159,14,14
31286,76,75,1,1
31287,146,135,11,11
31288,128,134,-6,6
31289,81,75,6,6
31290,90,93,-3,3
31291,109,113,-4,4
31292,123,111,12,12
31293,100,98,2,2
31294,77,83,-6,6
31295,77,79,-2,2
31296,109,118,-9,9
31297,85,85,0,0
31298,94,93,1,1
31299,57,59,-2,2
31300,51,57,-6,6
31301,50,60,-10,10
31302,80,77,3,3
31303,73,70,3,3
31304,68,76,-8,8
31305,153,132,21,21
31306,120,126,-6,6
31307,99,99,0,0
31308,97,93,4,4
31309,82,78,4,4
31310,85,96,-11,11
31311,84,82,2,2
31312,93,104,-11,11
31313,55,63,-8,8
31314,53,60,-7,7
31315,148,137,11,11
31316,115,120,-5,5
31317,116,113,3,3
31318,109,98,11,11
31319,72,76,-4,4
31320,85,88,-3,3
31321,78,69,9,9
31322,133,123,10,10
31323,89,85,4,4
31324,53,65,-12,12
31325,145,152,-7,7
31326,75,71,4,4
31327,60,64,-4,4
31328,71,74,-3,3
31329,62,66,-4,4
31330,165,151,14,14
31331,51,58,-7,7
31332,146,148,-2,2
31333,64,66,-2,2
31334,75,86,-11,11
31335,79,75,4,4
31336,85,88,-3,3
31337,100,99,1,1
31338,119,113,6,6
31339,106,114,-8,8
31340,79,78,1,1
31341,163,150,13,13
31342,121,121,0,0
31343,66,70,-4,4
31344,114,112,2,2
31345,77,83,-6,6
31346,57,61,-4,4
31347,87,93,-6,6
31348,86,83,3,3
31349,71,78,-7,7
31350,124,115,9,9
31351,65,65,0,0
31352,111,105,6,6
31353,62,70,-8,8
31354,94,85,9,9
31355,76,77,-1,1
31356,122,133,-11,11
31357,136,144,-8,8
31358,76,74,2,2
31359,82,97,-15,15
31360,62,63,-1,1
31361,65,62,3,3
31362,63,70,-7,7
31363,50,54,-4,4
31364,56,70,-14,14
31365,80,87,-7,7
31366,95,87,8,8
31367,94,97,-3,3
31368,90,80,10,10
31369,116,100,16,16
31370,113,104,9,9
31371,70,68,2,2
31372,31,41,-10,10
31373,70,76,-6,6
31374,72,67,5,5
31375,92,85,7,7
31376,82,79,3,3
31377,58,67,-9,9
31378,104,107,-3,3
31379,75,76,-1,1
31380,90,94,-4,4
31381,130,121,9,9
31382,126,124,2,2
31383,89,84,5,5
31384,108,105,3,3
31385,51,59,-8,8
31386,132,129,3,3
31387,91,92,-1,1
31388,109,114,-5,5
31389,103,120,-17,17
31390,87,79,8,8
31391,123,121,2,2
31392,109,100,9,9
31393,77,93,-16,16
31394,96,97,-1,1
31395,82,83,-1,1
31396,111,111,0,0
31397,72,71,1,1
31398,117,107,10,10
31399,117,112,5,5
31400,137,133,4,4
31401,107,97,10,10
31402,91,92,-1,1
31403,110,107,3,3
31404,76,86,-10,10
31405,83,77,6,6
31406,142,139,3,3
31407,97,97,0,0
31408,54,57,-3,3
31409,71,76,-5,5
31410,91,99,-8,8
31411,100,100,0,0
31412,47,55,-8,8
31413,114,103,11,11
31414,65,60,5,5
31415,33,41,-8,8
31416,88,84,4,4
31417,102,103,-1,1
31418,72,86,-14,14
31419,95,97,-2,2
31420,100,97,3,3
31421,200,187,13,13
31422,147,131,16,16
31423,98,106,-8,8
31424,111,109,2,2
31425,105,107,-2,2
31426,89,91,-2,2
31427,108,104,4,4
31428,35,66,-31,31
31429,54,63,-9,9
31430,124,117,7,7
31431,90,81,9,9
31432,130,128,2,2
31433,138,123,15,15
31434,143,127,16,16
31435,74,75,-1,1
31436,47,58,-11,11
31437,64,68,-4,4
31438,174,172,2,2
31439,96,93,3,3
31440,132,130,2,2
31441,66,74,-8,8
31442,105,105,0,0
31443,128,128,0,0
31444,99,99,0,0
31445,70,69,1,1
31446,62,61,1,1
31447,78,77,1,1
31448,93,98,-5,5
31449,89,74,15,15
31450,104,112,-8,8
31451,74,71,3,3
31452,102,87,15,15
31453,58,59,-1,1
31454,89,90,-1,1
31455,84,77,7,7
31456,128,115,13,13
31457,91,95,-4,4
31458,80,71,9,9
31459,84,97,-13,13
31460,100,104,-4,4
31461,115,110,5,5
31462,92,98,-6,6
31463,155,152,3,3
31464,175,145,30,30
31465,79,75,4,4
31466,70,66,4,4
31467,64,74,-10,10
31468,111,112,-1,1
31469,83,80,3,3
31470,92,95,-3,3
31471,153,144,9,9
31472,138,133,5,5
31473,90,105,-15,15
31474,104,109,-5,5
31475,52,54,-2,2
31476,72,75,-3,3
31477,76,83,-7,7
31478,69,70,-1,1
31479,145,134,11,11
31480,67,67,0,0
31481,79,75,4,4
31482,103,97,6,6
31483,145,147,-2,2
31484,86,88,-2,2
31485,112,103,9,9
31486,130,123,7,7
31487,173,159,14,14
31488,75,75,0,0
31489,195,164,31,31
31490,93,92,1,1
31491,102,98,4,4
31492,64,63,1,1
31493,68,67,1,1
31494,58,67,-9,9
31495,93,83,10,10
31496,119,101,18,18
31497,54,55,-1,1
31498,72,91,-19,19
31499,82,85,-3,3
31500,130,122,8,8
31501,75,79,-4,4
31502,73,77,-4,4
31503,72,76,-4,4
31504,243,248,-5,5
31505,62,78,-16,16
31506,79,72,7,7
31507,129,127,2,2
31508,119,113,6,6
31509,121,123,-2,2
31510,135,128,7,7
31511,64,59,5,5
31512,84,86,-2,2
31513,68,72,-4,4
31514,89,85,4,4
31515,59,59,0,0
31516,67,74,-7,7
31517,108,112,-4,4
31518,55,61,-6,6
31519,161,133,28,28
31520,75,78,-3,3
31521,113,109,4,4
31522,102,99,3,3
31523,116,112,4,4
31524,134,129,5,5
31525,161,132,29,29
31526,122,108,14,14
31527,103,98,5,5
31528,75,76,-1,1
31529,162,141,21,21
31530,76,84,-8,8
31531,57,63,-6,6
31532,74,79,-5,5
31533,78,72,6,6
31534,68,68,0,0
31535,101,97,4,4
31536,66,70,-4,4
31537,61,68,-7,7
31538,120,111,9,9
31539,62,63,-1,1
31540,149,129,20,20
31541,85,95,-10,10
31542,126,111,15,15
31543,192,183,9,9
31544,94,90,4,4
31545,69,70,-1,1
31546,99,89,10,10
31547,114,106,8,8
31548,75,77,-2,2
31549,113,122,-9,9
31550,165,147,18,18
31551,133,122,11,11
31552,86,95,-9,9
31553,72,67,5,5
31554,97,97,0,0
31555,113,149,-36,36
31556,110,113,-3,3
31557,119,122,-3,3
31558,60,64,-4,4
31559,72,86,-14,14
31560,110,108,2,2
31561,151,135,16,16
31562,70,72,-2,2
31563,89,93,-4,4
31564,112,103,9,9
31565,70,70,0,0
31566,64,67,-3,3
31567,155,154,1,1
31568,103,100,3,3
31569,115,112,3,3
31570,57,57,0,0
31571,92,99,-7,7
31572,96,91,5,5
31573,61,67,-6,6
31574,144,128,16,16
31575,75,78,-3,3
31576,138,128,10,10
31577,103,106,-3,3
31578,118,107,11,11
31579,80,86,-6,6
31580,107,99,8,8
31581,84,85,-1,1
31582,87,85,2,2
31583,56,56,0,0
31584,129,129,0,0
31585,94,94,0,0
31586,72,84,-12,12
31587,193,171,22,22
31588,141,120,21,21
31589,98,98,0,0
31590,116,119,-3,3
31591,154,145,9,9
31592,116,123,-7,7
31593,75,84,-9,9
31594,107,98,9,9
31595,83,76,7,7
31596,103,113,-10,10
31597,99,95,4,4
31598,109,112,-3,3
31599,95,92,3,3
31600,85,76,9,9
31601,81,83,-2,2
31602,112,97,15,15
31603,82,76,6,6
31604,56,59,-3,3
31605,64,68,-4,4
31606,105,121,-16,16
31607,118,115,3,3
31608,82,85,-3,3
31609,96,97,-1,1
31610,69,66,3,3
31611,128,126,2,2
31612,88,95,-7,7
31613,90,85,5,5
31614,141,134,7,7
31615,75,87,-12,12
31616,108,111,-3,3
31617,153,142,11,11
31618,101,99,2,2
31619,76,79,-3,3
31620,86,96,-10,10
31621,49,51,-2,2
31622,130,126,4,4
31623,95,93,2,2
31624,33,49,-16,16
31625,156,155,1,1
31626,49,52,-3,3
31627,89,86,3,3
31628,86,77,9,9
31629,80,76,4,4
31630,97,95,2,2
31631,59,66,-7,7
31632,153,142,11,11
31633,51,56,-5,5
31634,88,77,11,11
31635,145,154,-9,9
31636,165,171,-6,6
31637,74,80,-6,6
31638,80,92,-12,12
31639,101,95,6,6
31640,46,53,-7,7
31641,62,67,-5,5
31642,107,97,10,10
31643,66,70,-4,4
31644,153,144,9,9
31645,75,76,-1,1
31646,49,53,-4,4
31647,120,122,-2,2
31648,131,125,6,6
31649,106,111,-5,5
31650,147,135,12,12
31651,81,83,-2,2
31652,94,95,-1,1
31653,57,59,-2,2
31654,61,72,-11,11
31655,47,53,-6,6
31656,53,57,-4,4
31657,117,109,8,8
31658,98,76,22,22
31659,48,51,-3,3
31660,190,180,10,10
31661,68,73,-5,5
31662,106,98,8,8
31663,57,67,-10,10
31664,131,133,-2,2
31665,132,124,8,8
31666,74,76,-2,2
31667,125,122,3,3
31668,86,90,-4,4
31669,49,54,-5,5
31670,95,78,17,17
31671,67,67,0,0
31672,82,86,-4,4
31673,93,103,-10,10
31674,52,61,-9,9
31675,55,60,-5,5
31676,111,108,3,3
31677,73,73,0,0
31678,72,79,-7,7
31679,160,145,15,15
31680,97,101,-4,4
31681,95,89,6,6
31682,117,95,22,22
31683,67,63,4,4
31684,55,63,-8,8
31685,103,97,6,6
31686,108,110,-2,2
31687,82,76,6,6
31688,155,144,11,11
31689,87,88,-1,1
31690,88,87,1,1
31691,84,97,-13,13
31692,66,79,-13,13
31693,59,64,-5,5
31694,80,77,3,3
31695,120,122,-2,2
31696,92,92,0,0
31697,36,40,-4,4
31698,89,79,10,10
31699,113,102,11,11
31700,86,89,-3,3
31701,117,132,-15,15
31702,78,73,5,5
31703,72,79,-7,7
31704,76,70,6,6
31705,76,77,-1,1
31706,87,88,-1,1
31707,76,97,-21,21
31708,79,65,14,14
31709,51,49,2,2
31710,121,126,-5,5
31711,100,92,8,8
31712,83,84,-1,1
31713,84,76,8,8
31714,100,103,-3,3
31715,125,116,9,9
31716,73,67,6,6
31717,59,63,-4,4
31718,79,83,-4,4
31719,76,83,-7,7
31720,108,112,-4,4
31721,64,76,-12,12
31722,101,96,5,5
31723,140,123,17,17
31724,89,90,-1,1
31725,72,70,2,2
31726,82,88,-6,6
31727,68,72,-4,4
31728,41,55,-14,14
31729,77,78,-1,1
31730,150,135,15,15
31731,121,113,8,8
31732,96,113,-17,17
31733,50,54,-4,4
31734,45,53,-8,8
31735,118,126,-8,8
31736,108,103,5,5
31737,74,70,4,4
31738,148,132,16,16
31739,109,104,5,5
31740,53,60,-7,7
31741,69,66,3,3
31742,75,77,-2,2
31743,75,90,-15,15
31744,93,92,1,1
31745,36,43,-7,7
31746,62,69,-7,7
31747,139,134,5,5
31748,67,70,-3,3
31749,199,188,11,11
31750,61,60,1,1
31751,66,70,-4,4
31752,58,63,-5,5
31753,58,63,-5,5
31754,98,102,-4,4
31755,65,65,0,0
31756,96,98,-2,2
31757,105,107,-2,2
31758,44,50,-6,6
31759,116,113,3,3
31760,87,82,5,5
31761,94,102,-8,8
31762,130,132,-2,2
31763,103,103,0,0
31764,85,83,2,2
31765,94,102,-8,8
31766,78,77,1,1
31767,120,113,7,7
31768,48,55,-7,7
31769,107,99,8,8
31770,87,93,-6,6
31771,115,118,-3,3
31772,122,119,3,3
31773,137,121,16,16
31774,19,38,-19,19
31775,90,94,-4,4
31776,45,49,-4,4
31777,53,63,-10,10
31778,132,118,14,14
31779,54,55,-1,1
31780,123,130,-7,7
31781,88,103,-15,15
31782,90,83,7,7
31783,112,111,1,1
31784,67,66,1,1
31785,50,60,-10,10
31786,65,67,-2,2
31787,44,51,-7,7
31788,86,95,-9,9
31789,65,69,-4,4
31790,80,98,-18,18
31791,128,121,7,7
31792,166,134,32,32
31793,105,98,7,7
31794,77,77,0,0
31795,113,117,-4,4
31796,82,83,-1,1
31797,94,99,-5,5
31798,123,115,8,8
31799,118,116,2,2
31800,159,144,15,15
31801,100,86,14,14
31802,95,85,10,10
31803,128,130,-2,2
31804,67,76,-9,9
31805,131,116,15,15
31806,78,77,1,1
31807,58,63,-5,5
31808,126,113,13,13
31809,136,140,-4,4
31810,75,72,3,3
31811,100,99,1,1
31812,52,56,-4,4
31813,94,93,1,1
31814,64,74,-10,10
31815,65,69,-4,4
31816,85,85,0,0
31817,100,100,0,0
31818,134,128,6,6
31819,88,86,2,2
31820,87,90,-3,3
31821,112,109,3,3
31822,222,202,20,20
31823,103,96,7,7
31824,131,151,-20,20
31825,143,142,1,1
31826,89,92,-3,3
31827,144,129,15,15
31828,90,89,1,1
31829,117,112,5,5
31830,41,48,-7,7
31831,161,150,11,11
31832,87,93,-6,6
31833,67,71,-4,4
31834,89,102,-13,13
31835,58,56,2,2
31836,54,56,-2,2
31837,66,66,0,0
31838,62,69,-7,7
31839,46,51,-5,5
31840,116,113,3,3
31841,146,145,1,1
31842,153,156,-3,3
31843,110,97,13,13
31844,83,74,9,9
31845,138,124,14,14
31846,117,109,8,8
31847,86,83,3,3
31848,170,158,12,12
31849,96,99,-3,3
31850,57,57,0,0
31851,102,93,9,9
31852,96,97,-1,1
31853,88,85,3,3
31854,117,118,-1,1
31855,83,97,-14,14
31856,94,103,-9,9
31857,68,77,-9,9
31858,81,76,5,5
31859,165,158,7,7
31860,93,85,8,8
31861,169,160,9,9
31862,79,82,-3,3
31863,91,83,8,8
31864,96,97,-1,1
31865,107,93,14,14
31866,98,96,2,2
31867,81,78,3,3
31868,125,125,0,0
31869,111,109,2,2
31870,50,57,-7,7
31871,102,100,2,2
31872,94,88,6,6
31873,57,59,-2,2
31874,110,108,2,2
31875,89,86,3,3
31876,69,68,1,1
31877,116,117,-1,1
31878,135,119,16,16
31879,76,74,2,2
31880,98,87,11,11
31881,72,70,2,2
31882,68,74,-6,6
31883,77,75,2,2
31884,125,138,-13,13
31885,115,106,9,9
31886,136,120,16,16
31887,80,77,3,3
31888,82,84,-2,2
31889,76,84,-8,8
31890,82,79,3,3
31891,138,128,10,10
31892,108,100,8,8
31893,153,141,12,12
31894,76,77,-1,1
31895,100,92,8,8
31896,97,98,-1,1
31897,119,113,6,6
31898,35,47,-12,12
31899,39,47,-8,8
31900,102,98,4,4
31901,93,106,-13,13
31902,122,118,4,4
31903,88,86,2,2
31904,84,87,-3,3
31905,207,188,19,19
31906,67,70,-3,3
31907,111,112,-1,1
31908,75,77,-2,2
31909,112,100,12,12
31910,59,63,-4,4
31911,66,65,1,1
31912,161,155,6,6
31913,80,88,-8,8
31914,64,70,-6,6
31915,123,73,50,50
31916,123,115,8,8
31917,144,138,6,6
31918,61,65,-4,4
31919,85,73,12,12
31920,100,94,6,6
31921,100,96,4,4
31922,65,62,3,3
31923,75,71,4,4
31924,104,95,9,9
31925,112,119,-7,7
31926,93,90,3,3
31927,69,67,2,2
31928,58,62,-4,4
31929,120,104,16,16
31930,131,119,12,12
31931,101,92,9,9
31932,156,150,6,6
31933,83,78,5,5
31934,62,66,-4,4
31935,94,97,-3,3
31936,87,92,-5,5
31937,182,166,16,16
31938,132,128,4,4
31939,100,102,-2,2
31940,74,75,-1,1
31941,57,64,-7,7
31942,95,96,-1,1
31943,64,60,4,4
31944,99,98,1,1
31945,102,111,-9,9
31946,144,129,15,15
31947,152,138,14,14
31948,66,64,2,2
31949,57,61,-4,4
31950,73,78,-5,5
31951,85,80,5,5
31952,111,101,10,10
31953,78,80,-2,2
31954,87,86,1,1
31955,58,65,-7,7
31956,125,121,4,4
31957,98,97,1,1
31958,127,119,8,8
31959,125,113,12,12
31960,107,108,-1,1
31961,57,66,-9,9
31962,161,145,16,16
31963,109,100,9,9
31964,110,99,11,11
31965,64,65,-1,1
31966,304,266,38,38
31967,75,73,2,2
31968,161,158,3,3
31969,85,96,-11,11
31970,124,107,17,17
31971,53,57,-4,4
31972,98,101,-3,3
31973,124,124,0,0
31974,67,64,3,3
31975,59,66,-7,7
31976,115,105,10,10
31977,91,86,5,5
31978,108,109,-1,1
31979,82,88,-6,6
31980,104,97,7,7
31981,65,74,-9,9
31982,107,101,6,6
31983,140,140,0,0
31984,83,85,-2,2
31985,128,139,-11,11
31986,65,62,3,3
31987,70,74,-4,4
31988,160,158,2,2
31989,94,97,-3,3
31990,74,70,4,4
31991,99,99,0,0
31992,105,101,4,4
31993,65,72,-7,7
31994,46,51,-5,5
31995,72,71,1,1
31996,53,54,-1,1
31997,110,110,0,0
31998,100,94,6,6
31999,65,70,-5,5
32000,102,98,4,4
32001,128,123,5,5
32002,90,86,4,4
32003,139,146,-7,7
32004,145,122,23,23
32005,89,84,5,5
32006,68,78,-10,10
32007,64,66,-2,2
32008,79,88,-9,9
32009,86,76,10,10
32010,60,68,-8,8
32011,101,93,8,8
32012,36,48,-12,12
32013,103,101,2,2
32014,52,55,-3,3
32015,152,146,6,6
32016,80,93,-13,13
32017,142,124,18,18
32018,129,114,15,15
32019,140,117,23,23
32020,49,58,-9,9
32021,147,145,2,2
32022,100,90,10,10
32023,59,69,-10,10
32024,106,109,-3,3
32025,88,90,-2,2
32026,86,90,-4,4
32027,106,96,10,10
32028,110,109,1,1
32029,43,45,-2,2
32030,114,119,-5,5
32031,77,74,3,3
32032,103,103,0,0
32033,125,121,4,4
32034,65,68,-3,3
32035,105,103,2,2
32036,98,113,-15,15
32037,132,142,-10,10
32038,119,114,5,5
32039,80,82,-2,2
32040,107,104,3,3
32041,94,86,8,8
32042,59,62,-3,3
32043,109,110,-1,1
32044,144,145,-1,1
32045,45,52,-7,7
32046,66,52,14,14
32047,122,122,0,0
32048,88,88,0,0
32049,53,53,0,0
32050,58,67,-9,9
32051,68,70,-2,2
32052,104,97,7,7
32053,129,133,-4,4
32054,55,60,-5,5
32055,80,73,7,7
32056,100,108,-8,8
32057,64,74,-10,10
32058,150,143,7,7
32059,80,78,2,2
32060,96,91,5,5
32061,83,83,0,0
32062,39,45,-6,6
32063,112,98,14,14
32064,146,135,11,11
32065,91,97,-6,6
32066,77,88,-11,11
32067,121,119,2,2
32068,113,112,1,1
32069,132,136,-4,4
32070,102,101,1,1
32071,71,67,4,4
32072,81,77,4,4
32073,60,72,-12,12
32074,112,100,12,12
32075,95,87,8,8
32076,116,110,6,6
32077,85,90,-5,5
32078,116,122,-6,6
32079,107,104,3,3
32080,156,134,22,22
32081,84,87,-3,3
32082,77,77,0,0
32083,111,101,10,10
32084,61,85,-24,24
32085,124,124,0,0
32086,106,97,9,9
32087,116,113,3,3
32088,64,77,-13,13
32089,108,106,2,2
32090,76,76,0,0
32091,72,77,-5,5
32092,75,74,1,1
32093,66,65,1,1
32094,128,133,-5,5
32095,189,163,26,26
32096,120,120,0,0
32097,64,64,0,0
32098,141,138,3,3
32099,96,93,3,3
32100,170,160,10,10
32101,83,85,-2,2
32102,101,103,-2,2
32103,81,89,-8,8
32104,43,51,-8,8
32105,150,137,13,13
32106,70,66,4,4
32107,89,79,10,10
32108,115,111,4,4
32109,103,100,3,3
32110,54,57,-3,3
32111,63,63,0,0
32112,127,132,-5,5
32113,96,81,15,15
32114,79,97,-18,18
32115,83,84,-1,1
32116,108,102,6,6
32117,116,111,5,5
32118,121,113,8,8
32119,127,114,13,13
32120,109,113,-4,4
32121,96,98,-2,2
32122,82,81,1,1
32123,103,124,-21,21
32124,142,138,4,4
32125,161,147,14,14
32126,126,122,4,4
32127,78,72,6,6
32128,157,153,4,4
32129,63,69,-6,6
32130,64,65,-1,1
32131,90,87,3,3
32132,95,98,-3,3
32133,146,139,7,7
32134,56,59,-3,3
32135,48,49,-1,1
32136,68,68,0,0
32137,94,97,-3,3
32138,87,84,3,3
32139,122,109,13,13
32140,126,112,14,14
32141,55,64,-9,9
32142,61,66,-5,5
32143,89,99,-10,10
32144,62,71,-9,9
32145,71,73,-2,2
32146,87,90,-3,3
32147,39,45,-6,6
32148,123,115,8,8
32149,79,85,-6,6
32150,109,101,8,8
32151,101,104,-3,3
32152,107,102,5,5
32153,114,111,3,3
32154,81,91,-10,10
32155,167,154,13,13
32156,71,72,-1,1
32157,65,71,-6,6
32158,76,72,4,4
32159,94,92,2,2
32160,162,148,14,14
32161,86,99,-13,13
32162,162,155,7,7
32163,50,57,-7,7
32164,109,100,9,9
32165,70,70,0,0
32166,69,69,0,0
32167,36,46,-10,10
32168,117,109,8,8
32169,104,89,15,15
32170,107,110,-3,3
32171,66,70,-4,4
32172,98,97,1,1
32173,113,117,-4,4
32174,57,63,-6,6
32175,117,113,4,4
32176,79,92,-13,13
32177,88,84,4,4
32178,101,99,2,2
32179,98,99,-1,1
32180,164,172,-8,8
32181,108,107,1,1
32182,79,76,3,3
32183,77,85,-8,8
32184,81,80,1,1
32185,111,105,6,6
32186,108,105,3,3
32187,104,101,3,3
32188,51,49,2,2
32189,79,81,-2,2
32190,141,133,8,8
32191,105,100,5,5
32192,79,83,-4,4
32193,121,112,9,9
32194,85,92,-7,7
32195,60,65,-5,5
32196,76,74,2,2
32197,66,66,0,0
32198,140,128,12,12
32199,115,100,15,15
32200,135,120,15,15
32201,137,143,-6,6
32202,108,114,-6,6
32203,56,63,-7,7
32204,145,136,9,9
32205,107,99,8,8
32206,75,72,3,3
32207,73,67,6,6
32208,58,63,-5,5
32209,73,70,3,3
32210,100,97,3,3
32211,154,137,17,17
32212,89,86,3,3
32213,86,78,8,8
32214,218,188,30,30
32215,96,94,2,2
32216,72,76,-4,4
32217,136,144,-8,8
32218,197,182,15,15
32219,75,83,-8,8
32220,138,130,8,8
32221,112,114,-2,2
32222,97,102,-5,5
32223,50,58,-8,8
32224,144,131,13,13
32225,62,65,-3,3
32226,91,97,-6,6
32227,108,112,-4,4
32228,111,108,3,3
32229,154,140,14,14
32230,84,87,-3,3
32231,181,170,11,11
32232,80,83,-3,3
32233,134,127,7,7
32234,78,89,-11,11
32235,243,213,30,30
32236,59,57,2,2
32237,83,73,10,10
32238,76,68,8,8
32239,88,87,1,1
32240,62,64,-2,2
32241,81,81,0,0
32242,127,125,2,2
32243,119,112,7,7
32244,70,77,-7,7
32245,114,100,14,14
32246,91,90,1,1
32247,120,105,15,15
32248,61,60,1,1
32249,73,74,-1,1
32250,77,86,-9,9
32251,175,171,4,4
32252,86,86,0,0
32253,125,118,7,7
32254,109,101,8,8
32255,90,99,-9,9
32256,71,74,-3,3
32257,64,65,-1,1
32258,91,86,5,5
32259,116,112,4,4
32260,63,62,1,1
32261,79,85,-6,6
32262,56,57,-1,1
32263,144,135,9,9
32264,130,113,17,17
32265,73,71,2,2
32266,64,60,4,4
32267,146,126,20,20
32268,30,53,-23,23
32269,107,111,-4,4
32270,80,84,-4,4
32271,94,112,-18,18
32272,57,59,-2,2
32273,85,91,-6,6
32274,157,144,13,13
32275,131,130,1,1
32276,170,144,26,26
32277,115,122,-7,7
32278,124,109,15,15
32279,83,85,-2,2
32280,139,133,6,6
32281,104,106,-2,2
32282,54,59,-5,5
32283,117,112,5,5
32284,84,96,-12,12
32285,97,91,6,6
32286,50,49,1,1
32287,57,71,-14,14
32288,84,83,1,1
32289,70,73,-3,3
32290,75,79,-4,4
32291,33,59,-26,26
32292,110,123,-13,13
32293,60,64,-4,4
32294,66,71,-5,5
32295,121,110,11,11
32296,97,98,-1,1
32297,128,114,14,14
32298,82,80,2,2
32299,110,104,6,6
32300,135,135,0,0
32301,96,97,-1,1
32302,79,72,7,7
32303,82,75,7,7
32304,112,100,12,12
32305,119,121,-2,2
32306,113,92,21,21
32307,129,128,1,1
32308,30,40,-10,10
32309,143,140,3,3
32310,48,53,-5,5
32311,70,72,-2,2
32312,66,96,-30,30
32313,117,122,-5,5
32314,49,55,-6,6
32315,73,74,-1,1
32316,104,110,-6,6
32317,78,92,-14,14
32318,94,98,-4,4
32319,39,45,-6,6
32320,163,151,12,12
32321,131,130,1,1
32322,78,83,-5,5
32323,107,113,-6,6
32324,40,50,-10,10
32325,83,83,0,0
32326,88,101,-13,13
32327,104,101,3,3
32328,116,106,10,10
32329,144,129,15,15
32330,93,95,-2,2
32331,89,89,0,0
32332,110,104,6,6
32333,62,83,-21,21
32334,100,97,3,3
32335,79,80,-1,1
32336,80,78,2,2
32337,120,119,1,1
32338,84,100,-16,16
32339,88,92,-4,4
32340,132,133,-1,1
32341,93,88,5,5
32342,79,86,-7,7
32343,27,40,-13,13
32344,97,97,0,0
32345,167,151,16,16
32346,146,152,-6,6
32347,45,48,-3,3
32348,53,55,-2,2
32349,57,60,-3,3
32350,40,49,-9,9
32351,77,77,0,0
32352,120,115,5,5
32353,87,99,-12,12
32354,189,170,19,19
32355,84,89,-5,5
32356,68,66,2,2
32357,85,92,-7,7
32358,75,82,-7,7
32359,58,62,-4,4
32360,67,69,-2,2
32361,58,60,-2,2
32362,38,45,-7,7
32363,63,69,-6,6
32364,82,92,-10,10
32365,111,124,-13,13
32366,168,144,24,24
32367,67,68,-1,1
32368,92,93,-1,1
32369,43,46,-3,3
32370,126,113,13,13
32371,94,94,0,0
32372,108,118,-10,10
32373,80,88,-8,8
32374,159,143,16,16
32375,101,83,18,18
32376,71,69,2,2
32377,77,83,-6,6
32378,53,59,-6,6
32379,96,100,-4,4
32380,144,128,16,16
32381,96,98,-2,2
32382,120,120,0,0
32383,91,90,1,1
32384,57,68,-11,11
32385,95,99,-4,4
32386,114,116,-2,2
32387,115,122,-7,7
32388,63,58,5,5
32389,103,95,8,8
32390,213,192,21,21
32391,82,90,-8,8
32392,113,104,9,9
32393,75,76,-1,1
32394,122,125,-3,3
32395,82,70,12,12
32396,112,101,11,11
32397,114,112,2,2
32398,62,58,4,4
32399,145,129,16,16
32400,153,150,3,3
32401,102,77,25,25
32402,65,70,-5,5
32403,79,68,11,11
32404,85,90,-5,5
32405,69,66,3,3
32406,69,75,-6,6
32407,106,99,7,7
32408,73,73,0,0
32409,95,89,6,6
32410,68,75,-7,7
32411,72,77,-5,5
32412,71,78,-7,7
32413,135,126,9,9
32414,115,110,5,5
32415,75,77,-2,2
32416,57,62,-5,5
32417,33,46,-13,13
32418,73,73,0,0
32419,147,143,4,4
32420,100,100,0,0
32421,81,83,-2,2
32422,130,127,3,3
32423,63,66,-3,3
32424,75,78,-3,3
32425,97,103,-6,6
32426,80,88,-8,8
32427,67,69,-2,2
32428,135,131,4,4
32429,48,53,-5,5
32430,113,117,-4,4
32431,62,64,-2,2
32432,66,65,1,1
32433,62,57,5,5
32434,140,151,-11,11
32435,82,85,-3,3
32436,86,88,-2,2
32437,123,121,2,2
32438,134,125,9,9
32439,63,67,-4,4
32440,142,134,8,8
32441,63,65,-2,2
32442,94,85,9,9
32443,72,77,-5,5
32444,146,136,10,10
32445,90,74,16,16
32446,57,61,-4,4
32447,51,63,-12,12
32448,64,68,-4,4
32449,80,87,-7,7
32450,105,102,3,3
32451,109,106,3,3
32452,99,107,-8,8
32453,209,190,19,19
32454,82,75,7,7
32455,49,58,-9,9
32456,72,70,2,2
32457,62,65,-3,3
32458,50,59,-9,9
32459,153,150,3,3
32460,140,121,19,19
32461,95,90,5,5
32462,81,79,2,2
32463,114,104,10,10
32464,130,122,8,8
32465,31,42,-11,11
32466,86,92,-6,6
32467,100,107,-7,7
32468,58,63,-5,5
32469,58,59,-1,1
32470,95,86,9,9
32471,121,121,0,0
32472,83,85,-2,2
32473,152,136,16,16
32474,138,139,-1,1
32475,128,126,2,2
32476,92,101,-9,9
32477,64,70,-6,6
32478,72,78,-6,6
32479,110,113,-3,3
32480,57,58,-1,1
32481,99,96,3,3
32482,98,95,3,3
32483,73,87,-14,14
32484,53,62,-9,9
32485,55,66,-11,11
32486,61,63,-2,2
32487,239,184,55,55
32488,86,87,-1,1
32489,133,113,20,20
32490,80,83,-3,3
32491,76,70,6,6
32492,79,72,7,7
32493,140,123,17,17
32494,97,99,-2,2
32495,74,64,10,10
32496,142,131,11,11
32497,82,83,-1,1
32498,62,64,-2,2
32499,101,108,-7,7
32500,69,85,-16,16
32501,171,157,14,14
32502,69,75,-6,6
32503,72,73,-1,1
32504,93,92,1,1
32505,78,84,-6,6
32506,68,70,-2,2
32507,54,58,-4,4
32508,110,109,1,1
32509,69,79,-10,10
32510,92,89,3,3
32511,65,66,-1,1
32512,28,42,-14,14
32513,65,70,-5,5
32514,69,63,6,6
32515,119,106,13,13
32516,78,76,2,2
32517,75,73,2,2
32518,70,69,1,1
32519,57,69,-12,12
32520,88,90,-2,2
32521,80,72,8,8
32522,113,112,1,1
32523,63,68,-5,5
32524,91,89,2,2
32525,141,123,18,18
32526,88,83,5,5
32527,46,55,-9,9
32528,109,102,7,7
32529,98,101,-3,3
32530,177,160,17,17
32531,142,129,13,13
32532,56,62,-6,6
32533,166,138,28,28
32534,70,70,0,0
32535,64,69,-5,5
32536,70,73,-3,3
32537,66,74,-8,8
32538,104,97,7,7
32539,131,118,13,13
32540,82,85,-3,3
32541,65,66,-1,1
32542,95,97,-2,2
32543,79,75,4,4
32544,86,85,1,1
32545,84,85,-1,1
32546,103,90,13,13
32547,77,77,0,0
32548,125,114,11,11
32549,122,120,2,2
32550,64,64,0,0
32551,95,104,-9,9
32552,79,84,-5,5
32553,67,66,1,1
32554,160,146,14,14
32555,103,102,1,1
32556,114,111,3,3
32557,74,81,-7,7
32558,123,117,6,6
32559,50,58,-8,8
32560,53,59,-6,6
32561,195,191,4,4
32562,71,74,-3,3
32563,171,140,31,31
32564,90,96,-6,6
32565,75,76,-1,1
32566,84,89,-5,5
32567,86,103,-17,17
32568,101,101,0,0
32569,131,116,15,15
32570,159,139,20,20
32571,52,62,-10,10
32572,119,112,7,7
32573,85,84,1,1
32574,97,96,1,1
32575,73,78,-5,5
32576,54,63,-9,9
32577,73,68,5,5
32578,127,119,8,8
32579,164,157,7,7
32580,104,93,11,11
32581,57,57,0,0
32582,40,51,-11,11
32583,103,103,0,0
32584,149,134,15,15
32585,105,99,6,6
32586,184,162,22,22
32587,74,73,1,1
32588,145,127,18,18
32589,74,83,-9,9
32590,83,99,-16,16
32591,82,77,5,5
32592,85,95,-10,10
32593,133,133,0,0
32594,68,67,1,1
32595,56,66,-10,10
32596,183,170,13,13
32597,66,68,-2,2
32598,115,123,-8,8
32599,86,86,0,0
32600,64,71,-7,7
32601,41,50,-9,9
32602,97,113,-16,16
32603,76,76,0,0
32604,64,66,-2,2
32605,67,70,-3,3
32606,92,87,5,5
32607,86,88,-2,2
32608,86,88,-2,2
32609,114,112,2,2
32610,134,120,14,14
32611,80,74,6,6
32612,151,164,-13,13
32613,99,98,1,1
32614,144,137,7,7
32615,118,108,10,10
32616,74,76,-2,2
32617,85,79,6,6
32618,51,63,-12,12
32619,57,62,-5,5
32620,152,139,13,13
32621,80,85,-5,5
32622,83,76,7,7
32623,69,68,1,1
32624,126,138,-12,12
32625,178,159,19,19
32626,101,108,-7,7
32627,110,108,2,2
32628,53,61,-8,8
32629,89,98,-9,9
32630,97,99,-2,2
32631,81,77,4,4
32632,87,85,2,2
32633,52,53,-1,1
32634,98,95,3,3
32635,109,103,6,6
32636,103,100,3,3
32637,90,74,16,16
32638,73,72,1,1
32639,157,149,8,8
32640,106,99,7,7
32641,144,137,7,7
32642,105,107,-2,2
32643,191,174,17,17
32644,79,76,3,3
32645,113,104,9,9
32646,66,67,-1,1
32647,62,82,-20,20
32648,71,83,-12,12
32649,93,94,-1,1
32650,90,77,13,13
32651,81,78,3,3
32652,97,103,-6,6
32653,43,61,-18,18
32654,150,132,18,18
32655,78,77,1,1
32656,122,108,14,14
32657,76,76,0,0
32658,50,61,-11,11
32659,78,88,-10,10
32660,68,79,-11,11
32661,92,85,7,7
32662,65,75,-10,10
32663,112,106,6,6
32664,69,72,-3,3
32665,86,86,0,0
32666,73,72,1,1
32667,99,96,3,3
32668,99,94,5,5
32669,70,76,-6,6
32670,88,84,4,4
32671,66,67,-1,1
32672,123,112,11,11
32673,72,64,8,8
32674,120,129,-9,9
32675,51,60,-9,9
32676,68,64,4,4
32677,103,105,-2,2
32678,76,76,0,0
32679,77,87,-10,10
32680,143,152,-9,9
32681,128,127,1,1
32682,87,78,9,9
32683,47,52,-5,5
32684,119,116,3,3
32685,119,113,6,6
32686,52,59,-7,7
32687,123,99,24,24
32688,78,81,-3,3
32689,135,135,0,0
32690,65,67,-2,2
32691,50,56,-6,6
32692,59,81,-22,22
32693,95,86,9,9
32694,74,88,-14,14
32695,127,109,18,18
32696,135,112,23,23
32697,80,78,2,2
32698,81,87,-6,6
32699,102,102,0,0
32700,131,127,4,4
32701,96,88,8,8
32702,100,103,-3,3
32703,104,102,2,2
32704,112,114,-2,2
32705,103,92,11,11
32706,96,94,2,2
32707,86,84,2,2
32708,130,133,-3,3
32709,47,52,-5,5
32710,118,112,6,6
32711,81,83,-2,2
32712,117,95,22,22
32713,77,77,0,0
32714,129,121,8,8
32715,111,93,18,18
32716,131,122,9,9
32717,67,72,-5,5
32718,66,65,1,1
32719,111,116,-5,5
32720,71,83,-12,12
32721,58,58,0,0
32722,61,76,-15,15
32723,65,65,0,0
32724,91,97,-6,6
32725,126,119,7,7
32726,79,63,16,16
32727,98,91,7,7
32728,83,104,-21,21
32729,46,52,-6,6
32730,71,71,0,0
32731,56,68,-12,12
32732,74,71,3,3
32733,86,83,3,3
32734,125,120,5,5
32735,71,68,3,3
32736,62,64,-2,2
32737,96,67,29,29
32738,145,124,21,21
32739,73,71,2,2
32740,67,69,-2,2
32741,87,89,-2,2
32742,79,71,8,8
32743,93,95,-2,2
32744,72,73,-1,1
32745,68,68,0,0
32746,72,73,-1,1
32747,132,120,12,12
32748,75,73,2,2
32749,86,89,-3,3
32750,101,96,5,5
32751,193,188,5,5
32752,124,117,7,7
32753,96,91,5,5
32754,102,103,-1,1
32755,48,50,-2,2
32756,95,87,8,8
32757,172,167,5,5
32758,174,171,3,3
32759,171,147,24,24
32760,64,63,1,1
32761,90,93,-3,3
32762,77,78,-1,1
32763,79,77,2,2
32764,82,84,-2,2
32765,128,121,7,7
32766,96,97,-1,1
32767,88,90,-2,2
32768,78,78,0,0
32769,115,119,-4,4
32770,75,84,-9,9
32771,132,126,6,6
32772,161,143,18,18
32773,117,107,10,10
32774,61,60,1,1
32775,84,74,10,10
32776,102,103,-1,1
32777,108,106,2,2
32778,108,119,-11,11
32779,156,143,13,13
32780,107,104,3,3
32781,74,70,4,4
32782,185,192,-7,7
32783,61,74,-13,13
32784,106,103,3,3
32785,73,76,-3,3
32786,83,74,9,9
32787,53,60,-7,7
32788,216,195,21,21
32789,90,88,2,2
32790,94,102,-8,8
32791,113,117,-4,4
32792,48,54,-6,6
32793,125,138,-13,13
32794,58,61,-3,3
32795,112,110,2,2
32796,91,84,7,7
32797,90,98,-8,8
32798,104,98,6,6
32799,59,64,-5,5
32800,74,77,-3,3
32801,99,105,-6,6
32802,76,84,-8,8
32803,101,100,1,1
32804,143,133,10,10
32805,66,69,-3,3
32806,108,95,13,13
32807,126,117,9,9
32808,102,95,7,7
32809,106,109,-3,3
32810,84,83,1,1
32811,133,125,8,8
32812,68,71,-3,3
32813,133,128,5,5
32814,91,91,0,0
32815,148,141,7,7
32816,131,122,9,9
32817,105,98,7,7
32818,111,118,-7,7
32819,50,55,-5,5
32820,118,107,11,11
32821,56,64,-8,8
32822,76,76,0,0
32823,141,129,12,12
32824,162,150,12,12
32825,144,141,3,3
32826,131,138,-7,7
32827,57,56,1,1
32828,105,113,-8,8
32829,74,73,1,1
32830,118,141,-23,23
32831,157,148,9,9
32832,105,102,3,3
32833,90,86,4,4
32834,96,101,-5,5
32835,161,154,7,7
32836,83,79,4,4
32837,145,134,11,11
32838,55,60,-5,5
32839,113,123,-10,10
32840,72,76,-4,4
32841,199,189,10,10
32842,57,70,-13,13
32843,86,90,-4,4
32844,124,115,9,9
32845,59,75,-16,16
32846,65,56,9,9
32847,82,83,-1,1
32848,127,125,2,2
32849,82,90,-8,8
32850,101,93,8,8
32851,105,98,7,7
32852,94,96,-2,2
32853,125,113,12,12
32854,96,75,21,21
32855,48,55,-7,7
32856,68,73,-5,5
32857,98,98,0,0
32858,152,136,16,16
32859,139,113,26,26
32860,80,85,-5,5
32861,113,110,3,3
32862,102,113,-11,11
32863,94,92,2,2
32864,56,63,-7,7
32865,112,111,1,1
32866,71,70,1,1
32867,163,160,3,3
32868,95,101,-6,6
32869,165,159,6,6
32870,100,100,0,0
32871,104,99,5,5
32872,68,78,-10,10
32873,152,140,12,12
32874,62,72,-10,10
32875,56,62,-6,6
32876,87,93,-6,6
32877,48,55,-7,7
32878,85,84,1,1
32879,82,98,-16,16
32880,70,89,-19,19
32881,80,78,2,2
32882,100,105,-5,5
32883,158,144,14,14
32884,143,128,15,15
32885,76,75,1,1
32886,64,67,-3,3
32887,121,113,8,8
32888,72,76,-4,4
32889,53,56,-3,3
32890,202,182,20,20
32891,54,60,-6,6
32892,58,59,-1,1
32893,125,125,0,0
32894,74,67,7,7
32895,58,100,-42,42
32896,144,140,4,4
32897,124,123,1,1
32898,84,86,-2,2
32899,27,65,-38,38
32900,84,78,6,6
32901,176,152,24,24
32902,44,54,-10,10
32903,66,68,-2,2
32904,73,84,-11,11
32905,71,88,-17,17
32906,42,73,-31,31
32907,61,81,-20,20
32908,71,67,4,4
32909,90,98,-8,8
32910,74,71,3,3
32911,109,99,10,10
32912,124,115,9,9
32913,94,92,2,2
32914,158,163,-5,5
32915,97,89,8,8
32916,73,68,5,5
32917,90,99,-9,9
32918,64,64,0,0
32919,144,146,-2,2
32920,104,107,-3,3
32921,186,163,23,23
32922,102,96,6,6
32923,85,84,1,1
32924,96,100,-4,4
32925,122,115,7,7
32926,97,94,3,3
32927,96,94,2,2
32928,50,51,-1,1
32929,110,123,-13,13
32930,89,88,1,1
32931,98,93,5,5
32932,123,131,-8,8
32933,53,58,-5,5
32934,114,111,3,3
32935,152,152,0,0
32936,146,148,-2,2
32937,134,124,10,10
32938,105,108,-3,3
32939,38,73,-35,35
32940,99,96,3,3
32941,107,101,6,6
32942,92,85,7,7
32943,120,119,1,1
32944,129,125,4,4
32945,95,91,4,4
32946,90,89,1,1
32947,103,102,1,1
32948,114,110,4,4
32949,59,65,-6,6
32950,36,50,-14,14
32951,99,97,2,2
32952,76,76,0,0
32953,149,120,29,29
32954,106,91,15,15
32955,61,71,-10,10
32956,47,66,-19,19
32957,158,165,-7,7
32958,54,57,-3,3
32959,50,59,-9,9
32960,98,95,3,3
32961,94,88,6,6
32962,67,69,-2,2
32963,49,53,-4,4
32964,146,137,9,9
32965,135,121,14,14
32966,87,77,10,10
32967,98,104,-6,6
32968,59,63,-4,4
32969,86,83,3,3
32970,62,66,-4,4
32971,113,106,7,7
32972,93,93,0,0
32973,75,85,-10,10
32974,83,79,4,4
32975,138,132,6,6
32976,67,71,-4,4
32977,84,77,7,7
32978,117,120,-3,3
32979,64,67,-3,3
32980,80,77,3,3
32981,85,87,-2,2
32982,67,70,-3,3
32983,96,96,0,0
32984,72,75,-3,3
32985,63,75,-12,12
32986,151,128,23,23
32987,49,59,-10,10
32988,103,81,22,22
32989,32,41,-9,9
32990,70,66,4,4
32991,135,133,2,2
32992,55,59,-4,4
32993,99,100,-1,1
32994,114,112,2,2
32995,82,76,6,6
32996,119,119,0,0
32997,104,103,1,1
32998,123,113,10,10
32999,113,118,-5,5
33000,153,149,4,4
33001,89,93,-4,4
33002,48,72,-24,24
33003,113,105,8,8
33004,83,86,-3,3
33005,129,119,10,10
33006,67,75,-8,8
33007,96,92,4,4
33008,92,92,0,0
33009,103,96,7,7
33010,121,108,13,13
33011,48,59,-11,11
33012,98,90,8,8
33013,112,110,2,2
33014,107,108,-1,1
33015,92,83,9,9
33016,72,78,-6,6
33017,86,87,-1,1
33018,86,84,2,2
33019,120,110,10,10
33020,65,70,-5,5
33021,86,83,3,3
33022,138,126,12,12
33023,74,85,-11,11
33024,60,64,-4,4
33025,125,112,13,13
33026,61,67,-6,6
33027,99,97,2,2
33028,150,140,10,10
33029,69,68,1,1
33030,41,46,-5,5
33031,108,101,7,7
33032,163,163,0,0
33033,121,113,8,8
33034,72,76,-4,4
33035,109,102,7,7
33036,133,135,-2,2
33037,74,77,-3,3
33038,119,119,0,0
33039,77,75,2,2
33040,97,109,-12,12
33041,76,79,-3,3
33042,102,94,8,8
33043,88,83,5,5
33044,139,131,8,8
33045,93,93,0,0
33046,171,162,9,9
33047,115,126,-11,11
33048,73,74,-1,1
33049,102,96,6,6
33050,97,97,0,0
33051,107,112,-5,5
33052,180,174,6,6
33053,78,77,1,1
33054,279,257,22,22
33055,86,94,-8,8
33056,80,80,0,0
33057,131,136,-5,5
33058,49,58,-9,9
33059,100,96,4,4
33060,53,65,-12,12
33061,116,111,5,5
33062,61,64,-3,3
33063,73,69,4,4
33064,70,67,3,3
33065,56,59,-3,3
33066,69,70,-1,1
33067,76,73,3,3
33068,57,64,-7,7
33069,36,41,-5,5
33070,75,83,-8,8
33071,62,63,-1,1
33072,78,76,2,2
33073,112,111,1,1
33074,85,79,6,6
33075,164,142,22,22
33076,52,65,-13,13
33077,102,101,1,1
33078,34,44,-10,10
33079,52,60,-8,8
33080,63,77,-14,14
33081,60,62,-2,2
33082,145,137,8,8
33083,74,79,-5,5
33084,106,112,-6,6
33085,53,56,-3,3
33086,114,118,-4,4
33087,135,138,-3,3
33088,119,118,1,1
33089,84,101,-17,17
33090,62,65,-3,3
33091,150,145,5,5
33092,178,193,-15,15
33093,125,126,-1,1
33094,125,122,3,3
33095,56,63,-7,7
33096,83,86,-3,3
33097,79,93,-14,14
33098,66,70,-4,4
33099,62,64,-2,2
33100,77,79,-2,2
33101,113,112,1,1
33102,119,120,-1,1
33103,100,92,8,8
33104,121,120,1,1
33105,102,97,5,5
33106,106,115,-9,9
33107,67,68,-1,1
33108,104,95,9,9
33109,133,130,3,3
33110,138,127,11,11
33111,62,73,-11,11
33112,110,114,-4,4
33113,140,130,10,10
33114,80,77,3,3
33115,103,105,-2,2
33116,114,107,7,7
33117,55,56,-1,1
33118,91,91,0,0
33119,38,52,-14,14
33120,89,78,11,11
33121,129,123,6,6
33122,30,67,-37,37
33123,103,99,4,4
33124,100,103,-3,3
33125,87,92,-5,5
33126,99,94,5,5
33127,87,85,2,2
33128,91,96,-5,5
33129,105,99,6,6
33130,104,100,4,4
33131,46,51,-5,5
33132,86,78,8,8
33133,59,73,-14,14
33134,135,136,-1,1
33135,47,53,-6,6
33136,108,95,13,13
33137,108,99,9,9
33138,120,122,-2,2
33139,50,75,-25,25
33140,102,116,-14,14
33141,129,134,-5,5
33142,82,119,-37,37
33143,141,127,14,14
33144,87,81,6,6
33145,108,105,3,3
33146,113,126,-13,13
33147,166,157,9,9
33148,82,83,-1,1
33149,34,65,-31,31
33150,57,62,-5,5
33151,128,132,-4,4
33152,86,91,-5,5
33153,70,68,2,2
33154,106,102,4,4
33155,111,109,2,2
33156,89,98,-9,9
33157,28,34,-6,6
33158,102,102,0,0
33159,159,134,25,25
33160,170,153,17,17
33161,98,99,-1,1
33162,77,83,-6,6
33163,118,120,-2,2
33164,96,92,4,4
33165,51,62,-11,11
33166,63,62,1,1
33167,70,72,-2,2
33168,99,111,-12,12
33169,58,61,-3,3
33170,60,64,-4,4
33171,78,83,-5,5
33172,45,62,-17,17
33173,89,100,-11,11
33174,69,74,-5,5
33175,84,91,-7,7
33176,73,72,1,1
33177,178,159,19,19
33178,63,73,-10,10
33179,108,104,4,4
33180,105,109,-4,4
33181,43,50,-7,7
33182,82,80,2,2
33183,76,80,-4,4
33184,143,124,19,19
33185,91,88,3,3
33186,63,66,-3,3
33187,136,129,7,7
33188,83,77,6,6
33189,128,120,8,8
33190,63,70,-7,7
33191,72,76,-4,4
33192,96,99,-3,3
33193,66,61,5,5
33194,89,101,-12,12
33195,74,70,4,4
33196,69,72,-3,3
33197,86,85,1,1
33198,105,101,4,4
33199,92,98,-6,6
33200,49,59,-10,10
33201,151,131,20,20
33202,87,97,-10,10
33203,86,85,1,1
33204,55,59,-4,4
33205,113,127,-14,14
33206,96,96,0,0
33207,84,85,-1,1
33208,102,101,1,1
33209,85,91,-6,6
33210,141,137,4,4
33211,90,77,13,13
33212,57,60,-3,3
33213,80,88,-8,8
33214,111,106,5,5
33215,82,118,-36,36
33216,85,88,-3,3
33217,85,79,6,6
33218,67,68,-1,1
33219,86,79,7,7
33220,102,94,8,8
33221,71,72,-1,1
33222,130,149,-19,19
33223,76,84,-8,8
33224,70,75,-5,5
33225,86,94,-8,8
33226,55,54,1,1
33227,97,99,-2,2
33228,98,115,-17,17
33229,70,64,6,6
33230,102,98,4,4
33231,79,73,6,6
33232,104,100,4,4
33233,70,65,5,5
33234,94,90,4,4
33235,103,103,0,0
33236,102,113,-11,11
33237,102,98,4,4
33238,67,67,0,0
33239,165,157,8,8
33240,73,95,-22,22
33241,149,131,18,18
33242,92,90,2,2
33243,57,69,-12,12
33244,76,68,8,8
33245,129,120,9,9
33246,66,72,-6,6
33247,132,124,8,8
33248,108,100,8,8
33249,162,158,4,4
33250,104,98,6,6
33251,98,107,-9,9
33252,81,76,5,5
33253,106,111,-5,5
33254,134,136,-2,2
33255,118,118,0,0
33256,156,136,20,20
33257,73,72,1,1
33258,106,107,-1,1
33259,64,63,1,1
33260,66,64,2,2
33261,126,112,14,14
33262,103,106,-3,3
33263,57,62,-5,5
33264,158,161,-3,3
33265,103,99,4,4
33266,103,102,1,1
33267,172,157,15,15
33268,137,130,7,7
33269,95,90,5,5
33270,127,116,11,11
33271,87,86,1,1
33272,136,115,21,21
33273,51,58,-7,7
33274,95,92,3,3
33275,100,102,-2,2
33276,140,132,8,8
33277,102,111,-9,9
33278,69,70,-1,1
33279,148,140,8,8
33280,121,135,-14,14
33281,133,131,2,2
33282,106,110,-4,4
33283,95,91,4,4
33284,71,85,-14,14
33285,148,146,2,2
33286,188,176,12,12
33287,111,109,2,2
33288,88,93,-5,5
33289,71,84,-13,13
33290,83,86,-3,3
33291,44,52,-8,8
33292,69,68,1,1
33293,44,49,-5,5
33294,111,104,7,7
33295,105,111,-6,6
33296,76,78,-2,2
33297,95,97,-2,2
33298,181,174,7,7
33299,128,114,14,14
33300,81,77,4,4
33301,175,153,22,22
33302,57,60,-3,3
33303,70,69,1,1
33304,77,71,6,6
33305,61,65,-4,4
33306,108,111,-3,3
33307,69,74,-5,5
33308,61,62,-1,1
33309,116,110,6,6
33310,50,57,-7,7
33311,95,88,7,7
33312,62,71,-9,9
33313,161,147,14,14
33314,101,103,-2,2
33315,84,82,2,2
33316,87,92,-5,5
33317,71,75,-4,4
33318,56,62,-6,6
33319,77,77,0,0
33320,100,119,-19,19
33321,74,78,-4,4
33322,59,68,-9,9
33323,117,112,5,5
33324,102,99,3,3
33325,97,97,0,0
33326,77,76,1,1
33327,128,130,-2,2
33328,89,88,1,1
33329,67,70,-3,3
33330,69,74,-5,5
33331,104,104,0,0
33332,55,63,-8,8
33333,62,64,-2,2
33334,101,97,4,4
33335,78,82,-4,4
33336,86,76,10,10
33337,81,77,4,4
33338,104,97,7,7
33339,57,58,-1,1
33340,101,94,7,7
33341,84,81,3,3
33342,73,81,-8,8
33343,106,107,-1,1
33344,102,108,-6,6
33345,71,77,-6,6
33346,144,142,2,2
33347,131,117,14,14
33348,82,72,10,10
33349,83,76,7,7
33350,169,160,9,9
33351,70,69,1,1
33352,158,147,11,11
33353,162,131,31,31
33354,104,98,6,6
33355,52,49,3,3
33356,59,59,0,0
33357,70,75,-5,5
33358,112,120,-8,8
33359,106,97,9,9
33360,130,121,9,9
33361,111,98,13,13
33362,117,107,10,10
33363,118,127,-9,9
33364,74,82,-8,8
33365,52,57,-5,5
33366,97,109,-12,12
33367,72,75,-3,3
33368,84,79,5,5
33369,50,56,-6,6
33370,101,99,2,2
33371,52,58,-6,6
33372,85,89,-4,4
33373,90,89,1,1
33374,66,73,-7,7
33375,132,117,15,15
33376,91,96,-5,5
33377,46,54,-8,8
33378,36,46,-10,10
33379,94,96,-2,2
33380,65,67,-2,2
33381,85,85,0,0
33382,78,75,3,3
33383,140,146,-6,6
33384,79,82,-3,3
33385,108,106,2,2
33386,84,85,-1,1
33387,89,90,-1,1
33388,119,109,10,10
33389,52,54,-2,2
33390,130,112,18,18
33391,57,54,3,3
33392,128,120,8,8
33393,106,98,8,8
33394,65,61,4,4
33395,75,83,-8,8
33396,153,153,0,0
33397,42,49,-7,7
33398,70,70,0,0
33399,157,149,8,8
33400,153,145,8,8
33401,93,86,7,7
33402,85,85,0,0
33403,70,79,-9,9
33404,84,92,-8,8
33405,61,63,-2,2
33406,80,79,1,1
33407,60,61,-1,1
33408,60,63,-3,3
33409,122,116,6,6
33410,87,90,-3,3
33411,207,162,45,45
33412,102,104,-2,2
33413,52,64,-12,12
33414,75,76,-1,1
33415,62,64,-2,2
33416,82,90,-8,8
33417,144,124,20,20
33418,130,135,-5,5
33419,90,77,13,13
33420,71,76,-5,5
33421,77,71,6,6
33422,72,73,-1,1
33423,46,52,-6,6
33424,55,66,-11,11
33425,64,107,-43,43
33426,73,70,3,3
33427,76,84,-8,8
33428,100,102,-2,2
33429,108,98,10,10
33430,130,119,11,11
33431,136,124,12,12
33432,89,90,-1,1
33433,79,81,-2,2
33434,110,101,9,9
33435,125,127,-2,2
33436,79,89,-10,10
33437,32,36,-4,4
33438,97,124,-27,27
33439,135,130,5,5
33440,93,97,-4,4
33441,111,111,0,0
33442,87,98,-11,11
33443,131,116,15,15
33444,72,72,0,0
33445,72,83,-11,11
33446,192,164,28,28
33447,129,114,15,15
33448,102,99,3,3
33449,86,77,9,9
33450,134,120,14,14
33451,157,150,7,7
33452,75,77,-2,2
33453,93,95,-2,2
33454,96,97,-1,1
33455,105,105,0,0
33456,110,106,4,4
33457,137,124,13,13
33458,194,188,6,6
33459,82,80,2,2
33460,102,111,-9,9
33461,92,93,-1,1
33462,119,99,20,20
33463,113,107,6,6
33464,85,87,-2,2
33465,66,70,-4,4
33466,145,136,9,9
33467,112,113,-1,1
33468,133,132,1,1
33469,113,99,14,14
33470,175,145,30,30
33471,113,116,-3,3
33472,59,61,-2,2
33473,97,101,-4,4
33474,74,74,0,0
33475,53,56,-3,3
33476,108,106,2,2
33477,133,118,15,15
33478,46,51,-5,5
33479,135,120,15,15
33480,111,104,7,7
33481,117,110,7,7
33482,69,71,-2,2
33483,175,153,22,22
33484,83,82,1,1
33485,80,84,-4,4
33486,95,105,-10,10
33487,80,83,-3,3
33488,71,74,-3,3
33489,61,62,-1,1
33490,83,85,-2,2
33491,168,152,16,16
33492,78,77,1,1
33493,79,88,-9,9
33494,112,120,-8,8
33495,73,75,-2,2
33496,71,85,-14,14
33497,86,88,-2,2
33498,105,113,-8,8
33499,103,98,5,5
33500,81,83,-2,2
33501,70,74,-4,4
33502,107,98,9,9
33503,150,147,3,3
33504,70,64,6,6
33505,80,86,-6,6
33506,48,62,-14,14
33507,100,107,-7,7
33508,52,66,-14,14
33509,97,97,0,0
33510,172,162,10,10
33511,28,38,-10,10
33512,42,76,-34,34
33513,120,117,3,3
33514,60,66,-6,6
33515,118,113,5,5
33516,175,158,17,17
33517,69,71,-2,2
33518,50,55,-5,5
33519,90,92,-2,2
33520,109,106,3,3
33521,63,73,-10,10
33522,63,66,-3,3
33523,54,60,-6,6
33524,115,115,0,0
33525,61,66,-5,5
33526,91,96,-5,5
33527,76,94,-18,18
33528,72,78,-6,6
33529,64,67,-3,3
33530,47,52,-5,5
33531,67,65,2,2
33532,111,105,6,6
33533,102,128,-26,26
33534,68,65,3,3
33535,101,88,13,13
33536,154,132,22,22
33537,71,73,-2,2
33538,77,75,2,2
33539,74,73,1,1
33540,95,99,-4,4
33541,98,97,1,1
33542,87,83,4,4
33543,134,131,3,3
33544,118,112,6,6
33545,146,140,6,6
33546,82,97,-15,15
33547,85,72,13,13
33548,68,93,-25,25
33549,62,65,-3,3
33550,79,69,10,10
33551,33,43,-10,10
33552,130,116,14,14
33553,88,73,15,15
33554,132,128,4,4
33555,69,77,-8,8
33556,98,92,6,6
33557,113,100,13,13
33558,84,89,-5,5
33559,78,76,2,2
33560,121,112,9,9
33561,69,71,-2,2
33562,70,85,-15,15
33563,89,97,-8,8
33564,97,96,1,1
33565,89,89,0,0
33566,128,124,4,4
33567,149,143,6,6
33568,115,109,6,6
33569,68,62,6,6
33570,44,47,-3,3
33571,36,45,-9,9
33572,64,83,-19,19
33573,75,68,7,7
33574,85,84,1,1
33575,90,94,-4,4
33576,98,113,-15,15
33577,110,100,10,10
33578,91,98,-7,7
33579,179,160,19,19
33580,97,85,12,12
33581,65,70,-5,5
33582,111,116,-5,5
33583,191,160,31,31
33584,181,152,29,29
33585,58,67,-9,9
33586,90,76,14,14
33587,101,94,7,7
33588,164,140,24,24
33589,117,105,12,12
33590,84,92,-8,8
33591,112,106,6,6
33592,117,106,11,11
33593,80,84,-4,4
33594,150,136,14,14
33595,94,96,-2,2
33596,115,118,-3,3
33597,157,138,19,19
33598,69,75,-6,6
33599,61,62,-1,1
33600,97,99,-2,2
33601,74,77,-3,3
33602,90,94,-4,4
33603,59,61,-2,2
33604,121,103,18,18
33605,102,94,8,8
33606,107,113,-6,6
33607,102,109,-7,7
33608,256,239,17,17
33609,75,78,-3,3
33610,80,83,-3,3
33611,67,71,-4,4
33612,122,115,7,7
33613,65,63,2,2
33614,74,78,-4,4
33615,86,87,-1,1
33616,206,193,13,13
33617,139,141,-2,2
33618,76,76,0,0
33619,186,169,17,17
33620,111,112,-1,1
33621,80,71,9,9
33622,148,141,7,7
33623,76,84,-8,8
33624,123,141,-18,18
33625,79,98,-19,19
33626,118,113,5,5
33627,51,56,-5,5
33628,88,103,-15,15
33629,157,150,7,7
33630,84,89,-5,5
33631,129,119,10,10
33632,131,114,17,17
33633,74,96,-22,22
33634,93,95,-2,2
33635,88,91,-3,3
33636,74,85,-11,11
33637,102,99,3,3
33638,143,133,10,10
33639,67,66,1,1
33640,197,180,17,17
33641,98,91,7,7
33642,117,105,12,12
33643,120,120,0,0
33644,118,121,-3,3
33645,63,55,8,8
33646,139,139,0,0
33647,144,144,0,0
33648,96,93,3,3
33649,110,94,16,16
33650,121,121,0,0
33651,68,78,-10,10
33652,84,104,-20,20
33653,118,115,3,3
33654,96,97,-1,1
33655,78,84,-6,6
33656,27,41,-14,14
33657,157,142,15,15
33658,137,124,13,13
33659,107,104,3,3
33660,95,95,0,0
33661,45,60,-15,15
33662,69,106,-37,37
33663,196,172,24,24
33664,108,93,15,15
33665,88,84,4,4
33666,199,174,25,25
33667,111,114,-3,3
33668,179,157,22,22
33669,157,149,8,8
33670,82,72,10,10
33671,77,72,5,5
33672,56,55,1,1
33673,63,69,-6,6
33674,196,178,18,18
33675,89,96,-7,7
33676,126,119,7,7
33677,39,41,-2,2
33678,80,90,-10,10
33679,97,95,2,2
33680,85,79,6,6
33681,58,59,-1,1
33682,132,123,9,9
33683,54,70,-16,16
33684,99,97,2,2
33685,91,95,-4,4
33686,75,71,4,4
33687,57,69,-12,12
33688,66,72,-6,6
33689,105,112,-7,7
33690,51,54,-3,3
33691,134,121,13,13
33692,27,44,-17,17
33693,71,68,3,3
33694,65,64,1,1
33695,112,94,18,18
33696,100,106,-6,6
33697,56,61,-5,5
33698,74,75,-1,1
33699,137,129,8,8
33700,96,100,-4,4
33701,113,121,-8,8
33702,56,61,-5,5
33703,91,95,-4,4
33704,179,172,7,7
33705,54,54,0,0
33706,90,96,-6,6
33707,92,91,1,1
33708,87,82,5,5
33709,122,113,9,9
33710,150,134,16,16
33711,90,88,2,2
33712,98,95,3,3
33713,59,63,-4,4
33714,122,120,2,2
33715,150,147,3,3
33716,74,73,1,1
33717,65,71,-6,6
33718,53,62,-9,9
33719,93,92,1,1
33720,108,102,6,6
33721,70,79,-9,9
33722,135,127,8,8
33723,87,96,-9,9
33724,65,76,-11,11
33725,55,52,3,3
33726,40,47,-7,7
33727,88,83,5,5
33728,168,151,17,17
33729,37,43,-6,6
33730,80,73,7,7
33731,92,84,8,8
33732,157,137,20,20
33733,121,120,1,1
33734,119,122,-3,3
33735,131,108,23,23
33736,112,99,13,13
33737,71,84,-13,13
33738,73,74,-1,1
33739,99,95,4,4
33740,81,75,6,6
33741,70,73,-3,3
33742,91,88,3,3
33743,63,65,-2,2
33744,65,64,1,1
33745,92,98,-6,6
33746,83,76,7,7
33747,62,68,-6,6
33748,137,130,7,7
33749,194,171,23,23
33750,104,97,7,7
33751,136,129,7,7
33752,149,141,8,8
33753,109,108,1,1
33754,70,70,0,0
33755,121,113,8,8
33756,73,75,-2,2
33757,97,92,5,5
33758,105,97,8,8
33759,131,123,8,8
33760,118,112,6,6
33761,97,93,4,4
33762,49,54,-5,5
33763,110,111,-1,1
33764,87,94,-7,7
33765,107,105,2,2
33766,72,72,0,0
33767,173,161,12,12
33768,117,115,2,2
33769,91,99,-8,8
33770,93,79,14,14
33771,34,35,-1,1
33772,75,71,4,4
33773,110,112,-2,2
33774,76,82,-6,6
33775,122,149,-27,27
33776,94,97,-3,3
33777,60,65,-5,5
33778,96,98,-2,2
33779,92,97,-5,5
33780,155,141,14,14
33781,116,107,9,9
33782,113,112,1,1
33783,70,66,4,4
33784,127,130,-3,3
33785,104,115,-11,11
33786,103,105,-2,2
33787,66,63,3,3
33788,58,62,-4,4
33789,47,63,-16,16
33790,124,125,-1,1
33791,47,47,0,0
33792,134,122,12,12
33793,126,113,13,13
33794,133,131,2,2
33795,101,102,-1,1
33796,48,52,-4,4
33797,69,65,4,4
33798,62,65,-3,3
33799,112,102,10,10
33800,124,129,-5,5
33801,68,68,0,0
33802,70,69,1,1
33803,98,99,-1,1
33804,61,76,-15,15
33805,98,103,-5,5
33806,128,116,12,12
33807,112,107,5,5
33808,62,69,-7,7
33809,106,97,9,9
33810,90,85,5,5
33811,57,59,-2,2
33812,127,121,6,6
33813,83,78,5,5
33814,123,117,6,6
33815,99,94,5,5
33816,114,119,-5,5
33817,124,127,-3,3
33818,63,66,-3,3
33819,169,158,11,11
33820,86,87,-1,1
33821,97,97,0,0
33822,95,93,2,2
33823,97,97,0,0
33824,120,109,11,11
33825,100,99,1,1
33826,127,131,-4,4
33827,65,70,-5,5
33828,74,76,-2,2
33829,146,138,8,8
33830,93,95,-2,2
33831,76,73,3,3
33832,127,123,4,4
33833,61,64,-3,3
33834,81,87,-6,6
33835,132,109,23,23
33836,69,60,9,9
33837,56,69,-13,13
33838,103,98,5,5
33839,110,113,-3,3
33840,102,101,1,1
33841,74,70,4,4
33842,111,112,-1,1
33843,74,73,1,1
33844,58,61,-3,3
33845,96,101,-5,5
33846,67,73,-6,6
33847,57,62,-5,5
33848,104,97,7,7
33849,60,69,-9,9
33850,50,62,-12,12
33851,120,117,3,3
33852,73,74,-1,1
33853,45,50,-5,5
33854,95,98,-3,3
33855,125,128,-3,3
33856,106,105,1,1
33857,80,76,4,4
33858,138,133,5,5
33859,105,106,-1,1
33860,100,108,-8,8
33861,89,85,4,4
33862,161,136,25,25
33863,115,118,-3,3
33864,109,102,7,7
33865,120,113,7,7
33866,64,66,-2,2
33867,85,88,-3,3
33868,139,136,3,3
33869,56,62,-6,6
33870,100,104,-4,4
33871,61,63,-2,2
33872,87,91,-4,4
33873,78,70,8,8
33874,135,126,9,9
33875,149,146,3,3
33876,123,113,10,10
33877,114,99,15,15
33878,106,110,-4,4
33879,121,106,15,15
33880,103,113,-10,10
33881,133,132,1,1
33882,83,83,0,0
33883,90,84,6,6
33884,43,46,-3,3
33885,195,177,18,18
33886,82,78,4,4
33887,121,115,6,6
33888,77,78,-1,1
33889,80,84,-4,4
33890,56,61,-5,5
33891,70,68,2,2
33892,57,60,-3,3
33893,98,99,-1,1
33894,85,87,-2,2
33895,102,100,2,2
33896,114,101,13,13
33897,153,134,19,19
33898,61,63,-2,2
33899,99,96,3,3
33900,77,75,2,2
33901,89,76,13,13
33902,79,73,6,6
33903,108,115,-7,7
33904,102,86,16,16
33905,54,65,-11,11
33906,101,98,3,3
33907,131,121,10,10
33908,56,64,-8,8
33909,110,102,8,8
33910,78,72,6,6
33911,153,139,14,14
33912,73,77,-4,4
33913,105,98,7,7
33914,57,71,-14,14
33915,95,107,-12,12
33916,56,65,-9,9
33917,107,99,8,8
33918,62,80,-18,18
33919,157,147,10,10
33920,94,91,3,3
33921,84,72,12,12
33922,131,123,8,8
33923,75,73,2,2
33924,122,118,4,4
33925,114,123,-9,9
33926,61,61,0,0
33927,137,141,-4,4
33928,72,73,-1,1
33929,115,99,16,16
33930,49,85,-36,36
33931,98,91,7,7
33932,114,113,1,1
33933,79,83,-4,4
33934,75,72,3,3
33935,111,94,17,17
33936,84,87,-3,3
33937,61,63,-2,2
33938,70,76,-6,6
33939,103,105,-2,2
33940,119,107,12,12
33941,62,67,-5,5
33942,94,85,9,9
33943,161,148,13,13
33944,253,219,34,34
33945,112,114,-2,2
33946,63,74,-11,11
33947,90,88,2,2
33948,124,118,6,6
33949,85,75,10,10
33950,167,157,10,10
33951,115,97,18,18
33952,113,103,10,10
33953,95,97,-2,2
33954,93,92,1,1
33955,138,118,20,20
33956,74,75,-1,1
33957,52,61,-9,9
33958,104,102,2,2
33959,143,129,14,14
33960,74,84,-10,10
33961,69,70,-1,1
33962,133,126,7,7
33963,82,80,2,2
33964,98,90,8,8
33965,77,76,1,1
33966,142,139,3,3
33967,84,88,-4,4
33968,95,100,-5,5
33969,83,80,3,3
33970,114,99,15,15
33971,53,76,-23,23
33972,91,87,4,4
33973,122,127,-5,5
33974,89,111,-22,22
33975,81,88,-7,7
33976,110,112,-2,2
33977,96,91,5,5
33978,119,111,8,8
33979,80,86,-6,6
33980,108,99,9,9
33981,71,68,3,3
33982,80,76,4,4
33983,157,154,3,3
33984,85,70,15,15
33985,47,58,-11,11
33986,68,65,3,3
33987,86,75,11,11
33988,71,70,1,1
33989,64,64,0,0
33990,65,67,-2,2
33991,155,154,1,1
33992,108,114,-6,6
33993,188,171,17,17
33994,109,113,-4,4
33995,64,71,-7,7
33996,120,133,-13,13
33997,72,75,-3,3
33998,55,63,-8,8
33999,69,67,2,2
34000,186,161,25,25
34001,96,109,-13,13
34002,77,84,-7,7
34003,83,84,-1,1
34004,79,75,4,4
34005,55,68,-13,13
34006,155,144,11,11
34007,91,92,-1,1
34008,48,60,-12,12
34009,122,118,4,4
34010,75,89,-14,14
34011,109,111,-2,2
34012,110,105,5,5
34013,79,77,2,2
34014,69,70,-1,1
34015,78,85,-7,7
34016,129,127,2,2
34017,131,127,4,4
34018,45,52,-7,7
34019,96,94,2,2
34020,105,125,-20,20
34021,128,128,0,0
34022,139,134,5,5
34023,116,104,12,12
34024,81,80,1,1
34025,77,84,-7,7
34026,100,98,2,2
34027,68,66,2,2
34028,70,76,-6,6
34029,222,226,-4,4
34030,22,38,-16,16
34031,121,115,6,6
34032,67,72,-5,5
34033,87,80,7,7
34034,58,61,-3,3
34035,69,80,-11,11
34036,71,84,-13,13
34037,54,67,-13,13
34038,60,60,0,0
34039,87,88,-1,1
34040,101,97,4,4
34041,61,64,-3,3
34042,141,121,20,20
34043,121,124,-3,3
34044,102,96,6,6
34045,78,81,-3,3
34046,96,107,-11,11
34047,56,57,-1,1
34048,101,91,10,10
34049,64,68,-4,4
34050,55,67,-12,12
34051,89,79,10,10
34052,84,78,6,6
34053,90,89,1,1
34054,166,148,18,18
34055,85,111,-26,26
34056,94,92,2,2
34057,130,132,-2,2
34058,146,143,3,3
34059,77,94,-17,17
34060,97,92,5,5
34061,102,97,5,5
34062,150,149,1,1
34063,104,99,5,5
34064,90,89,1,1
34065,70,70,0,0
34066,45,50,-5,5
34067,76,72,4,4
34068,90,108,-18,18
34069,63,60,3,3
34070,123,118,5,5
34071,91,78,13,13
34072,102,86,16,16
34073,120,112,8,8
34074,48,70,-22,22
34075,42,52,-10,10
34076,85,87,-2,2
34077,67,65,2,2
34078,73,62,11,11
34079,67,70,-3,3
34080,87,91,-4,4
34081,172,141,31,31
34082,128,134,-6,6
34083,116,117,-1,1
34084,102,96,6,6
34085,134,131,3,3
34086,94,103,-9,9
34087,55,61,-6,6
34088,175,174,1,1
34089,71,71,0,0
34090,53,63,-10,10
34091,92,98,-6,6
34092,111,106,5,5
34093,120,124,-4,4
34094,107,112,-5,5
34095,48,49,-1,1
34096,85,79,6,6
34097,122,142,-20,20
34098,90,96,-6,6
34099,70,67,3,3
34100,63,65,-2,2
34101,110,103,7,7
34102,56,63,-7,7
34103,96,101,-5,5
34104,79,84,-5,5
34105,56,59,-3,3
34106,115,104,11,11
34107,60,68,-8,8
34108,59,63,-4,4
34109,74,73,1,1
34110,110,113,-3,3
34111,99,112,-13,13
34112,106,108,-2,2
34113,62,57,5,5
34114,93,93,0,0
34115,59,60,-1,1
34116,88,80,8,8
34117,75,85,-10,10
34118,78,73,5,5
34119,67,73,-6,6
34120,118,112,6,6
34121,66,62,4,4
34122,69,70,-1,1
34123,110,98,12,12
34124,102,102,0,0
34125,127,124,3,3
34126,99,101,-2,2
34127,127,130,-3,3
34128,97,85,12,12
34129,52,54,-2,2
34130,56,66,-10,10
34131,64,63,1,1
34132,111,103,8,8
34133,114,112,2,2
34134,162,144,18,18
34135,56,71,-15,15
34136,35,42,-7,7
34137,83,85,-2,2
34138,151,150,1,1
34139,77,78,-1,1
34140,65,71,-6,6
34141,67,69,-2,2
34142,81,79,2,2
34143,56,61,-5,5
34144,67,68,-1,1
34145,59,59,0,0
34146,142,123,19,19
34147,79,79,0,0
34148,104,102,2,2
34149,68,73,-5,5
34150,67,75,-8,8
34151,56,60,-4,4
34152,66,68,-2,2
34153,31,42,-11,11
34154,121,112,9,9
34155,115,111,4,4
34156,68,66,2,2
34157,103,104,-1,1
34158,71,73,-2,2
34159,115,122,-7,7
34160,122,110,12,12
34161,99,93,6,6
34162,112,112,0,0
34163,215,213,2,2
34164,68,74,-6,6
34165,84,80,4,4
34166,82,83,-1,1
34167,82,85,-3,3
34168,95,92,3,3
34169,80,83,-3,3
34170,121,112,9,9
34171,103,93,10,10
34172,74,78,-4,4
34173,59,61,-2,2
34174,106,99,7,7
34175,62,60,2,2
34176,49,54,-5,5
34177,62,66,-4,4
34178,151,144,7,7
34179,178,150,28,28
34180,96,96,0,0
34181,91,94,-3,3
34182,74,72,2,2
34183,78,81,-3,3
34184,95,114,-19,19
34185,109,106,3,3
34186,59,64,-5,5
34187,64,59,5,5
34188,122,108,14,14
34189,106,104,2,2
34190,137,130,7,7
34191,79,76,3,3
34192,45,55,-10,10
34193,96,91,5,5
34194,53,55,-2,2
34195,121,112,9,9
34196,138,135,3,3
34197,107,97,10,10
34198,90,89,1,1
34199,83,83,0,0
34200,65,67,-2,2
34201,68,77,-9,9
34202,50,55,-5,5
34203,44,70,-26,26
34204,78,84,-6,6
34205,74,76,-2,2
34206,67,68,-1,1
34207,116,103,13,13
34208,50,52,-2,2
34209,100,94,6,6
34210,52,58,-6,6
34211,70,67,3,3
34212,92,93,-1,1
34213,130,121,9,9
34214,139,138,1,1
34215,96,91,5,5
34216,98,93,5,5
34217,49,52,-3,3
34218,90,82,8,8
34219,103,111,-8,8
34220,39,52,-13,13
34221,172,150,22,22
34222,104,96,8,8
34223,63,64,-1,1
34224,78,75,3,3
34225,65,70,-5,5
34226,58,58,0,0
34227,140,137,3,3
34228,95,101,-6,6
34229,77,74,3,3
34230,122,113,9,9
34231,63,56,7,7
34232,26,41,-15,15
34233,78,77,1,1
34234,60,68,-8,8
34235,80,81,-1,1
34236,96,98,-2,2
34237,62,66,-4,4
34238,77,84,-7,7
34239,101,95,6,6
34240,103,104,-1,1
34241,87,92,-5,5
34242,132,127,5,5
34243,223,189,34,34
34244,117,107,10,10
34245,151,137,14,14
34246,87,97,-10,10
34247,103,99,4,4
34248,59,66,-7,7
34249,150,125,25,25
34250,100,94,6,6
34251,92,84,8,8
34252,65,78,-13,13
34253,72,69,3,3
34254,48,51,-3,3
34255,114,110,4,4
34256,63,59,4,4
34257,139,134,5,5
34258,86,87,-1,1
34259,96,84,12,12
34260,80,83,-3,3
34261,126,112,14,14
34262,112,108,4,4
34263,99,112,-13,13
34264,83,75,8,8
34265,62,61,1,1
34266,53,66,-13,13
34267,40,49,-9,9
34268,103,101,2,2
34269,87,93,-6,6
34270,66,69,-3,3
34271,116,104,12,12
34272,107,98,9,9
34273,121,121,0,0
34274,114,100,14,14
34275,111,108,3,3
34276,105,106,-1,1
34277,103,103,0,0
34278,106,94,12,12
34279,126,117,9,9
34280,104,100,4,4
34281,77,73,4,4
34282,114,113,1,1
34283,77,77,0,0
34284,83,83,0,0
34285,78,89,-11,11
34286,81,83,-2,2
34287,64,67,-3,3
34288,134,123,11,11
34289,78,80,-2,2
34290,137,130,7,7
34291,80,76,4,4
34292,145,124,21,21
34293,103,108,-5,5
34294,101,98,3,3
34295,87,79,8,8
34296,83,84,-1,1
34297,98,90,8,8
34298,133,132,1,1
34299,114,114,0,0
34300,119,106,13,13
34301,94,94,0,0
34302,85,92,-7,7
34303,162,155,7,7
34304,85,72,13,13
34305,62,61,1,1
34306,83,79,4,4
34307,99,95,4,4
34308,79,83,-4,4
34309,95,96,-1,1
34310,140,134,6,6
34311,165,149,16,16
34312,104,100,4,4
34313,110,124,-14,14
34314,138,169,-31,31
34315,117,128,-11,11
34316,120,112,8,8
34317,67,77,-10,10
34318,82,83,-1,1
34319,110,100,10,10
34320,110,101,9,9
34321,63,73,-10,10
34322,54,59,-5,5
34323,128,130,-2,2
34324,90,83,7,7
34325,99,100,-1,1
34326,121,140,-19,19
34327,47,59,-12,12
34328,88,82,6,6
34329,96,89,7,7
34330,83,103,-20,20
34331,91,79,12,12
34332,100,102,-2,2
34333,68,72,-4,4
34334,44,51,-7,7
34335,94,93,1,1
34336,48,56,-8,8
34337,63,64,-1,1
34338,114,110,4,4
34339,88,83,5,5
34340,105,97,8,8
34341,67,70,-3,3
34342,61,57,4,4
34343,120,114,6,6
34344,111,100,11,11
34345,102,94,8,8
34346,111,105,6,6
34347,48,52,-4,4
34348,102,105,-3,3
34349,101,100,1,1
34350,88,92,-4,4
34351,58,66,-8,8
34352,64,66,-2,2
34353,65,69,-4,4
34354,156,147,9,9
34355,84,82,2,2
34356,169,147,22,22
34357,130,114,16,16
34358,51,63,-12,12
34359,60,60,0,0
34360,109,96,13,13
34361,107,108,-1,1
34362,133,141,-8,8
34363,73,72,1,1
34364,117,113,4,4
34365,105,100,5,5
34366,118,136,-18,18
34367,107,105,2,2
34368,89,81,8,8
34369,130,122,8,8
34370,107,114,-7,7
34371,86,89,-3,3
34372,87,92,-5,5
34373,166,152,14,14
34374,91,94,-3,3
34375,83,77,6,6
34376,90,103,-13,13
34377,60,71,-11,11
34378,73,78,-5,5
34379,133,116,17,17
34380,131,125,6,6
34381,128,144,-16,16
34382,93,90,3,3
34383,48,55,-7,7
34384,126,107,19,19
34385,62,73,-11,11
34386,50,64,-14,14
34387,70,70,0,0
34388,111,110,1,1
34389,89,82,7,7
34390,94,98,-4,4
34391,38,48,-10,10
34392,76,88,-12,12
34393,92,93,-1,1
34394,66,67,-1,1
34395,84,84,0,0
34396,72,74,-2,2
34397,79,75,4,4
34398,78,78,0,0
34399,61,63,-2,2
34400,68,70,-2,2
34401,114,103,11,11
34402,84,86,-2,2
34403,51,66,-15,15
34404,96,90,6,6
34405,74,73,1,1
34406,64,75,-11,11
34407,79,76,3,3
34408,89,78,11,11
34409,150,146,4,4
34410,137,119,18,18
34411,62,67,-5,5
34412,120,110,10,10
34413,75,67,8,8
34414,63,68,-5,5
34415,144,148,-4,4
34416,83,77,6,6
34417,71,102,-31,31
34418,125,126,-1,1
34419,71,71,0,0
34420,90,92,-2,2
34421,57,58,-1,1
34422,68,73,-5,5
34423,117,108,9,9
34424,142,133,9,9
34425,95,86,9,9
34426,91,97,-6,6
34427,86,89,-3,3
34428,119,125,-6,6
34429,71,75,-4,4
34430,97,91,6,6
34431,92,97,-5,5
34432,86,82,4,4
34433,48,49,-1,1
34434,50,47,3,3
34435,105,137,-32,32
34436,105,109,-4,4
34437,127,112,15,15
34438,108,106,2,2
34439,71,70,1,1
34440,73,75,-2,2
34441,68,78,-10,10
34442,147,133,14,14
34443,142,140,2,2
34444,39,50,-11,11
34445,91,84,7,7
34446,79,85,-6,6
34447,84,77,7,7
34448,123,127,-4,4
34449,63,61,2,2
34450,196,181,15,15
34451,161,157,4,4
34452,152,123,29,29
34453,144,131,13,13
34454,96,99,-3,3
34455,125,126,-1,1
34456,82,77,5,5
34457,128,113,15,15
34458,160,157,3,3
34459,43,52,-9,9
34460,68,72,-4,4
34461,108,87,21,21
34462,74,71,3,3
34463,52,60,-8,8
34464,107,112,-5,5
34465,64,72,-8,8
34466,89,87,2,2
34467,85,74,11,11
34468,73,78,-5,5
34469,177,180,-3,3
34470,111,105,6,6
34471,67,75,-8,8
34472,76,73,3,3
34473,152,133,19,19
34474,90,92,-2,2
34475,79,78,1,1
34476,99,101,-2,2
34477,78,74,4,4
34478,131,123,8,8
34479,100,93,7,7
34480,74,83,-9,9
34481,99,99,0,0
34482,135,130,5,5
34483,104,107,-3,3
34484,67,68,-1,1
34485,102,93,9,9
34486,48,55,-7,7
34487,243,228,15,15
34488,97,96,1,1
34489,112,107,5,5
34490,118,122,-4,4
34491,77,81,-4,4
34492,73,67,6,6
34493,99,101,-2,2
34494,60,79,-19,19
34495,155,149,6,6
34496,125,119,6,6
34497,202,163,39,39
34498,82,91,-9,9
34499,100,94,6,6
34500,78,76,2,2
34501,59,69,-10,10
34502,48,60,-12,12
34503,121,125,-4,4
34504,128,120,8,8
34505,96,102,-6,6
34506,133,119,14,14
34507,107,103,4,4
34508,106,98,8,8
34509,111,126,-15,15
34510,48,70,-22,22
34511,79,87,-8,8
34512,121,109,12,12
34513,147,139,8,8
34514,113,112,1,1
34515,58,60,-2,2
34516,93,84,9,9
34517,109,107,2,2
34518,85,91,-6,6
34519,69,80,-11,11
34520,70,71,-1,1
34521,81,89,-8,8
34522,47,51,-4,4
34523,121,112,9,9
34524,151,130,21,21
34525,80,84,-4,4
34526,60,61,-1,1
34527,133,126,7,7
34528,65,69,-4,4
34529,162,160,2,2
34530,73,69,4,4
34531,108,101,7,7
34532,87,85,2,2
34533,101,105,-4,4
34534,90,92,-2,2
34535,130,139,-9,9
34536,133,121,12,12
34537,139,131,8,8
34538,95,99,-4,4
34539,96,95,1,1
34540,66,69,-3,3
34541,69,74,-5,5
34542,69,71,-2,2
34543,86,82,4,4
34544,95,97,-2,2
34545,91,86,5,5
34546,189,160,29,29
34547,109,106,3,3
34548,63,65,-2,2
34549,156,150,6,6
34550,64,65,-1,1
34551,117,111,6,6
34552,55,55,0,0
34553,115,115,0,0
34554,103,96,7,7
34555,155,148,7,7
34556,78,80,-2,2
34557,159,162,-3,3
34558,73,69,4,4
34559,188,171,17,17
34560,150,147,3,3
34561,103,96,7,7
34562,80,85,-5,5
34563,92,93,-1,1
34564,121,120,1,1
34565,113,113,0,0
34566,106,100,6,6
34567,72,68,4,4
34568,120,114,6,6
34569,49,58,-9,9
34570,124,126,-2,2
34571,82,83,-1,1
34572,145,154,-9,9
34573,61,62,-1,1
34574,108,105,3,3
34575,53,58,-5,5
34576,117,112,5,5
34577,88,90,-2,2
34578,122,98,24,24
34579,56,59,-3,3
34580,161,144,17,17
34581,115,110,5,5
34582,100,98,2,2
34583,149,145,4,4
34584,126,115,11,11
34585,74,74,0,0
34586,124,115,9,9
34587,101,99,2,2
34588,83,98,-15,15
34589,105,101,4,4
34590,143,133,10,10
34591,153,145,8,8
34592,54,59,-5,5
34593,52,60,-8,8
34594,87,84,3,3
34595,63,67,-4,4
34596,84,90,-6,6
34597,96,95,1,1
34598,59,66,-7,7
34599,141,130,11,11
34600,121,112,9,9
34601,21,26,-5,5
34602,93,87,6,6
34603,126,124,2,2
34604,91,90,1,1
34605,126,122,4,4
34606,79,74,5,5
34607,133,134,-1,1
34608,72,76,-4,4
34609,117,100,17,17
34610,51,62,-11,11
34611,92,90,2,2
34612,78,84,-6,6
34613,70,74,-4,4
34614,77,78,-1,1
34615,94,87,7,7
34616,75,77,-2,2
34617,93,96,-3,3
34618,75,67,8,8
34619,149,144,5,5
34620,99,99,0,0
34621,94,104,-10,10
34622,98,92,6,6
34623,68,71,-3,3
34624,101,141,-40,40
34625,115,104,11,11
34626,87,84,3,3
34627,100,112,-12,12
34628,80,90,-10,10
34629,133,120,13,13
34630,54,60,-6,6
34631,164,154,10,10
34632,98,96,2,2
34633,75,77,-2,2
34634,77,70,7,7
34635,126,120,6,6
34636,124,119,5,5
34637,89,90,-1,1
34638,77,78,-1,1
34639,162,138,24,24
34640,129,113,16,16
34641,126,124,2,2
34642,90,84,6,6
34643,145,137,8,8
34644,59,71,-12,12
34645,79,74,5,5
34646,100,91,9,9
34647,136,124,12,12
34648,53,64,-11,11
34649,109,100,9,9
34650,79,77,2,2
34651,111,105,6,6
34652,172,138,34,34
34653,142,138,4,4
34654,81,78,3,3
34655,100,98,2,2
34656,71,72,-1,1
34657,37,51,-14,14
34658,91,86,5,5
34659,85,84,1,1
34660,96,97,-1,1
34661,96,95,1,1
34662,72,67,5,5
34663,58,61,-3,3
34664,128,133,-5,5
34665,90,81,9,9
34666,79,79,0,0
34667,57,57,0,0
34668,164,133,31,31
34669,147,112,35,35
34670,42,54,-12,12
34671,92,103,-11,11
34672,73,77,-4,4
34673,80,79,1,1
34674,82,76,6,6
34675,82,86,-4,4
34676,124,117,7,7
34677,87,95,-8,8
34678,93,96,-3,3
34679,151,131,20,20
34680,88,88,0,0
34681,99,93,6,6
34682,104,104,0,0
34683,80,82,-2,2
34684,91,83,8,8
34685,116,129,-13,13
34686,136,124,12,12
34687,76,111,-35,35
34688,125,129,-4,4
34689,99,83,16,16
34690,112,115,-3,3
34691,103,112,-9,9
34692,152,143,9,9
34693,122,112,10,10
34694,74,70,4,4
34695,106,104,2,2
34696,76,72,4,4
34697,59,64,-5,5
34698,100,119,-19,19
34699,58,63,-5,5
34700,69,71,-2,2
34701,120,125,-5,5
34702,74,74,0,0
34703,55,61,-6,6
34704,89,89,0,0
34705,79,77,2,2
34706,137,137,0,0
34707,81,85,-4,4
34708,64,76,-12,12
34709,170,159,11,11
34710,69,70,-1,1
34711,72,68,4,4
34712,73,69,4,4
34713,66,73,-7,7
34714,114,111,3,3
34715,96,107,-11,11
34716,67,69,-2,2
34717,83,85,-2,2
34718,72,71,1,1
34719,150,142,8,8
34720,56,55,1,1
34721,66,70,-4,4
34722,53,64,-11,11
34723,169,148,21,21
34724,66,70,-4,4
34725,105,112,-7,7
34726,101,98,3,3
34727,78,83,-5,5
34728,130,124,6,6
34729,140,131,9,9
34730,91,105,-14,14
34731,89,79,10,10
34732,73,72,1,1
34733,111,106,5,5
34734,111,113,-2,2
34735,154,137,17,17
34736,56,60,-4,4
34737,136,129,7,7
34738,101,90,11,11
34739,120,121,-1,1
34740,62,58,4,4
34741,105,103,2,2
34742,76,78,-2,2
34743,161,156,5,5
34744,88,94,-6,6
34745,51,58,-7,7
34746,108,107,1,1
34747,101,100,1,1
34748,74,74,0,0
34749,189,161,28,28
34750,46,52,-6,6
34751,58,63,-5,5
34752,100,85,15,15
34753,171,137,34,34
34754,45,50,-5,5
34755,87,73,14,14
34756,57,59,-2,2
34757,137,119,18,18
34758,72,73,-1,1
34759,115,112,3,3
34760,98,98,0,0
34761,58,65,-7,7
34762,87,111,-24,24
34763,79,78,1,1
34764,79,75,4,4
34765,67,67,0,0
34766,32,42,-10,10
34767,76,77,-1,1
34768,80,69,11,11
34769,106,93,13,13
34770,54,65,-11,11
34771,75,78,-3,3
34772,149,138,11,11
34773,110,98,12,12
34774,106,107,-1,1
34775,130,129,1,1
34776,49,54,-5,5
34777,119,120,-1,1
34778,75,77,-2,2
34779,89,88,1,1
34780,63,62,1,1
34781,64,60,4,4
34782,116,113,3,3
34783,79,73,6,6
34784,92,97,-5,5
34785,70,75,-5,5
34786,120,117,3,3
34787,165,152,13,13
34788,187,188,-1,1
34789,82,78,4,4
34790,53,68,-15,15
34791,88,88,0,0
34792,75,74,1,1
34793,66,63,3,3
34794,80,78,2,2
34795,113,100,13,13
34796,48,47,1,1
34797,52,53,-1,1
34798,169,155,14,14
34799,100,105,-5,5
34800,71,84,-13,13
34801,103,112,-9,9
34802,127,123,4,4
34803,132,129,3,3
34804,136,130,6,6
34805,67,65,2,2
34806,127,125,2,2
34807,142,138,4,4
34808,114,119,-5,5
34809,71,76,-5,5
34810,77,77,0,0
34811,86,96,-10,10
34812,166,142,24,24
34813,116,111,5,5
34814,42,47,-5,5
34815,91,86,5,5
34816,81,77,4,4
34817,109,101,8,8
34818,164,158,6,6
34819,119,120,-1,1
34820,79,75,4,4
34821,122,118,4,4
34822,67,67,0,0
34823,96,93,3,3
34824,81,83,-2,2
34825,110,83,27,27
34826,142,136,6,6
34827,30,44,-14,14
34828,102,112,-10,10
34829,128,116,12,12
34830,127,131,-4,4
34831,55,92,-37,37
34832,125,144,-19,19
34833,85,87,-2,2
34834,82,83,-1,1
34835,99,105,-6,6
34836,142,141,1,1
34837,99,108,-9,9
34838,96,102,-6,6
34839,87,100,-13,13
34840,76,74,2,2
34841,95,100,-5,5
34842,61,64,-3,3
34843,58,68,-10,10
34844,88,89,-1,1
34845,87,99,-12,12
34846,89,87,2,2
34847,100,92,8,8
34848,87,90,-3,3
34849,86,87,-1,1
34850,43,57,-14,14
34851,33,39,-6,6
34852,97,95,2,2
34853,130,120,10,10
34854,149,136,13,13
34855,139,118,21,21
34856,71,75,-4,4
34857,53,66,-13,13
34858,69,66,3,3
34859,114,100,14,14
34860,60,72,-12,12
34861,53,62,-9,9
34862,80,76,4,4
34863,75,68,7,7
34864,101,115,-14,14
34865,147,143,4,4
34866,100,93,7,7
34867,112,121,-9,9
34868,61,64,-3,3
34869,68,68,0,0
34870,41,63,-22,22
34871,72,73,-1,1
34872,69,77,-8,8
34873,135,123,12,12
34874,112,107,5,5
34875,63,62,1,1
34876,83,79,4,4
34877,74,77,-3,3
34878,85,93,-8,8
34879,91,83,8,8
34880,150,147,3,3
34881,96,92,4,4
34882,61,80,-19,19
34883,51,71,-20,20
34884,61,64,-3,3
34885,143,156,-13,13
34886,64,68,-4,4
34887,59,60,-1,1
34888,67,79,-12,12
34889,65,75,-10,10
34890,142,129,13,13
34891,66,68,-2,2
34892,73,79,-6,6
34893,107,106,1,1
34894,112,98,14,14
34895,104,103,1,1
34896,46,54,-8,8
34897,83,75,8,8
34898,89,87,2,2
34899,73,68,5,5
34900,59,62,-3,3
34901,59,60,-1,1
34902,112,108,4,4
34903,75,77,-2,2
34904,68,74,-6,6
34905,80,93,-13,13
34906,70,78,-8,8
34907,77,78,-1,1
34908,49,56,-7,7
34909,91,90,1,1
34910,65,65,0,0
34911,77,74,3,3
34912,130,115,15,15
34913,77,77,0,0
34914,175,173,2,2
34915,103,111,-8,8
34916,79,75,4,4
34917,74,70,4,4
34918,98,105,-7,7
34919,111,110,1,1
34920,105,119,-14,14
34921,106,106,0,0
34922,43,50,-7,7
34923,91,99,-8,8
34924,88,89,-1,1
34925,121,112,9,9
34926,111,105,6,6
34927,65,70,-5,5
34928,63,62,1,1
34929,91,98,-7,7
34930,70,75,-5,5
34931,117,106,11,11
34932,56,63,-7,7
34933,153,149,4,4
34934,135,129,6,6
34935,66,68,-2,2
34936,97,97,0,0
34937,94,101,-7,7
34938,79,80,-1,1
34939,89,84,5,5
34940,117,112,5,5
34941,50,57,-7,7
34942,172,171,1,1
34943,71,78,-7,7
34944,94,92,2,2
34945,146,143,3,3
34946,57,59,-2,2
34947,91,96,-5,5
34948,44,51,-7,7
34949,124,118,6,6
34950,117,101,16,16
34951,93,88,5,5
34952,100,102,-2,2
34953,167,153,14,14
34954,97,97,0,0
34955,117,112,5,5
34956,142,134,8,8
34957,62,63,-1,1
34958,99,102,-3,3
34959,83,83,0,0
34960,61,69,-8,8
34961,80,85,-5,5
34962,85,83,2,2
34963,102,101,1,1
34964,127,130,-3,3
34965,123,126,-3,3
34966,117,112,5,5
34967,102,112,-10,10
34968,100,97,3,3
34969,105,99,6,6
34970,116,100,16,16
34971,104,112,-8,8
34972,70,70,0,0
34973,71,74,-3,3
34974,59,71,-12,12
34975,86,84,2,2
34976,121,101,20,20
34977,104,98,6,6
34978,93,89,4,4
34979,78,79,-1,1
34980,124,114,10,10
34981,83,89,-6,6
34982,126,121,5,5
34983,91,90,1,1
34984,89,99,-10,10
34985,79,73,6,6
34986,110,109,1,1
34987,80,79,1,1
34988,116,113,3,3
34989,133,116,17,17
34990,91,104,-13,13
34991,94,88,6,6
34992,160,141,19,19
34993,107,111,-4,4
34994,61,68,-7,7
34995,74,66,8,8
34996,80,79,1,1
34997,50,60,-10,10
34998,98,97,1,1
34999,47,54,-7,7
35000,63,82,-19,19
35001,92,97,-5,5
35002,97,94,3,3
35003,101,103,-2,2
35004,48,59,-11,11
35005,114,113,1,1
35006,106,102,4,4
35007,98,97,1,1
35008,133,131,2,2
35009,98,88,10,10
35010,41,48,-7,7
35011,85,85,0,0
35012,102,103,-1,1
35013,97,91,6,6
35014,49,56,-7,7
35015,50,58,-8,8
35016,86,91,-5,5
35017,96,105,-9,9
35018,110,99,11,11
35019,95,95,0,0
35020,89,81,8,8
35021,92,91,1,1
35022,109,103,6,6
35023,75,74,1,1
35024,61,59,2,2
35025,82,93,-11,11
35026,88,95,-7,7
35027,139,135,4,4
35028,67,83,-16,16
35029,106,105,1,1
35030,108,107,1,1
35031,80,88,-8,8
35032,78,85,-7,7
35033,87,91,-4,4
35034,57,61,-4,4
35035,63,65,-2,2
35036,105,91,14,14
35037,129,112,17,17
35038,65,65,0,0
35039,93,93,0,0
35040,50,54,-4,4
35041,30,44,-14,14
35042,81,78,3,3
35043,55,66,-11,11
35044,76,72,4,4
35045,135,121,14,14
35046,55,61,-6,6
35047,140,136,4,4
35048,92,85,7,7
35049,124,121,3,3
35050,100,101,-1,1
35051,40,47,-7,7
35052,50,51,-1,1
35053,85,89,-4,4
35054,87,96,-9,9
35055,136,126,10,10
35056,65,70,-5,5
35057,97,67,30,30
35058,80,78,2,2
35059,99,99,0,0
35060,69,73,-4,4
35061,97,104,-7,7
35062,65,65,0,0
35063,67,70,-3,3
35064,108,106,2,2
35065,105,108,-3,3
35066,98,89,9,9
35067,73,71,2,2
35068,87,87,0,0
35069,80,71,9,9
35070,115,113,2,2
35071,129,112,17,17
35072,62,67,-5,5
35073,141,128,13,13
35074,165,154,11,11
35075,167,154,13,13
35076,128,115,13,13
35077,163,143,20,20
35078,49,67,-18,18
35079,73,85,-12,12
35080,117,158,-41,41
35081,182,161,21,21
35082,91,84,7,7
35083,73,78,-5,5
35084,130,128,2,2
35085,92,91,1,1
35086,164,137,27,27
35087,100,112,-12,12
35088,106,110,-4,4
35089,155,153,2,2
35090,84,87,-3,3
35091,115,117,-2,2
35092,74,77,-3,3
35093,62,62,0,0
35094,76,78,-2,2
35095,82,90,-8,8
35096,116,107,9,9
35097,84,82,2,2
35098,61,70,-9,9
35099,155,138,17,17
35100,87,142,-55,55
35101,118,119,-1,1
35102,126,128,-2,2
35103,123,122,1,1
35104,72,77,-5,5
35105,106,104,2,2
35106,119,110,9,9
35107,79,79,0,0
35108,70,87,-17,17
35109,129,114,15,15
35110,93,84,9,9
35111,98,89,9,9
35112,164,164,0,0
35113,110,113,-3,3
35114,108,106,2,2
35115,79,77,2,2
35116,140,137,3,3
35117,81,91,-10,10
35118,84,91,-7,7
35119,64,62,2,2
35120,101,101,0,0
35121,65,72,-7,7
35122,71,79,-8,8
35123,66,66,0,0
35124,81,84,-3,3
35125,82,96,-14,14
35126,101,108,-7,7
35127,95,98,-3,3
35128,95,100,-5,5
35129,177,169,8,8
35130,148,148,0,0
35131,83,91,-8,8
35132,79,76,3,3
35133,87,80,7,7
35134,120,113,7,7
35135,140,159,-19,19
35136,117,114,3,3
35137,88,90,-2,2
35138,79,72,7,7
35139,89,96,-7,7
35140,83,77,6,6
35141,79,95,-16,16
35142,118,114,4,4
35143,79,87,-8,8
35144,95,89,6,6
35145,62,66,-4,4
35146,67,74,-7,7
35147,63,70,-7,7
35148,99,89,10,10
35149,164,157,7,7
35150,71,64,7,7
35151,49,52,-3,3
35152,88,88,0,0
35153,93,82,11,11
35154,90,89,1,1
35155,96,83,13,13
35156,91,92,-1,1
35157,41,46,-5,5
35158,94,97,-3,3
35159,58,59,-1,1
35160,87,89,-2,2
35161,100,97,3,3
35162,117,112,5,5
35163,106,100,6,6
35164,65,77,-12,12
35165,126,126,0,0
35166,92,95,-3,3
35167,78,88,-10,10
35168,98,97,1,1
35169,102,114,-12,12
35170,115,102,13,13
35171,93,88,5,5
35172,48,62,-14,14
35173,64,69,-5,5
35174,168,167,1,1
35175,95,87,8,8
35176,125,117,8,8
35177,128,136,-8,8
35178,137,112,25,25
35179,62,58,4,4
35180,76,75,1,1
35181,66,68,-2,2
35182,50,59,-9,9
35183,98,94,4,4
35184,101,106,-5,5
35185,77,77,0,0
35186,97,99,-2,2
35187,116,112,4,4
35188,118,107,11,11
35189,157,151,6,6
35190,48,56,-8,8
35191,86,90,-4,4
35192,79,96,-17,17
35193,93,88,5,5
35194,58,62,-4,4
35195,65,68,-3,3
35196,203,179,24,24
35197,59,62,-3,3
35198,103,98,5,5
35199,35,43,-8,8
35200,95,101,-6,6
35201,89,92,-3,3
35202,122,111,11,11
35203,97,94,3,3
35204,84,84,0,0
35205,146,124,22,22
35206,129,113,16,16
35207,76,84,-8,8
35208,79,78,1,1
35209,92,92,0,0
35210,82,73,9,9
35211,111,102,9,9
35212,88,83,5,5
35213,155,147,8,8
35214,75,70,5,5
35215,109,105,4,4
35216,64,63,1,1
35217,76,72,4,4
35218,114,118,-4,4
35219,84,80,4,4
35220,90,89,1,1
35221,49,55,-6,6
35222,103,106,-3,3
35223,140,133,7,7
35224,64,68,-4,4
35225,171,166,5,5
35226,89,88,1,1
35227,57,66,-9,9
35228,99,76,23,23
35229,62,68,-6,6
35230,191,168,23,23
35231,108,99,9,9
35232,116,111,5,5
35233,157,141,16,16
35234,98,112,-14,14
35235,167,166,1,1
35236,89,83,6,6
35237,65,71,-6,6
35238,103,103,0,0
35239,107,104,3,3
35240,66,64,2,2
35241,137,128,9,9
35242,68,67,1,1
35243,64,63,1,1
35244,137,127,10,10
35245,101,100,1,1
35246,120,113,7,7
35247,99,100,-1,1
35248,58,65,-7,7
35249,93,99,-6,6
35250,48,69,-21,21
35251,96,114,-18,18
35252,68,70,-2,2
35253,95,96,-1,1
35254,117,107,10,10
35255,61,73,-12,12
35256,122,116,6,6
35257,77,88,-11,11
35258,69,74,-5,5
35259,105,99,6,6
35260,126,123,3,3
35261,67,64,3,3
35262,122,118,4,4
35263,96,93,3,3
35264,188,164,24,24
35265,72,63,9,9
35266,122,114,8,8
35267,53,64,-11,11
35268,49,61,-12,12
35269,131,115,16,16
35270,118,103,15,15
35271,68,63,5,5
35272,84,90,-6,6
35273,80,87,-7,7
35274,95,107,-12,12
35275,54,57,-3,3
35276,80,85,-5,5
35277,55,63,-8,8
35278,50,51,-1,1
35279,141,136,5,5
35280,118,111,7,7
35281,64,70,-6,6
35282,132,116,16,16
35283,81,78,3,3
35284,49,51,-2,2
35285,86,85,1,1
35286,107,105,2,2
35287,123,120,3,3
35288,109,98,11,11
35289,121,117,4,4
35290,89,94,-5,5
35291,57,64,-7,7
35292,123,113,10,10
35293,102,106,-4,4
35294,143,127,16,16
35295,57,59,-2,2
35296,84,78,6,6
35297,73,69,4,4
35298,124,121,3,3
35299,86,82,4,4
35300,128,123,5,5
35301,146,129,17,17
35302,92,86,6,6
35303,68,77,-9,9
35304,88,90,-2,2
35305,147,141,6,6
35306,134,133,1,1
35307,91,96,-5,5
35308,137,130,7,7
35309,130,129,1,1
35310,103,99,4,4
35311,78,92,-14,14
35312,85,78,7,7
35313,57,59,-2,2
35314,159,143,16,16
35315,80,86,-6,6
35316,113,123,-10,10
35317,152,135,17,17
35318,163,148,15,15
35319,137,114,23,23
35320,116,115,1,1
35321,144,134,10,10
35322,61,69,-8,8
35323,158,146,12,12
35324,120,146,-26,26
35325,64,70,-6,6
35326,106,100,6,6
35327,60,68,-8,8
35328,87,93,-6,6
35329,72,67,5,5
35330,92,95,-3,3
35331,164,150,14,14
35332,121,126,-5,5
35333,63,67,-4,4
35334,108,109,-1,1
35335,70,68,2,2
35336,66,74,-8,8
35337,81,129,-48,48
35338,84,84,0,0
35339,69,73,-4,4
35340,161,156,5,5
35341,73,73,0,0
35342,62,62,0,0
35343,66,70,-4,4
35344,80,86,-6,6
35345,110,125,-15,15
35346,145,135,10,10
35347,32,58,-26,26
35348,62,69,-7,7
35349,191,181,10,10
35350,84,85,-1,1
35351,96,92,4,4
35352,87,77,10,10
35353,54,60,-6,6
35354,85,87,-2,2
35355,118,112,6,6
35356,52,54,-2,2
35357,102,88,14,14
35358,66,72,-6,6
35359,151,149,2,2
35360,129,137,-8,8
35361,61,60,1,1
35362,102,109,-7,7
35363,88,94,-6,6
35364,61,72,-11,11
35365,77,86,-9,9
35366,79,83,-4,4
35367,110,102,8,8
35368,96,91,5,5
35369,74,70,4,4
35370,120,117,3,3
35371,134,121,13,13
35372,66,66,0,0
35373,61,62,-1,1
35374,130,121,9,9
35375,60,67,-7,7
35376,66,69,-3,3
35377,115,112,3,3
35378,99,96,3,3
35379,55,58,-3,3
35380,104,97,7,7
35381,104,101,3,3
35382,97,100,-3,3
35383,48,55,-7,7
35384,51,60,-9,9
35385,51,48,3,3
35386,80,84,-4,4
35387,57,59,-2,2
35388,77,62,15,15
35389,128,120,8,8
35390,141,136,5,5
35391,77,77,0,0
35392,132,128,4,4
35393,110,103,7,7
35394,43,41,2,2
35395,110,115,-5,5
35396,85,76,9,9
35397,92,99,-7,7
35398,49,54,-5,5
35399,69,69,0,0
35400,64,68,-4,4
35401,82,77,5,5
35402,59,69,-10,10
35403,69,69,0,0
35404,66,68,-2,2
35405,92,91,1,1
35406,101,90,11,11
35407,62,72,-10,10
35408,126,111,15,15
35409,119,117,2,2
35410,117,103,14,14
35411,162,148,14,14
35412,100,98,2,2
35413,107,113,-6,6
35414,49,60,-11,11
35415,75,77,-2,2
35416,85,84,1,1
35417,87,73,14,14
35418,58,57,1,1
35419,86,107,-21,21
35420,54,59,-5,5
35421,149,144,5,5
35422,99,91,8,8
35423,118,117,1,1
35424,88,91,-3,3
35425,128,142,-14,14
35426,121,119,2,2
35427,62,67,-5,5
35428,32,38,-6,6
35429,152,137,15,15
35430,58,60,-2,2
35431,77,86,-9,9
35432,127,111,16,16
35433,109,103,6,6
35434,116,113,3,3
35435,83,84,-1,1
35436,70,84,-14,14
35437,101,92,9,9
35438,70,69,1,1
35439,117,110,7,7
35440,93,98,-5,5
35441,72,78,-6,6
35442,131,131,0,0
35443,64,70,-6,6
35444,160,149,11,11
35445,86,77,9,9
35446,84,88,-4,4
35447,56,58,-2,2
35448,94,88,6,6
35449,149,133,16,16
35450,128,113,15,15
35451,97,105,-8,8
35452,178,162,16,16
35453,102,97,5,5
35454,53,58,-5,5
35455,124,112,12,12
35456,79,85,-6,6
35457,136,140,-4,4
35458,71,82,-11,11
35459,54,54,0,0
35460,97,89,8,8
35461,72,77,-5,5
35462,169,144,25,25
35463,80,76,4,4
35464,53,65,-12,12
35465,64,62,2,2
35466,52,57,-5,5
35467,38,52,-14,14
35468,78,77,1,1
35469,160,75,85,85
35470,113,106,7,7
35471,90,95,-5,5
35472,63,65,-2,2
35473,79,84,-5,5
35474,56,63,-7,7
35475,241,233,8,8
35476,68,72,-4,4
35477,145,143,2,2
35478,69,68,1,1
35479,107,100,7,7
35480,79,84,-5,5
35481,123,123,0,0
35482,97,92,5,5
35483,77,74,3,3
35484,66,133,-67,67
35485,83,84,-1,1
35486,82,88,-6,6
35487,78,77,1,1
35488,89,83,6,6
35489,76,67,9,9
35490,61,66,-5,5
35491,116,111,5,5
35492,128,131,-3,3
35493,130,127,3,3
35494,46,51,-5,5
35495,105,101,4,4
35496,150,125,25,25
35497,156,151,5,5
35498,69,69,0,0
35499,89,85,4,4
35500,77,71,6,6
35501,123,121,2,2
35502,97,92,5,5
35503,87,83,4,4
35504,80,83,-3,3
35505,79,84,-5,5
35506,58,67,-9,9
35507,53,57,-4,4
35508,105,112,-7,7
35509,74,84,-10,10
35510,101,101,0,0
35511,56,59,-3,3
35512,115,111,4,4
35513,141,145,-4,4
35514,116,107,9,9
35515,47,53,-6,6
35516,43,50,-7,7
35517,80,87,-7,7
35518,91,99,-8,8
35519,75,87,-12,12
35520,114,102,12,12
35521,79,83,-4,4
35522,106,99,7,7
35523,69,63,6,6
35524,87,77,10,10
35525,118,122,-4,4
35526,84,86,-2,2
35527,90,95,-5,5
35528,97,92,5,5
35529,57,59,-2,2
35530,132,126,6,6
35531,90,104,-14,14
35532,108,113,-5,5
35533,132,119,13,13
35534,76,83,-7,7
35535,38,41,-3,3
35536,52,56,-4,4
35537,68,66,2,2
35538,141,135,6,6
35539,90,93,-3,3
35540,72,67,5,5
35541,74,70,4,4
35542,89,89,0,0
35543,72,71,1,1
35544,78,65,13,13
35545,67,68,-1,1
35546,94,92,2,2
35547,65,66,-1,1
35548,75,73,2,2
35549,76,85,-9,9
35550,78,71,7,7
35551,70,77,-7,7
35552,124,112,12,12
35553,123,115,8,8
35554,185,164,21,21
35555,126,109,17,17
35556,104,101,3,3
35557,79,77,2,2
35558,74,62,12,12
35559,82,82,0,0
35560,47,55,-8,8
35561,40,46,-6,6
35562,102,102,0,0
35563,68,75,-7,7
35564,95,100,-5,5
35565,111,103,8,8
35566,74,75,-1,1
35567,63,69,-6,6
35568,118,115,3,3
35569,181,158,23,23
35570,63,69,-6,6
35571,73,72,1,1
35572,76,79,-3,3
35573,80,78,2,2
35574,99,99,0,0
35575,83,90,-7,7
35576,48,52,-4,4
35577,140,125,15,15
35578,101,105,-4,4
35579,76,86,-10,10
35580,84,96,-12,12
35581,95,88,7,7
35582,60,64,-4,4
35583,78,78,0,0
35584,125,121,4,4
35585,90,93,-3,3
35586,99,99,0,0
35587,58,55,3,3
35588,128,125,3,3
35589,67,68,-1,1
35590,96,112,-16,16
35591,96,91,5,5
35592,141,134,7,7
35593,77,85,-8,8
35594,114,100,14,14
35595,86,84,2,2
35596,175,156,19,19
35597,129,123,6,6
35598,50,59,-9,9
35599,70,67,3,3
35600,224,195,29,29
35601,146,134,12,12
35602,81,75,6,6
35603,97,92,5,5
35604,118,123,-5,5
35605,77,69,8,8
35606,73,73,0,0
35607,85,83,2,2
35608,102,100,2,2
35609,130,125,5,5
35610,133,130,3,3
35611,129,122,7,7
35612,80,81,-1,1
35613,93,96,-3,3
35614,91,82,9,9
35615,41,94,-53,53
35616,82,89,-7,7
35617,67,68,-1,1
35618,85,86,-1,1
35619,75,79,-4,4
35620,118,119,-1,1
35621,118,100,18,18
35622,79,77,2,2
35623,63,64,-1,1
35624,170,163,7,7
35625,73,77,-4,4
35626,114,92,22,22
35627,154,155,-1,1
35628,54,68,-14,14
35629,115,109,6,6
35630,49,120,-71,71
35631,99,100,-1,1
35632,80,76,4,4
35633,152,147,5,5
35634,71,70,1,1
35635,118,136,-18,18
35636,106,98,8,8
35637,106,113,-7,7
35638,173,147,26,26
35639,89,95,-6,6
35640,65,68,-3,3
35641,93,90,3,3
35642,109,110,-1,1
35643,126,125,1,1
35644,143,158,-15,15
35645,127,124,3,3
35646,114,103,11,11
35647,84,90,-6,6
35648,68,76,-8,8
35649,60,67,-7,7
35650,111,112,-1,1
35651,127,133,-6,6
35652,83,78,5,5
35653,98,98,0,0
35654,83,74,9,9
35655,77,76,1,1
35656,51,54,-3,3
35657,88,91,-3,3
35658,48,62,-14,14
35659,147,141,6,6
35660,66,79,-13,13
35661,100,93,7,7
35662,76,83,-7,7
35663,59,62,-3,3
35664,116,112,4,4
35665,61,65,-4,4
35666,155,138,17,17
35667,99,103,-4,4
35668,112,106,6,6
35669,70,61,9,9
35670,79,83,-4,4
35671,96,99,-3,3
35672,90,96,-6,6
35673,104,98,6,6
35674,99,96,3,3
35675,81,86,-5,5
35676,134,146,-12,12
35677,126,127,-1,1
35678,160,120,40,40
35679,75,76,-1,1
35680,104,108,-4,4
35681,150,131,19,19
35682,120,117,3,3
35683,90,90,0,0
35684,120,111,9,9
35685,142,135,7,7
35686,75,73,2,2
35687,102,94,8,8
35688,162,146,16,16
35689,74,72,2,2
35690,75,74,1,1
35691,99,100,-1,1
35692,130,126,4,4
35693,53,54,-1,1
35694,127,124,3,3
35695,103,93,10,10
35696,94,90,4,4
35697,76,90,-14,14
35698,83,85,-2,2
35699,195,169,26,26
35700,58,72,-14,14
35701,51,63,-12,12
35702,153,142,11,11
35703,190,175,15,15
35704,87,88,-1,1
35705,96,97,-1,1
35706,100,92,8,8
35707,74,74,0,0
35708,67,67,0,0
35709,124,123,1,1
35710,74,71,3,3
35711,111,99,12,12
35712,93,112,-19,19
35713,107,99,8,8
35714,70,64,6,6
35715,154,144,10,10
35716,125,112,13,13
35717,107,97,10,10
35718,69,86,-17,17
35719,101,101,0,0
35720,95,88,7,7
35721,96,89,7,7
35722,85,84,1,1
35723,70,97,-27,27
35724,68,66,2,2
35725,61,65,-4,4
35726,155,152,3,3
35727,58,66,-8,8
35728,72,74,-2,2
35729,47,56,-9,9
35730,98,99,-1,1
35731,145,132,13,13
35732,52,60,-8,8
35733,120,105,15,15
35734,78,76,2,2
35735,56,62,-6,6
35736,89,94,-5,5
35737,82,86,-4,4
35738,104,106,-2,2
35739,128,135,-7,7
35740,159,134,25,25
35741,79,86,-7,7
35742,109,105,4,4
35743,120,119,1,1
35744,79,91,-12,12
35745,73,64,9,9
35746,64,61,3,3
35747,97,89,8,8
35748,135,111,24,24
35749,81,92,-11,11
35750,91,89,2,2
35751,58,56,2,2
35752,78,76,2,2
35753,77,75,2,2
35754,47,49,-2,2
35755,167,150,17,17
35756,65,87,-22,22
35757,152,144,8,8
35758,159,149,10,10
35759,89,109,-20,20
35760,205,191,14,14
35761,108,100,8,8
35762,101,94,7,7
35763,129,124,5,5
35764,123,119,4,4
35765,90,89,1,1
35766,138,128,10,10
35767,105,96,9,9
35768,93,85,8,8
35769,129,114,15,15
35770,110,98,12,12
35771,86,97,-11,11
35772,72,77,-5,5
35773,122,114,8,8
35774,37,45,-8,8
35775,173,168,5,5
35776,97,85,12,12
35777,45,48,-3,3
35778,97,85,12,12
35779,85,91,-6,6
35780,83,87,-4,4
35781,105,96,9,9
35782,138,131,7,7
35783,98,92,6,6
35784,128,119,9,9
35785,94,85,9,9
35786,131,112,19,19
35787,67,70,-3,3
35788,176,166,10,10
35789,116,111,5,5
35790,116,120,-4,4
35791,80,61,19,19
35792,84,84,0,0
35793,69,75,-6,6
35794,165,152,13,13
35795,55,67,-12,12
35796,123,125,-2,2
35797,117,120,-3,3
35798,81,72,9,9
35799,86,84,2,2
35800,185,176,9,9
35801,104,109,-5,5
35802,89,91,-2,2
35803,85,84,1,1
35804,156,142,14,14
35805,72,68,4,4
35806,95,76,19,19
35807,86,79,7,7
35808,72,70,2,2
35809,168,147,21,21
35810,42,50,-8,8
35811,93,96,-3,3
35812,103,93,10,10
35813,83,85,-2,2
35814,137,128,9,9
35815,117,124,-7,7
35816,77,84,-7,7
35817,79,90,-11,11
35818,121,113,8,8
35819,110,119,-9,9
35820,101,96,5,5
35821,88,97,-9,9
35822,91,88,3,3
35823,166,147,19,19
35824,63,63,0,0
35825,92,94,-2,2
35826,138,125,13,13
35827,110,112,-2,2
35828,151,141,10,10
35829,121,128,-7,7
35830,73,73,0,0
35831,77,71,6,6
35832,197,188,9,9
35833,94,78,16,16
35834,67,72,-5,5
35835,147,125,22,22
35836,92,111,-19,19
35837,138,133,5,5
35838,71,84,-13,13
35839,93,89,4,4
35840,115,109,6,6
35841,90,87,3,3
35842,137,125,12,12
35843,136,138,-2,2
35844,63,66,-3,3
35845,68,71,-3,3
35846,105,105,0,0
35847,61,62,-1,1
35848,75,75,0,0
35849,120,120,0,0
35850,145,143,2,2
35851,106,100,6,6
35852,171,149,22,22
35853,87,92,-5,5
35854,112,101,11,11
35855,75,76,-1,1
35856,84,89,-5,5
35857,55,56,-1,1
35858,57,62,-5,5
35859,71,70,1,1
35860,150,138,12,12
35861,42,54,-12,12
35862,95,93,2,2
35863,100,101,-1,1
35864,77,71,6,6
35865,134,139,-5,5
35866,100,87,13,13
35867,117,122,-5,5
35868,74,105,-31,31
35869,106,99,7,7
35870,121,113,8,8
35871,115,107,8,8
35872,137,129,8,8
35873,80,85,-5,5
35874,81,87,-6,6
35875,50,60,-10,10
35876,60,70,-10,10
35877,143,123,20,20
35878,80,91,-11,11
35879,72,72,0,0
35880,74,72,2,2
35881,125,123,2,2
35882,111,100,11,11
35883,99,98,1,1
35884,72,73,-1,1
35885,84,78,6,6
35886,52,56,-4,4
35887,54,56,-2,2
35888,63,67,-4,4
35889,101,97,4,4
35890,65,60,5,5
35891,74,81,-7,7
35892,141,137,4,4
35893,84,86,-2,2
35894,156,131,25,25
35895,105,99,6,6
35896,130,119,11,11
35897,74,74,0,0
35898,97,105,-8,8
35899,111,112,-1,1
35900,65,69,-4,4
35901,124,114,10,10
35902,80,80,0,0
35903,93,90,3,3
35904,122,113,9,9
35905,84,95,-11,11
35906,92,97,-5,5
35907,52,74,-22,22
35908,86,94,-8,8
35909,69,77,-8,8
35910,114,109,5,5
35911,68,66,2,2
35912,123,124,-1,1
35913,104,120,-16,16
35914,119,107,12,12
35915,123,105,18,18
35916,99,95,4,4
35917,117,127,-10,10
35918,94,98,-4,4
35919,126,124,2,2
35920,148,135,13,13
35921,112,101,11,11
35922,168,166,2,2
35923,81,78,3,3
35924,100,97,3,3
35925,78,80,-2,2
35926,109,106,3,3
35927,120,113,7,7
35928,119,120,-1,1
35929,83,105,-22,22
35930,138,128,10,10
35931,63,69,-6,6
35932,63,59,4,4
35933,88,84,4,4
35934,50,53,-3,3
35935,171,158,13,13
35936,111,97,14,14
35937,154,152,2,2
35938,131,112,19,19
35939,110,101,9,9
35940,74,75,-1,1
35941,116,120,-4,4
35942,112,112,0,0
35943,89,91,-2,2
35944,109,113,-4,4
35945,68,69,-1,1
35946,77,78,-1,1
35947,69,69,0,0
35948,54,67,-13,13
35949,74,74,0,0
35950,140,135,5,5
35951,92,81,11,11
35952,47,58,-11,11
35953,49,61,-12,12
35954,72,74,-2,2
35955,79,85,-6,6
35956,45,58,-13,13
35957,53,60,-7,7
35958,114,115,-1,1
35959,64,70,-6,6
35960,63,59,4,4
35961,113,101,12,12
35962,103,97,6,6
35963,109,102,7,7
35964,94,93,1,1
35965,65,64,1,1
35966,94,81,13,13
35967,142,143,-1,1
35968,38,46,-8,8
35969,91,99,-8,8
35970,86,84,2,2
35971,150,136,14,14
35972,66,68,-2,2
35973,68,66,2,2
35974,62,60,2,2
35975,53,54,-1,1
35976,53,59,-6,6
35977,117,112,5,5
35978,89,92,-3,3
35979,96,84,12,12
35980,109,111,-2,2
35981,100,97,3,3
35982,132,121,11,11
35983,125,125,0,0
35984,47,53,-6,6
35985,76,93,-17,17
35986,80,83,-3,3
35987,108,127,-19,19
35988,72,76,-4,4
35989,79,78,1,1
35990,103,99,4,4
35991,93,92,1,1
35992,90,82,8,8
35993,76,76,0,0
35994,88,87,1,1
35995,70,70,0,0
35996,162,135,27,27
35997,86,78,8,8
35998,62,64,-2,2
35999,78,75,3,3
36000,51,53,-2,2
36001,131,111,20,20
36002,81,77,4,4
36003,100,102,-2,2
36004,107,105,2,2
36005,71,75,-4,4
36006,99,96,3,3
36007,128,115,13,13
36008,102,105,-3,3
36009,111,119,-8,8
36010,114,113,1,1
36011,145,136,9,9
36012,123,107,16,16
36013,64,66,-2,2
36014,138,132,6,6
36015,120,123,-3,3
36016,96,95,1,1
36017,143,139,4,4
36018,79,76,3,3
36019,139,143,-4,4
36020,124,114,10,10
36021,76,84,-8,8
36022,67,70,-3,3
36023,65,75,-10,10
36024,62,67,-5,5
36025,184,174,10,10
36026,102,100,2,2
36027,60,65,-5,5
36028,79,88,-9,9
36029,63,65,-2,2
36030,70,61,9,9
36031,91,97,-6,6
36032,68,73,-5,5
36033,86,91,-5,5
36034,97,108,-11,11
36035,78,88,-10,10
36036,110,90,20,20
36037,94,85,9,9
36038,68,82,-14,14
36039,150,138,12,12
36040,81,79,2,2
36041,58,62,-4,4
36042,48,52,-4,4
36043,76,76,0,0
36044,102,97,5,5
36045,74,77,-3,3
36046,60,67,-7,7
36047,75,85,-10,10
36048,92,89,3,3
36049,62,67,-5,5
36050,91,95,-4,4
36051,93,91,2,2
36052,146,144,2,2
36053,94,89,5,5
36054,88,89,-1,1
36055,124,119,5,5
36056,92,94,-2,2
36057,87,112,-25,25
36058,113,121,-8,8
36059,99,96,3,3
36060,90,88,2,2
36061,95,89,6,6
36062,61,66,-5,5
36063,139,128,11,11
36064,106,112,-6,6
36065,42,52,-10,10
36066,95,95,0,0
36067,121,126,-5,5
36068,130,137,-7,7
36069,121,124,-3,3
36070,74,74,0,0
36071,84,84,0,0
36072,70,69,1,1
36073,73,76,-3,3
36074,116,107,9,9
36075,120,114,6,6
36076,151,141,10,10
36077,80,84,-4,4
36078,90,95,-5,5
36079,68,72,-4,4
36080,102,98,4,4
36081,180,169,11,11
36082,44,77,-33,33
36083,170,160,10,10
36084,99,86,13,13
36085,130,123,7,7
36086,78,103,-25,25
36087,107,100,7,7
36088,93,100,-7,7
36089,146,139,7,7
36090,97,90,7,7
36091,107,98,9,9
36092,116,109,7,7
36093,81,93,-12,12
36094,84,78,6,6
36095,88,98,-10,10
36096,77,67,10,10
36097,65,67,-2,2
36098,158,145,13,13
36099,76,82,-6,6
36100,56,57,-1,1
36101,119,122,-3,3
36102,82,78,4,4
36103,52,63,-11,11
36104,44,55,-11,11
36105,122,109,13,13
36106,92,94,-2,2
36107,87,88,-1,1
36108,152,150,2,2
36109,97,97,0,0
36110,127,118,9,9
36111,61,65,-4,4
36112,58,65,-7,7
36113,94,95,-1,1
36114,123,121,2,2
36115,141,121,20,20
36116,61,70,-9,9
36117,151,166,-15,15
36118,117,113,4,4
36119,88,88,0,0
36120,71,69,2,2
36121,131,128,3,3
36122,98,91,7,7
36123,54,60,-6,6
36124,133,123,10,10
36125,68,64,4,4
36126,49,61,-12,12
36127,106,100,6,6
36128,144,137,7,7
36129,105,106,-1,1
36130,59,56,3,3
36131,65,68,-3,3
36132,136,125,11,11
36133,58,59,-1,1
36134,49,53,-4,4
36135,47,53,-6,6
36136,87,89,-2,2
36137,81,91,-10,10
36138,110,98,12,12
36139,119,112,7,7
36140,114,111,3,3
36141,77,73,4,4
36142,114,109,5,5
36143,112,107,5,5
36144,86,108,-22,22
36145,91,93,-2,2
36146,136,124,12,12
36147,52,54,-2,2
36148,85,89,-4,4
36149,97,96,1,1
36150,151,140,11,11
36151,118,111,7,7
36152,156,133,23,23
36153,61,58,3,3
36154,107,102,5,5
36155,173,166,7,7
36156,86,90,-4,4
36157,74,79,-5,5
36158,90,84,6,6
36159,61,66,-5,5
36160,112,113,-1,1
36161,114,111,3,3
36162,86,90,-4,4
36163,115,115,0,0
36164,128,126,2,2
36165,62,68,-6,6
36166,81,86,-5,5
36167,102,100,2,2
36168,104,104,0,0
36169,70,78,-8,8
36170,85,84,1,1
36171,59,64,-5,5
36172,112,101,11,11
36173,141,145,-4,4
36174,103,113,-10,10
36175,89,90,-1,1
36176,83,79,4,4
36177,54,56,-2,2
36178,70,76,-6,6
36179,75,78,-3,3
36180,124,118,6,6
36181,64,64,0,0
36182,137,127,10,10
36183,112,124,-12,12
36184,60,71,-11,11
36185,103,105,-2,2
36186,76,72,4,4
36187,100,88,12,12
36188,68,74,-6,6
36189,72,84,-12,12
36190,52,60,-8,8
36191,91,92,-1,1
36192,57,60,-3,3
36193,71,62,9,9
36194,99,101,-2,2
36195,117,128,-11,11
36196,179,165,14,14
36197,109,106,3,3
36198,33,55,-22,22
36199,101,99,2,2
36200,105,99,6,6
36201,88,86,2,2
36202,152,154,-2,2
36203,88,80,8,8
36204,140,129,11,11
36205,123,103,20,20
36206,129,118,11,11
36207,57,60,-3,3
36208,53,55,-2,2
36209,65,70,-5,5
36210,72,71,1,1
36211,127,137,-10,10
36212,62,71,-9,9
36213,47,55,-8,8
36214,101,103,-2,2
36215,58,54,4,4
36216,90,97,-7,7
36217,71,70,1,1
36218,148,129,19,19
36219,131,121,10,10
36220,173,168,5,5
36221,140,125,15,15
36222,88,90,-2,2
36223,105,109,-4,4
36224,129,119,10,10
36225,105,99,6,6
36226,113,120,-7,7
36227,83,92,-9,9
36228,58,61,-3,3
36229,59,62,-3,3
36230,110,89,21,21
36231,106,108,-2,2
36232,95,94,1,1
36233,101,82,19,19
36234,56,62,-6,6
36235,134,134,0,0
36236,118,113,5,5
36237,114,102,12,12
36238,70,72,-2,2
36239,68,73,-5,5
36240,66,68,-2,2
36241,92,87,5,5
36242,113,112,1,1
36243,108,101,7,7
36244,91,97,-6,6
36245,146,139,7,7
36246,114,109,5,5
36247,103,103,0,0
36248,108,132,-24,24
36249,60,62,-2,2
36250,62,66,-4,4
36251,102,101,1,1
36252,110,113,-3,3
36253,194,167,27,27
36254,53,60,-7,7
36255,102,100,2,2
36256,175,155,20,20
36257,66,64,2,2
36258,108,102,6,6
36259,112,102,10,10
36260,154,140,14,14
36261,121,119,2,2
36262,66,66,0,0
36263,84,84,0,0
36264,72,71,1,1
36265,97,92,5,5
36266,125,118,7,7
36267,53,57,-4,4
36268,56,62,-6,6
36269,139,140,-1,1
36270,76,84,-8,8
36271,98,93,5,5
36272,64,65,-1,1
36273,102,99,3,3
36274,63,69,-6,6
36275,125,124,1,1
36276,133,112,21,21
36277,61,64,-3,3
36278,57,61,-4,4
36279,87,84,3,3
36280,65,72,-7,7
36281,45,53,-8,8
36282,105,110,-5,5
36283,123,112,11,11
36284,96,87,9,9
36285,146,141,5,5
36286,65,71,-6,6
36287,93,85,8,8
36288,67,69,-2,2
36289,112,92,20,20
36290,128,118,10,10
36291,78,78,0,0
36292,73,71,2,2
36293,89,85,4,4
36294,62,63,-1,1
36295,127,131,-4,4
36296,126,113,13,13
36297,80,77,3,3
36298,84,89,-5,5
36299,85,103,-18,18
36300,65,68,-3,3
36301,63,64,-1,1
36302,42,52,-10,10
36303,84,80,4,4
36304,73,73,0,0
36305,50,52,-2,2
36306,107,126,-19,19
36307,108,102,6,6
36308,65,69,-4,4
36309,150,121,29,29
36310,101,98,3,3
36311,51,49,2,2
36312,74,72,2,2
36313,79,78,1,1
36314,117,103,14,14
36315,71,83,-12,12
36316,70,76,-6,6
36317,75,75,0,0
36318,38,54,-16,16
36319,104,106,-2,2
36320,97,96,1,1
36321,117,110,7,7
36322,78,72,6,6
36323,58,72,-14,14
36324,133,129,4,4
36325,51,55,-4,4
36326,117,114,3,3
36327,82,76,6,6
36328,155,145,10,10
36329,102,109,-7,7
36330,137,132,5,5
36331,85,82,3,3
36332,132,126,6,6
36333,35,45,-10,10
36334,72,68,4,4
36335,119,123,-4,4
36336,90,84,6,6
36337,69,72,-3,3
36338,76,79,-3,3
36339,85,88,-3,3
36340,114,104,10,10
36341,84,108,-24,24
36342,78,78,0,0
36343,55,62,-7,7
36344,102,105,-3,3
36345,163,139,24,24
36346,69,70,-1,1
36347,126,124,2,2
36348,43,43,0,0
36349,61,59,2,2
36350,54,58,-4,4
36351,109,104,5,5
36352,102,112,-10,10
36353,80,85,-5,5
36354,206,182,24,24
36355,51,54,-3,3
36356,89,72,17,17
36357,72,78,-6,6
36358,127,126,1,1
36359,76,79,-3,3
36360,107,102,5,5
36361,71,69,2,2
36362,66,67,-1,1
36363,76,72,4,4
36364,184,161,23,23
36365,129,129,0,0
36366,55,61,-6,6
36367,110,113,-3,3
36368,75,80,-5,5
36369,61,68,-7,7
36370,136,127,9,9
36371,103,96,7,7
36372,115,117,-2,2
36373,55,58,-3,3
36374,113,107,6,6
36375,89,80,9,9
36376,121,108,13,13
36377,80,93,-13,13
36378,141,127,14,14
36379,150,162,-12,12
36380,90,85,5,5
36381,73,75,-2,2
36382,137,151,-14,14
36383,107,96,11,11
36384,86,85,1,1
36385,112,112,0,0
36386,46,60,-14,14
36387,72,74,-2,2
36388,99,99,0,0
36389,63,68,-5,5
36390,126,104,22,22
36391,64,62,2,2
36392,90,99,-9,9
36393,59,66,-7,7
36394,66,62,4,4
36395,114,98,16,16
36396,102,97,5,5
36397,77,75,2,2
36398,90,74,16,16
36399,68,69,-1,1
36400,78,71,7,7
36401,71,72,-1,1
36402,49,54,-5,5
36403,83,78,5,5
36404,112,121,-9,9
36405,102,108,-6,6
36406,134,110,24,24
36407,57,61,-4,4
36408,71,73,-2,2
36409,163,159,4,4
36410,130,114,16,16
36411,123,130,-7,7
36412,117,116,1,1
36413,78,77,1,1
36414,39,50,-11,11
36415,49,57,-8,8
36416,57,60,-3,3
36417,51,60,-9,9
36418,123,110,13,13
36419,92,92,0,0
36420,93,98,-5,5
36421,77,78,-1,1
36422,197,152,45,45
36423,112,114,-2,2
36424,63,72,-9,9
36425,83,88,-5,5
36426,68,86,-18,18
36427,105,101,4,4
36428,62,70,-8,8
36429,71,69,2,2
36430,91,88,3,3
36431,85,79,6,6
36432,197,193,4,4
36433,124,112,12,12
36434,119,113,6,6
36435,130,137,-7,7
36436,81,76,5,5
36437,92,94,-2,2
36438,71,71,0,0
36439,67,66,1,1
36440,99,94,5,5
36441,94,97,-3,3
36442,114,120,-6,6
36443,167,152,15,15
36444,120,110,10,10
36445,125,112,13,13
36446,70,66,4,4
36447,114,107,7,7
36448,95,93,2,2
36449,46,54,-8,8
36450,101,104,-3,3
36451,61,60,1,1
36452,90,98,-8,8
36453,67,133,-66,66
36454,157,141,16,16
36455,79,74,5,5
36456,105,102,3,3
36457,112,98,14,14
36458,89,93,-4,4
36459,105,104,1,1
36460,124,112,12,12
36461,65,65,0,0
36462,73,74,-1,1
36463,66,71,-5,5
36464,61,68,-7,7
36465,125,136,-11,11
36466,122,126,-4,4
36467,76,73,3,3
36468,90,97,-7,7
36469,176,150,26,26
36470,62,70,-8,8
36471,139,133,6,6
36472,43,47,-4,4
36473,67,74,-7,7
36474,50,57,-7,7
36475,66,69,-3,3
36476,59,66,-7,7
36477,81,75,6,6
36478,83,76,7,7
36479,92,89,3,3
36480,76,84,-8,8
36481,62,62,0,0
36482,64,79,-15,15
36483,92,100,-8,8
36484,123,120,3,3
36485,84,75,9,9
36486,88,90,-2,2
36487,58,65,-7,7
36488,87,88,-1,1
36489,73,73,0,0
36490,44,58,-14,14
36491,123,115,8,8
36492,76,70,6,6
36493,82,88,-6,6
36494,84,86,-2,2
36495,69,69,0,0
36496,80,86,-6,6
36497,104,103,1,1
36498,81,84,-3,3
36499,79,85,-6,6
36500,90,104,-14,14
36501,105,103,2,2
36502,140,136,4,4
36503,85,87,-2,2
36504,96,94,2,2
36505,102,100,2,2
36506,81,76,5,5
36507,117,108,9,9
36508,68,66,2,2
36509,79,78,1,1
36510,143,131,12,12
36511,66,61,5,5
36512,52,57,-5,5
36513,109,97,12,12
36514,40,55,-15,15
36515,140,128,12,12
36516,115,109,6,6
36517,74,87,-13,13
36518,61,67,-6,6
36519,66,69,-3,3
36520,92,79,13,13
36521,48,74,-26,26
36522,116,112,4,4
36523,141,129,12,12
36524,113,105,8,8
36525,89,84,5,5
36526,139,123,16,16
36527,134,131,3,3
36528,152,145,7,7
36529,88,89,-1,1
36530,93,95,-2,2
36531,161,149,12,12
36532,90,93,-3,3
36533,68,68,0,0
36534,148,133,15,15
36535,82,83,-1,1
36536,96,92,4,4
36537,171,170,1,1
36538,96,105,-9,9
36539,66,68,-2,2
36540,113,106,7,7
36541,78,79,-1,1
36542,82,81,1,1
36543,61,63,-2,2
36544,82,78,4,4
36545,99,107,-8,8
36546,225,183,42,42
36547,81,77,4,4
36548,62,61,1,1
36549,66,70,-4,4
36550,44,54,-10,10
36551,74,86,-12,12
36552,83,79,4,4
36553,109,105,4,4
36554,51,61,-10,10
36555,121,113,8,8
36556,83,74,9,9
36557,81,92,-11,11
36558,53,59,-6,6
36559,73,84,-11,11
36560,109,99,10,10
36561,151,145,6,6
36562,115,111,4,4
36563,122,113,9,9
36564,116,115,1,1
36565,107,100,7,7
36566,109,99,10,10
36567,72,70,2,2
36568,43,54,-11,11
36569,78,76,2,2
36570,127,115,12,12
36571,50,57,-7,7
36572,96,95,1,1
36573,53,60,-7,7
36574,37,47,-10,10
36575,94,85,9,9
36576,56,66,-10,10
36577,27,39,-12,12
36578,38,52,-14,14
36579,109,111,-2,2
36580,109,108,1,1
36581,70,75,-5,5
36582,60,67,-7,7
36583,82,92,-10,10
36584,67,68,-1,1
36585,67,70,-3,3
36586,78,72,6,6
36587,62,74,-12,12
36588,49,60,-11,11
36589,109,100,9,9
36590,88,93,-5,5
36591,81,94,-13,13
36592,82,87,-5,5
36593,90,86,4,4
36594,79,78,1,1
36595,97,89,8,8
36596,75,79,-4,4
36597,104,95,9,9
36598,84,90,-6,6
36599,146,139,7,7
36600,62,65,-3,3
36601,104,112,-8,8
36602,106,108,-2,2
36603,92,96,-4,4
36604,92,92,0,0
36605,92,97,-5,5
36606,71,72,-1,1
36607,91,94,-3,3
36608,87,86,1,1
36609,79,95,-16,16
36610,86,100,-14,14
36611,128,113,15,15
36612,186,176,10,10
36613,138,125,13,13
36614,89,79,10,10
36615,168,152,16,16
36616,46,54,-8,8
36617,93,92,1,1
36618,72,77,-5,5
36619,110,101,9,9
36620,99,88,11,11
36621,51,54,-3,3
36622,93,95,-2,2
36623,99,97,2,2
36624,126,119,7,7
36625,64,68,-4,4
36626,209,189,20,20
36627,102,100,2,2
36628,98,100,-2,2
36629,79,71,8,8
36630,85,93,-8,8
36631,64,68,-4,4
36632,83,81,2,2
36633,121,100,21,21
36634,111,104,7,7
36635,72,73,-1,1
36636,97,92,5,5
36637,96,87,9,9
36638,64,66,-2,2
36639,128,121,7,7
36640,34,44,-10,10
36641,124,102,22,22
36642,84,77,7,7
36643,132,126,6,6
36644,55,60,-5,5
36645,118,113,5,5
36646,47,53,-6,6
36647,74,72,2,2
36648,75,72,3,3
36649,93,96,-3,3
36650,171,143,28,28
36651,81,85,-4,4
36652,62,67,-5,5
36653,81,77,4,4
36654,83,76,7,7
36655,65,66,-1,1
36656,61,67,-6,6
36657,83,89,-6,6
36658,102,100,2,2
36659,78,76,2,2
36660,85,84,1,1
36661,122,114,8,8
36662,60,62,-2,2
36663,151,151,0,0
36664,72,77,-5,5
36665,93,93,0,0
36666,99,97,2,2
36667,95,101,-6,6
36668,105,101,4,4
36669,83,70,13,13
36670,128,129,-1,1
36671,76,106,-30,30
36672,114,103,11,11
36673,125,129,-4,4
36674,88,86,2,2
36675,117,122,-5,5
36676,54,56,-2,2
36677,102,100,2,2
36678,60,58,2,2
36679,47,66,-19,19
36680,76,73,3,3
36681,53,60,-7,7
36682,83,89,-6,6
36683,148,152,-4,4
36684,101,99,2,2
36685,126,119,7,7
36686,124,188,-64,64
36687,114,112,2,2
36688,74,84,-10,10
36689,83,93,-10,10
36690,109,99,10,10
36691,89,98,-9,9
36692,76,78,-2,2
36693,53,62,-9,9
36694,78,78,0,0
36695,60,64,-4,4
36696,136,126,10,10
36697,42,60,-18,18
36698,126,115,11,11
36699,99,108,-9,9
36700,96,99,-3,3
36701,45,53,-8,8
36702,77,73,4,4
36703,167,142,25,25
36704,102,130,-28,28
36705,92,98,-6,6
36706,61,63,-2,2
36707,138,127,11,11
36708,117,125,-8,8
36709,127,116,11,11
36710,92,77,15,15
36711,83,85,-2,2
36712,69,70,-1,1
36713,189,167,22,22
36714,89,83,6,6
36715,154,146,8,8
36716,78,83,-5,5
36717,92,92,0,0
36718,151,152,-1,1
36719,138,144,-6,6
36720,73,73,0,0
36721,152,146,6,6
36722,122,119,3,3
36723,71,67,4,4
36724,118,112,6,6
36725,93,86,7,7
36726,104,100,4,4
36727,85,77,8,8
36728,91,89,2,2
36729,50,55,-5,5
36730,102,89,13,13
36731,120,117,3,3
36732,111,102,9,9
36733,71,76,-5,5
36734,57,57,0,0
36735,161,122,39,39
36736,53,55,-2,2
36737,122,134,-12,12
36738,125,122,3,3
36739,83,80,3,3
36740,74,83,-9,9
36741,78,77,1,1
36742,51,56,-5,5
36743,167,140,27,27
36744,78,80,-2,2
36745,207,190,17,17
36746,120,115,5,5
36747,142,141,1,1
36748,71,80,-9,9
36749,144,123,21,21
36750,55,56,-1,1
36751,75,68,7,7
36752,113,117,-4,4
36753,100,110,-10,10
36754,56,64,-8,8
36755,137,121,16,16
36756,92,94,-2,2
36757,142,131,11,11
36758,114,112,2,2
36759,47,54,-7,7
36760,61,61,0,0
36761,130,119,11,11
36762,68,72,-4,4
36763,72,89,-17,17
36764,39,45,-6,6
36765,116,121,-5,5
36766,135,125,10,10
36767,121,111,10,10
36768,126,116,10,10
36769,115,124,-9,9
36770,92,90,2,2
36771,137,121,16,16
36772,67,69,-2,2
36773,58,57,1,1
36774,74,78,-4,4
36775,66,60,6,6
36776,70,66,4,4
36777,89,108,-19,19
36778,85,94,-9,9
36779,77,78,-1,1
36780,54,58,-4,4
36781,103,105,-2,2
36782,45,58,-13,13
36783,35,54,-19,19
36784,84,112,-28,28
36785,61,73,-12,12
36786,114,107,7,7
36787,47,57,-10,10
36788,86,85,1,1
36789,92,97,-5,5
36790,61,61,0,0
36791,96,96,0,0
36792,48,51,-3,3
36793,115,126,-11,11
36794,209,181,28,28
36795,89,90,-1,1
36796,63,59,4,4
36797,68,71,-3,3
36798,88,99,-11,11
36799,63,73,-10,10
36800,121,126,-5,5
36801,146,157,-11,11
36802,64,63,1,1
36803,75,75,0,0
36804,118,126,-8,8
36805,121,123,-2,2
36806,87,83,4,4
36807,80,82,-2,2
36808,80,85,-5,5
36809,107,98,9,9
36810,137,131,6,6
36811,96,88,8,8
36812,74,70,4,4
36813,90,81,9,9
36814,70,66,4,4
36815,45,52,-7,7
36816,63,62,1,1
36817,122,114,8,8
36818,80,75,5,5
36819,91,93,-2,2
36820,241,216,25,25
36821,49,54,-5,5
36822,115,125,-10,10
36823,136,111,25,25
36824,87,77,10,10
36825,90,103,-13,13
36826,86,79,7,7
36827,126,119,7,7
36828,63,78,-15,15
36829,68,68,0,0
36830,83,74,9,9
36831,101,100,1,1
36832,82,110,-28,28
36833,105,110,-5,5
36834,141,140,1,1
36835,67,71,-4,4
36836,29,42,-13,13
36837,96,99,-3,3
36838,69,67,2,2
36839,62,68,-6,6
36840,68,74,-6,6
36841,96,85,11,11
36842,122,126,-4,4
36843,109,112,-3,3
36844,83,78,5,5
36845,127,114,13,13
36846,115,125,-10,10
36847,95,94,1,1
36848,64,64,0,0
36849,80,82,-2,2
36850,285,283,2,2
36851,88,86,2,2
36852,154,117,37,37
36853,163,148,15,15
36854,68,112,-44,44
36855,72,77,-5,5
36856,184,176,8,8
36857,87,83,4,4
36858,58,64,-6,6
36859,110,114,-4,4
36860,62,69,-7,7
36861,53,53,0,0
36862,158,159,-1,1
36863,87,103,-16,16
36864,70,79,-9,9
36865,72,73,-1,1
36866,141,123,18,18
36867,94,92,2,2
36868,48,61,-13,13
36869,56,59,-3,3
36870,169,154,15,15
36871,81,104,-23,23
36872,71,70,1,1
36873,97,87,10,10
36874,73,75,-2,2
36875,90,94,-4,4
36876,122,114,8,8
36877,68,64,4,4
36878,128,114,14,14
36879,68,70,-2,2
36880,128,128,0,0
36881,80,81,-1,1
36882,76,69,7,7
36883,131,139,-8,8
36884,96,98,-2,2
36885,118,128,-10,10
36886,112,102,10,10
36887,174,159,15,15
36888,44,45,-1,1
36889,92,98,-6,6
36890,66,67,-1,1
36891,90,94,-4,4
36892,144,135,9,9
36893,110,101,9,9
36894,164,140,24,24
36895,85,81,4,4
36896,87,99,-12,12
36897,126,142,-16,16
36898,70,72,-2,2
36899,111,109,2,2
36900,56,58,-2,2
36901,50,57,-7,7
36902,93,96,-3,3
36903,66,69,-3,3
36904,77,76,1,1
36905,59,61,-2,2
36906,95,100,-5,5
36907,79,76,3,3
36908,84,85,-1,1
36909,81,80,1,1
36910,118,102,16,16
36911,62,61,1,1
36912,113,113,0,0
36913,89,77,12,12
36914,109,98,11,11
36915,157,145,12,12
36916,144,157,-13,13
36917,113,103,10,10
36918,136,122,14,14
36919,55,51,4,4
36920,100,125,-25,25
36921,127,112,15,15
36922,137,132,5,5
36923,77,73,4,4
36924,75,75,0,0
36925,96,99,-3,3
36926,183,170,13,13
36927,100,95,5,5
36928,66,63,3,3
36929,87,90,-3,3
36930,76,79,-3,3
36931,79,96,-17,17
36932,84,85,-1,1
36933,101,96,5,5
36934,110,111,-1,1
36935,97,97,0,0
36936,55,59,-4,4
36937,94,83,11,11
36938,65,70,-5,5
36939,78,76,2,2
36940,69,70,-1,1
36941,171,160,11,11
36942,78,76,2,2
36943,58,62,-4,4
36944,79,77,2,2
36945,90,83,7,7
36946,43,46,-3,3
36947,80,97,-17,17
36948,121,127,-6,6
36949,186,165,21,21
36950,87,87,0,0
36951,25,33,-8,8
36952,77,84,-7,7
36953,111,111,0,0
36954,60,60,0,0
36955,70,74,-4,4
36956,145,128,17,17
36957,83,80,3,3
36958,87,77,10,10
36959,79,78,1,1
36960,110,108,2,2
36961,70,67,3,3
36962,157,146,11,11
36963,95,93,2,2
36964,62,68,-6,6
36965,83,84,-1,1
36966,64,63,1,1
36967,240,226,14,14
36968,77,78,-1,1
36969,171,152,19,19
36970,111,112,-1,1
36971,98,90,8,8
36972,60,61,-1,1
36973,94,93,1,1
36974,117,110,7,7
36975,113,112,1,1
36976,149,153,-4,4
36977,84,86,-2,2
36978,50,59,-9,9
36979,109,117,-8,8
36980,77,91,-14,14
36981,125,120,5,5
36982,74,86,-12,12
36983,80,79,1,1
36984,70,72,-2,2
36985,79,81,-2,2
36986,125,107,18,18
36987,102,83,19,19
36988,72,72,0,0
36989,99,101,-2,2
36990,73,84,-11,11
36991,104,94,10,10
36992,99,95,4,4
36993,97,89,8,8
36994,135,128,7,7
36995,80,86,-6,6
36996,146,143,3,3
36997,59,67,-8,8
36998,95,96,-1,1
36999,159,133,26,26
37000,73,66,7,7
37001,94,94,0,0
37002,159,128,31,31
37003,178,151,27,27
37004,58,58,0,0
37005,88,84,4,4
37006,88,94,-6,6
37007,81,89,-8,8
37008,79,75,4,4
37009,54,57,-3,3
37010,88,85,3,3
37011,75,70,5,5
37012,101,91,10,10
37013,89,83,6,6
37014,51,58,-7,7
37015,121,115,6,6
37016,110,115,-5,5
37017,99,91,8,8
37018,63,68,-5,5
37019,113,112,1,1
37020,137,138,-1,1
37021,114,118,-4,4
37022,87,83,4,4
37023,176,144,32,32
37024,136,126,10,10
37025,104,100,4,4
37026,131,135,-4,4
37027,100,111,-11,11
37028,110,114,-4,4
37029,54,56,-2,2
37030,99,101,-2,2
37031,55,62,-7,7
37032,141,126,15,15
37033,142,134,8,8
37034,125,109,16,16
37035,114,122,-8,8
37036,121,119,2,2
37037,138,125,13,13
37038,66,76,-10,10
37039,108,103,5,5
37040,137,129,8,8
37041,57,60,-3,3
37042,97,101,-4,4
37043,114,103,11,11
37044,124,148,-24,24
37045,66,70,-4,4
37046,51,53,-2,2
37047,162,143,19,19
37048,161,150,11,11
37049,116,112,4,4
37050,111,112,-1,1
37051,143,139,4,4
37052,41,54,-13,13
37053,97,88,9,9
37054,49,56,-7,7
37055,156,142,14,14
37056,48,51,-3,3
37057,82,77,5,5
37058,58,59,-1,1
37059,81,78,3,3
37060,81,79,2,2
37061,68,71,-3,3
37062,120,118,2,2
37063,28,41,-13,13
37064,84,97,-13,13
37065,96,98,-2,2
37066,79,79,0,0
37067,446,355,91,91
37068,132,131,1,1
37069,131,124,7,7
37070,60,73,-13,13
37071,78,74,4,4
37072,113,107,6,6
37073,67,69,-2,2
37074,83,83,0,0
37075,77,71,6,6
37076,82,84,-2,2
37077,60,63,-3,3
37078,112,108,4,4
37079,124,114,10,10
37080,150,129,21,21
37081,87,87,0,0
37082,129,120,9,9
37083,151,141,10,10
37084,36,47,-11,11
37085,100,102,-2,2
37086,57,103,-46,46
37087,108,112,-4,4
37088,78,86,-8,8
37089,72,67,5,5
37090,69,82,-13,13
37091,108,110,-2,2
37092,87,84,3,3
37093,51,67,-16,16
37094,48,53,-5,5
37095,98,112,-14,14
37096,31,57,-26,26
37097,140,112,28,28
37098,74,71,3,3
37099,95,102,-7,7
37100,87,86,1,1
37101,120,120,0,0
37102,83,77,6,6
37103,81,97,-16,16
37104,75,76,-1,1
37105,87,89,-2,2
37106,145,134,11,11
37107,98,92,6,6
37108,52,51,1,1
37109,83,84,-1,1
37110,55,74,-19,19
37111,110,113,-3,3
37112,125,129,-4,4
37113,87,79,8,8
37114,101,100,1,1
37115,81,72,9,9
37116,143,133,10,10
37117,218,190,28,28
37118,79,73,6,6
37119,97,91,6,6
37120,58,63,-5,5
37121,116,119,-3,3
37122,76,69,7,7
37123,94,98,-4,4
37124,79,92,-13,13
37125,60,59,1,1
37126,103,108,-5,5
37127,51,55,-4,4
37128,113,105,8,8
37129,83,100,-17,17
37130,121,122,-1,1
37131,87,73,14,14
37132,152,143,9,9
37133,97,91,6,6
37134,169,160,9,9
37135,73,87,-14,14
37136,141,144,-3,3
37137,88,78,10,10
37138,75,164,-89,89
37139,78,75,3,3
37140,114,105,9,9
37141,95,84,11,11
37142,100,107,-7,7
37143,94,95,-1,1
37144,62,69,-7,7
37145,75,107,-32,32
37146,91,94,-3,3
37147,155,131,24,24
37148,82,78,4,4
37149,120,114,6,6
37150,154,136,18,18
37151,45,51,-6,6
37152,69,70,-1,1
37153,70,74,-4,4
37154,129,129,0,0
37155,83,78,5,5
37156,102,96,6,6
37157,34,43,-9,9
37158,84,78,6,6
37159,93,90,3,3
37160,173,153,20,20
37161,81,87,-6,6
37162,112,118,-6,6
37163,141,133,8,8
37164,117,112,5,5
37165,87,96,-9,9
37166,89,102,-13,13
37167,138,138,0,0
37168,77,83,-6,6
37169,71,76,-5,5
37170,108,112,-4,4
37171,84,83,1,1
37172,90,100,-10,10
37173,156,143,13,13
37174,90,92,-2,2
37175,91,91,0,0
37176,64,63,1,1
37177,66,69,-3,3
37178,59,58,1,1
37179,124,114,10,10
37180,49,51,-2,2
37181,108,111,-3,3
37182,83,85,-2,2
37183,115,100,15,15
37184,59,66,-7,7
37185,51,69,-18,18
37186,90,85,5,5
37187,77,90,-13,13
37188,59,57,2,2
37189,100,99,1,1
37190,138,126,12,12
37191,237,205,32,32
37192,71,71,0,0
37193,51,55,-4,4
37194,160,160,0,0
37195,162,132,30,30
37196,121,119,2,2
37197,122,112,10,10
37198,64,64,0,0
37199,78,74,4,4
37200,107,132,-25,25
37201,102,105,-3,3
37202,74,84,-10,10
37203,90,99,-9,9
37204,65,61,4,4
37205,85,88,-3,3
37206,88,90,-2,2
37207,95,97,-2,2
37208,92,94,-2,2
37209,148,127,21,21
37210,89,87,2,2
37211,63,65,-2,2
37212,98,88,10,10
37213,74,71,3,3
37214,69,71,-2,2
37215,58,64,-6,6
37216,148,127,21,21
37217,75,80,-5,5
37218,128,122,6,6
37219,63,73,-10,10
37220,113,99,14,14
37221,88,97,-9,9
37222,68,62,6,6
37223,98,96,2,2
37224,79,83,-4,4
37225,69,73,-4,4
37226,284,256,28,28
37227,76,75,1,1
37228,98,99,-1,1
37229,73,76,-3,3
37230,135,129,6,6
37231,71,69,2,2
37232,85,78,7,7
37233,58,65,-7,7
37234,110,111,-1,1
37235,63,66,-3,3
37236,91,93,-2,2
37237,72,76,-4,4
37238,111,132,-21,21
37239,75,70,5,5
37240,127,129,-2,2
37241,157,140,17,17
37242,136,133,3,3
37243,66,65,1,1
37244,53,58,-5,5
37245,76,78,-2,2
37246,76,70,6,6
37247,123,130,-7,7
37248,90,90,0,0
37249,62,67,-5,5
37250,93,112,-19,19
37251,150,134,16,16
37252,114,111,3,3
37253,99,85,14,14
37254,85,83,2,2
37255,68,66,2,2
37256,54,56,-2,2
37257,64,67,-3,3
37258,126,124,2,2
37259,52,57,-5,5
37260,119,111,8,8
37261,112,108,4,4
37262,257,223,34,34
37263,75,77,-2,2
37264,58,60,-2,2
37265,87,87,0,0
37266,50,53,-3,3
37267,79,83,-4,4
37268,142,129,13,13
37269,122,121,1,1
37270,69,72,-3,3
37271,82,78,4,4
37272,83,88,-5,5
37273,87,78,9,9
37274,132,127,5,5
37275,110,119,-9,9
37276,98,86,12,12
37277,93,92,1,1
37278,112,121,-9,9
37279,101,92,9,9
37280,97,100,-3,3
37281,111,113,-2,2
37282,53,57,-4,4
37283,78,92,-14,14
37284,104,99,5,5
37285,86,80,6,6
37286,109,105,4,4
37287,136,120,16,16
37288,113,125,-12,12
37289,53,61,-8,8
37290,85,76,9,9
37291,142,125,17,17
37292,141,131,10,10
37293,87,89,-2,2
37294,79,76,3,3
37295,171,151,20,20
37296,104,107,-3,3
37297,91,120,-29,29
37298,70,71,-1,1
37299,93,99,-6,6
37300,115,113,2,2
37301,49,55,-6,6
37302,115,102,13,13
37303,85,79,6,6
37304,96,99,-3,3
37305,112,110,2,2
37306,133,134,-1,1
37307,114,109,5,5
37308,78,99,-21,21
37309,158,143,15,15
37310,73,70,3,3
37311,44,51,-7,7
37312,160,154,6,6
37313,114,113,1,1
37314,163,114,49,49
37315,113,104,9,9
37316,92,99,-7,7
37317,35,48,-13,13
37318,135,131,4,4
37319,113,110,3,3
37320,105,98,7,7
37321,79,72,7,7
37322,130,121,9,9
37323,129,127,2,2
37324,81,86,-5,5
37325,71,78,-7,7
37326,233,197,36,36
37327,79,86,-7,7
37328,88,88,0,0
37329,121,125,-4,4
37330,132,119,13,13
37331,179,159,20,20
37332,199,182,17,17
37333,133,125,8,8
37334,127,118,9,9
37335,71,73,-2,2
37336,59,64,-5,5
37337,92,92,0,0
37338,98,97,1,1
37339,93,84,9,9
37340,103,82,21,21
37341,114,121,-7,7
37342,80,83,-3,3
37343,84,85,-1,1
37344,95,89,6,6
37345,141,133,8,8
37346,184,165,19,19
37347,138,114,24,24
37348,59,64,-5,5
37349,172,160,12,12
37350,146,133,13,13
37351,72,76,-4,4
37352,139,138,1,1
37353,108,106,2,2
37354,91,99,-8,8
37355,38,41,-3,3
37356,44,56,-12,12
37357,86,82,4,4
37358,68,76,-8,8
37359,68,65,3,3
37360,100,103,-3,3
37361,135,121,14,14
37362,30,48,-18,18
37363,149,140,9,9
37364,93,92,1,1
37365,132,132,0,0
37366,61,62,-1,1
37367,104,108,-4,4
37368,119,113,6,6
37369,61,65,-4,4
37370,79,78,1,1
37371,48,59,-11,11
37372,80,66,14,14
37373,145,163,-18,18
37374,65,74,-9,9
37375,68,68,0,0
37376,68,69,-1,1
37377,78,86,-8,8
37378,65,64,1,1
37379,98,94,4,4
37380,102,106,-4,4
37381,115,98,17,17
37382,71,70,1,1
37383,63,69,-6,6
37384,64,75,-11,11
37385,97,96,1,1
37386,102,93,9,9
37387,101,101,0,0
37388,34,41,-7,7
37389,70,73,-3,3
37390,53,61,-8,8
37391,92,92,0,0
37392,83,86,-3,3
37393,101,107,-6,6
37394,76,73,3,3
37395,76,78,-2,2
37396,111,106,5,5
37397,49,64,-15,15
37398,55,65,-10,10
37399,115,105,10,10
37400,126,121,5,5
37401,121,108,13,13
37402,145,132,13,13
37403,60,76,-16,16
37404,73,66,7,7
37405,63,66,-3,3
37406,71,70,1,1
37407,81,82,-1,1
37408,98,99,-1,1
37409,138,135,3,3
37410,69,77,-8,8
37411,172,181,-9,9
37412,57,69,-12,12
37413,119,112,7,7
37414,65,69,-4,4
37415,54,59,-5,5
37416,86,95,-9,9
37417,116,115,1,1
37418,145,129,16,16
37419,102,106,-4,4
37420,108,103,5,5
37421,63,64,-1,1
37422,125,113,12,12
37423,90,91,-1,1
37424,139,137,2,2
37425,94,95,-1,1
37426,86,90,-4,4
37427,44,49,-5,5
37428,89,97,-8,8
37429,82,83,-1,1
37430,114,101,13,13
37431,60,61,-1,1
37432,103,98,5,5
37433,58,57,1,1
37434,108,113,-5,5
37435,140,141,-1,1
37436,160,154,6,6
37437,54,57,-3,3
37438,106,99,7,7
37439,140,136,4,4
37440,101,98,3,3
37441,120,113,7,7
37442,118,113,5,5
37443,116,112,4,4
37444,108,107,1,1
37445,205,203,2,2
37446,192,179,13,13
37447,97,96,1,1
37448,59,63,-4,4
37449,60,67,-7,7
37450,51,55,-4,4
37451,48,52,-4,4
37452,118,112,6,6
37453,209,186,23,23
37454,64,67,-3,3
37455,76,83,-7,7
37456,130,125,5,5
37457,83,77,6,6
37458,69,77,-8,8
37459,66,59,7,7
37460,81,90,-9,9
37461,116,131,-15,15
37462,91,97,-6,6
37463,178,169,9,9
37464,148,156,-8,8
37465,160,155,5,5
37466,116,127,-11,11
37467,87,94,-7,7
37468,93,96,-3,3
37469,71,75,-4,4
37470,121,113,8,8
37471,85,74,11,11
37472,75,77,-2,2
37473,101,100,1,1
37474,72,74,-2,2
37475,60,63,-3,3
37476,102,93,9,9
37477,111,102,9,9
37478,81,91,-10,10
37479,75,90,-15,15
37480,107,111,-4,4
37481,75,78,-3,3
37482,67,75,-8,8
37483,126,126,0,0
37484,106,108,-2,2
37485,126,123,3,3
37486,104,105,-1,1
37487,65,75,-10,10
37488,92,93,-1,1
37489,78,71,7,7
37490,127,121,6,6
37491,88,92,-4,4
37492,35,55,-20,20
37493,87,91,-4,4
37494,53,65,-12,12
37495,108,108,0,0
37496,89,90,-1,1
37497,79,76,3,3
37498,79,83,-4,4
37499,138,120,18,18
37500,92,87,5,5
37501,84,84,0,0
37502,65,65,0,0
37503,74,75,-1,1
37504,147,137,10,10
37505,96,97,-1,1
37506,124,120,4,4
37507,84,90,-6,6
37508,118,113,5,5
37509,80,76,4,4
37510,89,97,-8,8
37511,154,152,2,2
37512,96,109,-13,13
37513,73,83,-10,10
37514,218,182,36,36
37515,108,106,2,2
37516,156,145,11,11
37517,56,63,-7,7
37518,105,99,6,6
37519,103,127,-24,24
37520,98,100,-2,2
37521,161,152,9,9
37522,150,128,22,22
37523,50,55,-5,5
37524,99,97,2,2
37525,62,68,-6,6
37526,102,101,1,1
37527,86,84,2,2
37528,81,78,3,3
37529,51,59,-8,8
37530,100,95,5,5
37531,74,72,2,2
37532,65,62,3,3
37533,95,94,1,1
37534,99,97,2,2
37535,84,91,-7,7
37536,114,99,15,15
37537,99,90,9,9
37538,58,56,2,2
37539,49,51,-2,2
37540,119,108,11,11
37541,83,87,-4,4
37542,96,100,-4,4
37543,70,73,-3,3
37544,108,103,5,5
37545,128,112,16,16
37546,75,72,3,3
37547,72,70,2,2
37548,88,76,12,12
37549,71,69,2,2
37550,103,95,8,8
37551,109,100,9,9
37552,77,84,-7,7
37553,74,72,2,2
37554,105,98,7,7
37555,56,53,3,3
37556,95,91,4,4
37557,152,135,17,17
37558,62,63,-1,1
37559,128,120,8,8
37560,108,99,9,9
37561,58,65,-7,7
37562,144,125,19,19
37563,109,100,9,9
37564,66,65,1,1
37565,114,114,0,0
37566,150,131,19,19
37567,98,92,6,6
37568,151,140,11,11
37569,73,71,2,2
37570,84,80,4,4
37571,126,123,3,3
37572,50,57,-7,7
37573,101,112,-11,11
37574,56,64,-8,8
37575,95,98,-3,3
37576,65,67,-2,2
37577,141,118,23,23
37578,94,90,4,4
37579,67,73,-6,6
37580,55,63,-8,8
37581,65,68,-3,3
37582,52,68,-16,16
37583,95,88,7,7
37584,158,145,13,13
37585,106,41,65,65
37586,101,98,3,3
37587,96,92,4,4
37588,132,134,-2,2
37589,91,87,4,4
37590,80,78,2,2
37591,209,185,24,24
37592,71,81,-10,10
37593,94,102,-8,8
37594,93,82,11,11
37595,103,106,-3,3
37596,69,77,-8,8
37597,190,185,5,5
37598,92,91,1,1
37599,105,97,8,8
37600,69,74,-5,5
37601,54,69,-15,15
37602,59,62,-3,3
37603,82,85,-3,3
37604,84,87,-3,3
37605,30,56,-26,26
37606,150,137,13,13
37607,65,66,-1,1
37608,88,82,6,6
37609,80,78,2,2
37610,174,158,16,16
37611,134,151,-17,17
37612,82,78,4,4
37613,77,70,7,7
37614,65,71,-6,6
37615,49,53,-4,4
37616,95,100,-5,5
37617,67,70,-3,3
37618,69,67,2,2
37619,125,124,1,1
37620,124,130,-6,6
37621,81,85,-4,4
37622,93,93,0,0
37623,148,123,25,25
37624,158,138,20,20
37625,107,104,3,3
37626,138,125,13,13
37627,106,104,2,2
37628,102,107,-5,5
37629,151,149,2,2
37630,103,110,-7,7
37631,77,73,4,4
37632,139,131,8,8
37633,122,120,2,2
37634,86,78,8,8
37635,85,84,1,1
37636,76,70,6,6
37637,115,102,13,13
37638,137,123,14,14
37639,113,123,-10,10
37640,155,134,21,21
37641,66,76,-10,10
37642,75,74,1,1
37643,120,115,5,5
37644,116,100,16,16
37645,152,147,5,5
37646,56,62,-6,6
37647,205,180,25,25
37648,96,97,-1,1
37649,101,95,6,6
37650,100,99,1,1
37651,94,89,5,5
37652,130,121,9,9
37653,61,77,-16,16
37654,123,116,7,7
37655,111,118,-7,7
37656,136,141,-5,5
37657,166,147,19,19
37658,85,96,-11,11
37659,99,98,1,1
37660,58,63,-5,5
37661,98,93,5,5
37662,88,75,13,13
37663,164,137,27,27
37664,67,70,-3,3
37665,112,97,15,15
37666,105,98,7,7
37667,151,132,19,19
37668,80,71,9,9
37669,121,127,-6,6
37670,179,144,35,35
37671,151,141,10,10
37672,116,113,3,3
37673,93,90,3,3
37674,96,94,2,2
37675,112,120,-8,8
37676,45,50,-5,5
37677,100,97,3,3
37678,71,81,-10,10
37679,72,68,4,4
37680,124,114,10,10
37681,54,54,0,0
37682,135,126,9,9
37683,125,114,11,11
37684,125,103,22,22
37685,104,113,-9,9
37686,76,74,2,2
37687,106,127,-21,21
37688,76,75,1,1
37689,87,89,-2,2
37690,146,136,10,10
37691,91,83,8,8
37692,72,86,-14,14
37693,149,145,4,4
37694,82,84,-2,2
37695,157,143,14,14
37696,138,124,14,14
37697,122,119,3,3
37698,105,106,-1,1
37699,88,83,5,5
37700,157,166,-9,9
37701,108,99,9,9
37702,94,90,4,4
37703,102,107,-5,5
37704,51,66,-15,15
37705,84,87,-3,3
37706,67,79,-12,12
37707,128,116,12,12
37708,130,128,2,2
37709,165,150,15,15
37710,100,112,-12,12
37711,121,126,-5,5
37712,74,78,-4,4
37713,58,58,0,0
37714,88,99,-11,11
37715,105,111,-6,6
37716,116,110,6,6
37717,103,96,7,7
37718,101,100,1,1
37719,108,113,-5,5
37720,75,91,-16,16
37721,106,106,0,0
37722,69,73,-4,4
37723,87,88,-1,1
37724,68,78,-10,10
37725,51,57,-6,6
37726,61,65,-4,4
37727,110,106,4,4
37728,104,99,5,5
37729,70,69,1,1
37730,47,56,-9,9
37731,69,83,-14,14
37732,48,60,-12,12
37733,92,91,1,1
37734,116,114,2,2
37735,94,97,-3,3
37736,79,85,-6,6
37737,116,129,-13,13
37738,133,134,-1,1
37739,70,74,-4,4
37740,153,144,9,9
37741,41,88,-47,47
37742,73,74,-1,1
37743,109,108,1,1
37744,145,122,23,23
37745,106,111,-5,5
37746,89,82,7,7
37747,69,81,-12,12
37748,73,74,-1,1
37749,61,66,-5,5
37750,127,120,7,7
37751,104,105,-1,1
37752,103,100,3,3
37753,107,97,10,10
37754,116,118,-2,2
37755,66,66,0,0
37756,130,120,10,10
37757,102,94,8,8
37758,102,102,0,0
37759,72,78,-6,6
37760,98,94,4,4
37761,55,57,-2,2
37762,90,100,-10,10
37763,116,112,4,4
37764,64,72,-8,8
37765,113,104,9,9
37766,75,83,-8,8
37767,75,93,-18,18
37768,119,115,4,4
37769,81,73,8,8
37770,74,74,0,0
37771,156,145,11,11
37772,93,94,-1,1
37773,84,86,-2,2
37774,118,136,-18,18
37775,70,70,0,0
37776,197,188,9,9
37777,57,63,-6,6
37778,41,60,-19,19
37779,110,114,-4,4
37780,94,93,1,1
37781,121,108,13,13
37782,77,81,-4,4
37783,104,84,20,20
37784,98,94,4,4
37785,101,98,3,3
37786,65,74,-9,9
37787,140,128,12,12
37788,113,104,9,9
37789,103,86,17,17
37790,84,76,8,8
37791,75,71,4,4
37792,136,120,16,16
37793,123,119,4,4
37794,117,122,-5,5
37795,107,101,6,6
37796,64,65,-1,1
37797,61,68,-7,7
37798,216,175,41,41
37799,94,96,-2,2
37800,96,97,-1,1
37801,83,99,-16,16
37802,42,53,-11,11
37803,93,101,-8,8
37804,61,67,-6,6
37805,101,79,22,22
37806,118,112,6,6
37807,100,104,-4,4
37808,107,125,-18,18
37809,98,100,-2,2
37810,64,64,0,0
37811,215,203,12,12
37812,127,121,6,6
37813,91,85,6,6
37814,113,127,-14,14
37815,82,85,-3,3
37816,120,122,-2,2
37817,72,69,3,3
37818,77,93,-16,16
37819,79,86,-7,7
37820,67,74,-7,7
37821,89,92,-3,3
37822,54,60,-6,6
37823,97,103,-6,6
37824,82,79,3,3
37825,91,101,-10,10
37826,83,74,9,9
37827,54,66,-12,12
37828,116,115,1,1
37829,80,84,-4,4
37830,75,71,4,4
37831,187,183,4,4
37832,78,89,-11,11
37833,95,99,-4,4
37834,87,88,-1,1
37835,74,78,-4,4
37836,67,67,0,0
37837,66,61,5,5
37838,78,74,4,4
37839,107,101,6,6
37840,59,58,1,1
37841,92,96,-4,4
37842,41,59,-18,18
37843,130,123,7,7
37844,100,104,-4,4
37845,88,83,5,5
37846,67,64,3,3
37847,100,92,8,8
37848,99,103,-4,4
37849,69,70,-1,1
37850,115,117,-2,2
37851,116,107,9,9
37852,49,52,-3,3
37853,91,97,-6,6
37854,67,76,-9,9
37855,105,99,6,6
37856,137,135,2,2
37857,72,85,-13,13
37858,61,65,-4,4
37859,86,83,3,3
37860,91,97,-6,6
37861,85,86,-1,1
37862,83,77,6,6
37863,68,64,4,4
37864,103,95,8,8
37865,106,97,9,9
37866,139,115,24,24
37867,115,117,-2,2
37868,48,57,-9,9
37869,159,156,3,3
37870,61,63,-2,2
37871,113,119,-6,6
37872,101,101,0,0
37873,77,76,1,1
37874,134,131,3,3
37875,67,62,5,5
37876,106,101,5,5
37877,57,60,-3,3
37878,95,101,-6,6
37879,93,99,-6,6
37880,95,85,10,10
37881,179,168,11,11
37882,153,167,-14,14
37883,62,69,-7,7
37884,69,69,0,0
37885,165,159,6,6
37886,180,182,-2,2
37887,87,86,1,1
37888,110,112,-2,2
37889,116,118,-2,2
37890,159,158,1,1
37891,99,103,-4,4
37892,114,112,2,2
37893,102,91,11,11
37894,154,148,6,6
37895,91,90,1,1
37896,124,109,15,15
37897,91,88,3,3
37898,41,51,-10,10
37899,45,51,-6,6
37900,71,89,-18,18
37901,76,78,-2,2
37902,99,106,-7,7
37903,111,105,6,6
37904,97,91,6,6
37905,124,114,10,10
37906,96,101,-5,5
37907,79,75,4,4
37908,122,125,-3,3
37909,115,101,14,14
37910,89,85,4,4
37911,73,73,0,0
37912,111,112,-1,1
37913,89,97,-8,8
37914,138,132,6,6
37915,100,109,-9,9
37916,78,82,-4,4
37917,83,90,-7,7
37918,86,93,-7,7
37919,135,135,0,0
37920,114,112,2,2
37921,56,62,-6,6
37922,149,156,-7,7
37923,81,84,-3,3
37924,79,78,1,1
37925,103,101,2,2
37926,56,70,-14,14
37927,150,139,11,11
37928,78,78,0,0
37929,78,79,-1,1
37930,41,50,-9,9
37931,121,105,16,16
37932,123,116,7,7
37933,76,89,-13,13
37934,103,100,3,3
37935,35,60,-25,25
37936,124,117,7,7
37937,55,64,-9,9
37938,88,88,0,0
37939,90,90,0,0
37940,120,98,22,22
37941,71,74,-3,3
37942,79,85,-6,6
37943,62,69,-7,7
37944,86,87,-1,1
37945,64,67,-3,3
37946,131,140,-9,9
37947,146,135,11,11
37948,86,80,6,6
37949,98,97,1,1
37950,183,154,29,29
37951,91,92,-1,1
37952,77,74,3,3
37953,142,139,3,3
37954,79,77,2,2
37955,41,46,-5,5
37956,105,104,1,1
37957,197,185,12,12
37958,115,112,3,3
37959,71,73,-2,2
37960,140,143,-3,3
37961,130,125,5,5
37962,83,80,3,3
37963,108,122,-14,14
37964,67,67,0,0
37965,70,82,-12,12
37966,93,97,-4,4
37967,64,72,-8,8
37968,98,114,-16,16
37969,115,113,2,2
37970,62,62,0,0
37971,88,91,-3,3
37972,61,64,-3,3
37973,198,176,22,22
37974,101,108,-7,7
37975,66,65,1,1
37976,31,44,-13,13
37977,94,90,4,4
37978,93,103,-10,10
37979,117,152,-35,35
37980,99,100,-1,1
37981,36,44,-8,8
37982,76,77,-1,1
37983,67,73,-6,6
37984,78,88,-10,10
37985,50,59,-9,9
37986,55,54,1,1
37987,92,96,-4,4
37988,94,87,7,7
37989,137,132,5,5
37990,102,100,2,2
37991,113,112,1,1
37992,89,84,5,5
37993,124,127,-3,3
37994,82,83,-1,1
37995,60,69,-9,9
37996,125,111,14,14
37997,78,87,-9,9
37998,143,133,10,10
37999,142,140,2,2
38000,106,97,9,9
38001,124,112,12,12
38002,52,61,-9,9
38003,97,115,-18,18
38004,80,78,2,2
38005,107,113,-6,6
38006,141,132,9,9
38007,57,63,-6,6
38008,89,78,11,11
38009,104,112,-8,8
38010,154,142,12,12
38011,76,82,-6,6
38012,95,79,16,16
38013,179,158,21,21
38014,64,75,-11,11
38015,119,109,10,10
38016,108,120,-12,12
38017,114,112,2,2
38018,92,91,1,1
38019,109,104,5,5
38020,139,140,-1,1
38021,130,127,3,3
38022,112,104,8,8
38023,123,111,12,12
38024,125,118,7,7
38025,66,63,3,3
38026,77,90,-13,13
38027,87,89,-2,2
38028,97,105,-8,8
38029,56,58,-2,2
38030,146,132,14,14
38031,71,71,0,0
38032,176,161,15,15
38033,96,91,5,5
38034,105,98,7,7
38035,127,124,3,3
38036,82,84,-2,2
38037,137,140,-3,3
38038,120,117,3,3
38039,82,78,4,4
38040,73,70,3,3
38041,78,72,6,6
38042,83,85,-2,2
38043,83,83,0,0
38044,74,78,-4,4
38045,81,84,-3,3
38046,178,154,24,24
38047,96,107,-11,11
38048,48,57,-9,9
38049,74,84,-10,10
38050,143,129,14,14
38051,94,87,7,7
38052,142,138,4,4
38053,144,143,1,1
38054,114,113,1,1
38055,91,96,-5,5
38056,127,125,2,2
38057,65,74,-9,9
38058,152,141,11,11
38059,106,102,4,4
38060,140,130,10,10
38061,96,101,-5,5
38062,72,107,-35,35
38063,71,61,10,10
38064,116,111,5,5
38065,156,143,13,13
38066,57,57,0,0
38067,24,45,-21,21
38068,122,113,9,9
38069,118,106,12,12
38070,96,98,-2,2
38071,86,83,3,3
38072,163,153,10,10
38073,60,69,-9,9
38074,80,73,7,7
38075,78,78,0,0
38076,82,79,3,3
38077,113,104,9,9
38078,104,111,-7,7
38079,154,165,-11,11
38080,34,48,-14,14
38081,111,112,-1,1
38082,103,100,3,3
38083,88,88,0,0
38084,112,116,-4,4
38085,115,110,5,5
38086,60,57,3,3
38087,150,139,11,11
38088,116,112,4,4
38089,80,77,3,3
38090,112,102,10,10
38091,116,114,2,2
38092,83,88,-5,5
38093,161,143,18,18
38094,65,71,-6,6
38095,74,77,-3,3
38096,72,65,7,7
38097,185,157,28,28
38098,89,74,15,15
38099,90,90,0,0
38100,175,154,21,21
38101,96,90,6,6
38102,96,92,4,4
38103,111,113,-2,2
38104,46,52,-6,6
38105,105,117,-12,12
38106,69,72,-3,3
38107,117,111,6,6
38108,91,92,-1,1
38109,70,76,-6,6
38110,150,133,17,17
38111,122,122,0,0
38112,98,101,-3,3
38113,100,93,7,7
38114,160,135,25,25
38115,139,131,8,8
38116,170,157,13,13
38117,79,87,-8,8
38118,132,124,8,8
38119,121,120,1,1
38120,118,119,-1,1
38121,102,90,12,12
38122,98,94,4,4
38123,115,123,-8,8
38124,159,148,11,11
38125,92,93,-1,1
38126,41,59,-18,18
38127,84,86,-2,2
38128,132,134,-2,2
38129,109,96,13,13
38130,78,88,-10,10
38131,114,104,10,10
38132,121,113,8,8
38133,93,89,4,4
38134,115,113,2,2
38135,44,51,-7,7
38136,74,75,-1,1
38137,49,54,-5,5
38138,165,154,11,11
38139,83,79,4,4
38140,158,145,13,13
38141,101,93,8,8
38142,118,113,5,5
38143,94,91,3,3
38144,117,131,-14,14
38145,109,106,3,3
38146,73,90,-17,17
38147,76,82,-6,6
38148,138,131,7,7
38149,113,105,8,8
38150,96,98,-2,2
38151,73,79,-6,6
38152,112,104,8,8
38153,63,70,-7,7
38154,104,97,7,7
38155,82,90,-8,8
38156,54,62,-8,8
38157,84,85,-1,1
38158,133,134,-1,1
38159,101,101,0,0
38160,108,112,-4,4
38161,83,80,3,3
38162,78,85,-7,7
38163,82,78,4,4
38164,76,78,-2,2
38165,90,86,4,4
38166,105,104,1,1
38167,61,61,0,0
38168,102,113,-11,11
38169,104,120,-16,16
38170,72,73,-1,1
38171,74,68,6,6
38172,92,98,-6,6
38173,85,83,2,2
38174,99,98,1,1
38175,111,121,-10,10
38176,67,75,-8,8
38177,76,74,2,2
38178,113,100,13,13
38179,107,99,8,8
38180,117,112,5,5
38181,116,118,-2,2
38182,97,97,0,0
38183,125,121,4,4
38184,112,115,-3,3
38185,71,82,-11,11
38186,115,112,3,3
38187,59,83,-24,24
38188,97,95,2,2
38189,124,112,12,12
38190,45,51,-6,6
38191,87,89,-2,2
38192,103,120,-17,17
38193,64,66,-2,2
38194,100,96,4,4
38195,97,82,15,15
38196,121,113,8,8
38197,111,119,-8,8
38198,74,71,3,3
38199,118,145,-27,27
38200,91,87,4,4
38201,89,91,-2,2
38202,105,83,22,22
38203,79,84,-5,5
38204,68,72,-4,4
38205,125,125,0,0
38206,87,84,3,3
38207,123,111,12,12
38208,93,96,-3,3
38209,100,95,5,5
38210,64,61,3,3
38211,108,100,8,8
38212,68,60,8,8
38213,86,90,-4,4
38214,107,96,11,11
38215,73,77,-4,4
38216,128,132,-4,4
38217,119,112,7,7
38218,54,53,1,1
38219,72,73,-1,1
38220,73,78,-5,5
38221,159,149,10,10
38222,83,86,-3,3
38223,97,97,0,0
38224,131,126,5,5
38225,69,73,-4,4
38226,86,76,10,10
38227,119,119,0,0
38228,100,93,7,7
38229,102,105,-3,3
38230,67,66,1,1
38231,53,63,-10,10
38232,85,95,-10,10
38233,168,152,16,16
38234,61,57,4,4
38235,77,76,1,1
38236,85,92,-7,7
38237,69,68,1,1
38238,124,116,8,8
38239,89,81,8,8
38240,148,144,4,4
38241,143,129,14,14
38242,57,78,-21,21
38243,144,134,10,10
38244,66,70,-4,4
38245,83,98,-15,15
38246,120,119,1,1
38247,131,127,4,4
38248,51,59,-8,8
38249,77,65,12,12
38250,62,68,-6,6
38251,125,125,0,0
38252,87,87,0,0
38253,89,88,1,1
38254,162,151,11,11
38255,109,112,-3,3
38256,126,129,-3,3
38257,87,96,-9,9
38258,87,98,-11,11
38259,116,113,3,3
38260,51,59,-8,8
38261,65,62,3,3
38262,95,90,5,5
38263,86,79,7,7
38264,98,101,-3,3
38265,74,71,3,3
38266,87,107,-20,20
38267,113,109,4,4
38268,70,89,-19,19
38269,119,111,8,8
38270,180,164,16,16
38271,94,84,10,10
38272,67,73,-6,6
38273,85,87,-2,2
38274,147,149,-2,2
38275,79,68,11,11
38276,76,77,-1,1
38277,60,58,2,2
38278,55,62,-7,7
38279,95,97,-2,2
38280,127,111,16,16
38281,100,100,0,0
38282,85,85,0,0
38283,127,120,7,7
38284,101,91,10,10
38285,70,71,-1,1
38286,102,98,4,4
38287,73,73,0,0
38288,107,107,0,0
38289,129,129,0,0
38290,114,109,5,5
38291,45,59,-14,14
38292,52,53,-1,1
38293,69,71,-2,2
38294,71,73,-2,2
38295,65,69,-4,4
38296,211,174,37,37
38297,113,127,-14,14
38298,97,96,1,1
38299,60,68,-8,8
38300,184,151,33,33
38301,106,99,7,7
38302,121,114,7,7
38303,112,114,-2,2
38304,137,133,4,4
38305,104,102,2,2
38306,124,125,-1,1
38307,72,67,5,5
38308,116,107,9,9
38309,76,73,3,3
38310,99,104,-5,5
38311,75,76,-1,1
38312,81,83,-2,2
38313,69,73,-4,4
38314,72,78,-6,6
38315,87,75,12,12
38316,93,92,1,1
38317,136,127,9,9
38318,101,95,6,6
38319,89,87,2,2
38320,112,109,3,3
38321,65,67,-2,2
38322,118,107,11,11
38323,92,85,7,7
38324,80,85,-5,5
38325,98,94,4,4
38326,70,70,0,0
38327,127,119,8,8
38328,149,130,19,19
38329,70,69,1,1
38330,139,139,0,0
38331,82,79,3,3
38332,91,93,-2,2
38333,39,58,-19,19
38334,82,98,-16,16
38335,105,103,2,2
38336,147,144,3,3
38337,104,112,-8,8
38338,117,102,15,15
38339,91,103,-12,12
38340,90,94,-4,4
38341,104,96,8,8
38342,47,55,-8,8
38343,56,62,-6,6
38344,110,111,-1,1
38345,43,59,-16,16
38346,120,110,10,10
38347,70,72,-2,2
38348,75,78,-3,3
38349,77,78,-1,1
38350,72,71,1,1
38351,105,99,6,6
38352,218,192,26,26
38353,56,64,-8,8
38354,100,103,-3,3
38355,123,135,-12,12
38356,130,121,9,9
38357,63,61,2,2
38358,89,92,-3,3
38359,60,70,-10,10
38360,65,75,-10,10
38361,118,114,4,4
38362,86,90,-4,4
38363,166,163,3,3
38364,106,106,0,0
38365,58,64,-6,6
38366,141,124,17,17
38367,96,93,3,3
38368,106,98,8,8
38369,110,114,-4,4
38370,64,63,1,1
38371,83,81,2,2
38372,92,107,-15,15
38373,70,69,1,1
38374,122,123,-1,1
38375,86,86,0,0
38376,105,95,10,10
38377,99,100,-1,1
38378,57,56,1,1
38379,79,78,1,1
38380,59,58,1,1
38381,70,74,-4,4
38382,104,99,5,5
38383,86,89,-3,3
38384,112,118,-6,6
38385,102,103,-1,1
38386,63,66,-3,3
38387,118,112,6,6
38388,63,61,2,2
38389,104,122,-18,18
38390,86,93,-7,7
38391,167,154,13,13
38392,164,152,12,12
38393,85,86,-1,1
38394,111,113,-2,2
38395,121,112,9,9
38396,94,92,2,2
38397,77,87,-10,10
38398,35,42,-7,7
38399,95,91,4,4
38400,133,132,1,1
38401,85,85,0,0
38402,67,64,3,3
38403,114,113,1,1
38404,157,140,17,17
38405,157,144,13,13
38406,94,102,-8,8
38407,54,63,-9,9
38408,64,62,2,2
38409,109,104,5,5
38410,71,73,-2,2
38411,73,77,-4,4
38412,76,85,-9,9
38413,130,115,15,15
38414,79,77,2,2
38415,142,147,-5,5
38416,89,87,2,2
38417,105,108,-3,3
38418,78,89,-11,11
38419,64,66,-2,2
38420,63,71,-8,8
38421,89,90,-1,1
38422,171,164,7,7
38423,111,98,13,13
38424,86,77,9,9
38425,102,98,4,4
38426,61,63,-2,2
38427,85,88,-3,3
38428,134,119,15,15
38429,81,84,-3,3
38430,142,137,5,5
38431,80,75,5,5
38432,83,83,0,0
38433,121,112,9,9
38434,67,59,8,8
38435,100,113,-13,13
38436,129,127,2,2
38437,102,112,-10,10
38438,126,121,5,5
38439,98,98,0,0
38440,63,61,2,2
38441,72,77,-5,5
38442,88,95,-7,7
38443,64,69,-5,5
38444,107,115,-8,8
38445,89,83,6,6
38446,93,94,-1,1
38447,146,137,9,9
38448,101,106,-5,5
38449,87,86,1,1
38450,97,98,-1,1
38451,78,64,14,14
38452,130,114,16,16
38453,85,75,10,10
38454,77,74,3,3
38455,44,52,-8,8
38456,96,94,2,2
38457,89,82,7,7
38458,117,116,1,1
38459,41,46,-5,5
38460,113,112,1,1
38461,103,88,15,15
38462,161,145,16,16
38463,196,183,13,13
38464,64,60,4,4
38465,82,75,7,7
38466,66,93,-27,27
38467,80,74,6,6
38468,54,61,-7,7
38469,104,107,-3,3
38470,55,55,0,0
38471,57,58,-1,1
38472,49,59,-10,10
38473,70,72,-2,2
38474,74,82,-8,8
38475,33,48,-15,15
38476,83,89,-6,6
38477,89,88,1,1
38478,102,96,6,6
38479,156,161,-5,5
38480,36,50,-14,14
38481,62,61,1,1
38482,102,95,7,7
38483,87,97,-10,10
38484,50,52,-2,2
38485,89,97,-8,8
38486,100,95,5,5
38487,98,87,11,11
38488,56,60,-4,4
38489,75,72,3,3
38490,98,84,14,14
38491,117,106,11,11
38492,235,206,29,29
38493,54,59,-5,5
38494,68,65,3,3
38495,116,121,-5,5
38496,32,42,-10,10
38497,55,56,-1,1
38498,82,79,3,3
38499,119,114,5,5
38500,183,180,3,3
38501,112,81,31,31
38502,57,67,-10,10
38503,120,117,3,3
38504,77,84,-7,7
38505,68,76,-8,8
38506,126,118,8,8
38507,68,65,3,3
38508,103,94,9,9
38509,110,113,-3,3
38510,122,106,16,16
38511,100,112,-12,12
38512,74,72,2,2
38513,185,156,29,29
38514,118,127,-9,9
38515,41,51,-10,10
38516,91,94,-3,3
38517,83,76,7,7
38518,79,84,-5,5
38519,82,73,9,9
38520,84,91,-7,7
38521,70,64,6,6
38522,97,102,-5,5
38523,99,99,0,0
38524,108,104,4,4
38525,85,83,2,2
38526,132,125,7,7
38527,99,96,3,3
38528,62,59,3,3
38529,80,69,11,11
38530,96,82,14,14
38531,98,90,8,8
38532,109,110,-1,1
38533,124,125,-1,1
38534,101,112,-11,11
38535,118,122,-4,4
38536,57,58,-1,1
38537,79,84,-5,5
38538,86,91,-5,5
38539,77,77,0,0
38540,132,117,15,15
38541,74,65,9,9
38542,108,102,6,6
38543,137,123,14,14
38544,102,103,-1,1
38545,150,138,12,12
38546,51,56,-5,5
38547,77,73,4,4
38548,59,56,3,3
38549,42,45,-3,3
38550,141,138,3,3
38551,132,120,12,12
38552,67,65,2,2
38553,108,103,5,5
38554,144,147,-3,3
38555,69,70,-1,1
38556,85,85,0,0
38557,64,65,-1,1
38558,65,67,-2,2
38559,221,208,13,13
38560,70,70,0,0
38561,56,57,-1,1
38562,62,68,-6,6
38563,88,102,-14,14
38564,108,112,-4,4
38565,178,159,19,19
38566,74,72,2,2
38567,85,94,-9,9
38568,61,71,-10,10
38569,111,76,35,35
38570,103,112,-9,9
38571,110,109,1,1
38572,74,71,3,3
38573,172,166,6,6
38574,87,98,-11,11
38575,141,143,-2,2
38576,86,80,6,6
38577,89,101,-12,12
38578,106,89,17,17
38579,103,99,4,4
38580,115,100,15,15
38581,61,59,2,2
38582,102,102,0,0
38583,64,69,-5,5
38584,121,113,8,8
38585,61,70,-9,9
38586,75,71,4,4
38587,43,45,-2,2
38588,84,84,0,0
38589,118,111,7,7
38590,50,48,2,2
38591,81,71,10,10
38592,160,150,10,10
38593,121,111,10,10
38594,77,86,-9,9
38595,124,121,3,3
38596,140,126,14,14
38597,56,63,-7,7
38598,92,84,8,8
38599,99,97,2,2
38600,169,158,11,11
38601,102,112,-10,10
38602,149,140,9,9
38603,161,166,-5,5
38604,73,78,-5,5
38605,81,85,-4,4
38606,76,77,-1,1
38607,131,119,12,12
38608,155,156,-1,1
38609,87,89,-2,2
38610,62,62,0,0
38611,87,77,10,10
38612,78,88,-10,10
38613,74,73,1,1
38614,49,74,-25,25
38615,92,90,2,2
38616,133,124,9,9
38617,149,140,9,9
38618,120,121,-1,1
38619,89,84,5,5
38620,102,99,3,3
38621,62,58,4,4
38622,57,49,8,8
38623,43,65,-22,22
38624,72,73,-1,1
38625,58,65,-7,7
38626,66,65,1,1
38627,73,77,-4,4
38628,112,97,15,15
38629,158,140,18,18
38630,70,77,-7,7
38631,136,129,7,7
38632,85,78,7,7
38633,37,51,-14,14
38634,87,91,-4,4
38635,130,133,-3,3
38636,88,90,-2,2
38637,57,64,-7,7
38638,117,113,4,4
38639,105,99,6,6
38640,75,77,-2,2
38641,153,150,3,3
38642,90,98,-8,8
38643,130,115,15,15
38644,86,90,-4,4
38645,124,130,-6,6
38646,83,83,0,0
38647,145,121,24,24
38648,77,83,-6,6
38649,64,67,-3,3
38650,129,126,3,3
38651,109,113,-4,4
38652,94,83,11,11
38653,84,80,4,4
38654,64,66,-2,2
38655,90,90,0,0
38656,171,161,10,10
38657,93,98,-5,5
38658,121,122,-1,1
38659,72,77,-5,5
38660,72,82,-10,10
38661,85,87,-2,2
38662,86,78,8,8
38663,93,98,-5,5
38664,94,80,14,14
38665,118,121,-3,3
38666,72,64,8,8
38667,64,68,-4,4
38668,127,111,16,16
38669,64,65,-1,1
38670,75,76,-1,1
38671,57,64,-7,7
38672,61,66,-5,5
38673,74,89,-15,15
38674,53,68,-15,15
38675,80,82,-2,2
38676,83,83,0,0
38677,124,114,10,10
38678,81,90,-9,9
38679,84,97,-13,13
38680,128,115,13,13
38681,93,94,-1,1
38682,79,84,-5,5
38683,81,99,-18,18
38684,81,79,2,2
38685,104,107,-3,3
38686,82,80,2,2
38687,84,71,13,13
38688,71,73,-2,2
38689,62,64,-2,2
38690,66,71,-5,5
38691,63,68,-5,5
38692,77,77,0,0
38693,56,62,-6,6
38694,155,144,11,11
38695,143,132,11,11
38696,75,74,1,1
38697,92,100,-8,8
38698,108,101,7,7
38699,105,103,2,2
38700,63,63,0,0
38701,117,119,-2,2
38702,123,110,13,13
38703,69,72,-3,3
38704,119,128,-9,9
38705,92,103,-11,11
38706,94,88,6,6
38707,80,84,-4,4
38708,101,96,5,5
38709,150,143,7,7
38710,92,86,6,6
38711,97,95,2,2
38712,100,97,3,3
38713,74,88,-14,14
38714,157,150,7,7
38715,65,71,-6,6
38716,97,95,2,2
38717,79,78,1,1
38718,86,85,1,1
38719,91,87,4,4
38720,51,56,-5,5
38721,110,112,-2,2
38722,106,106,0,0
38723,50,58,-8,8
38724,76,72,4,4
38725,126,120,6,6
38726,73,71,2,2
38727,80,86,-6,6
38728,90,85,5,5
38729,94,81,13,13
38730,99,97,2,2
38731,140,124,16,16
38732,92,89,3,3
38733,96,98,-2,2
38734,107,107,0,0
38735,120,108,12,12
38736,141,131,10,10
38737,58,64,-6,6
38738,99,99,0,0
38739,75,74,1,1
38740,118,104,14,14
38741,93,93,0,0
38742,104,94,10,10
38743,81,84,-3,3
38744,107,102,5,5
38745,91,106,-15,15
38746,87,89,-2,2
38747,53,59,-6,6
38748,147,138,9,9
38749,108,98,10,10
38750,76,72,4,4
38751,59,59,0,0
38752,85,95,-10,10
38753,82,87,-5,5
38754,57,64,-7,7
38755,37,49,-12,12
38756,129,127,2,2
38757,57,56,1,1
38758,67,70,-3,3
38759,76,72,4,4
38760,85,81,4,4
38761,130,119,11,11
38762,106,103,3,3
38763,104,112,-8,8
38764,88,90,-2,2
38765,65,64,1,1
38766,75,76,-1,1
38767,145,132,13,13
38768,149,139,10,10
38769,44,50,-6,6
38770,69,67,2,2
38771,93,96,-3,3
38772,78,75,3,3
38773,63,69,-6,6
38774,78,84,-6,6
38775,85,83,2,2
38776,55,56,-1,1
38777,73,91,-18,18
38778,107,105,2,2
38779,131,121,10,10
38780,87,87,0,0
38781,40,57,-17,17
38782,139,117,22,22
38783,85,91,-6,6
38784,163,165,-2,2
38785,64,72,-8,8
38786,193,179,14,14
38787,86,97,-11,11
38788,98,98,0,0
38789,51,61,-10,10
38790,128,125,3,3
38791,141,125,16,16
38792,84,81,3,3
38793,142,137,5,5
38794,59,67,-8,8
38795,108,99,9,9
38796,39,50,-11,11
38797,156,148,8,8
38798,107,113,-6,6
38799,99,105,-6,6
38800,166,154,12,12
38801,85,85,0,0
38802,84,86,-2,2
38803,98,96,2,2
38804,76,71,5,5
38805,138,126,12,12
38806,93,90,3,3
38807,182,154,28,28
38808,149,129,20,20
38809,132,116,16,16
38810,127,116,11,11
38811,70,72,-2,2
38812,57,59,-2,2
38813,176,176,0,0
38814,68,69,-1,1
38815,46,51,-5,5
38816,66,69,-3,3
38817,113,118,-5,5
38818,135,134,1,1
38819,48,53,-5,5
38820,135,131,4,4
38821,70,73,-3,3
38822,91,93,-2,2
38823,125,113,12,12
38824,109,98,11,11
38825,53,59,-6,6
38826,91,90,1,1
38827,70,69,1,1
38828,65,71,-6,6
38829,125,113,12,12
38830,72,75,-3,3
38831,103,102,1,1
38832,103,79,24,24
38833,101,79,22,22
38834,117,122,-5,5
38835,63,63,0,0
38836,164,157,7,7
38837,57,67,-10,10
38838,120,120,0,0
38839,133,126,7,7
38840,83,88,-5,5
38841,64,67,-3,3
38842,102,97,5,5
38843,70,69,1,1
38844,124,131,-7,7
38845,106,97,9,9
38846,156,146,10,10
38847,67,71,-4,4
38848,147,145,2,2
38849,113,114,-1,1
38850,121,118,3,3
38851,97,96,1,1
38852,59,71,-12,12
38853,50,66,-16,16
38854,118,103,15,15
38855,56,59,-3,3
38856,87,80,7,7
38857,89,98,-9,9
38858,65,72,-7,7
38859,62,67,-5,5
38860,138,136,2,2
38861,149,143,6,6
38862,69,66,3,3
38863,76,84,-8,8
38864,65,75,-10,10
38865,70,68,2,2
38866,133,135,-2,2
38867,77,77,0,0
38868,93,98,-5,5
38869,105,128,-23,23
38870,67,70,-3,3
38871,84,84,0,0
38872,83,92,-9,9
38873,46,48,-2,2
38874,102,97,5,5
38875,80,74,6,6
38876,106,106,0,0
38877,91,98,-7,7
38878,70,65,5,5
38879,213,190,23,23
38880,84,87,-3,3
38881,124,105,19,19
38882,113,110,3,3
38883,89,96,-7,7
38884,112,109,3,3
38885,78,75,3,3
38886,60,62,-2,2
38887,119,107,12,12
38888,58,61,-3,3
38889,109,98,11,11
38890,113,131,-18,18
38891,101,91,10,10
38892,61,59,2,2
38893,76,80,-4,4
38894,84,81,3,3
38895,86,95,-9,9
38896,108,100,8,8
38897,102,94,8,8
38898,151,148,3,3
38899,66,70,-4,4
38900,71,68,3,3
38901,66,72,-6,6
38902,131,129,2,2
38903,49,55,-6,6
38904,99,101,-2,2
38905,69,78,-9,9
38906,72,67,5,5
38907,179,153,26,26
38908,152,144,8,8
38909,70,72,-2,2
38910,63,70,-7,7
38911,104,108,-4,4
38912,22,49,-27,27
38913,105,101,4,4
38914,174,165,9,9
38915,123,120,3,3
38916,34,42,-8,8
38917,76,84,-8,8
38918,114,107,7,7
38919,84,101,-17,17
38920,114,100,14,14
38921,236,199,37,37
38922,86,92,-6,6
38923,91,80,11,11
38924,109,109,0,0
38925,99,90,9,9
38926,79,70,9,9
38927,51,59,-8,8
38928,201,181,20,20
38929,60,64,-4,4
38930,89,93,-4,4
38931,84,84,0,0
38932,40,48,-8,8
38933,68,68,0,0
38934,58,61,-3,3
38935,73,71,2,2
38936,121,122,-1,1
38937,55,55,0,0
38938,91,94,-3,3
38939,57,66,-9,9
38940,68,64,4,4
38941,93,78,15,15
38942,59,64,-5,5
38943,76,72,4,4
38944,99,102,-3,3
38945,85,105,-20,20
38946,113,101,12,12
38947,107,95,12,12
38948,184,167,17,17
38949,80,79,1,1
38950,99,97,2,2
38951,180,157,23,23
38952,94,103,-9,9
38953,37,44,-7,7
38954,59,70,-11,11
38955,65,63,2,2
38956,93,94,-1,1
38957,88,94,-6,6
38958,92,94,-2,2
38959,128,113,15,15
38960,111,113,-2,2
38961,128,164,-36,36
38962,48,54,-6,6
38963,116,120,-4,4
38964,54,54,0,0
38965,57,68,-11,11
38966,61,69,-8,8
38967,79,79,0,0
38968,61,60,1,1
38969,122,116,6,6
38970,89,88,1,1
38971,121,112,9,9
38972,119,114,5,5
38973,108,113,-5,5
38974,100,102,-2,2
38975,58,60,-2,2
38976,106,97,9,9
38977,88,94,-6,6
38978,103,95,8,8
38979,31,42,-11,11
38980,34,59,-25,25
38981,87,88,-1,1
38982,111,111,0,0
38983,101,101,0,0
38984,41,47,-6,6
38985,60,66,-6,6
38986,115,114,1,1
38987,136,135,1,1
38988,74,71,3,3
38989,84,78,6,6
38990,110,105,5,5
38991,73,77,-4,4
38992,126,120,6,6
38993,77,74,3,3
38994,129,123,6,6
38995,123,127,-4,4
38996,99,92,7,7
38997,88,66,22,22
38998,61,73,-12,12
38999,74,77,-3,3
39000,107,102,5,5
39001,122,113,9,9
39002,60,66,-6,6
39003,188,175,13,13
39004,84,77,7,7
39005,146,139,7,7
39006,154,149,5,5
39007,114,114,0,0
39008,117,110,7,7
39009,163,159,4,4
39010,74,76,-2,2
39011,113,106,7,7
39012,68,71,-3,3
39013,137,129,8,8
39014,86,90,-4,4
39015,136,134,2,2
39016,77,72,5,5
39017,156,144,12,12
39018,146,135,11,11
39019,62,61,1,1
39020,66,75,-9,9
39021,121,119,2,2
39022,161,143,18,18
39023,102,112,-10,10
39024,67,62,5,5
39025,129,127,2,2
39026,120,128,-8,8
39027,174,168,6,6
39028,179,170,9,9
39029,92,87,5,5
39030,112,112,0,0
39031,110,101,9,9
39032,97,97,0,0
39033,68,66,2,2
39034,117,119,-2,2
39035,155,139,16,16
39036,60,63,-3,3
39037,167,144,23,23
39038,115,111,4,4
39039,134,131,3,3
39040,48,59,-11,11
39041,89,83,6,6
39042,42,60,-18,18
39043,31,48,-17,17
39044,105,99,6,6
39045,138,125,13,13
39046,97,88,9,9
39047,83,81,2,2
39048,54,59,-5,5
39049,65,66,-1,1
39050,94,99,-5,5
39051,86,86,0,0
39052,88,96,-8,8
39053,63,62,1,1
39054,144,136,8,8
39055,62,65,-3,3
39056,63,77,-14,14
39057,98,96,2,2
39058,60,60,0,0
39059,49,56,-7,7
39060,96,92,4,4
39061,71,77,-6,6
39062,120,111,9,9
39063,150,128,22,22
39064,80,77,3,3
39065,58,64,-6,6
39066,64,72,-8,8
39067,140,134,6,6
39068,124,123,1,1
39069,97,92,5,5
39070,161,137,24,24
39071,50,64,-14,14
39072,101,108,-7,7
39073,44,57,-13,13
39074,99,99,0,0
39075,171,150,21,21
39076,43,53,-10,10
39077,93,102,-9,9
39078,139,132,7,7
39079,120,112,8,8
39080,98,104,-6,6
39081,101,102,-1,1
39082,80,75,5,5
39083,63,61,2,2
39084,149,143,6,6
39085,132,120,12,12
39086,71,73,-2,2
39087,92,100,-8,8
39088,61,74,-13,13
39089,110,109,1,1
39090,67,69,-2,2
39091,38,57,-19,19
39092,89,105,-16,16
39093,86,88,-2,2
39094,157,162,-5,5
39095,63,72,-9,9
39096,56,63,-7,7
39097,96,104,-8,8
39098,58,66,-8,8
39099,164,150,14,14
39100,107,103,4,4
39101,131,118,13,13
39102,119,112,7,7
39103,103,101,2,2
39104,58,62,-4,4
39105,158,132,26,26
39106,148,129,19,19
39107,107,111,-4,4
39108,108,95,13,13
39109,85,75,10,10
39110,76,83,-7,7
39111,72,67,5,5
39112,133,121,12,12
39113,71,73,-2,2
39114,90,85,5,5
39115,105,103,2,2
39116,107,107,0,0
39117,84,81,3,3
39118,67,73,-6,6
39119,154,141,13,13
39120,63,76,-13,13
39121,182,160,22,22
39122,130,121,9,9
39123,126,126,0,0
39124,135,129,6,6
39125,86,87,-1,1
39126,90,97,-7,7
39127,69,67,2,2
39128,99,104,-5,5
39129,81,92,-11,11
39130,92,93,-1,1
39131,83,81,2,2
39132,76,72,4,4
39133,79,71,8,8
39134,59,66,-7,7
39135,100,98,2,2
39136,60,66,-6,6
39137,76,80,-4,4
39138,110,98,12,12
39139,112,106,6,6
39140,93,97,-4,4
39141,101,101,0,0
39142,107,108,-1,1
39143,180,166,14,14
39144,109,106,3,3
39145,85,76,9,9
39146,123,113,10,10
39147,90,94,-4,4
39148,118,113,5,5
39149,108,99,9,9
39150,95,91,4,4
39151,119,112,7,7
39152,115,97,18,18
39153,145,130,15,15
39154,46,61,-15,15
39155,59,66,-7,7
39156,127,133,-6,6
39157,114,112,2,2
39158,101,99,2,2
39159,134,129,5,5
39160,99,97,2,2
39161,143,135,8,8
39162,136,126,10,10
39163,152,142,10,10
39164,103,101,2,2
39165,79,74,5,5
39166,83,78,5,5
39167,125,112,13,13
39168,74,94,-20,20
39169,44,53,-9,9
39170,100,104,-4,4
39171,111,110,1,1
39172,65,65,0,0
39173,102,98,4,4
39174,109,103,6,6
39175,80,72,8,8
39176,117,113,4,4
39177,121,112,9,9
39178,154,142,12,12
39179,55,61,-6,6
39180,90,93,-3,3
39181,137,111,26,26
39182,53,55,-2,2
39183,137,130,7,7
39184,64,65,-1,1
39185,133,122,11,11
39186,38,41,-3,3
39187,105,90,15,15
39188,45,50,-5,5
39189,133,118,15,15
39190,121,119,2,2
39191,138,125,13,13
39192,84,75,9,9
39193,79,78,1,1
39194,48,57,-9,9
39195,51,63,-12,12
39196,90,92,-2,2
39197,79,74,5,5
39198,73,72,1,1
39199,82,74,8,8
39200,90,95,-5,5
39201,98,76,22,22
39202,56,63,-7,7
39203,100,96,4,4
39204,55,67,-12,12
39205,116,122,-6,6
39206,61,62,-1,1
39207,77,74,3,3
39208,131,126,5,5
39209,115,116,-1,1
39210,94,85,9,9
39211,80,76,4,4
39212,57,62,-5,5
39213,112,106,6,6
39214,98,96,2,2
39215,136,138,-2,2
39216,125,112,13,13
39217,90,98,-8,8
39218,81,85,-4,4
39219,123,121,2,2
39220,114,119,-5,5
39221,35,59,-24,24
39222,55,59,-4,4
39223,110,103,7,7
39224,52,57,-5,5
39225,191,169,22,22
39226,48,64,-16,16
39227,70,64,6,6
39228,116,114,2,2
39229,114,114,0,0
39230,71,72,-1,1
39231,130,114,16,16
39232,92,92,0,0
39233,111,113,-2,2
39234,150,146,4,4
39235,112,129,-17,17
39236,85,85,0,0
39237,75,75,0,0
39238,64,68,-4,4
39239,65,66,-1,1
39240,164,155,9,9
39241,63,54,9,9
39242,105,103,2,2
39243,96,94,2,2
39244,102,90,12,12
39245,84,77,7,7
39246,72,80,-8,8
39247,118,119,-1,1
39248,110,105,5,5
39249,81,82,-1,1
39250,109,112,-3,3
39251,76,70,6,6
39252,64,64,0,0
39253,133,118,15,15
39254,143,124,19,19
39255,72,72,0,0
39256,74,81,-7,7
39257,41,49,-8,8
39258,65,67,-2,2
39259,73,67,6,6
39260,63,72,-9,9
39261,175,155,20,20
39262,85,100,-15,15
39263,82,81,1,1
39264,48,55,-7,7
39265,97,93,4,4
39266,86,90,-4,4
39267,66,69,-3,3
39268,80,77,3,3
39269,84,89,-5,5
39270,90,88,2,2
39271,76,86,-10,10
39272,90,93,-3,3
39273,128,130,-2,2
39274,76,86,-10,10
39275,84,86,-2,2
39276,116,115,1,1
39277,72,82,-10,10
39278,88,83,5,5
39279,58,58,0,0
39280,80,77,3,3
39281,122,112,10,10
39282,84,91,-7,7
39283,62,66,-4,4
39284,78,75,3,3
39285,113,112,1,1
39286,152,140,12,12
39287,68,70,-2,2
39288,72,72,0,0
39289,104,104,0,0
39290,100,99,1,1
39291,92,85,7,7
39292,95,84,11,11
39293,66,65,1,1
39294,78,85,-7,7
39295,117,103,14,14
39296,109,91,18,18
39297,157,137,20,20
39298,100,85,15,15
39299,101,97,4,4
39300,68,65,3,3
39301,137,119,18,18
39302,144,146,-2,2
39303,152,147,5,5
39304,121,110,11,11
39305,83,84,-1,1
39306,86,101,-15,15
39307,72,65,7,7
39308,82,97,-15,15
39309,115,107,8,8
39310,44,49,-5,5
39311,130,135,-5,5
39312,84,84,0,0
39313,104,101,3,3
39314,70,64,6,6
39315,152,127,25,25
39316,66,70,-4,4
39317,137,113,24,24
39318,86,85,1,1
39319,130,114,16,16
39320,105,101,4,4
39321,79,84,-5,5
39322,79,75,4,4
39323,68,67,1,1
39324,86,81,5,5
39325,90,97,-7,7
39326,174,151,23,23
39327,41,49,-8,8
39328,109,99,10,10
39329,98,93,5,5
39330,79,86,-7,7
39331,107,112,-5,5
39332,138,135,3,3
39333,49,47,2,2
39334,68,74,-6,6
39335,465,321,144,144
39336,102,91,11,11
39337,108,108,0,0
39338,98,102,-4,4
39339,70,65,5,5
39340,90,89,1,1
39341,103,101,2,2
39342,84,74,10,10
39343,128,133,-5,5
39344,205,185,20,20
39345,149,136,13,13
39346,51,57,-6,6
39347,64,66,-2,2
39348,155,139,16,16
39349,61,65,-4,4
39350,91,89,2,2
39351,69,74,-5,5
39352,51,65,-14,14
39353,59,59,0,0
39354,110,99,11,11
39355,145,127,18,18
39356,86,97,-11,11
39357,192,187,5,5
39358,80,71,9,9
39359,62,64,-2,2
39360,116,113,3,3
39361,94,101,-7,7
39362,60,62,-2,2
39363,128,139,-11,11
39364,129,124,5,5
39365,111,112,-1,1
39366,137,132,5,5
39367,164,145,19,19
39368,119,113,6,6
39369,90,92,-2,2
39370,114,120,-6,6
39371,26,34,-8,8
39372,107,107,0,0
39373,68,70,-2,2
39374,118,119,-1,1
39375,124,115,9,9
39376,170,156,14,14
39377,61,67,-6,6
39378,136,132,4,4
39379,196,145,51,51
39380,87,77,10,10
39381,95,105,-10,10
39382,108,116,-8,8
39383,151,142,9,9
39384,67,73,-6,6
39385,149,141,8,8
39386,113,106,7,7
39387,50,60,-10,10
39388,79,85,-6,6
39389,103,99,4,4
39390,80,74,6,6
39391,172,169,3,3
39392,105,112,-7,7
39393,82,84,-2,2
39394,47,55,-8,8
39395,54,53,1,1
39396,80,74,6,6
39397,64,61,3,3
39398,150,135,15,15
39399,134,125,9,9
39400,61,72,-11,11
39401,108,101,7,7
39402,116,116,0,0
39403,101,114,-13,13
39404,81,81,0,0
39405,90,97,-7,7
39406,71,78,-7,7
39407,119,116,3,3
39408,133,131,2,2
39409,125,132,-7,7
39410,70,67,3,3
39411,182,163,19,19
39412,114,117,-3,3
39413,136,141,-5,5
39414,76,77,-1,1
39415,114,103,11,11
39416,46,53,-7,7
39417,97,112,-15,15
39418,70,74,-4,4
39419,63,60,3,3
39420,100,93,7,7
39421,114,106,8,8
39422,52,55,-3,3
39423,130,131,-1,1
39424,108,99,9,9
39425,133,120,13,13
39426,26,40,-14,14
39427,75,77,-2,2
39428,112,121,-9,9
39429,73,69,4,4
39430,44,56,-12,12
39431,75,76,-1,1
39432,93,91,2,2
39433,60,74,-14,14
39434,83,85,-2,2
39435,140,129,11,11
39436,100,102,-2,2
39437,107,100,7,7
39438,95,80,15,15
39439,111,98,13,13
39440,112,105,7,7
39441,67,73,-6,6
39442,52,57,-5,5
39443,113,100,13,13
39444,77,77,0,0
39445,135,130,5,5
39446,61,64,-3,3
39447,58,69,-11,11
39448,60,63,-3,3
39449,100,99,1,1
39450,49,61,-12,12
39451,71,69,2,2
39452,104,105,-1,1
39453,49,58,-9,9
39454,141,133,8,8
39455,113,112,1,1
39456,74,69,5,5
39457,135,132,3,3
39458,61,69,-8,8
39459,115,117,-2,2
39460,89,97,-8,8
39461,76,74,2,2
39462,111,117,-6,6
39463,61,68,-7,7
39464,54,54,0,0
39465,95,101,-6,6
39466,125,127,-2,2
39467,168,162,6,6
39468,71,70,1,1
39469,80,75,5,5
39470,224,219,5,5
39471,87,91,-4,4
39472,65,68,-3,3
39473,130,137,-7,7
39474,111,112,-1,1
39475,76,72,4,4
39476,111,107,4,4
39477,88,97,-9,9
39478,97,97,0,0
39479,118,113,5,5
39480,93,84,9,9
39481,131,123,8,8
39482,82,84,-2,2
39483,153,137,16,16
39484,76,79,-3,3
39485,105,112,-7,7
39486,38,44,-6,6
39487,56,65,-9,9
39488,75,74,1,1
39489,40,50,-10,10
39490,139,133,6,6
39491,78,96,-18,18
39492,72,72,0,0
39493,123,129,-6,6
39494,71,70,1,1
39495,144,136,8,8
39496,51,58,-7,7
39497,63,63,0,0
39498,51,60,-9,9
39499,98,96,2,2
39500,83,79,4,4
39501,75,86,-11,11
39502,108,106,2,2
39503,100,102,-2,2
39504,61,61,0,0
39505,76,75,1,1
39506,156,191,-35,35
39507,69,69,0,0
39508,219,203,16,16
39509,112,111,1,1
39510,86,90,-4,4
39511,53,55,-2,2
39512,108,104,4,4
39513,82,79,3,3
39514,89,79,10,10
39515,125,119,6,6
39516,96,111,-15,15
39517,113,111,2,2
39518,61,68,-7,7
39519,39,49,-10,10
39520,65,78,-13,13
39521,101,97,4,4
39522,188,161,27,27
39523,73,72,1,1
39524,51,66,-15,15
39525,126,125,1,1
39526,95,118,-23,23
39527,85,106,-21,21
39528,112,115,-3,3
39529,117,113,4,4
39530,109,93,16,16
39531,47,60,-13,13
39532,63,73,-10,10
39533,92,94,-2,2
39534,78,78,0,0
39535,100,94,6,6
39536,137,121,16,16
39537,163,154,9,9
39538,74,78,-4,4
39539,64,74,-10,10
39540,87,74,13,13
39541,87,89,-2,2
39542,120,125,-5,5
39543,129,118,11,11
39544,137,133,4,4
39545,65,66,-1,1
39546,67,71,-4,4
39547,83,83,0,0
39548,91,89,2,2
39549,88,84,4,4
39550,47,52,-5,5
39551,119,114,5,5
39552,76,77,-1,1
39553,96,92,4,4
39554,69,77,-8,8
39555,91,92,-1,1
39556,95,97,-2,2
39557,89,99,-10,10
39558,89,80,9,9
39559,106,106,0,0
39560,86,70,16,16
39561,119,107,12,12
39562,76,83,-7,7
39563,95,86,9,9
39564,93,91,2,2
39565,93,79,14,14
39566,87,89,-2,2
39567,142,141,1,1
39568,81,87,-6,6
39569,54,55,-1,1
39570,131,116,15,15
39571,53,57,-4,4
39572,132,128,4,4
39573,83,87,-4,4
39574,77,69,8,8
39575,86,89,-3,3
39576,135,122,13,13
39577,114,107,7,7
39578,75,88,-13,13
39579,62,75,-13,13
39580,96,92,4,4
39581,88,84,4,4
39582,58,61,-3,3
39583,55,62,-7,7
39584,70,69,1,1
39585,162,148,14,14
39586,98,89,9,9
39587,73,70,3,3
39588,52,60,-8,8
39589,86,86,0,0
39590,133,120,13,13
39591,102,104,-2,2
39592,137,130,7,7
39593,58,58,0,0
39594,94,76,18,18
39595,158,141,17,17
39596,88,90,-2,2
39597,81,88,-7,7
39598,88,77,11,11
39599,170,169,1,1
39600,132,128,4,4
39601,160,156,4,4
39602,69,69,0,0
39603,78,76,2,2
39604,47,68,-21,21
39605,122,120,2,2
39606,46,54,-8,8
39607,81,84,-3,3
39608,173,171,2,2
39609,36,109,-73,73
39610,84,75,9,9
39611,118,106,12,12
39612,113,101,12,12
39613,162,151,11,11
39614,98,105,-7,7
39615,96,97,-1,1
39616,71,72,-1,1
39617,68,68,0,0
39618,85,83,2,2
39619,34,67,-33,33
39620,69,76,-7,7
39621,69,75,-6,6
39622,128,120,8,8
39623,99,101,-2,2
39624,121,119,2,2
39625,179,160,19,19
39626,92,98,-6,6
39627,171,168,3,3
39628,94,95,-1,1
39629,112,112,0,0
39630,79,75,4,4
39631,57,67,-10,10
39632,72,83,-11,11
39633,161,135,26,26
39634,132,128,4,4
39635,126,115,11,11
39636,78,84,-6,6
39637,72,68,4,4
39638,88,93,-5,5
39639,93,92,1,1
39640,56,61,-5,5
39641,179,160,19,19
39642,99,94,5,5
39643,143,126,17,17
39644,25,39,-14,14
39645,85,82,3,3
39646,50,55,-5,5
39647,110,102,8,8
39648,133,124,9,9
39649,103,93,10,10
39650,149,143,6,6
39651,146,144,2,2
39652,65,72,-7,7
39653,117,130,-13,13
39654,53,57,-4,4
39655,155,136,19,19
39656,127,126,1,1
39657,87,89,-2,2
39658,167,151,16,16
39659,74,70,4,4
39660,65,69,-4,4
39661,50,53,-3,3
39662,109,108,1,1
39663,65,70,-5,5
39664,98,93,5,5
39665,128,124,4,4
39666,132,131,1,1
39667,174,169,5,5
39668,81,81,0,0
39669,69,74,-5,5
39670,77,72,5,5
39671,69,69,0,0
39672,68,72,-4,4
39673,132,133,-1,1
39674,152,160,-8,8
39675,87,89,-2,2
39676,30,45,-15,15
39677,98,88,10,10
39678,99,96,3,3
39679,116,115,1,1
39680,100,99,1,1
39681,137,128,9,9
39682,63,66,-3,3
39683,82,87,-5,5
39684,99,111,-12,12
39685,58,63,-5,5
39686,68,70,-2,2
39687,121,113,8,8
39688,91,78,13,13
39689,61,79,-18,18
39690,46,51,-5,5
39691,107,113,-6,6
39692,80,79,1,1
39693,78,78,0,0
39694,83,78,5,5
39695,139,132,7,7
39696,113,115,-2,2
39697,109,109,0,0
39698,168,157,11,11
39699,148,135,13,13
39700,90,84,6,6
39701,49,59,-10,10
39702,91,100,-9,9
39703,48,54,-6,6
39704,99,101,-2,2
39705,125,129,-4,4
39706,77,96,-19,19
39707,89,88,1,1
39708,85,78,7,7
39709,85,83,2,2
39710,60,64,-4,4
39711,100,96,4,4
39712,61,65,-4,4
39713,87,88,-1,1
39714,79,83,-4,4
39715,48,50,-2,2
39716,90,98,-8,8
39717,85,84,1,1
39718,77,73,4,4
39719,56,62,-6,6
39720,55,60,-5,5
39721,148,140,8,8
39722,108,100,8,8
39723,69,66,3,3
39724,151,138,13,13
39725,98,87,11,11
39726,87,92,-5,5
39727,76,74,2,2
39728,84,84,0,0
39729,39,50,-11,11
39730,105,103,2,2
39731,68,94,-26,26
39732,58,70,-12,12
39733,81,77,4,4
39734,108,111,-3,3
39735,98,99,-1,1
39736,148,137,11,11
39737,71,73,-2,2
39738,108,101,7,7
39739,68,75,-7,7
39740,82,85,-3,3
39741,159,134,25,25
39742,109,97,12,12
39743,113,105,8,8
39744,106,100,6,6
39745,124,110,14,14
39746,74,75,-1,1
39747,23,36,-13,13
39748,94,89,5,5
39749,69,70,-1,1
39750,63,70,-7,7
39751,49,59,-10,10
39752,83,82,1,1
39753,65,66,-1,1
39754,122,98,24,24
39755,110,112,-2,2
39756,145,140,5,5
39757,128,111,17,17
39758,61,61,0,0
39759,135,123,12,12
39760,62,56,6,6
39761,143,117,26,26
39762,59,64,-5,5
39763,133,127,6,6
39764,84,93,-9,9
39765,127,121,6,6
39766,75,73,2,2
39767,128,124,4,4
39768,85,91,-6,6
39769,127,114,13,13
39770,66,73,-7,7
39771,45,50,-5,5
39772,89,88,1,1
39773,82,76,6,6
39774,98,92,6,6
39775,51,60,-9,9
39776,112,113,-1,1
39777,70,71,-1,1
39778,75,60,15,15
39779,97,97,0,0
39780,59,75,-16,16
39781,51,51,0,0
39782,53,56,-3,3
39783,56,70,-14,14
39784,67,64,3,3
39785,66,73,-7,7
39786,89,88,1,1
39787,94,83,11,11
39788,77,84,-7,7
39789,41,51,-10,10
39790,85,86,-1,1
39791,72,69,3,3
39792,108,111,-3,3
39793,105,104,1,1
39794,67,71,-4,4
39795,97,95,2,2
39796,76,77,-1,1
39797,133,142,-9,9
39798,93,93,0,0
39799,40,51,-11,11
39800,66,65,1,1
39801,43,51,-8,8
39802,145,135,10,10
39803,135,116,19,19
39804,64,70,-6,6
39805,76,92,-16,16
39806,55,59,-4,4
39807,78,74,4,4
39808,103,99,4,4
39809,141,139,2,2
39810,152,144,8,8
39811,110,117,-7,7
39812,122,113,9,9
39813,78,81,-3,3
39814,82,80,2,2
39815,104,92,12,12
39816,112,108,4,4
39817,69,67,2,2
39818,48,54,-6,6
39819,60,67,-7,7
39820,54,56,-2,2
39821,128,119,9,9
39822,61,61,0,0
39823,108,116,-8,8
39824,86,87,-1,1
39825,74,84,-10,10
39826,168,146,22,22
39827,76,75,1,1
39828,80,80,0,0
39829,96,90,6,6
39830,74,73,1,1
39831,59,60,-1,1
39832,143,138,5,5
39833,68,63,5,5
39834,76,76,0,0
39835,97,101,-4,4
39836,66,70,-4,4
39837,94,93,1,1
39838,159,146,13,13
39839,76,69,7,7
39840,121,124,-3,3
39841,123,124,-1,1
39842,80,83,-3,3
39843,77,78,-1,1
39844,52,60,-8,8
39845,115,118,-3,3
39846,180,153,27,27
39847,70,73,-3,3
39848,79,84,-5,5
39849,112,100,12,12
39850,89,93,-4,4
39851,83,84,-1,1
39852,108,113,-5,5
39853,67,70,-3,3
39854,86,85,1,1
39855,82,84,-2,2
39856,156,151,5,5
39857,141,129,12,12
39858,154,143,11,11
39859,63,67,-4,4
39860,52,57,-5,5
39861,122,112,10,10
39862,69,79,-10,10
39863,93,91,2,2
39864,106,113,-7,7
39865,76,80,-4,4
39866,97,91,6,6
39867,96,95,1,1
39868,116,113,3,3
39869,98,99,-1,1
39870,89,84,5,5
39871,137,136,1,1
39872,88,76,12,12
39873,115,113,2,2
39874,135,129,6,6
39875,99,101,-2,2
39876,68,75,-7,7
39877,98,96,2,2
39878,119,112,7,7
39879,77,75,2,2
39880,74,84,-10,10
39881,115,112,3,3
39882,67,70,-3,3
39883,79,87,-8,8
39884,107,112,-5,5
39885,83,85,-2,2
39886,74,82,-8,8
39887,160,145,15,15
39888,56,64,-8,8
39889,74,74,0,0
39890,95,98,-3,3
39891,141,143,-2,2
39892,98,98,0,0
39893,84,86,-2,2
39894,118,112,6,6
39895,58,58,0,0
39896,54,64,-10,10
39897,74,75,-1,1
39898,69,73,-4,4
39899,123,108,15,15
39900,59,63,-4,4
39901,50,61,-11,11
39902,56,58,-2,2
39903,55,61,-6,6
39904,145,127,18,18
39905,89,85,4,4
39906,74,65,9,9
39907,67,71,-4,4
39908,100,103,-3,3
39909,99,98,1,1
39910,64,68,-4,4
39911,49,61,-12,12
39912,144,139,5,5
39913,65,67,-2,2
39914,57,62,-5,5
39915,74,75,-1,1
39916,82,86,-4,4
39917,80,75,5,5
39918,167,173,-6,6
39919,55,53,2,2
39920,98,99,-1,1
39921,69,69,0,0
39922,60,63,-3,3
39923,149,141,8,8
39924,170,165,5,5
39925,56,63,-7,7
39926,120,114,6,6
39927,114,113,1,1
39928,123,119,4,4
39929,67,75,-8,8
39930,145,139,6,6
39931,72,72,0,0
39932,85,84,1,1
39933,117,113,4,4
39934,87,107,-20,20
39935,66,73,-7,7
39936,116,124,-8,8
39937,53,66,-13,13
39938,109,102,7,7
39939,26,38,-12,12
39940,51,56,-5,5
39941,65,63,2,2
39942,89,83,6,6
39943,110,96,14,14
39944,70,72,-2,2
39945,46,52,-6,6
39946,119,113,6,6
39947,127,121,6,6
39948,95,91,4,4
39949,68,70,-2,2
39950,73,70,3,3
39951,112,104,8,8
39952,152,156,-4,4
39953,83,85,-2,2
39954,115,112,3,3
39955,131,106,25,25
39956,49,50,-1,1
39957,118,100,18,18
39958,94,86,8,8
39959,120,120,0,0
39960,64,77,-13,13
39961,145,135,10,10
39962,63,67,-4,4
39963,62,64,-2,2
39964,55,58,-3,3
39965,113,120,-7,7
39966,62,58,4,4
39967,80,74,6,6
39968,100,95,5,5
39969,72,76,-4,4
39970,75,73,2,2
39971,104,100,4,4
39972,56,54,2,2
39973,116,123,-7,7
39974,87,94,-7,7
39975,109,105,4,4
39976,107,111,-4,4
39977,63,68,-5,5
39978,127,131,-4,4
39979,124,111,13,13
39980,67,68,-1,1
39981,229,179,50,50
39982,144,123,21,21
39983,110,111,-1,1
39984,70,67,3,3
39985,102,98,4,4
39986,153,132,21,21
39987,82,85,-3,3
39988,50,55,-5,5
39989,54,62,-8,8
39990,97,94,3,3
39991,75,83,-8,8
39992,83,77,6,6
39993,88,86,2,2
39994,129,116,13,13
39995,91,78,13,13
39996,115,101,14,14
39997,96,96,0,0
39998,177,171,6,6
39999,109,110,-1,1
40000,91,92,-1,1
40001,102,98,4,4
40002,75,71,4,4
40003,67,72,-5,5
40004,85,84,1,1
40005,133,123,10,10
40006,122,118,4,4
40007,99,98,1,1
40008,72,77,-5,5
40009,80,86,-6,6
40010,61,65,-4,4
40011,118,107,11,11
40012,112,112,0,0
40013,69,77,-8,8
40014,156,144,12,12
40015,140,133,7,7
40016,55,59,-4,4
40017,85,94,-9,9
40018,104,97,7,7
40019,113,103,10,10
40020,61,69,-8,8
40021,110,116,-6,6
40022,142,126,16,16
40023,93,92,1,1
40024,49,58,-9,9
40025,139,133,6,6
40026,42,50,-8,8
40027,80,74,6,6
40028,138,128,10,10
40029,148,142,6,6
40030,28,52,-24,24
40031,54,63,-9,9
40032,85,77,8,8
40033,84,84,0,0
40034,161,144,17,17
40035,80,76,4,4
40036,108,117,-9,9
40037,91,95,-4,4
40038,92,84,8,8
40039,92,97,-5,5
40040,91,78,13,13
40041,146,130,16,16
40042,59,70,-11,11
40043,109,99,10,10
40044,67,71,-4,4
40045,89,94,-5,5
40046,156,142,14,14
40047,106,100,6,6
40048,71,72,-1,1
40049,161,149,12,12
40050,97,95,2,2
40051,95,93,2,2
40052,128,128,0,0
40053,79,94,-15,15
40054,127,136,-9,9
40055,88,93,-5,5
40056,63,66,-3,3
40057,47,54,-7,7
40058,67,75,-8,8
40059,44,47,-3,3
40060,70,68,2,2
40061,59,59,0,0
40062,115,114,1,1
40063,123,130,-7,7
40064,49,52,-3,3
40065,81,78,3,3
40066,55,59,-4,4
40067,105,97,8,8
40068,120,120,0,0
40069,95,100,-5,5
40070,73,76,-3,3
40071,76,79,-3,3
40072,95,95,0,0
40073,35,43,-8,8
40074,85,78,7,7
40075,65,79,-14,14
40076,125,123,2,2
40077,62,66,-4,4
40078,95,95,0,0
40079,139,128,11,11
40080,77,84,-7,7
40081,65,67,-2,2
40082,53,60,-7,7
40083,83,75,8,8
40084,62,55,7,7
40085,74,72,2,2
40086,32,42,-10,10
40087,67,67,0,0
40088,134,119,15,15
40089,78,86,-8,8
40090,88,87,1,1
40091,81,84,-3,3
40092,60,67,-7,7
40093,117,103,14,14
40094,61,67,-6,6
40095,147,140,7,7
40096,217,188,29,29
40097,84,86,-2,2
40098,67,67,0,0
40099,158,167,-9,9
40100,51,61,-10,10
40101,91,94,-3,3
40102,72,69,3,3
40103,121,123,-2,2
40104,76,73,3,3
40105,117,111,6,6
40106,63,65,-2,2
40107,82,89,-7,7
40108,87,97,-10,10
40109,77,76,1,1
40110,67,71,-4,4
40111,129,106,23,23
40112,56,60,-4,4
40113,60,68,-8,8
40114,130,114,16,16
40115,106,112,-6,6
40116,73,68,5,5
40117,89,86,3,3
40118,85,95,-10,10
40119,71,68,3,3
40120,206,225,-19,19
40121,142,146,-4,4
40122,106,109,-3,3
40123,98,98,0,0
40124,60,73,-13,13
40125,113,115,-2,2
40126,57,61,-4,4
40127,73,64,9,9
40128,186,153,33,33
40129,87,94,-7,7
40130,122,114,8,8
40131,80,89,-9,9
40132,130,117,13,13
40133,106,100,6,6
40134,175,186,-11,11
40135,135,127,8,8
40136,115,112,3,3
40137,80,79,1,1
40138,125,111,14,14
40139,85,93,-8,8
40140,85,80,5,5
40141,143,134,9,9
40142,92,90,2,2
40143,74,64,10,10
40144,66,76,-10,10
40145,68,70,-2,2
40146,103,98,5,5
40147,82,83,-1,1
40148,57,61,-4,4
40149,102,110,-8,8
40150,117,114,3,3
40151,79,85,-6,6
40152,179,150,29,29
40153,111,118,-7,7
40154,59,64,-5,5
40155,90,90,0,0
40156,82,105,-23,23
40157,120,115,5,5
40158,89,91,-2,2
40159,76,77,-1,1
40160,74,69,5,5
40161,54,60,-6,6
40162,51,57,-6,6
40163,71,75,-4,4
40164,116,98,18,18
40165,84,79,5,5
40166,107,100,7,7
40167,83,78,5,5
40168,170,152,18,18
40169,118,115,3,3
40170,115,107,8,8
40171,78,89,-11,11
40172,155,144,11,11
40173,143,143,0,0
40174,80,88,-8,8
40175,64,74,-10,10
40176,97,85,12,12
40177,92,93,-1,1
40178,63,71,-8,8
40179,196,167,29,29
40180,70,78,-8,8
40181,95,97,-2,2
40182,73,76,-3,3
40183,64,75,-11,11
40184,86,96,-10,10
40185,93,98,-5,5
40186,81,77,4,4
40187,132,106,26,26
40188,89,75,14,14
40189,80,73,7,7
40190,61,63,-2,2
40191,148,144,4,4
40192,104,98,6,6
40193,105,103,2,2
40194,94,90,4,4
40195,72,76,-4,4
40196,71,73,-2,2
40197,115,112,3,3
40198,100,98,2,2
40199,64,65,-1,1
40200,88,90,-2,2
40201,175,175,0,0
40202,153,154,-1,1
40203,58,58,0,0
40204,143,146,-3,3
40205,49,54,-5,5
40206,62,61,1,1
40207,72,70,2,2
40208,112,113,-1,1
40209,90,86,4,4
40210,88,87,1,1
40211,92,88,4,4
40212,25,48,-23,23
40213,97,93,4,4
40214,133,119,14,14
40215,86,88,-2,2
40216,81,77,4,4
40217,164,147,17,17
40218,64,62,2,2
40219,79,76,3,3
40220,108,108,0,0
40221,62,69,-7,7
40222,84,86,-2,2
40223,187,179,8,8
40224,70,79,-9,9
40225,119,111,8,8
40226,86,95,-9,9
40227,118,111,7,7
40228,79,83,-4,4
40229,77,76,1,1
40230,85,91,-6,6
40231,107,99,8,8
40232,76,77,-1,1
40233,54,52,2,2
40234,66,67,-1,1
40235,64,74,-10,10
40236,56,55,1,1
40237,147,148,-1,1
40238,92,72,20,20
40239,119,112,7,7
40240,61,71,-10,10
40241,112,102,10,10
40242,116,119,-3,3
40243,68,76,-8,8
40244,153,144,9,9
40245,114,125,-11,11
40246,115,113,2,2
40247,91,91,0,0
40248,68,73,-5,5
40249,111,105,6,6
40250,79,72,7,7
40251,57,66,-9,9
40252,114,112,2,2
40253,66,73,-7,7
40254,96,84,12,12
40255,83,94,-11,11
40256,93,85,8,8
40257,83,77,6,6
40258,80,75,5,5
40259,82,83,-1,1
40260,114,114,0,0
40261,49,62,-13,13
40262,67,75,-8,8
40263,79,78,1,1
40264,77,75,2,2
40265,64,68,-4,4
40266,177,163,14,14
40267,71,76,-5,5
40268,99,94,5,5
40269,90,87,3,3
40270,107,104,3,3
40271,103,93,10,10
40272,144,135,9,9
40273,81,77,4,4
40274,69,72,-3,3
40275,63,80,-17,17
40276,105,106,-1,1
40277,100,92,8,8
40278,118,119,-1,1
40279,89,80,9,9
40280,90,90,0,0
40281,88,93,-5,5
40282,69,64,5,5
40283,59,59,0,0
40284,84,83,1,1
40285,143,138,5,5
40286,112,120,-8,8
40287,143,150,-7,7
40288,78,81,-3,3
40289,38,47,-9,9
40290,107,95,12,12
40291,57,62,-5,5
40292,62,98,-36,36
40293,79,82,-3,3
40294,72,75,-3,3
40295,85,83,2,2
40296,83,85,-2,2
40297,69,72,-3,3
40298,62,64,-2,2
40299,80,85,-5,5
40300,55,68,-13,13
40301,77,71,6,6
40302,77,89,-12,12
40303,81,91,-10,10
40304,88,85,3,3
40305,75,86,-11,11
40306,103,105,-2,2
40307,63,62,1,1
40308,115,101,14,14
40309,149,148,1,1
40310,48,52,-4,4
40311,67,63,4,4
40312,167,142,25,25
40313,116,113,3,3
40314,40,53,-13,13
40315,93,96,-3,3
40316,98,93,5,5
40317,105,95,10,10
40318,150,135,15,15
40319,174,143,31,31
40320,156,138,18,18
40321,61,98,-37,37
40322,124,126,-2,2
40323,61,64,-3,3
40324,58,62,-4,4
40325,147,144,3,3
40326,80,91,-11,11
40327,115,103,12,12
40328,139,135,4,4
40329,73,74,-1,1
40330,208,194,14,14
40331,92,97,-5,5
40332,63,62,1,1
40333,126,115,11,11
40334,31,39,-8,8
40335,55,71,-16,16
40336,154,141,13,13
40337,110,111,-1,1
40338,62,62,0,0
40339,124,116,8,8
40340,81,76,5,5
40341,78,69,9,9
40342,122,130,-8,8
40343,110,121,-11,11
40344,100,89,11,11
40345,112,110,2,2
40346,58,60,-2,2
40347,92,89,3,3
40348,143,135,8,8
40349,76,77,-1,1
40350,62,71,-9,9
40351,72,75,-3,3
40352,96,98,-2,2
40353,98,98,0,0
40354,209,177,32,32
40355,81,78,3,3
40356,65,72,-7,7
40357,111,100,11,11
40358,158,141,17,17
40359,106,112,-6,6
40360,124,112,12,12
40361,90,85,5,5
40362,95,95,0,0
40363,86,91,-5,5
40364,89,84,5,5
40365,59,71,-12,12
40366,132,120,12,12
40367,91,77,14,14
40368,90,84,6,6
40369,85,85,0,0
40370,77,91,-14,14
40371,68,63,5,5
40372,77,87,-10,10
40373,125,124,1,1
40374,53,55,-2,2
40375,100,105,-5,5
40376,128,126,2,2
40377,78,73,5,5
40378,73,92,-19,19
40379,79,79,0,0
40380,89,91,-2,2
40381,101,98,3,3
40382,93,107,-14,14
40383,93,93,0,0
40384,62,64,-2,2
40385,113,112,1,1
40386,117,111,6,6
40387,133,125,8,8
40388,107,113,-6,6
40389,64,88,-24,24
40390,48,58,-10,10
40391,103,102,1,1
40392,91,96,-5,5
40393,121,127,-6,6
40394,109,107,2,2
40395,92,92,0,0
40396,118,108,10,10
40397,82,88,-6,6
40398,76,70,6,6
40399,98,93,5,5
40400,118,105,13,13
40401,124,126,-2,2
40402,120,100,20,20
40403,85,91,-6,6
40404,112,110,2,2
40405,88,90,-2,2
40406,65,62,3,3
40407,48,52,-4,4
40408,66,76,-10,10
40409,106,85,21,21
40410,174,141,33,33
40411,161,149,12,12
40412,42,57,-15,15
40413,65,72,-7,7
40414,47,58,-11,11
40415,100,110,-10,10
40416,91,91,0,0
40417,59,63,-4,4
40418,77,85,-8,8
40419,83,80,3,3
40420,91,88,3,3
40421,91,90,1,1
40422,163,155,8,8
40423,89,84,5,5
40424,144,141,3,3
40425,107,112,-5,5
40426,75,73,2,2
40427,210,208,2,2
40428,168,160,8,8
40429,116,115,1,1
40430,67,78,-11,11
40431,66,69,-3,3
40432,23,39,-16,16
40433,99,95,4,4
40434,66,69,-3,3
40435,56,61,-5,5
40436,92,86,6,6
40437,132,124,8,8
40438,67,74,-7,7
40439,42,46,-4,4
40440,123,121,2,2
40441,44,53,-9,9
40442,117,113,4,4
40443,109,105,4,4
40444,106,100,6,6
40445,92,92,0,0
40446,88,83,5,5
40447,74,77,-3,3
40448,114,124,-10,10
40449,146,126,20,20
40450,105,100,5,5
40451,91,96,-5,5
40452,124,121,3,3
40453,178,163,15,15
40454,98,97,1,1
40455,145,150,-5,5
40456,76,76,0,0
40457,100,98,2,2
40458,128,108,20,20
40459,152,140,12,12
40460,40,47,-7,7
40461,65,70,-5,5
40462,107,110,-3,3
40463,90,88,2,2
40464,100,105,-5,5
40465,71,86,-15,15
40466,55,62,-7,7
40467,80,84,-4,4
40468,131,117,14,14
40469,28,43,-15,15
40470,93,98,-5,5
40471,149,152,-3,3
40472,88,94,-6,6
40473,50,58,-8,8
40474,82,93,-11,11
40475,125,113,12,12
40476,131,112,19,19
40477,93,100,-7,7
40478,83,84,-1,1
40479,149,149,0,0
40480,74,83,-9,9
40481,124,123,1,1
40482,174,151,23,23
40483,83,112,-29,29
40484,119,121,-2,2
40485,85,83,2,2
40486,70,67,3,3
40487,197,189,8,8
40488,131,123,8,8
40489,130,115,15,15
40490,73,80,-7,7
40491,97,93,4,4
40492,85,99,-14,14
40493,198,164,34,34
40494,100,94,6,6
40495,81,92,-11,11
40496,71,75,-4,4
40497,97,99,-2,2
40498,77,90,-13,13
40499,88,87,1,1
40500,90,82,8,8
40501,74,74,0,0
40502,70,72,-2,2
40503,63,63,0,0
40504,149,130,19,19
40505,97,90,7,7
40506,65,72,-7,7
40507,81,83,-2,2
40508,100,100,0,0
40509,79,88,-9,9
40510,106,105,1,1
40511,79,85,-6,6
40512,137,135,2,2
40513,82,89,-7,7
40514,68,62,6,6
40515,100,93,7,7
40516,40,52,-12,12
40517,57,59,-2,2
40518,73,79,-6,6
40519,85,87,-2,2
40520,135,126,9,9
40521,126,123,3,3
40522,158,149,9,9
40523,110,106,4,4
40524,125,129,-4,4
40525,115,108,7,7
40526,112,114,-2,2
40527,71,76,-5,5
40528,121,136,-15,15
40529,97,105,-8,8
40530,104,101,3,3
40531,97,97,0,0
40532,54,60,-6,6
40533,76,79,-3,3
40534,132,112,20,20
40535,98,101,-3,3
40536,107,102,5,5
40537,119,109,10,10
40538,125,118,7,7
40539,96,98,-2,2
40540,49,58,-9,9
40541,89,76,13,13
40542,101,96,5,5
40543,86,97,-11,11
40544,43,50,-7,7
40545,40,45,-5,5
40546,109,107,2,2
40547,49,58,-9,9
40548,99,102,-3,3
40549,120,99,21,21
40550,70,84,-14,14
40551,177,159,18,18
40552,59,70,-11,11
40553,90,92,-2,2
40554,99,98,1,1
40555,99,100,-1,1
40556,113,100,13,13
40557,87,85,2,2
40558,120,115,5,5
40559,122,110,12,12
40560,156,150,6,6
40561,90,86,4,4
40562,109,109,0,0
40563,59,70,-11,11
40564,110,112,-2,2
40565,64,68,-4,4
40566,76,77,-1,1
40567,93,89,4,4
40568,81,87,-6,6
40569,155,142,13,13
40570,77,82,-5,5
40571,52,59,-7,7
40572,48,58,-10,10
40573,94,101,-7,7
40574,72,80,-8,8
40575,78,96,-18,18
40576,108,102,6,6
40577,74,86,-12,12
40578,67,69,-2,2
40579,88,84,4,4
40580,127,122,5,5
40581,88,100,-12,12
40582,53,56,-3,3
40583,101,101,0,0
40584,105,99,6,6
40585,120,116,4,4
40586,63,73,-10,10
40587,50,58,-8,8
40588,67,69,-2,2
40589,121,123,-2,2
40590,76,78,-2,2
40591,95,78,17,17
40592,97,99,-2,2
40593,63,71,-8,8
40594,135,131,4,4
40595,61,64,-3,3
40596,79,84,-5,5
40597,133,122,11,11
40598,97,101,-4,4
40599,78,68,10,10
40600,96,91,5,5
40601,47,50,-3,3
40602,139,123,16,16
40603,99,94,5,5
40604,113,100,13,13
40605,94,89,5,5
40606,100,104,-4,4
40607,71,81,-10,10
40608,102,109,-7,7
40609,113,107,6,6
40610,85,88,-3,3
40611,75,67,8,8
40612,62,61,1,1
40613,111,91,20,20
40614,80,80,0,0
40615,117,113,4,4
40616,107,104,3,3
40617,75,76,-1,1
40618,82,85,-3,3
40619,73,74,-1,1
40620,110,105,5,5
40621,115,109,6,6
40622,151,143,8,8
40623,60,68,-8,8
40624,51,59,-8,8
40625,76,73,3,3
40626,115,103,12,12
40627,79,78,1,1
40628,85,91,-6,6
40629,84,89,-5,5
40630,136,121,15,15
40631,76,79,-3,3
40632,30,46,-16,16
40633,141,132,9,9
40634,83,78,5,5
40635,81,85,-4,4
40636,79,84,-5,5
40637,113,111,2,2
40638,88,84,4,4
40639,145,164,-19,19
40640,156,145,11,11
40641,80,91,-11,11
40642,103,100,3,3
40643,116,108,8,8
40644,76,71,5,5
40645,123,119,4,4
40646,93,92,1,1
40647,103,106,-3,3
40648,67,68,-1,1
40649,102,110,-8,8
40650,92,78,14,14
40651,86,87,-1,1
40652,56,63,-7,7
40653,80,85,-5,5
40654,137,130,7,7
40655,48,60,-12,12
40656,87,75,12,12
40657,112,120,-8,8
40658,74,72,2,2
40659,87,87,0,0
40660,101,108,-7,7
40661,58,68,-10,10
40662,116,108,8,8
40663,97,92,5,5
40664,65,67,-2,2
40665,98,92,6,6
40666,98,90,8,8
40667,156,143,13,13
40668,88,89,-1,1
40669,85,94,-9,9
40670,64,64,0,0
40671,72,76,-4,4
40672,107,112,-5,5
40673,87,102,-15,15
40674,115,111,4,4
40675,102,89,13,13
40676,120,106,14,14
40677,87,93,-6,6
40678,81,84,-3,3
40679,53,57,-4,4
40680,71,79,-8,8
40681,78,76,2,2
40682,104,99,5,5
40683,113,114,-1,1
40684,51,51,0,0
40685,65,71,-6,6
40686,109,124,-15,15
40687,78,83,-5,5
40688,105,94,11,11
40689,93,98,-5,5
40690,103,100,3,3
40691,113,100,13,13
40692,77,90,-13,13
40693,135,123,12,12
40694,82,72,10,10
40695,84,86,-2,2
40696,56,66,-10,10
40697,54,57,-3,3
40698,146,134,12,12
40699,149,140,9,9
40700,91,83,8,8
40701,61,62,-1,1
40702,117,124,-7,7
40703,46,52,-6,6
40704,159,151,8,8
40705,94,83,11,11
40706,153,136,17,17
40707,108,99,9,9
40708,85,78,7,7
40709,69,74,-5,5
40710,295,221,74,74
40711,74,74,0,0
40712,103,101,2,2
40713,80,77,3,3
40714,68,69,-1,1
40715,120,122,-2,2
40716,86,87,-1,1
40717,118,114,4,4
40718,74,78,-4,4
40719,99,84,15,15
40720,76,71,5,5
40721,134,119,15,15
40722,97,109,-12,12
40723,66,74,-8,8
40724,92,101,-9,9
40725,50,54,-4,4
40726,83,83,0,0
40727,98,97,1,1
40728,72,73,-1,1
40729,71,73,-2,2
40730,71,80,-9,9
40731,78,85,-7,7
40732,81,87,-6,6
40733,126,123,3,3
40734,71,69,2,2
40735,70,72,-2,2
40736,141,133,8,8
40737,75,70,5,5
40738,85,79,6,6
40739,89,92,-3,3
40740,82,85,-3,3
40741,174,152,22,22
40742,77,75,2,2
40743,113,120,-7,7
40744,165,159,6,6
40745,55,57,-2,2
40746,94,83,11,11
40747,81,87,-6,6
40748,103,98,5,5
40749,87,85,2,2
40750,68,83,-15,15
40751,205,206,-1,1
40752,85,87,-2,2
40753,66,65,1,1
40754,68,68,0,0
40755,87,87,0,0
40756,101,94,7,7
40757,115,110,5,5
40758,69,71,-2,2
40759,144,135,9,9
40760,97,97,0,0
40761,107,110,-3,3
40762,88,102,-14,14
40763,138,130,8,8
40764,90,79,11,11
40765,129,133,-4,4
40766,66,67,-1,1
40767,75,76,-1,1
40768,118,113,5,5
40769,99,98,1,1
40770,77,73,4,4
40771,89,88,1,1
40772,95,98,-3,3
40773,56,59,-3,3
40774,115,110,5,5
40775,59,62,-3,3
40776,117,117,0,0
40777,110,109,1,1
40778,120,100,20,20
40779,98,85,13,13
40780,121,119,2,2
40781,100,85,15,15
40782,85,84,1,1
40783,106,104,2,2
40784,165,148,17,17
40785,65,75,-10,10
40786,58,59,-1,1
40787,165,155,10,10
40788,56,61,-5,5
40789,62,69,-7,7
40790,85,79,6,6
40791,93,97,-4,4
40792,57,66,-9,9
40793,97,97,0,0
40794,96,100,-4,4
40795,45,53,-8,8
40796,114,112,2,2
40797,77,71,6,6
40798,77,84,-7,7
40799,89,85,4,4
40800,70,73,-3,3
40801,84,89,-5,5
40802,89,101,-12,12
40803,104,107,-3,3
40804,88,85,3,3
40805,68,70,-2,2
40806,67,72,-5,5
40807,51,52,-1,1
40808,144,142,2,2
40809,135,130,5,5
40810,89,91,-2,2
40811,122,114,8,8
40812,110,101,9,9
40813,81,84,-3,3
40814,147,149,-2,2
40815,60,62,-2,2
40816,137,142,-5,5
40817,110,109,1,1
40818,125,120,5,5
40819,89,95,-6,6
40820,129,141,-12,12
40821,70,64,6,6
40822,149,151,-2,2
40823,72,75,-3,3
40824,96,100,-4,4
40825,76,79,-3,3
40826,154,144,10,10
40827,220,188,32,32
40828,106,107,-1,1
40829,95,100,-5,5
40830,158,154,4,4
40831,140,137,3,3
40832,86,87,-1,1
40833,96,86,10,10
40834,100,97,3,3
40835,70,77,-7,7
40836,64,66,-2,2
40837,147,138,9,9
40838,75,77,-2,2
40839,80,75,5,5
40840,161,143,18,18
40841,83,98,-15,15
40842,89,78,11,11
40843,169,157,12,12
40844,85,86,-1,1
40845,151,149,2,2
40846,85,78,7,7
40847,61,68,-7,7
40848,62,65,-3,3
40849,118,110,8,8
40850,97,95,2,2
40851,118,110,8,8
40852,104,92,12,12
40853,44,49,-5,5
40854,101,97,4,4
40855,69,71,-2,2
40856,52,59,-7,7
40857,115,112,3,3
40858,56,59,-3,3
40859,110,114,-4,4
40860,96,113,-17,17
40861,88,86,2,2
40862,94,96,-2,2
40863,60,62,-2,2
40864,108,104,4,4
40865,114,100,14,14
40866,87,90,-3,3
40867,102,99,3,3
40868,75,72,3,3
40869,56,56,0,0
40870,123,128,-5,5
40871,29,49,-20,20
40872,70,82,-12,12
40873,87,82,5,5
40874,48,65,-17,17
40875,108,101,7,7
40876,164,157,7,7
40877,125,112,13,13
40878,66,69,-3,3
40879,190,175,15,15
40880,91,88,3,3
40881,116,99,17,17
40882,96,94,2,2
40883,86,85,1,1
40884,157,160,-3,3
40885,149,136,13,13
40886,54,57,-3,3
40887,81,82,-1,1
40888,97,103,-6,6
40889,128,122,6,6
40890,96,98,-2,2
40891,121,122,-1,1
40892,131,122,9,9
40893,133,119,14,14
40894,130,122,8,8
40895,97,91,6,6
40896,68,77,-9,9
40897,118,105,13,13
40898,91,90,1,1
40899,90,103,-13,13
40900,65,67,-2,2
40901,143,126,17,17
40902,80,68,12,12
40903,96,78,18,18
40904,104,96,8,8
40905,112,113,-1,1
40906,86,83,3,3
40907,91,94,-3,3
40908,205,172,33,33
40909,73,85,-12,12
40910,101,95,6,6
40911,73,77,-4,4
40912,90,87,3,3
40913,191,187,4,4
40914,90,92,-2,2
40915,149,143,6,6
40916,73,84,-11,11
40917,152,147,5,5
40918,115,110,5,5
40919,88,96,-8,8
40920,86,84,2,2
40921,103,100,3,3
40922,37,45,-8,8
40923,83,76,7,7
40924,76,68,8,8
40925,56,56,0,0
40926,130,123,7,7
40927,67,66,1,1
40928,78,74,4,4
40929,105,102,3,3
40930,101,98,3,3
40931,88,85,3,3
40932,83,86,-3,3
40933,108,109,-1,1
40934,67,65,2,2
40935,107,102,5,5
40936,43,45,-2,2
40937,71,78,-7,7
40938,99,93,6,6
40939,120,122,-2,2
40940,132,117,15,15
40941,30,45,-15,15
40942,88,86,2,2
40943,82,96,-14,14
40944,59,70,-11,11
40945,68,70,-2,2
40946,120,104,16,16
40947,60,62,-2,2
40948,103,98,5,5
40949,110,107,3,3
40950,114,107,7,7
40951,90,90,0,0
40952,192,174,18,18
40953,100,98,2,2
40954,119,117,2,2
40955,91,79,12,12
40956,98,97,1,1
40957,51,56,-5,5
40958,94,89,5,5
40959,98,101,-3,3
40960,71,67,4,4
40961,106,120,-14,14
40962,78,84,-6,6
40963,66,74,-8,8
40964,79,83,-4,4
40965,85,88,-3,3
40966,147,144,3,3
40967,68,68,0,0
40968,66,65,1,1
40969,81,79,2,2
40970,133,130,3,3
40971,120,111,9,9
40972,71,77,-6,6
40973,169,161,8,8
40974,159,146,13,13
40975,57,66,-9,9
40976,73,77,-4,4
40977,44,50,-6,6
40978,85,90,-5,5
40979,49,66,-17,17
40980,54,56,-2,2
40981,89,84,5,5
40982,62,70,-8,8
40983,88,86,2,2
40984,93,101,-8,8
40985,66,69,-3,3
40986,69,70,-1,1
40987,138,146,-8,8
40988,88,91,-3,3
40989,102,100,2,2
40990,45,51,-6,6
40991,48,54,-6,6
40992,106,109,-3,3
40993,158,131,27,27
40994,125,118,7,7
40995,64,78,-14,14
40996,153,150,3,3
40997,66,67,-1,1
40998,87,90,-3,3
40999,90,88,2,2
41000,105,104,1,1
41001,51,53,-2,2
41002,148,134,14,14
41003,123,129,-6,6
41004,59,62,-3,3
41005,88,74,14,14
41006,91,93,-2,2
41007,77,81,-4,4
41008,98,94,4,4
41009,84,88,-4,4
41010,97,91,6,6
41011,129,115,14,14
41012,158,157,1,1
41013,99,102,-3,3
41014,153,149,4,4
41015,140,119,21,21
41016,97,93,4,4
41017,116,113,3,3
41018,108,101,7,7
41019,117,114,3,3
41020,112,105,7,7
41021,70,72,-2,2
41022,117,122,-5,5
41023,186,177,9,9
41024,88,89,-1,1
41025,40,49,-9,9
41026,69,72,-3,3
41027,138,121,17,17
41028,68,72,-4,4
41029,194,164,30,30
41030,141,133,8,8
41031,66,78,-12,12
41032,87,97,-10,10
41033,112,108,4,4
41034,120,108,12,12
41035,117,108,9,9
41036,116,115,1,1
41037,113,121,-8,8
41038,109,119,-10,10
41039,116,112,4,4
41040,107,101,6,6
41041,156,142,14,14
41042,54,60,-6,6
41043,96,91,5,5
41044,116,112,4,4
41045,105,99,6,6
41046,53,51,2,2
41047,146,137,9,9
41048,111,116,-5,5
41049,55,55,0,0
41050,130,122,8,8
41051,89,83,6,6
41052,99,107,-8,8
41053,101,90,11,11
41054,107,107,0,0
41055,56,61,-5,5
41056,72,76,-4,4
41057,141,132,9,9
41058,49,58,-9,9
41059,50,49,1,1
41060,106,96,10,10
41061,71,69,2,2
41062,82,97,-15,15
41063,112,103,9,9
41064,114,113,1,1
41065,91,94,-3,3
41066,79,78,1,1
41067,87,90,-3,3
41068,72,69,3,3
41069,140,136,4,4
41070,79,89,-10,10
41071,103,96,7,7
41072,105,103,2,2
41073,80,83,-3,3
41074,63,67,-4,4
41075,89,87,2,2
41076,58,64,-6,6
41077,71,68,3,3
41078,91,96,-5,5
41079,64,61,3,3
41080,134,128,6,6
41081,144,140,4,4
41082,46,68,-22,22
41083,79,90,-11,11
41084,137,120,17,17
41085,71,74,-3,3
41086,88,83,5,5
41087,99,93,6,6
41088,77,83,-6,6
41089,71,74,-3,3
41090,66,67,-1,1
41091,57,64,-7,7
41092,107,104,3,3
41093,157,152,5,5
41094,59,68,-9,9
41095,107,115,-8,8
41096,150,134,16,16
41097,97,98,-1,1
41098,56,60,-4,4
41099,122,118,4,4
41100,118,103,15,15
41101,98,74,24,24
41102,87,93,-6,6
41103,84,70,14,14
41104,67,66,1,1
41105,97,98,-1,1
41106,110,111,-1,1
41107,75,77,-2,2
41108,49,56,-7,7
41109,121,127,-6,6
41110,124,118,6,6
41111,86,84,2,2
41112,91,91,0,0
41113,74,69,5,5
41114,87,77,10,10
41115,61,66,-5,5
41116,76,79,-3,3
41117,169,165,4,4
41118,79,78,1,1
41119,85,95,-10,10
41120,129,117,12,12
41121,68,71,-3,3
41122,88,112,-24,24
41123,136,124,12,12
41124,81,86,-5,5
41125,143,145,-2,2
41126,66,68,-2,2
41127,90,98,-8,8
41128,69,70,-1,1
41129,129,132,-3,3
41130,77,87,-10,10
41131,128,125,3,3
41132,110,113,-3,3
41133,125,121,4,4
41134,82,77,5,5
41135,147,133,14,14
41136,77,84,-7,7
41137,81,70,11,11
41138,91,89,2,2
41139,106,92,14,14
41140,65,70,-5,5
41141,59,61,-2,2
41142,107,111,-4,4
41143,75,84,-9,9
41144,86,99,-13,13
41145,92,92,0,0
41146,87,89,-2,2
41147,115,122,-7,7
41148,70,73,-3,3
41149,78,71,7,7
41150,77,74,3,3
41151,142,147,-5,5
41152,161,152,9,9
41153,145,130,15,15
41154,102,99,3,3
41155,68,70,-2,2
41156,81,87,-6,6
41157,92,84,8,8
41158,91,92,-1,1
41159,87,86,1,1
41160,168,158,10,10
41161,58,60,-2,2
41162,119,101,18,18
41163,55,56,-1,1
41164,69,73,-4,4
41165,69,70,-1,1
41166,99,100,-1,1
41167,72,72,0,0
41168,82,90,-8,8
41169,134,124,10,10
41170,88,82,6,6
41171,61,69,-8,8
41172,77,80,-3,3
41173,106,108,-2,2
41174,89,91,-2,2
41175,90,90,0,0
41176,102,110,-8,8
41177,77,74,3,3
41178,63,65,-2,2
41179,76,76,0,0
41180,67,64,3,3
41181,64,76,-12,12
41182,66,71,-5,5
41183,126,122,4,4
41184,91,99,-8,8
41185,148,125,23,23
41186,111,104,7,7
41187,58,68,-10,10
41188,93,88,5,5
41189,80,77,3,3
41190,173,159,14,14
41191,80,76,4,4
41192,117,108,9,9
41193,69,63,6,6
41194,115,113,2,2
41195,122,111,11,11
41196,76,80,-4,4
41197,89,74,15,15
41198,92,107,-15,15
41199,101,99,2,2
41200,156,143,13,13
41201,88,89,-1,1
41202,61,62,-1,1
41203,80,77,3,3
41204,128,124,4,4
41205,101,94,7,7
41206,114,110,4,4
41207,142,123,19,19
41208,53,55,-2,2
41209,138,129,9,9
41210,49,56,-7,7
41211,146,123,23,23
41212,91,83,8,8
41213,136,142,-6,6
41214,60,71,-11,11
41215,147,135,12,12
41216,86,85,1,1
41217,71,68,3,3
41218,127,148,-21,21
41219,62,68,-6,6
41220,109,101,8,8
41221,69,72,-3,3
41222,186,175,11,11
41223,44,54,-10,10
41224,39,45,-6,6
41225,89,94,-5,5
41226,113,117,-4,4
41227,65,66,-1,1
41228,63,71,-8,8
41229,61,68,-7,7
41230,132,123,9,9
41231,70,76,-6,6
41232,179,172,7,7
41233,103,107,-4,4
41234,118,106,12,12
41235,71,72,-1,1
41236,156,138,18,18
41237,95,92,3,3
41238,108,112,-4,4
41239,92,94,-2,2
41240,125,114,11,11
41241,103,92,11,11
41242,87,77,10,10
41243,57,67,-10,10
41244,95,95,0,0
41245,207,208,-1,1
41246,72,77,-5,5
41247,158,151,7,7
41248,78,81,-3,3
41249,59,67,-8,8
41250,77,72,5,5
41251,78,73,5,5
41252,120,106,14,14
41253,137,125,12,12
41254,71,68,3,3
41255,117,112,5,5
41256,97,97,0,0
41257,108,108,0,0
41258,64,72,-8,8
41259,125,113,12,12
41260,57,56,1,1
41261,47,55,-8,8
41262,110,99,11,11
41263,173,174,-1,1
41264,70,67,3,3
41265,112,107,5,5
41266,69,71,-2,2
41267,95,90,5,5
41268,50,52,-2,2
41269,60,63,-3,3
41270,108,107,1,1
41271,88,89,-1,1
41272,141,157,-16,16
41273,65,69,-4,4
41274,111,122,-11,11
41275,110,99,11,11
41276,156,128,28,28
41277,70,90,-20,20
41278,77,87,-10,10
41279,111,106,5,5
41280,77,78,-1,1
41281,132,142,-10,10
41282,94,86,8,8
41283,87,91,-4,4
41284,71,77,-6,6
41285,69,77,-8,8
41286,57,61,-4,4
41287,63,69,-6,6
41288,170,164,6,6
41289,99,97,2,2
41290,91,91,0,0
41291,75,83,-8,8
41292,155,148,7,7
41293,169,155,14,14
41294,121,112,9,9
41295,56,60,-4,4
41296,73,74,-1,1
41297,142,75,67,67
41298,76,86,-10,10
41299,117,118,-1,1
41300,113,116,-3,3
41301,63,59,4,4
41302,146,129,17,17
41303,71,68,3,3
41304,68,68,0,0
41305,96,95,1,1
41306,64,70,-6,6
41307,79,72,7,7
41308,77,76,1,1
41309,54,61,-7,7
41310,81,86,-5,5
41311,106,110,-4,4
41312,130,119,11,11
41313,63,66,-3,3
41314,74,78,-4,4
41315,87,89,-2,2
41316,97,96,1,1
41317,136,141,-5,5
41318,78,76,2,2
41319,114,103,11,11
41320,172,189,-17,17
41321,69,85,-16,16
41322,55,66,-11,11
41323,68,68,0,0
41324,84,81,3,3
41325,64,63,1,1
41326,44,55,-11,11
41327,98,93,5,5
41328,118,119,-1,1
41329,115,107,8,8
41330,151,143,8,8
41331,66,69,-3,3
41332,150,125,25,25
41333,94,89,5,5
41334,83,91,-8,8
41335,138,125,13,13
41336,96,94,2,2
41337,117,112,5,5
41338,32,44,-12,12
41339,167,157,10,10
41340,162,136,26,26
41341,120,123,-3,3
41342,84,85,-1,1
41343,64,66,-2,2
41344,147,139,8,8
41345,74,78,-4,4
41346,42,56,-14,14
41347,65,76,-11,11
41348,87,73,14,14
41349,101,107,-6,6
41350,64,64,0,0
41351,54,66,-12,12
41352,99,102,-3,3
41353,60,67,-7,7
41354,62,67,-5,5
41355,134,122,12,12
41356,79,82,-3,3
41357,74,74,0,0
41358,103,111,-8,8
41359,160,157,3,3
41360,103,100,3,3
41361,96,97,-1,1
41362,66,64,2,2
41363,72,68,4,4
41364,69,74,-5,5
41365,115,113,2,2
41366,74,70,4,4
41367,47,56,-9,9
41368,116,102,14,14
41369,75,83,-8,8
41370,74,85,-11,11
41371,138,129,9,9
41372,83,85,-2,2
41373,78,84,-6,6
41374,144,131,13,13
41375,94,91,3,3
41376,91,86,5,5
41377,97,100,-3,3
41378,79,78,1,1
41379,87,88,-1,1
41380,50,58,-8,8
41381,61,61,0,0
41382,66,77,-11,11
41383,83,81,2,2
41384,69,67,2,2
41385,117,101,16,16
41386,123,113,10,10
41387,152,128,24,24
41388,53,57,-4,4
41389,41,70,-29,29
41390,120,109,11,11
41391,50,59,-9,9
41392,103,103,0,0
41393,59,76,-17,17
41394,146,135,11,11
41395,74,69,5,5
41396,119,110,9,9
41397,100,101,-1,1
41398,109,99,10,10
41399,140,125,15,15
41400,104,101,3,3
41401,118,122,-4,4
41402,129,114,15,15
41403,62,66,-4,4
41404,80,84,-4,4
41405,67,70,-3,3
41406,45,55,-10,10
41407,111,112,-1,1
41408,110,112,-2,2
41409,68,72,-4,4
41410,84,99,-15,15
41411,132,114,18,18
41412,67,68,-1,1
41413,66,69,-3,3
41414,53,66,-13,13
41415,88,90,-2,2
41416,115,116,-1,1
41417,142,141,1,1
41418,134,132,2,2
41419,108,106,2,2
41420,63,69,-6,6
41421,68,64,4,4
41422,96,88,8,8
41423,73,77,-4,4
41424,88,92,-4,4
41425,107,99,8,8
41426,114,128,-14,14
41427,132,128,4,4
41428,64,72,-8,8
41429,73,69,4,4
41430,109,100,9,9
41431,65,66,-1,1
41432,138,109,29,29
41433,103,97,6,6
41434,132,124,8,8
41435,67,68,-1,1
41436,70,72,-2,2
41437,114,130,-16,16
41438,54,62,-8,8
41439,87,81,6,6
41440,57,64,-7,7
41441,163,159,4,4
41442,83,86,-3,3
41443,48,53,-5,5
41444,62,70,-8,8
41445,110,100,10,10
41446,64,67,-3,3
41447,154,144,10,10
41448,119,113,6,6
41449,81,90,-9,9
41450,76,78,-2,2
41451,125,103,22,22
41452,82,79,3,3
41453,140,133,7,7
41454,58,58,0,0
41455,90,84,6,6
41456,94,89,5,5
41457,70,74,-4,4
41458,126,113,13,13
41459,42,50,-8,8
41460,96,90,6,6
41461,144,126,18,18
41462,84,76,8,8
41463,91,89,2,2
41464,89,87,2,2
41465,68,71,-3,3
41466,74,75,-1,1
41467,73,72,1,1
41468,95,84,11,11
41469,141,122,19,19
41470,144,130,14,14
41471,115,114,1,1
41472,126,112,14,14
41473,81,78,3,3
41474,70,67,3,3
41475,101,102,-1,1
41476,36,49,-13,13
41477,103,97,6,6
41478,50,59,-9,9
41479,108,97,11,11
41480,168,170,-2,2
41481,89,97,-8,8
41482,128,119,9,9
41483,87,77,10,10
41484,72,66,6,6
41485,166,157,9,9
41486,75,73,2,2
41487,116,115,1,1
41488,66,68,-2,2
41489,89,95,-6,6
41490,72,78,-6,6
41491,103,112,-9,9
41492,82,87,-5,5
41493,108,110,-2,2
41494,115,102,13,13
41495,154,166,-12,12
41496,96,99,-3,3
41497,70,71,-1,1
41498,105,101,4,4
41499,103,108,-5,5
41500,80,84,-4,4
41501,167,138,29,29
41502,131,130,1,1
41503,87,89,-2,2
41504,83,87,-4,4
41505,221,198,23,23
41506,67,67,0,0
41507,114,112,2,2
41508,88,77,11,11
41509,80,75,5,5
41510,183,169,14,14
41511,67,72,-5,5
41512,172,154,18,18
41513,56,54,2,2
41514,60,62,-2,2
41515,60,60,0,0
41516,77,78,-1,1
41517,85,77,8,8
41518,64,70,-6,6
41519,88,93,-5,5
41520,143,125,18,18
41521,148,145,3,3
41522,73,74,-1,1
41523,97,99,-2,2
41524,85,95,-10,10
41525,62,61,1,1
41526,82,78,4,4
41527,63,62,1,1
41528,55,58,-3,3
41529,133,124,9,9
41530,96,99,-3,3
41531,98,98,0,0
41532,67,68,-1,1
41533,104,110,-6,6
41534,118,151,-33,33
41535,83,92,-9,9
41536,110,113,-3,3
41537,138,127,11,11
41538,79,75,4,4
41539,75,71,4,4
41540,67,68,-1,1
41541,59,64,-5,5
41542,63,61,2,2
41543,125,115,10,10
41544,156,154,2,2
41545,88,82,6,6
41546,106,103,3,3
41547,88,86,2,2
41548,126,126,0,0
41549,71,78,-7,7
41550,109,106,3,3
41551,61,99,-38,38
41552,100,103,-3,3
41553,157,129,28,28
41554,168,160,8,8
41555,110,106,4,4
41556,92,97,-5,5
41557,118,124,-6,6
41558,159,156,3,3
41559,67,68,-1,1
41560,78,90,-12,12
41561,93,95,-2,2
41562,76,75,1,1
41563,156,144,12,12
41564,63,72,-9,9
41565,87,85,2,2
41566,79,76,3,3
41567,56,59,-3,3
41568,65,66,-1,1
41569,99,100,-1,1
41570,90,81,9,9
41571,108,111,-3,3
41572,59,61,-2,2
41573,48,74,-26,26
41574,73,70,3,3
41575,111,102,9,9
41576,69,69,0,0
41577,149,126,23,23
41578,87,78,9,9
41579,87,81,6,6
41580,85,83,2,2
41581,112,98,14,14
41582,78,93,-15,15
41583,74,74,0,0
41584,85,85,0,0
41585,77,83,-6,6
41586,113,103,10,10
41587,106,102,4,4
41588,61,71,-10,10
41589,82,89,-7,7
41590,115,115,0,0
41591,51,57,-6,6
41592,109,94,15,15
41593,61,63,-2,2
41594,60,67,-7,7
41595,129,121,8,8
41596,152,123,29,29
41597,90,85,5,5
41598,204,189,15,15
41599,95,88,7,7
41600,81,86,-5,5
41601,75,76,-1,1
41602,95,90,5,5
41603,108,108,0,0
41604,140,124,16,16
41605,47,52,-5,5
41606,92,82,10,10
41607,127,129,-2,2
41608,64,72,-8,8
41609,86,76,10,10
41610,83,77,6,6
41611,86,96,-10,10
41612,110,108,2,2
41613,128,125,3,3
41614,152,145,7,7
41615,106,112,-6,6
41616,71,75,-4,4
41617,70,78,-8,8
41618,71,71,0,0
41619,80,86,-6,6
41620,10,29,-19,19
41621,95,88,7,7
41622,88,86,2,2
41623,55,49,6,6
41624,96,81,15,15
41625,114,100,14,14
41626,113,105,8,8
41627,115,105,10,10
41628,50,57,-7,7
41629,130,124,6,6
41630,130,120,10,10
41631,85,84,1,1
41632,72,73,-1,1
41633,177,165,12,12
41634,90,96,-6,6
41635,131,137,-6,6
41636,68,74,-6,6
41637,46,56,-10,10
41638,96,99,-3,3
41639,161,143,18,18
41640,60,62,-2,2
41641,73,76,-3,3
41642,50,57,-7,7
41643,60,57,3,3
41644,122,115,7,7
41645,136,126,10,10
41646,90,85,5,5
41647,131,122,9,9
41648,95,90,5,5
41649,66,70,-4,4
41650,105,112,-7,7
41651,82,79,3,3
41652,107,105,2,2
41653,61,62,-1,1
41654,136,123,13,13
41655,128,132,-4,4
41656,66,75,-9,9
41657,125,122,3,3
41658,69,68,1,1
41659,68,79,-11,11
41660,84,86,-2,2
41661,47,58,-11,11
41662,77,78,-1,1
41663,113,104,9,9
41664,155,153,2,2
41665,88,95,-7,7
41666,76,75,1,1
41667,104,141,-37,37
41668,43,51,-8,8
41669,69,75,-6,6
41670,94,101,-7,7
41671,121,115,6,6
41672,178,162,16,16
41673,69,65,4,4
41674,113,113,0,0
41675,118,113,5,5
41676,86,86,0,0
41677,71,71,0,0
41678,112,111,1,1
41679,114,104,10,10
41680,68,65,3,3
41681,75,75,0,0
41682,103,96,7,7
41683,71,74,-3,3
41684,57,60,-3,3
41685,88,88,0,0
41686,165,149,16,16
41687,79,79,0,0
41688,133,131,2,2
41689,125,113,12,12
41690,91,105,-14,14
41691,117,115,2,2
41692,108,103,5,5
41693,101,100,1,1
41694,61,66,-5,5
41695,170,151,19,19
41696,152,139,13,13
41697,86,87,-1,1
41698,89,87,2,2
41699,137,126,11,11
41700,107,106,1,1
41701,145,134,11,11
41702,152,151,1,1
41703,89,78,11,11
41704,81,79,2,2
41705,102,106,-4,4
41706,85,92,-7,7
41707,70,72,-2,2
41708,85,84,1,1
41709,105,102,3,3
41710,79,69,10,10
41711,55,67,-12,12
41712,94,92,2,2
41713,49,60,-11,11
41714,42,48,-6,6
41715,302,238,64,64
41716,116,109,7,7
41717,68,69,-1,1
41718,81,85,-4,4
41719,98,111,-13,13
41720,120,107,13,13
41721,135,137,-2,2
41722,85,88,-3,3
41723,76,79,-3,3
41724,125,121,4,4
41725,26,35,-9,9
41726,111,94,17,17
41727,152,134,18,18
41728,85,84,1,1
41729,99,103,-4,4
41730,98,113,-15,15
41731,99,98,1,1
41732,81,76,5,5
41733,98,105,-7,7
41734,101,90,11,11
41735,64,67,-3,3
41736,185,175,10,10
41737,97,98,-1,1
41738,93,100,-7,7
41739,65,68,-3,3
41740,89,91,-2,2
41741,53,61,-8,8
41742,96,95,1,1
41743,133,123,10,10
41744,149,130,19,19
41745,155,140,15,15
41746,86,78,8,8
41747,64,65,-1,1
41748,133,120,13,13
41749,119,128,-9,9
41750,70,75,-5,5
41751,57,61,-4,4
41752,56,64,-8,8
41753,55,58,-3,3
41754,57,64,-7,7
41755,106,107,-1,1
41756,85,94,-9,9
41757,80,81,-1,1
41758,71,85,-14,14
41759,79,95,-16,16
41760,72,77,-5,5
41761,67,64,3,3
41762,200,177,23,23
41763,55,61,-6,6
41764,103,102,1,1
41765,80,79,1,1
41766,113,112,1,1
41767,34,69,-35,35
41768,77,84,-7,7
41769,145,136,9,9
41770,143,147,-4,4
41771,100,98,2,2
41772,53,47,6,6
41773,61,90,-29,29
41774,109,113,-4,4
41775,86,77,9,9
41776,72,75,-3,3
41777,86,94,-8,8
41778,115,126,-11,11
41779,74,79,-5,5
41780,85,85,0,0
41781,97,93,4,4
41782,111,108,3,3
41783,63,83,-20,20
41784,104,105,-1,1
41785,101,101,0,0
41786,110,102,8,8
41787,72,79,-7,7
41788,128,124,4,4
41789,74,87,-13,13
41790,108,98,10,10
41791,110,108,2,2
41792,68,68,0,0
41793,41,48,-7,7
41794,153,157,-4,4
41795,115,114,1,1
41796,58,67,-9,9
41797,45,68,-23,23
41798,92,91,1,1
41799,57,63,-6,6
41800,125,112,13,13
41801,82,87,-5,5
41802,61,65,-4,4
41803,148,136,12,12
41804,72,72,0,0
41805,108,110,-2,2
41806,97,107,-10,10
41807,134,122,12,12
41808,50,54,-4,4
41809,66,66,0,0
41810,61,57,4,4
41811,91,88,3,3
41812,133,126,7,7
41813,131,113,18,18
41814,67,76,-9,9
41815,112,107,5,5
41816,100,112,-12,12
41817,193,179,14,14
41818,90,82,8,8
41819,77,74,3,3
41820,80,82,-2,2
41821,117,113,4,4
41822,87,91,-4,4
41823,64,69,-5,5
41824,61,63,-2,2
41825,120,124,-4,4
41826,119,120,-1,1
41827,137,120,17,17
41828,54,56,-2,2
41829,162,143,19,19
41830,152,151,1,1
41831,69,64,5,5
41832,80,78,2,2
41833,92,92,0,0
41834,96,89,7,7
41835,107,112,-5,5
41836,71,75,-4,4
41837,83,90,-7,7
41838,89,95,-6,6
41839,121,113,8,8
41840,81,85,-4,4
41841,112,115,-3,3
41842,147,124,23,23
41843,62,64,-2,2
41844,129,124,5,5
41845,74,79,-5,5
41846,168,144,24,24
41847,47,51,-4,4
41848,128,131,-3,3
41849,49,58,-9,9
41850,56,61,-5,5
41851,89,84,5,5
41852,67,70,-3,3
41853,68,78,-10,10
41854,114,113,1,1
41855,137,148,-11,11
41856,122,113,9,9
41857,74,75,-1,1
41858,67,67,0,0
41859,129,123,6,6
41860,139,137,2,2
41861,62,67,-5,5
41862,100,98,2,2
41863,88,85,3,3
41864,64,66,-2,2
41865,92,85,7,7
41866,119,133,-14,14
41867,81,84,-3,3
41868,59,63,-4,4
41869,106,100,6,6
41870,94,91,3,3
41871,112,101,11,11
41872,80,84,-4,4
41873,101,109,-8,8
41874,135,122,13,13
41875,135,122,13,13
41876,104,96,8,8
41877,85,87,-2,2
41878,176,160,16,16
41879,79,77,2,2
41880,69,67,2,2
41881,41,45,-4,4
41882,47,50,-3,3
41883,67,72,-5,5
41884,69,76,-7,7
41885,51,56,-5,5
41886,73,81,-8,8
41887,108,103,5,5
41888,47,48,-1,1
41889,120,124,-4,4
41890,117,111,6,6
41891,91,100,-9,9
41892,110,114,-4,4
41893,82,78,4,4
41894,97,97,0,0
41895,92,92,0,0
41896,72,74,-2,2
41897,74,69,5,5
41898,80,96,-16,16
41899,49,53,-4,4
41900,133,126,7,7
41901,85,88,-3,3
41902,116,112,4,4
41903,72,71,1,1
41904,125,120,5,5
41905,91,92,-1,1
41906,103,99,4,4
41907,110,106,4,4
41908,102,103,-1,1
41909,111,101,10,10
41910,50,64,-14,14
41911,50,53,-3,3
41912,106,103,3,3
41913,79,78,1,1
41914,138,122,16,16
41915,110,113,-3,3
41916,59,65,-6,6
41917,72,71,1,1
41918,190,167,23,23
41919,93,89,4,4
41920,47,48,-1,1
41921,46,58,-12,12
41922,135,127,8,8
41923,56,69,-13,13
41924,67,67,0,0
41925,101,100,1,1
41926,78,77,1,1
41927,61,74,-13,13
41928,43,55,-12,12
41929,142,139,3,3
41930,88,94,-6,6
41931,119,114,5,5
41932,146,126,20,20
41933,93,97,-4,4
41934,109,109,0,0
41935,105,101,4,4
41936,98,101,-3,3
41937,75,74,1,1
41938,78,84,-6,6
41939,101,112,-11,11
41940,88,104,-16,16
41941,133,132,1,1
41942,66,67,-1,1
41943,101,97,4,4
41944,94,97,-3,3
41945,86,83,3,3
41946,95,90,5,5
41947,96,102,-6,6
41948,83,84,-1,1
41949,119,97,22,22
41950,116,114,2,2
41951,92,87,5,5
41952,89,97,-8,8
41953,215,209,6,6
41954,96,95,1,1
41955,138,125,13,13
41956,73,75,-2,2
41957,72,80,-8,8
41958,83,93,-10,10
41959,119,113,6,6
41960,83,83,0,0
41961,140,127,13,13
41962,164,147,17,17
41963,105,96,9,9
41964,109,93,16,16
41965,100,96,4,4
41966,95,97,-2,2
41967,85,78,7,7
41968,83,85,-2,2
41969,148,137,11,11
41970,95,100,-5,5
41971,110,122,-12,12
41972,104,113,-9,9
41973,125,138,-13,13
41974,110,121,-11,11
41975,109,104,5,5
41976,87,79,8,8
41977,166,159,7,7
41978,68,84,-16,16
41979,104,92,12,12
41980,127,103,24,24
41981,60,65,-5,5
41982,106,97,9,9
41983,58,64,-6,6
41984,59,61,-2,2
41985,98,96,2,2
41986,150,149,1,1
41987,107,111,-4,4
41988,75,84,-9,9
41989,95,98,-3,3
41990,82,83,-1,1
41991,101,85,16,16
41992,63,71,-8,8
41993,81,69,12,12
41994,60,63,-3,3
41995,121,113,8,8
41996,110,100,10,10
41997,73,78,-5,5
41998,62,69,-7,7
41999,66,70,-4,4
42000,87,92,-5,5
42001,130,136,-6,6
42002,84,87,-3,3
42003,142,134,8,8
42004,61,64,-3,3
42005,109,104,5,5
42006,147,135,12,12
42007,37,60,-23,23
42008,246,192,54,54
42009,61,69,-8,8
42010,111,104,7,7
42011,92,97,-5,5
42012,133,140,-7,7
42013,161,147,14,14
42014,128,135,-7,7
42015,73,68,5,5
42016,115,114,1,1
42017,159,151,8,8
42018,75,74,1,1
42019,85,98,-13,13
42020,79,82,-3,3
42021,103,98,5,5
42022,109,106,3,3
42023,89,90,-1,1
42024,158,153,5,5
42025,86,90,-4,4
42026,114,101,13,13
42027,145,134,11,11
42028,83,79,4,4
42029,142,138,4,4
42030,48,59,-11,11
42031,69,74,-5,5
42032,90,105,-15,15
42033,152,138,14,14
42034,72,77,-5,5
42035,93,94,-1,1
42036,59,65,-6,6
42037,142,131,11,11
42038,95,86,9,9
42039,152,133,19,19
42040,87,90,-3,3
42041,79,68,11,11
42042,80,82,-2,2
42043,89,93,-4,4
42044,74,72,2,2
42045,78,76,2,2
42046,100,99,1,1
42047,92,96,-4,4
42048,135,133,2,2
42049,112,111,1,1
42050,109,111,-2,2
42051,86,76,10,10
42052,80,76,4,4
42053,92,105,-13,13
42054,93,98,-5,5
42055,111,114,-3,3
42056,64,68,-4,4
42057,96,79,17,17
42058,79,94,-15,15
42059,148,158,-10,10
42060,74,85,-11,11
42061,91,82,9,9
42062,85,85,0,0
42063,104,99,5,5
42064,132,133,-1,1
42065,75,84,-9,9
42066,175,173,2,2
42067,77,70,7,7
42068,92,94,-2,2
42069,150,141,9,9
42070,35,54,-19,19
42071,79,66,13,13
42072,57,67,-10,10
42073,70,59,11,11
42074,117,130,-13,13
42075,84,85,-1,1
42076,51,76,-25,25
42077,88,96,-8,8
42078,83,84,-1,1
42079,89,80,9,9
42080,79,81,-2,2
42081,76,78,-2,2
42082,50,61,-11,11
42083,102,96,6,6
42084,111,123,-12,12
42085,82,88,-6,6
42086,114,122,-8,8
42087,99,91,8,8
42088,111,106,5,5
42089,99,102,-3,3
42090,68,66,2,2
42091,159,137,22,22
42092,78,78,0,0
42093,43,57,-14,14
42094,64,68,-4,4
42095,77,85,-8,8
42096,38,39,-1,1
42097,39,45,-6,6
42098,87,95,-8,8
42099,89,83,6,6
42100,101,101,0,0
42101,115,112,3,3
42102,101,99,2,2
42103,52,62,-10,10
42104,68,73,-5,5
42105,57,62,-5,5
42106,97,91,6,6
42107,80,86,-6,6
42108,95,93,2,2
42109,155,141,14,14
42110,74,74,0,0
42111,104,94,10,10
42112,63,71,-8,8
42113,28,38,-10,10
42114,96,94,2,2
42115,104,107,-3,3
42116,118,114,4,4
42117,81,75,6,6
42118,58,63,-5,5
42119,85,90,-5,5
42120,59,66,-7,7
42121,91,102,-11,11
42122,120,111,9,9
42123,58,52,6,6
42124,89,77,12,12
42125,101,106,-5,5
42126,89,87,2,2
42127,68,63,5,5
42128,122,111,11,11
42129,71,77,-6,6
42130,71,71,0,0
42131,75,96,-21,21
42132,130,131,-1,1
42133,103,91,12,12
42134,114,109,5,5
42135,145,137,8,8
42136,108,103,5,5
42137,102,102,0,0
42138,107,100,7,7
42139,97,97,0,0
42140,94,87,7,7
42141,70,72,-2,2
42142,91,93,-2,2
42143,92,97,-5,5
42144,60,67,-7,7
42145,83,85,-2,2
42146,92,85,7,7
42147,106,109,-3,3
42148,47,63,-16,16
42149,72,69,3,3
42150,137,127,10,10
42151,69,72,-3,3
42152,69,63,6,6
42153,123,114,9,9
42154,77,84,-7,7
42155,74,68,6,6
42156,144,144,0,0
42157,132,126,6,6
42158,109,104,5,5
42159,93,94,-1,1
42160,56,59,-3,3
42161,125,118,7,7
42162,54,66,-12,12
42163,127,116,11,11
42164,96,97,-1,1
42165,106,95,11,11
42166,98,100,-2,2
42167,97,97,0,0
42168,65,69,-4,4
42169,91,85,6,6
42170,90,93,-3,3
42171,135,123,12,12
42172,109,118,-9,9
42173,101,97,4,4
42174,80,78,2,2
42175,105,109,-4,4
42176,64,65,-1,1
42177,155,151,4,4
42178,119,122,-3,3
42179,76,68,8,8
42180,122,116,6,6
42181,59,64,-5,5
42182,63,67,-4,4
42183,92,97,-5,5
42184,101,100,1,1
42185,100,97,3,3
42186,88,95,-7,7
42187,98,95,3,3
42188,153,134,19,19
42189,92,88,4,4
42190,76,72,4,4
42191,110,104,6,6
42192,86,92,-6,6
42193,130,124,6,6
42194,126,129,-3,3
42195,78,72,6,6
42196,77,76,1,1
42197,104,103,1,1
42198,126,134,-8,8
42199,79,78,1,1
42200,117,122,-5,5
42201,45,54,-9,9
42202,100,101,-1,1
42203,83,70,13,13
42204,134,128,6,6
42205,83,78,5,5
42206,90,97,-7,7
42207,86,92,-6,6
42208,89,90,-1,1
42209,60,68,-8,8
42210,78,79,-1,1
42211,120,121,-1,1
42212,72,78,-6,6
42213,104,103,1,1
42214,188,169,19,19
42215,93,92,1,1
42216,159,143,16,16
42217,80,78,2,2
42218,96,99,-3,3
42219,114,114,0,0
42220,113,113,0,0
42221,62,72,-10,10
42222,140,132,8,8
42223,157,141,16,16
42224,61,69,-8,8
42225,95,104,-9,9
42226,130,125,5,5
42227,134,139,-5,5
42228,84,87,-3,3
42229,83,84,-1,1
42230,96,98,-2,2
42231,85,83,2,2
42232,117,123,-6,6
42233,49,55,-6,6
42234,55,59,-4,4
42235,116,99,17,17
42236,65,69,-4,4
42237,86,85,1,1
42238,58,72,-14,14
42239,55,63,-8,8
42240,109,104,5,5
42241,109,97,12,12
42242,115,107,8,8
42243,131,111,20,20
42244,79,83,-4,4
42245,74,80,-6,6
42246,114,108,6,6
42247,125,113,12,12
42248,90,83,7,7
42249,81,84,-3,3
42250,109,104,5,5
42251,90,86,4,4
42252,58,58,0,0
42253,67,71,-4,4
42254,88,84,4,4
42255,71,83,-12,12
42256,118,131,-13,13
42257,109,109,0,0
42258,75,97,-22,22
42259,38,46,-8,8
42260,173,160,13,13
42261,153,148,5,5
42262,66,62,4,4
42263,58,64,-6,6
42264,44,52,-8,8
42265,86,79,7,7
42266,100,98,2,2
42267,86,90,-4,4
42268,106,103,3,3
42269,80,78,2,2
42270,84,81,3,3
42271,76,76,0,0
42272,96,92,4,4
42273,90,91,-1,1
42274,116,124,-8,8
42275,196,168,28,28
42276,103,100,3,3
42277,95,98,-3,3
42278,68,69,-1,1
42279,96,86,10,10
42280,109,100,9,9
42281,86,92,-6,6
42282,174,167,7,7
42283,78,85,-7,7
42284,47,55,-8,8
42285,96,94,2,2
42286,92,94,-2,2
42287,79,71,8,8
42288,85,83,2,2
42289,113,118,-5,5
42290,96,97,-1,1
42291,80,77,3,3
42292,43,47,-4,4
42293,93,100,-7,7
42294,63,72,-9,9
42295,96,91,5,5
42296,103,101,2,2
42297,53,64,-11,11
42298,99,94,5,5
42299,79,83,-4,4
42300,70,69,1,1
42301,106,95,11,11
42302,104,134,-30,30
42303,141,135,6,6
42304,99,89,10,10
42305,96,95,1,1
42306,55,56,-1,1
42307,99,100,-1,1
42308,116,117,-1,1
42309,64,93,-29,29
42310,152,134,18,18
42311,63,69,-6,6
42312,78,76,2,2
42313,123,131,-8,8
42314,126,124,2,2
42315,79,73,6,6
42316,92,77,15,15
42317,94,101,-7,7
42318,200,181,19,19
42319,157,152,5,5
42320,80,83,-3,3
42321,57,62,-5,5
42322,141,136,5,5
42323,60,67,-7,7
42324,85,78,7,7
42325,54,53,1,1
42326,159,160,-1,1
42327,150,133,17,17
42328,87,84,3,3
42329,47,64,-17,17
42330,96,96,0,0
42331,82,79,3,3
42332,74,71,3,3
42333,120,120,0,0
42334,109,91,18,18
42335,86,91,-5,5
42336,129,123,6,6
42337,196,180,16,16
42338,178,160,18,18
42339,105,98,7,7
42340,61,67,-6,6
42341,67,71,-4,4
42342,109,107,2,2
42343,111,122,-11,11
42344,52,67,-15,15
42345,89,82,7,7
42346,71,83,-12,12
42347,111,107,4,4
42348,40,42,-2,2
42349,79,88,-9,9
42350,99,96,3,3
42351,96,96,0,0
42352,63,63,0,0
42353,103,123,-20,20
42354,97,109,-12,12
42355,90,92,-2,2
42356,119,105,14,14
42357,176,159,17,17
42358,97,100,-3,3
42359,131,134,-3,3
42360,86,76,10,10
42361,77,75,2,2
42362,84,84,0,0
42363,70,67,3,3
42364,109,109,0,0
42365,121,117,4,4
42366,125,133,-8,8
42367,150,126,24,24
42368,103,98,5,5
42369,151,127,24,24
42370,58,63,-5,5
42371,64,64,0,0
42372,122,120,2,2
42373,104,97,7,7
42374,92,87,5,5
42375,100,98,2,2
42376,142,127,15,15
42377,93,88,5,5
42378,120,112,8,8
42379,75,83,-8,8
42380,106,100,6,6
42381,60,62,-2,2
42382,83,85,-2,2
42383,98,98,0,0
42384,56,52,4,4
42385,37,43,-6,6
42386,97,87,10,10
42387,152,147,5,5
42388,97,91,6,6
42389,76,74,2,2
42390,80,91,-11,11
42391,56,61,-5,5
42392,108,97,11,11
42393,128,107,21,21
42394,117,112,5,5
42395,103,99,4,4
42396,31,49,-18,18
42397,84,78,6,6
42398,92,94,-2,2
42399,115,126,-11,11
42400,128,130,-2,2
42401,128,119,9,9
42402,75,83,-8,8
42403,72,94,-22,22
42404,95,88,7,7
42405,56,61,-5,5
42406,83,95,-12,12
42407,97,102,-5,5
42408,109,96,13,13
42409,126,115,11,11
42410,135,135,0,0
42411,75,76,-1,1
42412,73,72,1,1
42413,89,89,0,0
42414,94,95,-1,1
42415,81,81,0,0
42416,78,79,-1,1
42417,79,75,4,4
42418,78,82,-4,4
42419,105,111,-6,6
42420,112,106,6,6
42421,75,69,6,6
42422,98,97,1,1
42423,94,95,-1,1
42424,56,66,-10,10
42425,92,86,6,6
42426,68,72,-4,4
42427,104,103,1,1
42428,144,122,22,22
42429,50,62,-12,12
42430,51,55,-4,4
42431,61,75,-14,14
42432,83,89,-6,6
42433,28,43,-15,15
42434,99,104,-5,5
42435,83,89,-6,6
42436,162,149,13,13
42437,104,99,5,5
42438,88,93,-5,5
42439,95,91,4,4
42440,116,109,7,7
42441,144,133,11,11
42442,69,59,10,10
42443,102,112,-10,10
42444,116,114,2,2
42445,61,65,-4,4
42446,108,109,-1,1
42447,55,60,-5,5
42448,142,131,11,11
42449,156,145,11,11
42450,129,114,15,15
42451,180,167,13,13
42452,111,113,-2,2
42453,179,172,7,7
42454,89,93,-4,4
42455,114,109,5,5
42456,96,90,6,6
42457,117,114,3,3
42458,64,68,-4,4
42459,57,60,-3,3
42460,54,63,-9,9
42461,95,90,5,5
42462,89,70,19,19
42463,109,99,10,10
42464,76,81,-5,5
42465,67,67,0,0
42466,65,68,-3,3
42467,76,86,-10,10
42468,92,92,0,0
42469,92,91,1,1
42470,74,72,2,2
42471,92,86,6,6
42472,80,77,3,3
42473,89,92,-3,3
42474,43,51,-8,8
42475,69,74,-5,5
42476,88,90,-2,2
42477,84,93,-9,9
42478,115,111,4,4
42479,56,57,-1,1
42480,95,99,-4,4
42481,80,94,-14,14
42482,80,76,4,4
42483,98,97,1,1
42484,49,56,-7,7
42485,91,85,6,6
42486,64,70,-6,6
42487,53,63,-10,10
42488,85,78,7,7
42489,98,97,1,1
42490,100,92,8,8
42491,69,72,-3,3
42492,48,53,-5,5
42493,105,97,8,8
42494,163,143,20,20
42495,150,148,2,2
42496,85,88,-3,3
42497,128,127,1,1
42498,99,105,-6,6
42499,103,97,6,6
42500,128,113,15,15
42501,107,110,-3,3
42502,55,68,-13,13
42503,84,96,-12,12
42504,90,98,-8,8
42505,90,97,-7,7
42506,72,70,2,2
42507,91,92,-1,1
42508,87,95,-8,8
42509,84,70,14,14
42510,42,49,-7,7
42511,65,70,-5,5
42512,131,127,4,4
42513,48,61,-13,13
42514,109,101,8,8
42515,85,93,-8,8
42516,66,63,3,3
42517,83,88,-5,5
42518,46,49,-3,3
42519,141,132,9,9
42520,59,68,-9,9
42521,87,85,2,2
42522,84,94,-10,10
42523,86,95,-9,9
42524,127,119,8,8
42525,111,115,-4,4
42526,102,106,-4,4
42527,65,71,-6,6
42528,70,70,0,0
42529,61,71,-10,10
42530,104,101,3,3
42531,111,111,0,0
42532,202,167,35,35
42533,100,92,8,8
42534,136,133,3,3
42535,35,46,-11,11
42536,40,47,-7,7
42537,115,111,4,4
42538,116,108,8,8
42539,72,67,5,5
42540,108,107,1,1
42541,106,115,-9,9
42542,62,68,-6,6
42543,127,117,10,10
42544,94,88,6,6
42545,89,83,6,6
42546,70,72,-2,2
42547,72,77,-5,5
42548,98,88,10,10
42549,96,91,5,5
42550,108,112,-4,4
42551,142,120,22,22
42552,77,77,0,0
42553,67,70,-3,3
42554,81,85,-4,4
42555,54,59,-5,5
42556,124,123,1,1
42557,110,114,-4,4
42558,101,99,2,2
42559,86,90,-4,4
42560,117,112,5,5
42561,111,104,7,7
42562,136,125,11,11
42563,78,73,5,5
42564,62,77,-15,15
42565,231,196,35,35
42566,180,179,1,1
42567,91,90,1,1
42568,134,130,4,4
42569,80,83,-3,3
42570,100,100,0,0
42571,123,120,3,3
42572,109,107,2,2
42573,70,72,-2,2
42574,57,60,-3,3
42575,148,137,11,11
42576,76,73,3,3
42577,70,75,-5,5
42578,82,79,3,3
42579,102,110,-8,8
42580,198,188,10,10
42581,56,57,-1,1
42582,94,97,-3,3
42583,97,99,-2,2
42584,103,94,9,9
42585,81,79,2,2
42586,102,96,6,6
42587,85,87,-2,2
42588,165,146,19,19
42589,50,60,-10,10
42590,124,121,3,3
42591,101,99,2,2
42592,79,77,2,2
42593,138,143,-5,5
42594,191,146,45,45
42595,162,153,9,9
42596,126,116,10,10
42597,103,105,-2,2
42598,49,57,-8,8
42599,113,118,-5,5
42600,100,97,3,3
42601,118,115,3,3
42602,117,123,-6,6
42603,84,86,-2,2
42604,110,99,11,11
42605,128,113,15,15
42606,105,101,4,4
42607,59,58,1,1
42608,91,93,-2,2
42609,68,64,4,4
42610,72,82,-10,10
42611,135,130,5,5
42612,79,97,-18,18
42613,107,106,1,1
42614,30,44,-14,14
42615,70,73,-3,3
42616,105,103,2,2
42617,92,92,0,0
42618,177,167,10,10
42619,84,90,-6,6
42620,67,77,-10,10
42621,150,123,27,27
42622,65,86,-21,21
42623,69,73,-4,4
42624,94,90,4,4
42625,87,74,13,13
42626,73,84,-11,11
42627,70,77,-7,7
42628,93,89,4,4
42629,110,103,7,7
42630,87,76,11,11
42631,109,110,-1,1
42632,71,77,-6,6
42633,103,105,-2,2
42634,152,142,10,10
42635,70,73,-3,3
42636,125,108,17,17
42637,91,95,-4,4
42638,172,162,10,10
42639,60,69,-9,9
42640,99,122,-23,23
42641,61,63,-2,2
42642,91,90,1,1
42643,94,88,6,6
42644,135,125,10,10
42645,43,59,-16,16
42646,83,88,-5,5
42647,93,91,2,2
42648,116,112,4,4
42649,131,105,26,26
42650,140,144,-4,4
42651,101,106,-5,5
42652,160,142,18,18
42653,157,132,25,25
42654,147,172,-25,25
42655,151,145,6,6
42656,162,155,7,7
42657,52,98,-46,46
42658,77,72,5,5
42659,86,85,1,1
42660,86,92,-6,6
42661,91,84,7,7
42662,118,109,9,9
42663,103,96,7,7
42664,103,101,2,2
42665,74,76,-2,2
42666,119,112,7,7
42667,89,89,0,0
42668,107,102,5,5
42669,109,140,-31,31
42670,85,94,-9,9
42671,70,68,2,2
42672,86,87,-1,1
42673,105,101,4,4
42674,98,101,-3,3
42675,75,77,-2,2
42676,50,61,-11,11
42677,67,70,-3,3
42678,76,75,1,1
42679,80,74,6,6
42680,124,126,-2,2
42681,60,69,-9,9
42682,73,73,0,0
42683,52,56,-4,4
42684,102,100,2,2
42685,29,38,-9,9
42686,66,75,-9,9
42687,80,74,6,6
42688,76,75,1,1
42689,107,106,1,1
42690,68,62,6,6
42691,129,119,10,10
42692,51,52,-1,1
42693,131,132,-1,1
42694,73,77,-4,4
42695,157,146,11,11
42696,96,103,-7,7
42697,19,53,-34,34
42698,109,100,9,9
42699,67,69,-2,2
42700,132,130,2,2
42701,156,124,32,32
42702,85,97,-12,12
42703,90,91,-1,1
42704,85,83,2,2
42705,44,57,-13,13
42706,150,130,20,20
42707,65,68,-3,3
42708,91,104,-13,13
42709,63,77,-14,14
42710,80,85,-5,5
42711,163,163,0,0
42712,110,101,9,9
42713,100,98,2,2
42714,89,84,5,5
42715,51,55,-4,4
42716,97,102,-5,5
42717,82,85,-3,3
42718,85,85,0,0
42719,73,79,-6,6
42720,80,76,4,4
42721,50,60,-10,10
42722,81,78,3,3
42723,68,70,-2,2
42724,76,79,-3,3
42725,75,69,6,6
42726,82,91,-9,9
42727,78,78,0,0
42728,53,73,-20,20
42729,55,60,-5,5
42730,41,46,-5,5
42731,95,97,-2,2
42732,55,58,-3,3
42733,99,112,-13,13
42734,64,74,-10,10
42735,93,105,-12,12
42736,61,61,0,0
42737,95,96,-1,1
42738,116,114,2,2
42739,83,75,8,8
42740,82,74,8,8
42741,137,112,25,25
42742,69,75,-6,6
42743,69,66,3,3
42744,60,57,3,3
42745,81,89,-8,8
42746,128,127,1,1
42747,78,75,3,3
42748,79,84,-5,5
42749,74,80,-6,6
42750,69,71,-2,2
42751,140,136,4,4
42752,108,113,-5,5
42753,61,63,-2,2
42754,142,139,3,3
42755,42,45,-3,3
42756,68,65,3,3
42757,74,75,-1,1
42758,94,97,-3,3
42759,164,154,10,10
42760,77,73,4,4
42761,94,87,7,7
42762,192,188,4,4
42763,121,120,1,1
42764,61,64,-3,3
42765,120,124,-4,4
42766,103,99,4,4
42767,89,85,4,4
42768,100,92,8,8
42769,97,86,11,11
42770,64,71,-7,7
42771,165,161,4,4
42772,74,72,2,2
42773,65,67,-2,2
42774,39,54,-15,15
42775,183,166,17,17
42776,82,88,-6,6
42777,111,108,3,3
42778,150,133,17,17
42779,89,79,10,10
42780,116,111,5,5
42781,106,103,3,3
42782,129,130,-1,1
42783,59,65,-6,6
42784,161,133,28,28
42785,108,121,-13,13
42786,63,75,-12,12
42787,114,108,6,6
42788,80,88,-8,8
42789,81,84,-3,3
42790,72,69,3,3
42791,99,95,4,4
42792,98,84,14,14
42793,111,97,14,14
42794,120,117,3,3
42795,119,115,4,4
42796,69,72,-3,3
42797,137,126,11,11
42798,130,131,-1,1
42799,106,95,11,11
42800,58,65,-7,7
42801,144,135,9,9
42802,117,119,-2,2
42803,146,153,-7,7
42804,137,126,11,11
42805,116,119,-3,3
42806,86,79,7,7
42807,89,88,1,1
42808,107,105,2,2
42809,108,108,0,0
42810,109,99,10,10
42811,53,61,-8,8
42812,79,70,9,9
42813,59,65,-6,6
42814,84,80,4,4
42815,156,136,20,20
42816,121,118,3,3
42817,66,68,-2,2
42818,74,72,2,2
42819,47,109,-62,62
42820,106,104,2,2
42821,98,88,10,10
42822,68,66,2,2
42823,58,68,-10,10
42824,86,91,-5,5
42825,87,94,-7,7
42826,85,94,-9,9
42827,143,133,10,10
42828,168,144,24,24
42829,63,72,-9,9
42830,72,113,-41,41
42831,170,176,-6,6
42832,139,142,-3,3
42833,104,112,-8,8
42834,66,62,4,4
42835,78,83,-5,5
42836,66,64,2,2
42837,78,75,3,3
42838,178,152,26,26
42839,176,163,13,13
42840,77,71,6,6
42841,51,55,-4,4
42842,112,85,27,27
42843,110,125,-15,15
42844,140,144,-4,4
42845,120,107,13,13
42846,88,85,3,3
42847,85,95,-10,10
42848,166,149,17,17
42849,71,73,-2,2
42850,112,121,-9,9
42851,73,70,3,3
42852,80,83,-3,3
42853,113,124,-11,11
42854,62,66,-4,4
42855,94,65,29,29
42856,145,143,2,2
42857,131,136,-5,5
42858,103,102,1,1
42859,98,103,-5,5
42860,84,78,6,6
42861,133,121,12,12
42862,144,133,11,11
42863,141,122,19,19
42864,119,105,14,14
42865,87,87,0,0
42866,79,81,-2,2
42867,63,71,-8,8
42868,89,97,-8,8
42869,38,47,-9,9
42870,99,103,-4,4
42871,114,104,10,10
42872,129,113,16,16
42873,155,148,7,7
42874,87,76,11,11
42875,70,70,0,0
42876,112,101,11,11
42877,137,131,6,6
42878,92,86,6,6
42879,145,136,9,9
42880,154,130,24,24
42881,130,122,8,8
42882,45,54,-9,9
42883,63,64,-1,1
42884,58,56,2,2
42885,96,100,-4,4
42886,102,99,3,3
42887,118,127,-9,9
42888,119,113,6,6
42889,75,74,1,1
42890,115,112,3,3
42891,94,97,-3,3
42892,108,106,2,2
42893,101,98,3,3
42894,136,133,3,3
42895,110,112,-2,2
42896,127,122,5,5
42897,94,79,15,15
42898,124,112,12,12
42899,68,72,-4,4
42900,128,114,14,14
42901,138,133,5,5
42902,83,88,-5,5
42903,125,105,20,20
42904,63,66,-3,3
42905,133,108,25,25
42906,77,74,3,3
42907,94,91,3,3
42908,116,102,14,14
42909,93,93,0,0
42910,84,88,-4,4
42911,125,123,2,2
42912,123,125,-2,2
42913,92,89,3,3
42914,155,142,13,13
42915,86,169,-83,83
42916,75,78,-3,3
42917,74,79,-5,5
42918,78,82,-4,4
42919,96,85,11,11
42920,113,117,-4,4
42921,139,156,-17,17
42922,95,90,5,5
42923,83,83,0,0
42924,128,126,2,2
42925,102,101,1,1
42926,124,133,-9,9
42927,71,74,-3,3
42928,63,66,-3,3
42929,71,72,-1,1
42930,131,133,-2,2
42931,115,132,-17,17
42932,91,86,5,5
42933,92,100,-8,8
42934,59,56,3,3
42935,138,135,3,3
42936,71,69,2,2
42937,53,55,-2,2
42938,103,105,-2,2
42939,85,77,8,8
42940,92,95,-3,3
42941,109,121,-12,12
42942,74,86,-12,12
42943,100,97,3,3
42944,111,109,2,2
42945,112,111,1,1
42946,112,102,10,10
42947,31,43,-12,12
42948,57,69,-12,12
42949,194,183,11,11
42950,75,69,6,6
42951,119,118,1,1
42952,106,101,5,5
42953,89,75,14,14
42954,75,74,1,1
42955,77,79,-2,2
42956,68,73,-5,5
42957,48,51,-3,3
42958,53,56,-3,3
42959,91,94,-3,3
42960,90,103,-13,13
42961,57,67,-10,10
42962,81,83,-2,2
42963,113,108,5,5
42964,89,87,2,2
42965,74,72,2,2
42966,89,87,2,2
42967,73,81,-8,8
42968,54,51,3,3
42969,77,79,-2,2
42970,108,97,11,11
42971,59,67,-8,8
42972,218,198,20,20
42973,118,125,-7,7
42974,86,92,-6,6
42975,153,142,11,11
42976,123,117,6,6
42977,117,116,1,1
42978,51,50,1,1
42979,77,76,1,1
42980,59,62,-3,3
42981,69,74,-5,5
42982,67,72,-5,5
42983,83,76,7,7
42984,137,125,12,12
42985,96,90,6,6
42986,68,70,-2,2
42987,91,98,-7,7
42988,81,88,-7,7
42989,79,68,11,11
42990,50,52,-2,2
42991,78,77,1,1
42992,32,38,-6,6
42993,64,64,0,0
42994,80,84,-4,4
42995,99,97,2,2
42996,131,134,-3,3
42997,48,53,-5,5
42998,77,71,6,6
42999,128,122,6,6
43000,120,115,5,5
43001,55,61,-6,6
43002,79,70,9,9
43003,85,84,1,1
43004,148,135,13,13
43005,136,133,3,3
43006,111,120,-9,9
43007,105,132,-27,27
43008,93,92,1,1
43009,79,79,0,0
43010,87,88,-1,1
43011,69,74,-5,5
43012,109,105,4,4
43013,156,135,21,21
43014,106,108,-2,2
43015,105,106,-1,1
43016,42,45,-3,3
43017,84,83,1,1
43018,15,31,-16,16
43019,89,98,-9,9
43020,179,164,15,15
43021,65,69,-4,4
43022,108,113,-5,5
43023,40,50,-10,10
43024,89,84,5,5
43025,138,125,13,13
43026,134,138,-4,4
43027,102,98,4,4
43028,103,98,5,5
43029,143,126,17,17
43030,65,73,-8,8
43031,74,72,2,2
43032,116,106,10,10
43033,79,78,1,1
43034,74,76,-2,2
43035,91,73,18,18
43036,99,96,3,3
43037,64,62,2,2
43038,120,112,8,8
43039,103,94,9,9
43040,90,87,3,3
43041,51,53,-2,2
43042,96,90,6,6
43043,77,75,2,2
43044,142,139,3,3
43045,77,67,10,10
43046,90,89,1,1
43047,141,133,8,8
43048,85,91,-6,6
43049,98,91,7,7
43050,146,141,5,5
43051,120,112,8,8
43052,107,112,-5,5
43053,97,101,-4,4
43054,125,125,0,0
43055,81,85,-4,4
43056,99,102,-3,3
43057,90,95,-5,5
43058,53,56,-3,3
43059,88,79,9,9
43060,70,66,4,4
43061,57,75,-18,18
43062,77,71,6,6
43063,51,65,-14,14
43064,110,112,-2,2
43065,72,72,0,0
43066,101,102,-1,1
43067,177,154,23,23
43068,153,133,20,20
43069,157,147,10,10
43070,67,70,-3,3
43071,63,65,-2,2
43072,208,186,22,22
43073,84,84,0,0
43074,69,72,-3,3
43075,110,98,12,12
43076,85,72,13,13
43077,37,41,-4,4
43078,142,115,27,27
43079,82,90,-8,8
43080,81,91,-10,10
43081,94,95,-1,1
43082,143,142,1,1
43083,118,107,11,11
43084,86,96,-10,10
43085,76,85,-9,9
43086,73,67,6,6
43087,131,115,16,16
43088,53,59,-6,6
43089,66,68,-2,2
43090,101,101,0,0
43091,115,114,1,1
43092,136,129,7,7
43093,61,81,-20,20
43094,86,90,-4,4
43095,71,84,-13,13
43096,81,81,0,0
43097,69,78,-9,9
43098,36,48,-12,12
43099,157,148,9,9
43100,57,64,-7,7
43101,73,66,7,7
43102,185,162,23,23
43103,62,59,3,3
43104,123,120,3,3
43105,65,67,-2,2
43106,73,70,3,3
43107,98,97,1,1
43108,101,94,7,7
43109,104,100,4,4
43110,83,87,-4,4
43111,58,65,-7,7
43112,85,87,-2,2
43113,55,60,-5,5
43114,80,72,8,8
43115,66,66,0,0
43116,83,75,8,8
43117,107,112,-5,5
43118,104,97,7,7
43119,44,52,-8,8
43120,63,70,-7,7
43121,85,77,8,8
43122,133,123,10,10
43123,59,62,-3,3
43124,130,105,25,25
43125,74,75,-1,1
43126,62,64,-2,2
43127,109,100,9,9
43128,71,75,-4,4
43129,55,97,-42,42
43130,142,133,9,9
43131,117,120,-3,3
43132,110,101,9,9
43133,35,54,-19,19
43134,85,93,-8,8
43135,63,63,0,0
43136,79,89,-10,10
43137,101,95,6,6
43138,73,75,-2,2
43139,150,150,0,0
43140,164,140,24,24
43141,121,116,5,5
43142,56,63,-7,7
43143,82,84,-2,2
43144,115,125,-10,10
43145,103,97,6,6
43146,80,77,3,3
43147,90,93,-3,3
43148,103,99,4,4
43149,122,122,0,0
43150,113,114,-1,1
43151,62,72,-10,10
43152,120,121,-1,1
43153,94,95,-1,1
43154,93,93,0,0
43155,52,56,-4,4
43156,89,83,6,6
43157,72,63,9,9
43158,65,60,5,5
43159,92,89,3,3
43160,59,63,-4,4
43161,86,104,-18,18
43162,119,112,7,7
43163,64,67,-3,3
43164,142,114,28,28
43165,80,83,-3,3
43166,68,69,-1,1
43167,85,90,-5,5
43168,69,69,0,0
43169,157,146,11,11
43170,120,105,15,15
43171,135,129,6,6
43172,72,69,3,3
43173,99,87,12,12
43174,88,93,-5,5
43175,101,97,4,4
43176,72,77,-5,5
43177,166,163,3,3
43178,49,55,-6,6
43179,89,87,2,2
43180,113,105,8,8
43181,113,104,9,9
43182,85,90,-5,5
43183,67,76,-9,9
43184,89,89,0,0
43185,63,70,-7,7
43186,52,91,-39,39
43187,127,120,7,7
43188,106,102,4,4
43189,120,102,18,18
43190,97,113,-16,16
43191,57,65,-8,8
43192,68,71,-3,3
43193,105,106,-1,1
43194,106,112,-6,6
43195,133,129,4,4
43196,63,72,-9,9
43197,58,63,-5,5
43198,106,109,-3,3
43199,103,96,7,7
43200,71,73,-2,2
43201,103,105,-2,2
43202,42,47,-5,5
43203,91,87,4,4
43204,103,108,-5,5
43205,90,91,-1,1
43206,103,105,-2,2
43207,111,101,10,10
43208,132,120,12,12
43209,115,111,4,4
43210,121,124,-3,3
43211,122,112,10,10
43212,132,123,9,9
43213,32,50,-18,18
43214,110,101,9,9
43215,87,91,-4,4
43216,135,126,9,9
43217,102,97,5,5
43218,82,87,-5,5
43219,131,118,13,13
43220,102,103,-1,1
43221,52,55,-3,3
43222,100,105,-5,5
43223,100,97,3,3
43224,90,96,-6,6
43225,85,91,-6,6
43226,61,63,-2,2
43227,154,161,-7,7
43228,137,125,12,12
43229,107,99,8,8
43230,98,98,0,0
43231,92,90,2,2
43232,191,163,28,28
43233,113,116,-3,3
43234,104,104,0,0
43235,62,62,0,0
43236,80,78,2,2
43237,50,53,-3,3
43238,100,83,17,17
43239,126,124,2,2
43240,113,102,11,11
43241,69,71,-2,2
43242,62,62,0,0
43243,52,73,-21,21
43244,118,113,5,5
43245,59,65,-6,6
43246,40,49,-9,9
43247,93,93,0,0
43248,105,110,-5,5
43249,127,117,10,10
43250,84,92,-8,8
43251,93,104,-11,11
43252,121,127,-6,6
43253,94,98,-4,4
43254,64,69,-5,5
43255,109,102,7,7
43256,123,129,-6,6
43257,130,121,9,9
43258,138,131,7,7
43259,67,70,-3,3
43260,99,99,0,0
43261,84,82,2,2
43262,112,122,-10,10
43263,103,103,0,0
43264,60,61,-1,1
43265,90,108,-18,18
43266,131,132,-1,1
43267,47,53,-6,6
43268,90,89,1,1
43269,81,82,-1,1
43270,84,84,0,0
43271,81,86,-5,5
43272,105,106,-1,1
43273,67,70,-3,3
43274,86,89,-3,3
43275,140,142,-2,2
43276,78,72,6,6
43277,96,92,4,4
43278,102,104,-2,2
43279,43,51,-8,8
43280,71,85,-14,14
43281,91,98,-7,7
43282,84,84,0,0
43283,125,118,7,7
43284,50,59,-9,9
43285,90,95,-5,5
43286,68,65,3,3
43287,129,123,6,6
43288,133,135,-2,2
43289,72,93,-21,21
43290,150,142,8,8
43291,179,160,19,19
43292,96,92,4,4
43293,72,69,3,3
43294,178,152,26,26
43295,89,86,3,3
43296,129,114,15,15
43297,84,84,0,0
43298,87,79,8,8
43299,82,76,6,6
43300,82,91,-9,9
43301,91,90,1,1
43302,112,112,0,0
43303,88,93,-5,5
43304,100,106,-6,6
43305,164,150,14,14
43306,89,94,-5,5
43307,72,83,-11,11
43308,111,117,-6,6
43309,123,127,-4,4
43310,163,141,22,22
43311,65,69,-4,4
43312,130,136,-6,6
43313,145,140,5,5
43314,92,91,1,1
43315,50,61,-11,11
43316,73,92,-19,19
43317,57,65,-8,8
43318,89,77,12,12
43319,82,80,2,2
43320,67,66,1,1
43321,91,99,-8,8
43322,112,110,2,2
43323,73,75,-2,2
43324,64,67,-3,3
43325,119,131,-12,12
43326,61,59,2,2
43327,26,38,-12,12
43328,67,68,-1,1
43329,178,159,19,19
43330,97,83,14,14
43331,132,109,23,23
43332,121,122,-1,1
43333,143,118,25,25
43334,92,99,-7,7
43335,78,81,-3,3
43336,99,103,-4,4
43337,68,67,1,1
43338,61,62,-1,1
43339,139,138,1,1
43340,162,156,6,6
43341,86,87,-1,1
43342,106,102,4,4
43343,48,51,-3,3
43344,125,116,9,9
43345,123,119,4,4
43346,117,113,4,4
43347,229,205,24,24
43348,83,87,-4,4
43349,72,112,-40,40
43350,130,126,4,4
43351,49,56,-7,7
43352,124,123,1,1
43353,123,123,0,0
43354,127,128,-1,1
43355,78,78,0,0
43356,87,111,-24,24
43357,129,119,10,10
43358,97,91,6,6
43359,129,138,-9,9
43360,69,67,2,2
43361,84,85,-1,1
43362,122,110,12,12
43363,158,140,18,18
43364,77,84,-7,7
43365,86,99,-13,13
43366,100,104,-4,4
43367,93,100,-7,7
43368,117,112,5,5
43369,139,127,12,12
43370,100,96,4,4
43371,162,146,16,16
43372,68,72,-4,4
43373,68,69,-1,1
43374,85,76,9,9
43375,105,98,7,7
43376,174,151,23,23
43377,85,86,-1,1
43378,108,100,8,8
43379,67,70,-3,3
43380,115,113,2,2
43381,63,66,-3,3
43382,107,105,2,2
43383,99,105,-6,6
43384,52,59,-7,7
43385,87,84,3,3
43386,125,96,29,29
43387,64,61,3,3
43388,101,111,-10,10
43389,118,115,3,3
43390,129,127,2,2
43391,100,103,-3,3
43392,71,67,4,4
43393,70,77,-7,7
43394,70,73,-3,3
43395,101,85,16,16
43396,71,73,-2,2
43397,70,70,0,0
43398,115,111,4,4
43399,56,58,-2,2
43400,106,106,0,0
43401,125,121,4,4
43402,104,101,3,3
43403,84,83,1,1
43404,64,69,-5,5
43405,82,83,-1,1
43406,99,107,-8,8
43407,167,158,9,9
43408,107,101,6,6
43409,91,84,7,7
43410,83,88,-5,5
43411,89,76,13,13
43412,92,89,3,3
43413,114,106,8,8
43414,126,103,23,23
43415,133,124,9,9
43416,51,60,-9,9
43417,87,80,7,7
43418,67,65,2,2
43419,67,67,0,0
43420,142,133,9,9
43421,139,122,17,17
43422,125,112,13,13
43423,81,77,4,4
43424,210,184,26,26
43425,113,103,10,10
43426,57,74,-17,17
43427,94,95,-1,1
43428,121,99,22,22
43429,107,104,3,3
43430,38,52,-14,14
43431,81,84,-3,3
43432,126,113,13,13
43433,248,240,8,8
43434,92,91,1,1
43435,153,145,8,8
43436,127,127,0,0
43437,45,55,-10,10
43438,81,105,-24,24
43439,164,157,7,7
43440,140,147,-7,7
43441,114,111,3,3
43442,115,114,1,1
43443,87,84,3,3
43444,57,63,-6,6
43445,51,50,1,1
43446,95,108,-13,13
43447,33,45,-12,12
43448,128,122,6,6
43449,101,97,4,4
43450,75,77,-2,2
43451,138,129,9,9
43452,136,121,15,15
43453,63,81,-18,18
43454,80,68,12,12
43455,90,101,-11,11
43456,47,51,-4,4
43457,96,94,2,2
43458,62,62,0,0
43459,98,94,4,4
43460,140,137,3,3
43461,84,77,7,7
43462,143,143,0,0
43463,84,88,-4,4
43464,151,148,3,3
43465,87,78,9,9
43466,107,113,-6,6
43467,118,108,10,10
43468,60,66,-6,6
43469,82,82,0,0
43470,167,155,12,12
43471,110,99,11,11
43472,98,97,1,1
43473,83,86,-3,3
43474,76,74,2,2
43475,93,108,-15,15
43476,102,102,0,0
43477,76,68,8,8
43478,76,79,-3,3
43479,115,112,3,3
43480,77,79,-2,2
43481,98,96,2,2
43482,149,141,8,8
43483,78,75,3,3
43484,119,120,-1,1
43485,121,113,8,8
43486,46,76,-30,30
43487,67,76,-9,9
43488,129,119,10,10
43489,114,113,1,1
43490,73,77,-4,4
43491,118,115,3,3
43492,90,94,-4,4
43493,165,161,4,4
43494,147,145,2,2
43495,52,50,2,2
43496,111,121,-10,10
43497,160,135,25,25
43498,88,97,-9,9
43499,105,103,2,2
43500,105,93,12,12
43501,90,96,-6,6
43502,120,121,-1,1
43503,89,75,14,14
43504,79,83,-4,4
43505,82,92,-10,10
43506,122,124,-2,2
43507,96,93,3,3
43508,48,54,-6,6
43509,70,67,3,3
43510,65,76,-11,11
43511,78,80,-2,2
43512,133,124,9,9
43513,48,54,-6,6
43514,90,91,-1,1
43515,54,61,-7,7
43516,104,95,9,9
43517,91,81,10,10
43518,112,106,6,6
43519,63,69,-6,6
43520,113,109,4,4
43521,99,87,12,12
43522,100,97,3,3
43523,69,71,-2,2
43524,122,114,8,8
43525,84,87,-3,3
43526,119,104,15,15
43527,103,97,6,6
43528,91,107,-16,16
43529,55,63,-8,8
43530,64,70,-6,6
43531,87,84,3,3
43532,220,199,21,21
43533,85,88,-3,3
43534,63,70,-7,7
43535,64,67,-3,3
43536,109,113,-4,4
43537,80,79,1,1
43538,91,90,1,1
43539,146,148,-2,2
43540,125,125,0,0
43541,130,130,0,0
43542,127,137,-10,10
43543,113,102,11,11
43544,125,122,3,3
43545,84,88,-4,4
43546,111,108,3,3
43547,138,127,11,11
43548,47,53,-6,6
43549,75,87,-12,12
43550,98,107,-9,9
43551,163,152,11,11
43552,140,123,17,17
43553,50,48,2,2
43554,77,78,-1,1
43555,64,62,2,2
43556,76,73,3,3
43557,108,104,4,4
43558,53,53,0,0
43559,65,74,-9,9
43560,197,181,16,16
43561,182,165,17,17
43562,71,70,1,1
43563,134,115,19,19
43564,126,113,13,13
43565,54,62,-8,8
43566,132,129,3,3
43567,86,84,2,2
43568,106,109,-3,3
43569,53,60,-7,7
43570,87,87,0,0
43571,80,84,-4,4
43572,150,150,0,0
43573,49,53,-4,4
43574,137,110,27,27
43575,51,55,-4,4
43576,90,86,4,4
43577,125,121,4,4
43578,110,111,-1,1
43579,112,115,-3,3
43580,51,59,-8,8
43581,105,95,10,10
43582,110,112,-2,2
43583,93,98,-5,5
43584,169,156,13,13
43585,97,83,14,14
43586,97,83,14,14
43587,89,96,-7,7
43588,75,75,0,0
43589,119,113,6,6
43590,93,97,-4,4
43591,53,58,-5,5
43592,121,102,19,19
43593,61,76,-15,15
43594,98,105,-7,7
43595,92,92,0,0
43596,63,62,1,1
43597,101,87,14,14
43598,180,163,17,17
43599,70,72,-2,2
43600,66,66,0,0
43601,121,149,-28,28
43602,100,97,3,3
43603,151,141,10,10
43604,44,65,-21,21
43605,93,92,1,1
43606,79,73,6,6
43607,133,118,15,15
43608,51,55,-4,4
43609,111,112,-1,1
43610,83,84,-1,1
43611,93,101,-8,8
43612,78,71,7,7
43613,75,75,0,0
43614,133,131,2,2
43615,128,117,11,11
43616,98,107,-9,9
43617,137,116,21,21
43618,79,85,-6,6
43619,90,88,2,2
43620,62,67,-5,5
43621,170,167,3,3
43622,123,120,3,3
43623,57,67,-10,10
43624,87,98,-11,11
43625,35,52,-17,17
43626,76,87,-11,11
43627,95,88,7,7
43628,63,68,-5,5
43629,74,74,0,0
43630,125,125,0,0
43631,115,113,2,2
43632,63,67,-4,4
43633,141,132,9,9
43634,78,76,2,2
43635,71,71,0,0
43636,90,90,0,0
43637,235,219,16,16
43638,118,107,11,11
43639,65,71,-6,6
43640,98,94,4,4
43641,97,105,-8,8
43642,48,60,-12,12
43643,110,111,-1,1
43644,96,96,0,0
43645,119,111,8,8
43646,141,130,11,11
43647,80,83,-3,3
43648,88,110,-22,22
43649,93,93,0,0
43650,141,137,4,4
43651,59,76,-17,17
43652,98,96,2,2
43653,66,78,-12,12
43654,91,92,-1,1
43655,90,89,1,1
43656,111,112,-1,1
43657,96,95,1,1
43658,103,99,4,4
43659,59,61,-2,2
43660,68,73,-5,5
43661,73,73,0,0
43662,60,67,-7,7
43663,75,90,-15,15
43664,65,70,-5,5
43665,91,94,-3,3
43666,53,63,-10,10
43667,97,99,-2,2
43668,66,66,0,0
43669,94,96,-2,2
43670,97,96,1,1
43671,81,78,3,3
43672,134,124,10,10
43673,96,101,-5,5
43674,115,115,0,0
43675,51,75,-24,24
43676,75,77,-2,2
43677,157,143,14,14
43678,86,89,-3,3
43679,147,148,-1,1
43680,85,84,1,1
43681,88,94,-6,6
43682,46,51,-5,5
43683,119,117,2,2
43684,109,98,11,11
43685,142,139,3,3
43686,95,97,-2,2
43687,93,98,-5,5
43688,79,77,2,2
43689,142,135,7,7
43690,83,86,-3,3
43691,93,91,2,2
43692,149,112,37,37
43693,114,102,12,12
43694,99,89,10,10
43695,125,127,-2,2
43696,116,102,14,14
43697,131,136,-5,5
43698,103,97,6,6
43699,79,71,8,8
43700,171,163,8,8
43701,69,75,-6,6
43702,78,88,-10,10
43703,67,85,-18,18
43704,82,83,-1,1
43705,110,118,-8,8
43706,171,153,18,18
43707,46,51,-5,5
43708,60,62,-2,2
43709,179,156,23,23
43710,68,73,-5,5
43711,66,66,0,0
43712,67,66,1,1
43713,87,106,-19,19
43714,61,65,-4,4
43715,61,66,-5,5
43716,122,124,-2,2
43717,96,96,0,0
43718,106,94,12,12
43719,54,55,-1,1
43720,76,77,-1,1
43721,111,113,-2,2
43722,44,51,-7,7
43723,163,157,6,6
43724,71,65,6,6
43725,74,74,0,0
43726,97,98,-1,1
43727,134,128,6,6
43728,82,76,6,6
43729,79,100,-21,21
43730,138,122,16,16
43731,82,100,-18,18
43732,152,145,7,7
43733,111,115,-4,4
43734,123,112,11,11
43735,77,71,6,6
43736,146,134,12,12
43737,82,78,4,4
43738,69,75,-6,6
43739,91,100,-9,9
43740,166,151,15,15
43741,53,58,-5,5
43742,71,70,1,1
43743,84,84,0,0
43744,68,72,-4,4
43745,94,101,-7,7
43746,101,124,-23,23
43747,106,101,5,5
43748,93,88,5,5
43749,69,73,-4,4
43750,136,123,13,13
43751,90,85,5,5
43752,87,76,11,11
43753,64,61,3,3
43754,62,103,-41,41
43755,77,83,-6,6
43756,47,66,-19,19
43757,122,119,3,3
43758,67,71,-4,4
43759,87,97,-10,10
43760,84,76,8,8
43761,68,72,-4,4
43762,60,67,-7,7
43763,75,75,0,0
43764,90,87,3,3
43765,69,85,-16,16
43766,77,76,1,1
43767,82,77,5,5
43768,127,123,4,4
43769,58,63,-5,5
43770,151,136,15,15
43771,125,127,-2,2
43772,114,110,4,4
43773,106,111,-5,5
43774,85,88,-3,3
43775,92,91,1,1
43776,70,70,0,0
43777,124,122,2,2
43778,97,101,-4,4
43779,71,77,-6,6
43780,146,143,3,3
43781,93,94,-1,1
43782,91,82,9,9
43783,63,66,-3,3
43784,60,63,-3,3
43785,84,100,-16,16
43786,192,184,8,8
43787,93,88,5,5
43788,133,122,11,11
43789,95,94,1,1
43790,65,62,3,3
43791,81,92,-11,11
43792,107,111,-4,4
43793,131,122,9,9
43794,130,129,1,1
43795,68,65,3,3
43796,77,80,-3,3
43797,112,119,-7,7
43798,67,76,-9,9
43799,91,91,0,0
43800,90,88,2,2
43801,125,122,3,3
43802,69,68,1,1
43803,106,106,0,0
43804,110,102,8,8
43805,65,68,-3,3
43806,87,89,-2,2
43807,60,58,2,2
43808,91,88,3,3
43809,153,135,18,18
43810,95,95,0,0
43811,150,138,12,12
43812,61,69,-8,8
43813,169,173,-4,4
43814,76,74,2,2
43815,93,94,-1,1
43816,75,72,3,3
43817,76,86,-10,10
43818,85,101,-16,16
43819,63,71,-8,8
43820,86,91,-5,5
43821,111,106,5,5
43822,81,78,3,3
43823,225,173,52,52
43824,49,53,-4,4
43825,90,93,-3,3
43826,67,67,0,0
43827,109,112,-3,3
43828,103,97,6,6
43829,73,70,3,3
43830,137,135,2,2
43831,93,98,-5,5
43832,68,71,-3,3
43833,82,98,-16,16
43834,66,74,-8,8
43835,110,96,14,14
43836,170,171,-1,1
43837,104,102,2,2
43838,73,75,-2,2
43839,137,126,11,11
43840,55,58,-3,3
43841,52,62,-10,10
43842,95,88,7,7
43843,48,54,-6,6
43844,67,78,-11,11
43845,64,67,-3,3
43846,71,71,0,0
43847,77,75,2,2
43848,66,63,3,3
43849,78,77,1,1
43850,71,74,-3,3
43851,117,114,3,3
43852,83,73,10,10
43853,43,53,-10,10
43854,100,96,4,4
43855,50,58,-8,8
43856,140,138,2,2
43857,86,101,-15,15
43858,63,64,-1,1
43859,91,93,-2,2
43860,113,105,8,8
43861,63,65,-2,2
43862,61,61,0,0
43863,78,85,-7,7
43864,34,54,-20,20
43865,90,102,-12,12
43866,47,48,-1,1
43867,64,73,-9,9
43868,58,69,-11,11
43869,116,116,0,0
43870,117,113,4,4
43871,84,92,-8,8
43872,105,107,-2,2
43873,86,89,-3,3
43874,68,57,11,11
43875,131,135,-4,4
43876,77,80,-3,3
43877,76,71,5,5
43878,117,103,14,14
43879,97,92,5,5
43880,123,121,2,2
43881,98,99,-1,1
43882,71,70,1,1
43883,127,121,6,6
43884,56,57,-1,1
43885,122,112,10,10
43886,49,60,-11,11
43887,60,65,-5,5
43888,115,108,7,7
43889,78,84,-6,6
43890,46,56,-10,10
43891,119,114,5,5
43892,129,141,-12,12
43893,66,64,2,2
43894,142,138,4,4
43895,79,76,3,3
43896,71,78,-7,7
43897,144,137,7,7
43898,106,111,-5,5
43899,77,80,-3,3
43900,74,79,-5,5
43901,69,68,1,1
43902,88,84,4,4
43903,59,63,-4,4
43904,123,121,2,2
43905,54,59,-5,5
43906,43,52,-9,9
43907,155,132,23,23
43908,68,70,-2,2
43909,131,131,0,0
43910,146,137,9,9
43911,102,84,18,18
43912,80,84,-4,4
43913,57,65,-8,8
43914,81,77,4,4
43915,104,114,-10,10
43916,39,43,-4,4
43917,78,80,-2,2
43918,112,111,1,1
43919,44,87,-43,43
43920,79,78,1,1
43921,132,127,5,5
43922,117,126,-9,9
43923,80,85,-5,5
43924,88,79,9,9
43925,61,63,-2,2
43926,57,54,3,3
43927,123,120,3,3
43928,60,67,-7,7
43929,113,103,10,10
43930,64,69,-5,5
43931,101,94,7,7
43932,143,140,3,3
43933,71,77,-6,6
43934,80,73,7,7
43935,70,68,2,2
43936,45,50,-5,5
43937,44,53,-9,9
43938,92,88,4,4
43939,67,74,-7,7
43940,63,58,5,5
43941,139,131,8,8
43942,127,119,8,8
43943,69,68,1,1
43944,136,126,10,10
43945,109,113,-4,4
43946,120,114,6,6
43947,63,64,-1,1
43948,50,56,-6,6
43949,97,90,7,7
43950,103,87,16,16
43951,89,84,5,5
43952,85,77,8,8
43953,173,160,13,13
43954,128,122,6,6
43955,171,167,4,4
43956,49,50,-1,1
43957,99,87,12,12
43958,129,133,-4,4
43959,85,91,-6,6
43960,102,96,6,6
43961,124,123,1,1
43962,122,109,13,13
43963,137,131,6,6
43964,89,94,-5,5
43965,51,52,-1,1
43966,81,101,-20,20
43967,88,79,9,9
43968,76,80,-4,4
43969,111,113,-2,2
43970,86,88,-2,2
43971,131,124,7,7
43972,23,39,-16,16
43973,109,106,3,3
43974,84,84,0,0
43975,101,100,1,1
43976,139,134,5,5
43977,58,69,-11,11
43978,71,74,-3,3
43979,95,84,11,11
43980,70,70,0,0
43981,65,71,-6,6
43982,95,91,4,4
43983,109,104,5,5
43984,57,61,-4,4
43985,103,102,1,1
43986,184,161,23,23
43987,80,79,1,1
43988,103,103,0,0
43989,94,120,-26,26
43990,62,63,-1,1
43991,110,90,20,20
43992,109,110,-1,1
43993,47,54,-7,7
43994,107,111,-4,4
43995,184,160,24,24
43996,122,128,-6,6
43997,155,151,4,4
43998,66,73,-7,7
43999,63,64,-1,1
44000,104,116,-12,12
44001,100,94,6,6
44002,82,100,-18,18
44003,162,159,3,3
44004,122,127,-5,5
44005,78,133,-55,55
44006,71,68,3,3
44007,131,110,21,21
44008,113,99,14,14
44009,84,93,-9,9
44010,65,64,1,1
44011,81,85,-4,4
44012,93,84,9,9
44013,67,67,0,0
44014,148,126,22,22
44015,72,79,-7,7
44016,106,99,7,7
44017,79,92,-13,13
44018,113,112,1,1
44019,66,66,0,0
44020,68,63,5,5
44021,63,64,-1,1
44022,81,100,-19,19
44023,117,114,3,3
44024,70,105,-35,35
44025,78,77,1,1
44026,165,167,-2,2
44027,40,45,-5,5
44028,85,92,-7,7
44029,73,113,-40,40
44030,104,99,5,5
44031,129,116,13,13
44032,116,104,12,12
44033,115,111,4,4
44034,82,80,2,2
44035,84,89,-5,5
44036,82,88,-6,6
44037,29,65,-36,36
44038,64,74,-10,10
44039,66,61,5,5
44040,114,112,2,2
44041,146,131,15,15
44042,65,65,0,0
44043,42,47,-5,5
44044,157,157,0,0
44045,89,87,2,2
44046,116,130,-14,14
44047,54,58,-4,4
44048,77,76,1,1
44049,79,83,-4,4
44050,137,132,5,5
44051,67,66,1,1
44052,105,112,-7,7
44053,149,117,32,32
44054,57,62,-5,5
44055,104,111,-7,7
44056,89,97,-8,8
44057,82,89,-7,7
44058,106,118,-12,12
44059,191,175,16,16
44060,87,86,1,1
44061,58,60,-2,2
44062,114,112,2,2
44063,114,121,-7,7
44064,118,108,10,10
44065,159,146,13,13
44066,58,58,0,0
44067,95,97,-2,2
44068,74,75,-1,1
44069,135,118,17,17
44070,134,133,1,1
44071,87,85,2,2
44072,130,115,15,15
44073,119,113,6,6
44074,142,134,8,8
44075,152,146,6,6
44076,105,103,2,2
44077,63,65,-2,2
44078,92,92,0,0
44079,75,69,6,6
44080,96,93,3,3
44081,75,67,8,8
44082,56,59,-3,3
44083,72,71,1,1
44084,89,102,-13,13
44085,58,66,-8,8
44086,76,75,1,1
44087,90,107,-17,17
44088,73,85,-12,12
44089,78,82,-4,4
44090,110,121,-11,11
44091,174,149,25,25
44092,104,92,12,12
44093,94,99,-5,5
44094,165,149,16,16
44095,107,97,10,10
44096,78,75,3,3
44097,90,88,2,2
44098,124,115,9,9
44099,129,113,16,16
44100,66,67,-1,1
44101,73,79,-6,6
44102,139,140,-1,1
44103,72,78,-6,6
44104,140,131,9,9
44105,93,98,-5,5
44106,135,124,11,11
44107,56,59,-3,3
44108,76,72,4,4
44109,102,107,-5,5
44110,102,104,-2,2
44111,130,126,4,4
44112,152,148,4,4
44113,76,73,3,3
44114,178,171,7,7
44115,85,76,9,9
44116,78,74,4,4
44117,97,112,-15,15
44118,113,114,-1,1
44119,81,86,-5,5
44120,65,77,-12,12
44121,42,52,-10,10
44122,72,84,-12,12
44123,115,112,3,3
44124,80,89,-9,9
44125,39,44,-5,5
44126,85,84,1,1
44127,101,96,5,5
44128,158,152,6,6
44129,91,94,-3,3
44130,68,71,-3,3
44131,112,118,-6,6
44132,161,154,7,7
44133,147,151,-4,4
44134,63,69,-6,6
44135,60,74,-14,14
44136,84,87,-3,3
44137,112,111,1,1
44138,129,119,10,10
44139,136,133,3,3
44140,130,122,8,8
44141,74,75,-1,1
44142,111,112,-1,1
44143,118,120,-2,2
44144,60,60,0,0
44145,59,70,-11,11
44146,90,91,-1,1
44147,72,78,-6,6
44148,118,113,5,5
44149,63,66,-3,3
44150,91,89,2,2
44151,106,109,-3,3
44152,89,89,0,0
44153,111,112,-1,1
44154,131,126,5,5
44155,85,95,-10,10
44156,97,99,-2,2
44157,41,50,-9,9
44158,104,104,0,0
44159,137,140,-3,3
44160,110,103,7,7
44161,50,75,-25,25
44162,143,127,16,16
44163,110,108,2,2
44164,79,81,-2,2
44165,79,79,0,0
44166,71,77,-6,6
44167,116,113,3,3
44168,89,87,2,2
44169,85,89,-4,4
44170,62,70,-8,8
44171,105,97,8,8
44172,110,114,-4,4
44173,68,77,-9,9
44174,125,124,1,1
44175,120,116,4,4
44176,118,111,7,7
44177,63,63,0,0
44178,42,51,-9,9
44179,49,58,-9,9
44180,96,96,0,0
44181,107,106,1,1
44182,108,113,-5,5
44183,94,95,-1,1
44184,89,86,3,3
44185,117,115,2,2
44186,120,120,0,0
44187,71,72,-1,1
44188,71,74,-3,3
44189,58,66,-8,8
44190,90,99,-9,9
44191,118,108,10,10
44192,43,68,-25,25
44193,78,77,1,1
44194,159,146,13,13
44195,99,108,-9,9
44196,92,96,-4,4
44197,148,134,14,14
44198,97,84,13,13
44199,84,93,-9,9
44200,45,49,-4,4
44201,63,68,-5,5
44202,117,109,8,8
44203,122,114,8,8
44204,115,105,10,10
44205,110,105,5,5
44206,114,107,7,7
44207,71,74,-3,3
44208,132,139,-7,7
44209,73,71,2,2
44210,137,129,8,8
44211,79,74,5,5
44212,79,68,11,11
44213,106,104,2,2
44214,99,94,5,5
44215,77,101,-24,24
44216,127,131,-4,4
44217,96,92,4,4
44218,66,65,1,1
44219,63,65,-2,2
44220,95,97,-2,2
44221,97,94,3,3
44222,42,45,-3,3
44223,60,53,7,7
44224,59,67,-8,8
44225,66,68,-2,2
44226,140,106,34,34
44227,64,69,-5,5
44228,72,73,-1,1
44229,85,84,1,1
44230,119,100,19,19
44231,99,92,7,7
44232,133,124,9,9
44233,75,83,-8,8
44234,66,67,-1,1
44235,102,99,3,3
44236,63,70,-7,7
44237,133,125,8,8
44238,144,136,8,8
44239,141,125,16,16
44240,97,103,-6,6
44241,90,98,-8,8
44242,124,126,-2,2
44243,123,125,-2,2
44244,191,172,19,19
44245,62,61,1,1
44246,58,65,-7,7
44247,98,95,3,3
44248,113,112,1,1
44249,107,99,8,8
44250,106,109,-3,3
44251,95,93,2,2
44252,144,134,10,10
44253,50,51,-1,1
44254,195,167,28,28
44255,122,104,18,18
44256,97,82,15,15
44257,71,63,8,8
44258,153,135,18,18
44259,67,73,-6,6
44260,51,57,-6,6
44261,65,72,-7,7
44262,78,77,1,1
44263,87,85,2,2
44264,72,78,-6,6
44265,81,80,1,1
44266,149,139,10,10
44267,119,101,18,18
44268,102,95,7,7
44269,93,92,1,1
44270,116,114,2,2
44271,125,121,4,4
44272,138,131,7,7
44273,75,86,-11,11
44274,100,100,0,0
44275,107,94,13,13
44276,91,115,-24,24
44277,135,131,4,4
44278,47,57,-10,10
44279,95,85,10,10
44280,88,99,-11,11
44281,71,70,1,1
44282,110,122,-12,12
44283,108,110,-2,2
44284,49,64,-15,15
44285,48,52,-4,4
44286,93,93,0,0
44287,94,95,-1,1
44288,140,133,7,7
44289,68,62,6,6
44290,79,89,-10,10
44291,147,142,5,5
44292,107,99,8,8
44293,77,75,2,2
44294,87,89,-2,2
44295,183,176,7,7
44296,123,113,10,10
44297,143,130,13,13
44298,94,94,0,0
44299,96,89,7,7
44300,85,93,-8,8
44301,112,111,1,1
44302,82,84,-2,2
44303,103,100,3,3
44304,98,98,0,0
44305,104,107,-3,3
44306,81,74,7,7
44307,57,61,-4,4
44308,113,125,-12,12
44309,80,83,-3,3
44310,117,113,4,4
44311,68,65,3,3
44312,76,76,0,0
44313,69,79,-10,10
44314,86,93,-7,7
44315,107,96,11,11
44316,63,61,2,2
44317,127,125,2,2
44318,87,88,-1,1
44319,82,84,-2,2
44320,92,90,2,2
44321,78,78,0,0
44322,117,111,6,6
44323,93,105,-12,12
44324,116,113,3,3
44325,51,59,-8,8
44326,80,76,4,4
44327,126,126,0,0
44328,48,63,-15,15
44329,183,174,9,9
44330,61,67,-6,6
44331,128,130,-2,2
44332,95,89,6,6
44333,107,94,13,13
44334,87,96,-9,9
44335,136,135,1,1
44336,49,55,-6,6
44337,77,73,4,4
44338,114,108,6,6
44339,139,122,17,17
44340,90,91,-1,1
44341,164,169,-5,5
44342,124,131,-7,7
44343,115,115,0,0
44344,111,105,6,6
44345,144,139,5,5
44346,72,79,-7,7
44347,121,113,8,8
44348,131,120,11,11
44349,99,105,-6,6
44350,55,63,-8,8
44351,125,116,9,9
44352,43,50,-7,7
44353,75,68,7,7
44354,71,70,1,1
44355,62,67,-5,5
44356,86,84,2,2
44357,78,79,-1,1
44358,101,98,3,3
44359,81,84,-3,3
44360,144,129,15,15
44361,121,111,10,10
44362,84,84,0,0
44363,91,88,3,3
44364,108,123,-15,15
44365,84,85,-1,1
44366,96,88,8,8
44367,130,126,4,4
44368,53,58,-5,5
44369,111,118,-7,7
44370,65,62,3,3
44371,138,127,11,11
44372,39,44,-5,5
44373,54,62,-8,8
44374,48,49,-1,1
44375,62,63,-1,1
44376,110,112,-2,2
44377,88,91,-3,3
44378,92,87,5,5
44379,124,115,9,9
44380,86,87,-1,1
44381,89,99,-10,10
44382,96,100,-4,4
44383,50,58,-8,8
44384,92,85,7,7
44385,70,73,-3,3
44386,101,102,-1,1
44387,143,132,11,11
44388,128,137,-9,9
44389,83,85,-2,2
44390,59,64,-5,5
44391,131,119,12,12
44392,79,75,4,4
44393,66,66,0,0
44394,110,101,9,9
44395,99,97,2,2
44396,100,102,-2,2
44397,92,93,-1,1
44398,115,102,13,13
44399,87,77,10,10
44400,105,98,7,7
44401,77,78,-1,1
44402,93,97,-4,4
44403,124,120,4,4
44404,71,81,-10,10
44405,68,69,-1,1
44406,107,112,-5,5
44407,130,126,4,4
44408,32,43,-11,11
44409,96,109,-13,13
44410,82,75,7,7
44411,73,70,3,3
44412,57,80,-23,23
44413,60,66,-6,6
44414,61,66,-5,5
44415,127,112,15,15
44416,67,63,4,4
44417,148,135,13,13
44418,111,111,0,0
44419,119,110,9,9
44420,86,78,8,8
44421,88,87,1,1
44422,68,66,2,2
44423,65,70,-5,5
44424,64,74,-10,10
44425,158,129,29,29
44426,144,124,20,20
44427,91,93,-2,2
44428,63,67,-4,4
44429,88,93,-5,5
44430,122,107,15,15
44431,51,57,-6,6
44432,124,132,-8,8
44433,118,104,14,14
44434,49,52,-3,3
44435,94,84,10,10
44436,69,67,2,2
44437,168,154,14,14
44438,79,86,-7,7
44439,70,74,-4,4
44440,199,194,5,5
44441,43,55,-12,12
44442,85,92,-7,7
44443,51,56,-5,5
44444,135,126,9,9
44445,57,78,-21,21
44446,191,189,2,2
44447,94,103,-9,9
44448,109,113,-4,4
44449,76,77,-1,1
44450,175,168,7,7
44451,126,130,-4,4
44452,143,129,14,14
44453,101,99,2,2
44454,50,70,-20,20
44455,84,89,-5,5
44456,94,92,2,2
44457,110,106,4,4
44458,170,143,27,27
44459,149,139,10,10
44460,94,98,-4,4
44461,102,103,-1,1
44462,118,128,-10,10
44463,112,114,-2,2
44464,108,108,0,0
44465,58,64,-6,6
44466,39,109,-70,70
44467,112,108,4,4
44468,107,115,-8,8
44469,61,61,0,0
44470,99,98,1,1
44471,62,72,-10,10
44472,119,110,9,9
44473,105,98,7,7
44474,93,84,9,9
44475,109,108,1,1
44476,132,124,8,8
44477,83,110,-27,27
44478,46,54,-8,8
44479,170,151,19,19
44480,217,180,37,37
44481,119,118,1,1
44482,140,149,-9,9
44483,106,101,5,5
44484,100,100,0,0
44485,61,63,-2,2
44486,111,128,-17,17
44487,117,100,17,17
44488,68,77,-9,9
44489,94,97,-3,3
44490,74,74,0,0
44491,109,115,-6,6
44492,98,112,-14,14
44493,103,95,8,8
44494,78,91,-13,13
44495,80,79,1,1
44496,83,82,1,1
44497,76,84,-8,8
44498,110,108,2,2
44499,152,142,10,10
44500,81,73,8,8
44501,133,128,5,5
44502,66,65,1,1
44503,102,98,4,4
44504,102,102,0,0
44505,53,58,-5,5
44506,139,132,7,7
44507,133,125,8,8
44508,57,61,-4,4
44509,61,61,0,0
44510,116,103,13,13
44511,97,94,3,3
44512,187,163,24,24
44513,62,64,-2,2
44514,102,101,1,1
44515,62,73,-11,11
44516,48,50,-2,2
44517,108,112,-4,4
44518,68,68,0,0
44519,112,110,2,2
44520,154,144,10,10
44521,76,78,-2,2
44522,110,114,-4,4
44523,89,94,-5,5
44524,128,123,5,5
44525,61,70,-9,9
44526,60,70,-10,10
44527,143,144,-1,1
44528,107,112,-5,5
44529,76,69,7,7
44530,79,78,1,1
44531,65,64,1,1
44532,104,108,-4,4
44533,145,138,7,7
44534,86,77,9,9
44535,83,85,-2,2
44536,88,99,-11,11
44537,178,163,15,15
44538,116,121,-5,5
44539,105,120,-15,15
44540,72,77,-5,5
44541,77,77,0,0
44542,56,67,-11,11
44543,109,98,11,11
44544,45,49,-4,4
44545,106,100,6,6
44546,42,48,-6,6
44547,118,119,-1,1
44548,102,98,4,4
44549,47,72,-25,25
44550,70,75,-5,5
44551,103,103,0,0
44552,123,126,-3,3
44553,170,135,35,35
44554,124,125,-1,1
44555,98,100,-2,2
44556,57,71,-14,14
44557,122,126,-4,4
44558,59,62,-3,3
44559,107,102,5,5
44560,73,70,3,3
44561,65,68,-3,3
44562,53,55,-2,2
44563,152,143,9,9
44564,81,70,11,11
44565,87,84,3,3
44566,77,72,5,5
44567,129,132,-3,3
44568,165,154,11,11
44569,111,112,-1,1
44570,108,112,-4,4
44571,67,71,-4,4
44572,78,77,1,1
44573,105,99,6,6
44574,72,69,3,3
44575,75,87,-12,12
44576,85,79,6,6
44577,57,61,-4,4
44578,115,122,-7,7
44579,74,71,3,3
44580,170,163,7,7
44581,90,95,-5,5
44582,85,91,-6,6
44583,65,70,-5,5
44584,45,50,-5,5
44585,160,136,24,24
44586,160,144,16,16
44587,99,103,-4,4
44588,62,70,-8,8
44589,121,123,-2,2
44590,129,120,9,9
44591,98,102,-4,4
44592,104,97,7,7
44593,69,72,-3,3
44594,75,71,4,4
44595,95,94,1,1
44596,118,117,1,1
44597,94,134,-40,40
44598,100,102,-2,2
44599,129,115,14,14
44600,118,116,2,2
44601,57,148,-91,91
44602,68,70,-2,2
44603,123,121,2,2
44604,93,85,8,8
44605,53,57,-4,4
44606,92,93,-1,1
44607,78,81,-3,3
44608,175,146,29,29
44609,115,125,-10,10
44610,70,77,-7,7
44611,161,135,26,26
44612,61,66,-5,5
44613,64,64,0,0
44614,86,91,-5,5
44615,84,85,-1,1
44616,152,135,17,17
44617,116,112,4,4
44618,53,60,-7,7
44619,57,64,-7,7
44620,68,77,-9,9
44621,178,168,10,10
44622,93,89,4,4
44623,120,112,8,8
44624,136,135,1,1
44625,39,49,-10,10
44626,102,98,4,4
44627,167,167,0,0
44628,65,66,-1,1
44629,50,63,-13,13
44630,80,75,5,5
44631,126,122,4,4
44632,67,68,-1,1
44633,59,68,-9,9
44634,116,113,3,3
44635,95,96,-1,1
44636,57,60,-3,3
44637,75,87,-12,12
44638,99,100,-1,1
44639,94,94,0,0
44640,65,64,1,1
44641,90,91,-1,1
44642,126,114,12,12
44643,86,98,-12,12
44644,103,100,3,3
44645,92,102,-10,10
44646,120,116,4,4
44647,86,84,2,2
44648,19,35,-16,16
44649,138,128,10,10
44650,86,87,-1,1
44651,126,120,6,6
44652,103,100,3,3
44653,89,89,0,0
44654,71,74,-3,3
44655,63,63,0,0
44656,76,76,0,0
44657,154,143,11,11
44658,64,65,-1,1
44659,73,74,-1,1
44660,61,66,-5,5
44661,57,66,-9,9
44662,142,141,1,1
44663,193,179,14,14
44664,58,77,-19,19
44665,89,97,-8,8
44666,88,91,-3,3
44667,121,113,8,8
44668,110,106,4,4
44669,116,112,4,4
44670,100,95,5,5
44671,62,62,0,0
44672,100,107,-7,7
44673,146,127,19,19
44674,33,41,-8,8
44675,105,109,-4,4
44676,93,92,1,1
44677,48,59,-11,11
44678,74,76,-2,2
44679,55,59,-4,4
44680,77,75,2,2
44681,83,74,9,9
44682,162,147,15,15
44683,59,62,-3,3
44684,196,185,11,11
44685,95,90,5,5
44686,64,65,-1,1
44687,107,112,-5,5
44688,163,149,14,14
44689,78,75,3,3
44690,66,75,-9,9
44691,62,73,-11,11
44692,109,101,8,8
44693,77,78,-1,1
44694,125,113,12,12
44695,103,98,5,5
44696,81,79,2,2
44697,50,55,-5,5
44698,116,127,-11,11
44699,70,75,-5,5
44700,68,65,3,3
44701,96,92,4,4
44702,155,132,23,23
44703,128,132,-4,4
44704,75,76,-1,1
44705,116,113,3,3
44706,88,91,-3,3
44707,100,92,8,8
44708,73,76,-3,3
44709,140,141,-1,1
44710,106,107,-1,1
44711,87,91,-4,4
44712,78,91,-13,13
44713,92,89,3,3
44714,109,102,7,7
44715,69,74,-5,5
44716,174,163,11,11
44717,60,64,-4,4
44718,61,61,0,0
44719,59,65,-6,6
44720,124,119,5,5
44721,85,86,-1,1
44722,136,110,26,26
44723,118,121,-3,3
44724,81,84,-3,3
44725,80,81,-1,1
44726,69,65,4,4
44727,60,66,-6,6
44728,63,68,-5,5
44729,46,47,-1,1
44730,61,63,-2,2
44731,65,76,-11,11
44732,104,109,-5,5
44733,144,132,12,12
44734,73,89,-16,16
44735,77,78,-1,1
44736,96,93,3,3
44737,71,81,-10,10
44738,74,77,-3,3
44739,60,64,-4,4
44740,80,80,0,0
44741,74,80,-6,6
44742,168,149,19,19
44743,145,133,12,12
44744,86,93,-7,7
44745,137,132,5,5
44746,121,112,9,9
44747,91,81,10,10
44748,68,73,-5,5
44749,78,72,6,6
44750,84,89,-5,5
44751,150,138,12,12
44752,103,93,10,10
44753,79,79,0,0
44754,63,71,-8,8
44755,70,70,0,0
44756,229,216,13,13
44757,130,136,-6,6
44758,81,84,-3,3
44759,112,102,10,10
44760,134,116,18,18
44761,82,82,0,0
44762,152,203,-51,51
44763,90,98,-8,8
44764,105,112,-7,7
44765,138,136,2,2
44766,95,97,-2,2
44767,86,85,1,1
44768,91,83,8,8
44769,58,77,-19,19
44770,130,117,13,13
44771,154,138,16,16
44772,69,73,-4,4
44773,158,126,32,32
44774,136,132,4,4
44775,56,64,-8,8
44776,86,86,0,0
44777,49,53,-4,4
44778,138,133,5,5
44779,100,99,1,1
44780,146,138,8,8
44781,56,60,-4,4
44782,79,81,-2,2
44783,53,54,-1,1
44784,59,62,-3,3
44785,64,63,1,1
44786,108,100,8,8
44787,66,69,-3,3
44788,117,115,2,2
44789,60,61,-1,1
44790,51,53,-2,2
44791,104,98,6,6
44792,92,111,-19,19
44793,87,83,4,4
44794,84,110,-26,26
44795,155,149,6,6
44796,100,104,-4,4
44797,43,48,-5,5
44798,72,65,7,7
44799,124,128,-4,4
44800,116,132,-16,16
44801,159,137,22,22
44802,91,105,-14,14
44803,71,65,6,6
44804,158,146,12,12
44805,71,75,-4,4
44806,102,99,3,3
44807,117,112,5,5
44808,94,95,-1,1
44809,79,89,-10,10
44810,51,56,-5,5
44811,63,62,1,1
44812,55,62,-7,7
44813,152,127,25,25
44814,78,65,13,13
44815,54,58,-4,4
44816,80,77,3,3
44817,59,62,-3,3
44818,84,84,0,0
44819,110,104,6,6
44820,124,111,13,13
44821,92,76,16,16
44822,126,124,2,2
44823,130,119,11,11
44824,89,91,-2,2
44825,109,106,3,3
44826,87,97,-10,10
44827,75,68,7,7
44828,225,212,13,13
44829,182,174,8,8
44830,82,84,-2,2
44831,54,65,-11,11
44832,187,164,23,23
44833,128,131,-3,3
44834,87,77,10,10
44835,92,81,11,11
44836,58,70,-12,12
44837,63,64,-1,1
44838,100,95,5,5
44839,102,110,-8,8
44840,46,56,-10,10
44841,89,98,-9,9
44842,61,61,0,0
44843,134,132,2,2
44844,69,72,-3,3
44845,118,112,6,6
44846,153,142,11,11
44847,115,109,6,6
44848,88,85,3,3
44849,91,93,-2,2
44850,51,57,-6,6
44851,68,79,-11,11
44852,155,143,12,12
44853,52,57,-5,5
44854,71,75,-4,4
44855,100,99,1,1
44856,81,78,3,3
44857,168,153,15,15
44858,80,78,2,2
44859,83,78,5,5
44860,90,97,-7,7
44861,99,97,2,2
44862,45,50,-5,5
44863,110,108,2,2
44864,118,100,18,18
44865,98,96,2,2
44866,162,148,14,14
44867,54,54,0,0
44868,80,85,-5,5
44869,91,86,5,5
44870,81,74,7,7
44871,89,89,0,0
44872,58,60,-2,2
44873,194,195,-1,1
44874,78,80,-2,2
44875,63,63,0,0
44876,61,62,-1,1
44877,98,95,3,3
44878,95,93,2,2
44879,97,91,6,6
44880,96,108,-12,12
44881,89,83,6,6
44882,154,140,14,14
44883,51,55,-4,4
44884,117,98,19,19
44885,42,55,-13,13
44886,92,89,3,3
44887,91,96,-5,5
44888,162,164,-2,2
44889,75,78,-3,3
44890,104,107,-3,3
44891,117,116,1,1
44892,74,84,-10,10
44893,52,55,-3,3
44894,77,74,3,3
44895,83,77,6,6
44896,71,75,-4,4
44897,57,58,-1,1
44898,62,65,-3,3
44899,114,110,4,4
44900,58,69,-11,11
44901,120,120,0,0
44902,74,76,-2,2
44903,95,84,11,11
44904,63,71,-8,8
44905,84,96,-12,12
44906,57,67,-10,10
44907,70,75,-5,5
44908,71,81,-10,10
44909,71,66,5,5
44910,140,120,20,20
44911,116,122,-6,6
44912,62,67,-5,5
44913,96,103,-7,7
44914,73,76,-3,3
44915,79,76,3,3
44916,97,85,12,12
44917,80,73,7,7
44918,76,75,1,1
44919,67,68,-1,1
44920,176,158,18,18
44921,71,85,-14,14
44922,89,86,3,3
44923,75,75,0,0
44924,142,131,11,11
44925,96,98,-2,2
44926,70,74,-4,4
44927,134,125,9,9
44928,123,120,3,3
44929,71,78,-7,7
44930,45,59,-14,14
44931,102,100,2,2
44932,130,130,0,0
44933,134,133,1,1
44934,71,80,-9,9
44935,111,125,-14,14
44936,134,120,14,14
44937,131,112,19,19
44938,136,156,-20,20
44939,116,111,5,5
44940,156,143,13,13
44941,139,121,18,18
44942,102,101,1,1
44943,69,76,-7,7
44944,81,77,4,4
44945,109,113,-4,4
44946,94,91,3,3
44947,77,72,5,5
44948,173,174,-1,1
44949,70,75,-5,5
44950,77,81,-4,4
44951,95,94,1,1
44952,96,95,1,1
44953,90,94,-4,4
44954,47,69,-22,22
44955,116,119,-3,3
44956,84,75,9,9
44957,62,71,-9,9
44958,128,139,-11,11
44959,83,84,-1,1
44960,90,98,-8,8
44961,86,88,-2,2
44962,113,109,4,4
44963,153,133,20,20
44964,90,88,2,2
44965,96,98,-2,2
44966,76,87,-11,11
44967,73,74,-1,1
44968,98,98,0,0
44969,23,48,-25,25
44970,57,64,-7,7
44971,65,82,-17,17
44972,107,106,1,1
44973,140,134,6,6
44974,112,99,13,13
44975,149,153,-4,4
44976,100,82,18,18
44977,100,98,2,2
44978,64,61,3,3
44979,89,87,2,2
44980,154,138,16,16
44981,53,58,-5,5
44982,45,49,-4,4
44983,61,65,-4,4
44984,108,103,5,5
44985,88,80,8,8
44986,109,112,-3,3
44987,143,118,25,25
44988,91,100,-9,9
44989,102,101,1,1
44990,61,70,-9,9
44991,85,89,-4,4
44992,121,104,17,17
44993,65,66,-1,1
44994,56,57,-1,1
44995,103,100,3,3
44996,111,99,12,12
44997,102,97,5,5
44998,99,83,16,16
44999,97,119,-22,22
45000,79,76,3,3
45001,139,130,9,9
45002,107,94,13,13
45003,166,164,2,2
45004,51,58,-7,7
45005,75,68,7,7
45006,113,111,2,2
45007,69,76,-7,7
45008,129,126,3,3
45009,197,188,9,9
45010,104,106,-2,2
45011,99,102,-3,3
45012,86,77,9,9
45013,95,88,7,7
45014,138,128,10,10
45015,78,75,3,3
45016,47,87,-40,40
45017,56,59,-3,3
45018,62,68,-6,6
45019,64,70,-6,6
45020,105,83,22,22
45021,104,100,4,4
45022,140,130,10,10
45023,84,104,-20,20
45024,126,131,-5,5
45025,82,83,-1,1
45026,75,75,0,0
45027,92,97,-5,5
45028,77,80,-3,3
45029,100,99,1,1
45030,140,140,0,0
45031,67,61,6,6
45032,117,120,-3,3
45033,54,61,-7,7
45034,81,84,-3,3
45035,130,129,1,1
45036,100,95,5,5
45037,86,82,4,4
45038,57,66,-9,9
45039,115,109,6,6
45040,147,139,8,8
45041,86,87,-1,1
45042,39,49,-10,10
45043,79,80,-1,1
45044,89,96,-7,7
45045,70,67,3,3
45046,73,79,-6,6
45047,113,105,8,8
45048,99,104,-5,5
45049,78,78,0,0
45050,132,130,2,2
45051,79,89,-10,10
45052,143,137,6,6
45053,57,62,-5,5
45054,49,53,-4,4
45055,85,85,0,0
45056,49,78,-29,29
45057,96,90,6,6
45058,87,89,-2,2
45059,151,119,32,32
45060,147,142,5,5
45061,94,96,-2,2
45062,91,89,2,2
45063,56,57,-1,1
45064,123,131,-8,8
45065,188,169,19,19
45066,55,52,3,3
45067,117,108,9,9
45068,106,101,5,5
45069,109,121,-12,12
45070,61,59,2,2
45071,46,59,-13,13
45072,62,63,-1,1
45073,102,100,2,2
45074,62,63,-1,1
45075,85,87,-2,2
45076,89,88,1,1
45077,96,97,-1,1
45078,132,130,2,2
45079,94,94,0,0
45080,118,108,10,10
45081,73,73,0,0
45082,69,71,-2,2
45083,57,66,-9,9
45084,86,88,-2,2
45085,130,112,18,18
45086,144,132,12,12
45087,67,67,0,0
45088,64,96,-32,32
45089,85,81,4,4
45090,104,107,-3,3
45091,109,102,7,7
45092,110,108,2,2
45093,129,115,14,14
45094,97,95,2,2
45095,85,83,2,2
45096,104,101,3,3
45097,77,85,-8,8
45098,81,87,-6,6
45099,97,94,3,3
45100,130,139,-9,9
45101,67,68,-1,1
45102,55,60,-5,5
45103,92,85,7,7
45104,83,86,-3,3
45105,135,141,-6,6
45106,69,66,3,3
45107,109,111,-2,2
45108,98,89,9,9
45109,95,92,3,3
45110,121,122,-1,1
45111,80,71,9,9
45112,79,85,-6,6
45113,123,121,2,2
45114,117,111,6,6
45115,59,65,-6,6
45116,89,90,-1,1
45117,82,84,-2,2
45118,117,104,13,13
45119,69,74,-5,5
45120,123,108,15,15
45121,57,70,-13,13
45122,87,78,9,9
45123,105,105,0,0
45124,108,105,3,3
45125,76,72,4,4
45126,74,102,-28,28
45127,84,74,10,10
45128,96,98,-2,2
45129,78,79,-1,1
45130,76,85,-9,9
45131,88,95,-7,7
45132,89,92,-3,3
45133,90,96,-6,6
45134,60,61,-1,1
45135,53,60,-7,7
45136,67,72,-5,5
45137,89,89,0,0
45138,149,124,25,25
45139,95,97,-2,2
45140,109,112,-3,3
45141,169,169,0,0
45142,78,73,5,5
45143,122,118,4,4
45144,48,68,-20,20
45145,108,118,-10,10
45146,90,91,-1,1
45147,147,129,18,18
45148,69,71,-2,2
45149,112,102,10,10
45150,158,147,11,11
45151,123,133,-10,10
45152,42,50,-8,8
45153,135,125,10,10
45154,148,133,15,15
45155,109,107,2,2
45156,73,69,4,4
45157,88,87,1,1
45158,90,83,7,7
45159,55,60,-5,5
45160,83,88,-5,5
45161,54,53,1,1
45162,85,91,-6,6
45163,75,71,4,4
45164,121,119,2,2
45165,65,64,1,1
45166,77,72,5,5
45167,102,98,4,4
45168,104,111,-7,7
45169,67,64,3,3
45170,134,119,15,15
45171,107,97,10,10
45172,87,91,-4,4
45173,168,158,10,10
45174,145,141,4,4
45175,127,130,-3,3
45176,168,150,18,18
45177,113,106,7,7
45178,64,73,-9,9
45179,64,66,-2,2
45180,83,86,-3,3
45181,83,83,0,0
45182,125,114,11,11
45183,61,62,-1,1
45184,40,47,-7,7
45185,57,57,0,0
45186,153,139,14,14
45187,101,104,-3,3
45188,83,86,-3,3
45189,89,100,-11,11
45190,111,111,0,0
45191,77,76,1,1
45192,127,118,9,9
45193,128,120,8,8
45194,146,133,13,13
45195,49,61,-12,12
45196,49,65,-16,16
45197,57,67,-10,10
45198,89,85,4,4
45199,88,102,-14,14
45200,153,155,-2,2
45201,71,75,-4,4
45202,135,134,1,1
45203,109,98,11,11
45204,73,72,1,1
45205,185,163,22,22
45206,69,69,0,0
45207,109,112,-3,3
45208,74,79,-5,5
45209,181,156,25,25
45210,96,98,-2,2
45211,93,109,-16,16
45212,60,60,0,0
45213,104,104,0,0
45214,67,58,9,9
45215,89,96,-7,7
45216,128,113,15,15
45217,100,98,2,2
45218,96,94,2,2
45219,90,84,6,6
45220,68,66,2,2
45221,126,113,13,13
45222,54,63,-9,9
45223,106,109,-3,3
45224,63,67,-4,4
45225,113,98,15,15
45226,45,58,-13,13
45227,98,91,7,7
45228,156,141,15,15
45229,52,61,-9,9
45230,134,119,15,15
45231,74,76,-2,2
45232,102,102,0,0
45233,100,99,1,1
45234,62,66,-4,4
45235,82,76,6,6
45236,105,93,12,12
45237,69,71,-2,2
45238,124,134,-10,10
45239,118,113,5,5
45240,82,85,-3,3
45241,63,69,-6,6
45242,70,68,2,2
45243,68,71,-3,3
45244,121,112,9,9
45245,73,71,2,2
45246,51,58,-7,7
45247,81,78,3,3
45248,146,131,15,15
45249,88,88,0,0
45250,101,99,2,2
45251,126,128,-2,2
45252,119,118,1,1
45253,113,118,-5,5
45254,172,145,27,27
45255,81,76,5,5
45256,90,89,1,1
45257,110,111,-1,1
45258,134,135,-1,1
45259,37,55,-18,18
45260,62,65,-3,3
45261,65,65,0,0
45262,52,55,-3,3
45263,76,80,-4,4
45264,116,113,3,3
45265,98,120,-22,22
45266,61,65,-4,4
45267,84,90,-6,6
45268,153,138,15,15
45269,72,67,5,5
45270,77,76,1,1
45271,86,89,-3,3
45272,99,105,-6,6
45273,124,118,6,6
45274,66,76,-10,10
45275,76,76,0,0
45276,67,57,10,10
45277,133,120,13,13
45278,91,92,-1,1
45279,71,82,-11,11
45280,207,190,17,17
45281,65,68,-3,3
45282,97,99,-2,2
45283,131,133,-2,2
45284,120,109,11,11
45285,59,62,-3,3
45286,124,118,6,6
45287,74,75,-1,1
45288,101,99,2,2
45289,85,85,0,0
45290,85,87,-2,2
45291,137,126,11,11
45292,76,73,3,3
45293,136,137,-1,1
45294,139,131,8,8
45295,49,58,-9,9
45296,136,128,8,8
45297,75,70,5,5
45298,109,106,3,3
45299,53,58,-5,5
45300,110,110,0,0
45301,59,66,-7,7
45302,119,118,1,1
45303,86,85,1,1
45304,139,126,13,13
45305,132,128,4,4
45306,191,178,13,13
45307,87,82,5,5
45308,90,91,-1,1
45309,122,121,1,1
45310,73,67,6,6
45311,122,108,14,14
45312,93,97,-4,4
45313,46,58,-12,12
45314,84,91,-7,7
45315,103,94,9,9
45316,39,44,-5,5
45317,96,100,-4,4
45318,72,73,-1,1
45319,146,130,16,16
45320,80,92,-12,12
45321,68,74,-6,6
45322,49,54,-5,5
45323,110,104,6,6
45324,117,113,4,4
45325,121,111,10,10
45326,55,70,-15,15
45327,149,153,-4,4
45328,78,76,2,2
45329,60,68,-8,8
45330,161,153,8,8
45331,95,102,-7,7
45332,75,65,10,10
45333,92,98,-6,6
45334,112,121,-9,9
45335,67,73,-6,6
45336,91,90,1,1
45337,109,101,8,8
45338,177,162,15,15
45339,105,109,-4,4
45340,82,77,5,5
45341,89,76,13,13
45342,109,103,6,6
45343,67,77,-10,10
45344,117,119,-2,2
45345,96,98,-2,2
45346,49,60,-11,11
45347,110,103,7,7
45348,57,56,1,1
45349,118,94,24,24
45350,120,112,8,8
45351,77,80,-3,3
45352,107,97,10,10
45353,60,71,-11,11
45354,70,65,5,5
45355,115,114,1,1
45356,70,75,-5,5
45357,70,64,6,6
45358,96,113,-17,17
45359,72,83,-11,11
45360,72,69,3,3
45361,67,72,-5,5
45362,170,149,21,21
45363,57,59,-2,2
45364,67,68,-1,1
45365,85,89,-4,4
45366,95,110,-15,15
45367,119,136,-17,17
45368,84,79,5,5
45369,65,87,-22,22
45370,225,217,8,8
45371,97,99,-2,2
45372,81,85,-4,4
45373,104,102,2,2
45374,23,41,-18,18
45375,75,74,1,1
45376,115,112,3,3
45377,111,102,9,9
45378,60,58,2,2
45379,72,74,-2,2
45380,100,99,1,1
45381,85,84,1,1
45382,60,65,-5,5
45383,55,65,-10,10
45384,120,123,-3,3
45385,121,123,-2,2
45386,79,76,3,3
45387,89,91,-2,2
45388,127,114,13,13
45389,86,88,-2,2
45390,58,60,-2,2
45391,99,92,7,7
45392,126,128,-2,2
45393,53,58,-5,5
45394,55,61,-6,6
45395,107,108,-1,1
45396,67,65,2,2
45397,83,94,-11,11
45398,81,82,-1,1
45399,92,88,4,4
45400,109,101,8,8
45401,148,141,7,7
45402,115,119,-4,4
45403,124,114,10,10
45404,103,102,1,1
45405,122,122,0,0
45406,104,104,0,0
45407,58,51,7,7
45408,68,70,-2,2
45409,83,92,-9,9
45410,51,68,-17,17
45411,84,83,1,1
45412,129,133,-4,4
45413,64,69,-5,5
45414,150,136,14,14
45415,48,55,-7,7
45416,67,63,4,4
45417,72,72,0,0
45418,101,97,4,4
45419,68,66,2,2
45420,135,120,15,15
45421,98,99,-1,1
45422,73,74,-1,1
45423,93,101,-8,8
45424,161,155,6,6
45425,58,63,-5,5
45426,125,123,2,2
45427,91,94,-3,3
45428,82,78,4,4
45429,82,90,-8,8
45430,89,105,-16,16
45431,45,48,-3,3
45432,56,89,-33,33
45433,152,174,-22,22
45434,110,100,10,10
45435,81,77,4,4
45436,43,50,-7,7
45437,154,158,-4,4
45438,82,74,8,8
45439,104,110,-6,6
45440,78,87,-9,9
45441,130,119,11,11
45442,66,77,-11,11
45443,86,92,-6,6
45444,98,102,-4,4
45445,106,106,0,0
45446,78,84,-6,6
45447,89,81,8,8
45448,84,88,-4,4
45449,111,100,11,11
45450,73,76,-3,3
45451,115,137,-22,22
45452,174,162,12,12
45453,87,76,11,11
45454,102,99,3,3
45455,77,71,6,6
45456,37,40,-3,3
45457,131,125,6,6
45458,104,102,2,2
45459,109,141,-32,32
45460,89,86,3,3
45461,108,103,5,5
45462,158,147,11,11
45463,69,69,0,0
45464,89,78,11,11
45465,42,46,-4,4
45466,97,81,16,16
45467,70,75,-5,5
45468,116,112,4,4
45469,138,145,-7,7
45470,110,110,0,0
45471,105,98,7,7
45472,51,63,-12,12
45473,94,101,-7,7
45474,75,75,0,0
45475,129,133,-4,4
45476,88,82,6,6
45477,100,89,11,11
45478,79,78,1,1
45479,176,168,8,8
45480,86,83,3,3
45481,88,98,-10,10
45482,105,114,-9,9
45483,140,132,8,8
45484,72,70,2,2
45485,111,98,13,13
45486,105,97,8,8
45487,191,173,18,18
45488,120,114,6,6
45489,99,104,-5,5
45490,45,56,-11,11
45491,94,92,2,2
45492,80,89,-9,9
45493,85,87,-2,2
45494,74,69,5,5
45495,78,83,-5,5
45496,131,118,13,13
45497,95,98,-3,3
45498,59,63,-4,4
45499,72,67,5,5
45500,108,113,-5,5
45501,71,76,-5,5
45502,74,72,2,2
45503,134,137,-3,3
45504,101,101,0,0
45505,68,68,0,0
45506,127,123,4,4
45507,195,167,28,28
45508,73,73,0,0
45509,77,76,1,1
45510,79,74,5,5
45511,59,56,3,3
45512,115,101,14,14
45513,79,80,-1,1
45514,91,91,0,0
45515,82,79,3,3
45516,72,72,0,0
45517,63,73,-10,10
45518,89,90,-1,1
45519,69,73,-4,4
45520,62,95,-33,33
45521,45,56,-11,11
45522,87,92,-5,5
45523,75,84,-9,9
45524,105,104,1,1
45525,93,100,-7,7
45526,104,102,2,2
45527,86,91,-5,5
45528,159,152,7,7
45529,93,84,9,9
45530,112,109,3,3
45531,120,114,6,6
45532,62,60,2,2
45533,108,102,6,6
45534,124,122,2,2
45535,167,149,18,18
45536,163,160,3,3
45537,113,108,5,5
45538,98,91,7,7
45539,64,72,-8,8
45540,120,112,8,8
45541,52,53,-1,1
45542,42,49,-7,7
45543,131,136,-5,5
45544,95,84,11,11
45545,85,87,-2,2
45546,71,69,2,2
45547,116,109,7,7
45548,91,84,7,7
45549,94,92,2,2
45550,52,60,-8,8
45551,84,102,-18,18
45552,61,61,0,0
45553,101,102,-1,1
45554,97,97,0,0
45555,96,103,-7,7
45556,141,139,2,2
45557,124,113,11,11
45558,72,76,-4,4
45559,79,129,-50,50
45560,155,153,2,2
45561,112,118,-6,6
45562,63,66,-3,3
45563,73,76,-3,3
45564,67,74,-7,7
45565,61,63,-2,2
45566,114,107,7,7
45567,33,42,-9,9
45568,64,68,-4,4
45569,79,75,4,4
45570,149,153,-4,4
45571,97,94,3,3
45572,84,86,-2,2
45573,134,138,-4,4
45574,85,94,-9,9
45575,123,112,11,11
45576,97,95,2,2
45577,69,67,2,2
45578,116,106,10,10
45579,92,84,8,8
45580,125,125,0,0
45581,103,94,9,9
45582,99,87,12,12
45583,154,157,-3,3
45584,102,99,3,3
45585,53,59,-6,6
45586,104,105,-1,1
45587,218,185,33,33
45588,57,59,-2,2
45589,154,157,-3,3
45590,141,143,-2,2
45591,113,119,-6,6
45592,69,72,-3,3
45593,87,101,-14,14
45594,126,122,4,4
45595,99,101,-2,2
45596,85,92,-7,7
45597,78,83,-5,5
45598,85,74,11,11
45599,77,73,4,4
45600,97,93,4,4
45601,67,76,-9,9
45602,114,108,6,6
45603,130,133,-3,3
45604,127,114,13,13
45605,66,64,2,2
45606,74,78,-4,4
45607,117,112,5,5
45608,57,59,-2,2
45609,169,156,13,13
45610,79,84,-5,5
45611,122,134,-12,12
45612,117,114,3,3
45613,82,84,-2,2
45614,119,112,7,7
45615,105,100,5,5
45616,121,112,9,9
45617,107,106,1,1
45618,63,67,-4,4
45619,76,80,-4,4
45620,141,116,25,25
45621,76,77,-1,1
45622,189,144,45,45
45623,78,77,1,1
45624,105,117,-12,12
45625,69,72,-3,3
45626,95,104,-9,9
45627,55,63,-8,8
45628,85,75,10,10
45629,62,68,-6,6
45630,72,71,1,1
45631,91,90,1,1
45632,78,92,-14,14
45633,69,68,1,1
45634,58,58,0,0
45635,104,97,7,7
45636,90,95,-5,5
45637,45,56,-11,11
45638,109,98,11,11
45639,174,176,-2,2
45640,102,112,-10,10
45641,72,77,-5,5
45642,93,92,1,1
45643,88,113,-25,25
45644,147,131,16,16
45645,116,112,4,4
45646,71,95,-24,24
45647,59,63,-4,4
45648,110,106,4,4
45649,112,106,6,6
45650,67,59,8,8
45651,63,68,-5,5
45652,99,86,13,13
45653,71,72,-1,1
45654,61,69,-8,8
45655,145,179,-34,34
45656,59,64,-5,5
45657,91,96,-5,5
45658,97,98,-1,1
45659,67,70,-3,3
45660,75,70,5,5
45661,107,93,14,14
45662,47,64,-17,17
45663,111,112,-1,1
45664,122,112,10,10
45665,145,137,8,8
45666,133,118,15,15
45667,90,89,1,1
45668,153,145,8,8
45669,83,76,7,7
45670,44,58,-14,14
45671,64,66,-2,2
45672,74,79,-5,5
45673,98,98,0,0
45674,117,62,55,55
45675,83,87,-4,4
45676,52,60,-8,8
45677,74,74,0,0
45678,128,121,7,7
45679,75,74,1,1
45680,71,72,-1,1
45681,72,73,-1,1
45682,80,81,-1,1
45683,98,94,4,4
45684,138,135,3,3
45685,161,150,11,11
45686,152,148,4,4
45687,117,111,6,6
45688,96,103,-7,7
45689,76,78,-2,2
45690,150,148,2,2
45691,71,75,-4,4
45692,127,129,-2,2
45693,93,96,-3,3
45694,116,114,2,2
45695,128,119,9,9
45696,47,53,-6,6
45697,53,59,-6,6
45698,173,165,8,8
45699,84,99,-15,15
45700,74,72,2,2
45701,40,50,-10,10
45702,125,103,22,22
45703,100,108,-8,8
45704,62,66,-4,4
45705,120,109,11,11
45706,163,139,24,24
45707,111,110,1,1
45708,62,74,-12,12
45709,104,112,-8,8
45710,96,89,7,7
45711,71,68,3,3
45712,94,99,-5,5
45713,109,108,1,1
45714,46,54,-8,8
45715,94,94,0,0
45716,52,56,-4,4
45717,88,85,3,3
45718,68,74,-6,6
45719,193,197,-4,4
45720,137,126,11,11
45721,109,106,3,3
45722,97,102,-5,5
45723,114,106,8,8
45724,90,90,0,0
45725,57,61,-4,4
45726,119,112,7,7
45727,157,145,12,12
45728,86,81,5,5
45729,108,106,2,2
45730,82,85,-3,3
45731,111,104,7,7
45732,110,107,3,3
45733,108,96,12,12
45734,92,84,8,8
45735,38,41,-3,3
45736,92,92,0,0
45737,92,90,2,2
45738,68,64,4,4
45739,74,84,-10,10
45740,83,83,0,0
45741,106,94,12,12
45742,86,84,2,2
45743,78,72,6,6
45744,155,156,-1,1
45745,116,118,-2,2
45746,129,99,30,30
45747,99,96,3,3
45748,114,107,7,7
45749,103,95,8,8
45750,82,73,9,9
45751,50,54,-4,4
45752,86,86,0,0
45753,82,78,4,4
45754,82,95,-13,13
45755,50,54,-4,4
45756,88,73,15,15
45757,86,84,2,2
45758,103,98,5,5
45759,60,60,0,0
45760,68,69,-1,1
45761,86,74,12,12
45762,85,83,2,2
45763,80,77,3,3
45764,58,68,-10,10
45765,63,81,-18,18
45766,117,115,2,2
45767,97,107,-10,10
45768,59,65,-6,6
45769,66,72,-6,6
45770,121,114,7,7
45771,77,73,4,4
45772,47,52,-5,5
45773,61,69,-8,8
45774,128,123,5,5
45775,225,211,14,14
45776,145,130,15,15
45777,125,127,-2,2
45778,40,51,-11,11
45779,94,85,9,9
45780,103,100,3,3
45781,137,128,9,9
45782,151,140,11,11
45783,98,100,-2,2
45784,115,111,4,4
45785,77,73,4,4
45786,75,99,-24,24
45787,75,79,-4,4
45788,117,111,6,6
45789,133,129,4,4
45790,89,99,-10,10
45791,92,93,-1,1
45792,66,66,0,0
45793,26,37,-11,11
45794,135,125,10,10
45795,82,91,-9,9
45796,44,55,-11,11
45797,79,61,18,18
45798,135,137,-2,2
45799,122,127,-5,5
45800,177,172,5,5
45801,93,89,4,4
45802,54,55,-1,1
45803,104,113,-9,9
45804,69,66,3,3
45805,64,71,-7,7
45806,113,122,-9,9
45807,69,69,0,0
45808,127,130,-3,3
45809,115,112,3,3
45810,75,76,-1,1
45811,81,77,4,4
45812,35,45,-10,10
45813,120,119,1,1
45814,86,86,0,0
45815,111,100,11,11
45816,149,132,17,17
45817,86,84,2,2
45818,122,114,8,8
45819,80,85,-5,5
45820,91,87,4,4
45821,106,103,3,3
45822,30,56,-26,26
45823,84,85,-1,1
45824,159,124,35,35
45825,76,85,-9,9
45826,73,74,-1,1
45827,78,80,-2,2
45828,271,251,20,20
45829,138,138,0,0
45830,72,78,-6,6
45831,77,72,5,5
45832,94,94,0,0
45833,101,100,1,1
45834,72,72,0,0
45835,101,107,-6,6
45836,120,116,4,4
45837,159,154,5,5
45838,78,78,0,0
45839,78,84,-6,6
45840,106,103,3,3
45841,87,96,-9,9
45842,62,65,-3,3
45843,106,112,-6,6
45844,127,133,-6,6
45845,101,100,1,1
45846,56,58,-2,2
45847,41,57,-16,16
45848,83,86,-3,3
45849,128,127,1,1
45850,86,80,6,6
45851,82,88,-6,6
45852,104,100,4,4
45853,116,133,-17,17
45854,115,117,-2,2
45855,81,74,7,7
45856,82,95,-13,13
45857,88,80,8,8
45858,115,112,3,3
45859,170,163,7,7
45860,110,108,2,2
45861,228,197,31,31
45862,161,141,20,20
45863,72,74,-2,2
45864,171,150,21,21
45865,117,105,12,12
45866,116,113,3,3
45867,60,56,4,4
45868,113,113,0,0
45869,121,112,9,9
45870,41,59,-18,18
45871,98,93,5,5
45872,83,83,0,0
45873,56,61,-5,5
45874,107,99,8,8
45875,90,84,6,6
45876,91,95,-4,4
45877,68,75,-7,7
45878,131,121,10,10
45879,95,91,4,4
45880,93,89,4,4
45881,99,97,2,2
45882,195,160,35,35
45883,124,113,11,11
45884,124,115,9,9
45885,44,53,-9,9
45886,63,65,-2,2
45887,175,157,18,18
45888,127,114,13,13
45889,113,113,0,0
45890,118,100,18,18
45891,99,106,-7,7
45892,89,85,4,4
45893,64,70,-6,6
45894,73,75,-2,2
45895,104,99,5,5
45896,50,61,-11,11
45897,94,84,10,10
45898,115,113,2,2
45899,91,95,-4,4
45900,80,72,8,8
45901,81,87,-6,6
45902,80,85,-5,5
45903,100,94,6,6
45904,123,121,2,2
45905,89,81,8,8
45906,71,71,0,0
45907,162,137,25,25
45908,152,132,20,20
45909,69,71,-2,2
45910,81,93,-12,12
45911,71,74,-3,3
45912,90,89,1,1
45913,104,99,5,5
45914,106,96,10,10
45915,66,69,-3,3
45916,66,66,0,0
45917,79,92,-13,13
45918,45,54,-9,9
45919,89,84,5,5
45920,105,89,16,16
45921,59,60,-1,1
45922,103,97,6,6
45923,116,115,1,1
45924,93,90,3,3
45925,116,125,-9,9
45926,133,121,12,12
45927,86,81,5,5
45928,86,77,9,9
45929,65,65,0,0
45930,139,129,10,10
45931,117,122,-5,5
45932,67,66,1,1
45933,119,101,18,18
45934,81,100,-19,19
45935,127,118,9,9
45936,142,132,10,10
45937,87,87,0,0
45938,70,69,1,1
45939,79,79,0,0
45940,119,114,5,5
45941,73,70,3,3
45942,72,66,6,6
45943,87,92,-5,5
45944,108,102,6,6
45945,120,114,6,6
45946,82,77,5,5
45947,97,100,-3,3
45948,73,81,-8,8
45949,69,71,-2,2
45950,96,97,-1,1
45951,44,48,-4,4
45952,104,99,5,5
45953,68,75,-7,7
45954,108,83,25,25
45955,81,85,-4,4
45956,124,116,8,8
45957,91,84,7,7
45958,116,129,-13,13
45959,41,46,-5,5
45960,93,97,-4,4
45961,100,104,-4,4
45962,70,83,-13,13
45963,82,83,-1,1
45964,124,111,13,13
45965,168,153,15,15
45966,81,79,2,2
45967,124,124,0,0
45968,74,70,4,4
45969,191,175,16,16
45970,99,107,-8,8
45971,72,76,-4,4
45972,92,97,-5,5
45973,122,121,1,1
45974,104,98,6,6
45975,93,90,3,3
45976,50,57,-7,7
45977,79,87,-8,8
45978,86,88,-2,2
45979,147,155,-8,8
45980,129,138,-9,9
45981,135,143,-8,8
45982,124,108,16,16
45983,91,91,0,0
45984,80,90,-10,10
45985,150,155,-5,5
45986,113,108,5,5
45987,74,67,7,7
45988,165,148,17,17
45989,105,94,11,11
45990,49,56,-7,7
45991,96,101,-5,5
45992,115,112,3,3
45993,132,124,8,8
45994,111,101,10,10
45995,44,60,-16,16
45996,98,89,9,9
45997,52,53,-1,1
45998,78,83,-5,5
45999,71,74,-3,3
46000,30,37,-7,7
46001,116,115,1,1
46002,128,147,-19,19
46003,75,84,-9,9
46004,47,53,-6,6
46005,89,96,-7,7
46006,88,76,12,12
46007,102,100,2,2
46008,48,52,-4,4
46009,59,59,0,0
46010,131,122,9,9
46011,71,73,-2,2
46012,81,87,-6,6
46013,110,108,2,2
46014,154,147,7,7
46015,120,113,7,7
46016,155,139,16,16
46017,109,107,2,2
46018,71,81,-10,10
46019,81,80,1,1
46020,58,62,-4,4
46021,69,78,-9,9
46022,134,125,9,9
46023,99,96,3,3
46024,71,74,-3,3
46025,99,97,2,2
46026,76,80,-4,4
46027,98,88,10,10
46028,68,70,-2,2
46029,105,96,9,9
46030,109,101,8,8
46031,143,146,-3,3
46032,112,106,6,6
46033,82,101,-19,19
46034,59,60,-1,1
46035,170,154,16,16
46036,84,91,-7,7
46037,84,98,-14,14
46038,97,98,-1,1
46039,241,212,29,29
46040,216,192,24,24
46041,121,121,0,0
46042,72,69,3,3
46043,61,63,-2,2
46044,76,71,5,5
46045,140,137,3,3
46046,101,98,3,3
46047,92,84,8,8
46048,65,64,1,1
46049,62,68,-6,6
46050,62,67,-5,5
46051,172,146,26,26
46052,82,79,3,3
46053,118,113,5,5
46054,99,94,5,5
46055,121,114,7,7
46056,108,104,4,4
46057,96,82,14,14
46058,145,131,14,14
46059,111,132,-21,21
46060,46,52,-6,6
46061,74,66,8,8
46062,96,96,0,0
46063,60,61,-1,1
46064,110,133,-23,23
46065,78,85,-7,7
46066,114,99,15,15
46067,154,164,-10,10
46068,165,149,16,16
46069,42,47,-5,5
46070,91,85,6,6
46071,100,101,-1,1
46072,110,92,18,18
46073,67,74,-7,7
46074,68,75,-7,7
46075,137,112,25,25
46076,87,90,-3,3
46077,93,86,7,7
46078,86,87,-1,1
46079,200,197,3,3
46080,119,114,5,5
46081,176,160,16,16
46082,75,75,0,0
46083,125,122,3,3
46084,74,78,-4,4
46085,102,97,5,5
46086,53,57,-4,4
46087,107,99,8,8
46088,95,92,3,3
46089,120,120,0,0
46090,88,90,-2,2
46091,66,73,-7,7
46092,94,83,11,11
46093,137,137,0,0
46094,67,76,-9,9
46095,83,80,3,3
46096,56,60,-4,4
46097,139,124,15,15
46098,100,93,7,7
46099,78,89,-11,11
46100,103,96,7,7
46101,59,68,-9,9
46102,47,60,-13,13
46103,65,64,1,1
46104,112,102,10,10
46105,132,114,18,18
46106,82,90,-8,8
46107,118,117,1,1
46108,109,98,11,11
46109,91,88,3,3
46110,67,69,-2,2
46111,83,88,-5,5
46112,79,77,2,2
46113,26,39,-13,13
46114,44,59,-15,15
46115,71,79,-8,8
46116,86,80,6,6
46117,77,76,1,1
46118,53,56,-3,3
46119,98,92,6,6
46120,144,126,18,18
46121,89,84,5,5
46122,67,70,-3,3
46123,147,133,14,14
46124,127,130,-3,3
46125,85,84,1,1
46126,66,66,0,0
46127,89,84,5,5
46128,89,91,-2,2
46129,75,74,1,1
46130,72,72,0,0
46131,101,100,1,1
46132,126,98,28,28
46133,62,64,-2,2
46134,83,82,1,1
46135,151,137,14,14
46136,102,111,-9,9
46137,215,199,16,16
46138,149,135,14,14
46139,133,125,8,8
46140,90,83,7,7
46141,100,84,16,16
46142,57,56,1,1
46143,61,65,-4,4
46144,41,43,-2,2
46145,137,122,15,15
46146,164,150,14,14
46147,242,224,18,18
46148,99,98,1,1
46149,51,56,-5,5
46150,68,67,1,1
46151,78,75,3,3
46152,120,114,6,6
46153,87,85,2,2
46154,105,96,9,9
46155,112,103,9,9
46156,87,93,-6,6
46157,88,87,1,1
46158,71,70,1,1
46159,125,116,9,9
46160,73,76,-3,3
46161,108,109,-1,1
46162,76,76,0,0
46163,45,50,-5,5
46164,100,99,1,1
46165,76,78,-2,2
46166,158,147,11,11
46167,92,95,-3,3
46168,77,83,-6,6
46169,44,51,-7,7
46170,115,117,-2,2
46171,85,92,-7,7
46172,109,104,5,5
46173,89,93,-4,4
46174,39,51,-12,12
46175,66,69,-3,3
46176,62,70,-8,8
46177,89,94,-5,5
46178,130,122,8,8
46179,92,90,2,2
46180,138,119,19,19
46181,118,108,10,10
46182,219,230,-11,11
46183,104,106,-2,2
46184,94,99,-5,5
46185,100,86,14,14
46186,54,55,-1,1
46187,153,130,23,23
46188,84,85,-1,1
46189,91,98,-7,7
46190,46,52,-6,6
46191,53,64,-11,11
46192,77,73,4,4
46193,80,73,7,7
46194,138,124,14,14
46195,80,74,6,6
46196,138,120,18,18
46197,141,132,9,9
46198,91,90,1,1
46199,176,159,17,17
46200,117,116,1,1
46201,69,77,-8,8
46202,108,114,-6,6
46203,101,97,4,4
46204,135,127,8,8
46205,115,112,3,3
46206,102,105,-3,3
46207,56,64,-8,8
46208,96,97,-1,1
46209,69,70,-1,1
46210,106,113,-7,7
46211,151,151,0,0
46212,110,103,7,7
46213,112,114,-2,2
46214,134,122,12,12
46215,65,66,-1,1
46216,66,70,-4,4
46217,97,98,-1,1
46218,109,112,-3,3
46219,141,129,12,12
46220,78,97,-19,19
46221,94,111,-17,17
46222,64,73,-9,9
46223,47,63,-16,16
46224,79,78,1,1
46225,104,106,-2,2
46226,39,51,-12,12
46227,62,72,-10,10
46228,123,119,4,4
46229,144,127,17,17
46230,108,113,-5,5
46231,183,152,31,31
46232,85,83,2,2
46233,49,56,-7,7
46234,40,50,-10,10
46235,27,47,-20,20
46236,107,105,2,2
46237,135,141,-6,6
46238,129,117,12,12
46239,77,75,2,2
46240,61,69,-8,8
46241,58,70,-12,12
46242,144,136,8,8
46243,53,58,-5,5
46244,95,101,-6,6
46245,82,76,6,6
46246,73,74,-1,1
46247,174,170,4,4
46248,101,97,4,4
46249,100,123,-23,23
46250,81,73,8,8
46251,94,92,2,2
46252,76,80,-4,4
46253,70,75,-5,5
46254,100,103,-3,3
46255,79,74,5,5
46256,83,83,0,0
46257,90,95,-5,5
46258,136,130,6,6
46259,61,62,-1,1
46260,106,109,-3,3
46261,90,90,0,0
46262,32,42,-10,10
46263,100,110,-10,10
46264,74,70,4,4
46265,62,67,-5,5
46266,101,94,7,7
46267,104,97,7,7
46268,94,87,7,7
46269,95,98,-3,3
46270,134,131,3,3
46271,134,132,2,2
46272,77,75,2,2
46273,80,96,-16,16
46274,90,90,0,0
46275,128,114,14,14
46276,108,111,-3,3
46277,64,73,-9,9
46278,44,59,-15,15
46279,115,110,5,5
46280,49,58,-9,9
46281,64,76,-12,12
46282,64,66,-2,2
46283,128,121,7,7
46284,69,75,-6,6
46285,73,71,2,2
46286,38,47,-9,9
46287,71,72,-1,1
46288,94,96,-2,2
46289,89,93,-4,4
46290,63,67,-4,4
46291,116,106,10,10
46292,83,86,-3,3
46293,38,49,-11,11
46294,57,63,-6,6
46295,84,84,0,0
46296,552,431,121,121
46297,75,72,3,3
46298,70,71,-1,1
46299,90,102,-12,12
46300,181,194,-13,13
46301,109,112,-3,3
46302,99,108,-9,9
46303,99,98,1,1
46304,73,74,-1,1
46305,71,74,-3,3
46306,125,123,2,2
46307,142,141,1,1
46308,125,117,8,8
46309,99,94,5,5
46310,127,114,13,13
46311,134,114,20,20
46312,87,81,6,6
46313,99,106,-7,7
46314,116,118,-2,2
46315,57,64,-7,7
46316,160,149,11,11
46317,104,96,8,8
46318,106,105,1,1
46319,82,88,-6,6
46320,149,135,14,14
46321,122,122,0,0
46322,46,56,-10,10
46323,44,59,-15,15
46324,47,59,-12,12
46325,46,70,-24,24
46326,103,107,-4,4
46327,118,116,2,2
46328,62,67,-5,5
46329,61,71,-10,10
46330,90,94,-4,4
46331,87,79,8,8
46332,163,136,27,27
46333,108,109,-1,1
46334,68,70,-2,2
46335,128,122,6,6
46336,132,150,-18,18
46337,48,58,-10,10
46338,66,65,1,1
46339,62,70,-8,8
46340,77,87,-10,10
46341,47,64,-17,17
46342,124,117,7,7
46343,95,102,-7,7
46344,65,64,1,1
46345,70,74,-4,4
46346,133,127,6,6
46347,98,99,-1,1
46348,138,141,-3,3
46349,93,96,-3,3
46350,136,126,10,10
46351,119,112,7,7
46352,102,111,-9,9
46353,106,122,-16,16
46354,75,78,-3,3
46355,58,60,-2,2
46356,130,113,17,17
46357,85,88,-3,3
46358,102,112,-10,10
46359,66,67,-1,1
46360,83,99,-16,16
46361,85,87,-2,2
46362,122,118,4,4
46363,107,111,-4,4
46364,68,75,-7,7
46365,58,64,-6,6
46366,87,84,3,3
46367,67,72,-5,5
46368,74,78,-4,4
46369,68,67,1,1
46370,104,94,10,10
46371,158,151,7,7
46372,131,116,15,15
46373,103,102,1,1
46374,109,112,-3,3
46375,64,63,1,1
46376,123,110,13,13
46377,111,102,9,9
46378,38,46,-8,8
46379,59,59,0,0
46380,46,64,-18,18
46381,101,108,-7,7
46382,149,135,14,14
46383,116,112,4,4
46384,62,79,-17,17
46385,78,84,-6,6
46386,92,88,4,4
46387,109,103,6,6
46388,94,96,-2,2
46389,107,112,-5,5
46390,75,84,-9,9
46391,64,71,-7,7
46392,30,44,-14,14
46393,127,126,1,1
46394,67,67,0,0
46395,109,109,0,0
46396,187,164,23,23
46397,90,93,-3,3
46398,123,119,4,4
46399,72,69,3,3
46400,124,122,2,2
46401,110,110,0,0
46402,108,112,-4,4
46403,65,68,-3,3
46404,116,117,-1,1
46405,77,90,-13,13
46406,40,51,-11,11
46407,108,109,-1,1
46408,159,148,11,11
46409,60,62,-2,2
46410,116,105,11,11
46411,124,137,-13,13
46412,94,97,-3,3
46413,90,82,8,8
46414,30,40,-10,10
46415,89,88,1,1
46416,89,83,6,6
46417,111,121,-10,10
46418,84,88,-4,4
46419,49,56,-7,7
46420,75,67,8,8
46421,136,116,20,20
46422,41,55,-14,14
46423,72,72,0,0
46424,173,161,12,12
46425,70,74,-4,4
46426,90,92,-2,2
46427,153,150,3,3
46428,138,143,-5,5
46429,147,140,7,7
46430,116,131,-15,15
46431,148,139,9,9
46432,117,115,2,2
46433,103,101,2,2
46434,123,119,4,4
46435,151,133,18,18
46436,126,121,5,5
46437,105,112,-7,7
46438,111,112,-1,1
46439,71,66,5,5
46440,99,111,-12,12
46441,59,68,-9,9
46442,104,98,6,6
46443,60,60,0,0
46444,88,83,5,5
46445,63,62,1,1
46446,186,173,13,13
46447,97,90,7,7
46448,128,120,8,8
46449,162,146,16,16
46450,74,73,1,1
46451,92,87,5,5
46452,153,143,10,10
46453,97,96,1,1
46454,116,113,3,3
46455,161,134,27,27
46456,73,77,-4,4
46457,107,106,1,1
46458,112,124,-12,12
46459,89,85,4,4
46460,92,90,2,2
46461,83,84,-1,1
46462,108,116,-8,8
46463,108,111,-3,3
46464,49,52,-3,3
46465,64,67,-3,3
46466,109,115,-6,6
46467,52,54,-2,2
46468,139,137,2,2
46469,90,89,1,1
46470,90,92,-2,2
46471,70,76,-6,6
46472,97,100,-3,3
46473,56,63,-7,7
46474,64,76,-12,12
46475,67,65,2,2
46476,48,55,-7,7
46477,69,68,1,1
46478,93,95,-2,2
46479,144,136,8,8
46480,145,148,-3,3
46481,142,138,4,4
46482,150,144,6,6
46483,58,57,1,1
46484,120,107,13,13
46485,102,98,4,4
46486,142,142,0,0
46487,100,102,-2,2
46488,125,124,1,1
46489,84,97,-13,13
46490,123,122,1,1
46491,145,149,-4,4
46492,86,89,-3,3
46493,73,72,1,1
46494,97,93,4,4
46495,57,62,-5,5
46496,122,118,4,4
46497,71,67,4,4
46498,99,97,2,2
46499,83,75,8,8
46500,165,152,13,13
46501,193,170,23,23
46502,104,97,7,7
46503,110,121,-11,11
46504,65,66,-1,1
46505,72,76,-4,4
46506,76,76,0,0
46507,173,163,10,10
46508,76,90,-14,14
46509,95,92,3,3
46510,96,94,2,2
46511,82,77,5,5
46512,91,101,-10,10
46513,88,83,5,5
46514,104,104,0,0
46515,114,118,-4,4
46516,109,103,6,6
46517,74,75,-1,1
46518,137,127,10,10
46519,93,91,2,2
46520,88,90,-2,2
46521,55,67,-12,12
46522,72,75,-3,3
46523,71,93,-22,22
46524,110,97,13,13
46525,114,114,0,0
46526,128,132,-4,4
46527,65,72,-7,7
46528,114,116,-2,2
46529,97,93,4,4
46530,117,139,-22,22
46531,72,76,-4,4
46532,92,89,3,3
46533,64,63,1,1
46534,125,128,-3,3
46535,99,96,3,3
46536,56,67,-11,11
46537,54,58,-4,4
46538,122,120,2,2
46539,178,172,6,6
46540,179,163,16,16
46541,80,78,2,2
46542,109,102,7,7
46543,83,85,-2,2
46544,103,97,6,6
46545,61,69,-8,8
46546,125,114,11,11
46547,96,90,6,6
46548,96,112,-16,16
46549,97,95,2,2
46550,108,92,16,16
46551,89,93,-4,4
46552,55,56,-1,1
46553,87,126,-39,39
46554,49,56,-7,7
46555,94,96,-2,2
46556,93,115,-22,22
46557,75,76,-1,1
46558,65,70,-5,5
46559,52,55,-3,3
46560,83,79,4,4
46561,123,106,17,17
46562,92,89,3,3
46563,74,80,-6,6
46564,109,99,10,10
46565,52,61,-9,9
46566,76,69,7,7
46567,116,110,6,6
46568,83,74,9,9
46569,82,79,3,3
46570,144,133,11,11
46571,35,45,-10,10
46572,155,148,7,7
46573,136,128,8,8
46574,123,118,5,5
46575,81,79,2,2
46576,66,73,-7,7
46577,131,118,13,13
46578,133,115,18,18
46579,71,71,0,0
46580,82,84,-2,2
46581,82,85,-3,3
46582,42,47,-5,5
46583,137,145,-8,8
46584,140,160,-20,20
46585,58,68,-10,10
46586,117,103,14,14
46587,69,81,-12,12
46588,85,89,-4,4
46589,52,47,5,5
46590,87,98,-11,11
46591,135,138,-3,3
46592,64,67,-3,3
46593,129,110,19,19
46594,190,178,12,12
46595,68,75,-7,7
46596,82,77,5,5
46597,75,78,-3,3
46598,149,129,20,20
46599,84,81,3,3
46600,54,57,-3,3
46601,98,97,1,1
46602,99,88,11,11
46603,125,124,1,1
46604,86,90,-4,4
46605,95,92,3,3
46606,75,78,-3,3
46607,80,75,5,5
46608,118,113,5,5
46609,91,85,6,6
46610,106,99,7,7
46611,85,95,-10,10
46612,153,144,9,9
46613,103,102,1,1
46614,159,153,6,6
46615,69,68,1,1
46616,166,131,35,35
46617,109,104,5,5
46618,133,123,10,10
46619,191,168,23,23
46620,113,96,17,17
46621,124,113,11,11
46622,139,132,7,7
46623,88,89,-1,1
46624,43,60,-17,17
46625,71,76,-5,5
46626,116,112,4,4
46627,115,106,9,9
46628,118,114,4,4
46629,62,64,-2,2
46630,106,107,-1,1
46631,116,129,-13,13
46632,137,125,12,12
46633,201,170,31,31
46634,53,60,-7,7
46635,73,78,-5,5
46636,46,56,-10,10
46637,90,89,1,1
46638,126,127,-1,1
46639,113,112,1,1
46640,80,74,6,6
46641,102,95,7,7
46642,161,140,21,21
46643,103,105,-2,2
46644,119,131,-12,12
46645,54,68,-14,14
46646,159,143,16,16
46647,87,78,9,9
46648,59,58,1,1
46649,59,69,-10,10
46650,90,87,3,3
46651,59,66,-7,7
46652,104,97,7,7
46653,131,134,-3,3
46654,60,61,-1,1
46655,68,66,2,2
46656,86,84,2,2
46657,88,84,4,4
46658,146,142,4,4
46659,62,64,-2,2
46660,152,147,5,5
46661,104,101,3,3
46662,67,68,-1,1
46663,102,104,-2,2
46664,96,99,-3,3
46665,99,108,-9,9
46666,99,104,-5,5
46667,76,77,-1,1
46668,97,99,-2,2
46669,83,91,-8,8
46670,112,115,-3,3
46671,63,66,-3,3
46672,136,139,-3,3
46673,74,77,-3,3
46674,172,146,26,26
46675,136,119,17,17
46676,120,124,-4,4
46677,116,118,-2,2
46678,126,117,9,9
46679,114,107,7,7
46680,72,76,-4,4
46681,104,102,2,2
46682,147,147,0,0
46683,103,101,2,2
46684,81,74,7,7
46685,80,81,-1,1
46686,101,101,0,0
46687,125,110,15,15
46688,92,61,31,31
46689,84,83,1,1
46690,80,108,-28,28
46691,150,141,9,9
46692,61,65,-4,4
46693,112,107,5,5
46694,112,104,8,8
46695,67,63,4,4
46696,137,130,7,7
46697,58,65,-7,7
46698,105,101,4,4
46699,88,92,-4,4
46700,76,74,2,2
46701,88,83,5,5
46702,108,112,-4,4
46703,97,94,3,3
46704,141,139,2,2
46705,64,80,-16,16
46706,51,59,-8,8
46707,101,93,8,8
46708,158,154,4,4
46709,97,96,1,1
46710,79,85,-6,6
46711,69,69,0,0
46712,97,104,-7,7
46713,90,91,-1,1
46714,85,92,-7,7
46715,90,88,2,2
46716,120,112,8,8
46717,61,66,-5,5
46718,145,140,5,5
46719,77,80,-3,3
46720,49,57,-8,8
46721,81,83,-2,2
46722,70,73,-3,3
46723,107,98,9,9
46724,87,86,1,1
46725,66,70,-4,4
46726,108,107,1,1
46727,86,82,4,4
46728,68,69,-1,1
46729,84,73,11,11
46730,72,74,-2,2
46731,67,73,-6,6
46732,73,73,0,0
46733,81,85,-4,4
46734,65,59,6,6
46735,130,106,24,24
46736,47,50,-3,3
46737,117,118,-1,1
46738,141,125,16,16
46739,204,172,32,32
46740,85,83,2,2
46741,116,121,-5,5
46742,118,108,10,10
46743,110,111,-1,1
46744,100,97,3,3
46745,93,94,-1,1
46746,53,54,-1,1
46747,86,80,6,6
46748,70,73,-3,3
46749,80,79,1,1
46750,146,143,3,3
46751,72,73,-1,1
46752,154,148,6,6
46753,206,199,7,7
46754,72,77,-5,5
46755,141,132,9,9
46756,83,103,-20,20
46757,141,143,-2,2
46758,97,103,-6,6
46759,137,129,8,8
46760,124,125,-1,1
46761,84,84,0,0
46762,102,113,-11,11
46763,22,59,-37,37
46764,97,100,-3,3
46765,59,59,0,0
46766,124,121,3,3
46767,198,189,9,9
46768,93,84,9,9
46769,96,94,2,2
46770,99,91,8,8
46771,191,154,37,37
46772,88,85,3,3
46773,88,83,5,5
46774,114,111,3,3
46775,85,95,-10,10
46776,85,73,12,12
46777,63,71,-8,8
46778,129,112,17,17
46779,142,146,-4,4
46780,66,74,-8,8
46781,64,64,0,0
46782,72,70,2,2
46783,143,140,3,3
46784,73,68,5,5
46785,92,94,-2,2
46786,80,78,2,2
46787,123,117,6,6
46788,67,73,-6,6
46789,87,101,-14,14
46790,81,67,14,14
46791,77,101,-24,24
46792,70,68,2,2
46793,120,121,-1,1
46794,119,123,-4,4
46795,116,117,-1,1
46796,193,185,8,8
46797,90,96,-6,6
46798,113,127,-14,14
46799,109,101,8,8
46800,85,91,-6,6
46801,63,66,-3,3
46802,56,60,-4,4
46803,131,130,1,1
46804,108,106,2,2
46805,58,62,-4,4
46806,57,67,-10,10
46807,98,120,-22,22
46808,86,103,-17,17
46809,60,63,-3,3
46810,54,63,-9,9
46811,160,142,18,18
46812,91,99,-8,8
46813,179,143,36,36
46814,68,87,-19,19
46815,143,136,7,7
46816,86,76,10,10
46817,115,121,-6,6
46818,139,123,16,16
46819,95,95,0,0
46820,66,79,-13,13
46821,66,67,-1,1
46822,143,137,6,6
46823,87,86,1,1
46824,85,94,-9,9
46825,77,83,-6,6
46826,77,73,4,4
46827,91,83,8,8
46828,80,81,-1,1
46829,23,33,-10,10
46830,92,91,1,1
46831,109,100,9,9
46832,115,106,9,9
46833,93,94,-1,1
46834,67,70,-3,3
46835,150,146,4,4
46836,78,70,8,8
46837,159,154,5,5
46838,124,107,17,17
46839,93,103,-10,10
46840,133,134,-1,1
46841,79,88,-9,9
46842,62,63,-1,1
46843,73,71,2,2
46844,66,67,-1,1
46845,69,67,2,2
46846,146,155,-9,9
46847,73,70,3,3
46848,91,102,-11,11
46849,67,66,1,1
46850,80,99,-19,19
46851,96,93,3,3
46852,75,72,3,3
46853,72,79,-7,7
46854,87,86,1,1
46855,93,85,8,8
46856,115,107,8,8
46857,142,132,10,10
46858,168,136,32,32
46859,149,135,14,14
46860,91,90,1,1
46861,69,74,-5,5
46862,112,108,4,4
46863,83,79,4,4
46864,63,60,3,3
46865,84,85,-1,1
46866,113,103,10,10
46867,98,97,1,1
46868,174,169,5,5
46869,103,97,6,6
46870,32,74,-42,42
46871,126,125,1,1
46872,132,130,2,2
46873,49,53,-4,4
46874,107,106,1,1
46875,121,125,-4,4
46876,132,118,14,14
46877,75,74,1,1
46878,71,75,-4,4
46879,69,79,-10,10
46880,158,144,14,14
46881,73,73,0,0
46882,146,128,18,18
46883,49,60,-11,11
46884,124,120,4,4
46885,71,68,3,3
46886,43,49,-6,6
46887,94,98,-4,4
46888,120,127,-7,7
46889,107,105,2,2
46890,83,75,8,8
46891,111,106,5,5
46892,79,84,-5,5
46893,93,98,-5,5
46894,130,124,6,6
46895,119,112,7,7
46896,80,74,6,6
46897,80,72,8,8
46898,76,75,1,1
46899,101,103,-2,2
46900,131,126,5,5
46901,91,94,-3,3
46902,81,88,-7,7
46903,102,105,-3,3
46904,108,94,14,14
46905,79,78,1,1
46906,121,111,10,10
46907,135,137,-2,2
46908,68,78,-10,10
46909,104,112,-8,8
46910,44,48,-4,4
46911,103,106,-3,3
46912,136,137,-1,1
46913,107,92,15,15
46914,78,90,-12,12
46915,75,78,-3,3
46916,37,43,-6,6
46917,24,36,-12,12
46918,166,162,4,4
46919,134,126,8,8
46920,116,112,4,4
46921,85,84,1,1
46922,130,130,0,0
46923,150,133,17,17
46924,103,99,4,4
46925,92,92,0,0
46926,127,124,3,3
46927,72,77,-5,5
46928,95,101,-6,6
46929,56,58,-2,2
46930,170,146,24,24
46931,106,98,8,8
46932,78,84,-6,6
46933,135,136,-1,1
46934,113,107,6,6
46935,191,177,14,14
46936,61,67,-6,6
46937,95,86,9,9
46938,119,114,5,5
46939,114,101,13,13
46940,88,89,-1,1
46941,71,72,-1,1
46942,76,73,3,3
46943,50,60,-10,10
46944,69,71,-2,2
46945,51,75,-24,24
46946,74,81,-7,7
46947,79,77,2,2
46948,74,80,-6,6
46949,113,115,-2,2
46950,99,109,-10,10
46951,86,86,0,0
46952,91,89,2,2
46953,83,98,-15,15
46954,106,100,6,6
46955,66,66,0,0
46956,74,71,3,3
46957,78,75,3,3
46958,101,101,0,0
46959,78,82,-4,4
46960,91,101,-10,10
46961,94,99,-5,5
46962,86,88,-2,2
46963,64,70,-6,6
46964,98,84,14,14
46965,100,109,-9,9
46966,148,135,13,13
46967,96,101,-5,5
46968,135,120,15,15
46969,123,130,-7,7
46970,65,69,-4,4
46971,86,84,2,2
46972,86,81,5,5
46973,93,93,0,0
46974,106,104,2,2
46975,122,113,9,9
46976,75,87,-12,12
46977,86,84,2,2
46978,51,58,-7,7
46979,56,62,-6,6
46980,125,131,-6,6
46981,92,87,5,5
46982,108,117,-9,9
46983,151,142,9,9
46984,83,87,-4,4
46985,66,74,-8,8
46986,138,121,17,17
46987,120,121,-1,1
46988,79,75,4,4
46989,86,94,-8,8
46990,163,160,3,3
46991,112,112,0,0
46992,98,90,8,8
46993,40,72,-32,32
46994,85,91,-6,6
46995,73,78,-5,5
46996,84,95,-11,11
46997,127,128,-1,1
46998,113,105,8,8
46999,116,108,8,8
47000,91,96,-5,5
47001,91,76,15,15
47002,50,56,-6,6
47003,78,83,-5,5
47004,90,92,-2,2
47005,125,120,5,5
47006,84,90,-6,6
47007,79,76,3,3
47008,69,69,0,0
47009,115,103,12,12
47010,227,235,-8,8
47011,107,109,-2,2
47012,136,156,-20,20
47013,88,84,4,4
47014,117,114,3,3
47015,81,90,-9,9
47016,150,141,9,9
47017,101,120,-19,19
47018,169,156,13,13
47019,75,79,-4,4
47020,146,143,3,3
47021,96,93,3,3
47022,66,67,-1,1
47023,73,74,-1,1
47024,85,96,-11,11
47025,104,88,16,16
47026,53,60,-7,7
47027,148,151,-3,3
47028,119,113,6,6
47029,45,47,-2,2
47030,72,71,1,1
47031,126,128,-2,2
47032,64,64,0,0
47033,119,120,-1,1
47034,89,97,-8,8
47035,139,134,5,5
47036,111,114,-3,3
47037,100,102,-2,2
47038,82,84,-2,2
47039,138,131,7,7
47040,47,52,-5,5
47041,167,152,15,15
47042,63,66,-3,3
47043,118,112,6,6
47044,201,199,2,2
47045,82,86,-4,4
47046,91,97,-6,6
47047,81,85,-4,4
47048,91,86,5,5
47049,119,111,8,8
47050,88,83,5,5
47051,76,77,-1,1
47052,86,85,1,1
47053,47,54,-7,7
47054,134,129,5,5
47055,96,96,0,0
47056,82,84,-2,2
47057,82,77,5,5
47058,89,93,-4,4
47059,99,105,-6,6
47060,93,96,-3,3
47061,87,88,-1,1
47062,62,62,0,0
47063,58,59,-1,1
47064,82,85,-3,3
47065,142,140,2,2
47066,101,98,3,3
47067,127,118,9,9
47068,46,50,-4,4
47069,116,108,8,8
47070,54,62,-8,8
47071,71,72,-1,1
47072,121,137,-16,16
47073,80,80,0,0
47074,86,85,1,1
47075,119,114,5,5
47076,71,75,-4,4
47077,171,155,16,16
47078,126,111,15,15
47079,57,59,-2,2
47080,99,97,2,2
47081,55,63,-8,8
47082,77,79,-2,2
47083,110,106,4,4
47084,77,103,-26,26
47085,111,109,2,2
47086,164,159,5,5
47087,104,97,7,7
47088,85,87,-2,2
47089,75,76,-1,1
47090,119,112,7,7
47091,82,87,-5,5
47092,122,112,10,10
47093,111,111,0,0
47094,102,97,5,5
47095,54,56,-2,2
47096,96,97,-1,1
47097,65,71,-6,6
47098,135,137,-2,2
47099,79,74,5,5
47100,92,82,10,10
47101,56,63,-7,7
47102,109,95,14,14
47103,124,123,1,1
47104,65,72,-7,7
47105,84,87,-3,3
47106,107,102,5,5
47107,114,111,3,3
47108,92,86,6,6
47109,129,122,7,7
47110,159,145,14,14
47111,80,84,-4,4
47112,106,103,3,3
47113,76,77,-1,1
47114,81,90,-9,9
47115,115,113,2,2
47116,89,97,-8,8
47117,66,70,-4,4
47118,49,59,-10,10
47119,74,74,0,0
47120,77,73,4,4
47121,98,94,4,4
47122,181,165,16,16
47123,65,66,-1,1
47124,125,116,9,9
47125,120,123,-3,3
47126,92,84,8,8
47127,125,115,10,10
47128,97,97,0,0
47129,113,99,14,14
47130,69,76,-7,7
47131,41,50,-9,9
47132,112,110,2,2
47133,93,85,8,8
47134,77,73,4,4
47135,114,126,-12,12
47136,90,90,0,0
47137,119,121,-2,2
47138,85,96,-11,11
47139,99,105,-6,6
47140,113,93,20,20
47141,112,116,-4,4
47142,43,52,-9,9
47143,73,72,1,1
47144,149,143,6,6
47145,72,76,-4,4
47146,62,66,-4,4
47147,74,74,0,0
47148,197,181,16,16
47149,93,104,-11,11
47150,103,78,25,25
47151,96,91,5,5
47152,191,161,30,30
47153,116,112,4,4
47154,75,75,0,0
47155,99,104,-5,5
47156,94,84,10,10
47157,124,123,1,1
47158,83,83,0,0
47159,131,125,6,6
47160,108,95,13,13
47161,108,115,-7,7
47162,77,76,1,1
47163,77,69,8,8
47164,126,117,9,9
47165,59,78,-19,19
47166,101,111,-10,10
47167,121,115,6,6
47168,116,120,-4,4
47169,124,113,11,11
47170,69,65,4,4
47171,160,148,12,12
47172,67,76,-9,9
47173,111,114,-3,3
47174,80,99,-19,19
47175,44,51,-7,7
47176,89,88,1,1
47177,92,90,2,2
47178,105,111,-6,6
47179,113,105,8,8
47180,83,84,-1,1
47181,54,58,-4,4
47182,47,54,-7,7
47183,105,98,7,7
47184,65,63,2,2
47185,118,111,7,7
47186,115,103,12,12
47187,92,98,-6,6
47188,69,60,9,9
47189,42,51,-9,9
47190,64,62,2,2
47191,119,122,-3,3
47192,142,128,14,14
47193,117,106,11,11
47194,67,74,-7,7
47195,157,145,12,12
47196,57,65,-8,8
47197,122,109,13,13
47198,84,76,8,8
47199,112,113,-1,1
47200,96,98,-2,2
47201,75,65,10,10
47202,86,85,1,1
47203,168,149,19,19
47204,128,110,18,18
47205,111,117,-6,6
47206,95,98,-3,3
47207,74,86,-12,12
47208,101,90,11,11
47209,69,66,3,3
47210,160,155,5,5
47211,139,127,12,12
47212,24,64,-40,40
47213,89,85,4,4
47214,102,104,-2,2
47215,49,54,-5,5
47216,94,107,-13,13
47217,76,71,5,5
47218,170,147,23,23
47219,158,150,8,8
47220,31,78,-47,47
47221,66,68,-2,2
47222,106,97,9,9
47223,60,74,-14,14
47224,77,84,-7,7
47225,68,69,-1,1
47226,129,125,4,4
47227,60,63,-3,3
47228,106,106,0,0
47229,64,62,2,2
47230,67,69,-2,2
47231,85,87,-2,2
47232,79,72,7,7
47233,175,162,13,13
47234,20,61,-41,41
47235,169,148,21,21
47236,90,96,-6,6
47237,74,75,-1,1
47238,68,83,-15,15
47239,52,63,-11,11
47240,81,87,-6,6
47241,106,112,-6,6
47242,113,115,-2,2
47243,64,67,-3,3
47244,98,100,-2,2
47245,120,120,0,0
47246,85,84,1,1
47247,70,66,4,4
47248,121,112,9,9
47249,132,119,13,13
47250,50,52,-2,2
47251,68,80,-12,12
47252,55,61,-6,6
47253,122,112,10,10
47254,107,99,8,8
47255,69,73,-4,4
47256,115,110,5,5
47257,118,114,4,4
47258,184,205,-21,21
47259,78,91,-13,13
47260,47,56,-9,9
47261,65,64,1,1
47262,109,99,10,10
47263,89,82,7,7
47264,141,139,2,2
47265,68,91,-23,23
47266,167,147,20,20
47267,68,77,-9,9
47268,86,92,-6,6
47269,93,92,1,1
47270,91,91,0,0
47271,65,73,-8,8
47272,132,130,2,2
47273,91,96,-5,5
47274,71,68,3,3
47275,71,69,2,2
47276,120,114,6,6
47277,118,110,8,8
47278,117,115,2,2
47279,157,156,1,1
47280,73,75,-2,2
47281,108,110,-2,2
47282,82,72,10,10
47283,122,116,6,6
47284,143,142,1,1
47285,172,159,13,13
47286,76,67,9,9
47287,130,134,-4,4
47288,61,62,-1,1
47289,65,70,-5,5
47290,128,118,10,10
47291,98,99,-1,1
47292,161,166,-5,5
47293,56,59,-3,3
47294,97,130,-33,33
47295,176,197,-21,21
47296,125,120,5,5
47297,115,110,5,5
47298,81,82,-1,1
47299,103,101,2,2
47300,53,57,-4,4
47301,173,166,7,7
47302,132,121,11,11
47303,129,119,10,10
47304,120,114,6,6
47305,123,112,11,11
47306,203,165,38,38
47307,59,56,3,3
47308,67,71,-4,4
47309,132,116,16,16
47310,182,159,23,23
47311,143,136,7,7
47312,97,85,12,12
47313,91,89,2,2
47314,96,102,-6,6
47315,91,89,2,2
47316,87,84,3,3
47317,143,148,-5,5
47318,65,59,6,6
47319,78,71,7,7
47320,78,77,1,1
47321,140,139,1,1
47322,93,94,-1,1
47323,52,55,-3,3
47324,95,99,-4,4
47325,96,90,6,6
47326,72,75,-3,3
47327,113,112,1,1
47328,97,92,5,5
47329,77,80,-3,3
47330,71,76,-5,5
47331,58,58,0,0
47332,72,71,1,1
47333,210,179,31,31
47334,97,91,6,6
47335,141,141,0,0
47336,130,132,-2,2
47337,105,108,-3,3
47338,66,75,-9,9
47339,78,86,-8,8
47340,96,100,-4,4
47341,120,114,6,6
47342,57,64,-7,7
47343,162,151,11,11
47344,134,133,1,1
47345,161,137,24,24
47346,171,163,8,8
47347,91,97,-6,6
47348,46,53,-7,7
47349,128,120,8,8
47350,113,99,14,14
47351,96,93,3,3
47352,55,58,-3,3
47353,101,107,-6,6
47354,146,139,7,7
47355,83,119,-36,36
47356,41,50,-9,9
47357,117,113,4,4
47358,118,123,-5,5
47359,89,92,-3,3
47360,88,88,0,0
47361,37,40,-3,3
47362,68,73,-5,5
47363,53,52,1,1
47364,106,99,7,7
47365,125,117,8,8
47366,79,78,1,1
47367,100,94,6,6
47368,99,105,-6,6
47369,99,100,-1,1
47370,130,122,8,8
47371,75,85,-10,10
47372,101,98,3,3
47373,90,89,1,1
47374,154,138,16,16
47375,116,111,5,5
47376,60,73,-13,13
47377,144,141,3,3
47378,75,76,-1,1
47379,110,106,4,4
47380,124,124,0,0
47381,79,90,-11,11
47382,38,44,-6,6
47383,90,90,0,0
47384,84,75,9,9
47385,76,83,-7,7
47386,88,93,-5,5
47387,124,126,-2,2
47388,76,84,-8,8
47389,84,78,6,6
47390,75,74,1,1
47391,78,75,3,3
47392,48,57,-9,9
47393,70,77,-7,7
47394,125,114,11,11
47395,129,129,0,0
47396,75,70,5,5
47397,91,103,-12,12
47398,108,105,3,3
47399,100,97,3,3
47400,56,70,-14,14
47401,140,125,15,15
47402,62,64,-2,2
47403,224,181,43,43
47404,109,115,-6,6
47405,159,157,2,2
47406,90,95,-5,5
47407,125,119,6,6
47408,96,99,-3,3
47409,74,89,-15,15
47410,109,112,-3,3
47411,84,87,-3,3
47412,50,52,-2,2
47413,146,136,10,10
47414,116,104,12,12
47415,93,87,6,6
47416,92,87,5,5
47417,72,68,4,4
47418,159,139,20,20
47419,79,75,4,4
47420,117,110,7,7
47421,92,85,7,7
47422,102,99,3,3
47423,61,64,-3,3
47424,55,56,-1,1
47425,91,79,12,12
47426,94,89,5,5
47427,64,68,-4,4
47428,121,114,7,7
47429,50,55,-5,5
47430,91,86,5,5
47431,87,90,-3,3
47432,100,97,3,3
47433,60,61,-1,1
47434,139,136,3,3
47435,77,74,3,3
47436,54,59,-5,5
47437,117,98,19,19
47438,105,115,-10,10
47439,105,101,4,4
47440,78,78,0,0
47441,108,97,11,11
47442,111,118,-7,7
47443,112,113,-1,1
47444,69,71,-2,2
47445,100,105,-5,5
47446,96,96,0,0
47447,31,53,-22,22
47448,75,73,2,2
47449,68,72,-4,4
47450,53,61,-8,8
47451,63,69,-6,6
47452,85,83,2,2
47453,126,127,-1,1
47454,107,104,3,3
47455,130,124,6,6
47456,65,65,0,0
47457,73,74,-1,1
47458,107,112,-5,5
47459,121,122,-1,1
47460,99,101,-2,2
47461,92,95,-3,3
47462,170,162,8,8
47463,85,71,14,14
47464,142,136,6,6
47465,86,86,0,0
47466,63,66,-3,3
47467,121,111,10,10
47468,84,94,-10,10
47469,66,66,0,0
47470,60,60,0,0
47471,68,67,1,1
47472,113,126,-13,13
47473,101,97,4,4
47474,48,56,-8,8
47475,154,148,6,6
47476,160,150,10,10
47477,102,97,5,5
47478,94,95,-1,1
47479,84,80,4,4
47480,107,112,-5,5
47481,66,72,-6,6
47482,87,92,-5,5
47483,84,74,10,10
47484,86,91,-5,5
47485,101,68,33,33
47486,83,79,4,4
47487,70,66,4,4
47488,104,95,9,9
47489,78,73,5,5
47490,69,69,0,0
47491,172,156,16,16
47492,66,75,-9,9
47493,96,92,4,4
47494,73,74,-1,1
47495,122,129,-7,7
47496,66,75,-9,9
47497,78,81,-3,3
47498,70,122,-52,52
47499,62,68,-6,6
47500,64,65,-1,1
47501,189,168,21,21
47502,101,101,0,0
47503,83,85,-2,2
47504,88,80,8,8
47505,108,104,4,4
47506,109,107,2,2
47507,50,51,-1,1
47508,100,94,6,6
47509,98,94,4,4
47510,74,70,4,4
47511,151,133,18,18
47512,67,72,-5,5
47513,145,130,15,15
47514,99,98,1,1
47515,79,78,1,1
47516,66,74,-8,8
47517,87,83,4,4
47518,104,92,12,12
47519,75,71,4,4
47520,81,74,7,7
47521,79,85,-6,6
47522,82,83,-1,1
47523,202,178,24,24
47524,64,65,-1,1
47525,142,135,7,7
47526,77,87,-10,10
47527,95,111,-16,16
47528,127,123,4,4
47529,89,95,-6,6
47530,136,143,-7,7
47531,63,69,-6,6
47532,123,119,4,4
47533,113,106,7,7
47534,98,98,0,0
47535,136,119,17,17
47536,124,115,9,9
47537,124,117,7,7
47538,162,145,17,17
47539,81,97,-16,16
47540,93,93,0,0
47541,83,89,-6,6
47542,127,110,17,17
47543,60,58,2,2
47544,83,86,-3,3
47545,60,62,-2,2
47546,103,110,-7,7
47547,93,77,16,16
47548,78,78,0,0
47549,97,92,5,5
47550,73,70,3,3
47551,128,117,11,11
47552,92,97,-5,5
47553,37,44,-7,7
47554,154,145,9,9
47555,60,66,-6,6
47556,94,93,1,1
47557,103,97,6,6
47558,72,74,-2,2
47559,65,75,-10,10
47560,85,88,-3,3
47561,111,104,7,7
47562,88,93,-5,5
47563,110,101,9,9
47564,102,100,2,2
47565,59,62,-3,3
47566,89,82,7,7
47567,113,99,14,14
47568,65,75,-10,10
47569,148,141,7,7
47570,83,86,-3,3
47571,81,83,-2,2
47572,88,89,-1,1
47573,67,74,-7,7
47574,44,54,-10,10
47575,98,102,-4,4
47576,89,87,2,2
47577,85,88,-3,3
47578,165,144,21,21
47579,58,68,-10,10
47580,118,112,6,6
47581,138,118,20,20
47582,85,83,2,2
47583,77,78,-1,1
47584,58,61,-3,3
47585,78,73,5,5
47586,94,108,-14,14
47587,51,61,-10,10
47588,109,113,-4,4
47589,72,77,-5,5
47590,71,70,1,1
47591,83,93,-10,10
47592,97,94,3,3
47593,81,86,-5,5
47594,192,198,-6,6
47595,152,139,13,13
47596,101,99,2,2
47597,65,63,2,2
47598,77,78,-1,1
47599,130,118,12,12
47600,124,100,24,24
47601,89,94,-5,5
47602,105,112,-7,7
47603,85,83,2,2
47604,147,144,3,3
47605,108,119,-11,11
47606,86,88,-2,2
47607,66,71,-5,5
47608,62,62,0,0
47609,74,70,4,4
47610,144,123,21,21
47611,77,76,1,1
47612,53,50,3,3
47613,81,75,6,6
47614,121,114,7,7
47615,71,68,3,3
47616,75,66,9,9
47617,105,99,6,6
47618,98,102,-4,4
47619,133,130,3,3
47620,115,118,-3,3
47621,56,61,-5,5
47622,139,129,10,10
47623,108,110,-2,2
47624,207,175,32,32
47625,43,61,-18,18
47626,135,121,14,14
47627,122,118,4,4
47628,61,68,-7,7
47629,97,89,8,8
47630,77,75,2,2
47631,123,102,21,21
47632,59,65,-6,6
47633,113,119,-6,6
47634,125,121,4,4
47635,88,90,-2,2
47636,72,69,3,3
47637,137,135,2,2
47638,113,103,10,10
47639,112,105,7,7
47640,60,65,-5,5
47641,106,107,-1,1
47642,143,138,5,5
47643,91,90,1,1
47644,95,91,4,4
47645,155,135,20,20
47646,106,107,-1,1
47647,103,112,-9,9
47648,142,126,16,16
47649,76,73,3,3
47650,115,118,-3,3
47651,96,119,-23,23
47652,103,96,7,7
47653,106,108,-2,2
47654,67,68,-1,1
47655,100,98,2,2
47656,103,96,7,7
47657,72,76,-4,4
47658,142,131,11,11
47659,32,54,-22,22
47660,137,139,-2,2
47661,57,67,-10,10
47662,69,73,-4,4
47663,47,54,-7,7
47664,82,77,5,5
47665,113,102,11,11
47666,81,87,-6,6
47667,96,97,-1,1
47668,67,68,-1,1
47669,138,126,12,12
47670,73,70,3,3
47671,62,80,-18,18
47672,45,57,-12,12
47673,106,100,6,6
47674,65,65,0,0
47675,79,78,1,1
47676,109,113,-4,4
47677,147,138,9,9
47678,67,65,2,2
47679,94,90,4,4
47680,73,75,-2,2
47681,57,68,-11,11
47682,124,113,11,11
47683,68,69,-1,1
47684,89,83,6,6
47685,105,97,8,8
47686,64,76,-12,12
47687,78,85,-7,7
47688,108,100,8,8
47689,171,164,7,7
47690,92,84,8,8
47691,63,69,-6,6
47692,66,71,-5,5
47693,85,91,-6,6
47694,134,131,3,3
47695,73,72,1,1
47696,85,85,0,0
47697,81,77,4,4
47698,119,116,3,3
47699,64,63,1,1
47700,73,70,3,3
47701,120,104,16,16
47702,122,115,7,7
47703,97,100,-3,3
47704,69,73,-4,4
47705,88,88,0,0
47706,86,90,-4,4
47707,87,88,-1,1
47708,152,139,13,13
47709,65,66,-1,1
47710,37,52,-15,15
47711,125,112,13,13
47712,117,125,-8,8
47713,72,73,-1,1
47714,120,132,-12,12
47715,67,66,1,1
47716,147,139,8,8
47717,142,133,9,9
47718,111,111,0,0
47719,104,101,3,3
47720,90,84,6,6
47721,76,76,0,0
47722,82,74,8,8
47723,122,98,24,24
47724,176,156,20,20
47725,97,78,19,19
47726,84,87,-3,3
47727,94,90,4,4
47728,175,176,-1,1
47729,90,96,-6,6
47730,62,64,-2,2
47731,116,106,10,10
47732,137,132,5,5
47733,141,133,8,8
47734,96,107,-11,11
47735,99,99,0,0
47736,66,64,2,2
47737,183,172,11,11
47738,64,66,-2,2
47739,137,140,-3,3
47740,51,56,-5,5
47741,35,46,-11,11
47742,137,123,14,14
47743,151,140,11,11
47744,115,112,3,3
47745,94,90,4,4
47746,42,49,-7,7
47747,57,66,-9,9
47748,102,108,-6,6
47749,59,62,-3,3
47750,73,87,-14,14
47751,80,77,3,3
47752,102,109,-7,7
47753,111,108,3,3
47754,150,147,3,3
47755,149,135,14,14
47756,129,116,13,13
47757,35,57,-22,22
47758,50,59,-9,9
47759,85,77,8,8
47760,90,89,1,1
47761,129,113,16,16
47762,111,113,-2,2
47763,80,89,-9,9
47764,165,160,5,5
47765,69,70,-1,1
47766,132,117,15,15
47767,145,132,13,13
47768,51,58,-7,7
47769,152,135,17,17
47770,64,65,-1,1
47771,168,151,17,17
47772,100,102,-2,2
47773,72,67,5,5
47774,86,91,-5,5
47775,67,75,-8,8
47776,71,74,-3,3
47777,156,149,7,7
47778,92,89,3,3
47779,93,95,-2,2
47780,95,101,-6,6
47781,113,106,7,7
47782,105,99,6,6
47783,77,85,-8,8
47784,96,100,-4,4
47785,103,103,0,0
47786,76,91,-15,15
47787,77,75,2,2
47788,103,94,9,9
47789,80,84,-4,4
47790,72,77,-5,5
47791,98,98,0,0
47792,94,85,9,9
47793,145,147,-2,2
47794,57,56,1,1
47795,95,88,7,7
47796,97,80,17,17
47797,160,141,19,19
47798,161,152,9,9
47799,71,69,2,2
47800,95,91,4,4
47801,100,99,1,1
47802,57,52,5,5
47803,96,96,0,0
47804,70,69,1,1
47805,51,78,-27,27
47806,70,70,0,0
47807,27,41,-14,14
47808,93,90,3,3
47809,110,110,0,0
47810,128,119,9,9
47811,146,147,-1,1
47812,81,71,10,10
47813,100,95,5,5
47814,77,69,8,8
47815,57,63,-6,6
47816,110,105,5,5
47817,90,96,-6,6
47818,105,112,-7,7
47819,91,82,9,9
47820,158,149,9,9
47821,79,74,5,5
47822,52,56,-4,4
47823,86,84,2,2
47824,100,98,2,2
47825,65,66,-1,1
47826,116,109,7,7
47827,75,72,3,3
47828,95,90,5,5
47829,71,77,-6,6
47830,87,93,-6,6
47831,79,68,11,11
47832,77,74,3,3
47833,55,61,-6,6
47834,94,96,-2,2
47835,99,97,2,2
47836,98,98,0,0
47837,95,108,-13,13
47838,123,120,3,3
47839,76,89,-13,13
47840,157,158,-1,1
47841,75,76,-1,1
47842,114,113,1,1
47843,47,45,2,2
47844,110,106,4,4
47845,122,114,8,8
47846,89,98,-9,9
47847,65,69,-4,4
47848,63,69,-6,6
47849,140,129,11,11
47850,101,102,-1,1
47851,132,126,6,6
47852,175,178,-3,3
47853,79,74,5,5
47854,97,94,3,3
47855,108,96,12,12
47856,76,70,6,6
47857,80,76,4,4
47858,114,103,11,11
47859,160,165,-5,5
47860,101,94,7,7
47861,143,130,13,13
47862,40,50,-10,10
47863,151,141,10,10
47864,111,123,-12,12
47865,105,116,-11,11
47866,93,88,5,5
47867,121,121,0,0
47868,162,150,12,12
47869,91,101,-10,10
47870,86,85,1,1
47871,133,135,-2,2
47872,69,73,-4,4
47873,110,110,0,0
47874,76,73,3,3
47875,70,75,-5,5
47876,129,110,19,19
47877,105,98,7,7
47878,118,110,8,8
47879,51,58,-7,7
47880,155,142,13,13
47881,80,78,2,2
47882,91,104,-13,13
47883,87,84,3,3
47884,61,72,-11,11
47885,65,66,-1,1
47886,85,90,-5,5
47887,89,90,-1,1
47888,62,66,-4,4
47889,85,90,-5,5
47890,65,74,-9,9
47891,127,120,7,7
47892,94,94,0,0
47893,106,107,-1,1
47894,72,68,4,4
47895,115,111,4,4
47896,100,93,7,7
47897,56,57,-1,1
47898,78,90,-12,12
47899,100,101,-1,1
47900,94,87,7,7
47901,104,98,6,6
47902,76,93,-17,17
47903,100,97,3,3
47904,114,108,6,6
47905,94,87,7,7
47906,92,93,-1,1
47907,51,55,-4,4
47908,129,128,1,1
47909,30,37,-7,7
47910,91,101,-10,10
47911,72,76,-4,4
47912,99,98,1,1
47913,59,63,-4,4
47914,103,98,5,5
47915,140,120,20,20
47916,71,72,-1,1
47917,77,76,1,1
47918,108,110,-2,2
47919,87,77,10,10
47920,150,147,3,3
47921,108,112,-4,4
47922,78,76,2,2
47923,143,133,10,10
47924,109,114,-5,5
47925,81,83,-2,2
47926,82,89,-7,7
47927,46,51,-5,5
47928,142,127,15,15
47929,54,59,-5,5
47930,89,94,-5,5
47931,53,56,-3,3
47932,73,71,2,2
47933,74,73,1,1
47934,43,47,-4,4
47935,89,92,-3,3
47936,71,76,-5,5
47937,62,77,-15,15
47938,59,67,-8,8
47939,114,107,7,7
47940,56,59,-3,3
47941,94,96,-2,2
47942,102,106,-4,4
47943,112,105,7,7
47944,75,77,-2,2
47945,77,88,-11,11
47946,124,118,6,6
47947,128,118,10,10
47948,70,77,-7,7
47949,84,130,-46,46
47950,151,136,15,15
47951,113,106,7,7
47952,85,83,2,2
47953,82,102,-20,20
47954,163,160,3,3
47955,124,131,-7,7
47956,80,76,4,4
47957,122,139,-17,17
47958,88,77,11,11
47959,66,65,1,1
47960,83,88,-5,5
47961,118,111,7,7
47962,57,59,-2,2
47963,66,75,-9,9
47964,108,106,2,2
47965,93,101,-8,8
47966,51,54,-3,3
47967,171,156,15,15
47968,114,104,10,10
47969,45,52,-7,7
47970,86,78,8,8
47971,62,71,-9,9
47972,67,70,-3,3
47973,76,78,-2,2
47974,108,112,-4,4
47975,100,116,-16,16
47976,139,132,7,7
47977,115,113,2,2
47978,144,114,30,30
47979,90,83,7,7
47980,91,82,9,9
47981,75,79,-4,4
47982,135,128,7,7
47983,67,76,-9,9
47984,117,102,15,15
47985,127,112,15,15
47986,59,61,-2,2
47987,48,58,-10,10
47988,69,70,-1,1
47989,93,83,10,10
47990,123,124,-1,1
47991,131,137,-6,6
47992,105,101,4,4
47993,121,126,-5,5
47994,111,112,-1,1
47995,43,50,-7,7
47996,131,124,7,7
47997,133,119,14,14
47998,74,73,1,1
47999,154,132,22,22
48000,36,45,-9,9
48001,83,90,-7,7
48002,114,114,0,0
48003,115,107,8,8
48004,117,112,5,5
48005,129,120,9,9
48006,119,112,7,7
48007,65,66,-1,1
48008,88,92,-4,4
48009,80,72,8,8
48010,43,44,-1,1
48011,68,73,-5,5
48012,157,145,12,12
48013,104,102,2,2
48014,56,55,1,1
48015,52,58,-6,6
48016,115,108,7,7
48017,64,63,1,1
48018,139,135,4,4
48019,58,61,-3,3
48020,105,105,0,0
48021,196,185,11,11
48022,117,108,9,9
48023,108,90,18,18
48024,109,122,-13,13
48025,53,55,-2,2
48026,97,89,8,8
48027,89,95,-6,6
48028,136,128,8,8
48029,156,160,-4,4
48030,107,99,8,8
48031,48,50,-2,2
48032,108,112,-4,4
48033,151,133,18,18
48034,71,86,-15,15
48035,99,91,8,8
48036,119,101,18,18
48037,131,121,10,10
48038,72,75,-3,3
48039,112,109,3,3
48040,142,149,-7,7
48041,130,128,2,2
48042,103,106,-3,3
48043,136,131,5,5
48044,61,65,-4,4
48045,93,88,5,5
48046,124,122,2,2
48047,44,55,-11,11
48048,166,166,0,0
48049,134,136,-2,2
48050,85,85,0,0
48051,56,67,-11,11
48052,58,69,-11,11
48053,95,94,1,1
48054,113,106,7,7
48055,80,88,-8,8
48056,105,99,6,6
48057,56,54,2,2
48058,79,86,-7,7
48059,77,84,-7,7
48060,90,90,0,0
48061,68,76,-8,8
48062,65,72,-7,7
48063,95,98,-3,3
48064,51,59,-8,8
48065,99,92,7,7
48066,81,76,5,5
48067,116,100,16,16
48068,72,73,-1,1
48069,55,66,-11,11
48070,144,137,7,7
48071,74,78,-4,4
48072,135,131,4,4
48073,60,68,-8,8
48074,76,84,-8,8
48075,144,120,24,24
48076,141,119,22,22
48077,80,68,12,12
48078,74,81,-7,7
48079,83,83,0,0
48080,76,72,4,4
48081,100,97,3,3
48082,97,92,5,5
48083,141,119,22,22
48084,109,108,1,1
48085,87,108,-21,21
48086,104,99,5,5
48087,69,70,-1,1
48088,60,71,-11,11
48089,71,73,-2,2
48090,64,66,-2,2
48091,69,77,-8,8
48092,92,91,1,1
48093,93,91,2,2
48094,88,85,3,3
48095,11,28,-17,17
48096,132,118,14,14
48097,62,71,-9,9
48098,73,92,-19,19
48099,110,102,8,8
48100,84,90,-6,6
48101,63,56,7,7
48102,110,112,-2,2
48103,61,60,1,1
48104,81,91,-10,10
48105,107,110,-3,3
48106,161,144,17,17
48107,66,62,4,4
48108,59,71,-12,12
48109,115,122,-7,7
48110,113,109,4,4
48111,125,124,1,1
48112,104,103,1,1
48113,90,91,-1,1
48114,84,84,0,0
48115,101,102,-1,1
48116,151,137,14,14
48117,127,119,8,8
48118,102,98,4,4
48119,85,91,-6,6
48120,64,71,-7,7
48121,114,111,3,3
48122,104,99,5,5
48123,99,101,-2,2
48124,60,64,-4,4
48125,102,108,-6,6
48126,125,120,5,5
48127,109,118,-9,9
48128,106,100,6,6
48129,91,93,-2,2
48130,54,70,-16,16
48131,86,99,-13,13
48132,108,115,-7,7
48133,61,65,-4,4
48134,63,83,-20,20
48135,112,107,5,5
48136,35,41,-6,6
48137,86,84,2,2
48138,79,85,-6,6
48139,112,109,3,3
48140,180,176,4,4
48141,94,85,9,9
48142,125,115,10,10
48143,82,78,4,4
48144,94,100,-6,6
48145,83,75,8,8
48146,93,100,-7,7
48147,89,92,-3,3
48148,63,68,-5,5
48149,120,119,1,1
48150,91,81,10,10
48151,102,122,-20,20
48152,70,78,-8,8
48153,66,65,1,1
48154,73,74,-1,1
48155,122,107,15,15
48156,50,59,-9,9
48157,65,68,-3,3
48158,146,136,10,10
48159,72,76,-4,4
48160,109,99,10,10
48161,67,73,-6,6
48162,138,128,10,10
48163,78,78,0,0
48164,143,141,2,2
48165,82,86,-4,4
48166,147,152,-5,5
48167,115,113,2,2
48168,107,112,-5,5
48169,60,65,-5,5
48170,95,86,9,9
48171,95,97,-2,2
48172,39,52,-13,13
48173,75,84,-9,9
48174,61,64,-3,3
48175,194,202,-8,8
48176,67,75,-8,8
48177,104,98,6,6
48178,79,83,-4,4
48179,57,69,-12,12
48180,45,53,-8,8
48181,66,74,-8,8
48182,70,71,-1,1
48183,61,77,-16,16
48184,93,90,3,3
48185,104,103,1,1
48186,122,133,-11,11
48187,64,66,-2,2
48188,68,74,-6,6
48189,132,123,9,9
48190,55,58,-3,3
48191,117,113,4,4
48192,89,85,4,4
48193,83,91,-8,8
48194,94,112,-18,18
48195,59,60,-1,1
48196,149,141,8,8
48197,77,84,-7,7
48198,92,98,-6,6
48199,84,77,7,7
48200,71,70,1,1
48201,75,72,3,3
48202,123,116,7,7
48203,108,113,-5,5
48204,90,94,-4,4
48205,99,84,15,15
48206,38,49,-11,11
48207,59,66,-7,7
48208,104,102,2,2
48209,114,123,-9,9
48210,83,89,-6,6
48211,182,156,26,26
48212,89,99,-10,10
48213,77,68,9,9
48214,146,130,16,16
48215,74,74,0,0
48216,73,70,3,3
48217,71,72,-1,1
48218,70,66,4,4
48219,139,131,8,8
48220,75,64,11,11
48221,110,123,-13,13
48222,106,108,-2,2
48223,150,145,5,5
48224,132,124,8,8
48225,108,97,11,11
48226,56,62,-6,6
48227,133,128,5,5
48228,123,110,13,13
48229,58,57,1,1
48230,73,78,-5,5
48231,118,112,6,6
48232,83,86,-3,3
48233,66,65,1,1
48234,83,84,-1,1
48235,89,90,-1,1
48236,87,97,-10,10
48237,95,95,0,0
48238,57,65,-8,8
48239,124,123,1,1
48240,136,134,2,2
48241,102,102,0,0
48242,123,123,0,0
48243,53,57,-4,4
48244,59,69,-10,10
48245,150,132,18,18
48246,140,124,16,16
48247,88,87,1,1
48248,140,128,12,12
48249,86,87,-1,1
48250,106,100,6,6
48251,127,135,-8,8
48252,88,79,9,9
48253,99,107,-8,8
48254,83,84,-1,1
48255,81,84,-3,3
48256,151,131,20,20
48257,144,143,1,1
48258,55,58,-3,3
48259,66,65,1,1
48260,103,101,2,2
48261,100,97,3,3
48262,76,70,6,6
48263,115,112,3,3
48264,135,124,11,11
48265,128,113,15,15
48266,163,146,17,17
48267,81,76,5,5
48268,88,89,-1,1
48269,86,111,-25,25
48270,147,135,12,12
48271,179,162,17,17
48272,98,93,5,5
48273,91,85,6,6
48274,145,136,9,9
48275,53,60,-7,7
48276,122,123,-1,1
48277,79,77,2,2
48278,118,124,-6,6
48279,100,83,17,17
48280,76,72,4,4
48281,148,144,4,4
48282,55,56,-1,1
48283,80,79,1,1
48284,129,135,-6,6
48285,52,63,-11,11
48286,108,105,3,3
48287,71,71,0,0
48288,49,52,-3,3
48289,111,102,9,9
48290,97,92,5,5
48291,106,98,8,8
48292,31,44,-13,13
48293,62,63,-1,1
48294,140,152,-12,12
48295,102,95,7,7
48296,68,63,5,5
48297,66,68,-2,2
48298,98,99,-1,1
48299,29,34,-5,5
48300,162,151,11,11
48301,68,71,-3,3
48302,39,48,-9,9
48303,61,65,-4,4
48304,126,126,0,0
48305,82,69,13,13
48306,95,88,7,7
48307,86,93,-7,7
48308,91,92,-1,1
48309,68,78,-10,10
48310,70,75,-5,5
48311,56,54,2,2
48312,113,112,1,1
48313,83,76,7,7
48314,185,165,20,20
48315,133,127,6,6
48316,98,97,1,1
48317,47,58,-11,11
48318,86,79,7,7
48319,115,104,11,11
48320,121,113,8,8
48321,130,130,0,0
48322,116,112,4,4
48323,55,56,-1,1
48324,88,90,-2,2
48325,158,154,4,4
48326,208,199,9,9
48327,104,98,6,6
48328,109,108,1,1
48329,94,100,-6,6
48330,49,57,-8,8
48331,66,74,-8,8
48332,135,151,-16,16
48333,112,102,10,10
48334,75,73,2,2
48335,99,98,1,1
48336,98,102,-4,4
48337,77,88,-11,11
48338,108,98,10,10
48339,81,79,2,2
48340,99,106,-7,7
48341,113,94,19,19
48342,68,73,-5,5
48343,111,114,-3,3
48344,57,64,-7,7
48345,141,124,17,17
48346,96,94,2,2
48347,57,67,-10,10
48348,86,87,-1,1
48349,64,83,-19,19
48350,58,56,2,2
48351,68,72,-4,4
48352,79,78,1,1
48353,128,123,5,5
48354,133,122,11,11
48355,129,136,-7,7
48356,98,93,5,5
48357,126,112,14,14
48358,68,70,-2,2
48359,98,94,4,4
48360,76,64,12,12
48361,151,133,18,18
48362,143,142,1,1
48363,81,89,-8,8
48364,154,137,17,17
48365,99,101,-2,2
48366,58,65,-7,7
48367,40,48,-8,8
48368,101,100,1,1
48369,88,84,4,4
48370,102,95,7,7
48371,82,76,6,6
48372,80,77,3,3
48373,77,77,0,0
48374,91,89,2,2
48375,133,131,2,2
48376,160,141,19,19
48377,137,135,2,2
48378,110,102,8,8
48379,78,75,3,3
48380,83,84,-1,1
48381,68,81,-13,13
48382,85,92,-7,7
48383,90,89,1,1
48384,51,59,-8,8
48385,95,95,0,0
48386,133,119,14,14
48387,63,68,-5,5
48388,64,66,-2,2
48389,64,62,2,2
48390,128,128,0,0
48391,94,100,-6,6
48392,87,85,2,2
48393,49,58,-9,9
48394,66,63,3,3
48395,53,58,-5,5
48396,99,100,-1,1
48397,55,65,-10,10
48398,166,155,11,11
48399,179,163,16,16
48400,100,96,4,4
48401,97,94,3,3
48402,139,124,15,15
48403,59,64,-5,5
48404,175,160,15,15
48405,123,127,-4,4
48406,72,76,-4,4
48407,77,90,-13,13
48408,86,78,8,8
48409,52,60,-8,8
48410,122,133,-11,11
48411,83,84,-1,1
48412,109,116,-7,7
48413,123,114,9,9
48414,72,76,-4,4
48415,86,87,-1,1
48416,97,108,-11,11
48417,98,93,5,5
48418,98,90,8,8
48419,72,69,3,3
48420,160,143,17,17
48421,61,61,0,0
48422,91,91,0,0
48423,65,63,2,2
48424,145,134,11,11
48425,60,62,-2,2
48426,125,118,7,7
48427,57,62,-5,5
48428,117,111,6,6
48429,104,101,3,3
48430,141,131,10,10
48431,65,67,-2,2
48432,78,75,3,3
48433,74,75,-1,1
48434,82,82,0,0
48435,83,84,-1,1
48436,79,84,-5,5
48437,79,82,-3,3
48438,73,73,0,0
48439,154,133,21,21
48440,89,89,0,0
48441,83,89,-6,6
48442,79,76,3,3
48443,167,148,19,19
48444,103,118,-15,15
48445,89,88,1,1
48446,199,176,23,23
48447,63,71,-8,8
48448,67,64,3,3
48449,152,157,-5,5
48450,98,102,-4,4
48451,78,77,1,1
48452,78,77,1,1
48453,119,124,-5,5
48454,93,99,-6,6
48455,121,122,-1,1
48456,105,93,12,12
48457,184,138,46,46
48458,60,66,-6,6
48459,167,142,25,25
48460,51,59,-8,8
48461,114,113,1,1
48462,59,59,0,0
48463,98,104,-6,6
48464,62,68,-6,6
48465,74,64,10,10
48466,87,84,3,3
48467,84,81,3,3
48468,63,67,-4,4
48469,103,96,7,7
48470,133,119,14,14
48471,125,109,16,16
48472,137,133,4,4
48473,82,74,8,8
48474,145,137,8,8
48475,111,112,-1,1
48476,117,112,5,5
48477,61,62,-1,1
48478,107,112,-5,5
48479,127,123,4,4
48480,50,53,-3,3
48481,75,74,1,1
48482,173,159,14,14
48483,162,144,18,18
48484,72,83,-11,11
48485,104,101,3,3
48486,84,80,4,4
48487,84,78,6,6
48488,99,99,0,0
48489,109,107,2,2
48490,125,120,5,5
48491,100,99,1,1
48492,108,113,-5,5
48493,118,121,-3,3
48494,70,78,-8,8
48495,67,61,6,6
48496,39,46,-7,7
48497,87,90,-3,3
48498,71,85,-14,14
48499,65,67,-2,2
48500,185,161,24,24
48501,89,87,2,2
48502,94,90,4,4
48503,68,68,0,0
48504,66,64,2,2
48505,126,120,6,6
48506,99,100,-1,1
48507,100,98,2,2
48508,85,76,9,9
48509,38,52,-14,14
48510,170,160,10,10
48511,109,98,11,11
48512,90,85,5,5
48513,58,59,-1,1
48514,52,60,-8,8
48515,162,167,-5,5
48516,60,65,-5,5
48517,99,97,2,2
48518,80,77,3,3
48519,82,95,-13,13
48520,112,109,3,3
48521,81,75,6,6
48522,112,124,-12,12
48523,160,147,13,13
48524,44,52,-8,8
48525,60,62,-2,2
48526,87,77,10,10
48527,66,62,4,4
48528,54,56,-2,2
48529,158,138,20,20
48530,125,124,1,1
48531,61,66,-5,5
48532,179,152,27,27
48533,174,142,32,32
48534,86,103,-17,17
48535,86,97,-11,11
48536,79,100,-21,21
48537,60,64,-4,4
48538,78,76,2,2
48539,128,130,-2,2
48540,111,107,4,4
48541,98,99,-1,1
48542,142,116,26,26
48543,65,67,-2,2
48544,142,122,20,20
48545,176,167,9,9
48546,88,84,4,4
48547,165,155,10,10
48548,85,92,-7,7
48549,85,85,0,0
48550,88,88,0,0
48551,97,102,-5,5
48552,125,115,10,10
48553,99,94,5,5
48554,83,77,6,6
48555,97,96,1,1
48556,96,96,0,0
48557,62,68,-6,6
48558,99,112,-13,13
48559,57,64,-7,7
48560,77,84,-7,7
48561,77,81,-4,4
48562,104,126,-22,22
48563,114,106,8,8
48564,94,89,5,5
48565,67,82,-15,15
48566,112,103,9,9
48567,128,119,9,9
48568,93,97,-4,4
48569,115,118,-3,3
48570,63,66,-3,3
48571,67,75,-8,8
48572,136,135,1,1
48573,96,106,-10,10
48574,97,105,-8,8
48575,97,105,-8,8
48576,100,95,5,5
48577,60,63,-3,3
48578,155,167,-12,12
48579,80,93,-13,13
48580,92,104,-12,12
48581,130,123,7,7
48582,139,126,13,13
48583,121,119,2,2
48584,58,66,-8,8
48585,73,75,-2,2
48586,98,98,0,0
48587,95,100,-5,5
48588,126,112,14,14
48589,112,104,8,8
48590,82,87,-5,5
48591,105,97,8,8
48592,68,78,-10,10
48593,67,81,-14,14
48594,121,123,-2,2
48595,164,140,24,24
48596,107,111,-4,4
48597,110,104,6,6
48598,125,126,-1,1
48599,71,70,1,1
48600,77,85,-8,8
48601,97,95,2,2
48602,114,121,-7,7
48603,140,134,6,6
48604,57,65,-8,8
48605,99,97,2,2
48606,99,95,4,4
48607,52,52,0,0
48608,83,76,7,7
48609,173,211,-38,38
48610,94,99,-5,5
48611,47,56,-9,9
48612,58,66,-8,8
48613,61,71,-10,10
48614,82,97,-15,15
48615,53,69,-16,16
48616,53,57,-4,4
48617,77,77,0,0
48618,88,98,-10,10
48619,74,77,-3,3
48620,74,72,2,2
48621,150,137,13,13
48622,135,138,-3,3
48623,176,173,3,3
48624,53,62,-9,9
48625,140,134,6,6
48626,106,109,-3,3
48627,189,165,24,24
48628,104,111,-7,7
48629,71,85,-14,14
48630,66,65,1,1
48631,82,87,-5,5
48632,111,122,-11,11
48633,114,111,3,3
48634,140,133,7,7
48635,95,98,-3,3
48636,152,141,11,11
48637,101,110,-9,9
48638,67,63,4,4
48639,47,61,-14,14
48640,73,83,-10,10
48641,84,100,-16,16
48642,92,86,6,6
48643,157,152,5,5
48644,128,130,-2,2
48645,96,109,-13,13
48646,91,90,1,1
48647,92,87,5,5
48648,132,123,9,9
48649,170,161,9,9
48650,103,85,18,18
48651,46,56,-10,10
48652,123,112,11,11
48653,91,81,10,10
48654,111,110,1,1
48655,144,139,5,5
48656,73,76,-3,3
48657,116,108,8,8
48658,137,137,0,0
48659,131,120,11,11
48660,37,47,-10,10
48661,84,90,-6,6
48662,91,84,7,7
48663,175,169,6,6
48664,137,129,8,8
48665,91,86,5,5
48666,41,52,-11,11
48667,88,81,7,7
48668,86,84,2,2
48669,67,69,-2,2
48670,181,159,22,22
48671,108,104,4,4
48672,51,50,1,1
48673,145,134,11,11
48674,87,89,-2,2
48675,42,48,-6,6
48676,92,92,0,0
48677,196,171,25,25
48678,43,51,-8,8
48679,108,110,-2,2
48680,131,117,14,14
48681,105,109,-4,4
48682,77,81,-4,4
48683,80,80,0,0
48684,144,130,14,14
48685,120,133,-13,13
48686,70,73,-3,3
48687,62,66,-4,4
48688,40,46,-6,6
48689,80,75,5,5
48690,93,85,8,8
48691,41,54,-13,13
48692,90,94,-4,4
48693,82,78,4,4
48694,85,86,-1,1
48695,103,94,9,9
48696,119,112,7,7
48697,65,70,-5,5
48698,85,82,3,3
48699,114,105,9,9
48700,95,92,3,3
48701,39,43,-4,4
48702,89,88,1,1
48703,116,114,2,2
48704,133,134,-1,1
48705,76,77,-1,1
48706,146,126,20,20
48707,55,63,-8,8
48708,170,160,10,10
48709,76,75,1,1
48710,89,91,-2,2
48711,76,97,-21,21
48712,107,98,9,9
48713,69,67,2,2
48714,94,102,-8,8
48715,106,105,1,1
48716,91,76,15,15
48717,158,155,3,3
48718,110,111,-1,1
48719,69,74,-5,5
48720,90,86,4,4
48721,99,94,5,5
48722,74,72,2,2
48723,94,98,-4,4
48724,70,70,0,0
48725,81,92,-11,11
48726,136,142,-6,6
48727,89,93,-4,4
48728,113,113,0,0
48729,110,100,10,10
48730,137,138,-1,1
48731,100,100,0,0
48732,114,107,7,7
48733,122,107,15,15
48734,27,34,-7,7
48735,105,111,-6,6
48736,65,75,-10,10
48737,120,126,-6,6
48738,68,72,-4,4
48739,158,146,12,12
48740,76,80,-4,4
48741,123,116,7,7
48742,71,67,4,4
48743,86,88,-2,2
48744,68,79,-11,11
48745,118,113,5,5
48746,36,46,-10,10
48747,26,37,-11,11
48748,55,59,-4,4
48749,87,88,-1,1
48750,117,112,5,5
48751,36,47,-11,11
48752,112,101,11,11
48753,73,68,5,5
48754,93,91,2,2
48755,122,113,9,9
48756,117,115,2,2
48757,116,127,-11,11
48758,95,93,2,2
48759,51,57,-6,6
48760,81,83,-2,2
48761,88,76,12,12
48762,62,67,-5,5
48763,84,69,15,15
48764,69,75,-6,6
48765,62,69,-7,7
48766,101,105,-4,4
48767,112,112,0,0
48768,182,157,25,25
48769,51,63,-12,12
48770,89,88,1,1
48771,123,124,-1,1
48772,91,91,0,0
48773,67,75,-8,8
48774,150,129,21,21
48775,61,67,-6,6
48776,107,103,4,4
48777,53,61,-8,8
48778,79,84,-5,5
48779,143,147,-4,4
48780,115,118,-3,3
48781,66,70,-4,4
48782,104,99,5,5
48783,154,154,0,0
48784,96,90,6,6
48785,165,159,6,6
48786,124,123,1,1
48787,108,102,6,6
48788,106,109,-3,3
48789,124,126,-2,2
48790,91,97,-6,6
48791,98,112,-14,14
48792,74,82,-8,8
48793,146,145,1,1
48794,136,134,2,2
48795,96,110,-14,14
48796,117,113,4,4
48797,113,107,6,6
48798,118,110,8,8
48799,151,134,17,17
48800,157,149,8,8
48801,98,87,11,11
48802,136,132,4,4
48803,119,131,-12,12
48804,66,67,-1,1
48805,144,133,11,11
48806,118,115,3,3
48807,186,166,20,20
48808,91,92,-1,1
48809,99,95,4,4
48810,78,84,-6,6
48811,81,87,-6,6
48812,77,84,-7,7
48813,51,58,-7,7
48814,81,84,-3,3
48815,110,112,-2,2
48816,83,83,0,0
48817,75,87,-12,12
48818,73,74,-1,1
48819,113,112,1,1
48820,84,78,6,6
48821,94,94,0,0
48822,77,93,-16,16
48823,101,97,4,4
48824,100,92,8,8
48825,68,66,2,2
48826,65,69,-4,4
48827,159,152,7,7
48828,66,73,-7,7
48829,149,125,24,24
48830,81,97,-16,16
48831,56,59,-3,3
48832,149,162,-13,13
48833,56,58,-2,2
48834,110,106,4,4
48835,61,65,-4,4
48836,57,57,0,0
48837,107,111,-4,4
48838,58,64,-6,6
48839,106,107,-1,1
48840,145,127,18,18
48841,70,72,-2,2
48842,115,114,1,1
48843,106,86,20,20
48844,144,132,12,12
48845,129,114,15,15
48846,127,125,2,2
48847,223,191,32,32
48848,147,146,1,1
48849,95,93,2,2
48850,34,40,-6,6
48851,66,63,3,3
48852,88,91,-3,3
48853,91,86,5,5
48854,90,85,5,5
48855,131,128,3,3
48856,61,68,-7,7
48857,66,63,3,3
48858,125,131,-6,6
48859,69,67,2,2
48860,73,82,-9,9
48861,87,88,-1,1
48862,89,88,1,1
48863,69,75,-6,6
48864,114,112,2,2
48865,64,66,-2,2
48866,146,137,9,9
48867,93,98,-5,5
48868,54,63,-9,9
48869,171,170,1,1
48870,63,68,-5,5
48871,70,77,-7,7
48872,61,66,-5,5
48873,75,71,4,4
48874,158,140,18,18
48875,65,77,-12,12
48876,93,97,-4,4
48877,97,91,6,6
48878,126,112,14,14
48879,122,121,1,1
48880,128,132,-4,4
48881,109,110,-1,1
48882,90,85,5,5
48883,167,159,8,8
48884,79,73,6,6
48885,56,62,-6,6
48886,117,112,5,5
48887,80,77,3,3
48888,48,56,-8,8
48889,72,76,-4,4
48890,69,70,-1,1
48891,105,102,3,3
48892,103,98,5,5
48893,94,94,0,0
48894,91,84,7,7
48895,117,111,6,6
48896,168,163,5,5
48897,60,63,-3,3
48898,93,100,-7,7
48899,110,103,7,7
48900,61,63,-2,2
48901,133,128,5,5
48902,124,106,18,18
48903,131,128,3,3
48904,81,78,3,3
48905,78,74,4,4
48906,117,111,6,6
48907,116,113,3,3
48908,75,83,-8,8
48909,50,59,-9,9
48910,76,70,6,6
48911,120,116,4,4
48912,96,96,0,0
48913,99,114,-15,15
48914,163,150,13,13
48915,136,124,12,12
48916,150,136,14,14
48917,87,97,-10,10
48918,116,114,2,2
48919,127,120,7,7
48920,73,71,2,2
48921,110,114,-4,4
48922,65,66,-1,1
48923,74,75,-1,1
48924,98,95,3,3
48925,74,73,1,1
48926,105,101,4,4
48927,92,97,-5,5
48928,80,83,-3,3
48929,111,108,3,3
48930,93,92,1,1
48931,69,69,0,0
48932,76,81,-5,5
48933,59,59,0,0
48934,127,125,2,2
48935,45,56,-11,11
48936,100,82,18,18
48937,111,111,0,0
48938,165,197,-32,32
48939,161,168,-7,7
48940,108,112,-4,4
48941,85,62,23,23
48942,131,135,-4,4
48943,28,45,-17,17
48944,92,87,5,5
48945,55,59,-4,4
48946,134,123,11,11
48947,112,102,10,10
48948,123,112,11,11
48949,137,133,4,4
48950,72,84,-12,12
48951,116,105,11,11
48952,136,124,12,12
48953,122,119,3,3
48954,120,115,5,5
48955,85,77,8,8
48956,98,103,-5,5
48957,108,128,-20,20
48958,95,99,-4,4
48959,71,68,3,3
48960,160,136,24,24
48961,112,116,-4,4
48962,98,99,-1,1
48963,72,69,3,3
48964,102,102,0,0
48965,95,89,6,6
48966,130,120,10,10
48967,96,97,-1,1
48968,123,114,9,9
48969,100,105,-5,5
48970,172,164,8,8
48971,55,60,-5,5
48972,60,75,-15,15
48973,101,105,-4,4
48974,90,101,-11,11
48975,76,87,-11,11
48976,80,78,2,2
48977,100,110,-10,10
48978,61,66,-5,5
48979,75,73,2,2
48980,81,100,-19,19
48981,121,114,7,7
48982,81,84,-3,3
48983,139,136,3,3
48984,86,76,10,10
48985,94,93,1,1
48986,121,121,0,0
48987,83,77,6,6
48988,127,127,0,0
48989,49,64,-15,15
48990,83,91,-8,8
48991,76,72,4,4
48992,113,111,2,2
48993,73,72,1,1
48994,85,83,2,2
48995,97,96,1,1
48996,82,78,4,4
48997,103,100,3,3
48998,68,70,-2,2
48999,65,68,-3,3
49000,46,56,-10,10
49001,108,101,7,7
49002,96,103,-7,7
49003,133,128,5,5
49004,97,99,-2,2
49005,62,61,1,1
49006,95,99,-4,4
49007,132,118,14,14
49008,164,149,15,15
49009,62,62,0,0
49010,81,83,-2,2
49011,91,93,-2,2
49012,73,72,1,1
49013,73,76,-3,3
49014,105,112,-7,7
49015,75,78,-3,3
49016,73,65,8,8
49017,94,102,-8,8
49018,112,118,-6,6
49019,107,97,10,10
49020,79,77,2,2
49021,128,128,0,0
49022,100,96,4,4
49023,68,69,-1,1
49024,84,76,8,8
49025,115,131,-16,16
49026,68,71,-3,3
49027,50,57,-7,7
49028,80,87,-7,7
49029,71,76,-5,5
49030,115,112,3,3
49031,103,114,-11,11
49032,112,111,1,1
49033,95,91,4,4
49034,132,132,0,0
49035,108,113,-5,5
49036,89,98,-9,9
49037,96,90,6,6
49038,110,106,4,4
49039,103,147,-44,44
49040,113,96,17,17
49041,72,81,-9,9
49042,85,92,-7,7
49043,106,108,-2,2
49044,101,101,0,0
49045,117,129,-12,12
49046,67,77,-10,10
49047,82,83,-1,1
49048,61,65,-4,4
49049,64,64,0,0
49050,86,87,-1,1
49051,89,89,0,0
49052,49,55,-6,6
49053,136,117,19,19
49054,137,137,0,0
49055,79,70,9,9
49056,127,113,14,14
49057,130,122,8,8
49058,119,128,-9,9
49059,83,76,7,7
49060,98,100,-2,2
49061,124,119,5,5
49062,72,88,-16,16
49063,114,121,-7,7
49064,144,134,10,10
49065,117,105,12,12
49066,68,69,-1,1
49067,41,50,-9,9
49068,88,94,-6,6
49069,156,146,10,10
49070,85,86,-1,1
49071,99,99,0,0
49072,71,87,-16,16
49073,152,135,17,17
49074,86,83,3,3
49075,95,89,6,6
49076,100,98,2,2
49077,99,98,1,1
49078,137,120,17,17
49079,78,69,9,9
49080,142,128,14,14
49081,80,91,-11,11
49082,70,70,0,0
49083,112,109,3,3
49084,116,117,-1,1
49085,76,85,-9,9
49086,128,120,8,8
49087,101,97,4,4
49088,111,110,1,1
49089,71,72,-1,1
49090,129,126,3,3
49091,170,156,14,14
49092,136,117,19,19
49093,105,98,7,7
49094,117,111,6,6
49095,102,98,4,4
49096,77,83,-6,6
49097,103,109,-6,6
49098,53,57,-4,4
49099,94,99,-5,5
49100,73,68,5,5
49101,65,67,-2,2
49102,107,124,-17,17
49103,78,89,-11,11
49104,83,82,1,1
49105,117,115,2,2
49106,33,39,-6,6
49107,97,98,-1,1
49108,119,119,0,0
49109,74,70,4,4
49110,96,93,3,3
49111,113,112,1,1
49112,68,83,-15,15
49113,78,77,1,1
49114,123,100,23,23
49115,121,128,-7,7
49116,74,72,2,2
49117,100,94,6,6
49118,71,74,-3,3
49119,46,54,-8,8
49120,90,94,-4,4
49121,63,76,-13,13
49122,94,99,-5,5
49123,83,85,-2,2
49124,86,89,-3,3
49125,116,124,-8,8
49126,107,100,7,7
49127,111,120,-9,9
49128,211,185,26,26
49129,71,68,3,3
49130,57,69,-12,12
49131,135,127,8,8
49132,111,108,3,3
49133,97,91,6,6
49134,139,133,6,6
49135,96,96,0,0
49136,91,91,0,0
49137,131,128,3,3
49138,134,127,7,7
49139,81,83,-2,2
49140,123,113,10,10
49141,122,128,-6,6
49142,149,141,8,8
49143,122,112,10,10
49144,114,109,5,5
49145,112,100,12,12
49146,110,103,7,7
49147,111,117,-6,6
49148,50,58,-8,8
49149,52,56,-4,4
49150,119,128,-9,9
49151,67,68,-1,1
49152,135,130,5,5
49153,81,73,8,8
49154,122,106,16,16
49155,130,125,5,5
49156,60,65,-5,5
49157,108,114,-6,6
49158,97,100,-3,3
49159,50,60,-10,10
49160,77,73,4,4
49161,106,98,8,8
49162,100,104,-4,4
49163,70,76,-6,6
49164,99,101,-2,2
49165,108,114,-6,6
49166,138,124,14,14
49167,132,131,1,1
49168,73,82,-9,9
49169,73,81,-8,8
49170,111,103,8,8
49171,101,100,1,1
49172,123,119,4,4
49173,80,120,-40,40
49174,56,52,4,4
49175,101,95,6,6
49176,119,119,0,0
49177,125,138,-13,13
49178,107,105,2,2
49179,141,135,6,6
49180,110,125,-15,15
49181,91,85,6,6
49182,67,69,-2,2
49183,91,93,-2,2
49184,62,66,-4,4
49185,66,64,2,2
49186,51,68,-17,17
49187,26,43,-17,17
49188,112,113,-1,1
49189,85,81,4,4
49190,173,156,17,17
49191,65,64,1,1
49192,71,77,-6,6
49193,48,56,-8,8
49194,113,116,-3,3
49195,111,112,-1,1
49196,76,83,-7,7
49197,72,76,-4,4
49198,104,99,5,5
49199,113,110,3,3
49200,80,78,2,2
49201,129,131,-2,2
49202,80,77,3,3
49203,99,98,1,1
49204,98,100,-2,2
49205,186,173,13,13
49206,84,86,-2,2
49207,46,52,-6,6
49208,81,95,-14,14
49209,62,62,0,0
49210,85,84,1,1
49211,63,61,2,2
49212,114,122,-8,8
49213,91,87,4,4
49214,100,111,-11,11
49215,53,54,-1,1
49216,127,111,16,16
49217,93,87,6,6
49218,59,66,-7,7
49219,52,54,-2,2
49220,100,98,2,2
49221,73,79,-6,6
49222,110,112,-2,2
49223,88,75,13,13
49224,87,89,-2,2
49225,53,59,-6,6
49226,96,97,-1,1
49227,70,84,-14,14
49228,80,90,-10,10
49229,80,79,1,1
49230,78,74,4,4
49231,45,48,-3,3
49232,97,96,1,1
49233,172,156,16,16
49234,92,94,-2,2
49235,72,72,0,0
49236,125,134,-9,9
49237,72,74,-2,2
49238,156,149,7,7
49239,61,64,-3,3
49240,118,125,-7,7
49241,89,113,-24,24
49242,126,110,16,16
49243,121,107,14,14
49244,63,74,-11,11
49245,96,88,8,8
49246,123,113,10,10
49247,80,88,-8,8
49248,120,120,0,0
49249,75,78,-3,3
49250,128,123,5,5
49251,166,156,10,10
49252,129,123,6,6
49253,74,78,-4,4
49254,70,76,-6,6
49255,75,77,-2,2
49256,115,98,17,17
49257,109,105,4,4
49258,86,86,0,0
49259,90,95,-5,5
49260,95,90,5,5
49261,102,112,-10,10
49262,178,156,22,22
49263,140,126,14,14
49264,148,141,7,7
49265,75,79,-4,4
49266,94,85,9,9
49267,83,90,-7,7
49268,184,169,15,15
49269,98,90,8,8
49270,36,38,-2,2
49271,68,70,-2,2
49272,88,84,4,4
49273,71,70,1,1
49274,80,75,5,5
49275,81,82,-1,1
49276,98,105,-7,7
49277,99,89,10,10
49278,41,54,-13,13
49279,51,59,-8,8
49280,161,151,10,10
49281,76,76,0,0
49282,103,99,4,4
49283,86,81,5,5
49284,111,104,7,7
49285,132,120,12,12
49286,91,83,8,8
49287,114,101,13,13
49288,106,99,7,7
49289,140,134,6,6
49290,54,56,-2,2
49291,231,200,31,31
49292,74,76,-2,2
49293,59,61,-2,2
49294,149,134,15,15
49295,98,90,8,8
49296,96,94,2,2
49297,98,101,-3,3
49298,29,40,-11,11
49299,80,77,3,3
49300,115,107,8,8
49301,75,70,5,5
49302,93,96,-3,3
49303,86,84,2,2
49304,67,63,4,4
49305,56,60,-4,4
49306,120,117,3,3
49307,188,167,21,21
49308,31,44,-13,13
49309,51,62,-11,11
49310,55,61,-6,6
49311,81,84,-3,3
49312,75,80,-5,5
49313,63,68,-5,5
49314,85,83,2,2
49315,32,41,-9,9
49316,83,89,-6,6
49317,86,96,-10,10
49318,122,105,17,17
49319,46,54,-8,8
49320,122,111,11,11
49321,101,103,-2,2
49322,55,69,-14,14
49323,80,78,2,2
49324,106,108,-2,2
49325,79,90,-11,11
49326,143,144,-1,1
49327,124,123,1,1
49328,128,123,5,5
49329,88,93,-5,5
49330,98,100,-2,2
49331,207,182,25,25
49332,133,121,12,12
49333,46,52,-6,6
49334,115,124,-9,9
49335,75,64,11,11
49336,93,89,4,4
49337,99,104,-5,5
49338,107,110,-3,3
49339,99,95,4,4
49340,78,77,1,1
49341,104,95,9,9
49342,112,114,-2,2
49343,75,75,0,0
49344,84,88,-4,4
49345,87,98,-11,11
49346,83,78,5,5
49347,151,139,12,12
49348,23,47,-24,24
49349,168,155,13,13
49350,62,67,-5,5
49351,65,65,0,0
49352,68,71,-3,3
49353,110,114,-4,4
49354,159,139,20,20
49355,44,52,-8,8
49356,144,135,9,9
49357,71,71,0,0
49358,71,70,1,1
49359,131,114,17,17
49360,148,105,43,43
49361,116,113,3,3
49362,117,104,13,13
49363,116,134,-18,18
49364,95,89,6,6
49365,59,72,-13,13
49366,41,45,-4,4
49367,80,88,-8,8
49368,66,71,-5,5
49369,98,89,9,9
49370,186,175,11,11
49371,109,106,3,3
49372,97,122,-25,25
49373,74,69,5,5
49374,113,113,0,0
49375,61,61,0,0
49376,108,108,0,0
49377,123,116,7,7
49378,78,83,-5,5
49379,57,62,-5,5
49380,42,49,-7,7
49381,118,125,-7,7
49382,59,60,-1,1
49383,96,105,-9,9
49384,69,71,-2,2
49385,94,84,10,10
49386,84,96,-12,12
49387,182,180,2,2
49388,44,53,-9,9
49389,74,86,-12,12
49390,84,75,9,9
49391,173,154,19,19
49392,73,78,-5,5
49393,67,68,-1,1
49394,84,90,-6,6
49395,106,104,2,2
49396,80,79,1,1
49397,79,94,-15,15
49398,61,61,0,0
49399,73,84,-11,11
49400,50,55,-5,5
49401,94,94,0,0
49402,86,93,-7,7
49403,71,69,2,2
49404,60,71,-11,11
49405,126,124,2,2
49406,60,62,-2,2
49407,65,64,1,1
49408,83,85,-2,2
49409,47,50,-3,3
49410,234,194,40,40
49411,101,88,13,13
49412,111,104,7,7
49413,65,63,2,2
49414,50,59,-9,9
49415,63,72,-9,9
49416,121,122,-1,1
49417,63,53,10,10
49418,105,98,7,7
49419,51,65,-14,14
49420,85,77,8,8
49421,154,135,19,19
49422,130,118,12,12
49423,95,95,0,0
49424,55,57,-2,2
49425,95,97,-2,2
49426,154,143,11,11
49427,109,108,1,1
49428,57,66,-9,9
49429,109,104,5,5
49430,125,116,9,9
49431,85,78,7,7
49432,76,72,4,4
49433,66,83,-17,17
49434,89,83,6,6
49435,64,65,-1,1
49436,46,59,-13,13
49437,79,81,-2,2
49438,114,113,1,1
49439,73,69,4,4
49440,130,130,0,0
49441,78,72,6,6
49442,62,70,-8,8
49443,49,55,-6,6
49444,65,70,-5,5
49445,66,68,-2,2
49446,72,77,-5,5
49447,81,79,2,2
49448,131,128,3,3
49449,113,112,1,1
49450,103,98,5,5
49451,60,61,-1,1
49452,61,62,-1,1
49453,62,65,-3,3
49454,79,74,5,5
49455,111,125,-14,14
49456,108,101,7,7
49457,124,103,21,21
49458,93,111,-18,18
49459,121,123,-2,2
49460,49,52,-3,3
49461,72,76,-4,4
49462,86,72,14,14
49463,64,67,-3,3
49464,95,85,10,10
49465,108,112,-4,4
49466,148,140,8,8
49467,71,68,3,3
49468,85,102,-17,17
49469,72,75,-3,3
49470,107,107,0,0
49471,121,108,13,13
49472,119,119,0,0
49473,81,102,-21,21
49474,94,97,-3,3
49475,147,120,27,27
49476,101,103,-2,2
49477,106,112,-6,6
49478,59,65,-6,6
49479,70,70,0,0
49480,52,54,-2,2
49481,89,81,8,8
49482,128,125,3,3
49483,111,117,-6,6
49484,146,138,8,8
49485,49,54,-5,5
49486,110,105,5,5
49487,119,114,5,5
49488,96,100,-4,4
49489,119,114,5,5
49490,140,132,8,8
49491,124,119,5,5
49492,90,85,5,5
49493,68,73,-5,5
49494,92,99,-7,7
49495,163,148,15,15
49496,77,75,2,2
49497,103,99,4,4
49498,126,108,18,18
49499,70,76,-6,6
49500,127,118,9,9
49501,76,82,-6,6
49502,138,135,3,3
49503,88,94,-6,6
49504,58,79,-21,21
49505,68,67,1,1
49506,146,143,3,3
49507,139,134,5,5
49508,71,78,-7,7
49509,143,129,14,14
49510,123,107,16,16
49511,55,61,-6,6
49512,93,96,-3,3
49513,74,83,-9,9
49514,122,116,6,6
49515,79,82,-3,3
49516,75,75,0,0
49517,72,83,-11,11
49518,122,119,3,3
49519,82,79,3,3
49520,66,68,-2,2
49521,67,71,-4,4
49522,62,68,-6,6
49523,108,98,10,10
49524,82,86,-4,4
49525,93,98,-5,5
49526,57,61,-4,4
49527,73,75,-2,2
49528,116,101,15,15
49529,97,88,9,9
49530,107,108,-1,1
49531,69,71,-2,2
49532,118,111,7,7
49533,112,109,3,3
49534,75,82,-7,7
49535,128,129,-1,1
49536,96,98,-2,2
49537,81,84,-3,3
49538,149,135,14,14
49539,65,72,-7,7
49540,28,34,-6,6
49541,92,91,1,1
49542,82,74,8,8
49543,65,79,-14,14
49544,130,125,5,5
49545,85,84,1,1
49546,105,109,-4,4
49547,119,118,1,1
49548,124,112,12,12
49549,89,89,0,0
49550,52,55,-3,3
49551,95,90,5,5
49552,111,123,-12,12
49553,110,98,12,12
49554,104,103,1,1
49555,107,113,-6,6
49556,79,78,1,1
49557,98,90,8,8
49558,113,114,-1,1
49559,59,64,-5,5
49560,86,78,8,8
49561,40,50,-10,10
49562,59,59,0,0
49563,108,106,2,2
49564,49,62,-13,13
49565,86,75,11,11
49566,84,78,6,6
49567,93,92,1,1
49568,74,75,-1,1
49569,73,73,0,0
49570,89,95,-6,6
49571,83,92,-9,9
49572,94,101,-7,7
49573,103,97,6,6
49574,117,121,-4,4
49575,162,148,14,14
49576,72,81,-9,9
49577,107,112,-5,5
49578,122,116,6,6
49579,108,110,-2,2
49580,96,83,13,13
49581,98,94,4,4
49582,111,116,-5,5
49583,51,56,-5,5
49584,70,81,-11,11
49585,64,68,-4,4
49586,47,48,-1,1
49587,45,52,-7,7
49588,69,96,-27,27
49589,91,88,3,3
49590,77,67,10,10
49591,83,78,5,5
49592,73,69,4,4
49593,70,73,-3,3
49594,228,181,47,47
49595,50,53,-3,3
49596,69,70,-1,1
49597,88,86,2,2
49598,76,75,1,1
49599,80,72,8,8
49600,73,75,-2,2
49601,86,89,-3,3
49602,103,119,-16,16
49603,135,123,12,12
49604,75,83,-8,8
49605,78,83,-5,5
49606,114,99,15,15
49607,112,114,-2,2
49608,66,73,-7,7
49609,94,88,6,6
49610,86,78,8,8
49611,86,83,3,3
49612,115,124,-9,9
49613,81,76,5,5
49614,96,102,-6,6
49615,100,93,7,7
49616,137,133,4,4
49617,71,70,1,1
49618,77,75,2,2
49619,102,98,4,4
49620,83,88,-5,5
49621,87,88,-1,1
49622,123,106,17,17
49623,65,70,-5,5
49624,59,66,-7,7
49625,98,99,-1,1
49626,127,127,0,0
49627,141,126,15,15
49628,55,58,-3,3
49629,63,69,-6,6
49630,102,97,5,5
49631,63,72,-9,9
49632,108,99,9,9
49633,105,103,2,2
49634,57,54,3,3
49635,64,56,8,8
49636,83,84,-1,1
49637,97,98,-1,1
49638,97,100,-3,3
49639,84,96,-12,12
49640,117,111,6,6
49641,99,92,7,7
49642,106,106,0,0
49643,101,99,2,2
49644,91,84,7,7
49645,131,119,12,12
49646,162,155,7,7
49647,81,80,1,1
49648,56,61,-5,5
49649,120,103,17,17
49650,103,95,8,8
49651,43,47,-4,4
49652,59,64,-5,5
49653,90,86,4,4
49654,116,109,7,7
49655,55,55,0,0
49656,97,92,5,5
49657,99,93,6,6
49658,52,59,-7,7
49659,32,41,-9,9
49660,91,99,-8,8
49661,92,91,1,1
49662,52,59,-7,7
49663,159,141,18,18
49664,144,127,17,17
49665,115,113,2,2
49666,44,52,-8,8
49667,114,116,-2,2
49668,183,164,19,19
49669,94,92,2,2
49670,82,98,-16,16
49671,85,72,13,13
49672,71,67,4,4
49673,151,137,14,14
49674,98,94,4,4
49675,116,114,2,2
49676,108,102,6,6
49677,85,85,0,0
49678,96,112,-16,16
49679,94,101,-7,7
49680,59,66,-7,7
49681,81,80,1,1
49682,125,126,-1,1
49683,64,73,-9,9
49684,106,98,8,8
49685,89,88,1,1
49686,91,86,5,5
49687,72,66,6,6
49688,69,77,-8,8
49689,94,79,15,15
49690,133,124,9,9
49691,115,113,2,2
49692,92,87,5,5
49693,171,150,21,21
49694,108,104,4,4
49695,102,96,6,6
49696,133,137,-4,4
49697,89,84,5,5
49698,93,90,3,3
49699,39,56,-17,17
49700,119,109,10,10
49701,116,111,5,5
49702,71,66,5,5
49703,121,124,-3,3
49704,109,103,6,6
49705,121,106,15,15
49706,87,91,-4,4
49707,73,86,-13,13
49708,103,95,8,8
49709,50,57,-7,7
49710,53,57,-4,4
49711,94,97,-3,3
49712,143,146,-3,3
49713,68,66,2,2
49714,148,131,17,17
49715,54,56,-2,2
49716,121,112,9,9
49717,116,120,-4,4
49718,91,97,-6,6
49719,74,71,3,3
49720,68,68,0,0
49721,129,127,2,2
49722,69,64,5,5
49723,43,55,-12,12
49724,125,117,8,8
49725,101,108,-7,7
49726,188,161,27,27
49727,135,122,13,13
49728,57,65,-8,8
49729,96,97,-1,1
49730,68,67,1,1
49731,154,134,20,20
49732,101,102,-1,1
49733,48,58,-10,10
49734,62,71,-9,9
49735,182,166,16,16
49736,83,69,14,14
49737,52,60,-8,8
49738,97,84,13,13
49739,108,111,-3,3
49740,90,101,-11,11
49741,88,86,2,2
49742,109,110,-1,1
49743,84,96,-12,12
49744,93,103,-10,10
49745,87,83,4,4
49746,75,75,0,0
49747,77,76,1,1
49748,159,139,20,20
49749,56,61,-5,5
49750,135,117,18,18
49751,42,50,-8,8
49752,42,45,-3,3
49753,82,96,-14,14
49754,106,111,-5,5
49755,98,105,-7,7
49756,59,66,-7,7
49757,158,135,23,23
49758,109,114,-5,5
49759,93,93,0,0
49760,174,162,12,12
49761,91,93,-2,2
49762,138,117,21,21
49763,104,99,5,5
49764,92,95,-3,3
49765,67,73,-6,6
49766,87,94,-7,7
49767,135,123,12,12
49768,102,97,5,5
49769,164,150,14,14
49770,67,73,-6,6
49771,106,83,23,23
49772,88,95,-7,7
49773,109,107,2,2
49774,97,86,11,11
49775,49,57,-8,8
49776,124,117,7,7
49777,64,64,0,0
49778,160,145,15,15
49779,108,108,0,0
49780,71,71,0,0
49781,108,99,9,9
49782,87,87,0,0
49783,181,162,19,19
49784,100,96,4,4
49785,52,56,-4,4
49786,128,126,2,2
49787,84,82,2,2
49788,123,112,11,11
49789,131,129,2,2
49790,113,120,-7,7
49791,127,128,-1,1
49792,85,91,-6,6
49793,71,75,-4,4
49794,108,108,0,0
49795,74,71,3,3
49796,160,147,13,13
49797,72,81,-9,9
49798,75,76,-1,1
49799,122,126,-4,4
49800,85,84,1,1
49801,74,85,-11,11
49802,44,75,-31,31
49803,110,125,-15,15
49804,64,71,-7,7
49805,40,55,-15,15
49806,124,114,10,10
49807,88,90,-2,2
49808,123,120,3,3
49809,122,124,-2,2
49810,122,123,-1,1
49811,104,99,5,5
49812,100,101,-1,1
49813,83,79,4,4
49814,50,61,-11,11
49815,93,93,0,0
49816,91,86,5,5
49817,78,84,-6,6
49818,121,113,8,8
49819,90,89,1,1
49820,53,59,-6,6
49821,112,102,10,10
49822,82,80,2,2
49823,167,154,13,13
49824,97,94,3,3
49825,63,64,-1,1
49826,112,108,4,4
49827,102,86,16,16
49828,78,77,1,1
49829,124,123,1,1
49830,60,62,-2,2
49831,59,58,1,1
49832,55,65,-10,10
49833,154,142,12,12
49834,86,85,1,1
49835,102,95,7,7
49836,70,73,-3,3
49837,47,52,-5,5
49838,79,66,13,13
49839,62,63,-1,1
49840,114,130,-16,16
49841,117,105,12,12
49842,60,62,-2,2
49843,86,78,8,8
49844,152,148,4,4
49845,168,161,7,7
49846,124,125,-1,1
49847,60,61,-1,1
49848,125,113,12,12
49849,62,68,-6,6
49850,88,92,-4,4
49851,66,67,-1,1
49852,175,156,19,19
49853,88,90,-2,2
49854,45,57,-12,12
49855,74,74,0,0
49856,135,126,9,9
49857,106,99,7,7
49858,130,114,16,16
49859,79,85,-6,6
49860,81,79,2,2
49861,65,71,-6,6
49862,107,97,10,10
49863,97,91,6,6
49864,76,86,-10,10
49865,116,105,11,11
49866,59,62,-3,3
49867,54,67,-13,13
49868,98,98,0,0
49869,128,142,-14,14
49870,106,101,5,5
49871,78,80,-2,2
49872,131,129,2,2
49873,69,68,1,1
49874,153,154,-1,1
49875,71,76,-5,5
49876,67,73,-6,6
49877,107,100,7,7
49878,75,98,-23,23
49879,87,88,-1,1
49880,94,85,9,9
49881,90,100,-10,10
49882,74,77,-3,3
49883,135,130,5,5
49884,134,127,7,7
49885,151,136,15,15
49886,92,97,-5,5
49887,92,97,-5,5
49888,80,76,4,4
49889,91,93,-2,2
49890,89,93,-4,4
49891,86,80,6,6
49892,76,78,-2,2
49893,107,104,3,3
49894,140,116,24,24
49895,85,100,-15,15
49896,85,85,0,0
49897,69,63,6,6
49898,96,94,2,2
49899,62,60,2,2
49900,79,76,3,3
49901,138,115,23,23
49902,115,102,13,13
49903,106,99,7,7
49904,93,91,2,2
49905,122,116,6,6
49906,106,96,10,10
49907,90,90,0,0
49908,88,79,9,9
49909,72,73,-1,1
49910,84,93,-9,9
49911,138,130,8,8
49912,92,98,-6,6
49913,95,97,-2,2
49914,86,84,2,2
49915,73,69,4,4
49916,70,80,-10,10
49917,61,65,-4,4
49918,161,147,14,14
49919,89,83,6,6
49920,130,124,6,6
49921,99,73,26,26
49922,79,78,1,1
49923,47,62,-15,15
49924,75,86,-11,11
49925,69,72,-3,3
49926,78,83,-5,5
49927,45,49,-4,4
49928,67,79,-12,12
49929,99,104,-5,5
49930,92,105,-13,13
49931,116,111,5,5
49932,132,117,15,15
49933,88,95,-7,7
49934,94,97,-3,3
49935,112,121,-9,9
49936,40,57,-17,17
49937,58,62,-4,4
49938,88,78,10,10
49939,85,83,2,2
49940,86,63,23,23
49941,145,140,5,5
49942,105,99,6,6
49943,99,94,5,5
49944,62,64,-2,2
49945,95,97,-2,2
49946,90,82,8,8
49947,57,53,4,4
49948,104,98,6,6
49949,70,69,1,1
49950,103,94,9,9
49951,102,95,7,7
49952,56,60,-4,4
49953,67,70,-3,3
49954,65,69,-4,4
49955,65,73,-8,8
49956,100,124,-24,24
49957,77,89,-12,12
49958,140,125,15,15
49959,86,78,8,8
49960,123,122,1,1
49961,33,77,-44,44
49962,102,98,4,4
49963,116,109,7,7
49964,63,69,-6,6
49965,79,86,-7,7
49966,160,145,15,15
49967,60,63,-3,3
49968,65,64,1,1
49969,84,85,-1,1
49970,67,69,-2,2
49971,90,93,-3,3
49972,70,79,-9,9
49973,68,71,-3,3
49974,104,114,-10,10
49975,87,87,0,0
49976,124,110,14,14
49977,128,126,2,2
49978,166,161,5,5
49979,72,75,-3,3
49980,54,58,-4,4
49981,111,98,13,13
49982,93,89,4,4
49983,107,101,6,6
49984,137,131,6,6
49985,89,84,5,5
49986,68,64,4,4
49987,52,57,-5,5
49988,75,87,-12,12
49989,79,77,2,2
49990,48,59,-11,11
49991,75,73,2,2
49992,85,83,2,2
49993,78,84,-6,6
49994,101,99,2,2
49995,173,148,25,25
49996,90,83,7,7
49997,55,57,-2,2
49998,98,101,-3,3
49999,131,113,18,18
50000,149,129,20,20
50001,90,91,-1,1
50002,51,55,-4,4
50003,68,70,-2,2
50004,111,99,12,12
50005,77,83,-6,6
50006,150,141,9,9
50007,123,114,9,9
50008,42,51,-9,9
50009,111,105,6,6
50010,73,75,-2,2
50011,77,78,-1,1
50012,74,90,-16,16
50013,145,127,18,18
50014,77,70,7,7
50015,102,102,0,0
50016,79,81,-2,2
50017,65,68,-3,3
50018,64,67,-3,3
50019,54,51,3,3
50020,127,117,10,10
50021,126,129,-3,3
50022,83,83,0,0
50023,108,99,9,9
50024,103,101,2,2
50025,132,131,1,1
50026,141,125,16,16
50027,132,129,3,3
50028,71,75,-4,4
50029,111,108,3,3
50030,133,120,13,13
50031,102,101,1,1
50032,57,60,-3,3
50033,92,103,-11,11
50034,120,111,9,9
50035,85,79,6,6
50036,86,94,-8,8
50037,79,76,3,3
50038,69,75,-6,6
50039,63,57,6,6
50040,118,121,-3,3
50041,132,122,10,10
50042,72,77,-5,5
50043,98,110,-12,12
50044,110,107,3,3
50045,105,109,-4,4
50046,67,69,-2,2
50047,92,97,-5,5
50048,118,130,-12,12
50049,134,115,19,19
50050,70,69,1,1
50051,129,118,11,11
50052,67,67,0,0
50053,36,49,-13,13
50054,137,143,-6,6
50055,40,55,-15,15
50056,89,91,-2,2
50057,89,89,0,0
50058,83,84,-1,1
50059,70,88,-18,18
50060,125,123,2,2
50061,113,106,7,7
50062,64,65,-1,1
50063,101,94,7,7
50064,92,83,9,9
50065,118,112,6,6
50066,70,73,-3,3
50067,87,112,-25,25
50068,112,107,5,5
50069,195,184,11,11
50070,122,119,3,3
50071,59,63,-4,4
50072,155,140,15,15
50073,131,122,9,9
50074,143,119,24,24
50075,117,101,16,16
50076,120,114,6,6
50077,113,104,9,9
50078,102,98,4,4
50079,131,117,14,14
50080,105,99,6,6
50081,87,92,-5,5
50082,66,67,-1,1
50083,122,132,-10,10
50084,116,101,15,15
50085,104,97,7,7
50086,51,58,-7,7
50087,90,90,0,0
50088,87,87,0,0
50089,93,102,-9,9
50090,61,71,-10,10
50091,106,109,-3,3
50092,47,56,-9,9
50093,80,77,3,3
50094,74,71,3,3
50095,50,59,-9,9
50096,167,152,15,15
50097,56,56,0,0
50098,110,119,-9,9
50099,160,129,31,31
50100,105,106,-1,1
50101,63,64,-1,1
50102,97,97,0,0
50103,98,96,2,2
50104,108,106,2,2
50105,105,102,3,3
50106,119,104,15,15
50107,144,126,18,18
50108,65,65,0,0
50109,112,107,5,5
50110,113,103,10,10
50111,98,104,-6,6
50112,83,78,5,5
50113,170,154,16,16
50114,88,93,-5,5
50115,109,102,7,7
50116,92,90,2,2
50117,121,120,1,1
50118,58,54,4,4
50119,96,121,-25,25
50120,108,102,6,6
50121,150,141,9,9
50122,78,79,-1,1
50123,43,48,-5,5
50124,49,61,-12,12
50125,173,150,23,23
50126,100,96,4,4
50127,104,98,6,6
50128,76,89,-13,13
50129,108,106,2,2
50130,148,137,11,11
50131,74,75,-1,1
50132,72,67,5,5
50133,78,72,6,6
50134,108,111,-3,3
50135,92,94,-2,2
50136,94,97,-3,3
50137,104,105,-1,1
50138,102,109,-7,7
50139,70,70,0,0
50140,88,84,4,4
50141,104,105,-1,1
50142,115,96,19,19
50143,87,80,7,7
50144,110,109,1,1
50145,70,73,-3,3
50146,78,79,-1,1
50147,80,84,-4,4
50148,56,59,-3,3
50149,125,121,4,4
50150,79,78,1,1
50151,90,83,7,7
50152,134,132,2,2
50153,123,119,4,4
50154,116,100,16,16
50155,79,82,-3,3
50156,100,113,-13,13
50157,55,62,-7,7
50158,86,84,2,2
50159,125,131,-6,6
50160,68,71,-3,3
50161,73,78,-5,5
50162,103,97,6,6
50163,172,171,1,1
50164,18,28,-10,10
50165,80,86,-6,6
50166,64,64,0,0
50167,90,91,-1,1
50168,100,102,-2,2
50169,52,62,-10,10
50170,199,177,22,22
50171,90,95,-5,5
50172,80,99,-19,19
50173,138,140,-2,2
50174,64,71,-7,7
50175,101,97,4,4
50176,116,128,-12,12
50177,134,116,18,18
50178,113,111,2,2
50179,84,81,3,3
50180,55,72,-17,17
50181,194,177,17,17
50182,81,89,-8,8
50183,100,97,3,3
50184,97,100,-3,3
50185,64,66,-2,2
50186,55,60,-5,5
50187,68,74,-6,6
50188,103,101,2,2
50189,102,89,13,13
50190,68,64,4,4
50191,95,92,3,3
50192,74,77,-3,3
50193,77,62,15,15
50194,97,103,-6,6
50195,77,69,8,8
50196,124,114,10,10
50197,62,68,-6,6
50198,78,84,-6,6
50199,149,137,12,12
50200,53,66,-13,13
50201,80,85,-5,5
50202,82,91,-9,9
50203,69,71,-2,2
50204,80,91,-11,11
50205,45,49,-4,4
50206,66,70,-4,4
50207,46,57,-11,11
50208,82,88,-6,6
50209,45,51,-6,6
50210,105,101,4,4
50211,109,97,12,12
50212,89,90,-1,1
50213,69,72,-3,3
50214,132,106,26,26
50215,106,107,-1,1
50216,132,126,6,6
50217,141,137,4,4
50218,282,261,21,21
50219,151,160,-9,9
50220,93,89,4,4
50221,129,130,-1,1
50222,82,94,-12,12
50223,72,75,-3,3
50224,86,86,0,0
50225,42,44,-2,2
50226,85,78,7,7
50227,105,93,12,12
50228,110,104,6,6
50229,50,58,-8,8
50230,88,98,-10,10
50231,98,88,10,10
50232,85,79,6,6
50233,122,124,-2,2
50234,122,142,-20,20
50235,124,116,8,8
50236,77,78,-1,1
50237,117,114,3,3
50238,98,112,-14,14
50239,90,87,3,3
50240,129,119,10,10
50241,88,99,-11,11
50242,73,75,-2,2
50243,77,79,-2,2
50244,139,142,-3,3
50245,96,93,3,3
50246,102,96,6,6
50247,87,94,-7,7
50248,70,70,0,0
50249,159,148,11,11
50250,60,66,-6,6
50251,69,67,2,2
50252,113,112,1,1
50253,156,142,14,14
50254,118,108,10,10
50255,53,57,-4,4
50256,104,108,-4,4
50257,83,75,8,8
50258,67,63,4,4
50259,95,106,-11,11
50260,103,101,2,2
50261,132,140,-8,8
50262,115,105,10,10
50263,89,94,-5,5
50264,107,100,7,7
50265,99,103,-4,4
50266,97,97,0,0
50267,54,63,-9,9
50268,101,98,3,3
50269,97,90,7,7
50270,81,88,-7,7
50271,150,156,-6,6
50272,76,103,-27,27
50273,87,93,-6,6
50274,101,118,-17,17
50275,51,57,-6,6
50276,99,99,0,0
50277,76,73,3,3
50278,170,154,16,16
50279,129,108,21,21
50280,73,77,-4,4
50281,172,171,1,1
50282,142,134,8,8
50283,104,103,1,1
50284,125,119,6,6
50285,51,58,-7,7
50286,127,126,1,1
50287,150,136,14,14
50288,71,77,-6,6
50289,129,134,-5,5
50290,92,99,-7,7
50291,83,78,5,5
50292,82,85,-3,3
50293,143,151,-8,8
50294,105,101,4,4
50295,60,64,-4,4
50296,79,84,-5,5
50297,26,37,-11,11
50298,131,112,19,19
50299,90,85,5,5
50300,72,75,-3,3
50301,62,67,-5,5
50302,76,71,5,5
50303,138,133,5,5
50304,81,78,3,3
50305,108,101,7,7
50306,88,99,-11,11
50307,115,119,-4,4
50308,123,115,8,8
50309,89,98,-9,9
50310,123,122,1,1
50311,104,99,5,5
50312,67,66,1,1
50313,82,91,-9,9
50314,68,67,1,1
50315,72,68,4,4
50316,92,92,0,0
50317,60,63,-3,3
50318,76,92,-16,16
50319,91,94,-3,3
50320,95,87,8,8
50321,101,102,-1,1
50322,96,97,-1,1
50323,122,112,10,10
50324,139,132,7,7
50325,141,113,28,28
50326,89,84,5,5
50327,103,113,-10,10
50328,51,61,-10,10
50329,75,83,-8,8
50330,107,117,-10,10
50331,64,69,-5,5
50332,54,57,-3,3
50333,90,83,7,7
50334,75,84,-9,9
50335,136,124,12,12
50336,99,107,-8,8
50337,128,135,-7,7
50338,125,106,19,19
50339,131,115,16,16
50340,61,57,4,4
50341,60,62,-2,2
50342,70,82,-12,12
50343,136,136,0,0
50344,91,80,11,11
50345,74,73,1,1
50346,63,69,-6,6
50347,113,102,11,11
50348,78,68,10,10
50349,208,190,18,18
50350,153,146,7,7
50351,154,147,7,7
50352,92,92,0,0
50353,61,64,-3,3
50354,88,94,-6,6
50355,53,69,-16,16
50356,60,63,-3,3
50357,101,96,5,5
50358,108,106,2,2
50359,70,67,3,3
50360,73,71,2,2
50361,86,88,-2,2
50362,63,65,-2,2
50363,105,107,-2,2
50364,72,68,4,4
50365,145,130,15,15
50366,71,73,-2,2
50367,148,135,13,13
50368,68,73,-5,5
50369,158,141,17,17
50370,176,164,12,12
50371,98,82,16,16
50372,151,140,11,11
50373,72,91,-19,19
50374,48,54,-6,6
50375,77,76,1,1
50376,65,67,-2,2
50377,107,106,1,1
50378,93,88,5,5
50379,103,107,-4,4
50380,95,93,2,2
50381,45,56,-11,11
50382,148,140,8,8
50383,130,126,4,4
50384,123,114,9,9
50385,91,93,-2,2
50386,127,146,-19,19
50387,66,75,-9,9
50388,71,69,2,2
50389,133,123,10,10
50390,111,117,-6,6
50391,92,100,-8,8
50392,72,72,0,0
50393,70,70,0,0
50394,158,148,10,10
50395,56,59,-3,3
50396,63,67,-4,4
50397,73,73,0,0
50398,170,152,18,18
50399,118,121,-3,3
50400,83,90,-7,7
50401,59,68,-9,9
50402,95,83,12,12
50403,79,66,13,13
50404,79,74,5,5
50405,103,116,-13,13
50406,127,122,5,5
50407,93,98,-5,5
50408,82,83,-1,1
50409,48,54,-6,6
50410,90,94,-4,4
50411,76,69,7,7
50412,91,96,-5,5
50413,43,53,-10,10
50414,66,71,-5,5
50415,55,62,-7,7
50416,93,95,-2,2
50417,102,97,5,5
50418,56,61,-5,5
50419,91,91,0,0
50420,126,127,-1,1
50421,78,87,-9,9
50422,81,78,3,3
50423,103,101,2,2
50424,114,108,6,6
50425,103,102,1,1
50426,137,139,-2,2
50427,111,107,4,4
50428,71,71,0,0
50429,99,85,14,14
50430,118,112,6,6
50431,145,134,11,11
50432,83,80,3,3
50433,59,57,2,2
50434,79,83,-4,4
50435,60,62,-2,2
50436,59,59,0,0
50437,109,112,-3,3
50438,74,80,-6,6
50439,125,130,-5,5
50440,112,101,11,11
50441,74,76,-2,2
50442,149,140,9,9
50443,79,83,-4,4
50444,76,73,3,3
50445,124,114,10,10
50446,62,68,-6,6
50447,59,75,-16,16
50448,190,174,16,16
50449,62,79,-17,17
50450,105,114,-9,9
50451,97,84,13,13
50452,128,122,6,6
50453,113,112,1,1
50454,98,91,7,7
50455,37,48,-11,11
50456,136,127,9,9
50457,79,92,-13,13
50458,47,57,-10,10
50459,98,87,11,11
50460,101,104,-3,3
50461,87,86,1,1
50462,49,60,-11,11
50463,88,75,13,13
50464,92,88,4,4
50465,128,124,4,4
50466,111,104,7,7
50467,106,101,5,5
50468,57,64,-7,7
50469,95,101,-6,6
50470,60,60,0,0
50471,131,115,16,16
50472,88,80,8,8
50473,83,85,-2,2
50474,109,103,6,6
50475,114,114,0,0
50476,84,88,-4,4
50477,85,86,-1,1
50478,86,89,-3,3
50479,76,77,-1,1
50480,112,99,13,13
50481,106,112,-6,6
50482,56,60,-4,4
50483,120,122,-2,2
50484,53,62,-9,9
50485,32,55,-23,23
50486,184,175,9,9
50487,82,73,9,9
50488,66,68,-2,2
50489,67,77,-10,10
50490,123,123,0,0
50491,123,120,3,3
50492,146,126,20,20
50493,74,76,-2,2
50494,113,104,9,9
50495,102,108,-6,6
50496,143,127,16,16
50497,88,86,2,2
50498,136,126,10,10
50499,149,150,-1,1
50500,165,159,6,6
50501,59,64,-5,5
50502,87,84,3,3
50503,85,80,5,5
50504,54,64,-10,10
50505,48,55,-7,7
50506,73,70,3,3
50507,74,71,3,3
50508,125,130,-5,5
50509,71,67,4,4
50510,36,44,-8,8
50511,127,108,19,19
50512,71,69,2,2
50513,92,91,1,1
50514,55,58,-3,3
50515,62,59,3,3
50516,76,69,7,7
50517,64,64,0,0
50518,129,125,4,4
50519,147,137,10,10
50520,69,72,-3,3
50521,76,72,4,4
50522,86,90,-4,4
50523,66,59,7,7
50524,76,74,2,2
50525,74,79,-5,5
50526,54,60,-6,6
50527,109,112,-3,3
50528,141,129,12,12
50529,55,62,-7,7
50530,121,106,15,15
50531,79,85,-6,6
50532,80,76,4,4
50533,156,152,4,4
50534,44,47,-3,3
50535,114,104,10,10
50536,105,102,3,3
50537,73,75,-2,2
50538,84,84,0,0
50539,176,160,16,16
50540,62,62,0,0
50541,121,112,9,9
50542,114,116,-2,2
50543,87,93,-6,6
50544,77,85,-8,8
50545,64,64,0,0
50546,165,152,13,13
50547,139,146,-7,7
50548,121,117,4,4
50549,97,94,3,3
50550,193,163,30,30
50551,125,125,0,0
50552,76,97,-21,21
50553,54,54,0,0
50554,134,136,-2,2
50555,72,74,-2,2
50556,96,94,2,2
50557,37,43,-6,6
50558,125,113,12,12
50559,87,81,6,6
50560,33,49,-16,16
50561,71,72,-1,1
50562,53,59,-6,6
50563,59,64,-5,5
50564,110,102,8,8
50565,82,86,-4,4
50566,110,104,6,6
50567,64,62,2,2
50568,65,68,-3,3
50569,134,124,10,10
50570,58,63,-5,5
50571,90,97,-7,7
50572,79,84,-5,5
50573,66,80,-14,14
50574,88,99,-11,11
50575,89,115,-26,26
50576,124,123,1,1
50577,111,105,6,6
50578,144,128,16,16
50579,131,131,0,0
50580,133,127,6,6
50581,104,102,2,2
50582,63,67,-4,4
50583,72,66,6,6
50584,76,75,1,1
50585,59,58,1,1
50586,110,101,9,9
50587,69,70,-1,1
50588,112,111,1,1
50589,41,55,-14,14
50590,135,128,7,7
50591,101,122,-21,21
50592,86,84,2,2
50593,116,122,-6,6
50594,88,88,0,0
50595,74,88,-14,14
50596,41,52,-11,11
50597,91,100,-9,9
50598,164,148,16,16
50599,58,56,2,2
50600,203,173,30,30
50601,84,87,-3,3
50602,91,74,17,17
50603,98,101,-3,3
50604,123,127,-4,4
50605,63,58,5,5
50606,88,83,5,5
50607,92,99,-7,7
50608,117,114,3,3
50609,72,68,4,4
50610,69,70,-1,1
50611,77,75,2,2
50612,77,77,0,0
50613,73,70,3,3
50614,94,94,0,0
50615,118,112,6,6
50616,98,97,1,1
50617,82,84,-2,2
50618,137,121,16,16
50619,84,98,-14,14
50620,113,111,2,2
50621,145,127,18,18
50622,67,69,-2,2
50623,101,104,-3,3
50624,37,60,-23,23
50625,49,58,-9,9
50626,63,69,-6,6
50627,76,74,2,2
50628,216,181,35,35
50629,138,138,0,0
50630,96,99,-3,3
50631,76,88,-12,12
50632,66,68,-2,2
50633,55,55,0,0
50634,92,93,-1,1
50635,83,90,-7,7
50636,107,122,-15,15
50637,124,113,11,11
50638,78,75,3,3
50639,149,144,5,5
50640,154,147,7,7
50641,67,66,1,1
50642,82,80,2,2
50643,99,100,-1,1
50644,107,109,-2,2
50645,156,145,11,11
50646,174,189,-15,15
50647,103,99,4,4
50648,116,114,2,2
50649,44,44,0,0
50650,108,107,1,1
50651,94,100,-6,6
50652,63,69,-6,6
50653,95,93,2,2
50654,57,62,-5,5
50655,72,75,-3,3
50656,72,71,1,1
50657,101,98,3,3
50658,94,114,-20,20
50659,86,73,13,13
50660,157,144,13,13
50661,56,60,-4,4
50662,77,79,-2,2
50663,76,87,-11,11
50664,164,160,4,4
50665,68,76,-8,8
50666,65,73,-8,8
50667,124,121,3,3
50668,62,64,-2,2
50669,138,126,12,12
50670,146,138,8,8
50671,135,146,-11,11
50672,124,112,12,12
50673,105,100,5,5
50674,71,68,3,3
50675,84,84,0,0
50676,84,77,7,7
50677,70,70,0,0
50678,112,103,9,9
50679,127,126,1,1
50680,51,124,-73,73
50681,104,101,3,3
50682,96,103,-7,7
50683,97,85,12,12
50684,72,75,-3,3
50685,117,112,5,5
50686,115,126,-11,11
50687,76,81,-5,5
50688,98,100,-2,2
50689,70,76,-6,6
50690,97,100,-3,3
50691,131,140,-9,9
50692,50,56,-6,6
50693,68,69,-1,1
50694,64,64,0,0
50695,103,103,0,0
50696,48,52,-4,4
50697,106,102,4,4
50698,80,84,-4,4
50699,131,128,3,3
50700,59,64,-5,5
50701,196,183,13,13
50702,143,146,-3,3
50703,74,70,4,4
50704,69,74,-5,5
50705,70,74,-4,4
50706,114,104,10,10
50707,70,69,1,1
50708,42,51,-9,9
50709,112,120,-8,8
50710,79,75,4,4
50711,159,151,8,8
50712,121,108,13,13
50713,69,73,-4,4
50714,93,85,8,8
50715,90,90,0,0
50716,91,98,-7,7
50717,65,68,-3,3
50718,136,141,-5,5
50719,65,70,-5,5
50720,51,63,-12,12
50721,131,119,12,12
50722,81,87,-6,6
50723,60,119,-59,59
50724,99,94,5,5
50725,37,74,-37,37
50726,131,117,14,14
50727,164,136,28,28
50728,63,69,-6,6
50729,208,185,23,23
50730,40,54,-14,14
50731,94,103,-9,9
50732,114,113,1,1
50733,72,78,-6,6
50734,83,78,5,5
50735,65,70,-5,5
50736,124,129,-5,5
50737,45,53,-8,8
50738,78,75,3,3
50739,139,128,11,11
50740,63,69,-6,6
50741,88,95,-7,7
50742,81,81,0,0
50743,79,71,8,8
50744,106,102,4,4
50745,129,115,14,14
50746,107,111,-4,4
50747,67,76,-9,9
50748,119,115,4,4
50749,96,100,-4,4
50750,96,89,7,7
50751,64,69,-5,5
50752,110,103,7,7
50753,122,127,-5,5
50754,159,156,3,3
50755,84,88,-4,4
50756,78,76,2,2
50757,186,185,1,1
50758,77,76,1,1
50759,95,88,7,7
50760,78,77,1,1
50761,84,104,-20,20
50762,115,105,10,10
50763,104,105,-1,1
50764,84,76,8,8
50765,94,89,5,5
50766,103,95,8,8
50767,120,115,5,5
50768,80,87,-7,7
50769,63,59,4,4
50770,113,119,-6,6
50771,82,93,-11,11
50772,111,112,-1,1
50773,103,105,-2,2
50774,122,116,6,6
50775,81,82,-1,1
50776,141,136,5,5
50777,122,117,5,5
50778,136,129,7,7
50779,67,70,-3,3
50780,91,106,-15,15
50781,86,89,-3,3
50782,97,91,6,6
50783,42,64,-22,22
50784,63,69,-6,6
50785,118,115,3,3
50786,81,91,-10,10
50787,62,59,3,3
50788,55,64,-9,9
50789,89,96,-7,7
50790,71,72,-1,1
50791,57,64,-7,7
50792,83,90,-7,7
50793,153,136,17,17
50794,106,100,6,6
50795,122,109,13,13
50796,76,76,0,0
50797,90,96,-6,6
50798,70,84,-14,14
50799,33,41,-8,8
50800,83,80,3,3
50801,50,58,-8,8
50802,118,111,7,7
50803,115,108,7,7
50804,45,49,-4,4
50805,58,60,-2,2
50806,38,47,-9,9
50807,97,104,-7,7
50808,39,53,-14,14
50809,28,40,-12,12
50810,117,115,2,2
50811,115,109,6,6
50812,121,114,7,7
50813,105,111,-6,6
50814,88,85,3,3
50815,64,74,-10,10
50816,85,89,-4,4
50817,103,89,14,14
50818,76,76,0,0
50819,60,65,-5,5
50820,73,76,-3,3
50821,70,68,2,2
50822,54,58,-4,4
50823,83,94,-11,11
50824,77,76,1,1
50825,58,57,1,1
50826,105,95,10,10
50827,145,139,6,6
50828,119,103,16,16
50829,100,99,1,1
50830,84,87,-3,3
50831,88,78,10,10
50832,90,87,3,3
50833,65,76,-11,11
50834,131,124,7,7
50835,76,92,-16,16
50836,166,166,0,0
50837,52,55,-3,3
50838,156,154,2,2
50839,139,147,-8,8
50840,80,77,3,3
50841,73,77,-4,4
50842,94,93,1,1
50843,83,85,-2,2
50844,108,100,8,8
50845,71,72,-1,1
50846,98,106,-8,8
50847,94,94,0,0
50848,99,97,2,2
50849,29,43,-14,14
50850,85,79,6,6
50851,92,94,-2,2
50852,96,97,-1,1
50853,107,100,7,7
50854,31,56,-25,25
50855,80,68,12,12
50856,86,84,2,2
50857,147,132,15,15
50858,113,116,-3,3
50859,58,61,-3,3
50860,69,75,-6,6
50861,81,88,-7,7
50862,105,104,1,1
50863,146,129,17,17
50864,126,119,7,7
50865,72,74,-2,2
50866,110,103,7,7
50867,140,137,3,3
50868,93,88,5,5
50869,88,88,0,0
50870,84,99,-15,15
50871,57,61,-4,4
50872,78,75,3,3
50873,76,72,4,4
50874,143,126,17,17
50875,108,138,-30,30
50876,45,61,-16,16
50877,87,94,-7,7
50878,77,75,2,2
50879,96,112,-16,16
50880,84,83,1,1
50881,60,64,-4,4
50882,74,85,-11,11
50883,83,82,1,1
50884,69,68,1,1
50885,58,56,2,2
50886,73,72,1,1
50887,81,87,-6,6
50888,106,106,0,0
50889,140,142,-2,2
50890,75,76,-1,1
50891,102,103,-1,1
50892,137,118,19,19
50893,63,95,-32,32
50894,80,75,5,5
50895,65,71,-6,6
50896,151,138,13,13
50897,138,136,2,2
50898,104,96,8,8
50899,142,133,9,9
50900,77,90,-13,13
50901,102,103,-1,1
50902,83,84,-1,1
50903,74,85,-11,11
50904,113,111,2,2
50905,115,110,5,5
50906,86,98,-12,12
50907,66,64,2,2
50908,123,113,10,10
50909,173,158,15,15
50910,138,140,-2,2
50911,121,117,4,4
50912,187,176,11,11
50913,103,94,9,9
50914,93,148,-55,55
50915,134,126,8,8
50916,84,78,6,6
50917,140,130,10,10
50918,139,124,15,15
50919,112,120,-8,8
50920,81,83,-2,2
50921,48,51,-3,3
50922,111,107,4,4
50923,133,122,11,11
50924,158,143,15,15
50925,47,55,-8,8
50926,115,120,-5,5
50927,59,69,-10,10
50928,136,128,8,8
50929,86,94,-8,8
50930,89,97,-8,8
50931,104,106,-2,2
50932,88,92,-4,4
50933,68,71,-3,3
50934,105,97,8,8
50935,122,113,9,9
50936,93,87,6,6
50937,172,158,14,14
50938,77,84,-7,7
50939,141,131,10,10
50940,106,107,-1,1
50941,102,110,-8,8
50942,136,124,12,12
50943,83,78,5,5
50944,60,66,-6,6
50945,90,101,-11,11
50946,69,72,-3,3
50947,96,93,3,3
50948,101,99,2,2
50949,90,79,11,11
50950,95,100,-5,5
50951,80,91,-11,11
50952,91,95,-4,4
50953,125,120,5,5
50954,85,81,4,4
50955,129,126,3,3
50956,117,119,-2,2
50957,77,78,-1,1
50958,82,90,-8,8
50959,135,129,6,6
50960,120,113,7,7
50961,89,76,13,13
50962,161,153,8,8
50963,70,74,-4,4
50964,60,68,-8,8
50965,172,157,15,15
50966,136,124,12,12
50967,86,79,7,7
50968,106,111,-5,5
50969,107,112,-5,5
50970,98,99,-1,1
50971,120,144,-24,24
50972,158,151,7,7
50973,61,63,-2,2
50974,101,97,4,4
50975,94,95,-1,1
50976,60,69,-9,9
50977,68,71,-3,3
50978,99,79,20,20
50979,56,56,0,0
50980,110,99,11,11
50981,102,101,1,1
50982,83,84,-1,1
50983,92,93,-1,1
50984,77,73,4,4
50985,125,134,-9,9
50986,79,74,5,5
50987,67,65,2,2
50988,113,108,5,5
50989,122,123,-1,1
50990,131,122,9,9
50991,104,99,5,5
50992,89,105,-16,16
50993,92,94,-2,2
50994,217,151,66,66
50995,45,51,-6,6
50996,69,82,-13,13
50997,112,114,-2,2
50998,146,118,28,28
50999,95,97,-2,2
51000,91,97,-6,6
51001,70,76,-6,6
51002,75,85,-10,10
51003,95,97,-2,2
51004,112,98,14,14
51005,58,62,-4,4
51006,54,56,-2,2
51007,94,97,-3,3
51008,108,101,7,7
51009,89,91,-2,2
51010,90,91,-1,1
51011,129,123,6,6
51012,105,96,9,9
51013,94,92,2,2
51014,132,144,-12,12
51015,95,98,-3,3
51016,68,62,6,6
51017,97,91,6,6
51018,128,114,14,14
51019,116,117,-1,1
51020,93,95,-2,2
51021,89,81,8,8
51022,176,174,2,2
51023,172,169,3,3
51024,54,56,-2,2
51025,60,68,-8,8
51026,39,56,-17,17
51027,96,86,10,10
51028,60,74,-14,14
51029,52,55,-3,3
51030,105,103,2,2
51031,137,136,1,1
51032,151,136,15,15
51033,108,119,-11,11
51034,100,98,2,2
51035,68,71,-3,3
51036,99,102,-3,3
51037,100,98,2,2
51038,112,104,8,8
51039,78,73,5,5
51040,110,111,-1,1
51041,70,67,3,3
51042,122,115,7,7
51043,72,77,-5,5
51044,191,173,18,18
51045,106,107,-1,1
51046,102,102,0,0
51047,130,115,15,15
51048,83,84,-1,1
51049,70,74,-4,4
51050,93,99,-6,6
51051,98,92,6,6
51052,72,71,1,1
51053,121,109,12,12
51054,157,144,13,13
51055,72,78,-6,6
51056,88,87,1,1
51057,109,107,2,2
51058,129,116,13,13
51059,185,165,20,20
51060,82,92,-10,10
51061,45,45,0,0
51062,47,57,-10,10
51063,75,85,-10,10
51064,107,97,10,10
51065,73,77,-4,4
51066,90,90,0,0
51067,69,72,-3,3
51068,100,107,-7,7
51069,87,78,9,9
51070,56,59,-3,3
51071,83,78,5,5
51072,140,138,2,2
51073,64,61,3,3
51074,97,95,2,2
51075,86,87,-1,1
51076,129,112,17,17
51077,119,108,11,11
51078,85,87,-2,2
51079,109,100,9,9
51080,92,92,0,0
51081,152,134,18,18
51082,74,78,-4,4
51083,147,179,-32,32
51084,117,114,3,3
51085,85,97,-12,12
51086,115,124,-9,9
51087,96,93,3,3
51088,109,107,2,2
51089,70,72,-2,2
51090,107,101,6,6
51091,71,79,-8,8
51092,80,83,-3,3
51093,117,111,6,6
51094,149,147,2,2
51095,74,73,1,1
51096,100,96,4,4
51097,131,136,-5,5
51098,100,100,0,0
51099,72,70,2,2
51100,92,108,-16,16
51101,68,66,2,2
51102,71,77,-6,6
51103,60,58,2,2
51104,74,75,-1,1
51105,114,111,3,3
51106,44,49,-5,5
51107,104,112,-8,8
51108,143,138,5,5
51109,159,140,19,19
51110,76,76,0,0
51111,93,92,1,1
51112,91,92,-1,1
51113,91,96,-5,5
51114,188,166,22,22
51115,85,88,-3,3
51116,58,56,2,2
51117,115,111,4,4
51118,51,59,-8,8
51119,49,52,-3,3
51120,108,112,-4,4
51121,92,95,-3,3
51122,102,106,-4,4
51123,113,108,5,5
51124,100,99,1,1
51125,80,75,5,5
51126,109,113,-4,4
51127,72,74,-2,2
51128,91,98,-7,7
51129,93,94,-1,1
51130,44,52,-8,8
51131,104,109,-5,5
51132,50,64,-14,14
51133,76,77,-1,1
51134,53,55,-2,2
51135,119,114,5,5
51136,105,96,9,9
51137,110,122,-12,12
51138,148,149,-1,1
51139,105,97,8,8
51140,139,128,11,11
51141,97,88,9,9
51142,113,101,12,12
51143,85,84,1,1
51144,113,103,10,10
51145,60,63,-3,3
51146,66,63,3,3
51147,115,109,6,6
51148,30,56,-26,26
51149,76,72,4,4
51150,73,79,-6,6
51151,72,83,-11,11
51152,141,133,8,8
51153,58,67,-9,9
51154,101,101,0,0
51155,80,73,7,7
51156,76,75,1,1
51157,118,121,-3,3
51158,97,99,-2,2
51159,96,108,-12,12
51160,40,49,-9,9
51161,157,144,13,13
51162,125,117,8,8
51163,99,95,4,4
51164,66,68,-2,2
51165,117,114,3,3
51166,94,99,-5,5
51167,54,64,-10,10
51168,62,63,-1,1
51169,74,73,1,1
51170,166,152,14,14
51171,142,141,1,1
51172,81,94,-13,13
51173,110,117,-7,7
51174,114,104,10,10
51175,96,96,0,0
51176,54,59,-5,5
51177,97,96,1,1
51178,86,99,-13,13
51179,67,75,-8,8
51180,65,67,-2,2
51181,89,96,-7,7
51182,86,92,-6,6
51183,71,75,-4,4
51184,146,141,5,5
51185,81,72,9,9
51186,108,103,5,5
51187,116,113,3,3
51188,90,97,-7,7
51189,108,98,10,10
51190,127,118,9,9
51191,60,63,-3,3
51192,66,62,4,4
51193,180,162,18,18
51194,52,57,-5,5
51195,93,93,0,0
51196,127,126,1,1
51197,96,89,7,7
51198,110,95,15,15
51199,102,111,-9,9
51200,110,106,4,4
51201,72,68,4,4
51202,161,150,11,11
51203,89,81,8,8
51204,78,77,1,1
51205,77,86,-9,9
51206,80,77,3,3
51207,78,78,0,0
51208,135,118,17,17
51209,88,82,6,6
51210,102,86,16,16
51211,73,75,-2,2
51212,101,100,1,1
51213,84,80,4,4
51214,87,85,2,2
51215,79,86,-7,7
51216,84,88,-4,4
51217,140,135,5,5
51218,106,110,-4,4
51219,75,67,8,8
51220,94,95,-1,1
51221,79,88,-9,9
51222,93,92,1,1
51223,155,147,8,8
51224,97,100,-3,3
51225,109,122,-13,13
51226,115,107,8,8
51227,126,114,12,12
51228,90,94,-4,4
51229,72,75,-3,3
51230,63,62,1,1
51231,105,102,3,3
51232,68,72,-4,4
51233,143,132,11,11
51234,116,116,0,0
51235,121,126,-5,5
51236,130,109,21,21
51237,75,74,1,1
51238,70,77,-7,7
51239,109,97,12,12
51240,98,96,2,2
51241,106,92,14,14
51242,76,79,-3,3
51243,60,57,3,3
51244,68,74,-6,6
51245,165,144,21,21
51246,90,106,-16,16
51247,178,160,18,18
51248,79,83,-4,4
51249,72,67,5,5
51250,87,83,4,4
51251,82,80,2,2
51252,57,62,-5,5
51253,110,112,-2,2
51254,111,110,1,1
51255,70,83,-13,13
51256,112,113,-1,1
51257,52,55,-3,3
51258,94,90,4,4
51259,97,98,-1,1
51260,66,68,-2,2
51261,67,72,-5,5
51262,66,72,-6,6
51263,107,106,1,1
51264,156,184,-28,28
51265,40,89,-49,49
51266,60,66,-6,6
51267,109,129,-20,20
51268,62,64,-2,2
51269,126,113,13,13
51270,96,100,-4,4
51271,106,96,10,10
51272,109,96,13,13
51273,77,78,-1,1
51274,70,70,0,0
51275,75,96,-21,21
51276,194,177,17,17
51277,24,35,-11,11
51278,94,97,-3,3
51279,102,94,8,8
51280,126,117,9,9
51281,150,128,22,22
51282,126,121,5,5
51283,82,90,-8,8
51284,92,105,-13,13
51285,87,82,5,5
51286,122,128,-6,6
51287,129,131,-2,2
51288,93,92,1,1
51289,62,70,-8,8
51290,148,147,1,1
51291,73,74,-1,1
51292,114,102,12,12
51293,82,81,1,1
51294,99,103,-4,4
51295,181,160,21,21
51296,158,141,17,17
51297,100,101,-1,1
51298,143,135,8,8
51299,118,117,1,1
51300,85,86,-1,1
51301,127,130,-3,3
51302,83,92,-9,9
51303,95,94,1,1
51304,63,59,4,4
51305,76,74,2,2
51306,111,118,-7,7
51307,69,74,-5,5
51308,100,92,8,8
51309,47,53,-6,6
51310,83,91,-8,8
51311,85,89,-4,4
51312,74,76,-2,2
51313,53,69,-16,16
51314,75,78,-3,3
51315,71,85,-14,14
51316,108,102,6,6
51317,71,76,-5,5
51318,121,119,2,2
51319,100,109,-9,9
51320,113,113,0,0
51321,86,79,7,7
51322,86,76,10,10
51323,115,110,5,5
51324,38,44,-6,6
51325,140,132,8,8
51326,119,120,-1,1
51327,104,102,2,2
51328,135,117,18,18
51329,147,129,18,18
51330,116,112,4,4
51331,137,130,7,7
51332,86,89,-3,3
51333,96,95,1,1
51334,76,69,7,7
51335,64,64,0,0
51336,57,59,-2,2
51337,90,103,-13,13
51338,56,76,-20,20
51339,84,96,-12,12
51340,109,100,9,9
51341,124,119,5,5
51342,138,122,16,16
51343,73,73,0,0
51344,98,96,2,2
51345,93,84,9,9
51346,51,50,1,1
51347,54,57,-3,3
51348,62,64,-2,2
51349,126,124,2,2
51350,85,83,2,2
51351,86,77,9,9
51352,67,66,1,1
51353,80,83,-3,3
51354,55,61,-6,6
51355,115,107,8,8
51356,71,72,-1,1
51357,86,83,3,3
51358,120,113,7,7
51359,94,89,5,5
51360,71,74,-3,3
51361,106,117,-11,11
51362,101,97,4,4
51363,41,51,-10,10
51364,77,72,5,5
51365,130,116,14,14
51366,154,140,14,14
51367,102,93,9,9
51368,56,61,-5,5
51369,108,102,6,6
51370,74,78,-4,4
51371,33,103,-70,70
51372,109,105,4,4
51373,113,108,5,5
51374,115,112,3,3
51375,73,77,-4,4
51376,60,69,-9,9
51377,115,108,7,7
51378,85,92,-7,7
51379,121,109,12,12
51380,128,122,6,6
51381,76,88,-12,12
51382,158,152,6,6
51383,109,108,1,1
51384,47,55,-8,8
51385,76,71,5,5
51386,75,69,6,6
51387,92,84,8,8
51388,92,95,-3,3
51389,110,97,13,13
51390,101,99,2,2
51391,95,91,4,4
51392,107,104,3,3
51393,96,98,-2,2
51394,127,125,2,2
51395,104,102,2,2
51396,84,78,6,6
51397,44,49,-5,5
51398,112,120,-8,8
51399,94,102,-8,8
51400,65,67,-2,2
51401,67,73,-6,6
51402,106,104,2,2
51403,85,77,8,8
51404,75,85,-10,10
51405,72,69,3,3
51406,99,77,22,22
51407,63,67,-4,4
51408,157,148,9,9
51409,70,70,0,0
51410,79,74,5,5
51411,99,95,4,4
51412,100,102,-2,2
51413,152,137,15,15
51414,111,124,-13,13
51415,73,76,-3,3
51416,117,111,6,6
51417,74,73,1,1
51418,84,95,-11,11
51419,117,113,4,4
51420,70,73,-3,3
51421,72,79,-7,7
51422,62,66,-4,4
51423,90,98,-8,8
51424,123,107,16,16
51425,81,85,-4,4
51426,62,63,-1,1
51427,74,71,3,3
51428,189,163,26,26
51429,97,101,-4,4
51430,131,125,6,6
51431,66,74,-8,8
51432,131,120,11,11
51433,101,93,8,8
51434,205,197,8,8
51435,92,97,-5,5
51436,74,87,-13,13
51437,108,100,8,8
51438,78,73,5,5
51439,69,74,-5,5
51440,92,86,6,6
51441,76,78,-2,2
51442,83,79,4,4
51443,104,104,0,0
51444,85,79,6,6
51445,74,68,6,6
51446,134,135,-1,1
51447,119,113,6,6
51448,92,85,7,7
51449,88,86,2,2
51450,126,128,-2,2
51451,100,99,1,1
51452,45,56,-11,11
51453,131,119,12,12
51454,55,60,-5,5
51455,180,166,14,14
51456,133,113,20,20
51457,94,67,27,27
51458,62,84,-22,22
51459,119,111,8,8
51460,183,174,9,9
51461,88,84,4,4
51462,115,93,22,22
51463,100,90,10,10
51464,64,72,-8,8
51465,83,105,-22,22
51466,138,134,4,4
51467,62,72,-10,10
51468,193,166,27,27
51469,90,82,8,8
51470,77,87,-10,10
51471,111,106,5,5
51472,99,86,13,13
51473,118,120,-2,2
51474,131,123,8,8
51475,71,65,6,6
51476,78,80,-2,2
51477,94,87,7,7
51478,92,95,-3,3
51479,97,99,-2,2
51480,89,87,2,2
51481,131,120,11,11
51482,119,100,19,19
51483,59,68,-9,9
51484,80,79,1,1
51485,116,105,11,11
51486,93,89,4,4
51487,72,78,-6,6
51488,185,160,25,25
51489,85,90,-5,5
51490,108,116,-8,8
51491,84,87,-3,3
51492,100,102,-2,2
51493,109,83,26,26
51494,43,50,-7,7
51495,77,79,-2,2
51496,87,78,9,9
51497,121,112,9,9
51498,109,112,-3,3
51499,83,91,-8,8
51500,108,97,11,11
51501,166,137,29,29
51502,68,68,0,0
51503,112,126,-14,14
51504,103,103,0,0
51505,106,109,-3,3
51506,33,41,-8,8
51507,56,55,1,1
51508,72,71,1,1
51509,136,130,6,6
51510,79,78,1,1
51511,143,121,22,22
51512,103,98,5,5
51513,75,76,-1,1
51514,73,73,0,0
51515,68,71,-3,3
51516,68,80,-12,12
51517,102,91,11,11
51518,83,82,1,1
51519,70,83,-13,13
51520,88,85,3,3
51521,124,118,6,6
51522,111,110,1,1
51523,103,107,-4,4
51524,104,103,1,1
51525,122,115,7,7
51526,119,115,4,4
51527,71,103,-32,32
51528,196,188,8,8
51529,70,70,0,0
51530,70,81,-11,11
51531,88,86,2,2
51532,122,113,9,9
51533,102,96,6,6
51534,119,112,7,7
51535,138,130,8,8
51536,165,150,15,15
51537,94,98,-4,4
51538,52,58,-6,6
51539,86,84,2,2
51540,63,69,-6,6
51541,92,84,8,8
51542,65,64,1,1
51543,47,51,-4,4
51544,62,63,-1,1
51545,79,91,-12,12
51546,166,130,36,36
51547,96,92,4,4
51548,120,129,-9,9
51549,117,113,4,4
51550,99,94,5,5
51551,124,130,-6,6
51552,138,126,12,12
51553,60,67,-7,7
51554,90,92,-2,2
51555,76,84,-8,8
51556,113,125,-12,12
51557,129,124,5,5
51558,80,78,2,2
51559,99,98,1,1
51560,87,89,-2,2
51561,74,77,-3,3
51562,70,73,-3,3
51563,50,57,-7,7
51564,83,84,-1,1
51565,150,135,15,15
51566,104,99,5,5
51567,107,105,2,2
51568,101,94,7,7
51569,153,145,8,8
51570,81,81,0,0
51571,58,74,-16,16
51572,104,100,4,4
51573,64,66,-2,2
51574,58,60,-2,2
51575,137,135,2,2
51576,132,110,22,22
51577,110,107,3,3
51578,120,118,2,2
51579,92,96,-4,4
51580,83,112,-29,29
51581,41,54,-13,13
51582,194,177,17,17
51583,79,75,4,4
51584,65,66,-1,1
51585,126,127,-1,1
51586,125,127,-2,2
51587,148,137,11,11
51588,63,64,-1,1
51589,82,87,-5,5
51590,127,119,8,8
51591,141,126,15,15
51592,98,104,-6,6
51593,140,141,-1,1
51594,92,89,3,3
51595,78,87,-9,9
51596,72,74,-2,2
51597,133,119,14,14
51598,82,89,-7,7
51599,53,62,-9,9
51600,68,69,-1,1
51601,135,132,3,3
51602,76,94,-18,18
51603,84,77,7,7
51604,109,105,4,4
51605,115,114,1,1
51606,32,38,-6,6
51607,202,175,27,27
51608,64,64,0,0
51609,69,68,1,1
51610,61,64,-3,3
51611,81,77,4,4
51612,81,89,-8,8
51613,103,98,5,5
51614,73,70,3,3
51615,103,116,-13,13
51616,153,150,3,3
51617,78,82,-4,4
51618,100,97,3,3
51619,136,142,-6,6
51620,58,61,-3,3
51621,75,80,-5,5
51622,130,114,16,16
51623,127,113,14,14
51624,51,59,-8,8
51625,87,77,10,10
51626,99,100,-1,1
51627,121,112,9,9
51628,83,87,-4,4
51629,65,65,0,0
51630,86,89,-3,3
51631,129,124,5,5
51632,77,87,-10,10
51633,63,73,-10,10
51634,70,70,0,0
51635,75,78,-3,3
51636,75,78,-3,3
51637,132,132,0,0
51638,157,149,8,8
51639,130,132,-2,2
51640,80,85,-5,5
51641,97,98,-1,1
51642,68,67,1,1
51643,98,100,-2,2
51644,81,86,-5,5
51645,51,56,-5,5
51646,84,83,1,1
51647,79,77,2,2
51648,151,142,9,9
51649,82,85,-3,3
51650,127,122,5,5
51651,63,71,-8,8
51652,97,94,3,3
51653,121,114,7,7
51654,157,144,13,13
51655,101,97,4,4
51656,160,155,5,5
51657,92,93,-1,1
51658,107,112,-5,5
51659,108,98,10,10
51660,119,102,17,17
51661,61,69,-8,8
51662,112,106,6,6
51663,71,70,1,1
51664,99,101,-2,2
51665,68,76,-8,8
51666,116,118,-2,2
51667,64,72,-8,8
51668,124,126,-2,2
51669,139,130,9,9
51670,80,77,3,3
51671,157,143,14,14
51672,101,96,5,5
51673,114,107,7,7
51674,126,125,1,1
51675,148,142,6,6
51676,77,83,-6,6
51677,187,170,17,17
51678,139,137,2,2
51679,164,150,14,14
51680,98,99,-1,1
51681,86,91,-5,5
51682,61,63,-2,2
51683,143,145,-2,2
51684,57,59,-2,2
51685,52,53,-1,1
51686,92,102,-10,10
51687,108,101,7,7
51688,156,131,25,25
51689,159,142,17,17
51690,157,141,16,16
51691,102,98,4,4
51692,138,124,14,14
51693,78,79,-1,1
51694,83,74,9,9
51695,108,97,11,11
51696,60,58,2,2
51697,142,114,28,28
51698,55,58,-3,3
51699,65,66,-1,1
51700,125,119,6,6
51701,90,93,-3,3
51702,74,76,-2,2
51703,156,146,10,10
51704,76,77,-1,1
51705,94,98,-4,4
51706,84,85,-1,1
51707,84,77,7,7
51708,68,75,-7,7
51709,144,137,7,7
51710,74,71,3,3
51711,104,105,-1,1
51712,98,75,23,23
51713,92,92,0,0
51714,106,105,1,1
51715,94,93,1,1
51716,91,96,-5,5
51717,61,51,10,10
51718,77,77,0,0
51719,71,73,-2,2
51720,98,97,1,1
51721,73,79,-6,6
51722,103,106,-3,3
51723,124,116,8,8
51724,135,120,15,15
51725,118,122,-4,4
51726,96,101,-5,5
51727,54,62,-8,8
51728,112,98,14,14
51729,72,76,-4,4
51730,70,74,-4,4
51731,85,79,6,6
51732,51,52,-1,1
51733,106,115,-9,9
51734,113,105,8,8
51735,76,68,8,8
51736,63,72,-9,9
51737,140,122,18,18
51738,103,98,5,5
51739,163,158,5,5
51740,126,123,3,3
51741,92,112,-20,20
51742,40,47,-7,7
51743,33,44,-11,11
51744,99,99,0,0
51745,113,101,12,12
51746,59,60,-1,1
51747,88,103,-15,15
51748,58,63,-5,5
51749,98,96,2,2
51750,135,114,21,21
51751,92,93,-1,1
51752,101,101,0,0
51753,116,108,8,8
51754,171,164,7,7
51755,98,86,12,12
51756,99,94,5,5
51757,77,73,4,4
51758,99,93,6,6
51759,61,61,0,0
51760,124,102,22,22
51761,36,41,-5,5
51762,124,112,12,12
51763,89,88,1,1
51764,144,144,0,0
51765,113,108,5,5
51766,157,145,12,12
51767,95,92,3,3
51768,101,104,-3,3
51769,76,80,-4,4
51770,65,74,-9,9
51771,222,176,46,46
51772,123,112,11,11
51773,71,92,-21,21
51774,102,93,9,9
51775,96,96,0,0
51776,105,99,6,6
51777,81,86,-5,5
51778,122,135,-13,13
51779,64,70,-6,6
51780,43,55,-12,12
51781,114,101,13,13
51782,62,67,-5,5
51783,104,113,-9,9
51784,175,177,-2,2
51785,98,105,-7,7
51786,87,80,7,7
51787,144,137,7,7
51788,76,87,-11,11
51789,125,121,4,4
51790,70,71,-1,1
51791,86,97,-11,11
51792,140,118,22,22
51793,44,55,-11,11
51794,101,95,6,6
51795,68,69,-1,1
51796,155,149,6,6
51797,125,121,4,4
51798,49,55,-6,6
51799,140,140,0,0
51800,105,99,6,6
51801,192,190,2,2
51802,89,79,10,10
51803,140,131,9,9
51804,140,132,8,8
51805,112,115,-3,3
51806,136,119,17,17
51807,76,85,-9,9
51808,64,75,-11,11
51809,64,76,-12,12
51810,83,87,-4,4
51811,72,68,4,4
51812,145,139,6,6
51813,113,102,11,11
51814,114,104,10,10
51815,154,139,15,15
51816,67,68,-1,1
51817,197,173,24,24
51818,61,66,-5,5
51819,99,99,0,0
51820,91,93,-2,2
51821,181,148,33,33
51822,45,49,-4,4
51823,55,62,-7,7
51824,183,197,-14,14
51825,106,108,-2,2
51826,57,61,-4,4
51827,133,123,10,10
51828,36,45,-9,9
51829,98,102,-4,4
51830,54,54,0,0
51831,140,134,6,6
51832,114,112,2,2
51833,99,92,7,7
51834,69,73,-4,4
51835,144,139,5,5
51836,112,121,-9,9
51837,101,97,4,4
51838,88,79,9,9
51839,88,89,-1,1
51840,94,83,11,11
51841,67,65,2,2
51842,46,57,-11,11
51843,72,68,4,4
51844,80,75,5,5
51845,75,73,2,2
51846,94,81,13,13
51847,117,119,-2,2
51848,67,69,-2,2
51849,71,75,-4,4
51850,67,85,-18,18
51851,68,64,4,4
51852,91,90,1,1
51853,71,75,-4,4
51854,114,113,1,1
51855,93,101,-8,8
51856,73,79,-6,6
51857,164,148,16,16
51858,132,114,18,18
51859,66,61,5,5
51860,153,126,27,27
51861,108,113,-5,5
51862,110,105,5,5
51863,156,130,26,26
51864,162,149,13,13
51865,150,145,5,5
51866,125,120,5,5
51867,61,62,-1,1
51868,95,96,-1,1
51869,152,133,19,19
51870,125,127,-2,2
51871,119,104,15,15
51872,166,175,-9,9
51873,120,103,17,17
51874,58,63,-5,5
51875,45,47,-2,2
51876,117,125,-8,8
51877,65,65,0,0
51878,105,109,-4,4
51879,70,71,-1,1
51880,78,76,2,2
51881,91,85,6,6
51882,78,71,7,7
51883,116,130,-14,14
51884,132,113,19,19
51885,143,132,11,11
51886,117,121,-4,4
51887,147,149,-2,2
51888,63,71,-8,8
51889,80,95,-15,15
51890,98,97,1,1
51891,51,61,-10,10
51892,51,56,-5,5
51893,73,70,3,3
51894,95,86,9,9
51895,100,98,2,2
51896,74,85,-11,11
51897,110,101,9,9
51898,78,79,-1,1
51899,54,63,-9,9
51900,115,113,2,2
51901,139,128,11,11
51902,73,78,-5,5
51903,67,69,-2,2
51904,76,78,-2,2
51905,108,102,6,6
51906,104,100,4,4
51907,130,125,5,5
51908,116,115,1,1
51909,57,61,-4,4
51910,102,103,-1,1
51911,108,99,9,9
51912,95,87,8,8
51913,40,48,-8,8
51914,76,85,-9,9
51915,71,70,1,1
51916,137,132,5,5
51917,118,105,13,13
51918,129,121,8,8
51919,67,74,-7,7
51920,72,75,-3,3
51921,111,114,-3,3
51922,95,96,-1,1
51923,130,137,-7,7
51924,116,118,-2,2
51925,68,70,-2,2
51926,103,98,5,5
51927,95,96,-1,1
51928,117,114,3,3
51929,62,56,6,6
51930,75,82,-7,7
51931,56,69,-13,13
51932,120,104,16,16
51933,113,112,1,1
51934,85,84,1,1
51935,71,93,-22,22
51936,130,131,-1,1
51937,87,92,-5,5
51938,156,143,13,13
51939,89,89,0,0
51940,61,60,1,1
51941,115,113,2,2
51942,144,129,15,15
51943,73,79,-6,6
51944,94,98,-4,4
51945,102,99,3,3
51946,125,125,0,0
51947,71,68,3,3
51948,140,129,11,11
51949,143,132,11,11
51950,77,79,-2,2
51951,86,77,9,9
51952,70,69,1,1
51953,101,92,9,9
51954,82,83,-1,1
51955,93,88,5,5
51956,55,64,-9,9
51957,138,141,-3,3
51958,88,87,1,1
51959,81,87,-6,6
51960,176,152,24,24
51961,90,93,-3,3
51962,52,59,-7,7
51963,97,97,0,0
51964,45,56,-11,11
51965,114,117,-3,3
51966,155,144,11,11
51967,151,165,-14,14
51968,60,66,-6,6
51969,82,76,6,6
51970,96,96,0,0
51971,126,113,13,13
51972,90,89,1,1
51973,83,72,11,11
51974,72,77,-5,5
51975,139,128,11,11
51976,137,128,9,9
51977,119,115,4,4
51978,115,95,20,20
51979,76,74,2,2
51980,80,97,-17,17
51981,101,95,6,6
51982,92,90,2,2
51983,65,66,-1,1
51984,89,94,-5,5
51985,72,72,0,0
51986,45,47,-2,2
51987,69,68,1,1
51988,81,78,3,3
51989,95,95,0,0
51990,76,76,0,0
51991,49,51,-2,2
51992,97,101,-4,4
51993,90,77,13,13
51994,130,126,4,4
51995,74,79,-5,5
51996,46,59,-13,13
51997,74,81,-7,7
51998,108,100,8,8
51999,115,118,-3,3
52000,37,49,-12,12
52001,79,75,4,4
52002,75,78,-3,3
52003,174,152,22,22
52004,107,104,3,3
52005,53,54,-1,1
52006,83,88,-5,5
52007,60,63,-3,3
52008,98,101,-3,3
52009,57,60,-3,3
52010,54,58,-4,4
52011,83,78,5,5
52012,182,201,-19,19
52013,107,112,-5,5
52014,89,98,-9,9
52015,105,105,0,0
52016,109,111,-2,2
52017,141,124,17,17
52018,121,121,0,0
52019,91,104,-13,13
52020,117,112,5,5
52021,58,59,-1,1
52022,80,73,7,7
52023,88,83,5,5
52024,80,84,-4,4
52025,146,138,8,8
52026,105,101,4,4
52027,128,136,-8,8
52028,79,78,1,1
52029,123,124,-1,1
52030,85,85,0,0
52031,77,74,3,3
52032,70,69,1,1
52033,100,101,-1,1
52034,71,68,3,3
52035,123,113,10,10
52036,85,88,-3,3
52037,113,110,3,3
52038,98,93,5,5
52039,67,75,-8,8
52040,130,127,3,3
52041,176,154,22,22
52042,117,112,5,5
52043,130,120,10,10
52044,114,106,8,8
52045,108,109,-1,1
52046,111,116,-5,5
52047,91,89,2,2
52048,153,134,19,19
52049,83,89,-6,6
52050,91,94,-3,3
52051,103,101,2,2
52052,123,120,3,3
52053,57,64,-7,7
52054,115,109,6,6
52055,86,94,-8,8
52056,147,131,16,16
52057,116,131,-15,15
52058,87,85,2,2
52059,81,82,-1,1
52060,58,55,3,3
52061,97,83,14,14
52062,138,140,-2,2
52063,74,72,2,2
52064,60,70,-10,10
52065,94,95,-1,1
52066,150,146,4,4
52067,143,137,6,6
52068,72,74,-2,2
52069,80,86,-6,6
52070,94,97,-3,3
52071,85,83,2,2
52072,108,102,6,6
52073,106,95,11,11
52074,86,90,-4,4
52075,160,144,16,16
52076,84,84,0,0
52077,78,72,6,6
52078,89,97,-8,8
52079,76,86,-10,10
52080,57,56,1,1
52081,93,94,-1,1
52082,92,97,-5,5
52083,79,99,-20,20
52084,105,104,1,1
52085,146,139,7,7
52086,79,86,-7,7
52087,96,99,-3,3
52088,97,95,2,2
52089,74,74,0,0
52090,79,86,-7,7
52091,90,90,0,0
52092,133,130,3,3
52093,81,85,-4,4
52094,140,132,8,8
52095,20,30,-10,10
52096,42,94,-52,52
52097,178,149,29,29
52098,57,66,-9,9
52099,91,97,-6,6
52100,125,133,-8,8
52101,77,75,2,2
52102,73,75,-2,2
52103,96,100,-4,4
52104,63,61,2,2
52105,75,74,1,1
52106,117,112,5,5
52107,135,133,2,2
52108,105,112,-7,7
52109,141,131,10,10
52110,123,108,15,15
52111,71,81,-10,10
52112,108,95,13,13
52113,104,108,-4,4
52114,108,115,-7,7
52115,93,95,-2,2
52116,102,99,3,3
52117,99,90,9,9
52118,95,101,-6,6
52119,53,59,-6,6
52120,117,100,17,17
52121,79,91,-12,12
52122,55,67,-12,12
52123,163,156,7,7
52124,53,57,-4,4
52125,80,79,1,1
52126,124,115,9,9
52127,75,71,4,4
52128,133,128,5,5
52129,83,84,-1,1
52130,54,66,-12,12
52131,52,57,-5,5
52132,67,69,-2,2
52133,75,74,1,1
52134,106,101,5,5
52135,140,134,6,6
52136,124,126,-2,2
52137,65,73,-8,8
52138,94,99,-5,5
52139,108,107,1,1
52140,132,113,19,19
52141,123,112,11,11
52142,73,84,-11,11
52143,246,236,10,10
52144,91,79,12,12
52145,48,58,-10,10
52146,109,98,11,11
52147,120,106,14,14
52148,71,66,5,5
52149,44,48,-4,4
52150,83,82,1,1
52151,77,72,5,5
52152,108,101,7,7
52153,76,74,2,2
52154,116,102,14,14
52155,98,110,-12,12
52156,114,105,9,9
52157,142,125,17,17
52158,92,102,-10,10
52159,82,77,5,5
52160,86,87,-1,1
52161,65,68,-3,3
52162,91,90,1,1
52163,158,154,4,4
52164,79,78,1,1
52165,89,85,4,4
52166,54,53,1,1
52167,144,124,20,20
52168,167,164,3,3
52169,94,103,-9,9
52170,75,75,0,0
52171,110,117,-7,7
52172,113,106,7,7
52173,63,68,-5,5
52174,138,129,9,9
52175,101,88,13,13
52176,99,108,-9,9
52177,98,100,-2,2
52178,138,147,-9,9
52179,116,111,5,5
52180,53,66,-13,13
52181,97,98,-1,1
52182,79,70,9,9
52183,94,105,-11,11
52184,72,80,-8,8
52185,104,107,-3,3
52186,113,101,12,12
52187,105,110,-5,5
52188,84,83,1,1
52189,66,72,-6,6
52190,75,75,0,0
52191,106,102,4,4
52192,100,97,3,3
52193,75,83,-8,8
52194,45,48,-3,3
52195,126,129,-3,3
52196,102,98,4,4
52197,108,109,-1,1
52198,99,95,4,4
52199,146,129,17,17
52200,107,111,-4,4
52201,105,112,-7,7
52202,58,57,1,1
52203,114,118,-4,4
52204,151,132,19,19
52205,72,76,-4,4
52206,79,74,5,5
52207,131,120,11,11
52208,91,91,0,0
52209,52,59,-7,7
52210,81,73,8,8
52211,85,73,12,12
52212,96,93,3,3
52213,42,51,-9,9
52214,73,69,4,4
52215,100,95,5,5
52216,104,99,5,5
52217,85,95,-10,10
52218,67,75,-8,8
52219,71,72,-1,1
52220,100,94,6,6
52221,134,112,22,22
52222,104,107,-3,3
52223,90,83,7,7
52224,96,127,-31,31
52225,61,88,-27,27
52226,65,73,-8,8
52227,139,131,8,8
52228,46,48,-2,2
52229,70,73,-3,3
52230,142,133,9,9
52231,90,95,-5,5
52232,112,105,7,7
52233,113,101,12,12
52234,59,66,-7,7
52235,111,107,4,4
52236,84,82,2,2
52237,74,73,1,1
52238,78,73,5,5
52239,145,147,-2,2
52240,100,115,-15,15
52241,103,98,5,5
52242,55,57,-2,2
52243,93,97,-4,4
52244,78,77,1,1
52245,80,79,1,1
52246,104,96,8,8
52247,66,71,-5,5
52248,68,64,4,4
52249,60,59,1,1
52250,103,116,-13,13
52251,69,70,-1,1
52252,92,94,-2,2
52253,48,61,-13,13
52254,54,65,-11,11
52255,54,56,-2,2
52256,58,63,-5,5
52257,160,142,18,18
52258,83,77,6,6
52259,90,85,5,5
52260,71,119,-48,48
52261,168,168,0,0
52262,137,136,1,1
52263,139,133,6,6
52264,74,71,3,3
52265,75,82,-7,7
52266,65,64,1,1
52267,93,84,9,9
52268,94,93,1,1
52269,65,78,-13,13
52270,110,110,0,0
52271,29,43,-14,14
52272,91,87,4,4
52273,78,76,2,2
52274,77,77,0,0
52275,93,95,-2,2
52276,158,141,17,17
52277,206,188,18,18
52278,98,99,-1,1
52279,131,124,7,7
52280,115,106,9,9
52281,129,111,18,18
52282,97,92,5,5
52283,97,93,4,4
52284,78,94,-16,16
52285,81,84,-3,3
52286,107,103,4,4
52287,80,81,-1,1
52288,67,74,-7,7
52289,66,74,-8,8
52290,56,60,-4,4
52291,72,72,0,0
52292,50,59,-9,9
52293,70,99,-29,29
52294,128,119,9,9
52295,138,139,-1,1
52296,38,47,-9,9
52297,113,107,6,6
52298,168,157,11,11
52299,115,104,11,11
52300,88,87,1,1
52301,80,80,0,0
52302,124,132,-8,8
52303,190,182,8,8
52304,92,97,-5,5
52305,83,84,-1,1
52306,78,83,-5,5
52307,64,61,3,3
52308,121,119,2,2
52309,74,77,-3,3
52310,59,63,-4,4
52311,200,159,41,41
52312,157,144,13,13
52313,86,90,-4,4
52314,126,122,4,4
52315,75,76,-1,1
52316,95,103,-8,8
52317,118,102,16,16
52318,174,158,16,16
52319,148,134,14,14
52320,70,75,-5,5
52321,99,98,1,1
52322,73,74,-1,1
52323,178,149,29,29
52324,127,121,6,6
52325,137,135,2,2
52326,35,46,-11,11
52327,58,61,-3,3
52328,104,105,-1,1
52329,85,84,1,1
52330,91,91,0,0
52331,40,45,-5,5
52332,83,86,-3,3
52333,100,103,-3,3
52334,73,77,-4,4
52335,51,63,-12,12
52336,263,190,73,73
52337,87,92,-5,5
52338,85,83,2,2
52339,85,86,-1,1
52340,89,86,3,3
52341,176,166,10,10
52342,103,102,1,1
52343,128,128,0,0
52344,166,160,6,6
52345,92,105,-13,13
52346,100,100,0,0
52347,98,87,11,11
52348,57,62,-5,5
52349,127,119,8,8
52350,86,90,-4,4
52351,144,141,3,3
52352,60,66,-6,6
52353,113,107,6,6
52354,113,110,3,3
52355,103,101,2,2
52356,90,90,0,0
52357,56,52,4,4
52358,47,56,-9,9
52359,105,105,0,0
52360,61,65,-4,4
52361,128,137,-9,9
52362,55,78,-23,23
52363,67,67,0,0
52364,65,68,-3,3
52365,116,107,9,9
52366,76,80,-4,4
52367,41,48,-7,7
52368,83,77,6,6
52369,82,90,-8,8
52370,50,60,-10,10
52371,81,92,-11,11
52372,57,55,2,2
52373,83,84,-1,1
52374,87,95,-8,8
52375,56,57,-1,1
52376,68,68,0,0
52377,71,70,1,1
52378,77,76,1,1
52379,67,67,0,0
52380,120,108,12,12
52381,74,77,-3,3
52382,121,120,1,1
52383,73,76,-3,3
52384,53,59,-6,6
52385,68,73,-5,5
52386,95,91,4,4
52387,103,105,-2,2
52388,46,55,-9,9
52389,73,67,6,6
52390,148,138,10,10
52391,145,126,19,19
52392,105,95,10,10
52393,71,74,-3,3
52394,43,55,-12,12
52395,106,105,1,1
52396,114,112,2,2
52397,80,72,8,8
52398,64,71,-7,7
52399,125,113,12,12
52400,84,95,-11,11
52401,86,91,-5,5
52402,101,97,4,4
52403,95,92,3,3
52404,90,95,-5,5
52405,93,90,3,3
52406,62,64,-2,2
52407,146,135,11,11
52408,87,87,0,0
52409,85,76,9,9
52410,134,119,15,15
52411,82,76,6,6
52412,46,52,-6,6
52413,73,69,4,4
52414,23,34,-11,11
52415,167,149,18,18
52416,116,98,18,18
52417,112,114,-2,2
52418,227,210,17,17
52419,108,111,-3,3
52420,93,94,-1,1
52421,76,77,-1,1
52422,75,76,-1,1
52423,74,80,-6,6
52424,85,77,8,8
52425,68,71,-3,3
52426,93,87,6,6
52427,143,134,9,9
52428,132,124,8,8
52429,68,70,-2,2
52430,49,58,-9,9
52431,116,107,9,9
52432,87,80,7,7
52433,114,100,14,14
52434,133,124,9,9
52435,81,78,3,3
52436,105,96,9,9
52437,88,91,-3,3
52438,158,137,21,21
52439,82,76,6,6
52440,91,92,-1,1
52441,158,151,7,7
52442,77,80,-3,3
52443,61,83,-22,22
52444,57,63,-6,6
52445,76,79,-3,3
52446,80,83,-3,3
52447,90,98,-8,8
52448,75,69,6,6
52449,105,99,6,6
52450,99,99,0,0
52451,134,132,2,2
52452,70,76,-6,6
52453,139,141,-2,2
52454,67,70,-3,3
52455,186,162,24,24
52456,101,98,3,3
52457,142,136,6,6
52458,66,64,2,2
52459,88,85,3,3
52460,79,84,-5,5
52461,80,86,-6,6
52462,103,110,-7,7
52463,133,141,-8,8
52464,21,61,-40,40
52465,98,88,10,10
52466,67,67,0,0
52467,117,132,-15,15
52468,71,71,0,0
52469,45,55,-10,10
52470,90,83,7,7
52471,122,108,14,14
52472,133,125,8,8
52473,70,69,1,1
52474,99,102,-3,3
52475,161,149,12,12
52476,123,113,10,10
52477,116,106,10,10
52478,148,130,18,18
52479,55,53,2,2
52480,107,107,0,0
52481,69,67,2,2
52482,103,115,-12,12
52483,50,56,-6,6
52484,76,76,0,0
52485,98,97,1,1
52486,63,68,-5,5
52487,69,69,0,0
52488,115,112,3,3
52489,64,67,-3,3
52490,80,83,-3,3
52491,93,88,5,5
52492,93,94,-1,1
52493,107,98,9,9
52494,91,92,-1,1
52495,73,87,-14,14
52496,163,143,20,20
52497,82,76,6,6
52498,133,131,2,2
52499,70,82,-12,12
52500,74,74,0,0
52501,72,72,0,0
52502,51,49,2,2
52503,192,162,30,30
52504,59,69,-10,10
52505,69,66,3,3
52506,47,53,-6,6
52507,146,153,-7,7
52508,149,131,18,18
52509,96,108,-12,12
52510,73,67,6,6
52511,143,131,12,12
52512,101,104,-3,3
52513,96,99,-3,3
52514,108,112,-4,4
52515,77,76,1,1
52516,45,57,-12,12
52517,89,95,-6,6
52518,160,147,13,13
52519,97,100,-3,3
52520,82,84,-2,2
52521,80,76,4,4
52522,70,69,1,1
52523,123,112,11,11
52524,109,103,6,6
52525,162,153,9,9
52526,129,125,4,4
52527,80,76,4,4
52528,49,57,-8,8
52529,129,112,17,17
52530,79,75,4,4
52531,89,96,-7,7
52532,92,97,-5,5
52533,87,84,3,3
52534,104,96,8,8
52535,106,93,13,13
52536,169,163,6,6
52537,96,107,-11,11
52538,66,70,-4,4
52539,140,129,11,11
52540,128,117,11,11
52541,82,78,4,4
52542,128,118,10,10
52543,109,111,-2,2
52544,59,67,-8,8
52545,61,67,-6,6
52546,109,94,15,15
52547,72,78,-6,6
52548,57,67,-10,10
52549,94,100,-6,6
52550,86,87,-1,1
52551,57,61,-4,4
52552,142,133,9,9
52553,79,87,-8,8
52554,150,140,10,10
52555,122,131,-9,9
52556,106,111,-5,5
52557,41,49,-8,8
52558,218,196,22,22
52559,106,100,6,6
52560,80,76,4,4
52561,87,89,-2,2
52562,121,126,-5,5
52563,68,69,-1,1
52564,79,80,-1,1
52565,63,64,-1,1
52566,57,69,-12,12
52567,132,134,-2,2
52568,86,87,-1,1
52569,92,88,4,4
52570,187,168,19,19
52571,97,94,3,3
52572,135,128,7,7
52573,126,108,18,18
52574,79,78,1,1
52575,69,81,-12,12
52576,142,137,5,5
52577,97,92,5,5
52578,104,111,-7,7
52579,112,114,-2,2
52580,168,167,1,1
52581,145,131,14,14
52582,137,126,11,11
52583,142,129,13,13
52584,81,76,5,5
52585,97,94,3,3
52586,90,78,12,12
52587,121,134,-13,13
52588,71,77,-6,6
52589,61,62,-1,1
52590,95,113,-18,18
52591,95,118,-23,23
52592,53,65,-12,12
52593,126,127,-1,1
52594,72,84,-12,12
52595,86,76,10,10
52596,141,140,1,1
52597,96,101,-5,5
52598,98,104,-6,6
52599,123,118,5,5
52600,46,52,-6,6
52601,95,87,8,8
52602,127,115,12,12
52603,153,131,22,22
52604,115,112,3,3
52605,104,98,6,6
52606,53,60,-7,7
52607,95,89,6,6
52608,88,87,1,1
52609,133,113,20,20
52610,88,84,4,4
52611,25,49,-24,24
52612,142,122,20,20
52613,98,104,-6,6
52614,93,89,4,4
52615,99,93,6,6
52616,152,136,16,16
52617,124,123,1,1
52618,112,115,-3,3
52619,134,118,16,16
52620,104,110,-6,6
52621,86,82,4,4
52622,117,114,3,3
52623,77,81,-4,4
52624,88,90,-2,2
52625,72,72,0,0
52626,87,105,-18,18
52627,80,78,2,2
52628,103,101,2,2
52629,136,136,0,0
52630,105,111,-6,6
52631,96,94,2,2
52632,90,83,7,7
52633,53,55,-2,2
52634,77,76,1,1
52635,60,60,0,0
52636,115,120,-5,5
52637,93,89,4,4
52638,91,83,8,8
52639,162,156,6,6
52640,115,102,13,13
52641,148,151,-3,3
52642,68,69,-1,1
52643,79,84,-5,5
52644,53,56,-3,3
52645,60,64,-4,4
52646,63,71,-8,8
52647,102,100,2,2
52648,111,105,6,6
52649,116,113,3,3
52650,50,54,-4,4
52651,113,103,10,10
52652,46,60,-14,14
52653,62,63,-1,1
52654,112,111,1,1
52655,58,63,-5,5
52656,85,91,-6,6
52657,111,103,8,8
52658,105,104,1,1
52659,113,118,-5,5
52660,174,159,15,15
52661,125,113,12,12
52662,109,107,2,2
52663,67,70,-3,3
52664,76,70,6,6
52665,193,214,-21,21
52666,128,125,3,3
52667,88,83,5,5
52668,70,75,-5,5
52669,63,64,-1,1
52670,148,132,16,16
52671,89,98,-9,9
52672,152,147,5,5
52673,62,69,-7,7
52674,141,114,27,27
52675,48,54,-6,6
52676,185,168,17,17
52677,89,87,2,2
52678,87,87,0,0
52679,50,61,-11,11
52680,79,73,6,6
52681,124,132,-8,8
52682,109,101,8,8
52683,54,60,-6,6
52684,90,88,2,2
52685,85,85,0,0
52686,35,99,-64,64
52687,86,84,2,2
52688,47,55,-8,8
52689,103,94,9,9
52690,105,105,0,0
52691,47,61,-14,14
52692,44,51,-7,7
52693,137,128,9,9
52694,69,77,-8,8
52695,47,53,-6,6
52696,63,67,-4,4
52697,118,119,-1,1
52698,83,90,-7,7
52699,80,93,-13,13
52700,119,98,21,21
52701,107,112,-5,5
52702,100,112,-12,12
52703,96,100,-4,4
52704,90,102,-12,12
52705,136,129,7,7
52706,142,142,0,0
52707,82,84,-2,2
52708,64,58,6,6
52709,89,93,-4,4
52710,49,58,-9,9
52711,138,122,16,16
52712,74,67,7,7
52713,55,72,-17,17
52714,147,127,20,20
52715,87,94,-7,7
52716,67,82,-15,15
52717,90,83,7,7
52718,72,91,-19,19
52719,110,105,5,5
52720,166,159,7,7
52721,128,104,24,24
52722,70,77,-7,7
52723,95,98,-3,3
52724,58,58,0,0
52725,95,95,0,0
52726,78,83,-5,5
52727,99,104,-5,5
52728,79,74,5,5
52729,96,83,13,13
52730,87,85,2,2
52731,57,67,-10,10
52732,67,68,-1,1
52733,84,92,-8,8
52734,73,75,-2,2
52735,77,76,1,1
52736,65,67,-2,2
52737,34,50,-16,16
52738,103,99,4,4
52739,117,121,-4,4
52740,73,68,5,5
52741,121,112,9,9
52742,67,71,-4,4
52743,118,101,17,17
52744,145,143,2,2
52745,83,80,3,3
52746,105,101,4,4
52747,81,73,8,8
52748,92,93,-1,1
52749,44,49,-5,5
52750,104,103,1,1
52751,45,49,-4,4
52752,96,92,4,4
52753,115,113,2,2
52754,91,98,-7,7
52755,64,74,-10,10
52756,63,60,3,3
52757,83,89,-6,6
52758,126,125,1,1
52759,57,67,-10,10
52760,209,184,25,25
52761,153,135,18,18
52762,57,63,-6,6
52763,70,69,1,1
52764,118,120,-2,2
52765,110,112,-2,2
52766,63,61,2,2
52767,117,112,5,5
52768,151,125,26,26
52769,135,142,-7,7
52770,75,74,1,1
52771,121,112,9,9
52772,142,146,-4,4
52773,107,101,6,6
52774,87,91,-4,4
52775,83,89,-6,6
52776,54,52,2,2
52777,120,112,8,8
52778,75,78,-3,3
52779,116,113,3,3
52780,80,81,-1,1
52781,132,133,-1,1
52782,61,68,-7,7
52783,70,77,-7,7
52784,57,54,3,3
52785,137,129,8,8
52786,112,99,13,13
52787,77,79,-2,2
52788,78,78,0,0
52789,94,98,-4,4
52790,85,90,-5,5
52791,61,62,-1,1
52792,80,77,3,3
52793,116,105,11,11
52794,64,86,-22,22
52795,69,72,-3,3
52796,124,106,18,18
52797,78,69,9,9
52798,109,112,-3,3
52799,90,87,3,3
52800,148,143,5,5
52801,64,71,-7,7
52802,59,63,-4,4
52803,42,47,-5,5
52804,132,125,7,7
52805,132,125,7,7
52806,68,62,6,6
52807,173,171,2,2
52808,73,73,0,0
52809,88,85,3,3
52810,95,91,4,4
52811,56,56,0,0
52812,83,75,8,8
52813,131,132,-1,1
52814,65,73,-8,8
52815,77,75,2,2
52816,110,112,-2,2
52817,80,112,-32,32
52818,76,70,6,6
52819,73,76,-3,3
52820,66,71,-5,5
52821,149,133,16,16
52822,55,63,-8,8
52823,60,58,2,2
52824,151,144,7,7
52825,112,115,-3,3
52826,67,67,0,0
52827,67,85,-18,18
52828,77,84,-7,7
52829,114,118,-4,4
52830,123,129,-6,6
52831,83,83,0,0
52832,42,57,-15,15
52833,104,112,-8,8
52834,90,91,-1,1
52835,107,112,-5,5
52836,153,137,16,16
52837,68,68,0,0
52838,41,51,-10,10
52839,82,81,1,1
52840,55,60,-5,5
52841,114,103,11,11
52842,92,89,3,3
52843,90,96,-6,6
52844,70,74,-4,4
52845,75,80,-5,5
52846,112,96,16,16
52847,76,81,-5,5
52848,107,83,24,24
52849,96,96,0,0
52850,107,103,4,4
52851,46,51,-5,5
52852,103,112,-9,9
52853,122,119,3,3
52854,117,112,5,5
52855,69,83,-14,14
52856,100,102,-2,2
52857,70,63,7,7
52858,96,103,-7,7
52859,89,88,1,1
52860,112,112,0,0
52861,93,108,-15,15
52862,104,100,4,4
52863,79,78,1,1
52864,150,138,12,12
52865,145,136,9,9
52866,135,131,4,4
52867,61,64,-3,3
52868,75,77,-2,2
52869,63,61,2,2
52870,77,79,-2,2
52871,115,120,-5,5
52872,94,92,2,2
52873,60,62,-2,2
52874,99,99,0,0
52875,162,163,-1,1
52876,89,94,-5,5
52877,84,89,-5,5
52878,90,100,-10,10
52879,132,124,8,8
52880,106,97,9,9
52881,50,49,1,1
52882,66,65,1,1
52883,153,142,11,11
52884,55,58,-3,3
52885,92,88,4,4
52886,113,113,0,0
52887,54,61,-7,7
52888,132,126,6,6
52889,116,102,14,14
52890,88,203,-115,115
52891,127,120,7,7
52892,80,87,-7,7
52893,125,111,14,14
52894,108,99,9,9
52895,104,104,0,0
52896,62,69,-7,7
52897,76,85,-9,9
52898,77,85,-8,8
52899,120,117,3,3
52900,71,76,-5,5
52901,54,70,-16,16
52902,115,119,-4,4
52903,138,139,-1,1
52904,95,89,6,6
52905,31,43,-12,12
52906,46,46,0,0
52907,147,127,20,20
52908,129,131,-2,2
52909,82,73,9,9
52910,81,85,-4,4
52911,62,65,-3,3
52912,140,130,10,10
52913,101,100,1,1
52914,120,105,15,15
52915,48,49,-1,1
52916,132,127,5,5
52917,164,143,21,21
52918,48,61,-13,13
52919,81,94,-13,13
52920,74,76,-2,2
52921,79,92,-13,13
52922,97,96,1,1
52923,81,88,-7,7
52924,47,54,-7,7
52925,97,104,-7,7
52926,59,67,-8,8
52927,68,66,2,2
52928,67,66,1,1
52929,66,67,-1,1
52930,143,126,17,17
52931,88,88,0,0
52932,96,97,-1,1
52933,169,140,29,29
52934,106,97,9,9
52935,106,104,2,2
52936,78,81,-3,3
52937,107,112,-5,5
52938,132,134,-2,2
52939,88,78,10,10
52940,68,80,-12,12
52941,104,101,3,3
52942,79,76,3,3
52943,96,90,6,6
52944,159,146,13,13
52945,133,134,-1,1
52946,81,84,-3,3
52947,67,74,-7,7
52948,86,92,-6,6
52949,75,75,0,0
52950,106,108,-2,2
52951,55,65,-10,10
52952,167,145,22,22
52953,33,41,-8,8
52954,114,120,-6,6
52955,153,131,22,22
52956,76,80,-4,4
52957,74,81,-7,7
52958,152,149,3,3
52959,176,139,37,37
52960,86,81,5,5
52961,191,155,36,36
52962,116,113,3,3
52963,87,86,1,1
52964,133,127,6,6
52965,131,134,-3,3
52966,96,94,2,2
52967,113,115,-2,2
52968,52,58,-6,6
52969,68,77,-9,9
52970,110,108,2,2
52971,58,61,-3,3
52972,104,119,-15,15
52973,93,92,1,1
52974,118,118,0,0
52975,92,94,-2,2
52976,77,83,-6,6
52977,43,48,-5,5
52978,19,37,-18,18
52979,156,135,21,21
52980,145,139,6,6
52981,85,92,-7,7
52982,85,74,11,11
52983,121,113,8,8
52984,76,74,2,2
52985,137,140,-3,3
52986,76,77,-1,1
52987,91,87,4,4
52988,93,90,3,3
52989,133,135,-2,2
52990,128,122,6,6
52991,106,104,2,2
52992,77,78,-1,1
52993,104,100,4,4
52994,82,84,-2,2
52995,77,78,-1,1
52996,91,102,-11,11
52997,73,97,-24,24
52998,144,134,10,10
52999,103,99,4,4
53000,97,112,-15,15
53001,238,213,25,25
53002,87,84,3,3
53003,135,125,10,10
53004,63,67,-4,4
53005,95,93,2,2
53006,42,47,-5,5
53007,69,76,-7,7
53008,98,92,6,6
53009,147,140,7,7
53010,108,112,-4,4
53011,52,56,-4,4
53012,69,68,1,1
53013,92,76,16,16
53014,129,130,-1,1
53015,83,83,0,0
53016,108,111,-3,3
53017,126,128,-2,2
53018,84,83,1,1
53019,86,75,11,11
53020,82,100,-18,18
53021,88,91,-3,3
53022,101,90,11,11
53023,130,117,13,13
53024,83,88,-5,5
53025,118,127,-9,9
53026,106,104,2,2
53027,108,112,-4,4
53028,85,71,14,14
53029,133,119,14,14
53030,77,76,1,1
53031,110,102,8,8
53032,71,85,-14,14
53033,72,77,-5,5
53034,44,50,-6,6
53035,69,66,3,3
53036,106,100,6,6
53037,103,100,3,3
53038,82,76,6,6
53039,119,125,-6,6
53040,94,97,-3,3
53041,67,68,-1,1
53042,81,78,3,3
53043,102,96,6,6
53044,68,65,3,3
53045,154,134,20,20
53046,80,75,5,5
53047,120,111,9,9
53048,59,64,-5,5
53049,149,146,3,3
53050,66,73,-7,7
53051,80,69,11,11
53052,61,67,-6,6
53053,40,53,-13,13
53054,80,89,-9,9
53055,54,59,-5,5
53056,90,111,-21,21
53057,107,102,5,5
53058,62,66,-4,4
53059,157,159,-2,2
53060,113,106,7,7
53061,107,113,-6,6
53062,87,72,15,15
53063,90,92,-2,2
53064,155,143,12,12
53065,37,55,-18,18
53066,66,70,-4,4
53067,92,98,-6,6
53068,74,71,3,3
53069,38,43,-5,5
53070,83,75,8,8
53071,90,101,-11,11
53072,262,267,-5,5
53073,83,86,-3,3
53074,65,65,0,0
53075,84,79,5,5
53076,50,56,-6,6
53077,95,101,-6,6
53078,80,87,-7,7
53079,135,124,11,11
53080,75,73,2,2
53081,79,84,-5,5
53082,179,165,14,14
53083,119,116,3,3
53084,89,78,11,11
53085,58,68,-10,10
53086,98,102,-4,4
53087,58,62,-4,4
53088,62,63,-1,1
53089,65,68,-3,3
53090,90,87,3,3
53091,134,123,11,11
53092,61,67,-6,6
53093,142,135,7,7
53094,71,77,-6,6
53095,147,122,25,25
53096,122,120,2,2
53097,151,136,15,15
53098,105,104,1,1
53099,56,61,-5,5
53100,124,125,-1,1
53101,140,141,-1,1
53102,107,102,5,5
53103,103,107,-4,4
53104,98,90,8,8
53105,63,60,3,3
53106,51,61,-10,10
53107,81,78,3,3
53108,65,73,-8,8
53109,150,140,10,10
53110,134,129,5,5
53111,46,48,-2,2
53112,120,109,11,11
53113,80,85,-5,5
53114,93,91,2,2
53115,176,147,29,29
53116,115,123,-8,8
53117,128,123,5,5
53118,143,126,17,17
53119,55,59,-4,4
53120,85,77,8,8
53121,102,96,6,6
53122,54,59,-5,5
53123,151,124,27,27
53124,83,76,7,7
53125,47,53,-6,6
53126,80,78,2,2
53127,126,114,12,12
53128,105,112,-7,7
53129,103,112,-9,9
53130,70,75,-5,5
53131,64,65,-1,1
53132,116,114,2,2
53133,124,130,-6,6
53134,89,87,2,2
53135,73,75,-2,2
53136,131,134,-3,3
53137,120,110,10,10
53138,102,97,5,5
53139,88,83,5,5
53140,82,82,0,0
53141,88,89,-1,1
53142,135,114,21,21
53143,119,112,7,7
53144,67,72,-5,5
53145,55,56,-1,1
53146,170,157,13,13
53147,125,132,-7,7
53148,132,113,19,19
53149,146,140,6,6
53150,83,83,0,0
53151,85,78,7,7
53152,101,99,2,2
53153,84,87,-3,3
53154,135,126,9,9
53155,54,55,-1,1
53156,74,65,9,9
53157,72,75,-3,3
53158,112,92,20,20
53159,137,136,1,1
53160,82,75,7,7
53161,121,107,14,14
53162,83,85,-2,2
53163,112,120,-8,8
53164,66,62,4,4
53165,90,84,6,6
53166,111,115,-4,4
53167,70,77,-7,7
53168,98,103,-5,5
53169,101,99,2,2
53170,108,98,10,10
53171,77,77,0,0
53172,94,99,-5,5
53173,77,83,-6,6
53174,52,65,-13,13
53175,114,113,1,1
53176,79,78,1,1
53177,43,57,-14,14
53178,110,98,12,12
53179,51,56,-5,5
53180,81,79,2,2
53181,122,112,10,10
53182,128,122,6,6
53183,92,106,-14,14
53184,111,109,2,2
53185,106,98,8,8
53186,56,64,-8,8
53187,137,124,13,13
53188,75,70,5,5
53189,71,71,0,0
53190,67,69,-2,2
53191,89,89,0,0
53192,96,97,-1,1
53193,106,107,-1,1
53194,71,70,1,1
53195,128,114,14,14
53196,63,70,-7,7
53197,82,77,5,5
53198,67,69,-2,2
53199,80,80,0,0
53200,124,114,10,10
53201,117,112,5,5
53202,115,123,-8,8
53203,107,111,-4,4
53204,65,69,-4,4
53205,119,115,4,4
53206,88,98,-10,10
53207,53,61,-8,8
53208,156,141,15,15
53209,71,73,-2,2
53210,89,89,0,0
53211,88,84,4,4
53212,113,111,2,2
53213,43,51,-8,8
53214,106,107,-1,1
53215,85,87,-2,2
53216,108,128,-20,20
53217,70,62,8,8
53218,163,152,11,11
53219,102,101,1,1
53220,74,72,2,2
53221,60,65,-5,5
53222,107,102,5,5
53223,59,69,-10,10
53224,90,71,19,19
53225,134,127,7,7
53226,159,145,14,14
53227,99,90,9,9
53228,75,78,-3,3
53229,62,61,1,1
53230,93,91,2,2
53231,101,101,0,0
53232,61,67,-6,6
53233,88,74,14,14
53234,99,103,-4,4
53235,45,53,-8,8
53236,65,71,-6,6
53237,120,110,10,10
53238,85,85,0,0
53239,76,83,-7,7
53240,111,103,8,8
53241,75,76,-1,1
53242,96,99,-3,3
53243,134,116,18,18
53244,62,58,4,4
53245,69,65,4,4
53246,95,96,-1,1
53247,93,88,5,5
53248,73,75,-2,2
53249,89,78,11,11
53250,59,57,2,2
53251,73,68,5,5
53252,115,118,-3,3
53253,86,85,1,1
53254,141,150,-9,9
53255,109,128,-19,19
53256,112,98,14,14
53257,74,77,-3,3
53258,57,62,-5,5
53259,61,65,-4,4
53260,104,102,2,2
53261,111,96,15,15
53262,80,84,-4,4
53263,107,99,8,8
53264,43,49,-6,6
53265,71,78,-7,7
53266,54,59,-5,5
53267,74,83,-9,9
53268,77,73,4,4
53269,86,98,-12,12
53270,65,68,-3,3
53271,103,96,7,7
53272,67,72,-5,5
53273,77,69,8,8
53274,53,65,-12,12
53275,128,108,20,20
53276,75,76,-1,1
53277,111,129,-18,18
53278,94,92,2,2
53279,93,91,2,2
53280,131,118,13,13
53281,61,94,-33,33
53282,69,68,1,1
53283,70,65,5,5
53284,50,56,-6,6
53285,69,67,2,2
53286,101,94,7,7
53287,86,78,8,8
53288,98,96,2,2
53289,140,111,29,29
53290,88,90,-2,2
53291,51,56,-5,5
53292,72,75,-3,3
53293,109,112,-3,3
53294,67,77,-10,10
53295,114,107,7,7
53296,98,93,5,5
53297,98,107,-9,9
53298,107,112,-5,5
53299,133,140,-7,7
53300,161,155,6,6
53301,161,130,31,31
53302,125,121,4,4
53303,90,91,-1,1
53304,112,112,0,0
53305,61,65,-4,4
53306,186,178,8,8
53307,102,107,-5,5
53308,273,239,34,34
53309,125,125,0,0
53310,124,126,-2,2
53311,115,109,6,6
53312,86,87,-1,1
53313,67,69,-2,2
53314,90,94,-4,4
53315,146,135,11,11
53316,64,67,-3,3
53317,78,77,1,1
53318,73,72,1,1
53319,132,125,7,7
53320,78,78,0,0
53321,108,114,-6,6
53322,72,71,1,1
53323,112,122,-10,10
53324,110,108,2,2
53325,157,141,16,16
53326,87,85,2,2
53327,63,62,1,1
53328,47,51,-4,4
53329,55,65,-10,10
53330,57,59,-2,2
53331,77,81,-4,4
53332,73,70,3,3
53333,52,57,-5,5
53334,60,77,-17,17
53335,171,177,-6,6
53336,153,141,12,12
53337,128,123,5,5
53338,101,99,2,2
53339,58,61,-3,3
53340,67,65,2,2
53341,58,65,-7,7
53342,69,69,0,0
53343,198,167,31,31
53344,85,79,6,6
53345,96,86,10,10
53346,68,96,-28,28
53347,80,76,4,4
53348,56,65,-9,9
53349,67,69,-2,2
53350,57,61,-4,4
53351,39,50,-11,11
53352,81,89,-8,8
53353,117,113,4,4
53354,104,102,2,2
53355,105,107,-2,2
53356,83,82,1,1
53357,135,127,8,8
53358,76,70,6,6
53359,122,112,10,10
53360,78,79,-1,1
53361,37,45,-8,8
53362,134,120,14,14
53363,71,68,3,3
53364,119,112,7,7
53365,23,44,-21,21
53366,145,135,10,10
53367,99,98,1,1
53368,70,78,-8,8
53369,41,65,-24,24
53370,82,90,-8,8
53371,102,96,6,6
53372,64,62,2,2
53373,60,63,-3,3
53374,157,143,14,14
53375,144,125,19,19
53376,107,106,1,1
53377,108,117,-9,9
53378,79,78,1,1
53379,77,87,-10,10
53380,102,99,3,3
53381,62,67,-5,5
53382,87,93,-6,6
53383,156,139,17,17
53384,59,60,-1,1
53385,54,61,-7,7
53386,114,117,-3,3
53387,87,101,-14,14
53388,132,131,1,1
53389,135,127,8,8
53390,126,107,19,19
53391,105,107,-2,2
53392,95,102,-7,7
53393,101,99,2,2
53394,51,60,-9,9
53395,63,72,-9,9
53396,149,141,8,8
53397,72,66,6,6
53398,147,136,11,11
53399,67,67,0,0
53400,106,113,-7,7
53401,98,102,-4,4
53402,100,96,4,4
53403,93,107,-14,14
53404,69,73,-4,4
53405,116,131,-15,15
53406,88,84,4,4
53407,114,136,-22,22
53408,53,58,-5,5
53409,55,57,-2,2
53410,86,95,-9,9
53411,110,100,10,10
53412,82,80,2,2
53413,87,83,4,4
53414,60,60,0,0
53415,59,63,-4,4
53416,72,64,8,8
53417,99,90,9,9
53418,111,98,13,13
53419,105,108,-3,3
53420,110,105,5,5
53421,56,59,-3,3
53422,126,130,-4,4
53423,75,82,-7,7
53424,56,58,-2,2
53425,119,135,-16,16
53426,98,98,0,0
53427,171,166,5,5
53428,169,137,32,32
53429,126,128,-2,2
53430,194,165,29,29
53431,112,103,9,9
53432,73,71,2,2
53433,106,106,0,0
53434,101,87,14,14
53435,119,109,10,10
53436,96,85,11,11
53437,58,60,-2,2
53438,89,96,-7,7
53439,78,74,4,4
53440,85,92,-7,7
53441,87,89,-2,2
53442,70,76,-6,6
53443,50,61,-11,11
53444,51,57,-6,6
53445,91,85,6,6
53446,79,83,-4,4
53447,98,98,0,0
53448,117,124,-7,7
53449,94,102,-8,8
53450,141,131,10,10
53451,133,135,-2,2
53452,48,55,-7,7
53453,121,119,2,2
53454,90,93,-3,3
53455,50,63,-13,13
53456,69,78,-9,9
53457,90,104,-14,14
53458,83,84,-1,1
53459,89,100,-11,11
53460,84,83,1,1
53461,72,70,2,2
53462,65,69,-4,4
53463,93,91,2,2
53464,70,71,-1,1
53465,68,71,-3,3
53466,128,135,-7,7
53467,102,84,18,18
53468,111,112,-1,1
53469,54,57,-3,3
53470,94,101,-7,7
53471,102,97,5,5
53472,104,97,7,7
53473,90,91,-1,1
53474,96,99,-3,3
53475,119,132,-13,13
53476,80,84,-4,4
53477,77,78,-1,1
53478,228,262,-34,34
53479,134,112,22,22
53480,140,152,-12,12
53481,47,53,-6,6
53482,113,108,5,5
53483,58,61,-3,3
53484,34,43,-9,9
53485,46,49,-3,3
53486,68,64,4,4
53487,68,71,-3,3
53488,43,54,-11,11
53489,74,82,-8,8
53490,88,93,-5,5
53491,130,137,-7,7
53492,112,94,18,18
53493,91,88,3,3
53494,70,71,-1,1
53495,137,125,12,12
53496,67,64,3,3
53497,90,83,7,7
53498,137,121,16,16
53499,83,93,-10,10
53500,105,113,-8,8
53501,78,83,-5,5
53502,93,77,16,16
53503,88,83,5,5
53504,65,66,-1,1
53505,105,95,10,10
53506,131,136,-5,5
53507,52,54,-2,2
53508,48,57,-9,9
53509,127,130,-3,3
53510,70,83,-13,13
53511,62,61,1,1
53512,119,115,4,4
53513,75,76,-1,1
53514,90,83,7,7
53515,60,69,-9,9
53516,133,122,11,11
53517,86,83,3,3
53518,77,86,-9,9
53519,81,79,2,2
53520,98,98,0,0
53521,101,103,-2,2
53522,70,74,-4,4
53523,86,77,9,9
53524,111,113,-2,2
53525,99,95,4,4
53526,62,65,-3,3
53527,111,111,0,0
53528,57,61,-4,4
53529,93,93,0,0
53530,77,81,-4,4
53531,122,115,7,7
53532,96,99,-3,3
53533,52,59,-7,7
53534,66,62,4,4
53535,102,98,4,4
53536,79,93,-14,14
53537,83,93,-10,10
53538,90,90,0,0
53539,117,112,5,5
53540,87,91,-4,4
53541,127,113,14,14
53542,50,59,-9,9
53543,62,66,-4,4
53544,63,75,-12,12
53545,80,73,7,7
53546,111,129,-18,18
53547,53,47,6,6
53548,105,103,2,2
53549,97,90,7,7
53550,48,51,-3,3
53551,66,72,-6,6
53552,113,112,1,1
53553,142,134,8,8
53554,42,45,-3,3
53555,55,56,-1,1
53556,111,100,11,11
53557,89,85,4,4
53558,76,89,-13,13
53559,126,114,12,12
53560,103,100,3,3
53561,53,61,-8,8
53562,90,89,1,1
53563,66,63,3,3
53564,60,70,-10,10
53565,49,60,-11,11
53566,230,200,30,30
53567,64,60,4,4
53568,104,105,-1,1
53569,82,84,-2,2
53570,157,152,5,5
53571,53,56,-3,3
53572,93,97,-4,4
53573,76,72,4,4
53574,61,67,-6,6
53575,100,92,8,8
53576,52,61,-9,9
53577,69,69,0,0
53578,117,113,4,4
53579,124,115,9,9
53580,100,104,-4,4
53581,149,125,24,24
53582,99,100,-1,1
53583,120,106,14,14
53584,79,85,-6,6
53585,177,172,5,5
53586,62,64,-2,2
53587,99,95,4,4
53588,157,144,13,13
53589,117,119,-2,2
53590,98,95,3,3
53591,68,69,-1,1
53592,85,84,1,1
53593,91,97,-6,6
53594,106,98,8,8
53595,129,123,6,6
53596,134,121,13,13
53597,85,85,0,0
53598,122,124,-2,2
53599,89,89,0,0
53600,46,53,-7,7
53601,91,96,-5,5
53602,136,135,1,1
53603,52,55,-3,3
53604,98,103,-5,5
53605,98,91,7,7
53606,129,124,5,5
53607,49,52,-3,3
53608,75,74,1,1
53609,70,76,-6,6
53610,102,97,5,5
53611,114,112,2,2
53612,31,45,-14,14
53613,120,114,6,6
53614,108,103,5,5
53615,84,89,-5,5
53616,61,65,-4,4
53617,150,147,3,3
53618,52,77,-25,25
53619,44,54,-10,10
53620,71,77,-6,6
53621,62,68,-6,6
53622,74,77,-3,3
53623,100,99,1,1
53624,83,90,-7,7
53625,82,85,-3,3
53626,149,132,17,17
53627,113,120,-7,7
53628,99,91,8,8
53629,94,97,-3,3
53630,77,85,-8,8
53631,116,127,-11,11
53632,154,152,2,2
53633,84,88,-4,4
53634,116,102,14,14
53635,169,157,12,12
53636,126,114,12,12
53637,31,41,-10,10
53638,84,85,-1,1
53639,81,76,5,5
53640,109,101,8,8
53641,96,98,-2,2
53642,78,78,0,0
53643,100,99,1,1
53644,101,96,5,5
53645,63,70,-7,7
53646,118,112,6,6
53647,119,111,8,8
53648,70,64,6,6
53649,82,74,8,8
53650,57,56,1,1
53651,89,92,-3,3
53652,124,112,12,12
53653,67,70,-3,3
53654,87,82,5,5
53655,115,111,4,4
53656,76,72,4,4
53657,63,67,-4,4
53658,105,99,6,6
53659,77,76,1,1
53660,124,124,0,0
53661,84,78,6,6
53662,52,51,1,1
53663,55,58,-3,3
53664,120,112,8,8
53665,206,172,34,34
53666,67,73,-6,6
53667,93,97,-4,4
53668,67,70,-3,3
53669,71,68,3,3
53670,87,76,11,11
53671,72,69,3,3
53672,108,104,4,4
53673,116,109,7,7
53674,62,60,2,2
53675,61,70,-9,9
53676,57,62,-5,5
53677,100,94,6,6
53678,78,71,7,7
53679,93,94,-1,1
53680,102,104,-2,2
53681,187,176,11,11
53682,88,77,11,11
53683,100,103,-3,3
53684,169,159,10,10
53685,160,163,-3,3
53686,142,135,7,7
53687,146,143,3,3
53688,81,86,-5,5
53689,41,49,-8,8
53690,111,95,16,16
53691,124,113,11,11
53692,114,118,-4,4
53693,133,136,-3,3
53694,88,78,10,10
53695,90,85,5,5
53696,76,76,0,0
53697,83,92,-9,9
53698,130,123,7,7
53699,48,63,-15,15
53700,85,98,-13,13
53701,77,75,2,2
53702,130,129,1,1
53703,118,102,16,16
53704,106,103,3,3
53705,67,72,-5,5
53706,111,112,-1,1
53707,94,91,3,3
53708,69,70,-1,1
53709,76,94,-18,18
53710,96,92,4,4
53711,84,79,5,5
53712,144,121,23,23
53713,66,78,-12,12
53714,86,85,1,1
53715,56,67,-11,11
53716,103,113,-10,10
53717,154,141,13,13
53718,80,75,5,5
53719,89,93,-4,4
53720,63,71,-8,8
53721,90,90,0,0
53722,102,86,16,16
53723,132,130,2,2
53724,103,104,-1,1
53725,138,127,11,11
53726,107,101,6,6
53727,84,88,-4,4
53728,158,141,17,17
53729,143,139,4,4
53730,83,88,-5,5
53731,101,92,9,9
53732,42,56,-14,14
53733,156,141,15,15
53734,96,100,-4,4
53735,124,127,-3,3
53736,91,92,-1,1
53737,139,130,9,9
53738,80,76,4,4
53739,95,91,4,4
53740,95,89,6,6
53741,83,89,-6,6
53742,88,94,-6,6
53743,120,121,-1,1
53744,79,79,0,0
53745,114,107,7,7
53746,54,59,-5,5
53747,72,78,-6,6
53748,122,110,12,12
53749,125,123,2,2
53750,100,98,2,2
53751,90,101,-11,11
53752,92,92,0,0
53753,85,82,3,3
53754,115,112,3,3
53755,76,70,6,6
53756,94,104,-10,10
53757,128,113,15,15
53758,49,80,-31,31
53759,134,123,11,11
53760,114,112,2,2
53761,75,73,2,2
53762,71,69,2,2
53763,131,125,6,6
53764,110,104,6,6
53765,113,106,7,7
53766,79,90,-11,11
53767,90,94,-4,4
53768,112,99,13,13
53769,92,93,-1,1
53770,141,129,12,12
53771,46,53,-7,7
53772,103,102,1,1
53773,124,125,-1,1
53774,98,94,4,4
53775,106,94,12,12
53776,95,85,10,10
53777,50,56,-6,6
53778,98,93,5,5
53779,127,122,5,5
53780,147,142,5,5
53781,136,124,12,12
53782,68,67,1,1
53783,133,125,8,8
53784,112,111,1,1
53785,73,69,4,4
53786,104,104,0,0
53787,118,112,6,6
53788,84,94,-10,10
53789,66,69,-3,3
53790,74,71,3,3
53791,71,66,5,5
53792,122,115,7,7
53793,88,89,-1,1
53794,90,96,-6,6
53795,44,52,-8,8
53796,68,81,-13,13
53797,72,78,-6,6
53798,141,135,6,6
53799,84,109,-25,25
53800,120,114,6,6
53801,46,46,0,0
53802,59,62,-3,3
53803,136,128,8,8
53804,47,50,-3,3
53805,57,63,-6,6
53806,64,77,-13,13
53807,114,97,17,17
53808,75,69,6,6
53809,72,74,-2,2
53810,58,58,0,0
53811,70,70,0,0
53812,146,136,10,10
53813,83,100,-17,17
53814,116,133,-17,17
53815,143,133,10,10
53816,118,112,6,6
53817,200,175,25,25
53818,116,102,14,14
53819,124,112,12,12
53820,142,141,1,1
53821,184,154,30,30
53822,137,126,11,11
53823,76,77,-1,1
53824,96,91,5,5
53825,52,56,-4,4
53826,91,83,8,8
53827,55,59,-4,4
53828,95,88,7,7
53829,59,65,-6,6
53830,145,143,2,2
53831,84,70,14,14
53832,112,113,-1,1
53833,63,76,-13,13
53834,60,66,-6,6
53835,134,128,6,6
53836,88,80,8,8
53837,72,74,-2,2
53838,107,112,-5,5
53839,74,73,1,1
53840,94,84,10,10
53841,84,78,6,6
53842,55,66,-11,11
53843,30,39,-9,9
53844,31,47,-16,16
53845,77,84,-7,7
53846,74,75,-1,1
53847,99,85,14,14
53848,148,139,9,9
53849,70,78,-8,8
53850,86,80,6,6
53851,124,137,-13,13
53852,144,138,6,6
53853,77,71,6,6
53854,117,107,10,10
53855,78,74,4,4
53856,53,65,-12,12
53857,105,98,7,7
53858,79,67,12,12
53859,127,118,9,9
53860,94,88,6,6
53861,159,155,4,4
53862,90,89,1,1
53863,71,73,-2,2
53864,156,141,15,15
53865,140,134,6,6
53866,57,52,5,5
53867,91,91,0,0
53868,61,63,-2,2
53869,91,94,-3,3
53870,54,59,-5,5
53871,78,74,4,4
53872,133,112,21,21
53873,121,107,14,14
53874,151,142,9,9
53875,119,113,6,6
53876,76,107,-31,31
53877,98,92,6,6
53878,97,97,0,0
53879,41,47,-6,6
53880,149,156,-7,7
53881,119,112,7,7
53882,80,80,0,0
53883,67,66,1,1
53884,70,75,-5,5
53885,120,109,11,11
53886,125,122,3,3
53887,76,77,-1,1
53888,77,86,-9,9
53889,89,92,-3,3
53890,63,61,2,2
53891,163,154,9,9
53892,51,51,0,0
53893,68,67,1,1
53894,131,129,2,2
53895,109,109,0,0
53896,61,60,1,1
53897,118,128,-10,10
53898,103,101,2,2
53899,137,114,23,23
53900,93,89,4,4
53901,116,99,17,17
53902,61,66,-5,5
53903,80,84,-4,4
53904,88,89,-1,1
53905,121,127,-6,6
53906,63,68,-5,5
53907,150,141,9,9
53908,130,123,7,7
53909,112,105,7,7
53910,48,57,-9,9
53911,159,153,6,6
53912,75,73,2,2
53913,66,70,-4,4
53914,75,77,-2,2
53915,70,69,1,1
53916,80,78,2,2
53917,95,96,-1,1
53918,57,52,5,5
53919,79,74,5,5
53920,69,67,2,2
53921,60,64,-4,4
53922,115,106,9,9
53923,121,98,23,23
53924,71,65,6,6
53925,88,82,6,6
53926,97,96,1,1
53927,56,62,-6,6
53928,107,98,9,9
53929,35,41,-6,6
53930,112,112,0,0
53931,74,81,-7,7
53932,80,78,2,2
53933,89,98,-9,9
53934,81,91,-10,10
53935,142,136,6,6
53936,109,112,-3,3
53937,118,99,19,19
53938,93,90,3,3
53939,127,122,5,5
53940,84,84,0,0
53941,135,131,4,4
53942,128,126,2,2
53943,88,80,8,8
53944,77,85,-8,8
53945,73,83,-10,10
53946,92,84,8,8
53947,163,159,4,4
53948,117,109,8,8
53949,186,174,12,12
53950,118,123,-5,5
53951,79,69,10,10
53952,81,84,-3,3
53953,114,124,-10,10
53954,83,78,5,5
53955,89,77,12,12
53956,139,139,0,0
53957,85,87,-2,2
53958,52,59,-7,7
53959,112,100,12,12
53960,79,83,-4,4
53961,90,83,7,7
53962,102,101,1,1
53963,86,88,-2,2
53964,83,83,0,0
53965,149,135,14,14
53966,50,57,-7,7
53967,73,72,1,1
53968,66,68,-2,2
53969,106,109,-3,3
53970,78,71,7,7
53971,85,88,-3,3
53972,97,108,-11,11
53973,50,50,0,0
53974,126,135,-9,9
53975,83,92,-9,9
53976,98,91,7,7
53977,75,75,0,0
53978,93,91,2,2
53979,143,132,11,11
53980,142,122,20,20
53981,55,63,-8,8
53982,68,66,2,2
53983,61,63,-2,2
53984,68,67,1,1
53985,119,100,19,19
53986,85,83,2,2
53987,56,55,1,1
53988,105,112,-7,7
53989,74,75,-1,1
53990,61,63,-2,2
53991,125,125,0,0
53992,49,53,-4,4
53993,117,123,-6,6
53994,109,112,-3,3
53995,108,121,-13,13
53996,153,160,-7,7
53997,59,59,0,0
53998,173,156,17,17
53999,90,90,0,0
54000,102,99,3,3
54001,53,59,-6,6
54002,91,97,-6,6
54003,162,125,37,37
54004,129,122,7,7
54005,110,109,1,1
54006,80,74,6,6
54007,94,84,10,10
54008,107,102,5,5
54009,57,64,-7,7
54010,109,110,-1,1
54011,73,72,1,1
54012,229,203,26,26
54013,170,162,8,8
54014,70,64,6,6
54015,104,106,-2,2
54016,83,83,0,0
54017,101,98,3,3
54018,86,90,-4,4
54019,108,108,0,0
54020,96,97,-1,1
54021,80,85,-5,5
54022,68,72,-4,4
54023,91,85,6,6
54024,112,114,-2,2
54025,122,112,10,10
54026,132,124,8,8
54027,96,96,0,0
54028,81,88,-7,7
54029,80,93,-13,13
54030,101,95,6,6
54031,117,113,4,4
54032,100,97,3,3
54033,83,96,-13,13
54034,93,92,1,1
54035,103,101,2,2
54036,48,60,-12,12
54037,110,102,8,8
54038,128,114,14,14
54039,37,43,-6,6
54040,110,116,-6,6
54041,94,92,2,2
54042,127,134,-7,7
54043,70,68,2,2
54044,112,108,4,4
54045,189,185,4,4
54046,95,102,-7,7
54047,123,128,-5,5
54048,152,148,4,4
54049,85,84,1,1
54050,60,67,-7,7
54051,74,69,5,5
54052,89,90,-1,1
54053,97,96,1,1
54054,159,141,18,18
54055,90,91,-1,1
54056,76,78,-2,2
54057,83,96,-13,13
54058,71,83,-12,12
54059,105,94,11,11
54060,102,100,2,2
54061,161,143,18,18
54062,123,109,14,14
54063,85,84,1,1
54064,41,48,-7,7
54065,165,150,15,15
54066,60,87,-27,27
54067,123,122,1,1
54068,59,58,1,1
54069,51,51,0,0
54070,160,155,5,5
54071,134,147,-13,13
54072,87,94,-7,7
54073,91,92,-1,1
54074,52,58,-6,6
54075,111,101,10,10
54076,139,143,-4,4
54077,65,71,-6,6
54078,96,93,3,3
54079,92,89,3,3
54080,77,88,-11,11
54081,106,112,-6,6
54082,194,180,14,14
54083,127,120,7,7
54084,121,103,18,18
54085,140,146,-6,6
54086,129,127,2,2
54087,59,65,-6,6
54088,82,91,-9,9
54089,59,65,-6,6
54090,98,94,4,4
54091,214,184,30,30
54092,107,101,6,6
54093,122,120,2,2
54094,75,72,3,3
54095,52,55,-3,3
54096,129,120,9,9
54097,59,62,-3,3
54098,64,63,1,1
54099,144,128,16,16
54100,99,98,1,1
54101,156,139,17,17
54102,173,161,12,12
54103,82,83,-1,1
54104,145,126,19,19
54105,105,98,7,7
54106,102,110,-8,8
54107,69,71,-2,2
54108,51,56,-5,5
54109,44,53,-9,9
54110,30,41,-11,11
54111,118,107,11,11
54112,85,78,7,7
54113,70,71,-1,1
54114,61,70,-9,9
54115,69,66,3,3
54116,81,82,-1,1
54117,68,64,4,4
54118,149,139,10,10
54119,47,66,-19,19
54120,53,61,-8,8
54121,143,137,6,6
54122,91,98,-7,7
54123,93,96,-3,3
54124,45,54,-9,9
54125,122,119,3,3
54126,112,105,7,7
54127,165,144,21,21
54128,57,65,-8,8
54129,101,105,-4,4
54130,54,58,-4,4
54131,55,57,-2,2
54132,74,69,5,5
54133,95,91,4,4
54134,58,90,-32,32
54135,114,124,-10,10
54136,73,91,-18,18
54137,81,77,4,4
54138,63,61,2,2
54139,139,144,-5,5
54140,96,94,2,2
54141,111,106,5,5
54142,157,142,15,15
54143,167,162,5,5
54144,166,138,28,28
54145,115,115,0,0
54146,80,76,4,4
54147,166,137,29,29
54148,89,85,4,4
54149,69,66,3,3
54150,34,48,-14,14
54151,92,90,2,2
54152,81,88,-7,7
54153,131,129,2,2
54154,65,70,-5,5
54155,107,107,0,0
54156,61,66,-5,5
54157,77,85,-8,8
54158,92,94,-2,2
54159,175,169,6,6
54160,154,148,6,6
54161,101,104,-3,3
54162,96,92,4,4
54163,82,83,-1,1
54164,72,69,3,3
54165,60,65,-5,5
54166,137,121,16,16
54167,44,54,-10,10
54168,77,72,5,5
54169,111,106,5,5
54170,41,55,-14,14
54171,119,107,12,12
54172,83,86,-3,3
54173,108,100,8,8
54174,128,112,16,16
54175,76,90,-14,14
54176,41,52,-11,11
54177,79,83,-4,4
54178,175,161,14,14
54179,115,103,12,12
54180,87,94,-7,7
54181,136,120,16,16
54182,76,75,1,1
54183,107,112,-5,5
54184,86,96,-10,10
54185,118,108,10,10
54186,98,92,6,6
54187,73,70,3,3
54188,176,159,17,17
54189,110,98,12,12
54190,73,72,1,1
54191,73,72,1,1
54192,109,111,-2,2
54193,96,101,-5,5
54194,128,115,13,13
54195,65,63,2,2
54196,81,86,-5,5
54197,76,75,1,1
54198,81,89,-8,8
54199,55,51,4,4
54200,93,93,0,0
54201,138,137,1,1
54202,127,118,9,9
54203,110,92,18,18
54204,97,92,5,5
54205,106,111,-5,5
54206,70,73,-3,3
54207,84,99,-15,15
54208,103,98,5,5
54209,109,100,9,9
54210,82,78,4,4
54211,82,85,-3,3
54212,75,71,4,4
54213,96,92,4,4
54214,74,76,-2,2
54215,50,57,-7,7
54216,80,75,5,5
54217,129,136,-7,7
54218,127,129,-2,2
54219,101,111,-10,10
54220,94,91,3,3
54221,80,84,-4,4
54222,51,55,-4,4
54223,98,96,2,2
54224,93,96,-3,3
54225,138,139,-1,1
54226,127,115,12,12
54227,115,109,6,6
54228,57,61,-4,4
54229,62,64,-2,2
54230,125,127,-2,2
54231,74,84,-10,10
54232,104,96,8,8
54233,112,112,0,0
54234,101,97,4,4
54235,81,71,10,10
54236,58,63,-5,5
54237,98,86,12,12
54238,60,61,-1,1
54239,60,66,-6,6
54240,119,105,14,14
54241,92,81,11,11
54242,79,85,-6,6
54243,72,71,1,1
54244,59,66,-7,7
54245,53,56,-3,3
54246,133,124,9,9
54247,81,91,-10,10
54248,167,153,14,14
54249,110,103,7,7
54250,62,65,-3,3
54251,77,75,2,2
54252,81,93,-12,12
54253,108,92,16,16
54254,107,98,9,9
54255,56,59,-3,3
54256,74,71,3,3
54257,55,70,-15,15
54258,41,46,-5,5
54259,95,91,4,4
54260,80,85,-5,5
54261,107,106,1,1
54262,89,90,-1,1
54263,69,69,0,0
54264,89,84,5,5
54265,125,112,13,13
54266,139,137,2,2
54267,63,65,-2,2
54268,79,85,-6,6
54269,111,119,-8,8
54270,80,84,-4,4
54271,89,96,-7,7
54272,65,64,1,1
54273,139,127,12,12
54274,105,99,6,6
54275,59,62,-3,3
54276,108,99,9,9
54277,71,74,-3,3
54278,57,67,-10,10
54279,65,67,-2,2
54280,66,65,1,1
54281,171,163,8,8
54282,69,90,-21,21
54283,137,122,15,15
54284,62,67,-5,5
54285,92,93,-1,1
54286,87,77,10,10
54287,131,123,8,8
54288,160,162,-2,2
54289,78,85,-7,7
54290,82,91,-9,9
54291,152,165,-13,13
54292,34,41,-7,7
54293,80,90,-10,10
54294,201,190,11,11
54295,89,88,1,1
54296,88,93,-5,5
54297,137,129,8,8
54298,58,62,-4,4
54299,87,100,-13,13
54300,106,105,1,1
54301,67,69,-2,2
54302,57,56,1,1
54303,83,76,7,7
54304,105,95,10,10
54305,187,158,29,29
54306,92,91,1,1
54307,43,47,-4,4
54308,130,130,0,0
54309,103,96,7,7
54310,79,78,1,1
54311,176,163,13,13
54312,120,109,11,11
54313,75,75,0,0
54314,75,69,6,6
54315,77,70,7,7
54316,87,86,1,1
54317,49,62,-13,13
54318,164,138,26,26
54319,142,130,12,12
54320,136,128,8,8
54321,51,60,-9,9
54322,79,79,0,0
54323,173,162,11,11
54324,118,113,5,5
54325,75,75,0,0
54326,87,94,-7,7
54327,66,64,2,2
54328,67,70,-3,3
54329,124,113,11,11
54330,62,65,-3,3
54331,88,94,-6,6
54332,87,87,0,0
54333,125,127,-2,2
54334,107,87,20,20
54335,65,65,0,0
54336,50,58,-8,8
54337,80,73,7,7
54338,166,156,10,10
54339,142,132,10,10
54340,171,160,11,11
54341,57,58,-1,1
54342,87,91,-4,4
54343,106,98,8,8
54344,95,102,-7,7
54345,108,97,11,11
54346,105,97,8,8
54347,112,108,4,4
54348,101,89,12,12
54349,89,87,2,2
54350,49,58,-9,9
54351,84,83,1,1
54352,101,101,0,0
54353,66,66,0,0
54354,83,81,2,2
54355,58,58,0,0
54356,85,90,-5,5
54357,91,112,-21,21
54358,53,68,-15,15
54359,94,95,-1,1
54360,97,87,10,10
54361,76,73,3,3
54362,45,59,-14,14
54363,49,53,-4,4
54364,150,146,4,4
54365,104,99,5,5
54366,111,114,-3,3
54367,68,65,3,3
54368,93,97,-4,4
54369,100,102,-2,2
54370,107,106,1,1
54371,121,121,0,0
54372,60,68,-8,8
54373,134,131,3,3
54374,127,119,8,8
54375,76,78,-2,2
54376,122,107,15,15
54377,71,69,2,2
54378,73,79,-6,6
54379,74,72,2,2
54380,133,129,4,4
54381,78,74,4,4
54382,60,74,-14,14
54383,112,123,-11,11
54384,87,94,-7,7
54385,105,97,8,8
54386,62,67,-5,5
54387,76,73,3,3
54388,124,113,11,11
54389,108,112,-4,4
54390,63,65,-2,2
54391,192,171,21,21
54392,63,76,-13,13
54393,94,97,-3,3
54394,76,95,-19,19
54395,153,147,6,6
54396,145,137,8,8
54397,118,123,-5,5
54398,144,145,-1,1
54399,80,88,-8,8
54400,81,78,3,3
54401,167,139,28,28
54402,112,92,20,20
54403,87,94,-7,7
54404,114,78,36,36
54405,96,98,-2,2
54406,72,71,1,1
54407,148,146,2,2
54408,105,106,-1,1
54409,138,144,-6,6
54410,80,83,-3,3
54411,79,87,-8,8
54412,92,88,4,4
54413,104,105,-1,1
54414,60,73,-13,13
54415,179,159,20,20
54416,86,85,1,1
54417,32,57,-25,25
54418,134,112,22,22
54419,71,70,1,1
54420,93,97,-4,4
54421,112,109,3,3
54422,117,113,4,4
54423,112,110,2,2
54424,83,85,-2,2
54425,111,112,-1,1
54426,143,138,5,5
54427,84,80,4,4
54428,58,66,-8,8
54429,78,79,-1,1
54430,116,104,12,12
54431,120,108,12,12
54432,102,94,8,8
54433,155,91,64,64
54434,106,107,-1,1
54435,79,73,6,6
54436,111,114,-3,3
54437,72,73,-1,1
54438,59,62,-3,3
54439,139,142,-3,3
54440,119,112,7,7
54441,100,96,4,4
54442,59,70,-11,11
54443,67,74,-7,7
54444,149,148,1,1
54445,74,73,1,1
54446,96,100,-4,4
54447,196,191,5,5
54448,144,140,4,4
54449,101,95,6,6
54450,80,97,-17,17
54451,76,88,-12,12
54452,96,97,-1,1
54453,112,101,11,11
54454,73,95,-22,22
54455,126,127,-1,1
54456,92,91,1,1
54457,125,127,-2,2
54458,64,68,-4,4
54459,146,139,7,7
54460,77,96,-19,19
54461,148,144,4,4
54462,126,124,2,2
54463,95,100,-5,5
54464,58,57,1,1
54465,146,132,14,14
54466,148,133,15,15
54467,104,106,-2,2
54468,129,118,11,11
54469,60,58,2,2
54470,83,84,-1,1
54471,67,59,8,8
54472,132,117,15,15
54473,82,91,-9,9
54474,34,58,-24,24
54475,76,81,-5,5
54476,116,123,-7,7
54477,119,120,-1,1
54478,96,98,-2,2
54479,138,130,8,8
54480,80,77,3,3
54481,109,111,-2,2
54482,103,98,5,5
54483,57,65,-8,8
54484,41,44,-3,3
54485,121,119,2,2
54486,87,84,3,3
54487,125,119,6,6
54488,82,92,-10,10
54489,36,45,-9,9
54490,63,61,2,2
54491,112,108,4,4
54492,90,84,6,6
54493,110,114,-4,4
54494,184,165,19,19
54495,97,98,-1,1
54496,64,70,-6,6
54497,115,103,12,12
54498,85,83,2,2
54499,60,63,-3,3
54500,68,77,-9,9
54501,118,114,4,4
54502,56,69,-13,13
54503,49,67,-18,18
54504,92,97,-5,5
54505,62,64,-2,2
54506,131,119,12,12
54507,125,118,7,7
54508,146,142,4,4
54509,78,80,-2,2
54510,69,67,2,2
54511,76,73,3,3
54512,66,67,-1,1
54513,71,75,-4,4
54514,97,101,-4,4
54515,264,256,8,8
54516,38,49,-11,11
54517,134,133,1,1
54518,70,68,2,2
54519,67,69,-2,2
54520,128,120,8,8
54521,138,105,33,33
54522,101,112,-11,11
54523,76,76,0,0
54524,42,53,-11,11
54525,138,123,15,15
54526,126,116,10,10
54527,80,76,4,4
54528,61,60,1,1
54529,105,94,11,11
54530,113,112,1,1
54531,96,98,-2,2
54532,97,98,-1,1
54533,74,88,-14,14
54534,129,129,0,0
54535,83,77,6,6
54536,87,81,6,6
54537,72,69,3,3
54538,120,112,8,8
54539,95,113,-18,18
54540,62,66,-4,4
54541,54,60,-6,6
54542,80,83,-3,3
54543,109,98,11,11
54544,90,83,7,7
54545,30,34,-4,4
54546,103,100,3,3
54547,91,100,-9,9
54548,92,83,9,9
54549,79,87,-8,8
54550,120,114,6,6
54551,131,123,8,8
54552,91,95,-4,4
54553,64,65,-1,1
54554,106,103,3,3
54555,81,84,-3,3
54556,86,83,3,3
54557,190,185,5,5
54558,80,77,3,3
54559,108,114,-6,6
54560,136,140,-4,4
54561,84,84,0,0
54562,122,120,2,2
54563,80,76,4,4
54564,80,75,5,5
54565,143,135,8,8
54566,31,43,-12,12
54567,96,93,3,3
54568,74,68,6,6
54569,130,124,6,6
54570,99,97,2,2
54571,90,98,-8,8
54572,89,84,5,5
54573,122,106,16,16
54574,116,113,3,3
54575,111,113,-2,2
54576,129,119,10,10
54577,97,99,-2,2
54578,122,102,20,20
54579,94,115,-21,21
54580,78,84,-6,6
54581,101,97,4,4
54582,77,85,-8,8
54583,99,106,-7,7
54584,91,107,-16,16
54585,74,76,-2,2
54586,120,114,6,6
54587,109,98,11,11
54588,54,63,-9,9
54589,105,95,10,10
54590,140,143,-3,3
54591,175,163,12,12
54592,103,95,8,8
54593,80,84,-4,4
54594,71,76,-5,5
54595,101,96,5,5
54596,91,94,-3,3
54597,75,84,-9,9
54598,51,58,-7,7
54599,59,63,-4,4
54600,108,102,6,6
54601,198,173,25,25
54602,48,50,-2,2
54603,117,113,4,4
54604,44,49,-5,5
54605,105,105,0,0
54606,78,79,-1,1
54607,92,98,-6,6
54608,89,86,3,3
54609,68,68,0,0
54610,50,61,-11,11
54611,83,77,6,6
54612,71,70,1,1
54613,96,113,-17,17
54614,146,131,15,15
54615,134,105,29,29
54616,73,109,-36,36
54617,84,107,-23,23
54618,86,91,-5,5
54619,152,139,13,13
54620,59,64,-5,5
54621,183,169,14,14
54622,50,57,-7,7
54623,83,84,-1,1
54624,103,97,6,6
54625,63,64,-1,1
54626,58,62,-4,4
54627,79,76,3,3
54628,65,91,-26,26
54629,50,60,-10,10
54630,89,83,6,6
54631,132,118,14,14
54632,91,99,-8,8
54633,79,83,-4,4
54634,89,82,7,7
54635,117,122,-5,5
54636,89,81,8,8
54637,109,113,-4,4
54638,124,116,8,8
54639,97,91,6,6
54640,131,128,3,3
54641,86,87,-1,1
54642,77,78,-1,1
54643,96,99,-3,3
54644,94,92,2,2
54645,74,73,1,1
54646,129,121,8,8
54647,104,101,3,3
54648,113,120,-7,7
54649,99,99,0,0
54650,63,54,9,9
54651,95,94,1,1
54652,68,78,-10,10
54653,194,158,36,36
54654,99,107,-8,8
54655,123,132,-9,9
54656,119,112,7,7
54657,108,96,12,12
54658,66,80,-14,14
54659,60,66,-6,6
54660,58,66,-8,8
54661,183,169,14,14
54662,190,176,14,14
54663,165,145,20,20
54664,80,89,-9,9
54665,166,155,11,11
54666,123,124,-1,1
54667,131,132,-1,1
54668,62,68,-6,6
54669,83,72,11,11
54670,125,115,10,10
54671,103,107,-4,4
54672,101,107,-6,6
54673,95,91,4,4
54674,59,64,-5,5
54675,107,98,9,9
54676,79,69,10,10
54677,87,83,4,4
54678,84,87,-3,3
54679,67,67,0,0
54680,75,71,4,4
54681,85,79,6,6
54682,89,83,6,6
54683,105,112,-7,7
54684,71,71,0,0
54685,150,132,18,18
54686,59,62,-3,3
54687,86,83,3,3
54688,85,85,0,0
54689,110,112,-2,2
54690,76,72,4,4
54691,100,100,0,0
54692,109,99,10,10
54693,110,108,2,2
54694,97,107,-10,10
54695,109,109,0,0
54696,188,171,17,17
54697,52,59,-7,7
54698,56,64,-8,8
54699,87,89,-2,2
54700,72,73,-1,1
54701,171,160,11,11
54702,109,104,5,5
54703,86,91,-5,5
54704,140,132,8,8
54705,113,106,7,7
54706,89,87,2,2
54707,102,98,4,4
54708,82,78,4,4
54709,87,83,4,4
54710,85,89,-4,4
54711,150,139,11,11
54712,151,133,18,18
54713,65,74,-9,9
54714,150,141,9,9
54715,102,100,2,2
54716,88,87,1,1
54717,108,110,-2,2
54718,38,50,-12,12
54719,123,118,5,5
54720,92,79,13,13
54721,120,112,8,8
54722,108,99,9,9
54723,72,67,5,5
54724,62,61,1,1
54725,105,105,0,0
54726,71,86,-15,15
54727,99,83,16,16
54728,88,90,-2,2
54729,79,90,-11,11
54730,86,85,1,1
54731,116,102,14,14
54732,74,79,-5,5
54733,93,97,-4,4
54734,198,180,18,18
54735,96,93,3,3
54736,78,77,1,1
54737,57,58,-1,1
54738,45,54,-9,9
54739,140,133,7,7
54740,76,74,2,2
54741,88,93,-5,5
54742,127,128,-1,1
54743,50,60,-10,10
54744,101,107,-6,6
54745,71,78,-7,7
54746,141,129,12,12
54747,110,116,-6,6
54748,144,130,14,14
54749,114,120,-6,6
54750,66,65,1,1
54751,90,98,-8,8
54752,83,79,4,4
54753,143,126,17,17
54754,81,77,4,4
54755,41,44,-3,3
54756,165,156,9,9
54757,92,99,-7,7
54758,43,69,-26,26
54759,84,76,8,8
54760,58,71,-13,13
54761,74,70,4,4
54762,102,84,18,18
54763,62,75,-13,13
54764,115,106,9,9
54765,93,101,-8,8
54766,155,136,19,19
54767,173,172,1,1
54768,145,136,9,9
54769,75,76,-1,1
54770,116,104,12,12
54771,114,119,-5,5
54772,115,115,0,0
54773,123,113,10,10
54774,86,101,-15,15
54775,95,91,4,4
54776,59,62,-3,3
54777,123,122,1,1
54778,111,114,-3,3
54779,109,123,-14,14
54780,92,92,0,0
54781,118,128,-10,10
54782,42,49,-7,7
54783,65,68,-3,3
54784,74,72,2,2
54785,144,143,1,1
54786,139,131,8,8
54787,71,74,-3,3
54788,66,65,1,1
54789,81,78,3,3
54790,103,108,-5,5
54791,65,65,0,0
54792,137,146,-9,9
54793,86,91,-5,5
54794,64,54,10,10
54795,96,96,0,0
54796,76,89,-13,13
54797,56,59,-3,3
54798,59,63,-4,4
54799,70,73,-3,3
54800,79,76,3,3
54801,92,88,4,4
54802,64,74,-10,10
54803,141,139,2,2
54804,111,109,2,2
54805,123,107,16,16
54806,55,63,-8,8
54807,58,61,-3,3
54808,105,88,17,17
54809,124,112,12,12
54810,76,74,2,2
54811,72,92,-20,20
54812,68,75,-7,7
54813,39,50,-11,11
54814,83,75,8,8
54815,90,85,5,5
54816,84,73,11,11
54817,131,113,18,18
54818,100,92,8,8
54819,68,69,-1,1
54820,199,174,25,25
54821,111,105,6,6
54822,63,62,1,1
54823,112,111,1,1
54824,58,65,-7,7
54825,167,159,8,8
54826,167,151,16,16
54827,204,177,27,27
54828,88,91,-3,3
54829,112,117,-5,5
54830,109,107,2,2
54831,74,66,8,8
54832,118,116,2,2
54833,114,112,2,2
54834,52,58,-6,6
54835,79,78,1,1
54836,63,64,-1,1
54837,34,44,-10,10
54838,75,75,0,0
54839,66,68,-2,2
54840,165,168,-3,3
54841,140,106,34,34
54842,68,72,-4,4
54843,119,112,7,7
54844,109,107,2,2
54845,79,78,1,1
54846,96,84,12,12
54847,96,91,5,5
54848,58,60,-2,2
54849,99,98,1,1
54850,68,75,-7,7
54851,61,63,-2,2
54852,89,93,-4,4
54853,135,124,11,11
54854,60,64,-4,4
54855,92,92,0,0
54856,84,77,7,7
54857,84,86,-2,2
54858,94,94,0,0
54859,101,112,-11,11
54860,119,112,7,7
54861,139,148,-9,9
54862,84,84,0,0
54863,204,160,44,44
54864,97,96,1,1
54865,79,89,-10,10
54866,101,104,-3,3
54867,86,86,0,0
54868,84,80,4,4
54869,67,68,-1,1
54870,98,98,0,0
54871,79,77,2,2
54872,90,79,11,11
54873,62,65,-3,3
54874,65,68,-3,3
54875,62,70,-8,8
54876,41,47,-6,6
54877,140,124,16,16
54878,167,151,16,16
54879,129,125,4,4
54880,170,181,-11,11
54881,76,77,-1,1
54882,88,88,0,0
54883,57,59,-2,2
54884,55,61,-6,6
54885,81,77,4,4
54886,142,130,12,12
54887,118,111,7,7
54888,66,65,1,1
54889,61,68,-7,7
54890,97,99,-2,2
54891,88,87,1,1
54892,101,99,2,2
54893,64,65,-1,1
54894,116,109,7,7
54895,90,83,7,7
54896,87,100,-13,13
54897,98,89,9,9
54898,111,111,0,0
54899,67,63,4,4
54900,51,59,-8,8
54901,123,124,-1,1
54902,59,67,-8,8
54903,67,65,2,2
54904,48,53,-5,5
54905,52,67,-15,15
54906,180,180,0,0
54907,61,65,-4,4
54908,162,150,12,12
54909,76,79,-3,3
54910,57,61,-4,4
54911,90,88,2,2
54912,55,65,-10,10
54913,103,112,-9,9
54914,72,79,-7,7
54915,70,63,7,7
54916,154,137,17,17
54917,113,114,-1,1
54918,108,108,0,0
54919,50,67,-17,17
54920,45,64,-19,19
54921,71,65,6,6
54922,132,123,9,9
54923,164,153,11,11
54924,100,100,0,0
54925,46,49,-3,3
54926,85,80,5,5
54927,88,83,5,5
54928,107,112,-5,5
54929,84,81,3,3
54930,48,53,-5,5
54931,98,99,-1,1
54932,154,144,10,10
54933,115,114,1,1
54934,69,73,-4,4
54935,47,56,-9,9
54936,79,71,8,8
54937,74,70,4,4
54938,77,84,-7,7
54939,52,58,-6,6
54940,146,137,9,9
54941,74,83,-9,9
54942,122,115,7,7
54943,83,104,-21,21
54944,134,111,23,23
54945,113,117,-4,4
54946,113,108,5,5
54947,100,112,-12,12
54948,77,76,1,1
54949,91,88,3,3
54950,112,141,-29,29
54951,109,100,9,9
54952,97,94,3,3
54953,156,147,9,9
54954,128,117,11,11
54955,88,94,-6,6
54956,68,69,-1,1
54957,69,70,-1,1
54958,137,131,6,6
54959,68,78,-10,10
54960,65,68,-3,3
54961,93,91,2,2
54962,58,61,-3,3
54963,55,65,-10,10
54964,121,115,6,6
54965,133,133,0,0
54966,50,54,-4,4
54967,228,204,24,24
54968,101,95,6,6
54969,51,56,-5,5
54970,89,87,2,2
54971,63,76,-13,13
54972,70,84,-14,14
54973,41,44,-3,3
54974,114,108,6,6
54975,65,71,-6,6
54976,83,85,-2,2
54977,61,62,-1,1
54978,68,73,-5,5
54979,107,108,-1,1
54980,70,139,-69,69
54981,122,106,16,16
54982,44,51,-7,7
54983,138,137,1,1
54984,178,169,9,9
54985,94,88,6,6
54986,107,97,10,10
54987,63,65,-2,2
54988,84,96,-12,12
54989,124,115,9,9
54990,68,84,-16,16
54991,78,83,-5,5
54992,177,163,14,14
54993,49,63,-14,14
54994,60,58,2,2
54995,63,75,-12,12
54996,39,66,-27,27
54997,88,91,-3,3
54998,150,143,7,7
54999,105,99,6,6
55000,88,83,5,5
55001,58,55,3,3
55002,47,53,-6,6
55003,135,119,16,16
55004,101,95,6,6
55005,61,65,-4,4
55006,114,101,13,13
55007,75,73,2,2
55008,88,81,7,7
55009,69,67,2,2
55010,95,87,8,8
55011,120,133,-13,13
55012,148,156,-8,8
55013,80,78,2,2
55014,54,57,-3,3
55015,85,84,1,1
55016,123,98,25,25
55017,101,99,2,2
55018,108,113,-5,5
55019,62,66,-4,4
55020,68,83,-15,15
55021,55,60,-5,5
55022,103,104,-1,1
55023,115,109,6,6
55024,94,90,4,4
55025,77,78,-1,1
55026,146,129,17,17
55027,62,65,-3,3
55028,57,63,-6,6
55029,204,178,26,26
55030,52,64,-12,12
55031,111,125,-14,14
55032,67,65,2,2
55033,116,112,4,4
55034,168,161,7,7
55035,47,54,-7,7
55036,75,70,5,5
55037,92,91,1,1
55038,139,141,-2,2
55039,130,138,-8,8
55040,118,111,7,7
55041,72,74,-2,2
55042,90,95,-5,5
55043,104,81,23,23
55044,99,103,-4,4
55045,98,99,-1,1
55046,84,86,-2,2
55047,106,91,15,15
55048,69,70,-1,1
55049,72,77,-5,5
55050,86,84,2,2
55051,122,111,11,11
55052,103,90,13,13
55053,113,114,-1,1
55054,70,64,6,6
55055,73,93,-20,20
55056,79,77,2,2
55057,102,96,6,6
55058,79,76,3,3
55059,67,69,-2,2
55060,61,63,-2,2
55061,78,83,-5,5
55062,83,79,4,4
55063,91,81,10,10
55064,49,60,-11,11
55065,64,67,-3,3
55066,76,76,0,0
55067,155,148,7,7
55068,90,90,0,0
55069,78,107,-29,29
55070,67,72,-5,5
55071,112,109,3,3
55072,90,90,0,0
55073,98,99,-1,1
55074,93,94,-1,1
55075,103,103,0,0
55076,64,70,-6,6
55077,94,97,-3,3
55078,58,63,-5,5
55079,76,83,-7,7
55080,153,139,14,14
55081,96,85,11,11
55082,151,147,4,4
55083,60,66,-6,6
55084,87,77,10,10
55085,30,47,-17,17
55086,83,77,6,6
55087,107,112,-5,5
55088,114,103,11,11
55089,74,74,0,0
55090,99,113,-14,14
55091,120,114,6,6
55092,89,89,0,0
55093,215,199,16,16
55094,53,54,-1,1
55095,74,75,-1,1
55096,112,103,9,9
55097,76,78,-2,2
55098,69,69,0,0
55099,146,135,11,11
55100,92,90,2,2
55101,72,74,-2,2
55102,184,157,27,27
55103,50,55,-5,5
55104,82,77,5,5
55105,90,83,7,7
55106,152,133,19,19
55107,41,52,-11,11
55108,149,140,9,9
55109,83,81,2,2
55110,45,60,-15,15
55111,225,201,24,24
55112,169,157,12,12
55113,44,55,-11,11
55114,118,122,-4,4
55115,108,100,8,8
55116,125,118,7,7
55117,124,123,1,1
55118,65,83,-18,18
55119,164,143,21,21
55120,138,135,3,3
55121,87,85,2,2
55122,51,57,-6,6
55123,98,105,-7,7
55124,64,69,-5,5
55125,63,69,-6,6
55126,101,100,1,1
55127,90,86,4,4
55128,104,94,10,10
55129,140,132,8,8
55130,121,109,12,12
55131,107,106,1,1
55132,85,89,-4,4
55133,116,115,1,1
55134,55,66,-11,11
55135,74,83,-9,9
55136,178,137,41,41
55137,134,117,17,17
55138,62,68,-6,6
55139,113,109,4,4
55140,75,70,5,5
55141,84,80,4,4
55142,88,83,5,5
55143,68,78,-10,10
55144,46,54,-8,8
55145,150,159,-9,9
55146,99,80,19,19
55147,108,100,8,8
55148,118,78,40,40
55149,48,59,-11,11
55150,104,91,13,13
55151,73,65,8,8
55152,109,103,6,6
55153,62,66,-4,4
55154,91,78,13,13
55155,119,118,1,1
55156,157,147,10,10
55157,117,109,8,8
55158,60,63,-3,3
55159,90,89,1,1
55160,102,101,1,1
55161,100,96,4,4
55162,99,96,3,3
55163,108,97,11,11
55164,90,88,2,2
55165,120,114,6,6
55166,97,99,-2,2
55167,78,80,-2,2
55168,105,103,2,2
55169,160,149,11,11
55170,143,130,13,13
55171,112,113,-1,1
55172,152,144,8,8
55173,153,137,16,16
55174,65,62,3,3
55175,66,70,-4,4
55176,63,65,-2,2
55177,55,83,-28,28
55178,75,75,0,0
55179,91,86,5,5
55180,81,78,3,3
55181,138,125,13,13
55182,120,110,10,10
55183,86,84,2,2
55184,75,72,3,3
55185,15,29,-14,14
55186,71,73,-2,2
55187,158,143,15,15
55188,102,87,15,15
55189,58,62,-4,4
55190,54,52,2,2
55191,77,80,-3,3
55192,82,75,7,7
55193,69,70,-1,1
55194,92,99,-7,7
55195,132,132,0,0
55196,109,108,1,1
55197,192,176,16,16
55198,62,62,0,0
55199,41,46,-5,5
55200,120,118,2,2
55201,82,81,1,1
55202,116,109,7,7
55203,44,58,-14,14
55204,87,85,2,2
55205,63,71,-8,8
55206,75,76,-1,1
55207,106,96,10,10
55208,198,182,16,16
55209,87,81,6,6
55210,45,48,-3,3
55211,95,93,2,2
55212,128,122,6,6
55213,72,72,0,0
55214,80,86,-6,6
55215,144,146,-2,2
55216,83,79,4,4
55217,138,133,5,5
55218,107,98,9,9
55219,42,52,-10,10
55220,105,106,-1,1
55221,129,123,6,6
55222,78,79,-1,1
55223,157,134,23,23
55224,135,124,11,11
55225,38,41,-3,3
55226,174,157,17,17
55227,83,84,-1,1
55228,79,73,6,6
55229,172,174,-2,2
55230,76,67,9,9
55231,106,87,19,19
55232,102,104,-2,2
55233,60,69,-9,9
55234,160,141,19,19
55235,58,62,-4,4
55236,66,69,-3,3
55237,93,91,2,2
55238,97,91,6,6
55239,99,106,-7,7
55240,232,223,9,9
55241,111,101,10,10
55242,57,66,-9,9
55243,92,101,-9,9
55244,70,66,4,4
55245,58,72,-14,14
55246,58,60,-2,2
55247,80,87,-7,7
55248,119,104,15,15
55249,111,104,7,7
55250,73,77,-4,4
55251,72,69,3,3
55252,98,93,5,5
55253,114,116,-2,2
55254,115,107,8,8
55255,180,53,127,127
55256,137,144,-7,7
55257,106,94,12,12
55258,116,113,3,3
55259,161,150,11,11
55260,53,60,-7,7
55261,160,147,13,13
55262,105,107,-2,2
55263,85,87,-2,2
55264,137,132,5,5
55265,78,79,-1,1
55266,152,150,2,2
55267,107,101,6,6
55268,61,66,-5,5
55269,113,102,11,11
55270,145,140,5,5
55271,125,114,11,11
55272,63,64,-1,1
55273,83,85,-2,2
55274,139,121,18,18
55275,79,75,4,4
55276,136,131,5,5
55277,77,79,-2,2
55278,101,91,10,10
55279,54,62,-8,8
55280,103,103,0,0
55281,84,78,6,6
55282,62,66,-4,4
55283,149,149,0,0
55284,52,57,-5,5
55285,143,133,10,10
55286,185,171,14,14
55287,121,109,12,12
55288,93,103,-10,10
55289,89,85,4,4
55290,71,68,3,3
55291,96,88,8,8
55292,92,83,9,9
55293,132,122,10,10
55294,110,113,-3,3
55295,81,84,-3,3
55296,138,130,8,8
55297,121,125,-4,4
55298,136,123,13,13
55299,108,113,-5,5
55300,102,97,5,5
55301,107,113,-6,6
55302,123,117,6,6
55303,78,75,3,3
55304,123,125,-2,2
55305,191,167,24,24
55306,83,76,7,7
55307,66,70,-4,4
55308,147,136,11,11
55309,75,74,1,1
55310,142,143,-1,1
55311,54,62,-8,8
55312,79,85,-6,6
55313,65,59,6,6
55314,69,69,0,0
55315,92,94,-2,2
55316,116,97,19,19
55317,138,112,26,26
55318,60,65,-5,5
55319,113,109,4,4
55320,107,106,1,1
55321,71,80,-9,9
55322,87,78,9,9
55323,66,70,-4,4
55324,115,118,-3,3
55325,88,91,-3,3
55326,59,67,-8,8
55327,109,102,7,7
55328,101,101,0,0
55329,99,91,8,8
55330,84,87,-3,3
55331,79,71,8,8
55332,144,121,23,23
55333,74,79,-5,5
55334,67,71,-4,4
55335,79,82,-3,3
55336,69,67,2,2
55337,64,71,-7,7
55338,74,68,6,6
55339,122,136,-14,14
55340,88,94,-6,6
55341,85,100,-15,15
55342,135,141,-6,6
55343,150,131,19,19
55344,120,112,8,8
55345,85,86,-1,1
55346,87,93,-6,6
55347,69,75,-6,6
55348,136,124,12,12
55349,139,114,25,25
55350,81,79,2,2
55351,88,89,-1,1
55352,117,112,5,5
55353,127,137,-10,10
55354,83,85,-2,2
55355,53,60,-7,7
55356,41,43,-2,2
55357,97,97,0,0
55358,169,159,10,10
55359,112,102,10,10
55360,38,48,-10,10
55361,84,84,0,0
55362,67,69,-2,2
55363,92,87,5,5
55364,110,106,4,4
55365,88,98,-10,10
55366,78,74,4,4
55367,84,90,-6,6
55368,69,70,-1,1
55369,99,97,2,2
55370,101,110,-9,9
55371,86,87,-1,1
55372,102,103,-1,1
55373,60,63,-3,3
55374,54,59,-5,5
55375,111,113,-2,2
55376,138,128,10,10
55377,82,74,8,8
55378,96,112,-16,16
55379,62,68,-6,6
55380,161,154,7,7
55381,73,78,-5,5
55382,92,92,0,0
55383,115,112,3,3
55384,150,139,11,11
55385,78,78,0,0
55386,93,91,2,2
55387,80,77,3,3
55388,88,91,-3,3
55389,89,86,3,3
55390,107,103,4,4
55391,76,70,6,6
55392,115,118,-3,3
55393,96,97,-1,1
55394,119,117,2,2
55395,56,62,-6,6
55396,100,111,-11,11
55397,101,94,7,7
55398,89,84,5,5
55399,75,81,-6,6
55400,106,100,6,6
55401,68,71,-3,3
55402,69,66,3,3
55403,83,78,5,5
55404,85,91,-6,6
55405,130,129,1,1
55406,64,65,-1,1
55407,44,57,-13,13
55408,83,76,7,7
55409,54,95,-41,41
55410,130,113,17,17
55411,91,95,-4,4
55412,59,80,-21,21
55413,109,98,11,11
55414,145,139,6,6
55415,65,61,4,4
55416,50,52,-2,2
55417,147,134,13,13
55418,90,95,-5,5
55419,143,143,0,0
55420,97,94,3,3
55421,111,105,6,6
55422,63,62,1,1
55423,70,84,-14,14
55424,109,97,12,12
55425,108,119,-11,11
55426,149,140,9,9
55427,98,97,1,1
55428,137,129,8,8
55429,45,53,-8,8
55430,95,94,1,1
55431,59,71,-12,12
55432,71,68,3,3
55433,117,114,3,3
55434,73,76,-3,3
55435,80,79,1,1
55436,168,135,33,33
55437,149,153,-4,4
55438,53,56,-3,3
55439,65,73,-8,8
55440,160,143,17,17
55441,83,84,-1,1
55442,88,88,0,0
55443,98,86,12,12
55444,51,59,-8,8
55445,54,63,-9,9
55446,70,76,-6,6
55447,80,83,-3,3
55448,169,142,27,27
55449,109,105,4,4
55450,57,64,-7,7
55451,119,117,2,2
55452,238,215,23,23
55453,132,129,3,3
55454,78,84,-6,6
55455,88,84,4,4
55456,85,87,-2,2
55457,27,56,-29,29
55458,62,71,-9,9
55459,131,124,7,7
55460,138,129,9,9
55461,43,95,-52,52
55462,58,70,-12,12
55463,76,78,-2,2
55464,72,83,-11,11
55465,121,97,24,24
55466,107,101,6,6
55467,81,85,-4,4
55468,49,70,-21,21
55469,113,103,10,10
55470,71,68,3,3
55471,44,52,-8,8
55472,81,78,3,3
55473,73,68,5,5
55474,85,91,-6,6
55475,100,95,5,5
55476,126,113,13,13
55477,96,93,3,3
55478,67,69,-2,2
55479,114,121,-7,7
55480,97,83,14,14
55481,185,158,27,27
55482,55,58,-3,3
55483,177,174,3,3
55484,85,85,0,0
55485,117,113,4,4
55486,157,140,17,17
55487,129,117,12,12
55488,94,102,-8,8
55489,87,93,-6,6
55490,139,122,17,17
55491,121,117,4,4
55492,65,61,4,4
55493,58,68,-10,10
55494,98,95,3,3
55495,37,44,-7,7
55496,63,70,-7,7
55497,193,187,6,6
55498,101,106,-5,5
55499,69,84,-15,15
55500,133,127,6,6
55501,121,108,13,13
55502,91,94,-3,3
55503,85,87,-2,2
55504,67,76,-9,9
55505,117,113,4,4
55506,61,60,1,1
55507,61,63,-2,2
55508,97,107,-10,10
55509,81,85,-4,4
55510,89,92,-3,3
55511,58,66,-8,8
55512,80,72,8,8
55513,96,85,11,11
55514,87,92,-5,5
55515,69,74,-5,5
55516,116,125,-9,9
55517,138,143,-5,5
55518,65,70,-5,5
55519,90,88,2,2
55520,87,86,1,1
55521,102,98,4,4
55522,79,91,-12,12
55523,146,145,1,1
55524,130,117,13,13
55525,127,113,14,14
55526,96,92,4,4
55527,80,78,2,2
55528,132,131,1,1
55529,115,101,14,14
55530,81,94,-13,13
55531,86,88,-2,2
55532,105,98,7,7
55533,130,121,9,9
55534,84,84,0,0
55535,52,98,-46,46
55536,72,70,2,2
55537,82,84,-2,2
55538,115,112,3,3
55539,100,96,4,4
55540,102,101,1,1
55541,107,109,-2,2
55542,116,113,3,3
55543,61,61,0,0
55544,95,99,-4,4
55545,78,75,3,3
55546,78,81,-3,3
55547,79,73,6,6
55548,82,85,-3,3
55549,71,77,-6,6
55550,128,120,8,8
55551,89,93,-4,4
55552,115,132,-17,17
55553,83,73,10,10
55554,80,74,6,6
55555,79,96,-17,17
55556,69,84,-15,15
55557,123,114,9,9
55558,67,73,-6,6
55559,135,127,8,8
55560,134,153,-19,19
55561,133,125,8,8
55562,52,58,-6,6
55563,175,161,14,14
55564,95,87,8,8
55565,122,117,5,5
55566,74,70,4,4
55567,73,77,-4,4
55568,53,59,-6,6
55569,69,75,-6,6
55570,103,109,-6,6
55571,45,52,-7,7
55572,107,100,7,7
55573,49,59,-10,10
55574,132,119,13,13
55575,89,86,3,3
55576,62,67,-5,5
55577,109,109,0,0
55578,81,81,0,0
55579,72,80,-8,8
55580,52,55,-3,3
55581,74,75,-1,1
55582,36,47,-11,11
55583,68,70,-2,2
55584,73,77,-4,4
55585,89,91,-2,2
55586,63,63,0,0
55587,69,75,-6,6
55588,103,112,-9,9
55589,53,62,-9,9
55590,103,106,-3,3
55591,108,99,9,9
55592,109,155,-46,46
55593,187,185,2,2
55594,69,72,-3,3
55595,124,114,10,10
55596,117,116,1,1
55597,94,94,0,0
55598,44,53,-9,9
55599,120,112,8,8
55600,140,138,2,2
55601,131,119,12,12
55602,100,106,-6,6
55603,147,145,2,2
55604,55,54,1,1
55605,126,130,-4,4
55606,84,90,-6,6
55607,81,85,-4,4
55608,110,93,17,17
55609,68,72,-4,4
55610,90,95,-5,5
55611,79,82,-3,3
55612,108,109,-1,1
55613,69,74,-5,5
55614,67,63,4,4
55615,151,151,0,0
55616,121,113,8,8
55617,67,74,-7,7
55618,100,92,8,8
55619,105,106,-1,1
55620,105,113,-8,8
55621,92,99,-7,7
55622,107,110,-3,3
55623,163,152,11,11
55624,110,108,2,2
55625,115,107,8,8
55626,93,87,6,6
55627,143,133,10,10
55628,105,85,20,20
55629,102,95,7,7
55630,54,55,-1,1
55631,117,117,0,0
55632,94,88,6,6
55633,121,106,15,15
55634,51,54,-3,3
55635,93,98,-5,5
55636,136,135,1,1
55637,75,69,6,6
55638,83,73,10,10
55639,90,87,3,3
55640,110,107,3,3
55641,69,68,1,1
55642,110,106,4,4
55643,78,84,-6,6
55644,85,80,5,5
55645,89,91,-2,2
55646,86,99,-13,13
55647,106,107,-1,1
55648,102,99,3,3
55649,52,59,-7,7
55650,207,202,5,5
55651,93,88,5,5
55652,113,112,1,1
55653,97,98,-1,1
55654,80,91,-11,11
55655,118,125,-7,7
55656,90,94,-4,4
55657,88,98,-10,10
55658,96,98,-2,2
55659,103,106,-3,3
55660,65,69,-4,4
55661,48,54,-6,6
55662,85,76,9,9
55663,104,100,4,4
55664,54,57,-3,3
55665,89,78,11,11
55666,132,131,1,1
55667,83,87,-4,4
55668,80,79,1,1
55669,76,78,-2,2
55670,67,64,3,3
55671,89,89,0,0
55672,149,141,8,8
55673,106,113,-7,7
55674,149,144,5,5
55675,52,60,-8,8
55676,58,66,-8,8
55677,70,75,-5,5
55678,78,77,1,1
55679,212,188,24,24
55680,105,99,6,6
55681,101,91,10,10
55682,107,99,8,8
55683,145,137,8,8
55684,77,78,-1,1
55685,108,96,12,12
55686,97,97,0,0
55687,90,82,8,8
55688,104,102,2,2
55689,99,96,3,3
55690,94,89,5,5
55691,105,111,-6,6
55692,69,75,-6,6
55693,81,88,-7,7
55694,88,89,-1,1
55695,112,114,-2,2
55696,93,98,-5,5
55697,130,130,0,0
55698,145,124,21,21
55699,130,122,8,8
55700,62,70,-8,8
55701,99,100,-1,1
55702,67,68,-1,1
55703,129,115,14,14
55704,72,77,-5,5
55705,96,93,3,3
55706,76,78,-2,2
55707,102,97,5,5
55708,81,84,-3,3
55709,157,151,6,6
55710,100,101,-1,1
55711,122,114,8,8
55712,65,68,-3,3
55713,82,77,5,5
55714,95,90,5,5
55715,133,131,2,2
55716,108,107,1,1
55717,81,83,-2,2
55718,91,93,-2,2
55719,134,124,10,10
55720,146,136,10,10
55721,93,98,-5,5
55722,53,59,-6,6
55723,108,100,8,8
55724,93,91,2,2
55725,99,91,8,8
55726,158,145,13,13
55727,66,76,-10,10
55728,66,68,-2,2
55729,83,91,-8,8
55730,103,95,8,8
55731,54,60,-6,6
55732,144,134,10,10
55733,88,98,-10,10
55734,105,96,9,9
55735,115,106,9,9
55736,125,114,11,11
55737,67,75,-8,8
55738,193,167,26,26
55739,127,104,23,23
55740,29,42,-13,13
55741,86,84,2,2
55742,121,119,2,2
55743,94,82,12,12
55744,125,112,13,13
55745,174,169,5,5
55746,163,150,13,13
55747,128,112,16,16
55748,155,141,14,14
55749,123,127,-4,4
55750,100,99,1,1
55751,80,88,-8,8
55752,121,113,8,8
55753,31,39,-8,8
55754,96,87,9,9
55755,80,76,4,4
55756,83,83,0,0
55757,82,83,-1,1
55758,97,100,-3,3
55759,72,75,-3,3
55760,69,75,-6,6
55761,86,87,-1,1
55762,73,89,-16,16
55763,100,101,-1,1
55764,66,69,-3,3
55765,83,73,10,10
55766,92,100,-8,8
55767,68,64,4,4
55768,118,119,-1,1
55769,97,113,-16,16
55770,62,66,-4,4
55771,78,76,2,2
55772,48,58,-10,10
55773,98,97,1,1
55774,71,74,-3,3
55775,62,68,-6,6
55776,45,63,-18,18
55777,122,122,0,0
55778,91,88,3,3
55779,71,134,-63,63
55780,68,67,1,1
55781,118,119,-1,1
55782,79,84,-5,5
55783,120,123,-3,3
55784,134,140,-6,6
55785,72,76,-4,4
55786,92,87,5,5
55787,49,70,-21,21
55788,100,101,-1,1
55789,90,97,-7,7
55790,71,74,-3,3
55791,83,88,-5,5
55792,71,72,-1,1
55793,90,96,-6,6
55794,168,164,4,4
55795,68,85,-17,17
55796,50,57,-7,7
55797,59,60,-1,1
55798,52,60,-8,8
55799,104,103,1,1
55800,95,100,-5,5
55801,57,66,-9,9
55802,211,199,12,12
55803,58,62,-4,4
55804,125,119,6,6
55805,99,98,1,1
55806,88,98,-10,10
55807,182,159,23,23
55808,99,99,0,0
55809,66,62,4,4
55810,169,154,15,15
55811,105,98,7,7
55812,92,96,-4,4
55813,110,109,1,1
55814,111,102,9,9
55815,95,91,4,4
55816,74,73,1,1
55817,135,117,18,18
55818,51,97,-46,46
55819,78,75,3,3
55820,118,107,11,11
55821,118,118,0,0
55822,104,101,3,3
55823,37,49,-12,12
55824,96,93,3,3
55825,93,88,5,5
55826,60,90,-30,30
55827,102,98,4,4
55828,112,113,-1,1
55829,73,85,-12,12
55830,142,129,13,13
55831,67,68,-1,1
55832,69,67,2,2
55833,103,169,-66,66
55834,42,70,-28,28
55835,99,86,13,13
55836,181,162,19,19
55837,94,89,5,5
55838,83,86,-3,3
55839,98,85,13,13
55840,151,135,16,16
55841,149,130,19,19
55842,92,97,-5,5
55843,129,132,-3,3
55844,79,75,4,4
55845,119,118,1,1
55846,159,147,12,12
55847,63,72,-9,9
55848,74,76,-2,2
55849,141,141,0,0
55850,133,125,8,8
55851,106,101,5,5
55852,180,161,19,19
55853,152,131,21,21
55854,85,82,3,3
55855,118,109,9,9
55856,127,121,6,6
55857,143,145,-2,2
55858,80,90,-10,10
55859,123,121,2,2
55860,131,124,7,7
55861,53,51,2,2
55862,83,77,6,6
55863,97,90,7,7
55864,120,120,0,0
55865,71,70,1,1
55866,127,112,15,15
55867,68,70,-2,2
55868,79,78,1,1
55869,104,113,-9,9
55870,139,141,-2,2
55871,143,150,-7,7
55872,102,111,-9,9
55873,75,71,4,4
55874,105,109,-4,4
55875,71,65,6,6
55876,52,54,-2,2
55877,73,71,2,2
55878,95,87,8,8
55879,84,75,9,9
55880,77,77,0,0
55881,63,74,-11,11
55882,80,91,-11,11
55883,111,104,7,7
55884,146,130,16,16
55885,136,144,-8,8
55886,58,60,-2,2
55887,77,73,4,4
55888,74,98,-24,24
55889,157,149,8,8
55890,113,113,0,0
55891,88,88,0,0
55892,98,99,-1,1
55893,70,75,-5,5
55894,70,78,-8,8
55895,95,95,0,0
55896,113,99,14,14
55897,65,67,-2,2
55898,82,76,6,6
55899,89,94,-5,5
55900,90,85,5,5
55901,75,93,-18,18
55902,73,68,5,5
55903,45,56,-11,11
55904,75,87,-12,12
55905,89,85,4,4
55906,127,112,15,15
55907,189,183,6,6
55908,132,123,9,9
55909,95,91,4,4
55910,113,106,7,7
55911,81,83,-2,2
55912,121,123,-2,2
55913,73,76,-3,3
55914,107,102,5,5
55915,72,69,3,3
55916,110,112,-2,2
55917,69,71,-2,2
55918,149,136,13,13
55919,63,67,-4,4
55920,115,111,4,4
55921,105,98,7,7
55922,88,90,-2,2
55923,65,70,-5,5
55924,87,92,-5,5
55925,94,102,-8,8
55926,125,121,4,4
55927,93,85,8,8
55928,112,104,8,8
55929,103,92,11,11
55930,117,112,5,5
55931,95,95,0,0
55932,76,73,3,3
55933,94,101,-7,7
55934,50,54,-4,4
55935,115,117,-2,2
55936,105,97,8,8
55937,108,99,9,9
55938,141,138,3,3
55939,102,101,1,1
55940,58,69,-11,11
55941,108,104,4,4
55942,89,80,9,9
55943,71,77,-6,6
55944,59,60,-1,1
55945,89,85,4,4
55946,57,61,-4,4
55947,106,97,9,9
55948,161,140,21,21
55949,92,90,2,2
55950,66,69,-3,3
55951,82,83,-1,1
55952,84,75,9,9
55953,115,103,12,12
55954,110,107,3,3
55955,135,126,9,9
55956,93,92,1,1
55957,134,148,-14,14
55958,105,93,12,12
55959,79,76,3,3
55960,25,35,-10,10
55961,124,127,-3,3
55962,29,41,-12,12
55963,96,85,11,11
55964,125,120,5,5
55965,52,56,-4,4
55966,101,100,1,1
55967,70,70,0,0
55968,98,92,6,6
55969,77,72,5,5
55970,167,149,18,18
55971,82,81,1,1
55972,91,88,3,3
55973,70,70,0,0
55974,74,72,2,2
55975,121,119,2,2
55976,46,59,-13,13
55977,76,79,-3,3
55978,111,112,-1,1
55979,58,57,1,1
55980,65,65,0,0
55981,53,55,-2,2
55982,109,118,-9,9
55983,80,83,-3,3
55984,88,90,-2,2
55985,110,105,5,5
55986,98,91,7,7
55987,97,111,-14,14
55988,128,115,13,13
55989,144,133,11,11
55990,82,84,-2,2
55991,131,125,6,6
55992,100,96,4,4
55993,95,97,-2,2
55994,108,102,6,6
55995,82,83,-1,1
55996,73,67,6,6
55997,94,97,-3,3
55998,99,109,-10,10
55999,88,86,2,2
56000,157,152,5,5
56001,75,77,-2,2
56002,95,99,-4,4
56003,82,78,4,4
56004,160,171,-11,11
56005,146,137,9,9
56006,166,171,-5,5
56007,76,76,0,0
56008,139,134,5,5
56009,110,107,3,3
56010,118,121,-3,3
56011,122,113,9,9
56012,50,61,-11,11
56013,59,62,-3,3
56014,112,110,2,2
56015,108,119,-11,11
56016,42,49,-7,7
56017,112,113,-1,1
56018,126,113,13,13
56019,88,97,-9,9
56020,121,106,15,15
56021,83,79,4,4
56022,95,103,-8,8
56023,98,91,7,7
56024,104,106,-2,2
56025,66,69,-3,3
56026,129,126,3,3
56027,85,79,6,6
56028,101,101,0,0
56029,68,74,-6,6
56030,86,88,-2,2
56031,79,76,3,3
56032,91,93,-2,2
56033,113,123,-10,10
56034,149,138,11,11
56035,76,76,0,0
56036,107,108,-1,1
56037,110,109,1,1
56038,75,81,-6,6
56039,100,102,-2,2
56040,110,112,-2,2
56041,115,112,3,3
56042,128,124,4,4
56043,177,161,16,16
56044,105,98,7,7
56045,79,139,-60,60
56046,126,124,2,2
56047,135,145,-10,10
56048,66,63,3,3
56049,148,136,12,12
56050,128,121,7,7
56051,106,95,11,11
56052,99,83,16,16
56053,73,67,6,6
56054,64,69,-5,5
56055,98,122,-24,24
56056,111,106,5,5
56057,124,125,-1,1
56058,117,111,6,6
56059,94,93,1,1
56060,86,82,4,4
56061,80,75,5,5
56062,105,110,-5,5
56063,77,83,-6,6
56064,101,101,0,0
56065,118,112,6,6
56066,130,111,19,19
56067,97,97,0,0
56068,77,77,0,0
56069,76,81,-5,5
56070,122,126,-4,4
56071,116,137,-21,21
56072,67,76,-9,9
56073,109,101,8,8
56074,62,65,-3,3
56075,95,84,11,11
56076,130,126,4,4
56077,49,59,-10,10
56078,64,66,-2,2
56079,84,87,-3,3
56080,147,125,22,22
56081,121,107,14,14
56082,158,155,3,3
56083,105,96,9,9
56084,99,99,0,0
56085,108,111,-3,3
56086,159,152,7,7
56087,87,86,1,1
56088,128,136,-8,8
56089,58,69,-11,11
56090,110,110,0,0
56091,187,175,12,12
56092,87,91,-4,4
56093,143,145,-2,2
56094,84,76,8,8
56095,132,134,-2,2
56096,74,73,1,1
56097,109,109,0,0
56098,86,104,-18,18
56099,111,105,6,6
56100,49,51,-2,2
56101,73,73,0,0
56102,125,131,-6,6
56103,75,74,1,1
56104,78,75,3,3
56105,99,98,1,1
56106,103,112,-9,9
56107,106,100,6,6
56108,57,59,-2,2
56109,139,133,6,6
56110,90,85,5,5
56111,67,65,2,2
56112,60,64,-4,4
56113,46,48,-2,2
56114,56,64,-8,8
56115,135,125,10,10
56116,52,57,-5,5
56117,102,96,6,6
56118,79,80,-1,1
56119,75,78,-3,3
56120,118,117,1,1
56121,107,111,-4,4
56122,24,29,-5,5
56123,102,97,5,5
56124,78,79,-1,1
56125,94,84,10,10
56126,109,94,15,15
56127,139,134,5,5
56128,105,110,-5,5
56129,155,146,9,9
56130,53,55,-2,2
56131,82,93,-11,11
56132,159,162,-3,3
56133,105,99,6,6
56134,102,101,1,1
56135,78,79,-1,1
56136,67,67,0,0
56137,149,143,6,6
56138,84,87,-3,3
56139,87,97,-10,10
56140,132,139,-7,7
56141,83,78,5,5
56142,75,73,2,2
56143,99,96,3,3
56144,77,88,-11,11
56145,97,91,6,6
56146,132,108,24,24
56147,105,112,-7,7
56148,105,92,13,13
56149,59,60,-1,1
56150,69,70,-1,1
56151,120,114,6,6
56152,59,64,-5,5
56153,105,96,9,9
56154,81,82,-1,1
56155,156,155,1,1
56156,62,70,-8,8
56157,63,68,-5,5
56158,156,138,18,18
56159,48,130,-82,82
56160,81,85,-4,4
56161,78,83,-5,5
56162,72,69,3,3
56163,110,107,3,3
56164,76,80,-4,4
56165,82,84,-2,2
56166,76,76,0,0
56167,106,98,8,8
56168,109,115,-6,6
56169,96,91,5,5
56170,129,128,1,1
56171,71,69,2,2
56172,124,136,-12,12
56173,107,102,5,5
56174,97,94,3,3
56175,113,102,11,11
56176,152,142,10,10
56177,91,106,-15,15
56178,78,77,1,1
56179,158,143,15,15
56180,117,113,4,4
56181,97,99,-2,2
56182,83,81,2,2
56183,132,124,8,8
56184,79,80,-1,1
56185,101,104,-3,3
56186,135,123,12,12
56187,96,73,23,23
56188,82,75,7,7
56189,70,77,-7,7
56190,110,104,6,6
56191,141,127,14,14
56192,61,63,-2,2
56193,97,92,5,5
56194,119,95,24,24
56195,67,72,-5,5
56196,92,103,-11,11
56197,84,73,11,11
56198,65,69,-4,4
56199,84,91,-7,7
56200,124,113,11,11
56201,135,132,3,3
56202,146,132,14,14
56203,109,111,-2,2
56204,145,145,0,0
56205,89,84,5,5
56206,136,131,5,5
56207,85,83,2,2
56208,55,64,-9,9
56209,92,99,-7,7
56210,61,65,-4,4
56211,132,122,10,10
56212,65,70,-5,5
56213,112,113,-1,1
56214,107,100,7,7
56215,48,51,-3,3
56216,55,62,-7,7
56217,109,104,5,5
56218,136,127,9,9
56219,94,98,-4,4
56220,45,53,-8,8
56221,139,127,12,12
56222,72,78,-6,6
56223,156,130,26,26
56224,58,64,-6,6
56225,96,86,10,10
56226,83,84,-1,1
56227,94,91,3,3
56228,29,39,-10,10
56229,124,119,5,5
56230,71,77,-6,6
56231,146,128,18,18
56232,97,90,7,7
56233,104,103,1,1
56234,32,44,-12,12
56235,140,130,10,10
56236,57,58,-1,1
56237,112,111,1,1
56238,70,76,-6,6
56239,92,85,7,7
56240,57,65,-8,8
56241,107,112,-5,5
56242,76,78,-2,2
56243,81,78,3,3
56244,115,124,-9,9
56245,22,69,-47,47
56246,96,99,-3,3
56247,84,93,-9,9
56248,103,100,3,3
56249,126,111,15,15
56250,76,75,1,1
56251,159,141,18,18
56252,74,68,6,6
56253,87,78,9,9
56254,46,57,-11,11
56255,33,45,-12,12
56256,76,67,9,9
56257,98,96,2,2
56258,73,67,6,6
56259,105,98,7,7
56260,51,61,-10,10
56261,94,83,11,11
56262,54,59,-5,5
56263,86,92,-6,6
56264,60,65,-5,5
56265,144,135,9,9
56266,74,66,8,8
56267,90,83,7,7
56268,100,101,-1,1
56269,107,113,-6,6
56270,129,111,18,18
56271,133,122,11,11
56272,70,72,-2,2
56273,101,94,7,7
56274,60,69,-9,9
56275,200,176,24,24
56276,64,63,1,1
56277,143,135,8,8
56278,90,90,0,0
56279,72,68,4,4
56280,85,90,-5,5
56281,136,133,3,3
56282,94,103,-9,9
56283,135,115,20,20
56284,102,98,4,4
56285,71,84,-13,13
56286,74,76,-2,2
56287,122,126,-4,4
56288,86,85,1,1
56289,40,49,-9,9
56290,109,112,-3,3
56291,113,114,-1,1
56292,110,105,5,5
56293,68,68,0,0
56294,130,129,1,1
56295,89,94,-5,5
56296,106,109,-3,3
56297,98,99,-1,1
56298,71,61,10,10
56299,128,124,4,4
56300,158,138,20,20
56301,82,83,-1,1
56302,42,50,-8,8
56303,67,68,-1,1
56304,107,112,-5,5
56305,77,76,1,1
56306,113,114,-1,1
56307,73,73,0,0
56308,189,179,10,10
56309,101,100,1,1
56310,117,127,-10,10
56311,113,112,1,1
56312,81,77,4,4
56313,113,108,5,5
56314,108,102,6,6
56315,133,138,-5,5
56316,117,112,5,5
56317,119,113,6,6
56318,72,68,4,4
56319,72,85,-13,13
56320,105,107,-2,2
56321,70,70,0,0
56322,66,64,2,2
56323,152,135,17,17
56324,89,86,3,3
56325,20,26,-6,6
56326,72,75,-3,3
56327,89,85,4,4
56328,83,91,-8,8
56329,121,133,-12,12
56330,119,112,7,7
56331,101,98,3,3
56332,84,86,-2,2
56333,78,86,-8,8
56334,166,151,15,15
56335,117,113,4,4
56336,141,142,-1,1
56337,123,117,6,6
56338,162,152,10,10
56339,50,56,-6,6
56340,60,59,1,1
56341,86,90,-4,4
56342,70,72,-2,2
56343,129,129,0,0
56344,65,68,-3,3
56345,75,84,-9,9
56346,91,73,18,18
56347,55,62,-7,7
56348,82,86,-4,4
56349,102,105,-3,3
56350,74,73,1,1
56351,84,84,0,0
56352,128,118,10,10
56353,91,93,-2,2
56354,120,114,6,6
56355,85,92,-7,7
56356,108,116,-8,8
56357,72,74,-2,2
56358,90,79,11,11
56359,85,91,-6,6
56360,112,108,4,4
56361,148,144,4,4
56362,105,109,-4,4
56363,44,45,-1,1
56364,42,55,-13,13
56365,103,95,8,8
56366,93,77,16,16
56367,63,63,0,0
56368,169,174,-5,5
56369,65,66,-1,1
56370,74,74,0,0
56371,99,99,0,0
56372,129,129,0,0
56373,93,92,1,1
56374,139,131,8,8
56375,64,111,-47,47
56376,93,89,4,4
56377,53,70,-17,17
56378,110,106,4,4
56379,97,94,3,3
56380,170,156,14,14
56381,56,68,-12,12
56382,172,166,6,6
56383,71,69,2,2
56384,161,139,22,22
56385,130,133,-3,3
56386,101,103,-2,2
56387,107,105,2,2
56388,101,100,1,1
56389,64,70,-6,6
56390,75,72,3,3
56391,128,130,-2,2
56392,80,78,2,2
56393,129,127,2,2
56394,54,64,-10,10
56395,71,77,-6,6
56396,55,53,2,2
56397,91,94,-3,3
56398,119,111,8,8
56399,94,94,0,0
56400,158,142,16,16
56401,60,66,-6,6
56402,158,156,2,2
56403,56,57,-1,1
56404,121,121,0,0
56405,79,69,10,10
56406,120,113,7,7
56407,64,72,-8,8
56408,62,80,-18,18
56409,80,78,2,2
56410,135,126,9,9
56411,102,123,-21,21
56412,115,108,7,7
56413,142,144,-2,2
56414,115,126,-11,11
56415,119,126,-7,7
56416,138,128,10,10
56417,97,91,6,6
56418,80,77,3,3
56419,97,99,-2,2
56420,111,112,-1,1
56421,91,93,-2,2
56422,95,101,-6,6
56423,91,95,-4,4
56424,101,89,12,12
56425,130,127,3,3
56426,89,93,-4,4
56427,86,95,-9,9
56428,178,159,19,19
56429,168,158,10,10
56430,63,62,1,1
56431,69,66,3,3
56432,186,165,21,21
56433,143,132,11,11
56434,76,67,9,9
56435,87,92,-5,5
56436,46,57,-11,11
56437,81,85,-4,4
56438,43,51,-8,8
56439,125,117,8,8
56440,190,177,13,13
56441,112,99,13,13
56442,161,152,9,9
56443,119,106,13,13
56444,98,101,-3,3
56445,122,113,9,9
56446,94,92,2,2
56447,68,73,-5,5
56448,103,92,11,11
56449,126,111,15,15
56450,75,73,2,2
56451,123,112,11,11
56452,81,81,0,0
56453,144,148,-4,4
56454,53,52,1,1
56455,164,144,20,20
56456,60,66,-6,6
56457,117,113,4,4
56458,121,118,3,3
56459,90,97,-7,7
56460,86,84,2,2
56461,63,68,-5,5
56462,147,132,15,15
56463,103,98,5,5
56464,68,72,-4,4
56465,91,86,5,5
56466,81,73,8,8
56467,71,71,0,0
56468,63,65,-2,2
56469,123,124,-1,1
56470,105,103,2,2
56471,81,84,-3,3
56472,112,118,-6,6
56473,78,76,2,2
56474,85,85,0,0
56475,118,119,-1,1
56476,65,65,0,0
56477,127,132,-5,5
56478,83,84,-1,1
56479,91,86,5,5
56480,62,66,-4,4
56481,75,79,-4,4
56482,88,97,-9,9
56483,163,153,10,10
56484,48,63,-15,15
56485,93,105,-12,12
56486,85,86,-1,1
56487,142,139,3,3
56488,93,99,-6,6
56489,73,73,0,0
56490,65,68,-3,3
56491,83,81,2,2
56492,77,74,3,3
56493,113,107,6,6
56494,121,114,7,7
56495,71,73,-2,2
56496,64,64,0,0
56497,70,77,-7,7
56498,155,146,9,9
56499,59,62,-3,3
56500,80,76,4,4
56501,80,85,-5,5
56502,59,63,-4,4
56503,83,76,7,7
56504,68,64,4,4
56505,77,87,-10,10
56506,121,108,13,13
56507,63,73,-10,10
56508,82,83,-1,1
56509,145,140,5,5
56510,63,69,-6,6
56511,124,125,-1,1
56512,83,94,-11,11
56513,175,170,5,5
56514,185,178,7,7
56515,65,67,-2,2
56516,61,61,0,0
56517,76,74,2,2
56518,75,83,-8,8
56519,74,90,-16,16
56520,136,119,17,17
56521,47,54,-7,7
56522,66,59,7,7
56523,131,121,10,10
56524,123,109,14,14
56525,118,112,6,6
56526,58,61,-3,3
56527,89,85,4,4
56528,156,142,14,14
56529,55,63,-8,8
56530,115,105,10,10
56531,111,108,3,3
56532,116,127,-11,11
56533,62,71,-9,9
56534,108,98,10,10
56535,120,124,-4,4
56536,112,113,-1,1
56537,56,65,-9,9
56538,142,141,1,1
56539,91,80,11,11
56540,86,85,1,1
56541,121,119,2,2
56542,80,76,4,4
56543,103,103,0,0
56544,76,83,-7,7
56545,100,121,-21,21
56546,94,91,3,3
56547,117,125,-8,8
56548,84,84,0,0
56549,87,93,-6,6
56550,127,119,8,8
56551,90,100,-10,10
56552,96,90,6,6
56553,56,59,-3,3
56554,74,73,1,1
56555,98,94,4,4
56556,107,113,-6,6
56557,125,107,18,18
56558,66,65,1,1
56559,91,99,-8,8
56560,154,161,-7,7
56561,151,132,19,19
56562,77,77,0,0
56563,60,65,-5,5
56564,72,78,-6,6
56565,132,114,18,18
56566,74,75,-1,1
56567,63,65,-2,2
56568,129,129,0,0
56569,169,163,6,6
56570,88,99,-11,11
56571,129,124,5,5
56572,140,131,9,9
56573,80,90,-10,10
56574,94,99,-5,5
56575,49,61,-12,12
56576,145,141,4,4
56577,97,99,-2,2
56578,94,98,-4,4
56579,83,84,-1,1
56580,135,130,5,5
56581,103,99,4,4
56582,40,51,-11,11
56583,119,134,-15,15
56584,60,65,-5,5
56585,44,50,-6,6
56586,104,106,-2,2
56587,49,51,-2,2
56588,70,77,-7,7
56589,59,63,-4,4
56590,114,124,-10,10
56591,65,64,1,1
56592,60,64,-4,4
56593,121,128,-7,7
56594,115,111,4,4
56595,75,74,1,1
56596,74,71,3,3
56597,103,98,5,5
56598,59,61,-2,2
56599,125,130,-5,5
56600,94,91,3,3
56601,73,73,0,0
56602,54,57,-3,3
56603,58,60,-2,2
56604,174,168,6,6
56605,46,51,-5,5
56606,79,81,-2,2
56607,108,99,9,9
56608,50,61,-11,11
56609,120,106,14,14
56610,159,146,13,13
56611,171,166,5,5
56612,81,87,-6,6
56613,85,87,-2,2
56614,118,134,-16,16
56615,73,76,-3,3
56616,114,107,7,7
56617,77,71,6,6
56618,150,130,20,20
56619,72,77,-5,5
56620,64,88,-24,24
56621,85,97,-12,12
56622,112,113,-1,1
56623,57,59,-2,2
56624,101,98,3,3
56625,83,87,-4,4
56626,74,73,1,1
56627,142,132,10,10
56628,111,100,11,11
56629,135,118,17,17
56630,64,67,-3,3
56631,75,69,6,6
56632,188,184,4,4
56633,63,73,-10,10
56634,124,112,12,12
56635,42,57,-15,15
56636,136,122,14,14
56637,50,59,-9,9
56638,87,90,-3,3
56639,140,130,10,10
56640,94,95,-1,1
56641,94,94,0,0
56642,61,75,-14,14
56643,86,84,2,2
56644,126,112,14,14
56645,63,64,-1,1
56646,82,78,4,4
56647,140,142,-2,2
56648,134,120,14,14
56649,79,78,1,1
56650,126,132,-6,6
56651,101,106,-5,5
56652,103,101,2,2
56653,70,70,0,0
56654,85,77,8,8
56655,84,90,-6,6
56656,58,66,-8,8
56657,139,127,12,12
56658,67,77,-10,10
56659,101,105,-4,4
56660,83,87,-4,4
56661,66,64,2,2
56662,59,63,-4,4
56663,77,83,-6,6
56664,53,63,-10,10
56665,130,124,6,6
56666,59,68,-9,9
56667,94,85,9,9
56668,120,114,6,6
56669,108,101,7,7
56670,95,90,5,5
56671,67,67,0,0
56672,103,99,4,4
56673,68,66,2,2
56674,82,78,4,4
56675,111,112,-1,1
56676,78,78,0,0
56677,59,66,-7,7
56678,72,78,-6,6
56679,101,96,5,5
56680,77,86,-9,9
56681,65,67,-2,2
56682,64,73,-9,9
56683,57,66,-9,9
56684,95,98,-3,3
56685,68,69,-1,1
56686,137,123,14,14
56687,65,71,-6,6
56688,82,78,4,4
56689,73,79,-6,6
56690,96,109,-13,13
56691,110,111,-1,1
56692,139,130,9,9
56693,87,74,13,13
56694,113,101,12,12
56695,40,42,-2,2
56696,81,84,-3,3
56697,51,62,-11,11
56698,173,152,21,21
56699,72,87,-15,15
56700,107,103,4,4
56701,112,113,-1,1
56702,125,115,10,10
56703,56,60,-4,4
56704,141,124,17,17
56705,150,138,12,12
56706,136,137,-1,1
56707,127,118,9,9
56708,132,137,-5,5
56709,96,91,5,5
56710,35,53,-18,18
56711,86,86,0,0
56712,108,99,9,9
56713,149,138,11,11
56714,103,103,0,0
56715,144,152,-8,8
56716,135,122,13,13
56717,112,103,9,9
56718,86,98,-12,12
56719,54,56,-2,2
56720,78,76,2,2
56721,72,74,-2,2
56722,87,92,-5,5
56723,79,97,-18,18
56724,109,124,-15,15
56725,120,108,12,12
56726,173,156,17,17
56727,57,64,-7,7
56728,40,45,-5,5
56729,82,85,-3,3
56730,70,77,-7,7
56731,86,92,-6,6
56732,98,99,-1,1
56733,134,140,-6,6
56734,45,48,-3,3
56735,129,118,11,11
56736,68,76,-8,8
56737,91,88,3,3
56738,113,108,5,5
56739,52,62,-10,10
56740,94,91,3,3
56741,94,102,-8,8
56742,113,112,1,1
56743,128,115,13,13
56744,99,107,-8,8
56745,105,99,6,6
56746,86,104,-18,18
56747,148,139,9,9
56748,138,119,19,19
56749,99,84,15,15
56750,94,96,-2,2
56751,73,73,0,0
56752,153,136,17,17
56753,95,97,-2,2
56754,118,123,-5,5
56755,129,124,5,5
56756,50,65,-15,15
56757,123,112,11,11
56758,142,135,7,7
56759,123,118,5,5
56760,148,144,4,4
56761,107,103,4,4
56762,98,105,-7,7
56763,112,110,2,2
56764,137,127,10,10
56765,106,103,3,3
56766,97,90,7,7
56767,96,99,-3,3
56768,245,188,57,57
56769,115,107,8,8
56770,81,77,4,4
56771,130,112,18,18
56772,86,76,10,10
56773,128,122,6,6
56774,73,71,2,2
56775,110,104,6,6
56776,130,122,8,8
56777,97,98,-1,1
56778,80,83,-3,3
56779,91,90,1,1
56780,88,81,7,7
56781,105,103,2,2
56782,75,64,11,11
56783,93,100,-7,7
56784,115,113,2,2
56785,133,126,7,7
56786,142,120,22,22
56787,62,73,-11,11
56788,78,80,-2,2
56789,91,86,5,5
56790,102,97,5,5
56791,109,109,0,0
56792,102,97,5,5
56793,90,82,8,8
56794,135,119,16,16
56795,31,56,-25,25
56796,143,135,8,8
56797,123,114,9,9
56798,102,99,3,3
56799,59,61,-2,2
56800,83,88,-5,5
56801,99,96,3,3
56802,50,68,-18,18
56803,168,147,21,21
56804,80,85,-5,5
56805,104,113,-9,9
56806,117,111,6,6
56807,113,116,-3,3
56808,73,97,-24,24
56809,72,77,-5,5
56810,144,120,24,24
56811,131,129,2,2
56812,107,123,-16,16
56813,85,91,-6,6
56814,58,67,-9,9
56815,67,67,0,0
56816,62,63,-1,1
56817,63,61,2,2
56818,148,148,0,0
56819,139,127,12,12
56820,82,89,-7,7
56821,133,127,6,6
56822,70,77,-7,7
56823,99,100,-1,1
56824,115,111,4,4
56825,121,119,2,2
56826,107,113,-6,6
56827,113,102,11,11
56828,61,68,-7,7
56829,80,76,4,4
56830,78,75,3,3
56831,68,66,2,2
56832,122,127,-5,5
56833,109,106,3,3
56834,71,68,3,3
56835,60,69,-9,9
56836,125,118,7,7
56837,68,67,1,1
56838,114,113,1,1
56839,93,84,9,9
56840,75,77,-2,2
56841,99,101,-2,2
56842,133,128,5,5
56843,78,85,-7,7
56844,45,48,-3,3
56845,87,77,10,10
56846,72,79,-7,7
56847,129,119,10,10
56848,93,91,2,2
56849,95,97,-2,2
56850,119,117,2,2
56851,96,85,11,11
56852,45,48,-3,3
56853,151,138,13,13
56854,75,73,2,2
56855,84,88,-4,4
56856,75,72,3,3
56857,97,133,-36,36
56858,79,83,-4,4
56859,132,129,3,3
56860,108,103,5,5
56861,115,109,6,6
56862,89,99,-10,10
56863,84,89,-5,5
56864,132,127,5,5
56865,94,90,4,4
56866,182,179,3,3
56867,170,150,20,20
56868,93,92,1,1
56869,70,76,-6,6
56870,38,49,-11,11
56871,102,108,-6,6
56872,139,127,12,12
56873,97,102,-5,5
56874,87,85,2,2
56875,86,79,7,7
56876,76,89,-13,13
56877,91,100,-9,9
56878,81,82,-1,1
56879,86,77,9,9
56880,90,86,4,4
56881,73,78,-5,5
56882,122,121,1,1
56883,81,79,2,2
56884,182,165,17,17
56885,73,78,-5,5
56886,108,102,6,6
56887,70,68,2,2
56888,170,155,15,15
56889,98,97,1,1
56890,83,88,-5,5
56891,89,94,-5,5
56892,79,84,-5,5
56893,77,84,-7,7
56894,82,91,-9,9
56895,79,78,1,1
56896,165,147,18,18
56897,57,67,-10,10
56898,94,103,-9,9
56899,101,92,9,9
56900,170,174,-4,4
56901,68,77,-9,9
56902,121,114,7,7
56903,137,126,11,11
56904,72,70,2,2
56905,109,108,1,1
56906,81,78,3,3
56907,71,76,-5,5
56908,135,134,1,1
56909,105,100,5,5
56910,101,97,4,4
56911,71,83,-12,12
56912,93,96,-3,3
56913,75,77,-2,2
56914,68,132,-64,64
56915,107,104,3,3
56916,76,75,1,1
56917,127,121,6,6
56918,117,119,-2,2
56919,123,105,18,18
56920,158,157,1,1
56921,96,96,0,0
56922,44,48,-4,4
56923,100,99,1,1
56924,69,74,-5,5
56925,77,85,-8,8
56926,66,75,-9,9
56927,71,66,5,5
56928,117,113,4,4
56929,103,109,-6,6
56930,99,97,2,2
56931,131,128,3,3
56932,50,49,1,1
56933,39,45,-6,6
56934,74,72,2,2
56935,51,58,-7,7
56936,91,95,-4,4
56937,104,111,-7,7
56938,76,75,1,1
56939,126,125,1,1
56940,79,83,-4,4
56941,88,94,-6,6
56942,103,101,2,2
56943,156,139,17,17
56944,153,148,5,5
56945,82,79,3,3
56946,69,74,-5,5
56947,85,91,-6,6
56948,90,101,-11,11
56949,118,107,11,11
56950,113,113,0,0
56951,63,71,-8,8
56952,39,50,-11,11
56953,125,120,5,5
56954,111,125,-14,14
56955,85,85,0,0
56956,69,76,-7,7
56957,164,154,10,10
56958,115,114,1,1
56959,100,114,-14,14
56960,97,96,1,1
56961,76,88,-12,12
56962,109,119,-10,10
56963,122,114,8,8
56964,75,78,-3,3
56965,94,96,-2,2
56966,73,71,2,2
56967,138,126,12,12
56968,109,94,15,15
56969,84,94,-10,10
56970,65,65,0,0
56971,97,95,2,2
56972,150,141,9,9
56973,158,150,8,8
56974,74,77,-3,3
56975,64,72,-8,8
56976,102,103,-1,1
56977,83,95,-12,12
56978,181,159,22,22
56979,149,133,16,16
56980,67,65,2,2
56981,108,112,-4,4
56982,126,122,4,4
56983,129,122,7,7
56984,123,115,8,8
56985,88,85,3,3
56986,79,87,-8,8
56987,122,106,16,16
56988,88,82,6,6
56989,129,132,-3,3
56990,82,79,3,3
56991,72,77,-5,5
56992,116,107,9,9
56993,93,101,-8,8
56994,82,79,3,3
56995,153,150,3,3
56996,169,149,20,20
56997,79,93,-14,14
56998,92,91,1,1
56999,123,114,9,9
57000,75,93,-18,18
57001,162,165,-3,3
57002,79,82,-3,3
57003,90,88,2,2
57004,74,85,-11,11
57005,130,127,3,3
57006,128,114,14,14
57007,75,84,-9,9
57008,86,84,2,2
57009,111,112,-1,1
57010,100,97,3,3
57011,57,64,-7,7
57012,126,121,5,5
57013,61,65,-4,4
57014,79,83,-4,4
57015,80,71,9,9
57016,49,59,-10,10
57017,83,82,1,1
57018,65,71,-6,6
57019,76,78,-2,2
57020,99,98,1,1
57021,152,131,21,21
57022,74,76,-2,2
57023,90,95,-5,5
57024,116,122,-6,6
57025,150,142,8,8
57026,98,109,-11,11
57027,136,124,12,12
57028,109,109,0,0
57029,131,147,-16,16
57030,44,52,-8,8
57031,52,56,-4,4
57032,73,72,1,1
57033,160,125,35,35
57034,104,102,2,2
57035,71,68,3,3
57036,52,57,-5,5
57037,69,68,1,1
57038,120,107,13,13
57039,51,50,1,1
57040,65,73,-8,8
57041,93,90,3,3
57042,62,80,-18,18
57043,108,103,5,5
57044,86,95,-9,9
57045,65,74,-9,9
57046,151,148,3,3
57047,82,92,-10,10
57048,54,56,-2,2
57049,57,64,-7,7
57050,87,87,0,0
57051,75,84,-9,9
57052,76,77,-1,1
57053,144,139,5,5
57054,82,87,-5,5
57055,70,70,0,0
57056,65,70,-5,5
57057,130,129,1,1
57058,179,181,-2,2
57059,143,143,0,0
57060,128,120,8,8
57061,59,63,-4,4
57062,141,127,14,14
57063,91,86,5,5
57064,117,112,5,5
57065,103,101,2,2
57066,102,106,-4,4
57067,150,122,28,28
57068,91,87,4,4
57069,82,89,-7,7
57070,72,67,5,5
57071,146,130,16,16
57072,51,57,-6,6
57073,119,123,-4,4
57074,94,99,-5,5
57075,113,102,11,11
57076,115,112,3,3
57077,50,56,-6,6
57078,72,89,-17,17
57079,127,119,8,8
57080,67,76,-9,9
57081,76,77,-1,1
57082,96,106,-10,10
57083,137,143,-6,6
57084,189,175,14,14
57085,83,87,-4,4
57086,90,92,-2,2
57087,85,82,3,3
57088,99,98,1,1
57089,88,90,-2,2
57090,163,153,10,10
57091,78,84,-6,6
57092,63,64,-1,1
57093,87,92,-5,5
57094,81,86,-5,5
57095,117,131,-14,14
57096,86,79,7,7
57097,97,97,0,0
57098,120,113,7,7
57099,61,59,2,2
57100,109,112,-3,3
57101,82,83,-1,1
57102,98,90,8,8
57103,100,93,7,7
57104,114,104,10,10
57105,61,66,-5,5
57106,88,94,-6,6
57107,75,78,-3,3
57108,96,98,-2,2
57109,125,131,-6,6
57110,216,196,20,20
57111,91,90,1,1
57112,149,168,-19,19
57113,104,96,8,8
57114,69,71,-2,2
57115,65,68,-3,3
57116,116,101,15,15
57117,66,67,-1,1
57118,53,59,-6,6
57119,61,71,-10,10
57120,106,108,-2,2
57121,118,108,10,10
57122,145,141,4,4
57123,90,87,3,3
57124,76,75,1,1
57125,48,55,-7,7
57126,38,45,-7,7
57127,65,69,-4,4
57128,98,93,5,5
57129,48,61,-13,13
57130,93,96,-3,3
57131,117,120,-3,3
57132,66,70,-4,4
57133,110,99,11,11
57134,121,115,6,6
57135,95,91,4,4
57136,81,80,1,1
57137,48,60,-12,12
57138,80,87,-7,7
57139,136,146,-10,10
57140,55,57,-2,2
57141,110,101,9,9
57142,104,113,-9,9
57143,89,86,3,3
57144,90,104,-14,14
57145,111,111,0,0
57146,85,93,-8,8
57147,113,111,2,2
57148,100,100,0,0
57149,147,129,18,18
57150,86,93,-7,7
57151,76,79,-3,3
57152,164,141,23,23
57153,130,119,11,11
57154,99,92,7,7
57155,40,48,-8,8
57156,175,176,-1,1
57157,148,147,1,1
57158,106,109,-3,3
57159,152,148,4,4
57160,91,96,-5,5
57161,98,95,3,3
57162,51,62,-11,11
57163,88,91,-3,3
57164,89,88,1,1
57165,63,61,2,2
57166,84,85,-1,1
57167,75,72,3,3
57168,117,109,8,8
57169,111,112,-1,1
57170,134,146,-12,12
57171,81,89,-8,8
57172,101,107,-6,6
57173,61,62,-1,1
57174,116,112,4,4
57175,77,83,-6,6
57176,121,115,6,6
57177,101,96,5,5
57178,22,39,-17,17
57179,89,89,0,0
57180,134,131,3,3
57181,132,135,-3,3
57182,48,55,-7,7
57183,102,97,5,5
57184,90,85,5,5
57185,89,92,-3,3
57186,109,112,-3,3
57187,164,148,16,16
57188,93,97,-4,4
57189,93,97,-4,4
57190,63,75,-12,12
57191,99,100,-1,1
57192,72,71,1,1
57193,85,87,-2,2
57194,76,78,-2,2
57195,85,82,3,3
57196,125,86,39,39
57197,63,65,-2,2
57198,47,61,-14,14
57199,123,125,-2,2
57200,88,99,-11,11
57201,75,71,4,4
57202,78,78,0,0
57203,73,66,7,7
57204,113,126,-13,13
57205,88,84,4,4
57206,91,79,12,12
57207,99,97,2,2
57208,92,98,-6,6
57209,102,107,-5,5
57210,84,89,-5,5
57211,153,145,8,8
57212,117,123,-6,6
57213,61,62,-1,1
57214,81,77,4,4
57215,148,142,6,6
57216,88,75,13,13
57217,109,104,5,5
57218,124,115,9,9
57219,44,58,-14,14
57220,75,74,1,1
57221,107,108,-1,1
57222,74,78,-4,4
57223,75,69,6,6
57224,97,85,12,12
57225,95,91,4,4
57226,72,70,2,2
57227,71,70,1,1
57228,100,98,2,2
57229,110,99,11,11
57230,67,64,3,3
57231,59,60,-1,1
57232,162,147,15,15
57233,97,101,-4,4
57234,66,74,-8,8
57235,87,84,3,3
57236,142,135,7,7
57237,77,79,-2,2
57238,61,59,2,2
57239,61,116,-55,55
57240,131,119,12,12
57241,84,81,3,3
57242,77,83,-6,6
57243,60,61,-1,1
57244,77,81,-4,4
57245,47,54,-7,7
57246,71,80,-9,9
57247,118,123,-5,5
57248,105,113,-8,8
57249,137,130,7,7
57250,48,65,-17,17
57251,81,83,-2,2
57252,105,88,17,17
57253,107,106,1,1
57254,149,142,7,7
57255,88,83,5,5
57256,104,98,6,6
57257,130,113,17,17
57258,118,115,3,3
57259,50,72,-22,22
57260,113,105,8,8
57261,48,56,-8,8
57262,105,106,-1,1
57263,63,71,-8,8
57264,63,68,-5,5
57265,65,72,-7,7
57266,105,106,-1,1
57267,38,46,-8,8
57268,57,60,-3,3
57269,94,93,1,1
57270,87,79,8,8
57271,68,70,-2,2
57272,66,76,-10,10
57273,87,89,-2,2
57274,121,113,8,8
57275,104,97,7,7
57276,124,123,1,1
57277,158,140,18,18
57278,30,42,-12,12
57279,101,113,-12,12
57280,86,74,12,12
57281,93,91,2,2
57282,123,133,-10,10
57283,102,90,12,12
57284,142,153,-11,11
57285,61,78,-17,17
57286,75,81,-6,6
57287,125,129,-4,4
57288,95,95,0,0
57289,171,159,12,12
57290,96,126,-30,30
57291,123,121,2,2
57292,106,113,-7,7
57293,62,64,-2,2
57294,87,87,0,0
57295,57,62,-5,5
57296,56,55,1,1
57297,124,114,10,10
57298,81,80,1,1
57299,109,97,12,12
57300,165,170,-5,5
57301,171,171,0,0
57302,104,101,3,3
57303,59,67,-8,8
57304,40,50,-10,10
57305,74,84,-10,10
57306,127,123,4,4
57307,73,85,-12,12
57308,130,117,13,13
57309,47,66,-19,19
57310,59,63,-4,4
57311,156,135,21,21
57312,101,96,5,5
57313,89,72,17,17
57314,95,95,0,0
57315,60,74,-14,14
57316,91,94,-3,3
57317,74,74,0,0
57318,160,147,13,13
57319,114,105,9,9
57320,148,138,10,10
57321,80,75,5,5
57322,24,34,-10,10
57323,52,60,-8,8
57324,259,226,33,33
57325,44,50,-6,6
57326,149,140,9,9
57327,57,63,-6,6
57328,126,127,-1,1
57329,142,131,11,11
57330,111,113,-2,2
57331,167,154,13,13
57332,76,77,-1,1
57333,69,69,0,0
57334,110,114,-4,4
57335,92,110,-18,18
57336,99,87,12,12
57337,95,98,-3,3
57338,114,106,8,8
57339,91,97,-6,6
57340,104,100,4,4
57341,84,85,-1,1
57342,164,147,17,17
57343,44,55,-11,11
57344,75,70,5,5
57345,95,93,2,2
57346,27,44,-17,17
57347,81,83,-2,2
57348,72,75,-3,3
57349,100,91,9,9
57350,131,113,18,18
57351,61,70,-9,9
57352,89,87,2,2
57353,65,69,-4,4
57354,53,65,-12,12
57355,103,112,-9,9
57356,129,124,5,5
57357,114,102,12,12
57358,102,101,1,1
57359,87,95,-8,8
57360,77,71,6,6
57361,72,76,-4,4
57362,71,75,-4,4
57363,67,63,4,4
57364,116,114,2,2
57365,102,97,5,5
57366,83,79,4,4
57367,55,58,-3,3
57368,71,85,-14,14
57369,84,78,6,6
57370,98,95,3,3
57371,101,93,8,8
57372,82,76,6,6
57373,117,117,0,0
57374,126,126,0,0
57375,66,73,-7,7
57376,81,91,-10,10
57377,189,188,1,1
57378,90,82,8,8
57379,86,84,2,2
57380,107,101,6,6
57381,117,129,-12,12
57382,54,58,-4,4
57383,81,89,-8,8
57384,85,79,6,6
57385,88,94,-6,6
57386,57,63,-6,6
57387,103,103,0,0
57388,103,99,4,4
57389,95,86,9,9
57390,107,103,4,4
57391,91,91,0,0
57392,111,127,-16,16
57393,200,180,20,20
57394,83,91,-8,8
57395,86,85,1,1
57396,80,86,-6,6
57397,109,112,-3,3
57398,69,68,1,1
57399,78,76,2,2
57400,70,78,-8,8
57401,77,79,-2,2
57402,69,68,1,1
57403,96,87,9,9
57404,121,139,-18,18
57405,90,97,-7,7
57406,152,141,11,11
57407,91,86,5,5
57408,89,91,-2,2
57409,104,99,5,5
57410,88,73,15,15
57411,113,112,1,1
57412,81,92,-11,11
57413,92,87,5,5
57414,112,101,11,11
57415,113,114,-1,1
57416,119,111,8,8
57417,68,71,-3,3
57418,183,156,27,27
57419,154,140,14,14
57420,115,114,1,1
57421,173,188,-15,15
57422,108,100,8,8
57423,124,125,-1,1
57424,71,67,4,4
57425,84,78,6,6
57426,80,79,1,1
57427,90,101,-11,11
57428,74,70,4,4
57429,89,76,13,13
57430,81,91,-10,10
57431,100,91,9,9
57432,136,134,2,2
57433,55,58,-3,3
57434,105,106,-1,1
57435,77,75,2,2
57436,192,178,14,14
57437,99,92,7,7
57438,90,90,0,0
57439,134,123,11,11
57440,113,108,5,5
57441,90,86,4,4
57442,150,129,21,21
57443,52,58,-6,6
57444,102,96,6,6
57445,55,56,-1,1
57446,110,107,3,3
57447,57,60,-3,3
57448,57,63,-6,6
57449,97,94,3,3
57450,117,119,-2,2
57451,83,85,-2,2
57452,121,112,9,9
57453,58,64,-6,6
57454,101,100,1,1
57455,63,67,-4,4
57456,105,102,3,3
57457,94,91,3,3
57458,138,133,5,5
57459,62,63,-1,1
57460,113,115,-2,2
57461,50,59,-9,9
57462,90,94,-4,4
57463,135,136,-1,1
57464,68,62,6,6
57465,94,96,-2,2
57466,63,63,0,0
57467,179,159,20,20
57468,78,76,2,2
57469,197,168,29,29
57470,124,121,3,3
57471,115,124,-9,9
57472,105,100,5,5
57473,135,134,1,1
57474,59,64,-5,5
57475,75,87,-12,12
57476,131,125,6,6
57477,125,124,1,1
57478,82,91,-9,9
57479,193,181,12,12
57480,23,35,-12,12
57481,67,67,0,0
57482,204,187,17,17
57483,78,83,-5,5
57484,95,100,-5,5
57485,143,142,1,1
57486,69,70,-1,1
57487,78,73,5,5
57488,185,173,12,12
57489,60,66,-6,6
57490,93,86,7,7
57491,49,55,-6,6
57492,151,131,20,20
57493,93,89,4,4
57494,109,101,8,8
57495,58,61,-3,3
57496,132,112,20,20
57497,85,76,9,9
57498,118,100,18,18
57499,69,72,-3,3
57500,76,77,-1,1
57501,68,78,-10,10
57502,68,69,-1,1
57503,103,112,-9,9
57504,116,113,3,3
57505,189,159,30,30
57506,64,72,-8,8
57507,54,57,-3,3
57508,99,100,-1,1
57509,140,127,13,13
57510,52,52,0,0
57511,144,136,8,8
57512,96,95,1,1
57513,60,80,-20,20
57514,131,131,0,0
57515,101,110,-9,9
57516,21,52,-31,31
57517,77,78,-1,1
57518,94,95,-1,1
57519,64,63,1,1
57520,77,71,6,6
57521,89,92,-3,3
57522,68,70,-2,2
57523,100,74,26,26
57524,94,94,0,0
57525,99,97,2,2
57526,104,106,-2,2
57527,76,77,-1,1
57528,41,50,-9,9
57529,89,83,6,6
57530,159,136,23,23
57531,145,129,16,16
57532,89,83,6,6
57533,117,124,-7,7
57534,56,65,-9,9
57535,112,105,7,7
57536,59,58,1,1
57537,54,60,-6,6
57538,83,75,8,8
57539,70,75,-5,5
57540,64,68,-4,4
57541,134,127,7,7
57542,107,112,-5,5
57543,81,84,-3,3
57544,117,120,-3,3
57545,123,123,0,0
57546,114,102,12,12
57547,173,154,19,19
57548,79,73,6,6
57549,117,108,9,9
57550,32,45,-13,13
57551,87,83,4,4
57552,189,181,8,8
57553,70,78,-8,8
57554,155,134,21,21
57555,81,85,-4,4
57556,168,154,14,14
57557,114,112,2,2
57558,153,160,-7,7
57559,124,113,11,11
57560,51,50,1,1
57561,105,112,-7,7
57562,101,113,-12,12
57563,86,91,-5,5
57564,129,123,6,6
57565,122,114,8,8
57566,149,135,14,14
57567,85,79,6,6
57568,73,73,0,0
57569,66,70,-4,4
57570,180,158,22,22
57571,33,40,-7,7
57572,70,76,-6,6
57573,101,116,-15,15
57574,89,97,-8,8
57575,120,119,1,1
57576,121,112,9,9
57577,91,92,-1,1
57578,90,88,2,2
57579,121,114,7,7
57580,154,152,2,2
57581,110,104,6,6
57582,65,64,1,1
57583,107,117,-10,10
57584,141,133,8,8
57585,61,69,-8,8
57586,119,120,-1,1
57587,135,135,0,0
57588,185,161,24,24
57589,46,53,-7,7
57590,89,89,0,0
57591,134,130,4,4
57592,102,97,5,5
57593,138,136,2,2
57594,104,97,7,7
57595,176,160,16,16
57596,112,109,3,3
57597,135,128,7,7
57598,119,113,6,6
57599,82,76,6,6
57600,99,103,-4,4
57601,119,111,8,8
57602,98,110,-12,12
57603,96,98,-2,2
57604,90,100,-10,10
57605,81,72,9,9
57606,65,67,-2,2
57607,120,113,7,7
57608,90,86,4,4
57609,80,84,-4,4
57610,81,90,-9,9
57611,78,97,-19,19
57612,82,76,6,6
57613,155,132,23,23
57614,77,73,4,4
57615,116,118,-2,2
57616,78,83,-5,5
57617,69,67,2,2
57618,64,68,-4,4
57619,88,89,-1,1
57620,56,59,-3,3
57621,62,68,-6,6
57622,49,59,-10,10
57623,120,108,12,12
57624,154,143,11,11
57625,86,88,-2,2
57626,61,69,-8,8
57627,66,67,-1,1
57628,145,120,25,25
57629,83,92,-9,9
57630,136,130,6,6
57631,88,98,-10,10
57632,71,75,-4,4
57633,93,86,7,7
57634,97,93,4,4
57635,94,85,9,9
57636,97,102,-5,5
57637,57,70,-13,13
57638,142,139,3,3
57639,119,114,5,5
57640,87,93,-6,6
57641,131,137,-6,6
57642,119,121,-2,2
57643,76,72,4,4
57644,55,55,0,0
57645,106,101,5,5
57646,70,75,-5,5
57647,103,101,2,2
57648,96,86,10,10
57649,150,147,3,3
57650,128,127,1,1
57651,38,46,-8,8
57652,65,76,-11,11
57653,79,74,5,5
57654,96,88,8,8
57655,88,84,4,4
57656,185,192,-7,7
57657,81,76,5,5
57658,151,135,16,16
57659,94,95,-1,1
57660,72,76,-4,4
57661,110,102,8,8
57662,109,103,6,6
57663,80,76,4,4
57664,68,74,-6,6
57665,111,99,12,12
57666,67,72,-5,5
57667,95,91,4,4
57668,114,114,0,0
57669,51,57,-6,6
57670,111,108,3,3
57671,118,104,14,14
57672,157,132,25,25
57673,82,84,-2,2
57674,119,98,21,21
57675,73,75,-2,2
57676,88,81,7,7
57677,46,50,-4,4
57678,61,65,-4,4
57679,81,84,-3,3
57680,117,112,5,5
57681,87,86,1,1
57682,71,65,6,6
57683,70,67,3,3
57684,98,109,-11,11
57685,89,92,-3,3
57686,100,92,8,8
57687,124,112,12,12
57688,166,152,14,14
57689,90,84,6,6
57690,43,51,-8,8
57691,175,156,19,19
57692,104,108,-4,4
57693,180,167,13,13
57694,57,58,-1,1
57695,36,52,-16,16
57696,144,150,-6,6
57697,136,127,9,9
57698,56,61,-5,5
57699,93,97,-4,4
57700,91,92,-1,1
57701,98,98,0,0
57702,82,70,12,12
57703,101,112,-11,11
57704,113,114,-1,1
57705,53,63,-10,10
57706,55,62,-7,7
57707,120,111,9,9
57708,105,100,5,5
57709,71,76,-5,5
57710,78,77,1,1
57711,165,158,7,7
57712,82,87,-5,5
57713,126,118,8,8
57714,114,106,8,8
57715,143,130,13,13
57716,118,116,2,2
57717,94,97,-3,3
57718,41,45,-4,4
57719,67,69,-2,2
57720,83,79,4,4
57721,119,100,19,19
57722,62,67,-5,5
57723,55,54,1,1
57724,95,98,-3,3
57725,91,98,-7,7
57726,68,70,-2,2
57727,144,143,1,1
57728,64,67,-3,3
57729,43,60,-17,17
57730,81,85,-4,4
57731,94,82,12,12
57732,77,77,0,0
57733,167,165,2,2
57734,51,61,-10,10
57735,117,109,8,8
57736,93,94,-1,1
57737,71,72,-1,1
57738,64,71,-7,7
57739,168,156,12,12
57740,98,98,0,0
57741,38,44,-6,6
57742,124,116,8,8
57743,104,110,-6,6
57744,45,50,-5,5
57745,36,47,-11,11
57746,82,82,0,0
57747,120,107,13,13
57748,108,115,-7,7
57749,43,53,-10,10
57750,85,77,8,8
57751,146,132,14,14
57752,82,98,-16,16
57753,115,104,11,11
57754,98,90,8,8
57755,87,85,2,2
57756,124,126,-2,2
57757,86,85,1,1
57758,92,110,-18,18
57759,109,90,19,19
57760,125,115,10,10
57761,140,140,0,0
57762,84,101,-17,17
57763,66,68,-2,2
57764,131,119,12,12
57765,81,75,6,6
57766,88,85,3,3
57767,143,145,-2,2
57768,74,78,-4,4
57769,118,126,-8,8
57770,56,65,-9,9
57771,61,65,-4,4
57772,112,117,-5,5
57773,119,106,13,13
57774,102,93,9,9
57775,101,119,-18,18
57776,71,71,0,0
57777,118,113,5,5
57778,119,133,-14,14
57779,83,87,-4,4
57780,133,118,15,15
57781,57,61,-4,4
57782,87,84,3,3
57783,6,26,-20,20
57784,76,81,-5,5
57785,124,118,6,6
57786,28,36,-8,8
57787,65,66,-1,1
57788,86,74,12,12
57789,111,113,-2,2
57790,59,70,-11,11
57791,94,95,-1,1
57792,97,112,-15,15
57793,115,119,-4,4
57794,75,78,-3,3
57795,144,135,9,9
57796,86,98,-12,12
57797,74,74,0,0
57798,102,106,-4,4
57799,79,76,3,3
57800,99,95,4,4
57801,140,150,-10,10
57802,101,100,1,1
57803,156,140,16,16
57804,92,90,2,2
57805,70,74,-4,4
57806,59,71,-12,12
57807,116,111,5,5
57808,138,132,6,6
57809,136,137,-1,1
57810,61,63,-2,2
57811,53,58,-5,5
57812,79,72,7,7
57813,90,86,4,4
57814,127,120,7,7
57815,177,147,30,30
57816,110,118,-8,8
57817,129,120,9,9
57818,106,120,-14,14
57819,74,78,-4,4
57820,154,153,1,1
57821,129,126,3,3
57822,73,72,1,1
57823,77,86,-9,9
57824,84,93,-9,9
57825,103,99,4,4
57826,90,120,-30,30
57827,109,111,-2,2
57828,68,66,2,2
57829,72,69,3,3
57830,105,118,-13,13
57831,65,66,-1,1
57832,95,90,5,5
57833,133,132,1,1
57834,103,96,7,7
57835,107,112,-5,5
57836,79,74,5,5
57837,116,109,7,7
57838,91,83,8,8
57839,72,85,-13,13
57840,66,82,-16,16
57841,147,134,13,13
57842,90,98,-8,8
57843,192,207,-15,15
57844,98,112,-14,14
57845,105,99,6,6
57846,44,55,-11,11
57847,102,91,11,11
57848,82,92,-10,10
57849,107,102,5,5
57850,102,99,3,3
57851,135,124,11,11
57852,157,144,13,13
57853,61,58,3,3
57854,155,143,12,12
57855,121,127,-6,6
57856,77,75,2,2
57857,142,134,8,8
57858,95,82,13,13
57859,104,97,7,7
57860,77,77,0,0
57861,135,129,6,6
57862,101,101,0,0
57863,65,66,-1,1
57864,108,105,3,3
57865,46,55,-9,9
57866,196,183,13,13
57867,83,83,0,0
57868,92,87,5,5
57869,66,64,2,2
57870,87,84,3,3
57871,76,76,0,0
57872,24,46,-22,22
57873,94,101,-7,7
57874,85,73,12,12
57875,147,189,-42,42
57876,104,112,-8,8
57877,97,96,1,1
57878,159,138,21,21
57879,103,100,3,3
57880,114,119,-5,5
57881,133,133,0,0
57882,66,67,-1,1
57883,101,105,-4,4
57884,71,68,3,3
57885,85,87,-2,2
57886,87,77,10,10
57887,116,98,18,18
57888,88,81,7,7
57889,64,64,0,0
57890,48,55,-7,7
57891,55,61,-6,6
57892,61,88,-27,27
57893,86,97,-11,11
57894,56,58,-2,2
57895,58,57,1,1
57896,77,78,-1,1
57897,70,76,-6,6
57898,78,85,-7,7
57899,136,124,12,12
57900,69,70,-1,1
57901,68,66,2,2
57902,102,99,3,3
57903,67,66,1,1
57904,82,77,5,5
57905,54,57,-3,3
57906,70,75,-5,5
57907,83,78,5,5
57908,129,118,11,11
57909,43,50,-7,7
57910,46,62,-16,16
57911,119,118,1,1
57912,50,56,-6,6
57913,76,79,-3,3
57914,168,156,12,12
57915,83,81,2,2
57916,116,104,12,12
57917,121,131,-10,10
57918,96,104,-8,8
57919,126,131,-5,5
57920,86,88,-2,2
57921,85,80,5,5
57922,93,79,14,14
57923,52,57,-5,5
57924,129,122,7,7
57925,87,87,0,0
57926,38,49,-11,11
57927,61,76,-15,15
57928,77,78,-1,1
57929,73,73,0,0
57930,143,146,-3,3
57931,59,67,-8,8
57932,57,62,-5,5
57933,64,67,-3,3
57934,140,133,7,7
57935,109,113,-4,4
57936,91,91,0,0
57937,64,66,-2,2
57938,105,93,12,12
57939,121,111,10,10
57940,65,62,3,3
57941,80,84,-4,4
57942,75,76,-1,1
57943,90,84,6,6
57944,93,100,-7,7
57945,60,65,-5,5
57946,75,74,1,1
57947,97,98,-1,1
57948,130,122,8,8
57949,111,102,9,9
57950,82,77,5,5
57951,102,99,3,3
57952,72,73,-1,1
57953,180,179,1,1
57954,71,84,-13,13
57955,92,92,0,0
57956,109,104,5,5
57957,113,106,7,7
57958,117,117,0,0
57959,105,106,-1,1
57960,85,85,0,0
57961,75,70,5,5
57962,77,78,-1,1
57963,79,79,0,0
57964,106,99,7,7
57965,52,65,-13,13
57966,107,83,24,24
57967,89,93,-4,4
57968,150,141,9,9
57969,84,83,1,1
57970,78,84,-6,6
57971,124,112,12,12
57972,58,62,-4,4
57973,110,109,1,1
57974,108,107,1,1
57975,95,108,-13,13
57976,139,126,13,13
57977,92,91,1,1
57978,63,69,-6,6
57979,81,87,-6,6
57980,103,93,10,10
57981,75,74,1,1
57982,75,81,-6,6
57983,125,120,5,5
57984,98,107,-9,9
57985,101,98,3,3
57986,73,84,-11,11
57987,95,93,2,2
57988,120,112,8,8
57989,90,104,-14,14
57990,178,155,23,23
57991,111,112,-1,1
57992,90,90,0,0
57993,91,77,14,14
57994,92,81,11,11
57995,77,77,0,0
57996,87,85,2,2
57997,121,117,4,4
57998,99,91,8,8
57999,119,123,-4,4
58000,85,93,-8,8
58001,102,100,2,2
58002,102,98,4,4
58003,68,67,1,1
58004,159,138,21,21
58005,91,78,13,13
58006,85,91,-6,6
58007,77,82,-5,5
58008,136,131,5,5
58009,182,170,12,12
58010,101,101,0,0
58011,63,60,3,3
58012,89,102,-13,13
58013,78,80,-2,2
58014,104,101,3,3
58015,113,107,6,6
58016,88,90,-2,2
58017,87,87,0,0
58018,182,152,30,30
58019,97,95,2,2
58020,123,119,4,4
58021,93,118,-25,25
58022,77,68,9,9
58023,87,84,3,3
58024,71,74,-3,3
58025,60,61,-1,1
58026,95,100,-5,5
58027,92,85,7,7
58028,78,75,3,3
58029,84,89,-5,5
58030,153,139,14,14
58031,140,141,-1,1
58032,99,86,13,13
58033,57,63,-6,6
58034,83,89,-6,6
58035,79,75,4,4
58036,87,90,-3,3
58037,85,101,-16,16
58038,80,75,5,5
58039,69,76,-7,7
58040,68,71,-3,3
58041,94,97,-3,3
58042,79,87,-8,8
58043,115,112,3,3
58044,59,63,-4,4
58045,183,180,3,3
58046,64,65,-1,1
58047,109,101,8,8
58048,54,52,2,2
58049,62,62,0,0
58050,69,85,-16,16
58051,62,61,1,1
58052,71,73,-2,2
58053,140,133,7,7
58054,73,72,1,1
58055,124,124,0,0
58056,86,95,-9,9
58057,142,147,-5,5
58058,170,162,8,8
58059,69,68,1,1
58060,124,121,3,3
58061,123,121,2,2
58062,104,88,16,16
58063,65,74,-9,9
58064,110,110,0,0
58065,80,75,5,5
58066,66,71,-5,5
58067,96,94,2,2
58068,116,118,-2,2
58069,74,72,2,2
58070,59,61,-2,2
58071,64,61,3,3
58072,115,119,-4,4
58073,89,84,5,5
58074,136,121,15,15
58075,51,54,-3,3
58076,73,72,1,1
58077,68,72,-4,4
58078,116,112,4,4
58079,135,137,-2,2
58080,29,41,-12,12
58081,96,85,11,11
58082,38,56,-18,18
58083,170,167,3,3
58084,125,120,5,5
58085,160,142,18,18
58086,108,113,-5,5
58087,144,134,10,10
58088,70,66,4,4
58089,100,95,5,5
58090,62,65,-3,3
58091,129,125,4,4
58092,99,90,9,9
58093,93,98,-5,5
58094,108,97,11,11
58095,59,60,-1,1
58096,43,52,-9,9
58097,119,107,12,12
58098,71,64,7,7
58099,147,157,-10,10
58100,60,62,-2,2
58101,79,89,-10,10
58102,64,70,-6,6
58103,73,75,-2,2
58104,105,106,-1,1
58105,80,77,3,3
58106,79,86,-7,7
58107,90,88,2,2
58108,89,81,8,8
58109,73,70,3,3
58110,113,117,-4,4
58111,78,86,-8,8
58112,63,85,-22,22
58113,142,129,13,13
58114,145,149,-4,4
58115,95,98,-3,3
58116,101,99,2,2
58117,126,113,13,13
58118,154,139,15,15
58119,184,151,33,33
58120,116,119,-3,3
58121,84,86,-2,2
58122,129,124,5,5
58123,74,73,1,1
58124,97,92,5,5
58125,88,107,-19,19
58126,102,105,-3,3
58127,69,72,-3,3
58128,73,82,-9,9
58129,77,68,9,9
58130,98,97,1,1
58131,78,79,-1,1
58132,108,90,18,18
58133,78,79,-1,1
58134,86,96,-10,10
58135,70,66,4,4
58136,70,75,-5,5
58137,78,74,4,4
58138,81,77,4,4
58139,55,66,-11,11
58140,37,46,-9,9
58141,80,81,-1,1
58142,68,70,-2,2
58143,130,130,0,0
58144,100,96,4,4
58145,71,77,-6,6
58146,97,96,1,1
58147,147,142,5,5
58148,93,98,-5,5
58149,165,161,4,4
58150,70,75,-5,5
58151,59,69,-10,10
58152,46,52,-6,6
58153,132,113,19,19
58154,90,77,13,13
58155,208,197,11,11
58156,124,122,2,2
58157,92,99,-7,7
58158,75,74,1,1
58159,103,99,4,4
58160,47,57,-10,10
58161,72,64,8,8
58162,65,69,-4,4
58163,107,110,-3,3
58164,131,126,5,5
58165,67,74,-7,7
58166,119,113,6,6
58167,63,66,-3,3
58168,153,136,17,17
58169,72,76,-4,4
58170,131,141,-10,10
58171,92,88,4,4
58172,70,71,-1,1
58173,93,100,-7,7
58174,48,67,-19,19
58175,75,70,5,5
58176,185,176,9,9
58177,90,91,-1,1
58178,53,57,-4,4
58179,130,124,6,6
58180,139,139,0,0
58181,92,97,-5,5
58182,77,104,-27,27
58183,130,116,14,14
58184,88,84,4,4
58185,68,76,-8,8
58186,144,122,22,22
58187,73,76,-3,3
58188,136,132,4,4
58189,115,107,8,8
58190,79,86,-7,7
58191,97,95,2,2
58192,70,69,1,1
58193,76,78,-2,2
58194,110,104,6,6
58195,103,114,-11,11
58196,106,106,0,0
58197,82,82,0,0
58198,82,88,-6,6
58199,64,66,-2,2
58200,108,109,-1,1
58201,162,149,13,13
58202,64,69,-5,5
58203,42,52,-10,10
58204,128,126,2,2
58205,93,88,5,5
58206,83,76,7,7
58207,75,70,5,5
58208,113,107,6,6
58209,131,122,9,9
58210,70,66,4,4
58211,82,87,-5,5
58212,53,57,-4,4
58213,92,94,-2,2
58214,123,114,9,9
58215,132,123,9,9
58216,71,70,1,1
58217,83,87,-4,4
58218,52,58,-6,6
58219,102,100,2,2
58220,51,60,-9,9
58221,90,81,9,9
58222,121,126,-5,5
58223,125,126,-1,1
58224,66,66,0,0
58225,99,108,-9,9
58226,71,83,-12,12
58227,103,101,2,2
58228,87,90,-3,3
58229,130,131,-1,1
58230,74,73,1,1
58231,171,154,17,17
58232,146,121,25,25
58233,81,81,0,0
58234,72,67,5,5
58235,81,97,-16,16
58236,58,59,-1,1
58237,111,103,8,8
58238,148,141,7,7
58239,76,74,2,2
58240,78,74,4,4
58241,91,92,-1,1
58242,91,93,-2,2
58243,70,74,-4,4
58244,155,134,21,21
58245,89,97,-8,8
58246,55,55,0,0
58247,97,85,12,12
58248,71,69,2,2
58249,134,136,-2,2
58250,85,74,11,11
58251,76,70,6,6
58252,98,108,-10,10
58253,51,59,-8,8
58254,111,106,5,5
58255,59,65,-6,6
58256,112,106,6,6
58257,43,48,-5,5
58258,122,112,10,10
58259,62,77,-15,15
58260,57,58,-1,1
58261,94,103,-9,9
58262,92,92,0,0
58263,113,117,-4,4
58264,125,113,12,12
58265,98,101,-3,3
58266,58,60,-2,2
58267,110,104,6,6
58268,69,72,-3,3
58269,57,66,-9,9
58270,54,55,-1,1
58271,69,68,1,1
58272,84,97,-13,13
58273,81,94,-13,13
58274,72,74,-2,2
58275,120,112,8,8
58276,59,64,-5,5
58277,121,113,8,8
58278,54,66,-12,12
58279,62,63,-1,1
58280,83,76,7,7
58281,85,79,6,6
58282,102,103,-1,1
58283,109,97,12,12
58284,128,137,-9,9
58285,128,113,15,15
58286,155,118,37,37
58287,75,76,-1,1
58288,44,44,0,0
58289,106,106,0,0
58290,122,112,10,10
58291,99,95,4,4
58292,76,75,1,1
58293,93,89,4,4
58294,59,64,-5,5
58295,115,106,9,9
58296,147,135,12,12
58297,104,106,-2,2
58298,56,62,-6,6
58299,119,112,7,7
58300,92,95,-3,3
58301,55,61,-6,6
58302,70,66,4,4
58303,79,84,-5,5
58304,106,100,6,6
58305,141,125,16,16
58306,142,138,4,4
58307,100,100,0,0
58308,71,69,2,2
58309,37,43,-6,6
58310,58,60,-2,2
58311,107,112,-5,5
58312,104,102,2,2
58313,125,121,4,4
58314,95,122,-27,27
58315,164,152,12,12
58316,45,61,-16,16
58317,86,78,8,8
58318,101,97,4,4
58319,117,107,10,10
58320,85,97,-12,12
58321,60,63,-3,3
58322,141,144,-3,3
58323,101,99,2,2
58324,113,99,14,14
58325,108,109,-1,1
58326,86,85,1,1
58327,121,110,11,11
58328,165,174,-9,9
58329,58,61,-3,3
58330,165,161,4,4
58331,99,100,-1,1
58332,77,83,-6,6
58333,120,114,6,6
58334,132,120,12,12
58335,138,119,19,19
58336,104,125,-21,21
58337,59,61,-2,2
58338,68,64,4,4
58339,76,80,-4,4
58340,81,85,-4,4
58341,126,122,4,4
58342,125,97,28,28
58343,39,46,-7,7
58344,103,83,20,20
58345,64,70,-6,6
58346,120,111,9,9
58347,53,61,-8,8
58348,81,75,6,6
58349,128,117,11,11
58350,75,74,1,1
58351,67,62,5,5
58352,158,139,19,19
58353,77,92,-15,15
58354,140,131,9,9
58355,75,83,-8,8
58356,114,115,-1,1
58357,82,79,3,3
58358,96,97,-1,1
58359,142,128,14,14
58360,84,96,-12,12
58361,84,69,15,15
58362,69,69,0,0
58363,63,67,-4,4
58364,83,86,-3,3
58365,136,133,3,3
58366,107,103,4,4
58367,95,97,-2,2
58368,157,136,21,21
58369,89,90,-1,1
58370,85,85,0,0
58371,102,101,1,1
58372,103,108,-5,5
58373,88,84,4,4
58374,100,98,2,2
58375,69,70,-1,1
58376,84,75,9,9
58377,32,40,-8,8
58378,52,58,-6,6
58379,156,142,14,14
58380,71,66,5,5
58381,114,113,1,1
58382,83,84,-1,1
58383,81,81,0,0
58384,164,139,25,25
58385,109,103,6,6
58386,89,97,-8,8
58387,125,106,19,19
58388,82,74,8,8
58389,73,76,-3,3
58390,117,138,-21,21
58391,69,72,-3,3
58392,98,95,3,3
58393,114,100,14,14
58394,86,84,2,2
58395,112,102,10,10
58396,96,102,-6,6
58397,113,104,9,9
58398,86,97,-11,11
58399,130,124,6,6
58400,80,78,2,2
58401,134,130,4,4
58402,158,154,4,4
58403,59,59,0,0
58404,55,64,-9,9
58405,87,93,-6,6
58406,42,50,-8,8
58407,76,74,2,2
58408,62,59,3,3
58409,119,113,6,6
58410,103,102,1,1
58411,172,170,2,2
58412,134,130,4,4
58413,68,68,0,0
58414,62,58,4,4
58415,57,66,-9,9
58416,147,134,13,13
58417,93,95,-2,2
58418,116,108,8,8
58419,161,152,9,9
58420,79,94,-15,15
58421,148,145,3,3
58422,118,114,4,4
58423,46,60,-14,14
58424,130,132,-2,2
58425,163,147,16,16
58426,56,62,-6,6
58427,74,72,2,2
58428,66,76,-10,10
58429,84,74,10,10
58430,76,82,-6,6
58431,88,83,5,5
58432,69,69,0,0
58433,60,65,-5,5
58434,75,75,0,0
58435,164,148,16,16
58436,71,81,-10,10
58437,125,104,21,21
58438,86,91,-5,5
58439,62,61,1,1
58440,82,84,-2,2
58441,55,58,-3,3
58442,58,73,-15,15
58443,52,66,-14,14
58444,107,100,7,7
58445,82,91,-9,9
58446,118,114,4,4
58447,104,100,4,4
58448,65,65,0,0
58449,148,155,-7,7
58450,104,107,-3,3
58451,189,173,16,16
58452,126,128,-2,2
58453,92,94,-2,2
58454,122,118,4,4
58455,75,76,-1,1
58456,99,99,0,0
58457,99,96,3,3
58458,154,148,6,6
58459,89,98,-9,9
58460,145,143,2,2
58461,81,70,11,11
58462,146,155,-9,9
58463,171,169,2,2
58464,52,55,-3,3
58465,81,76,5,5
58466,102,99,3,3
58467,137,143,-6,6
58468,43,50,-7,7
58469,93,97,-4,4
58470,62,65,-3,3
58471,110,100,10,10
58472,78,72,6,6
58473,112,117,-5,5
58474,64,70,-6,6
58475,52,56,-4,4
58476,51,69,-18,18
58477,71,78,-7,7
58478,62,64,-2,2
58479,54,53,1,1
58480,81,67,14,14
58481,156,134,22,22
58482,76,78,-2,2
58483,74,68,6,6
58484,63,69,-6,6
58485,59,56,3,3
58486,45,50,-5,5
58487,127,106,21,21
58488,110,100,10,10
58489,68,69,-1,1
58490,89,91,-2,2
58491,64,66,-2,2
58492,116,122,-6,6
58493,68,73,-5,5
58494,211,206,5,5
58495,93,89,4,4
58496,79,77,2,2
58497,84,85,-1,1
58498,73,70,3,3
58499,82,77,5,5
58500,80,97,-17,17
58501,75,78,-3,3
58502,83,85,-2,2
58503,123,117,6,6
58504,52,53,-1,1
58505,133,124,9,9
58506,90,86,4,4
58507,70,69,1,1
58508,74,80,-6,6
58509,84,89,-5,5
58510,90,91,-1,1
58511,92,93,-1,1
58512,55,68,-13,13
58513,62,67,-5,5
58514,120,114,6,6
58515,84,86,-2,2
58516,83,73,10,10
58517,95,111,-16,16
58518,79,72,7,7
58519,89,94,-5,5
58520,149,138,11,11
58521,81,113,-32,32
58522,91,97,-6,6
58523,87,75,12,12
58524,76,78,-2,2
58525,45,50,-5,5
58526,226,220,6,6
58527,125,113,12,12
58528,148,156,-8,8
58529,60,64,-4,4
58530,134,132,2,2
58531,165,152,13,13
58532,129,114,15,15
58533,65,64,1,1
58534,89,85,4,4
58535,95,101,-6,6
58536,83,84,-1,1
58537,79,77,2,2
58538,111,104,7,7
58539,83,83,0,0
58540,121,115,6,6
58541,97,98,-1,1
58542,114,113,1,1
58543,55,55,0,0
58544,118,112,6,6
58545,95,101,-6,6
58546,80,76,4,4
58547,112,112,0,0
58548,127,118,9,9
58549,140,130,10,10
58550,100,155,-55,55
58551,50,56,-6,6
58552,130,124,6,6
58553,77,77,0,0
58554,86,96,-10,10
58555,117,101,16,16
58556,163,153,10,10
58557,78,78,0,0
58558,118,113,5,5
58559,110,113,-3,3
58560,93,84,9,9
58561,76,93,-17,17
58562,71,65,6,6
58563,85,88,-3,3
58564,39,48,-9,9
58565,77,84,-7,7
58566,57,59,-2,2
58567,68,70,-2,2
58568,74,74,0,0
58569,80,76,4,4
58570,86,92,-6,6
58571,55,57,-2,2
58572,129,114,15,15
58573,181,181,0,0
58574,71,72,-1,1
58575,106,122,-16,16
58576,43,48,-5,5
58577,157,149,8,8
58578,68,70,-2,2
58579,134,121,13,13
58580,137,139,-2,2
58581,71,71,0,0
58582,48,52,-4,4
58583,45,56,-11,11
58584,75,77,-2,2
58585,67,81,-14,14
58586,108,98,10,10
58587,81,78,3,3
58588,94,97,-3,3
58589,229,216,13,13
58590,58,63,-5,5
58591,75,81,-6,6
58592,97,113,-16,16
58593,142,136,6,6
58594,196,155,41,41
58595,78,79,-1,1
58596,101,111,-10,10
58597,100,95,5,5
58598,82,76,6,6
58599,100,100,0,0
58600,81,85,-4,4
58601,81,89,-8,8
58602,106,129,-23,23
58603,74,70,4,4
58604,77,85,-8,8
58605,124,114,10,10
58606,35,45,-10,10
58607,76,84,-8,8
58608,106,104,2,2
58609,83,85,-2,2
58610,82,87,-5,5
58611,77,76,1,1
58612,113,111,2,2
58613,86,81,5,5
58614,115,112,3,3
58615,98,95,3,3
58616,69,78,-9,9
58617,90,96,-6,6
58618,99,94,5,5
58619,59,71,-12,12
58620,109,101,8,8
58621,72,77,-5,5
58622,130,123,7,7
58623,118,116,2,2
58624,113,110,3,3
58625,98,98,0,0
58626,102,95,7,7
58627,142,127,15,15
58628,95,104,-9,9
58629,89,92,-3,3
58630,45,61,-16,16
58631,35,40,-5,5
58632,54,60,-6,6
58633,102,90,12,12
58634,27,35,-8,8
58635,66,66,0,0
58636,35,50,-15,15
58637,115,108,7,7
58638,148,141,7,7
58639,98,92,6,6
58640,115,114,1,1
58641,79,89,-10,10
58642,84,85,-1,1
58643,147,140,7,7
58644,79,74,5,5
58645,62,64,-2,2
58646,95,87,8,8
58647,71,72,-1,1
58648,66,72,-6,6
58649,84,87,-3,3
58650,142,129,13,13
58651,142,122,20,20
58652,91,91,0,0
58653,102,98,4,4
58654,105,136,-31,31
58655,66,64,2,2
58656,83,90,-7,7
58657,63,65,-2,2
58658,66,72,-6,6
58659,109,119,-10,10
58660,71,66,5,5
58661,92,92,0,0
58662,139,142,-3,3
58663,117,114,3,3
58664,120,116,4,4
58665,94,108,-14,14
58666,99,98,1,1
58667,58,58,0,0
58668,129,124,5,5
58669,66,77,-11,11
58670,126,107,19,19
58671,111,116,-5,5
58672,54,57,-3,3
58673,153,127,26,26
58674,82,84,-2,2
58675,56,63,-7,7
58676,59,65,-6,6
58677,146,127,19,19
58678,64,66,-2,2
58679,56,59,-3,3
58680,60,63,-3,3
58681,21,53,-32,32
58682,132,128,4,4
58683,85,86,-1,1
58684,113,106,7,7
58685,81,80,1,1
58686,110,112,-2,2
58687,98,94,4,4
58688,86,90,-4,4
58689,102,99,3,3
58690,129,145,-16,16
58691,89,83,6,6
58692,121,121,0,0
58693,104,101,3,3
58694,63,67,-4,4
58695,138,130,8,8
58696,119,132,-13,13
58697,92,91,1,1
58698,113,106,7,7
58699,97,98,-1,1
58700,162,148,14,14
58701,41,52,-11,11
58702,112,111,1,1
58703,124,118,6,6
58704,76,74,2,2
58705,116,114,2,2
58706,86,80,6,6
58707,69,66,3,3
58708,99,106,-7,7
58709,65,69,-4,4
58710,70,83,-13,13
58711,111,101,10,10
58712,79,73,6,6
58713,92,95,-3,3
58714,92,84,8,8
58715,126,121,5,5
58716,109,104,5,5
58717,65,74,-9,9
58718,79,75,4,4
58719,160,151,9,9
58720,75,83,-8,8
58721,95,90,5,5
58722,97,94,3,3
58723,102,110,-8,8
58724,75,71,4,4
58725,119,120,-1,1
58726,31,38,-7,7
58727,137,121,16,16
58728,99,103,-4,4
58729,135,126,9,9
58730,143,142,1,1
58731,128,123,5,5
58732,135,133,2,2
58733,56,55,1,1
58734,79,71,8,8
58735,157,135,22,22
58736,103,111,-8,8
58737,147,137,10,10
58738,78,77,1,1
58739,124,119,5,5
58740,57,66,-9,9
58741,63,83,-20,20
58742,79,73,6,6
58743,87,93,-6,6
58744,105,99,6,6
58745,119,112,7,7
58746,41,48,-7,7
58747,62,70,-8,8
58748,148,152,-4,4
58749,113,108,5,5
58750,236,214,22,22
58751,49,56,-7,7
58752,78,85,-7,7
58753,105,108,-3,3
58754,136,125,11,11
58755,93,95,-2,2
58756,55,62,-7,7
58757,87,90,-3,3
58758,67,77,-10,10
58759,113,105,8,8
58760,52,55,-3,3
58761,102,124,-22,22
58762,149,125,24,24
58763,65,75,-10,10
58764,106,98,8,8
58765,88,85,3,3
58766,175,154,21,21
58767,116,121,-5,5
58768,128,124,4,4
58769,86,87,-1,1
58770,154,136,18,18
58771,93,91,2,2
58772,65,96,-31,31
58773,119,114,5,5
58774,81,78,3,3
58775,93,115,-22,22
58776,77,83,-6,6
58777,144,117,27,27
58778,105,106,-1,1
58779,111,97,14,14
58780,143,127,16,16
58781,96,95,1,1
58782,86,98,-12,12
58783,78,74,4,4
58784,136,128,8,8
58785,82,78,4,4
58786,91,89,2,2
58787,83,88,-5,5
58788,106,109,-3,3
58789,94,98,-4,4
58790,99,103,-4,4
58791,78,74,4,4
58792,154,141,13,13
58793,77,68,9,9
58794,184,171,13,13
58795,192,175,17,17
58796,77,76,1,1
58797,105,108,-3,3
58798,62,68,-6,6
58799,103,98,5,5
58800,59,63,-4,4
58801,77,69,8,8
58802,155,155,0,0
58803,90,85,5,5
58804,98,116,-18,18
58805,93,92,1,1
58806,132,131,1,1
58807,115,113,2,2
58808,67,68,-1,1
58809,198,192,6,6
58810,90,85,5,5
58811,114,112,2,2
58812,108,107,1,1
58813,77,84,-7,7
58814,114,124,-10,10
58815,126,138,-12,12
58816,86,85,1,1
58817,67,68,-1,1
58818,108,104,4,4
58819,92,91,1,1
58820,123,120,3,3
58821,96,100,-4,4
58822,64,66,-2,2
58823,166,155,11,11
58824,218,200,18,18
58825,89,93,-4,4
58826,76,79,-3,3
58827,69,70,-1,1
58828,122,118,4,4
58829,115,114,1,1
58830,87,111,-24,24
58831,119,113,6,6
58832,95,90,5,5
58833,82,82,0,0
58834,57,61,-4,4
58835,100,105,-5,5
58836,86,84,2,2
58837,101,93,8,8
58838,65,60,5,5
58839,106,101,5,5
58840,75,75,0,0
58841,142,128,14,14
58842,81,75,6,6
58843,77,85,-8,8
58844,59,59,0,0
58845,130,111,19,19
58846,100,95,5,5
58847,92,98,-6,6
58848,55,61,-6,6
58849,101,127,-26,26
58850,66,67,-1,1
58851,108,97,11,11
58852,83,87,-4,4
58853,69,66,3,3
58854,140,128,12,12
58855,87,84,3,3
58856,96,97,-1,1
58857,167,141,26,26
58858,72,72,0,0
58859,88,90,-2,2
58860,124,116,8,8
58861,91,95,-4,4
58862,51,56,-5,5
58863,87,70,17,17
58864,92,97,-5,5
58865,58,62,-4,4
58866,45,51,-6,6
58867,95,87,8,8
58868,134,119,15,15
58869,91,92,-1,1
58870,121,112,9,9
58871,51,53,-2,2
58872,58,60,-2,2
58873,48,57,-9,9
58874,75,78,-3,3
58875,46,56,-10,10
58876,56,62,-6,6
58877,87,84,3,3
58878,47,65,-18,18
58879,88,94,-6,6
58880,112,102,10,10
58881,56,63,-7,7
58882,104,102,2,2
58883,61,61,0,0
58884,96,98,-2,2
58885,113,103,10,10
58886,66,63,3,3
58887,153,150,3,3
58888,115,118,-3,3
58889,100,102,-2,2
58890,73,71,2,2
58891,89,74,15,15
58892,101,108,-7,7
58893,82,94,-12,12
58894,89,99,-10,10
58895,94,100,-6,6
58896,93,88,5,5
58897,113,112,1,1
58898,129,123,6,6
58899,68,64,4,4
58900,68,64,4,4
58901,94,91,3,3
58902,157,143,14,14
58903,99,96,3,3
58904,54,62,-8,8
58905,123,114,9,9
58906,94,80,14,14
58907,183,175,8,8
58908,74,72,2,2
58909,59,61,-2,2
58910,173,157,16,16
58911,122,113,9,9
58912,75,72,3,3
58913,77,83,-6,6
58914,63,66,-3,3
58915,90,97,-7,7
58916,56,66,-10,10
58917,82,84,-2,2
58918,86,103,-17,17
58919,149,142,7,7
58920,108,102,6,6
58921,73,73,0,0
58922,67,70,-3,3
58923,93,96,-3,3
58924,55,59,-4,4
58925,108,112,-4,4
58926,118,112,6,6
58927,30,43,-13,13
58928,70,59,11,11
58929,94,97,-3,3
58930,84,84,0,0
58931,77,75,2,2
58932,64,63,1,1
58933,103,103,0,0
58934,93,113,-20,20
58935,91,84,7,7
58936,65,69,-4,4
58937,108,101,7,7
58938,117,105,12,12
58939,45,52,-7,7
58940,113,117,-4,4
58941,70,67,3,3
58942,75,97,-22,22
58943,79,79,0,0
58944,59,60,-1,1
58945,59,60,-1,1
58946,42,56,-14,14
58947,96,87,9,9
58948,109,101,8,8
58949,95,103,-8,8
58950,126,119,7,7
58951,89,94,-5,5
58952,99,100,-1,1
58953,145,139,6,6
58954,108,100,8,8
58955,84,85,-1,1
58956,82,88,-6,6
58957,171,158,13,13
58958,103,94,9,9
58959,118,111,7,7
58960,180,158,22,22
58961,61,64,-3,3
58962,163,143,20,20
58963,135,145,-10,10
58964,152,136,16,16
58965,109,94,15,15
58966,61,68,-7,7
58967,108,108,0,0
58968,181,185,-4,4
58969,104,108,-4,4
58970,105,100,5,5
58971,68,73,-5,5
58972,116,139,-23,23
58973,144,132,12,12
58974,85,78,7,7
58975,141,146,-5,5
58976,152,154,-2,2
58977,114,118,-4,4
58978,143,131,12,12
58979,155,146,9,9
58980,191,172,19,19
58981,102,96,6,6
58982,77,74,3,3
58983,97,103,-6,6
58984,85,95,-10,10
58985,82,76,6,6
58986,83,78,5,5
58987,64,65,-1,1
58988,135,132,3,3
58989,86,83,3,3
58990,59,59,0,0
58991,71,64,7,7
58992,65,59,6,6
58993,134,125,9,9
58994,85,88,-3,3
58995,159,149,10,10
58996,145,146,-1,1
58997,66,73,-7,7
58998,71,74,-3,3
58999,154,130,24,24
59000,159,163,-4,4
59001,50,56,-6,6
59002,95,103,-8,8
59003,81,77,4,4
59004,128,112,16,16
59005,79,76,3,3
59006,93,100,-7,7
59007,156,151,5,5
59008,107,112,-5,5
59009,48,55,-7,7
59010,49,55,-6,6
59011,52,111,-59,59
59012,43,54,-11,11
59013,166,154,12,12
59014,59,64,-5,5
59015,97,92,5,5
59016,143,152,-9,9
59017,107,113,-6,6
59018,122,113,9,9
59019,77,73,4,4
59020,77,79,-2,2
59021,52,58,-6,6
59022,70,71,-1,1
59023,93,92,1,1
59024,93,107,-14,14
59025,110,114,-4,4
59026,53,59,-6,6
59027,67,65,2,2
59028,185,172,13,13
59029,90,77,13,13
59030,107,101,6,6
59031,148,148,0,0
59032,119,122,-3,3
59033,95,104,-9,9
59034,112,99,13,13
59035,171,177,-6,6
59036,110,93,17,17
59037,76,83,-7,7
59038,99,94,5,5
59039,94,101,-7,7
59040,107,112,-5,5
59041,73,74,-1,1
59042,133,115,18,18
59043,70,78,-8,8
59044,80,69,11,11
59045,149,131,18,18
59046,78,61,17,17
59047,95,94,1,1
59048,79,87,-8,8
59049,42,58,-16,16
59050,73,68,5,5
59051,346,266,80,80
59052,70,58,12,12
59053,75,78,-3,3
59054,144,143,1,1
59055,63,64,-1,1
59056,80,82,-2,2
59057,124,112,12,12
59058,69,67,2,2
59059,99,97,2,2
59060,140,112,28,28
59061,117,113,4,4
59062,58,65,-7,7
59063,84,87,-3,3
59064,47,53,-6,6
59065,86,83,3,3
59066,52,61,-9,9
59067,77,80,-3,3
59068,69,70,-1,1
59069,107,102,5,5
59070,118,105,13,13
59071,81,95,-14,14
59072,109,101,8,8
59073,97,103,-6,6
59074,85,85,0,0
59075,81,72,9,9
59076,65,61,4,4
59077,101,112,-11,11
59078,90,100,-10,10
59079,68,77,-9,9
59080,59,58,1,1
59081,97,97,0,0
59082,104,100,4,4
59083,52,54,-2,2
59084,58,62,-4,4
59085,64,71,-7,7
59086,92,91,1,1
59087,179,158,21,21
59088,112,102,10,10
59089,100,110,-10,10
59090,60,60,0,0
59091,102,101,1,1
59092,111,102,9,9
59093,100,94,6,6
59094,80,75,5,5
59095,89,84,5,5
59096,124,130,-6,6
59097,70,71,-1,1
59098,85,94,-9,9
59099,79,85,-6,6
59100,74,73,1,1
59101,66,65,1,1
59102,75,80,-5,5
59103,83,85,-2,2
59104,65,72,-7,7
59105,119,119,0,0
59106,102,98,4,4
59107,81,84,-3,3
59108,77,77,0,0
59109,81,78,3,3
59110,94,98,-4,4
59111,103,107,-4,4
59112,104,100,4,4
59113,118,103,15,15
59114,90,85,5,5
59115,71,74,-3,3
59116,114,106,8,8
59117,120,99,21,21
59118,85,81,4,4
59119,79,83,-4,4
59120,49,50,-1,1
59121,74,73,1,1
59122,99,97,2,2
59123,106,112,-6,6
59124,89,92,-3,3
59125,21,50,-29,29
59126,114,112,2,2
59127,90,98,-8,8
59128,129,122,7,7
59129,64,63,1,1
59130,44,52,-8,8
59131,150,127,23,23
59132,136,130,6,6
59133,119,120,-1,1
59134,68,76,-8,8
59135,87,97,-10,10
59136,66,71,-5,5
59137,103,103,0,0
59138,117,113,4,4
59139,111,97,14,14
59140,112,89,23,23
59141,101,95,6,6
59142,143,141,2,2
59143,81,80,1,1
59144,180,155,25,25
59145,61,63,-2,2
59146,131,127,4,4
59147,70,71,-1,1
59148,107,107,0,0
59149,135,119,16,16
59150,92,89,3,3
59151,81,79,2,2
59152,108,101,7,7
59153,90,87,3,3
59154,86,75,11,11
59155,127,119,8,8
59156,47,57,-10,10
59157,130,122,8,8
59158,84,92,-8,8
59159,79,76,3,3
59160,91,92,-1,1
59161,120,107,13,13
59162,80,84,-4,4
59163,59,67,-8,8
59164,81,93,-12,12
59165,143,141,2,2
59166,117,101,16,16
59167,143,132,11,11
59168,154,123,31,31
59169,57,63,-6,6
59170,69,67,2,2
59171,44,52,-8,8
59172,84,95,-11,11
59173,96,91,5,5
59174,80,76,4,4
59175,61,76,-15,15
59176,64,74,-10,10
59177,67,72,-5,5
59178,108,103,5,5
59179,87,90,-3,3
59180,87,81,6,6
59181,112,96,16,16
59182,147,139,8,8
59183,143,131,12,12
59184,124,115,9,9
59185,160,144,16,16
59186,109,109,0,0
59187,71,68,3,3
59188,138,131,7,7
59189,76,75,1,1
59190,96,88,8,8
59191,94,93,1,1
59192,44,51,-7,7
59193,83,90,-7,7
59194,49,55,-6,6
59195,75,88,-13,13
59196,104,112,-8,8
59197,75,75,0,0
59198,93,94,-1,1
59199,96,101,-5,5
59200,81,91,-10,10
59201,80,77,3,3
59202,97,81,16,16
59203,65,71,-6,6
59204,46,56,-10,10
59205,79,84,-5,5
59206,88,86,2,2
59207,62,76,-14,14
59208,84,75,9,9
59209,70,71,-1,1
59210,129,130,-1,1
59211,104,77,27,27
59212,116,120,-4,4
59213,126,116,10,10
59214,95,100,-5,5
59215,66,65,1,1
59216,81,78,3,3
59217,133,114,19,19
59218,95,98,-3,3
59219,151,136,15,15
59220,88,90,-2,2
59221,110,112,-2,2
59222,69,64,5,5
59223,106,98,8,8
59224,64,69,-5,5
59225,126,112,14,14
59226,41,51,-10,10
59227,97,97,0,0
59228,46,67,-21,21
59229,52,69,-17,17
59230,66,60,6,6
59231,81,77,4,4
59232,81,86,-5,5
59233,85,84,1,1
59234,35,43,-8,8
59235,118,110,8,8
59236,94,94,0,0
59237,92,80,12,12
59238,55,61,-6,6
59239,99,96,3,3
59240,68,70,-2,2
59241,56,59,-3,3
59242,97,101,-4,4
59243,110,114,-4,4
59244,152,136,16,16
59245,40,51,-11,11
59246,52,64,-12,12
59247,169,170,-1,1
59248,160,142,18,18
59249,78,74,4,4
59250,77,90,-13,13
59251,40,50,-10,10
59252,93,113,-20,20
59253,115,107,8,8
59254,108,112,-4,4
59255,69,73,-4,4
59256,126,149,-23,23
59257,133,139,-6,6
59258,116,114,2,2
59259,76,82,-6,6
59260,42,51,-9,9
59261,74,79,-5,5
59262,145,136,9,9
59263,72,67,5,5
59264,103,112,-9,9
59265,67,71,-4,4
59266,139,121,18,18
59267,93,90,3,3
59268,112,109,3,3
59269,176,167,9,9
59270,70,70,0,0
59271,158,128,30,30
59272,71,72,-1,1
59273,47,48,-1,1
59274,93,85,8,8
59275,57,69,-12,12
59276,75,72,3,3
59277,62,73,-11,11
59278,104,120,-16,16
59279,143,141,2,2
59280,83,78,5,5
59281,75,70,5,5
59282,92,90,2,2
59283,60,71,-11,11
59284,117,112,5,5
59285,64,67,-3,3
59286,61,64,-3,3
59287,87,76,11,11
59288,175,175,0,0
59289,58,59,-1,1
59290,77,68,9,9
59291,96,79,17,17
59292,120,120,0,0
59293,176,157,19,19
59294,132,122,10,10
59295,67,69,-2,2
59296,73,75,-2,2
59297,120,137,-17,17
59298,71,72,-1,1
59299,63,62,1,1
59300,74,69,5,5
59301,35,57,-22,22
59302,129,112,17,17
59303,132,134,-2,2
59304,75,78,-3,3
59305,122,112,10,10
59306,89,85,4,4
59307,90,84,6,6
59308,71,72,-1,1
59309,92,84,8,8
59310,184,162,22,22
59311,59,85,-26,26
59312,90,93,-3,3
59313,100,111,-11,11
59314,83,78,5,5
59315,83,86,-3,3
59316,78,78,0,0
59317,106,103,3,3
59318,107,111,-4,4
59319,45,53,-8,8
59320,82,87,-5,5
59321,85,95,-10,10
59322,109,92,17,17
59323,70,74,-4,4
59324,70,76,-6,6
59325,109,110,-1,1
59326,62,64,-2,2
59327,63,72,-9,9
59328,67,75,-8,8
59329,38,44,-6,6
59330,45,48,-3,3
59331,111,100,11,11
59332,99,113,-14,14
59333,52,60,-8,8
59334,93,92,1,1
59335,103,115,-12,12
59336,86,86,0,0
59337,69,69,0,0
59338,52,79,-27,27
59339,215,178,37,37
59340,90,88,2,2
59341,54,58,-4,4
59342,110,104,6,6
59343,97,88,9,9
59344,150,117,33,33
59345,142,128,14,14
59346,57,71,-14,14
59347,116,110,6,6
59348,177,157,20,20
59349,109,108,1,1
59350,78,77,1,1
59351,79,81,-2,2
59352,51,57,-6,6
59353,80,83,-3,3
59354,99,109,-10,10
59355,49,53,-4,4
59356,153,152,1,1
59357,174,162,12,12
59358,100,100,0,0
59359,147,131,16,16
59360,75,86,-11,11
59361,138,126,12,12
59362,78,75,3,3
59363,77,85,-8,8
59364,93,84,9,9
59365,148,134,14,14
59366,176,155,21,21
59367,74,73,1,1
59368,178,181,-3,3
59369,107,110,-3,3
59370,103,98,5,5
59371,125,114,11,11
59372,119,109,10,10
59373,98,98,0,0
59374,69,63,6,6
59375,72,70,2,2
59376,81,96,-15,15
59377,54,62,-8,8
59378,110,109,1,1
59379,84,86,-2,2
59380,148,143,5,5
59381,61,59,2,2
59382,94,98,-4,4
59383,79,93,-14,14
59384,77,75,2,2
59385,83,86,-3,3
59386,102,89,13,13
59387,99,97,2,2
59388,104,99,5,5
59389,128,134,-6,6
59390,73,78,-5,5
59391,85,84,1,1
59392,123,131,-8,8
59393,87,92,-5,5
59394,135,113,22,22
59395,71,68,3,3
59396,81,98,-17,17
59397,64,62,2,2
59398,71,71,0,0
59399,105,101,4,4
59400,59,57,2,2
59401,140,131,9,9
59402,161,153,8,8
59403,100,94,6,6
59404,89,90,-1,1
59405,64,69,-5,5
59406,154,146,8,8
59407,167,129,38,38
59408,178,160,18,18
59409,88,77,11,11
59410,79,100,-21,21
59411,72,78,-6,6
59412,85,85,0,0
59413,92,93,-1,1
59414,71,81,-10,10
59415,60,67,-7,7
59416,66,63,3,3
59417,95,86,9,9
59418,82,78,4,4
59419,82,90,-8,8
59420,91,83,8,8
59421,121,110,11,11
59422,78,76,2,2
59423,148,138,10,10
59424,95,96,-1,1
59425,138,141,-3,3
59426,61,67,-6,6
59427,66,69,-3,3
59428,83,79,4,4
59429,61,69,-8,8
59430,60,62,-2,2
59431,56,58,-2,2
59432,127,120,7,7
59433,62,59,3,3
59434,133,131,2,2
59435,79,73,6,6
59436,123,101,22,22
59437,53,57,-4,4
59438,79,79,0,0
59439,126,110,16,16
59440,117,129,-12,12
59441,136,129,7,7
59442,81,101,-20,20
59443,105,124,-19,19
59444,118,123,-5,5
59445,66,69,-3,3
59446,59,59,0,0
59447,129,129,0,0
59448,93,100,-7,7
59449,87,90,-3,3
59450,45,52,-7,7
59451,64,63,1,1
59452,121,120,1,1
59453,168,147,21,21
59454,81,73,8,8
59455,99,94,5,5
59456,117,103,14,14
59457,95,85,10,10
59458,66,71,-5,5
59459,122,113,9,9
59460,112,121,-9,9
59461,71,82,-11,11
59462,172,170,2,2
59463,108,97,11,11
59464,85,85,0,0
59465,130,122,8,8
59466,64,64,0,0
59467,74,78,-4,4
59468,63,66,-3,3
59469,145,138,7,7
59470,95,97,-2,2
59471,138,140,-2,2
59472,105,104,1,1
59473,51,60,-9,9
59474,109,115,-6,6
59475,91,108,-17,17
59476,70,66,4,4
59477,129,123,6,6
59478,106,93,13,13
59479,82,77,5,5
59480,54,57,-3,3
59481,151,154,-3,3
59482,120,112,8,8
59483,151,145,6,6
59484,96,103,-7,7
59485,62,67,-5,5
59486,165,152,13,13
59487,138,124,14,14
59488,128,126,2,2
59489,80,72,8,8
59490,94,97,-3,3
59491,86,92,-6,6
59492,130,123,7,7
59493,154,139,15,15
59494,81,81,0,0
59495,152,133,19,19
59496,52,69,-17,17
59497,65,66,-1,1
59498,109,93,16,16
59499,72,70,2,2
59500,103,98,5,5
59501,112,100,12,12
59502,65,75,-10,10
59503,77,85,-8,8
59504,189,187,2,2
59505,178,165,13,13
59506,48,50,-2,2
59507,145,137,8,8
59508,47,65,-18,18
59509,146,138,8,8
59510,118,115,3,3
59511,78,79,-1,1
59512,93,101,-8,8
59513,72,72,0,0
59514,86,91,-5,5
59515,118,111,7,7
59516,87,86,1,1
59517,42,51,-9,9
59518,87,98,-11,11
59519,87,90,-3,3
59520,159,153,6,6
59521,96,97,-1,1
59522,50,56,-6,6
59523,76,95,-19,19
59524,111,113,-2,2
59525,140,131,9,9
59526,133,122,11,11
59527,89,100,-11,11
59528,94,97,-3,3
59529,60,58,2,2
59530,67,72,-5,5
59531,166,141,25,25
59532,74,78,-4,4
59533,88,91,-3,3
59534,113,110,3,3
59535,114,113,1,1
59536,98,91,7,7
59537,52,64,-12,12
59538,109,106,3,3
59539,51,55,-4,4
59540,92,91,1,1
59541,79,84,-5,5
59542,65,68,-3,3
59543,80,83,-3,3
59544,130,118,12,12
59545,90,97,-7,7
59546,108,97,11,11
59547,84,94,-10,10
59548,160,154,6,6
59549,53,58,-5,5
59550,62,70,-8,8
59551,65,76,-11,11
59552,65,67,-2,2
59553,61,63,-2,2
59554,35,44,-9,9
59555,113,108,5,5
59556,69,74,-5,5
59557,56,60,-4,4
59558,103,112,-9,9
59559,76,71,5,5
59560,106,112,-6,6
59561,157,149,8,8
59562,150,139,11,11
59563,79,78,1,1
59564,94,97,-3,3
59565,59,66,-7,7
59566,135,152,-17,17
59567,91,96,-5,5
59568,129,123,6,6
59569,80,84,-4,4
59570,58,57,1,1
59571,96,84,12,12
59572,160,157,3,3
59573,80,75,5,5
59574,55,60,-5,5
59575,101,96,5,5
59576,85,77,8,8
59577,68,74,-6,6
59578,95,111,-16,16
59579,110,106,4,4
59580,75,73,2,2
59581,73,77,-4,4
59582,90,94,-4,4
59583,78,84,-6,6
59584,148,135,13,13
59585,94,93,1,1
59586,64,68,-4,4
59587,186,161,25,25
59588,40,50,-10,10
59589,74,74,0,0
59590,140,131,9,9
59591,103,99,4,4
59592,179,145,34,34
59593,209,170,39,39
59594,114,115,-1,1
59595,44,58,-14,14
59596,84,81,3,3
59597,55,59,-4,4
59598,150,139,11,11
59599,64,63,1,1
59600,61,68,-7,7
59601,89,92,-3,3
59602,129,112,17,17
59603,61,64,-3,3
59604,125,109,16,16
59605,129,119,10,10
59606,94,96,-2,2
59607,86,77,9,9
59608,124,121,3,3
59609,45,54,-9,9
59610,131,120,11,11
59611,89,86,3,3
59612,140,142,-2,2
59613,85,89,-4,4
59614,178,166,12,12
59615,120,112,8,8
59616,135,124,11,11
59617,72,68,4,4
59618,45,51,-6,6
59619,63,64,-1,1
59620,62,71,-9,9
59621,87,89,-2,2
59622,165,166,-1,1
59623,107,125,-18,18
59624,69,81,-12,12
59625,94,95,-1,1
59626,58,61,-3,3
59627,105,101,4,4
59628,115,112,3,3
59629,92,89,3,3
59630,80,77,3,3
59631,154,157,-3,3
59632,61,56,5,5
59633,115,110,5,5
59634,52,54,-2,2
59635,69,69,0,0
59636,58,65,-7,7
59637,92,96,-4,4
59638,56,62,-6,6
59639,94,107,-13,13
59640,70,75,-5,5
59641,126,101,25,25
59642,77,79,-2,2
59643,77,73,4,4
59644,160,155,5,5
59645,69,70,-1,1
59646,73,73,0,0
59647,72,75,-3,3
59648,72,70,2,2
59649,124,122,2,2
59650,78,73,5,5
59651,81,83,-2,2
59652,156,148,8,8
59653,67,65,2,2
59654,118,113,5,5
59655,79,71,8,8
59656,81,76,5,5
59657,87,79,8,8
59658,57,71,-14,14
59659,70,168,-98,98
59660,147,112,35,35
59661,141,129,12,12
59662,42,57,-15,15
59663,89,95,-6,6
59664,94,94,0,0
59665,103,104,-1,1
59666,100,102,-2,2
59667,56,59,-3,3
59668,85,84,1,1
59669,77,76,1,1
59670,89,89,0,0
59671,125,136,-11,11
59672,41,50,-9,9
59673,135,121,14,14
59674,70,84,-14,14
59675,51,52,-1,1
59676,86,95,-9,9
59677,100,100,0,0
59678,103,104,-1,1
59679,62,65,-3,3
59680,153,134,19,19
59681,173,162,11,11
59682,137,147,-10,10
59683,107,94,13,13
59684,161,145,16,16
59685,139,133,6,6
59686,62,60,2,2
59687,71,66,5,5
59688,104,126,-22,22
59689,115,111,4,4
59690,144,140,4,4
59691,76,79,-3,3
59692,168,157,11,11
59693,76,73,3,3
59694,78,84,-6,6
59695,94,119,-25,25
59696,92,89,3,3
59697,96,89,7,7
59698,131,119,12,12
59699,93,97,-4,4
59700,93,85,8,8
59701,60,68,-8,8
59702,78,69,9,9
59703,72,84,-12,12
59704,141,110,31,31
59705,116,110,6,6
59706,83,91,-8,8
59707,78,86,-8,8
59708,79,78,1,1
59709,113,114,-1,1
59710,46,53,-7,7
59711,93,98,-5,5
59712,99,90,9,9
59713,103,112,-9,9
59714,98,85,13,13
59715,113,105,8,8
59716,121,137,-16,16
59717,58,65,-7,7
59718,92,90,2,2
59719,89,93,-4,4
59720,99,98,1,1
59721,89,91,-2,2
59722,79,84,-5,5
59723,138,129,9,9
59724,79,77,2,2
59725,73,79,-6,6
59726,88,84,4,4
59727,73,85,-12,12
59728,95,97,-2,2
59729,104,107,-3,3
59730,77,71,6,6
59731,54,59,-5,5
59732,128,123,5,5
59733,88,92,-4,4
59734,89,87,2,2
59735,100,103,-3,3
59736,132,126,6,6
59737,73,78,-5,5
59738,69,74,-5,5
59739,88,78,10,10
59740,127,124,3,3
59741,135,132,3,3
59742,71,71,0,0
59743,133,127,6,6
59744,98,97,1,1
59745,96,85,11,11
59746,121,113,8,8
59747,110,99,11,11
59748,63,68,-5,5
59749,149,136,13,13
59750,75,91,-16,16
59751,61,75,-14,14
59752,203,175,28,28
59753,106,108,-2,2
59754,90,88,2,2
59755,111,95,16,16
59756,98,89,9,9
59757,70,89,-19,19
59758,77,71,6,6
59759,65,69,-4,4
59760,110,105,5,5
59761,82,93,-11,11
59762,135,126,9,9
59763,133,127,6,6
59764,93,90,3,3
59765,96,104,-8,8
59766,83,85,-2,2
59767,83,84,-1,1
59768,114,102,12,12
59769,169,174,-5,5
59770,83,70,13,13
59771,87,85,2,2
59772,80,95,-15,15
59773,64,69,-5,5
59774,185,167,18,18
59775,110,100,10,10
59776,109,98,11,11
59777,52,55,-3,3
59778,103,98,5,5
59779,34,50,-16,16
59780,69,113,-44,44
59781,154,135,19,19
59782,149,141,8,8
59783,81,76,5,5
59784,81,83,-2,2
59785,68,72,-4,4
59786,93,84,9,9
59787,57,60,-3,3
59788,129,124,5,5
59789,98,98,0,0
59790,117,123,-6,6
59791,76,84,-8,8
59792,36,35,1,1
59793,130,124,6,6
59794,81,83,-2,2
59795,72,82,-10,10
59796,76,81,-5,5
59797,63,69,-6,6
59798,97,95,2,2
59799,61,66,-5,5
59800,85,84,1,1
59801,110,131,-21,21
59802,85,82,3,3
59803,77,90,-13,13
59804,127,117,10,10
59805,49,54,-5,5
59806,85,82,3,3
59807,83,93,-10,10
59808,132,135,-3,3
59809,136,135,1,1
59810,73,71,2,2
59811,71,73,-2,2
59812,79,77,2,2
59813,88,96,-8,8
59814,70,124,-54,54
59815,75,72,3,3
59816,46,47,-1,1
59817,101,97,4,4
59818,128,138,-10,10
59819,92,87,5,5
59820,149,123,26,26
59821,122,89,33,33
59822,79,98,-19,19
59823,48,63,-15,15
59824,101,100,1,1
59825,94,90,4,4
59826,125,121,4,4
59827,91,99,-8,8
59828,78,77,1,1
59829,121,114,7,7
59830,166,144,22,22
59831,96,94,2,2
59832,124,139,-15,15
59833,159,141,18,18
59834,66,72,-6,6
59835,82,77,5,5
59836,75,76,-1,1
59837,59,58,1,1
59838,85,85,0,0
59839,99,88,11,11
59840,148,138,10,10
59841,109,98,11,11
59842,81,79,2,2
59843,99,92,7,7
59844,47,51,-4,4
59845,78,81,-3,3
59846,85,84,1,1
59847,76,86,-10,10
59848,54,53,1,1
59849,106,111,-5,5
59850,83,78,5,5
59851,66,67,-1,1
59852,47,62,-15,15
59853,60,67,-7,7
59854,109,107,2,2
59855,122,115,7,7
59856,92,89,3,3
59857,102,93,9,9
59858,130,131,-1,1
59859,104,99,5,5
59860,106,94,12,12
59861,74,75,-1,1
59862,149,145,4,4
59863,46,62,-16,16
59864,55,58,-3,3
59865,81,81,0,0
59866,86,91,-5,5
59867,159,148,11,11
59868,49,56,-7,7
59869,76,84,-8,8
59870,109,109,0,0
59871,88,78,10,10
59872,66,69,-3,3
59873,95,96,-1,1
59874,123,111,12,12
59875,49,58,-9,9
59876,60,60,0,0
59877,140,133,7,7
59878,72,67,5,5
59879,103,110,-7,7
59880,88,98,-10,10
59881,94,95,-1,1
59882,97,92,5,5
59883,112,110,2,2
59884,37,55,-18,18
59885,70,76,-6,6
59886,217,204,13,13
59887,159,136,23,23
59888,86,87,-1,1
59889,116,112,4,4
59890,76,72,4,4
59891,159,145,14,14
59892,102,97,5,5
59893,72,76,-4,4
59894,102,102,0,0
59895,94,83,11,11
59896,56,58,-2,2
59897,136,138,-2,2
59898,78,75,3,3
59899,75,79,-4,4
59900,138,134,4,4
59901,79,76,3,3
59902,89,93,-4,4
59903,63,72,-9,9
59904,59,56,3,3
59905,127,122,5,5
59906,100,92,8,8
59907,60,65,-5,5
59908,100,97,3,3
59909,108,98,10,10
59910,152,141,11,11
59911,118,119,-1,1
59912,81,86,-5,5
59913,49,52,-3,3
59914,90,85,5,5
59915,97,94,3,3
59916,90,85,5,5
59917,138,130,8,8
59918,116,126,-10,10
59919,86,85,1,1
59920,106,95,11,11
59921,155,140,15,15
59922,100,95,5,5
59923,66,69,-3,3
59924,84,82,2,2
59925,103,101,2,2
59926,56,63,-7,7
59927,100,92,8,8
59928,93,89,4,4
59929,135,135,0,0
59930,32,42,-10,10
59931,93,105,-12,12
59932,107,122,-15,15
59933,62,69,-7,7
59934,59,63,-4,4
59935,91,92,-1,1
59936,75,80,-5,5
59937,73,72,1,1
59938,96,101,-5,5
59939,115,113,2,2
59940,63,69,-6,6
59941,85,88,-3,3
59942,72,83,-11,11
59943,158,158,0,0
59944,91,86,5,5
59945,69,76,-7,7
59946,89,112,-23,23
59947,74,73,1,1
59948,104,236,-132,132
59949,49,59,-10,10
59950,99,95,4,4
59951,127,123,4,4
59952,73,79,-6,6
59953,49,58,-9,9
59954,87,89,-2,2
59955,157,143,14,14
59956,80,90,-10,10
59957,144,119,25,25
59958,83,93,-10,10
59959,131,132,-1,1
59960,95,99,-4,4
59961,141,132,9,9
59962,89,102,-13,13
59963,59,55,4,4
59964,86,83,3,3
59965,118,117,1,1
59966,78,85,-7,7
59967,148,140,8,8
59968,59,57,2,2
59969,104,109,-5,5
59970,85,83,2,2
59971,103,106,-3,3
59972,236,198,38,38
59973,66,78,-12,12
59974,50,69,-19,19
59975,77,72,5,5
59976,114,98,16,16
59977,85,84,1,1
59978,88,87,1,1
59979,74,73,1,1
59980,71,75,-4,4
59981,155,145,10,10
59982,62,69,-7,7
59983,100,93,7,7
59984,82,90,-8,8
59985,113,109,4,4
59986,104,105,-1,1
59987,104,97,7,7
59988,105,127,-22,22
59989,153,144,9,9
59990,76,75,1,1
59991,85,76,9,9
59992,119,125,-6,6
59993,106,96,10,10
59994,73,82,-9,9
59995,137,120,17,17
59996,79,76,3,3
59997,186,177,9,9
59998,63,67,-4,4
59999,93,91,2,2
60000,126,136,-10,10
60001,70,70,0,0
60002,128,113,15,15
60003,61,66,-5,5
60004,83,76,7,7
60005,108,98,10,10
60006,87,95,-8,8
60007,97,101,-4,4
60008,62,67,-5,5
60009,129,125,4,4
60010,124,113,11,11
60011,63,67,-4,4
60012,138,128,10,10
60013,53,55,-2,2
60014,76,70,6,6
60015,138,137,1,1
60016,123,122,1,1
60017,57,58,-1,1
60018,83,78,5,5
60019,96,100,-4,4
60020,119,129,-10,10
60021,72,72,0,0
60022,78,68,10,10
60023,106,96,10,10
60024,83,77,6,6
60025,71,67,4,4
60026,205,177,28,28
60027,59,66,-7,7
60028,57,56,1,1
60029,90,92,-2,2
60030,34,63,-29,29
60031,215,171,44,44
60032,85,88,-3,3
60033,158,150,8,8
60034,136,124,12,12
60035,55,53,2,2
60036,119,114,5,5
60037,109,141,-32,32
60038,57,59,-2,2
60039,92,88,4,4
60040,99,94,5,5
60041,95,95,0,0
60042,74,68,6,6
60043,84,79,5,5
60044,107,99,8,8
60045,78,73,5,5
60046,64,69,-5,5
60047,66,74,-8,8
60048,88,84,4,4
60049,135,115,20,20
60050,139,128,11,11
60051,126,137,-11,11
60052,82,84,-2,2
60053,70,67,3,3
60054,81,87,-6,6
60055,60,66,-6,6
60056,56,59,-3,3
60057,131,126,5,5
60058,59,64,-5,5
60059,83,75,8,8
60060,145,139,6,6
60061,86,86,0,0
60062,102,103,-1,1
60063,77,81,-4,4
60064,136,116,20,20
60065,68,67,1,1
60066,81,76,5,5
60067,82,75,7,7
60068,85,83,2,2
60069,121,114,7,7
60070,69,69,0,0
60071,56,64,-8,8
60072,170,152,18,18
60073,123,123,0,0
60074,71,69,2,2
60075,77,79,-2,2
60076,140,132,8,8
60077,141,132,9,9
60078,98,96,2,2
60079,93,86,7,7
60080,69,79,-10,10
60081,104,101,3,3
60082,53,64,-11,11
60083,75,78,-3,3
60084,120,113,7,7
60085,86,98,-12,12
60086,98,94,4,4
60087,84,81,3,3
60088,88,84,4,4
60089,113,111,2,2
60090,74,76,-2,2
60091,91,86,5,5
60092,149,131,18,18
60093,82,82,0,0
60094,84,78,6,6
60095,195,185,10,10
60096,117,121,-4,4
60097,120,122,-2,2
60098,180,163,17,17
60099,80,92,-12,12
60100,122,119,3,3
60101,135,128,7,7
60102,159,152,7,7
60103,107,107,0,0
60104,76,79,-3,3
60105,85,87,-2,2
60106,87,80,7,7
60107,88,84,4,4
60108,41,50,-9,9
60109,78,77,1,1
60110,61,62,-1,1
60111,87,85,2,2
60112,129,114,15,15
60113,84,83,1,1
60114,142,128,14,14
60115,126,130,-4,4
60116,89,86,3,3
60117,74,69,5,5
60118,51,53,-2,2
60119,141,125,16,16
60120,83,79,4,4
60121,120,153,-33,33
60122,144,138,6,6
60123,67,76,-9,9
60124,82,87,-5,5
60125,67,73,-6,6
60126,85,84,1,1
60127,62,55,7,7
60128,106,100,6,6
60129,59,60,-1,1
60130,73,69,4,4
60131,145,138,7,7
60132,65,65,0,0
60133,72,71,1,1
60134,118,109,9,9
60135,105,118,-13,13
60136,71,71,0,0
60137,96,97,-1,1
60138,111,104,7,7
60139,73,93,-20,20
60140,88,81,7,7
60141,210,195,15,15
60142,104,98,6,6
60143,76,71,5,5
60144,43,53,-10,10
60145,110,99,11,11
60146,93,87,6,6
60147,114,109,5,5
60148,190,177,13,13
60149,87,88,-1,1
60150,85,77,8,8
60151,95,97,-2,2
60152,97,112,-15,15
60153,58,60,-2,2
60154,126,132,-6,6
60155,145,126,19,19
60156,61,69,-8,8
60157,113,98,15,15
60158,42,50,-8,8
60159,108,100,8,8
60160,93,86,7,7
60161,157,151,6,6
60162,75,77,-2,2
60163,59,64,-5,5
60164,101,89,12,12
60165,83,78,5,5
60166,95,95,0,0
60167,100,98,2,2
60168,69,69,0,0
60169,108,110,-2,2
60170,79,72,7,7
60171,105,101,4,4
60172,98,112,-14,14
60173,123,127,-4,4
60174,103,100,3,3
60175,158,146,12,12
60176,98,97,1,1
60177,128,121,7,7
60178,54,56,-2,2
60179,54,66,-12,12
60180,86,85,1,1
60181,119,116,3,3
60182,67,68,-1,1
60183,114,112,2,2
60184,104,100,4,4
60185,81,84,-3,3
60186,84,79,5,5
60187,86,84,2,2
60188,93,97,-4,4
60189,75,71,4,4
60190,69,71,-2,2
60191,96,90,6,6
60192,117,118,-1,1
60193,164,149,15,15
60194,121,113,8,8
60195,93,89,4,4
60196,91,90,1,1
60197,144,136,8,8
60198,101,102,-1,1
60199,135,119,16,16
60200,102,102,0,0
60201,83,84,-1,1
60202,88,81,7,7
60203,101,105,-4,4
60204,102,104,-2,2
60205,102,111,-9,9
60206,105,99,6,6
60207,99,104,-5,5
60208,151,133,18,18
60209,67,74,-7,7
60210,164,136,28,28
60211,85,86,-1,1
60212,89,94,-5,5
60213,59,61,-2,2
60214,94,87,7,7
60215,123,120,3,3
60216,79,98,-19,19
60217,74,73,1,1
60218,176,165,11,11
60219,59,68,-9,9
60220,100,101,-1,1
60221,123,125,-2,2
60222,104,106,-2,2
60223,145,146,-1,1
60224,97,101,-4,4
60225,175,158,17,17
60226,63,64,-1,1
60227,124,120,4,4
60228,68,66,2,2
60229,139,124,15,15
60230,78,72,6,6
60231,79,69,10,10
60232,48,59,-11,11
60233,141,137,4,4
60234,136,123,13,13
60235,123,128,-5,5
60236,85,86,-1,1
60237,128,119,9,9
60238,97,92,5,5
60239,63,66,-3,3
60240,141,143,-2,2
60241,87,87,0,0
60242,93,102,-9,9
60243,54,57,-3,3
60244,133,118,15,15
60245,50,58,-8,8
60246,71,69,2,2
60247,75,76,-1,1
60248,165,158,7,7
60249,64,67,-3,3
60250,95,84,11,11
60251,65,61,4,4
60252,106,100,6,6
60253,91,79,12,12
60254,70,83,-13,13
60255,124,121,3,3
60256,48,57,-9,9
60257,74,75,-1,1
60258,64,64,0,0
60259,104,99,5,5
60260,82,83,-1,1
60261,82,85,-3,3
60262,147,145,2,2
60263,123,104,19,19
60264,81,85,-4,4
60265,146,145,1,1
60266,88,83,5,5
60267,78,76,2,2
60268,118,123,-5,5
60269,160,152,8,8
60270,176,162,14,14
60271,133,116,17,17
60272,122,115,7,7
60273,74,77,-3,3
60274,75,77,-2,2
60275,116,120,-4,4
60276,116,113,3,3
60277,126,120,6,6
60278,53,59,-6,6
60279,58,84,-26,26
60280,169,158,11,11
60281,100,109,-9,9
60282,56,62,-6,6
60283,63,72,-9,9
60284,58,60,-2,2
60285,56,70,-14,14
60286,131,132,-1,1
60287,74,69,5,5
60288,143,135,8,8
60289,127,129,-2,2
60290,98,99,-1,1
60291,60,58,2,2
60292,65,76,-11,11
60293,76,69,7,7
60294,72,74,-2,2
60295,83,83,0,0
60296,41,49,-8,8
60297,91,85,6,6
60298,125,126,-1,1
60299,119,127,-8,8
60300,92,81,11,11
60301,100,112,-12,12
60302,125,118,7,7
60303,95,97,-2,2
60304,108,102,6,6
60305,118,113,5,5
60306,124,135,-11,11
60307,31,42,-11,11
60308,175,172,3,3
60309,122,120,2,2
60310,117,125,-8,8
60311,30,51,-21,21
60312,184,164,20,20
60313,93,90,3,3
60314,98,98,0,0
60315,82,79,3,3
60316,91,76,15,15
60317,67,76,-9,9
60318,103,76,27,27
60319,127,125,2,2
60320,64,66,-2,2
60321,70,82,-12,12
60322,68,71,-3,3
60323,87,101,-14,14
60324,103,101,2,2
60325,91,94,-3,3
60326,77,73,4,4
60327,70,67,3,3
60328,90,94,-4,4
60329,64,67,-3,3
60330,53,60,-7,7
60331,87,78,9,9
60332,112,101,11,11
60333,91,88,3,3
60334,132,128,4,4
60335,116,113,3,3
60336,99,101,-2,2
60337,80,76,4,4
60338,125,125,0,0
60339,83,78,5,5
60340,123,127,-4,4
60341,126,121,5,5
60342,114,113,1,1
60343,139,130,9,9
60344,135,138,-3,3
60345,61,62,-1,1
60346,70,75,-5,5
60347,112,104,8,8
60348,79,81,-2,2
60349,58,69,-11,11
60350,131,138,-7,7
60351,154,143,11,11
60352,85,87,-2,2
60353,116,104,12,12
60354,71,76,-5,5
60355,62,73,-11,11
60356,72,77,-5,5
60357,137,138,-1,1
60358,152,147,5,5
60359,85,84,1,1
60360,63,66,-3,3
60361,67,61,6,6
60362,108,113,-5,5
60363,120,125,-5,5
60364,103,99,4,4
60365,96,101,-5,5
60366,108,112,-4,4
60367,49,104,-55,55
60368,83,90,-7,7
60369,91,85,6,6
60370,112,104,8,8
60371,148,136,12,12
60372,110,119,-9,9
60373,90,91,-1,1
60374,71,63,8,8
60375,95,103,-8,8
60376,78,73,5,5
60377,102,108,-6,6
60378,99,93,6,6
60379,71,73,-2,2
60380,103,102,1,1
60381,75,77,-2,2
60382,128,127,1,1
60383,37,48,-11,11
60384,82,79,3,3
60385,82,92,-10,10
60386,105,110,-5,5
60387,96,94,2,2
60388,57,56,1,1
60389,135,136,-1,1
60390,87,87,0,0
60391,75,83,-8,8
60392,75,87,-12,12
60393,127,112,15,15
60394,105,106,-1,1
60395,61,62,-1,1
60396,66,96,-30,30
60397,140,134,6,6
60398,129,130,-1,1
60399,150,131,19,19
60400,109,104,5,5
60401,115,121,-6,6
60402,118,114,4,4
60403,58,59,-1,1
60404,79,71,8,8
60405,28,44,-16,16
60406,173,150,23,23
60407,89,93,-4,4
60408,95,87,8,8
60409,71,77,-6,6
60410,87,90,-3,3
60411,77,72,5,5
60412,106,106,0,0
60413,88,94,-6,6
60414,74,77,-3,3
60415,66,74,-8,8
60416,64,79,-15,15
60417,115,118,-3,3
60418,59,61,-2,2
60419,142,127,15,15
60420,73,66,7,7
60421,138,128,10,10
60422,110,107,3,3
60423,81,88,-7,7
60424,143,157,-14,14
60425,137,120,17,17
60426,177,162,15,15
60427,100,103,-3,3
60428,112,113,-1,1
60429,136,136,0,0
60430,48,53,-5,5
60431,112,123,-11,11
60432,115,112,3,3
60433,134,126,8,8
60434,97,104,-7,7
60435,86,85,1,1
60436,115,105,10,10
60437,80,76,4,4
60438,157,143,14,14
60439,59,60,-1,1
60440,118,118,0,0
60441,64,75,-11,11
60442,123,115,8,8
60443,70,75,-5,5
60444,60,66,-6,6
60445,76,83,-7,7
60446,161,149,12,12
60447,129,139,-10,10
60448,66,67,-1,1
60449,104,96,8,8
60450,86,81,5,5
60451,53,56,-3,3
60452,76,74,2,2
60453,202,172,30,30
60454,81,76,5,5
60455,136,134,2,2
60456,80,72,8,8
60457,54,59,-5,5
60458,71,69,2,2
60459,37,48,-11,11
60460,92,90,2,2
60461,81,84,-3,3
60462,94,112,-18,18
60463,116,112,4,4
60464,89,94,-5,5
60465,123,112,11,11
60466,95,92,3,3
60467,114,112,2,2
60468,134,133,1,1
60469,153,146,7,7
60470,82,84,-2,2
60471,104,97,7,7
60472,101,106,-5,5
60473,73,67,6,6
60474,121,121,0,0
60475,147,127,20,20
60476,70,77,-7,7
60477,126,121,5,5
60478,284,244,40,40
60479,124,127,-3,3
60480,107,105,2,2
60481,78,78,0,0
60482,116,113,3,3
60483,139,127,12,12
60484,127,123,4,4
60485,61,68,-7,7
60486,56,61,-5,5
60487,105,100,5,5
60488,68,73,-5,5
60489,101,95,6,6
60490,64,64,0,0
60491,70,73,-3,3
60492,129,124,5,5
60493,86,83,3,3
60494,71,68,3,3
60495,57,130,-73,73
60496,63,81,-18,18
60497,100,94,6,6
60498,138,140,-2,2
60499,143,133,10,10
60500,123,117,6,6
60501,114,115,-1,1
60502,69,69,0,0
60503,71,72,-1,1
60504,65,59,6,6
60505,94,103,-9,9
60506,73,78,-5,5
60507,77,79,-2,2
60508,68,70,-2,2
60509,126,137,-11,11
60510,133,126,7,7
60511,111,120,-9,9
60512,80,83,-3,3
60513,74,79,-5,5
60514,91,89,2,2
60515,111,117,-6,6
60516,100,99,1,1
60517,191,162,29,29
60518,124,111,13,13
60519,55,60,-5,5
60520,113,101,12,12
60521,34,43,-9,9
60522,108,100,8,8
60523,74,70,4,4
60524,163,138,25,25
60525,135,119,16,16
60526,86,99,-13,13
60527,122,114,8,8
60528,135,124,11,11
60529,68,78,-10,10
60530,75,73,2,2
60531,127,132,-5,5
60532,65,66,-1,1
60533,83,86,-3,3
60534,103,97,6,6
60535,79,77,2,2
60536,77,77,0,0
60537,116,116,0,0
60538,123,116,7,7
60539,70,68,2,2
60540,66,72,-6,6
60541,102,108,-6,6
60542,108,126,-18,18
60543,64,59,5,5
60544,116,125,-9,9
60545,154,156,-2,2
60546,78,79,-1,1
60547,97,98,-1,1
60548,64,70,-6,6
60549,109,105,4,4
60550,109,99,10,10
60551,110,112,-2,2
60552,124,115,9,9
60553,50,56,-6,6
60554,75,70,5,5
60555,112,116,-4,4
60556,72,78,-6,6
60557,113,108,5,5
60558,70,82,-12,12
60559,112,82,30,30
60560,71,71,0,0
60561,117,116,1,1
60562,88,83,5,5
60563,88,82,6,6
60564,96,85,11,11
60565,114,113,1,1
60566,46,60,-14,14
60567,82,89,-7,7
60568,77,77,0,0
60569,68,69,-1,1
60570,79,90,-11,11
60571,78,78,0,0
60572,48,54,-6,6
60573,55,62,-7,7
60574,110,112,-2,2
60575,106,100,6,6
60576,88,83,5,5
60577,90,100,-10,10
60578,84,94,-10,10
60579,78,89,-11,11
60580,108,113,-5,5
60581,52,65,-13,13
60582,162,136,26,26
60583,46,51,-5,5
60584,100,105,-5,5
60585,95,94,1,1
60586,138,137,1,1
60587,53,59,-6,6
60588,100,93,7,7
60589,93,90,3,3
60590,90,109,-19,19
60591,103,105,-2,2
60592,92,85,7,7
60593,52,54,-2,2
60594,104,101,3,3
60595,49,56,-7,7
60596,82,78,4,4
60597,104,98,6,6
60598,167,161,6,6
60599,58,67,-9,9
60600,79,79,0,0
60601,75,69,6,6
60602,70,75,-5,5
60603,78,82,-4,4
60604,70,71,-1,1
60605,130,130,0,0
60606,90,97,-7,7
60607,68,71,-3,3
60608,97,104,-7,7
60609,83,86,-3,3
60610,51,60,-9,9
60611,70,75,-5,5
60612,35,64,-29,29
60613,24,53,-29,29
60614,113,98,15,15
60615,133,125,8,8
60616,90,95,-5,5
60617,84,81,3,3
60618,86,84,2,2
60619,63,67,-4,4
60620,51,57,-6,6
60621,153,138,15,15
60622,113,113,0,0
60623,47,55,-8,8
60624,111,101,10,10
60625,67,64,3,3
60626,51,57,-6,6
60627,57,66,-9,9
60628,67,60,7,7
60629,149,139,10,10
60630,71,69,2,2
60631,100,112,-12,12
60632,94,99,-5,5
60633,61,62,-1,1
60634,100,91,9,9
60635,147,142,5,5
60636,92,92,0,0
60637,79,84,-5,5
60638,95,99,-4,4
60639,155,151,4,4
60640,88,79,9,9
60641,149,155,-6,6
60642,128,123,5,5
60643,73,62,11,11
60644,124,113,11,11
60645,78,85,-7,7
60646,73,74,-1,1
60647,104,98,6,6
60648,124,106,18,18
60649,65,72,-7,7
60650,98,99,-1,1
60651,100,98,2,2
60652,79,73,6,6
60653,216,182,34,34
60654,77,78,-1,1
60655,64,77,-13,13
60656,43,47,-4,4
60657,124,113,11,11
60658,87,87,0,0
60659,98,96,2,2
60660,91,85,6,6
60661,81,81,0,0
60662,109,118,-9,9
60663,61,77,-16,16
60664,86,93,-7,7
60665,126,119,7,7
60666,85,79,6,6
60667,94,112,-18,18
60668,68,69,-1,1
60669,77,74,3,3
60670,72,72,0,0
60671,107,110,-3,3
60672,83,83,0,0
60673,116,113,3,3
60674,59,61,-2,2
60675,53,56,-3,3
60676,137,136,1,1
60677,128,113,15,15
60678,97,97,0,0
60679,97,98,-1,1
60680,75,74,1,1
60681,107,98,9,9
60682,96,92,4,4
60683,139,127,12,12
60684,62,62,0,0
60685,90,87,3,3
60686,104,107,-3,3
60687,124,115,9,9
60688,107,102,5,5
60689,124,128,-4,4
60690,105,99,6,6
60691,134,136,-2,2
60692,122,113,9,9
60693,70,76,-6,6
60694,152,150,2,2
60695,95,93,2,2
60696,67,86,-19,19
60697,109,103,6,6
60698,170,202,-32,32
60699,80,83,-3,3
60700,88,84,4,4
60701,131,102,29,29
60702,84,83,1,1
60703,97,100,-3,3
60704,149,128,21,21
60705,79,86,-7,7
60706,93,105,-12,12
60707,81,80,1,1
60708,125,123,2,2
60709,82,80,2,2
60710,79,77,2,2
60711,65,58,7,7
60712,95,96,-1,1
60713,111,117,-6,6
60714,113,106,7,7
60715,119,120,-1,1
60716,68,71,-3,3
60717,135,109,26,26
60718,102,91,11,11
60719,96,111,-15,15
60720,107,104,3,3
60721,86,84,2,2
60722,158,131,27,27
60723,141,128,13,13
60724,129,127,2,2
60725,49,52,-3,3
60726,149,139,10,10
60727,114,114,0,0
60728,40,46,-6,6
60729,55,62,-7,7
60730,85,82,3,3
60731,65,64,1,1
60732,97,105,-8,8
60733,148,138,10,10
60734,141,127,14,14
60735,69,66,3,3
60736,80,84,-4,4
60737,158,138,20,20
60738,75,82,-7,7
60739,88,88,0,0
60740,110,105,5,5
60741,82,87,-5,5
60742,58,71,-13,13
60743,76,75,1,1
60744,48,56,-8,8
60745,106,93,13,13
60746,108,106,2,2
60747,191,172,19,19
60748,100,97,3,3
60749,58,63,-5,5
60750,117,114,3,3
60751,233,186,47,47
60752,78,83,-5,5
60753,83,75,8,8
60754,66,68,-2,2
60755,55,56,-1,1
60756,77,83,-6,6
60757,102,98,4,4
60758,62,62,0,0
60759,71,73,-2,2
60760,139,137,2,2
60761,132,133,-1,1
60762,94,99,-5,5
60763,107,112,-5,5
60764,60,71,-11,11
60765,94,110,-16,16
60766,72,64,8,8
60767,86,84,2,2
60768,75,84,-9,9
60769,87,89,-2,2
60770,148,131,17,17
60771,120,111,9,9
60772,68,70,-2,2
60773,81,76,5,5
60774,222,207,15,15
60775,68,66,2,2
60776,103,112,-9,9
60777,133,111,22,22
60778,135,112,23,23
60779,97,94,3,3
60780,56,60,-4,4
60781,73,70,3,3
60782,110,114,-4,4
60783,116,114,2,2
60784,46,45,1,1
60785,119,113,6,6
60786,42,48,-6,6
60787,71,83,-12,12
60788,80,66,14,14
60789,87,90,-3,3
60790,73,73,0,0
60791,99,95,4,4
60792,36,47,-11,11
60793,70,71,-1,1
60794,55,57,-2,2
60795,104,100,4,4
60796,135,134,1,1
60797,103,97,6,6
60798,83,86,-3,3
60799,87,77,10,10
60800,78,75,3,3
60801,68,74,-6,6
60802,70,78,-8,8
60803,112,102,10,10
60804,99,99,0,0
60805,103,101,2,2
60806,87,85,2,2
60807,105,101,4,4
60808,94,96,-2,2
60809,185,162,23,23
60810,167,158,9,9
60811,67,74,-7,7
60812,98,83,15,15
60813,109,107,2,2
60814,139,134,5,5
60815,88,85,3,3
60816,117,111,6,6
60817,101,111,-10,10
60818,124,126,-2,2
60819,182,151,31,31
60820,198,167,31,31
60821,115,113,2,2
60822,92,95,-3,3
60823,77,73,4,4
60824,104,102,2,2
60825,75,73,2,2
60826,93,79,14,14
60827,173,165,8,8
60828,121,123,-2,2
60829,141,118,23,23
60830,66,81,-15,15
60831,72,66,6,6
60832,104,108,-4,4
60833,103,99,4,4
60834,81,83,-2,2
60835,122,102,20,20
60836,131,116,15,15
60837,58,62,-4,4
60838,106,107,-1,1
60839,119,107,12,12
60840,57,58,-1,1
60841,77,75,2,2
60842,67,63,4,4
60843,85,83,2,2
60844,62,68,-6,6
60845,140,131,9,9
60846,72,78,-6,6
60847,125,125,0,0
60848,166,152,14,14
60849,133,120,13,13
60850,101,80,21,21
60851,156,143,13,13
60852,68,71,-3,3
60853,70,70,0,0
60854,127,120,7,7
60855,89,85,4,4
60856,111,97,14,14
60857,154,130,24,24
60858,91,87,4,4
60859,59,66,-7,7
60860,105,101,4,4
60861,108,126,-18,18
60862,87,99,-12,12
60863,143,131,12,12
60864,88,88,0,0
60865,83,88,-5,5
60866,105,97,8,8
60867,96,101,-5,5
60868,95,92,3,3
60869,104,112,-8,8
60870,97,113,-16,16
60871,111,113,-2,2
60872,93,89,4,4
60873,54,54,0,0
60874,90,93,-3,3
60875,52,56,-4,4
60876,85,89,-4,4
60877,114,112,2,2
60878,152,155,-3,3
60879,79,72,7,7
60880,118,122,-4,4
60881,85,77,8,8
60882,94,90,4,4
60883,49,58,-9,9
60884,56,61,-5,5
60885,156,140,16,16
60886,55,54,1,1
60887,116,113,3,3
60888,84,86,-2,2
60889,105,102,3,3
60890,122,114,8,8
60891,80,86,-6,6
60892,89,76,13,13
60893,117,108,9,9
60894,50,54,-4,4
60895,65,73,-8,8
60896,115,113,2,2
60897,78,76,2,2
60898,112,116,-4,4
60899,84,78,6,6
60900,144,142,2,2
60901,95,91,4,4
60902,125,122,3,3
60903,115,128,-13,13
60904,76,74,2,2
60905,119,114,5,5
60906,133,145,-12,12
60907,90,83,7,7
60908,112,107,5,5
60909,76,75,1,1
60910,147,136,11,11
60911,55,59,-4,4
60912,131,119,12,12
60913,116,105,11,11
60914,84,84,0,0
60915,72,74,-2,2
60916,73,74,-1,1
60917,43,54,-11,11
60918,73,73,0,0
60919,82,91,-9,9
60920,56,64,-8,8
60921,99,91,8,8
60922,105,112,-7,7
60923,79,86,-7,7
60924,138,124,14,14
60925,111,115,-4,4
60926,36,47,-11,11
60927,138,127,11,11
60928,89,95,-6,6
60929,93,83,10,10
60930,132,130,2,2
60931,108,100,8,8
60932,66,68,-2,2
60933,71,74,-3,3
60934,65,64,1,1
60935,200,180,20,20
60936,72,106,-34,34
60937,232,224,8,8
60938,75,76,-1,1
60939,186,164,22,22
60940,125,115,10,10
60941,95,103,-8,8
60942,203,147,56,56
60943,176,152,24,24
60944,129,126,3,3
60945,76,78,-2,2
60946,143,137,6,6
60947,49,52,-3,3
60948,92,90,2,2
60949,92,89,3,3
60950,75,88,-13,13
60951,105,97,8,8
60952,155,126,29,29
60953,95,101,-6,6
60954,86,93,-7,7
60955,132,122,10,10
60956,46,56,-10,10
60957,69,76,-7,7
60958,58,71,-13,13
60959,140,126,14,14
60960,70,66,4,4
60961,89,91,-2,2
60962,84,71,13,13
60963,124,120,4,4
60964,71,72,-1,1
60965,127,122,5,5
60966,69,70,-1,1
60967,111,104,7,7
60968,125,124,1,1
60969,85,92,-7,7
60970,76,77,-1,1
60971,85,91,-6,6
60972,55,60,-5,5
60973,92,94,-2,2
60974,182,154,28,28
60975,89,88,1,1
60976,102,97,5,5
60977,113,113,0,0
60978,131,134,-3,3
60979,133,136,-3,3
60980,98,94,4,4
60981,154,130,24,24
60982,99,96,3,3
60983,114,110,4,4
60984,110,104,6,6
60985,125,103,22,22
60986,52,65,-13,13
60987,42,48,-6,6
60988,80,76,4,4
60989,83,84,-1,1
60990,143,136,7,7
60991,56,61,-5,5
60992,131,123,8,8
60993,112,124,-12,12
60994,110,109,1,1
60995,104,98,6,6
60996,71,72,-1,1
60997,36,42,-6,6
60998,57,62,-5,5
60999,72,80,-8,8
61000,119,103,16,16
61001,194,172,22,22
61002,107,97,10,10
61003,123,121,2,2
61004,87,83,4,4
61005,157,147,10,10
61006,75,77,-2,2
61007,94,95,-1,1
61008,85,86,-1,1
61009,85,90,-5,5
61010,44,51,-7,7
61011,78,84,-6,6
61012,97,80,17,17
61013,34,58,-24,24
61014,38,42,-4,4
61015,93,90,3,3
61016,113,108,5,5
61017,130,120,10,10
61018,46,49,-3,3
61019,94,98,-4,4
61020,144,130,14,14
61021,60,64,-4,4
61022,110,112,-2,2
61023,78,85,-7,7
61024,172,158,14,14
61025,117,128,-11,11
61026,60,73,-13,13
61027,114,100,14,14
61028,136,143,-7,7
61029,130,134,-4,4
61030,140,128,12,12
61031,58,65,-7,7
61032,87,83,4,4
61033,154,142,12,12
61034,84,84,0,0
61035,78,74,4,4
61036,224,245,-21,21
61037,77,74,3,3
61038,114,112,2,2
61039,64,59,5,5
61040,145,135,10,10
61041,62,62,0,0
61042,123,120,3,3
61043,126,124,2,2
61044,59,71,-12,12
61045,59,70,-11,11
61046,65,78,-13,13
61047,81,88,-7,7
61048,104,96,8,8
61049,94,97,-3,3
61050,131,127,4,4
61051,60,59,1,1
61052,111,103,8,8
61053,159,139,20,20
61054,145,142,3,3
61055,67,66,1,1
61056,114,111,3,3
61057,82,78,4,4
61058,93,95,-2,2
61059,53,63,-10,10
61060,83,90,-7,7
61061,101,102,-1,1
61062,112,121,-9,9
61063,71,64,7,7
61064,86,83,3,3
61065,49,98,-49,49
61066,59,60,-1,1
61067,125,113,12,12
61068,157,152,5,5
61069,90,92,-2,2
61070,160,158,2,2
61071,128,111,17,17
61072,78,83,-5,5
61073,153,147,6,6
61074,87,105,-18,18
61075,133,122,11,11
61076,96,98,-2,2
61077,88,99,-11,11
61078,69,77,-8,8
61079,150,156,-6,6
61080,134,121,13,13
61081,122,117,5,5
61082,91,93,-2,2
61083,156,140,16,16
61084,76,77,-1,1
61085,44,50,-6,6
61086,117,119,-2,2
61087,110,107,3,3
61088,101,86,15,15
61089,81,75,6,6
61090,52,55,-3,3
61091,164,155,9,9
61092,40,48,-8,8
61093,80,85,-5,5
61094,129,119,10,10
61095,131,119,12,12
61096,87,89,-2,2
61097,79,76,3,3
61098,110,107,3,3
61099,120,112,8,8
61100,100,118,-18,18
61101,113,112,1,1
61102,97,116,-19,19
61103,75,71,4,4
61104,85,94,-9,9
61105,49,53,-4,4
61106,103,114,-11,11
61107,177,165,12,12
61108,94,96,-2,2
61109,130,122,8,8
61110,72,77,-5,5
61111,158,149,9,9
61112,47,55,-8,8
61113,74,84,-10,10
61114,101,106,-5,5
61115,51,62,-11,11
61116,83,84,-1,1
61117,142,137,5,5
61118,58,65,-7,7
61119,83,88,-5,5
61120,45,48,-3,3
61121,138,130,8,8
61122,152,141,11,11
61123,101,103,-2,2
61124,77,72,5,5
61125,52,77,-25,25
61126,89,81,8,8
61127,149,134,15,15
61128,78,70,8,8
61129,146,134,12,12
61130,122,124,-2,2
61131,88,79,9,9
61132,131,130,1,1
61133,67,70,-3,3
61134,107,95,12,12
61135,139,142,-3,3
61136,164,141,23,23
61137,134,126,8,8
61138,71,72,-1,1
61139,87,81,6,6
61140,68,71,-3,3
61141,56,105,-49,49
61142,118,119,-1,1
61143,101,99,2,2
61144,75,77,-2,2
61145,127,135,-8,8
61146,85,87,-2,2
61147,57,62,-5,5
61148,37,53,-16,16
61149,116,115,1,1
61150,108,102,6,6
61151,137,133,4,4
61152,58,62,-4,4
61153,67,90,-23,23
61154,106,106,0,0
61155,132,116,16,16
61156,102,96,6,6
61157,115,116,-1,1
61158,85,87,-2,2
61159,107,109,-2,2
61160,49,55,-6,6
61161,139,148,-9,9
61162,126,130,-4,4
61163,135,140,-5,5
61164,69,64,5,5
61165,88,78,10,10
61166,117,112,5,5
61167,77,72,5,5
61168,51,61,-10,10
61169,92,102,-10,10
61170,80,89,-9,9
61171,82,79,3,3
61172,157,150,7,7
61173,83,83,0,0
61174,136,121,15,15
61175,147,134,13,13
61176,49,54,-5,5
61177,86,85,1,1
61178,125,114,11,11
61179,73,69,4,4
61180,99,113,-14,14
61181,102,105,-3,3
61182,101,101,0,0
61183,109,101,8,8
61184,126,123,3,3
61185,142,122,20,20
61186,62,64,-2,2
61187,113,112,1,1
61188,149,126,23,23
61189,61,62,-1,1
61190,66,75,-9,9
61191,122,114,8,8
61192,89,89,0,0
61193,76,78,-2,2
61194,74,87,-13,13
61195,61,68,-7,7
61196,44,55,-11,11
61197,107,120,-13,13
61198,104,98,6,6
61199,109,108,1,1
61200,140,129,11,11
61201,43,53,-10,10
61202,40,48,-8,8
61203,223,195,28,28
61204,95,92,3,3
61205,47,58,-11,11
61206,71,67,4,4
61207,121,104,17,17
61208,119,123,-4,4
61209,135,132,3,3
61210,78,73,5,5
61211,96,86,10,10
61212,71,71,0,0
61213,71,83,-12,12
61214,108,126,-18,18
61215,64,66,-2,2
61216,169,176,-7,7
61217,80,82,-2,2
61218,78,78,0,0
61219,100,95,5,5
61220,90,87,3,3
61221,108,101,7,7
61222,84,88,-4,4
61223,150,141,9,9
61224,91,111,-20,20
61225,55,58,-3,3
61226,83,83,0,0
61227,119,149,-30,30
61228,86,88,-2,2
61229,101,105,-4,4
61230,89,79,10,10
61231,80,81,-1,1
61232,116,111,5,5
61233,146,143,3,3
61234,64,76,-12,12
61235,175,164,11,11
61236,139,133,6,6
61237,79,74,5,5
61238,120,113,7,7
61239,84,93,-9,9
61240,132,127,5,5
61241,71,72,-1,1
61242,104,95,9,9
61243,60,64,-4,4
61244,171,148,23,23
61245,93,95,-2,2
61246,132,129,3,3
61247,55,59,-4,4
61248,74,61,13,13
61249,126,113,13,13
61250,75,83,-8,8
61251,45,61,-16,16
61252,95,96,-1,1
61253,154,135,19,19
61254,143,130,13,13
61255,111,111,0,0
61256,97,101,-4,4
61257,203,221,-18,18
61258,42,45,-3,3
61259,49,53,-4,4
61260,111,111,0,0
61261,76,68,8,8
61262,79,77,2,2
61263,70,77,-7,7
61264,57,58,-1,1
61265,60,57,3,3
61266,119,120,-1,1
61267,76,78,-2,2
61268,72,70,2,2
61269,124,105,19,19
61270,138,114,24,24
61271,118,115,3,3
61272,119,112,7,7
61273,94,83,11,11
61274,113,128,-15,15
61275,69,86,-17,17
61276,106,101,5,5
61277,41,53,-12,12
61278,88,79,9,9
61279,124,132,-8,8
61280,51,57,-6,6
61281,70,79,-9,9
61282,112,112,0,0
61283,100,98,2,2
61284,143,133,10,10
61285,87,97,-10,10
61286,61,66,-5,5
61287,64,69,-5,5
61288,130,134,-4,4
61289,81,82,-1,1
61290,73,68,5,5
61291,47,50,-3,3
61292,99,113,-14,14
61293,95,93,2,2
61294,105,105,0,0
61295,126,123,3,3
61296,108,100,8,8
61297,67,71,-4,4
61298,72,80,-8,8
61299,65,64,1,1
61300,109,106,3,3
61301,52,57,-5,5
61302,122,112,10,10
61303,59,65,-6,6
61304,117,125,-8,8
61305,79,72,7,7
61306,46,54,-8,8
61307,64,73,-9,9
61308,71,84,-13,13
61309,60,63,-3,3
61310,70,71,-1,1
61311,114,111,3,3
61312,101,103,-2,2
61313,138,136,2,2
61314,98,91,7,7
61315,92,98,-6,6
61316,196,180,16,16
61317,109,108,1,1
61318,55,56,-1,1
61319,166,159,7,7
61320,68,71,-3,3
61321,61,65,-4,4
61322,79,79,0,0
61323,86,80,6,6
61324,90,85,5,5
61325,128,120,8,8
61326,102,102,0,0
61327,118,105,13,13
61328,86,84,2,2
61329,105,106,-1,1
61330,78,77,1,1
61331,96,97,-1,1
61332,38,49,-11,11
61333,96,99,-3,3
61334,123,117,6,6
61335,85,79,6,6
61336,117,105,12,12
61337,78,111,-33,33
61338,131,131,0,0
61339,82,79,3,3
61340,87,90,-3,3
61341,81,84,-3,3
61342,59,58,1,1
61343,84,88,-4,4
61344,89,91,-2,2
61345,65,68,-3,3
61346,131,133,-2,2
61347,55,61,-6,6
61348,66,62,4,4
61349,74,70,4,4
61350,84,70,14,14
61351,110,103,7,7
61352,63,76,-13,13
61353,97,85,12,12
61354,55,67,-12,12
61355,94,97,-3,3
61356,148,142,6,6
61357,110,97,13,13
61358,161,150,11,11
61359,139,129,10,10
61360,63,72,-9,9
61361,120,117,3,3
61362,79,82,-3,3
61363,131,134,-3,3
61364,150,129,21,21
61365,80,83,-3,3
61366,37,42,-5,5
61367,116,115,1,1
61368,82,79,3,3
61369,130,127,3,3
61370,68,74,-6,6
61371,86,84,2,2
61372,90,80,10,10
61373,57,59,-2,2
61374,149,137,12,12
61375,79,80,-1,1
61376,126,120,6,6
61377,120,129,-9,9
61378,197,173,24,24
61379,62,62,0,0
61380,88,86,2,2
61381,144,132,12,12
61382,99,94,5,5
61383,101,114,-13,13
61384,111,102,9,9
61385,61,65,-4,4
61386,85,85,0,0
61387,96,96,0,0
61388,125,125,0,0
61389,107,100,7,7
61390,136,123,13,13
61391,148,141,7,7
61392,98,102,-4,4
61393,66,64,2,2
61394,95,79,16,16
61395,107,96,11,11
61396,47,61,-14,14
61397,78,80,-2,2
61398,81,76,5,5
61399,72,75,-3,3
61400,84,97,-13,13
61401,145,148,-3,3
61402,77,76,1,1
61403,90,86,4,4
61404,131,117,14,14
61405,91,83,8,8
61406,38,68,-30,30
61407,94,94,0,0
61408,111,107,4,4
61409,145,139,6,6
61410,84,86,-2,2
61411,87,76,11,11
61412,115,105,10,10
61413,95,91,4,4
61414,144,129,15,15
61415,90,88,2,2
61416,101,96,5,5
61417,91,94,-3,3
61418,190,182,8,8
61419,80,84,-4,4
61420,167,149,18,18
61421,83,76,7,7
61422,66,68,-2,2
61423,50,57,-7,7
61424,111,112,-1,1
61425,83,92,-9,9
61426,72,69,3,3
61427,73,70,3,3
61428,79,85,-6,6
61429,66,72,-6,6
61430,83,84,-1,1
61431,262,238,24,24
61432,108,114,-6,6
61433,117,113,4,4
61434,98,85,13,13
61435,85,88,-3,3
61436,63,66,-3,3
61437,190,176,14,14
61438,85,85,0,0
61439,123,116,7,7
61440,144,135,9,9
61441,75,76,-1,1
61442,97,95,2,2
61443,85,77,8,8
61444,69,70,-1,1
61445,77,83,-6,6
61446,61,68,-7,7
61447,75,72,3,3
61448,97,120,-23,23
61449,70,71,-1,1
61450,85,82,3,3
61451,61,67,-6,6
61452,77,72,5,5
61453,58,65,-7,7
61454,83,75,8,8
61455,91,96,-5,5
61456,53,63,-10,10
61457,55,54,1,1
61458,87,91,-4,4
61459,80,86,-6,6
61460,53,62,-9,9
61461,133,123,10,10
61462,90,95,-5,5
61463,60,66,-6,6
61464,68,71,-3,3
61465,66,59,7,7
61466,112,112,0,0
61467,139,133,6,6
61468,50,56,-6,6
61469,120,116,4,4
61470,77,81,-4,4
61471,81,70,11,11
61472,87,83,4,4
61473,43,53,-10,10
61474,68,64,4,4
61475,58,57,1,1
61476,120,121,-1,1
61477,114,103,11,11
61478,173,158,15,15
61479,62,67,-5,5
61480,115,101,14,14
61481,213,191,22,22
61482,108,106,2,2
61483,53,69,-16,16
61484,85,78,7,7
61485,119,118,1,1
61486,74,79,-5,5
61487,93,89,4,4
61488,72,69,3,3
61489,104,84,20,20
61490,88,90,-2,2
61491,56,65,-9,9
61492,139,129,10,10
61493,110,111,-1,1
61494,93,86,7,7
61495,54,52,2,2
61496,83,92,-9,9
61497,73,68,5,5
61498,202,176,26,26
61499,95,95,0,0
61500,51,60,-9,9
61501,141,123,18,18
61502,130,126,4,4
61503,89,97,-8,8
61504,67,68,-1,1
61505,92,103,-11,11
61506,138,142,-4,4
61507,50,54,-4,4
61508,85,76,9,9
61509,118,100,18,18
61510,84,80,4,4
61511,95,89,6,6
61512,92,98,-6,6
61513,141,146,-5,5
61514,94,99,-5,5
61515,117,120,-3,3
61516,82,71,11,11
61517,73,81,-8,8
61518,108,99,9,9
61519,93,104,-11,11
61520,156,152,4,4
61521,84,88,-4,4
61522,106,94,12,12
61523,91,95,-4,4
61524,88,86,2,2
61525,78,72,6,6
61526,136,131,5,5
61527,59,70,-11,11
61528,94,102,-8,8
61529,100,100,0,0
61530,144,134,10,10
61531,89,111,-22,22
61532,67,72,-5,5
61533,28,40,-12,12
61534,114,112,2,2
61535,123,129,-6,6
61536,85,75,10,10
61537,77,79,-2,2
61538,89,106,-17,17
61539,90,85,5,5
61540,80,84,-4,4
61541,114,116,-2,2
61542,46,53,-7,7
61543,123,117,6,6
61544,132,129,3,3
61545,106,115,-9,9
61546,93,98,-5,5
61547,100,122,-22,22
61548,82,77,5,5
61549,170,171,-1,1
61550,103,121,-18,18
61551,60,66,-6,6
61552,101,112,-11,11
61553,101,97,4,4
61554,106,100,6,6
61555,53,67,-14,14
61556,45,50,-5,5
61557,102,118,-16,16
61558,74,71,3,3
61559,107,113,-6,6
61560,95,96,-1,1
61561,96,95,1,1
61562,100,98,2,2
61563,40,55,-15,15
61564,85,80,5,5
61565,59,65,-6,6
61566,107,98,9,9
61567,157,146,11,11
61568,72,78,-6,6
61569,104,92,12,12
61570,53,63,-10,10
61571,131,126,5,5
61572,147,135,12,12
61573,80,75,5,5
61574,135,131,4,4
61575,119,110,9,9
61576,128,121,7,7
61577,126,118,8,8
61578,91,83,8,8
61579,102,91,11,11
61580,55,66,-11,11
61581,69,71,-2,2
61582,57,66,-9,9
61583,53,61,-8,8
61584,109,98,11,11
61585,106,91,15,15
61586,106,109,-3,3
61587,128,115,13,13
61588,84,77,7,7
61589,73,74,-1,1
61590,137,121,16,16
61591,96,97,-1,1
61592,106,105,1,1
61593,119,113,6,6
61594,113,113,0,0
61595,138,131,7,7
61596,52,58,-6,6
61597,115,111,4,4
61598,66,67,-1,1
61599,114,112,2,2
61600,46,57,-11,11
61601,108,105,3,3
61602,85,80,5,5
61603,67,64,3,3
61604,66,63,3,3
61605,76,79,-3,3
61606,93,90,3,3
61607,145,149,-4,4
61608,122,112,10,10
61609,88,80,8,8
61610,59,64,-5,5
61611,77,78,-1,1
61612,84,88,-4,4
61613,71,75,-4,4
61614,93,89,4,4
61615,71,70,1,1
61616,40,55,-15,15
61617,165,149,16,16
61618,104,102,2,2
61619,54,57,-3,3
61620,46,47,-1,1
61621,70,69,1,1
61622,51,58,-7,7
61623,86,87,-1,1
61624,86,84,2,2
61625,90,86,4,4
61626,160,157,3,3
61627,119,115,4,4
61628,78,85,-7,7
61629,112,119,-7,7
61630,89,83,6,6
61631,96,100,-4,4
61632,96,97,-1,1
61633,96,97,-1,1
61634,33,42,-9,9
61635,78,73,5,5
61636,65,62,3,3
61637,69,74,-5,5
61638,85,89,-4,4
61639,71,67,4,4
61640,119,107,12,12
61641,100,97,3,3
61642,102,101,1,1
61643,96,88,8,8
61644,77,75,2,2
61645,91,96,-5,5
61646,175,156,19,19
61647,96,98,-2,2
61648,133,122,11,11
61649,107,122,-15,15
61650,98,94,4,4
61651,94,98,-4,4
61652,67,71,-4,4
61653,116,121,-5,5
61654,73,83,-10,10
61655,83,71,12,12
61656,75,78,-3,3
61657,109,117,-8,8
61658,143,143,0,0
61659,84,85,-1,1
61660,79,84,-5,5
61661,104,101,3,3
61662,44,48,-4,4
61663,53,50,3,3
61664,108,102,6,6
61665,86,92,-6,6
61666,119,123,-4,4
61667,56,49,7,7
61668,88,92,-4,4
61669,118,120,-2,2
61670,102,102,0,0
61671,49,51,-2,2
61672,99,98,1,1
61673,105,164,-59,59
61674,131,113,18,18
61675,78,73,5,5
61676,99,95,4,4
61677,23,33,-10,10
61678,126,124,2,2
61679,92,89,3,3
61680,85,92,-7,7
61681,61,68,-7,7
61682,137,131,6,6
61683,74,78,-4,4
61684,129,122,7,7
61685,156,153,3,3
61686,72,69,3,3
61687,151,137,14,14
61688,72,69,3,3
61689,81,86,-5,5
61690,128,120,8,8
61691,136,122,14,14
61692,111,113,-2,2
61693,150,151,-1,1
61694,79,83,-4,4
61695,124,121,3,3
61696,133,118,15,15
61697,106,112,-6,6
61698,71,77,-6,6
61699,69,67,2,2
61700,105,112,-7,7
61701,60,61,-1,1
61702,97,96,1,1
61703,129,131,-2,2
61704,70,71,-1,1
61705,137,140,-3,3
61706,110,100,10,10
61707,97,96,1,1
61708,149,161,-12,12
61709,63,67,-4,4
61710,71,75,-4,4
61711,108,101,7,7
61712,127,124,3,3
61713,92,98,-6,6
61714,41,47,-6,6
61715,87,86,1,1
61716,95,94,1,1
61717,58,64,-6,6
61718,103,112,-9,9
61719,106,103,3,3
61720,100,103,-3,3
61721,49,60,-11,11
61722,103,123,-20,20
61723,147,150,-3,3
61724,110,106,4,4
61725,121,139,-18,18
61726,66,66,0,0
61727,66,68,-2,2
61728,75,74,1,1
61729,127,131,-4,4
61730,96,94,2,2
61731,179,162,17,17
61732,153,147,6,6
61733,89,84,5,5
61734,111,111,0,0
61735,124,105,19,19
61736,86,75,11,11
61737,98,107,-9,9
61738,82,84,-2,2
61739,138,121,17,17
61740,98,93,5,5
61741,187,171,16,16
61742,141,128,13,13
61743,72,79,-7,7
61744,110,103,7,7
61745,87,94,-7,7
61746,60,63,-3,3
61747,71,71,0,0
61748,123,124,-1,1
61749,57,62,-5,5
61750,113,118,-5,5
61751,148,144,4,4
61752,73,76,-3,3
61753,62,70,-8,8
61754,108,122,-14,14
61755,105,100,5,5
61756,152,119,33,33
61757,51,57,-6,6
61758,127,123,4,4
61759,31,54,-23,23
61760,68,69,-1,1
61761,163,141,22,22
61762,160,146,14,14
61763,73,78,-5,5
61764,43,51,-8,8
61765,102,99,3,3
61766,91,107,-16,16
61767,136,117,19,19
61768,92,87,5,5
61769,60,65,-5,5
61770,45,54,-9,9
61771,111,104,7,7
61772,95,102,-7,7
61773,100,99,1,1
61774,139,137,2,2
61775,99,97,2,2
61776,68,73,-5,5
61777,55,58,-3,3
61778,110,98,12,12
61779,67,74,-7,7
61780,103,99,4,4
61781,115,112,3,3
61782,131,139,-8,8
61783,106,112,-6,6
61784,154,144,10,10
61785,104,113,-9,9
61786,91,84,7,7
61787,139,138,1,1
61788,56,62,-6,6
61789,139,132,7,7
61790,72,66,6,6
61791,144,138,6,6
61792,112,109,3,3
61793,68,67,1,1
61794,88,88,0,0
61795,79,94,-15,15
61796,104,108,-4,4
61797,54,55,-1,1
61798,111,101,10,10
61799,87,88,-1,1
61800,185,169,16,16
61801,92,88,4,4
61802,68,73,-5,5
61803,91,91,0,0
61804,84,78,6,6
61805,82,85,-3,3
61806,126,121,5,5
61807,71,76,-5,5
61808,72,71,1,1
61809,137,135,2,2
61810,61,70,-9,9
61811,106,107,-1,1
61812,59,57,2,2
61813,77,70,7,7
61814,149,128,21,21
61815,63,66,-3,3
61816,66,72,-6,6
61817,105,99,6,6
61818,85,81,4,4
61819,109,98,11,11
61820,81,89,-8,8
61821,60,64,-4,4
61822,40,50,-10,10
61823,95,87,8,8
61824,110,98,12,12
61825,68,66,2,2
61826,67,70,-3,3
61827,76,78,-2,2
61828,188,177,11,11
61829,59,62,-3,3
61830,131,118,13,13
61831,108,106,2,2
61832,114,119,-5,5
61833,108,107,1,1
61834,104,98,6,6
61835,94,96,-2,2
61836,47,52,-5,5
61837,77,71,6,6
61838,80,83,-3,3
61839,96,94,2,2
61840,103,102,1,1
61841,109,106,3,3
61842,66,76,-10,10
61843,98,88,10,10
61844,126,108,18,18
61845,97,110,-13,13
61846,99,96,3,3
61847,107,109,-2,2
61848,129,126,3,3
61849,87,91,-4,4
61850,69,70,-1,1
61851,115,104,11,11
61852,99,102,-3,3
61853,99,95,4,4
61854,155,160,-5,5
61855,121,114,7,7
61856,123,125,-2,2
61857,91,89,2,2
61858,68,76,-8,8
61859,118,109,9,9
61860,98,100,-2,2
61861,108,103,5,5
61862,112,110,2,2
61863,80,73,7,7
61864,92,129,-37,37
61865,116,106,10,10
61866,56,63,-7,7
61867,127,125,2,2
61868,50,58,-8,8
61869,121,109,12,12
61870,157,149,8,8
61871,78,75,3,3
61872,85,79,6,6
61873,142,137,5,5
61874,42,51,-9,9
61875,62,68,-6,6
61876,61,67,-6,6
61877,75,76,-1,1
61878,82,87,-5,5
61879,107,103,4,4
61880,130,132,-2,2
61881,64,70,-6,6
61882,75,74,1,1
61883,109,104,5,5
61884,65,76,-11,11
61885,112,113,-1,1
61886,88,96,-8,8
61887,140,134,6,6
61888,132,125,7,7
61889,108,111,-3,3
61890,92,76,16,16
61891,63,63,0,0
61892,48,54,-6,6
61893,144,121,23,23
61894,104,103,1,1
61895,107,98,9,9
61896,52,69,-17,17
61897,73,72,1,1
61898,44,52,-8,8
61899,120,113,7,7
61900,87,84,3,3
61901,110,115,-5,5
61902,73,74,-1,1
61903,79,90,-11,11
61904,57,66,-9,9
61905,68,73,-5,5
61906,81,99,-18,18
61907,63,64,-1,1
61908,41,45,-4,4
61909,71,65,6,6
61910,106,112,-6,6
61911,105,94,11,11
61912,183,147,36,36
61913,111,114,-3,3
61914,137,129,8,8
61915,51,60,-9,9
61916,40,45,-5,5
61917,70,78,-8,8
61918,120,115,5,5
61919,57,66,-9,9
61920,66,64,2,2
61921,140,118,22,22
61922,71,78,-7,7
61923,96,92,4,4
61924,108,109,-1,1
61925,134,143,-9,9
61926,97,96,1,1
61927,44,47,-3,3
61928,49,53,-4,4
61929,63,62,1,1
61930,97,101,-4,4
61931,38,44,-6,6
61932,68,68,0,0
61933,114,106,8,8
61934,105,109,-4,4
61935,36,41,-5,5
61936,69,66,3,3
61937,101,99,2,2
61938,155,139,16,16
61939,53,72,-19,19
61940,151,140,11,11
61941,65,64,1,1
61942,64,69,-5,5
61943,181,155,26,26
61944,110,115,-5,5
61945,93,96,-3,3
61946,183,172,11,11
61947,94,90,4,4
61948,91,91,0,0
61949,105,112,-7,7
61950,51,57,-6,6
61951,76,75,1,1
61952,60,72,-12,12
61953,72,73,-1,1
61954,108,102,6,6
61955,119,112,7,7
61956,98,110,-12,12
61957,119,106,13,13
61958,122,119,3,3
61959,90,91,-1,1
61960,55,60,-5,5
61961,62,59,3,3
61962,41,43,-2,2
61963,86,84,2,2
61964,58,61,-3,3
61965,159,157,2,2
61966,84,85,-1,1
61967,101,100,1,1
61968,107,96,11,11
61969,150,142,8,8
61970,105,112,-7,7
61971,83,85,-2,2
61972,78,86,-8,8
61973,51,58,-7,7
61974,83,93,-10,10
61975,111,112,-1,1
61976,116,121,-5,5
61977,124,101,23,23
61978,116,110,6,6
61979,133,123,10,10
61980,143,130,13,13
61981,102,103,-1,1
61982,94,97,-3,3
61983,66,67,-1,1
61984,76,85,-9,9
61985,108,99,9,9
61986,69,64,5,5
61987,90,80,10,10
61988,65,73,-8,8
61989,157,150,7,7
61990,81,74,7,7
61991,116,117,-1,1
61992,94,92,2,2
61993,98,111,-13,13
61994,149,137,12,12
61995,87,88,-1,1
61996,124,126,-2,2
61997,121,119,2,2
61998,157,141,16,16
61999,100,96,4,4
62000,129,129,0,0
62001,97,96,1,1
62002,57,60,-3,3
62003,108,103,5,5
62004,64,65,-1,1
62005,195,168,27,27
62006,81,80,1,1
62007,92,89,3,3
62008,139,143,-4,4
62009,67,68,-1,1
62010,78,88,-10,10
62011,56,60,-4,4
62012,90,88,2,2
62013,69,73,-4,4
62014,109,100,9,9
62015,67,70,-3,3
62016,65,71,-6,6
62017,67,74,-7,7
62018,128,113,15,15
62019,101,97,4,4
62020,103,101,2,2
62021,66,64,2,2
62022,78,79,-1,1
62023,121,113,8,8
62024,99,106,-7,7
62025,69,65,4,4
62026,64,68,-4,4
62027,66,65,1,1
62028,76,76,0,0
62029,91,92,-1,1
62030,49,59,-10,10
62031,222,184,38,38
62032,71,68,3,3
62033,155,148,7,7
62034,80,82,-2,2
62035,94,77,17,17
62036,70,70,0,0
62037,106,103,3,3
62038,81,84,-3,3
62039,90,83,7,7
62040,73,75,-2,2
62041,65,63,2,2
62042,71,77,-6,6
62043,140,121,19,19
62044,109,111,-2,2
62045,72,72,0,0
62046,95,104,-9,9
62047,92,86,6,6
62048,104,112,-8,8
62049,74,76,-2,2
62050,102,102,0,0
62051,75,79,-4,4
62052,100,95,5,5
62053,111,113,-2,2
62054,52,56,-4,4
62055,79,72,7,7
62056,99,93,6,6
62057,140,140,0,0
62058,181,178,3,3
62059,106,102,4,4
62060,59,55,4,4
62061,129,122,7,7
62062,95,113,-18,18
62063,50,60,-10,10
62064,71,69,2,2
62065,46,63,-17,17
62066,103,107,-4,4
62067,82,84,-2,2
62068,114,106,8,8
62069,114,108,6,6
62070,92,94,-2,2
62071,74,78,-4,4
62072,102,100,2,2
62073,104,101,3,3
62074,86,84,2,2
62075,51,70,-19,19
62076,86,84,2,2
62077,78,83,-5,5
62078,99,103,-4,4
62079,95,85,10,10
62080,82,86,-4,4
62081,111,112,-1,1
62082,129,112,17,17
62083,90,112,-22,22
62084,139,132,7,7
62085,72,83,-11,11
62086,55,63,-8,8
62087,165,148,17,17
62088,115,119,-4,4
62089,61,72,-11,11
62090,84,77,7,7
62091,136,133,3,3
62092,83,79,4,4
62093,27,59,-32,32
62094,108,106,2,2
62095,147,130,17,17
62096,120,121,-1,1
62097,73,94,-21,21
62098,60,69,-9,9
62099,123,125,-2,2
62100,89,93,-4,4
62101,73,70,3,3
62102,64,68,-4,4
62103,62,67,-5,5
62104,100,93,7,7
62105,100,92,8,8
62106,48,66,-18,18
62107,119,111,8,8
62108,53,59,-6,6
62109,142,142,0,0
62110,58,63,-5,5
62111,100,112,-12,12
62112,77,74,3,3
62113,71,87,-16,16
62114,126,124,2,2
62115,50,58,-8,8
62116,205,166,39,39
62117,60,65,-5,5
62118,91,92,-1,1
62119,70,77,-7,7
62120,90,95,-5,5
62121,159,151,8,8
62122,75,75,0,0
62123,116,96,20,20
62124,109,113,-4,4
62125,143,130,13,13
62126,112,104,8,8
62127,84,88,-4,4
62128,170,167,3,3
62129,150,146,4,4
62130,109,106,3,3
62131,161,147,14,14
62132,99,105,-6,6
62133,127,113,14,14
62134,62,54,8,8
62135,133,130,3,3
62136,101,105,-4,4
62137,127,118,9,9
62138,89,87,2,2
62139,95,90,5,5
62140,150,138,12,12
62141,49,51,-2,2
62142,92,94,-2,2
62143,92,91,1,1
62144,38,52,-14,14
62145,145,148,-3,3
62146,156,158,-2,2
62147,125,123,2,2
62148,51,52,-1,1
62149,134,112,22,22
62150,92,104,-12,12
62151,85,93,-8,8
62152,60,63,-3,3
62153,67,72,-5,5
62154,99,110,-11,11
62155,159,161,-2,2
62156,86,91,-5,5
62157,75,63,12,12
62158,42,47,-5,5
62159,71,74,-3,3
62160,136,137,-1,1
62161,67,78,-11,11
62162,112,112,0,0
62163,71,73,-2,2
62164,48,62,-14,14
62165,139,139,0,0
62166,114,144,-30,30
62167,48,50,-2,2
62168,86,87,-1,1
62169,119,112,7,7
62170,94,94,0,0
62171,105,104,1,1
62172,104,96,8,8
62173,85,89,-4,4
62174,66,64,2,2
62175,93,89,4,4
62176,88,93,-5,5
62177,67,67,0,0
62178,91,98,-7,7
62179,110,109,1,1
62180,80,75,5,5
62181,98,103,-5,5
62182,126,125,1,1
62183,52,60,-8,8
62184,63,69,-6,6
62185,91,98,-7,7
62186,103,104,-1,1
62187,68,67,1,1
62188,73,78,-5,5
62189,95,97,-2,2
62190,100,96,4,4
62191,111,98,13,13
62192,100,104,-4,4
62193,75,77,-2,2
62194,84,89,-5,5
62195,75,77,-2,2
62196,139,125,14,14
62197,105,110,-5,5
62198,84,93,-9,9
62199,137,121,16,16
62200,65,98,-33,33
62201,97,89,8,8
62202,78,81,-3,3
62203,122,122,0,0
62204,72,76,-4,4
62205,80,98,-18,18
62206,132,120,12,12
62207,113,111,2,2
62208,121,118,3,3
62209,72,74,-2,2
62210,95,99,-4,4
62211,124,119,5,5
62212,122,118,4,4
62213,152,148,4,4
62214,105,100,5,5
62215,103,107,-4,4
62216,111,101,10,10
62217,60,58,2,2
62218,75,99,-24,24
62219,69,73,-4,4
62220,85,78,7,7
62221,91,98,-7,7
62222,106,97,9,9
62223,76,88,-12,12
62224,43,52,-9,9
62225,65,64,1,1
62226,180,173,7,7
62227,38,60,-22,22
62228,86,87,-1,1
62229,77,77,0,0
62230,110,112,-2,2
62231,111,111,0,0
62232,134,127,7,7
62233,123,126,-3,3
62234,67,70,-3,3
62235,77,83,-6,6
62236,95,101,-6,6
62237,94,95,-1,1
62238,131,126,5,5
62239,88,100,-12,12
62240,130,127,3,3
62241,78,76,2,2
62242,98,99,-1,1
62243,66,70,-4,4
62244,63,68,-5,5
62245,85,80,5,5
62246,82,86,-4,4
62247,82,91,-9,9
62248,104,100,4,4
62249,120,116,4,4
62250,68,70,-2,2
62251,108,112,-4,4
62252,101,97,4,4
62253,102,98,4,4
62254,161,160,1,1
62255,48,59,-11,11
62256,82,89,-7,7
62257,134,131,3,3
62258,102,98,4,4
62259,47,54,-7,7
62260,101,79,22,22
62261,103,100,3,3
62262,158,143,15,15
62263,79,86,-7,7
62264,126,120,6,6
62265,72,83,-11,11
62266,103,102,1,1
62267,86,96,-10,10
62268,73,79,-6,6
62269,150,141,9,9
62270,69,68,1,1
62271,89,84,5,5
62272,102,98,4,4
62273,89,91,-2,2
62274,92,95,-3,3
62275,91,90,1,1
62276,69,71,-2,2
62277,31,44,-13,13
62278,62,63,-1,1
62279,74,79,-5,5
62280,73,68,5,5
62281,92,80,12,12
62282,68,69,-1,1
62283,121,112,9,9
62284,160,152,8,8
62285,124,120,4,4
62286,71,70,1,1
62287,98,87,11,11
62288,85,85,0,0
62289,93,90,3,3
62290,87,79,8,8
62291,210,173,37,37
62292,74,76,-2,2
62293,84,89,-5,5
62294,141,135,6,6
62295,68,71,-3,3
62296,118,114,4,4
62297,75,78,-3,3
62298,150,144,6,6
62299,162,152,10,10
62300,59,61,-2,2
62301,82,84,-2,2
62302,118,112,6,6
62303,94,98,-4,4
62304,75,94,-19,19
62305,71,74,-3,3
62306,131,118,13,13
62307,120,112,8,8
62308,91,96,-5,5
62309,112,103,9,9
62310,145,138,7,7
62311,93,85,8,8
62312,93,83,10,10
62313,89,77,12,12
62314,110,104,6,6
62315,78,78,0,0
62316,80,75,5,5
62317,133,133,0,0
62318,50,51,-1,1
62319,82,83,-1,1
62320,145,125,20,20
62321,126,106,20,20
62322,105,100,5,5
62323,159,153,6,6
62324,118,121,-3,3
62325,142,135,7,7
62326,108,99,9,9
62327,110,109,1,1
62328,106,98,8,8
62329,119,120,-1,1
62330,90,94,-4,4
62331,68,72,-4,4
62332,119,112,7,7
62333,162,151,11,11
62334,76,82,-6,6
62335,89,83,6,6
62336,57,66,-9,9
62337,79,77,2,2
62338,72,79,-7,7
62339,110,98,12,12
62340,82,78,4,4
62341,76,73,3,3
62342,68,76,-8,8
62343,79,102,-23,23
62344,64,69,-5,5
62345,151,135,16,16
62346,64,68,-4,4
62347,110,104,6,6
62348,78,71,7,7
62349,123,122,1,1
62350,118,115,3,3
62351,58,67,-9,9
62352,140,128,12,12
62353,128,113,15,15
62354,57,57,0,0
62355,101,104,-3,3
62356,106,99,7,7
62357,71,79,-8,8
62358,61,61,0,0
62359,187,159,28,28
62360,123,112,11,11
62361,64,65,-1,1
62362,59,66,-7,7
62363,83,84,-1,1
62364,68,74,-6,6
62365,83,77,6,6
62366,111,105,6,6
62367,86,94,-8,8
62368,87,86,1,1
62369,97,94,3,3
62370,76,76,0,0
62371,91,97,-6,6
62372,169,149,20,20
62373,51,53,-2,2
62374,57,74,-17,17
62375,168,167,1,1
62376,93,70,23,23
62377,93,91,2,2
62378,98,85,13,13
62379,76,86,-10,10
62380,142,132,10,10
62381,60,65,-5,5
62382,118,110,8,8
62383,40,62,-22,22
62384,68,67,1,1
62385,75,71,4,4
62386,97,94,3,3
62387,124,121,3,3
62388,68,64,4,4
62389,89,81,8,8
62390,109,108,1,1
62391,53,58,-5,5
62392,112,109,3,3
62393,140,140,0,0
62394,113,103,10,10
62395,105,114,-9,9
62396,69,69,0,0
62397,98,118,-20,20
62398,150,144,6,6
62399,93,93,0,0
62400,117,120,-3,3
62401,44,48,-4,4
62402,65,61,4,4
62403,78,73,5,5
62404,149,145,4,4
62405,75,73,2,2
62406,82,84,-2,2
62407,93,90,3,3
62408,129,125,4,4
62409,46,57,-11,11
62410,56,53,3,3
62411,99,85,14,14
62412,31,50,-19,19
62413,113,114,-1,1
62414,167,164,3,3
62415,113,116,-3,3
62416,171,169,2,2
62417,71,73,-2,2
62418,103,105,-2,2
62419,76,83,-7,7
62420,64,61,3,3
62421,105,108,-3,3
62422,176,162,14,14
62423,127,115,12,12
62424,118,106,12,12
62425,88,97,-9,9
62426,133,124,9,9
62427,84,93,-9,9
62428,108,111,-3,3
62429,72,71,1,1
62430,128,122,6,6
62431,36,47,-11,11
62432,116,102,14,14
62433,105,110,-5,5
62434,85,90,-5,5
62435,48,53,-5,5
62436,142,125,17,17
62437,78,67,11,11
62438,72,80,-8,8
62439,255,225,30,30
62440,113,119,-6,6
62441,98,91,7,7
62442,143,127,16,16
62443,85,104,-19,19
62444,111,112,-1,1
62445,106,103,3,3
62446,111,111,0,0
62447,84,79,5,5
62448,74,78,-4,4
62449,87,91,-4,4
62450,133,126,7,7
62451,111,116,-5,5
62452,78,78,0,0
62453,83,88,-5,5
62454,117,102,15,15
62455,97,94,3,3
62456,127,129,-2,2
62457,66,67,-1,1
62458,124,116,8,8
62459,72,73,-1,1
62460,108,94,14,14
62461,124,123,1,1
62462,137,115,22,22
62463,84,87,-3,3
62464,175,169,6,6
62465,32,37,-5,5
62466,127,111,16,16
62467,139,137,2,2
62468,84,111,-27,27
62469,138,141,-3,3
62470,147,147,0,0
62471,49,55,-6,6
62472,87,87,0,0
62473,71,74,-3,3
62474,89,77,12,12
62475,122,120,2,2
62476,110,114,-4,4
62477,112,111,1,1
62478,161,142,19,19
62479,78,90,-12,12
62480,84,87,-3,3
62481,96,89,7,7
62482,83,84,-1,1
62483,166,140,26,26
62484,69,68,1,1
62485,48,50,-2,2
62486,84,69,15,15
62487,113,97,16,16
62488,89,94,-5,5
62489,51,58,-7,7
62490,101,100,1,1
62491,70,69,1,1
62492,107,99,8,8
62493,99,97,2,2
62494,142,130,12,12
62495,123,112,11,11
62496,81,78,3,3
62497,60,60,0,0
62498,139,125,14,14
62499,93,91,2,2
62500,123,130,-7,7
62501,101,79,22,22
62502,128,125,3,3
62503,72,73,-1,1
62504,134,118,16,16
62505,89,89,0,0
62506,162,148,14,14
62507,129,112,17,17
62508,97,96,1,1
62509,63,75,-12,12
62510,88,91,-3,3
62511,47,53,-6,6
62512,163,148,15,15
62513,169,170,-1,1
62514,88,85,3,3
62515,116,114,2,2
62516,68,72,-4,4
62517,66,73,-7,7
62518,75,77,-2,2
62519,79,85,-6,6
62520,132,129,3,3
62521,64,72,-8,8
62522,154,145,9,9
62523,159,130,29,29
62524,97,99,-2,2
62525,151,142,9,9
62526,64,67,-3,3
62527,86,78,8,8
62528,86,102,-16,16
62529,105,101,4,4
62530,135,135,0,0
62531,78,89,-11,11
62532,180,158,22,22
62533,126,119,7,7
62534,115,114,1,1
62535,95,107,-12,12
62536,123,109,14,14
62537,49,57,-8,8
62538,94,99,-5,5
62539,170,160,10,10
62540,92,90,2,2
62541,101,104,-3,3
62542,93,93,0,0
62543,123,136,-13,13
62544,83,77,6,6
62545,122,107,15,15
62546,109,120,-11,11
62547,67,62,5,5
62548,59,66,-7,7
62549,79,70,9,9
62550,82,87,-5,5
62551,69,72,-3,3
62552,83,90,-7,7
62553,116,110,6,6
62554,202,174,28,28
62555,92,103,-11,11
62556,95,86,9,9
62557,104,108,-4,4
62558,124,113,11,11
62559,203,186,17,17
62560,95,93,2,2
62561,131,125,6,6
62562,42,48,-6,6
62563,106,89,17,17
62564,40,49,-9,9
62565,81,79,2,2
62566,125,113,12,12
62567,82,84,-2,2
62568,121,110,11,11
62569,85,95,-10,10
62570,104,95,9,9
62571,82,77,5,5
62572,76,73,3,3
62573,60,65,-5,5
62574,91,76,15,15
62575,96,92,4,4
62576,118,112,6,6
62577,101,93,8,8
62578,140,137,3,3
62579,153,145,8,8
62580,115,123,-8,8
62581,38,58,-20,20
62582,74,77,-3,3
62583,28,60,-32,32
62584,65,68,-3,3
62585,113,118,-5,5
62586,109,111,-2,2
62587,93,92,1,1
62588,87,84,3,3
62589,54,62,-8,8
62590,125,119,6,6
62591,141,137,4,4
62592,114,115,-1,1
62593,122,119,3,3
62594,138,137,1,1
62595,98,93,5,5
62596,84,83,1,1
62597,118,115,3,3
62598,114,114,0,0
62599,69,76,-7,7
62600,47,59,-12,12
62601,72,64,8,8
62602,72,66,6,6
62603,85,88,-3,3
62604,48,53,-5,5
62605,96,92,4,4
62606,90,91,-1,1
62607,99,90,9,9
62608,122,128,-6,6
62609,60,65,-5,5
62610,80,85,-5,5
62611,79,83,-4,4
62612,54,58,-4,4
62613,90,95,-5,5
62614,84,91,-7,7
62615,98,97,1,1
62616,106,103,3,3
62617,70,77,-7,7
62618,93,87,6,6
62619,81,78,3,3
62620,108,101,7,7
62621,66,70,-4,4
62622,92,90,2,2
62623,58,58,0,0
62624,80,79,1,1
62625,72,76,-4,4
62626,92,90,2,2
62627,114,119,-5,5
62628,149,135,14,14
62629,85,84,1,1
62630,61,58,3,3
62631,104,97,7,7
62632,100,92,8,8
62633,132,126,6,6
62634,132,122,10,10
62635,114,100,14,14
62636,89,92,-3,3
62637,52,55,-3,3
62638,51,53,-2,2
62639,109,115,-6,6
62640,112,118,-6,6
62641,80,75,5,5
62642,158,171,-13,13
62643,103,95,8,8
62644,59,65,-6,6
62645,118,110,8,8
62646,114,110,4,4
62647,101,97,4,4
62648,64,65,-1,1
62649,75,75,0,0
62650,110,98,12,12
62651,168,177,-9,9
62652,109,99,10,10
62653,106,104,2,2
62654,32,82,-50,50
62655,86,91,-5,5
62656,185,147,38,38
62657,125,133,-8,8
62658,48,54,-6,6
62659,128,128,0,0
62660,138,140,-2,2
62661,75,69,6,6
62662,84,103,-19,19
62663,115,101,14,14
62664,58,70,-12,12
62665,97,95,2,2
62666,152,133,19,19
62667,94,98,-4,4
62668,114,110,4,4
62669,130,135,-5,5
62670,61,64,-3,3
62671,185,161,24,24
62672,110,109,1,1
62673,58,59,-1,1
62674,79,84,-5,5
62675,79,77,2,2
62676,93,90,3,3
62677,129,127,2,2
62678,134,126,8,8
62679,98,101,-3,3
62680,162,156,6,6
62681,83,83,0,0
62682,107,97,10,10
62683,98,107,-9,9
62684,131,119,12,12
62685,57,55,2,2
62686,153,136,17,17
62687,126,122,4,4
62688,89,89,0,0
62689,68,69,-1,1
62690,131,121,10,10
62691,68,77,-9,9
62692,94,88,6,6
62693,135,123,12,12
62694,96,98,-2,2
62695,95,102,-7,7
62696,90,88,2,2
62697,55,61,-6,6
62698,108,112,-4,4
62699,36,42,-6,6
62700,73,68,5,5
62701,73,84,-11,11
62702,102,98,4,4
62703,52,56,-4,4
62704,22,55,-33,33
62705,102,91,11,11
62706,136,118,18,18
62707,83,86,-3,3
62708,76,76,0,0
62709,135,132,3,3
62710,116,119,-3,3
62711,69,71,-2,2
62712,42,51,-9,9
62713,86,77,9,9
62714,131,120,11,11
62715,119,113,6,6
62716,65,65,0,0
62717,100,105,-5,5
62718,65,70,-5,5
62719,73,74,-1,1
62720,63,66,-3,3
62721,115,147,-32,32
62722,164,149,15,15
62723,146,143,3,3
62724,64,69,-5,5
62725,101,97,4,4
62726,124,115,9,9
62727,74,78,-4,4
62728,92,81,11,11
62729,90,87,3,3
62730,93,93,0,0
62731,76,79,-3,3
62732,133,134,-1,1
62733,54,60,-6,6
62734,147,119,28,28
62735,107,109,-2,2
62736,132,112,20,20
62737,129,115,14,14
62738,95,90,5,5
62739,78,85,-7,7
62740,93,89,4,4
62741,85,92,-7,7
62742,138,151,-13,13
62743,106,108,-2,2
62744,45,52,-7,7
62745,50,58,-8,8
62746,55,54,1,1
62747,44,57,-13,13
62748,70,68,2,2
62749,125,118,7,7
62750,82,85,-3,3
62751,80,79,1,1
62752,120,115,5,5
62753,100,98,2,2
62754,70,67,3,3
62755,65,67,-2,2
62756,96,99,-3,3
62757,93,96,-3,3
62758,106,99,7,7
62759,168,148,20,20
62760,169,155,14,14
62761,95,100,-5,5
62762,95,96,-1,1
62763,81,76,5,5
62764,65,61,4,4
62765,64,74,-10,10
62766,62,75,-13,13
62767,119,116,3,3
62768,93,88,5,5
62769,77,75,2,2
62770,141,138,3,3
62771,66,68,-2,2
62772,76,91,-15,15
62773,148,139,9,9
62774,57,70,-13,13
62775,78,64,14,14
62776,134,112,22,22
62777,133,128,5,5
62778,66,68,-2,2
62779,75,71,4,4
62780,97,94,3,3
62781,131,116,15,15
62782,171,158,13,13
62783,222,208,14,14
62784,102,102,0,0
62785,60,63,-3,3
62786,144,141,3,3
62787,43,49,-6,6
62788,82,78,4,4
62789,84,86,-2,2
62790,92,99,-7,7
62791,94,76,18,18
62792,179,171,8,8
62793,119,121,-2,2
62794,61,69,-8,8
62795,93,99,-6,6
62796,53,56,-3,3
62797,142,137,5,5
62798,69,69,0,0
62799,90,94,-4,4
62800,139,135,4,4
62801,90,111,-21,21
62802,56,59,-3,3
62803,113,115,-2,2
62804,91,89,2,2
62805,86,87,-1,1
62806,111,106,5,5
62807,74,69,5,5
62808,139,123,16,16
62809,96,89,7,7
62810,105,100,5,5
62811,139,135,4,4
62812,61,67,-6,6
62813,70,75,-5,5
62814,70,75,-5,5
62815,61,62,-1,1
62816,127,132,-5,5
62817,92,99,-7,7
62818,120,109,11,11
62819,52,55,-3,3
62820,86,87,-1,1
62821,62,63,-1,1
62822,101,121,-20,20
62823,85,101,-16,16
62824,96,102,-6,6
62825,105,105,0,0
62826,122,118,4,4
62827,116,112,4,4
62828,98,84,14,14
62829,154,142,12,12
62830,100,97,3,3
62831,164,155,9,9
62832,162,150,12,12
62833,136,136,0,0
62834,62,70,-8,8
62835,178,169,9,9
62836,109,92,17,17
62837,121,108,13,13
62838,108,123,-15,15
62839,84,87,-3,3
62840,131,113,18,18
62841,122,111,11,11
62842,64,74,-10,10
62843,84,85,-1,1
62844,72,71,1,1
62845,185,161,24,24
62846,77,74,3,3
62847,137,155,-18,18
62848,93,99,-6,6
62849,86,97,-11,11
62850,144,127,17,17
62851,78,81,-3,3
62852,61,66,-5,5
62853,129,116,13,13
62854,52,65,-13,13
62855,195,178,17,17
62856,87,89,-2,2
62857,101,102,-1,1
62858,103,105,-2,2
62859,169,157,12,12
62860,104,101,3,3
62861,80,79,1,1
62862,40,60,-20,20
62863,90,96,-6,6
62864,89,97,-8,8
62865,105,102,3,3
62866,86,94,-8,8
62867,133,125,8,8
62868,89,87,2,2
62869,64,64,0,0
62870,94,100,-6,6
62871,86,95,-9,9
62872,128,122,6,6
62873,53,59,-6,6
62874,91,80,11,11
62875,74,73,1,1
62876,64,67,-3,3
62877,81,74,7,7
62878,66,72,-6,6
62879,76,70,6,6
62880,91,92,-1,1
62881,76,73,3,3
62882,109,100,9,9
62883,77,75,2,2
62884,76,74,2,2
62885,110,100,10,10
62886,88,88,0,0
62887,120,114,6,6
62888,127,125,2,2
62889,106,110,-4,4
62890,201,186,15,15
62891,111,111,0,0
62892,231,206,25,25
62893,59,67,-8,8
62894,150,136,14,14
62895,141,129,12,12
62896,62,59,3,3
62897,191,182,9,9
62898,119,115,4,4
62899,72,78,-6,6
62900,103,102,1,1
62901,79,87,-8,8
62902,106,106,0,0
62903,104,119,-15,15
62904,88,95,-7,7
62905,78,84,-6,6
62906,81,93,-12,12
62907,98,100,-2,2
62908,123,119,4,4
62909,142,138,4,4
62910,74,74,0,0
62911,163,150,13,13
62912,102,92,10,10
62913,60,65,-5,5
62914,133,113,20,20
62915,59,62,-3,3
62916,47,57,-10,10
62917,86,93,-7,7
62918,124,113,11,11
62919,28,39,-11,11
62920,59,63,-4,4
62921,124,134,-10,10
62922,105,101,4,4
62923,103,96,7,7
62924,80,83,-3,3
62925,82,78,4,4
62926,84,79,5,5
62927,128,126,2,2
62928,101,103,-2,2
62929,72,73,-1,1
62930,89,78,11,11
62931,119,120,-1,1
62932,181,168,13,13
62933,146,141,5,5
62934,58,60,-2,2
62935,80,75,5,5
62936,37,47,-10,10
62937,45,60,-15,15
62938,95,105,-10,10
62939,108,106,2,2
62940,79,73,6,6
62941,85,73,12,12
62942,53,66,-13,13
62943,211,186,25,25
62944,103,102,1,1
62945,77,74,3,3
62946,75,73,2,2
62947,95,96,-1,1
62948,102,94,8,8
62949,77,77,0,0
62950,54,59,-5,5
62951,110,103,7,7
62952,121,114,7,7
62953,89,77,12,12
62954,93,99,-6,6
62955,44,53,-9,9
62956,84,95,-11,11
62957,135,125,10,10
62958,66,64,2,2
62959,104,113,-9,9
62960,141,127,14,14
62961,98,91,7,7
62962,90,97,-7,7
62963,115,110,5,5
62964,109,112,-3,3
62965,69,76,-7,7
62966,64,65,-1,1
62967,185,168,17,17
62968,114,107,7,7
62969,191,165,26,26
62970,49,50,-1,1
62971,83,92,-9,9
62972,100,98,2,2
62973,98,91,7,7
62974,69,78,-9,9
62975,103,94,9,9
62976,148,154,-6,6
62977,81,76,5,5
62978,151,144,7,7
62979,70,64,6,6
62980,88,87,1,1
62981,93,99,-6,6
62982,60,74,-14,14
62983,88,83,5,5
62984,63,69,-6,6
62985,92,88,4,4
62986,108,111,-3,3
62987,78,86,-8,8
62988,156,134,22,22
62989,63,66,-3,3
62990,58,66,-8,8
62991,38,42,-4,4
62992,107,102,5,5
62993,101,97,4,4
62994,65,71,-6,6
62995,120,118,2,2
62996,101,94,7,7
62997,106,94,12,12
62998,72,73,-1,1
62999,127,119,8,8
63000,65,69,-4,4
63001,126,113,13,13
63002,113,111,2,2
63003,104,112,-8,8
63004,152,137,15,15
63005,57,62,-5,5
63006,83,78,5,5
63007,101,101,0,0
63008,81,81,0,0
63009,54,67,-13,13
63010,80,80,0,0
63011,83,90,-7,7
63012,31,35,-4,4
63013,64,68,-4,4
63014,159,156,3,3
63015,133,126,7,7
63016,116,123,-7,7
63017,57,57,0,0
63018,99,95,4,4
63019,62,59,3,3
63020,90,86,4,4
63021,117,113,4,4
63022,142,128,14,14
63023,177,157,20,20
63024,59,61,-2,2
63025,89,100,-11,11
63026,69,69,0,0
63027,63,72,-9,9
63028,46,74,-28,28
63029,136,141,-5,5
63030,105,116,-11,11
63031,127,134,-7,7
63032,66,72,-6,6
63033,138,137,1,1
63034,71,71,0,0
63035,97,97,0,0
63036,112,113,-1,1
63037,77,84,-7,7
63038,57,63,-6,6
63039,84,88,-4,4
63040,85,79,6,6
63041,111,103,8,8
63042,123,115,8,8
63043,110,115,-5,5
63044,114,114,0,0
63045,111,134,-23,23
63046,71,80,-9,9
63047,93,83,10,10
63048,343,305,38,38
63049,72,73,-1,1
63050,186,159,27,27
63051,62,62,0,0
63052,79,78,1,1
63053,129,130,-1,1
63054,121,138,-17,17
63055,105,101,4,4
63056,157,143,14,14
63057,115,105,10,10
63058,78,76,2,2
63059,179,181,-2,2
63060,80,81,-1,1
63061,113,115,-2,2
63062,87,91,-4,4
63063,95,98,-3,3
63064,95,98,-3,3
63065,104,100,4,4
63066,88,88,0,0
63067,61,68,-7,7
63068,63,60,3,3
63069,87,105,-18,18
63070,157,160,-3,3
63071,92,117,-25,25
63072,53,58,-5,5
63073,128,115,13,13
63074,114,109,5,5
63075,95,95,0,0
63076,102,100,2,2
63077,120,122,-2,2
63078,110,117,-7,7
63079,207,192,15,15
63080,103,101,2,2
63081,55,59,-4,4
63082,98,95,3,3
63083,99,102,-3,3
63084,94,98,-4,4
63085,82,90,-8,8
63086,60,88,-28,28
63087,95,100,-5,5
63088,113,105,8,8
63089,113,112,1,1
63090,105,98,7,7
63091,80,69,11,11
63092,104,107,-3,3
63093,97,97,0,0
63094,62,66,-4,4
63095,62,72,-10,10
63096,85,91,-6,6
63097,114,114,0,0
63098,72,68,4,4
63099,82,77,5,5
63100,94,86,8,8
63101,90,93,-3,3
63102,110,98,12,12
63103,90,83,7,7
63104,80,85,-5,5
63105,109,98,11,11
63106,61,68,-7,7
63107,185,173,12,12
63108,117,114,3,3
63109,139,130,9,9
63110,56,62,-6,6
63111,74,70,4,4
63112,107,111,-4,4
63113,78,88,-10,10
63114,51,57,-6,6
63115,87,87,0,0
63116,114,110,4,4
63117,83,86,-3,3
63118,137,129,8,8
63119,117,111,6,6
63120,87,97,-10,10
63121,69,75,-6,6
63122,86,90,-4,4
63123,150,145,5,5
63124,162,151,11,11
63125,87,86,1,1
63126,68,68,0,0
63127,68,68,0,0
63128,126,107,19,19
63129,109,101,8,8
63130,106,113,-7,7
63131,114,108,6,6
63132,136,137,-1,1
63133,128,112,16,16
63134,109,113,-4,4
63135,114,118,-4,4
63136,102,103,-1,1
63137,144,133,11,11
63138,52,52,0,0
63139,73,84,-11,11
63140,116,112,4,4
63141,111,96,15,15
63142,106,108,-2,2
63143,125,124,1,1
63144,119,104,15,15
63145,77,81,-4,4
63146,78,74,4,4
63147,62,62,0,0
63148,80,91,-11,11
63149,101,102,-1,1
63150,130,127,3,3
63151,165,149,16,16
63152,88,78,10,10
63153,97,106,-9,9
63154,125,112,13,13
63155,55,62,-7,7
63156,76,84,-8,8
63157,124,126,-2,2
63158,82,85,-3,3
63159,60,67,-7,7
63160,107,101,6,6
63161,109,112,-3,3
63162,162,151,11,11
63163,95,116,-21,21
63164,54,57,-3,3
63165,125,121,4,4
63166,107,97,10,10
63167,74,67,7,7
63168,155,149,6,6
63169,77,83,-6,6
63170,80,77,3,3
63171,122,126,-4,4
63172,71,78,-7,7
63173,112,103,9,9
63174,61,69,-8,8
63175,88,96,-8,8
63176,171,150,21,21
63177,98,93,5,5
63178,59,63,-4,4
63179,150,145,5,5
63180,94,97,-3,3
63181,112,109,3,3
63182,113,93,20,20
63183,92,95,-3,3
63184,121,123,-2,2
63185,101,97,4,4
63186,82,83,-1,1
63187,125,112,13,13
63188,74,74,0,0
63189,68,69,-1,1
63190,104,108,-4,4
63191,80,76,4,4
63192,101,92,9,9
63193,96,103,-7,7
63194,96,95,1,1
63195,79,88,-9,9
63196,75,74,1,1
63197,121,119,2,2
63198,173,158,15,15
63199,123,113,10,10
63200,124,118,6,6
63201,123,115,8,8
63202,129,131,-2,2
63203,119,105,14,14
63204,107,110,-3,3
63205,117,111,6,6
63206,74,78,-4,4
63207,72,81,-9,9
63208,92,101,-9,9
63209,102,95,7,7
63210,123,133,-10,10
63211,119,126,-7,7
63212,71,70,1,1
63213,64,72,-8,8
63214,108,104,4,4
63215,140,123,17,17
63216,90,91,-1,1
63217,128,115,13,13
63218,99,101,-2,2
63219,82,97,-15,15
63220,156,143,13,13
63221,137,134,3,3
63222,78,69,9,9
63223,95,98,-3,3
63224,82,97,-15,15
63225,90,93,-3,3
63226,64,68,-4,4
63227,73,77,-4,4
63228,53,64,-11,11
63229,123,124,-1,1
63230,62,68,-6,6
63231,92,99,-7,7
63232,123,116,7,7
63233,125,114,11,11
63234,41,48,-7,7
63235,187,172,15,15
63236,91,91,0,0
63237,76,78,-2,2
63238,176,160,16,16
63239,93,97,-4,4
63240,87,92,-5,5
63241,89,93,-4,4
63242,88,84,4,4
63243,99,91,8,8
63244,134,115,19,19
63245,95,95,0,0
63246,105,104,1,1
63247,42,56,-14,14
63248,96,93,3,3
63249,50,65,-15,15
63250,63,65,-2,2
63251,95,103,-8,8
63252,99,96,3,3
63253,109,120,-11,11
63254,133,114,19,19
63255,90,77,13,13
63256,71,71,0,0
63257,58,66,-8,8
63258,173,161,12,12
63259,77,73,4,4
63260,88,64,24,24
63261,72,70,2,2
63262,116,110,6,6
63263,61,66,-5,5
63264,94,84,10,10
63265,117,123,-6,6
63266,114,112,2,2
63267,147,137,10,10
63268,125,117,8,8
63269,100,106,-6,6
63270,101,90,11,11
63271,112,110,2,2
63272,94,87,7,7
63273,119,109,10,10
63274,154,147,7,7
63275,82,83,-1,1
63276,58,66,-8,8
63277,131,114,17,17
63278,82,85,-3,3
63279,96,96,0,0
63280,80,75,5,5
63281,118,119,-1,1
63282,51,68,-17,17
63283,164,152,12,12
63284,77,103,-26,26
63285,144,141,3,3
63286,132,135,-3,3
63287,89,86,3,3
63288,78,72,6,6
63289,51,59,-8,8
63290,100,105,-5,5
63291,108,107,1,1
63292,143,126,17,17
63293,88,85,3,3
63294,67,67,0,0
63295,121,126,-5,5
63296,90,85,5,5
63297,65,68,-3,3
63298,79,83,-4,4
63299,144,133,11,11
63300,55,48,7,7
63301,78,83,-5,5
63302,82,92,-10,10
63303,78,77,1,1
63304,160,158,2,2
63305,89,84,5,5
63306,101,106,-5,5
63307,114,101,13,13
63308,86,79,7,7
63309,155,151,4,4
63310,105,111,-6,6
63311,76,73,3,3
63312,149,135,14,14
63313,99,107,-8,8
63314,120,108,12,12
63315,69,69,0,0
63316,102,101,1,1
63317,59,62,-3,3
63318,54,63,-9,9
63319,107,98,9,9
63320,60,63,-3,3
63321,70,66,4,4
63322,219,210,9,9
63323,83,84,-1,1
63324,68,69,-1,1
63325,89,92,-3,3
63326,68,76,-8,8
63327,108,112,-4,4
63328,94,101,-7,7
63329,90,91,-1,1
63330,171,156,15,15
63331,35,43,-8,8
63332,39,46,-7,7
63333,80,111,-31,31
63334,69,67,2,2
63335,109,107,2,2
63336,112,116,-4,4
63337,127,121,6,6
63338,87,82,5,5
63339,60,123,-63,63
63340,67,76,-9,9
63341,151,139,12,12
63342,115,107,8,8
63343,86,92,-6,6
63344,97,86,11,11
63345,128,115,13,13
63346,137,121,16,16
63347,102,101,1,1
63348,76,77,-1,1
63349,33,37,-4,4
63350,89,91,-2,2
63351,68,66,2,2
63352,55,60,-5,5
63353,104,107,-3,3
63354,98,101,-3,3
63355,67,66,1,1
63356,103,104,-1,1
63357,87,88,-1,1
63358,92,92,0,0
63359,97,87,10,10
63360,144,137,7,7
63361,94,106,-12,12
63362,95,86,9,9
63363,131,113,18,18
63364,102,95,7,7
63365,132,129,3,3
63366,83,88,-5,5
63367,127,125,2,2
63368,71,70,1,1
63369,86,86,0,0
63370,202,181,21,21
63371,181,167,14,14
63372,129,127,2,2
63373,112,105,7,7
63374,118,113,5,5
63375,46,47,-1,1
63376,120,100,20,20
63377,55,67,-12,12
63378,141,132,9,9
63379,92,90,2,2
63380,137,130,7,7
63381,59,63,-4,4
63382,192,195,-3,3
63383,144,141,3,3
63384,91,93,-2,2
63385,111,110,1,1
63386,52,54,-2,2
63387,135,125,10,10
63388,43,54,-11,11
63389,138,123,15,15
63390,159,141,18,18
63391,88,93,-5,5
63392,63,68,-5,5
63393,90,95,-5,5
63394,101,93,8,8
63395,72,74,-2,2
63396,64,62,2,2
63397,81,76,5,5
63398,94,97,-3,3
63399,125,124,1,1
63400,64,65,-1,1
63401,68,72,-4,4
63402,77,85,-8,8
63403,125,128,-3,3
63404,68,71,-3,3
63405,131,127,4,4
63406,72,73,-1,1
63407,113,102,11,11
63408,136,136,0,0
63409,136,126,10,10
63410,129,115,14,14
63411,118,111,7,7
63412,79,76,3,3
63413,98,93,5,5
63414,117,113,4,4
63415,98,106,-8,8
63416,30,46,-16,16
63417,76,65,11,11
63418,87,85,2,2
63419,110,103,7,7
63420,80,84,-4,4
63421,48,64,-16,16
63422,120,113,7,7
63423,98,102,-4,4
63424,43,53,-10,10
63425,84,84,0,0
63426,62,67,-5,5
63427,165,163,2,2
63428,56,60,-4,4
63429,85,84,1,1
63430,109,100,9,9
63431,149,133,16,16
63432,55,58,-3,3
63433,89,99,-10,10
63434,68,78,-10,10
63435,68,70,-2,2
63436,146,139,7,7
63437,112,111,1,1
63438,104,100,4,4
63439,49,52,-3,3
63440,67,65,2,2
63441,70,60,10,10
63442,109,100,9,9
63443,56,60,-4,4
63444,148,140,8,8
63445,97,100,-3,3
63446,79,80,-1,1
63447,116,104,12,12
63448,97,98,-1,1
63449,79,77,2,2
63450,74,68,6,6
63451,67,62,5,5
63452,118,112,6,6
63453,72,78,-6,6
63454,128,108,20,20
63455,113,114,-1,1
63456,103,110,-7,7
63457,86,94,-8,8
63458,59,65,-6,6
63459,114,121,-7,7
63460,125,128,-3,3
63461,105,99,6,6
63462,70,69,1,1
63463,147,133,14,14
63464,90,85,5,5
63465,81,88,-7,7
63466,65,75,-10,10
63467,63,65,-2,2
63468,110,106,4,4
63469,108,99,9,9
63470,62,79,-17,17
63471,107,105,2,2
63472,47,54,-7,7
63473,76,78,-2,2
63474,92,97,-5,5
63475,129,126,3,3
63476,87,89,-2,2
63477,90,79,11,11
63478,75,75,0,0
63479,69,75,-6,6
63480,61,66,-5,5
63481,76,75,1,1
63482,49,54,-5,5
63483,133,124,9,9
63484,147,149,-2,2
63485,115,103,12,12
63486,88,97,-9,9
63487,70,70,0,0
63488,77,78,-1,1
63489,64,66,-2,2
63490,182,159,23,23
63491,103,97,6,6
63492,91,94,-3,3
63493,104,101,3,3
63494,67,62,5,5
63495,90,93,-3,3
63496,81,87,-6,6
63497,140,133,7,7
63498,64,67,-3,3
63499,132,125,7,7
63500,64,64,0,0
63501,117,117,0,0
63502,86,95,-9,9
63503,216,191,25,25
63504,129,120,9,9
63505,107,106,1,1
63506,114,112,2,2
63507,99,94,5,5
63508,232,201,31,31
63509,81,87,-6,6
63510,117,118,-1,1
63511,142,140,2,2
63512,33,39,-6,6
63513,80,84,-4,4
63514,95,83,12,12
63515,84,83,1,1
63516,111,113,-2,2
63517,53,61,-8,8
63518,47,61,-14,14
63519,80,81,-1,1
63520,81,84,-3,3
63521,74,72,2,2
63522,49,55,-6,6
63523,124,110,14,14
63524,98,92,6,6
63525,155,151,4,4
63526,58,64,-6,6
63527,111,106,5,5
63528,99,111,-12,12
63529,124,112,12,12
63530,62,62,0,0
63531,55,56,-1,1
63532,72,74,-2,2
63533,62,66,-4,4
63534,74,71,3,3
63535,76,66,10,10
63536,102,99,3,3
63537,87,90,-3,3
63538,136,129,7,7
63539,89,85,4,4
63540,68,67,1,1
63541,67,70,-3,3
63542,97,100,-3,3
63543,123,114,9,9
63544,170,148,22,22
63545,120,120,0,0
63546,110,117,-7,7
63547,100,104,-4,4
63548,37,49,-12,12
63549,84,74,10,10
63550,62,65,-3,3
63551,145,133,12,12
63552,106,104,2,2
63553,115,108,7,7
63554,126,126,0,0
63555,141,148,-7,7
63556,92,90,2,2
63557,110,107,3,3
63558,59,72,-13,13
63559,90,83,7,7
63560,77,76,1,1
63561,70,73,-3,3
63562,77,72,5,5
63563,79,73,6,6
63564,154,143,11,11
63565,137,137,0,0
63566,106,103,3,3
63567,116,108,8,8
63568,119,106,13,13
63569,65,62,3,3
63570,139,130,9,9
63571,145,128,17,17
63572,141,134,7,7
63573,119,109,10,10
63574,70,73,-3,3
63575,78,77,1,1
63576,75,65,10,10
63577,100,98,2,2
63578,163,148,15,15
63579,162,153,9,9
63580,153,143,10,10
63581,94,97,-3,3
63582,74,73,1,1
63583,88,90,-2,2
63584,67,70,-3,3
63585,100,108,-8,8
63586,117,123,-6,6
63587,80,78,2,2
63588,95,84,11,11
63589,77,79,-2,2
63590,121,112,9,9
63591,141,131,10,10
63592,83,77,6,6
63593,55,59,-4,4
63594,87,79,8,8
63595,76,80,-4,4
63596,116,104,12,12
63597,162,180,-18,18
63598,114,112,2,2
63599,79,76,3,3
63600,117,120,-3,3
63601,54,59,-5,5
63602,87,91,-4,4
63603,124,122,2,2
63604,101,98,3,3
63605,53,59,-6,6
63606,133,126,7,7
63607,75,90,-15,15
63608,78,90,-12,12
63609,69,82,-13,13
63610,40,46,-6,6
63611,84,81,3,3
63612,94,97,-3,3
63613,75,73,2,2
63614,95,96,-1,1
63615,82,97,-15,15
63616,75,73,2,2
63617,141,117,24,24
63618,98,102,-4,4
63619,101,112,-11,11
63620,49,51,-2,2
63621,45,48,-3,3
63622,94,97,-3,3
63623,132,112,20,20
63624,122,108,14,14
63625,96,97,-1,1
63626,89,85,4,4
63627,114,114,0,0
63628,112,104,8,8
63629,55,65,-10,10
63630,63,65,-2,2
63631,133,112,21,21
63632,71,81,-10,10
63633,81,72,9,9
63634,104,105,-1,1
63635,97,83,14,14
63636,103,107,-4,4
63637,110,99,11,11
63638,91,91,0,0
63639,60,66,-6,6
63640,58,64,-6,6
63641,91,91,0,0
63642,69,73,-4,4
63643,75,85,-10,10
63644,175,172,3,3
63645,62,65,-3,3
63646,121,117,4,4
63647,64,66,-2,2
63648,103,97,6,6
63649,109,73,36,36
63650,111,101,10,10
63651,87,78,9,9
63652,146,134,12,12
63653,68,73,-5,5
63654,69,69,0,0
63655,79,80,-1,1
63656,111,114,-3,3
63657,72,70,2,2
63658,110,104,6,6
63659,106,105,1,1
63660,112,101,11,11
63661,85,75,10,10
63662,153,155,-2,2
63663,102,86,16,16
63664,75,78,-3,3
63665,123,111,12,12
63666,80,97,-17,17
63667,81,84,-3,3
63668,76,77,-1,1
63669,107,126,-19,19
63670,163,151,12,12
63671,75,81,-6,6
63672,83,81,2,2
63673,72,68,4,4
63674,73,76,-3,3
63675,47,63,-16,16
63676,127,120,7,7
63677,31,43,-12,12
63678,88,83,5,5
63679,131,129,2,2
63680,140,151,-11,11
63681,172,164,8,8
63682,86,83,3,3
63683,137,127,10,10
63684,108,105,3,3
63685,67,69,-2,2
63686,157,167,-10,10
63687,42,57,-15,15
63688,81,83,-2,2
63689,96,86,10,10
63690,189,174,15,15
63691,97,110,-13,13
63692,82,92,-10,10
63693,105,95,10,10
63694,107,99,8,8
63695,81,86,-5,5
63696,44,48,-4,4
63697,93,93,0,0
63698,63,66,-3,3
63699,46,96,-50,50
63700,128,129,-1,1
63701,133,137,-4,4
63702,40,48,-8,8
63703,119,113,6,6
63704,100,93,7,7
63705,96,94,2,2
63706,84,88,-4,4
63707,188,180,8,8
63708,66,69,-3,3
63709,145,143,2,2
63710,50,62,-12,12
63711,74,75,-1,1
63712,82,83,-1,1
63713,92,79,13,13
63714,131,129,2,2
63715,69,69,0,0
63716,97,86,11,11
63717,137,130,7,7
63718,98,101,-3,3
63719,67,74,-7,7
63720,107,112,-5,5
63721,49,53,-4,4
63722,76,76,0,0
63723,66,68,-2,2
63724,170,153,17,17
63725,101,105,-4,4
63726,95,83,12,12
63727,76,73,3,3
63728,82,83,-1,1
63729,84,83,1,1
63730,106,111,-5,5
63731,64,75,-11,11
63732,91,92,-1,1
63733,86,86,0,0
63734,54,57,-3,3
63735,82,97,-15,15
63736,89,93,-4,4
63737,97,97,0,0
63738,161,146,15,15
63739,48,47,1,1
63740,109,107,2,2
63741,159,144,15,15
63742,106,108,-2,2
63743,181,155,26,26
63744,129,134,-5,5
63745,101,106,-5,5
63746,114,109,5,5
63747,126,113,13,13
63748,168,147,21,21
63749,95,99,-4,4
63750,80,82,-2,2
63751,96,93,3,3
63752,35,56,-21,21
63753,73,75,-2,2
63754,89,86,3,3
63755,107,98,9,9
63756,88,91,-3,3
63757,92,97,-5,5
63758,91,78,13,13
63759,91,83,8,8
63760,120,131,-11,11
63761,82,80,2,2
63762,80,86,-6,6
63763,55,59,-4,4
63764,76,69,7,7
63765,72,71,1,1
63766,105,99,6,6
63767,113,107,6,6
63768,67,66,1,1
63769,101,103,-2,2
63770,80,77,3,3
63771,80,87,-7,7
63772,96,91,5,5
63773,71,68,3,3
63774,148,149,-1,1
63775,72,70,2,2
63776,127,130,-3,3
63777,75,77,-2,2
63778,83,85,-2,2
63779,90,96,-6,6
63780,86,89,-3,3
63781,75,82,-7,7
63782,72,74,-2,2
63783,70,63,7,7
63784,105,100,5,5
63785,41,50,-9,9
63786,68,73,-5,5
63787,86,82,4,4
63788,64,61,3,3
63789,86,94,-8,8
63790,51,62,-11,11
63791,124,113,11,11
63792,88,95,-7,7
63793,93,92,1,1
63794,54,71,-17,17
63795,71,67,4,4
63796,132,131,1,1
63797,101,97,4,4
63798,172,151,21,21
63799,176,166,10,10
63800,173,173,0,0
63801,130,125,5,5
63802,79,77,2,2
63803,102,104,-2,2
63804,133,128,5,5
63805,90,74,16,16
63806,102,99,3,3
63807,65,68,-3,3
63808,128,118,10,10
63809,159,122,37,37
63810,57,60,-3,3
63811,171,158,13,13
63812,66,73,-7,7
63813,165,150,15,15
63814,51,52,-1,1
63815,111,110,1,1
63816,211,177,34,34
63817,89,83,6,6
63818,74,75,-1,1
63819,86,99,-13,13
63820,129,108,21,21
63821,67,64,3,3
63822,112,112,0,0
63823,102,82,20,20
63824,76,76,0,0
63825,67,78,-11,11
63826,96,94,2,2
63827,115,119,-4,4
63828,95,98,-3,3
63829,129,123,6,6
63830,78,74,4,4
63831,58,66,-8,8
63832,93,91,2,2
63833,53,54,-1,1
63834,62,66,-4,4
63835,89,91,-2,2
63836,110,107,3,3
63837,109,115,-6,6
63838,34,65,-31,31
63839,94,82,12,12
63840,54,59,-5,5
63841,111,112,-1,1
63842,128,131,-3,3
63843,141,135,6,6
63844,92,86,6,6
63845,102,81,21,21
63846,94,98,-4,4
63847,130,119,11,11
63848,93,97,-4,4
63849,86,73,13,13
63850,102,99,3,3
63851,137,120,17,17
63852,55,50,5,5
63853,118,113,5,5
63854,121,114,7,7
63855,155,145,10,10
63856,71,76,-5,5
63857,140,134,6,6
63858,64,75,-11,11
63859,110,117,-7,7
63860,119,120,-1,1
63861,55,62,-7,7
63862,80,85,-5,5
63863,142,126,16,16
63864,44,57,-13,13
63865,111,113,-2,2
63866,113,106,7,7
63867,146,129,17,17
63868,169,165,4,4
63869,129,116,13,13
63870,76,80,-4,4
63871,67,66,1,1
63872,75,72,3,3
63873,68,71,-3,3
63874,74,79,-5,5
63875,80,78,2,2
63876,33,41,-8,8
63877,91,91,0,0
63878,75,73,2,2
63879,94,91,3,3
63880,142,128,14,14
63881,50,109,-59,59
63882,193,189,4,4
63883,81,85,-4,4
63884,111,103,8,8
63885,130,126,4,4
63886,51,56,-5,5
63887,73,71,2,2
63888,136,138,-2,2
63889,94,92,2,2
63890,111,99,12,12
63891,119,112,7,7
63892,101,100,1,1
63893,79,75,4,4
63894,92,93,-1,1
63895,84,75,9,9
63896,48,57,-9,9
63897,105,105,0,0
63898,87,77,10,10
63899,91,97,-6,6
63900,78,85,-7,7
63901,136,145,-9,9
63902,123,114,9,9
63903,130,125,5,5
63904,126,114,12,12
63905,84,94,-10,10
63906,122,123,-1,1
63907,124,118,6,6
63908,117,109,8,8
63909,49,52,-3,3
63910,63,63,0,0
63911,64,66,-2,2
63912,57,63,-6,6
63913,37,51,-14,14
63914,38,50,-12,12
63915,56,58,-2,2
63916,137,129,8,8
63917,109,108,1,1
63918,158,146,12,12
63919,112,118,-6,6
63920,96,103,-7,7
63921,99,103,-4,4
63922,68,69,-1,1
63923,94,99,-5,5
63924,118,119,-1,1
63925,80,83,-3,3
63926,78,84,-6,6
63927,94,90,4,4
63928,172,163,9,9
63929,39,47,-8,8
63930,62,76,-14,14
63931,152,132,20,20
63932,120,112,8,8
63933,90,85,5,5
63934,105,97,8,8
63935,80,76,4,4
63936,58,64,-6,6
63937,51,60,-9,9
63938,90,91,-1,1
63939,107,99,8,8
63940,71,74,-3,3
63941,61,68,-7,7
63942,111,129,-18,18
63943,88,97,-9,9
63944,56,64,-8,8
63945,93,90,3,3
63946,106,99,7,7
63947,96,95,1,1
63948,81,87,-6,6
63949,63,64,-1,1
63950,112,113,-1,1
63951,120,108,12,12
63952,59,57,2,2
63953,103,92,11,11
63954,50,59,-9,9
63955,115,98,17,17
63956,54,67,-13,13
63957,71,69,2,2
63958,59,60,-1,1
63959,115,110,5,5
63960,47,59,-12,12
63961,100,100,0,0
63962,77,77,0,0
63963,195,174,21,21
63964,118,112,6,6
63965,90,92,-2,2
63966,101,97,4,4
63967,141,126,15,15
63968,153,142,11,11
63969,72,85,-13,13
63970,76,81,-5,5
63971,141,121,20,20
63972,168,146,22,22
63973,189,153,36,36
63974,52,59,-7,7
63975,90,88,2,2
63976,81,84,-3,3
63977,54,61,-7,7
63978,128,119,9,9
63979,86,92,-6,6
63980,65,73,-8,8
63981,53,57,-4,4
63982,57,65,-8,8
63983,90,59,31,31
63984,73,79,-6,6
63985,75,86,-11,11
63986,85,84,1,1
63987,143,135,8,8
63988,44,57,-13,13
63989,81,75,6,6
63990,76,84,-8,8
63991,126,116,10,10
63992,46,57,-11,11
63993,139,121,18,18
63994,154,145,9,9
63995,161,158,3,3
63996,59,59,0,0
63997,78,84,-6,6
63998,85,88,-3,3
63999,48,63,-15,15
64000,71,70,1,1
64001,79,84,-5,5
64002,65,68,-3,3
64003,78,77,1,1
64004,117,116,1,1
64005,51,56,-5,5
64006,153,80,73,73
64007,118,116,2,2
64008,66,65,1,1
64009,75,79,-4,4
64010,102,107,-5,5
64011,85,84,1,1
64012,64,66,-2,2
64013,95,100,-5,5
64014,160,146,14,14
64015,94,90,4,4
64016,68,78,-10,10
64017,180,171,9,9
64018,52,77,-25,25
64019,106,109,-3,3
64020,85,85,0,0
64021,115,126,-11,11
64022,57,55,2,2
64023,104,104,0,0
64024,53,58,-5,5
64025,79,72,7,7
64026,68,84,-16,16
64027,86,79,7,7
64028,121,112,9,9
64029,54,56,-2,2
64030,74,73,1,1
64031,122,137,-15,15
64032,67,68,-1,1
64033,128,131,-3,3
64034,56,61,-5,5
64035,146,139,7,7
64036,111,116,-5,5
64037,86,90,-4,4
64038,96,87,9,9
64039,144,147,-3,3
64040,73,74,-1,1
64041,50,57,-7,7
64042,179,173,6,6
64043,83,88,-5,5
64044,62,65,-3,3
64045,103,102,1,1
64046,101,99,2,2
64047,59,66,-7,7
64048,74,69,5,5
64049,72,70,2,2
64050,75,86,-11,11
64051,109,109,0,0
64052,102,82,20,20
64053,143,135,8,8
64054,83,97,-14,14
64055,156,153,3,3
64056,124,113,11,11
64057,80,77,3,3
64058,161,143,18,18
64059,54,66,-12,12
64060,75,93,-18,18
64061,155,137,18,18
64062,117,104,13,13
64063,130,130,0,0
64064,225,192,33,33
64065,94,93,1,1
64066,63,62,1,1
64067,72,70,2,2
64068,179,163,16,16
64069,141,135,6,6
64070,82,75,7,7
64071,62,57,5,5
64072,122,122,0,0
64073,79,74,5,5
64074,93,79,14,14
64075,137,156,-19,19
64076,110,112,-2,2
64077,137,132,5,5
64078,84,72,12,12
64079,64,66,-2,2
64080,64,60,4,4
64081,56,65,-9,9
64082,70,71,-1,1
64083,76,78,-2,2
64084,118,110,8,8
64085,88,78,10,10
64086,81,76,5,5
64087,129,119,10,10
64088,64,71,-7,7
64089,97,96,1,1
64090,123,123,0,0
64091,86,76,10,10
64092,97,96,1,1
64093,115,115,0,0
64094,96,102,-6,6
64095,77,77,0,0
64096,168,177,-9,9
64097,51,58,-7,7
64098,90,81,9,9
64099,56,67,-11,11
64100,71,76,-5,5
64101,107,109,-2,2
64102,94,83,11,11
64103,46,59,-13,13
64104,118,107,11,11
64105,129,117,12,12
64106,106,107,-1,1
64107,81,87,-6,6
64108,82,77,5,5
64109,56,60,-4,4
64110,79,73,6,6
64111,71,74,-3,3
64112,148,153,-5,5
64113,205,183,22,22
64114,142,125,17,17
64115,85,80,5,5
64116,47,54,-7,7
64117,91,90,1,1
64118,108,103,5,5
64119,73,68,5,5
64120,102,103,-1,1
64121,129,134,-5,5
64122,130,155,-25,25
64123,103,95,8,8
64124,70,93,-23,23
64125,90,88,2,2
64126,118,131,-13,13
64127,85,72,13,13
64128,63,70,-7,7
64129,62,61,1,1
64130,93,93,0,0
64131,66,84,-18,18
64132,57,61,-4,4
64133,43,52,-9,9
64134,104,97,7,7
64135,131,118,13,13
64136,88,84,4,4
64137,79,84,-5,5
64138,83,73,10,10
64139,77,73,4,4
64140,82,84,-2,2
64141,109,104,5,5
64142,118,112,6,6
64143,134,136,-2,2
64144,124,125,-1,1
64145,105,109,-4,4
64146,102,95,7,7
64147,109,104,5,5
64148,100,101,-1,1
64149,84,87,-3,3
64150,88,83,5,5
64151,86,84,2,2
64152,92,86,6,6
64153,125,113,12,12
64154,70,67,3,3
64155,167,138,29,29
64156,151,157,-6,6
64157,80,72,8,8
64158,125,107,18,18
64159,140,146,-6,6
64160,101,100,1,1
64161,68,66,2,2
64162,48,57,-9,9
64163,105,99,6,6
64164,72,68,4,4
64165,73,75,-2,2
64166,139,131,8,8
64167,88,94,-6,6
64168,65,99,-34,34
64169,100,98,2,2
64170,150,147,3,3
64171,116,112,4,4
64172,64,66,-2,2
64173,115,103,12,12
64174,58,65,-7,7
64175,132,138,-6,6
64176,91,83,8,8
64177,75,68,7,7
64178,98,101,-3,3
64179,109,106,3,3
64180,115,105,10,10
64181,86,97,-11,11
64182,100,82,18,18
64183,77,76,1,1
64184,156,155,1,1
64185,63,63,0,0
64186,81,83,-2,2
64187,95,90,5,5
64188,70,71,-1,1
64189,100,99,1,1
64190,92,94,-2,2
64191,150,145,5,5
64192,99,106,-7,7
64193,133,123,10,10
64194,46,54,-8,8
64195,99,91,8,8
64196,128,119,9,9
64197,77,76,1,1
64198,77,78,-1,1
64199,62,70,-8,8
64200,175,149,26,26
64201,183,170,13,13
64202,80,84,-4,4
64203,124,121,3,3
64204,116,112,4,4
64205,140,147,-7,7
64206,74,71,3,3
64207,104,118,-14,14
64208,43,56,-13,13
64209,191,174,17,17
64210,245,228,17,17
64211,94,90,4,4
64212,110,98,12,12
64213,86,90,-4,4
64214,49,63,-14,14
64215,116,113,3,3
64216,58,62,-4,4
64217,51,52,-1,1
64218,96,97,-1,1
64219,73,79,-6,6
64220,100,104,-4,4
64221,83,134,-51,51
64222,130,125,5,5
64223,64,71,-7,7
64224,77,77,0,0
64225,126,127,-1,1
64226,52,55,-3,3
64227,84,83,1,1
64228,69,75,-6,6
64229,107,126,-19,19
64230,104,95,9,9
64231,55,58,-3,3
64232,87,92,-5,5
64233,88,94,-6,6
64234,147,146,1,1
64235,122,114,8,8
64236,120,112,8,8
64237,166,154,12,12
64238,80,89,-9,9
64239,122,120,2,2
64240,43,47,-4,4
64241,121,109,12,12
64242,70,75,-5,5
64243,101,98,3,3
64244,57,65,-8,8
64245,100,96,4,4
64246,52,60,-8,8
64247,69,73,-4,4
64248,52,53,-1,1
64249,60,65,-5,5
64250,74,72,2,2
64251,92,94,-2,2
64252,47,57,-10,10
64253,91,93,-2,2
64254,72,76,-4,4
64255,45,49,-4,4
64256,70,79,-9,9
64257,119,119,0,0
64258,113,115,-2,2
64259,51,57,-6,6
64260,56,61,-5,5
64261,95,93,2,2
64262,82,92,-10,10
64263,79,78,1,1
64264,70,74,-4,4
64265,78,80,-2,2
64266,94,95,-1,1
64267,68,70,-2,2
64268,87,89,-2,2
64269,164,178,-14,14
64270,101,96,5,5
64271,145,141,4,4
64272,50,54,-4,4
64273,65,80,-15,15
64274,108,98,10,10
64275,77,73,4,4
64276,153,136,17,17
64277,113,107,6,6
64278,181,150,31,31
64279,52,55,-3,3
64280,96,100,-4,4
64281,139,128,11,11
64282,91,93,-2,2
64283,73,77,-4,4
64284,77,78,-1,1
64285,71,75,-4,4
64286,51,58,-7,7
64287,90,93,-3,3
64288,68,67,1,1
64289,73,76,-3,3
64290,94,101,-7,7
64291,69,68,1,1
64292,90,93,-3,3
64293,154,151,3,3
64294,163,141,22,22
64295,74,77,-3,3
64296,55,62,-7,7
64297,73,78,-5,5
64298,33,35,-2,2
64299,154,143,11,11
64300,70,57,13,13
64301,72,73,-1,1
64302,96,101,-5,5
64303,117,115,2,2
64304,127,124,3,3
64305,84,90,-6,6
64306,99,102,-3,3
64307,72,70,2,2
64308,144,128,16,16
64309,74,77,-3,3
64310,75,76,-1,1
64311,89,84,5,5
64312,122,112,10,10
64313,165,152,13,13
64314,45,50,-5,5
64315,82,90,-8,8
64316,84,80,4,4
64317,166,156,10,10
64318,140,128,12,12
64319,96,105,-9,9
64320,73,72,1,1
64321,200,184,16,16
64322,113,109,4,4
64323,137,129,8,8
64324,87,91,-4,4
64325,127,120,7,7
64326,74,67,7,7
64327,89,85,4,4
64328,128,133,-5,5
64329,73,76,-3,3
64330,53,56,-3,3
64331,26,50,-24,24
64332,104,102,2,2
64333,91,84,7,7
64334,157,147,10,10
64335,93,90,3,3
64336,125,128,-3,3
64337,66,63,3,3
64338,125,115,10,10
64339,144,114,30,30
64340,106,97,9,9
64341,129,117,12,12
64342,86,96,-10,10
64343,188,172,16,16
64344,142,130,12,12
64345,54,58,-4,4
64346,185,151,34,34
64347,152,144,8,8
64348,55,56,-1,1
64349,74,79,-5,5
64350,132,136,-4,4
64351,80,74,6,6
64352,77,77,0,0
64353,67,70,-3,3
64354,71,70,1,1
64355,129,118,11,11
64356,116,108,8,8
64357,97,96,1,1
64358,39,46,-7,7
64359,44,55,-11,11
64360,73,73,0,0
64361,78,75,3,3
64362,68,67,1,1
64363,57,58,-1,1
64364,97,75,22,22
64365,77,77,0,0
64366,159,152,7,7
64367,144,125,19,19
64368,58,65,-7,7
64369,74,84,-10,10
64370,47,54,-7,7
64371,86,86,0,0
64372,95,84,11,11
64373,74,72,2,2
64374,84,96,-12,12
64375,175,164,11,11
64376,47,52,-5,5
64377,110,103,7,7
64378,181,169,12,12
64379,117,114,3,3
64380,77,67,10,10
64381,88,77,11,11
64382,84,92,-8,8
64383,56,57,-1,1
64384,49,51,-2,2
64385,75,84,-9,9
64386,58,60,-2,2
64387,110,112,-2,2
64388,80,83,-3,3
64389,120,125,-5,5
64390,79,99,-20,20
64391,107,112,-5,5
64392,79,79,0,0
64393,69,69,0,0
64394,36,50,-14,14
64395,106,104,2,2
64396,64,65,-1,1
64397,91,98,-7,7
64398,70,76,-6,6
64399,69,70,-1,1
64400,75,80,-5,5
64401,54,58,-4,4
64402,69,77,-8,8
64403,105,112,-7,7
64404,67,72,-5,5
64405,28,43,-15,15
64406,57,60,-3,3
64407,46,44,2,2
64408,52,56,-4,4
64409,122,117,5,5
64410,101,97,4,4
64411,129,117,12,12
64412,143,151,-8,8
64413,193,175,18,18
64414,55,59,-4,4
64415,92,94,-2,2
64416,107,91,16,16
64417,137,118,19,19
64418,100,102,-2,2
64419,61,68,-7,7
64420,113,99,14,14
64421,112,107,5,5
64422,78,71,7,7
64423,82,92,-10,10
64424,58,70,-12,12
64425,65,58,7,7
64426,52,63,-11,11
64427,106,103,3,3
64428,47,56,-9,9
64429,72,77,-5,5
64430,75,78,-3,3
64431,135,140,-5,5
64432,87,92,-5,5
64433,175,159,16,16
64434,99,106,-7,7
64435,50,57,-7,7
64436,90,85,5,5
64437,83,94,-11,11
64438,68,71,-3,3
64439,85,88,-3,3
64440,73,75,-2,2
64441,58,69,-11,11
64442,78,75,3,3
64443,89,97,-8,8
64444,49,55,-6,6
64445,73,68,5,5
64446,108,76,32,32
64447,60,66,-6,6
64448,142,126,16,16
64449,217,190,27,27
64450,57,56,1,1
64451,61,64,-3,3
64452,82,76,6,6
64453,73,75,-2,2
64454,108,105,3,3
64455,139,144,-5,5
64456,80,77,3,3
64457,218,204,14,14
64458,119,115,4,4
64459,105,101,4,4
64460,57,65,-8,8
64461,106,112,-6,6
64462,74,84,-10,10
64463,77,84,-7,7
64464,143,134,9,9
64465,103,99,4,4
64466,120,113,7,7
64467,124,111,13,13
64468,112,106,6,6
64469,105,98,7,7
64470,144,139,5,5
64471,97,89,8,8
64472,65,65,0,0
64473,74,72,2,2
64474,55,61,-6,6
64475,80,82,-2,2
64476,115,112,3,3
64477,145,145,0,0
64478,103,109,-6,6
64479,132,122,10,10
64480,46,49,-3,3
64481,59,60,-1,1
64482,83,79,4,4
64483,150,142,8,8
64484,182,170,12,12
64485,44,55,-11,11
64486,64,76,-12,12
64487,53,58,-5,5
64488,78,88,-10,10
64489,112,115,-3,3
64490,109,104,5,5
64491,95,102,-7,7
64492,62,87,-25,25
64493,57,63,-6,6
64494,130,126,4,4
64495,101,96,5,5
64496,135,137,-2,2
64497,100,114,-14,14
64498,107,114,-7,7
64499,97,102,-5,5
64500,79,76,3,3
64501,80,87,-7,7
64502,94,74,20,20
64503,122,115,7,7
64504,57,62,-5,5
64505,58,65,-7,7
64506,76,74,2,2
64507,144,126,18,18
64508,51,52,-1,1
64509,54,62,-8,8
64510,85,87,-2,2
64511,61,64,-3,3
64512,148,127,21,21
64513,33,44,-11,11
64514,99,95,4,4
64515,117,110,7,7
64516,82,79,3,3
64517,54,78,-24,24
64518,144,132,12,12
64519,141,132,9,9
64520,80,89,-9,9
64521,203,178,25,25
64522,93,92,1,1
64523,65,66,-1,1
64524,61,60,1,1
64525,139,130,9,9
64526,84,85,-1,1
64527,72,77,-5,5
64528,68,76,-8,8
64529,56,70,-14,14
64530,101,100,1,1
64531,63,73,-10,10
64532,94,96,-2,2
64533,120,116,4,4
64534,113,114,-1,1
64535,32,42,-10,10
64536,94,103,-9,9
64537,116,113,3,3
64538,101,98,3,3
64539,57,65,-8,8
64540,144,132,12,12
64541,76,78,-2,2
64542,94,93,1,1
64543,80,84,-4,4
64544,100,100,0,0
64545,150,134,16,16
64546,85,89,-4,4
64547,77,77,0,0
64548,75,76,-1,1
64549,170,153,17,17
64550,138,141,-3,3
64551,74,71,3,3
64552,83,83,0,0
64553,193,184,9,9
64554,95,87,8,8
64555,132,128,4,4
64556,69,72,-3,3
64557,120,128,-8,8
64558,102,98,4,4
64559,87,79,8,8
64560,133,114,19,19
64561,106,102,4,4
64562,90,95,-5,5
64563,61,65,-4,4
64564,87,88,-1,1
64565,130,121,9,9
64566,77,81,-4,4
64567,80,100,-20,20
64568,95,82,13,13
64569,64,66,-2,2
64570,57,67,-10,10
64571,70,73,-3,3
64572,111,107,4,4
64573,54,60,-6,6
64574,142,160,-18,18
64575,52,61,-9,9
64576,47,58,-11,11
64577,133,134,-1,1
64578,140,141,-1,1
64579,60,67,-7,7
64580,186,154,32,32
64581,77,79,-2,2
64582,101,94,7,7
64583,59,60,-1,1
64584,121,124,-3,3
64585,104,111,-7,7
64586,155,130,25,25
64587,83,77,6,6
64588,77,76,1,1
64589,123,109,14,14
64590,59,62,-3,3
64591,105,92,13,13
64592,75,86,-11,11
64593,116,105,11,11
64594,72,75,-3,3
64595,149,150,-1,1
64596,119,110,9,9
64597,63,71,-8,8
64598,87,85,2,2
64599,137,125,12,12
64600,82,76,6,6
64601,125,119,6,6
64602,36,42,-6,6
64603,67,70,-3,3
64604,116,115,1,1
64605,155,139,16,16
64606,103,90,13,13
64607,104,98,6,6
64608,143,141,2,2
64609,123,121,2,2
64610,121,114,7,7
64611,87,76,11,11
64612,72,76,-4,4
64613,49,67,-18,18
64614,69,85,-16,16
64615,72,90,-18,18
64616,116,96,20,20
64617,138,142,-4,4
64618,97,101,-4,4
64619,63,64,-1,1
64620,109,101,8,8
64621,80,81,-1,1
64622,96,93,3,3
64623,98,88,10,10
64624,101,105,-4,4
64625,143,130,13,13
64626,90,90,0,0
64627,85,80,5,5
64628,120,127,-7,7
64629,65,64,1,1
64630,161,141,20,20
64631,124,106,18,18
64632,103,102,1,1
64633,99,94,5,5
64634,121,124,-3,3
64635,122,118,4,4
64636,104,111,-7,7
64637,160,166,-6,6
64638,109,88,21,21
64639,63,67,-4,4
64640,112,107,5,5
64641,88,87,1,1
64642,88,84,4,4
64643,101,114,-13,13
64644,50,56,-6,6
64645,170,170,0,0
64646,64,73,-9,9
64647,102,112,-10,10
64648,93,93,0,0
64649,132,126,6,6
64650,75,84,-9,9
64651,84,74,10,10
64652,60,64,-4,4
64653,103,114,-11,11
64654,58,62,-4,4
64655,153,136,17,17
64656,135,122,13,13
64657,62,76,-14,14
64658,162,147,15,15
64659,74,77,-3,3
64660,90,83,7,7
64661,127,121,6,6
64662,97,100,-3,3
64663,102,97,5,5
64664,117,111,6,6
64665,38,50,-12,12
64666,114,107,7,7
64667,45,45,0,0
64668,100,97,3,3
64669,61,61,0,0
64670,101,93,8,8
64671,120,118,2,2
64672,152,136,16,16
64673,84,89,-5,5
64674,100,91,9,9
64675,108,102,6,6
64676,124,132,-8,8
64677,148,147,1,1
64678,46,52,-6,6
64679,119,117,2,2
64680,118,108,10,10
64681,52,63,-11,11
64682,104,109,-5,5
64683,82,98,-16,16
64684,100,92,8,8
64685,118,106,12,12
64686,70,76,-6,6
64687,104,91,13,13
64688,141,132,9,9
64689,97,97,0,0
64690,24,41,-17,17
64691,192,162,30,30
64692,71,66,5,5
64693,78,87,-9,9
64694,46,55,-9,9
64695,79,84,-5,5
64696,153,138,15,15
64697,88,99,-11,11
64698,64,74,-10,10
64699,81,76,5,5
64700,81,79,2,2
64701,105,99,6,6
64702,88,95,-7,7
64703,120,122,-2,2
64704,68,67,1,1
64705,84,83,1,1
64706,121,112,9,9
64707,80,75,5,5
64708,138,139,-1,1
64709,90,84,6,6
64710,87,91,-4,4
64711,92,96,-4,4
64712,111,117,-6,6
64713,77,74,3,3
64714,74,74,0,0
64715,170,140,30,30
64716,77,82,-5,5
64717,117,124,-7,7
64718,151,132,19,19
64719,84,87,-3,3
64720,108,114,-6,6
64721,69,76,-7,7
64722,121,125,-4,4
64723,94,103,-9,9
64724,41,48,-7,7
64725,140,132,8,8
64726,76,71,5,5
64727,85,77,8,8
64728,104,105,-1,1
64729,48,58,-10,10
64730,128,133,-5,5
64731,68,67,1,1
64732,70,70,0,0
64733,93,86,7,7
64734,69,82,-13,13
64735,56,56,0,0
64736,96,97,-1,1
64737,50,54,-4,4
64738,64,70,-6,6
64739,69,77,-8,8
64740,89,86,3,3
64741,75,79,-4,4
64742,77,76,1,1
64743,68,66,2,2
64744,59,89,-30,30
64745,140,119,21,21
64746,79,72,7,7
64747,46,50,-4,4
64748,54,53,1,1
64749,89,96,-7,7
64750,99,100,-1,1
64751,68,70,-2,2
64752,86,94,-8,8
64753,106,95,11,11
64754,82,79,3,3
64755,97,125,-28,28
64756,29,50,-21,21
64757,99,98,1,1
64758,119,122,-3,3
64759,102,103,-1,1
64760,104,106,-2,2
64761,148,126,22,22
64762,146,137,9,9
64763,107,98,9,9
64764,49,54,-5,5
64765,45,50,-5,5
64766,133,125,8,8
64767,102,103,-1,1
64768,110,114,-4,4
64769,100,98,2,2
64770,112,103,9,9
64771,59,69,-10,10
64772,73,66,7,7
64773,115,124,-9,9
64774,88,88,0,0
64775,77,88,-11,11
64776,133,127,6,6
64777,86,87,-1,1
64778,74,68,6,6
64779,125,120,5,5
64780,97,101,-4,4
64781,71,68,3,3
64782,42,50,-8,8
64783,140,137,3,3
64784,70,70,0,0
64785,76,82,-6,6
64786,59,61,-2,2
64787,87,94,-7,7
64788,134,121,13,13
64789,173,158,15,15
64790,47,53,-6,6
64791,112,98,14,14
64792,94,101,-7,7
64793,81,79,2,2
64794,152,145,7,7
64795,56,60,-4,4
64796,72,76,-4,4
64797,82,83,-1,1
64798,68,71,-3,3
64799,87,92,-5,5
64800,116,133,-17,17
64801,49,51,-2,2
64802,124,119,5,5
64803,146,146,0,0
64804,151,136,15,15
64805,67,81,-14,14
64806,57,92,-35,35
64807,147,142,5,5
64808,104,104,0,0
64809,124,121,3,3
64810,46,56,-10,10
64811,118,119,-1,1
64812,110,111,-1,1
64813,82,82,0,0
64814,97,92,5,5
64815,104,95,9,9
64816,46,51,-5,5
64817,76,82,-6,6
64818,66,69,-3,3
64819,51,54,-3,3
64820,63,60,3,3
64821,81,79,2,2
64822,110,107,3,3
64823,160,154,6,6
64824,65,67,-2,2
64825,43,50,-7,7
64826,67,119,-52,52
64827,104,98,6,6
64828,83,89,-6,6
64829,57,72,-15,15
64830,139,133,6,6
64831,78,78,0,0
64832,68,65,3,3
64833,91,89,2,2
64834,117,116,1,1
64835,117,112,5,5
64836,110,113,-3,3
64837,67,70,-3,3
64838,89,93,-4,4
64839,96,103,-7,7
64840,92,101,-9,9
64841,87,87,0,0
64842,92,82,10,10
64843,59,67,-8,8
64844,66,66,0,0
64845,160,154,6,6
64846,188,164,24,24
64847,96,96,0,0
64848,75,83,-8,8
64849,140,131,9,9
64850,95,94,1,1
64851,83,83,0,0
64852,103,102,1,1
64853,81,83,-2,2
64854,87,88,-1,1
64855,90,92,-2,2
64856,66,68,-2,2
64857,100,93,7,7
64858,75,76,-1,1
64859,50,53,-3,3
64860,68,69,-1,1
64861,82,82,0,0
64862,72,67,5,5
64863,56,59,-3,3
64864,113,110,3,3
64865,41,52,-11,11
64866,56,61,-5,5
64867,92,89,3,3
64868,68,69,-1,1
64869,63,65,-2,2
64870,111,113,-2,2
64871,74,78,-4,4
64872,91,92,-1,1
64873,84,129,-45,45
64874,107,113,-6,6
64875,95,93,2,2
64876,80,75,5,5
64877,125,123,2,2
64878,57,60,-3,3
64879,115,125,-10,10
64880,117,113,4,4
64881,71,77,-6,6
64882,72,72,0,0
64883,199,175,24,24
64884,100,103,-3,3
64885,75,69,6,6
64886,78,75,3,3
64887,82,79,3,3
64888,85,91,-6,6
64889,53,61,-8,8
64890,89,90,-1,1
64891,111,101,10,10
64892,58,63,-5,5
64893,74,71,3,3
64894,106,115,-9,9
64895,139,131,8,8
64896,94,91,3,3
64897,66,65,1,1
64898,140,122,18,18
64899,100,100,0,0
64900,60,63,-3,3
64901,118,108,10,10
64902,108,96,12,12
64903,131,118,13,13
64904,141,147,-6,6
64905,107,113,-6,6
64906,65,77,-12,12
64907,104,106,-2,2
64908,121,123,-2,2
64909,93,98,-5,5
64910,85,95,-10,10
64911,77,82,-5,5
64912,113,104,9,9
64913,44,51,-7,7
64914,110,122,-12,12
64915,75,71,4,4
64916,65,74,-9,9
64917,59,61,-2,2
64918,102,93,9,9
64919,93,110,-17,17
64920,85,87,-2,2
64921,57,61,-4,4
64922,129,120,9,9
64923,45,61,-16,16
64924,60,77,-17,17
64925,89,99,-10,10
64926,93,97,-4,4
64927,104,102,2,2
64928,55,58,-3,3
64929,83,89,-6,6
64930,137,127,10,10
64931,109,100,9,9
64932,69,71,-2,2
64933,110,121,-11,11
64934,119,101,18,18
64935,97,93,4,4
64936,81,83,-2,2
64937,104,103,1,1
64938,71,77,-6,6
64939,50,62,-12,12
64940,136,126,10,10
64941,70,67,3,3
64942,63,73,-10,10
64943,90,97,-7,7
64944,102,99,3,3
64945,50,54,-4,4
64946,138,119,19,19
64947,103,121,-18,18
64948,127,122,5,5
64949,129,130,-1,1
64950,144,138,6,6
64951,52,62,-10,10
64952,72,77,-5,5
64953,94,98,-4,4
64954,77,71,6,6
64955,62,69,-7,7
64956,91,96,-5,5
64957,58,61,-3,3
64958,78,76,2,2
64959,63,65,-2,2
64960,111,101,10,10
64961,87,90,-3,3
64962,85,82,3,3
64963,224,192,32,32
64964,99,93,6,6
64965,84,78,6,6
64966,101,98,3,3
64967,156,132,24,24
64968,50,55,-5,5
64969,82,84,-2,2
64970,190,184,6,6
64971,127,131,-4,4
64972,61,64,-3,3
64973,100,104,-4,4
64974,81,87,-6,6
64975,141,122,19,19
64976,80,75,5,5
64977,67,69,-2,2
64978,90,93,-3,3
64979,81,75,6,6
64980,55,55,0,0
64981,85,87,-2,2
64982,36,48,-12,12
64983,87,76,11,11
64984,73,85,-12,12
64985,90,90,0,0
64986,69,63,6,6
64987,88,87,1,1
64988,64,68,-4,4
64989,56,58,-2,2
64990,130,119,11,11
64991,59,61,-2,2
64992,140,140,0,0
64993,129,113,16,16
64994,122,118,4,4
64995,69,67,2,2
64996,65,73,-8,8
64997,103,101,2,2
64998,36,40,-4,4
64999,193,189,4,4
65000,123,114,9,9
65001,77,78,-1,1
65002,75,72,3,3
65003,85,96,-11,11
65004,124,122,2,2
65005,148,145,3,3
65006,92,97,-5,5
65007,70,61,9,9
65008,129,121,8,8
65009,51,56,-5,5
65010,98,90,8,8
65011,130,119,11,11
65012,134,128,6,6
65013,89,84,5,5
65014,83,91,-8,8
65015,89,89,0,0
65016,101,99,2,2
65017,110,99,11,11
65018,68,71,-3,3
65019,68,65,3,3
65020,72,74,-2,2
65021,77,79,-2,2
65022,147,131,16,16
65023,117,113,4,4
65024,79,97,-18,18
65025,103,107,-4,4
65026,65,73,-8,8
65027,102,100,2,2
65028,66,69,-3,3
65029,101,96,5,5
65030,77,78,-1,1
65031,58,65,-7,7
65032,75,77,-2,2
65033,50,66,-16,16
65034,116,112,4,4
65035,78,77,1,1
65036,111,99,12,12
65037,35,44,-9,9
65038,94,92,2,2
65039,136,126,10,10
65040,71,71,0,0
65041,94,102,-8,8
65042,81,79,2,2
65043,54,56,-2,2
65044,94,88,6,6
65045,94,98,-4,4
65046,143,130,13,13
65047,82,84,-2,2
65048,156,144,12,12
65049,81,89,-8,8
65050,169,159,10,10
65051,104,98,6,6
65052,107,110,-3,3
65053,69,82,-13,13
65054,123,105,18,18
65055,51,57,-6,6
65056,88,96,-8,8
65057,41,50,-9,9
65058,56,66,-10,10
65059,138,134,4,4
65060,102,98,4,4
65061,97,96,1,1
65062,124,126,-2,2
65063,124,114,10,10
65064,119,131,-12,12
65065,55,56,-1,1
65066,116,111,5,5
65067,60,60,0,0
65068,134,118,16,16
65069,63,91,-28,28
65070,73,71,2,2
65071,145,142,3,3
65072,111,112,-1,1
65073,110,116,-6,6
65074,194,172,22,22
65075,92,96,-4,4
65076,97,88,9,9
65077,116,115,1,1
65078,61,58,3,3
65079,150,143,7,7
65080,45,50,-5,5
65081,99,90,9,9
65082,79,75,4,4
65083,118,120,-2,2
65084,74,69,5,5
65085,108,107,1,1
65086,85,83,2,2
65087,89,78,11,11
65088,107,107,0,0
65089,165,160,5,5
65090,84,82,2,2
65091,132,123,9,9
65092,90,87,3,3
65093,144,120,24,24
65094,87,94,-7,7
65095,103,91,12,12
65096,98,101,-3,3
65097,88,88,0,0
65098,125,120,5,5
65099,112,103,9,9
65100,51,62,-11,11
65101,105,109,-4,4
65102,149,128,21,21
65103,109,105,4,4
65104,74,75,-1,1
65105,83,85,-2,2
65106,85,89,-4,4
65107,75,69,6,6
65108,78,87,-9,9
65109,67,70,-3,3
65110,48,52,-4,4
65111,109,84,25,25
65112,92,89,3,3
65113,90,95,-5,5
65114,90,86,4,4
65115,98,97,1,1
65116,76,74,2,2
65117,83,89,-6,6
65118,148,145,3,3
65119,99,98,1,1
65120,68,69,-1,1
65121,79,74,5,5
65122,98,101,-3,3
65123,194,184,10,10
65124,90,87,3,3
65125,70,69,1,1
65126,88,88,0,0
65127,66,67,-1,1
65128,81,69,12,12
65129,122,122,0,0
65130,96,97,-1,1
65131,69,70,-1,1
65132,113,98,15,15
65133,61,71,-10,10
65134,101,86,15,15
65135,178,159,19,19
65136,111,103,8,8
65137,81,76,5,5
65138,147,162,-15,15
65139,121,115,6,6
65140,78,76,2,2
65141,86,86,0,0
65142,54,57,-3,3
65143,46,51,-5,5
65144,62,69,-7,7
65145,94,96,-2,2
65146,101,101,0,0
65147,60,67,-7,7
65148,72,68,4,4
65149,75,83,-8,8
65150,148,137,11,11
65151,123,112,11,11
65152,81,93,-12,12
65153,126,124,2,2
65154,163,149,14,14
65155,105,103,2,2
65156,85,84,1,1
65157,102,98,4,4
65158,89,88,1,1
65159,123,124,-1,1
65160,62,62,0,0
65161,78,89,-11,11
65162,98,94,4,4
65163,68,69,-1,1
65164,99,101,-2,2
65165,112,107,5,5
65166,89,85,4,4
65167,89,96,-7,7
65168,83,77,6,6
65169,119,114,5,5
65170,92,100,-8,8
65171,77,83,-6,6
65172,74,71,3,3
65173,115,131,-16,16
65174,107,102,5,5
65175,98,91,7,7
65176,136,124,12,12
65177,42,53,-11,11
65178,119,118,1,1
65179,119,119,0,0
65180,109,101,8,8
65181,113,111,2,2
65182,164,155,9,9
65183,86,81,5,5
65184,97,97,0,0
65185,112,113,-1,1
65186,124,120,4,4
65187,84,98,-14,14
65188,77,77,0,0
65189,87,80,7,7
65190,52,57,-5,5
65191,112,105,7,7
65192,78,76,2,2
65193,93,95,-2,2
65194,115,125,-10,10
65195,76,75,1,1
65196,209,186,23,23
65197,41,57,-16,16
65198,115,110,5,5
65199,155,139,16,16
65200,53,57,-4,4
65201,72,75,-3,3
65202,110,83,27,27
65203,91,97,-6,6
65204,99,97,2,2
65205,88,98,-10,10
65206,100,97,3,3
65207,73,85,-12,12
65208,70,67,3,3
65209,126,122,4,4
65210,102,101,1,1
65211,97,92,5,5
65212,60,68,-8,8
65213,44,54,-10,10
65214,62,71,-9,9
65215,52,59,-7,7
65216,128,124,4,4
65217,168,160,8,8
65218,101,101,0,0
65219,106,109,-3,3
65220,191,169,22,22
65221,51,66,-15,15
65222,196,162,34,34
65223,92,99,-7,7
65224,47,51,-4,4
65225,115,103,12,12
65226,70,68,2,2
65227,84,93,-9,9
65228,145,138,7,7
65229,102,106,-4,4
65230,31,38,-7,7
65231,65,64,1,1
65232,92,90,2,2
65233,77,84,-7,7
65234,90,93,-3,3
65235,30,36,-6,6
65236,72,84,-12,12
65237,109,110,-1,1
65238,148,146,2,2
65239,81,78,3,3
65240,75,73,2,2
65241,60,65,-5,5
65242,147,138,9,9
65243,95,78,17,17
65244,71,77,-6,6
65245,145,146,-1,1
65246,91,98,-7,7
65247,48,72,-24,24
65248,94,94,0,0
65249,86,95,-9,9
65250,70,72,-2,2
65251,120,120,0,0
65252,117,113,4,4
65253,118,97,21,21
65254,66,67,-1,1
65255,70,70,0,0
65256,51,55,-4,4
65257,80,85,-5,5
65258,78,84,-6,6
65259,136,114,22,22
65260,105,107,-2,2
65261,94,87,7,7
65262,119,112,7,7
65263,119,121,-2,2
65264,66,65,1,1
65265,133,125,8,8
65266,106,103,3,3
65267,110,99,11,11
65268,109,103,6,6
65269,97,113,-16,16
65270,54,65,-11,11
65271,143,133,10,10
65272,103,105,-2,2
65273,55,59,-4,4
65274,72,71,1,1
65275,300,209,91,91
65276,110,105,5,5
65277,120,120,0,0
65278,114,120,-6,6
65279,65,68,-3,3
65280,51,56,-5,5
65281,107,96,11,11
65282,86,91,-5,5
65283,91,92,-1,1
65284,102,97,5,5
65285,72,67,5,5
65286,82,83,-1,1
65287,134,124,10,10
65288,133,123,10,10
65289,79,82,-3,3
65290,146,143,3,3
65291,176,154,22,22
65292,117,113,4,4
65293,82,85,-3,3
65294,105,102,3,3
65295,89,96,-7,7
65296,72,75,-3,3
65297,71,65,6,6
65298,117,113,4,4
65299,140,128,12,12
65300,80,83,-3,3
65301,53,58,-5,5
65302,185,178,7,7
65303,111,101,10,10
65304,92,98,-6,6
65305,91,90,1,1
65306,112,99,13,13
65307,59,62,-3,3
65308,106,100,6,6
65309,53,65,-12,12
65310,132,128,4,4
65311,80,88,-8,8
65312,163,154,9,9
65313,58,67,-9,9
65314,138,123,15,15
65315,173,163,10,10
65316,64,72,-8,8
65317,78,70,8,8
65318,101,102,-1,1
65319,103,101,2,2
65320,87,84,3,3
65321,105,98,7,7
65322,94,90,4,4
65323,89,84,5,5
65324,63,74,-11,11
65325,92,88,4,4
65326,139,139,0,0
65327,78,81,-3,3
65328,58,80,-22,22
65329,77,81,-4,4
65330,71,110,-39,39
65331,154,152,2,2
65332,93,89,4,4
65333,61,62,-1,1
65334,168,155,13,13
65335,139,128,11,11
65336,78,81,-3,3
65337,132,124,8,8
65338,56,58,-2,2
65339,78,83,-5,5
65340,86,90,-4,4
65341,68,70,-2,2
65342,31,62,-31,31
65343,60,62,-2,2
65344,150,136,14,14
65345,117,112,5,5
65346,104,99,5,5
65347,102,101,1,1
65348,77,85,-8,8
65349,64,69,-5,5
65350,103,103,0,0
65351,113,112,1,1
65352,96,100,-4,4
65353,114,98,16,16
65354,126,120,6,6
65355,106,106,0,0
65356,59,65,-6,6
65357,81,86,-5,5
65358,109,100,9,9
65359,121,130,-9,9
65360,70,70,0,0
65361,148,141,7,7
65362,94,92,2,2
65363,127,120,7,7
65364,117,120,-3,3
65365,104,98,6,6
65366,46,57,-11,11
65367,106,117,-11,11
65368,94,88,6,6
65369,124,111,13,13
65370,62,69,-7,7
65371,62,76,-14,14
65372,74,83,-9,9
65373,53,59,-6,6
65374,40,48,-8,8
65375,70,71,-1,1
65376,60,66,-6,6
65377,45,46,-1,1
65378,111,113,-2,2
65379,37,53,-16,16
65380,88,99,-11,11
65381,51,107,-56,56
65382,66,71,-5,5
65383,76,76,0,0
65384,91,85,6,6
65385,121,121,0,0
65386,135,125,10,10
65387,87,95,-8,8
65388,99,98,1,1
65389,106,104,2,2
65390,83,89,-6,6
65391,94,89,5,5
65392,76,75,1,1
65393,69,68,1,1
65394,100,113,-13,13
65395,118,114,4,4
65396,66,84,-18,18
65397,89,90,-1,1
65398,104,118,-14,14
65399,110,98,12,12
65400,106,99,7,7
65401,118,114,4,4
65402,83,91,-8,8
65403,85,85,0,0
65404,73,86,-13,13
65405,72,68,4,4
65406,61,62,-1,1
65407,59,62,-3,3
65408,114,119,-5,5
65409,68,75,-7,7
65410,179,169,10,10
65411,70,72,-2,2
65412,91,86,5,5
65413,114,106,8,8
65414,108,105,3,3
65415,79,83,-4,4
65416,79,76,3,3
65417,125,124,1,1
65418,117,98,19,19
65419,68,76,-8,8
65420,79,78,1,1
65421,103,109,-6,6
65422,207,184,23,23
65423,63,70,-7,7
65424,117,114,3,3
65425,63,65,-2,2
65426,71,70,1,1
65427,74,82,-8,8
65428,55,57,-2,2
65429,170,153,17,17
65430,69,68,1,1
65431,51,61,-10,10
65432,55,60,-5,5
65433,73,72,1,1
65434,89,105,-16,16
65435,173,154,19,19
65436,119,113,6,6
65437,85,91,-6,6
65438,94,97,-3,3
65439,104,94,10,10
65440,96,98,-2,2
65441,61,68,-7,7
65442,86,88,-2,2
65443,95,95,0,0
65444,161,149,12,12
65445,80,78,2,2
65446,112,103,9,9
65447,75,78,-3,3
65448,141,128,13,13
65449,161,153,8,8
65450,99,100,-1,1
65451,94,95,-1,1
65452,146,132,14,14
65453,72,72,0,0
65454,105,93,12,12
65455,69,68,1,1
65456,113,105,8,8
65457,132,107,25,25
65458,121,119,2,2
65459,91,96,-5,5
65460,70,68,2,2
65461,96,97,-1,1
65462,155,146,9,9
65463,130,137,-7,7
65464,186,159,27,27
65465,96,98,-2,2
65466,146,155,-9,9
65467,113,108,5,5
65468,86,90,-4,4
65469,104,100,4,4
65470,66,66,0,0
65471,96,88,8,8
65472,88,78,10,10
65473,111,103,8,8
65474,146,131,15,15
65475,86,74,12,12
65476,46,52,-6,6
65477,72,73,-1,1
65478,170,151,19,19
65479,35,41,-6,6
65480,90,90,0,0
65481,143,142,1,1
65482,157,142,15,15
65483,62,69,-7,7
65484,65,66,-1,1
65485,75,73,2,2
65486,89,88,1,1
65487,82,75,7,7
65488,80,88,-8,8
65489,56,58,-2,2
65490,76,73,3,3
65491,113,111,2,2
65492,104,112,-8,8
65493,99,94,5,5
65494,62,62,0,0
65495,140,141,-1,1
65496,76,85,-9,9
65497,114,111,3,3
65498,108,113,-5,5
65499,81,74,7,7
65500,63,66,-3,3
65501,125,121,4,4
65502,70,62,8,8
65503,90,92,-2,2
65504,37,47,-10,10
65505,92,108,-16,16
65506,96,103,-7,7
65507,85,86,-1,1
65508,106,107,-1,1
65509,86,80,6,6
65510,101,88,13,13
65511,101,101,0,0
65512,100,101,-1,1
65513,105,99,6,6
65514,71,76,-5,5
65515,58,60,-2,2
65516,179,165,14,14
65517,106,106,0,0
65518,89,78,11,11
65519,84,74,10,10
65520,113,105,8,8
65521,129,122,7,7
65522,87,98,-11,11
65523,122,122,0,0
65524,109,107,2,2
65525,78,86,-8,8
65526,96,95,1,1
65527,176,144,32,32
65528,114,108,6,6
65529,89,77,12,12
65530,115,100,15,15
65531,73,67,6,6
65532,68,70,-2,2
65533,148,138,10,10
65534,70,72,-2,2
65535,108,99,9,9
65536,60,60,0,0
65537,98,90,8,8
65538,47,51,-4,4
65539,84,90,-6,6
65540,60,59,1,1
65541,119,121,-2,2
65542,66,73,-7,7
65543,115,112,3,3
65544,172,151,21,21
65545,105,99,6,6
65546,83,78,5,5
65547,75,73,2,2
65548,48,52,-4,4
65549,100,98,2,2
65550,59,67,-8,8
65551,67,66,1,1
65552,103,109,-6,6
65553,48,52,-4,4
65554,108,117,-9,9
65555,77,66,11,11
65556,126,123,3,3
65557,82,104,-22,22
65558,38,52,-14,14
65559,99,92,7,7
65560,56,62,-6,6
65561,131,115,16,16
65562,96,87,9,9
65563,83,86,-3,3
65564,120,111,9,9
65565,102,95,7,7
65566,93,95,-2,2
65567,127,123,4,4
65568,67,61,6,6
65569,98,94,4,4
65570,77,71,6,6
65571,84,76,8,8
65572,96,92,4,4
65573,118,113,5,5
65574,84,83,1,1
65575,70,90,-20,20
65576,100,101,-1,1
65577,118,112,6,6
65578,54,59,-5,5
65579,170,154,16,16
65580,91,96,-5,5
65581,86,83,3,3
65582,82,85,-3,3
65583,123,121,2,2
65584,94,93,1,1
65585,86,73,13,13
65586,142,141,1,1
65587,132,113,19,19
65588,140,126,14,14
65589,177,150,27,27
65590,54,65,-11,11
65591,51,58,-7,7
65592,130,122,8,8
65593,71,73,-2,2
65594,61,63,-2,2
65595,93,91,2,2
65596,93,98,-5,5
65597,83,75,8,8
65598,104,94,10,10
65599,93,96,-3,3
65600,88,86,2,2
65601,89,94,-5,5
65602,154,147,7,7
65603,53,56,-3,3
65604,85,85,0,0
65605,89,94,-5,5
65606,107,106,1,1
65607,102,99,3,3
65608,88,99,-11,11
65609,35,43,-8,8
65610,118,110,8,8
65611,63,63,0,0
65612,56,63,-7,7
65613,41,52,-11,11
65614,108,111,-3,3
65615,137,131,6,6
65616,70,65,5,5
65617,131,141,-10,10
65618,83,77,6,6
65619,87,86,1,1
65620,87,96,-9,9
65621,134,127,7,7
65622,108,95,13,13
65623,73,77,-4,4
65624,110,103,7,7
65625,100,78,22,22
65626,57,58,-1,1
65627,101,99,2,2
65628,124,115,9,9
65629,100,101,-1,1
65630,116,121,-5,5
65631,124,107,17,17
65632,119,121,-2,2
65633,95,105,-10,10
65634,131,117,14,14
65635,46,55,-9,9
65636,119,112,7,7
65637,86,82,4,4
65638,148,142,6,6
65639,63,64,-1,1
65640,84,77,7,7
65641,88,83,5,5
65642,125,113,12,12
65643,180,154,26,26
65644,92,97,-5,5
65645,73,77,-4,4
65646,54,61,-7,7
65647,125,126,-1,1
65648,158,149,9,9
65649,115,112,3,3
65650,176,168,8,8
65651,71,90,-19,19
65652,109,115,-6,6
65653,115,106,9,9
65654,135,127,8,8
65655,75,74,1,1
65656,71,75,-4,4
65657,74,85,-11,11
65658,123,133,-10,10
65659,85,88,-3,3
65660,124,116,8,8
65661,51,56,-5,5
65662,53,64,-11,11
65663,97,105,-8,8
65664,92,93,-1,1
65665,122,120,2,2
65666,183,164,19,19
65667,94,103,-9,9
65668,151,135,16,16
65669,65,68,-3,3
65670,146,141,5,5
65671,68,78,-10,10
65672,186,139,47,47
65673,121,106,15,15
65674,77,77,0,0
65675,99,107,-8,8
65676,102,104,-2,2
65677,80,81,-1,1
65678,123,116,7,7
65679,90,98,-8,8
65680,96,99,-3,3
65681,119,101,18,18
65682,136,130,6,6
65683,84,77,7,7
65684,135,134,1,1
65685,84,102,-18,18
65686,56,60,-4,4
65687,81,85,-4,4
65688,69,62,7,7
65689,89,73,16,16
65690,105,100,5,5
65691,113,111,2,2
65692,79,76,3,3
65693,167,146,21,21
65694,85,78,7,7
65695,80,85,-5,5
65696,72,74,-2,2
65697,129,127,2,2
65698,155,131,24,24
65699,53,58,-5,5
65700,48,53,-5,5
65701,45,47,-2,2
65702,55,60,-5,5
65703,99,101,-2,2
65704,91,93,-2,2
65705,75,70,5,5
65706,84,79,5,5
65707,38,51,-13,13
65708,41,54,-13,13
65709,86,87,-1,1
65710,76,72,4,4
65711,53,61,-8,8
65712,63,66,-3,3
65713,79,74,5,5
65714,145,135,10,10
65715,97,100,-3,3
65716,120,120,0,0
65717,74,75,-1,1
65718,96,98,-2,2
65719,101,96,5,5
65720,94,100,-6,6
65721,92,85,7,7
65722,83,71,12,12
65723,122,105,17,17
65724,57,59,-2,2
65725,56,64,-8,8
65726,123,121,2,2
65727,104,102,2,2
65728,147,134,13,13
65729,190,188,2,2
65730,120,112,8,8
65731,173,161,12,12
65732,52,55,-3,3
65733,134,126,8,8
65734,110,102,8,8
65735,84,78,6,6
65736,92,96,-4,4
65737,112,103,9,9
65738,60,62,-2,2
65739,76,76,0,0
65740,159,144,15,15
65741,61,68,-7,7
65742,141,125,16,16
65743,107,103,4,4
65744,103,95,8,8
65745,129,130,-1,1
65746,61,61,0,0
65747,77,73,4,4
65748,84,87,-3,3
65749,78,77,1,1
65750,47,52,-5,5
65751,140,125,15,15
65752,56,56,0,0
65753,154,138,16,16
65754,77,84,-7,7
65755,85,74,11,11
65756,104,114,-10,10
65757,70,88,-18,18
65758,71,74,-3,3
65759,63,63,0,0
65760,84,79,5,5
65761,110,97,13,13
65762,88,95,-7,7
65763,74,75,-1,1
65764,72,88,-16,16
65765,46,54,-8,8
65766,94,93,1,1
65767,93,101,-8,8
65768,63,65,-2,2
65769,100,98,2,2
65770,71,72,-1,1
65771,113,113,0,0
65772,88,85,3,3
65773,83,71,12,12
65774,76,85,-9,9
65775,83,75,8,8
65776,153,128,25,25
65777,134,132,2,2
65778,91,91,0,0
65779,56,59,-3,3
65780,89,92,-3,3
65781,51,57,-6,6
65782,121,115,6,6
65783,107,105,2,2
65784,97,145,-48,48
65785,79,75,4,4
65786,115,108,7,7
65787,60,64,-4,4
65788,105,100,5,5
65789,65,68,-3,3
65790,57,61,-4,4
65791,169,144,25,25
65792,92,91,1,1
65793,104,116,-12,12
65794,68,66,2,2
65795,72,71,1,1
65796,92,93,-1,1
65797,124,120,4,4
65798,85,83,2,2
65799,123,120,3,3
65800,112,104,8,8
65801,138,143,-5,5
65802,205,189,16,16
65803,88,90,-2,2
65804,82,85,-3,3
65805,77,78,-1,1
65806,68,69,-1,1
65807,125,117,8,8
65808,87,85,2,2
65809,112,113,-1,1
65810,66,75,-9,9
65811,132,119,13,13
65812,136,118,18,18
65813,232,207,25,25
65814,63,70,-7,7
65815,77,87,-10,10
65816,121,112,9,9
65817,161,149,12,12
65818,200,154,46,46
65819,65,66,-1,1
65820,104,93,11,11
65821,129,112,17,17
65822,129,133,-4,4
65823,123,113,10,10
65824,72,80,-8,8
65825,59,60,-1,1
65826,94,105,-11,11
65827,102,113,-11,11
65828,74,74,0,0
65829,64,67,-3,3
65830,48,56,-8,8
65831,80,83,-3,3
65832,112,98,14,14
65833,67,122,-55,55
65834,79,88,-9,9
65835,79,79,0,0
65836,51,58,-7,7
65837,213,193,20,20
65838,116,117,-1,1
65839,82,85,-3,3
65840,88,91,-3,3
65841,154,160,-6,6
65842,93,88,5,5
65843,115,113,2,2
65844,58,59,-1,1
65845,89,98,-9,9
65846,69,68,1,1
65847,124,114,10,10
65848,87,85,2,2
65849,114,113,1,1
65850,75,81,-6,6
65851,46,68,-22,22
65852,54,59,-5,5
65853,63,62,1,1
65854,54,56,-2,2
65855,70,70,0,0
65856,98,93,5,5
65857,74,76,-2,2
65858,76,75,1,1
65859,80,76,4,4
65860,73,128,-55,55
65861,108,106,2,2
65862,100,99,1,1
65863,64,61,3,3
65864,101,102,-1,1
65865,75,75,0,0
65866,66,74,-8,8
65867,142,133,9,9
65868,47,53,-6,6
65869,71,68,3,3
65870,26,38,-12,12
65871,53,61,-8,8
65872,133,130,3,3
65873,96,95,1,1
65874,91,97,-6,6
65875,83,77,6,6
65876,103,103,0,0
65877,89,78,11,11
65878,90,93,-3,3
65879,95,103,-8,8
65880,32,41,-9,9
65881,72,77,-5,5
65882,99,85,14,14
65883,115,112,3,3
65884,86,95,-9,9
65885,93,104,-11,11
65886,129,117,12,12
65887,92,91,1,1
65888,114,113,1,1
65889,84,88,-4,4
65890,93,92,1,1
65891,89,100,-11,11
65892,59,61,-2,2
65893,63,66,-3,3
65894,59,65,-6,6
65895,115,113,2,2
65896,144,119,25,25
65897,76,81,-5,5
65898,112,108,4,4
65899,118,125,-7,7
65900,80,84,-4,4
65901,106,100,6,6
65902,92,99,-7,7
65903,65,70,-5,5
65904,130,135,-5,5
65905,108,102,6,6
65906,44,59,-15,15
65907,101,102,-1,1
65908,72,78,-6,6
65909,67,70,-3,3
65910,73,74,-1,1
65911,184,169,15,15
65912,83,83,0,0
65913,77,76,1,1
65914,113,109,4,4
65915,46,49,-3,3
65916,101,109,-8,8
65917,92,93,-1,1
65918,122,113,9,9
65919,67,67,0,0
65920,134,120,14,14
65921,82,84,-2,2
65922,142,143,-1,1
65923,101,93,8,8
65924,119,119,0,0
65925,44,50,-6,6
65926,105,107,-2,2
65927,99,105,-6,6
65928,127,121,6,6
65929,76,75,1,1
65930,107,95,12,12
65931,104,111,-7,7
65932,104,97,7,7
65933,100,98,2,2
65934,106,99,7,7
65935,66,63,3,3
65936,154,134,20,20
65937,124,128,-4,4
65938,118,114,4,4
65939,79,79,0,0
65940,76,76,0,0
65941,89,84,5,5
65942,67,75,-8,8
65943,104,105,-1,1
65944,108,95,13,13
65945,76,75,1,1
65946,47,56,-9,9
65947,98,105,-7,7
65948,137,141,-4,4
65949,111,104,7,7
65950,62,61,1,1
65951,37,44,-7,7
65952,69,68,1,1
65953,115,122,-7,7
65954,98,102,-4,4
65955,62,65,-3,3
65956,94,93,1,1
65957,46,60,-14,14
65958,97,88,9,9
65959,108,100,8,8
65960,124,122,2,2
65961,74,88,-14,14
65962,113,109,4,4
65963,96,100,-4,4
65964,135,129,6,6
65965,81,86,-5,5
65966,101,98,3,3
65967,109,112,-3,3
65968,121,113,8,8
65969,62,60,2,2
65970,105,111,-6,6
65971,105,94,11,11
65972,96,77,19,19
65973,90,74,16,16
65974,81,77,4,4
65975,137,125,12,12
65976,86,79,7,7
65977,86,91,-5,5
65978,105,109,-4,4
65979,120,111,9,9
65980,70,67,3,3
65981,90,85,5,5
65982,90,88,2,2
65983,79,78,1,1
65984,62,63,-1,1
65985,56,63,-7,7
65986,62,64,-2,2
65987,123,110,13,13
65988,108,111,-3,3
65989,73,78,-5,5
65990,92,86,6,6
65991,97,94,3,3
65992,94,92,2,2
65993,119,118,1,1
65994,125,120,5,5
65995,252,219,33,33
65996,124,124,0,0
65997,76,84,-8,8
65998,120,118,2,2
65999,83,83,0,0
66000,82,85,-3,3
66001,93,97,-4,4
66002,56,63,-7,7
66003,78,92,-14,14
66004,121,151,-30,30
66005,100,94,6,6
66006,91,79,12,12
66007,66,66,0,0
66008,62,65,-3,3
66009,72,72,0,0
66010,77,84,-7,7
66011,93,90,3,3
66012,176,156,20,20
66013,55,60,-5,5
66014,75,83,-8,8
66015,60,64,-4,4
66016,143,129,14,14
66017,117,116,1,1
66018,36,51,-15,15
66019,45,50,-5,5
66020,96,94,2,2
66021,81,90,-9,9
66022,106,101,5,5
66023,83,91,-8,8
66024,105,97,8,8
66025,80,86,-6,6
66026,43,49,-6,6
66027,103,108,-5,5
66028,134,118,16,16
66029,53,57,-4,4
66030,115,107,8,8
66031,157,135,22,22
66032,67,73,-6,6
66033,104,117,-13,13
66034,148,142,6,6
66035,116,106,10,10
66036,100,95,5,5
66037,63,66,-3,3
66038,71,80,-9,9
66039,71,67,4,4
66040,67,76,-9,9
66041,105,109,-4,4
66042,102,99,3,3
66043,53,58,-5,5
66044,71,74,-3,3
66045,115,119,-4,4
66046,105,98,7,7
66047,62,80,-18,18
66048,119,113,6,6
66049,151,135,16,16
66050,55,65,-10,10
66051,76,80,-4,4
66052,37,43,-6,6
66053,126,100,26,26
66054,116,93,23,23
66055,119,114,5,5
66056,86,84,2,2
66057,64,72,-8,8
66058,53,65,-12,12
66059,108,100,8,8
66060,118,113,5,5
66061,126,124,2,2
66062,71,68,3,3
66063,99,100,-1,1
66064,49,58,-9,9
66065,87,89,-2,2
66066,75,72,3,3
66067,89,94,-5,5
66068,94,90,4,4
66069,100,91,9,9
66070,80,73,7,7
66071,78,77,1,1
66072,65,70,-5,5
66073,104,97,7,7
66074,111,113,-2,2
66075,182,151,31,31
66076,69,71,-2,2
66077,67,68,-1,1
66078,99,114,-15,15
66079,82,76,6,6
66080,99,86,13,13
66081,66,68,-2,2
66082,162,151,11,11
66083,142,128,14,14
66084,84,85,-1,1
66085,70,86,-16,16
66086,106,101,5,5
66087,57,61,-4,4
66088,89,84,5,5
66089,119,110,9,9
66090,90,84,6,6
66091,59,67,-8,8
66092,80,76,4,4
66093,113,106,7,7
66094,47,55,-8,8
66095,72,75,-3,3
66096,178,180,-2,2
66097,76,88,-12,12
66098,96,100,-4,4
66099,83,86,-3,3
66100,63,67,-4,4
66101,144,140,4,4
66102,42,57,-15,15
66103,52,52,0,0
66104,125,111,14,14
66105,63,68,-5,5
66106,69,62,7,7
66107,78,74,4,4
66108,63,78,-15,15
66109,80,85,-5,5
66110,101,99,2,2
66111,187,149,38,38
66112,163,148,15,15
66113,109,113,-4,4
66114,101,112,-11,11
66115,86,90,-4,4
66116,72,85,-13,13
66117,142,160,-18,18
66118,99,90,9,9
66119,64,68,-4,4
66120,79,79,0,0
66121,85,61,24,24
66122,107,83,24,24
66123,97,95,2,2
66124,116,113,3,3
66125,67,70,-3,3
66126,89,101,-12,12
66127,122,112,10,10
66128,140,136,4,4
66129,62,62,0,0
66130,119,132,-13,13
66131,117,108,9,9
66132,104,115,-11,11
66133,47,56,-9,9
66134,73,77,-4,4
66135,159,129,30,30
66136,101,102,-1,1
66137,77,68,9,9
66138,58,59,-1,1
66139,78,83,-5,5
66140,97,91,6,6
66141,76,76,0,0
66142,88,88,0,0
66143,64,66,-2,2
66144,81,96,-15,15
66145,69,68,1,1
66146,115,128,-13,13
66147,65,85,-20,20
66148,76,68,8,8
66149,58,65,-7,7
66150,33,41,-8,8
66151,133,125,8,8
66152,45,68,-23,23
66153,123,120,3,3
66154,100,96,4,4
66155,82,85,-3,3
66156,83,85,-2,2
66157,117,104,13,13
66158,74,70,4,4
66159,103,99,4,4
66160,72,73,-1,1
66161,142,128,14,14
66162,121,109,12,12
66163,82,78,4,4
66164,80,78,2,2
66165,100,101,-1,1
66166,164,156,8,8
66167,95,90,5,5
66168,57,63,-6,6
66169,81,74,7,7
66170,39,42,-3,3
66171,123,114,9,9
66172,127,121,6,6
66173,82,83,-1,1
66174,105,101,4,4
66175,72,71,1,1
66176,37,47,-10,10
66177,85,88,-3,3
66178,152,139,13,13
66179,80,76,4,4
66180,55,62,-7,7
66181,76,92,-16,16
66182,21,44,-23,23
66183,220,196,24,24
66184,159,138,21,21
66185,90,92,-2,2
66186,148,145,3,3
66187,102,98,4,4
66188,83,78,5,5
66189,80,94,-14,14
66190,100,86,14,14
66191,111,99,12,12
66192,79,83,-4,4
66193,82,79,3,3
66194,82,79,3,3
66195,197,183,14,14
66196,188,167,21,21
66197,177,173,4,4
66198,76,77,-1,1
66199,157,168,-11,11
66200,49,58,-9,9
66201,44,54,-10,10
66202,66,69,-3,3
66203,156,142,14,14
66204,111,119,-8,8
66205,69,77,-8,8
66206,188,172,16,16
66207,126,111,15,15
66208,73,72,1,1
66209,111,99,12,12
66210,94,84,10,10
66211,57,62,-5,5
66212,132,120,12,12
66213,164,155,9,9
66214,55,61,-6,6
66215,139,128,11,11
66216,77,73,4,4
66217,43,50,-7,7
66218,96,89,7,7
66219,88,87,1,1
66220,74,71,3,3
66221,81,84,-3,3
66222,84,86,-2,2
66223,100,99,1,1
66224,108,97,11,11
66225,44,61,-17,17
66226,77,85,-8,8
66227,79,85,-6,6
66228,111,110,1,1
66229,86,85,1,1
66230,61,59,2,2
66231,85,84,1,1
66232,45,59,-14,14
66233,81,74,7,7
66234,159,141,18,18
66235,80,75,5,5
66236,94,88,6,6
66237,89,91,-2,2
66238,96,92,4,4
66239,95,87,8,8
66240,127,110,17,17
66241,71,66,5,5
66242,68,66,2,2
66243,80,88,-8,8
66244,122,117,5,5
66245,136,131,5,5
66246,95,93,2,2
66247,89,88,1,1
66248,88,94,-6,6
66249,44,49,-5,5
66250,121,112,9,9
66251,47,53,-6,6
66252,72,69,3,3
66253,72,70,2,2
66254,145,154,-9,9
66255,77,78,-1,1
66256,129,138,-9,9
66257,65,72,-7,7
66258,121,113,8,8
66259,92,88,4,4
66260,100,105,-5,5
66261,36,46,-10,10
66262,122,117,5,5
66263,112,98,14,14
66264,76,71,5,5
66265,112,123,-11,11
66266,75,80,-5,5
66267,81,79,2,2
66268,102,88,14,14
66269,43,58,-15,15
66270,92,97,-5,5
66271,118,101,17,17
66272,73,72,1,1
66273,179,182,-3,3
66274,63,71,-8,8
66275,128,132,-4,4
66276,161,157,4,4
66277,178,148,30,30
66278,90,86,4,4
66279,74,74,0,0
66280,74,78,-4,4
66281,95,97,-2,2
66282,98,100,-2,2
66283,94,90,4,4
66284,115,121,-6,6
66285,131,128,3,3
66286,99,79,20,20
66287,87,87,0,0
66288,74,78,-4,4
66289,56,61,-5,5
66290,58,62,-4,4
66291,77,79,-2,2
66292,122,109,13,13
66293,70,73,-3,3
66294,40,53,-13,13
66295,106,110,-4,4
66296,100,101,-1,1
66297,73,76,-3,3
66298,72,67,5,5
66299,99,101,-2,2
66300,135,128,7,7
66301,184,158,26,26
66302,50,69,-19,19
66303,77,77,0,0
66304,48,53,-5,5
66305,76,77,-1,1
66306,87,97,-10,10
66307,137,125,12,12
66308,110,114,-4,4
66309,84,89,-5,5
66310,74,79,-5,5
66311,83,77,6,6
66312,76,75,1,1
66313,107,128,-21,21
66314,78,73,5,5
66315,87,83,4,4
66316,64,68,-4,4
66317,60,65,-5,5
66318,94,99,-5,5
66319,80,76,4,4
66320,50,52,-2,2
66321,54,56,-2,2
66322,65,64,1,1
66323,101,110,-9,9
66324,89,85,4,4
66325,127,122,5,5
66326,59,69,-10,10
66327,90,97,-7,7
66328,77,79,-2,2
66329,100,105,-5,5
66330,103,100,3,3
66331,33,58,-25,25
66332,61,61,0,0
66333,63,79,-16,16
66334,47,55,-8,8
66335,51,54,-3,3
66336,141,137,4,4
66337,74,71,3,3
66338,74,76,-2,2
66339,85,85,0,0
66340,149,131,18,18
66341,90,96,-6,6
66342,79,88,-9,9
66343,93,101,-8,8
66344,79,75,4,4
66345,146,143,3,3
66346,81,78,3,3
66347,83,106,-23,23
66348,196,180,16,16
66349,114,101,13,13
66350,102,97,5,5
66351,140,132,8,8
66352,46,49,-3,3
66353,189,173,16,16
66354,102,105,-3,3
66355,96,92,4,4
66356,73,86,-13,13
66357,131,138,-7,7
66358,143,127,16,16
66359,94,112,-18,18
66360,95,97,-2,2
66361,131,120,11,11
66362,138,126,12,12
66363,55,63,-8,8
66364,40,45,-5,5
66365,97,92,5,5
66366,70,77,-7,7
66367,95,92,3,3
66368,86,80,6,6
66369,107,100,7,7
66370,45,57,-12,12
66371,107,104,3,3
66372,77,71,6,6
66373,75,74,1,1
66374,85,85,0,0
66375,81,89,-8,8
66376,100,97,3,3
66377,65,73,-8,8
66378,57,63,-6,6
66379,61,60,1,1
66380,79,79,0,0
66381,104,101,3,3
66382,106,103,3,3
66383,55,58,-3,3
66384,100,97,3,3
66385,89,91,-2,2
66386,73,73,0,0
66387,77,85,-8,8
66388,59,59,0,0
66389,71,75,-4,4
66390,52,67,-15,15
66391,58,59,-1,1
66392,72,67,5,5
66393,90,85,5,5
66394,57,62,-5,5
66395,82,96,-14,14
66396,92,90,2,2
66397,88,79,9,9
66398,49,57,-8,8
66399,91,85,6,6
66400,171,150,21,21
66401,75,91,-16,16
66402,82,82,0,0
66403,74,69,5,5
66404,116,112,4,4
66405,95,85,10,10
66406,116,104,12,12
66407,74,99,-25,25
66408,100,98,2,2
66409,81,89,-8,8
66410,141,150,-9,9
66411,113,107,6,6
66412,100,94,6,6
66413,80,73,7,7
66414,96,91,5,5
66415,83,84,-1,1
66416,68,77,-9,9
66417,66,66,0,0
66418,73,74,-1,1
66419,169,160,9,9
66420,119,102,17,17
66421,82,94,-12,12
66422,85,84,1,1
66423,92,105,-13,13
66424,92,92,0,0
66425,164,151,13,13
66426,131,130,1,1
66427,106,123,-17,17
66428,72,72,0,0
66429,54,60,-6,6
66430,75,77,-2,2
66431,62,62,0,0
66432,89,80,9,9
66433,63,62,1,1
66434,87,85,2,2
66435,136,122,14,14
66436,79,77,2,2
66437,86,92,-6,6
66438,71,75,-4,4
66439,68,66,2,2
66440,127,121,6,6
66441,78,84,-6,6
66442,43,50,-7,7
66443,82,78,4,4
66444,61,67,-6,6
66445,91,99,-8,8
66446,78,79,-1,1
66447,121,115,6,6
66448,83,84,-1,1
66449,169,166,3,3
66450,56,62,-6,6
66451,78,66,12,12
66452,73,78,-5,5
66453,66,69,-3,3
66454,67,64,3,3
66455,69,60,9,9
66456,96,97,-1,1
66457,118,110,8,8
66458,67,71,-4,4
66459,58,64,-6,6
66460,77,67,10,10
66461,164,143,21,21
66462,57,65,-8,8
66463,98,98,0,0
66464,97,92,5,5
66465,58,64,-6,6
66466,107,106,1,1
66467,70,76,-6,6
66468,121,113,8,8
66469,144,128,16,16
66470,157,151,6,6
66471,113,113,0,0
66472,66,66,0,0
66473,47,74,-27,27
66474,106,99,7,7
66475,77,81,-4,4
66476,180,177,3,3
66477,55,57,-2,2
66478,57,69,-12,12
66479,104,101,3,3
66480,120,114,6,6
66481,124,112,12,12
66482,157,158,-1,1
66483,185,178,7,7
66484,63,65,-2,2
66485,158,137,21,21
66486,161,160,1,1
66487,61,65,-4,4
66488,104,104,0,0
66489,65,68,-3,3
66490,174,155,19,19
66491,52,59,-7,7
66492,118,108,10,10
66493,89,88,1,1
66494,88,85,3,3
66495,88,90,-2,2
66496,62,71,-9,9
66497,67,68,-1,1
66498,118,111,7,7
66499,113,119,-6,6
66500,99,104,-5,5
66501,68,68,0,0
66502,50,50,0,0
66503,123,119,4,4
66504,97,94,3,3
66505,93,107,-14,14
66506,132,112,20,20
66507,70,76,-6,6
66508,65,65,0,0
66509,80,96,-16,16
66510,79,76,3,3
66511,96,99,-3,3
66512,69,77,-8,8
66513,142,134,8,8
66514,126,121,5,5
66515,88,108,-20,20
66516,57,58,-1,1
66517,68,67,1,1
66518,97,103,-6,6
66519,128,130,-2,2
66520,129,131,-2,2
66521,92,91,1,1
66522,146,122,24,24
66523,83,84,-1,1
66524,92,88,4,4
66525,207,174,33,33
66526,40,56,-16,16
66527,92,96,-4,4
66528,95,109,-14,14
66529,107,99,8,8
66530,51,57,-6,6
66531,210,183,27,27
66532,73,75,-2,2
66533,103,98,5,5
66534,120,115,5,5
66535,132,112,20,20
66536,112,105,7,7
66537,86,85,1,1
66538,195,184,11,11
66539,69,72,-3,3
66540,91,88,3,3
66541,57,72,-15,15
66542,112,106,6,6
66543,72,85,-13,13
66544,90,86,4,4
66545,99,98,1,1
66546,46,50,-4,4
66547,51,57,-6,6
66548,107,104,3,3
66549,156,153,3,3
66550,61,64,-3,3
66551,88,81,7,7
66552,107,100,7,7
66553,121,111,10,10
66554,89,83,6,6
66555,99,101,-2,2
66556,87,94,-7,7
66557,46,57,-11,11
66558,152,150,2,2
66559,67,71,-4,4
66560,164,161,3,3
66561,68,70,-2,2
66562,94,94,0,0
66563,60,66,-6,6
66564,205,173,32,32
66565,92,89,3,3
66566,95,90,5,5
66567,67,62,5,5
66568,55,60,-5,5
66569,151,134,17,17
66570,160,148,12,12
66571,29,40,-11,11
66572,108,103,5,5
66573,112,116,-4,4
66574,109,148,-39,39
66575,86,83,3,3
66576,75,78,-3,3
66577,60,69,-9,9
66578,64,71,-7,7
66579,64,87,-23,23
66580,110,112,-2,2
66581,81,88,-7,7
66582,79,78,1,1
66583,124,111,13,13
66584,94,99,-5,5
66585,73,89,-16,16
66586,111,104,7,7
66587,107,104,3,3
66588,71,69,2,2
66589,125,121,4,4
66590,123,108,15,15
66591,63,64,-1,1
66592,98,98,0,0
66593,101,93,8,8
66594,129,126,3,3
66595,96,97,-1,1
66596,58,62,-4,4
66597,162,154,8,8
66598,48,51,-3,3
66599,151,143,8,8
66600,67,69,-2,2
66601,122,114,8,8
66602,100,101,-1,1
66603,135,139,-4,4
66604,213,176,37,37
66605,129,135,-6,6
66606,61,67,-6,6
66607,70,74,-4,4
66608,88,91,-3,3
66609,75,77,-2,2
66610,159,152,7,7
66611,100,106,-6,6
66612,75,70,5,5
66613,120,134,-14,14
66614,70,74,-4,4
66615,129,115,14,14
66616,124,107,17,17
66617,105,101,4,4
66618,60,60,0,0
66619,76,69,7,7
66620,64,74,-10,10
66621,145,131,14,14
66622,95,108,-13,13
66623,104,107,-3,3
66624,148,136,12,12
66625,126,126,0,0
66626,142,133,9,9
66627,67,69,-2,2
66628,96,100,-4,4
66629,114,107,7,7
66630,47,62,-15,15
66631,125,127,-2,2
66632,66,70,-4,4
66633,203,224,-21,21
66634,58,65,-7,7
66635,114,109,5,5
66636,100,115,-15,15
66637,92,98,-6,6
66638,114,121,-7,7
66639,67,72,-5,5
66640,56,56,0,0
66641,78,77,1,1
66642,62,64,-2,2
66643,77,90,-13,13
66644,104,98,6,6
66645,37,50,-13,13
66646,94,92,2,2
66647,108,99,9,9
66648,42,50,-8,8
66649,106,104,2,2
66650,74,74,0,0
66651,116,99,17,17
66652,77,68,9,9
66653,123,126,-3,3
66654,89,96,-7,7
66655,74,72,2,2
66656,118,114,4,4
66657,73,75,-2,2
66658,69,85,-16,16
66659,79,79,0,0
66660,58,68,-10,10
66661,172,142,30,30
66662,118,109,9,9
66663,140,126,14,14
66664,124,124,0,0
66665,111,100,11,11
66666,88,102,-14,14
66667,90,112,-22,22
66668,59,57,2,2
66669,139,139,0,0
66670,125,126,-1,1
66671,64,65,-1,1
66672,147,133,14,14
66673,50,61,-11,11
66674,81,85,-4,4
66675,105,100,5,5
66676,63,70,-7,7
66677,87,92,-5,5
66678,90,88,2,2
66679,47,52,-5,5
66680,134,122,12,12
66681,61,63,-2,2
66682,73,91,-18,18
66683,73,67,6,6
66684,78,82,-4,4
66685,134,120,14,14
66686,51,52,-1,1
66687,108,103,5,5
66688,96,94,2,2
66689,54,67,-13,13
66690,122,118,4,4
66691,129,126,3,3
66692,86,74,12,12
66693,114,112,2,2
66694,70,73,-3,3
66695,79,83,-4,4
66696,56,61,-5,5
66697,66,65,1,1
66698,89,85,4,4
66699,106,100,6,6
66700,77,83,-6,6
66701,82,81,1,1
66702,63,84,-21,21
66703,87,86,1,1
66704,119,126,-7,7
66705,146,132,14,14
66706,71,67,4,4
66707,70,79,-9,9
66708,82,85,-3,3
66709,72,76,-4,4
66710,91,94,-3,3
66711,57,71,-14,14
66712,68,68,0,0
66713,92,85,7,7
66714,71,71,0,0
66715,100,94,6,6
66716,106,98,8,8
66717,64,61,3,3
66718,58,66,-8,8
66719,74,75,-1,1
66720,104,113,-9,9
66721,133,123,10,10
66722,59,60,-1,1
66723,77,77,0,0
66724,90,86,4,4
66725,116,97,19,19
66726,94,89,5,5
66727,102,105,-3,3
66728,130,123,7,7
66729,115,113,2,2
66730,79,73,6,6
66731,151,139,12,12
66732,88,99,-11,11
66733,188,163,25,25
66734,91,93,-2,2
66735,81,76,5,5
66736,74,78,-4,4
66737,80,78,2,2
66738,125,113,12,12
66739,140,132,8,8
66740,60,66,-6,6
66741,45,57,-12,12
66742,65,74,-9,9
66743,120,119,1,1
66744,105,107,-2,2
66745,136,137,-1,1
66746,31,63,-32,32
66747,77,83,-6,6
66748,79,90,-11,11
66749,96,99,-3,3
66750,40,63,-23,23
66751,54,58,-4,4
66752,94,85,9,9
66753,83,103,-20,20
66754,54,61,-7,7
66755,92,94,-2,2
66756,146,125,21,21
66757,172,156,16,16
66758,62,64,-2,2
66759,155,148,7,7
66760,111,103,8,8
66761,99,94,5,5
66762,126,113,13,13
66763,55,58,-3,3
66764,202,190,12,12
66765,60,62,-2,2
66766,97,92,5,5
66767,111,101,10,10
66768,114,112,2,2
66769,81,76,5,5
66770,35,53,-18,18
66771,88,88,0,0
66772,62,67,-5,5
66773,84,87,-3,3
66774,96,88,8,8
66775,105,104,1,1
66776,67,69,-2,2
66777,68,77,-9,9
66778,75,75,0,0
66779,64,71,-7,7
66780,165,142,23,23
66781,92,119,-27,27
66782,136,117,19,19
66783,93,95,-2,2
66784,58,57,1,1
66785,72,74,-2,2
66786,87,83,4,4
66787,53,63,-10,10
66788,138,131,7,7
66789,98,103,-5,5
66790,81,81,0,0
66791,82,88,-6,6
66792,140,135,5,5
66793,92,93,-1,1
66794,116,113,3,3
66795,169,157,12,12
66796,76,84,-8,8
66797,70,72,-2,2
66798,206,180,26,26
66799,118,112,6,6
66800,82,89,-7,7
66801,143,138,5,5
66802,113,102,11,11
66803,82,81,1,1
66804,72,75,-3,3
66805,53,55,-2,2
66806,38,58,-20,20
66807,102,96,6,6
66808,98,99,-1,1
66809,60,69,-9,9
66810,133,122,11,11
66811,108,102,6,6
66812,103,97,6,6
66813,58,63,-5,5
66814,80,78,2,2
66815,72,75,-3,3
66816,103,97,6,6
66817,115,122,-7,7
66818,66,76,-10,10
66819,134,124,10,10
66820,129,121,8,8
66821,82,85,-3,3
66822,92,91,1,1
66823,72,72,0,0
66824,156,146,10,10
66825,97,99,-2,2
66826,80,83,-3,3
66827,110,95,15,15
66828,112,101,11,11
66829,73,71,2,2
66830,93,98,-5,5
66831,84,97,-13,13
66832,69,65,4,4
66833,63,76,-13,13
66834,97,95,2,2
66835,51,66,-15,15
66836,117,114,3,3
66837,102,112,-10,10
66838,63,67,-4,4
66839,90,112,-22,22
66840,75,73,2,2
66841,31,78,-47,47
66842,118,119,-1,1
66843,110,123,-13,13
66844,126,121,5,5
66845,132,133,-1,1
66846,94,86,8,8
66847,55,69,-14,14
66848,119,109,10,10
66849,47,54,-7,7
66850,152,134,18,18
66851,38,57,-19,19
66852,96,109,-13,13
66853,79,71,8,8
66854,63,62,1,1
66855,120,115,5,5
66856,97,90,7,7
66857,65,66,-1,1
66858,108,104,4,4
66859,146,143,3,3
66860,99,102,-3,3
66861,50,55,-5,5
66862,98,98,0,0
66863,61,60,1,1
66864,67,71,-4,4
66865,102,98,4,4
66866,98,95,3,3
66867,127,120,7,7
66868,134,126,8,8
66869,107,102,5,5
66870,62,66,-4,4
66871,83,81,2,2
66872,41,43,-2,2
66873,65,76,-11,11
66874,73,76,-3,3
66875,81,78,3,3
66876,85,85,0,0
66877,85,76,9,9
66878,117,110,7,7
66879,128,132,-4,4
66880,89,90,-1,1
66881,42,45,-3,3
66882,125,140,-15,15
66883,68,70,-2,2
66884,72,78,-6,6
66885,96,96,0,0
66886,134,131,3,3
66887,122,119,3,3
66888,87,90,-3,3
66889,54,61,-7,7
66890,79,78,1,1
66891,148,131,17,17
66892,66,71,-5,5
66893,142,123,19,19
66894,106,97,9,9
66895,48,52,-4,4
66896,57,73,-16,16
66897,126,120,6,6
66898,51,60,-9,9
66899,109,119,-10,10
66900,106,107,-1,1
66901,102,101,1,1
66902,94,92,2,2
66903,112,109,3,3
66904,140,128,12,12
66905,117,114,3,3
66906,112,91,21,21
66907,49,69,-20,20
66908,156,144,12,12
66909,89,83,6,6
66910,74,78,-4,4
66911,67,75,-8,8
66912,70,84,-14,14
66913,93,98,-5,5
66914,93,94,-1,1
66915,101,103,-2,2
66916,76,87,-11,11
66917,67,71,-4,4
66918,106,103,3,3
66919,72,79,-7,7
66920,65,66,-1,1
66921,87,88,-1,1
66922,89,88,1,1
66923,257,262,-5,5
66924,175,169,6,6
66925,69,66,3,3
66926,76,70,6,6
66927,65,64,1,1
66928,153,144,9,9
66929,68,72,-4,4
66930,116,104,12,12
66931,114,121,-7,7
66932,76,79,-3,3
66933,65,64,1,1
66934,104,98,6,6
66935,148,136,12,12
66936,43,50,-7,7
66937,90,91,-1,1
66938,99,97,2,2
66939,128,130,-2,2
66940,110,109,1,1
66941,42,57,-15,15
66942,120,118,2,2
66943,135,109,26,26
66944,134,135,-1,1
66945,116,119,-3,3
66946,138,121,17,17
66947,125,115,10,10
66948,43,51,-8,8
66949,89,81,8,8
66950,126,107,19,19
66951,90,85,5,5
66952,77,80,-3,3
66953,91,92,-1,1
66954,120,109,11,11
66955,63,65,-2,2
66956,88,86,2,2
66957,50,57,-7,7
66958,110,108,2,2
66959,71,67,4,4
66960,81,79,2,2
66961,120,112,8,8
66962,94,93,1,1
66963,51,62,-11,11
66964,84,90,-6,6
66965,96,95,1,1
66966,179,159,20,20
66967,57,60,-3,3
66968,114,113,1,1
66969,111,114,-3,3
66970,111,104,7,7
66971,101,94,7,7
66972,53,54,-1,1
66973,97,97,0,0
66974,98,96,2,2
66975,50,57,-7,7
66976,82,84,-2,2
66977,108,101,7,7
66978,59,65,-6,6
66979,69,70,-1,1
66980,68,70,-2,2
66981,69,76,-7,7
66982,73,77,-4,4
66983,28,38,-10,10
66984,75,75,0,0
66985,68,69,-1,1
66986,110,111,-1,1
66987,99,103,-4,4
66988,72,75,-3,3
66989,74,76,-2,2
66990,70,76,-6,6
66991,109,98,11,11
66992,191,181,10,10
66993,54,58,-4,4
66994,119,117,2,2
66995,76,76,0,0
66996,174,162,12,12
66997,87,86,1,1
66998,88,86,2,2
66999,53,57,-4,4
67000,75,78,-3,3
67001,68,66,2,2
67002,118,119,-1,1
67003,114,107,7,7
67004,101,101,0,0
67005,102,101,1,1
67006,82,85,-3,3
67007,100,104,-4,4
67008,134,129,5,5
67009,140,142,-2,2
67010,109,114,-5,5
67011,124,122,2,2
67012,157,129,28,28
67013,67,64,3,3
67014,117,114,3,3
67015,64,64,0,0
67016,89,97,-8,8
67017,52,51,1,1
67018,126,121,5,5
67019,99,99,0,0
67020,82,81,1,1
67021,96,81,15,15
67022,85,79,6,6
67023,68,81,-13,13
67024,132,120,12,12
67025,148,139,9,9
67026,56,59,-3,3
67027,173,170,3,3
67028,115,119,-4,4
67029,99,98,1,1
67030,115,121,-6,6
67031,71,73,-2,2
67032,141,134,7,7
67033,111,105,6,6
67034,53,60,-7,7
67035,279,214,65,65
67036,101,90,11,11
67037,93,92,1,1
67038,71,69,2,2
67039,163,155,8,8
67040,52,52,0,0
67041,109,109,0,0
67042,80,91,-11,11
67043,72,107,-35,35
67044,72,70,2,2
67045,87,85,2,2
67046,82,87,-5,5
67047,74,75,-1,1
67048,156,143,13,13
67049,133,123,10,10
67050,123,113,10,10
67051,63,64,-1,1
67052,70,75,-5,5
67053,40,46,-6,6
67054,76,87,-11,11
67055,201,194,7,7
67056,76,85,-9,9
67057,109,113,-4,4
67058,116,115,1,1
67059,45,49,-4,4
67060,59,61,-2,2
67061,104,93,11,11
67062,122,142,-20,20
67063,108,95,13,13
67064,59,68,-9,9
67065,111,119,-8,8
67066,47,49,-2,2
67067,123,118,5,5
67068,127,114,13,13
67069,98,95,3,3
67070,90,90,0,0
67071,70,76,-6,6
67072,102,99,3,3
67073,101,98,3,3
67074,72,91,-19,19
67075,86,101,-15,15
67076,77,79,-2,2
67077,175,151,24,24
67078,85,89,-4,4
67079,109,102,7,7
67080,143,130,13,13
67081,79,86,-7,7
67082,81,84,-3,3
67083,110,100,10,10
67084,68,78,-10,10
67085,107,104,3,3
67086,115,111,4,4
67087,120,120,0,0
67088,67,71,-4,4
67089,95,91,4,4
67090,116,112,4,4
67091,83,87,-4,4
67092,97,87,10,10
67093,85,89,-4,4
67094,91,100,-9,9
67095,147,136,11,11
67096,60,70,-10,10
67097,104,97,7,7
67098,99,98,1,1
67099,142,130,12,12
67100,65,69,-4,4
67101,58,63,-5,5
67102,81,90,-9,9
67103,85,84,1,1
67104,158,148,10,10
67105,57,60,-3,3
67106,32,43,-11,11
67107,161,148,13,13
67108,139,132,7,7
67109,123,120,3,3
67110,141,140,1,1
67111,127,125,2,2
67112,65,69,-4,4
67113,177,159,18,18
67114,131,126,5,5
67115,140,131,9,9
67116,51,58,-7,7
67117,85,90,-5,5
67118,75,76,-1,1
67119,103,99,4,4
67120,155,131,24,24
67121,85,80,5,5
67122,72,73,-1,1
67123,80,70,10,10
67124,62,66,-4,4
67125,58,64,-6,6
67126,53,62,-9,9
67127,76,89,-13,13
67128,117,117,0,0
67129,75,72,3,3
67130,138,126,12,12
67131,82,78,4,4
67132,79,81,-2,2
67133,83,93,-10,10
67134,79,75,4,4
67135,141,128,13,13
67136,76,71,5,5
67137,165,154,11,11
67138,150,147,3,3
67139,65,66,-1,1
67140,37,46,-9,9
67141,55,59,-4,4
67142,227,210,17,17
67143,82,86,-4,4
67144,70,72,-2,2
67145,57,61,-4,4
67146,73,68,5,5
67147,78,74,4,4
67148,58,63,-5,5
67149,87,84,3,3
67150,48,59,-11,11
67151,127,127,0,0
67152,65,61,4,4
67153,111,97,14,14
67154,74,76,-2,2
67155,103,96,7,7
67156,91,83,8,8
67157,188,198,-10,10
67158,98,112,-14,14
67159,86,87,-1,1
67160,68,65,3,3
67161,99,99,0,0
67162,68,70,-2,2
67163,87,84,3,3
67164,110,112,-2,2
67165,53,61,-8,8
67166,75,73,2,2
67167,113,109,4,4
67168,103,121,-18,18
67169,48,59,-11,11
67170,180,160,20,20
67171,67,77,-10,10
67172,69,74,-5,5
67173,114,118,-4,4
67174,82,76,6,6
67175,152,143,9,9
67176,108,108,0,0
67177,126,121,5,5
67178,126,128,-2,2
67179,68,72,-4,4
67180,111,106,5,5
67181,127,111,16,16
67182,106,100,6,6
67183,93,100,-7,7
67184,134,132,2,2
67185,65,72,-7,7
67186,129,116,13,13
67187,84,85,-1,1
67188,64,69,-5,5
67189,147,137,10,10
67190,123,117,6,6
67191,102,99,3,3
67192,66,64,2,2
67193,56,65,-9,9
67194,99,106,-7,7
67195,92,89,3,3
67196,96,97,-1,1
67197,125,131,-6,6
67198,85,84,1,1
67199,100,97,3,3
67200,77,83,-6,6
67201,69,70,-1,1
67202,95,97,-2,2
67203,87,84,3,3
67204,112,107,5,5
67205,124,120,4,4
67206,99,93,6,6
67207,65,65,0,0
67208,119,100,19,19
67209,66,70,-4,4
67210,89,84,5,5
67211,139,122,17,17
67212,111,100,11,11
67213,81,93,-12,12
67214,100,98,2,2
67215,82,78,4,4
67216,145,151,-6,6
67217,91,95,-4,4
67218,187,181,6,6
67219,84,87,-3,3
67220,45,54,-9,9
67221,116,117,-1,1
67222,69,71,-2,2
67223,80,85,-5,5
67224,44,44,0,0
67225,93,102,-9,9
67226,58,59,-1,1
67227,74,78,-4,4
67228,74,75,-1,1
67229,99,108,-9,9
67230,93,98,-5,5
67231,67,63,4,4
67232,108,109,-1,1
67233,108,112,-4,4
67234,116,101,15,15
67235,127,110,17,17
67236,98,95,3,3
67237,115,125,-10,10
67238,131,130,1,1
67239,185,173,12,12
67240,120,105,15,15
67241,75,78,-3,3
67242,165,135,30,30
67243,44,74,-30,30
67244,82,85,-3,3
67245,66,77,-11,11
67246,72,75,-3,3
67247,137,127,10,10
67248,66,71,-5,5
67249,79,96,-17,17
67250,48,58,-10,10
67251,76,76,0,0
67252,87,84,3,3
67253,90,80,10,10
67254,67,71,-4,4
67255,139,134,5,5
67256,52,59,-7,7
67257,97,89,8,8
67258,135,127,8,8
67259,60,55,5,5
67260,65,69,-4,4
67261,61,58,3,3
67262,175,156,19,19
67263,146,125,21,21
67264,64,74,-10,10
67265,122,119,3,3
67266,66,69,-3,3
67267,62,63,-1,1
67268,97,100,-3,3
67269,117,118,-1,1
67270,72,76,-4,4
67271,66,81,-15,15
67272,147,131,16,16
67273,139,124,15,15
67274,143,145,-2,2
67275,106,106,0,0
67276,81,94,-13,13
67277,85,77,8,8
67278,112,102,10,10
67279,74,85,-11,11
67280,157,146,11,11
67281,76,71,5,5
67282,69,68,1,1
67283,133,122,11,11
67284,79,89,-10,10
67285,58,63,-5,5
67286,111,113,-2,2
67287,195,176,19,19
67288,129,112,17,17
67289,58,65,-7,7
67290,101,108,-7,7
67291,186,176,10,10
67292,76,70,6,6
67293,72,73,-1,1
67294,100,103,-3,3
67295,60,65,-5,5
67296,59,67,-8,8
67297,118,113,5,5
67298,195,170,25,25
67299,92,85,7,7
67300,245,239,6,6
67301,102,111,-9,9
67302,84,86,-2,2
67303,95,94,1,1
67304,126,117,9,9
67305,101,94,7,7
67306,192,168,24,24
67307,118,115,3,3
67308,72,83,-11,11
67309,66,70,-4,4
67310,72,75,-3,3
67311,75,76,-1,1
67312,47,53,-6,6
67313,53,59,-6,6
67314,75,83,-8,8
67315,77,91,-14,14
67316,133,132,1,1
67317,66,68,-2,2
67318,122,122,0,0
67319,151,146,5,5
67320,95,112,-17,17
67321,70,79,-9,9
67322,66,68,-2,2
67323,101,97,4,4
67324,92,90,2,2
67325,94,89,5,5
67326,80,74,6,6
67327,86,91,-5,5
67328,99,95,4,4
67329,167,146,21,21
67330,104,97,7,7
67331,92,85,7,7
67332,82,93,-11,11
67333,93,90,3,3
67334,57,60,-3,3
67335,80,79,1,1
67336,154,132,22,22
67337,92,90,2,2
67338,121,107,14,14
67339,90,99,-9,9
67340,94,95,-1,1
67341,100,99,1,1
67342,55,64,-9,9
67343,179,170,9,9
67344,157,142,15,15
67345,58,72,-14,14
67346,94,104,-10,10
67347,85,83,2,2
67348,55,65,-10,10
67349,72,65,7,7
67350,114,111,3,3
67351,99,99,0,0
67352,75,69,6,6
67353,45,50,-5,5
67354,58,60,-2,2
67355,110,106,4,4
67356,69,77,-8,8
67357,68,68,0,0
67358,102,96,6,6
67359,77,86,-9,9
67360,85,82,3,3
67361,112,113,-1,1
67362,40,45,-5,5
67363,73,77,-4,4
67364,76,83,-7,7
67365,65,67,-2,2
67366,72,86,-14,14
67367,89,112,-23,23
67368,110,113,-3,3
67369,91,91,0,0
67370,59,86,-27,27
67371,90,83,7,7
67372,84,87,-3,3
67373,130,119,11,11
67374,63,62,1,1
67375,63,67,-4,4
67376,87,85,2,2
67377,106,112,-6,6
67378,145,131,14,14
67379,128,128,0,0
67380,81,84,-3,3
67381,111,100,11,11
67382,76,84,-8,8
67383,53,64,-11,11
67384,82,78,4,4
67385,100,100,0,0
67386,74,83,-9,9
67387,105,105,0,0
67388,58,62,-4,4
67389,102,103,-1,1
67390,113,103,10,10
67391,99,102,-3,3
67392,113,108,5,5
67393,55,58,-3,3
67394,98,89,9,9
67395,108,112,-4,4
67396,54,56,-2,2
67397,99,95,4,4
67398,78,81,-3,3
67399,68,56,12,12
67400,45,50,-5,5
67401,71,77,-6,6
67402,216,181,35,35
67403,103,100,3,3
67404,77,79,-2,2
67405,64,68,-4,4
67406,108,107,1,1
67407,106,85,21,21
67408,124,107,17,17
67409,71,75,-4,4
67410,91,83,8,8
67411,80,84,-4,4
67412,122,121,1,1
67413,105,104,1,1
67414,80,85,-5,5
67415,142,121,21,21
67416,64,92,-28,28
67417,95,77,18,18
67418,112,121,-9,9
67419,83,78,5,5
67420,147,139,8,8
67421,47,56,-9,9
67422,80,84,-4,4
67423,104,109,-5,5
67424,71,76,-5,5
67425,67,68,-1,1
67426,69,76,-7,7
67427,82,85,-3,3
67428,85,80,5,5
67429,144,138,6,6
67430,81,87,-6,6
67431,141,137,4,4
67432,86,82,4,4
67433,176,168,8,8
67434,74,68,6,6
67435,91,89,2,2
67436,102,86,16,16
67437,74,71,3,3
67438,97,93,4,4
67439,60,65,-5,5
67440,97,97,0,0
67441,119,113,6,6
67442,97,98,-1,1
67443,70,75,-5,5
67444,102,96,6,6
67445,61,69,-8,8
67446,86,75,11,11
67447,45,50,-5,5
67448,51,58,-7,7
67449,130,131,-1,1
67450,74,80,-6,6
67451,78,84,-6,6
67452,163,157,6,6
67453,52,65,-13,13
67454,99,102,-3,3
67455,84,89,-5,5
67456,109,101,8,8
67457,84,84,0,0
67458,88,98,-10,10
67459,117,111,6,6
67460,186,167,19,19
67461,55,57,-2,2
67462,65,80,-15,15
67463,119,130,-11,11
67464,71,74,-3,3
67465,87,83,4,4
67466,51,62,-11,11
67467,46,53,-7,7
67468,61,65,-4,4
67469,103,94,9,9
67470,84,83,1,1
67471,56,61,-5,5
67472,73,77,-4,4
67473,84,79,5,5
67474,127,110,17,17
67475,178,173,5,5
67476,71,74,-3,3
67477,107,101,6,6
67478,111,101,10,10
67479,69,74,-5,5
67480,94,97,-3,3
67481,45,57,-12,12
67482,94,97,-3,3
67483,120,121,-1,1
67484,63,68,-5,5
67485,78,73,5,5
67486,40,50,-10,10
67487,114,107,7,7
67488,112,105,7,7
67489,152,144,8,8
67490,184,153,31,31
67491,84,84,0,0
67492,122,111,11,11
67493,108,100,8,8
67494,64,68,-4,4
67495,114,109,5,5
67496,143,136,7,7
67497,97,90,7,7
67498,99,95,4,4
67499,145,149,-4,4
67500,63,66,-3,3
67501,111,112,-1,1
67502,68,74,-6,6
67503,108,118,-10,10
67504,94,81,13,13
67505,77,78,-1,1
67506,49,61,-12,12
67507,82,81,1,1
67508,66,66,0,0
67509,74,70,4,4
67510,142,144,-2,2
67511,82,88,-6,6
67512,87,81,6,6
67513,78,81,-3,3
67514,58,67,-9,9
67515,108,102,6,6
67516,50,81,-31,31
67517,170,157,13,13
67518,74,78,-4,4
67519,102,101,1,1
67520,95,94,1,1
67521,90,84,6,6
67522,118,112,6,6
67523,70,69,1,1
67524,111,109,2,2
67525,96,103,-7,7
67526,81,84,-3,3
67527,110,103,7,7
67528,94,89,5,5
67529,99,104,-5,5
67530,107,108,-1,1
67531,129,133,-4,4
67532,135,122,13,13
67533,123,112,11,11
67534,67,71,-4,4
67535,79,83,-4,4
67536,91,97,-6,6
67537,72,73,-1,1
67538,150,151,-1,1
67539,117,123,-6,6
67540,60,68,-8,8
67541,102,105,-3,3
67542,32,50,-18,18
67543,65,69,-4,4
67544,163,146,17,17
67545,99,98,1,1
67546,76,76,0,0
67547,146,128,18,18
67548,137,124,13,13
67549,131,126,5,5
67550,152,138,14,14
67551,93,105,-12,12
67552,78,78,0,0
67553,83,79,4,4
67554,109,97,12,12
67555,134,134,0,0
67556,56,73,-17,17
67557,82,78,4,4
67558,50,47,3,3
67559,104,102,2,2
67560,78,81,-3,3
67561,60,64,-4,4
67562,137,124,13,13
67563,64,63,1,1
67564,144,140,4,4
67565,49,54,-5,5
67566,104,100,4,4
67567,66,68,-2,2
67568,71,71,0,0
67569,128,121,7,7
67570,84,106,-22,22
67571,141,139,2,2
67572,97,90,7,7
67573,52,51,1,1
67574,74,74,0,0
67575,98,112,-14,14
67576,71,71,0,0
67577,56,60,-4,4
67578,71,77,-6,6
67579,123,113,10,10
67580,146,122,24,24
67581,77,77,0,0
67582,68,72,-4,4
67583,110,95,15,15
67584,85,86,-1,1
67585,162,128,34,34
67586,105,95,10,10
67587,68,69,-1,1
67588,100,91,9,9
67589,103,97,6,6
67590,121,110,11,11
67591,96,85,11,11
67592,199,169,30,30
67593,83,85,-2,2
67594,91,91,0,0
67595,61,67,-6,6
67596,103,108,-5,5
67597,95,97,-2,2
67598,68,70,-2,2
67599,94,90,4,4
67600,54,58,-4,4
67601,160,132,28,28
67602,123,112,11,11
67603,154,137,17,17
67604,48,58,-10,10
67605,66,72,-6,6
67606,81,78,3,3
67607,56,63,-7,7
67608,160,136,24,24
67609,121,142,-21,21
67610,103,91,12,12
67611,126,114,12,12
67612,82,79,3,3
67613,63,75,-12,12
67614,88,90,-2,2
67615,111,117,-6,6
67616,139,130,9,9
67617,103,99,4,4
67618,74,77,-3,3
67619,133,119,14,14
67620,49,58,-9,9
67621,93,92,1,1
67622,86,88,-2,2
67623,77,73,4,4
67624,56,73,-17,17
67625,66,66,0,0
67626,132,123,9,9
67627,149,129,20,20
67628,39,44,-5,5
67629,117,113,4,4
67630,98,96,2,2
67631,59,61,-2,2
67632,146,141,5,5
67633,106,94,12,12
67634,63,70,-7,7
67635,90,92,-2,2
67636,73,76,-3,3
67637,80,77,3,3
67638,89,86,3,3
67639,88,88,0,0
67640,51,54,-3,3
67641,85,84,1,1
67642,106,125,-19,19
67643,136,125,11,11
67644,46,51,-5,5
67645,107,110,-3,3
67646,154,150,4,4
67647,109,105,4,4
67648,79,77,2,2
67649,94,84,10,10
67650,64,66,-2,2
67651,63,61,2,2
67652,62,61,1,1
67653,58,65,-7,7
67654,48,53,-5,5
67655,67,73,-6,6
67656,74,73,1,1
67657,94,93,1,1
67658,75,73,2,2
67659,158,139,19,19
67660,134,123,11,11
67661,189,167,22,22
67662,62,70,-8,8
67663,73,74,-1,1
67664,89,93,-4,4
67665,42,44,-2,2
67666,129,114,15,15
67667,65,72,-7,7
67668,49,55,-6,6
67669,163,150,13,13
67670,93,93,0,0
67671,185,165,20,20
67672,91,92,-1,1
67673,43,51,-8,8
67674,163,157,6,6
67675,65,70,-5,5
67676,49,46,3,3
67677,62,65,-3,3
67678,123,130,-7,7
67679,78,83,-5,5
67680,144,126,18,18
67681,75,100,-25,25
67682,83,83,0,0
67683,122,111,11,11
67684,92,91,1,1
67685,101,99,2,2
67686,75,87,-12,12
67687,130,113,17,17
67688,160,150,10,10
67689,58,63,-5,5
67690,154,143,11,11
67691,101,94,7,7
67692,54,66,-12,12
67693,177,167,10,10
67694,198,175,23,23
67695,98,106,-8,8
67696,87,98,-11,11
67697,116,111,5,5
67698,63,62,1,1
67699,95,91,4,4
67700,57,58,-1,1
67701,64,61,3,3
67702,69,64,5,5
67703,79,78,1,1
67704,89,99,-10,10
67705,53,58,-5,5
67706,94,98,-4,4
67707,85,96,-11,11
67708,85,86,-1,1
67709,80,93,-13,13
67710,80,92,-12,12
67711,95,92,3,3
67712,95,92,3,3
67713,72,75,-3,3
67714,59,66,-7,7
67715,122,106,16,16
67716,76,75,1,1
67717,103,92,11,11
67718,80,84,-4,4
67719,84,85,-1,1
67720,108,105,3,3
67721,94,92,2,2
67722,128,125,3,3
67723,121,120,1,1
67724,156,133,23,23
67725,120,113,7,7
67726,97,97,0,0
67727,87,98,-11,11
67728,116,108,8,8
67729,48,51,-3,3
67730,139,133,6,6
67731,93,88,5,5
67732,184,182,2,2
67733,62,60,2,2
67734,116,118,-2,2
67735,114,105,9,9
67736,104,99,5,5
67737,94,103,-9,9
67738,169,154,15,15
67739,89,98,-9,9
67740,91,97,-6,6
67741,97,101,-4,4
67742,111,112,-1,1
67743,69,69,0,0
67744,120,113,7,7
67745,105,123,-18,18
67746,99,98,1,1
67747,37,68,-31,31
67748,105,93,12,12
67749,69,71,-2,2
67750,67,67,0,0
67751,31,45,-14,14
67752,60,66,-6,6
67753,90,96,-6,6
67754,74,74,0,0
67755,123,113,10,10
67756,97,98,-1,1
67757,55,55,0,0
67758,127,122,5,5
67759,122,120,2,2
67760,103,104,-1,1
67761,141,137,4,4
67762,67,68,-1,1
67763,113,114,-1,1
67764,135,131,4,4
67765,203,179,24,24
67766,88,89,-1,1
67767,94,101,-7,7
67768,103,101,2,2
67769,86,85,1,1
67770,143,144,-1,1
67771,52,54,-2,2
67772,75,85,-10,10
67773,114,114,0,0
67774,92,84,8,8
67775,113,112,1,1
67776,123,119,4,4
67777,68,78,-10,10
67778,86,98,-12,12
67779,27,42,-15,15
67780,126,126,0,0
67781,89,85,4,4
67782,113,100,13,13
67783,106,99,7,7
67784,90,85,5,5
67785,82,75,7,7
67786,88,92,-4,4
67787,97,94,3,3
67788,141,127,14,14
67789,123,107,16,16
67790,188,190,-2,2
67791,108,107,1,1
67792,73,73,0,0
67793,104,104,0,0
67794,87,92,-5,5
67795,78,79,-1,1
67796,75,71,4,4
67797,153,141,12,12
67798,74,68,6,6
67799,129,113,16,16
67800,117,108,9,9
67801,82,86,-4,4
67802,103,99,4,4
67803,93,83,10,10
67804,89,90,-1,1
67805,44,58,-14,14
67806,76,77,-1,1
67807,79,93,-14,14
67808,87,91,-4,4
67809,38,44,-6,6
67810,120,113,7,7
67811,88,91,-3,3
67812,155,134,21,21
67813,120,107,13,13
67814,89,83,6,6
67815,100,94,6,6
67816,66,65,1,1
67817,85,94,-9,9
67818,90,77,13,13
67819,126,118,8,8
67820,153,127,26,26
67821,83,80,3,3
67822,113,104,9,9
67823,88,94,-6,6
67824,152,149,3,3
67825,104,96,8,8
67826,75,73,2,2
67827,48,50,-2,2
67828,127,119,8,8
67829,79,75,4,4
67830,117,114,3,3
67831,63,69,-6,6
67832,113,115,-2,2
67833,143,154,-11,11
67834,110,105,5,5
67835,75,87,-12,12
67836,48,57,-9,9
67837,64,94,-30,30
67838,99,101,-2,2
67839,91,87,4,4
67840,111,100,11,11
67841,89,89,0,0
67842,141,130,11,11
67843,101,93,8,8
67844,74,75,-1,1
67845,124,109,15,15
67846,115,122,-7,7
67847,94,103,-9,9
67848,110,112,-2,2
67849,70,73,-3,3
67850,89,97,-8,8
67851,53,59,-6,6
67852,85,95,-10,10
67853,166,147,19,19
67854,77,73,4,4
67855,76,73,3,3
67856,137,144,-7,7
67857,79,83,-4,4
67858,144,121,23,23
67859,57,53,4,4
67860,102,103,-1,1
67861,77,79,-2,2
67862,105,110,-5,5
67863,99,94,5,5
67864,40,46,-6,6
67865,96,92,4,4
67866,99,100,-1,1
67867,69,68,1,1
67868,111,102,9,9
67869,119,123,-4,4
67870,152,141,11,11
67871,138,127,11,11
67872,146,149,-3,3
67873,79,99,-20,20
67874,113,106,7,7
67875,65,74,-9,9
67876,135,121,14,14
67877,58,47,11,11
67878,68,76,-8,8
67879,103,95,8,8
67880,110,113,-3,3
67881,57,64,-7,7
67882,191,167,24,24
67883,87,83,4,4
67884,130,118,12,12
67885,94,95,-1,1
67886,101,110,-9,9
67887,52,52,0,0
67888,134,129,5,5
67889,75,73,2,2
67890,91,95,-4,4
67891,109,108,1,1
67892,96,91,5,5
67893,55,60,-5,5
67894,114,107,7,7
67895,159,143,16,16
67896,74,73,1,1
67897,89,96,-7,7
67898,45,56,-11,11
67899,50,73,-23,23
67900,78,74,4,4
67901,136,139,-3,3
67902,81,81,0,0
67903,104,93,11,11
67904,42,48,-6,6
67905,45,49,-4,4
67906,91,78,13,13
67907,81,84,-3,3
67908,73,76,-3,3
67909,163,148,15,15
67910,62,62,0,0
67911,62,78,-16,16
67912,117,101,16,16
67913,91,96,-5,5
67914,81,91,-10,10
67915,183,154,29,29
67916,115,113,2,2
67917,45,48,-3,3
67918,67,73,-6,6
67919,73,70,3,3
67920,115,115,0,0
67921,143,132,11,11
67922,122,111,11,11
67923,158,135,23,23
67924,132,125,7,7
67925,56,63,-7,7
67926,138,136,2,2
67927,128,112,16,16
67928,170,149,21,21
67929,101,98,3,3
67930,147,137,10,10
67931,116,117,-1,1
67932,97,112,-15,15
67933,116,118,-2,2
67934,73,73,0,0
67935,58,57,1,1
67936,99,93,6,6
67937,148,144,4,4
67938,56,59,-3,3
67939,144,142,2,2
67940,73,72,1,1
67941,124,129,-5,5
67942,58,87,-29,29
67943,72,75,-3,3
67944,57,58,-1,1
67945,77,69,8,8
67946,93,91,2,2
67947,136,128,8,8
67948,56,62,-6,6
67949,106,96,10,10
67950,68,67,1,1
67951,107,103,4,4
67952,137,127,10,10
67953,51,58,-7,7
67954,161,154,7,7
67955,75,76,-1,1
67956,207,178,29,29
67957,134,136,-2,2
67958,139,135,4,4
67959,85,86,-1,1
67960,64,67,-3,3
67961,57,63,-6,6
67962,87,85,2,2
67963,143,132,11,11
67964,89,93,-4,4
67965,78,74,4,4
67966,73,93,-20,20
67967,188,190,-2,2
67968,115,100,15,15
67969,119,96,23,23
67970,74,80,-6,6
67971,96,99,-3,3
67972,64,66,-2,2
67973,117,112,5,5
67974,127,129,-2,2
67975,70,77,-7,7
67976,97,105,-8,8
67977,163,137,26,26
67978,143,129,14,14
67979,69,79,-10,10
67980,98,105,-7,7
67981,87,87,0,0
67982,100,99,1,1
67983,111,122,-11,11
67984,129,132,-3,3
67985,94,84,10,10
67986,124,117,7,7
67987,70,77,-7,7
67988,64,65,-1,1
67989,131,120,11,11
67990,81,91,-10,10
67991,121,111,10,10
67992,139,127,12,12
67993,49,59,-10,10
67994,54,64,-10,10
67995,109,110,-1,1
67996,71,77,-6,6
67997,124,112,12,12
67998,110,99,11,11
67999,103,107,-4,4
68000,104,112,-8,8
68001,95,114,-19,19
68002,85,75,10,10
68003,83,78,5,5
68004,111,114,-3,3
68005,68,59,9,9
68006,76,74,2,2
68007,47,53,-6,6
68008,143,127,16,16
68009,64,68,-4,4
68010,102,101,1,1
68011,77,81,-4,4
68012,52,65,-13,13
68013,52,59,-7,7
68014,75,79,-4,4
68015,83,75,8,8
68016,70,68,2,2
68017,44,52,-8,8
68018,41,49,-8,8
68019,77,75,2,2
68020,53,55,-2,2
68021,132,131,1,1
68022,112,102,10,10
68023,81,76,5,5
68024,85,84,1,1
68025,90,94,-4,4
68026,51,57,-6,6
68027,55,65,-10,10
68028,45,64,-19,19
68029,52,57,-5,5
68030,98,98,0,0
68031,72,71,1,1
68032,239,221,18,18
68033,123,105,18,18
68034,164,146,18,18
68035,75,73,2,2
68036,145,139,6,6
68037,63,68,-5,5
68038,63,97,-34,34
68039,100,106,-6,6
68040,110,113,-3,3
68041,76,90,-14,14
68042,94,101,-7,7
68043,109,98,11,11
68044,59,70,-11,11
68045,140,148,-8,8
68046,83,77,6,6
68047,136,128,8,8
68048,50,55,-5,5
68049,85,78,7,7
68050,113,102,11,11
68051,49,60,-11,11
68052,98,83,15,15
68053,80,70,10,10
68054,95,96,-1,1
68055,129,129,0,0
68056,89,86,3,3
68057,115,108,7,7
68058,73,79,-6,6
68059,75,84,-9,9
68060,168,152,16,16
68061,52,59,-7,7
68062,76,73,3,3
68063,104,100,4,4
68064,124,111,13,13
68065,113,112,1,1
68066,80,75,5,5
68067,79,99,-20,20
68068,89,83,6,6
68069,90,78,12,12
68070,46,56,-10,10
68071,80,75,5,5
68072,108,120,-12,12
68073,46,51,-5,5
68074,106,97,9,9
68075,139,131,8,8
68076,99,101,-2,2
68077,50,54,-4,4
68078,65,65,0,0
68079,69,72,-3,3
68080,125,119,6,6
68081,97,98,-1,1
68082,84,89,-5,5
68083,114,119,-5,5
68084,39,41,-2,2
68085,106,100,6,6
68086,88,93,-5,5
68087,80,85,-5,5
68088,178,156,22,22
68089,104,112,-8,8
68090,76,73,3,3
68091,108,99,9,9
68092,82,92,-10,10
68093,44,48,-4,4
68094,67,66,1,1
68095,69,76,-7,7
68096,69,64,5,5
68097,112,104,8,8
68098,151,131,20,20
68099,47,54,-7,7
68100,70,70,0,0
68101,86,84,2,2
68102,95,96,-1,1
68103,68,74,-6,6
68104,44,52,-8,8
68105,70,75,-5,5
68106,132,123,9,9
68107,66,69,-3,3
68108,104,101,3,3
68109,155,148,7,7
68110,136,129,7,7
68111,74,74,0,0
68112,109,107,2,2
68113,88,94,-6,6
68114,156,159,-3,3
68115,153,150,3,3
68116,83,74,9,9
68117,88,79,9,9
68118,167,171,-4,4
68119,44,50,-6,6
68120,124,109,15,15
68121,71,69,2,2
68122,131,113,18,18
68123,94,85,9,9
68124,64,68,-4,4
68125,81,80,1,1
68126,69,68,1,1
68127,52,56,-4,4
68128,84,83,1,1
68129,59,64,-5,5
68130,117,114,3,3
68131,115,107,8,8
68132,86,89,-3,3
68133,111,105,6,6
68134,69,75,-6,6
68135,119,112,7,7
68136,73,72,1,1
68137,81,78,3,3
68138,79,89,-10,10
68139,89,101,-12,12
68140,51,56,-5,5
68141,63,67,-4,4
68142,87,91,-4,4
68143,116,110,6,6
68144,115,105,10,10
68145,111,113,-2,2
68146,38,45,-7,7
68147,130,134,-4,4
68148,100,92,8,8
68149,60,59,1,1
68150,91,84,7,7
68151,67,69,-2,2
68152,73,69,4,4
68153,152,146,6,6
68154,199,179,20,20
68155,156,144,12,12
68156,61,67,-6,6
68157,109,96,13,13
68158,69,72,-3,3
68159,87,88,-1,1
68160,65,68,-3,3
68161,83,87,-4,4
68162,94,97,-3,3
68163,104,90,14,14
68164,72,77,-5,5
68165,74,89,-15,15
68166,93,82,11,11
68167,88,87,1,1
68168,88,78,10,10
68169,75,85,-10,10
68170,102,103,-1,1
68171,72,73,-1,1
68172,95,83,12,12
68173,98,95,3,3
68174,86,86,0,0
68175,91,105,-14,14
68176,67,69,-2,2
68177,73,77,-4,4
68178,129,128,1,1
68179,64,64,0,0
68180,94,97,-3,3
68181,123,112,11,11
68182,89,89,0,0
68183,45,56,-11,11
68184,95,93,2,2
68185,77,76,1,1
68186,61,69,-8,8
68187,151,150,1,1
68188,53,58,-5,5
68189,109,101,8,8
68190,84,89,-5,5
68191,86,92,-6,6
68192,105,103,2,2
68193,107,116,-9,9
68194,97,102,-5,5
68195,41,46,-5,5
68196,69,74,-5,5
68197,111,84,27,27
68198,40,48,-8,8
68199,140,133,7,7
68200,65,71,-6,6
68201,149,122,27,27
68202,46,49,-3,3
68203,103,100,3,3
68204,80,83,-3,3
68205,41,47,-6,6
68206,97,125,-28,28
68207,65,65,0,0
68208,124,139,-15,15
68209,65,69,-4,4
68210,85,82,3,3
68211,151,143,8,8
68212,75,73,2,2
68213,92,95,-3,3
68214,96,93,3,3
68215,120,121,-1,1
68216,71,71,0,0
68217,77,78,-1,1
68218,84,95,-11,11
68219,100,107,-7,7
68220,105,114,-9,9
68221,123,112,11,11
68222,53,61,-8,8
68223,178,171,7,7
68224,99,97,2,2
68225,64,67,-3,3
68226,78,85,-7,7
68227,108,103,5,5
68228,77,77,0,0
68229,157,142,15,15
68230,72,80,-8,8
68231,68,72,-4,4
68232,87,81,6,6
68233,70,75,-5,5
68234,52,59,-7,7
68235,85,78,7,7
68236,100,104,-4,4
68237,71,70,1,1
68238,109,114,-5,5
68239,154,158,-4,4
68240,96,76,20,20
68241,78,89,-11,11
68242,82,93,-11,11
68243,114,111,3,3
68244,103,107,-4,4
68245,118,120,-2,2
68246,87,92,-5,5
68247,121,125,-4,4
68248,94,94,0,0
68249,62,60,2,2
68250,89,89,0,0
68251,105,99,6,6
68252,85,77,8,8
68253,79,89,-10,10
68254,86,85,1,1
68255,100,100,0,0
68256,104,99,5,5
68257,83,80,3,3
68258,90,84,6,6
68259,112,126,-14,14
68260,69,74,-5,5
68261,121,101,20,20
68262,84,91,-7,7
68263,87,85,2,2
68264,92,94,-2,2
68265,147,142,5,5
68266,86,90,-4,4
68267,89,84,5,5
68268,52,69,-17,17
68269,110,105,5,5
68270,145,135,10,10
68271,87,86,1,1
68272,107,92,15,15
68273,145,117,28,28
68274,55,60,-5,5
68275,51,63,-12,12
68276,95,96,-1,1
68277,101,97,4,4
68278,72,70,2,2
68279,90,87,3,3
68280,91,77,14,14
68281,94,97,-3,3
68282,60,68,-8,8
68283,59,60,-1,1
68284,96,89,7,7
68285,55,59,-4,4
68286,101,90,11,11
68287,95,100,-5,5
68288,113,106,7,7
68289,77,74,3,3
68290,114,122,-8,8
68291,101,110,-9,9
68292,100,106,-6,6
68293,64,68,-4,4
68294,100,94,6,6
68295,158,137,21,21
68296,81,83,-2,2
68297,62,66,-4,4
68298,136,128,8,8
68299,156,148,8,8
68300,160,142,18,18
68301,128,127,1,1
68302,49,52,-3,3
68303,135,122,13,13
68304,81,85,-4,4
68305,85,85,0,0
68306,74,70,4,4
68307,141,127,14,14
68308,98,97,1,1
68309,140,130,10,10
68310,102,95,7,7
68311,91,100,-9,9
68312,68,68,0,0
68313,117,107,10,10
68314,57,56,1,1
68315,70,71,-1,1
68316,203,166,37,37
68317,96,111,-15,15
68318,128,126,2,2
68319,81,75,6,6
68320,81,96,-15,15
68321,66,63,3,3
68322,128,123,5,5
68323,150,138,12,12
68324,79,87,-8,8
68325,68,73,-5,5
68326,57,64,-7,7
68327,63,75,-12,12
68328,110,110,0,0
68329,84,82,2,2
68330,84,73,11,11
68331,59,65,-6,6
68332,101,90,11,11
68333,73,76,-3,3
68334,82,86,-4,4
68335,163,152,11,11
68336,113,112,1,1
68337,95,76,19,19
68338,73,76,-3,3
68339,83,83,0,0
68340,114,112,2,2
68341,136,115,21,21
68342,86,83,3,3
68343,81,79,2,2
68344,108,114,-6,6
68345,149,149,0,0
68346,101,100,1,1
68347,78,83,-5,5
68348,126,112,14,14
68349,122,129,-7,7
68350,112,104,8,8
68351,67,65,2,2
68352,62,63,-1,1
68353,112,112,0,0
68354,171,152,19,19
68355,65,63,2,2
68356,97,90,7,7
68357,43,50,-7,7
68358,71,65,6,6
68359,71,70,1,1
68360,55,52,3,3
68361,72,86,-14,14
68362,85,84,1,1
68363,190,170,20,20
68364,97,98,-1,1
68365,100,99,1,1
68366,75,79,-4,4
68367,130,116,14,14
68368,60,63,-3,3
68369,105,101,4,4
68370,85,83,2,2
68371,89,92,-3,3
68372,93,94,-1,1
68373,39,64,-25,25
68374,74,67,7,7
68375,148,148,0,0
68376,136,123,13,13
68377,61,73,-12,12
68378,181,165,16,16
68379,99,94,5,5
68380,165,151,14,14
68381,97,95,2,2
68382,116,110,6,6
68383,105,112,-7,7
68384,50,50,0,0
68385,71,85,-14,14
68386,115,107,8,8
68387,61,60,1,1
68388,101,105,-4,4
68389,80,79,1,1
68390,100,104,-4,4
68391,79,94,-15,15
68392,121,114,7,7
68393,85,95,-10,10
68394,87,92,-5,5
68395,61,68,-7,7
68396,125,130,-5,5
68397,85,92,-7,7
68398,87,89,-2,2
68399,64,72,-8,8
68400,66,70,-4,4
68401,85,89,-4,4
68402,159,141,18,18
68403,132,136,-4,4
68404,96,100,-4,4
68405,100,110,-10,10
68406,76,74,2,2
68407,117,118,-1,1
68408,101,112,-11,11
68409,86,90,-4,4
68410,117,108,9,9
68411,96,93,3,3
68412,55,62,-7,7
68413,145,130,15,15
68414,68,77,-9,9
68415,71,69,2,2
68416,129,120,9,9
68417,121,119,2,2
68418,92,78,14,14
68419,57,63,-6,6
68420,50,51,-1,1
68421,56,63,-7,7
68422,52,58,-6,6
68423,61,63,-2,2
68424,164,146,18,18
68425,119,115,4,4
68426,85,78,7,7
68427,83,78,5,5
68428,149,140,9,9
68429,103,92,11,11
68430,61,54,7,7
68431,142,138,4,4
68432,80,88,-8,8
68433,49,57,-8,8
68434,109,99,10,10
68435,101,98,3,3
68436,77,78,-1,1
68437,160,162,-2,2
68438,108,113,-5,5
68439,137,132,5,5
68440,125,120,5,5
68441,76,76,0,0
68442,145,129,16,16
68443,86,94,-8,8
68444,131,122,9,9
68445,99,106,-7,7
68446,97,99,-2,2
68447,67,62,5,5
68448,107,124,-17,17
68449,87,84,3,3
68450,104,101,3,3
68451,77,74,3,3
68452,49,56,-7,7
68453,152,137,15,15
68454,138,129,9,9
68455,183,164,19,19
68456,53,61,-8,8
68457,100,99,1,1
68458,71,75,-4,4
68459,73,88,-15,15
68460,108,102,6,6
68461,85,92,-7,7
68462,72,74,-2,2
68463,92,91,1,1
68464,127,119,8,8
68465,61,81,-20,20
68466,86,97,-11,11
68467,56,58,-2,2
68468,104,96,8,8
68469,86,88,-2,2
68470,142,140,2,2
68471,78,87,-9,9
68472,96,86,10,10
68473,75,79,-4,4
68474,88,87,1,1
68475,69,71,-2,2
68476,62,66,-4,4
68477,107,104,3,3
68478,65,65,0,0
68479,129,133,-4,4
68480,86,93,-7,7
68481,77,70,7,7
68482,115,100,15,15
68483,87,85,2,2
68484,32,39,-7,7
68485,80,81,-1,1
68486,107,101,6,6
68487,112,125,-13,13
68488,83,85,-2,2
68489,89,93,-4,4
68490,65,66,-1,1
68491,63,68,-5,5
68492,56,63,-7,7
68493,99,87,12,12
68494,88,90,-2,2
68495,130,125,5,5
68496,59,65,-6,6
68497,157,124,33,33
68498,94,103,-9,9
68499,94,93,1,1
68500,61,67,-6,6
68501,98,101,-3,3
68502,98,95,3,3
68503,108,99,9,9
68504,122,114,8,8
68505,115,114,1,1
68506,49,56,-7,7
68507,79,83,-4,4
68508,96,98,-2,2
68509,81,91,-10,10
68510,54,58,-4,4
68511,70,75,-5,5
68512,141,129,12,12
68513,113,179,-66,66
68514,110,116,-6,6
68515,75,81,-6,6
68516,85,97,-12,12
68517,85,79,6,6
68518,105,104,1,1
68519,62,70,-8,8
68520,39,50,-11,11
68521,83,86,-3,3
68522,103,97,6,6
68523,69,73,-4,4
68524,103,101,2,2
68525,82,77,5,5
68526,98,95,3,3
68527,134,120,14,14
68528,51,63,-12,12
68529,98,95,3,3
68530,58,65,-7,7
68531,66,76,-10,10
68532,66,67,-1,1
68533,139,122,17,17
68534,182,166,16,16
68535,118,131,-13,13
68536,69,65,4,4
68537,61,71,-10,10
68538,101,94,7,7
68539,126,98,28,28
68540,87,89,-2,2
68541,53,57,-4,4
68542,83,72,11,11
68543,113,116,-3,3
68544,109,101,8,8
68545,60,63,-3,3
68546,113,112,1,1
68547,84,91,-7,7
68548,60,61,-1,1
68549,56,53,3,3
68550,52,56,-4,4
68551,111,103,8,8
68552,74,80,-6,6
68553,57,61,-4,4
68554,72,73,-1,1
68555,77,79,-2,2
68556,93,91,2,2
68557,167,143,24,24
68558,64,67,-3,3
68559,97,91,6,6
68560,106,109,-3,3
68561,165,146,19,19
68562,86,106,-20,20
68563,146,133,13,13
68564,98,96,2,2
68565,88,89,-1,1
68566,89,89,0,0
68567,99,96,3,3
68568,86,89,-3,3
68569,95,106,-11,11
68570,70,67,3,3
68571,91,97,-6,6
68572,98,95,3,3
68573,92,91,1,1
68574,103,99,4,4
68575,91,85,6,6
68576,58,71,-13,13
68577,61,67,-6,6
68578,53,57,-4,4
68579,83,83,0,0
68580,56,61,-5,5
68581,84,87,-3,3
68582,73,83,-10,10
68583,73,72,1,1
68584,81,80,1,1
68585,69,70,-1,1
68586,71,77,-6,6
68587,107,113,-6,6
68588,111,109,2,2
68589,107,100,7,7
68590,115,100,15,15
68591,75,77,-2,2
68592,129,114,15,15
68593,94,91,3,3
68594,52,56,-4,4
68595,146,141,5,5
68596,99,101,-2,2
68597,93,109,-16,16
68598,57,64,-7,7
68599,102,111,-9,9
68600,58,67,-9,9
68601,95,129,-34,34
68602,92,92,0,0
68603,99,94,5,5
68604,115,113,2,2
68605,77,75,2,2
68606,176,170,6,6
68607,97,101,-4,4
68608,153,131,22,22
68609,74,71,3,3
68610,182,155,27,27
68611,91,100,-9,9
68612,67,77,-10,10
68613,85,97,-12,12
68614,109,105,4,4
68615,113,105,8,8
68616,111,112,-1,1
68617,95,109,-14,14
68618,74,75,-1,1
68619,110,105,5,5
68620,58,59,-1,1
68621,135,126,9,9
68622,108,112,-4,4
68623,112,118,-6,6
68624,49,57,-8,8
68625,114,114,0,0
68626,57,61,-4,4
68627,74,71,3,3
68628,99,98,1,1
68629,96,94,2,2
68630,88,85,3,3
68631,79,89,-10,10
68632,82,70,12,12
68633,99,96,3,3
68634,116,109,7,7
68635,80,82,-2,2
68636,120,113,7,7
68637,70,67,3,3
68638,74,74,0,0
68639,55,67,-12,12
68640,97,95,2,2
68641,74,76,-2,2
68642,92,98,-6,6
68643,71,75,-4,4
68644,86,85,1,1
68645,66,65,1,1
68646,74,69,5,5
68647,90,84,6,6
68648,110,106,4,4
68649,94,94,0,0
68650,101,97,4,4
68651,115,114,1,1
68652,91,95,-4,4
68653,102,101,1,1
68654,116,121,-5,5
68655,130,124,6,6
68656,45,56,-11,11
68657,77,77,0,0
68658,117,126,-9,9
68659,109,107,2,2
68660,94,94,0,0
68661,130,118,12,12
68662,37,49,-12,12
68663,73,77,-4,4
68664,79,73,6,6
68665,80,90,-10,10
68666,143,122,21,21
68667,69,71,-2,2
68668,143,139,4,4
68669,105,104,1,1
68670,150,139,11,11
68671,94,90,4,4
68672,107,99,8,8
68673,64,65,-1,1
68674,154,131,23,23
68675,129,123,6,6
68676,118,111,7,7
68677,86,87,-1,1
68678,98,99,-1,1
68679,134,136,-2,2
68680,96,97,-1,1
68681,90,91,-1,1
68682,173,168,5,5
68683,83,86,-3,3
68684,168,160,8,8
68685,97,97,0,0
68686,88,88,0,0
68687,54,56,-2,2
68688,142,115,27,27
68689,152,138,14,14
68690,75,85,-10,10
68691,73,73,0,0
68692,170,173,-3,3
68693,82,83,-1,1
68694,103,111,-8,8
68695,135,119,16,16
68696,98,99,-1,1
68697,190,171,19,19
68698,110,97,13,13
68699,56,66,-10,10
68700,160,142,18,18
68701,86,100,-14,14
68702,105,104,1,1
68703,42,49,-7,7
68704,148,154,-6,6
68705,78,72,6,6
68706,108,110,-2,2
68707,81,79,2,2
68708,135,129,6,6
68709,84,93,-9,9
68710,115,113,2,2
68711,124,115,9,9
68712,67,77,-10,10
68713,97,95,2,2
68714,90,89,1,1
68715,158,144,14,14
68716,162,149,13,13
68717,165,158,7,7
68718,76,78,-2,2
68719,174,166,8,8
68720,125,117,8,8
68721,155,146,9,9
68722,80,88,-8,8
68723,150,150,0,0
68724,54,55,-1,1
68725,119,105,14,14
68726,83,75,8,8
68727,56,63,-7,7
68728,69,78,-9,9
68729,94,97,-3,3
68730,103,109,-6,6
68731,120,112,8,8
68732,119,128,-9,9
68733,92,92,0,0
68734,102,100,2,2
68735,75,76,-1,1
68736,64,66,-2,2
68737,175,158,17,17
68738,66,67,-1,1
68739,69,69,0,0
68740,66,67,-1,1
68741,42,50,-8,8
68742,222,204,18,18
68743,161,153,8,8
68744,139,121,18,18
68745,88,90,-2,2
68746,81,75,6,6
68747,160,158,2,2
68748,100,102,-2,2
68749,64,73,-9,9
68750,26,36,-10,10
68751,126,119,7,7
68752,49,52,-3,3
68753,101,99,2,2
68754,78,75,3,3
68755,82,83,-1,1
68756,68,69,-1,1
68757,90,92,-2,2
68758,78,78,0,0
68759,114,115,-1,1
68760,160,147,13,13
68761,108,104,4,4
68762,93,96,-3,3
68763,52,55,-3,3
68764,142,132,10,10
68765,151,152,-1,1
68766,118,119,-1,1
68767,90,89,1,1
68768,103,95,8,8
68769,126,119,7,7
68770,121,117,4,4
68771,111,113,-2,2
68772,87,87,0,0
68773,48,54,-6,6
68774,86,76,10,10
68775,60,108,-48,48
68776,162,138,24,24
68777,98,89,9,9
68778,134,129,5,5
68779,147,141,6,6
68780,113,114,-1,1
68781,79,75,4,4
68782,76,71,5,5
68783,72,80,-8,8
68784,59,68,-9,9
68785,151,139,12,12
68786,114,109,5,5
68787,71,75,-4,4
68788,146,137,9,9
68789,83,83,0,0
68790,65,65,0,0
68791,60,59,1,1
68792,113,98,15,15
68793,146,131,15,15
68794,103,108,-5,5
68795,123,112,11,11
68796,59,67,-8,8
68797,158,135,23,23
68798,114,102,12,12
68799,133,120,13,13
68800,151,139,12,12
68801,41,47,-6,6
68802,80,78,2,2
68803,71,69,2,2
68804,88,91,-3,3
68805,94,105,-11,11
68806,41,58,-17,17
68807,129,140,-11,11
68808,126,117,9,9
68809,132,113,19,19
68810,38,52,-14,14
68811,81,86,-5,5
68812,97,98,-1,1
68813,99,97,2,2
68814,159,151,8,8
68815,113,116,-3,3
68816,42,56,-14,14
68817,176,154,22,22
68818,96,86,10,10
68819,122,120,2,2
68820,134,134,0,0
68821,63,66,-3,3
68822,81,78,3,3
68823,94,98,-4,4
68824,122,114,8,8
68825,99,89,10,10
68826,103,107,-4,4
68827,77,100,-23,23
68828,90,99,-9,9
68829,139,120,19,19
68830,74,73,1,1
68831,83,84,-1,1
68832,84,86,-2,2
68833,108,99,9,9
68834,80,87,-7,7
68835,117,114,3,3
68836,81,77,4,4
68837,73,75,-2,2
68838,146,137,9,9
68839,83,86,-3,3
68840,71,70,1,1
68841,99,107,-8,8
68842,52,57,-5,5
68843,97,104,-7,7
68844,80,76,4,4
68845,112,109,3,3
68846,57,70,-13,13
68847,105,103,2,2
68848,145,146,-1,1
68849,104,92,12,12
68850,94,88,6,6
68851,109,111,-2,2
68852,73,73,0,0
68853,54,58,-4,4
68854,99,95,4,4
68855,204,184,20,20
68856,42,52,-10,10
68857,40,44,-4,4
68858,61,59,2,2
68859,98,99,-1,1
68860,88,94,-6,6
68861,107,114,-7,7
68862,101,100,1,1
68863,156,142,14,14
68864,43,53,-10,10
68865,85,83,2,2
68866,130,119,11,11
68867,49,61,-12,12
68868,82,80,2,2
68869,105,103,2,2
68870,141,147,-6,6
68871,124,124,0,0
68872,149,160,-11,11
68873,61,59,2,2
68874,163,152,11,11
68875,94,97,-3,3
68876,64,72,-8,8
68877,129,135,-6,6
68878,71,74,-3,3
68879,95,101,-6,6
68880,106,112,-6,6
68881,103,82,21,21
68882,81,77,4,4
68883,89,82,7,7
68884,144,127,17,17
68885,64,71,-7,7
68886,37,119,-82,82
68887,87,79,8,8
68888,34,40,-6,6
68889,94,96,-2,2
68890,84,89,-5,5
68891,76,72,4,4
68892,79,76,3,3
68893,96,104,-8,8
68894,99,93,6,6
68895,102,100,2,2
68896,66,68,-2,2
68897,96,86,10,10
68898,75,76,-1,1
68899,98,91,7,7
68900,75,74,1,1
68901,106,99,7,7
68902,85,84,1,1
68903,104,114,-10,10
68904,83,89,-6,6
68905,92,94,-2,2
68906,110,119,-9,9
68907,89,103,-14,14
68908,148,136,12,12
68909,105,101,4,4
68910,90,83,7,7
68911,42,58,-16,16
68912,102,101,1,1
68913,142,134,8,8
68914,122,118,4,4
68915,109,100,9,9
68916,101,105,-4,4
68917,89,98,-9,9
68918,118,113,5,5
68919,146,133,13,13
68920,100,104,-4,4
68921,99,96,3,3
68922,62,61,1,1
68923,84,77,7,7
68924,62,71,-9,9
68925,190,167,23,23
68926,105,108,-3,3
68927,101,97,4,4
68928,69,76,-7,7
68929,105,100,5,5
68930,135,132,3,3
68931,162,162,0,0
68932,96,97,-1,1
68933,80,74,6,6
68934,83,86,-3,3
68935,133,129,4,4
68936,77,74,3,3
68937,130,119,11,11
68938,143,155,-12,12
68939,83,86,-3,3
68940,77,77,0,0
68941,148,136,12,12
68942,88,81,7,7
68943,47,49,-2,2
68944,66,60,6,6
68945,54,68,-14,14
68946,97,94,3,3
68947,80,82,-2,2
68948,51,70,-19,19
68949,122,125,-3,3
68950,134,118,16,16
68951,152,145,7,7
68952,96,100,-4,4
68953,75,79,-4,4
68954,143,140,3,3
68955,164,156,8,8
68956,99,98,1,1
68957,149,148,1,1
68958,126,115,11,11
68959,90,85,5,5
68960,102,102,0,0
68961,18,44,-26,26
68962,103,130,-27,27
68963,130,120,10,10
68964,67,74,-7,7
68965,69,67,2,2
68966,84,84,0,0
68967,122,122,0,0
68968,103,97,6,6
68969,65,62,3,3
68970,111,113,-2,2
68971,177,174,3,3
68972,64,65,-1,1
68973,159,155,4,4
68974,123,122,1,1
68975,67,70,-3,3
68976,138,137,1,1
68977,88,96,-8,8
68978,94,108,-14,14
68979,114,104,10,10
68980,81,77,4,4
68981,68,68,0,0
68982,214,192,22,22
68983,145,129,16,16
68984,54,61,-7,7
68985,100,95,5,5
68986,146,139,7,7
68987,213,185,28,28
68988,106,113,-7,7
68989,57,56,1,1
68990,128,124,4,4
68991,97,97,0,0
68992,90,98,-8,8
68993,102,100,2,2
68994,153,136,17,17
68995,84,84,0,0
68996,27,44,-17,17
68997,51,54,-3,3
68998,73,76,-3,3
68999,86,83,3,3
69000,77,74,3,3
69001,154,137,17,17
69002,107,101,6,6
69003,173,162,11,11
69004,80,81,-1,1
69005,92,92,0,0
69006,86,86,0,0
69007,70,72,-2,2
69008,116,115,1,1
69009,79,78,1,1
69010,101,98,3,3
69011,138,131,7,7
69012,125,110,15,15
69013,65,68,-3,3
69014,82,84,-2,2
69015,88,94,-6,6
69016,40,54,-14,14
69017,104,104,0,0
69018,111,110,1,1
69019,81,79,2,2
69020,67,78,-11,11
69021,91,99,-8,8
69022,135,130,5,5
69023,155,161,-6,6
69024,89,84,5,5
69025,58,69,-11,11
69026,137,129,8,8
69027,69,70,-1,1
69028,84,85,-1,1
69029,110,96,14,14
69030,68,95,-27,27
69031,126,113,13,13
69032,185,140,45,45
69033,64,58,6,6
69034,119,112,7,7
69035,133,127,6,6
69036,96,91,5,5
69037,54,58,-4,4
69038,90,89,1,1
69039,75,71,4,4
69040,123,125,-2,2
69041,91,92,-1,1
69042,114,112,2,2
69043,49,78,-29,29
69044,119,113,6,6
69045,78,73,5,5
69046,105,101,4,4
69047,113,112,1,1
69048,75,73,2,2
69049,162,156,6,6
69050,62,63,-1,1
69051,93,78,15,15
69052,67,68,-1,1
69053,118,115,3,3
69054,76,76,0,0
69055,132,122,10,10
69056,43,49,-6,6
69057,69,77,-8,8
69058,99,101,-2,2
69059,81,77,4,4
69060,103,100,3,3
69061,87,79,8,8
69062,88,84,4,4
69063,92,91,1,1
69064,102,92,10,10
69065,53,59,-6,6
69066,80,78,2,2
69067,86,78,8,8
69068,107,109,-2,2
69069,165,164,1,1
69070,43,50,-7,7
69071,84,78,6,6
69072,129,126,3,3
69073,135,131,4,4
69074,32,63,-31,31
69075,49,63,-14,14
69076,91,92,-1,1
69077,72,76,-4,4
69078,85,83,2,2
69079,75,83,-8,8
69080,95,112,-17,17
69081,132,122,10,10
69082,98,105,-7,7
69083,34,39,-5,5
69084,114,112,2,2
69085,104,98,6,6
69086,111,102,9,9
69087,59,59,0,0
69088,38,50,-12,12
69089,45,48,-3,3
69090,160,168,-8,8
69091,87,85,2,2
69092,78,87,-9,9
69093,180,143,37,37
69094,112,115,-3,3
69095,99,102,-3,3
69096,77,83,-6,6
69097,64,75,-11,11
69098,93,78,15,15
69099,135,151,-16,16
69100,80,83,-3,3
69101,105,92,13,13
69102,93,94,-1,1
69103,97,101,-4,4
69104,93,102,-9,9
69105,126,107,19,19
69106,100,96,4,4
69107,93,93,0,0
69108,116,114,2,2
69109,89,90,-1,1
69110,72,90,-18,18
69111,158,138,20,20
69112,107,93,14,14
69113,57,61,-4,4
69114,95,102,-7,7
69115,199,182,17,17
69116,98,98,0,0
69117,50,55,-5,5
69118,72,69,3,3
69119,86,79,7,7
69120,36,52,-16,16
69121,77,68,9,9
69122,144,142,2,2
69123,101,115,-14,14
69124,141,138,3,3
69125,136,125,11,11
69126,81,77,4,4
69127,96,115,-19,19
69128,92,92,0,0
69129,37,49,-12,12
69130,117,119,-2,2
69131,96,94,2,2
69132,120,134,-14,14
69133,58,64,-6,6
69134,147,125,22,22
69135,60,67,-7,7
69136,85,83,2,2
69137,71,68,3,3
69138,74,70,4,4
69139,98,98,0,0
69140,59,60,-1,1
69141,77,80,-3,3
69142,77,83,-6,6
69143,76,78,-2,2
69144,52,60,-8,8
69145,116,111,5,5
69146,78,87,-9,9
69147,74,74,0,0
69148,124,121,3,3
69149,58,58,0,0
69150,86,83,3,3
69151,132,121,11,11
69152,108,97,11,11
69153,38,47,-9,9
69154,138,135,3,3
69155,74,73,1,1
69156,73,76,-3,3
69157,95,83,12,12
69158,129,131,-2,2
69159,102,97,5,5
69160,112,106,6,6
69161,141,135,6,6
69162,76,76,0,0
69163,142,135,7,7
69164,72,72,0,0
69165,163,151,12,12
69166,122,116,6,6
69167,44,46,-2,2
69168,104,100,4,4
69169,72,84,-12,12
69170,60,60,0,0
69171,69,68,1,1
69172,113,106,7,7
69173,89,88,1,1
69174,42,48,-6,6
69175,146,138,8,8
69176,147,123,24,24
69177,132,142,-10,10
69178,107,99,8,8
69179,77,85,-8,8
69180,102,100,2,2
69181,153,133,20,20
69182,56,67,-11,11
69183,105,108,-3,3
69184,129,124,5,5
69185,99,95,4,4
69186,55,60,-5,5
69187,102,113,-11,11
69188,102,96,6,6
69189,111,110,1,1
69190,123,125,-2,2
69191,62,70,-8,8
69192,152,159,-7,7
69193,89,84,5,5
69194,94,87,7,7
69195,35,55,-20,20
69196,94,95,-1,1
69197,110,113,-3,3
69198,175,170,5,5
69199,105,99,6,6
69200,42,53,-11,11
69201,152,139,13,13
69202,149,136,13,13
69203,207,179,28,28
69204,152,153,-1,1
69205,88,98,-10,10
69206,94,93,1,1
69207,76,70,6,6
69208,84,86,-2,2
69209,87,85,2,2
69210,59,54,5,5
69211,112,106,6,6
69212,110,102,8,8
69213,136,113,23,23
69214,81,96,-15,15
69215,177,156,21,21
69216,120,119,1,1
69217,86,83,3,3
69218,57,64,-7,7
69219,100,82,18,18
69220,134,129,5,5
69221,75,73,2,2
69222,88,87,1,1
69223,82,91,-9,9
69224,54,63,-9,9
69225,74,70,4,4
69226,50,56,-6,6
69227,125,112,13,13
69228,85,89,-4,4
69229,148,142,6,6
69230,88,91,-3,3
69231,58,73,-15,15
69232,124,106,18,18
69233,129,128,1,1
69234,100,97,3,3
69235,76,76,0,0
69236,86,79,7,7
69237,57,70,-13,13
69238,84,85,-1,1
69239,103,96,7,7
69240,87,86,1,1
69241,114,115,-1,1
69242,58,65,-7,7
69243,100,93,7,7
69244,92,94,-2,2
69245,78,80,-2,2
69246,73,85,-12,12
69247,73,70,3,3
69248,106,106,0,0
69249,135,131,4,4
69250,95,108,-13,13
69251,75,80,-5,5
69252,116,123,-7,7
69253,58,59,-1,1
69254,135,124,11,11
69255,75,77,-2,2
69256,51,59,-8,8
69257,69,70,-1,1
69258,97,111,-14,14
69259,73,77,-4,4
69260,91,97,-6,6
69261,156,149,7,7
69262,67,74,-7,7
69263,77,76,1,1
69264,133,130,3,3
69265,129,143,-14,14
69266,110,107,3,3
69267,121,132,-11,11
69268,150,142,8,8
69269,89,88,1,1
69270,71,75,-4,4
69271,119,106,13,13
69272,70,78,-8,8
69273,121,124,-3,3
69274,116,118,-2,2
69275,123,123,0,0
69276,95,89,6,6
69277,70,68,2,2
69278,111,96,15,15
69279,113,107,6,6
69280,92,78,14,14
69281,52,61,-9,9
69282,114,112,2,2
69283,106,102,4,4
69284,102,114,-12,12
69285,72,83,-11,11
69286,134,115,19,19
69287,101,98,3,3
69288,134,120,14,14
69289,111,112,-1,1
69290,99,98,1,1
69291,98,92,6,6
69292,94,97,-3,3
69293,44,50,-6,6
69294,92,96,-4,4
69295,81,79,2,2
69296,74,76,-2,2
69297,51,53,-2,2
69298,135,130,5,5
69299,34,46,-12,12
69300,151,147,4,4
69301,64,67,-3,3
69302,105,109,-4,4
69303,117,98,19,19
69304,88,88,0,0
69305,100,100,0,0
69306,88,86,2,2
69307,84,86,-2,2
69308,189,179,10,10
69309,45,53,-8,8
69310,64,68,-4,4
69311,94,94,0,0
69312,199,178,21,21
69313,80,74,6,6
69314,105,107,-2,2
69315,112,106,6,6
69316,59,53,6,6
69317,54,62,-8,8
69318,123,113,10,10
69319,59,64,-5,5
69320,186,170,16,16
69321,110,109,1,1
69322,117,108,9,9
69323,82,84,-2,2
69324,202,168,34,34
69325,129,112,17,17
69326,91,93,-2,2
69327,131,109,22,22
69328,117,108,9,9
69329,82,75,7,7
69330,78,82,-4,4
69331,129,122,7,7
69332,46,46,0,0
69333,122,124,-2,2
69334,124,111,13,13
69335,186,188,-2,2
69336,103,100,3,3
69337,112,118,-6,6
69338,135,136,-1,1
69339,68,73,-5,5
69340,110,109,1,1
69341,57,61,-4,4
69342,144,137,7,7
69343,115,100,15,15
69344,143,135,8,8
69345,75,84,-9,9
69346,69,68,1,1
69347,140,121,19,19
69348,93,99,-6,6
69349,74,74,0,0
69350,165,157,8,8
69351,77,80,-3,3
69352,57,63,-6,6
69353,87,100,-13,13
69354,123,120,3,3
69355,78,84,-6,6
69356,120,119,1,1
69357,100,97,3,3
69358,112,112,0,0
69359,87,90,-3,3
69360,98,84,14,14
69361,106,101,5,5
69362,91,98,-7,7
69363,107,107,0,0
69364,67,65,2,2
69365,125,119,6,6
69366,61,58,3,3
69367,96,98,-2,2
69368,73,73,0,0
69369,70,71,-1,1
69370,89,83,6,6
69371,114,111,3,3
69372,74,78,-4,4
69373,133,113,20,20
69374,107,113,-6,6
69375,91,90,1,1
69376,83,75,8,8
69377,76,73,3,3
69378,75,84,-9,9
69379,83,79,4,4
69380,62,64,-2,2
69381,71,83,-12,12
69382,40,47,-7,7
69383,131,119,12,12
69384,138,140,-2,2
69385,43,53,-10,10
69386,76,83,-7,7
69387,128,150,-22,22
69388,62,66,-4,4
69389,128,119,9,9
69390,79,86,-7,7
69391,140,125,15,15
69392,94,102,-8,8
69393,96,97,-1,1
69394,43,45,-2,2
69395,159,147,12,12
69396,62,60,2,2
69397,131,120,11,11
69398,65,68,-3,3
69399,63,71,-8,8
69400,116,124,-8,8
69401,65,81,-16,16
69402,70,67,3,3
69403,56,61,-5,5
69404,95,96,-1,1
69405,120,111,9,9
69406,93,99,-6,6
69407,92,90,2,2
69408,101,92,9,9
69409,106,108,-2,2
69410,151,139,12,12
69411,98,96,2,2
69412,63,66,-3,3
69413,120,123,-3,3
69414,93,91,2,2
69415,89,86,3,3
69416,47,53,-6,6
69417,92,94,-2,2
69418,95,88,7,7
69419,90,83,7,7
69420,116,107,9,9
69421,88,88,0,0
69422,107,113,-6,6
69423,168,175,-7,7
69424,49,52,-3,3
69425,111,103,8,8
69426,76,82,-6,6
69427,89,89,0,0
69428,72,76,-4,4
69429,131,128,3,3
69430,61,76,-15,15
69431,106,98,8,8
69432,65,70,-5,5
69433,76,78,-2,2
69434,62,95,-33,33
69435,63,65,-2,2
69436,77,75,2,2
69437,120,108,12,12
69438,109,112,-3,3
69439,93,91,2,2
69440,66,68,-2,2
69441,72,69,3,3
69442,94,88,6,6
69443,143,125,18,18
69444,75,78,-3,3
69445,99,99,0,0
69446,112,113,-1,1
69447,66,68,-2,2
69448,72,68,4,4
69449,46,58,-12,12
69450,100,101,-1,1
69451,89,83,6,6
69452,101,99,2,2
69453,63,62,1,1
69454,108,106,2,2
69455,89,94,-5,5
69456,101,98,3,3
69457,94,93,1,1
69458,73,76,-3,3
69459,148,117,31,31
69460,142,129,13,13
69461,92,91,1,1
69462,151,142,9,9
69463,119,113,6,6
69464,61,66,-5,5
69465,124,125,-1,1
69466,46,55,-9,9
69467,67,78,-11,11
69468,46,67,-21,21
69469,81,76,5,5
69470,104,107,-3,3
69471,47,54,-7,7
69472,88,89,-1,1
69473,115,81,34,34
69474,92,109,-17,17
69475,100,85,15,15
69476,141,133,8,8
69477,107,104,3,3
69478,127,113,14,14
69479,117,121,-4,4
69480,72,72,0,0
69481,81,87,-6,6
69482,100,124,-24,24
69483,84,102,-18,18
69484,70,68,2,2
69485,152,137,15,15
69486,32,46,-14,14
69487,121,120,1,1
69488,69,70,-1,1
69489,63,68,-5,5
69490,76,78,-2,2
69491,81,87,-6,6
69492,106,101,5,5
69493,69,76,-7,7
69494,54,60,-6,6
69495,92,88,4,4
69496,61,67,-6,6
69497,141,125,16,16
69498,78,77,1,1
69499,124,138,-14,14
69500,94,94,0,0
69501,66,70,-4,4
69502,156,155,1,1
69503,80,100,-20,20
69504,84,88,-4,4
69505,161,156,5,5
69506,106,98,8,8
69507,98,98,0,0
69508,108,104,4,4
69509,109,101,8,8
69510,85,84,1,1
69511,74,80,-6,6
69512,74,75,-1,1
69513,88,99,-11,11
69514,128,120,8,8
69515,93,90,3,3
69516,140,135,5,5
69517,109,105,4,4
69518,58,60,-2,2
69519,73,66,7,7
69520,86,88,-2,2
69521,94,92,2,2
69522,332,302,30,30
69523,112,103,9,9
69524,48,52,-4,4
69525,73,78,-5,5
69526,116,113,3,3
69527,105,92,13,13
69528,65,68,-3,3
69529,108,103,5,5
69530,83,96,-13,13
69531,81,89,-8,8
69532,155,157,-2,2
69533,110,98,12,12
69534,120,110,10,10
69535,92,84,8,8
69536,152,132,20,20
69537,131,133,-2,2
69538,48,67,-19,19
69539,68,68,0,0
69540,74,72,2,2
69541,86,98,-12,12
69542,148,152,-4,4
69543,188,173,15,15
69544,79,88,-9,9
69545,125,113,12,12
69546,95,83,12,12
69547,63,62,1,1
69548,78,75,3,3
69549,116,117,-1,1
69550,83,87,-4,4
69551,68,72,-4,4
69552,104,113,-9,9
69553,107,104,3,3
69554,93,87,6,6
69555,115,113,2,2
69556,105,86,19,19
69557,76,96,-20,20
69558,129,118,11,11
69559,53,55,-2,2
69560,78,91,-13,13
69561,108,102,6,6
69562,39,48,-9,9
69563,81,74,7,7
69564,122,123,-1,1
69565,74,72,2,2
69566,63,67,-4,4
69567,115,110,5,5
69568,119,123,-4,4
69569,130,126,4,4
69570,103,124,-21,21
69571,107,112,-5,5
69572,69,78,-9,9
69573,130,120,10,10
69574,98,112,-14,14
69575,126,112,14,14
69576,119,103,16,16
69577,86,91,-5,5
69578,211,191,20,20
69579,82,84,-2,2
69580,64,64,0,0
69581,96,76,20,20
69582,63,65,-2,2
69583,102,102,0,0
69584,119,121,-2,2
69585,82,92,-10,10
69586,119,111,8,8
69587,64,65,-1,1
69588,48,50,-2,2
69589,140,131,9,9
69590,112,106,6,6
69591,93,106,-13,13
69592,88,90,-2,2
69593,93,92,1,1
69594,60,60,0,0
69595,66,68,-2,2
69596,48,51,-3,3
69597,101,93,8,8
69598,54,61,-7,7
69599,99,93,6,6
69600,81,82,-1,1
69601,155,141,14,14
69602,80,67,13,13
69603,69,73,-4,4
69604,65,77,-12,12
69605,81,90,-9,9
69606,100,102,-2,2
69607,89,98,-9,9
69608,86,90,-4,4
69609,107,112,-5,5
69610,61,67,-6,6
69611,59,57,2,2
69612,51,61,-10,10
69613,147,145,2,2
69614,127,113,14,14
69615,130,133,-3,3
69616,53,55,-2,2
69617,117,98,19,19
69618,132,122,10,10
69619,119,113,6,6
69620,107,94,13,13
69621,79,92,-13,13
69622,157,151,6,6
69623,125,107,18,18
69624,60,65,-5,5
69625,79,72,7,7
69626,80,87,-7,7
69627,151,132,19,19
69628,109,100,9,9
69629,64,67,-3,3
69630,111,100,11,11
69631,44,57,-13,13
69632,95,84,11,11
69633,137,124,13,13
69634,121,101,20,20
69635,51,61,-10,10
69636,53,66,-13,13
69637,93,92,1,1
69638,91,96,-5,5
69639,125,114,11,11
69640,59,65,-6,6
69641,63,65,-2,2
69642,111,98,13,13
69643,117,121,-4,4
69644,74,73,1,1
69645,117,115,2,2
69646,65,66,-1,1
69647,100,93,7,7
69648,227,212,15,15
69649,145,162,-17,17
69650,82,87,-5,5
69651,93,76,17,17
69652,120,129,-9,9
69653,122,111,11,11
69654,121,112,9,9
69655,106,92,14,14
69656,95,100,-5,5
69657,71,71,0,0
69658,64,73,-9,9
69659,103,101,2,2
69660,66,79,-13,13
69661,60,66,-6,6
69662,85,85,0,0
69663,110,107,3,3
69664,109,110,-1,1
69665,80,93,-13,13
69666,80,70,10,10
69667,147,146,1,1
69668,107,113,-6,6
69669,61,63,-2,2
69670,163,156,7,7
69671,60,62,-2,2
69672,85,84,1,1
69673,152,152,0,0
69674,90,90,0,0
69675,81,77,4,4
69676,76,73,3,3
69677,95,91,4,4
69678,70,73,-3,3
69679,101,97,4,4
69680,65,64,1,1
69681,78,89,-11,11
69682,94,96,-2,2
69683,69,71,-2,2
69684,161,158,3,3
69685,97,101,-4,4
69686,66,73,-7,7
69687,171,153,18,18
69688,93,85,8,8
69689,98,94,4,4
69690,101,104,-3,3
69691,97,98,-1,1
69692,74,77,-3,3
69693,88,75,13,13
69694,184,177,7,7
69695,74,78,-4,4
69696,65,74,-9,9
69697,193,173,20,20
69698,103,98,5,5
69699,57,64,-7,7
69700,113,131,-18,18
69701,145,161,-16,16
69702,60,65,-5,5
69703,128,132,-4,4
69704,89,83,6,6
69705,80,84,-4,4
69706,79,72,7,7
69707,114,109,5,5
69708,200,186,14,14
69709,133,126,7,7
69710,114,105,9,9
69711,125,117,8,8
69712,82,83,-1,1
69713,90,84,6,6
69714,95,92,3,3
69715,140,142,-2,2
69716,96,102,-6,6
69717,186,170,16,16
69718,89,99,-10,10
69719,57,61,-4,4
69720,76,78,-2,2
69721,64,65,-1,1
69722,138,126,12,12
69723,97,86,11,11
69724,95,104,-9,9
69725,157,153,4,4
69726,76,73,3,3
69727,77,83,-6,6
69728,110,108,2,2
69729,191,175,16,16
69730,70,75,-5,5
69731,100,113,-13,13
69732,98,100,-2,2
69733,64,70,-6,6
69734,106,102,4,4
69735,95,97,-2,2
69736,70,80,-10,10
69737,132,115,17,17
69738,43,43,0,0
69739,177,155,22,22
69740,59,60,-1,1
69741,42,52,-10,10
69742,40,43,-3,3
69743,82,53,29,29
69744,79,86,-7,7
69745,62,72,-10,10
69746,108,100,8,8
69747,103,109,-6,6
69748,92,90,2,2
69749,63,67,-4,4
69750,65,69,-4,4
69751,144,144,0,0
69752,92,91,1,1
69753,129,126,3,3
69754,137,133,4,4
69755,122,125,-3,3
69756,48,68,-20,20
69757,85,72,13,13
69758,90,96,-6,6
69759,82,73,9,9
69760,112,105,7,7
69761,85,87,-2,2
69762,91,85,6,6
69763,78,83,-5,5
69764,69,71,-2,2
69765,121,111,10,10
69766,68,72,-4,4
69767,131,126,5,5
69768,89,90,-1,1
69769,93,90,3,3
69770,54,53,1,1
69771,136,133,3,3
69772,35,71,-36,36
69773,178,157,21,21
69774,105,100,5,5
69775,145,141,4,4
69776,75,84,-9,9
69777,117,104,13,13
69778,63,66,-3,3
69779,132,127,5,5
69780,100,99,1,1
69781,67,69,-2,2
69782,47,57,-10,10
69783,128,114,14,14
69784,119,126,-7,7
69785,119,120,-1,1
69786,93,79,14,14
69787,121,119,2,2
69788,79,75,4,4
69789,166,154,12,12
69790,87,79,8,8
69791,85,90,-5,5
69792,80,82,-2,2
69793,68,69,-1,1
69794,131,132,-1,1
69795,124,115,9,9
69796,146,147,-1,1
69797,71,68,3,3
69798,89,98,-9,9
69799,60,68,-8,8
69800,64,65,-1,1
69801,63,68,-5,5
69802,61,65,-4,4
69803,119,105,14,14
69804,83,88,-5,5
69805,96,97,-1,1
69806,116,132,-16,16
69807,122,114,8,8
69808,102,96,6,6
69809,85,89,-4,4
69810,129,130,-1,1
69811,109,100,9,9
69812,41,47,-6,6
69813,95,101,-6,6
69814,131,106,25,25
69815,98,76,22,22
69816,105,97,8,8
69817,35,50,-15,15
69818,65,67,-2,2
69819,69,69,0,0
69820,72,71,1,1
69821,101,101,0,0
69822,86,85,1,1
69823,103,104,-1,1
69824,110,99,11,11
69825,77,69,8,8
69826,98,69,29,29
69827,107,101,6,6
69828,72,78,-6,6
69829,109,108,1,1
69830,68,65,3,3
69831,64,62,2,2
69832,158,149,9,9
69833,112,115,-3,3
69834,71,85,-14,14
69835,119,113,6,6
69836,63,67,-4,4
69837,66,67,-1,1
69838,90,86,4,4
69839,114,116,-2,2
69840,81,85,-4,4
69841,136,124,12,12
69842,92,90,2,2
69843,46,64,-18,18
69844,48,54,-6,6
69845,99,90,9,9
69846,63,67,-4,4
69847,113,109,4,4
69848,77,77,0,0
69849,95,105,-10,10
69850,95,94,1,1
69851,92,97,-5,5
69852,77,76,1,1
69853,108,104,4,4
69854,80,79,1,1
69855,106,102,4,4
69856,193,181,12,12
69857,138,123,15,15
69858,146,142,4,4
69859,146,146,0,0
69860,121,110,11,11
69861,134,118,16,16
69862,92,93,-1,1
69863,109,103,6,6
69864,94,99,-5,5
69865,96,103,-7,7
69866,105,117,-12,12
69867,124,126,-2,2
69868,101,97,4,4
69869,63,74,-11,11
69870,91,94,-3,3
69871,75,85,-10,10
69872,89,99,-10,10
69873,134,129,5,5
69874,130,121,9,9
69875,71,85,-14,14
69876,152,147,5,5
69877,79,67,12,12
69878,82,73,9,9
69879,80,85,-5,5
69880,51,57,-6,6
69881,134,127,7,7
69882,120,104,16,16
69883,88,86,2,2
69884,66,75,-9,9
69885,40,51,-11,11
69886,81,73,8,8
69887,125,113,12,12
69888,57,60,-3,3
69889,127,115,12,12
69890,70,67,3,3
69891,144,101,43,43
69892,100,109,-9,9
69893,190,167,23,23
69894,79,81,-2,2
69895,95,74,21,21
69896,86,75,11,11
69897,75,63,12,12
69898,108,99,9,9
69899,74,75,-1,1
69900,110,118,-8,8
69901,121,113,8,8
69902,75,77,-2,2
69903,193,166,27,27
69904,102,98,4,4
69905,83,86,-3,3
69906,161,156,5,5
69907,43,60,-17,17
69908,157,171,-14,14
69909,152,156,-4,4
69910,166,151,15,15
69911,61,63,-2,2
69912,123,118,5,5
69913,77,69,8,8
69914,76,69,7,7
69915,103,108,-5,5
69916,73,72,1,1
69917,94,96,-2,2
69918,71,77,-6,6
69919,69,81,-12,12
69920,46,49,-3,3
69921,59,60,-1,1
69922,109,101,8,8
69923,166,163,3,3
69924,65,67,-2,2
69925,97,93,4,4
69926,170,154,16,16
69927,76,79,-3,3
69928,79,79,0,0
69929,84,91,-7,7
69930,36,42,-6,6
69931,149,144,5,5
69932,61,61,0,0
69933,109,107,2,2
69934,160,137,23,23
69935,96,92,4,4
69936,139,138,1,1
69937,59,63,-4,4
69938,52,48,4,4
69939,148,136,12,12
69940,90,74,16,16
69941,68,62,6,6
69942,60,65,-5,5
69943,110,107,3,3
69944,80,98,-18,18
69945,37,42,-5,5
69946,75,87,-12,12
69947,62,72,-10,10
69948,66,68,-2,2
69949,99,105,-6,6
69950,105,100,5,5
69951,165,148,17,17
69952,164,153,11,11
69953,93,94,-1,1
69954,58,77,-19,19
69955,93,92,1,1
69956,37,47,-10,10
69957,68,74,-6,6
69958,122,126,-4,4
69959,36,43,-7,7
69960,109,108,1,1
69961,111,104,7,7
69962,39,46,-7,7
69963,139,130,9,9
69964,109,112,-3,3
69965,169,157,12,12
69966,138,134,4,4
69967,104,115,-11,11
69968,170,176,-6,6
69969,66,67,-1,1
69970,154,149,5,5
69971,46,55,-9,9
69972,136,120,16,16
69973,81,78,3,3
69974,390,328,62,62
69975,88,87,1,1
69976,66,77,-11,11
69977,69,71,-2,2
69978,48,58,-10,10
69979,136,125,11,11
69980,85,87,-2,2
69981,73,73,0,0
69982,128,136,-8,8
69983,90,100,-10,10
69984,105,104,1,1
69985,127,119,8,8
69986,102,104,-2,2
69987,111,105,6,6
69988,110,98,12,12
69989,92,90,2,2
69990,66,103,-37,37
69991,103,100,3,3
69992,111,102,9,9
69993,120,116,4,4
69994,96,99,-3,3
69995,141,134,7,7
69996,89,101,-12,12
69997,66,69,-3,3
69998,95,86,9,9
69999,83,90,-7,7
70000,62,63,-1,1
70001,136,133,3,3
70002,99,96,3,3
70003,78,75,3,3
70004,79,88,-9,9
70005,86,78,8,8
70006,70,70,0,0
70007,128,125,3,3
70008,100,79,21,21
70009,116,102,14,14
70010,165,175,-10,10
70011,125,121,4,4
70012,63,72,-9,9
70013,93,101,-8,8
70014,135,120,15,15
70015,61,62,-1,1
70016,55,68,-13,13
70017,95,90,5,5
70018,98,96,2,2
70019,54,58,-4,4
70020,85,86,-1,1
70021,96,86,10,10
70022,132,127,5,5
70023,81,88,-7,7
70024,57,62,-5,5
70025,71,69,2,2
70026,92,92,0,0
70027,99,86,13,13
70028,87,87,0,0
70029,116,99,17,17
70030,46,55,-9,9
70031,29,34,-5,5
70032,163,165,-2,2
70033,110,101,9,9
70034,68,70,-2,2
70035,62,62,0,0
70036,60,56,4,4
70037,91,98,-7,7
70038,35,42,-7,7
70039,61,68,-7,7
70040,101,82,19,19
70041,135,126,9,9
70042,169,163,6,6
70043,122,113,9,9
70044,182,168,14,14
70045,86,93,-7,7
70046,121,113,8,8
70047,65,64,1,1
70048,84,90,-6,6
70049,98,90,8,8
70050,61,67,-6,6
70051,71,72,-1,1
70052,54,62,-8,8
70053,130,113,17,17
70054,47,54,-7,7
70055,78,76,2,2
70056,83,75,8,8
70057,119,108,11,11
70058,86,78,8,8
70059,92,95,-3,3
70060,76,75,1,1
70061,80,87,-7,7
70062,103,94,9,9
70063,113,109,4,4
70064,79,87,-8,8
70065,68,70,-2,2
70066,115,110,5,5
70067,62,68,-6,6
70068,107,116,-9,9
70069,115,106,9,9
70070,138,136,2,2
70071,115,115,0,0
70072,117,103,14,14
70073,92,136,-44,44
70074,122,112,10,10
70075,54,61,-7,7
70076,76,79,-3,3
70077,96,93,3,3
70078,57,64,-7,7
70079,108,109,-1,1
70080,104,105,-1,1
70081,107,107,0,0
70082,66,63,3,3
70083,57,64,-7,7
70084,72,72,0,0
70085,63,99,-36,36
70086,119,121,-2,2
70087,123,111,12,12
70088,86,86,0,0
70089,121,102,19,19
70090,72,67,5,5
70091,70,72,-2,2
70092,84,76,8,8
70093,72,76,-4,4
70094,61,60,1,1
70095,128,112,16,16
70096,90,96,-6,6
70097,138,150,-12,12
70098,80,81,-1,1
70099,134,104,30,30
70100,135,135,0,0
70101,108,103,5,5
70102,114,105,9,9
70103,87,85,2,2
70104,29,53,-24,24
70105,84,83,1,1
70106,139,135,4,4
70107,126,113,13,13
70108,61,60,1,1
70109,22,36,-14,14
70110,61,73,-12,12
70111,74,84,-10,10
70112,120,113,7,7
70113,69,69,0,0
70114,61,69,-8,8
70115,88,92,-4,4
70116,102,106,-4,4
70117,107,104,3,3
70118,103,99,4,4
70119,89,96,-7,7
70120,134,135,-1,1
70121,52,66,-14,14
70122,63,95,-32,32
70123,116,105,11,11
70124,123,132,-9,9
70125,101,97,4,4
70126,58,63,-5,5
70127,95,97,-2,2
70128,66,67,-1,1
70129,69,69,0,0
70130,107,100,7,7
70131,118,124,-6,6
70132,155,137,18,18
70133,75,75,0,0
70134,103,95,8,8
70135,81,76,5,5
70136,94,95,-1,1
70137,64,65,-1,1
70138,135,129,6,6
70139,116,134,-18,18
70140,213,184,29,29
70141,87,89,-2,2
70142,109,123,-14,14
70143,149,141,8,8
70144,81,95,-14,14
70145,78,78,0,0
70146,62,63,-1,1
70147,73,76,-3,3
70148,68,63,5,5
70149,103,77,26,26
70150,121,107,14,14
70151,165,149,16,16
70152,105,99,6,6
70153,71,67,4,4
70154,139,143,-4,4
70155,75,100,-25,25
70156,146,151,-5,5
70157,88,93,-5,5
70158,184,178,6,6
70159,122,110,12,12
70160,50,67,-17,17
70161,98,98,0,0
70162,28,61,-33,33
70163,68,64,4,4
70164,34,42,-8,8
70165,88,76,12,12
70166,87,94,-7,7
70167,91,88,3,3
70168,97,95,2,2
70169,93,76,17,17
70170,46,49,-3,3
70171,63,64,-1,1
70172,54,63,-9,9
70173,68,73,-5,5
70174,100,112,-12,12
70175,51,54,-3,3
70176,92,97,-5,5
70177,111,111,0,0
70178,66,63,3,3
70179,60,72,-12,12
70180,66,67,-1,1
70181,130,109,21,21
70182,125,110,15,15
70183,134,134,0,0
70184,139,138,1,1
70185,105,107,-2,2
70186,70,72,-2,2
70187,106,100,6,6
70188,146,127,19,19
70189,144,140,4,4
70190,108,126,-18,18
70191,77,78,-1,1
70192,99,94,5,5
70193,79,80,-1,1
70194,65,69,-4,4
70195,65,78,-13,13
70196,89,100,-11,11
70197,128,112,16,16
70198,95,117,-22,22
70199,131,141,-10,10
70200,48,52,-4,4
70201,127,113,14,14
70202,102,104,-2,2
70203,127,122,5,5
70204,53,61,-8,8
70205,148,130,18,18
70206,173,154,19,19
70207,110,104,6,6
70208,61,66,-5,5
70209,65,69,-4,4
70210,83,78,5,5
70211,125,124,1,1
70212,94,93,1,1
70213,82,79,3,3
70214,95,90,5,5
70215,48,59,-11,11
70216,112,112,0,0
70217,74,74,0,0
70218,114,104,10,10
70219,64,71,-7,7
70220,109,102,7,7
70221,163,150,13,13
70222,136,132,4,4
70223,218,189,29,29
70224,114,105,9,9
70225,152,143,9,9
70226,115,114,1,1
70227,70,75,-5,5
70228,76,73,3,3
70229,101,101,0,0
70230,122,108,14,14
70231,95,86,9,9
70232,112,140,-28,28
70233,114,113,1,1
70234,93,94,-1,1
70235,56,69,-13,13
70236,110,121,-11,11
70237,97,96,1,1
70238,86,98,-12,12
70239,87,84,3,3
70240,55,69,-14,14
70241,183,190,-7,7
70242,99,99,0,0
70243,102,98,4,4
70244,113,111,2,2
70245,95,94,1,1
70246,191,167,24,24
70247,82,87,-5,5
70248,55,54,1,1
70249,60,63,-3,3
70250,81,74,7,7
70251,87,89,-2,2
70252,142,139,3,3
70253,97,84,13,13
70254,116,101,15,15
70255,73,72,1,1
70256,87,92,-5,5
70257,102,94,8,8
70258,57,63,-6,6
70259,56,62,-6,6
70260,193,156,37,37
70261,99,99,0,0
70262,61,69,-8,8
70263,90,87,3,3
70264,129,133,-4,4
70265,86,87,-1,1
70266,68,77,-9,9
70267,106,95,11,11
70268,101,107,-6,6
70269,139,127,12,12
70270,97,104,-7,7
70271,79,89,-10,10
70272,54,63,-9,9
70273,47,57,-10,10
70274,119,107,12,12
70275,93,92,1,1
70276,70,69,1,1
70277,109,107,2,2
70278,55,71,-16,16
70279,127,131,-4,4
70280,76,77,-1,1
70281,35,47,-12,12
70282,66,66,0,0
70283,72,72,0,0
70284,91,100,-9,9
70285,128,134,-6,6
70286,123,123,0,0
70287,129,126,3,3
70288,106,98,8,8
70289,84,92,-8,8
70290,99,85,14,14
70291,59,57,2,2
70292,54,64,-10,10
70293,120,112,8,8
70294,188,169,19,19
70295,83,83,0,0
70296,146,129,17,17
70297,69,71,-2,2
70298,58,61,-3,3
70299,173,143,30,30
70300,131,119,12,12
70301,150,138,12,12
70302,115,108,7,7
70303,107,98,9,9
70304,131,131,0,0
70305,101,102,-1,1
70306,105,93,12,12
70307,104,102,2,2
70308,138,125,13,13
70309,62,64,-2,2
70310,88,94,-6,6
70311,44,50,-6,6
70312,116,114,2,2
70313,84,82,2,2
70314,80,100,-20,20
70315,112,110,2,2
70316,85,84,1,1
70317,82,76,6,6
70318,101,104,-3,3
70319,123,121,2,2
70320,137,128,9,9
70321,112,101,11,11
70322,72,75,-3,3
70323,100,95,5,5
70324,106,99,7,7
70325,64,57,7,7
70326,115,103,12,12
70327,44,51,-7,7
70328,112,111,1,1
70329,113,103,10,10
70330,203,176,27,27
70331,113,102,11,11
70332,154,149,5,5
70333,88,94,-6,6
70334,88,99,-11,11
70335,56,62,-6,6
70336,116,111,5,5
70337,104,102,2,2
70338,96,93,3,3
70339,99,100,-1,1
70340,98,104,-6,6
70341,128,133,-5,5
70342,79,75,4,4
70343,97,105,-8,8
70344,68,76,-8,8
70345,93,84,9,9
70346,99,98,1,1
70347,68,71,-3,3
70348,83,79,4,4
70349,85,86,-1,1
70350,89,97,-8,8
70351,95,92,3,3
70352,133,125,8,8
70353,86,88,-2,2
70354,94,93,1,1
70355,63,72,-9,9
70356,134,123,11,11
70357,79,85,-6,6
70358,55,57,-2,2
70359,82,87,-5,5
70360,60,69,-9,9
70361,63,73,-10,10
70362,179,158,21,21
70363,127,123,4,4
70364,65,62,3,3
70365,101,102,-1,1
70366,112,104,8,8
70367,66,68,-2,2
70368,104,102,2,2
70369,80,96,-16,16
70370,84,76,8,8
70371,57,64,-7,7
70372,55,57,-2,2
70373,134,128,6,6
70374,125,115,10,10
70375,83,84,-1,1
70376,66,66,0,0
70377,59,83,-24,24
70378,117,113,4,4
70379,103,121,-18,18
70380,101,94,7,7
70381,128,125,3,3
70382,92,96,-4,4
70383,167,153,14,14
70384,79,79,0,0
70385,121,113,8,8
70386,85,78,7,7
70387,80,66,14,14
70388,26,40,-14,14
70389,52,59,-7,7
70390,58,69,-11,11
70391,137,131,6,6
70392,48,54,-6,6
70393,138,130,8,8
70394,81,67,14,14
70395,132,126,6,6
70396,111,104,7,7
70397,115,114,1,1
70398,129,125,4,4
70399,125,124,1,1
70400,138,160,-22,22
70401,51,61,-10,10
70402,131,134,-3,3
70403,164,162,2,2
70404,107,92,15,15
70405,102,101,1,1
70406,66,69,-3,3
70407,59,62,-3,3
70408,60,60,0,0
70409,145,138,7,7
70410,143,136,7,7
70411,121,119,2,2
70412,98,105,-7,7
70413,107,92,15,15
70414,69,69,0,0
70415,154,153,1,1
70416,93,97,-4,4
70417,93,96,-3,3
70418,41,44,-3,3
70419,103,103,0,0
70420,81,79,2,2
70421,105,95,10,10
70422,60,60,0,0
70423,90,96,-6,6
70424,76,74,2,2
70425,98,98,0,0
70426,70,70,0,0
70427,49,60,-11,11
70428,113,107,6,6
70429,45,63,-18,18
70430,109,103,6,6
70431,53,60,-7,7
70432,98,85,13,13
70433,70,68,2,2
70434,91,88,3,3
70435,126,119,7,7
70436,68,61,7,7
70437,54,75,-21,21
70438,99,91,8,8
70439,85,87,-2,2
70440,85,81,4,4
70441,93,96,-3,3
70442,69,71,-2,2
70443,59,59,0,0
70444,47,58,-11,11
70445,83,85,-2,2
70446,103,108,-5,5
70447,93,84,9,9
70448,125,127,-2,2
70449,97,96,1,1
70450,103,108,-5,5
70451,79,81,-2,2
70452,103,112,-9,9
70453,132,121,11,11
70454,165,168,-3,3
70455,132,125,7,7
70456,88,86,2,2
70457,92,83,9,9
70458,75,74,1,1
70459,108,98,10,10
70460,98,96,2,2
70461,133,142,-9,9
70462,75,69,6,6
70463,187,182,5,5
70464,123,117,6,6
70465,63,77,-14,14
70466,92,101,-9,9
70467,117,115,2,2
70468,98,90,8,8
70469,247,202,45,45
70470,98,99,-1,1
70471,102,90,12,12
70472,66,73,-7,7
70473,62,61,1,1
70474,84,85,-1,1
70475,52,53,-1,1
70476,107,102,5,5
70477,155,142,13,13
70478,118,115,3,3
70479,150,145,5,5
70480,112,104,8,8
70481,106,104,2,2
70482,61,63,-2,2
70483,101,102,-1,1
70484,80,70,10,10
70485,65,81,-16,16
70486,86,85,1,1
70487,74,69,5,5
70488,163,143,20,20
70489,100,102,-2,2
70490,44,52,-8,8
70491,86,75,11,11
70492,119,113,6,6
70493,80,75,5,5
70494,57,67,-10,10
70495,136,123,13,13
70496,113,113,0,0
70497,75,75,0,0
70498,41,54,-13,13
70499,125,135,-10,10
70500,77,75,2,2
70501,97,93,4,4
70502,159,161,-2,2
70503,43,52,-9,9
70504,47,53,-6,6
70505,53,60,-7,7
70506,141,125,16,16
70507,79,84,-5,5
70508,74,75,-1,1
70509,117,113,4,4
70510,39,51,-12,12
70511,74,79,-5,5
70512,131,131,0,0
70513,95,95,0,0
70514,152,134,18,18
70515,80,85,-5,5
70516,125,107,18,18
70517,114,113,1,1
70518,113,107,6,6
70519,58,69,-11,11
70520,98,91,7,7
70521,135,127,8,8
70522,88,97,-9,9
70523,147,144,3,3
70524,83,80,3,3
70525,145,140,5,5
70526,144,141,3,3
70527,142,129,13,13
70528,65,69,-4,4
70529,59,65,-6,6
70530,116,112,4,4
70531,51,59,-8,8
70532,48,53,-5,5
70533,113,114,-1,1
70534,87,68,19,19
70535,72,78,-6,6
70536,100,97,3,3
70537,66,69,-3,3
70538,106,110,-4,4
70539,128,114,14,14
70540,71,68,3,3
70541,69,77,-8,8
70542,117,129,-12,12
70543,125,121,4,4
70544,105,100,5,5
70545,43,54,-11,11
70546,154,155,-1,1
70547,77,79,-2,2
70548,104,103,1,1
70549,112,109,3,3
70550,84,81,3,3
70551,69,70,-1,1
70552,135,124,11,11
70553,130,117,13,13
70554,117,124,-7,7
70555,47,59,-12,12
70556,114,113,1,1
70557,100,101,-1,1
70558,129,132,-3,3
70559,59,62,-3,3
70560,159,147,12,12
70561,61,59,2,2
70562,51,61,-10,10
70563,92,92,0,0
70564,73,75,-2,2
70565,98,81,17,17
70566,117,113,4,4
70567,100,109,-9,9
70568,54,73,-19,19
70569,76,73,3,3
70570,132,127,5,5
70571,178,129,49,49
70572,91,95,-4,4
70573,127,113,14,14
70574,75,71,4,4
70575,70,72,-2,2
70576,124,122,2,2
70577,125,124,1,1
70578,80,84,-4,4
70579,59,63,-4,4
70580,82,92,-10,10
70581,130,127,3,3
70582,82,90,-8,8
70583,93,85,8,8
70584,82,86,-4,4
70585,160,143,17,17
70586,83,77,6,6
70587,128,111,17,17
70588,123,111,12,12
70589,98,93,5,5
70590,104,93,11,11
70591,109,101,8,8
70592,48,52,-4,4
70593,62,63,-1,1
70594,63,61,2,2
70595,63,66,-3,3
70596,115,106,9,9
70597,94,91,3,3
70598,94,98,-4,4
70599,91,90,1,1
70600,141,142,-1,1
70601,162,153,9,9
70602,91,96,-5,5
70603,88,91,-3,3
70604,117,124,-7,7
70605,52,56,-4,4
70606,57,62,-5,5
70607,106,90,16,16
70608,77,86,-9,9
70609,58,62,-4,4
70610,85,77,8,8
70611,110,100,10,10
70612,74,85,-11,11
70613,97,87,10,10
70614,58,65,-7,7
70615,92,97,-5,5
70616,97,99,-2,2
70617,73,74,-1,1
70618,89,93,-4,4
70619,108,100,8,8
70620,129,118,11,11
70621,83,78,5,5
70622,97,91,6,6
70623,88,87,1,1
70624,88,83,5,5
70625,74,77,-3,3
70626,103,107,-4,4
70627,93,86,7,7
70628,39,48,-9,9
70629,168,150,18,18
70630,102,92,10,10
70631,77,83,-6,6
70632,209,206,3,3
70633,88,86,2,2
70634,88,92,-4,4
70635,95,98,-3,3
70636,113,102,11,11
70637,109,112,-3,3
70638,93,97,-4,4
70639,167,153,14,14
70640,55,74,-19,19
70641,115,113,2,2
70642,101,104,-3,3
70643,52,65,-13,13
70644,155,153,2,2
70645,47,58,-11,11
70646,123,125,-2,2
70647,71,71,0,0
70648,109,111,-2,2
70649,63,72,-9,9
70650,132,142,-10,10
70651,74,76,-2,2
70652,89,99,-10,10
70653,131,125,6,6
70654,71,75,-4,4
70655,100,84,16,16
70656,76,90,-14,14
70657,67,69,-2,2
70658,121,105,16,16
70659,45,61,-16,16
70660,79,70,9,9
70661,145,139,6,6
70662,242,206,36,36
70663,64,68,-4,4
70664,146,134,12,12
70665,80,76,4,4
70666,135,136,-1,1
70667,94,88,6,6
70668,88,83,5,5
70669,119,119,0,0
70670,129,120,9,9
70671,86,86,0,0
70672,60,59,1,1
70673,148,150,-2,2
70674,43,58,-15,15
70675,41,52,-11,11
70676,272,235,37,37
70677,116,99,17,17
70678,86,84,2,2
70679,69,75,-6,6
70680,51,55,-4,4
70681,80,82,-2,2
70682,83,81,2,2
70683,108,103,5,5
70684,66,66,0,0
70685,178,178,0,0
70686,138,132,6,6
70687,124,109,15,15
70688,58,60,-2,2
70689,93,93,0,0
70690,135,124,11,11
70691,98,81,17,17
70692,91,84,7,7
70693,83,76,7,7
70694,192,177,15,15
70695,119,103,16,16
70696,44,56,-12,12
70697,83,87,-4,4
70698,75,78,-3,3
70699,216,201,15,15
70700,178,167,11,11
70701,81,83,-2,2
70702,56,68,-12,12
70703,85,86,-1,1
70704,87,85,2,2
70705,77,76,1,1
70706,73,76,-3,3
70707,122,121,1,1
70708,169,143,26,26
70709,155,140,15,15
70710,111,112,-1,1
70711,37,47,-10,10
70712,116,113,3,3
70713,107,102,5,5
70714,63,68,-5,5
70715,97,91,6,6
70716,108,96,12,12
70717,94,96,-2,2
70718,56,63,-7,7
70719,49,51,-2,2
70720,87,92,-5,5
70721,110,111,-1,1
70722,89,96,-7,7
70723,87,79,8,8
70724,127,125,2,2
70725,82,84,-2,2
70726,58,59,-1,1
70727,69,73,-4,4
70728,66,66,0,0
70729,62,79,-17,17
70730,80,84,-4,4
70731,62,66,-4,4
70732,46,53,-7,7
70733,48,70,-22,22
70734,77,73,4,4
70735,99,111,-12,12
70736,98,101,-3,3
70737,87,88,-1,1
70738,63,69,-6,6
70739,114,113,1,1
70740,121,124,-3,3
70741,70,73,-3,3
70742,118,108,10,10
70743,116,113,3,3
70744,89,95,-6,6
70745,100,98,2,2
70746,249,236,13,13
70747,202,183,19,19
70748,152,141,11,11
70749,140,132,8,8
70750,162,147,15,15
70751,90,89,1,1
70752,132,117,15,15
70753,79,70,9,9
70754,73,71,2,2
70755,115,105,10,10
70756,188,172,16,16
70757,72,71,1,1
70758,112,111,1,1
70759,131,120,11,11
70760,128,127,1,1
70761,125,124,1,1
70762,133,124,9,9
70763,159,147,12,12
70764,96,97,-1,1
70765,85,88,-3,3
70766,103,99,4,4
70767,74,72,2,2
70768,139,135,4,4
70769,114,110,4,4
70770,35,43,-8,8
70771,56,60,-4,4
70772,85,91,-6,6
70773,111,98,13,13
70774,107,105,2,2
70775,138,135,3,3
70776,79,76,3,3
70777,89,90,-1,1
70778,97,91,6,6
70779,88,84,4,4
70780,77,84,-7,7
70781,83,78,5,5
70782,138,135,3,3
70783,109,107,2,2
70784,58,69,-11,11
70785,65,70,-5,5
70786,97,99,-2,2
70787,95,98,-3,3
70788,93,91,2,2
70789,80,87,-7,7
70790,88,78,10,10
70791,104,106,-2,2
70792,72,77,-5,5
70793,75,70,5,5
70794,88,88,0,0
70795,104,111,-7,7
70796,70,70,0,0
70797,83,87,-4,4
70798,108,99,9,9
70799,84,79,5,5
70800,91,97,-6,6
70801,115,113,2,2
70802,80,84,-4,4
70803,122,126,-4,4
70804,116,114,2,2
70805,119,112,7,7
70806,105,105,0,0
70807,80,84,-4,4
70808,63,83,-20,20
70809,108,113,-5,5
70810,73,73,0,0
70811,116,114,2,2
70812,101,91,10,10
70813,78,81,-3,3
70814,137,135,2,2
70815,94,98,-4,4
70816,63,60,3,3
70817,122,130,-8,8
70818,145,133,12,12
70819,110,97,13,13
70820,86,79,7,7
70821,160,149,11,11
70822,149,137,12,12
70823,93,86,7,7
70824,77,72,5,5
70825,43,54,-11,11
70826,85,93,-8,8
70827,85,78,7,7
70828,71,70,1,1
70829,68,75,-7,7
70830,85,89,-4,4
70831,74,85,-11,11
70832,152,162,-10,10
70833,161,143,18,18
70834,130,131,-1,1
70835,83,79,4,4
70836,102,103,-1,1
70837,96,103,-7,7
70838,111,113,-2,2
70839,41,47,-6,6
70840,54,64,-10,10
70841,119,112,7,7
70842,89,76,13,13
70843,105,97,8,8
70844,163,150,13,13
70845,102,100,2,2
70846,90,89,1,1
70847,52,67,-15,15
70848,61,63,-2,2
70849,84,95,-11,11
70850,87,91,-4,4
70851,56,70,-14,14
70852,86,97,-11,11
70853,153,139,14,14
70854,130,114,16,16
70855,171,154,17,17
70856,81,83,-2,2
70857,76,73,3,3
70858,82,90,-8,8
70859,114,118,-4,4
70860,103,103,0,0
70861,98,96,2,2
70862,130,125,5,5
70863,145,125,20,20
70864,66,82,-16,16
70865,136,113,23,23
70866,96,107,-11,11
70867,35,50,-15,15
70868,77,76,1,1
70869,108,103,5,5
70870,91,105,-14,14
70871,68,74,-6,6
70872,114,113,1,1
70873,38,48,-10,10
70874,123,101,22,22
70875,81,83,-2,2
70876,96,88,8,8
70877,89,82,7,7
70878,129,141,-12,12
70879,93,92,1,1
70880,57,60,-3,3
70881,81,76,5,5
70882,137,127,10,10
70883,83,77,6,6
70884,97,97,0,0
70885,100,98,2,2
70886,83,87,-4,4
70887,94,87,7,7
70888,87,98,-11,11
70889,154,144,10,10
70890,126,115,11,11
70891,74,73,1,1
70892,87,92,-5,5
70893,62,72,-10,10
70894,61,64,-3,3
70895,94,83,11,11
70896,91,85,6,6
70897,67,69,-2,2
70898,87,83,4,4
70899,58,65,-7,7
70900,126,117,9,9
70901,102,95,7,7
70902,97,100,-3,3
70903,60,63,-3,3
70904,84,86,-2,2
70905,168,129,39,39
70906,89,90,-1,1
70907,60,62,-2,2
70908,99,100,-1,1
70909,119,112,7,7
70910,90,90,0,0
70911,150,146,4,4
70912,95,97,-2,2
70913,79,79,0,0
70914,45,50,-5,5
70915,101,95,6,6
70916,123,112,11,11
70917,145,141,4,4
70918,56,62,-6,6
70919,83,86,-3,3
70920,48,53,-5,5
70921,65,65,0,0
70922,102,105,-3,3
70923,75,76,-1,1
70924,194,204,-10,10
70925,55,62,-7,7
70926,61,64,-3,3
70927,97,95,2,2
70928,123,124,-1,1
70929,47,56,-9,9
70930,99,112,-13,13
70931,88,87,1,1
70932,65,66,-1,1
70933,71,73,-2,2
70934,140,132,8,8
70935,113,110,3,3
70936,70,71,-1,1
70937,123,117,6,6
70938,113,102,11,11
70939,170,151,19,19
70940,101,104,-3,3
70941,113,104,9,9
70942,102,96,6,6
70943,74,77,-3,3
70944,73,81,-8,8
70945,90,98,-8,8
70946,62,62,0,0
70947,104,120,-16,16
70948,119,113,6,6
70949,71,67,4,4
70950,129,136,-7,7
70951,48,58,-10,10
70952,149,151,-2,2
70953,63,66,-3,3
70954,115,111,4,4
70955,110,112,-2,2
70956,93,115,-22,22
70957,100,101,-1,1
70958,90,92,-2,2
70959,46,57,-11,11
70960,126,114,12,12
70961,99,98,1,1
70962,65,65,0,0
70963,77,77,0,0
70964,70,66,4,4
70965,82,93,-11,11
70966,91,93,-2,2
70967,142,130,12,12
70968,73,70,3,3
70969,146,133,13,13
70970,106,104,2,2
70971,185,178,7,7
70972,72,72,0,0
70973,119,106,13,13
70974,56,64,-8,8
70975,110,102,8,8
70976,94,92,2,2
70977,79,88,-9,9
70978,50,54,-4,4
70979,86,86,0,0
70980,73,71,2,2
70981,81,81,0,0
70982,68,74,-6,6
70983,69,75,-6,6
70984,135,119,16,16
70985,162,140,22,22
70986,107,100,7,7
70987,74,76,-2,2
70988,61,67,-6,6
70989,101,94,7,7
70990,70,68,2,2
70991,101,123,-22,22
70992,61,67,-6,6
70993,103,102,1,1
70994,47,109,-62,62
70995,87,88,-1,1
70996,73,75,-2,2
70997,100,86,14,14
70998,97,89,8,8
70999,75,79,-4,4
71000,77,77,0,0
71001,59,59,0,0
71002,136,133,3,3
71003,44,50,-6,6
71004,149,138,11,11
71005,85,88,-3,3
71006,132,128,4,4
71007,54,60,-6,6
71008,98,94,4,4
71009,102,107,-5,5
71010,122,116,6,6
71011,70,69,1,1
71012,121,126,-5,5
71013,86,89,-3,3
71014,99,97,2,2
71015,71,69,2,2
71016,113,106,7,7
71017,100,98,2,2
71018,61,62,-1,1
71019,69,75,-6,6
71020,103,112,-9,9
71021,122,137,-15,15
71022,90,83,7,7
71023,113,99,14,14
71024,99,107,-8,8
71025,100,90,10,10
71026,77,81,-4,4
71027,84,81,3,3
71028,101,95,6,6
71029,86,87,-1,1
71030,43,50,-7,7
71031,73,77,-4,4
71032,128,121,7,7
71033,81,73,8,8
71034,67,61,6,6
71035,137,131,6,6
71036,77,75,2,2
71037,52,60,-8,8
71038,103,110,-7,7
71039,107,104,3,3
71040,101,93,8,8
71041,80,82,-2,2
71042,114,112,2,2
71043,112,115,-3,3
71044,118,103,15,15
71045,110,109,1,1
71046,88,83,5,5
71047,63,85,-22,22
71048,125,112,13,13
71049,126,113,13,13
71050,68,77,-9,9
71051,59,67,-8,8
71052,69,72,-3,3
71053,90,81,9,9
71054,108,112,-4,4
71055,80,86,-6,6
71056,63,66,-3,3
71057,52,58,-6,6
71058,72,78,-6,6
71059,76,79,-3,3
71060,92,91,1,1
71061,133,150,-17,17
71062,65,71,-6,6
71063,69,67,2,2
71064,121,107,14,14
71065,92,86,6,6
71066,67,68,-1,1
71067,134,125,9,9
71068,81,77,4,4
71069,68,82,-14,14
71070,67,70,-3,3
71071,52,57,-5,5
71072,107,105,2,2
71073,120,111,9,9
71074,133,130,3,3
71075,150,132,18,18
71076,124,138,-14,14
71077,86,90,-4,4
71078,29,39,-10,10
71079,170,149,21,21
71080,88,84,4,4
71081,158,144,14,14
71082,58,62,-4,4
71083,129,120,9,9
71084,94,91,3,3
71085,116,112,4,4
71086,159,148,11,11
71087,86,85,1,1
71088,174,172,2,2
71089,104,97,7,7
71090,90,79,11,11
71091,101,98,3,3
71092,107,109,-2,2
71093,133,114,19,19
71094,70,67,3,3
71095,100,98,2,2
71096,174,165,9,9
71097,41,48,-7,7
71098,85,87,-2,2
71099,76,73,3,3
71100,73,76,-3,3
71101,131,128,3,3
71102,83,84,-1,1
71103,88,95,-7,7
71104,128,125,3,3
71105,86,89,-3,3
71106,163,153,10,10
71107,104,103,1,1
71108,50,56,-6,6
71109,114,96,18,18
71110,108,108,0,0
71111,72,77,-5,5
71112,63,67,-4,4
71113,51,58,-7,7
71114,94,93,1,1
71115,76,70,6,6
71116,39,44,-5,5
71117,100,98,2,2
71118,64,65,-1,1
71119,87,84,3,3
71120,112,104,8,8
71121,105,106,-1,1
71122,84,89,-5,5
71123,135,125,10,10
71124,66,67,-1,1
71125,164,156,8,8
71126,53,62,-9,9
71127,131,115,16,16
71128,97,96,1,1
71129,44,58,-14,14
71130,85,87,-2,2
71131,58,55,3,3
71132,105,112,-7,7
71133,51,56,-5,5
71134,67,69,-2,2
71135,82,93,-11,11
71136,100,92,8,8
71137,154,134,20,20
71138,89,93,-4,4
71139,88,83,5,5
71140,104,90,14,14
71141,82,70,12,12
71142,97,94,3,3
71143,87,102,-15,15
71144,71,65,6,6
71145,87,93,-6,6
71146,71,71,0,0
71147,168,156,12,12
71148,124,113,11,11
71149,75,70,5,5
71150,137,108,29,29
71151,131,124,7,7
71152,161,159,2,2
71153,80,77,3,3
71154,109,105,4,4
71155,65,68,-3,3
71156,152,150,2,2
71157,120,112,8,8
71158,116,114,2,2
71159,82,98,-16,16
71160,214,191,23,23
71161,75,74,1,1
71162,95,88,7,7
71163,120,112,8,8
71164,126,123,3,3
71165,112,106,6,6
71166,115,123,-8,8
71167,94,90,4,4
71168,84,90,-6,6
71169,99,102,-3,3
71170,69,66,3,3
71171,62,63,-1,1
71172,106,105,1,1
71173,110,102,8,8
71174,78,84,-6,6
71175,161,183,-22,22
71176,140,102,38,38
71177,83,99,-16,16
71178,110,102,8,8
71179,50,57,-7,7
71180,160,142,18,18
71181,93,88,5,5
71182,161,152,9,9
71183,37,48,-11,11
71184,58,54,4,4
71185,109,121,-12,12
71186,99,101,-2,2
71187,124,141,-17,17
71188,65,64,1,1
71189,113,107,6,6
71190,114,124,-10,10
71191,127,116,11,11
71192,99,92,7,7
71193,83,79,4,4
71194,74,79,-5,5
71195,112,114,-2,2
71196,76,76,0,0
71197,86,84,2,2
71198,59,67,-8,8
71199,185,159,26,26
71200,113,95,18,18
71201,90,89,1,1
71202,60,68,-8,8
71203,136,118,18,18
71204,94,95,-1,1
71205,100,93,7,7
71206,93,89,4,4
71207,80,83,-3,3
71208,138,120,18,18
71209,123,114,9,9
71210,84,85,-1,1
71211,96,102,-6,6
71212,123,117,6,6
71213,46,86,-40,40
71214,54,56,-2,2
71215,135,131,4,4
71216,135,120,15,15
71217,79,85,-6,6
71218,127,115,12,12
71219,75,80,-5,5
71220,43,64,-21,21
71221,107,89,18,18
71222,86,77,9,9
71223,114,118,-4,4
71224,56,56,0,0
71225,80,79,1,1
71226,86,79,7,7
71227,62,61,1,1
71228,78,70,8,8
71229,158,155,3,3
71230,96,111,-15,15
71231,88,86,2,2
71232,62,62,0,0
71233,116,106,10,10
71234,103,106,-3,3
71235,108,118,-10,10
71236,96,94,2,2
71237,65,69,-4,4
71238,64,70,-6,6
71239,136,124,12,12
71240,92,98,-6,6
71241,66,64,2,2
71242,106,108,-2,2
71243,168,146,22,22
71244,91,91,0,0
71245,90,98,-8,8
71246,83,84,-1,1
71247,198,183,15,15
71248,98,97,1,1
71249,116,99,17,17
71250,77,83,-6,6
71251,95,95,0,0
71252,113,111,2,2
71253,102,99,3,3
71254,54,57,-3,3
71255,138,139,-1,1
71256,76,78,-2,2
71257,58,60,-2,2
71258,74,74,0,0
71259,93,94,-1,1
71260,56,77,-21,21
71261,139,137,2,2
71262,169,169,0,0
71263,131,130,1,1
71264,64,54,10,10
71265,89,94,-5,5
71266,111,102,9,9
71267,149,141,8,8
71268,86,83,3,3
71269,67,96,-29,29
71270,54,58,-4,4
71271,47,57,-10,10
71272,43,55,-12,12
71273,90,93,-3,3
71274,139,124,15,15
71275,62,66,-4,4
71276,67,74,-7,7
71277,75,78,-3,3
71278,87,86,1,1
71279,82,79,3,3
71280,41,53,-12,12
71281,86,87,-1,1
71282,151,135,16,16
71283,87,84,3,3
71284,107,106,1,1
71285,67,69,-2,2
71286,90,100,-10,10
71287,133,128,5,5
71288,42,48,-6,6
71289,124,112,12,12
71290,66,69,-3,3
71291,74,76,-2,2
71292,54,56,-2,2
71293,123,118,5,5
71294,137,132,5,5
71295,67,67,0,0
71296,113,118,-5,5
71297,103,94,9,9
71298,161,141,20,20
71299,114,104,10,10
71300,112,115,-3,3
71301,103,101,2,2
71302,112,113,-1,1
71303,123,126,-3,3
71304,65,70,-5,5
71305,97,90,7,7
71306,68,65,3,3
71307,69,63,6,6
71308,69,67,2,2
71309,143,132,11,11
71310,107,103,4,4
71311,59,77,-18,18
71312,125,113,12,12
71313,57,66,-9,9
71314,108,111,-3,3
71315,86,87,-1,1
71316,98,96,2,2
71317,82,81,1,1
71318,87,115,-28,28
71319,65,69,-4,4
71320,96,89,7,7
71321,60,59,1,1
71322,77,78,-1,1
71323,81,79,2,2
71324,147,137,10,10
71325,75,68,7,7
71326,75,74,1,1
71327,85,96,-11,11
71328,94,92,2,2
71329,158,152,6,6
71330,103,80,23,23
71331,125,113,12,12
71332,119,140,-21,21
71333,109,105,4,4
71334,64,64,0,0
71335,74,78,-4,4
71336,33,41,-8,8
71337,104,100,4,4
71338,73,77,-4,4
71339,148,125,23,23
71340,57,67,-10,10
71341,62,62,0,0
71342,143,131,12,12
71343,96,108,-12,12
71344,61,66,-5,5
71345,126,124,2,2
71346,66,84,-18,18
71347,97,102,-5,5
71348,58,66,-8,8
71349,85,85,0,0
71350,207,189,18,18
71351,114,109,5,5
71352,105,102,3,3
71353,92,92,0,0
71354,80,78,2,2
71355,97,97,0,0
71356,93,93,0,0
71357,55,59,-4,4
71358,89,85,4,4
71359,116,113,3,3
71360,98,99,-1,1
71361,79,75,4,4
71362,127,125,2,2
71363,112,105,7,7
71364,131,114,17,17
71365,92,95,-3,3
71366,81,79,2,2
71367,236,211,25,25
71368,110,122,-12,12
71369,66,71,-5,5
71370,100,108,-8,8
71371,98,101,-3,3
71372,118,108,10,10
71373,91,97,-6,6
71374,162,139,23,23
71375,77,73,4,4
71376,67,71,-4,4
71377,131,125,6,6
71378,103,103,0,0
71379,57,62,-5,5
71380,93,85,8,8
71381,72,79,-7,7
71382,67,62,5,5
71383,49,63,-14,14
71384,72,72,0,0
71385,56,59,-3,3
71386,154,174,-20,20
71387,72,79,-7,7
71388,44,57,-13,13
71389,97,98,-1,1
71390,173,139,34,34
71391,151,139,12,12
71392,92,86,6,6
71393,41,63,-22,22
71394,101,104,-3,3
71395,151,127,24,24
71396,112,101,11,11
71397,82,85,-3,3
71398,147,136,11,11
71399,104,92,12,12
71400,156,141,15,15
71401,69,68,1,1
71402,88,92,-4,4
71403,49,60,-11,11
71404,72,75,-3,3
71405,87,87,0,0
71406,83,78,5,5
71407,78,69,9,9
71408,109,112,-3,3
71409,118,127,-9,9
71410,146,175,-29,29
71411,95,90,5,5
71412,139,129,10,10
71413,112,114,-2,2
71414,74,85,-11,11
71415,101,107,-6,6
71416,69,69,0,0
71417,60,60,0,0
71418,52,57,-5,5
71419,70,71,-1,1
71420,52,54,-2,2
71421,93,96,-3,3
71422,75,76,-1,1
71423,50,65,-15,15
71424,64,68,-4,4
71425,167,138,29,29
71426,59,65,-6,6
71427,117,115,2,2
71428,97,96,1,1
71429,93,97,-4,4
71430,70,76,-6,6
71431,91,83,8,8
71432,52,59,-7,7
71433,97,100,-3,3
71434,66,59,7,7
71435,91,89,2,2
71436,72,106,-34,34
71437,113,104,9,9
71438,91,87,4,4
71439,50,65,-15,15
71440,85,106,-21,21
71441,167,157,10,10
71442,78,80,-2,2
71443,149,136,13,13
71444,102,97,5,5
71445,116,112,4,4
71446,69,78,-9,9
71447,63,66,-3,3
71448,108,113,-5,5
71449,81,79,2,2
71450,82,83,-1,1
71451,113,113,0,0
71452,83,86,-3,3
71453,97,92,5,5
71454,78,94,-16,16
71455,102,100,2,2
71456,109,112,-3,3
71457,64,73,-9,9
71458,98,96,2,2
71459,156,137,19,19
71460,126,124,2,2
71461,90,93,-3,3
71462,122,115,7,7
71463,67,72,-5,5
71464,60,62,-2,2
71465,60,68,-8,8
71466,73,73,0,0
71467,135,135,0,0
71468,116,111,5,5
71469,92,89,3,3
71470,116,113,3,3
71471,76,76,0,0
71472,137,132,5,5
71473,38,55,-17,17
71474,212,188,24,24
71475,115,112,3,3
71476,170,155,15,15
71477,140,153,-13,13
71478,194,160,34,34
71479,119,113,6,6
71480,46,55,-9,9
71481,67,68,-1,1
71482,114,108,6,6
71483,107,125,-18,18
71484,83,102,-19,19
71485,103,98,5,5
71486,75,83,-8,8
71487,117,144,-27,27
71488,59,59,0,0
71489,68,93,-25,25
71490,117,119,-2,2
71491,142,124,18,18
71492,50,54,-4,4
71493,72,76,-4,4
71494,114,122,-8,8
71495,161,154,7,7
71496,104,101,3,3
71497,241,212,29,29
71498,72,73,-1,1
71499,89,95,-6,6
71500,76,76,0,0
71501,97,100,-3,3
71502,93,86,7,7
71503,73,67,6,6
71504,67,60,7,7
71505,89,93,-4,4
71506,91,94,-3,3
71507,112,112,0,0
71508,156,152,4,4
71509,59,65,-6,6
71510,71,77,-6,6
71511,35,41,-6,6
71512,60,62,-2,2
71513,151,152,-1,1
71514,83,85,-2,2
71515,114,113,1,1
71516,66,64,2,2
71517,68,73,-5,5
71518,128,122,6,6
71519,168,137,31,31
71520,84,85,-1,1
71521,87,89,-2,2
71522,94,93,1,1
71523,44,59,-15,15
71524,93,97,-4,4
71525,135,124,11,11
71526,80,76,4,4
71527,105,98,7,7
71528,86,89,-3,3
71529,115,115,0,0
71530,183,156,27,27
71531,120,113,7,7
71532,25,45,-20,20
71533,53,58,-5,5
71534,131,112,19,19
71535,164,151,13,13
71536,74,76,-2,2
71537,125,117,8,8
71538,91,98,-7,7
71539,106,95,11,11
71540,95,92,3,3
71541,75,72,3,3
71542,114,104,10,10
71543,70,68,2,2
71544,89,82,7,7
71545,37,39,-2,2
71546,90,85,5,5
71547,60,63,-3,3
71548,106,109,-3,3
71549,59,66,-7,7
71550,114,119,-5,5
71551,69,68,1,1
71552,96,101,-5,5
71553,90,80,10,10
71554,132,135,-3,3
71555,117,114,3,3
71556,78,80,-2,2
71557,63,71,-8,8
71558,96,103,-7,7
71559,132,105,27,27
71560,83,80,3,3
71561,114,109,5,5
71562,109,104,5,5
71563,97,91,6,6
71564,81,83,-2,2
71565,95,94,1,1
71566,82,86,-4,4
71567,127,129,-2,2
71568,108,108,0,0
71569,91,102,-11,11
71570,87,87,0,0
71571,92,90,2,2
71572,165,154,11,11
71573,85,86,-1,1
71574,50,63,-13,13
71575,62,62,0,0
71576,97,99,-2,2
71577,87,93,-6,6
71578,66,62,4,4
71579,76,74,2,2
71580,75,79,-4,4
71581,172,156,16,16
71582,45,53,-8,8
71583,86,90,-4,4
71584,73,83,-10,10
71585,189,159,30,30
71586,65,68,-3,3
71587,76,75,1,1
71588,95,94,1,1
71589,95,90,5,5
71590,87,90,-3,3
71591,108,105,3,3
71592,91,80,11,11
71593,69,77,-8,8
71594,141,144,-3,3
71595,75,76,-1,1
71596,82,88,-6,6
71597,55,58,-3,3
71598,55,68,-13,13
71599,121,115,6,6
71600,55,55,0,0
71601,131,115,16,16
71602,111,102,9,9
71603,52,62,-10,10
71604,141,127,14,14
71605,82,79,3,3
71606,49,56,-7,7
71607,67,81,-14,14
71608,65,67,-2,2
71609,116,115,1,1
71610,112,113,-1,1
71611,117,111,6,6
71612,137,132,5,5
71613,95,101,-6,6
71614,59,66,-7,7
71615,84,92,-8,8
71616,89,79,10,10
71617,137,133,4,4
71618,194,163,31,31
71619,144,126,18,18
71620,106,98,8,8
71621,122,108,14,14
71622,67,76,-9,9
71623,104,106,-2,2
71624,114,111,3,3
71625,84,97,-13,13
71626,49,67,-18,18
71627,232,189,43,43
71628,79,74,5,5
71629,101,103,-2,2
71630,105,103,2,2
71631,104,104,0,0
71632,221,186,35,35
71633,124,107,17,17
71634,154,139,15,15
71635,110,103,7,7
71636,75,78,-3,3
71637,175,162,13,13
71638,162,159,3,3
71639,169,145,24,24
71640,82,97,-15,15
71641,69,68,1,1
71642,63,68,-5,5
71643,101,104,-3,3
71644,59,61,-2,2
71645,123,121,2,2
71646,105,111,-6,6
71647,99,91,8,8
71648,58,68,-10,10
71649,103,99,4,4
71650,77,87,-10,10
71651,64,62,2,2
71652,49,54,-5,5
71653,96,94,2,2
71654,78,78,0,0
71655,124,127,-3,3
71656,66,86,-20,20
71657,163,149,14,14
71658,140,147,-7,7
71659,77,79,-2,2
71660,55,65,-10,10
71661,64,63,1,1
71662,73,77,-4,4
71663,86,91,-5,5
71664,87,89,-2,2
71665,80,87,-7,7
71666,74,83,-9,9
71667,69,65,4,4
71668,118,114,4,4
71669,74,80,-6,6
71670,162,153,9,9
71671,63,69,-6,6
71672,88,88,0,0
71673,105,107,-2,2
71674,70,63,7,7
71675,86,92,-6,6
71676,82,80,2,2
71677,181,177,4,4
71678,60,64,-4,4
71679,139,135,4,4
71680,45,45,0,0
71681,84,85,-1,1
71682,87,84,3,3
71683,94,85,9,9
71684,94,94,0,0
71685,102,120,-18,18
71686,82,80,2,2
71687,102,89,13,13
71688,51,55,-4,4
71689,91,88,3,3
71690,92,95,-3,3
71691,119,118,1,1
71692,98,102,-4,4
71693,92,89,3,3
71694,144,136,8,8
71695,117,122,-5,5
71696,61,60,1,1
71697,55,55,0,0
71698,89,84,5,5
71699,83,83,0,0
71700,122,110,12,12
71701,101,104,-3,3
71702,71,77,-6,6
71703,183,176,7,7
71704,79,81,-2,2
71705,68,83,-15,15
71706,124,121,3,3
71707,96,90,6,6
71708,82,77,5,5
71709,99,108,-9,9
71710,145,121,24,24
71711,143,137,6,6
71712,131,132,-1,1
71713,83,81,2,2
71714,118,130,-12,12
71715,65,70,-5,5
71716,52,62,-10,10
71717,78,76,2,2
71718,76,77,-1,1
71719,142,128,14,14
71720,90,83,7,7
71721,64,67,-3,3
71722,70,69,1,1
71723,81,94,-13,13
71724,155,144,11,11
71725,94,110,-16,16
71726,64,65,-1,1
71727,83,78,5,5
71728,112,111,1,1
71729,112,95,17,17
71730,132,126,6,6
71731,84,79,5,5
71732,63,68,-5,5
71733,78,85,-7,7
71734,143,131,12,12
71735,71,75,-4,4
71736,94,93,1,1
71737,75,76,-1,1
71738,54,65,-11,11
71739,81,71,10,10
71740,72,78,-6,6
71741,95,91,4,4
71742,136,126,10,10
71743,89,86,3,3
71744,66,71,-5,5
71745,95,89,6,6
71746,85,86,-1,1
71747,114,113,1,1
71748,70,65,5,5
71749,70,71,-1,1
71750,115,113,2,2
71751,139,136,3,3
71752,104,97,7,7
71753,65,68,-3,3
71754,145,131,14,14
71755,108,103,5,5
71756,81,81,0,0
71757,85,75,10,10
71758,59,70,-11,11
71759,146,149,-3,3
71760,89,100,-11,11
71761,94,93,1,1
71762,82,79,3,3
71763,58,67,-9,9
71764,78,78,0,0
71765,92,82,10,10
71766,65,66,-1,1
71767,100,96,4,4
71768,126,119,7,7
71769,115,105,10,10
71770,64,60,4,4
71771,67,72,-5,5
71772,114,102,12,12
71773,73,74,-1,1
71774,86,84,2,2
71775,92,85,7,7
71776,393,341,52,52
71777,121,134,-13,13
71778,77,87,-10,10
71779,106,92,14,14
71780,81,84,-3,3
71781,99,82,17,17
71782,150,149,1,1
71783,98,98,0,0
71784,107,109,-2,2
71785,59,58,1,1
71786,53,51,2,2
71787,99,95,4,4
71788,138,132,6,6
71789,58,67,-9,9
71790,85,84,1,1
71791,129,120,9,9
71792,60,61,-1,1
71793,67,65,2,2
71794,107,100,7,7
71795,42,56,-14,14
71796,73,73,0,0
71797,81,90,-9,9
71798,154,127,27,27
71799,84,84,0,0
71800,67,71,-4,4
71801,62,60,2,2
71802,93,89,4,4
71803,119,111,8,8
71804,112,105,7,7
71805,146,137,9,9
71806,45,48,-3,3
71807,127,118,9,9
71808,87,88,-1,1
71809,122,118,4,4
71810,83,77,6,6
71811,116,106,10,10
71812,95,100,-5,5
71813,101,102,-1,1
71814,132,128,4,4
71815,116,109,7,7
71816,79,72,7,7
71817,94,90,4,4
71818,131,122,9,9
71819,61,61,0,0
71820,66,69,-3,3
71821,78,85,-7,7
71822,145,142,3,3
71823,166,162,4,4
71824,88,83,5,5
71825,99,92,7,7
71826,85,92,-7,7
71827,62,65,-3,3
71828,85,90,-5,5
71829,103,101,2,2
71830,123,145,-22,22
71831,43,52,-9,9
71832,89,97,-8,8
71833,61,66,-5,5
71834,65,67,-2,2
71835,81,84,-3,3
71836,77,74,3,3
71837,118,117,1,1
71838,53,56,-3,3
71839,90,80,10,10
71840,101,114,-13,13
71841,88,87,1,1
71842,136,133,3,3
71843,142,131,11,11
71844,79,72,7,7
71845,124,124,0,0
71846,69,69,0,0
71847,55,59,-4,4
71848,84,84,0,0
71849,34,42,-8,8
71850,86,77,9,9
71851,67,61,6,6
71852,234,206,28,28
71853,175,166,9,9
71854,50,52,-2,2
71855,75,72,3,3
71856,61,63,-2,2
71857,103,99,4,4
71858,59,60,-1,1
71859,83,96,-13,13
71860,50,52,-2,2
71861,89,91,-2,2
71862,65,74,-9,9
71863,140,124,16,16
71864,158,150,8,8
71865,113,113,0,0
71866,118,118,0,0
71867,172,149,23,23
71868,119,122,-3,3
71869,106,106,0,0
71870,146,140,6,6
71871,72,74,-2,2
71872,84,86,-2,2
71873,78,83,-5,5
71874,58,58,0,0
71875,85,76,9,9
71876,137,128,9,9
71877,86,114,-28,28
71878,78,74,4,4
71879,88,92,-4,4
71880,108,101,7,7
71881,104,95,9,9
71882,77,90,-13,13
71883,101,100,1,1
71884,109,104,5,5
71885,84,78,6,6
71886,70,68,2,2
71887,134,137,-3,3
71888,51,50,1,1
71889,128,125,3,3
71890,103,112,-9,9
71891,76,78,-2,2
71892,101,110,-9,9
71893,92,94,-2,2
71894,72,77,-5,5
71895,68,74,-6,6
71896,84,84,0,0
71897,88,89,-1,1
71898,119,127,-8,8
71899,56,51,5,5
71900,31,43,-12,12
71901,91,96,-5,5
71902,163,148,15,15
71903,124,113,11,11
71904,71,68,3,3
71905,101,94,7,7
71906,112,140,-28,28
71907,103,101,2,2
71908,74,73,1,1
71909,57,63,-6,6
71910,137,131,6,6
71911,124,111,13,13
71912,77,91,-14,14
71913,83,81,2,2
71914,66,81,-15,15
71915,110,98,12,12
71916,65,67,-2,2
71917,98,101,-3,3
71918,87,85,2,2
71919,90,84,6,6
71920,140,133,7,7
71921,116,112,4,4
71922,128,114,14,14
71923,73,70,3,3
71924,155,167,-12,12
71925,96,101,-5,5
71926,115,113,2,2
71927,63,66,-3,3
71928,57,56,1,1
71929,113,118,-5,5
71930,104,95,9,9
71931,53,62,-9,9
71932,62,65,-3,3
71933,53,60,-7,7
71934,71,68,3,3
71935,76,78,-2,2
71936,117,108,9,9
71937,57,62,-5,5
71938,79,72,7,7
71939,69,86,-17,17
71940,78,75,3,3
71941,40,66,-26,26
71942,58,74,-16,16
71943,105,95,10,10
71944,87,99,-12,12
71945,118,101,17,17
71946,101,112,-11,11
71947,32,38,-6,6
71948,75,77,-2,2
71949,112,109,3,3
71950,112,99,13,13
71951,124,131,-7,7
71952,68,69,-1,1
71953,72,69,3,3
71954,52,56,-4,4
71955,84,82,2,2
71956,78,73,5,5
71957,106,87,19,19
71958,126,126,0,0
71959,103,103,0,0
71960,110,99,11,11
71961,91,83,8,8
71962,149,135,14,14
71963,55,58,-3,3
71964,113,109,4,4
71965,72,71,1,1
71966,79,84,-5,5
71967,125,120,5,5
71968,126,114,12,12
71969,156,159,-3,3
71970,69,68,1,1
71971,59,54,5,5
71972,92,106,-14,14
71973,65,66,-1,1
71974,94,95,-1,1
71975,76,88,-12,12
71976,145,136,9,9
71977,141,135,6,6
71978,71,76,-5,5
71979,91,90,1,1
71980,56,64,-8,8
71981,107,111,-4,4
71982,73,67,6,6
71983,120,129,-9,9
71984,109,75,34,34
71985,125,114,11,11
71986,80,79,1,1
71987,55,60,-5,5
71988,92,95,-3,3
71989,125,119,6,6
71990,74,75,-1,1
71991,65,75,-10,10
71992,85,89,-4,4
71993,41,51,-10,10
71994,73,84,-11,11
71995,133,106,27,27
71996,48,54,-6,6
71997,81,78,3,3
71998,109,118,-9,9
71999,98,97,1,1
72000,123,118,5,5
72001,103,108,-5,5
72002,79,79,0,0
72003,60,66,-6,6
72004,93,92,1,1
72005,162,125,37,37
72006,121,112,9,9
72007,113,117,-4,4
72008,64,68,-4,4
72009,61,69,-8,8
72010,110,106,4,4
72011,106,99,7,7
72012,111,103,8,8
72013,72,81,-9,9
72014,50,51,-1,1
72015,58,55,3,3
72016,112,113,-1,1
72017,86,97,-11,11
72018,77,74,3,3
72019,116,113,3,3
72020,77,79,-2,2
72021,156,138,18,18
72022,94,97,-3,3
72023,152,136,16,16
72024,153,146,7,7
72025,91,91,0,0
72026,114,108,6,6
72027,54,61,-7,7
72028,68,69,-1,1
72029,108,121,-13,13
72030,144,134,10,10
72031,122,111,11,11
72032,94,99,-5,5
72033,100,95,5,5
72034,63,68,-5,5
72035,109,101,8,8
72036,92,79,13,13
72037,104,97,7,7
72038,80,72,8,8
72039,83,82,1,1
72040,115,114,1,1
72041,149,147,2,2
72042,111,112,-1,1
72043,64,74,-10,10
72044,117,102,15,15
72045,68,71,-3,3
72046,98,94,4,4
72047,58,62,-4,4
72048,109,99,10,10
72049,84,80,4,4
72050,59,65,-6,6
72051,122,107,15,15
72052,67,71,-4,4
72053,74,69,5,5
72054,65,70,-5,5
72055,95,90,5,5
72056,90,93,-3,3
72057,71,73,-2,2
72058,46,47,-1,1
72059,37,63,-26,26
72060,128,120,8,8
72061,110,108,2,2
72062,98,106,-8,8
72063,55,56,-1,1
72064,118,109,9,9
72065,28,39,-11,11
72066,164,155,9,9
72067,97,99,-2,2
72068,149,132,17,17
72069,100,92,8,8
72070,102,109,-7,7
72071,99,99,0,0
72072,170,144,26,26
72073,124,125,-1,1
72074,109,120,-11,11
72075,146,131,15,15
72076,170,165,5,5
72077,85,68,17,17
72078,106,100,6,6
72079,96,98,-2,2
72080,105,99,6,6
72081,116,102,14,14
72082,61,67,-6,6
72083,114,112,2,2
72084,105,101,4,4
72085,163,171,-8,8
72086,50,56,-6,6
72087,141,120,21,21
72088,79,89,-10,10
72089,129,122,7,7
72090,82,83,-1,1
72091,61,67,-6,6
72092,69,71,-2,2
72093,62,76,-14,14
72094,93,90,3,3
72095,92,97,-5,5
72096,91,102,-11,11
72097,45,51,-6,6
72098,167,154,13,13
72099,71,71,0,0
72100,43,53,-10,10
72101,122,120,2,2
72102,73,67,6,6
72103,99,93,6,6
72104,82,81,1,1
72105,119,103,16,16
72106,135,119,16,16
72107,46,51,-5,5
72108,102,94,8,8
72109,66,64,2,2
72110,159,157,2,2
72111,93,83,10,10
72112,93,84,9,9
72113,71,72,-1,1
72114,106,87,19,19
72115,99,92,7,7
72116,145,154,-9,9
72117,102,111,-9,9
72118,146,135,11,11
72119,129,122,7,7
72120,105,112,-7,7
72121,119,109,10,10
72122,49,57,-8,8
72123,114,105,9,9
72124,137,136,1,1
72125,84,84,0,0
72126,63,65,-2,2
72127,120,112,8,8
72128,63,62,1,1
72129,153,134,19,19
72130,73,79,-6,6
72131,110,99,11,11
72132,178,166,12,12
72133,73,98,-25,25
72134,80,75,5,5
72135,98,98,0,0
72136,122,122,0,0
72137,122,119,3,3
72138,95,97,-2,2
72139,100,105,-5,5
72140,107,109,-2,2
72141,86,78,8,8
72142,62,62,0,0
72143,77,76,1,1
72144,49,57,-8,8
72145,68,73,-5,5
72146,25,30,-5,5
72147,83,78,5,5
72148,54,49,5,5
72149,122,121,1,1
72150,115,116,-1,1
72151,92,84,8,8
72152,120,128,-8,8
72153,161,150,11,11
72154,100,96,4,4
72155,127,126,1,1
72156,56,61,-5,5
72157,120,113,7,7
72158,319,277,42,42
72159,161,144,17,17
72160,120,108,12,12
72161,119,107,12,12
72162,119,102,17,17
72163,155,134,21,21
72164,90,92,-2,2
72165,43,55,-12,12
72166,67,63,4,4
72167,75,70,5,5
72168,86,84,2,2
72169,107,99,8,8
72170,109,107,2,2
72171,105,109,-4,4
72172,120,121,-1,1
72173,57,59,-2,2
72174,81,85,-4,4
72175,114,106,8,8
72176,101,98,3,3
72177,104,96,8,8
72178,105,94,11,11
72179,93,96,-3,3
72180,117,114,3,3
72181,93,89,4,4
72182,60,64,-4,4
72183,81,68,13,13
72184,96,96,0,0
72185,99,102,-3,3
72186,88,79,9,9
72187,113,113,0,0
72188,91,99,-8,8
72189,142,132,10,10
72190,95,95,0,0
72191,79,84,-5,5
72192,80,96,-16,16
72193,54,56,-2,2
72194,124,113,11,11
72195,86,92,-6,6
72196,154,129,25,25
72197,77,79,-2,2
72198,129,111,18,18
72199,196,167,29,29
72200,78,77,1,1
72201,63,69,-6,6
72202,176,159,17,17
72203,102,100,2,2
72204,102,103,-1,1
72205,92,92,0,0
72206,145,133,12,12
72207,64,67,-3,3
72208,100,93,7,7
72209,96,111,-15,15
72210,96,88,8,8
72211,51,55,-4,4
72212,61,72,-11,11
72213,129,121,8,8
72214,196,176,20,20
72215,61,64,-3,3
72216,86,83,3,3
72217,69,78,-9,9
72218,121,110,11,11
72219,87,93,-6,6
72220,105,98,7,7
72221,67,83,-16,16
72222,71,88,-17,17
72223,165,151,14,14
72224,132,121,11,11
72225,171,159,12,12
72226,81,76,5,5
72227,142,134,8,8
72228,75,77,-2,2
72229,102,93,9,9
72230,86,92,-6,6
72231,136,125,11,11
72232,63,63,0,0
72233,122,119,3,3
72234,89,94,-5,5
72235,97,104,-7,7
72236,67,70,-3,3
72237,105,100,5,5
72238,64,62,2,2
72239,85,98,-13,13
72240,99,105,-6,6
72241,80,67,13,13
72242,115,107,8,8
72243,65,68,-3,3
72244,104,93,11,11
72245,115,111,4,4
72246,147,138,9,9
72247,105,100,5,5
72248,141,130,11,11
72249,163,155,8,8
72250,129,116,13,13
72251,90,94,-4,4
72252,73,75,-2,2
72253,101,96,5,5
72254,103,106,-3,3
72255,53,63,-10,10
72256,67,70,-3,3
72257,78,83,-5,5
72258,75,72,3,3
72259,76,75,1,1
72260,105,102,3,3
72261,103,95,8,8
72262,108,111,-3,3
72263,154,132,22,22
72264,84,89,-5,5
72265,125,119,6,6
72266,71,71,0,0
72267,84,91,-7,7
72268,81,83,-2,2
72269,95,94,1,1
72270,249,210,39,39
72271,101,101,0,0
72272,69,75,-6,6
72273,109,114,-5,5
72274,76,77,-1,1
72275,92,97,-5,5
72276,56,65,-9,9
72277,85,97,-12,12
72278,51,58,-7,7
72279,117,104,13,13
72280,74,78,-4,4
72281,184,160,24,24
72282,82,87,-5,5
72283,93,100,-7,7
72284,87,79,8,8
72285,56,58,-2,2
72286,65,64,1,1
72287,95,91,4,4
72288,112,114,-2,2
72289,110,109,1,1
72290,137,133,4,4
72291,73,76,-3,3
72292,128,117,11,11
72293,99,88,11,11
72294,133,127,6,6
72295,109,107,2,2
72296,74,88,-14,14
72297,99,91,8,8
72298,23,42,-19,19
72299,87,97,-10,10
72300,175,162,13,13
72301,71,75,-4,4
72302,64,70,-6,6
72303,74,86,-12,12
72304,127,123,4,4
72305,136,138,-2,2
72306,114,113,1,1
72307,143,135,8,8
72308,115,112,3,3
72309,83,91,-8,8
72310,118,112,6,6
72311,64,68,-4,4
72312,94,98,-4,4
72313,69,62,7,7
72314,142,130,12,12
72315,75,73,2,2
72316,58,60,-2,2
72317,19,35,-16,16
72318,83,87,-4,4
72319,59,64,-5,5
72320,99,98,1,1
72321,69,73,-4,4
72322,95,90,5,5
72323,248,198,50,50
72324,129,122,7,7
72325,45,55,-10,10
72326,129,126,3,3
72327,99,92,7,7
72328,98,96,2,2
72329,115,114,1,1
72330,136,136,0,0
72331,111,104,7,7
72332,98,101,-3,3
72333,85,96,-11,11
72334,141,132,9,9
72335,94,100,-6,6
72336,94,96,-2,2
72337,112,121,-9,9
72338,107,108,-1,1
72339,127,124,3,3
72340,113,103,10,10
72341,131,112,19,19
72342,69,76,-7,7
72343,51,56,-5,5
72344,148,133,15,15
72345,79,71,8,8
72346,108,112,-4,4
72347,105,112,-7,7
72348,82,98,-16,16
72349,152,159,-7,7
72350,77,85,-8,8
72351,96,103,-7,7
72352,118,126,-8,8
72353,176,168,8,8
72354,161,163,-2,2
72355,74,73,1,1
72356,89,98,-9,9
72357,126,131,-5,5
72358,105,103,2,2
72359,102,100,2,2
72360,74,81,-7,7
72361,122,115,7,7
72362,80,84,-4,4
72363,75,75,0,0
72364,148,142,6,6
72365,129,124,5,5
72366,68,68,0,0
72367,74,89,-15,15
72368,96,88,8,8
72369,88,86,2,2
72370,53,68,-15,15
72371,79,77,2,2
72372,78,76,2,2
72373,69,73,-4,4
72374,134,118,16,16
72375,77,74,3,3
72376,144,126,18,18
72377,102,103,-1,1
72378,112,121,-9,9
72379,122,112,10,10
72380,87,86,1,1
72381,111,112,-1,1
72382,102,101,1,1
72383,73,75,-2,2
72384,86,85,1,1
72385,74,74,0,0
72386,132,118,14,14
72387,128,127,1,1
72388,130,124,6,6
72389,62,64,-2,2
72390,44,53,-9,9
72391,78,82,-4,4
72392,95,93,2,2
72393,95,86,9,9
72394,116,116,0,0
72395,80,78,2,2
72396,57,63,-6,6
72397,84,97,-13,13
72398,122,113,9,9
72399,115,113,2,2
72400,185,160,25,25
72401,144,119,25,25
72402,54,61,-7,7
72403,125,119,6,6
72404,107,114,-7,7
72405,140,143,-3,3
72406,59,64,-5,5
72407,64,70,-6,6
72408,83,87,-4,4
72409,56,60,-4,4
72410,79,72,7,7
72411,58,58,0,0
72412,92,96,-4,4
72413,138,132,6,6
72414,110,105,5,5
72415,197,170,27,27
72416,102,100,2,2
72417,75,74,1,1
72418,127,116,11,11
72419,95,100,-5,5
72420,64,62,2,2
72421,68,75,-7,7
72422,174,160,14,14
72423,61,64,-3,3
72424,74,70,4,4
72425,106,106,0,0
72426,60,67,-7,7
72427,73,85,-12,12
72428,92,90,2,2
72429,189,156,33,33
72430,99,94,5,5
72431,147,135,12,12
72432,120,113,7,7
72433,75,77,-2,2
72434,57,60,-3,3
72435,56,57,-1,1
72436,73,74,-1,1
72437,67,66,1,1
72438,176,158,18,18
72439,131,123,8,8
72440,101,99,2,2
72441,77,75,2,2
72442,90,112,-22,22
72443,106,112,-6,6
72444,120,113,7,7
72445,82,79,3,3
72446,117,113,4,4
72447,57,73,-16,16
72448,57,70,-13,13
72449,104,100,4,4
72450,85,83,2,2
72451,112,113,-1,1
72452,89,93,-4,4
72453,88,102,-14,14
72454,87,78,9,9
72455,103,121,-18,18
72456,151,135,16,16
72457,92,96,-4,4
72458,98,91,7,7
72459,63,76,-13,13
72460,88,91,-3,3
72461,85,83,2,2
72462,29,38,-9,9
72463,88,97,-9,9
72464,105,112,-7,7
72465,108,102,6,6
72466,69,66,3,3
72467,100,98,2,2
72468,67,75,-8,8
72469,78,69,9,9
72470,97,99,-2,2
72471,84,74,10,10
72472,57,68,-11,11
72473,124,115,9,9
72474,117,113,4,4
72475,101,96,5,5
72476,104,107,-3,3
72477,97,105,-8,8
72478,69,69,0,0
72479,105,102,3,3
72480,78,86,-8,8
72481,75,71,4,4
72482,67,63,4,4
72483,182,156,26,26
72484,49,58,-9,9
72485,89,91,-2,2
72486,72,75,-3,3
72487,97,99,-2,2
72488,72,70,2,2
72489,66,65,1,1
72490,118,121,-3,3
72491,49,58,-9,9
72492,87,83,4,4
72493,157,136,21,21
72494,63,69,-6,6
72495,69,75,-6,6
72496,163,160,3,3
72497,221,211,10,10
72498,60,66,-6,6
72499,97,99,-2,2
72500,64,58,6,6
72501,87,100,-13,13
72502,101,101,0,0
72503,96,95,1,1
72504,111,118,-7,7
72505,67,69,-2,2
72506,112,112,0,0
72507,92,84,8,8
72508,90,101,-11,11
72509,127,132,-5,5
72510,62,67,-5,5
72511,82,88,-6,6
72512,131,113,18,18
72513,66,65,1,1
72514,122,126,-4,4
72515,80,93,-13,13
72516,83,90,-7,7
72517,71,78,-7,7
72518,76,73,3,3
72519,130,134,-4,4
72520,72,65,7,7
72521,51,55,-4,4
72522,114,117,-3,3
72523,62,69,-7,7
72524,46,49,-3,3
72525,58,68,-10,10
72526,84,94,-10,10
72527,69,70,-1,1
72528,59,112,-53,53
72529,65,69,-4,4
72530,175,169,6,6
72531,135,129,6,6
72532,106,103,3,3
72533,72,82,-10,10
72534,124,119,5,5
72535,126,120,6,6
72536,120,118,2,2
72537,92,91,1,1
72538,68,68,0,0
72539,109,102,7,7
72540,74,87,-13,13
72541,61,69,-8,8
72542,96,95,1,1
72543,115,120,-5,5
72544,88,93,-5,5
72545,112,108,4,4
72546,182,156,26,26
72547,156,140,16,16
72548,156,144,12,12
72549,103,91,12,12
72550,89,85,4,4
72551,114,102,12,12
72552,106,97,9,9
72553,85,75,10,10
72554,107,98,9,9
72555,75,74,1,1
72556,84,88,-4,4
72557,120,114,6,6
72558,95,87,8,8
72559,48,55,-7,7
72560,65,63,2,2
72561,59,68,-9,9
72562,85,83,2,2
72563,125,116,9,9
72564,89,86,3,3
72565,92,89,3,3
72566,131,132,-1,1
72567,83,84,-1,1
72568,81,78,3,3
72569,82,76,6,6
72570,66,67,-1,1
72571,126,126,0,0
72572,167,150,17,17
72573,103,105,-2,2
72574,119,111,8,8
72575,133,131,2,2
72576,138,135,3,3
72577,136,129,7,7
72578,57,62,-5,5
72579,111,105,6,6
72580,75,79,-4,4
72581,64,65,-1,1
72582,111,112,-1,1
72583,126,124,2,2
72584,147,135,12,12
72585,188,158,30,30
72586,123,66,57,57
72587,87,98,-11,11
72588,77,77,0,0
72589,82,78,4,4
72590,83,84,-1,1
72591,69,77,-8,8
72592,136,135,1,1
72593,53,65,-12,12
72594,81,84,-3,3
72595,124,125,-1,1
72596,111,103,8,8
72597,120,120,0,0
72598,66,73,-7,7
72599,68,70,-2,2
72600,147,147,0,0
72601,193,168,25,25
72602,62,65,-3,3
72603,113,113,0,0
72604,83,84,-1,1
72605,114,116,-2,2
72606,138,136,2,2
72607,63,73,-10,10
72608,153,135,18,18
72609,75,83,-8,8
72610,104,106,-2,2
72611,138,139,-1,1
72612,86,77,9,9
72613,85,86,-1,1
72614,132,128,4,4
72615,86,85,1,1
72616,60,68,-8,8
72617,119,113,6,6
72618,233,201,32,32
72619,125,127,-2,2
72620,128,123,5,5
72621,135,132,3,3
72622,92,87,5,5
72623,134,125,9,9
72624,108,103,5,5
72625,154,137,17,17
72626,149,144,5,5
72627,112,102,10,10
72628,117,112,5,5
72629,158,149,9,9
72630,83,79,4,4
72631,92,92,0,0
72632,80,77,3,3
72633,86,91,-5,5
72634,23,35,-12,12
72635,90,91,-1,1
72636,129,128,1,1
72637,122,118,4,4
72638,49,58,-9,9
72639,58,68,-10,10
72640,115,107,8,8
72641,92,91,1,1
72642,146,159,-13,13
72643,69,87,-18,18
72644,107,115,-8,8
72645,152,137,15,15
72646,106,98,8,8
72647,78,80,-2,2
72648,122,107,15,15
72649,97,104,-7,7
72650,62,67,-5,5
72651,125,122,3,3
72652,172,156,16,16
72653,73,76,-3,3
72654,88,88,0,0
72655,69,71,-2,2
72656,72,66,6,6
72657,87,90,-3,3
72658,53,60,-7,7
72659,65,68,-3,3
72660,117,113,4,4
72661,105,108,-3,3
72662,168,155,13,13
72663,83,94,-11,11
72664,65,70,-5,5
72665,108,102,6,6
72666,45,54,-9,9
72667,123,112,11,11
72668,62,68,-6,6
72669,69,72,-3,3
72670,65,69,-4,4
72671,88,99,-11,11
72672,70,71,-1,1
72673,115,112,3,3
72674,68,68,0,0
72675,109,107,2,2
72676,117,116,1,1
72677,68,71,-3,3
72678,93,91,2,2
72679,76,73,3,3
72680,147,129,18,18
72681,124,115,9,9
72682,146,134,12,12
72683,104,112,-8,8
72684,85,90,-5,5
72685,107,96,11,11
72686,131,114,17,17
72687,71,70,1,1
72688,78,72,6,6
72689,69,72,-3,3
72690,124,130,-6,6
72691,101,94,7,7
72692,64,62,2,2
72693,69,71,-2,2
72694,60,71,-11,11
72695,97,92,5,5
72696,78,75,3,3
72697,106,125,-19,19
72698,102,96,6,6
72699,102,101,1,1
72700,135,130,5,5
72701,84,96,-12,12
72702,132,122,10,10
72703,81,72,9,9
72704,55,54,1,1
72705,80,77,3,3
72706,89,102,-13,13
72707,218,305,-87,87
72708,68,65,3,3
72709,136,113,23,23
72710,78,75,3,3
72711,66,72,-6,6
72712,115,112,3,3
72713,102,95,7,7
72714,64,69,-5,5
72715,32,36,-4,4
72716,61,60,1,1
72717,98,99,-1,1
72718,87,72,15,15
72719,75,68,7,7
72720,131,119,12,12
72721,82,91,-9,9
72722,102,97,5,5
72723,68,66,2,2
72724,129,125,4,4
72725,147,140,7,7
72726,54,58,-4,4
72727,95,96,-1,1
72728,181,169,12,12
72729,102,103,-1,1
72730,49,60,-11,11
72731,100,92,8,8
72732,72,77,-5,5
72733,137,141,-4,4
72734,57,59,-2,2
72735,85,81,4,4
72736,69,72,-3,3
72737,44,44,0,0
72738,102,101,1,1
72739,140,134,6,6
72740,59,64,-5,5
72741,59,71,-12,12
72742,67,65,2,2
72743,96,98,-2,2
72744,54,54,0,0
72745,81,76,5,5
72746,154,145,9,9
72747,134,136,-2,2
72748,100,82,18,18
72749,104,96,8,8
72750,92,103,-11,11
72751,63,67,-4,4
72752,115,98,17,17
72753,55,60,-5,5
72754,163,153,10,10
72755,122,123,-1,1
72756,106,100,6,6
72757,90,96,-6,6
72758,97,92,5,5
72759,69,71,-2,2
72760,86,87,-1,1
72761,87,90,-3,3
72762,134,121,13,13
72763,83,92,-9,9
72764,96,99,-3,3
72765,75,70,5,5
72766,91,79,12,12
72767,74,69,5,5
72768,105,104,1,1
72769,109,102,7,7
72770,50,70,-20,20
72771,83,70,13,13
72772,101,99,2,2
72773,98,101,-3,3
72774,78,79,-1,1
72775,115,103,12,12
72776,151,135,16,16
72777,50,51,-1,1
72778,111,112,-1,1
72779,75,85,-10,10
72780,191,178,13,13
72781,82,77,5,5
72782,133,122,11,11
72783,131,128,3,3
72784,69,68,1,1
72785,112,104,8,8
72786,52,62,-10,10
72787,109,120,-11,11
72788,82,85,-3,3
72789,106,111,-5,5
72790,36,44,-8,8
72791,84,86,-2,2
72792,103,98,5,5
72793,56,62,-6,6
72794,78,77,1,1
72795,69,69,0,0
72796,67,69,-2,2
72797,83,92,-9,9
72798,103,105,-2,2
72799,84,83,1,1
72800,68,75,-7,7
72801,78,78,0,0
72802,118,112,6,6
72803,112,109,3,3
72804,108,108,0,0
72805,113,111,2,2
72806,116,101,15,15
72807,67,67,0,0
72808,110,112,-2,2
72809,100,94,6,6
72810,111,100,11,11
72811,82,88,-6,6
72812,157,149,8,8
72813,75,78,-3,3
72814,102,100,2,2
72815,90,91,-1,1
72816,60,64,-4,4
72817,88,90,-2,2
72818,96,97,-1,1
72819,117,132,-15,15
72820,76,83,-7,7
72821,166,144,22,22
72822,187,153,34,34
72823,73,67,6,6
72824,91,96,-5,5
72825,125,122,3,3
72826,60,67,-7,7
72827,91,89,2,2
72828,99,113,-14,14
72829,80,72,8,8
72830,125,121,4,4
72831,111,115,-4,4
72832,54,61,-7,7
72833,192,173,19,19
72834,159,143,16,16
72835,71,69,2,2
72836,80,87,-7,7
72837,58,61,-3,3
72838,78,73,5,5
72839,146,129,17,17
72840,73,71,2,2
72841,178,152,26,26
72842,94,95,-1,1
72843,131,123,8,8
72844,70,62,8,8
72845,126,125,1,1
72846,84,84,0,0
72847,80,85,-5,5
72848,214,188,26,26
72849,111,107,4,4
72850,134,135,-1,1
72851,89,96,-7,7
72852,124,134,-10,10
72853,112,103,9,9
72854,94,101,-7,7
72855,110,104,6,6
72856,143,137,6,6
72857,70,73,-3,3
72858,112,113,-1,1
72859,88,86,2,2
72860,89,81,8,8
72861,78,74,4,4
72862,121,112,9,9
72863,69,71,-2,2
72864,82,84,-2,2
72865,137,162,-25,25
72866,116,114,2,2
72867,169,153,16,16
72868,108,97,11,11
72869,62,62,0,0
72870,66,84,-18,18
72871,126,118,8,8
72872,77,72,5,5
72873,170,159,11,11
72874,48,57,-9,9
72875,123,112,11,11
72876,135,126,9,9
72877,128,125,3,3
72878,108,106,2,2
72879,102,96,6,6
72880,89,92,-3,3
72881,68,72,-4,4
72882,83,76,7,7
72883,174,167,7,7
72884,130,107,23,23
72885,176,156,20,20
72886,87,97,-10,10
72887,69,66,3,3
72888,69,72,-3,3
72889,100,83,17,17
72890,164,153,11,11
72891,94,100,-6,6
72892,82,79,3,3
72893,191,182,9,9
72894,99,99,0,0
72895,78,82,-4,4
72896,68,69,-1,1
72897,121,103,18,18
72898,128,116,12,12
72899,149,142,7,7
72900,164,149,15,15
72901,74,77,-3,3
72902,67,63,4,4
72903,59,66,-7,7
72904,100,116,-16,16
72905,62,74,-12,12
72906,100,99,1,1
72907,79,84,-5,5
72908,137,148,-11,11
72909,74,75,-1,1
72910,94,94,0,0
72911,119,100,19,19
72912,103,95,8,8
72913,95,93,2,2
72914,60,57,3,3
72915,111,105,6,6
72916,34,43,-9,9
72917,78,88,-10,10
72918,97,96,1,1
72919,111,111,0,0
72920,85,92,-7,7
72921,149,136,13,13
72922,90,87,3,3
72923,49,55,-6,6
72924,138,128,10,10
72925,69,66,3,3
72926,79,72,7,7
72927,70,69,1,1
72928,82,84,-2,2
72929,79,80,-1,1
72930,85,97,-12,12
72931,89,83,6,6
72932,67,70,-3,3
72933,106,114,-8,8
72934,70,77,-7,7
72935,74,83,-9,9
72936,55,66,-11,11
72937,164,157,7,7
72938,77,76,1,1
72939,57,59,-2,2
72940,97,108,-11,11
72941,136,141,-5,5
72942,83,83,0,0
72943,66,69,-3,3
72944,92,93,-1,1
72945,92,95,-3,3
72946,71,69,2,2
72947,67,77,-10,10
72948,150,134,16,16
72949,69,75,-6,6
72950,132,121,11,11
72951,194,176,18,18
72952,137,132,5,5
72953,68,73,-5,5
72954,90,97,-7,7
72955,113,111,2,2
72956,61,60,1,1
72957,160,142,18,18
72958,149,143,6,6
72959,48,59,-11,11
72960,128,124,4,4
72961,102,100,2,2
72962,95,98,-3,3
72963,68,64,4,4
72964,164,155,9,9
72965,92,101,-9,9
72966,100,92,8,8
72967,68,75,-7,7
72968,81,83,-2,2
72969,87,82,5,5
72970,121,103,18,18
72971,95,99,-4,4
72972,99,83,16,16
72973,59,70,-11,11
72974,140,127,13,13
72975,109,90,19,19
72976,147,132,15,15
72977,84,86,-2,2
72978,111,106,5,5
72979,85,92,-7,7
72980,63,71,-8,8
72981,64,64,0,0
72982,75,72,3,3
72983,136,115,21,21
72984,140,141,-1,1
72985,45,53,-8,8
72986,159,154,5,5
72987,110,98,12,12
72988,54,68,-14,14
72989,129,129,0,0
72990,170,170,0,0
72991,111,107,4,4
72992,72,69,3,3
72993,129,126,3,3
72994,67,70,-3,3
72995,159,166,-7,7
72996,60,68,-8,8
72997,91,92,-1,1
72998,126,114,12,12
72999,240,196,44,44
73000,113,109,4,4
73001,85,78,7,7
73002,54,59,-5,5
73003,68,69,-1,1
73004,89,85,4,4
73005,142,124,18,18
73006,146,132,14,14
73007,87,85,2,2
73008,122,123,-1,1
73009,81,62,19,19
73010,77,78,-1,1
73011,113,101,12,12
73012,182,179,3,3
73013,111,105,6,6
73014,97,88,9,9
73015,90,88,2,2
73016,149,138,11,11
73017,62,76,-14,14
73018,121,115,6,6
73019,90,88,2,2
73020,64,61,3,3
73021,158,148,10,10
73022,89,90,-1,1
73023,93,92,1,1
73024,82,74,8,8
73025,80,83,-3,3
73026,231,224,7,7
73027,52,60,-8,8
73028,185,156,29,29
73029,125,128,-3,3
73030,116,107,9,9
73031,70,73,-3,3
73032,92,88,4,4
73033,135,134,1,1
73034,83,90,-7,7
73035,78,78,0,0
73036,89,88,1,1
73037,98,95,3,3
73038,74,79,-5,5
73039,117,118,-1,1
73040,65,199,-134,134
73041,80,78,2,2
73042,82,79,3,3
73043,144,145,-1,1
73044,64,66,-2,2
73045,144,135,9,9
73046,46,49,-3,3
73047,29,39,-10,10
73048,81,81,0,0
73049,115,112,3,3
73050,99,94,5,5
73051,80,74,6,6
73052,111,108,3,3
73053,113,111,2,2
73054,119,101,18,18
73055,49,52,-3,3
73056,128,122,6,6
73057,168,154,14,14
73058,52,56,-4,4
73059,115,112,3,3
73060,230,197,33,33
73061,113,130,-17,17
73062,66,65,1,1
73063,102,100,2,2
73064,52,57,-5,5
73065,94,94,0,0
73066,69,74,-5,5
73067,146,151,-5,5
73068,130,122,8,8
73069,82,73,9,9
73070,51,55,-4,4
73071,114,108,6,6
73072,58,69,-11,11
73073,70,78,-8,8
73074,74,74,0,0
73075,75,70,5,5
73076,54,55,-1,1
73077,134,133,1,1
73078,46,49,-3,3
73079,79,75,4,4
73080,66,75,-9,9
73081,114,114,0,0
73082,76,87,-11,11
73083,149,139,10,10
73084,126,116,10,10
73085,91,98,-7,7
73086,56,59,-3,3
73087,131,125,6,6
73088,119,128,-9,9
73089,119,115,4,4
73090,124,120,4,4
73091,142,135,7,7
73092,215,185,30,30
73093,59,63,-4,4
73094,60,61,-1,1
73095,76,81,-5,5
73096,54,55,-1,1
73097,78,89,-11,11
73098,133,138,-5,5
73099,56,56,0,0
73100,79,83,-4,4
73101,74,71,3,3
73102,55,68,-13,13
73103,62,60,2,2
73104,47,51,-4,4
73105,112,115,-3,3
73106,112,104,8,8
73107,122,113,9,9
73108,104,102,2,2
73109,81,99,-18,18
73110,76,85,-9,9
73111,61,63,-2,2
73112,230,178,52,52
73113,87,86,1,1
73114,94,89,5,5
73115,83,79,4,4
73116,154,130,24,24
73117,140,124,16,16
73118,81,86,-5,5
73119,78,74,4,4
73120,112,104,8,8
73121,133,119,14,14
73122,72,76,-4,4
73123,150,120,30,30
73124,133,125,8,8
73125,74,67,7,7
73126,122,116,6,6
73127,90,90,0,0
73128,69,66,3,3
73129,75,80,-5,5
73130,50,50,0,0
73131,135,127,8,8
73132,126,118,8,8
73133,68,81,-13,13
73134,88,87,1,1
73135,78,86,-8,8
73136,55,63,-8,8
73137,94,100,-6,6
73138,57,66,-9,9
73139,70,73,-3,3
73140,150,139,11,11
73141,67,73,-6,6
73142,78,85,-7,7
73143,82,89,-7,7
73144,123,124,-1,1
73145,75,71,4,4
73146,151,149,2,2
73147,79,74,5,5
73148,116,109,7,7
73149,89,84,5,5
73150,143,135,8,8
73151,94,96,-2,2
73152,94,98,-4,4
73153,81,86,-5,5
73154,77,81,-4,4
73155,85,89,-4,4
73156,104,107,-3,3
73157,58,63,-5,5
73158,76,85,-9,9
73159,72,73,-1,1
73160,90,86,4,4
73161,126,130,-4,4
73162,81,83,-2,2
73163,113,110,3,3
73164,72,78,-6,6
73165,111,115,-4,4
73166,94,89,5,5
73167,77,74,3,3
73168,76,70,6,6
73169,91,84,7,7
73170,84,88,-4,4
73171,50,64,-14,14
73172,111,112,-1,1
73173,160,148,12,12
73174,90,84,6,6
73175,165,168,-3,3
73176,153,134,19,19
73177,38,47,-9,9
73178,76,92,-16,16
73179,73,75,-2,2
73180,99,102,-3,3
73181,64,65,-1,1
73182,148,135,13,13
73183,146,139,7,7
73184,86,87,-1,1
73185,70,76,-6,6
73186,74,69,5,5
73187,102,98,4,4
73188,76,69,7,7
73189,115,112,3,3
73190,111,106,5,5
73191,67,69,-2,2
73192,120,128,-8,8
73193,72,75,-3,3
73194,93,92,1,1
73195,256,225,31,31
73196,157,150,7,7
73197,70,71,-1,1
73198,95,104,-9,9
73199,99,100,-1,1
73200,94,94,0,0
73201,81,76,5,5
73202,102,96,6,6
73203,107,107,0,0
73204,137,125,12,12
73205,91,93,-2,2
73206,90,96,-6,6
73207,68,69,-1,1
73208,59,64,-5,5
73209,86,88,-2,2
73210,118,128,-10,10
73211,197,180,17,17
73212,55,60,-5,5
73213,82,79,3,3
73214,96,98,-2,2
73215,88,97,-9,9
73216,72,82,-10,10
73217,56,60,-4,4
73218,110,105,5,5
73219,75,71,4,4
73220,107,116,-9,9
73221,100,105,-5,5
73222,137,123,14,14
73223,76,79,-3,3
73224,174,165,9,9
73225,101,103,-2,2
73226,85,86,-1,1
73227,53,62,-9,9
73228,108,97,11,11
73229,82,78,4,4
73230,84,91,-7,7
73231,92,94,-2,2
73232,125,134,-9,9
73233,93,102,-9,9
73234,54,63,-9,9
73235,113,102,11,11
73236,196,188,8,8
73237,71,67,4,4
73238,75,74,1,1
73239,46,54,-8,8
73240,107,109,-2,2
73241,82,90,-8,8
73242,88,100,-12,12
73243,57,56,1,1
73244,153,133,20,20
73245,131,135,-4,4
73246,111,123,-12,12
73247,136,135,1,1
73248,58,64,-6,6
73249,85,86,-1,1
73250,98,91,7,7
73251,80,83,-3,3
73252,82,91,-9,9
73253,74,69,5,5
73254,135,120,15,15
73255,88,90,-2,2
73256,27,45,-18,18
73257,60,67,-7,7
73258,82,79,3,3
73259,176,168,8,8
73260,163,135,28,28
73261,130,133,-3,3
73262,120,114,6,6
73263,143,119,24,24
73264,138,136,2,2
73265,88,84,4,4
73266,125,121,4,4
73267,81,77,4,4
73268,56,58,-2,2
73269,70,73,-3,3
73270,59,66,-7,7
73271,117,127,-10,10
73272,35,46,-11,11
73273,115,105,10,10
73274,59,65,-6,6
73275,88,83,5,5
73276,124,129,-5,5
73277,110,96,14,14
73278,118,111,7,7
73279,103,94,9,9
73280,121,119,2,2
73281,78,77,1,1
73282,69,73,-4,4
73283,129,122,7,7
73284,75,70,5,5
73285,54,58,-4,4
73286,185,164,21,21
73287,105,100,5,5
73288,65,62,3,3
73289,145,127,18,18
73290,134,120,14,14
73291,102,97,5,5
73292,75,76,-1,1
73293,106,98,8,8
73294,122,119,3,3
73295,42,51,-9,9
73296,144,147,-3,3
73297,104,99,5,5
73298,117,109,8,8
73299,69,72,-3,3
73300,63,73,-10,10
73301,184,147,37,37
73302,96,96,0,0
73303,86,77,9,9
73304,98,98,0,0
73305,78,78,0,0
73306,91,91,0,0
73307,53,54,-1,1
73308,79,78,1,1
73309,141,129,12,12
73310,82,79,3,3
73311,49,55,-6,6
73312,109,100,9,9
73313,61,66,-5,5
73314,90,94,-4,4
73315,61,59,2,2
73316,94,104,-10,10
73317,134,134,0,0
73318,65,72,-7,7
73319,136,129,7,7
73320,164,152,12,12
73321,98,104,-6,6
73322,83,85,-2,2
73323,40,48,-8,8
73324,67,78,-11,11
73325,90,88,2,2
73326,62,60,2,2
73327,60,60,0,0
73328,115,105,10,10
73329,135,132,3,3
73330,75,75,0,0
73331,35,64,-29,29
73332,94,105,-11,11
73333,113,106,7,7
73334,133,126,7,7
73335,103,61,42,42
73336,108,99,9,9
73337,65,69,-4,4
73338,67,61,6,6
73339,121,114,7,7
73340,89,99,-10,10
73341,69,71,-2,2
73342,128,124,4,4
73343,99,92,7,7
73344,100,98,2,2
73345,88,74,14,14
73346,160,138,22,22
73347,94,89,5,5
73348,111,110,1,1
73349,83,74,9,9
73350,51,63,-12,12
73351,126,117,9,9
73352,150,134,16,16
73353,57,58,-1,1
73354,63,69,-6,6
73355,112,112,0,0
73356,196,179,17,17
73357,71,73,-2,2
73358,152,144,8,8
73359,87,90,-3,3
73360,59,61,-2,2
73361,144,135,9,9
73362,122,112,10,10
73363,61,70,-9,9
73364,99,107,-8,8
73365,74,67,7,7
73366,68,72,-4,4
73367,92,97,-5,5
73368,147,147,0,0
73369,114,110,4,4
73370,64,66,-2,2
73371,92,79,13,13
73372,85,81,4,4
73373,100,94,6,6
73374,142,131,11,11
73375,34,47,-13,13
73376,107,96,11,11
73377,110,104,6,6
73378,154,143,11,11
73379,69,69,0,0
73380,91,99,-8,8
73381,124,112,12,12
73382,71,68,3,3
73383,61,59,2,2
73384,110,104,6,6
73385,86,96,-10,10
73386,143,132,11,11
73387,65,66,-1,1
73388,82,77,5,5
73389,90,96,-6,6
73390,156,154,2,2
73391,177,169,8,8
73392,108,106,2,2
73393,100,111,-11,11
73394,60,69,-9,9
73395,81,93,-12,12
73396,99,102,-3,3
73397,63,84,-21,21
73398,87,101,-14,14
73399,53,53,0,0
73400,47,52,-5,5
73401,65,74,-9,9
73402,79,75,4,4
73403,65,69,-4,4
73404,99,101,-2,2
73405,61,64,-3,3
73406,101,107,-6,6
73407,75,70,5,5
73408,99,104,-5,5
73409,84,81,3,3
73410,130,122,8,8
73411,147,130,17,17
73412,103,102,1,1
73413,48,53,-5,5
73414,88,87,1,1
73415,115,106,9,9
73416,81,83,-2,2
73417,69,77,-8,8
73418,144,140,4,4
73419,103,96,7,7
73420,84,82,2,2
73421,175,164,11,11
73422,133,115,18,18
73423,88,89,-1,1
73424,112,111,1,1
73425,98,101,-3,3
73426,79,76,3,3
73427,65,67,-2,2
73428,75,87,-12,12
73429,101,105,-4,4
73430,44,53,-9,9
73431,89,91,-2,2
73432,107,105,2,2
73433,85,87,-2,2
73434,42,51,-9,9
73435,86,94,-8,8
73436,92,89,3,3
73437,70,75,-5,5
73438,79,78,1,1
73439,39,57,-18,18
73440,90,89,1,1
73441,126,113,13,13
73442,116,111,5,5
73443,69,73,-4,4
73444,51,59,-8,8
73445,107,100,7,7
73446,88,89,-1,1
73447,104,96,8,8
73448,81,74,7,7
73449,78,78,0,0
73450,87,89,-2,2
73451,63,74,-11,11
73452,92,95,-3,3
73453,125,125,0,0
73454,113,110,3,3
73455,50,54,-4,4
73456,71,71,0,0
73457,78,78,0,0
73458,65,67,-2,2
73459,145,133,12,12
73460,64,63,1,1
73461,83,82,1,1
73462,162,142,20,20
73463,84,87,-3,3
73464,149,144,5,5
73465,68,72,-4,4
73466,84,89,-5,5
73467,74,67,7,7
73468,106,103,3,3
73469,87,91,-4,4
73470,102,113,-11,11
73471,142,123,19,19
73472,159,147,12,12
73473,49,54,-5,5
73474,133,135,-2,2
73475,89,88,1,1
73476,47,55,-8,8
73477,111,113,-2,2
73478,79,76,3,3
73479,108,113,-5,5
73480,58,64,-6,6
73481,111,118,-7,7
73482,46,52,-6,6
73483,69,70,-1,1
73484,144,144,0,0
73485,122,115,7,7
73486,114,109,5,5
73487,60,60,0,0
73488,75,78,-3,3
73489,79,78,1,1
73490,97,97,0,0
73491,177,170,7,7
73492,111,104,7,7
73493,35,51,-16,16
73494,133,118,15,15
73495,58,59,-1,1
73496,114,101,13,13
73497,80,85,-5,5
73498,133,111,22,22
73499,116,115,1,1
73500,88,72,16,16
73501,126,114,12,12
73502,135,122,13,13
73503,85,89,-4,4
73504,154,148,6,6
73505,118,113,5,5
73506,92,91,1,1
73507,146,146,0,0
73508,63,68,-5,5
73509,77,79,-2,2
73510,113,107,6,6
73511,110,115,-5,5
73512,63,67,-4,4
73513,78,70,8,8
73514,130,120,10,10
73515,64,64,0,0
73516,81,87,-6,6
73517,75,67,8,8
73518,41,54,-13,13
73519,139,131,8,8
73520,60,64,-4,4
73521,81,84,-3,3
73522,108,104,4,4
73523,102,97,5,5
73524,63,65,-2,2
73525,111,102,9,9
73526,42,50,-8,8
73527,93,95,-2,2
73528,106,112,-6,6
73529,92,84,8,8
73530,87,86,1,1
73531,100,101,-1,1
73532,73,75,-2,2
73533,65,64,1,1
73534,84,93,-9,9
73535,158,150,8,8
73536,73,73,0,0
73537,116,124,-8,8
73538,79,88,-9,9
73539,114,105,9,9
73540,108,106,2,2
73541,89,86,3,3
73542,65,76,-11,11
73543,123,114,9,9
73544,70,74,-4,4
73545,58,63,-5,5
73546,61,69,-8,8
73547,118,127,-9,9
73548,91,97,-6,6
73549,82,91,-9,9
73550,42,59,-17,17
73551,43,50,-7,7
73552,144,125,19,19
73553,60,72,-12,12
73554,29,56,-27,27
73555,111,99,12,12
73556,69,69,0,0
73557,192,166,26,26
73558,88,105,-17,17
73559,64,68,-4,4
73560,131,130,1,1
73561,107,112,-5,5
73562,95,104,-9,9
73563,70,73,-3,3
73564,51,54,-3,3
73565,195,171,24,24
73566,77,78,-1,1
73567,117,119,-2,2
73568,87,80,7,7
73569,46,50,-4,4
73570,71,70,1,1
73571,65,66,-1,1
73572,171,175,-4,4
73573,106,105,1,1
73574,82,84,-2,2
73575,130,119,11,11
73576,58,67,-9,9
73577,105,110,-5,5
73578,121,122,-1,1
73579,148,152,-4,4
73580,87,86,1,1
73581,98,102,-4,4
73582,74,82,-8,8
73583,138,133,5,5
73584,95,99,-4,4
73585,104,101,3,3
73586,64,63,1,1
73587,74,77,-3,3
73588,126,104,22,22
73589,93,100,-7,7
73590,80,79,1,1
73591,62,65,-3,3
73592,56,65,-9,9
73593,91,96,-5,5
73594,202,177,25,25
73595,97,100,-3,3
73596,109,114,-5,5
73597,62,52,10,10
73598,156,149,7,7
73599,62,62,0,0
73600,156,143,13,13
73601,60,66,-6,6
73602,67,66,1,1
73603,109,113,-4,4
73604,129,121,8,8
73605,126,116,10,10
73606,141,131,10,10
73607,117,103,14,14
73608,167,154,13,13
73609,123,129,-6,6
73610,127,114,13,13
73611,70,69,1,1
73612,67,68,-1,1
73613,93,94,-1,1
73614,79,77,2,2
73615,80,81,-1,1
73616,81,87,-6,6
73617,77,74,3,3
73618,57,63,-6,6
73619,125,129,-4,4
73620,137,122,15,15
73621,98,101,-3,3
73622,76,73,3,3
73623,99,83,16,16
73624,88,90,-2,2
73625,71,70,1,1
73626,85,84,1,1
73627,93,97,-4,4
73628,112,102,10,10
73629,63,67,-4,4
73630,79,91,-12,12
73631,90,92,-2,2
73632,71,72,-1,1
73633,67,85,-18,18
73634,147,123,24,24
73635,57,77,-20,20
73636,61,64,-3,3
73637,100,96,4,4
73638,79,75,4,4
73639,136,109,27,27
73640,88,93,-5,5
73641,67,69,-2,2
73642,173,168,5,5
73643,111,99,12,12
73644,96,84,12,12
73645,91,86,5,5
73646,90,84,6,6
73647,93,91,2,2
73648,99,100,-1,1
73649,57,58,-1,1
73650,71,68,3,3
73651,165,150,15,15
73652,91,102,-11,11
73653,59,60,-1,1
73654,103,101,2,2
73655,72,73,-1,1
73656,95,94,1,1
73657,86,78,8,8
73658,142,118,24,24
73659,92,91,1,1
73660,86,89,-3,3
73661,143,131,12,12
73662,37,47,-10,10
73663,66,69,-3,3
73664,121,114,7,7
73665,89,92,-3,3
73666,54,70,-16,16
73667,64,67,-3,3
73668,48,51,-3,3
73669,33,44,-11,11
73670,154,145,9,9
73671,55,62,-7,7
73672,85,78,7,7
73673,68,69,-1,1
73674,88,90,-2,2
73675,61,63,-2,2
73676,123,112,11,11
73677,98,98,0,0
73678,161,143,18,18
73679,53,58,-5,5
73680,68,74,-6,6
73681,131,121,10,10
73682,100,99,1,1
73683,64,64,0,0
73684,109,117,-8,8
73685,87,88,-1,1
73686,78,80,-2,2
73687,56,62,-6,6
73688,96,92,4,4
73689,104,98,6,6
73690,94,95,-1,1
73691,66,66,0,0
73692,106,99,7,7
73693,132,142,-10,10
73694,142,114,28,28
73695,112,114,-2,2
73696,104,78,26,26
73697,129,133,-4,4
73698,107,101,6,6
73699,137,141,-4,4
73700,81,86,-5,5
73701,57,58,-1,1
73702,126,114,12,12
73703,57,70,-13,13
73704,141,126,15,15
73705,94,91,3,3
73706,56,68,-12,12
73707,100,93,7,7
73708,65,69,-4,4
73709,153,145,8,8
73710,106,110,-4,4
73711,65,66,-1,1
73712,89,93,-4,4
73713,69,63,6,6
73714,172,157,15,15
73715,74,76,-2,2
73716,55,65,-10,10
73717,95,92,3,3
73718,80,85,-5,5
73719,72,76,-4,4
73720,69,72,-3,3
73721,77,85,-8,8
73722,136,128,8,8
73723,60,60,0,0
73724,106,101,5,5
73725,98,92,6,6
73726,113,112,1,1
73727,66,67,-1,1
73728,117,108,9,9
73729,75,74,1,1
73730,123,117,6,6
73731,54,56,-2,2
73732,157,162,-5,5
73733,100,95,5,5
73734,74,77,-3,3
73735,61,64,-3,3
73736,72,74,-2,2
73737,81,76,5,5
73738,138,142,-4,4
73739,137,139,-2,2
73740,163,142,21,21
73741,65,76,-11,11
73742,130,126,4,4
73743,68,75,-7,7
73744,97,90,7,7
73745,167,158,9,9
73746,93,79,14,14
73747,63,69,-6,6
73748,91,88,3,3
73749,174,158,16,16
73750,138,120,18,18
73751,75,77,-2,2
73752,129,134,-5,5
73753,116,105,11,11
73754,47,48,-1,1
73755,116,102,14,14
73756,103,98,5,5
73757,112,106,6,6
73758,133,122,11,11
73759,55,62,-7,7
73760,75,78,-3,3
73761,53,56,-3,3
73762,88,97,-9,9
73763,132,126,6,6
73764,35,40,-5,5
73765,45,57,-12,12
73766,67,69,-2,2
73767,124,107,17,17
73768,148,134,14,14
73769,138,123,15,15
73770,98,93,5,5
73771,81,78,3,3
73772,54,57,-3,3
73773,35,43,-8,8
73774,69,65,4,4
73775,66,67,-1,1
73776,116,106,10,10
73777,86,86,0,0
73778,95,99,-4,4
73779,95,98,-3,3
73780,61,63,-2,2
73781,79,81,-2,2
73782,74,96,-22,22
73783,117,114,3,3
73784,63,67,-4,4
73785,138,119,19,19
73786,125,124,1,1
73787,95,97,-2,2
73788,66,69,-3,3
73789,53,58,-5,5
73790,83,85,-2,2
73791,60,68,-8,8
73792,52,58,-6,6
73793,55,56,-1,1
73794,100,103,-3,3
73795,91,108,-17,17
73796,87,88,-1,1
73797,63,60,3,3
73798,122,97,25,25
73799,75,74,1,1
73800,57,67,-10,10
73801,55,62,-7,7
73802,110,98,12,12
73803,88,94,-6,6
73804,155,158,-3,3
73805,96,101,-5,5
73806,81,76,5,5
73807,102,99,3,3
73808,141,122,19,19
73809,105,100,5,5
73810,68,68,0,0
73811,80,76,4,4
73812,94,102,-8,8
73813,60,64,-4,4
73814,107,93,14,14
73815,112,112,0,0
73816,92,96,-4,4
73817,86,78,8,8
73818,131,113,18,18
73819,62,61,1,1
73820,146,137,9,9
73821,67,80,-13,13
73822,77,82,-5,5
73823,101,104,-3,3
73824,80,75,5,5
73825,97,84,13,13
73826,140,127,13,13
73827,128,134,-6,6
73828,108,109,-1,1
73829,91,89,2,2
73830,91,98,-7,7
73831,87,83,4,4
73832,151,128,23,23
73833,91,95,-4,4
73834,161,145,16,16
73835,60,66,-6,6
73836,135,123,12,12
73837,73,83,-10,10
73838,88,99,-11,11
73839,71,70,1,1
73840,80,83,-3,3
73841,50,54,-4,4
73842,106,99,7,7
73843,66,67,-1,1
73844,90,97,-7,7
73845,122,122,0,0
73846,99,97,2,2
73847,73,72,1,1
73848,60,62,-2,2
73849,63,56,7,7
73850,105,119,-14,14
73851,34,43,-9,9
73852,74,84,-10,10
73853,122,115,7,7
73854,123,111,12,12
73855,66,64,2,2
73856,122,112,10,10
73857,114,107,7,7
73858,165,157,8,8
73859,139,150,-11,11
73860,58,53,5,5
73861,70,71,-1,1
73862,71,68,3,3
73863,158,174,-16,16
73864,66,66,0,0
73865,166,129,37,37
73866,129,129,0,0
73867,91,91,0,0
73868,109,128,-19,19
73869,118,128,-10,10
73870,90,94,-4,4
73871,125,118,7,7
73872,94,89,5,5
73873,107,97,10,10
73874,144,121,23,23
73875,83,79,4,4
73876,71,77,-6,6
73877,93,94,-1,1
73878,103,102,1,1
73879,78,78,0,0
73880,33,76,-43,43
73881,44,80,-36,36
73882,129,120,9,9
73883,210,188,22,22
73884,98,91,7,7
73885,60,76,-16,16
73886,110,101,9,9
73887,56,63,-7,7
73888,149,134,15,15
73889,86,87,-1,1
73890,101,100,1,1
73891,80,73,7,7
73892,96,94,2,2
73893,66,68,-2,2
73894,73,72,1,1
73895,87,76,11,11
73896,73,68,5,5
73897,96,91,5,5
73898,36,47,-11,11
73899,171,202,-31,31
73900,125,120,5,5
73901,82,85,-3,3
73902,79,73,6,6
73903,148,137,11,11
73904,137,130,7,7
73905,82,86,-4,4
73906,72,95,-23,23
73907,57,60,-3,3
73908,162,157,5,5
73909,148,132,16,16
73910,82,76,6,6
73911,76,73,3,3
73912,72,68,4,4
73913,42,44,-2,2
73914,102,106,-4,4
73915,61,67,-6,6
73916,107,106,1,1
73917,72,69,3,3
73918,117,124,-7,7
73919,70,69,1,1
73920,60,62,-2,2
73921,110,95,15,15
73922,94,94,0,0
73923,121,126,-5,5
73924,102,100,2,2
73925,61,66,-5,5
73926,69,74,-5,5
73927,51,65,-14,14
73928,113,118,-5,5
73929,148,162,-14,14
73930,129,121,8,8
73931,60,61,-1,1
73932,82,99,-17,17
73933,149,138,11,11
73934,64,63,1,1
73935,95,98,-3,3
73936,105,99,6,6
73937,129,125,4,4
73938,140,133,7,7
73939,143,143,0,0
73940,67,65,2,2
73941,81,84,-3,3
73942,131,117,14,14
73943,61,61,0,0
73944,95,94,1,1
73945,121,114,7,7
73946,96,86,10,10
73947,159,129,30,30
73948,51,58,-7,7
73949,72,77,-5,5
73950,83,85,-2,2
73951,114,110,4,4
73952,90,93,-3,3
73953,72,71,1,1
73954,88,84,4,4
73955,149,136,13,13
73956,69,67,2,2
73957,67,71,-4,4
73958,65,74,-9,9
73959,119,124,-5,5
73960,146,130,16,16
73961,75,85,-10,10
73962,175,153,22,22
73963,109,114,-5,5
73964,80,79,1,1
73965,99,92,7,7
73966,137,132,5,5
73967,77,95,-18,18
73968,44,71,-27,27
73969,96,93,3,3
73970,55,59,-4,4
73971,113,104,9,9
73972,108,107,1,1
73973,55,58,-3,3
73974,138,115,23,23
73975,74,74,0,0
73976,69,73,-4,4
73977,131,124,7,7
73978,129,153,-24,24
73979,103,104,-1,1
73980,50,55,-5,5
73981,90,93,-3,3
73982,42,45,-3,3
73983,140,150,-10,10
73984,76,93,-17,17
73985,113,107,6,6
73986,43,55,-12,12
73987,73,85,-12,12
73988,116,113,3,3
73989,112,115,-3,3
73990,126,126,0,0
73991,98,102,-4,4
73992,83,89,-6,6
73993,51,56,-5,5
73994,73,92,-19,19
73995,220,183,37,37
73996,72,81,-9,9
73997,63,66,-3,3
73998,107,107,0,0
73999,90,85,5,5
74000,50,60,-10,10
74001,100,96,4,4
74002,126,114,12,12
74003,73,75,-2,2
74004,88,93,-5,5
74005,65,77,-12,12
74006,73,70,3,3
74007,83,84,-1,1
74008,118,121,-3,3
74009,77,73,4,4
74010,175,161,14,14
74011,101,98,3,3
74012,72,72,0,0
74013,84,87,-3,3
74014,320,338,-18,18
74015,86,101,-15,15
74016,48,53,-5,5
74017,82,75,7,7
74018,111,101,10,10
74019,83,84,-1,1
74020,105,114,-9,9
74021,87,94,-7,7
74022,92,92,0,0
74023,106,103,3,3
74024,179,165,14,14
74025,123,113,10,10
74026,68,74,-6,6
74027,52,52,0,0
74028,155,131,24,24
74029,97,109,-12,12
74030,78,84,-6,6
74031,52,54,-2,2
74032,62,65,-3,3
74033,92,93,-1,1
74034,113,107,6,6
74035,141,133,8,8
74036,66,74,-8,8
74037,97,91,6,6
74038,80,99,-19,19
74039,71,92,-21,21
74040,117,111,6,6
74041,202,184,18,18
74042,89,84,5,5
74043,65,74,-9,9
74044,83,92,-9,9
74045,151,139,12,12
74046,68,65,3,3
74047,84,92,-8,8
74048,114,106,8,8
74049,67,69,-2,2
74050,48,51,-3,3
74051,108,108,0,0
74052,159,136,23,23
74053,84,83,1,1
74054,153,137,16,16
74055,52,70,-18,18
74056,159,150,9,9
74057,118,119,-1,1
74058,83,89,-6,6
74059,50,53,-3,3
74060,125,115,10,10
74061,41,93,-52,52
74062,62,75,-13,13
74063,85,77,8,8
74064,133,132,1,1
74065,129,119,10,10
74066,97,95,2,2
74067,102,103,-1,1
74068,23,38,-15,15
74069,74,79,-5,5
74070,41,56,-15,15
74071,108,112,-4,4
74072,104,102,2,2
74073,108,96,12,12
74074,97,97,0,0
74075,74,77,-3,3
74076,94,94,0,0
74077,78,77,1,1
74078,117,120,-3,3
74079,119,116,3,3
74080,60,56,4,4
74081,86,85,1,1
74082,84,85,-1,1
74083,72,73,-1,1
74084,93,99,-6,6
74085,72,72,0,0
74086,156,130,26,26
74087,73,77,-4,4
74088,108,106,2,2
74089,126,134,-8,8
74090,93,94,-1,1
74091,79,73,6,6
74092,181,148,33,33
74093,83,78,5,5
74094,119,117,2,2
74095,71,71,0,0
74096,77,70,7,7
74097,104,120,-16,16
74098,72,78,-6,6
74099,68,70,-2,2
74100,98,98,0,0
74101,57,78,-21,21
74102,80,105,-25,25
74103,73,75,-2,2
74104,191,162,29,29
74105,100,93,7,7
74106,132,114,18,18
74107,40,45,-5,5
74108,54,59,-5,5
74109,154,145,9,9
74110,139,129,10,10
74111,107,105,2,2
74112,128,115,13,13
74113,133,120,13,13
74114,83,75,8,8
74115,63,83,-20,20
74116,81,80,1,1
74117,163,149,14,14
74118,109,107,2,2
74119,63,64,-1,1
74120,90,93,-3,3
74121,81,92,-11,11
74122,66,65,1,1
74123,120,123,-3,3
74124,89,84,5,5
74125,67,71,-4,4
74126,85,80,5,5
74127,78,80,-2,2
74128,75,80,-5,5
74129,198,181,17,17
74130,92,91,1,1
74131,118,107,11,11
74132,57,63,-6,6
74133,155,143,12,12
74134,86,84,2,2
74135,67,64,3,3
74136,178,147,31,31
74137,68,70,-2,2
74138,85,85,0,0
74139,79,84,-5,5
74140,93,85,8,8
74141,50,59,-9,9
74142,58,61,-3,3
74143,104,104,0,0
74144,100,97,3,3
74145,201,186,15,15
74146,105,107,-2,2
74147,105,107,-2,2
74148,90,92,-2,2
74149,68,75,-7,7
74150,74,82,-8,8
74151,60,63,-3,3
74152,59,68,-9,9
74153,97,102,-5,5
74154,87,84,3,3
74155,55,67,-12,12
74156,111,103,8,8
74157,119,105,14,14
74158,115,114,1,1
74159,59,59,0,0
74160,61,65,-4,4
74161,30,57,-27,27
74162,96,93,3,3
74163,131,112,19,19
74164,183,168,15,15
74165,161,161,0,0
74166,146,142,4,4
74167,200,177,23,23
74168,100,100,0,0
74169,114,109,5,5
74170,108,104,4,4
74171,73,73,0,0
74172,75,71,4,4
74173,72,73,-1,1
74174,143,148,-5,5
74175,101,95,6,6
74176,66,69,-3,3
74177,164,142,22,22
74178,85,85,0,0
74179,88,87,1,1
74180,98,99,-1,1
74181,54,100,-46,46
74182,95,96,-1,1
74183,64,70,-6,6
74184,144,137,7,7
74185,105,101,4,4
74186,102,110,-8,8
74187,114,96,18,18
74188,54,61,-7,7
74189,112,101,11,11
74190,181,161,20,20
74191,110,101,9,9
74192,75,66,9,9
74193,51,64,-13,13
74194,98,96,2,2
74195,85,87,-2,2
74196,54,64,-10,10
74197,57,64,-7,7
74198,77,87,-10,10
74199,66,78,-12,12
74200,84,76,8,8
74201,102,103,-1,1
74202,124,122,2,2
74203,129,121,8,8
74204,195,184,11,11
74205,111,112,-1,1
74206,109,113,-4,4
74207,68,68,0,0
74208,57,57,0,0
74209,76,90,-14,14
74210,99,96,3,3
74211,78,86,-8,8
74212,124,120,4,4
74213,83,77,6,6
74214,82,74,8,8
74215,73,70,3,3
74216,66,68,-2,2
74217,102,101,1,1
74218,107,112,-5,5
74219,101,96,5,5
74220,119,117,2,2
74221,120,128,-8,8
74222,69,72,-3,3
74223,80,97,-17,17
74224,113,110,3,3
74225,63,69,-6,6
74226,94,84,10,10
74227,146,138,8,8
74228,109,103,6,6
74229,117,109,8,8
74230,66,69,-3,3
74231,151,124,27,27
74232,60,60,0,0
74233,146,154,-8,8
74234,135,128,7,7
74235,90,79,11,11
74236,48,58,-10,10
74237,71,71,0,0
74238,155,152,3,3
74239,86,77,9,9
74240,111,121,-10,10
74241,96,95,1,1
74242,137,141,-4,4
74243,81,85,-4,4
74244,60,66,-6,6
74245,83,98,-15,15
74246,106,104,2,2
74247,67,75,-8,8
74248,52,57,-5,5
74249,104,99,5,5
74250,73,81,-8,8
74251,87,91,-4,4
74252,148,143,5,5
74253,77,72,5,5
74254,92,94,-2,2
74255,201,184,17,17
74256,50,56,-6,6
74257,149,142,7,7
74258,150,129,21,21
74259,89,100,-11,11
74260,131,123,8,8
74261,73,68,5,5
74262,83,86,-3,3
74263,155,147,8,8
74264,80,63,17,17
74265,128,126,2,2
74266,59,61,-2,2
74267,85,94,-9,9
74268,87,100,-13,13
74269,85,82,3,3
74270,72,69,3,3
74271,72,77,-5,5
74272,56,62,-6,6
74273,127,122,5,5
74274,73,70,3,3
74275,94,80,14,14
74276,72,72,0,0
74277,48,51,-3,3
74278,130,113,17,17
74279,103,87,16,16
74280,96,84,12,12
74281,140,132,8,8
74282,63,69,-6,6
74283,61,60,1,1
74284,78,75,3,3
74285,75,70,5,5
74286,81,84,-3,3
74287,79,84,-5,5
74288,94,96,-2,2
74289,117,115,2,2
74290,59,61,-2,2
74291,84,84,0,0
74292,149,140,9,9
74293,109,108,1,1
74294,46,58,-12,12
74295,131,116,15,15
74296,118,112,6,6
74297,83,96,-13,13
74298,68,82,-14,14
74299,70,83,-13,13
74300,49,54,-5,5
74301,73,74,-1,1
74302,132,128,4,4
74303,93,84,9,9
74304,159,155,4,4
74305,107,106,1,1
74306,185,165,20,20
74307,143,139,4,4
74308,60,69,-9,9
74309,78,72,6,6
74310,106,109,-3,3
74311,98,90,8,8
74312,101,88,13,13
74313,39,60,-21,21
74314,104,108,-4,4
74315,51,66,-15,15
74316,88,83,5,5
74317,83,83,0,0
74318,116,128,-12,12
74319,59,61,-2,2
74320,88,86,2,2
74321,206,169,37,37
74322,147,125,22,22
74323,40,54,-14,14
74324,45,52,-7,7
74325,89,91,-2,2
74326,146,136,10,10
74327,76,83,-7,7
74328,92,76,16,16
74329,35,46,-11,11
74330,77,94,-17,17
74331,104,107,-3,3
74332,97,93,4,4
74333,135,129,6,6
74334,63,65,-2,2
74335,54,60,-6,6
74336,117,115,2,2
74337,79,75,4,4
74338,64,70,-6,6
74339,63,65,-2,2
74340,63,65,-2,2
74341,80,85,-5,5
74342,136,130,6,6
74343,106,88,18,18
74344,76,73,3,3
74345,80,81,-1,1
74346,126,120,6,6
74347,96,90,6,6
74348,56,57,-1,1
74349,124,123,1,1
74350,137,130,7,7
74351,63,70,-7,7
74352,59,67,-8,8
74353,102,99,3,3
74354,41,44,-3,3
74355,84,90,-6,6
74356,99,101,-2,2
74357,108,115,-7,7
74358,125,123,2,2
74359,115,111,4,4
74360,84,84,0,0
74361,100,104,-4,4
74362,128,125,3,3
74363,60,64,-4,4
74364,77,84,-7,7
74365,63,61,2,2
74366,90,99,-9,9
74367,64,75,-11,11
74368,61,59,2,2
74369,99,103,-4,4
74370,97,99,-2,2
74371,65,60,5,5
74372,99,102,-3,3
74373,181,162,19,19
74374,83,88,-5,5
74375,102,102,0,0
74376,136,139,-3,3
74377,56,58,-2,2
74378,132,127,5,5
74379,76,76,0,0
74380,101,98,3,3
74381,110,93,17,17
74382,51,53,-2,2
74383,60,68,-8,8
74384,127,124,3,3
74385,81,107,-26,26
74386,59,62,-3,3
74387,82,81,1,1
74388,103,97,6,6
74389,99,96,3,3
74390,50,47,3,3
74391,85,99,-14,14
74392,67,62,5,5
74393,125,117,8,8
74394,93,90,3,3
74395,116,112,4,4
74396,68,77,-9,9
74397,77,75,2,2
74398,95,96,-1,1
74399,59,67,-8,8
74400,111,100,11,11
74401,79,84,-5,5
74402,84,90,-6,6
74403,89,96,-7,7
74404,164,151,13,13
74405,72,73,-1,1
74406,78,84,-6,6
74407,149,153,-4,4
74408,95,78,17,17
74409,85,58,27,27
74410,96,95,1,1
74411,72,67,5,5
74412,112,99,13,13
74413,77,74,3,3
74414,40,48,-8,8
74415,110,109,1,1
74416,59,73,-14,14
74417,107,105,2,2
74418,66,75,-9,9
74419,87,84,3,3
74420,72,75,-3,3
74421,85,93,-8,8
74422,49,55,-6,6
74423,72,77,-5,5
74424,156,158,-2,2
74425,75,60,15,15
74426,83,72,11,11
74427,107,104,3,3
74428,97,93,4,4
74429,108,103,5,5
74430,89,84,5,5
74431,103,112,-9,9
74432,133,127,6,6
74433,56,57,-1,1
74434,77,76,1,1
74435,88,92,-4,4
74436,106,112,-6,6
74437,134,135,-1,1
74438,81,90,-9,9
74439,126,122,4,4
74440,69,73,-4,4
74441,120,156,-36,36
74442,121,114,7,7
74443,62,67,-5,5
74444,85,80,5,5
74445,93,83,10,10
74446,111,107,4,4
74447,99,119,-20,20
74448,50,57,-7,7
74449,98,103,-5,5
74450,83,72,11,11
74451,94,102,-8,8
74452,144,141,3,3
74453,49,55,-6,6
74454,46,49,-3,3
74455,87,94,-7,7
74456,80,83,-3,3
74457,150,125,25,25
74458,67,74,-7,7
74459,39,43,-4,4
74460,82,72,10,10
74461,76,76,0,0
74462,56,61,-5,5
74463,33,47,-14,14
74464,95,90,5,5
74465,67,61,6,6
74466,87,93,-6,6
74467,101,97,4,4
74468,62,65,-3,3
74469,62,70,-8,8
74470,93,87,6,6
74471,71,63,8,8
74472,79,83,-4,4
74473,86,84,2,2
74474,70,74,-4,4
74475,117,111,6,6
74476,51,60,-9,9
74477,168,154,14,14
74478,120,105,15,15
74479,99,94,5,5
74480,73,84,-11,11
74481,120,121,-1,1
74482,136,128,8,8
74483,57,62,-5,5
74484,89,87,2,2
74485,89,96,-7,7
74486,81,89,-8,8
74487,72,64,8,8
74488,104,101,3,3
74489,141,131,10,10
74490,79,80,-1,1
74491,167,153,14,14
74492,86,87,-1,1
74493,138,121,17,17
74494,66,68,-2,2
74495,59,62,-3,3
74496,110,122,-12,12
74497,82,77,5,5
74498,92,93,-1,1
74499,62,63,-1,1
74500,82,75,7,7
74501,62,68,-6,6
74502,94,88,6,6
74503,135,150,-15,15
74504,227,225,2,2
74505,85,83,2,2
74506,74,86,-12,12
74507,106,134,-28,28
74508,52,60,-8,8
74509,96,111,-15,15
74510,97,96,1,1
74511,143,139,4,4
74512,84,72,12,12
74513,77,70,7,7
74514,49,54,-5,5
74515,116,112,4,4
74516,67,93,-26,26
74517,74,84,-10,10
74518,83,83,0,0
74519,77,76,1,1
74520,113,111,2,2
74521,125,115,10,10
74522,59,62,-3,3
74523,62,66,-4,4
74524,148,141,7,7
74525,56,67,-11,11
74526,85,96,-11,11
74527,158,136,22,22
74528,79,88,-9,9
74529,87,79,8,8
74530,115,134,-19,19
74531,62,63,-1,1
74532,78,77,1,1
74533,107,97,10,10
74534,129,123,6,6
74535,109,100,9,9
74536,46,55,-9,9
74537,73,70,3,3
74538,47,50,-3,3
74539,57,59,-2,2
74540,136,138,-2,2
74541,74,74,0,0
74542,73,72,1,1
74543,117,112,5,5
74544,64,59,5,5
74545,65,76,-11,11
74546,61,64,-3,3
74547,40,55,-15,15
74548,84,79,5,5
74549,96,99,-3,3
74550,108,96,12,12
74551,148,137,11,11
74552,111,111,0,0
74553,131,133,-2,2
74554,55,63,-8,8
74555,132,121,11,11
74556,156,124,32,32
74557,68,68,0,0
74558,109,108,1,1
74559,65,63,2,2
74560,78,71,7,7
74561,136,128,8,8
74562,190,188,2,2
74563,157,150,7,7
74564,110,111,-1,1
74565,50,60,-10,10
74566,123,129,-6,6
74567,127,123,4,4
74568,88,91,-3,3
74569,116,112,4,4
74570,85,91,-6,6
74571,116,107,9,9
74572,181,172,9,9
74573,87,91,-4,4
74574,135,137,-2,2
74575,64,76,-12,12
74576,92,90,2,2
74577,59,65,-6,6
74578,81,73,8,8
74579,71,71,0,0
74580,130,135,-5,5
74581,96,90,6,6
74582,86,84,2,2
74583,107,122,-15,15
74584,118,112,6,6
74585,93,95,-2,2
74586,88,93,-5,5
74587,54,65,-11,11
74588,101,103,-2,2
74589,58,64,-6,6
74590,109,102,7,7
74591,106,111,-5,5
74592,139,133,6,6
74593,50,56,-6,6
74594,168,161,7,7
74595,115,118,-3,3
74596,70,74,-4,4
74597,92,88,4,4
74598,133,125,8,8
74599,74,77,-3,3
74600,159,159,0,0
74601,120,123,-3,3
74602,84,99,-15,15
74603,103,105,-2,2
74604,183,151,32,32
74605,139,129,10,10
74606,86,76,10,10
74607,82,85,-3,3
74608,61,72,-11,11
74609,123,100,23,23
74610,87,86,1,1
74611,135,130,5,5
74612,99,94,5,5
74613,74,72,2,2
74614,74,79,-5,5
74615,139,138,1,1
74616,85,85,0,0
74617,70,76,-6,6
74618,106,104,2,2
74619,123,119,4,4
74620,100,99,1,1
74621,61,65,-4,4
74622,92,94,-2,2
74623,132,132,0,0
74624,59,66,-7,7
74625,226,199,27,27
74626,84,77,7,7
74627,165,162,3,3
74628,83,93,-10,10
74629,115,108,7,7
74630,159,142,17,17
74631,93,80,13,13
74632,126,128,-2,2
74633,51,55,-4,4
74634,118,113,5,5
74635,80,69,11,11
74636,161,140,21,21
74637,91,91,0,0
74638,83,84,-1,1
74639,91,88,3,3
74640,234,216,18,18
74641,78,73,5,5
74642,101,97,4,4
74643,72,72,0,0
74644,92,75,17,17
74645,44,61,-17,17
74646,76,79,-3,3
74647,106,100,6,6
74648,119,107,12,12
74649,111,95,16,16
74650,111,113,-2,2
74651,105,98,7,7
74652,62,68,-6,6
74653,113,114,-1,1
74654,94,99,-5,5
74655,155,143,12,12
74656,59,61,-2,2
74657,86,96,-10,10
74658,61,63,-2,2
74659,198,173,25,25
74660,83,83,0,0
74661,50,63,-13,13
74662,126,120,6,6
74663,95,91,4,4
74664,95,88,7,7
74665,24,38,-14,14
74666,90,95,-5,5
74667,47,51,-4,4
74668,64,74,-10,10
74669,107,111,-4,4
74670,94,87,7,7
74671,77,77,0,0
74672,111,125,-14,14
74673,107,107,0,0
74674,33,42,-9,9
74675,73,73,0,0
74676,63,68,-5,5
74677,90,93,-3,3
74678,89,147,-58,58
74679,79,74,5,5
74680,128,128,0,0
74681,91,90,1,1
74682,114,107,7,7
74683,103,96,7,7
74684,61,52,9,9
74685,122,132,-10,10
74686,114,112,2,2
74687,143,138,5,5
74688,75,75,0,0
74689,66,67,-1,1
74690,90,93,-3,3
74691,108,92,16,16
74692,74,76,-2,2
74693,137,132,5,5
74694,121,110,11,11
74695,85,103,-18,18
74696,47,56,-9,9
74697,51,65,-14,14
74698,79,70,9,9
74699,80,76,4,4
74700,111,107,4,4
74701,126,130,-4,4
74702,37,45,-8,8
74703,87,85,2,2
74704,102,100,2,2
74705,73,76,-3,3
74706,81,95,-14,14
74707,85,73,12,12
74708,127,116,11,11
74709,127,112,15,15
74710,93,104,-11,11
74711,122,120,2,2
74712,175,152,23,23
74713,96,97,-1,1
74714,88,83,5,5
74715,162,135,27,27
74716,124,132,-8,8
74717,42,45,-3,3
74718,90,92,-2,2
74719,91,94,-3,3
74720,129,123,6,6
74721,53,60,-7,7
74722,75,77,-2,2
74723,88,80,8,8
74724,70,65,5,5
74725,185,171,14,14
74726,105,100,5,5
74727,128,120,8,8
74728,103,99,4,4
74729,100,106,-6,6
74730,71,73,-2,2
74731,157,139,18,18
74732,103,107,-4,4
74733,118,114,4,4
74734,140,171,-31,31
74735,102,101,1,1
74736,71,70,1,1
74737,143,144,-1,1
74738,58,67,-9,9
74739,96,100,-4,4
74740,112,112,0,0
74741,85,88,-3,3
74742,92,102,-10,10
74743,81,86,-5,5
74744,102,101,1,1
74745,43,63,-20,20
74746,87,84,3,3
74747,118,112,6,6
74748,85,76,9,9
74749,100,101,-1,1
74750,83,94,-11,11
74751,83,68,15,15
74752,89,90,-1,1
74753,50,56,-6,6
74754,134,128,6,6
74755,65,61,4,4
74756,72,77,-5,5
74757,75,72,3,3
74758,78,76,2,2
74759,81,88,-7,7
74760,105,113,-8,8
74761,67,65,2,2
74762,136,73,63,63
74763,86,100,-14,14
74764,139,132,7,7
74765,78,75,3,3
74766,38,51,-13,13
74767,78,77,1,1
74768,59,59,0,0
74769,91,86,5,5
74770,152,141,11,11
74771,148,151,-3,3
74772,108,102,6,6
74773,77,73,4,4
74774,83,75,8,8
74775,89,87,2,2
74776,104,97,7,7
74777,117,119,-2,2
74778,151,141,10,10
74779,45,54,-9,9
74780,60,58,2,2
74781,125,123,2,2
74782,41,49,-8,8
74783,49,55,-6,6
74784,140,131,9,9
74785,90,94,-4,4
74786,93,96,-3,3
74787,100,89,11,11
74788,125,119,6,6
74789,114,113,1,1
74790,128,124,4,4
74791,60,62,-2,2
74792,191,174,17,17
74793,140,136,4,4
74794,82,85,-3,3
74795,76,71,5,5
74796,117,114,3,3
74797,83,90,-7,7
74798,82,79,3,3
74799,122,128,-6,6
74800,60,65,-5,5
74801,117,113,4,4
74802,96,89,7,7
74803,115,112,3,3
74804,134,126,8,8
74805,109,106,3,3
74806,91,84,7,7
74807,72,74,-2,2
74808,96,91,5,5
74809,80,84,-4,4
74810,71,74,-3,3
74811,95,85,10,10
74812,101,100,1,1
74813,67,66,1,1
74814,87,94,-7,7
74815,89,90,-1,1
74816,62,65,-3,3
74817,126,144,-18,18
74818,78,86,-8,8
74819,100,104,-4,4
74820,96,92,4,4
74821,100,100,0,0
74822,59,66,-7,7
74823,93,91,2,2
74824,120,115,5,5
74825,70,72,-2,2
74826,46,50,-4,4
74827,153,142,11,11
74828,91,93,-2,2
74829,94,95,-1,1
74830,74,82,-8,8
74831,87,76,11,11
74832,76,77,-1,1
74833,56,63,-7,7
74834,104,120,-16,16
74835,126,125,1,1
74836,115,112,3,3
74837,107,113,-6,6
74838,41,56,-15,15
74839,75,71,4,4
74840,76,79,-3,3
74841,75,77,-2,2
74842,50,57,-7,7
74843,118,116,2,2
74844,131,124,7,7
74845,92,129,-37,37
74846,113,107,6,6
74847,126,113,13,13
74848,65,73,-8,8
74849,128,120,8,8
74850,89,91,-2,2
74851,100,92,8,8
74852,85,83,2,2
74853,166,147,19,19
74854,100,113,-13,13
74855,119,117,2,2
74856,72,70,2,2
74857,78,80,-2,2
74858,70,65,5,5
74859,84,85,-1,1
74860,56,58,-2,2
74861,18,36,-18,18
74862,75,77,-2,2
74863,107,114,-7,7
74864,86,76,10,10
74865,128,125,3,3
74866,99,103,-4,4
74867,69,76,-7,7
74868,130,119,11,11
74869,127,124,3,3
74870,188,170,18,18
74871,99,101,-2,2
74872,83,81,2,2
74873,105,101,4,4
74874,56,62,-6,6
74875,84,84,0,0
74876,43,55,-12,12
74877,104,112,-8,8
74878,93,95,-2,2
74879,111,116,-5,5
74880,106,113,-7,7
74881,77,74,3,3
74882,74,71,3,3
74883,138,133,5,5
74884,47,51,-4,4
74885,158,152,6,6
74886,111,112,-1,1
74887,84,90,-6,6
74888,129,128,1,1
74889,76,78,-2,2
74890,84,84,0,0
74891,67,68,-1,1
74892,61,56,5,5
74893,107,100,7,7
74894,79,72,7,7
74895,112,120,-8,8
74896,53,56,-3,3
74897,84,83,1,1
74898,46,51,-5,5
74899,115,106,9,9
74900,48,49,-1,1
74901,51,54,-3,3
74902,73,88,-15,15
74903,81,102,-21,21
74904,53,58,-5,5
74905,144,137,7,7
74906,93,90,3,3
74907,63,77,-14,14
74908,47,50,-3,3
74909,117,101,16,16
74910,172,125,47,47
74911,57,66,-9,9
74912,143,133,10,10
74913,108,112,-4,4
74914,140,128,12,12
74915,70,73,-3,3
74916,96,96,0,0
74917,107,108,-1,1
74918,116,111,5,5
74919,120,115,5,5
74920,60,56,4,4
74921,77,83,-6,6
74922,112,113,-1,1
74923,97,106,-9,9
74924,183,181,2,2
74925,95,95,0,0
74926,92,90,2,2
74927,76,91,-15,15
74928,99,102,-3,3
74929,85,77,8,8
74930,76,80,-4,4
74931,93,96,-3,3
74932,50,60,-10,10
74933,55,61,-6,6
74934,88,90,-2,2
74935,97,107,-10,10
74936,83,84,-1,1
74937,54,55,-1,1
74938,86,82,4,4
74939,77,83,-6,6
74940,282,294,-12,12
74941,136,127,9,9
74942,91,81,10,10
74943,150,154,-4,4
74944,66,73,-7,7
74945,71,81,-10,10
74946,87,84,3,3
74947,87,96,-9,9
74948,119,119,0,0
74949,148,134,14,14
74950,117,112,5,5
74951,85,90,-5,5
74952,97,97,0,0
74953,49,57,-8,8
74954,103,110,-7,7
74955,38,44,-6,6
74956,86,98,-12,12
74957,49,52,-3,3
74958,103,97,6,6
74959,103,125,-22,22
74960,45,50,-5,5
74961,103,101,2,2
74962,83,77,6,6
74963,95,91,4,4
74964,60,69,-9,9
74965,102,103,-1,1
74966,138,145,-7,7
74967,83,81,2,2
74968,95,97,-2,2
74969,96,96,0,0
74970,150,148,2,2
74971,53,55,-2,2
74972,133,114,19,19
74973,45,54,-9,9
74974,50,52,-2,2
74975,35,84,-49,49
74976,103,93,10,10
74977,58,58,0,0
74978,72,77,-5,5
74979,100,104,-4,4
74980,95,92,3,3
74981,109,101,8,8
74982,57,69,-12,12
74983,68,89,-21,21
74984,89,88,1,1
74985,129,124,5,5
74986,118,113,5,5
74987,114,112,2,2
74988,112,106,6,6
74989,103,98,5,5
74990,95,95,0,0
74991,130,136,-6,6
74992,95,85,10,10
74993,129,121,8,8
74994,84,83,1,1
74995,103,108,-5,5
74996,146,140,6,6
74997,84,94,-10,10
74998,143,136,7,7
74999,84,89,-5,5
75000,69,75,-6,6
75001,94,99,-5,5
75002,56,75,-19,19
75003,133,130,3,3
75004,49,62,-13,13
75005,58,56,2,2
75006,122,108,14,14
75007,117,115,2,2
75008,87,83,4,4
75009,113,112,1,1
75010,60,65,-5,5
75011,65,68,-3,3
75012,103,101,2,2
75013,152,136,16,16
75014,121,118,3,3
75015,119,112,7,7
75016,47,56,-9,9
75017,113,104,9,9
75018,101,100,1,1
75019,73,83,-10,10
75020,88,98,-10,10
75021,156,142,14,14
75022,99,92,7,7
75023,86,88,-2,2
75024,101,104,-3,3
75025,91,90,1,1
75026,59,62,-3,3
75027,72,75,-3,3
75028,111,97,14,14
75029,108,108,0,0
75030,78,78,0,0
75031,63,70,-7,7
75032,97,101,-4,4
75033,76,75,1,1
75034,94,106,-12,12
75035,83,82,1,1
75036,72,72,0,0
75037,113,99,14,14
75038,126,120,6,6
75039,86,97,-11,11
75040,67,64,3,3
75041,149,138,11,11
75042,89,84,5,5
75043,115,106,9,9
75044,111,98,13,13
75045,135,137,-2,2
75046,54,62,-8,8
75047,123,124,-1,1
75048,82,89,-7,7
75049,26,44,-18,18
75050,66,68,-2,2
75051,117,106,11,11
75052,135,139,-4,4
75053,70,68,2,2
75054,59,59,0,0
75055,141,137,4,4
75056,64,64,0,0
75057,126,128,-2,2
75058,97,95,2,2
75059,54,58,-4,4
75060,99,97,2,2
75061,138,123,15,15
75062,130,131,-1,1
75063,111,92,19,19
75064,81,82,-1,1
75065,97,97,0,0
75066,146,141,5,5
75067,92,87,5,5
75068,68,62,6,6
75069,70,75,-5,5
75070,79,71,8,8
75071,57,68,-11,11
75072,70,67,3,3
75073,52,62,-10,10
75074,82,93,-11,11
75075,72,74,-2,2
75076,86,81,5,5
75077,124,111,13,13
75078,71,71,0,0
75079,75,64,11,11
75080,111,102,9,9
75081,85,75,10,10
75082,77,75,2,2
75083,116,116,0,0
75084,121,130,-9,9
75085,63,62,1,1
75086,65,66,-1,1
75087,92,96,-4,4
75088,115,110,5,5
75089,62,63,-1,1
75090,90,88,2,2
75091,50,56,-6,6
75092,81,86,-5,5
75093,33,44,-11,11
75094,141,130,11,11
75095,51,55,-4,4
75096,32,49,-17,17
75097,89,102,-13,13
75098,117,115,2,2
75099,97,103,-6,6
75100,92,85,7,7
75101,71,72,-1,1
75102,76,76,0,0
75103,42,55,-13,13
75104,84,93,-9,9
75105,87,94,-7,7
75106,153,141,12,12
75107,91,92,-1,1
75108,59,78,-19,19
75109,69,71,-2,2
75110,109,99,10,10
75111,115,104,11,11
75112,169,162,7,7
75113,67,70,-3,3
75114,96,96,0,0
75115,94,95,-1,1
75116,173,135,38,38
75117,96,95,1,1
75118,127,107,20,20
75119,58,60,-2,2
75120,69,68,1,1
75121,68,70,-2,2
75122,141,138,3,3
75123,110,129,-19,19
75124,46,92,-46,46
75125,56,115,-59,59
75126,99,111,-12,12
75127,117,113,4,4
75128,53,58,-5,5
75129,92,93,-1,1
75130,100,113,-13,13
75131,100,91,9,9
75132,92,99,-7,7
75133,67,64,3,3
75134,148,130,18,18
75135,122,119,3,3
75136,162,153,9,9
75137,86,90,-4,4
75138,165,141,24,24
75139,106,96,10,10
75140,84,100,-16,16
75141,97,96,1,1
75142,61,63,-2,2
75143,187,183,4,4
75144,153,155,-2,2
75145,57,63,-6,6
75146,101,99,2,2
75147,154,127,27,27
75148,108,106,2,2
75149,55,57,-2,2
75150,113,100,13,13
75151,55,60,-5,5
75152,101,91,10,10
75153,91,97,-6,6
75154,89,93,-4,4
75155,96,93,3,3
75156,52,65,-13,13
75157,54,60,-6,6
75158,69,72,-3,3
75159,95,107,-12,12
75160,88,84,4,4
75161,126,122,4,4
75162,82,94,-12,12
75163,76,83,-7,7
75164,112,105,7,7
75165,117,107,10,10
75166,113,109,4,4
75167,97,91,6,6
75168,98,99,-1,1
75169,83,79,4,4
75170,76,74,2,2
75171,80,75,5,5
75172,111,112,-1,1
75173,135,120,15,15
75174,62,69,-7,7
75175,140,135,5,5
75176,68,72,-4,4
75177,141,140,1,1
75178,53,64,-11,11
75179,140,137,3,3
75180,74,72,2,2
75181,70,70,0,0
75182,78,89,-11,11
75183,103,99,4,4
75184,97,95,2,2
75185,75,74,1,1
75186,143,141,2,2
75187,163,152,11,11
75188,71,71,0,0
75189,58,59,-1,1
75190,69,70,-1,1
75191,72,75,-3,3
75192,158,151,7,7
75193,93,101,-8,8
75194,80,83,-3,3
75195,142,129,13,13
75196,46,66,-20,20
75197,76,70,6,6
75198,129,164,-35,35
75199,82,80,2,2
75200,146,132,14,14
75201,93,93,0,0
75202,113,104,9,9
75203,142,144,-2,2
75204,72,70,2,2
75205,74,74,0,0
75206,88,105,-17,17
75207,105,112,-7,7
75208,110,113,-3,3
75209,83,83,0,0
75210,27,56,-29,29
75211,136,129,7,7
75212,81,79,2,2
75213,98,93,5,5
75214,120,114,6,6
75215,92,79,13,13
75216,145,133,12,12
75217,137,128,9,9
75218,103,108,-5,5
75219,121,132,-11,11
75220,54,70,-16,16
75221,112,111,1,1
75222,76,79,-3,3
75223,89,86,3,3
75224,160,120,40,40
75225,28,48,-20,20
75226,76,70,6,6
75227,165,158,7,7
75228,100,93,7,7
75229,152,140,12,12
75230,82,82,0,0
75231,94,86,8,8
75232,60,64,-4,4
75233,125,121,4,4
75234,69,74,-5,5
75235,120,97,23,23
75236,91,87,4,4
75237,96,90,6,6
75238,45,51,-6,6
75239,56,64,-8,8
75240,76,74,2,2
75241,75,77,-2,2
75242,79,81,-2,2
75243,124,113,11,11
75244,106,99,7,7
75245,122,118,4,4
75246,51,58,-7,7
75247,69,70,-1,1
75248,85,94,-9,9
75249,115,147,-32,32
75250,115,106,9,9
75251,115,110,5,5
75252,60,69,-9,9
75253,76,74,2,2
75254,32,44,-12,12
75255,79,80,-1,1
75256,44,49,-5,5
75257,58,64,-6,6
75258,130,126,4,4
75259,132,122,10,10
75260,79,79,0,0
75261,92,95,-3,3
75262,144,144,0,0
75263,54,61,-7,7
75264,133,118,15,15
75265,64,76,-12,12
75266,92,94,-2,2
75267,156,146,10,10
75268,58,59,-1,1
75269,82,74,8,8
75270,86,86,0,0
75271,173,160,13,13
75272,94,92,2,2
75273,60,68,-8,8
75274,108,102,6,6
75275,126,122,4,4
75276,56,58,-2,2
75277,98,99,-1,1
75278,92,83,9,9
75279,117,107,10,10
75280,52,49,3,3
75281,94,91,3,3
75282,78,75,3,3
75283,76,100,-24,24
75284,67,67,0,0
75285,124,126,-2,2
75286,128,124,4,4
75287,73,68,5,5
75288,62,59,3,3
75289,100,109,-9,9
75290,130,124,6,6
75291,61,65,-4,4
75292,262,224,38,38
75293,60,60,0,0
75294,102,112,-10,10
75295,57,61,-4,4
75296,97,105,-8,8
75297,84,87,-3,3
75298,61,83,-22,22
75299,135,123,12,12
75300,104,87,17,17
75301,79,80,-1,1
75302,187,156,31,31
75303,62,61,1,1
75304,94,93,1,1
75305,94,102,-8,8
75306,94,86,8,8
75307,126,113,13,13
75308,126,112,14,14
75309,108,98,10,10
75310,60,55,5,5
75311,93,106,-13,13
75312,53,59,-6,6
75313,61,65,-4,4
75314,79,80,-1,1
75315,74,72,2,2
75316,50,51,-1,1
75317,75,64,11,11
75318,40,53,-13,13
75319,47,53,-6,6
75320,78,83,-5,5
75321,51,56,-5,5
75322,97,97,0,0
75323,54,54,0,0
75324,100,102,-2,2
75325,91,87,4,4
75326,48,56,-8,8
75327,46,53,-7,7
75328,153,143,10,10
75329,123,120,3,3
75330,52,62,-10,10
75331,92,86,6,6
75332,71,80,-9,9
75333,141,125,16,16
75334,46,46,0,0
75335,72,77,-5,5
75336,84,82,2,2
75337,82,89,-7,7
75338,78,74,4,4
75339,77,70,7,7
75340,93,83,10,10
75341,47,54,-7,7
75342,67,68,-1,1
75343,67,69,-2,2
75344,113,102,11,11
75345,179,163,16,16
75346,95,98,-3,3
75347,164,153,11,11
75348,45,53,-8,8
75349,127,112,15,15
75350,118,119,-1,1
75351,96,90,6,6
75352,57,58,-1,1
75353,151,142,9,9
75354,69,80,-11,11
75355,79,78,1,1
75356,86,84,2,2
75357,186,174,12,12
75358,147,132,15,15
75359,109,111,-2,2
75360,97,85,12,12
75361,110,106,4,4
75362,69,68,1,1
75363,65,68,-3,3
75364,119,112,7,7
75365,58,67,-9,9
75366,77,77,0,0
75367,97,98,-1,1
75368,95,94,1,1
75369,123,124,-1,1
75370,107,125,-18,18
75371,117,112,5,5
75372,72,85,-13,13
75373,119,110,9,9
75374,103,100,3,3
75375,129,125,4,4
75376,83,77,6,6
75377,248,235,13,13
75378,93,85,8,8
75379,129,127,2,2
75380,68,76,-8,8
75381,117,113,4,4
75382,87,90,-3,3
75383,118,112,6,6
75384,98,92,6,6
75385,103,105,-2,2
75386,69,73,-4,4
75387,110,104,6,6
75388,125,117,8,8
75389,113,111,2,2
75390,112,107,5,5
75391,81,74,7,7
75392,86,90,-4,4
75393,148,136,12,12
75394,102,97,5,5
75395,31,46,-15,15
75396,64,67,-3,3
75397,114,118,-4,4
75398,87,90,-3,3
75399,127,121,6,6
75400,91,99,-8,8
75401,74,70,4,4
75402,175,153,22,22
75403,223,171,52,52
75404,87,76,11,11
75405,67,65,2,2
75406,59,58,1,1
75407,104,92,12,12
75408,64,88,-24,24
75409,149,153,-4,4
75410,125,115,10,10
75411,45,50,-5,5
75412,93,98,-5,5
75413,86,86,0,0
75414,80,75,5,5
75415,73,63,10,10
75416,92,86,6,6
75417,120,134,-14,14
75418,126,112,14,14
75419,73,73,0,0
75420,54,63,-9,9
75421,65,68,-3,3
75422,100,101,-1,1
75423,105,101,4,4
75424,85,79,6,6
75425,100,94,6,6
75426,81,89,-8,8
75427,67,69,-2,2
75428,174,162,12,12
75429,132,124,8,8
75430,127,103,24,24
75431,96,105,-9,9
75432,73,71,2,2
75433,86,84,2,2
75434,73,73,0,0
75435,124,119,5,5
75436,75,73,2,2
75437,49,65,-16,16
75438,99,124,-25,25
75439,55,57,-2,2
75440,141,112,29,29
75441,62,70,-8,8
75442,75,73,2,2
75443,99,97,2,2
75444,97,95,2,2
75445,104,102,2,2
75446,96,89,7,7
75447,122,121,1,1
75448,101,91,10,10
75449,109,111,-2,2
75450,111,107,4,4
75451,99,92,7,7
75452,77,88,-11,11
75453,118,122,-4,4
75454,89,84,5,5
75455,75,81,-6,6
75456,59,63,-4,4
75457,57,64,-7,7
75458,99,93,6,6
75459,88,76,12,12
75460,106,99,7,7
75461,101,107,-6,6
75462,131,121,10,10
75463,127,124,3,3
75464,65,64,1,1
75465,101,91,10,10
75466,140,129,11,11
75467,122,115,7,7
75468,80,80,0,0
75469,128,130,-2,2
75470,85,87,-2,2
75471,111,112,-1,1
75472,78,90,-12,12
75473,93,93,0,0
75474,42,48,-6,6
75475,66,59,7,7
75476,95,98,-3,3
75477,90,77,13,13
75478,100,105,-5,5
75479,82,83,-1,1
75480,67,78,-11,11
75481,105,98,7,7
75482,110,101,9,9
75483,56,61,-5,5
75484,37,44,-7,7
75485,65,69,-4,4
75486,72,74,-2,2
75487,106,107,-1,1
75488,99,94,5,5
75489,104,100,4,4
75490,87,91,-4,4
75491,76,84,-8,8
75492,53,51,2,2
75493,57,63,-6,6
75494,69,67,2,2
75495,83,78,5,5
75496,56,65,-9,9
75497,78,81,-3,3
75498,95,103,-8,8
75499,78,77,1,1
75500,74,73,1,1
75501,82,102,-20,20
75502,95,92,3,3
75503,85,78,7,7
75504,63,71,-8,8
75505,124,122,2,2
75506,67,62,5,5
75507,112,111,1,1
75508,94,95,-1,1
75509,69,68,1,1
75510,121,126,-5,5
75511,82,85,-3,3
75512,111,106,5,5
75513,126,123,3,3
75514,74,68,6,6
75515,81,78,3,3
75516,100,100,0,0
75517,148,133,15,15
75518,88,89,-1,1
75519,70,70,0,0
75520,150,130,20,20
75521,88,86,2,2
75522,28,39,-11,11
75523,93,90,3,3
75524,96,104,-8,8
75525,90,87,3,3
75526,150,157,-7,7
75527,75,80,-5,5
75528,93,103,-10,10
75529,150,143,7,7
75530,123,98,25,25
75531,133,130,3,3
75532,69,89,-20,20
75533,167,137,30,30
75534,46,50,-4,4
75535,92,95,-3,3
75536,54,57,-3,3
75537,154,135,19,19
75538,45,51,-6,6
75539,137,131,6,6
75540,115,107,8,8
75541,99,90,9,9
75542,93,87,6,6
75543,83,77,6,6
75544,115,104,11,11
75545,23,59,-36,36
75546,92,95,-3,3
75547,85,94,-9,9
75548,80,76,4,4
75549,190,184,6,6
75550,95,92,3,3
75551,153,128,25,25
75552,83,91,-8,8
75553,51,56,-5,5
75554,85,84,1,1
75555,85,88,-3,3
75556,59,69,-10,10
75557,172,155,17,17
75558,53,60,-7,7
75559,128,113,15,15
75560,72,72,0,0
75561,130,120,10,10
75562,54,62,-8,8
75563,145,119,26,26
75564,94,102,-8,8
75565,111,110,1,1
75566,35,57,-22,22
75567,74,79,-5,5
75568,85,94,-9,9
75569,129,122,7,7
75570,49,61,-12,12
75571,56,66,-10,10
75572,99,97,2,2
75573,79,96,-17,17
75574,129,122,7,7
75575,74,76,-2,2
75576,78,91,-13,13
75577,70,72,-2,2
75578,157,166,-9,9
75579,98,99,-1,1
75580,66,71,-5,5
75581,75,77,-2,2
75582,76,74,2,2
75583,94,101,-7,7
75584,100,91,9,9
75585,50,55,-5,5
75586,98,97,1,1
75587,96,101,-5,5
75588,134,132,2,2
75589,108,98,10,10
75590,212,196,16,16
75591,138,133,5,5
75592,88,84,4,4
75593,12,31,-19,19
75594,66,69,-3,3
75595,98,89,9,9
75596,110,104,6,6
75597,75,72,3,3
75598,146,143,3,3
75599,176,181,-5,5
75600,91,83,8,8
75601,88,84,4,4
75602,51,55,-4,4
75603,190,166,24,24
75604,128,125,3,3
75605,74,77,-3,3
75606,83,85,-2,2
75607,64,69,-5,5
75608,127,128,-1,1
75609,130,118,12,12
75610,95,88,7,7
75611,66,133,-67,67
75612,46,47,-1,1
75613,79,83,-4,4
75614,110,105,5,5
75615,116,113,3,3
75616,68,74,-6,6
75617,70,76,-6,6
75618,59,74,-15,15
75619,107,94,13,13
75620,77,86,-9,9
75621,97,120,-23,23
75622,160,146,14,14
75623,130,139,-9,9
75624,60,63,-3,3
75625,104,100,4,4
75626,91,91,0,0
75627,89,97,-8,8
75628,49,55,-6,6
75629,155,149,6,6
75630,94,91,3,3
75631,146,139,7,7
75632,87,96,-9,9
75633,127,123,4,4
75634,79,85,-6,6
75635,93,95,-2,2
75636,121,123,-2,2
75637,74,70,4,4
75638,113,111,2,2
75639,163,139,24,24
75640,122,106,16,16
75641,118,123,-5,5
75642,56,61,-5,5
75643,129,118,11,11
75644,128,121,7,7
75645,159,144,15,15
75646,62,66,-4,4
75647,108,111,-3,3
75648,72,72,0,0
75649,79,84,-5,5
75650,166,153,13,13
75651,62,72,-10,10
75652,144,143,1,1
75653,129,119,10,10
75654,72,76,-4,4
75655,93,85,8,8
75656,86,97,-11,11
75657,126,117,9,9
75658,86,85,1,1
75659,87,86,1,1
75660,183,168,15,15
75661,68,67,1,1
75662,80,76,4,4
75663,63,73,-10,10
75664,61,67,-6,6
75665,103,103,0,0
75666,46,53,-7,7
75667,107,99,8,8
75668,127,121,6,6
75669,89,87,2,2
75670,104,104,0,0
75671,82,89,-7,7
75672,114,114,0,0
75673,82,83,-1,1
75674,109,112,-3,3
75675,105,104,1,1
75676,67,73,-6,6
75677,64,68,-4,4
75678,109,106,3,3
75679,50,55,-5,5
75680,49,52,-3,3
75681,89,92,-3,3
75682,163,154,9,9
75683,64,70,-6,6
75684,180,158,22,22
75685,73,119,-46,46
75686,155,141,14,14
75687,106,105,1,1
75688,102,97,5,5
75689,142,140,2,2
75690,62,64,-2,2
75691,93,97,-4,4
75692,125,105,20,20
75693,71,73,-2,2
75694,62,72,-10,10
75695,129,119,10,10
75696,109,120,-11,11
75697,174,161,13,13
75698,103,107,-4,4
75699,124,113,11,11
75700,74,84,-10,10
75701,96,92,4,4
75702,112,109,3,3
75703,78,79,-1,1
75704,59,62,-3,3
75705,54,60,-6,6
75706,86,82,4,4
75707,99,112,-13,13
75708,120,133,-13,13
75709,134,120,14,14
75710,141,127,14,14
75711,99,101,-2,2
75712,92,94,-2,2
75713,121,119,2,2
75714,74,75,-1,1
75715,101,90,11,11
75716,14,95,-81,81
75717,80,80,0,0
75718,88,83,5,5
75719,60,66,-6,6
75720,112,112,0,0
75721,153,130,23,23
75722,108,103,5,5
75723,98,101,-3,3
75724,78,98,-20,20
75725,115,138,-23,23
75726,71,69,2,2
75727,129,127,2,2
75728,56,62,-6,6
75729,68,68,0,0
75730,80,79,1,1
75731,110,120,-10,10
75732,86,94,-8,8
75733,139,131,8,8
75734,125,119,6,6
75735,73,74,-1,1
75736,122,112,10,10
75737,99,100,-1,1
75738,78,76,2,2
75739,150,129,21,21
75740,112,93,19,19
75741,95,99,-4,4
75742,85,82,3,3
75743,67,70,-3,3
75744,91,85,6,6
75745,110,101,9,9
75746,88,73,15,15
75747,115,128,-13,13
75748,78,79,-1,1
75749,89,98,-9,9
75750,71,69,2,2
75751,65,64,1,1
75752,67,84,-17,17
75753,144,130,14,14
75754,98,101,-3,3
75755,78,76,2,2
75756,130,130,0,0
75757,75,75,0,0
75758,83,82,1,1
75759,72,69,3,3
75760,106,100,6,6
75761,44,49,-5,5
75762,108,102,6,6
75763,80,72,8,8
75764,98,102,-4,4
75765,97,95,2,2
75766,124,133,-9,9
75767,96,87,9,9
75768,71,70,1,1
75769,118,119,-1,1
75770,115,107,8,8
75771,88,88,0,0
75772,104,103,1,1
75773,75,70,5,5
75774,115,111,4,4
75775,94,85,9,9
75776,97,99,-2,2
75777,71,74,-3,3
75778,73,87,-14,14
75779,64,68,-4,4
75780,61,67,-6,6
75781,46,50,-4,4
75782,81,84,-3,3
75783,56,64,-8,8
75784,99,99,0,0
75785,131,137,-6,6
75786,75,84,-9,9
75787,74,70,4,4
75788,111,107,4,4
75789,136,126,10,10
75790,81,81,0,0
75791,50,56,-6,6
75792,95,94,1,1
75793,108,117,-9,9
75794,62,103,-41,41
75795,78,80,-2,2
75796,92,82,10,10
75797,42,50,-8,8
75798,102,109,-7,7
75799,104,105,-1,1
75800,55,67,-12,12
75801,69,77,-8,8
75802,90,95,-5,5
75803,63,70,-7,7
75804,101,101,0,0
75805,43,49,-6,6
75806,69,73,-4,4
75807,109,105,4,4
75808,142,140,2,2
75809,140,127,13,13
75810,67,70,-3,3
75811,62,66,-4,4
75812,114,102,12,12
75813,107,104,3,3
75814,85,100,-15,15
75815,167,155,12,12
75816,163,162,1,1
75817,85,85,0,0
75818,73,81,-8,8
75819,109,103,6,6
75820,61,67,-6,6
75821,77,79,-2,2
75822,207,175,32,32
75823,99,101,-2,2
75824,182,162,20,20
75825,99,97,2,2
75826,83,86,-3,3
75827,75,76,-1,1
75828,139,136,3,3
75829,47,50,-3,3
75830,65,78,-13,13
75831,143,116,27,27
75832,73,75,-2,2
75833,79,83,-4,4
75834,85,76,9,9
75835,88,92,-4,4
75836,141,129,12,12
75837,71,95,-24,24
75838,96,93,3,3
75839,153,141,12,12
75840,133,120,13,13
75841,80,85,-5,5
75842,171,169,2,2
75843,125,127,-2,2
75844,91,85,6,6
75845,61,66,-5,5
75846,131,120,11,11
75847,136,114,22,22
75848,58,62,-4,4
75849,93,90,3,3
75850,88,88,0,0
75851,68,71,-3,3
75852,129,121,8,8
75853,127,113,14,14
75854,98,138,-40,40
75855,87,89,-2,2
75856,84,86,-2,2
75857,51,80,-29,29
75858,72,73,-1,1
75859,144,136,8,8
75860,96,98,-2,2
75861,61,60,1,1
75862,86,81,5,5
75863,78,72,6,6
75864,51,61,-10,10
75865,151,139,12,12
75866,109,103,6,6
75867,108,115,-7,7
75868,80,75,5,5
75869,67,63,4,4
75870,125,136,-11,11
75871,75,70,5,5
75872,176,167,9,9
75873,105,108,-3,3
75874,82,89,-7,7
75875,146,139,7,7
75876,49,82,-33,33
75877,68,84,-16,16
75878,119,120,-1,1
75879,40,44,-4,4
75880,118,115,3,3
75881,65,66,-1,1
75882,92,99,-7,7
75883,69,67,2,2
75884,110,105,5,5
75885,94,92,2,2
75886,152,169,-17,17
75887,118,113,5,5
75888,72,73,-1,1
75889,141,129,12,12
75890,43,51,-8,8
75891,122,113,9,9
75892,73,74,-1,1
75893,92,92,0,0
75894,101,111,-10,10
75895,66,62,4,4
75896,70,68,2,2
75897,43,50,-7,7
75898,84,78,6,6
75899,83,97,-14,14
75900,71,70,1,1
75901,97,87,10,10
75902,116,111,5,5
75903,107,114,-7,7
75904,152,140,12,12
75905,130,145,-15,15
75906,49,51,-2,2
75907,111,104,7,7
75908,124,108,16,16
75909,75,74,1,1
75910,112,126,-14,14
75911,111,113,-2,2
75912,97,95,2,2
75913,47,46,1,1
75914,114,100,14,14
75915,107,112,-5,5
75916,93,94,-1,1
75917,107,103,4,4
75918,114,114,0,0
75919,124,129,-5,5
75920,133,120,13,13
75921,64,63,1,1
75922,80,84,-4,4
75923,155,135,20,20
75924,98,108,-10,10
75925,82,70,12,12
75926,50,55,-5,5
75927,64,65,-1,1
75928,97,101,-4,4
75929,123,112,11,11
75930,46,55,-9,9
75931,78,72,6,6
75932,122,119,3,3
75933,181,163,18,18
75934,64,69,-5,5
75935,56,61,-5,5
75936,72,85,-13,13
75937,141,126,15,15
75938,126,118,8,8
75939,71,64,7,7
75940,81,71,10,10
75941,137,121,16,16
75942,91,90,1,1
75943,117,112,5,5
75944,160,153,7,7
75945,101,90,11,11
75946,55,68,-13,13
75947,104,105,-1,1
75948,72,72,0,0
75949,165,154,11,11
75950,74,69,5,5
75951,72,75,-3,3
75952,138,118,20,20
75953,87,85,2,2
75954,66,66,0,0
75955,78,83,-5,5
75956,80,75,5,5
75957,111,113,-2,2
75958,132,129,3,3
75959,70,70,0,0
75960,96,94,2,2
75961,127,124,3,3
75962,121,121,0,0
75963,57,58,-1,1
75964,203,190,13,13
75965,94,97,-3,3
75966,81,95,-14,14
75967,52,56,-4,4
75968,150,137,13,13
75969,83,107,-24,24
75970,99,93,6,6
75971,64,68,-4,4
75972,79,78,1,1
75973,81,83,-2,2
75974,47,56,-9,9
75975,54,60,-6,6
75976,152,139,13,13
75977,44,55,-11,11
75978,87,84,3,3
75979,161,151,10,10
75980,83,86,-3,3
75981,75,77,-2,2
75982,111,114,-3,3
75983,60,60,0,0
75984,98,90,8,8
75985,74,84,-10,10
75986,81,73,8,8
75987,113,111,2,2
75988,110,100,10,10
75989,84,85,-1,1
75990,57,61,-4,4
75991,70,70,0,0
75992,175,152,23,23
75993,95,97,-2,2
75994,94,94,0,0
75995,107,103,4,4
75996,75,78,-3,3
75997,85,96,-11,11
75998,162,139,23,23
75999,93,96,-3,3
76000,73,76,-3,3
76001,86,87,-1,1
76002,179,165,14,14
76003,202,188,14,14
76004,98,100,-2,2
76005,85,86,-1,1
76006,37,50,-13,13
76007,121,112,9,9
76008,128,119,9,9
76009,87,96,-9,9
76010,141,139,2,2
76011,70,67,3,3
76012,151,155,-4,4
76013,116,113,3,3
76014,81,77,4,4
76015,81,72,9,9
76016,89,90,-1,1
76017,124,105,19,19
76018,94,97,-3,3
76019,56,67,-11,11
76020,151,143,8,8
76021,157,147,10,10
76022,70,72,-2,2
76023,154,145,9,9
76024,130,122,8,8
76025,121,113,8,8
76026,119,119,0,0
76027,94,96,-2,2
76028,62,73,-11,11
76029,99,93,6,6
76030,82,76,6,6
76031,145,141,4,4
76032,107,115,-8,8
76033,107,108,-1,1
76034,128,114,14,14
76035,52,57,-5,5
76036,103,99,4,4
76037,70,69,1,1
76038,161,161,0,0
76039,74,76,-2,2
76040,70,67,3,3
76041,114,102,12,12
76042,150,144,6,6
76043,105,115,-10,10
76044,119,126,-7,7
76045,71,76,-5,5
76046,102,96,6,6
76047,43,58,-15,15
76048,84,87,-3,3
76049,70,75,-5,5
76050,82,84,-2,2
76051,74,66,8,8
76052,98,96,2,2
76053,55,64,-9,9
76054,110,113,-3,3
76055,145,149,-4,4
76056,80,79,1,1
76057,137,126,11,11
76058,77,90,-13,13
76059,80,74,6,6
76060,73,68,5,5
76061,83,79,4,4
76062,100,92,8,8
76063,85,80,5,5
76064,101,100,1,1
76065,79,83,-4,4
76066,89,97,-8,8
76067,60,65,-5,5
76068,112,96,16,16
76069,173,162,11,11
76070,60,61,-1,1
76071,41,44,-3,3
76072,57,67,-10,10
76073,88,92,-4,4
76074,101,96,5,5
76075,82,72,10,10
76076,100,98,2,2
76077,85,88,-3,3
76078,117,103,14,14
76079,83,86,-3,3
76080,162,143,19,19
76081,59,61,-2,2
76082,127,118,9,9
76083,170,148,22,22
76084,114,105,9,9
76085,111,108,3,3
76086,44,49,-5,5
76087,91,96,-5,5
76088,76,85,-9,9
76089,64,71,-7,7
76090,67,66,1,1
76091,135,129,6,6
76092,75,77,-2,2
76093,110,105,5,5
76094,84,82,2,2
76095,77,74,3,3
76096,97,98,-1,1
76097,85,90,-5,5
76098,61,61,0,0
76099,86,89,-3,3
76100,75,73,2,2
76101,83,110,-27,27
76102,168,156,12,12
76103,97,98,-1,1
76104,64,70,-6,6
76105,126,115,11,11
76106,85,91,-6,6
76107,111,113,-2,2
76108,87,87,0,0
76109,101,109,-8,8
76110,162,113,49,49
76111,143,144,-1,1
76112,123,113,10,10
76113,82,77,5,5
76114,101,97,4,4
76115,92,99,-7,7
76116,87,100,-13,13
76117,93,78,15,15
76118,100,107,-7,7
76119,92,88,4,4
76120,85,76,9,9
76121,49,54,-5,5
76122,79,94,-15,15
76123,58,59,-1,1
76124,85,90,-5,5
76125,61,63,-2,2
76126,140,133,7,7
76127,127,129,-2,2
76128,152,145,7,7
76129,67,66,1,1
76130,64,68,-4,4
76131,136,132,4,4
76132,74,72,2,2
76133,100,94,6,6
76134,158,136,22,22
76135,80,87,-7,7
76136,88,88,0,0
76137,110,114,-4,4
76138,74,69,5,5
76139,116,118,-2,2
76140,82,77,5,5
76141,117,109,8,8
76142,81,81,0,0
76143,74,73,1,1
76144,104,102,2,2
76145,147,128,19,19
76146,82,79,3,3
76147,50,53,-3,3
76148,180,159,21,21
76149,182,178,4,4
76150,63,76,-13,13
76151,190,160,30,30
76152,122,135,-13,13
76153,99,96,3,3
76154,66,70,-4,4
76155,53,71,-18,18
76156,63,68,-5,5
76157,125,131,-6,6
76158,112,104,8,8
76159,85,88,-3,3
76160,56,64,-8,8
76161,85,84,1,1
76162,70,78,-8,8
76163,83,89,-6,6
76164,135,127,8,8
76165,57,59,-2,2
76166,84,84,0,0
76167,90,100,-10,10
76168,59,68,-9,9
76169,77,75,2,2
76170,64,63,1,1
76171,99,101,-2,2
76172,109,104,5,5
76173,97,99,-2,2
76174,92,86,6,6
76175,87,93,-6,6
76176,42,47,-5,5
76177,74,81,-7,7
76178,162,172,-10,10
76179,125,114,11,11
76180,178,177,1,1
76181,98,108,-10,10
76182,89,96,-7,7
76183,72,67,5,5
76184,78,77,1,1
76185,53,61,-8,8
76186,85,78,7,7
76187,122,113,9,9
76188,101,107,-6,6
76189,81,77,4,4
76190,128,94,34,34
76191,98,98,0,0
76192,154,160,-6,6
76193,122,127,-5,5
76194,63,62,1,1
76195,83,91,-8,8
76196,98,99,-1,1
76197,70,70,0,0
76198,89,103,-14,14
76199,111,118,-7,7
76200,44,58,-14,14
76201,48,60,-12,12
76202,104,100,4,4
76203,106,106,0,0
76204,148,129,19,19
76205,128,129,-1,1
76206,118,113,5,5
76207,105,93,12,12
76208,141,145,-4,4
76209,115,106,9,9
76210,161,152,9,9
76211,71,90,-19,19
76212,149,141,8,8
76213,77,76,1,1
76214,117,111,6,6
76215,119,112,7,7
76216,116,104,12,12
76217,88,84,4,4
76218,107,112,-5,5
76219,72,83,-11,11
76220,137,149,-12,12
76221,122,125,-3,3
76222,126,122,4,4
76223,50,63,-13,13
76224,119,105,14,14
76225,79,73,6,6
76226,124,126,-2,2
76227,128,126,2,2
76228,132,113,19,19
76229,90,88,2,2
76230,95,99,-4,4
76231,97,94,3,3
76232,63,69,-6,6
76233,109,105,4,4
76234,133,141,-8,8
76235,104,102,2,2
76236,35,68,-33,33
76237,72,75,-3,3
76238,65,73,-8,8
76239,120,106,14,14
76240,135,156,-21,21
76241,130,119,11,11
76242,137,138,-1,1
76243,81,76,5,5
76244,83,86,-3,3
76245,51,60,-9,9
76246,77,84,-7,7
76247,116,108,8,8
76248,72,82,-10,10
76249,97,101,-4,4
76250,78,74,4,4
76251,63,65,-2,2
76252,130,135,-5,5
76253,158,149,9,9
76254,75,80,-5,5
76255,76,73,3,3
76256,101,99,2,2
76257,44,57,-13,13
76258,74,74,0,0
76259,98,93,5,5
76260,134,140,-6,6
76261,104,98,6,6
76262,88,86,2,2
76263,179,151,28,28
76264,46,54,-8,8
76265,141,139,2,2
76266,91,83,8,8
76267,72,74,-2,2
76268,82,84,-2,2
76269,73,73,0,0
76270,139,124,15,15
76271,124,118,6,6
76272,100,96,4,4
76273,98,95,3,3
76274,80,79,1,1
76275,97,112,-15,15
76276,62,68,-6,6
76277,136,128,8,8
76278,93,88,5,5
76279,104,103,1,1
76280,158,150,8,8
76281,105,99,6,6
76282,82,69,13,13
76283,150,143,7,7
76284,161,146,15,15
76285,68,69,-1,1
76286,97,98,-1,1
76287,106,100,6,6
76288,75,73,2,2
76289,95,95,0,0
76290,84,85,-1,1
76291,144,133,11,11
76292,115,111,4,4
76293,45,54,-9,9
76294,99,95,4,4
76295,91,89,2,2
76296,75,68,7,7
76297,134,114,20,20
76298,69,66,3,3
76299,74,73,1,1
76300,53,57,-4,4
76301,74,77,-3,3
76302,95,95,0,0
76303,54,62,-8,8
76304,96,95,1,1
76305,93,93,0,0
76306,108,104,4,4
76307,104,118,-14,14
76308,80,81,-1,1
76309,87,79,8,8
76310,98,105,-7,7
76311,60,65,-5,5
76312,65,69,-4,4
76313,75,85,-10,10
76314,80,91,-11,11
76315,81,92,-11,11
76316,123,112,11,11
76317,89,96,-7,7
76318,142,136,6,6
76319,64,63,1,1
76320,100,103,-3,3
76321,45,58,-13,13
76322,118,106,12,12
76323,73,77,-4,4
76324,74,77,-3,3
76325,102,105,-3,3
76326,66,79,-13,13
76327,120,126,-6,6
76328,57,59,-2,2
76329,149,131,18,18
76330,131,130,1,1
76331,81,77,4,4
76332,61,64,-3,3
76333,89,94,-5,5
76334,66,65,1,1
76335,64,67,-3,3
76336,76,83,-7,7
76337,124,114,10,10
76338,48,58,-10,10
76339,68,68,0,0
76340,100,101,-1,1
76341,96,97,-1,1
76342,50,51,-1,1
76343,85,90,-5,5
76344,85,87,-2,2
76345,61,65,-4,4
76346,91,82,9,9
76347,72,71,1,1
76348,129,116,13,13
76349,104,99,5,5
76350,54,66,-12,12
76351,53,58,-5,5
76352,105,110,-5,5
76353,91,105,-14,14
76354,66,74,-8,8
76355,59,62,-3,3
76356,118,113,5,5
76357,109,116,-7,7
76358,63,65,-2,2
76359,63,58,5,5
76360,68,69,-1,1
76361,166,173,-7,7
76362,84,78,6,6
76363,66,64,2,2
76364,100,111,-11,11
76365,104,98,6,6
76366,65,66,-1,1
76367,57,61,-4,4
76368,99,97,2,2
76369,96,112,-16,16
76370,71,72,-1,1
76371,57,64,-7,7
76372,105,111,-6,6
76373,88,84,4,4
76374,54,60,-6,6
76375,181,158,23,23
76376,100,98,2,2
76377,103,101,2,2
76378,138,126,12,12
76379,65,71,-6,6
76380,71,73,-2,2
76381,70,69,1,1
76382,72,71,1,1
76383,66,64,2,2
76384,79,76,3,3
76385,169,156,13,13
76386,129,120,9,9
76387,129,107,22,22
76388,63,64,-1,1
76389,92,90,2,2
76390,109,107,2,2
76391,58,63,-5,5
76392,108,100,8,8
76393,107,98,9,9
76394,162,152,10,10
76395,57,61,-4,4
76396,109,113,-4,4
76397,86,86,0,0
76398,91,86,5,5
76399,89,78,11,11
76400,93,98,-5,5
76401,70,69,1,1
76402,73,73,0,0
76403,71,70,1,1
76404,59,56,3,3
76405,166,160,6,6
76406,71,67,4,4
76407,71,65,6,6
76408,132,115,17,17
76409,103,109,-6,6
76410,114,105,9,9
76411,103,112,-9,9
76412,98,95,3,3
76413,92,87,5,5
76414,102,111,-9,9
76415,113,119,-6,6
76416,130,151,-21,21
76417,56,66,-10,10
76418,127,116,11,11
76419,53,68,-15,15
76420,129,123,6,6
76421,93,90,3,3
76422,133,122,11,11
76423,93,90,3,3
76424,92,94,-2,2
76425,45,58,-13,13
76426,96,86,10,10
76427,104,122,-18,18
76428,65,66,-1,1
76429,114,106,8,8
76430,52,55,-3,3
76431,80,85,-5,5
76432,135,130,5,5
76433,78,112,-34,34
76434,69,68,1,1
76435,61,54,7,7
76436,75,70,5,5
76437,131,133,-2,2
76438,108,114,-6,6
76439,96,97,-1,1
76440,178,158,20,20
76441,171,168,3,3
76442,81,74,7,7
76443,91,86,5,5
76444,69,75,-6,6
76445,146,134,12,12
76446,111,99,12,12
76447,65,64,1,1
76448,86,83,3,3
76449,79,96,-17,17
76450,108,100,8,8
76451,94,95,-1,1
76452,107,106,1,1
76453,100,94,6,6
76454,121,112,9,9
76455,144,149,-5,5
76456,66,68,-2,2
76457,40,47,-7,7
76458,99,99,0,0
76459,32,47,-15,15
76460,69,69,0,0
76461,145,142,3,3
76462,76,84,-8,8
76463,85,84,1,1
76464,53,59,-6,6
76465,27,43,-16,16
76466,55,67,-12,12
76467,41,45,-4,4
76468,57,63,-6,6
76469,83,73,10,10
76470,77,72,5,5
76471,85,95,-10,10
76472,118,104,14,14
76473,55,60,-5,5
76474,62,63,-1,1
76475,111,109,2,2
76476,108,103,5,5
76477,89,94,-5,5
76478,97,89,8,8
76479,94,99,-5,5
76480,61,65,-4,4
76481,82,90,-8,8
76482,83,87,-4,4
76483,140,127,13,13
76484,152,127,25,25
76485,86,78,8,8
76486,33,44,-11,11
76487,88,84,4,4
76488,71,69,2,2
76489,97,111,-14,14
76490,81,87,-6,6
76491,129,118,11,11
76492,55,60,-5,5
76493,122,122,0,0
76494,103,111,-8,8
76495,98,93,5,5
76496,89,84,5,5
76497,87,83,4,4
76498,79,86,-7,7
76499,98,105,-7,7
76500,49,60,-11,11
76501,82,84,-2,2
76502,120,118,2,2
76503,108,108,0,0
76504,169,155,14,14
76505,161,155,6,6
76506,134,131,3,3
76507,96,98,-2,2
76508,56,59,-3,3
76509,101,104,-3,3
76510,86,93,-7,7
76511,82,86,-4,4
76512,85,92,-7,7
76513,79,77,2,2
76514,78,84,-6,6
76515,105,97,8,8
76516,142,135,7,7
76517,65,74,-9,9
76518,57,64,-7,7
76519,81,83,-2,2
76520,139,112,27,27
76521,84,80,4,4
76522,81,80,1,1
76523,154,130,24,24
76524,147,133,14,14
76525,153,137,16,16
76526,73,76,-3,3
76527,141,129,12,12
76528,43,53,-10,10
76529,101,98,3,3
76530,42,54,-12,12
76531,78,78,0,0
76532,97,111,-14,14
76533,65,70,-5,5
76534,58,62,-4,4
76535,79,89,-10,10
76536,95,96,-1,1
76537,105,116,-11,11
76538,37,48,-11,11
76539,82,78,4,4
76540,130,123,7,7
76541,99,108,-9,9
76542,125,105,20,20
76543,51,64,-13,13
76544,87,88,-1,1
76545,147,149,-2,2
76546,61,59,2,2
76547,122,121,1,1
76548,70,78,-8,8
76549,81,74,7,7
76550,93,90,3,3
76551,136,131,5,5
76552,61,65,-4,4
76553,75,85,-10,10
76554,118,104,14,14
76555,110,112,-2,2
76556,153,155,-2,2
76557,57,59,-2,2
76558,128,113,15,15
76559,118,109,9,9
76560,81,89,-8,8
76561,82,79,3,3
76562,126,119,7,7
76563,110,101,9,9
76564,91,97,-6,6
76565,106,88,18,18
76566,92,87,5,5
76567,74,84,-10,10
76568,119,113,6,6
76569,47,53,-6,6
76570,81,91,-10,10
76571,101,98,3,3
76572,91,90,1,1
76573,68,72,-4,4
76574,119,113,6,6
76575,90,88,2,2
76576,104,105,-1,1
76577,80,84,-4,4
76578,84,90,-6,6
76579,132,118,14,14
76580,32,70,-38,38
76581,139,128,11,11
76582,85,78,7,7
76583,83,84,-1,1
76584,55,60,-5,5
76585,98,109,-11,11
76586,177,169,8,8
76587,81,87,-6,6
76588,90,97,-7,7
76589,133,118,15,15
76590,85,70,15,15
76591,58,58,0,0
76592,133,127,6,6
76593,81,79,2,2
76594,149,137,12,12
76595,107,103,4,4
76596,113,96,17,17
76597,108,100,8,8
76598,93,89,4,4
76599,100,90,10,10
76600,66,69,-3,3
76601,109,102,7,7
76602,77,89,-12,12
76603,208,176,32,32
76604,79,84,-5,5
76605,74,70,4,4
76606,74,72,2,2
76607,131,124,7,7
76608,127,113,14,14
76609,77,74,3,3
76610,100,77,23,23
76611,82,112,-30,30
76612,100,100,0,0
76613,65,73,-8,8
76614,97,100,-3,3
76615,146,128,18,18
76616,99,84,15,15
76617,117,105,12,12
76618,71,75,-4,4
76619,60,63,-3,3
76620,75,76,-1,1
76621,46,51,-5,5
76622,121,108,13,13
76623,55,59,-4,4
76624,119,121,-2,2
76625,178,165,13,13
76626,131,127,4,4
76627,123,118,5,5
76628,99,98,1,1
76629,164,158,6,6
76630,69,73,-4,4
76631,55,61,-6,6
76632,148,147,1,1
76633,67,67,0,0
76634,138,132,6,6
76635,115,107,8,8
76636,134,124,10,10
76637,91,97,-6,6
76638,94,93,1,1
76639,114,108,6,6
76640,92,91,1,1
76641,98,103,-5,5
76642,41,44,-3,3
76643,49,57,-8,8
76644,59,72,-13,13
76645,90,86,4,4
76646,165,151,14,14
76647,53,60,-7,7
76648,67,70,-3,3
76649,77,73,4,4
76650,87,84,3,3
76651,65,66,-1,1
76652,133,124,9,9
76653,98,96,2,2
76654,103,103,0,0
76655,85,81,4,4
76656,153,139,14,14
76657,85,77,8,8
76658,126,129,-3,3
76659,102,112,-10,10
76660,115,110,5,5
76661,78,81,-3,3
76662,152,149,3,3
76663,72,72,0,0
76664,65,66,-1,1
76665,71,71,0,0
76666,134,132,2,2
76667,104,103,1,1
76668,54,62,-8,8
76669,133,120,13,13
76670,99,82,17,17
76671,69,69,0,0
76672,169,162,7,7
76673,94,98,-4,4
76674,106,112,-6,6
76675,86,88,-2,2
76676,107,100,7,7
76677,52,62,-10,10
76678,71,76,-5,5
76679,87,84,3,3
76680,155,155,0,0
76681,58,65,-7,7
76682,144,133,11,11
76683,111,105,6,6
76684,90,90,0,0
76685,74,64,10,10
76686,100,93,7,7
76687,112,107,5,5
76688,117,114,3,3
76689,48,91,-43,43
76690,107,94,13,13
76691,144,137,7,7
76692,86,78,8,8
76693,101,96,5,5
76694,94,96,-2,2
76695,129,112,17,17
76696,132,133,-1,1
76697,61,65,-4,4
76698,103,107,-4,4
76699,104,98,6,6
76700,135,115,20,20
76701,76,83,-7,7
76702,112,116,-4,4
76703,114,96,18,18
76704,69,65,4,4
76705,92,81,11,11
76706,80,83,-3,3
76707,139,125,14,14
76708,76,75,1,1
76709,71,69,2,2
76710,100,100,0,0
76711,106,98,8,8
76712,145,136,9,9
76713,76,86,-10,10
76714,92,99,-7,7
76715,49,53,-4,4
76716,110,105,5,5
76717,92,96,-4,4
76718,173,141,32,32
76719,98,99,-1,1
76720,175,149,26,26
76721,75,85,-10,10
76722,103,88,15,15
76723,111,123,-12,12
76724,215,207,8,8
76725,131,121,10,10
76726,67,74,-7,7
76727,127,133,-6,6
76728,72,74,-2,2
76729,43,68,-25,25
76730,65,67,-2,2
76731,69,70,-1,1
76732,149,153,-4,4
76733,75,71,4,4
76734,81,84,-3,3
76735,76,67,9,9
76736,53,65,-12,12
76737,79,88,-9,9
76738,152,136,16,16
76739,97,98,-1,1
76740,48,55,-7,7
76741,107,109,-2,2
76742,118,114,4,4
76743,78,77,1,1
76744,98,102,-4,4
76745,121,112,9,9
76746,108,100,8,8
76747,59,62,-3,3
76748,95,97,-2,2
76749,98,99,-1,1
76750,71,69,2,2
76751,76,75,1,1
76752,100,106,-6,6
76753,70,67,3,3
76754,71,65,6,6
76755,94,74,20,20
76756,86,84,2,2
76757,102,104,-2,2
76758,106,102,4,4
76759,74,81,-7,7
76760,49,59,-10,10
76761,103,98,5,5
76762,70,73,-3,3
76763,168,160,8,8
76764,66,72,-6,6
76765,128,130,-2,2
76766,110,106,4,4
76767,82,75,7,7
76768,92,84,8,8
76769,187,173,14,14
76770,101,114,-13,13
76771,47,51,-4,4
76772,72,75,-3,3
76773,77,77,0,0
76774,30,41,-11,11
76775,124,124,0,0
76776,218,183,35,35
76777,110,113,-3,3
76778,106,108,-2,2
76779,133,119,14,14
76780,88,77,11,11
76781,58,61,-3,3
76782,184,160,24,24
76783,152,131,21,21
76784,87,96,-9,9
76785,167,148,19,19
76786,93,98,-5,5
76787,130,107,23,23
76788,96,84,12,12
76789,119,118,1,1
76790,81,80,1,1
76791,52,53,-1,1
76792,66,63,3,3
76793,102,108,-6,6
76794,76,73,3,3
76795,117,101,16,16
76796,98,91,7,7
76797,81,78,3,3
76798,99,103,-4,4
76799,81,76,5,5
76800,64,70,-6,6
76801,139,132,7,7
76802,84,87,-3,3
76803,68,68,0,0
76804,42,46,-4,4
76805,73,67,6,6
76806,158,119,39,39
76807,101,103,-2,2
76808,122,114,8,8
76809,76,84,-8,8
76810,129,144,-15,15
76811,99,90,9,9
76812,71,69,2,2
76813,80,79,1,1
76814,141,127,14,14
76815,48,52,-4,4
76816,146,132,14,14
76817,83,87,-4,4
76818,102,101,1,1
76819,87,87,0,0
76820,83,78,5,5
76821,63,73,-10,10
76822,89,90,-1,1
76823,142,129,13,13
76824,90,97,-7,7
76825,97,93,4,4
76826,130,121,9,9
76827,88,86,2,2
76828,146,145,1,1
76829,118,108,10,10
76830,124,116,8,8
76831,108,117,-9,9
76832,53,63,-10,10
76833,78,83,-5,5
76834,54,58,-4,4
76835,121,112,9,9
76836,105,113,-8,8
76837,47,60,-13,13
76838,58,60,-2,2
76839,126,112,14,14
76840,165,147,18,18
76841,118,112,6,6
76842,54,61,-7,7
76843,98,93,5,5
76844,39,43,-4,4
76845,88,96,-8,8
76846,85,86,-1,1
76847,92,100,-8,8
76848,101,101,0,0
76849,69,79,-10,10
76850,70,67,3,3
76851,57,95,-38,38
76852,89,88,1,1
76853,165,153,12,12
76854,88,90,-2,2
76855,142,131,11,11
76856,109,112,-3,3
76857,105,104,1,1
76858,94,97,-3,3
76859,124,115,9,9
76860,119,112,7,7
76861,41,46,-5,5
76862,102,102,0,0
76863,90,74,16,16
76864,126,126,0,0
76865,59,71,-12,12
76866,74,75,-1,1
76867,104,111,-7,7
76868,101,100,1,1
76869,102,100,2,2
76870,123,124,-1,1
76871,90,90,0,0
76872,85,79,6,6
76873,85,93,-8,8
76874,57,60,-3,3
76875,73,76,-3,3
76876,73,78,-5,5
76877,106,108,-2,2
76878,47,48,-1,1
76879,91,97,-6,6
76880,93,83,10,10
76881,63,72,-9,9
76882,80,76,4,4
76883,71,70,1,1
76884,92,90,2,2
76885,125,118,7,7
76886,82,93,-11,11
76887,97,102,-5,5
76888,59,58,1,1
76889,125,134,-9,9
76890,115,104,11,11
76891,103,97,6,6
76892,97,96,1,1
76893,89,89,0,0
76894,78,78,0,0
76895,159,140,19,19
76896,117,121,-4,4
76897,100,95,5,5
76898,104,103,1,1
76899,97,107,-10,10
76900,114,104,10,10
76901,118,124,-6,6
76902,99,85,14,14
76903,98,91,7,7
76904,114,113,1,1
76905,99,99,0,0
76906,95,95,0,0
76907,68,73,-5,5
76908,119,113,6,6
76909,125,115,10,10
76910,74,78,-4,4
76911,97,91,6,6
76912,101,97,4,4
76913,157,148,9,9
76914,141,132,9,9
76915,132,130,2,2
76916,104,103,1,1
76917,85,87,-2,2
76918,110,111,-1,1
76919,91,104,-13,13
76920,53,56,-3,3
76921,81,83,-2,2
76922,78,84,-6,6
76923,79,93,-14,14
76924,73,74,-1,1
76925,81,84,-3,3
76926,89,87,2,2
76927,78,77,1,1
76928,122,111,11,11
76929,64,69,-5,5
76930,52,55,-3,3
76931,87,92,-5,5
76932,134,130,4,4
76933,104,96,8,8
76934,116,120,-4,4
76935,102,108,-6,6
76936,160,142,18,18
76937,83,76,7,7
76938,159,162,-3,3
76939,130,134,-4,4
76940,92,90,2,2
76941,95,86,9,9
76942,179,177,2,2
76943,132,111,21,21
76944,53,56,-3,3
76945,100,96,4,4
76946,105,97,8,8
76947,77,78,-1,1
76948,115,112,3,3
76949,126,126,0,0
76950,91,92,-1,1
76951,79,80,-1,1
76952,40,52,-12,12
76953,128,120,8,8
76954,145,143,2,2
76955,153,134,19,19
76956,81,76,5,5
76957,113,121,-8,8
76958,138,120,18,18
76959,100,103,-3,3
76960,77,69,8,8
76961,71,75,-4,4
76962,110,111,-1,1
76963,118,113,5,5
76964,137,135,2,2
76965,94,95,-1,1
76966,65,64,1,1
76967,52,70,-18,18
76968,74,76,-2,2
76969,68,68,0,0
76970,101,101,0,0
76971,104,100,4,4
76972,138,131,7,7
76973,71,72,-1,1
76974,140,125,15,15
76975,83,82,1,1
76976,91,92,-1,1
76977,125,113,12,12
76978,77,85,-8,8
76979,63,62,1,1
76980,116,111,5,5
76981,102,100,2,2
76982,121,128,-7,7
76983,116,112,4,4
76984,181,170,11,11
76985,112,118,-6,6
76986,151,150,1,1
76987,127,120,7,7
76988,87,86,1,1
76989,123,120,3,3
76990,74,87,-13,13
76991,161,149,12,12
76992,48,54,-6,6
76993,207,191,16,16
76994,124,122,2,2
76995,91,101,-10,10
76996,104,101,3,3
76997,118,120,-2,2
76998,112,108,4,4
76999,70,71,-1,1
77000,76,69,7,7
77001,133,120,13,13
77002,79,73,6,6
77003,56,68,-12,12
77004,111,127,-16,16
77005,48,58,-10,10
77006,80,69,11,11
77007,144,136,8,8
77008,39,41,-2,2
77009,91,94,-3,3
77010,97,96,1,1
77011,93,84,9,9
77012,142,129,13,13
77013,116,112,4,4
77014,86,79,7,7
77015,128,130,-2,2
77016,101,106,-5,5
77017,53,64,-11,11
77018,153,142,11,11
77019,69,78,-9,9
77020,101,95,6,6
77021,146,145,1,1
77022,107,105,2,2
77023,86,88,-2,2
77024,44,55,-11,11
77025,64,70,-6,6
77026,90,73,17,17
77027,69,74,-5,5
77028,78,96,-18,18
77029,141,134,7,7
77030,54,51,3,3
77031,61,59,2,2
77032,140,123,17,17
77033,158,132,26,26
77034,96,89,7,7
77035,159,150,9,9
77036,155,128,27,27
77037,152,139,13,13
77038,62,60,2,2
77039,84,78,6,6
77040,197,181,16,16
77041,123,120,3,3
77042,80,87,-7,7
77043,25,40,-15,15
77044,140,139,1,1
77045,65,75,-10,10
77046,67,98,-31,31
77047,62,67,-5,5
77048,71,69,2,2
77049,138,133,5,5
77050,73,70,3,3
77051,84,91,-7,7
77052,227,187,40,40
77053,97,91,6,6
77054,47,52,-5,5
77055,74,76,-2,2
77056,75,81,-6,6
77057,64,68,-4,4
77058,107,106,1,1
77059,60,58,2,2
77060,70,73,-3,3
77061,117,98,19,19
77062,110,118,-8,8
77063,118,118,0,0
77064,86,86,0,0
77065,61,70,-9,9
77066,72,71,1,1
77067,153,137,16,16
77068,92,97,-5,5
77069,117,113,4,4
77070,79,78,1,1
77071,111,100,11,11
77072,48,54,-6,6
77073,71,67,4,4
77074,100,100,0,0
77075,90,84,6,6
77076,67,73,-6,6
77077,111,107,4,4
77078,68,68,0,0
77079,113,102,11,11
77080,78,93,-15,15
77081,94,94,0,0
77082,86,92,-6,6
77083,131,130,1,1
77084,142,127,15,15
77085,83,92,-9,9
77086,62,77,-15,15
77087,74,66,8,8
77088,143,136,7,7
77089,163,159,4,4
77090,78,75,3,3
77091,42,46,-4,4
77092,69,69,0,0
77093,68,70,-2,2
77094,132,122,10,10
77095,59,59,0,0
77096,107,106,1,1
77097,107,108,-1,1
77098,49,54,-5,5
77099,114,112,2,2
77100,87,84,3,3
77101,103,81,22,22
77102,122,111,11,11
77103,114,112,2,2
77104,172,157,15,15
77105,69,74,-5,5
77106,57,68,-11,11
77107,108,106,2,2
77108,80,97,-17,17
77109,70,73,-3,3
77110,126,124,2,2
77111,102,98,4,4
77112,45,54,-9,9
77113,72,70,2,2
77114,174,151,23,23
77115,101,105,-4,4
77116,53,58,-5,5
77117,71,70,1,1
77118,157,162,-5,5
77119,139,128,11,11
77120,116,101,15,15
77121,86,78,8,8
77122,96,87,9,9
77123,107,108,-1,1
77124,98,105,-7,7
77125,89,94,-5,5
77126,117,125,-8,8
77127,108,107,1,1
77128,54,58,-4,4
77129,116,114,2,2
77130,111,112,-1,1
77131,139,140,-1,1
77132,74,72,2,2
77133,117,122,-5,5
77134,106,112,-6,6
77135,158,138,20,20
77136,97,97,0,0
77137,70,66,4,4
77138,106,108,-2,2
77139,82,75,7,7
77140,141,123,18,18
77141,132,123,9,9
77142,114,102,12,12
77143,145,133,12,12
77144,56,64,-8,8
77145,109,98,11,11
77146,131,119,12,12
77147,154,114,40,40
77148,73,68,5,5
77149,63,69,-6,6
77150,134,145,-11,11
77151,91,84,7,7
77152,127,115,12,12
77153,42,49,-7,7
77154,101,105,-4,4
77155,52,53,-1,1
77156,143,144,-1,1
77157,92,89,3,3
77158,84,85,-1,1
77159,101,114,-13,13
77160,117,115,2,2
77161,85,84,1,1
77162,52,59,-7,7
77163,74,69,5,5
77164,78,68,10,10
77165,64,63,1,1
77166,90,93,-3,3
77167,59,69,-10,10
77168,53,66,-13,13
77169,94,97,-3,3
77170,77,77,0,0
77171,108,89,19,19
77172,138,126,12,12
77173,83,88,-5,5
77174,150,131,19,19
77175,108,101,7,7
77176,64,67,-3,3
77177,101,112,-11,11
77178,92,86,6,6
77179,150,138,12,12
77180,133,128,5,5
77181,42,55,-13,13
77182,43,52,-9,9
77183,63,64,-1,1
77184,82,85,-3,3
77185,56,55,1,1
77186,101,112,-11,11
77187,65,78,-13,13
77188,112,106,6,6
77189,50,57,-7,7
77190,130,122,8,8
77191,88,98,-10,10
77192,74,69,5,5
77193,129,133,-4,4
77194,57,69,-12,12
77195,110,106,4,4
77196,99,102,-3,3
77197,77,73,4,4
77198,117,112,5,5
77199,107,101,6,6
77200,62,62,0,0
77201,75,79,-4,4
77202,97,103,-6,6
77203,54,57,-3,3
77204,80,74,6,6
77205,84,80,4,4
77206,52,55,-3,3
77207,106,103,3,3
77208,99,112,-13,13
77209,92,88,4,4
77210,53,58,-5,5
77211,135,133,2,2
77212,116,100,16,16
77213,96,101,-5,5
77214,116,109,7,7
77215,90,87,3,3
77216,187,151,36,36
77217,55,94,-39,39
77218,48,55,-7,7
77219,77,81,-4,4
77220,74,77,-3,3
77221,97,103,-6,6
77222,159,148,11,11
77223,127,117,10,10
77224,83,84,-1,1
77225,67,69,-2,2
77226,103,95,8,8
77227,68,64,4,4
77228,75,70,5,5
77229,88,91,-3,3
77230,82,112,-30,30
77231,128,115,13,13
77232,177,160,17,17
77233,140,128,12,12
77234,108,91,17,17
77235,59,58,1,1
77236,97,97,0,0
77237,105,105,0,0
77238,59,60,-1,1
77239,74,72,2,2
77240,63,63,0,0
77241,53,58,-5,5
77242,67,69,-2,2
77243,88,87,1,1
77244,116,113,3,3
77245,141,139,2,2
77246,123,121,2,2
77247,111,112,-1,1
77248,89,84,5,5
77249,112,114,-2,2
77250,118,113,5,5
77251,51,59,-8,8
77252,165,143,22,22
77253,70,75,-5,5
77254,92,84,8,8
77255,156,131,25,25
77256,160,139,21,21
77257,64,66,-2,2
77258,137,134,3,3
77259,93,87,6,6
77260,124,125,-1,1
77261,77,81,-4,4
77262,128,127,1,1
77263,79,69,10,10
77264,61,66,-5,5
77265,112,106,6,6
77266,45,49,-4,4
77267,67,66,1,1
77268,126,124,2,2
77269,92,89,3,3
77270,74,77,-3,3
77271,67,74,-7,7
77272,105,99,6,6
77273,167,161,6,6
77274,131,124,7,7
77275,84,126,-42,42
77276,110,117,-7,7
77277,72,78,-6,6
77278,71,118,-47,47
77279,115,114,1,1
77280,159,150,9,9
77281,82,93,-11,11
77282,100,109,-9,9
77283,70,64,6,6
77284,104,105,-1,1
77285,49,52,-3,3
77286,104,105,-1,1
77287,101,107,-6,6
77288,66,72,-6,6
77289,87,87,0,0
77290,85,96,-11,11
77291,124,132,-8,8
77292,121,110,11,11
77293,97,92,5,5
77294,63,64,-1,1
77295,93,97,-4,4
77296,79,73,6,6
77297,49,51,-2,2
77298,95,96,-1,1
77299,76,82,-6,6
77300,133,129,4,4
77301,66,70,-4,4
77302,85,98,-13,13
77303,228,228,0,0
77304,124,127,-3,3
77305,90,83,7,7
77306,95,97,-2,2
77307,54,64,-10,10
77308,82,84,-2,2
77309,155,140,15,15
77310,173,162,11,11
77311,171,151,20,20
77312,42,56,-14,14
77313,141,135,6,6
77314,92,84,8,8
77315,94,90,4,4
77316,82,87,-5,5
77317,132,121,11,11
77318,124,113,11,11
77319,94,91,3,3
77320,60,61,-1,1
77321,58,67,-9,9
77322,102,107,-5,5
77323,112,112,0,0
77324,121,115,6,6
77325,133,136,-3,3
77326,54,69,-15,15
77327,105,111,-6,6
77328,82,85,-3,3
77329,104,96,8,8
77330,91,82,9,9
77331,103,112,-9,9
77332,96,102,-6,6
77333,147,158,-11,11
77334,95,97,-2,2
77335,111,119,-8,8
77336,106,108,-2,2
77337,59,61,-2,2
77338,77,73,4,4
77339,97,84,13,13
77340,73,63,10,10
77341,105,100,5,5
77342,122,112,10,10
77343,55,67,-12,12
77344,108,108,0,0
77345,59,60,-1,1
77346,124,125,-1,1
77347,116,122,-6,6
77348,100,97,3,3
77349,76,81,-5,5
77350,102,97,5,5
77351,95,103,-8,8
77352,138,126,12,12
77353,119,112,7,7
77354,78,80,-2,2
77355,108,112,-4,4
77356,34,43,-9,9
77357,105,106,-1,1
77358,120,112,8,8
77359,91,92,-1,1
77360,103,112,-9,9
77361,75,75,0,0
77362,176,153,23,23
77363,85,79,6,6
77364,75,75,0,0
77365,103,105,-2,2
77366,81,85,-4,4
77367,105,113,-8,8
77368,50,62,-12,12
77369,118,114,4,4
77370,163,151,12,12
77371,137,128,9,9
77372,167,161,6,6
77373,116,114,2,2
77374,52,59,-7,7
77375,115,104,11,11
77376,188,184,4,4
77377,187,166,21,21
77378,84,83,1,1
77379,124,115,9,9
77380,95,94,1,1
77381,79,88,-9,9
77382,72,68,4,4
77383,68,70,-2,2
77384,116,113,3,3
77385,83,106,-23,23
77386,94,91,3,3
77387,63,67,-4,4
77388,200,186,14,14
77389,61,67,-6,6
77390,148,133,15,15
77391,56,62,-6,6
77392,110,111,-1,1
77393,94,96,-2,2
77394,59,72,-13,13
77395,76,72,4,4
77396,67,76,-9,9
77397,102,104,-2,2
77398,165,144,21,21
77399,79,78,1,1
77400,74,70,4,4
77401,136,126,10,10
77402,116,109,7,7
77403,95,100,-5,5
77404,112,111,1,1
77405,65,73,-8,8
77406,43,51,-8,8
77407,92,92,0,0
77408,48,55,-7,7
77409,75,77,-2,2
77410,118,116,2,2
77411,99,84,15,15
77412,101,97,4,4
77413,41,62,-21,21
77414,78,85,-7,7
77415,129,112,17,17
77416,109,113,-4,4
77417,81,78,3,3
77418,167,152,15,15
77419,55,76,-21,21
77420,202,181,21,21
77421,118,112,6,6
77422,122,121,1,1
77423,67,70,-3,3
77424,67,68,-1,1
77425,54,59,-5,5
77426,54,61,-7,7
77427,89,94,-5,5
77428,107,101,6,6
77429,94,92,2,2
77430,72,66,6,6
77431,127,128,-1,1
77432,84,99,-15,15
77433,64,68,-4,4
77434,96,98,-2,2
77435,116,112,4,4
77436,127,124,3,3
77437,128,120,8,8
77438,118,130,-12,12
77439,62,68,-6,6
77440,73,68,5,5
77441,36,45,-9,9
77442,165,138,27,27
77443,100,104,-4,4
77444,65,68,-3,3
77445,75,81,-6,6
77446,75,90,-15,15
77447,97,101,-4,4
77448,93,102,-9,9
77449,57,61,-4,4
77450,59,63,-4,4
77451,85,82,3,3
77452,99,108,-9,9
77453,87,91,-4,4
77454,102,112,-10,10
77455,75,78,-3,3
77456,92,94,-2,2
77457,79,92,-13,13
77458,50,60,-10,10
77459,48,56,-8,8
77460,217,177,40,40
77461,132,120,12,12
77462,101,99,2,2
77463,82,83,-1,1
77464,116,118,-2,2
77465,112,99,13,13
77466,66,78,-12,12
77467,81,88,-7,7
77468,56,60,-4,4
77469,97,90,7,7
77470,84,76,8,8
77471,37,47,-10,10
77472,74,73,1,1
77473,127,118,9,9
77474,54,61,-7,7
77475,80,77,3,3
77476,57,57,0,0
77477,106,81,25,25
77478,91,93,-2,2
77479,103,103,0,0
77480,114,99,15,15
77481,131,127,4,4
77482,85,83,2,2
77483,85,90,-5,5
77484,93,96,-3,3
77485,74,67,7,7
77486,88,92,-4,4
77487,52,54,-2,2
77488,41,42,-1,1
77489,82,84,-2,2
77490,112,107,5,5
77491,67,64,3,3
77492,69,77,-8,8
77493,150,132,18,18
77494,93,97,-4,4
77495,63,62,1,1
77496,95,85,10,10
77497,46,53,-7,7
77498,72,72,0,0
77499,77,84,-7,7
77500,87,93,-6,6
77501,121,120,1,1
77502,149,137,12,12
77503,82,74,8,8
77504,57,60,-3,3
77505,127,113,14,14
77506,103,95,8,8
77507,96,95,1,1
77508,82,75,7,7
77509,161,150,11,11
77510,133,128,5,5
77511,73,72,1,1
77512,71,63,8,8
77513,168,165,3,3
77514,137,132,5,5
77515,72,70,2,2
77516,77,77,0,0
77517,114,113,1,1
77518,115,112,3,3
77519,70,66,4,4
77520,78,84,-6,6
77521,118,122,-4,4
77522,88,87,1,1
77523,81,75,6,6
77524,118,119,-1,1
77525,60,57,3,3
77526,98,98,0,0
77527,99,89,10,10
77528,55,58,-3,3
77529,100,97,3,3
77530,75,81,-6,6
77531,77,70,7,7
77532,139,138,1,1
77533,99,93,6,6
77534,106,111,-5,5
77535,92,99,-7,7
77536,87,89,-2,2
77537,55,65,-10,10
77538,89,99,-10,10
77539,106,112,-6,6
77540,161,150,11,11
77541,72,72,0,0
77542,119,103,16,16
77543,90,85,5,5
77544,110,105,5,5
77545,51,60,-9,9
77546,63,70,-7,7
77547,42,49,-7,7
77548,85,81,4,4
77549,144,135,9,9
77550,69,78,-9,9
77551,43,51,-8,8
77552,94,100,-6,6
77553,178,180,-2,2
77554,80,77,3,3
77555,65,66,-1,1
77556,62,65,-3,3
77557,62,62,0,0
77558,144,143,1,1
77559,102,99,3,3
77560,104,100,4,4
77561,45,56,-11,11
77562,57,60,-3,3
77563,132,105,27,27
77564,105,98,7,7
77565,99,99,0,0
77566,60,71,-11,11
77567,72,77,-5,5
77568,122,124,-2,2
77569,141,135,6,6
77570,94,90,4,4
77571,89,98,-9,9
77572,43,55,-12,12
77573,160,146,14,14
77574,84,75,9,9
77575,84,79,5,5
77576,90,96,-6,6
77577,68,70,-2,2
77578,189,175,14,14
77579,77,87,-10,10
77580,59,66,-7,7
77581,139,137,2,2
77582,98,98,0,0
77583,147,133,14,14
77584,158,126,32,32
77585,97,94,3,3
77586,109,110,-1,1
77587,112,106,6,6
77588,74,74,0,0
77589,155,138,17,17
77590,75,73,2,2
77591,129,116,13,13
77592,189,180,9,9
77593,98,100,-2,2
77594,68,71,-3,3
77595,100,100,0,0
77596,136,121,15,15
77597,144,138,6,6
77598,123,126,-3,3
77599,60,62,-2,2
77600,131,122,9,9
77601,74,85,-11,11
77602,148,117,31,31
77603,112,103,9,9
77604,60,65,-5,5
77605,89,84,5,5
77606,83,91,-8,8
77607,100,91,9,9
77608,70,74,-4,4
77609,119,126,-7,7
77610,52,60,-8,8
77611,72,73,-1,1
77612,127,124,3,3
77613,82,87,-5,5
77614,65,63,2,2
77615,75,71,4,4
77616,65,65,0,0
77617,80,96,-16,16
77618,95,120,-25,25
77619,74,81,-7,7
77620,107,105,2,2
77621,63,65,-2,2
77622,117,112,5,5
77623,83,73,10,10
77624,74,72,2,2
77625,56,53,3,3
77626,143,145,-2,2
77627,61,70,-9,9
77628,92,96,-4,4
77629,147,155,-8,8
77630,68,76,-8,8
77631,95,93,2,2
77632,80,87,-7,7
77633,129,114,15,15
77634,133,143,-10,10
77635,47,49,-2,2
77636,65,61,4,4
77637,85,78,7,7
77638,100,95,5,5
77639,113,110,3,3
77640,104,98,6,6
77641,70,70,0,0
77642,16,35,-19,19
77643,102,97,5,5
77644,125,114,11,11
77645,83,85,-2,2
77646,114,100,14,14
77647,150,146,4,4
77648,164,146,18,18
77649,97,96,1,1
77650,71,70,1,1
77651,78,78,0,0
77652,128,125,3,3
77653,111,103,8,8
77654,78,73,5,5
77655,83,84,-1,1
77656,84,78,6,6
77657,81,80,1,1
77658,103,111,-8,8
77659,91,96,-5,5
77660,79,77,2,2
77661,84,85,-1,1
77662,143,119,24,24
77663,97,95,2,2
77664,85,84,1,1
77665,120,110,10,10
77666,88,100,-12,12
77667,114,102,12,12
77668,116,111,5,5
77669,72,85,-13,13
77670,101,97,4,4
77671,129,123,6,6
77672,119,107,12,12
77673,86,89,-3,3
77674,75,79,-4,4
77675,76,73,3,3
77676,84,77,7,7
77677,75,78,-3,3
77678,124,118,6,6
77679,177,182,-5,5
77680,75,76,-1,1
77681,117,113,4,4
77682,99,129,-30,30
77683,50,52,-2,2
77684,70,74,-4,4
77685,115,112,3,3
77686,60,64,-4,4
77687,96,92,4,4
77688,142,136,6,6
77689,87,82,5,5
77690,112,113,-1,1
77691,116,103,13,13
77692,56,58,-2,2
77693,158,155,3,3
77694,188,175,13,13
77695,181,161,20,20
77696,104,88,16,16
77697,159,153,6,6
77698,122,127,-5,5
77699,69,73,-4,4
77700,105,99,6,6
77701,84,92,-8,8
77702,80,78,2,2
77703,62,62,0,0
77704,75,72,3,3
77705,72,81,-9,9
77706,86,83,3,3
77707,99,113,-14,14
77708,59,63,-4,4
77709,104,97,7,7
77710,78,77,1,1
77711,97,100,-3,3
77712,129,122,7,7
77713,64,70,-6,6
77714,105,99,6,6
77715,93,89,4,4
77716,92,91,1,1
77717,40,45,-5,5
77718,98,105,-7,7
77719,132,134,-2,2
77720,67,75,-8,8
77721,51,83,-32,32
77722,81,94,-13,13
77723,142,141,1,1
77724,145,134,11,11
77725,72,70,2,2
77726,102,100,2,2
77727,87,83,4,4
77728,111,106,5,5
77729,80,77,3,3
77730,85,85,0,0
77731,144,129,15,15
77732,66,73,-7,7
77733,98,93,5,5
77734,91,92,-1,1
77735,61,69,-8,8
77736,46,58,-12,12
77737,89,99,-10,10
77738,105,95,10,10
77739,102,94,8,8
77740,100,99,1,1
77741,58,67,-9,9
77742,116,118,-2,2
77743,73,77,-4,4
77744,96,94,2,2
77745,89,86,3,3
77746,79,84,-5,5
77747,74,76,-2,2
77748,100,88,12,12
77749,35,52,-17,17
77750,49,54,-5,5
77751,79,76,3,3
77752,102,93,9,9
77753,104,84,20,20
77754,198,172,26,26
77755,136,121,15,15
77756,62,71,-9,9
77757,100,100,0,0
77758,89,87,2,2
77759,131,127,4,4
77760,82,81,1,1
77761,157,144,13,13
77762,71,73,-2,2
77763,54,57,-3,3
77764,115,116,-1,1
77765,80,79,1,1
77766,69,69,0,0
77767,80,72,8,8
77768,89,90,-1,1
77769,91,91,0,0
77770,171,145,26,26
77771,86,79,7,7
77772,120,120,0,0
77773,72,74,-2,2
77774,67,66,1,1
77775,122,138,-16,16
77776,71,72,-1,1
77777,119,113,6,6
77778,80,80,0,0
77779,110,101,9,9
77780,47,52,-5,5
77781,193,167,26,26
77782,80,77,3,3
77783,52,58,-6,6
77784,61,66,-5,5
77785,90,100,-10,10
77786,85,84,1,1
77787,74,73,1,1
77788,85,88,-3,3
77789,125,143,-18,18
77790,150,135,15,15
77791,89,90,-1,1
77792,93,93,0,0
77793,131,131,0,0
77794,66,73,-7,7
77795,78,72,6,6
77796,151,147,4,4
77797,91,93,-2,2
77798,75,83,-8,8
77799,39,43,-4,4
77800,54,54,0,0
77801,106,98,8,8
77802,128,129,-1,1
77803,49,61,-12,12
77804,124,119,5,5
77805,76,77,-1,1
77806,89,86,3,3
77807,48,50,-2,2
77808,135,146,-11,11
77809,108,112,-4,4
77810,113,102,11,11
77811,97,100,-3,3
77812,155,150,5,5
77813,154,138,16,16
77814,118,104,14,14
77815,87,79,8,8
77816,56,62,-6,6
77817,56,75,-19,19
77818,70,77,-7,7
77819,45,56,-11,11
77820,49,74,-25,25
77821,91,83,8,8
77822,76,71,5,5
77823,81,102,-21,21
77824,121,119,2,2
77825,109,105,4,4
77826,72,68,4,4
77827,75,77,-2,2
77828,35,51,-16,16
77829,90,94,-4,4
77830,132,130,2,2
77831,140,142,-2,2
77832,75,78,-3,3
77833,76,75,1,1
77834,111,130,-19,19
77835,92,100,-8,8
77836,120,130,-10,10
77837,119,113,6,6
77838,78,86,-8,8
77839,86,85,1,1
77840,60,67,-7,7
77841,158,146,12,12
77842,94,90,4,4
77843,126,122,4,4
77844,112,99,13,13
77845,112,105,7,7
77846,73,75,-2,2
77847,94,99,-5,5
77848,133,126,7,7
77849,70,67,3,3
77850,83,76,7,7
77851,117,119,-2,2
77852,104,101,3,3
77853,109,105,4,4
77854,173,149,24,24
77855,55,68,-13,13
77856,46,55,-9,9
77857,36,46,-10,10
77858,76,77,-1,1
77859,136,129,7,7
77860,102,100,2,2
77861,110,108,2,2
77862,94,89,5,5
77863,80,78,2,2
77864,149,137,12,12
77865,249,222,27,27
77866,150,151,-1,1
77867,49,60,-11,11
77868,58,61,-3,3
77869,54,55,-1,1
77870,83,73,10,10
77871,119,106,13,13
77872,58,61,-3,3
77873,123,112,11,11
77874,125,113,12,12
77875,115,115,0,0
77876,74,89,-15,15
77877,71,68,3,3
77878,162,140,22,22
77879,96,97,-1,1
77880,63,65,-2,2
77881,87,91,-4,4
77882,74,64,10,10
77883,70,91,-21,21
77884,114,116,-2,2
77885,72,70,2,2
77886,58,67,-9,9
77887,117,107,10,10
77888,77,98,-21,21
77889,57,67,-10,10
77890,142,133,9,9
77891,57,67,-10,10
77892,77,74,3,3
77893,100,115,-15,15
77894,92,110,-18,18
77895,53,61,-8,8
77896,98,92,6,6
77897,96,97,-1,1
77898,67,67,0,0
77899,69,71,-2,2
77900,108,107,1,1
77901,97,90,7,7
77902,75,73,2,2
77903,97,100,-3,3
77904,127,117,10,10
77905,87,82,5,5
77906,86,86,0,0
77907,84,74,10,10
77908,86,85,1,1
77909,88,87,1,1
77910,97,97,0,0
77911,86,85,1,1
77912,79,89,-10,10
77913,183,172,11,11
77914,97,98,-1,1
77915,136,128,8,8
77916,78,77,1,1
77917,128,129,-1,1
77918,116,109,7,7
77919,167,155,12,12
77920,143,145,-2,2
77921,72,78,-6,6
77922,101,99,2,2
77923,89,89,0,0
77924,63,59,4,4
77925,136,126,10,10
77926,129,122,7,7
77927,77,78,-1,1
77928,70,78,-8,8
77929,114,107,7,7
77930,100,110,-10,10
77931,133,124,9,9
77932,130,124,6,6
77933,64,65,-1,1
77934,105,99,6,6
77935,171,152,19,19
77936,120,113,7,7
77937,95,95,0,0
77938,72,75,-3,3
77939,75,70,5,5
77940,110,98,12,12
77941,119,107,12,12
77942,184,163,21,21
77943,132,126,6,6
77944,128,132,-4,4
77945,78,95,-17,17
77946,124,117,7,7
77947,123,125,-2,2
77948,105,93,12,12
77949,51,62,-11,11
77950,89,98,-9,9
77951,58,64,-6,6
77952,112,105,7,7
77953,97,95,2,2
77954,95,98,-3,3
77955,79,81,-2,2
77956,85,87,-2,2
77957,135,121,14,14
77958,127,132,-5,5
77959,95,85,10,10
77960,141,147,-6,6
77961,76,78,-2,2
77962,63,65,-2,2
77963,106,103,3,3
77964,95,89,6,6
77965,91,89,2,2
77966,147,140,7,7
77967,124,114,10,10
77968,88,78,10,10
77969,70,73,-3,3
77970,80,94,-14,14
77971,41,49,-8,8
77972,59,63,-4,4
77973,97,105,-8,8
77974,61,63,-2,2
77975,148,128,20,20
77976,106,99,7,7
77977,102,113,-11,11
77978,66,67,-1,1
77979,75,70,5,5
77980,98,93,5,5
77981,58,56,2,2
77982,59,60,-1,1
77983,53,56,-3,3
77984,53,77,-24,24
77985,121,104,17,17
77986,101,86,15,15
77987,145,128,17,17
77988,57,63,-6,6
77989,74,72,2,2
77990,65,67,-2,2
77991,79,89,-10,10
77992,117,117,0,0
77993,65,66,-1,1
77994,64,69,-5,5
77995,81,76,5,5
77996,125,107,18,18
77997,67,68,-1,1
77998,69,73,-4,4
77999,59,58,1,1
78000,126,119,7,7
78001,106,106,0,0
78002,63,66,-3,3
78003,89,98,-9,9
78004,120,97,23,23
78005,97,98,-1,1
78006,70,71,-1,1
78007,116,117,-1,1
78008,77,68,9,9
78009,49,56,-7,7
78010,71,69,2,2
78011,64,72,-8,8
78012,72,67,5,5
78013,128,111,17,17
78014,98,92,6,6
78015,66,70,-4,4
78016,112,114,-2,2
78017,51,56,-5,5
78018,85,84,1,1
78019,100,91,9,9
78020,92,88,4,4
78021,111,112,-1,1
78022,100,115,-15,15
78023,96,94,2,2
78024,166,149,17,17
78025,137,141,-4,4
78026,72,72,0,0
78027,115,114,1,1
78028,88,85,3,3
78029,91,91,0,0
78030,103,111,-8,8
78031,47,57,-10,10
78032,86,94,-8,8
78033,136,123,13,13
78034,157,144,13,13
78035,124,121,3,3
78036,137,134,3,3
78037,101,100,1,1
78038,74,69,5,5
78039,85,77,8,8
78040,45,47,-2,2
78041,168,154,14,14
78042,115,102,13,13
78043,116,129,-13,13
78044,84,93,-9,9
78045,102,100,2,2
78046,59,74,-15,15
78047,106,113,-7,7
78048,60,68,-8,8
78049,123,111,12,12
78050,85,76,9,9
78051,60,68,-8,8
78052,82,72,10,10
78053,160,142,18,18
78054,82,86,-4,4
78055,83,86,-3,3
78056,73,77,-4,4
78057,113,116,-3,3
78058,95,87,8,8
78059,100,95,5,5
78060,40,50,-10,10
78061,80,81,-1,1
78062,110,104,6,6
78063,144,141,3,3
78064,115,101,14,14
78065,64,76,-12,12
78066,119,110,9,9
78067,102,103,-1,1
78068,159,136,23,23
78069,104,98,6,6
78070,91,90,1,1
78071,133,130,3,3
78072,98,97,1,1
78073,96,101,-5,5
78074,134,124,10,10
78075,160,148,12,12
78076,59,73,-14,14
78077,74,79,-5,5
78078,106,97,9,9
78079,64,64,0,0
78080,90,98,-8,8
78081,67,66,1,1
78082,100,100,0,0
78083,68,68,0,0
78084,159,146,13,13
78085,87,88,-1,1
78086,123,133,-10,10
78087,78,79,-1,1
78088,95,90,5,5
78089,56,72,-16,16
78090,102,100,2,2
78091,108,94,14,14
78092,73,69,4,4
78093,111,112,-1,1
78094,137,128,9,9
78095,84,91,-7,7
78096,89,79,10,10
78097,70,80,-10,10
78098,78,82,-4,4
78099,152,145,7,7
78100,81,82,-1,1
78101,49,56,-7,7
78102,69,72,-3,3
78103,102,91,11,11
78104,62,67,-5,5
78105,91,90,1,1
78106,72,56,16,16
78107,47,49,-2,2
78108,184,156,28,28
78109,103,93,10,10
78110,69,75,-6,6
78111,51,64,-13,13
78112,120,128,-8,8
78113,105,88,17,17
78114,46,58,-12,12
78115,75,75,0,0
78116,71,72,-1,1
78117,45,56,-11,11
78118,80,89,-9,9
78119,79,89,-10,10
78120,78,77,1,1
78121,62,71,-9,9
78122,86,83,3,3
78123,122,122,0,0
78124,101,95,6,6
78125,72,74,-2,2
78126,141,135,6,6
78127,69,73,-4,4
78128,93,91,2,2
78129,55,56,-1,1
78130,121,113,8,8
78131,105,106,-1,1
78132,99,88,11,11
78133,195,168,27,27
78134,76,76,0,0
78135,124,113,11,11
78136,100,85,15,15
78137,152,149,3,3
78138,108,103,5,5
78139,49,53,-4,4
78140,176,154,22,22
78141,104,189,-85,85
78142,81,68,13,13
78143,97,96,1,1
78144,58,59,-1,1
78145,110,103,7,7
78146,55,63,-8,8
78147,69,69,0,0
78148,107,132,-25,25
78149,71,71,0,0
78150,88,91,-3,3
78151,43,57,-14,14
78152,117,115,2,2
78153,81,67,14,14
78154,75,80,-5,5
78155,108,105,3,3
78156,63,67,-4,4
78157,74,77,-3,3
78158,68,72,-4,4
78159,62,63,-1,1
78160,52,54,-2,2
78161,78,86,-8,8
78162,108,113,-5,5
78163,188,159,29,29
78164,61,66,-5,5
78165,77,76,1,1
78166,97,92,5,5
78167,67,63,4,4
78168,77,103,-26,26
78169,91,93,-2,2
78170,69,73,-4,4
78171,131,131,0,0
78172,56,60,-4,4
78173,49,59,-10,10
78174,126,122,4,4
78175,114,109,5,5
78176,90,90,0,0
78177,75,87,-12,12
78178,83,75,8,8
78179,92,98,-6,6
78180,83,87,-4,4
78181,89,79,10,10
78182,85,87,-2,2
78183,70,66,4,4
78184,108,102,6,6
78185,71,73,-2,2
78186,68,64,4,4
78187,70,73,-3,3
78188,107,112,-5,5
78189,58,62,-4,4
78190,51,56,-5,5
78191,55,66,-11,11
78192,161,157,4,4
78193,46,61,-15,15
78194,92,92,0,0
78195,154,144,10,10
78196,83,86,-3,3
78197,128,125,3,3
78198,73,74,-1,1
78199,87,85,2,2
78200,122,113,9,9
78201,108,92,16,16
78202,76,93,-17,17
78203,59,72,-13,13
78204,83,87,-4,4
78205,92,94,-2,2
78206,96,97,-1,1
78207,105,97,8,8
78208,58,67,-9,9
78209,81,78,3,3
78210,110,100,10,10
78211,44,56,-12,12
78212,81,77,4,4
78213,63,72,-9,9
78214,78,77,1,1
78215,68,76,-8,8
78216,120,125,-5,5
78217,181,163,18,18
78218,141,133,8,8
78219,178,161,17,17
78220,64,63,1,1
78221,72,76,-4,4
78222,45,46,-1,1
78223,143,126,17,17
78224,145,130,15,15
78225,111,110,1,1
78226,86,87,-1,1
78227,125,131,-6,6
78228,79,79,0,0
78229,67,73,-6,6
78230,173,154,19,19
78231,81,87,-6,6
78232,88,96,-8,8
78233,63,66,-3,3
78234,66,88,-22,22
78235,96,93,3,3
78236,100,80,20,20
78237,57,58,-1,1
78238,125,111,14,14
78239,156,145,11,11
78240,125,116,9,9
78241,133,127,6,6
78242,66,66,0,0
78243,159,159,0,0
78244,44,50,-6,6
78245,67,64,3,3
78246,105,101,4,4
78247,77,78,-1,1
78248,64,70,-6,6
78249,62,86,-24,24
78250,69,67,2,2
78251,163,150,13,13
78252,62,67,-5,5
78253,50,54,-4,4
78254,100,98,2,2
78255,108,99,9,9
78256,70,73,-3,3
78257,97,94,3,3
78258,83,76,7,7
78259,137,135,2,2
78260,70,69,1,1
78261,122,100,22,22
78262,79,86,-7,7
78263,52,72,-20,20
78264,86,92,-6,6
78265,93,88,5,5
78266,93,107,-14,14
78267,62,66,-4,4
78268,109,97,12,12
78269,107,107,0,0
78270,83,85,-2,2
78271,57,62,-5,5
78272,61,68,-7,7
78273,43,52,-9,9
78274,156,130,26,26
78275,102,97,5,5
78276,56,69,-13,13
78277,199,185,14,14
78278,103,103,0,0
78279,77,76,1,1
78280,147,154,-7,7
78281,99,112,-13,13
78282,74,105,-31,31
78283,71,66,5,5
78284,142,137,5,5
78285,72,68,4,4
78286,28,50,-22,22
78287,99,108,-9,9
78288,145,144,1,1
78289,51,55,-4,4
78290,132,132,0,0
78291,102,101,1,1
78292,69,70,-1,1
78293,142,134,8,8
78294,52,54,-2,2
78295,87,93,-6,6
78296,122,123,-1,1
78297,93,101,-8,8
78298,85,90,-5,5
78299,101,96,5,5
78300,88,91,-3,3
78301,64,64,0,0
78302,131,127,4,4
78303,91,90,1,1
78304,174,154,20,20
78305,50,54,-4,4
78306,78,87,-9,9
78307,76,83,-7,7
78308,118,113,5,5
78309,56,63,-7,7
78310,53,56,-3,3
78311,98,102,-4,4
78312,119,123,-4,4
78313,133,127,6,6
78314,66,67,-1,1
78315,117,119,-2,2
78316,94,91,3,3
78317,79,85,-6,6
78318,114,113,1,1
78319,96,86,10,10
78320,81,83,-2,2
78321,83,87,-4,4
78322,74,78,-4,4
78323,89,88,1,1
78324,73,81,-8,8
78325,160,152,8,8
78326,120,113,7,7
78327,52,54,-2,2
78328,127,123,4,4
78329,93,90,3,3
78330,108,119,-11,11
78331,95,96,-1,1
78332,75,76,-1,1
78333,124,111,13,13
78334,90,91,-1,1
78335,101,106,-5,5
78336,44,53,-9,9
78337,113,106,7,7
78338,64,74,-10,10
78339,135,126,9,9
78340,147,134,13,13
78341,112,115,-3,3
78342,63,65,-2,2
78343,91,103,-12,12
78344,93,76,17,17
78345,116,112,4,4
78346,124,126,-2,2
78347,127,125,2,2
78348,114,115,-1,1
78349,137,116,21,21
78350,56,65,-9,9
78351,54,59,-5,5
78352,78,84,-6,6
78353,71,73,-2,2
78354,72,75,-3,3
78355,67,76,-9,9
78356,48,51,-3,3
78357,115,132,-17,17
78358,53,57,-4,4
78359,95,97,-2,2
78360,56,72,-16,16
78361,45,45,0,0
78362,209,187,22,22
78363,85,96,-11,11
78364,80,78,2,2
78365,139,142,-3,3
78366,64,66,-2,2
78367,83,90,-7,7
78368,121,112,9,9
78369,102,109,-7,7
78370,94,93,1,1
78371,119,112,7,7
78372,59,67,-8,8
78373,61,86,-25,25
78374,74,71,3,3
78375,76,78,-2,2
78376,91,92,-1,1
78377,132,115,17,17
78378,54,63,-9,9
78379,74,74,0,0
78380,96,90,6,6
78381,60,68,-8,8
78382,91,97,-6,6
78383,102,102,0,0
78384,131,129,2,2
78385,95,92,3,3
78386,35,41,-6,6
78387,70,79,-9,9
78388,115,103,12,12
78389,63,66,-3,3
78390,70,81,-11,11
78391,73,71,2,2
78392,79,81,-2,2
78393,114,114,0,0
78394,75,90,-15,15
78395,103,100,3,3
78396,111,107,4,4
78397,110,113,-3,3
78398,55,57,-2,2
78399,89,95,-6,6
78400,53,66,-13,13
78401,114,101,13,13
78402,104,108,-4,4
78403,45,51,-6,6
78404,122,116,6,6
78405,72,76,-4,4
78406,140,131,9,9
78407,132,119,13,13
78408,127,150,-23,23
78409,133,126,7,7
78410,66,67,-1,1
78411,99,98,1,1
78412,112,111,1,1
78413,104,89,15,15
78414,143,134,9,9
78415,107,99,8,8
78416,122,120,2,2
78417,166,157,9,9
78418,169,160,9,9
78419,165,163,2,2
78420,147,126,21,21
78421,63,64,-1,1
78422,71,77,-6,6
78423,59,60,-1,1
78424,127,129,-2,2
78425,168,152,16,16
78426,43,52,-9,9
78427,103,99,4,4
78428,109,100,9,9
78429,99,105,-6,6
78430,71,75,-4,4
78431,94,96,-2,2
78432,104,101,3,3
78433,96,100,-4,4
78434,85,78,7,7
78435,122,105,17,17
78436,85,86,-1,1
78437,49,58,-9,9
78438,44,64,-20,20
78439,65,64,1,1
78440,78,81,-3,3
78441,117,113,4,4
78442,103,96,7,7
78443,106,93,13,13
78444,97,103,-6,6
78445,167,176,-9,9
78446,50,56,-6,6
78447,134,123,11,11
78448,100,108,-8,8
78449,81,84,-3,3
78450,108,113,-5,5
78451,55,61,-6,6
78452,82,89,-7,7
78453,94,110,-16,16
78454,94,86,8,8
78455,61,64,-3,3
78456,141,137,4,4
78457,79,78,1,1
78458,71,80,-9,9
78459,48,58,-10,10
78460,140,136,4,4
78461,70,74,-4,4
78462,63,63,0,0
78463,137,122,15,15
78464,40,45,-5,5
78465,103,99,4,4
78466,67,76,-9,9
78467,82,77,5,5
78468,119,124,-5,5
78469,131,126,5,5
78470,77,92,-15,15
78471,98,93,5,5
78472,148,149,-1,1
78473,91,88,3,3
78474,95,98,-3,3
78475,60,60,0,0
78476,72,73,-1,1
78477,123,113,10,10
78478,68,70,-2,2
78479,124,126,-2,2
78480,128,127,1,1
78481,114,118,-4,4
78482,90,89,1,1
78483,108,108,0,0
78484,114,107,7,7
78485,33,57,-24,24
78486,95,99,-4,4
78487,113,108,5,5
78488,57,60,-3,3
78489,71,68,3,3
78490,110,111,-1,1
78491,67,71,-4,4
78492,59,64,-5,5
78493,105,104,1,1
78494,132,119,13,13
78495,93,101,-8,8
78496,90,96,-6,6
78497,134,120,14,14
78498,32,41,-9,9
78499,108,138,-30,30
78500,81,75,6,6
78501,94,94,0,0
78502,116,120,-4,4
78503,131,124,7,7
78504,63,71,-8,8
78505,96,94,2,2
78506,71,65,6,6
78507,71,68,3,3
78508,79,87,-8,8
78509,115,111,4,4
78510,48,66,-18,18
78511,85,84,1,1
78512,113,106,7,7
78513,89,92,-3,3
78514,131,126,5,5
78515,91,95,-4,4
78516,72,71,1,1
78517,169,152,17,17
78518,133,128,5,5
78519,176,157,19,19
78520,118,120,-2,2
78521,71,83,-12,12
78522,65,69,-4,4
78523,144,121,23,23
78524,72,83,-11,11
78525,70,76,-6,6
78526,70,72,-2,2
78527,117,106,11,11
78528,97,97,0,0
78529,57,62,-5,5
78530,61,84,-23,23
78531,80,81,-1,1
78532,92,89,3,3
78533,85,94,-9,9
78534,125,111,14,14
78535,90,99,-9,9
78536,80,75,5,5
78537,71,78,-7,7
78538,149,135,14,14
78539,69,65,4,4
78540,104,99,5,5
78541,95,92,3,3
78542,129,111,18,18
78543,144,120,24,24
78544,61,66,-5,5
78545,130,116,14,14
78546,144,130,14,14
78547,39,46,-7,7
78548,114,111,3,3
78549,48,53,-5,5
78550,94,88,6,6
78551,92,87,5,5
78552,101,91,10,10
78553,79,83,-4,4
78554,113,103,10,10
78555,69,77,-8,8
78556,41,50,-9,9
78557,69,76,-7,7
78558,108,103,5,5
78559,66,69,-3,3
78560,93,84,9,9
78561,86,80,6,6
78562,79,76,3,3
78563,80,84,-4,4
78564,87,84,3,3
78565,179,161,18,18
78566,67,66,1,1
78567,71,78,-7,7
78568,86,77,9,9
78569,92,98,-6,6
78570,109,110,-1,1
78571,45,59,-14,14
78572,84,84,0,0
78573,158,150,8,8
78574,92,87,5,5
78575,75,73,2,2
78576,84,85,-1,1
78577,65,76,-11,11
78578,104,95,9,9
78579,44,50,-6,6
78580,198,162,36,36
78581,124,116,8,8
78582,134,120,14,14
78583,122,110,12,12
78584,77,77,0,0
78585,103,97,6,6
78586,98,91,7,7
78587,59,58,1,1
78588,87,70,17,17
78589,74,68,6,6
78590,67,74,-7,7
78591,85,86,-1,1
78592,79,75,4,4
78593,96,99,-3,3
78594,121,119,2,2
78595,98,109,-11,11
78596,145,128,17,17
78597,110,105,5,5
78598,144,145,-1,1
78599,85,83,2,2
78600,114,121,-7,7
78601,95,94,1,1
78602,51,63,-12,12
78603,97,92,5,5
78604,81,71,10,10
78605,81,79,2,2
78606,85,84,1,1
78607,154,150,4,4
78608,125,124,1,1
78609,97,102,-5,5
78610,161,145,16,16
78611,144,126,18,18
78612,127,114,13,13
78613,88,88,0,0
78614,180,166,14,14
78615,90,97,-7,7
78616,66,75,-9,9
78617,95,93,2,2
78618,94,101,-7,7
78619,75,77,-2,2
78620,65,74,-9,9
78621,111,113,-2,2
78622,67,66,1,1
78623,86,94,-8,8
78624,141,126,15,15
78625,102,100,2,2
78626,142,143,-1,1
78627,188,178,10,10
78628,62,57,5,5
78629,104,112,-8,8
78630,63,63,0,0
78631,100,93,7,7
78632,148,137,11,11
78633,103,105,-2,2
78634,122,127,-5,5
78635,69,71,-2,2
78636,89,87,2,2
78637,113,94,19,19
78638,135,129,6,6
78639,158,141,17,17
78640,74,68,6,6
78641,54,58,-4,4
78642,106,102,4,4
78643,56,81,-25,25
78644,113,107,6,6
78645,95,89,6,6
78646,134,131,3,3
78647,73,76,-3,3
78648,51,55,-4,4
78649,50,48,2,2
78650,33,41,-8,8
78651,130,118,12,12
78652,111,122,-11,11
78653,58,59,-1,1
78654,103,100,3,3
78655,136,138,-2,2
78656,99,98,1,1
78657,99,93,6,6
78658,116,108,8,8
78659,149,139,10,10
78660,69,74,-5,5
78661,81,94,-13,13
78662,57,59,-2,2
78663,85,83,2,2
78664,78,96,-18,18
78665,94,94,0,0
78666,112,104,8,8
78667,141,119,22,22
78668,133,119,14,14
78669,85,95,-10,10
78670,100,103,-3,3
78671,62,62,0,0
78672,121,117,4,4
78673,54,61,-7,7
78674,154,146,8,8
78675,142,125,17,17
78676,104,113,-9,9
78677,103,98,5,5
78678,70,68,2,2
78679,118,114,4,4
78680,115,113,2,2
78681,145,136,9,9
78682,106,109,-3,3
78683,114,113,1,1
78684,87,86,1,1
78685,155,134,21,21
78686,142,128,14,14
78687,132,122,10,10
78688,94,94,0,0
78689,142,135,7,7
78690,150,136,14,14
78691,53,61,-8,8
78692,94,90,4,4
78693,85,98,-13,13
78694,62,68,-6,6
78695,53,54,-1,1
78696,81,89,-8,8
78697,175,165,10,10
78698,55,56,-1,1
78699,72,85,-13,13
78700,93,91,2,2
78701,73,85,-12,12
78702,47,58,-11,11
78703,67,70,-3,3
78704,117,111,6,6
78705,104,103,1,1
78706,76,76,0,0
78707,99,88,11,11
78708,131,119,12,12
78709,84,94,-10,10
78710,105,113,-8,8
78711,157,129,28,28
78712,111,119,-8,8
78713,91,92,-1,1
78714,74,80,-6,6
78715,79,78,1,1
78716,103,96,7,7
78717,119,112,7,7
78718,163,143,20,20
78719,69,70,-1,1
78720,112,106,6,6
78721,55,64,-9,9
78722,97,101,-4,4
78723,99,89,10,10
78724,58,70,-12,12
78725,125,110,15,15
78726,88,83,5,5
78727,81,81,0,0
78728,158,156,2,2
78729,55,67,-12,12
78730,114,118,-4,4
78731,95,97,-2,2
78732,87,105,-18,18
78733,139,120,19,19
78734,79,75,4,4
78735,75,68,7,7
78736,56,63,-7,7
78737,113,133,-20,20
78738,148,134,14,14
78739,160,141,19,19
78740,97,95,2,2
78741,88,90,-2,2
78742,89,86,3,3
78743,101,99,2,2
78744,53,59,-6,6
78745,97,108,-11,11
78746,67,69,-2,2
78747,117,111,6,6
78748,72,67,5,5
78749,40,50,-10,10
78750,48,53,-5,5
78751,88,85,3,3
78752,95,86,9,9
78753,132,123,9,9
78754,63,64,-1,1
78755,95,95,0,0
78756,84,85,-1,1
78757,33,42,-9,9
78758,70,72,-2,2
78759,154,149,5,5
78760,163,151,12,12
78761,175,154,21,21
78762,92,88,4,4
78763,150,144,6,6
78764,67,71,-4,4
78765,127,126,1,1
78766,131,125,6,6
78767,194,168,26,26
78768,113,108,5,5
78769,106,103,3,3
78770,88,85,3,3
78771,75,75,0,0
78772,56,73,-17,17
78773,86,98,-12,12
78774,66,66,0,0
78775,171,159,12,12
78776,127,122,5,5
78777,110,111,-1,1
78778,93,95,-2,2
78779,89,83,6,6
78780,72,85,-13,13
78781,98,90,8,8
78782,77,78,-1,1
78783,93,91,2,2
78784,112,98,14,14
78785,68,71,-3,3
78786,104,113,-9,9
78787,78,75,3,3
78788,69,77,-8,8
78789,48,52,-4,4
78790,65,75,-10,10
78791,109,111,-2,2
78792,90,104,-14,14
78793,141,129,12,12
78794,100,104,-4,4
78795,133,134,-1,1
78796,110,102,8,8
78797,54,57,-3,3
78798,71,72,-1,1
78799,144,138,6,6
78800,57,69,-12,12
78801,88,92,-4,4
78802,107,97,10,10
78803,128,122,6,6
78804,93,97,-4,4
78805,136,136,0,0
78806,107,94,13,13
78807,151,137,14,14
78808,114,108,6,6
78809,67,67,0,0
78810,94,93,1,1
78811,90,81,9,9
78812,105,96,9,9
78813,132,120,12,12
78814,90,87,3,3
78815,120,126,-6,6
78816,91,108,-17,17
78817,155,147,8,8
78818,62,65,-3,3
78819,109,103,6,6
78820,100,105,-5,5
78821,160,139,21,21
78822,96,96,0,0
78823,104,111,-7,7
78824,93,91,2,2
78825,72,74,-2,2
78826,59,73,-14,14
78827,74,70,4,4
78828,83,74,9,9
78829,92,86,6,6
78830,100,106,-6,6
78831,87,84,3,3
78832,122,123,-1,1
78833,78,75,3,3
78834,79,74,5,5
78835,138,122,16,16
78836,158,142,16,16
78837,75,75,0,0
78838,100,97,3,3
78839,134,120,14,14
78840,138,147,-9,9
78841,82,91,-9,9
78842,52,54,-2,2
78843,74,76,-2,2
78844,60,61,-1,1
78845,49,45,4,4
78846,45,53,-8,8
78847,83,78,5,5
78848,55,65,-10,10
78849,74,72,2,2
78850,96,89,7,7
78851,71,77,-6,6
78852,73,74,-1,1
78853,104,114,-10,10
78854,57,60,-3,3
78855,79,82,-3,3
78856,109,108,1,1
78857,65,64,1,1
78858,129,136,-7,7
78859,75,75,0,0
78860,209,182,27,27
78861,102,97,5,5
78862,102,107,-5,5
78863,142,121,21,21
78864,140,117,23,23
78865,44,49,-5,5
78866,102,105,-3,3
78867,89,83,6,6
78868,86,82,4,4
78869,85,85,0,0
78870,88,84,4,4
78871,77,85,-8,8
78872,123,127,-4,4
78873,62,76,-14,14
78874,163,157,6,6
78875,114,112,2,2
78876,55,66,-11,11
78877,112,112,0,0
78878,125,119,6,6
78879,123,121,2,2
78880,96,92,4,4
78881,111,104,7,7
78882,136,122,14,14
78883,75,77,-2,2
78884,134,133,1,1
78885,77,84,-7,7
78886,98,100,-2,2
78887,94,91,3,3
78888,77,78,-1,1
78889,83,78,5,5
78890,97,89,8,8
78891,82,84,-2,2
78892,126,120,6,6
78893,159,151,8,8
78894,100,110,-10,10
78895,100,113,-13,13
78896,121,113,8,8
78897,117,97,20,20
78898,81,80,1,1
78899,90,89,1,1
78900,68,67,1,1
78901,110,109,1,1
78902,118,130,-12,12
78903,97,97,0,0
78904,81,74,7,7
78905,105,105,0,0
78906,95,90,5,5
78907,66,84,-18,18
78908,109,109,0,0
78909,141,137,4,4
78910,52,58,-6,6
78911,80,74,6,6
78912,93,90,3,3
78913,76,75,1,1
78914,111,113,-2,2
78915,107,101,6,6
78916,132,120,12,12
78917,100,100,0,0
78918,138,125,13,13
78919,122,111,11,11
78920,105,104,1,1
78921,85,86,-1,1
78922,96,83,13,13
78923,60,59,1,1
78924,106,101,5,5
78925,47,66,-19,19
78926,97,92,5,5
78927,36,44,-8,8
78928,111,98,13,13
78929,121,130,-9,9
78930,85,78,7,7
78931,95,91,4,4
78932,78,80,-2,2
78933,113,119,-6,6
78934,72,70,2,2
78935,110,114,-4,4
78936,38,50,-12,12
78937,133,126,7,7
78938,52,76,-24,24
78939,49,54,-5,5
78940,57,60,-3,3
78941,209,168,41,41
78942,93,98,-5,5
78943,62,66,-4,4
78944,51,59,-8,8
78945,82,103,-21,21
78946,77,76,1,1
78947,165,144,21,21
78948,58,60,-2,2
78949,108,101,7,7
78950,43,55,-12,12
78951,83,84,-1,1
78952,92,90,2,2
78953,127,119,8,8
78954,47,54,-7,7
78955,78,75,3,3
78956,62,61,1,1
78957,136,119,17,17
78958,121,121,0,0
78959,79,84,-5,5
78960,83,92,-9,9
78961,100,101,-1,1
78962,86,100,-14,14
78963,89,93,-4,4
78964,74,68,6,6
78965,133,128,5,5
78966,107,104,3,3
78967,89,85,4,4
78968,72,72,0,0
78969,78,79,-1,1
78970,52,56,-4,4
78971,94,93,1,1
78972,107,105,2,2
78973,61,60,1,1
78974,224,193,31,31
78975,75,68,7,7
78976,53,61,-8,8
78977,95,98,-3,3
78978,63,64,-1,1
78979,133,128,5,5
78980,45,49,-4,4
78981,65,65,0,0
78982,93,91,2,2
78983,68,76,-8,8
78984,86,90,-4,4
78985,116,111,5,5
78986,112,113,-1,1
78987,79,73,6,6
78988,83,78,5,5
78989,136,144,-8,8
78990,58,63,-5,5
78991,98,94,4,4
78992,216,215,1,1
78993,135,126,9,9
78994,87,85,2,2
78995,99,94,5,5
78996,85,80,5,5
78997,57,60,-3,3
78998,69,65,4,4
78999,72,74,-2,2
79000,42,52,-10,10
79001,50,55,-5,5
79002,120,114,6,6
79003,43,48,-5,5
79004,58,61,-3,3
79005,64,73,-9,9
79006,47,53,-6,6
79007,118,108,10,10
79008,91,112,-21,21
79009,115,112,3,3
79010,132,128,4,4
79011,124,115,9,9
79012,127,138,-11,11
79013,90,86,4,4
79014,142,138,4,4
79015,72,73,-1,1
79016,91,98,-7,7
79017,93,97,-4,4
79018,159,156,3,3
79019,76,81,-5,5
79020,89,99,-10,10
79021,127,105,22,22
79022,76,76,0,0
79023,101,94,7,7
79024,95,97,-2,2
79025,82,84,-2,2
79026,109,108,1,1
79027,108,100,8,8
79028,84,88,-4,4
79029,184,170,14,14
79030,77,76,1,1
79031,92,83,9,9
79032,57,65,-8,8
79033,104,101,3,3
79034,118,118,0,0
79035,111,102,9,9
79036,78,68,10,10
79037,122,111,11,11
79038,72,72,0,0
79039,106,97,9,9
79040,61,62,-1,1
79041,106,108,-2,2
79042,122,121,1,1
79043,119,116,3,3
79044,141,122,19,19
79045,114,111,3,3
79046,124,113,11,11
79047,86,78,8,8
79048,43,60,-17,17
79049,177,170,7,7
79050,169,187,-18,18
79051,100,104,-4,4
79052,70,75,-5,5
79053,80,84,-4,4
79054,82,85,-3,3
79055,97,92,5,5
79056,112,103,9,9
79057,122,114,8,8
79058,62,64,-2,2
79059,146,123,23,23
79060,77,88,-11,11
79061,95,98,-3,3
79062,167,145,22,22
79063,62,93,-31,31
79064,112,129,-17,17
79065,56,62,-6,6
79066,126,107,19,19
79067,127,114,13,13
79068,221,200,21,21
79069,180,169,11,11
79070,73,67,6,6
79071,53,58,-5,5
79072,82,91,-9,9
79073,58,60,-2,2
79074,78,77,1,1
79075,130,123,7,7
79076,39,42,-3,3
79077,93,113,-20,20
79078,87,83,4,4
79079,82,75,7,7
79080,130,127,3,3
79081,74,76,-2,2
79082,93,89,4,4
79083,69,78,-9,9
79084,57,62,-5,5
79085,79,76,3,3
79086,120,113,7,7
79087,91,79,12,12
79088,99,105,-6,6
79089,100,96,4,4
79090,93,90,3,3
79091,78,83,-5,5
79092,82,87,-5,5
79093,242,208,34,34
79094,154,145,9,9
79095,63,67,-4,4
79096,52,57,-5,5
79097,106,100,6,6
79098,87,106,-19,19
79099,106,107,-1,1
79100,36,41,-5,5
79101,108,126,-18,18
79102,153,183,-30,30
79103,44,62,-18,18
79104,119,114,5,5
79105,51,56,-5,5
79106,156,131,25,25
79107,114,128,-14,14
79108,123,119,4,4
79109,149,138,11,11
79110,90,84,6,6
79111,67,69,-2,2
79112,179,171,8,8
79113,123,123,0,0
79114,88,92,-4,4
79115,211,198,13,13
79116,149,138,11,11
79117,58,59,-1,1
79118,85,84,1,1
79119,94,92,2,2
79120,125,128,-3,3
79121,50,59,-9,9
79122,78,73,5,5
79123,91,84,7,7
79124,166,158,8,8
79125,89,84,5,5
79126,55,68,-13,13
79127,140,130,10,10
79128,122,123,-1,1
79129,92,78,14,14
79130,59,64,-5,5
79131,112,118,-6,6
79132,97,100,-3,3
79133,109,113,-4,4
79134,121,141,-20,20
79135,75,78,-3,3
79136,80,74,6,6
79137,104,103,1,1
79138,130,127,3,3
79139,148,147,1,1
79140,54,54,0,0
79141,121,111,10,10
79142,65,82,-17,17
79143,51,61,-10,10
79144,142,118,24,24
79145,40,44,-4,4
79146,58,65,-7,7
79147,92,92,0,0
79148,71,73,-2,2
79149,96,94,2,2
79150,118,110,8,8
79151,54,63,-9,9
79152,91,99,-8,8
79153,70,71,-1,1
79154,85,85,0,0
79155,47,55,-8,8
79156,137,134,3,3
79157,88,100,-12,12
79158,73,74,-1,1
79159,99,95,4,4
79160,68,72,-4,4
79161,174,171,3,3
79162,119,123,-4,4
79163,84,86,-2,2
79164,103,121,-18,18
79165,174,165,9,9
79166,98,94,4,4
79167,86,74,12,12
79168,101,103,-2,2
79169,88,77,11,11
79170,78,71,7,7
79171,94,92,2,2
79172,131,127,4,4
79173,104,97,7,7
79174,89,96,-7,7
79175,104,118,-14,14
79176,43,55,-12,12
79177,85,86,-1,1
79178,66,70,-4,4
79179,108,115,-7,7
79180,89,101,-12,12
79181,54,63,-9,9
79182,75,77,-2,2
79183,85,96,-11,11
79184,94,93,1,1
79185,58,65,-7,7
79186,191,181,10,10
79187,63,65,-2,2
79188,73,69,4,4
79189,92,94,-2,2
79190,125,111,14,14
79191,90,84,6,6
79192,128,129,-1,1
79193,38,51,-13,13
79194,84,77,7,7
79195,85,83,2,2
79196,147,135,12,12
79197,54,56,-2,2
79198,78,78,0,0
79199,117,106,11,11
79200,78,86,-8,8
79201,83,75,8,8
79202,125,146,-21,21
79203,108,105,3,3
79204,94,95,-1,1
79205,45,51,-6,6
79206,120,117,3,3
79207,86,85,1,1
79208,85,86,-1,1
79209,50,53,-3,3
79210,89,86,3,3
79211,90,85,5,5
79212,75,72,3,3
79213,110,113,-3,3
79214,82,78,4,4
79215,140,135,5,5
79216,102,102,0,0
79217,78,81,-3,3
79218,90,93,-3,3
79219,49,55,-6,6
79220,60,64,-4,4
79221,128,142,-14,14
79222,91,95,-4,4
79223,94,92,2,2
79224,101,97,4,4
79225,90,83,7,7
79226,115,111,4,4
79227,111,96,15,15
79228,110,119,-9,9
79229,64,70,-6,6
79230,112,97,15,15
79231,88,94,-6,6
79232,108,99,9,9
79233,100,101,-1,1
79234,66,67,-1,1
79235,142,124,18,18
79236,64,67,-3,3
79237,140,133,7,7
79238,124,118,6,6
79239,66,67,-1,1
79240,99,94,5,5
79241,78,72,6,6
79242,103,108,-5,5
79243,121,115,6,6
79244,96,92,4,4
79245,30,43,-13,13
79246,69,65,4,4
79247,97,90,7,7
79248,81,76,5,5
79249,72,72,0,0
79250,93,85,8,8
79251,84,92,-8,8
79252,84,90,-6,6
79253,98,99,-1,1
79254,57,72,-15,15
79255,81,84,-3,3
79256,88,94,-6,6
79257,98,94,4,4
79258,171,153,18,18
79259,76,77,-1,1
79260,126,129,-3,3
79261,90,89,1,1
79262,91,80,11,11
79263,94,85,9,9
79264,91,84,7,7
79265,122,119,3,3
79266,81,89,-8,8
79267,86,101,-15,15
79268,79,77,2,2
79269,76,84,-8,8
79270,97,102,-5,5
79271,125,145,-20,20
79272,125,126,-1,1
79273,62,63,-1,1
79274,63,71,-8,8
79275,81,85,-4,4
79276,115,97,18,18
79277,162,159,3,3
79278,103,97,6,6
79279,64,66,-2,2
79280,153,137,16,16
79281,69,80,-11,11
79282,132,120,12,12
79283,76,70,6,6
79284,63,77,-14,14
79285,65,68,-3,3
79286,89,89,0,0
79287,165,136,29,29
79288,84,83,1,1
79289,89,83,6,6
79290,130,123,7,7
79291,73,68,5,5
79292,110,118,-8,8
79293,157,130,27,27
79294,82,89,-7,7
79295,100,99,1,1
79296,128,121,7,7
79297,122,119,3,3
79298,102,101,1,1
79299,102,95,7,7
79300,86,76,10,10
79301,124,126,-2,2
79302,157,145,12,12
79303,104,101,3,3
79304,94,97,-3,3
79305,59,61,-2,2
79306,103,98,5,5
79307,78,73,5,5
79308,73,74,-1,1
79309,76,78,-2,2
79310,112,125,-13,13
79311,103,112,-9,9
79312,159,128,31,31
79313,42,52,-10,10
79314,83,78,5,5
79315,108,108,0,0
79316,129,119,10,10
79317,129,127,2,2
79318,145,134,11,11
79319,70,72,-2,2
79320,71,72,-1,1
79321,60,64,-4,4
79322,100,96,4,4
79323,173,162,11,11
79324,156,141,15,15
79325,101,97,4,4
79326,99,100,-1,1
79327,130,124,6,6
79328,68,123,-55,55
79329,138,125,13,13
79330,138,138,0,0
79331,126,124,2,2
79332,74,72,2,2
79333,75,72,3,3
79334,79,77,2,2
79335,67,71,-4,4
79336,80,120,-40,40
79337,86,75,11,11
79338,57,60,-3,3
79339,111,118,-7,7
79340,95,95,0,0
79341,85,84,1,1
79342,88,85,3,3
79343,72,70,2,2
79344,22,56,-34,34
79345,97,85,12,12
79346,130,116,14,14
79347,55,59,-4,4
79348,95,91,4,4
79349,86,85,1,1
79350,53,60,-7,7
79351,66,68,-2,2
79352,122,132,-10,10
79353,130,128,2,2
79354,135,126,9,9
79355,47,53,-6,6
79356,65,101,-36,36
79357,46,47,-1,1
79358,155,134,21,21
79359,60,67,-7,7
79360,75,80,-5,5
79361,97,90,7,7
79362,142,118,24,24
79363,57,66,-9,9
79364,80,76,4,4
79365,44,47,-3,3
79366,107,107,0,0
79367,39,58,-19,19
79368,163,158,5,5
79369,152,163,-11,11
79370,119,114,5,5
79371,98,86,12,12
79372,67,71,-4,4
79373,61,59,2,2
79374,99,98,1,1
79375,62,66,-4,4
79376,68,70,-2,2
79377,72,78,-6,6
79378,83,88,-5,5
79379,103,96,7,7
79380,116,128,-12,12
79381,122,121,1,1
79382,88,93,-5,5
79383,129,120,9,9
79384,86,83,3,3
79385,82,84,-2,2
79386,83,86,-3,3
79387,71,83,-12,12
79388,77,77,0,0
79389,100,106,-6,6
79390,206,192,14,14
79391,152,168,-16,16
79392,58,60,-2,2
79393,141,134,7,7
79394,96,88,8,8
79395,149,130,19,19
79396,80,76,4,4
79397,48,51,-3,3
79398,75,78,-3,3
79399,95,91,4,4
79400,126,125,1,1
79401,74,75,-1,1
79402,95,92,3,3
79403,59,68,-9,9
79404,164,161,3,3
79405,95,93,2,2
79406,46,59,-13,13
79407,88,84,4,4
79408,135,140,-5,5
79409,140,126,14,14
79410,103,100,3,3
79411,69,69,0,0
79412,144,126,18,18
79413,147,134,13,13
79414,105,113,-8,8
79415,154,124,30,30
79416,77,74,3,3
79417,74,76,-2,2
79418,132,124,8,8
79419,56,63,-7,7
79420,48,54,-6,6
79421,77,77,0,0
79422,20,45,-25,25
79423,94,99,-5,5
79424,66,71,-5,5
79425,72,71,1,1
79426,130,117,13,13
79427,282,246,36,36
79428,139,116,23,23
79429,99,110,-11,11
79430,67,70,-3,3
79431,72,75,-3,3
79432,96,107,-11,11
79433,76,79,-3,3
79434,119,109,10,10
79435,93,85,8,8
79436,61,67,-6,6
79437,79,74,5,5
79438,107,100,7,7
79439,152,153,-1,1
79440,85,77,8,8
79441,62,62,0,0
79442,103,93,10,10
79443,59,62,-3,3
79444,109,113,-4,4
79445,84,92,-8,8
79446,85,78,7,7
79447,77,91,-14,14
79448,182,169,13,13
79449,105,105,0,0
79450,165,157,8,8
79451,101,99,2,2
79452,91,89,2,2
79453,93,91,2,2
79454,105,110,-5,5
79455,98,103,-5,5
79456,140,138,2,2
79457,150,136,14,14
79458,168,148,20,20
79459,155,141,14,14
79460,75,69,6,6
79461,56,59,-3,3
79462,41,58,-17,17
79463,84,79,5,5
79464,46,55,-9,9
79465,168,160,8,8
79466,148,137,11,11
79467,92,94,-2,2
79468,93,92,1,1
79469,108,97,11,11
79470,52,59,-7,7
79471,100,95,5,5
79472,77,84,-7,7
79473,95,89,6,6
79474,67,71,-4,4
79475,84,75,9,9
79476,107,103,4,4
79477,80,78,2,2
79478,104,102,2,2
79479,86,85,1,1
79480,90,81,9,9
79481,70,78,-8,8
79482,125,132,-7,7
79483,68,70,-2,2
79484,125,122,3,3
79485,133,129,4,4
79486,77,71,6,6
79487,70,74,-4,4
79488,182,165,17,17
79489,114,98,16,16
79490,114,112,2,2
79491,183,172,11,11
79492,57,67,-10,10
79493,111,112,-1,1
79494,49,58,-9,9
79495,58,62,-4,4
79496,97,104,-7,7
79497,141,142,-1,1
79498,133,129,4,4
79499,115,102,13,13
79500,142,128,14,14
79501,53,58,-5,5
79502,69,66,3,3
79503,152,127,25,25
79504,52,55,-3,3
79505,145,137,8,8
79506,90,89,1,1
79507,125,111,14,14
79508,73,65,8,8
79509,72,71,1,1
79510,69,78,-9,9
79511,146,131,15,15
79512,149,147,2,2
79513,79,78,1,1
79514,105,113,-8,8
79515,65,65,0,0
79516,139,124,15,15
79517,123,113,10,10
79518,105,83,22,22
79519,40,49,-9,9
79520,65,68,-3,3
79521,134,128,6,6
79522,123,115,8,8
79523,127,116,11,11
79524,39,69,-30,30
79525,104,111,-7,7
79526,48,56,-8,8
79527,78,85,-7,7
79528,102,100,2,2
79529,72,64,8,8
79530,130,131,-1,1
79531,107,104,3,3
79532,90,89,1,1
79533,85,83,2,2
79534,103,104,-1,1
79535,118,112,6,6
79536,67,76,-9,9
79537,101,86,15,15
79538,108,101,7,7
79539,134,145,-11,11
79540,83,77,6,6
79541,103,101,2,2
79542,43,61,-18,18
79543,154,136,18,18
79544,137,132,5,5
79545,133,122,11,11
79546,165,139,26,26
79547,68,72,-4,4
79548,144,137,7,7
79549,112,112,0,0
79550,96,95,1,1
79551,84,76,8,8
79552,131,112,19,19
79553,95,93,2,2
79554,166,147,19,19
79555,56,66,-10,10
79556,112,109,3,3
79557,55,58,-3,3
79558,88,88,0,0
79559,81,76,5,5
79560,79,76,3,3
79561,105,104,1,1
79562,52,56,-4,4
79563,131,125,6,6
79564,101,100,1,1
79565,98,59,39,39
79566,60,60,0,0
79567,66,70,-4,4
79568,85,76,9,9
79569,81,78,3,3
79570,117,119,-2,2
79571,61,63,-2,2
79572,74,75,-1,1
79573,64,70,-6,6
79574,61,63,-2,2
79575,106,101,5,5
79576,82,81,1,1
79577,68,86,-18,18
79578,100,102,-2,2
79579,111,94,17,17
79580,73,78,-5,5
79581,110,109,1,1
79582,110,112,-2,2
79583,150,139,11,11
79584,119,121,-2,2
79585,140,136,4,4
79586,107,100,7,7
79587,31,44,-13,13
79588,111,106,5,5
79589,93,97,-4,4
79590,73,77,-4,4
79591,75,84,-9,9
79592,106,120,-14,14
79593,46,55,-9,9
79594,169,156,13,13
79595,128,117,11,11
79596,189,175,14,14
79597,119,113,6,6
79598,61,57,4,4
79599,109,107,2,2
79600,129,118,11,11
79601,118,119,-1,1
79602,91,92,-1,1
79603,95,98,-3,3
79604,106,93,13,13
79605,188,172,16,16
79606,78,78,0,0
79607,59,71,-12,12
79608,66,63,3,3
79609,62,68,-6,6
79610,137,130,7,7
79611,82,84,-2,2
79612,115,115,0,0
79613,102,114,-12,12
79614,50,71,-21,21
79615,119,114,5,5
79616,159,156,3,3
79617,146,144,2,2
79618,62,62,0,0
79619,72,69,3,3
79620,82,83,-1,1
79621,64,66,-2,2
79622,74,77,-3,3
79623,104,96,8,8
79624,169,127,42,42
79625,86,91,-5,5
79626,178,179,-1,1
79627,83,77,6,6
79628,115,114,1,1
79629,124,123,1,1
79630,123,146,-23,23
79631,90,92,-2,2
79632,51,55,-4,4
79633,99,94,5,5
79634,99,123,-24,24
79635,108,97,11,11
79636,124,110,14,14
79637,144,141,3,3
79638,128,133,-5,5
79639,70,73,-3,3
79640,74,84,-10,10
79641,134,136,-2,2
79642,119,125,-6,6
79643,41,50,-9,9
79644,101,109,-8,8
79645,149,137,12,12
79646,121,112,9,9
79647,56,59,-3,3
79648,108,103,5,5
79649,72,75,-3,3
79650,98,86,12,12
79651,67,68,-1,1
79652,69,71,-2,2
79653,89,87,2,2
79654,122,129,-7,7
79655,75,77,-2,2
79656,80,84,-4,4
79657,184,178,6,6
79658,80,79,1,1
79659,136,132,4,4
79660,85,87,-2,2
79661,86,84,2,2
79662,99,102,-3,3
79663,161,156,5,5
79664,106,112,-6,6
79665,86,86,0,0
79666,160,147,13,13
79667,140,141,-1,1
79668,157,152,5,5
79669,121,118,3,3
79670,61,67,-6,6
79671,108,105,3,3
79672,110,105,5,5
79673,101,94,7,7
79674,85,85,0,0
79675,125,121,4,4
79676,67,70,-3,3
79677,64,68,-4,4
79678,47,63,-16,16
79679,111,119,-8,8
79680,45,54,-9,9
79681,79,69,10,10
79682,102,97,5,5
79683,99,84,15,15
79684,121,117,4,4
79685,75,84,-9,9
79686,172,161,11,11
79687,67,73,-6,6
79688,111,101,10,10
79689,119,125,-6,6
79690,134,121,13,13
79691,139,127,12,12
79692,67,72,-5,5
79693,100,113,-13,13
79694,64,69,-5,5
79695,105,103,2,2
79696,106,104,2,2
79697,41,48,-7,7
79698,122,112,10,10
79699,96,100,-4,4
79700,74,75,-1,1
79701,97,93,4,4
79702,106,99,7,7
79703,58,58,0,0
79704,61,65,-4,4
79705,72,70,2,2
79706,97,98,-1,1
79707,104,106,-2,2
79708,90,92,-2,2
79709,190,172,18,18
79710,113,123,-10,10
79711,72,96,-24,24
79712,102,99,3,3
79713,143,115,28,28
79714,71,71,0,0
79715,80,88,-8,8
79716,45,50,-5,5
79717,57,63,-6,6
79718,109,104,5,5
79719,80,80,0,0
79720,54,62,-8,8
79721,75,78,-3,3
79722,80,86,-6,6
79723,73,75,-2,2
79724,216,192,24,24
79725,73,81,-8,8
79726,124,120,4,4
79727,160,125,35,35
79728,140,127,13,13
79729,136,125,11,11
79730,68,67,1,1
79731,91,91,0,0
79732,69,63,6,6
79733,93,100,-7,7
79734,103,97,6,6
79735,93,93,0,0
79736,53,60,-7,7
79737,116,111,5,5
79738,57,70,-13,13
79739,89,88,1,1
79740,58,59,-1,1
79741,136,133,3,3
79742,95,97,-2,2
79743,59,69,-10,10
79744,169,147,22,22
79745,105,105,0,0
79746,119,101,18,18
79747,89,89,0,0
79748,132,120,12,12
79749,81,75,6,6
79750,52,50,2,2
79751,139,115,24,24
79752,60,62,-2,2
79753,128,120,8,8
79754,54,56,-2,2
79755,123,119,4,4
79756,99,95,4,4
79757,36,50,-14,14
79758,40,48,-8,8
79759,114,111,3,3
79760,89,83,6,6
79761,68,72,-4,4
79762,96,82,14,14
79763,120,113,7,7
79764,85,85,0,0
79765,67,66,1,1
79766,90,91,-1,1
79767,59,61,-2,2
79768,86,79,7,7
79769,187,169,18,18
79770,117,112,5,5
79771,50,61,-11,11
79772,90,87,3,3
79773,92,85,7,7
79774,57,63,-6,6
79775,55,61,-6,6
79776,51,61,-10,10
79777,84,84,0,0
79778,110,112,-2,2
79779,52,69,-17,17
79780,56,69,-13,13
79781,82,84,-2,2
79782,141,139,2,2
79783,104,99,5,5
79784,113,115,-2,2
79785,119,112,7,7
79786,124,118,6,6
79787,79,77,2,2
79788,99,94,5,5
79789,133,120,13,13
79790,53,59,-6,6
79791,88,88,0,0
79792,58,60,-2,2
79793,90,93,-3,3
79794,89,97,-8,8
79795,91,99,-8,8
79796,110,105,5,5
79797,77,78,-1,1
79798,71,74,-3,3
79799,77,82,-5,5
79800,115,115,0,0
79801,62,75,-13,13
79802,167,161,6,6
79803,105,108,-3,3
79804,100,95,5,5
79805,100,109,-9,9
79806,111,113,-2,2
79807,92,90,2,2
79808,162,153,9,9
79809,109,112,-3,3
79810,164,153,11,11
79811,63,61,2,2
79812,67,72,-5,5
79813,158,160,-2,2
79814,82,83,-1,1
79815,65,62,3,3
79816,118,107,11,11
79817,87,97,-10,10
79818,159,156,3,3
79819,122,111,11,11
79820,102,100,2,2
79821,63,68,-5,5
79822,94,93,1,1
79823,100,100,0,0
79824,87,74,13,13
79825,98,92,6,6
79826,79,73,6,6
79827,104,95,9,9
79828,115,106,9,9
79829,118,132,-14,14
79830,82,80,2,2
79831,130,117,13,13
79832,98,100,-2,2
79833,141,142,-1,1
79834,197,176,21,21
79835,141,140,1,1
79836,91,94,-3,3
79837,80,77,3,3
79838,104,92,12,12
79839,171,157,14,14
79840,292,243,49,49
79841,113,116,-3,3
79842,111,102,9,9
79843,116,114,2,2
79844,66,66,0,0
79845,146,138,8,8
79846,62,64,-2,2
79847,105,101,4,4
79848,66,68,-2,2
79849,59,62,-3,3
79850,74,79,-5,5
79851,91,85,6,6
79852,117,112,5,5
79853,101,104,-3,3
79854,167,166,1,1
79855,69,70,-1,1
79856,120,119,1,1
79857,119,112,7,7
79858,130,116,14,14
79859,69,67,2,2
79860,97,102,-5,5
79861,76,77,-1,1
79862,183,168,15,15
79863,65,72,-7,7
79864,155,139,16,16
79865,80,71,9,9
79866,107,109,-2,2
79867,46,66,-20,20
79868,95,90,5,5
79869,72,72,0,0
79870,74,81,-7,7
79871,73,74,-1,1
79872,66,64,2,2
79873,76,76,0,0
79874,75,78,-3,3
79875,36,62,-26,26
79876,82,84,-2,2
79877,150,135,15,15
79878,88,94,-6,6
79879,40,48,-8,8
79880,82,86,-4,4
79881,166,152,14,14
79882,113,112,1,1
79883,120,124,-4,4
79884,136,128,8,8
79885,53,64,-11,11
79886,233,188,45,45
79887,78,75,3,3
79888,112,106,6,6
79889,103,114,-11,11
79890,100,95,5,5
79891,86,94,-8,8
79892,69,73,-4,4
79893,109,105,4,4
79894,105,99,6,6
79895,51,82,-31,31
79896,99,108,-9,9
79897,138,138,0,0
79898,42,94,-52,52
79899,87,85,2,2
79900,141,130,11,11
79901,75,88,-13,13
79902,96,93,3,3
79903,56,61,-5,5
79904,122,113,9,9
79905,65,69,-4,4
79906,113,100,13,13
79907,67,65,2,2
79908,83,81,2,2
79909,91,78,13,13
79910,136,135,1,1
79911,85,77,8,8
79912,66,71,-5,5
79913,79,66,13,13
79914,73,70,3,3
79915,106,104,2,2
79916,76,75,1,1
79917,149,135,14,14
79918,38,53,-15,15
79919,108,100,8,8
79920,91,96,-5,5
79921,105,103,2,2
79922,85,89,-4,4
79923,62,71,-9,9
79924,117,133,-16,16
79925,62,71,-9,9
79926,115,104,11,11
79927,85,73,12,12
79928,150,147,3,3
79929,132,130,2,2
79930,74,78,-4,4
79931,44,68,-24,24
79932,152,152,0,0
79933,142,142,0,0
79934,106,108,-2,2
79935,97,100,-3,3
79936,97,90,7,7
79937,53,62,-9,9
79938,116,112,4,4
79939,141,137,4,4
79940,109,106,3,3
79941,90,86,4,4
79942,111,113,-2,2
79943,186,180,6,6
79944,133,125,8,8
79945,83,77,6,6
79946,69,81,-12,12
79947,73,76,-3,3
79948,154,136,18,18
79949,93,104,-11,11
79950,87,88,-1,1
79951,126,125,1,1
79952,91,93,-2,2
79953,79,78,1,1
79954,82,88,-6,6
79955,112,93,19,19
79956,72,68,4,4
79957,179,170,9,9
79958,67,73,-6,6
79959,61,78,-17,17
79960,134,124,10,10
79961,129,115,14,14
79962,79,77,2,2
79963,95,98,-3,3
79964,147,138,9,9
79965,86,91,-5,5
79966,64,67,-3,3
79967,73,78,-5,5
79968,60,63,-3,3
79969,122,123,-1,1
79970,91,94,-3,3
79971,78,90,-12,12
79972,69,77,-8,8
79973,64,83,-19,19
79974,120,112,8,8
79975,101,99,2,2
79976,51,54,-3,3
79977,80,86,-6,6
79978,100,128,-28,28
79979,104,106,-2,2
79980,69,78,-9,9
79981,94,95,-1,1
79982,110,118,-8,8
79983,157,145,12,12
79984,56,64,-8,8
79985,118,115,3,3
79986,29,34,-5,5
79987,110,130,-20,20
79988,102,100,2,2
79989,78,77,1,1
79990,116,126,-10,10
79991,129,126,3,3
79992,124,131,-7,7
79993,69,88,-19,19
79994,94,96,-2,2
79995,105,98,7,7
79996,127,138,-11,11
79997,99,96,3,3
79998,106,97,9,9
79999,45,49,-4,4
80000,73,72,1,1
80001,57,56,1,1
80002,71,70,1,1
80003,84,87,-3,3
80004,91,92,-1,1
80005,93,83,10,10
80006,75,80,-5,5
80007,98,94,4,4
80008,76,76,0,0
80009,87,85,2,2
80010,100,104,-4,4
80011,101,96,5,5
80012,63,73,-10,10
80013,94,89,5,5
80014,58,63,-5,5
80015,77,69,8,8
80016,136,122,14,14
80017,86,89,-3,3
80018,109,102,7,7
80019,77,76,1,1
80020,146,137,9,9
80021,128,125,3,3
80022,164,152,12,12
80023,71,73,-2,2
80024,147,146,1,1
80025,96,91,5,5
80026,65,64,1,1
80027,95,96,-1,1
80028,84,85,-1,1
80029,104,100,4,4
80030,75,77,-2,2
80031,168,159,9,9
80032,200,175,25,25
80033,153,154,-1,1
80034,171,170,1,1
80035,111,118,-7,7
80036,65,74,-9,9
80037,85,97,-12,12
80038,98,85,13,13
80039,111,111,0,0
80040,112,110,2,2
80041,113,104,9,9
80042,148,132,16,16
80043,115,112,3,3
80044,63,72,-9,9
80045,95,89,6,6
80046,98,101,-3,3
80047,117,116,1,1
80048,144,131,13,13
80049,115,120,-5,5
80050,124,116,8,8
80051,115,115,0,0
80052,93,99,-6,6
80053,83,88,-5,5
80054,83,80,3,3
80055,106,104,2,2
80056,104,101,3,3
80057,149,160,-11,11
80058,94,99,-5,5
80059,61,65,-4,4
80060,63,75,-12,12
80061,98,101,-3,3
80062,70,74,-4,4
80063,96,101,-5,5
80064,89,88,1,1
80065,120,133,-13,13
80066,85,78,7,7
80067,159,130,29,29
80068,144,136,8,8
80069,63,68,-5,5
80070,102,100,2,2
80071,119,106,13,13
80072,106,107,-1,1
80073,88,75,13,13
80074,54,60,-6,6
80075,58,63,-5,5
80076,130,116,14,14
80077,168,150,18,18
80078,73,72,1,1
80079,133,133,0,0
80080,98,102,-4,4
80081,86,77,9,9
80082,81,85,-4,4
80083,83,85,-2,2
80084,59,65,-6,6
80085,43,52,-9,9
80086,80,83,-3,3
80087,73,77,-4,4
80088,86,85,1,1
80089,89,110,-21,21
80090,77,76,1,1
80091,59,57,2,2
80092,64,97,-33,33
80093,82,77,5,5
80094,47,52,-5,5
80095,99,84,15,15
80096,104,103,1,1
80097,62,69,-7,7
80098,70,76,-6,6
80099,65,69,-4,4
80100,79,76,3,3
80101,86,89,-3,3
80102,105,102,3,3
80103,91,97,-6,6
80104,117,103,14,14
80105,43,51,-8,8
80106,171,157,14,14
80107,115,111,4,4
80108,111,114,-3,3
80109,73,74,-1,1
80110,118,112,6,6
80111,84,78,6,6
80112,96,101,-5,5
80113,115,113,2,2
80114,172,159,13,13
80115,138,129,9,9
80116,130,119,11,11
80117,142,134,8,8
80118,92,93,-1,1
80119,71,69,2,2
80120,42,48,-6,6
80121,93,90,3,3
80122,116,104,12,12
80123,90,82,8,8
80124,74,78,-4,4
80125,56,64,-8,8
80126,139,121,18,18
80127,76,86,-10,10
80128,97,100,-3,3
80129,88,92,-4,4
80130,70,70,0,0
80131,148,136,12,12
80132,70,70,0,0
80133,112,108,4,4
80134,81,71,10,10
80135,52,60,-8,8
80136,95,99,-4,4
80137,80,83,-3,3
80138,46,55,-9,9
80139,50,56,-6,6
80140,129,125,4,4
80141,90,91,-1,1
80142,132,113,19,19
80143,143,134,9,9
80144,130,147,-17,17
80145,147,135,12,12
80146,103,97,6,6
80147,61,59,2,2
80148,88,94,-6,6
80149,158,147,11,11
80150,50,57,-7,7
80151,115,113,2,2
80152,86,85,1,1
80153,95,92,3,3
80154,135,137,-2,2
80155,84,86,-2,2
80156,116,126,-10,10
80157,31,45,-14,14
80158,86,90,-4,4
80159,87,80,7,7
80160,99,92,7,7
80161,61,68,-7,7
80162,66,65,1,1
80163,99,98,1,1
80164,83,70,13,13
80165,63,66,-3,3
80166,85,75,10,10
80167,90,94,-4,4
80168,114,109,5,5
80169,77,77,0,0
80170,74,78,-4,4
80171,85,85,0,0
80172,49,85,-36,36
80173,29,43,-14,14
80174,77,71,6,6
80175,70,69,1,1
80176,72,78,-6,6
80177,67,82,-15,15
80178,73,73,0,0
80179,112,98,14,14
80180,153,152,1,1
80181,120,117,3,3
80182,96,98,-2,2
80183,104,102,2,2
80184,74,78,-4,4
80185,50,57,-7,7
80186,74,74,0,0
80187,91,87,4,4
80188,100,102,-2,2
80189,45,60,-15,15
80190,96,99,-3,3
80191,57,61,-4,4
80192,117,104,13,13
80193,116,113,3,3
80194,117,118,-1,1
80195,85,95,-10,10
80196,90,94,-4,4
80197,120,101,19,19
80198,63,72,-9,9
80199,131,144,-13,13
80200,55,61,-6,6
80201,159,160,-1,1
80202,95,88,7,7
80203,91,89,2,2
80204,52,59,-7,7
80205,73,70,3,3
80206,107,102,5,5
80207,73,78,-5,5
80208,144,133,11,11
80209,101,110,-9,9
80210,84,78,6,6
80211,72,78,-6,6
80212,100,112,-12,12
80213,57,61,-4,4
80214,89,83,6,6
80215,85,84,1,1
80216,136,130,6,6
80217,104,104,0,0
80218,180,160,20,20
80219,88,85,3,3
80220,81,92,-11,11
80221,98,97,1,1
80222,63,61,2,2
80223,81,92,-11,11
80224,132,138,-6,6
80225,139,135,4,4
80226,156,141,15,15
80227,94,95,-1,1
80228,113,113,0,0
80229,155,167,-12,12
80230,106,98,8,8
80231,71,72,-1,1
80232,98,101,-3,3
80233,48,130,-82,82
80234,54,57,-3,3
80235,86,81,5,5
80236,103,101,2,2
80237,148,134,14,14
80238,73,67,6,6
80239,135,135,0,0
80240,93,93,0,0
80241,137,134,3,3
80242,82,79,3,3
80243,78,75,3,3
80244,95,98,-3,3
80245,74,71,3,3
80246,95,94,1,1
80247,64,67,-3,3
80248,100,105,-5,5
80249,95,100,-5,5
80250,28,46,-18,18
80251,38,47,-9,9
80252,92,91,1,1
80253,134,134,0,0
80254,68,70,-2,2
80255,117,108,9,9
80256,118,109,9,9
80257,79,75,4,4
80258,61,66,-5,5
80259,132,119,13,13
80260,98,106,-8,8
80261,70,76,-6,6
80262,117,111,6,6
80263,61,60,1,1
80264,69,71,-2,2
80265,76,69,7,7
80266,56,64,-8,8
80267,108,104,4,4
80268,70,67,3,3
80269,53,58,-5,5
80270,94,98,-4,4
80271,158,149,9,9
80272,146,135,11,11
80273,94,98,-4,4
80274,48,54,-6,6
80275,85,92,-7,7
80276,117,105,12,12
80277,119,106,13,13
80278,72,78,-6,6
80279,103,102,1,1
80280,85,81,4,4
80281,121,110,11,11
80282,66,77,-11,11
80283,177,184,-7,7
80284,85,85,0,0
80285,151,149,2,2
80286,57,61,-4,4
80287,83,70,13,13
80288,68,67,1,1
80289,118,118,0,0
80290,70,69,1,1
80291,30,55,-25,25
80292,94,101,-7,7
80293,68,73,-5,5
80294,153,152,1,1
80295,81,75,6,6
80296,106,104,2,2
80297,93,88,5,5
80298,152,148,4,4
80299,117,115,2,2
80300,121,113,8,8
80301,104,112,-8,8
80302,130,119,11,11
80303,113,106,7,7
80304,108,101,7,7
80305,110,101,9,9
80306,76,89,-13,13
80307,119,112,7,7
80308,79,72,7,7
80309,96,96,0,0
80310,74,87,-13,13
80311,71,70,1,1
80312,79,74,5,5
80313,62,68,-6,6
80314,67,69,-2,2
80315,149,128,21,21
80316,70,74,-4,4
80317,87,87,0,0
80318,302,238,64,64
80319,51,59,-8,8
80320,73,71,2,2
80321,47,53,-6,6
80322,138,124,14,14
80323,155,144,11,11
80324,67,74,-7,7
80325,118,121,-3,3
80326,73,74,-1,1
80327,67,73,-6,6
80328,43,59,-16,16
80329,101,107,-6,6
80330,89,78,11,11
80331,67,69,-2,2
80332,148,141,7,7
80333,131,127,4,4
80334,73,68,5,5
80335,135,140,-5,5
80336,71,76,-5,5
80337,71,70,1,1
80338,108,95,13,13
80339,131,120,11,11
80340,115,126,-11,11
80341,56,58,-2,2
80342,84,82,2,2
80343,92,99,-7,7
80344,38,44,-6,6
80345,134,119,15,15
80346,75,75,0,0
80347,124,108,16,16
80348,126,124,2,2
80349,103,114,-11,11
80350,57,60,-3,3
80351,82,92,-10,10
80352,113,113,0,0
80353,103,112,-9,9
80354,119,102,17,17
80355,259,241,18,18
80356,87,87,0,0
80357,180,146,34,34
80358,84,92,-8,8
80359,110,115,-5,5
80360,116,105,11,11
80361,114,113,1,1
80362,124,130,-6,6
80363,92,84,8,8
80364,86,92,-6,6
80365,85,89,-4,4
80366,65,67,-2,2
80367,73,72,1,1
80368,72,73,-1,1
80369,108,109,-1,1
80370,47,52,-5,5
80371,96,98,-2,2
80372,66,72,-6,6
80373,70,78,-8,8
80374,134,125,9,9
80375,47,55,-8,8
80376,50,59,-9,9
80377,69,76,-7,7
80378,82,82,0,0
80379,103,100,3,3
80380,79,79,0,0
80381,82,87,-5,5
80382,77,89,-12,12
80383,77,79,-2,2
80384,99,98,1,1
80385,99,100,-1,1
80386,156,160,-4,4
80387,82,75,7,7
80388,123,113,10,10
80389,75,70,5,5
80390,47,55,-8,8
80391,32,44,-12,12
80392,72,79,-7,7
80393,92,94,-2,2
80394,128,102,26,26
80395,100,102,-2,2
80396,78,86,-8,8
80397,141,130,11,11
80398,361,287,74,74
80399,142,132,10,10
80400,28,62,-34,34
80401,53,58,-5,5
80402,80,84,-4,4
80403,81,84,-3,3
80404,181,150,31,31
80405,55,64,-9,9
80406,81,79,2,2
80407,58,66,-8,8
80408,28,41,-13,13
80409,76,83,-7,7
80410,77,85,-8,8
80411,125,121,4,4
80412,89,98,-9,9
80413,91,93,-2,2
80414,103,106,-3,3
80415,97,96,1,1
80416,90,83,7,7
80417,69,69,0,0
80418,140,137,3,3
80419,59,59,0,0
80420,140,136,4,4
80421,119,118,1,1
80422,86,95,-9,9
80423,71,73,-2,2
80424,179,167,12,12
80425,119,103,16,16
80426,115,104,11,11
80427,61,69,-8,8
80428,160,156,4,4
80429,127,127,0,0
80430,186,187,-1,1
80431,95,96,-1,1
80432,73,77,-4,4
80433,86,79,7,7
80434,64,70,-6,6
80435,164,154,10,10
80436,80,78,2,2
80437,107,123,-16,16
80438,138,129,9,9
80439,95,95,0,0
80440,161,146,15,15
80441,81,75,6,6
80442,118,115,3,3
80443,102,101,1,1
80444,79,79,0,0
80445,83,85,-2,2
80446,96,85,11,11
80447,99,101,-2,2
80448,101,98,3,3
80449,73,74,-1,1
80450,151,140,11,11
80451,86,92,-6,6
80452,107,101,6,6
80453,102,96,6,6
80454,87,87,0,0
80455,110,104,6,6
80456,75,90,-15,15
80457,68,82,-14,14
80458,88,92,-4,4
80459,84,81,3,3
80460,81,76,5,5
80461,78,78,0,0
80462,73,74,-1,1
80463,103,97,6,6
80464,175,157,18,18
80465,122,118,4,4
80466,106,101,5,5
80467,53,54,-1,1
80468,120,114,6,6
80469,135,135,0,0
80470,96,94,2,2
80471,69,71,-2,2
80472,86,84,2,2
80473,94,99,-5,5
80474,46,54,-8,8
80475,93,92,1,1
80476,111,112,-1,1
80477,54,60,-6,6
80478,63,61,2,2
80479,59,65,-6,6
80480,61,64,-3,3
80481,68,71,-3,3
80482,140,121,19,19
80483,79,72,7,7
80484,148,150,-2,2
80485,114,112,2,2
80486,77,79,-2,2
80487,95,86,9,9
80488,53,56,-3,3
80489,102,104,-2,2
80490,150,143,7,7
80491,142,122,20,20
80492,123,127,-4,4
80493,85,79,6,6
80494,86,79,7,7
80495,106,99,7,7
80496,123,113,10,10
80497,99,97,2,2
80498,78,73,5,5
80499,74,74,0,0
80500,83,78,5,5
80501,68,98,-30,30
80502,100,103,-3,3
80503,71,64,7,7
80504,85,74,11,11
80505,105,100,5,5
80506,132,126,6,6
80507,109,98,11,11
80508,95,94,1,1
80509,101,98,3,3
80510,49,59,-10,10
80511,37,46,-9,9
80512,80,86,-6,6
80513,66,59,7,7
80514,70,72,-2,2
80515,93,87,6,6
80516,54,61,-7,7
80517,99,106,-7,7
80518,100,98,2,2
80519,143,136,7,7
80520,67,66,1,1
80521,69,71,-2,2
80522,72,93,-21,21
80523,88,94,-6,6
80524,116,94,22,22
80525,103,102,1,1
80526,129,127,2,2
80527,112,107,5,5
80528,47,52,-5,5
80529,80,79,1,1
80530,87,84,3,3
80531,102,105,-3,3
80532,111,111,0,0
80533,113,118,-5,5
80534,85,83,2,2
80535,57,64,-7,7
80536,110,102,8,8
80537,91,92,-1,1
80538,127,122,5,5
80539,71,67,4,4
80540,110,100,10,10
80541,143,138,5,5
80542,90,92,-2,2
80543,122,111,11,11
80544,124,114,10,10
80545,53,57,-4,4
80546,77,84,-7,7
80547,35,41,-6,6
80548,63,77,-14,14
80549,115,107,8,8
80550,128,123,5,5
80551,99,98,1,1
80552,90,96,-6,6
80553,80,75,5,5
80554,98,96,2,2
80555,95,92,3,3
80556,138,134,4,4
80557,84,80,4,4
80558,129,133,-4,4
80559,101,91,10,10
80560,109,95,14,14
80561,142,140,2,2
80562,72,61,11,11
80563,110,107,3,3
80564,52,54,-2,2
80565,66,83,-17,17
80566,69,70,-1,1
80567,79,73,6,6
80568,69,71,-2,2
80569,97,94,3,3
80570,96,94,2,2
80571,105,101,4,4
80572,144,134,10,10
80573,129,120,9,9
80574,75,78,-3,3
80575,111,102,9,9
80576,149,138,11,11
80577,110,111,-1,1
80578,73,74,-1,1
80579,58,66,-8,8
80580,47,52,-5,5
80581,82,83,-1,1
80582,70,70,0,0
80583,124,108,16,16
80584,78,78,0,0
80585,136,124,12,12
80586,147,149,-2,2
80587,84,101,-17,17
80588,121,114,7,7
80589,63,61,2,2
80590,94,92,2,2
80591,125,129,-4,4
80592,82,87,-5,5
80593,158,139,19,19
80594,67,71,-4,4
80595,61,70,-9,9
80596,119,113,6,6
80597,65,69,-4,4
80598,86,90,-4,4
80599,98,79,19,19
80600,143,137,6,6
80601,105,104,1,1
80602,113,126,-13,13
80603,77,72,5,5
80604,107,113,-6,6
80605,58,67,-9,9
80606,145,141,4,4
80607,52,71,-19,19
80608,109,99,10,10
80609,71,70,1,1
80610,64,72,-8,8
80611,129,117,12,12
80612,83,90,-7,7
80613,40,60,-20,20
80614,102,107,-5,5
80615,65,65,0,0
80616,100,86,14,14
80617,131,123,8,8
80618,90,84,6,6
80619,92,96,-4,4
80620,67,80,-13,13
80621,121,113,8,8
80622,126,112,14,14
80623,93,95,-2,2
80624,157,150,7,7
80625,89,87,2,2
80626,53,63,-10,10
80627,96,91,5,5
80628,111,103,8,8
80629,121,113,8,8
80630,67,79,-12,12
80631,59,61,-2,2
80632,88,89,-1,1
80633,71,85,-14,14
80634,57,61,-4,4
80635,118,110,8,8
80636,78,75,3,3
80637,118,113,5,5
80638,85,85,0,0
80639,102,101,1,1
80640,69,74,-5,5
80641,179,176,3,3
80642,94,107,-13,13
80643,100,99,1,1
80644,91,84,7,7
80645,139,143,-4,4
80646,77,85,-8,8
80647,64,67,-3,3
80648,64,66,-2,2
80649,137,132,5,5
80650,113,110,3,3
80651,93,86,7,7
80652,100,103,-3,3
80653,88,85,3,3
80654,87,85,2,2
80655,144,133,11,11
80656,41,55,-14,14
80657,51,60,-9,9
80658,78,71,7,7
80659,72,70,2,2
80660,66,67,-1,1
80661,58,67,-9,9
80662,123,123,0,0
80663,90,87,3,3
80664,56,56,0,0
80665,98,87,11,11
80666,91,87,4,4
80667,126,115,11,11
80668,68,58,10,10
80669,117,109,8,8
80670,46,52,-6,6
80671,71,73,-2,2
80672,111,103,8,8
80673,89,85,4,4
80674,58,67,-9,9
80675,104,102,2,2
80676,110,103,7,7
80677,101,98,3,3
80678,203,213,-10,10
80679,90,94,-4,4
80680,82,78,4,4
80681,133,114,19,19
80682,67,67,0,0
80683,75,75,0,0
80684,90,81,9,9
80685,91,85,6,6
80686,91,95,-4,4
80687,67,70,-3,3
80688,122,116,6,6
80689,59,62,-3,3
80690,40,49,-9,9
80691,104,99,5,5
80692,118,115,3,3
80693,92,83,9,9
80694,157,163,-6,6
80695,65,70,-5,5
80696,60,65,-5,5
80697,100,97,3,3
80698,31,38,-7,7
80699,94,87,7,7
80700,45,53,-8,8
80701,109,99,10,10
80702,85,76,9,9
80703,86,93,-7,7
80704,185,168,17,17
80705,97,92,5,5
80706,69,63,6,6
80707,194,179,15,15
80708,63,77,-14,14
80709,141,135,6,6
80710,87,74,13,13
80711,131,124,7,7
80712,152,136,16,16
80713,96,94,2,2
80714,111,108,3,3
80715,92,85,7,7
80716,108,101,7,7
80717,83,79,4,4
80718,52,58,-6,6
80719,103,100,3,3
80720,189,173,16,16
80721,80,69,11,11
80722,149,136,13,13
80723,146,127,19,19
80724,66,65,1,1
80725,38,49,-11,11
80726,124,129,-5,5
80727,55,62,-7,7
80728,141,114,27,27
80729,83,115,-32,32
80730,144,146,-2,2
80731,127,128,-1,1
80732,80,73,7,7
80733,125,119,6,6
80734,115,111,4,4
80735,79,77,2,2
80736,73,72,1,1
80737,92,74,18,18
80738,84,87,-3,3
80739,103,103,0,0
80740,104,112,-8,8
80741,101,103,-2,2
80742,92,97,-5,5
80743,169,150,19,19
80744,53,56,-3,3
80745,114,104,10,10
80746,138,134,4,4
80747,86,80,6,6
80748,85,86,-1,1
80749,147,144,3,3
80750,58,68,-10,10
80751,128,124,4,4
80752,65,71,-6,6
80753,89,87,2,2
80754,95,98,-3,3
80755,84,79,5,5
80756,115,103,12,12
80757,142,130,12,12
80758,120,112,8,8
80759,102,109,-7,7
80760,121,139,-18,18
80761,48,59,-11,11
80762,127,103,24,24
80763,76,74,2,2
80764,133,123,10,10
80765,108,102,6,6
80766,67,68,-1,1
80767,33,45,-12,12
80768,148,131,17,17
80769,115,100,15,15
80770,68,99,-31,31
80771,132,140,-8,8
80772,167,151,16,16
80773,145,144,1,1
80774,126,121,5,5
80775,72,67,5,5
80776,108,112,-4,4
80777,75,83,-8,8
80778,66,73,-7,7
80779,72,70,2,2
80780,99,93,6,6
80781,67,68,-1,1
80782,113,113,0,0
80783,108,98,10,10
80784,94,91,3,3
80785,57,67,-10,10
80786,97,90,7,7
80787,64,68,-4,4
80788,127,127,0,0
80789,90,83,7,7
80790,185,178,7,7
80791,110,100,10,10
80792,59,65,-6,6
80793,119,109,10,10
80794,88,98,-10,10
80795,196,178,18,18
80796,95,97,-2,2
80797,69,76,-7,7
80798,159,160,-1,1
80799,66,82,-16,16
80800,100,87,13,13
80801,90,98,-8,8
80802,71,71,0,0
80803,63,65,-2,2
80804,104,95,9,9
80805,64,70,-6,6
80806,67,77,-10,10
80807,71,76,-5,5
80808,155,140,15,15
80809,89,82,7,7
80810,128,121,7,7
80811,95,99,-4,4
80812,51,55,-4,4
80813,118,112,6,6
80814,102,99,3,3
80815,124,121,3,3
80816,68,72,-4,4
80817,50,57,-7,7
80818,86,90,-4,4
80819,89,92,-3,3
80820,113,99,14,14
80821,126,120,6,6
80822,64,77,-13,13
80823,120,119,1,1
80824,62,63,-1,1
80825,73,90,-17,17
80826,145,139,6,6
80827,63,65,-2,2
80828,80,88,-8,8
80829,82,83,-1,1
80830,41,45,-4,4
80831,93,94,-1,1
80832,107,104,3,3
80833,60,64,-4,4
80834,93,88,5,5
80835,97,97,0,0
80836,90,92,-2,2
80837,111,116,-5,5
80838,57,61,-4,4
80839,75,72,3,3
80840,54,63,-9,9
80841,55,70,-15,15
80842,84,85,-1,1
80843,95,97,-2,2
80844,101,91,10,10
80845,91,91,0,0
80846,65,65,0,0
80847,59,63,-4,4
80848,112,106,6,6
80849,164,157,7,7
80850,61,67,-6,6
80851,75,77,-2,2
80852,149,140,9,9
80853,152,137,15,15
80854,65,71,-6,6
80855,90,90,0,0
80856,96,100,-4,4
80857,105,101,4,4
80858,75,80,-5,5
80859,61,65,-4,4
80860,102,98,4,4
80861,96,89,7,7
80862,96,86,10,10
80863,89,84,5,5
80864,100,97,3,3
80865,96,88,8,8
80866,57,62,-5,5
80867,67,75,-8,8
80868,148,139,9,9
80869,108,101,7,7
80870,50,56,-6,6
80871,151,140,11,11
80872,72,81,-9,9
80873,55,63,-8,8
80874,166,141,25,25
80875,75,80,-5,5
80876,154,132,22,22
80877,71,78,-7,7
80878,77,78,-1,1
80879,72,68,4,4
80880,79,81,-2,2
80881,166,150,16,16
80882,72,76,-4,4
80883,91,88,3,3
80884,80,84,-4,4
80885,111,85,26,26
80886,81,90,-9,9
80887,74,77,-3,3
80888,129,120,9,9
80889,120,110,10,10
80890,79,77,2,2
80891,95,82,13,13
80892,82,86,-4,4
80893,124,112,12,12
80894,73,73,0,0
80895,328,412,-84,84
80896,95,89,6,6
80897,90,87,3,3
80898,105,105,0,0
80899,131,129,2,2
80900,96,95,1,1
80901,64,55,9,9
80902,129,110,19,19
80903,84,75,9,9
80904,126,114,12,12
80905,132,121,11,11
80906,108,108,0,0
80907,74,74,0,0
80908,122,113,9,9
80909,96,109,-13,13
80910,172,175,-3,3
80911,150,136,14,14
80912,82,84,-2,2
80913,119,119,0,0
80914,42,49,-7,7
80915,125,112,13,13
80916,47,48,-1,1
80917,78,72,6,6
80918,51,60,-9,9
80919,56,65,-9,9
80920,100,106,-6,6
80921,105,98,7,7
80922,241,181,60,60
80923,148,137,11,11
80924,49,54,-5,5
80925,116,111,5,5
80926,45,44,1,1
80927,89,86,3,3
80928,83,83,0,0
80929,106,106,0,0
80930,84,94,-10,10
80931,82,77,5,5
80932,69,72,-3,3
80933,87,89,-2,2
80934,85,102,-17,17
80935,75,70,5,5
80936,142,141,1,1
80937,84,83,1,1
80938,112,99,13,13
80939,74,76,-2,2
80940,82,86,-4,4
80941,96,97,-1,1
80942,106,99,7,7
80943,41,57,-16,16
80944,70,66,4,4
80945,62,66,-4,4
80946,108,109,-1,1
80947,115,103,12,12
80948,79,76,3,3
80949,101,98,3,3
80950,73,70,3,3
80951,69,71,-2,2
80952,42,48,-6,6
80953,130,122,8,8
80954,74,68,6,6
80955,69,70,-1,1
80956,112,104,8,8
80957,95,98,-3,3
80958,56,61,-5,5
80959,98,99,-1,1
80960,93,98,-5,5
80961,93,90,3,3
80962,99,100,-1,1
80963,137,128,9,9
80964,127,124,3,3
80965,82,78,4,4
80966,58,72,-14,14
80967,83,75,8,8
80968,130,119,11,11
80969,99,84,15,15
80970,134,131,3,3
80971,134,124,10,10
80972,73,69,4,4
80973,98,110,-12,12
80974,56,59,-3,3
80975,106,106,0,0
80976,157,144,13,13
80977,70,69,1,1
80978,105,101,4,4
80979,108,116,-8,8
80980,65,68,-3,3
80981,82,77,5,5
80982,75,74,1,1
80983,88,93,-5,5
80984,79,83,-4,4
80985,85,93,-8,8
80986,98,93,5,5
80987,70,68,2,2
80988,132,134,-2,2
80989,121,107,14,14
80990,120,128,-8,8
80991,131,119,12,12
80992,100,102,-2,2
80993,103,101,2,2
80994,89,89,0,0
80995,87,92,-5,5
80996,63,69,-6,6
80997,101,83,18,18
80998,80,75,5,5
80999,60,62,-2,2
81000,53,62,-9,9
81001,147,131,16,16
81002,83,87,-4,4
81003,91,92,-1,1
81004,120,112,8,8
81005,79,77,2,2
81006,66,62,4,4
81007,126,102,24,24
81008,155,136,19,19
81009,73,76,-3,3
81010,75,73,2,2
81011,110,111,-1,1
81012,87,88,-1,1
81013,92,89,3,3
81014,133,131,2,2
81015,100,93,7,7
81016,89,87,2,2
81017,73,76,-3,3
81018,56,59,-3,3
81019,117,109,8,8
81020,77,63,14,14
81021,58,60,-2,2
81022,132,135,-3,3
81023,149,125,24,24
81024,60,61,-1,1
81025,88,86,2,2
81026,118,104,14,14
81027,71,76,-5,5
81028,158,149,9,9
81029,143,127,16,16
81030,63,73,-10,10
81031,49,61,-12,12
81032,111,106,5,5
81033,121,120,1,1
81034,97,91,6,6
81035,116,113,3,3
81036,58,60,-2,2
81037,66,63,3,3
81038,63,65,-2,2
81039,54,52,2,2
81040,83,86,-3,3
81041,66,70,-4,4
81042,48,55,-7,7
81043,69,75,-6,6
81044,39,66,-27,27
81045,158,125,33,33
81046,48,55,-7,7
81047,63,63,0,0
81048,93,98,-5,5
81049,87,85,2,2
81050,64,61,3,3
81051,148,121,27,27
81052,58,63,-5,5
81053,51,57,-6,6
81054,53,62,-9,9
81055,138,136,2,2
81056,75,76,-1,1
81057,94,97,-3,3
81058,49,63,-14,14
81059,132,136,-4,4
81060,98,95,3,3
81061,97,105,-8,8
81062,100,94,6,6
81063,107,99,8,8
81064,65,65,0,0
81065,67,70,-3,3
81066,54,59,-5,5
81067,123,120,3,3
81068,133,119,14,14
81069,105,126,-21,21
81070,91,93,-2,2
81071,121,114,7,7
81072,81,85,-4,4
81073,59,68,-9,9
81074,154,136,18,18
81075,85,85,0,0
81076,80,95,-15,15
81077,181,149,32,32
81078,112,106,6,6
81079,80,78,2,2
81080,140,125,15,15
81081,92,81,11,11
81082,87,76,11,11
81083,62,64,-2,2
81084,136,124,12,12
81085,74,75,-1,1
81086,74,71,3,3
81087,45,51,-6,6
81088,87,85,2,2
81089,81,79,2,2
81090,37,42,-5,5
81091,73,75,-2,2
81092,81,83,-2,2
81093,119,113,6,6
81094,139,134,5,5
81095,106,105,1,1
81096,105,103,2,2
81097,129,122,7,7
81098,97,100,-3,3
81099,94,119,-25,25
81100,89,111,-22,22
81101,84,81,3,3
81102,182,159,23,23
81103,44,55,-11,11
81104,98,94,4,4
81105,83,81,2,2
81106,159,147,12,12
81107,61,64,-3,3
81108,145,126,19,19
81109,113,133,-20,20
81110,74,75,-1,1
81111,44,51,-7,7
81112,70,77,-7,7
81113,87,100,-13,13
81114,156,137,19,19
81115,78,76,2,2
81116,99,91,8,8
81117,120,112,8,8
81118,100,111,-11,11
81119,90,85,5,5
81120,90,93,-3,3
81121,126,125,1,1
81122,59,54,5,5
81123,82,81,1,1
81124,71,76,-5,5
81125,87,84,3,3
81126,72,78,-6,6
81127,112,104,8,8
81128,65,65,0,0
81129,68,72,-4,4
81130,62,66,-4,4
81131,130,128,2,2
81132,60,64,-4,4
81133,100,106,-6,6
81134,48,56,-8,8
81135,97,96,1,1
81136,85,79,6,6
81137,143,120,23,23
81138,112,112,0,0
81139,70,75,-5,5
81140,107,120,-13,13
81141,103,99,4,4
81142,79,76,3,3
81143,65,63,2,2
81144,74,70,4,4
81145,62,68,-6,6
81146,146,142,4,4
81147,138,129,9,9
81148,109,104,5,5
81149,57,60,-3,3
81150,81,85,-4,4
81151,100,97,3,3
81152,55,63,-8,8
81153,71,75,-4,4
81154,137,122,15,15
81155,173,162,11,11
81156,53,60,-7,7
81157,69,71,-2,2
81158,115,101,14,14
81159,71,76,-5,5
81160,129,119,10,10
81161,142,128,14,14
81162,48,54,-6,6
81163,77,78,-1,1
81164,81,92,-11,11
81165,103,98,5,5
81166,75,73,2,2
81167,86,84,2,2
81168,105,105,0,0
81169,61,60,1,1
81170,109,101,8,8
81171,98,94,4,4
81172,153,150,3,3
81173,50,59,-9,9
81174,178,157,21,21
81175,85,82,3,3
81176,118,113,5,5
81177,94,84,10,10
81178,116,98,18,18
81179,92,87,5,5
81180,96,93,3,3
81181,44,52,-8,8
81182,96,95,1,1
81183,146,124,22,22
81184,90,77,13,13
81185,86,87,-1,1
81186,112,113,-1,1
81187,102,110,-8,8
81188,47,53,-6,6
81189,107,100,7,7
81190,52,68,-16,16
81191,122,119,3,3
81192,84,77,7,7
81193,76,78,-2,2
81194,72,75,-3,3
81195,181,170,11,11
81196,71,75,-4,4
81197,92,95,-3,3
81198,152,142,10,10
81199,133,133,0,0
81200,97,99,-2,2
81201,135,136,-1,1
81202,75,78,-3,3
81203,99,100,-1,1
81204,92,115,-23,23
81205,113,119,-6,6
81206,65,64,1,1
81207,100,104,-4,4
81208,124,126,-2,2
81209,82,80,2,2
81210,111,117,-6,6
81211,101,96,5,5
81212,60,66,-6,6
81213,141,126,15,15
81214,69,71,-2,2
81215,141,136,5,5
81216,111,99,12,12
81217,169,160,9,9
81218,126,120,6,6
81219,75,81,-6,6
81220,120,111,9,9
81221,141,144,-3,3
81222,104,115,-11,11
81223,48,58,-10,10
81224,93,95,-2,2
81225,140,126,14,14
81226,97,86,11,11
81227,110,101,9,9
81228,45,49,-4,4
81229,92,93,-1,1
81230,87,76,11,11
81231,90,81,9,9
81232,68,71,-3,3
81233,64,72,-8,8
81234,59,58,1,1
81235,135,129,6,6
81236,52,59,-7,7
81237,121,126,-5,5
81238,78,85,-7,7
81239,97,97,0,0
81240,64,89,-25,25
81241,113,112,1,1
81242,83,81,2,2
81243,79,75,4,4
81244,77,81,-4,4
81245,56,66,-10,10
81246,156,151,5,5
81247,134,123,11,11
81248,66,69,-3,3
81249,113,112,1,1
81250,89,84,5,5
81251,95,102,-7,7
81252,98,97,1,1
81253,137,141,-4,4
81254,113,104,9,9
81255,173,155,18,18
81256,122,119,3,3
81257,92,87,5,5
81258,142,131,11,11
81259,82,78,4,4
81260,42,49,-7,7
81261,116,133,-17,17
81262,89,91,-2,2
81263,140,133,7,7
81264,130,106,24,24
81265,80,77,3,3
81266,113,112,1,1
81267,60,63,-3,3
81268,143,170,-27,27
81269,86,83,3,3
81270,126,118,8,8
81271,75,70,5,5
81272,120,112,8,8
81273,125,115,10,10
81274,195,182,13,13
81275,71,73,-2,2
81276,131,126,5,5
81277,111,107,4,4
81278,89,95,-6,6
81279,93,91,2,2
81280,80,83,-3,3
81281,80,76,4,4
81282,46,50,-4,4
81283,134,128,6,6
81284,83,79,4,4
81285,145,139,6,6
81286,80,78,2,2
81287,82,75,7,7
81288,86,78,8,8
81289,62,73,-11,11
81290,46,56,-10,10
81291,112,108,4,4
81292,99,98,1,1
81293,145,129,16,16
81294,166,160,6,6
81295,45,56,-11,11
81296,126,108,18,18
81297,89,87,2,2
81298,99,104,-5,5
81299,77,78,-1,1
81300,119,104,15,15
81301,93,109,-16,16
81302,102,106,-4,4
81303,62,65,-3,3
81304,57,57,0,0
81305,63,69,-6,6
81306,56,62,-6,6
81307,137,132,5,5
81308,101,100,1,1
81309,90,83,7,7
81310,136,128,8,8
81311,70,69,1,1
81312,81,83,-2,2
81313,66,68,-2,2
81314,93,92,1,1
81315,73,69,4,4
81316,90,85,5,5
81317,83,84,-1,1
81318,89,68,21,21
81319,103,108,-5,5
81320,105,97,8,8
81321,83,102,-19,19
81322,115,113,2,2
81323,99,104,-5,5
81324,85,90,-5,5
81325,73,78,-5,5
81326,80,87,-7,7
81327,49,61,-12,12
81328,80,78,2,2
81329,63,69,-6,6
81330,33,43,-10,10
81331,178,179,-1,1
81332,105,126,-21,21
81333,41,59,-18,18
81334,92,97,-5,5
81335,98,95,3,3
81336,71,75,-4,4
81337,30,39,-9,9
81338,62,67,-5,5
81339,126,137,-11,11
81340,102,102,0,0
81341,122,118,4,4
81342,79,84,-5,5
81343,152,142,10,10
81344,159,141,18,18
81345,161,156,5,5
81346,71,64,7,7
81347,84,89,-5,5
81348,118,106,12,12
81349,73,74,-1,1
81350,118,116,2,2
81351,102,83,19,19
81352,69,77,-8,8
81353,101,93,8,8
81354,127,119,8,8
81355,84,78,6,6
81356,40,45,-5,5
81357,70,69,1,1
81358,135,123,12,12
81359,77,78,-1,1
81360,78,78,0,0
81361,70,73,-3,3
81362,73,77,-4,4
81363,85,83,2,2
81364,106,99,7,7
81365,151,142,9,9
81366,153,148,5,5
81367,133,117,16,16
81368,121,118,3,3
81369,110,107,3,3
81370,71,83,-12,12
81371,98,96,2,2
81372,126,129,-3,3
81373,86,89,-3,3
81374,77,77,0,0
81375,198,176,22,22
81376,133,127,6,6
81377,124,126,-2,2
81378,90,86,4,4
81379,60,64,-4,4
81380,80,95,-15,15
81381,47,55,-8,8
81382,82,76,6,6
81383,119,98,21,21
81384,66,69,-3,3
81385,136,117,19,19
81386,141,129,12,12
81387,50,63,-13,13
81388,71,79,-8,8
81389,98,96,2,2
81390,121,102,19,19
81391,81,91,-10,10
81392,117,114,3,3
81393,112,109,3,3
81394,94,93,1,1
81395,55,72,-17,17
81396,97,110,-13,13
81397,92,98,-6,6
81398,137,134,3,3
81399,54,57,-3,3
81400,140,136,4,4
81401,138,124,14,14
81402,85,82,3,3
81403,84,91,-7,7
81404,104,101,3,3
81405,113,111,2,2
81406,109,114,-5,5
81407,76,94,-18,18
81408,79,84,-5,5
81409,65,65,0,0
81410,81,78,3,3
81411,131,112,19,19
81412,204,178,26,26
81413,77,73,4,4
81414,161,141,20,20
81415,97,99,-2,2
81416,110,98,12,12
81417,76,77,-1,1
81418,70,69,1,1
81419,122,122,0,0
81420,52,59,-7,7
81421,121,121,0,0
81422,89,91,-2,2
81423,99,87,12,12
81424,62,66,-4,4
81425,117,111,6,6
81426,92,99,-7,7
81427,169,161,8,8
81428,122,112,10,10
81429,88,86,2,2
81430,94,90,4,4
81431,163,133,30,30
81432,72,70,2,2
81433,87,95,-8,8
81434,104,113,-9,9
81435,51,57,-6,6
81436,57,57,0,0
81437,149,136,13,13
81438,87,87,0,0
81439,109,109,0,0
81440,120,113,7,7
81441,79,74,5,5
81442,129,122,7,7
81443,162,146,16,16
81444,133,129,4,4
81445,82,78,4,4
81446,110,109,1,1
81447,180,161,19,19
81448,104,100,4,4
81449,134,125,9,9
81450,114,105,9,9
81451,130,138,-8,8
81452,94,97,-3,3
81453,182,161,21,21
81454,93,97,-4,4
81455,74,76,-2,2
81456,66,69,-3,3
81457,164,205,-41,41
81458,125,165,-40,40
81459,74,81,-7,7
81460,148,143,5,5
81461,69,72,-3,3
81462,98,95,3,3
81463,71,75,-4,4
81464,107,100,7,7
81465,133,119,14,14
81466,72,69,3,3
81467,68,70,-2,2
81468,97,92,5,5
81469,185,154,31,31
81470,184,173,11,11
81471,106,112,-6,6
81472,143,141,2,2
81473,82,97,-15,15
81474,47,60,-13,13
81475,82,75,7,7
81476,97,82,15,15
81477,58,64,-6,6
81478,115,106,9,9
81479,137,118,19,19
81480,112,112,0,0
81481,101,97,4,4
81482,56,57,-1,1
81483,80,76,4,4
81484,79,78,1,1
81485,186,160,26,26
81486,79,71,8,8
81487,80,73,7,7
81488,85,80,5,5
81489,123,112,11,11
81490,94,84,10,10
81491,71,85,-14,14
81492,83,85,-2,2
81493,45,53,-8,8
81494,120,141,-21,21
81495,165,152,13,13
81496,73,73,0,0
81497,87,83,4,4
81498,80,86,-6,6
81499,132,138,-6,6
81500,82,77,5,5
81501,77,74,3,3
81502,62,68,-6,6
81503,74,75,-1,1
81504,87,96,-9,9
81505,142,132,10,10
81506,119,112,7,7
81507,62,60,2,2
