,original,predict,differ,abs
0,67,75,-8,8
1,58,65,-7,7
2,88,87,1,1
3,183,172,11,11
4,81,79,2,2
5,88,87,1,1
6,83,89,-6,6
7,183,162,21,21
8,81,77,4,4
9,117,119,-2,2
10,64,63,1,1
11,59,71,-12,12
12,74,71,3,3
13,100,107,-7,7
14,103,101,2,2
15,66,71,-5,5
16,97,94,3,3
17,120,107,13,13
18,79,77,2,2
19,110,117,-7,7
20,217,204,13,13
21,156,152,4,4
22,97,86,11,11
23,101,120,-19,19
24,82,76,6,6
25,127,119,8,8
26,112,111,1,1
27,191,169,22,22
28,48,48,0,0
29,106,115,-9,9
30,133,131,2,2
31,57,63,-6,6
32,108,104,4,4
33,89,79,10,10
34,50,71,-21,21
35,62,48,14,14
36,102,102,0,0
37,55,57,-2,2
38,89,104,-15,15
39,96,106,-10,10
40,70,72,-2,2
41,115,116,-1,1
42,82,83,-1,1
43,102,106,-4,4
44,167,147,20,20
45,82,90,-8,8
46,118,128,-10,10
47,85,81,4,4
48,93,95,-2,2
49,111,95,16,16
50,77,72,5,5
51,136,128,8,8
52,109,98,11,11
53,85,95,-10,10
54,133,124,9,9
55,138,127,11,11
56,100,118,-18,18
57,130,127,3,3
58,96,102,-6,6
59,58,63,-5,5
60,115,113,2,2
61,73,76,-3,3
62,135,123,12,12
63,177,175,2,2
64,96,101,-5,5
65,77,82,-5,5
66,84,83,1,1
67,105,95,10,10
68,193,187,6,6
69,143,143,0,0
70,111,103,8,8
71,104,94,10,10
72,265,254,11,11
73,88,93,-5,5
74,78,79,-1,1
75,58,63,-5,5
76,86,80,6,6
77,59,67,-8,8
78,139,139,0,0
79,96,91,5,5
80,90,87,3,3
81,83,83,0,0
82,133,129,4,4
83,141,139,2,2
84,72,71,1,1
85,75,74,1,1
86,43,47,-4,4
87,68,71,-3,3
88,170,141,29,29
89,92,99,-7,7
90,64,85,-21,21
91,101,108,-7,7
92,82,76,6,6
93,81,75,6,6
94,75,75,0,0
95,99,96,3,3
96,45,59,-14,14
97,186,186,0,0
98,127,142,-15,15
99,100,103,-3,3
100,66,68,-2,2
101,129,114,15,15
102,107,114,-7,7
103,128,128,0,0
104,90,82,8,8
105,68,71,-3,3
106,107,109,-2,2
107,90,84,6,6
108,89,92,-3,3
109,70,74,-4,4
110,174,154,20,20
111,90,78,12,12
112,76,78,-2,2
113,67,68,-1,1
114,76,88,-12,12
115,168,161,7,7
116,91,86,5,5
117,103,105,-2,2
118,91,87,4,4
119,67,74,-7,7
120,118,125,-7,7
121,51,56,-5,5
122,76,79,-3,3
123,110,115,-5,5
124,99,91,8,8
125,96,101,-5,5
126,169,177,-8,8
127,89,97,-8,8
128,94,98,-4,4
129,123,130,-7,7
130,186,180,6,6
131,132,129,3,3
132,102,85,17,17
133,78,82,-4,4
134,129,117,12,12
135,116,101,15,15
136,136,127,9,9
137,131,129,2,2
138,105,107,-2,2
139,69,71,-2,2
140,66,65,1,1
141,127,124,3,3
142,127,125,2,2
143,66,79,-13,13
144,112,119,-7,7
145,115,110,5,5
146,98,89,9,9
147,69,64,5,5
148,93,83,10,10
149,121,126,-5,5
150,92,98,-6,6
151,73,72,1,1
152,139,135,4,4
153,80,84,-4,4
154,89,93,-4,4
155,67,68,-1,1
156,66,66,0,0
157,81,84,-3,3
158,59,66,-7,7
159,128,131,-3,3
160,109,113,-4,4
161,50,55,-5,5
162,74,71,3,3
163,80,84,-4,4
164,132,136,-4,4
165,51,57,-6,6
166,115,111,4,4
167,70,87,-17,17
168,159,147,12,12
169,151,156,-5,5
170,94,95,-1,1
171,81,90,-9,9
172,77,80,-3,3
173,42,40,2,2
174,135,131,4,4
175,106,100,6,6
176,50,58,-8,8
177,162,137,25,25
178,130,115,15,15
179,120,109,11,11
180,84,89,-5,5
181,76,79,-3,3
182,67,69,-2,2
183,75,74,1,1
184,39,42,-3,3
185,119,106,13,13
186,55,63,-8,8
187,90,86,4,4
188,124,126,-2,2
189,171,174,-3,3
190,70,73,-3,3
191,137,139,-2,2
192,127,131,-4,4
193,143,150,-7,7
194,195,161,34,34
195,112,107,5,5
196,43,51,-8,8
197,114,112,2,2
198,111,115,-4,4
199,80,82,-2,2
200,128,112,16,16
201,176,175,1,1
202,64,64,0,0
203,142,134,8,8
204,100,94,6,6
205,63,64,-1,1
206,145,131,14,14
207,101,100,1,1
208,78,73,5,5
209,98,93,5,5
210,147,147,0,0
211,50,58,-8,8
212,70,70,0,0
213,175,167,8,8
214,87,101,-14,14
215,87,80,7,7
216,108,121,-13,13
217,67,68,-1,1
218,95,98,-3,3
219,89,96,-7,7
220,135,134,1,1
221,79,86,-7,7
222,43,54,-11,11
223,195,160,35,35
224,83,84,-1,1
225,81,89,-8,8
226,63,71,-8,8
227,119,117,2,2
228,98,98,0,0
229,44,54,-10,10
230,47,59,-12,12
231,87,70,17,17
232,90,82,8,8
233,62,64,-2,2
234,103,99,4,4
235,140,142,-2,2
236,114,114,0,0
237,57,72,-15,15
238,81,77,4,4
239,74,97,-23,23
240,61,73,-12,12
241,43,49,-6,6
242,55,62,-7,7
243,100,95,5,5
244,124,111,13,13
245,107,110,-3,3
246,121,126,-5,5
247,86,95,-9,9
248,146,133,13,13
249,147,148,-1,1
250,47,47,0,0
251,124,114,10,10
252,89,89,0,0
253,50,63,-13,13
254,110,113,-3,3
255,158,152,6,6
256,86,80,6,6
257,102,106,-4,4
258,107,113,-6,6
259,64,69,-5,5
260,136,130,6,6
261,125,112,13,13
262,115,103,12,12
263,71,69,2,2
264,80,80,0,0
265,82,86,-4,4
266,79,79,0,0
267,102,93,9,9
268,49,62,-13,13
269,109,113,-4,4
270,52,59,-7,7
271,72,71,1,1
272,68,73,-5,5
273,151,155,-4,4
274,112,111,1,1
275,97,113,-16,16
276,82,94,-12,12
277,72,77,-5,5
278,125,130,-5,5
279,128,131,-3,3
280,94,98,-4,4
281,76,72,4,4
282,71,75,-4,4
283,112,111,1,1
284,75,73,2,2
285,77,74,3,3
286,78,73,5,5
287,89,82,7,7
288,88,80,8,8
289,97,94,3,3
290,80,76,4,4
291,67,75,-8,8
292,83,85,-2,2
293,85,83,2,2
294,76,73,3,3
295,64,67,-3,3
296,107,111,-4,4
297,141,158,-17,17
298,130,125,5,5
299,51,61,-10,10
300,66,66,0,0
301,75,73,2,2
302,186,172,14,14
303,86,79,7,7
304,141,142,-1,1
305,83,81,2,2
306,85,82,3,3
307,148,136,12,12
308,87,84,3,3
309,77,71,6,6
310,27,33,-6,6
311,88,89,-1,1
312,92,85,7,7
313,86,91,-5,5
314,135,135,0,0
315,77,71,6,6
316,73,72,1,1
317,133,142,-9,9
318,51,57,-6,6
319,125,117,8,8
320,98,108,-10,10
321,143,131,12,12
322,140,139,1,1
323,87,97,-10,10
324,89,75,14,14
325,69,72,-3,3
326,96,79,17,17
327,127,123,4,4
328,79,73,6,6
329,137,123,14,14
330,85,88,-3,3
331,84,88,-4,4
332,52,68,-16,16
333,77,73,4,4
334,78,83,-5,5
335,104,98,6,6
336,89,96,-7,7
337,89,60,29,29
338,56,56,0,0
339,106,86,20,20
340,71,69,2,2
341,132,122,10,10
342,82,76,6,6
343,100,93,7,7
344,51,64,-13,13
345,66,68,-2,2
346,85,76,9,9
347,112,112,0,0
348,34,55,-21,21
349,134,116,18,18
350,93,100,-7,7
351,114,130,-16,16
352,137,123,14,14
353,88,87,1,1
354,108,113,-5,5
355,106,99,7,7
356,146,180,-34,34
357,54,68,-14,14
358,170,142,28,28
359,86,77,9,9
360,110,96,14,14
361,82,79,3,3
362,101,97,4,4
363,64,71,-7,7
364,44,56,-12,12
365,84,83,1,1
366,60,63,-3,3
367,101,107,-6,6
368,120,109,11,11
369,60,63,-3,3
370,130,126,4,4
371,41,50,-9,9
372,116,108,8,8
373,58,63,-5,5
374,77,74,3,3
375,96,102,-6,6
376,88,94,-6,6
377,103,101,2,2
378,35,63,-28,28
379,64,64,0,0
380,86,76,10,10
381,89,91,-2,2
382,108,105,3,3
383,116,109,7,7
384,82,82,0,0
385,65,68,-3,3
386,64,73,-9,9
387,134,126,8,8
388,65,71,-6,6
389,77,75,2,2
390,120,123,-3,3
391,54,63,-9,9
392,90,91,-1,1
393,87,88,-1,1
394,97,93,4,4
395,17,29,-12,12
396,69,87,-18,18
397,31,42,-11,11
398,90,89,1,1
399,104,104,0,0
400,97,94,3,3
401,52,62,-10,10
402,81,80,1,1
403,88,84,4,4
404,150,150,0,0
405,103,112,-9,9
406,47,50,-3,3
407,119,115,4,4
408,107,115,-8,8
409,88,66,22,22
410,85,83,2,2
411,95,97,-2,2
412,89,81,8,8
413,87,91,-4,4
414,148,133,15,15
415,98,96,2,2
416,148,149,-1,1
417,77,83,-6,6
418,70,75,-5,5
419,64,66,-2,2
420,110,127,-17,17
421,143,148,-5,5
422,122,168,-46,46
423,82,80,2,2
424,112,109,3,3
425,128,129,-1,1
426,148,146,2,2
427,80,79,1,1
428,56,66,-10,10
429,90,87,3,3
430,110,111,-1,1
431,88,98,-10,10
432,91,93,-2,2
433,99,99,0,0
434,122,115,7,7
435,66,71,-5,5
436,106,98,8,8
437,65,64,1,1
438,164,153,11,11
439,68,67,1,1
440,48,70,-22,22
441,88,80,8,8
442,107,105,2,2
443,58,67,-9,9
444,91,86,5,5
445,113,107,6,6
446,107,103,4,4
447,101,98,3,3
448,72,83,-11,11
449,134,130,4,4
450,87,88,-1,1
451,64,71,-7,7
452,72,70,2,2
453,146,148,-2,2
454,110,109,1,1
455,104,100,4,4
456,129,132,-3,3
457,134,141,-7,7
458,123,124,-1,1
459,62,64,-2,2
460,71,70,1,1
461,58,67,-9,9
462,88,83,5,5
463,134,134,0,0
464,81,79,2,2
465,77,92,-15,15
466,118,116,2,2
467,131,125,6,6
468,66,68,-2,2
469,61,67,-6,6
470,43,39,4,4
471,121,120,1,1
472,101,108,-7,7
473,112,102,10,10
474,67,67,0,0
475,88,83,5,5
476,57,56,1,1
477,93,82,11,11
478,77,64,13,13
479,57,62,-5,5
480,55,70,-15,15
481,68,72,-4,4
482,118,114,4,4
483,63,68,-5,5
484,110,113,-3,3
485,58,64,-6,6
486,119,111,8,8
487,110,142,-32,32
488,146,143,3,3
489,50,53,-3,3
490,104,103,1,1
491,136,126,10,10
492,145,149,-4,4
493,110,101,9,9
494,124,128,-4,4
495,117,113,4,4
496,134,127,7,7
497,98,86,12,12
498,104,131,-27,27
499,78,74,4,4
500,100,95,5,5
501,45,58,-13,13
502,108,112,-4,4
503,50,60,-10,10
504,69,77,-8,8
505,106,102,4,4
506,66,65,1,1
507,61,69,-8,8
508,96,97,-1,1
509,96,93,3,3
510,53,60,-7,7
511,93,96,-3,3
512,80,73,7,7
513,73,74,-1,1
514,70,77,-7,7
515,100,93,7,7
516,137,129,8,8
517,114,114,0,0
518,70,72,-2,2
519,55,68,-13,13
520,108,93,15,15
521,138,133,5,5
522,95,96,-1,1
523,142,138,4,4
524,83,79,4,4
525,122,113,9,9
526,97,99,-2,2
527,56,58,-2,2
528,122,118,4,4
529,73,76,-3,3
530,69,64,5,5
531,95,101,-6,6
532,68,74,-6,6
533,95,89,6,6
534,78,87,-9,9
535,90,91,-1,1
536,106,104,2,2
537,42,54,-12,12
538,76,79,-3,3
539,157,167,-10,10
540,119,114,5,5
541,99,103,-4,4
542,61,71,-10,10
543,102,99,3,3
544,92,95,-3,3
545,124,112,12,12
546,82,84,-2,2
547,76,79,-3,3
548,67,71,-4,4
549,148,141,7,7
550,74,78,-4,4
551,66,71,-5,5
552,108,106,2,2
553,64,68,-4,4
554,102,103,-1,1
555,63,66,-3,3
556,66,63,3,3
557,74,72,2,2
558,74,76,-2,2
559,67,70,-3,3
560,86,97,-11,11
561,81,95,-14,14
562,90,95,-5,5
563,47,57,-10,10
564,68,76,-8,8
565,88,77,11,11
566,83,79,4,4
567,76,74,2,2
568,55,59,-4,4
569,100,108,-8,8
570,108,120,-12,12
571,178,164,14,14
572,80,77,3,3
573,82,84,-2,2
574,149,137,12,12
575,69,71,-2,2
576,70,76,-6,6
577,90,103,-13,13
578,91,86,5,5
579,75,71,4,4
580,88,87,1,1
581,134,122,12,12
582,49,60,-11,11
583,51,56,-5,5
584,113,109,4,4
585,88,84,4,4
586,53,56,-3,3
587,84,75,9,9
588,105,100,5,5
589,85,81,4,4
590,105,101,4,4
591,75,74,1,1
592,139,132,7,7
593,103,100,3,3
594,87,91,-4,4
595,65,76,-11,11
596,74,72,2,2
597,98,107,-9,9
598,110,104,6,6
599,112,108,4,4
600,88,83,5,5
601,85,83,2,2
602,55,60,-5,5
603,86,84,2,2
604,124,126,-2,2
605,114,115,-1,1
606,57,62,-5,5
607,56,62,-6,6
608,78,73,5,5
609,122,136,-14,14
610,79,73,6,6
611,81,76,5,5
612,117,110,7,7
613,112,120,-8,8
614,95,97,-2,2
615,195,178,17,17
616,76,85,-9,9
617,104,98,6,6
618,112,105,7,7
619,103,106,-3,3
620,91,95,-4,4
621,105,100,5,5
622,127,112,15,15
623,60,68,-8,8
624,111,110,1,1
625,106,106,0,0
626,109,106,3,3
627,85,86,-1,1
628,67,73,-6,6
629,81,85,-4,4
630,83,83,0,0
631,56,65,-9,9
632,92,87,5,5
633,71,80,-9,9
634,95,86,9,9
635,93,93,0,0
636,144,146,-2,2
637,53,57,-4,4
638,77,84,-7,7
639,71,72,-1,1
640,95,100,-5,5
641,95,102,-7,7
642,61,62,-1,1
643,141,127,14,14
644,133,126,7,7
645,94,88,6,6
646,112,114,-2,2
647,84,83,1,1
648,92,92,0,0
649,84,82,2,2
650,94,97,-3,3
651,72,75,-3,3
652,102,117,-15,15
653,61,67,-6,6
654,108,112,-4,4
655,105,105,0,0
656,85,91,-6,6
657,74,79,-5,5
658,50,58,-8,8
659,101,97,4,4
660,82,76,6,6
661,108,91,17,17
662,148,141,7,7
663,126,119,7,7
664,136,146,-10,10
665,75,76,-1,1
666,36,32,4,4
667,42,57,-15,15
668,69,68,1,1
669,126,124,2,2
670,109,101,8,8
671,90,84,6,6
672,116,108,8,8
673,151,185,-34,34
674,147,142,5,5
675,52,94,-42,42
676,107,113,-6,6
677,90,87,3,3
678,162,149,13,13
679,103,106,-3,3
680,150,135,15,15
681,62,77,-15,15
682,111,107,4,4
683,77,85,-8,8
684,166,168,-2,2
685,151,156,-5,5
686,116,116,0,0
687,79,79,0,0
688,94,116,-22,22
689,110,113,-3,3
690,152,137,15,15
691,176,159,17,17
692,92,95,-3,3
693,156,147,9,9
694,92,97,-5,5
695,77,76,1,1
696,32,55,-23,23
697,87,89,-2,2
698,108,110,-2,2
699,104,91,13,13
700,70,71,-1,1
701,66,54,12,12
702,118,114,4,4
703,65,68,-3,3
704,111,101,10,10
705,74,71,3,3
706,81,87,-6,6
707,88,80,8,8
708,87,83,4,4
709,116,124,-8,8
710,47,48,-1,1
711,95,98,-3,3
712,44,51,-7,7
713,91,108,-17,17
714,83,83,0,0
715,137,136,1,1
716,80,80,0,0
717,147,137,10,10
718,119,124,-5,5
719,137,113,24,24
720,133,145,-12,12
721,89,93,-4,4
722,150,142,8,8
723,108,104,4,4
724,96,80,16,16
725,88,85,3,3
726,140,129,11,11
727,128,130,-2,2
728,53,60,-7,7
729,100,112,-12,12
730,58,70,-12,12
731,110,105,5,5
732,125,120,5,5
733,124,110,14,14
734,109,124,-15,15
735,122,124,-2,2
736,95,96,-1,1
737,93,98,-5,5
738,85,77,8,8
739,98,83,15,15
740,68,76,-8,8
741,48,47,1,1
742,97,100,-3,3
743,81,81,0,0
744,88,83,5,5
745,91,111,-20,20
746,64,67,-3,3
747,204,190,14,14
748,114,109,5,5
749,185,154,31,31
750,75,75,0,0
751,70,66,4,4
752,145,142,3,3
753,87,83,4,4
754,45,57,-12,12
755,73,72,1,1
756,125,130,-5,5
757,60,67,-7,7
758,95,94,1,1
759,119,100,19,19
760,76,73,3,3
761,56,64,-8,8
762,44,60,-16,16
763,98,102,-4,4
764,86,79,7,7
765,161,143,18,18
766,102,122,-20,20
767,103,101,2,2
768,69,74,-5,5
769,151,158,-7,7
770,92,73,19,19
771,80,86,-6,6
772,87,89,-2,2
773,108,103,5,5
774,51,59,-8,8
775,110,108,2,2
776,64,66,-2,2
777,73,71,2,2
778,92,86,6,6
779,93,90,3,3
780,103,102,1,1
781,49,47,2,2
782,71,77,-6,6
783,70,71,-1,1
784,67,68,-1,1
785,100,101,-1,1
786,93,99,-6,6
787,75,76,-1,1
788,97,101,-4,4
789,84,84,0,0
790,140,127,13,13
791,151,138,13,13
792,78,80,-2,2
793,79,78,1,1
794,108,119,-11,11
795,95,92,3,3
796,98,93,5,5
797,119,121,-2,2
798,83,99,-16,16
799,67,70,-3,3
800,64,67,-3,3
801,102,95,7,7
802,75,76,-1,1
803,68,80,-12,12
804,78,77,1,1
805,53,61,-8,8
806,126,122,4,4
807,89,95,-6,6
808,85,97,-12,12
809,64,71,-7,7
810,85,81,4,4
811,74,73,1,1
812,66,67,-1,1
813,79,72,7,7
814,125,108,17,17
815,119,112,7,7
816,26,38,-12,12
817,66,70,-4,4
818,88,81,7,7
819,111,98,13,13
820,86,83,3,3
821,76,84,-8,8
822,86,79,7,7
823,145,131,14,14
824,46,54,-8,8
825,107,101,6,6
826,99,86,13,13
827,63,69,-6,6
828,68,72,-4,4
829,100,88,12,12
830,110,123,-13,13
831,77,77,0,0
832,66,71,-5,5
833,64,66,-2,2
834,77,83,-6,6
835,144,145,-1,1
836,106,101,5,5
837,93,101,-8,8
838,73,80,-7,7
839,103,110,-7,7
840,105,107,-2,2
841,75,77,-2,2
842,83,80,3,3
843,112,114,-2,2
844,156,146,10,10
845,156,144,12,12
846,77,83,-6,6
847,76,75,1,1
848,95,95,0,0
849,41,56,-15,15
850,106,117,-11,11
851,135,131,4,4
852,92,98,-6,6
853,91,98,-7,7
854,112,112,0,0
855,84,86,-2,2
856,77,72,5,5
857,29,61,-32,32
858,64,70,-6,6
859,143,127,16,16
860,59,61,-2,2
861,155,151,4,4
862,207,170,37,37
863,129,119,10,10
864,115,110,5,5
865,108,98,10,10
866,162,147,15,15
867,69,76,-7,7
868,62,74,-12,12
869,79,96,-17,17
870,57,61,-4,4
871,90,90,0,0
872,98,95,3,3
873,108,108,0,0
874,80,100,-20,20
875,114,108,6,6
876,57,59,-2,2
877,41,109,-68,68
878,90,87,3,3
879,84,73,11,11
880,87,87,0,0
881,70,81,-11,11
882,109,114,-5,5
883,76,76,0,0
884,62,54,8,8
885,83,78,5,5
886,124,131,-7,7
887,122,124,-2,2
888,55,61,-6,6
889,108,115,-7,7
890,109,112,-3,3
891,52,69,-17,17
892,134,119,15,15
893,60,57,3,3
894,71,73,-2,2
895,123,115,8,8
896,60,67,-7,7
897,140,131,9,9
898,109,98,11,11
899,150,175,-25,25
900,74,77,-3,3
901,94,84,10,10
902,71,75,-4,4
903,139,132,7,7
904,87,97,-10,10
905,72,75,-3,3
906,53,57,-4,4
907,163,147,16,16
908,111,98,13,13
909,70,65,5,5
910,46,51,-5,5
911,138,133,5,5
912,127,124,3,3
913,70,74,-4,4
914,107,117,-10,10
915,64,65,-1,1
916,69,79,-10,10
917,196,186,10,10
918,136,136,0,0
919,52,56,-4,4
920,79,83,-4,4
921,109,114,-5,5
922,78,79,-1,1
923,115,113,2,2
924,77,80,-3,3
925,110,108,2,2
926,74,72,2,2
927,49,55,-6,6
928,55,60,-5,5
929,145,135,10,10
930,119,119,0,0
931,96,93,3,3
932,196,189,7,7
933,72,77,-5,5
934,90,101,-11,11
935,62,105,-43,43
936,118,105,13,13
937,137,142,-5,5
938,79,80,-1,1
939,152,142,10,10
940,87,96,-9,9
941,112,112,0,0
942,62,67,-5,5
943,72,76,-4,4
944,109,107,2,2
945,83,79,4,4
946,68,68,0,0
947,97,99,-2,2
948,59,63,-4,4
949,173,157,16,16
950,73,72,1,1
951,85,89,-4,4
952,62,67,-5,5
953,75,72,3,3
954,90,94,-4,4
955,93,97,-4,4
956,98,99,-1,1
957,116,113,3,3
958,50,52,-2,2
959,106,110,-4,4
960,114,106,8,8
961,98,90,8,8
962,184,181,3,3
963,69,75,-6,6
964,147,143,4,4
965,29,61,-32,32
966,108,116,-8,8
967,65,71,-6,6
968,96,97,-1,1
969,84,90,-6,6
970,70,70,0,0
971,162,156,6,6
972,112,115,-3,3
973,71,71,0,0
974,139,128,11,11
975,72,79,-7,7
976,68,73,-5,5
977,76,79,-3,3
978,87,82,5,5
979,52,55,-3,3
980,115,114,1,1
981,161,151,10,10
982,88,77,11,11
983,107,102,5,5
984,84,78,6,6
985,90,84,6,6
986,55,63,-8,8
987,138,128,10,10
988,90,87,3,3
989,114,108,6,6
990,111,126,-15,15
991,44,49,-5,5
992,111,117,-6,6
993,128,111,17,17
994,98,98,0,0
995,93,85,8,8
996,74,74,0,0
997,130,128,2,2
998,82,95,-13,13
999,178,157,21,21
1000,42,51,-9,9
1001,96,90,6,6
1002,39,57,-18,18
1003,75,80,-5,5
1004,147,142,5,5
1005,102,106,-4,4
1006,212,193,19,19
1007,64,68,-4,4
1008,91,89,2,2
1009,39,46,-7,7
1010,92,100,-8,8
1011,159,149,10,10
1012,119,112,7,7
1013,128,125,3,3
1014,125,121,4,4
1015,63,68,-5,5
1016,117,116,1,1
1017,117,118,-1,1
1018,35,41,-6,6
1019,108,109,-1,1
1020,108,104,4,4
1021,77,76,1,1
1022,88,85,3,3
1023,45,58,-13,13
1024,88,100,-12,12
1025,110,102,8,8
1026,93,87,6,6
1027,77,83,-6,6
1028,144,133,11,11
1029,63,71,-8,8
1030,56,57,-1,1
1031,143,133,10,10
1032,119,129,-10,10
1033,85,79,6,6
1034,94,91,3,3
1035,115,123,-8,8
1036,117,117,0,0
1037,71,69,2,2
1038,79,80,-1,1
1039,119,86,33,33
1040,78,77,1,1
1041,101,115,-14,14
1042,89,97,-8,8
1043,91,97,-6,6
1044,112,108,4,4
1045,131,133,-2,2
1046,43,55,-12,12
1047,162,155,7,7
1048,55,61,-6,6
1049,116,119,-3,3
1050,49,56,-7,7
1051,88,79,9,9
1052,108,104,4,4
1053,72,69,3,3
1054,115,112,3,3
1055,55,62,-7,7
1056,146,135,11,11
1057,97,78,19,19
1058,81,79,2,2
1059,146,135,11,11
1060,133,124,9,9
1061,62,69,-7,7
1062,148,144,4,4
1063,98,88,10,10
1064,81,72,9,9
1065,73,76,-3,3
1066,81,73,8,8
1067,148,138,10,10
1068,141,127,14,14
1069,56,55,1,1
1070,123,118,5,5
1071,83,77,6,6
1072,117,117,0,0
1073,99,98,1,1
1074,99,105,-6,6
1075,64,66,-2,2
1076,92,85,7,7
1077,40,42,-2,2
1078,183,177,6,6
1079,44,59,-15,15
1080,115,113,2,2
1081,49,56,-7,7
1082,127,120,7,7
1083,155,148,7,7
1084,81,91,-10,10
1085,92,84,8,8
1086,74,67,7,7
1087,108,109,-1,1
1088,57,62,-5,5
1089,61,68,-7,7
1090,125,133,-8,8
1091,97,88,9,9
1092,60,96,-36,36
1093,78,77,1,1
1094,71,80,-9,9
1095,84,83,1,1
1096,177,163,14,14
1097,80,77,3,3
1098,130,133,-3,3
1099,81,84,-3,3
1100,88,92,-4,4
1101,56,59,-3,3
1102,149,139,10,10
1103,92,80,12,12
1104,90,89,1,1
1105,45,55,-10,10
1106,63,73,-10,10
1107,92,95,-3,3
1108,124,124,0,0
1109,140,137,3,3
1110,122,131,-9,9
1111,47,56,-9,9
1112,67,74,-7,7
1113,199,180,19,19
1114,110,129,-19,19
1115,78,84,-6,6
1116,42,51,-9,9
1117,51,59,-8,8
1118,183,160,23,23
1119,160,159,1,1
1120,117,116,1,1
1121,70,74,-4,4
1122,90,82,8,8
1123,101,110,-9,9
1124,73,76,-3,3
1125,64,68,-4,4
1126,69,71,-2,2
1127,98,98,0,0
1128,121,120,1,1
1129,83,82,1,1
1130,170,167,3,3
1131,80,80,0,0
1132,68,72,-4,4
1133,130,141,-11,11
1134,66,73,-7,7
1135,65,83,-18,18
1136,95,95,0,0
1137,99,100,-1,1
1138,95,117,-22,22
1139,174,163,11,11
1140,154,134,20,20
1141,121,112,9,9
1142,109,99,10,10
1143,87,105,-18,18
1144,61,55,6,6
1145,96,98,-2,2
1146,96,98,-2,2
1147,118,114,4,4
1148,97,88,9,9
1149,105,102,3,3
1150,87,83,4,4
1151,104,101,3,3
1152,80,87,-7,7
1153,54,61,-7,7
1154,92,88,4,4
1155,48,57,-9,9
1156,78,82,-4,4
1157,136,120,16,16
1158,139,131,8,8
1159,61,112,-51,51
1160,83,83,0,0
1161,103,113,-10,10
1162,128,126,2,2
1163,131,124,7,7
1164,76,71,5,5
1165,74,68,6,6
1166,135,134,1,1
1167,73,77,-4,4
1168,115,118,-3,3
1169,81,87,-6,6
1170,140,130,10,10
1171,69,75,-6,6
1172,46,57,-11,11
1173,109,102,7,7
1174,197,176,21,21
1175,111,123,-12,12
1176,100,99,1,1
1177,77,76,1,1
1178,66,72,-6,6
1179,67,71,-4,4
1180,120,135,-15,15
1181,349,330,19,19
1182,78,74,4,4
1183,118,125,-7,7
1184,51,66,-15,15
1185,82,86,-4,4
1186,49,52,-3,3
1187,72,74,-2,2
1188,112,59,53,53
1189,140,120,20,20
1190,69,65,4,4
1191,94,100,-6,6
1192,69,71,-2,2
1193,96,100,-4,4
1194,77,115,-38,38
1195,92,104,-12,12
1196,141,144,-3,3
1197,94,94,0,0
1198,92,82,10,10
1199,96,118,-22,22
1200,69,66,3,3
1201,35,53,-18,18
1202,78,77,1,1
1203,113,115,-2,2
1204,99,93,6,6
1205,108,105,3,3
1206,118,113,5,5
1207,95,90,5,5
1208,106,111,-5,5
1209,101,81,20,20
1210,77,88,-11,11
1211,97,91,6,6
1212,86,83,3,3
1213,60,65,-5,5
1214,101,111,-10,10
1215,105,98,7,7
1216,73,75,-2,2
1217,90,85,5,5
1218,121,111,10,10
1219,80,84,-4,4
1220,85,96,-11,11
1221,158,155,3,3
1222,75,79,-4,4
1223,70,76,-6,6
1224,66,72,-6,6
1225,107,102,5,5
1226,182,177,5,5
1227,134,129,5,5
1228,103,96,7,7
1229,69,75,-6,6
1230,95,87,8,8
1231,33,37,-4,4
1232,58,62,-4,4
1233,63,71,-8,8
1234,115,102,13,13
1235,111,101,10,10
1236,128,115,13,13
1237,141,130,11,11
1238,50,59,-9,9
1239,129,115,14,14
1240,49,62,-13,13
1241,91,85,6,6
1242,131,120,11,11
1243,120,107,13,13
1244,91,90,1,1
1245,108,110,-2,2
1246,70,74,-4,4
1247,51,56,-5,5
1248,92,99,-7,7
1249,77,77,0,0
1250,149,138,11,11
1251,117,112,5,5
1252,144,144,0,0
1253,82,74,8,8
1254,107,109,-2,2
1255,51,56,-5,5
1256,55,63,-8,8
1257,101,101,0,0
1258,99,93,6,6
1259,114,105,9,9
1260,55,66,-11,11
1261,83,79,4,4
1262,174,166,8,8
1263,136,130,6,6
1264,89,93,-4,4
1265,67,75,-8,8
1266,81,82,-1,1
1267,122,126,-4,4
1268,74,82,-8,8
1269,149,169,-20,20
1270,62,70,-8,8
1271,64,71,-7,7
1272,85,86,-1,1
1273,163,142,21,21
1274,72,74,-2,2
1275,62,63,-1,1
1276,50,59,-9,9
1277,57,66,-9,9
1278,82,93,-11,11
1279,58,63,-5,5
1280,51,56,-5,5
1281,63,69,-6,6
1282,125,136,-11,11
1283,78,83,-5,5
1284,57,61,-4,4
1285,65,66,-1,1
1286,111,117,-6,6
1287,90,84,6,6
1288,107,106,1,1
1289,81,77,4,4
1290,133,116,17,17
1291,111,121,-10,10
1292,64,76,-12,12
1293,56,76,-20,20
1294,51,59,-8,8
1295,64,67,-3,3
1296,156,153,3,3
1297,96,106,-10,10
1298,94,84,10,10
1299,65,93,-28,28
1300,167,157,10,10
1301,44,50,-6,6
1302,255,222,33,33
1303,80,77,3,3
1304,142,129,13,13
1305,73,65,8,8
1306,114,106,8,8
1307,81,73,8,8
1308,66,68,-2,2
1309,91,89,2,2
1310,106,96,10,10
1311,84,92,-8,8
1312,120,119,1,1
1313,115,112,3,3
1314,130,124,6,6
1315,192,193,-1,1
1316,150,141,9,9
1317,87,86,1,1
1318,69,72,-3,3
1319,170,176,-6,6
1320,99,97,2,2
1321,72,79,-7,7
1322,106,99,7,7
1323,142,119,23,23
1324,44,51,-7,7
1325,87,96,-9,9
1326,72,76,-4,4
1327,116,107,9,9
1328,66,70,-4,4
1329,43,42,1,1
1330,145,142,3,3
1331,92,87,5,5
1332,86,89,-3,3
1333,87,96,-9,9
1334,71,70,1,1
1335,136,127,9,9
1336,73,78,-5,5
1337,81,88,-7,7
1338,65,62,3,3
1339,97,84,13,13
1340,61,66,-5,5
1341,76,70,6,6
1342,55,56,-1,1
1343,100,94,6,6
1344,120,121,-1,1
1345,110,122,-12,12
1346,103,108,-5,5
1347,57,62,-5,5
1348,95,82,13,13
1349,82,88,-6,6
1350,105,115,-10,10
1351,68,74,-6,6
1352,177,163,14,14
1353,97,98,-1,1
1354,150,129,21,21
1355,38,45,-7,7
1356,85,80,5,5
1357,79,82,-3,3
1358,78,83,-5,5
1359,98,100,-2,2
1360,138,130,8,8
1361,92,84,8,8
1362,110,108,2,2
1363,135,142,-7,7
1364,96,97,-1,1
1365,107,101,6,6
1366,84,87,-3,3
1367,82,79,3,3
1368,87,106,-19,19
1369,58,64,-6,6
1370,55,55,0,0
1371,69,76,-7,7
1372,193,179,14,14
1373,102,108,-6,6
1374,105,99,6,6
1375,74,88,-14,14
1376,122,142,-20,20
1377,85,83,2,2
1378,103,101,2,2
1379,139,129,10,10
1380,91,84,7,7
1381,84,97,-13,13
1382,155,143,12,12
1383,73,74,-1,1
1384,141,128,13,13
1385,70,68,2,2
1386,93,85,8,8
1387,100,94,6,6
1388,96,92,4,4
1389,56,63,-7,7
1390,93,117,-24,24
1391,97,121,-24,24
1392,43,50,-7,7
1393,58,61,-3,3
1394,107,102,5,5
1395,118,116,2,2
1396,64,58,6,6
1397,114,99,15,15
1398,84,80,4,4
1399,68,71,-3,3
1400,170,152,18,18
1401,121,116,5,5
1402,180,173,7,7
1403,81,82,-1,1
1404,131,124,7,7
1405,166,157,9,9
1406,83,84,-1,1
1407,107,97,10,10
1408,95,97,-2,2
1409,88,77,11,11
1410,149,139,10,10
1411,160,156,4,4
1412,112,109,3,3
1413,145,143,2,2
1414,38,32,6,6
1415,104,100,4,4
1416,125,131,-6,6
1417,86,83,3,3
1418,105,100,5,5
1419,44,56,-12,12
1420,116,104,12,12
1421,136,127,9,9
1422,149,139,10,10
1423,135,108,27,27
1424,51,47,4,4
1425,94,105,-11,11
1426,88,101,-13,13
1427,128,128,0,0
1428,148,142,6,6
1429,103,114,-11,11
1430,59,64,-5,5
1431,75,75,0,0
1432,83,83,0,0
1433,73,74,-1,1
1434,75,97,-22,22
1435,74,79,-5,5
1436,85,83,2,2
1437,74,70,4,4
1438,99,101,-2,2
1439,122,123,-1,1
1440,130,130,0,0
1441,61,67,-6,6
1442,48,54,-6,6
1443,111,117,-6,6
1444,58,58,0,0
1445,61,76,-15,15
1446,129,128,1,1
1447,55,58,-3,3
1448,159,149,10,10
1449,81,81,0,0
1450,44,56,-12,12
1451,64,63,1,1
1452,105,99,6,6
1453,131,129,2,2
1454,188,175,13,13
1455,107,101,6,6
1456,74,77,-3,3
1457,155,171,-16,16
1458,93,86,7,7
1459,125,124,1,1
1460,113,118,-5,5
1461,81,79,2,2
1462,73,73,0,0
1463,78,76,2,2
1464,124,107,17,17
1465,68,75,-7,7
1466,90,90,0,0
1467,108,99,9,9
1468,73,74,-1,1
1469,92,87,5,5
1470,118,117,1,1
1471,70,67,3,3
1472,98,99,-1,1
1473,70,68,2,2
1474,72,75,-3,3
1475,107,97,10,10
1476,112,111,1,1
1477,118,113,5,5
1478,86,85,1,1
1479,114,100,14,14
1480,121,113,8,8
1481,120,111,9,9
1482,275,220,55,55
1483,98,87,11,11
1484,95,105,-10,10
1485,80,74,6,6
1486,126,127,-1,1
1487,98,98,0,0
1488,133,145,-12,12
1489,61,67,-6,6
1490,129,119,10,10
1491,117,115,2,2
1492,54,77,-23,23
1493,54,60,-6,6
1494,48,58,-10,10
1495,85,82,3,3
1496,56,77,-21,21
1497,77,88,-11,11
1498,140,126,14,14
1499,69,74,-5,5
1500,88,88,0,0
1501,107,104,3,3
1502,81,81,0,0
1503,134,122,12,12
1504,80,81,-1,1
1505,121,114,7,7
1506,111,108,3,3
1507,72,77,-5,5
1508,155,155,0,0
1509,61,67,-6,6
1510,70,76,-6,6
1511,55,60,-5,5
1512,74,75,-1,1
1513,151,146,5,5
1514,38,48,-10,10
1515,164,186,-22,22
1516,66,76,-10,10
1517,58,61,-3,3
1518,66,69,-3,3
1519,116,105,11,11
1520,71,86,-15,15
1521,99,100,-1,1
1522,108,121,-13,13
1523,77,80,-3,3
1524,56,63,-7,7
1525,126,113,13,13
1526,117,112,5,5
1527,71,68,3,3
1528,80,75,5,5
1529,69,71,-2,2
1530,76,72,4,4
1531,137,131,6,6
1532,184,169,15,15
1533,131,123,8,8
1534,149,140,9,9
1535,95,94,1,1
1536,122,119,3,3
1537,54,57,-3,3
1538,88,91,-3,3
1539,83,87,-4,4
1540,69,75,-6,6
1541,87,100,-13,13
1542,156,155,1,1
1543,118,118,0,0
1544,55,63,-8,8
1545,83,82,1,1
1546,81,92,-11,11
1547,101,110,-9,9
1548,73,73,0,0
1549,105,107,-2,2
1550,82,87,-5,5
1551,65,67,-2,2
1552,78,78,0,0
1553,115,111,4,4
1554,133,124,9,9
1555,58,66,-8,8
1556,108,113,-5,5
1557,128,133,-5,5
1558,136,119,17,17
1559,37,50,-13,13
1560,95,101,-6,6
1561,121,115,6,6
1562,87,83,4,4
1563,100,121,-21,21
1564,89,82,7,7
1565,126,126,0,0
1566,109,118,-9,9
1567,103,102,1,1
1568,150,137,13,13
1569,94,125,-31,31
1570,148,155,-7,7
1571,60,64,-4,4
1572,70,72,-2,2
1573,131,132,-1,1
1574,70,68,2,2
1575,95,102,-7,7
1576,66,74,-8,8
1577,86,78,8,8
1578,91,85,6,6
1579,75,82,-7,7
1580,46,55,-9,9
1581,100,105,-5,5
1582,98,93,5,5
1583,92,84,8,8
1584,112,101,11,11
1585,167,154,13,13
1586,90,98,-8,8
1587,109,100,9,9
1588,93,107,-14,14
1589,61,67,-6,6
1590,123,114,9,9
1591,93,97,-4,4
1592,74,71,3,3
1593,36,43,-7,7
1594,89,83,6,6
1595,144,155,-11,11
1596,80,79,1,1
1597,114,115,-1,1
1598,106,110,-4,4
1599,57,64,-7,7
1600,70,79,-9,9
1601,112,115,-3,3
1602,92,83,9,9
1603,106,103,3,3
1604,122,125,-3,3
1605,128,124,4,4
1606,109,108,1,1
1607,75,74,1,1
1608,120,117,3,3
1609,60,60,0,0
1610,137,126,11,11
1611,78,82,-4,4
1612,93,102,-9,9
1613,91,91,0,0
1614,84,81,3,3
1615,137,132,5,5
1616,43,55,-12,12
1617,74,65,9,9
1618,77,76,1,1
1619,114,118,-4,4
1620,104,93,11,11
1621,101,103,-2,2
1622,43,48,-5,5
1623,106,103,3,3
1624,90,85,5,5
1625,114,117,-3,3
1626,82,73,9,9
1627,62,71,-9,9
1628,112,108,4,4
1629,46,59,-13,13
1630,104,89,15,15
1631,106,102,4,4
1632,62,64,-2,2
1633,123,121,2,2
1634,95,96,-1,1
1635,64,72,-8,8
1636,76,80,-4,4
1637,104,101,3,3
1638,126,119,7,7
1639,144,140,4,4
1640,119,123,-4,4
1641,74,72,2,2
1642,51,63,-12,12
1643,91,96,-5,5
1644,86,92,-6,6
1645,95,86,9,9
1646,72,74,-2,2
1647,162,149,13,13
1648,87,83,4,4
1649,91,96,-5,5
1650,122,135,-13,13
1651,70,72,-2,2
1652,106,115,-9,9
1653,89,96,-7,7
1654,59,59,0,0
1655,44,49,-5,5
1656,74,68,6,6
1657,77,80,-3,3
1658,135,124,11,11
1659,107,103,4,4
1660,64,66,-2,2
1661,52,71,-19,19
1662,61,67,-6,6
1663,74,74,0,0
1664,87,103,-16,16
1665,106,103,3,3
1666,64,68,-4,4
1667,70,74,-4,4
1668,77,76,1,1
1669,62,66,-4,4
1670,67,66,1,1
1671,109,107,2,2
1672,118,117,1,1
1673,74,80,-6,6
1674,100,96,4,4
1675,83,100,-17,17
1676,83,76,7,7
1677,121,115,6,6
1678,79,84,-5,5
1679,46,53,-7,7
1680,92,83,9,9
1681,102,99,3,3
1682,103,98,5,5
1683,64,60,4,4
1684,101,96,5,5
1685,105,100,5,5
1686,55,61,-6,6
1687,66,66,0,0
1688,60,65,-5,5
1689,62,69,-7,7
1690,150,149,1,1
1691,84,93,-9,9
1692,98,108,-10,10
1693,59,66,-7,7
1694,57,66,-9,9
1695,88,126,-38,38
1696,146,146,0,0
1697,58,64,-6,6
1698,73,69,4,4
1699,192,178,14,14
1700,58,59,-1,1
1701,97,87,10,10
1702,84,83,1,1
1703,149,142,7,7
1704,162,142,20,20
1705,53,69,-16,16
1706,48,61,-13,13
1707,103,112,-9,9
1708,64,68,-4,4
1709,85,80,5,5
1710,64,69,-5,5
1711,73,71,2,2
1712,72,70,2,2
1713,136,124,12,12
1714,103,97,6,6
1715,161,150,11,11
1716,89,88,1,1
1717,102,97,5,5
1718,66,112,-46,46
1719,87,82,5,5
1720,101,101,0,0
1721,90,99,-9,9
1722,108,113,-5,5
1723,59,67,-8,8
1724,118,111,7,7
1725,56,61,-5,5
1726,195,182,13,13
1727,70,71,-1,1
1728,90,91,-1,1
1729,108,114,-6,6
1730,118,128,-10,10
1731,74,77,-3,3
1732,115,111,4,4
1733,31,37,-6,6
1734,121,123,-2,2
1735,43,46,-3,3
1736,78,75,3,3
1737,63,69,-6,6
1738,57,58,-1,1
1739,53,62,-9,9
1740,63,68,-5,5
1741,88,86,2,2
1742,80,85,-5,5
1743,133,136,-3,3
1744,90,82,8,8
1745,130,127,3,3
1746,70,71,-1,1
1747,169,148,21,21
1748,45,56,-11,11
1749,171,162,9,9
1750,84,80,4,4
1751,95,100,-5,5
1752,73,79,-6,6
1753,59,65,-6,6
1754,82,88,-6,6
1755,101,97,4,4
1756,77,85,-8,8
1757,57,68,-11,11
1758,97,95,2,2
1759,69,73,-4,4
1760,82,72,10,10
1761,60,77,-17,17
1762,70,72,-2,2
1763,79,80,-1,1
1764,127,126,1,1
1765,92,105,-13,13
1766,119,118,1,1
1767,59,63,-4,4
1768,66,72,-6,6
1769,44,52,-8,8
1770,46,50,-4,4
1771,129,113,16,16
1772,93,83,10,10
1773,98,126,-28,28
1774,89,84,5,5
1775,74,73,1,1
1776,96,96,0,0
1777,103,97,6,6
1778,84,90,-6,6
1779,75,72,3,3
1780,167,152,15,15
1781,85,86,-1,1
1782,108,119,-11,11
1783,59,62,-3,3
1784,101,100,1,1
1785,76,76,0,0
1786,118,115,3,3
1787,67,71,-4,4
1788,53,68,-15,15
1789,108,106,2,2
1790,103,101,2,2
1791,130,140,-10,10
1792,83,84,-1,1
1793,52,65,-13,13
1794,79,85,-6,6
1795,80,84,-4,4
1796,88,70,18,18
1797,55,65,-10,10
1798,53,59,-6,6
1799,116,106,10,10
1800,103,100,3,3
1801,73,81,-8,8
1802,72,74,-2,2
1803,155,146,9,9
1804,205,199,6,6
1805,55,61,-6,6
1806,119,115,4,4
1807,93,88,5,5
1808,81,83,-2,2
1809,93,92,1,1
1810,121,121,0,0
1811,62,63,-1,1
1812,61,69,-8,8
1813,113,114,-1,1
1814,79,77,2,2
1815,130,129,1,1
1816,68,76,-8,8
1817,81,81,0,0
1818,114,105,9,9
1819,101,84,17,17
1820,63,61,2,2
1821,87,104,-17,17
1822,117,116,1,1
1823,114,114,0,0
1824,109,106,3,3
1825,96,91,5,5
1826,54,63,-9,9
1827,132,127,5,5
1828,85,95,-10,10
1829,70,70,0,0
1830,60,60,0,0
1831,68,70,-2,2
1832,48,52,-4,4
1833,75,79,-4,4
1834,126,118,8,8
1835,106,100,6,6
1836,60,65,-5,5
1837,70,67,3,3
1838,52,53,-1,1
1839,86,79,7,7
1840,74,70,4,4
1841,118,110,8,8
1842,43,55,-12,12
1843,207,203,4,4
1844,97,87,10,10
1845,78,77,1,1
1846,100,103,-3,3
1847,108,104,4,4
1848,73,73,0,0
1849,151,142,9,9
1850,45,53,-8,8
1851,81,77,4,4
1852,68,72,-4,4
1853,140,151,-11,11
1854,121,113,8,8
1855,88,104,-16,16
1856,42,53,-11,11
1857,76,77,-1,1
1858,89,83,6,6
1859,61,66,-5,5
1860,98,87,11,11
1861,78,83,-5,5
1862,54,63,-9,9
1863,128,146,-18,18
1864,160,154,6,6
1865,65,70,-5,5
1866,109,104,5,5
1867,149,155,-6,6
1868,112,106,6,6
1869,78,75,3,3
1870,61,62,-1,1
1871,82,78,4,4
1872,54,58,-4,4
1873,45,59,-14,14
1874,102,99,3,3
1875,92,95,-3,3
1876,121,119,2,2
1877,119,119,0,0
1878,84,80,4,4
1879,99,106,-7,7
1880,116,118,-2,2
1881,119,115,4,4
1882,157,153,4,4
1883,119,107,12,12
1884,92,84,8,8
1885,60,70,-10,10
1886,101,101,0,0
1887,90,96,-6,6
1888,132,139,-7,7
1889,156,155,1,1
1890,101,100,1,1
1891,88,83,5,5
1892,141,119,22,22
1893,56,65,-9,9
1894,85,77,8,8
1895,182,167,15,15
1896,127,113,14,14
1897,76,74,2,2
1898,83,79,4,4
1899,59,64,-5,5
1900,33,47,-14,14
1901,38,46,-8,8
1902,90,80,10,10
1903,87,101,-14,14
1904,81,87,-6,6
1905,123,125,-2,2
1906,111,106,5,5
1907,207,217,-10,10
1908,140,134,6,6
1909,90,85,5,5
1910,67,73,-6,6
1911,102,133,-31,31
1912,65,68,-3,3
1913,81,84,-3,3
1914,75,74,1,1
1915,93,97,-4,4
1916,87,102,-15,15
1917,183,163,20,20
1918,95,97,-2,2
1919,200,197,3,3
1920,95,97,-2,2
1921,199,182,17,17
1922,87,84,3,3
1923,56,59,-3,3
1924,55,70,-15,15
1925,90,96,-6,6
1926,64,74,-10,10
1927,57,62,-5,5
1928,179,189,-10,10
1929,78,77,1,1
1930,54,61,-7,7
1931,112,105,7,7
1932,69,84,-15,15
1933,73,80,-7,7
1934,64,68,-4,4
1935,65,73,-8,8
1936,63,66,-3,3
1937,159,147,12,12
1938,71,75,-4,4
1939,90,84,6,6
1940,116,112,4,4
1941,110,105,5,5
1942,80,83,-3,3
1943,116,125,-9,9
1944,101,105,-4,4
1945,145,141,4,4
1946,144,143,1,1
1947,163,153,10,10
1948,115,125,-10,10
1949,115,124,-9,9
1950,102,107,-5,5
1951,105,90,15,15
1952,61,63,-2,2
1953,74,76,-2,2
1954,88,88,0,0
1955,86,79,7,7
1956,98,100,-2,2
1957,113,108,5,5
1958,82,74,8,8
1959,124,113,11,11
1960,76,73,3,3
1961,137,135,2,2
1962,88,100,-12,12
1963,130,124,6,6
1964,75,70,5,5
1965,97,84,13,13
1966,114,120,-6,6
1967,92,89,3,3
1968,106,107,-1,1
1969,89,93,-4,4
1970,72,93,-21,21
1971,92,92,0,0
1972,66,69,-3,3
1973,26,29,-3,3
1974,106,102,4,4
1975,82,85,-3,3
1976,112,114,-2,2
1977,94,85,9,9
1978,106,104,2,2
1979,114,105,9,9
1980,85,99,-14,14
1981,144,145,-1,1
1982,137,124,13,13
1983,56,66,-10,10
1984,62,57,5,5
1985,65,72,-7,7
1986,71,77,-6,6
1987,78,85,-7,7
1988,66,64,2,2
1989,106,112,-6,6
1990,74,104,-30,30
1991,46,123,-77,77
1992,140,127,13,13
1993,129,124,5,5
1994,83,84,-1,1
1995,81,85,-4,4
1996,49,56,-7,7
1997,124,119,5,5
1998,42,43,-1,1
1999,89,84,5,5
2000,101,95,6,6
2001,184,196,-12,12
2002,113,111,2,2
2003,212,205,7,7
2004,120,111,9,9
2005,95,99,-4,4
2006,120,118,2,2
2007,97,95,2,2
2008,72,73,-1,1
2009,80,72,8,8
2010,87,100,-13,13
2011,100,98,2,2
2012,185,179,6,6
2013,90,90,0,0
2014,77,79,-2,2
2015,67,73,-6,6
2016,63,71,-8,8
2017,74,76,-2,2
2018,104,97,7,7
2019,129,126,3,3
2020,73,73,0,0
2021,128,123,5,5
2022,64,69,-5,5
2023,88,80,8,8
2024,47,58,-11,11
2025,68,67,1,1
2026,75,72,3,3
2027,75,74,1,1
2028,80,84,-4,4
2029,61,69,-8,8
2030,74,75,-1,1
2031,79,82,-3,3
2032,62,72,-10,10
2033,121,125,-4,4
2034,77,77,0,0
2035,104,102,2,2
2036,116,114,2,2
2037,61,75,-14,14
2038,86,81,5,5
2039,83,91,-8,8
2040,119,124,-5,5
2041,109,114,-5,5
2042,83,96,-13,13
2043,66,73,-7,7
2044,112,112,0,0
2045,110,111,-1,1
2046,115,125,-10,10
2047,97,97,0,0
2048,115,114,1,1
2049,78,83,-5,5
2050,58,63,-5,5
2051,98,102,-4,4
2052,104,99,5,5
2053,109,102,7,7
2054,143,132,11,11
2055,98,99,-1,1
2056,56,67,-11,11
2057,61,66,-5,5
2058,86,80,6,6
2059,73,73,0,0
2060,101,99,2,2
2061,165,152,13,13
2062,64,61,3,3
2063,62,63,-1,1
2064,68,70,-2,2
2065,101,103,-2,2
2066,72,80,-8,8
2067,56,62,-6,6
2068,109,101,8,8
2069,63,63,0,0
2070,48,55,-7,7
2071,134,133,1,1
2072,91,100,-9,9
2073,80,84,-4,4
2074,112,108,4,4
2075,49,58,-9,9
2076,91,84,7,7
2077,75,82,-7,7
2078,86,76,10,10
2079,142,127,15,15
2080,79,74,5,5
2081,122,127,-5,5
2082,139,135,4,4
2083,79,71,8,8
2084,184,164,20,20
2085,134,165,-31,31
2086,99,96,3,3
2087,59,70,-11,11
2088,77,81,-4,4
2089,84,81,3,3
2090,116,119,-3,3
2091,41,42,-1,1
2092,70,74,-4,4
2093,39,48,-9,9
2094,82,83,-1,1
2095,58,64,-6,6
2096,166,164,2,2
2097,71,73,-2,2
2098,119,114,5,5
2099,92,100,-8,8
2100,116,117,-1,1
2101,121,111,10,10
2102,106,104,2,2
2103,82,82,0,0
2104,137,135,2,2
2105,113,117,-4,4
2106,84,92,-8,8
2107,136,125,11,11
2108,57,63,-6,6
2109,142,132,10,10
2110,55,57,-2,2
2111,82,80,2,2
2112,208,192,16,16
2113,101,88,13,13
2114,156,161,-5,5
2115,175,155,20,20
2116,137,119,18,18
2117,105,118,-13,13
2118,84,87,-3,3
2119,78,83,-5,5
2120,115,103,12,12
2121,74,73,1,1
2122,67,69,-2,2
2123,46,55,-9,9
2124,123,118,5,5
2125,68,68,0,0
2126,110,116,-6,6
2127,95,93,2,2
2128,77,84,-7,7
2129,86,97,-11,11
2130,62,62,0,0
2131,91,82,9,9
2132,76,76,0,0
2133,92,77,15,15
2134,98,90,8,8
2135,108,104,4,4
2136,142,138,4,4
2137,111,83,28,28
2138,96,101,-5,5
2139,86,85,1,1
2140,138,131,7,7
2141,89,94,-5,5
2142,149,128,21,21
2143,82,84,-2,2
2144,135,131,4,4
2145,94,91,3,3
2146,79,79,0,0
2147,84,84,0,0
2148,44,80,-36,36
2149,46,63,-17,17
2150,96,94,2,2
2151,114,114,0,0
2152,57,64,-7,7
2153,79,76,3,3
2154,78,88,-10,10
2155,117,138,-21,21
2156,98,88,10,10
2157,57,58,-1,1
2158,99,93,6,6
2159,97,91,6,6
2160,98,92,6,6
2161,70,70,0,0
2162,102,107,-5,5
2163,82,84,-2,2
2164,81,80,1,1
2165,69,72,-3,3
2166,66,65,1,1
2167,97,84,13,13
2168,86,87,-1,1
2169,58,61,-3,3
2170,83,92,-9,9
2171,78,77,1,1
2172,64,63,1,1
2173,127,99,28,28
2174,73,64,9,9
2175,70,81,-11,11
2176,93,94,-1,1
2177,116,115,1,1
2178,103,92,11,11
2179,44,52,-8,8
2180,84,98,-14,14
2181,116,100,16,16
2182,102,110,-8,8
2183,56,57,-1,1
2184,117,112,5,5
2185,111,112,-1,1
2186,82,91,-9,9
2187,115,110,5,5
2188,96,104,-8,8
2189,137,117,20,20
2190,111,109,2,2
2191,63,70,-7,7
2192,65,65,0,0
2193,57,60,-3,3
2194,82,72,10,10
2195,64,84,-20,20
2196,100,98,2,2
2197,68,66,2,2
2198,57,64,-7,7
2199,76,71,5,5
2200,138,130,8,8
2201,61,71,-10,10
2202,80,87,-7,7
2203,98,102,-4,4
2204,137,139,-2,2
2205,101,95,6,6
2206,122,123,-1,1
2207,75,83,-8,8
2208,118,114,4,4
2209,87,91,-4,4
2210,116,114,2,2
2211,97,99,-2,2
2212,147,161,-14,14
2213,74,72,2,2
2214,55,64,-9,9
2215,110,101,9,9
2216,93,95,-2,2
2217,64,74,-10,10
2218,105,112,-7,7
2219,70,101,-31,31
2220,92,85,7,7
2221,63,68,-5,5
2222,93,91,2,2
2223,60,71,-11,11
2224,82,82,0,0
2225,108,106,2,2
2226,118,113,5,5
2227,167,165,2,2
2228,112,112,0,0
2229,85,85,0,0
2230,77,93,-16,16
2231,105,108,-3,3
2232,144,141,3,3
2233,159,154,5,5
2234,68,69,-1,1
2235,42,46,-4,4
2236,111,130,-19,19
2237,67,78,-11,11
2238,135,127,8,8
2239,45,59,-14,14
2240,79,76,3,3
2241,117,119,-2,2
2242,94,90,4,4
2243,44,78,-34,34
2244,94,102,-8,8
2245,140,128,12,12
2246,98,94,4,4
2247,66,72,-6,6
2248,63,71,-8,8
2249,65,74,-9,9
2250,104,111,-7,7
2251,92,98,-6,6
2252,86,87,-1,1
2253,81,81,0,0
2254,77,86,-9,9
2255,78,79,-1,1
2256,48,60,-12,12
2257,39,44,-5,5
2258,47,48,-1,1
2259,94,106,-12,12
2260,161,153,8,8
2261,72,64,8,8
2262,35,47,-12,12
2263,89,101,-12,12
2264,69,94,-25,25
2265,102,109,-7,7
2266,79,100,-21,21
2267,107,100,7,7
2268,111,126,-15,15
2269,95,99,-4,4
2270,102,105,-3,3
2271,89,96,-7,7
2272,65,65,0,0
2273,108,105,3,3
2274,57,71,-14,14
2275,103,101,2,2
2276,151,129,22,22
2277,184,173,11,11
2278,78,76,2,2
2279,185,158,27,27
2280,63,72,-9,9
2281,131,131,0,0
2282,155,137,18,18
2283,87,81,6,6
2284,136,132,4,4
2285,104,107,-3,3
2286,54,58,-4,4
2287,107,111,-4,4
2288,64,65,-1,1
2289,68,73,-5,5
2290,90,94,-4,4
2291,65,74,-9,9
2292,86,94,-8,8
2293,78,77,1,1
2294,72,69,3,3
2295,50,63,-13,13
2296,107,107,0,0
2297,101,230,-129,129
2298,104,102,2,2
2299,47,55,-8,8
2300,87,84,3,3
2301,102,106,-4,4
2302,103,96,7,7
2303,62,59,3,3
2304,57,62,-5,5
2305,68,73,-5,5
2306,109,110,-1,1
2307,80,88,-8,8
2308,76,80,-4,4
2309,97,100,-3,3
2310,83,79,4,4
2311,116,113,3,3
2312,72,70,2,2
2313,49,60,-11,11
2314,108,115,-7,7
2315,106,97,9,9
2316,135,124,11,11
2317,115,118,-3,3
2318,111,101,10,10
2319,95,85,10,10
2320,56,70,-14,14
2321,154,133,21,21
2322,106,106,0,0
2323,71,74,-3,3
2324,92,84,8,8
2325,96,85,11,11
2326,75,79,-4,4
2327,127,113,14,14
2328,66,71,-5,5
2329,78,78,0,0
2330,148,147,1,1
2331,95,94,1,1
2332,145,124,21,21
2333,80,84,-4,4
2334,48,53,-5,5
2335,73,81,-8,8
2336,128,132,-4,4
2337,38,52,-14,14
2338,180,174,6,6
2339,63,67,-4,4
2340,60,64,-4,4
2341,149,148,1,1
2342,97,102,-5,5
2343,57,67,-10,10
2344,158,142,16,16
2345,85,87,-2,2
2346,83,76,7,7
2347,145,135,10,10
2348,76,77,-1,1
2349,107,103,4,4
2350,177,167,10,10
2351,106,97,9,9
2352,73,77,-4,4
2353,43,53,-10,10
2354,141,124,17,17
2355,100,107,-7,7
2356,81,103,-22,22
2357,267,224,43,43
2358,69,73,-4,4
2359,114,116,-2,2
2360,110,109,1,1
2361,107,109,-2,2
2362,95,86,9,9
2363,92,85,7,7
2364,166,148,18,18
2365,83,86,-3,3
2366,140,132,8,8
2367,102,98,4,4
2368,82,86,-4,4
2369,88,96,-8,8
2370,129,113,16,16
2371,171,186,-15,15
2372,53,57,-4,4
2373,139,118,21,21
2374,131,120,11,11
2375,137,126,11,11
2376,65,69,-4,4
2377,83,84,-1,1
2378,191,195,-4,4
2379,65,63,2,2
2380,197,188,9,9
2381,101,100,1,1
2382,147,144,3,3
2383,159,156,3,3
2384,46,54,-8,8
2385,151,143,8,8
2386,104,98,6,6
2387,132,137,-5,5
2388,67,68,-1,1
2389,80,77,3,3
2390,198,187,11,11
2391,116,131,-15,15
2392,72,111,-39,39
2393,152,139,13,13
2394,63,75,-12,12
2395,61,67,-6,6
2396,112,108,4,4
2397,96,86,10,10
2398,90,84,6,6
2399,118,120,-2,2
2400,102,108,-6,6
2401,65,67,-2,2
2402,93,97,-4,4
2403,64,66,-2,2
2404,88,112,-24,24
2405,116,112,4,4
2406,94,106,-12,12
2407,96,106,-10,10
2408,83,105,-22,22
2409,125,125,0,0
2410,71,68,3,3
2411,147,157,-10,10
2412,117,120,-3,3
2413,125,124,1,1
2414,65,65,0,0
2415,69,76,-7,7
2416,72,74,-2,2
2417,80,83,-3,3
2418,73,73,0,0
2419,62,68,-6,6
2420,126,123,3,3
2421,56,61,-5,5
2422,90,97,-7,7
2423,95,101,-6,6
2424,67,72,-5,5
2425,37,45,-8,8
2426,128,120,8,8
2427,63,63,0,0
2428,32,37,-5,5
2429,63,62,1,1
2430,42,60,-18,18
2431,90,96,-6,6
2432,58,64,-6,6
2433,159,140,19,19
2434,114,123,-9,9
2435,76,77,-1,1
2436,71,73,-2,2
2437,91,93,-2,2
2438,144,130,14,14
2439,71,70,1,1
2440,70,76,-6,6
2441,109,112,-3,3
2442,86,85,1,1
2443,114,115,-1,1
2444,66,61,5,5
2445,92,83,9,9
2446,71,71,0,0
2447,92,88,4,4
2448,137,154,-17,17
2449,73,86,-13,13
2450,73,76,-3,3
2451,101,93,8,8
2452,119,113,6,6
2453,97,98,-1,1
2454,110,105,5,5
2455,69,69,0,0
2456,81,77,4,4
2457,67,72,-5,5
2458,139,129,10,10
2459,88,89,-1,1
2460,114,111,3,3
2461,64,65,-1,1
2462,86,83,3,3
2463,122,116,6,6
2464,122,113,9,9
2465,94,86,8,8
2466,128,128,0,0
2467,83,81,2,2
2468,92,92,0,0
2469,175,171,4,4
2470,141,142,-1,1
2471,72,78,-6,6
2472,135,143,-8,8
2473,84,80,4,4
2474,123,117,6,6
2475,113,113,0,0
2476,135,129,6,6
2477,83,83,0,0
2478,58,67,-9,9
2479,146,146,0,0
2480,123,124,-1,1
2481,50,57,-7,7
2482,67,77,-10,10
2483,80,85,-5,5
2484,136,129,7,7
2485,165,159,6,6
2486,84,77,7,7
2487,107,102,5,5
2488,151,150,1,1
2489,111,113,-2,2
2490,51,62,-11,11
2491,78,83,-5,5
2492,145,124,21,21
2493,54,63,-9,9
2494,86,82,4,4
2495,93,92,1,1
2496,117,109,8,8
2497,52,60,-8,8
2498,84,91,-7,7
2499,196,194,2,2
2500,70,62,8,8
2501,166,164,2,2
2502,103,93,10,10
2503,67,80,-13,13
2504,54,60,-6,6
2505,91,88,3,3
2506,124,125,-1,1
2507,80,78,2,2
2508,111,114,-3,3
2509,108,97,11,11
2510,134,141,-7,7
2511,98,98,0,0
2512,64,85,-21,21
2513,73,75,-2,2
2514,94,98,-4,4
2515,61,75,-14,14
2516,90,99,-9,9
2517,102,100,2,2
2518,150,138,12,12
2519,97,103,-6,6
2520,76,74,2,2
2521,58,63,-5,5
2522,90,77,13,13
2523,70,70,0,0
2524,65,71,-6,6
2525,78,79,-1,1
2526,53,63,-10,10
2527,83,77,6,6
2528,103,76,27,27
2529,74,73,1,1
2530,173,166,7,7
2531,63,69,-6,6
2532,104,104,0,0
2533,96,102,-6,6
2534,110,119,-9,9
2535,83,79,4,4
2536,89,93,-4,4
2537,95,104,-9,9
2538,74,83,-9,9
2539,55,58,-3,3
2540,117,115,2,2
2541,32,29,3,3
2542,64,73,-9,9
2543,103,91,12,12
2544,121,124,-3,3
2545,129,118,11,11
2546,90,102,-12,12
2547,119,144,-25,25
2548,105,98,7,7
2549,78,76,2,2
2550,159,144,15,15
2551,73,77,-4,4
2552,128,125,3,3
2553,149,149,0,0
2554,129,112,17,17
2555,87,95,-8,8
2556,69,76,-7,7
2557,120,117,3,3
2558,57,61,-4,4
2559,107,115,-8,8
2560,56,60,-4,4
2561,128,87,41,41
2562,153,137,16,16
2563,114,122,-8,8
2564,96,104,-8,8
2565,111,105,6,6
2566,130,131,-1,1
2567,88,92,-4,4
2568,75,77,-2,2
2569,85,94,-9,9
2570,105,104,1,1
2571,48,56,-8,8
2572,98,96,2,2
2573,62,72,-10,10
2574,142,134,8,8
2575,91,76,15,15
2576,85,84,1,1
2577,67,67,0,0
2578,116,112,4,4
2579,82,90,-8,8
2580,136,137,-1,1
2581,145,125,20,20
2582,76,80,-4,4
2583,46,56,-10,10
2584,112,130,-18,18
2585,119,123,-4,4
2586,75,95,-20,20
2587,58,70,-12,12
2588,90,98,-8,8
2589,106,114,-8,8
2590,117,113,4,4
2591,97,97,0,0
2592,142,153,-11,11
2593,156,149,7,7
2594,136,93,43,43
2595,73,82,-9,9
2596,98,86,12,12
2597,79,85,-6,6
2598,130,131,-1,1
2599,114,118,-4,4
2600,122,120,2,2
2601,87,79,8,8
2602,136,125,11,11
2603,157,144,13,13
2604,53,60,-7,7
2605,106,102,4,4
2606,62,69,-7,7
2607,87,93,-6,6
2608,75,72,3,3
2609,71,75,-4,4
2610,87,84,3,3
2611,81,80,1,1
2612,110,103,7,7
2613,119,117,2,2
2614,103,101,2,2
2615,65,63,2,2
2616,137,123,14,14
2617,66,77,-11,11
2618,78,75,3,3
2619,93,99,-6,6
2620,117,112,5,5
2621,95,97,-2,2
2622,88,81,7,7
2623,102,91,11,11
2624,49,56,-7,7
2625,82,76,6,6
2626,70,74,-4,4
2627,78,84,-6,6
2628,75,72,3,3
2629,80,82,-2,2
2630,133,126,7,7
2631,82,80,2,2
2632,147,113,34,34
2633,174,163,11,11
2634,65,70,-5,5
2635,95,92,3,3
2636,105,96,9,9
2637,72,70,2,2
2638,78,81,-3,3
2639,137,135,2,2
2640,153,142,11,11
2641,131,148,-17,17
2642,53,60,-7,7
2643,88,80,8,8
2644,74,77,-3,3
2645,62,64,-2,2
2646,97,107,-10,10
2647,121,117,4,4
2648,106,110,-4,4
2649,76,105,-29,29
2650,103,105,-2,2
2651,87,79,8,8
2652,67,67,0,0
2653,68,91,-23,23
2654,123,112,11,11
2655,68,66,2,2
2656,115,114,1,1
2657,116,107,9,9
2658,95,88,7,7
2659,57,65,-8,8
2660,106,100,6,6
2661,85,86,-1,1
2662,106,95,11,11
2663,87,82,5,5
2664,86,88,-2,2
2665,84,85,-1,1
2666,60,63,-3,3
2667,99,104,-5,5
2668,84,103,-19,19
2669,60,64,-4,4
2670,134,117,17,17
2671,130,130,0,0
2672,78,73,5,5
2673,62,66,-4,4
2674,90,79,11,11
2675,105,113,-8,8
2676,104,107,-3,3
2677,102,98,4,4
2678,125,125,0,0
2679,74,66,8,8
2680,100,97,3,3
2681,103,111,-8,8
2682,77,72,5,5
2683,86,84,2,2
2684,97,102,-5,5
2685,81,85,-4,4
2686,88,93,-5,5
2687,52,62,-10,10
2688,59,71,-12,12
2689,89,84,5,5
2690,51,69,-18,18
2691,45,59,-14,14
2692,103,112,-9,9
2693,70,78,-8,8
2694,148,144,4,4
2695,91,100,-9,9
2696,45,52,-7,7
2697,146,151,-5,5
2698,119,120,-1,1
2699,107,112,-5,5
2700,170,153,17,17
2701,62,66,-4,4
2702,130,112,18,18
2703,40,62,-22,22
2704,91,85,6,6
2705,61,67,-6,6
2706,72,68,4,4
2707,113,113,0,0
2708,120,104,16,16
2709,52,59,-7,7
2710,43,57,-14,14
2711,63,65,-2,2
2712,106,111,-5,5
2713,109,111,-2,2
2714,136,138,-2,2
2715,100,100,0,0
2716,58,65,-7,7
2717,64,69,-5,5
2718,135,136,-1,1
2719,125,125,0,0
2720,91,110,-19,19
2721,81,85,-4,4
2722,53,57,-4,4
2723,120,117,3,3
2724,96,103,-7,7
2725,42,42,0,0
2726,122,122,0,0
2727,67,64,3,3
2728,97,89,8,8
2729,65,68,-3,3
2730,86,90,-4,4
2731,72,72,0,0
2732,62,64,-2,2
2733,72,71,1,1
2734,83,74,9,9
2735,129,128,1,1
2736,109,107,2,2
2737,72,85,-13,13
2738,78,80,-2,2
2739,175,180,-5,5
2740,125,122,3,3
2741,65,61,4,4
2742,122,120,2,2
2743,79,80,-1,1
2744,35,51,-16,16
2745,86,93,-7,7
2746,120,112,8,8
2747,96,97,-1,1
2748,152,149,3,3
2749,114,118,-4,4
2750,94,100,-6,6
2751,67,69,-2,2
2752,94,98,-4,4
2753,145,125,20,20
2754,52,60,-8,8
2755,108,109,-1,1
2756,86,97,-11,11
2757,91,94,-3,3
2758,132,126,6,6
2759,160,158,2,2
2760,94,86,8,8
2761,136,125,11,11
2762,46,51,-5,5
2763,76,71,5,5
2764,66,74,-8,8
2765,72,74,-2,2
2766,102,103,-1,1
2767,77,79,-2,2
2768,56,63,-7,7
2769,139,143,-4,4
2770,217,199,18,18
2771,105,105,0,0
2772,86,80,6,6
2773,172,159,13,13
2774,131,129,2,2
2775,141,135,6,6
2776,85,89,-4,4
2777,68,66,2,2
2778,90,93,-3,3
2779,75,76,-1,1
2780,82,83,-1,1
2781,76,72,4,4
2782,92,93,-1,1
2783,76,76,0,0
2784,108,105,3,3
2785,99,96,3,3
2786,65,72,-7,7
2787,101,113,-12,12
2788,196,182,14,14
2789,80,85,-5,5
2790,130,132,-2,2
2791,57,73,-16,16
2792,105,97,8,8
2793,83,84,-1,1
2794,75,91,-16,16
2795,37,49,-12,12
2796,92,100,-8,8
2797,70,70,0,0
2798,35,35,0,0
2799,120,112,8,8
2800,87,75,12,12
2801,56,56,0,0
2802,84,80,4,4
2803,185,173,12,12
2804,95,85,10,10
2805,76,74,2,2
2806,60,64,-4,4
2807,84,83,1,1
2808,67,70,-3,3
2809,79,80,-1,1
2810,106,103,3,3
2811,121,115,6,6
2812,81,89,-8,8
2813,93,94,-1,1
2814,150,143,7,7
2815,104,112,-8,8
2816,95,94,1,1
2817,120,112,8,8
2818,140,144,-4,4
2819,106,116,-10,10
2820,92,83,9,9
2821,75,76,-1,1
2822,69,85,-16,16
2823,78,75,3,3
2824,57,64,-7,7
2825,71,68,3,3
2826,110,106,4,4
2827,90,93,-3,3
2828,58,63,-5,5
2829,52,61,-9,9
2830,108,113,-5,5
2831,53,64,-11,11
2832,102,99,3,3
2833,89,95,-6,6
2834,158,145,13,13
2835,81,76,5,5
2836,93,102,-9,9
2837,127,123,4,4
2838,117,112,5,5
2839,105,98,7,7
2840,133,128,5,5
2841,106,97,9,9
2842,149,140,9,9
2843,117,113,4,4
2844,92,90,2,2
2845,74,75,-1,1
2846,156,145,11,11
2847,90,91,-1,1
2848,116,119,-3,3
2849,118,113,5,5
2850,109,111,-2,2
2851,110,108,2,2
2852,84,92,-8,8
2853,120,110,10,10
2854,145,142,3,3
2855,64,68,-4,4
2856,95,112,-17,17
2857,54,60,-6,6
2858,109,106,3,3
2859,81,83,-2,2
2860,74,78,-4,4
2861,123,127,-4,4
2862,88,86,2,2
2863,153,157,-4,4
2864,119,126,-7,7
2865,100,100,0,0
2866,91,89,2,2
2867,85,73,12,12
2868,72,73,-1,1
2869,137,126,11,11
2870,120,146,-26,26
2871,58,65,-7,7
2872,106,103,3,3
2873,100,93,7,7
2874,75,80,-5,5
2875,71,71,0,0
2876,90,85,5,5
2877,56,59,-3,3
2878,109,108,1,1
2879,97,104,-7,7
2880,95,92,3,3
2881,84,77,7,7
2882,64,67,-3,3
2883,79,76,3,3
2884,66,68,-2,2
2885,65,71,-6,6
2886,117,116,1,1
2887,143,138,5,5
2888,65,67,-2,2
2889,80,77,3,3
2890,111,119,-8,8
2891,116,113,3,3
2892,80,136,-56,56
2893,89,91,-2,2
2894,181,166,15,15
2895,95,89,6,6
2896,81,79,2,2
2897,172,150,22,22
2898,137,122,15,15
2899,83,83,0,0
2900,98,99,-1,1
2901,131,121,10,10
2902,75,77,-2,2
2903,160,155,5,5
2904,115,105,10,10
2905,124,128,-4,4
2906,121,112,9,9
2907,113,112,1,1
2908,116,112,4,4
2909,62,69,-7,7
2910,94,89,5,5
2911,92,94,-2,2
2912,144,139,5,5
2913,37,85,-48,48
2914,65,73,-8,8
2915,159,175,-16,16
2916,76,73,3,3
2917,116,114,2,2
2918,79,75,4,4
2919,89,99,-10,10
2920,79,77,2,2
2921,100,107,-7,7
2922,92,87,5,5
2923,90,93,-3,3
2924,53,60,-7,7
2925,97,106,-9,9
2926,148,140,8,8
2927,104,112,-8,8
2928,57,57,0,0
2929,71,73,-2,2
2930,116,127,-11,11
2931,191,184,7,7
2932,122,116,6,6
2933,60,66,-6,6
2934,125,155,-30,30
2935,69,77,-8,8
2936,98,103,-5,5
2937,131,120,11,11
2938,105,113,-8,8
2939,103,99,4,4
2940,60,69,-9,9
2941,67,72,-5,5
2942,118,117,1,1
2943,58,80,-22,22
2944,76,77,-1,1
2945,109,96,13,13
2946,72,73,-1,1
2947,87,84,3,3
2948,57,67,-10,10
2949,85,84,1,1
2950,78,82,-4,4
2951,88,79,9,9
2952,75,71,4,4
2953,124,118,6,6
2954,84,88,-4,4
2955,112,105,7,7
2956,98,95,3,3
2957,152,146,6,6
2958,54,61,-7,7
2959,121,124,-3,3
2960,164,157,7,7
2961,58,65,-7,7
2962,164,164,0,0
2963,47,60,-13,13
2964,163,176,-13,13
2965,104,101,3,3
2966,66,73,-7,7
2967,111,112,-1,1
2968,60,69,-9,9
2969,45,51,-6,6
2970,98,90,8,8
2971,129,115,14,14
2972,94,95,-1,1
2973,100,104,-4,4
2974,88,91,-3,3
2975,79,77,2,2
2976,73,77,-4,4
2977,125,124,1,1
2978,91,96,-5,5
2979,102,108,-6,6
2980,137,133,4,4
2981,186,178,8,8
2982,67,74,-7,7
2983,59,66,-7,7
2984,36,49,-13,13
2985,128,119,9,9
2986,80,77,3,3
2987,102,117,-15,15
2988,137,114,23,23
2989,58,55,3,3
2990,94,99,-5,5
2991,90,85,5,5
2992,110,104,6,6
2993,101,112,-11,11
2994,78,80,-2,2
2995,121,108,13,13
2996,87,85,2,2
2997,81,79,2,2
2998,70,74,-4,4
2999,142,134,8,8
3000,93,99,-6,6
3001,98,85,13,13
3002,125,124,1,1
3003,65,67,-2,2
3004,126,125,1,1
3005,77,77,0,0
3006,79,83,-4,4
3007,85,86,-1,1
3008,65,66,-1,1
3009,74,80,-6,6
3010,124,126,-2,2
3011,112,104,8,8
3012,99,104,-5,5
3013,73,71,2,2
3014,97,101,-4,4
3015,73,75,-2,2
3016,58,73,-15,15
3017,172,164,8,8
3018,91,88,3,3
3019,67,71,-4,4
3020,100,104,-4,4
3021,110,111,-1,1
3022,58,66,-8,8
3023,96,101,-5,5
3024,69,79,-10,10
3025,91,93,-2,2
3026,64,70,-6,6
3027,71,77,-6,6
3028,49,69,-20,20
3029,88,99,-11,11
3030,147,123,24,24
3031,71,70,1,1
3032,117,110,7,7
3033,89,100,-11,11
3034,95,89,6,6
3035,78,80,-2,2
3036,82,96,-14,14
3037,72,76,-4,4
3038,137,123,14,14
3039,122,124,-2,2
3040,115,110,5,5
3041,120,112,8,8
3042,119,124,-5,5
3043,84,85,-1,1
3044,88,83,5,5
3045,60,66,-6,6
3046,115,113,2,2
3047,81,77,4,4
3048,136,145,-9,9
3049,85,94,-9,9
3050,100,110,-10,10
3051,118,120,-2,2
3052,109,104,5,5
3053,61,76,-15,15
3054,105,103,2,2
3055,206,190,16,16
3056,112,113,-1,1
3057,83,82,1,1
3058,181,186,-5,5
3059,151,140,11,11
3060,104,104,0,0
3061,83,100,-17,17
3062,109,104,5,5
3063,62,66,-4,4
3064,76,77,-1,1
3065,86,93,-7,7
3066,127,115,12,12
3067,83,81,2,2
3068,122,110,12,12
3069,103,107,-4,4
3070,107,111,-4,4
3071,94,92,2,2
3072,103,90,13,13
3073,72,70,2,2
3074,66,70,-4,4
3075,70,86,-16,16
3076,54,56,-2,2
3077,57,71,-14,14
3078,165,163,2,2
3079,125,120,5,5
3080,125,129,-4,4
3081,92,86,6,6
3082,53,51,2,2
3083,106,127,-21,21
3084,95,87,8,8
3085,94,85,9,9
3086,72,77,-5,5
3087,78,79,-1,1
3088,113,113,0,0
3089,106,95,11,11
3090,101,100,1,1
3091,102,113,-11,11
3092,95,91,4,4
3093,69,74,-5,5
3094,74,69,5,5
3095,104,97,7,7
3096,78,83,-5,5
3097,86,87,-1,1
3098,41,43,-2,2
3099,86,84,2,2
3100,80,76,4,4
3101,182,167,15,15
3102,83,83,0,0
3103,65,64,1,1
3104,81,74,7,7
3105,159,151,8,8
3106,103,100,3,3
3107,102,97,5,5
3108,60,56,4,4
3109,142,129,13,13
3110,62,67,-5,5
3111,129,122,7,7
3112,79,84,-5,5
3113,87,90,-3,3
3114,127,114,13,13
3115,56,65,-9,9
3116,94,104,-10,10
3117,90,86,4,4
3118,62,72,-10,10
3119,60,70,-10,10
3120,110,128,-18,18
3121,98,103,-5,5
3122,58,65,-7,7
3123,88,85,3,3
3124,35,29,6,6
3125,138,133,5,5
3126,73,77,-4,4
3127,99,82,17,17
3128,87,82,5,5
3129,69,74,-5,5
3130,102,96,6,6
3131,89,93,-4,4
3132,106,98,8,8
3133,116,114,2,2
3134,69,74,-5,5
3135,75,75,0,0
3136,91,83,8,8
3137,67,71,-4,4
3138,133,137,-4,4
3139,76,82,-6,6
3140,103,94,9,9
3141,71,66,5,5
3142,135,129,6,6
3143,99,105,-6,6
3144,104,102,2,2
3145,146,127,19,19
3146,57,51,6,6
3147,108,114,-6,6
3148,82,79,3,3
3149,106,96,10,10
3150,110,112,-2,2
3151,98,103,-5,5
3152,62,60,2,2
3153,102,102,0,0
3154,130,130,0,0
3155,108,99,9,9
3156,61,68,-7,7
3157,73,84,-11,11
3158,54,59,-5,5
3159,63,62,1,1
3160,140,124,16,16
3161,47,118,-71,71
3162,68,76,-8,8
3163,134,127,7,7
3164,106,103,3,3
3165,72,75,-3,3
3166,107,108,-1,1
3167,107,104,3,3
3168,53,57,-4,4
3169,112,105,7,7
3170,124,124,0,0
3171,103,98,5,5
3172,76,83,-7,7
3173,103,105,-2,2
3174,92,100,-8,8
3175,40,51,-11,11
3176,79,79,0,0
3177,83,88,-5,5
3178,77,75,2,2
3179,75,75,0,0
3180,63,60,3,3
3181,134,128,6,6
3182,66,70,-4,4
3183,173,171,2,2
3184,100,93,7,7
3185,119,108,11,11
3186,143,140,3,3
3187,61,71,-10,10
3188,59,66,-7,7
3189,91,99,-8,8
3190,61,65,-4,4
3191,127,123,4,4
3192,164,160,4,4
3193,81,79,2,2
3194,136,131,5,5
3195,73,83,-10,10
3196,72,76,-4,4
3197,82,78,4,4
3198,79,81,-2,2
3199,70,75,-5,5
3200,95,93,2,2
3201,63,68,-5,5
3202,67,70,-3,3
3203,127,127,0,0
3204,107,103,4,4
3205,58,62,-4,4
3206,91,97,-6,6
3207,60,60,0,0
3208,94,105,-11,11
3209,90,76,14,14
3210,49,52,-3,3
3211,94,114,-20,20
3212,68,64,4,4
3213,86,77,9,9
3214,107,99,8,8
3215,54,56,-2,2
3216,88,82,6,6
3217,69,76,-7,7
3218,85,82,3,3
3219,99,98,1,1
3220,116,125,-9,9
3221,113,106,7,7
3222,42,61,-19,19
3223,36,35,1,1
3224,52,61,-9,9
3225,88,80,8,8
3226,62,69,-7,7
3227,87,77,10,10
3228,97,110,-13,13
3229,94,97,-3,3
3230,113,112,1,1
3231,168,151,17,17
3232,107,100,7,7
3233,130,127,3,3
3234,169,158,11,11
3235,84,91,-7,7
3236,151,125,26,26
3237,75,69,6,6
3238,73,72,1,1
3239,64,72,-8,8
3240,144,150,-6,6
3241,86,90,-4,4
3242,91,85,6,6
3243,76,71,5,5
3244,112,115,-3,3
3245,46,67,-21,21
3246,51,57,-6,6
3247,116,109,7,7
3248,106,117,-11,11
3249,63,73,-10,10
3250,115,109,6,6
3251,151,162,-11,11
3252,70,70,0,0
3253,153,150,3,3
3254,66,67,-1,1
3255,95,102,-7,7
3256,71,72,-1,1
3257,75,78,-3,3
3258,83,79,4,4
3259,75,72,3,3
3260,111,97,14,14
3261,95,96,-1,1
3262,133,117,16,16
3263,56,55,1,1
3264,42,55,-13,13
3265,61,68,-7,7
3266,72,75,-3,3
3267,60,65,-5,5
3268,95,89,6,6
3269,115,125,-10,10
3270,101,109,-8,8
3271,65,71,-6,6
3272,100,110,-10,10
3273,69,75,-6,6
3274,81,78,3,3
3275,82,84,-2,2
3276,107,106,1,1
3277,112,118,-6,6
3278,99,97,2,2
3279,75,75,0,0
3280,161,153,8,8
3281,76,74,2,2
3282,142,139,3,3
3283,111,105,6,6
3284,78,80,-2,2
3285,137,134,3,3
3286,40,44,-4,4
3287,65,69,-4,4
3288,88,92,-4,4
3289,103,90,13,13
3290,143,163,-20,20
3291,37,29,8,8
3292,65,62,3,3
3293,90,82,8,8
3294,97,85,12,12
3295,107,102,5,5
3296,104,114,-10,10
3297,151,137,14,14
3298,98,99,-1,1
3299,91,99,-8,8
3300,90,83,7,7
3301,79,83,-4,4
3302,62,60,2,2
3303,83,79,4,4
3304,102,107,-5,5
3305,92,100,-8,8
3306,48,56,-8,8
3307,103,104,-1,1
3308,65,64,1,1
3309,84,84,0,0
3310,57,64,-7,7
3311,108,113,-5,5
3312,80,79,1,1
3313,66,80,-14,14
3314,106,112,-6,6
3315,52,59,-7,7
3316,107,118,-11,11
3317,107,100,7,7
3318,57,65,-8,8
3319,137,132,5,5
3320,69,71,-2,2
3321,90,82,8,8
3322,65,72,-7,7
3323,49,57,-8,8
3324,153,146,7,7
3325,119,115,4,4
3326,75,77,-2,2
3327,160,149,11,11
3328,140,141,-1,1
3329,146,152,-6,6
3330,104,88,16,16
3331,94,94,0,0
3332,60,58,2,2
3333,118,106,12,12
3334,71,73,-2,2
3335,66,70,-4,4
3336,183,166,17,17
3337,103,93,10,10
3338,119,112,7,7
3339,107,119,-12,12
3340,92,88,4,4
3341,89,95,-6,6
3342,116,116,0,0
3343,84,82,2,2
3344,118,123,-5,5
3345,52,61,-9,9
3346,75,80,-5,5
3347,163,159,4,4
3348,96,97,-1,1
3349,104,112,-8,8
3350,135,142,-7,7
3351,78,78,0,0
3352,127,116,11,11
3353,96,98,-2,2
3354,123,108,15,15
3355,119,113,6,6
3356,83,85,-2,2
3357,107,110,-3,3
3358,96,83,13,13
3359,105,102,3,3
3360,142,122,20,20
3361,67,75,-8,8
3362,67,75,-8,8
3363,126,121,5,5
3364,59,66,-7,7
3365,59,65,-6,6
3366,74,74,0,0
3367,87,88,-1,1
3368,69,73,-4,4
3369,66,69,-3,3
3370,117,104,13,13
3371,186,183,3,3
3372,63,69,-6,6
3373,125,128,-3,3
3374,87,78,9,9
3375,97,99,-2,2
3376,96,86,10,10
3377,49,53,-4,4
3378,105,112,-7,7
3379,48,54,-6,6
3380,111,106,5,5
3381,98,104,-6,6
3382,123,112,11,11
3383,74,67,7,7
3384,55,59,-4,4
3385,124,120,4,4
3386,151,145,6,6
3387,54,58,-4,4
3388,44,52,-8,8
3389,78,84,-6,6
3390,141,145,-4,4
3391,85,84,1,1
3392,40,61,-21,21
3393,77,76,1,1
3394,104,99,5,5
3395,71,66,5,5
3396,94,101,-7,7
3397,98,106,-8,8
3398,56,64,-8,8
3399,64,72,-8,8
3400,107,108,-1,1
3401,58,63,-5,5
3402,40,50,-10,10
3403,107,94,13,13
3404,110,107,3,3
3405,124,111,13,13
3406,100,89,11,11
3407,88,94,-6,6
3408,131,114,17,17
3409,93,88,5,5
3410,134,128,6,6
3411,81,92,-11,11
3412,81,88,-7,7
3413,84,88,-4,4
3414,86,84,2,2
3415,152,155,-3,3
3416,64,68,-4,4
3417,73,79,-6,6
3418,118,115,3,3
3419,73,71,2,2
3420,88,82,6,6
3421,112,122,-10,10
3422,141,136,5,5
3423,150,152,-2,2
3424,105,104,1,1
3425,163,154,9,9
3426,29,37,-8,8
3427,94,93,1,1
3428,67,74,-7,7
3429,98,116,-18,18
3430,89,94,-5,5
3431,106,103,3,3
3432,100,100,0,0
3433,107,89,18,18
3434,64,72,-8,8
3435,45,59,-14,14
3436,77,80,-3,3
3437,144,130,14,14
3438,103,106,-3,3
3439,67,108,-41,41
3440,38,34,4,4
3441,116,113,3,3
3442,102,106,-4,4
3443,119,113,6,6
3444,88,89,-1,1
3445,111,109,2,2
3446,48,55,-7,7
3447,131,112,19,19
3448,86,87,-1,1
3449,76,77,-1,1
3450,80,83,-3,3
3451,99,96,3,3
3452,132,127,5,5
3453,91,102,-11,11
3454,105,106,-1,1
3455,159,162,-3,3
3456,117,110,7,7
3457,142,146,-4,4
3458,69,67,2,2
3459,79,86,-7,7
3460,134,137,-3,3
3461,101,96,5,5
3462,94,91,3,3
3463,97,117,-20,20
3464,112,98,14,14
3465,70,71,-1,1
3466,139,131,8,8
3467,120,112,8,8
3468,93,97,-4,4
3469,70,76,-6,6
3470,77,75,2,2
3471,91,92,-1,1
3472,57,60,-3,3
3473,75,83,-8,8
3474,64,65,-1,1
3475,88,90,-2,2
3476,90,96,-6,6
3477,82,84,-2,2
3478,54,62,-8,8
3479,101,100,1,1
3480,102,107,-5,5
3481,92,91,1,1
3482,77,77,0,0
3483,76,79,-3,3
3484,109,120,-11,11
3485,48,59,-11,11
3486,86,80,6,6
3487,91,93,-2,2
3488,60,61,-1,1
3489,117,115,2,2
3490,121,124,-3,3
3491,129,133,-4,4
3492,90,97,-7,7
3493,106,85,21,21
3494,80,73,7,7
3495,129,114,15,15
3496,65,66,-1,1
3497,48,55,-7,7
3498,104,102,2,2
3499,72,71,1,1
3500,69,70,-1,1
3501,115,109,6,6
3502,147,163,-16,16
3503,83,86,-3,3
3504,96,98,-2,2
3505,83,80,3,3
3506,106,103,3,3
3507,83,84,-1,1
3508,94,82,12,12
3509,101,84,17,17
3510,112,112,0,0
3511,56,66,-10,10
3512,106,105,1,1
3513,93,87,6,6
3514,83,91,-8,8
3515,60,65,-5,5
3516,116,122,-6,6
3517,127,114,13,13
3518,65,73,-8,8
3519,134,139,-5,5
3520,45,62,-17,17
3521,74,79,-5,5
3522,107,109,-2,2
3523,97,98,-1,1
3524,145,143,2,2
3525,101,105,-4,4
3526,104,95,9,9
3527,90,93,-3,3
3528,98,93,5,5
3529,107,112,-5,5
3530,66,71,-5,5
3531,76,85,-9,9
3532,39,33,6,6
3533,89,89,0,0
3534,47,57,-10,10
3535,68,81,-13,13
3536,47,55,-8,8
3537,194,167,27,27
3538,107,115,-8,8
3539,155,152,3,3
3540,163,156,7,7
3541,93,83,10,10
3542,124,131,-7,7
3543,28,29,-1,1
3544,101,112,-11,11
3545,70,71,-1,1
3546,61,68,-7,7
3547,92,87,5,5
3548,78,84,-6,6
3549,51,60,-9,9
3550,99,97,2,2
3551,95,95,0,0
3552,137,121,16,16
3553,90,86,4,4
3554,84,95,-11,11
3555,72,77,-5,5
3556,83,89,-6,6
3557,94,95,-1,1
3558,86,80,6,6
3559,86,77,9,9
3560,87,91,-4,4
3561,104,114,-10,10
3562,58,63,-5,5
3563,50,66,-16,16
3564,44,52,-8,8
3565,83,83,0,0
3566,97,92,5,5
3567,146,129,17,17
3568,147,129,18,18
3569,107,103,4,4
3570,117,106,11,11
3571,152,155,-3,3
3572,130,112,18,18
3573,157,132,25,25
3574,268,253,15,15
3575,90,84,6,6
3576,101,104,-3,3
3577,73,74,-1,1
3578,120,121,-1,1
3579,86,85,1,1
3580,144,129,15,15
3581,97,94,3,3
3582,93,87,6,6
3583,49,56,-7,7
3584,97,101,-4,4
3585,99,89,10,10
3586,63,66,-3,3
3587,135,125,10,10
3588,66,71,-5,5
3589,71,71,0,0
3590,74,74,0,0
3591,160,146,14,14
3592,52,61,-9,9
3593,84,77,7,7
3594,127,129,-2,2
3595,82,80,2,2
3596,80,84,-4,4
3597,108,111,-3,3
3598,104,110,-6,6
3599,106,97,9,9
3600,154,147,7,7
3601,54,62,-8,8
3602,91,101,-10,10
3603,115,128,-13,13
3604,98,103,-5,5
3605,117,117,0,0
3606,46,56,-10,10
3607,93,97,-4,4
3608,50,58,-8,8
3609,110,155,-45,45
3610,101,100,1,1
3611,121,124,-3,3
3612,129,135,-6,6
3613,123,113,10,10
3614,55,74,-19,19
3615,97,84,13,13
3616,102,101,1,1
3617,127,135,-8,8
3618,66,77,-11,11
3619,75,77,-2,2
3620,125,132,-7,7
3621,75,72,3,3
3622,137,146,-9,9
3623,76,74,2,2
3624,80,68,12,12
3625,93,96,-3,3
3626,213,214,-1,1
3627,73,73,0,0
3628,99,97,2,2
3629,152,146,6,6
3630,110,113,-3,3
3631,53,62,-9,9
3632,83,82,1,1
3633,94,98,-4,4
3634,60,66,-6,6
3635,150,142,8,8
3636,146,131,15,15
3637,156,168,-12,12
3638,99,100,-1,1
3639,66,69,-3,3
3640,85,79,6,6
3641,68,85,-17,17
3642,174,167,7,7
3643,112,99,13,13
3644,102,105,-3,3
3645,96,94,2,2
3646,123,116,7,7
3647,62,70,-8,8
3648,42,54,-12,12
3649,84,77,7,7
3650,99,114,-15,15
3651,96,104,-8,8
3652,94,86,8,8
3653,88,83,5,5
3654,113,106,7,7
3655,136,142,-6,6
3656,51,61,-10,10
3657,82,91,-9,9
3658,103,94,9,9
3659,109,104,5,5
3660,39,53,-14,14
3661,66,62,4,4
3662,68,67,1,1
3663,97,88,9,9
3664,85,82,3,3
3665,123,117,6,6
3666,134,134,0,0
3667,171,165,6,6
3668,88,85,3,3
3669,83,76,7,7
3670,52,60,-8,8
3671,90,87,3,3
3672,75,75,0,0
3673,80,76,4,4
3674,85,78,7,7
3675,113,126,-13,13
3676,85,73,12,12
3677,124,119,5,5
3678,126,118,8,8
3679,136,122,14,14
3680,111,110,1,1
3681,122,112,10,10
3682,84,82,2,2
3683,53,55,-2,2
3684,83,83,0,0
3685,132,129,3,3
3686,133,134,-1,1
3687,96,89,7,7
3688,53,60,-7,7
3689,87,99,-12,12
3690,63,65,-2,2
3691,92,80,12,12
3692,73,80,-7,7
3693,142,131,11,11
3694,93,79,14,14
3695,69,70,-1,1
3696,59,63,-4,4
3697,120,125,-5,5
3698,52,56,-4,4
3699,50,55,-5,5
3700,80,91,-11,11
3701,68,71,-3,3
3702,73,71,2,2
3703,245,210,35,35
3704,147,149,-2,2
3705,75,75,0,0
3706,59,68,-9,9
3707,84,80,4,4
3708,92,91,1,1
3709,146,136,10,10
3710,183,185,-2,2
3711,64,69,-5,5
3712,101,88,13,13
3713,102,103,-1,1
3714,117,113,4,4
3715,178,179,-1,1
3716,143,126,17,17
3717,68,76,-8,8
3718,90,84,6,6
3719,48,53,-5,5
3720,74,75,-1,1
3721,63,63,0,0
3722,74,75,-1,1
3723,83,84,-1,1
3724,89,94,-5,5
3725,112,106,6,6
3726,89,96,-7,7
3727,71,69,2,2
3728,72,76,-4,4
3729,66,68,-2,2
3730,173,179,-6,6
3731,139,136,3,3
3732,94,99,-5,5
3733,48,58,-10,10
3734,102,105,-3,3
3735,69,73,-4,4
3736,67,67,0,0
3737,91,90,1,1
3738,109,113,-4,4
3739,39,44,-5,5
3740,146,137,9,9
3741,103,106,-3,3
3742,149,149,0,0
3743,78,74,4,4
3744,78,79,-1,1
3745,76,70,6,6
3746,81,86,-5,5
3747,155,153,2,2
3748,76,80,-4,4
3749,113,108,5,5
3750,87,86,1,1
3751,81,72,9,9
3752,82,86,-4,4
3753,107,114,-7,7
3754,148,144,4,4
3755,57,70,-13,13
3756,73,74,-1,1
3757,112,104,8,8
3758,48,55,-7,7
3759,77,86,-9,9
3760,142,128,14,14
3761,142,127,15,15
3762,122,121,1,1
3763,67,69,-2,2
3764,132,117,15,15
3765,134,149,-15,15
3766,96,85,11,11
3767,70,70,0,0
3768,84,82,2,2
3769,108,100,8,8
3770,159,153,6,6
3771,114,121,-7,7
3772,71,73,-2,2
3773,88,97,-9,9
3774,95,91,4,4
3775,36,36,0,0
3776,99,101,-2,2
3777,54,60,-6,6
3778,148,141,7,7
3779,75,69,6,6
3780,64,74,-10,10
3781,170,166,4,4
3782,176,160,16,16
3783,143,131,12,12
3784,108,99,9,9
3785,94,166,-72,72
3786,102,113,-11,11
3787,92,100,-8,8
3788,132,130,2,2
3789,84,85,-1,1
3790,152,149,3,3
3791,94,83,11,11
3792,103,103,0,0
3793,122,120,2,2
3794,79,83,-4,4
3795,81,70,11,11
3796,81,82,-1,1
3797,65,64,1,1
3798,90,79,11,11
3799,85,89,-4,4
3800,74,75,-1,1
3801,110,107,3,3
3802,62,74,-12,12
3803,132,130,2,2
3804,94,97,-3,3
3805,77,76,1,1
3806,69,78,-9,9
3807,90,85,5,5
3808,58,62,-4,4
3809,101,104,-3,3
3810,72,78,-6,6
3811,49,68,-19,19
3812,120,122,-2,2
3813,60,72,-12,12
3814,140,153,-13,13
3815,53,59,-6,6
3816,66,70,-4,4
3817,60,62,-2,2
3818,103,106,-3,3
3819,92,95,-3,3
3820,158,135,23,23
3821,71,86,-15,15
3822,73,76,-3,3
3823,66,73,-7,7
3824,149,150,-1,1
3825,146,138,8,8
3826,68,65,3,3
3827,108,108,0,0
3828,54,65,-11,11
3829,70,71,-1,1
3830,98,99,-1,1
3831,112,113,-1,1
3832,64,67,-3,3
3833,96,100,-4,4
3834,124,134,-10,10
3835,73,76,-3,3
3836,75,76,-1,1
3837,97,94,3,3
3838,100,102,-2,2
3839,153,169,-16,16
3840,145,149,-4,4
3841,98,91,7,7
3842,114,104,10,10
3843,111,98,13,13
3844,68,78,-10,10
3845,60,70,-10,10
3846,87,100,-13,13
3847,74,64,10,10
3848,54,64,-10,10
3849,77,77,0,0
3850,63,63,0,0
3851,120,112,8,8
3852,107,96,11,11
3853,75,77,-2,2
3854,96,98,-2,2
3855,50,45,5,5
3856,152,131,21,21
3857,133,126,7,7
3858,140,141,-1,1
3859,63,68,-5,5
3860,82,91,-9,9
3861,101,112,-11,11
3862,78,75,3,3
3863,101,93,8,8
3864,74,75,-1,1
3865,104,99,5,5
3866,97,99,-2,2
3867,55,70,-15,15
3868,166,160,6,6
3869,110,101,9,9
3870,76,99,-23,23
3871,81,85,-4,4
3872,128,122,6,6
3873,108,104,4,4
3874,68,69,-1,1
3875,86,84,2,2
3876,79,79,0,0
3877,65,69,-4,4
3878,148,148,0,0
3879,165,152,13,13
3880,96,102,-6,6
3881,61,66,-5,5
3882,86,78,8,8
3883,65,72,-7,7
3884,124,130,-6,6
3885,94,88,6,6
3886,55,60,-5,5
3887,71,72,-1,1
3888,132,116,16,16
3889,55,62,-7,7
3890,97,111,-14,14
3891,96,105,-9,9
3892,101,101,0,0
3893,100,84,16,16
3894,78,74,4,4
3895,132,138,-6,6
3896,73,76,-3,3
3897,93,80,13,13
3898,51,51,0,0
3899,136,134,2,2
3900,80,73,7,7
3901,159,171,-12,12
3902,151,141,10,10
3903,64,66,-2,2
3904,75,78,-3,3
3905,151,132,19,19
3906,72,79,-7,7
3907,113,99,14,14
3908,88,89,-1,1
3909,93,90,3,3
3910,62,73,-11,11
3911,59,70,-11,11
3912,104,103,1,1
3913,133,126,7,7
3914,66,76,-10,10
3915,90,102,-12,12
3916,98,96,2,2
3917,181,143,38,38
3918,68,66,2,2
3919,81,78,3,3
3920,148,145,3,3
3921,92,83,9,9
3922,109,105,4,4
3923,176,172,4,4
3924,236,212,24,24
3925,112,104,8,8
3926,74,78,-4,4
3927,82,74,8,8
3928,78,77,1,1
3929,83,84,-1,1
3930,89,93,-4,4
3931,95,99,-4,4
3932,177,167,10,10
3933,53,67,-14,14
3934,94,104,-10,10
3935,104,102,2,2
3936,63,69,-6,6
3937,94,91,3,3
3938,95,93,2,2
3939,122,116,6,6
3940,135,129,6,6
3941,170,150,20,20
3942,104,115,-11,11
3943,153,145,8,8
3944,70,92,-22,22
3945,124,114,10,10
3946,81,77,4,4
3947,143,135,8,8
3948,86,99,-13,13
3949,87,81,6,6
3950,92,94,-2,2
3951,111,107,4,4
3952,73,76,-3,3
3953,83,73,10,10
3954,117,114,3,3
3955,92,89,3,3
3956,70,77,-7,7
3957,107,103,4,4
3958,62,70,-8,8
3959,96,94,2,2
3960,93,94,-1,1
3961,50,58,-8,8
3962,61,63,-2,2
3963,118,119,-1,1
3964,117,112,5,5
3965,116,108,8,8
3966,183,168,15,15
3967,56,68,-12,12
3968,67,68,-1,1
3969,81,77,4,4
3970,117,111,6,6
3971,98,93,5,5
3972,63,64,-1,1
3973,62,66,-4,4
3974,84,91,-7,7
3975,156,153,3,3
3976,105,97,8,8
3977,89,80,9,9
3978,132,135,-3,3
3979,106,109,-3,3
3980,111,115,-4,4
3981,150,157,-7,7
3982,95,102,-7,7
3983,20,29,-9,9
3984,99,101,-2,2
3985,103,101,2,2
3986,73,88,-15,15
3987,83,81,2,2
3988,69,68,1,1
3989,130,128,2,2
3990,106,103,3,3
3991,104,88,16,16
3992,125,131,-6,6
3993,121,102,19,19
3994,190,189,1,1
3995,116,118,-2,2
3996,87,104,-17,17
3997,71,75,-4,4
3998,71,79,-8,8
3999,146,153,-7,7
4000,97,99,-2,2
4001,98,97,1,1
4002,127,128,-1,1
4003,74,75,-1,1
4004,47,49,-2,2
4005,92,92,0,0
4006,82,76,6,6
4007,118,112,6,6
4008,137,117,20,20
4009,101,99,2,2
4010,51,61,-10,10
4011,88,98,-10,10
4012,177,156,21,21
4013,82,78,4,4
4014,90,93,-3,3
4015,99,95,4,4
4016,83,85,-2,2
4017,104,104,0,0
4018,83,76,7,7
4019,57,67,-10,10
4020,155,151,4,4
4021,107,105,2,2
4022,72,76,-4,4
4023,72,67,5,5
4024,102,101,1,1
4025,90,85,5,5
4026,111,103,8,8
4027,123,115,8,8
4028,46,54,-8,8
4029,81,81,0,0
4030,95,80,15,15
4031,125,119,6,6
4032,105,98,7,7
4033,74,73,1,1
4034,166,149,17,17
4035,96,100,-4,4
4036,70,70,0,0
4037,56,43,13,13
4038,66,66,0,0
4039,85,85,0,0
4040,46,55,-9,9
4041,47,68,-21,21
4042,68,75,-7,7
4043,130,126,4,4
4044,141,138,3,3
4045,95,96,-1,1
4046,111,101,10,10
4047,50,59,-9,9
4048,111,116,-5,5
4049,100,105,-5,5
4050,72,70,2,2
4051,80,84,-4,4
4052,120,112,8,8
4053,180,166,14,14
4054,39,49,-10,10
4055,103,113,-10,10
4056,95,96,-1,1
4057,146,154,-8,8
4058,110,105,5,5
4059,48,39,9,9
4060,83,102,-19,19
4061,66,80,-14,14
4062,86,95,-9,9
4063,79,79,0,0
4064,113,118,-5,5
4065,114,107,7,7
4066,86,77,9,9
4067,165,161,4,4
4068,69,79,-10,10
4069,124,126,-2,2
4070,103,110,-7,7
4071,76,65,11,11
4072,118,117,1,1
4073,157,149,8,8
4074,107,105,2,2
4075,170,147,23,23
4076,58,64,-6,6
4077,59,66,-7,7
4078,124,115,9,9
4079,142,121,21,21
4080,105,118,-13,13
4081,116,114,2,2
4082,140,139,1,1
4083,92,85,7,7
4084,130,131,-1,1
4085,113,111,2,2
4086,129,139,-10,10
4087,73,82,-9,9
4088,100,100,0,0
4089,87,97,-10,10
4090,75,71,4,4
4091,87,94,-7,7
4092,113,101,12,12
4093,64,70,-6,6
4094,83,79,4,4
4095,75,77,-2,2
4096,124,128,-4,4
4097,87,85,2,2
4098,63,70,-7,7
4099,78,76,2,2
4100,86,87,-1,1
4101,104,111,-7,7
4102,95,100,-5,5
4103,119,126,-7,7
4104,99,105,-6,6
4105,54,64,-10,10
4106,73,74,-1,1
4107,71,73,-2,2
4108,83,83,0,0
4109,182,159,23,23
4110,74,84,-10,10
4111,133,128,5,5
4112,80,76,4,4
4113,98,107,-9,9
4114,98,100,-2,2
4115,96,93,3,3
4116,84,73,11,11
4117,199,205,-6,6
4118,153,141,12,12
4119,121,133,-12,12
4120,104,115,-11,11
4121,79,83,-4,4
4122,109,98,11,11
4123,74,80,-6,6
4124,48,60,-12,12
4125,127,121,6,6
4126,77,80,-3,3
4127,57,67,-10,10
4128,88,83,5,5
4129,76,69,7,7
4130,120,116,4,4
4131,86,91,-5,5
4132,62,71,-9,9
4133,60,63,-3,3
4134,83,80,3,3
4135,90,93,-3,3
4136,69,72,-3,3
4137,65,71,-6,6
4138,97,94,3,3
4139,107,102,5,5
4140,131,133,-2,2
4141,118,109,9,9
4142,107,126,-19,19
4143,72,77,-5,5
4144,153,150,3,3
4145,83,82,1,1
4146,55,64,-9,9
4147,106,107,-1,1
4148,97,108,-11,11
4149,176,168,8,8
4150,139,127,12,12
4151,84,94,-10,10
4152,112,105,7,7
4153,58,69,-11,11
4154,119,117,2,2
4155,75,77,-2,2
4156,155,154,1,1
4157,71,66,5,5
4158,150,137,13,13
4159,94,94,0,0
4160,54,64,-10,10
4161,70,73,-3,3
4162,125,115,10,10
4163,36,29,7,7
4164,78,80,-2,2
4165,96,93,3,3
4166,100,98,2,2
4167,106,102,4,4
4168,129,118,11,11
4169,39,45,-6,6
4170,44,53,-9,9
4171,97,95,2,2
4172,80,90,-10,10
4173,52,57,-5,5
4174,102,102,0,0
4175,101,95,6,6
4176,90,89,1,1
4177,151,151,0,0
4178,82,77,5,5
4179,117,113,4,4
4180,63,79,-16,16
4181,135,129,6,6
4182,71,70,1,1
4183,96,108,-12,12
4184,123,116,7,7
4185,75,73,2,2
4186,60,69,-9,9
4187,103,107,-4,4
4188,59,65,-6,6
4189,116,123,-7,7
4190,92,90,2,2
4191,76,67,9,9
4192,53,53,0,0
4193,107,113,-6,6
4194,70,73,-3,3
4195,101,99,2,2
4196,88,82,6,6
4197,84,85,-1,1
4198,26,52,-26,26
4199,107,108,-1,1
4200,121,119,2,2
4201,66,71,-5,5
4202,75,83,-8,8
4203,140,149,-9,9
4204,87,82,5,5
4205,57,58,-1,1
4206,100,98,2,2
4207,183,166,17,17
4208,131,131,0,0
4209,98,127,-29,29
4210,70,76,-6,6
4211,80,77,3,3
4212,112,112,0,0
4213,164,170,-6,6
4214,112,102,10,10
4215,49,57,-8,8
4216,69,76,-7,7
4217,64,76,-12,12
4218,78,84,-6,6
4219,116,127,-11,11
4220,113,104,9,9
4221,123,122,1,1
4222,101,111,-10,10
4223,100,107,-7,7
4224,84,83,1,1
4225,114,112,2,2
4226,109,101,8,8
4227,52,56,-4,4
4228,115,106,9,9
4229,106,109,-3,3
4230,93,91,2,2
4231,69,77,-8,8
4232,149,143,6,6
4233,87,83,4,4
4234,103,101,2,2
4235,106,112,-6,6
4236,76,96,-20,20
4237,124,130,-6,6
4238,115,120,-5,5
4239,82,79,3,3
4240,152,158,-6,6
4241,138,132,6,6
4242,196,183,13,13
4243,133,116,17,17
4244,146,145,1,1
4245,105,110,-5,5
4246,92,101,-9,9
4247,71,70,1,1
4248,97,104,-7,7
4249,70,75,-5,5
4250,107,116,-9,9
4251,80,83,-3,3
4252,63,80,-17,17
4253,75,72,3,3
4254,75,76,-1,1
4255,75,77,-2,2
4256,104,93,11,11
4257,152,140,12,12
4258,71,71,0,0
4259,107,103,4,4
4260,161,149,12,12
4261,71,77,-6,6
4262,91,84,7,7
4263,98,90,8,8
4264,108,109,-1,1
4265,78,73,5,5
4266,116,118,-2,2
4267,108,95,13,13
4268,81,83,-2,2
4269,65,74,-9,9
4270,111,112,-1,1
4271,70,70,0,0
4272,55,62,-7,7
4273,102,99,3,3
4274,102,104,-2,2
4275,56,62,-6,6
4276,100,88,12,12
4277,47,51,-4,4
4278,145,136,9,9
4279,108,102,6,6
4280,143,136,7,7
4281,123,122,1,1
4282,172,164,8,8
4283,60,69,-9,9
4284,105,100,5,5
4285,46,35,11,11
4286,80,71,9,9
4287,114,117,-3,3
4288,189,191,-2,2
4289,82,75,7,7
4290,126,127,-1,1
4291,157,144,13,13
4292,147,171,-24,24
4293,27,62,-35,35
4294,79,77,2,2
4295,75,75,0,0
4296,65,66,-1,1
4297,68,68,0,0
4298,126,121,5,5
4299,133,125,8,8
4300,101,92,9,9
4301,80,79,1,1
4302,103,97,6,6
4303,95,93,2,2
4304,103,110,-7,7
4305,113,111,2,2
4306,42,41,1,1
4307,85,90,-5,5
4308,82,82,0,0
4309,104,105,-1,1
4310,85,77,8,8
4311,107,89,18,18
4312,78,74,4,4
4313,66,69,-3,3
4314,108,105,3,3
4315,90,101,-11,11
4316,88,91,-3,3
4317,59,65,-6,6
4318,79,73,6,6
4319,69,73,-4,4
4320,135,134,1,1
4321,96,112,-16,16
4322,148,148,0,0
4323,31,32,-1,1
4324,65,86,-21,21
4325,86,83,3,3
4326,47,51,-4,4
4327,83,81,2,2
4328,170,180,-10,10
4329,63,67,-4,4
4330,110,108,2,2
4331,182,166,16,16
4332,141,139,2,2
4333,94,99,-5,5
4334,81,80,1,1
4335,87,90,-3,3
4336,131,127,4,4
4337,117,105,12,12
4338,64,64,0,0
4339,150,173,-23,23
4340,93,101,-8,8
4341,88,87,1,1
4342,90,94,-4,4
4343,86,85,1,1
4344,96,107,-11,11
4345,173,161,12,12
4346,104,102,2,2
4347,44,57,-13,13
4348,81,73,8,8
4349,71,68,3,3
4350,77,68,9,9
4351,82,74,8,8
4352,196,184,12,12
4353,126,120,6,6
4354,100,101,-1,1
4355,159,149,10,10
4356,61,72,-11,11
4357,54,61,-7,7
4358,73,72,1,1
4359,73,78,-5,5
4360,88,83,5,5
4361,136,135,1,1
4362,94,98,-4,4
4363,164,176,-12,12
4364,100,104,-4,4
4365,126,118,8,8
4366,50,56,-6,6
4367,79,82,-3,3
4368,94,113,-19,19
4369,110,119,-9,9
4370,144,140,4,4
4371,62,62,0,0
4372,92,96,-4,4
4373,59,65,-6,6
4374,279,244,35,35
4375,149,140,9,9
4376,61,75,-14,14
4377,72,88,-16,16
4378,64,68,-4,4
4379,142,136,6,6
4380,56,61,-5,5
4381,140,145,-5,5
4382,221,200,21,21
4383,111,101,10,10
4384,93,90,3,3
4385,110,111,-1,1
4386,83,76,7,7
4387,65,76,-11,11
4388,154,151,3,3
4389,92,93,-1,1
4390,144,132,12,12
4391,102,102,0,0
4392,131,123,8,8
4393,98,93,5,5
4394,104,101,3,3
4395,95,100,-5,5
4396,108,116,-8,8
4397,89,85,4,4
4398,139,148,-9,9
4399,116,114,2,2
4400,58,64,-6,6
4401,140,142,-2,2
4402,89,87,2,2
4403,103,103,0,0
4404,67,86,-19,19
4405,62,65,-3,3
4406,162,161,1,1
4407,77,75,2,2
4408,99,102,-3,3
4409,92,78,14,14
4410,105,110,-5,5
4411,99,97,2,2
4412,82,97,-15,15
4413,139,129,10,10
4414,99,96,3,3
4415,82,83,-1,1
4416,95,101,-6,6
4417,101,100,1,1
4418,85,85,0,0
4419,102,98,4,4
4420,133,133,0,0
4421,76,75,1,1
4422,126,124,2,2
4423,101,100,1,1
4424,119,107,12,12
4425,152,157,-5,5
4426,136,120,16,16
4427,87,86,1,1
4428,116,97,19,19
4429,60,68,-8,8
4430,96,99,-3,3
4431,76,83,-7,7
4432,128,121,7,7
4433,85,86,-1,1
4434,84,87,-3,3
4435,153,139,14,14
4436,72,68,4,4
4437,73,70,3,3
4438,108,95,13,13
4439,73,72,1,1
4440,94,94,0,0
4441,86,83,3,3
4442,89,83,6,6
4443,56,62,-6,6
4444,195,183,12,12
4445,70,72,-2,2
4446,64,67,-3,3
4447,96,89,7,7
4448,103,108,-5,5
4449,131,124,7,7
4450,93,93,0,0
4451,122,124,-2,2
4452,54,61,-7,7
4453,67,77,-10,10
4454,66,65,1,1
4455,110,112,-2,2
4456,108,105,3,3
4457,119,120,-1,1
4458,80,72,8,8
4459,60,68,-8,8
4460,88,88,0,0
4461,123,110,13,13
4462,59,65,-6,6
4463,103,97,6,6
4464,93,92,1,1
4465,90,86,4,4
4466,157,153,4,4
4467,94,91,3,3
4468,79,70,9,9
4469,131,130,1,1
4470,50,56,-6,6
4471,111,106,5,5
4472,106,108,-2,2
4473,104,103,1,1
4474,94,102,-8,8
4475,71,68,3,3
4476,168,151,17,17
4477,102,115,-13,13
4478,58,68,-10,10
4479,49,58,-9,9
4480,96,91,5,5
4481,74,77,-3,3
4482,135,132,3,3
4483,171,159,12,12
4484,70,73,-3,3
4485,118,122,-4,4
4486,90,80,10,10
4487,101,117,-16,16
4488,97,100,-3,3
4489,107,100,7,7
4490,87,83,4,4
4491,43,52,-9,9
4492,79,76,3,3
4493,106,98,8,8
4494,39,36,3,3
4495,178,159,19,19
4496,74,80,-6,6
4497,36,44,-8,8
4498,68,70,-2,2
4499,114,101,13,13
4500,80,83,-3,3
4501,109,123,-14,14
4502,128,119,9,9
4503,87,104,-17,17
4504,110,110,0,0
4505,100,95,5,5
4506,128,130,-2,2
4507,136,135,1,1
4508,129,129,0,0
4509,122,124,-2,2
4510,102,99,3,3
4511,109,107,2,2
4512,58,67,-9,9
4513,122,119,3,3
4514,90,88,2,2
4515,57,55,2,2
4516,107,106,1,1
4517,168,163,5,5
4518,98,101,-3,3
4519,120,112,8,8
4520,74,76,-2,2
4521,88,83,5,5
4522,96,88,8,8
4523,64,74,-10,10
4524,55,61,-6,6
4525,94,94,0,0
4526,148,138,10,10
4527,92,104,-12,12
4528,95,106,-11,11
4529,110,106,4,4
4530,83,77,6,6
4531,139,134,5,5
4532,108,96,12,12
4533,78,79,-1,1
4534,78,79,-1,1
4535,98,97,1,1
4536,104,102,2,2
4537,68,67,1,1
4538,103,108,-5,5
4539,66,59,7,7
4540,100,100,0,0
4541,123,120,3,3
4542,74,81,-7,7
4543,136,125,11,11
4544,47,54,-7,7
4545,92,92,0,0
4546,122,112,10,10
4547,125,127,-2,2
4548,122,111,11,11
4549,61,64,-3,3
4550,82,103,-21,21
4551,112,109,3,3
4552,48,33,15,15
4553,146,153,-7,7
4554,67,65,2,2
4555,115,113,2,2
4556,165,170,-5,5
4557,87,95,-8,8
4558,40,43,-3,3
4559,55,58,-3,3
4560,127,118,9,9
4561,70,73,-3,3
4562,99,106,-7,7
4563,45,58,-13,13
4564,95,92,3,3
4565,80,80,0,0
4566,47,58,-11,11
4567,99,115,-16,16
4568,118,118,0,0
4569,104,106,-2,2
4570,75,76,-1,1
4571,90,88,2,2
4572,82,83,-1,1
4573,163,148,15,15
4574,93,90,3,3
4575,166,177,-11,11
4576,69,75,-6,6
4577,122,133,-11,11
4578,148,150,-2,2
4579,56,60,-4,4
4580,66,66,0,0
4581,83,96,-13,13
4582,63,67,-4,4
4583,108,112,-4,4
4584,123,107,16,16
4585,161,171,-10,10
4586,83,108,-25,25
4587,49,52,-3,3
4588,78,79,-1,1
4589,101,103,-2,2
4590,38,33,5,5
4591,98,96,2,2
4592,174,161,13,13
4593,75,95,-20,20
4594,56,64,-8,8
4595,138,127,11,11
4596,38,35,3,3
4597,51,59,-8,8
4598,69,67,2,2
4599,98,100,-2,2
4600,87,86,1,1
4601,88,84,4,4
4602,156,158,-2,2
4603,140,134,6,6
4604,92,98,-6,6
4605,49,60,-11,11
4606,82,88,-6,6
4607,217,247,-30,30
4608,99,102,-3,3
4609,110,102,8,8
4610,79,83,-4,4
4611,69,66,3,3
4612,87,77,10,10
4613,84,82,2,2
4614,77,73,4,4
4615,78,73,5,5
4616,100,104,-4,4
4617,112,108,4,4
4618,130,125,5,5
4619,137,130,7,7
4620,125,115,10,10
4621,86,89,-3,3
4622,152,142,10,10
4623,96,106,-10,10
4624,111,114,-3,3
4625,99,109,-10,10
4626,56,59,-3,3
4627,211,212,-1,1
4628,109,116,-7,7
4629,137,139,-2,2
4630,74,78,-4,4
4631,120,122,-2,2
4632,81,84,-3,3
4633,71,76,-5,5
4634,88,82,6,6
4635,111,105,6,6
4636,197,190,7,7
4637,85,79,6,6
4638,112,113,-1,1
4639,44,65,-21,21
4640,86,86,0,0
4641,72,83,-11,11
4642,59,66,-7,7
4643,82,99,-17,17
4644,69,70,-1,1
4645,91,85,6,6
4646,142,144,-2,2
4647,84,68,16,16
4648,81,82,-1,1
4649,101,101,0,0
4650,190,167,23,23
4651,107,102,5,5
4652,119,124,-5,5
4653,77,75,2,2
4654,152,147,5,5
4655,64,58,6,6
4656,77,77,0,0
4657,51,54,-3,3
4658,77,79,-2,2
4659,84,91,-7,7
4660,60,64,-4,4
4661,107,104,3,3
4662,87,102,-15,15
4663,116,127,-11,11
4664,160,138,22,22
4665,116,113,3,3
4666,84,80,4,4
4667,113,120,-7,7
4668,105,109,-4,4
4669,55,54,1,1
4670,91,94,-3,3
4671,113,103,10,10
4672,62,62,0,0
4673,75,75,0,0
4674,45,55,-10,10
4675,177,159,18,18
4676,131,141,-10,10
4677,112,112,0,0
4678,127,128,-1,1
4679,146,124,22,22
4680,138,136,2,2
4681,93,100,-7,7
4682,65,72,-7,7
4683,168,173,-5,5
4684,112,124,-12,12
4685,149,139,10,10
4686,140,145,-5,5
4687,94,99,-5,5
4688,141,134,7,7
4689,75,80,-5,5
4690,134,125,9,9
4691,95,86,9,9
4692,119,103,16,16
4693,95,102,-7,7
4694,65,69,-4,4
4695,95,100,-5,5
4696,97,102,-5,5
4697,132,130,2,2
4698,87,84,3,3
4699,124,119,5,5
4700,115,114,1,1
4701,45,53,-8,8
4702,110,104,6,6
4703,57,64,-7,7
4704,126,105,21,21
4705,50,56,-6,6
4706,132,131,1,1
4707,71,70,1,1
4708,88,82,6,6
4709,91,104,-13,13
4710,79,79,0,0
4711,47,48,-1,1
4712,103,112,-9,9
4713,38,45,-7,7
4714,68,64,4,4
4715,130,121,9,9
4716,157,154,3,3
4717,99,99,0,0
4718,62,61,1,1
4719,79,79,0,0
4720,74,75,-1,1
4721,154,138,16,16
4722,36,59,-23,23
4723,81,82,-1,1
4724,69,68,1,1
4725,39,45,-6,6
4726,106,105,1,1
4727,141,138,3,3
4728,71,73,-2,2
4729,108,106,2,2
4730,142,135,7,7
4731,43,51,-8,8
4732,109,115,-6,6
4733,72,73,-1,1
4734,110,104,6,6
4735,84,97,-13,13
4736,88,84,4,4
4737,156,148,8,8
4738,106,114,-8,8
4739,160,159,1,1
4740,105,102,3,3
4741,231,225,6,6
4742,111,103,8,8
4743,53,65,-12,12
4744,124,130,-6,6
4745,105,104,1,1
4746,144,148,-4,4
4747,83,91,-8,8
4748,81,83,-2,2
4749,96,96,0,0
4750,143,133,10,10
4751,118,113,5,5
4752,77,79,-2,2
4753,116,114,2,2
4754,116,80,36,36
4755,76,77,-1,1
4756,73,75,-2,2
4757,92,83,9,9
4758,89,82,7,7
4759,58,62,-4,4
4760,70,73,-3,3
4761,134,128,6,6
4762,73,84,-11,11
4763,139,129,10,10
4764,59,66,-7,7
4765,59,64,-5,5
4766,72,75,-3,3
4767,81,80,1,1
4768,96,98,-2,2
4769,190,169,21,21
4770,131,119,12,12
4771,188,188,0,0
4772,141,152,-11,11
4773,103,99,4,4
4774,65,77,-12,12
4775,86,83,3,3
4776,64,69,-5,5
4777,115,122,-7,7
4778,58,69,-11,11
4779,150,144,6,6
4780,70,76,-6,6
4781,91,92,-1,1
4782,104,101,3,3
4783,78,79,-1,1
4784,57,59,-2,2
4785,117,109,8,8
4786,82,80,2,2
4787,50,58,-8,8
4788,76,82,-6,6
4789,64,68,-4,4
4790,140,136,4,4
4791,88,96,-8,8
4792,41,43,-2,2
4793,56,70,-14,14
4794,161,166,-5,5
4795,107,86,21,21
4796,94,96,-2,2
4797,71,66,5,5
4798,163,148,15,15
4799,99,93,6,6
4800,30,29,1,1
4801,99,91,8,8
4802,161,143,18,18
4803,82,84,-2,2
4804,92,88,4,4
4805,152,129,23,23
4806,131,113,18,18
4807,99,95,4,4
4808,50,54,-4,4
4809,80,85,-5,5
4810,99,99,0,0
4811,69,70,-1,1
4812,67,76,-9,9
4813,143,126,17,17
4814,68,71,-3,3
4815,65,74,-9,9
4816,94,96,-2,2
4817,55,61,-6,6
4818,94,92,2,2
4819,45,56,-11,11
4820,140,136,4,4
4821,65,66,-1,1
4822,62,67,-5,5
4823,94,100,-6,6
4824,129,125,4,4
4825,123,125,-2,2
4826,80,79,1,1
4827,86,81,5,5
4828,112,116,-4,4
4829,89,85,4,4
4830,72,73,-1,1
4831,65,69,-4,4
4832,90,94,-4,4
4833,71,82,-11,11
4834,107,113,-6,6
4835,140,139,1,1
4836,57,65,-8,8
4837,104,104,0,0
4838,56,65,-9,9
4839,103,105,-2,2
4840,104,103,1,1
4841,78,79,-1,1
4842,126,121,5,5
4843,101,96,5,5
4844,85,92,-7,7
4845,72,67,5,5
4846,57,66,-9,9
4847,51,66,-15,15
4848,102,105,-3,3
4849,85,89,-4,4
4850,71,69,2,2
4851,87,81,6,6
4852,74,75,-1,1
4853,104,103,1,1
4854,102,105,-3,3
4855,181,170,11,11
4856,130,127,3,3
4857,75,87,-12,12
4858,102,103,-1,1
4859,56,67,-11,11
4860,72,76,-4,4
4861,90,97,-7,7
4862,66,74,-8,8
4863,82,80,2,2
4864,139,161,-22,22
4865,97,83,14,14
4866,83,83,0,0
4867,71,80,-9,9
4868,81,75,6,6
4869,80,74,6,6
4870,152,149,3,3
4871,54,61,-7,7
4872,51,58,-7,7
4873,142,125,17,17
4874,134,140,-6,6
4875,253,281,-28,28
4876,85,104,-19,19
4877,274,242,32,32
4878,180,163,17,17
4879,85,89,-4,4
4880,68,76,-8,8
4881,126,119,7,7
4882,147,142,5,5
4883,67,71,-4,4
4884,58,68,-10,10
4885,146,145,1,1
4886,170,182,-12,12
4887,80,86,-6,6
4888,117,114,3,3
4889,72,73,-1,1
4890,52,60,-8,8
4891,92,98,-6,6
4892,88,85,3,3
4893,106,107,-1,1
4894,93,90,3,3
4895,151,153,-2,2
4896,90,85,5,5
4897,71,72,-1,1
4898,63,70,-7,7
4899,171,152,19,19
4900,83,73,10,10
4901,125,115,10,10
4902,123,112,11,11
4903,119,115,4,4
4904,100,97,3,3
4905,97,107,-10,10
4906,82,76,6,6
4907,104,111,-7,7
4908,84,83,1,1
4909,133,137,-4,4
4910,66,71,-5,5
4911,328,292,36,36
4912,66,69,-3,3
4913,129,120,9,9
4914,60,62,-2,2
4915,107,123,-16,16
4916,88,81,7,7
4917,92,109,-17,17
4918,97,83,14,14
4919,95,98,-3,3
4920,176,164,12,12
4921,93,94,-1,1
4922,124,127,-3,3
4923,80,77,3,3
4924,117,112,5,5
4925,92,84,8,8
4926,137,117,20,20
4927,160,155,5,5
4928,114,108,6,6
4929,78,72,6,6
4930,73,77,-4,4
4931,62,62,0,0
4932,85,87,-2,2
4933,52,63,-11,11
4934,53,60,-7,7
4935,98,78,20,20
4936,92,97,-5,5
4937,100,102,-2,2
4938,114,114,0,0
4939,139,141,-2,2
4940,76,77,-1,1
4941,119,114,5,5
4942,41,52,-11,11
4943,53,54,-1,1
4944,268,268,0,0
4945,66,67,-1,1
4946,130,118,12,12
4947,115,115,0,0
4948,157,160,-3,3
4949,50,61,-11,11
4950,75,75,0,0
4951,79,74,5,5
4952,85,83,2,2
4953,42,68,-26,26
4954,85,80,5,5
4955,95,96,-1,1
4956,72,82,-10,10
4957,90,100,-10,10
4958,81,79,2,2
4959,109,113,-4,4
4960,146,153,-7,7
4961,131,120,11,11
4962,138,127,11,11
4963,32,44,-12,12
4964,86,86,0,0
4965,76,80,-4,4
4966,73,84,-11,11
4967,132,127,5,5
4968,136,133,3,3
4969,36,47,-11,11
4970,40,55,-15,15
4971,62,65,-3,3
4972,99,107,-8,8
4973,63,75,-12,12
4974,90,80,10,10
4975,63,77,-14,14
4976,63,69,-6,6
4977,73,84,-11,11
4978,73,76,-3,3
4979,120,132,-12,12
4980,161,152,9,9
4981,74,73,1,1
4982,74,71,3,3
4983,49,59,-10,10
4984,157,143,14,14
4985,123,118,5,5
4986,91,84,7,7
4987,115,101,14,14
4988,85,85,0,0
4989,66,70,-4,4
4990,102,98,4,4
4991,98,98,0,0
4992,100,95,5,5
4993,105,120,-15,15
4994,84,100,-16,16
4995,95,87,8,8
4996,108,98,10,10
4997,62,62,0,0
4998,116,116,0,0
4999,79,73,6,6
5000,73,69,4,4
5001,50,63,-13,13
5002,97,91,6,6
5003,145,129,16,16
5004,152,136,16,16
5005,134,126,8,8
5006,110,102,8,8
5007,114,112,2,2
5008,72,68,4,4
5009,113,104,9,9
5010,58,70,-12,12
5011,50,47,3,3
5012,29,29,0,0
5013,71,70,1,1
5014,90,95,-5,5
5015,140,133,7,7
5016,123,116,7,7
5017,131,126,5,5
5018,50,56,-6,6
5019,82,80,2,2
5020,77,83,-6,6
5021,98,90,8,8
5022,83,73,10,10
5023,88,79,9,9
5024,122,111,11,11
5025,87,83,4,4
5026,107,106,1,1
5027,75,80,-5,5
5028,89,93,-4,4
5029,124,131,-7,7
5030,105,107,-2,2
5031,62,63,-1,1
5032,125,113,12,12
5033,94,94,0,0
5034,91,95,-4,4
5035,74,85,-11,11
5036,82,98,-16,16
5037,60,63,-3,3
5038,69,72,-3,3
5039,132,125,7,7
5040,76,77,-1,1
5041,169,167,2,2
5042,101,101,0,0
5043,167,162,5,5
5044,79,80,-1,1
5045,78,89,-11,11
5046,61,65,-4,4
5047,137,124,13,13
5048,116,105,11,11
5049,77,84,-7,7
5050,76,78,-2,2
5051,157,164,-7,7
5052,90,102,-12,12
5053,79,73,6,6
5054,131,115,16,16
5055,118,106,12,12
5056,110,100,10,10
5057,151,136,15,15
5058,159,158,1,1
5059,95,100,-5,5
5060,78,77,1,1
5061,107,112,-5,5
5062,131,126,5,5
5063,87,93,-6,6
5064,42,51,-9,9
5065,66,71,-5,5
5066,101,102,-1,1
5067,140,132,8,8
5068,66,66,0,0
5069,43,52,-9,9
5070,100,99,1,1
5071,120,106,14,14
5072,76,66,10,10
5073,121,127,-6,6
5074,78,79,-1,1
5075,121,118,3,3
5076,51,61,-10,10
5077,101,108,-7,7
5078,136,135,1,1
5079,107,115,-8,8
5080,106,108,-2,2
5081,116,110,6,6
5082,89,91,-2,2
5083,65,69,-4,4
5084,154,145,9,9
5085,130,121,9,9
5086,98,87,11,11
5087,75,90,-15,15
5088,81,82,-1,1
5089,82,85,-3,3
5090,86,90,-4,4
5091,93,98,-5,5
5092,73,79,-6,6
5093,76,80,-4,4
5094,166,168,-2,2
5095,98,98,0,0
5096,120,105,15,15
5097,67,71,-4,4
5098,81,82,-1,1
5099,170,165,5,5
5100,40,55,-15,15
5101,101,98,3,3
5102,80,77,3,3
5103,121,103,18,18
5104,58,60,-2,2
5105,115,105,10,10
5106,63,65,-2,2
5107,87,89,-2,2
5108,148,154,-6,6
5109,102,101,1,1
5110,79,77,2,2
5111,118,108,10,10
5112,92,91,1,1
5113,110,110,0,0
5114,131,127,4,4
5115,139,151,-12,12
5116,68,77,-9,9
5117,122,123,-1,1
5118,140,130,10,10
5119,124,119,5,5
5120,103,92,11,11
5121,59,74,-15,15
5122,80,83,-3,3
5123,131,125,6,6
5124,104,98,6,6
5125,155,142,13,13
5126,89,90,-1,1
5127,68,83,-15,15
5128,79,79,0,0
5129,110,108,2,2
5130,54,60,-6,6
5131,121,132,-11,11
5132,101,106,-5,5
5133,109,114,-5,5
5134,100,98,2,2
5135,132,128,4,4
5136,71,76,-5,5
5137,89,86,3,3
5138,92,90,2,2
5139,91,87,4,4
5140,117,108,9,9
5141,100,100,0,0
5142,118,110,8,8
5143,160,137,23,23
5144,121,113,8,8
5145,88,96,-8,8
5146,152,149,3,3
5147,56,61,-5,5
5148,51,73,-22,22
5149,110,97,13,13
5150,79,79,0,0
5151,68,79,-11,11
5152,52,59,-7,7
5153,129,131,-2,2
5154,81,77,4,4
5155,39,48,-9,9
5156,55,111,-56,56
5157,53,61,-8,8
5158,92,96,-4,4
5159,72,76,-4,4
5160,103,104,-1,1
5161,141,127,14,14
5162,82,88,-6,6
5163,69,73,-4,4
5164,168,160,8,8
5165,65,71,-6,6
5166,76,80,-4,4
5167,104,100,4,4
5168,89,87,2,2
5169,101,106,-5,5
5170,53,65,-12,12
5171,105,100,5,5
5172,90,81,9,9
5173,116,112,4,4
5174,137,131,6,6
5175,126,114,12,12
5176,43,44,-1,1
5177,65,74,-9,9
5178,76,77,-1,1
5179,104,98,6,6
5180,88,81,7,7
5181,75,73,2,2
5182,82,81,1,1
5183,40,62,-22,22
5184,77,77,0,0
5185,66,70,-4,4
5186,154,134,20,20
5187,86,80,6,6
5188,112,118,-6,6
5189,93,96,-3,3
5190,130,147,-17,17
5191,177,166,11,11
5192,148,136,12,12
5193,80,82,-2,2
5194,58,59,-1,1
5195,115,108,7,7
5196,118,114,4,4
5197,66,65,1,1
5198,161,154,7,7
5199,80,85,-5,5
5200,105,102,3,3
5201,56,57,-1,1
5202,66,70,-4,4
5203,93,92,1,1
5204,105,100,5,5
5205,96,93,3,3
5206,62,66,-4,4
5207,68,74,-6,6
5208,83,77,6,6
5209,110,107,3,3
5210,109,112,-3,3
5211,147,135,12,12
5212,68,65,3,3
5213,121,111,10,10
5214,128,134,-6,6
5215,136,132,4,4
5216,110,103,7,7
5217,84,76,8,8
5218,93,92,1,1
5219,68,74,-6,6
5220,88,93,-5,5
5221,89,97,-8,8
5222,134,138,-4,4
5223,128,122,6,6
5224,79,80,-1,1
5225,66,69,-3,3
5226,58,57,1,1
5227,58,76,-18,18
5228,69,72,-3,3
5229,56,61,-5,5
5230,85,88,-3,3
5231,73,75,-2,2
5232,97,93,4,4
5233,100,85,15,15
5234,82,70,12,12
5235,65,69,-4,4
5236,90,94,-4,4
5237,66,83,-17,17
5238,58,62,-4,4
5239,62,101,-39,39
5240,50,56,-6,6
5241,84,79,5,5
5242,82,84,-2,2
5243,147,152,-5,5
5244,91,83,8,8
5245,95,95,0,0
5246,121,117,4,4
5247,56,64,-8,8
5248,54,52,2,2
5249,103,102,1,1
5250,86,74,12,12
5251,85,79,6,6
5252,97,82,15,15
5253,92,80,12,12
5254,59,64,-5,5
5255,115,113,2,2
5256,116,113,3,3
5257,101,102,-1,1
5258,120,102,18,18
5259,164,149,15,15
5260,55,55,0,0
5261,91,97,-6,6
5262,75,79,-4,4
5263,121,124,-3,3
5264,57,63,-6,6
5265,38,54,-16,16
5266,92,83,9,9
5267,67,68,-1,1
5268,120,116,4,4
5269,83,81,2,2
5270,138,137,1,1
5271,169,156,13,13
5272,59,69,-10,10
5273,47,59,-12,12
5274,46,46,0,0
5275,123,129,-6,6
5276,142,140,2,2
5277,80,87,-7,7
5278,31,39,-8,8
5279,128,126,2,2
5280,112,103,9,9
5281,98,105,-7,7
5282,55,62,-7,7
5283,110,98,12,12
5284,91,95,-4,4
5285,112,94,18,18
5286,115,113,2,2
5287,73,71,2,2
5288,106,102,4,4
5289,93,88,5,5
5290,166,166,0,0
5291,128,136,-8,8
5292,112,109,3,3
5293,89,83,6,6
5294,74,74,0,0
5295,106,121,-15,15
5296,72,74,-2,2
5297,78,77,1,1
5298,92,95,-3,3
5299,140,129,11,11
5300,103,100,3,3
5301,102,113,-11,11
5302,63,76,-13,13
5303,169,159,10,10
5304,78,79,-1,1
5305,132,124,8,8
5306,50,40,10,10
5307,127,114,13,13
5308,138,113,25,25
5309,61,59,2,2
5310,87,90,-3,3
5311,109,113,-4,4
5312,77,77,0,0
5313,92,104,-12,12
5314,84,79,5,5
5315,140,124,16,16
5316,79,84,-5,5
5317,87,83,4,4
5318,76,76,0,0
5319,54,56,-2,2
5320,77,86,-9,9
5321,28,63,-35,35
5322,85,71,14,14
5323,41,47,-6,6
5324,78,84,-6,6
5325,117,108,9,9
5326,99,100,-1,1
5327,130,128,2,2
5328,58,64,-6,6
5329,76,74,2,2
5330,72,76,-4,4
5331,72,71,1,1
5332,130,118,12,12
5333,85,92,-7,7
5334,74,77,-3,3
5335,117,111,6,6
5336,105,110,-5,5
5337,114,111,3,3
5338,94,86,8,8
5339,127,121,6,6
5340,100,99,1,1
5341,100,102,-2,2
5342,114,107,7,7
5343,137,148,-11,11
5344,141,133,8,8
5345,186,175,11,11
5346,49,58,-9,9
5347,71,73,-2,2
5348,144,143,1,1
5349,108,88,20,20
5350,102,91,11,11
5351,129,122,7,7
5352,123,115,8,8
5353,48,57,-9,9
5354,70,71,-1,1
5355,81,79,2,2
5356,72,77,-5,5
5357,76,78,-2,2
5358,114,126,-12,12
5359,130,123,7,7
5360,113,121,-8,8
5361,57,64,-7,7
5362,77,77,0,0
5363,117,116,1,1
5364,79,76,3,3
5365,87,94,-7,7
5366,99,98,1,1
5367,211,201,10,10
5368,92,83,9,9
5369,119,112,7,7
5370,54,63,-9,9
5371,111,102,9,9
5372,67,70,-3,3
5373,185,187,-2,2
5374,68,79,-11,11
5375,190,169,21,21
5376,124,118,6,6
5377,80,92,-12,12
5378,78,75,3,3
5379,92,107,-15,15
5380,70,70,0,0
5381,51,69,-18,18
5382,89,88,1,1
5383,82,87,-5,5
5384,83,82,1,1
5385,204,188,16,16
5386,114,111,3,3
5387,62,65,-3,3
5388,100,89,11,11
5389,143,157,-14,14
5390,89,87,2,2
5391,123,131,-8,8
5392,150,146,4,4
5393,135,114,21,21
5394,114,119,-5,5
5395,94,105,-11,11
5396,158,152,6,6
5397,58,71,-13,13
5398,94,94,0,0
5399,59,63,-4,4
5400,81,97,-16,16
5401,70,71,-1,1
5402,79,79,0,0
5403,49,59,-10,10
5404,85,80,5,5
5405,85,81,4,4
5406,55,59,-4,4
5407,97,100,-3,3
5408,95,96,-1,1
5409,129,124,5,5
5410,53,62,-9,9
5411,109,111,-2,2
5412,92,94,-2,2
5413,122,103,19,19
5414,102,104,-2,2
5415,98,111,-13,13
5416,68,76,-8,8
5417,108,100,8,8
5418,92,86,6,6
5419,95,94,1,1
5420,65,67,-2,2
5421,27,29,-2,2
5422,62,65,-3,3
5423,109,105,4,4
5424,72,75,-3,3
5425,58,62,-4,4
5426,121,111,10,10
5427,101,97,4,4
5428,63,69,-6,6
5429,38,35,3,3
5430,145,145,0,0
5431,103,107,-4,4
5432,215,245,-30,30
5433,122,114,8,8
5434,90,99,-9,9
5435,67,68,-1,1
5436,98,103,-5,5
5437,106,113,-7,7
5438,119,121,-2,2
5439,93,93,0,0
5440,48,63,-15,15
5441,87,86,1,1
5442,108,113,-5,5
5443,72,67,5,5
5444,124,120,4,4
5445,114,117,-3,3
5446,43,50,-7,7
5447,109,104,5,5
5448,99,105,-6,6
5449,116,108,8,8
5450,72,89,-17,17
5451,122,129,-7,7
5452,98,103,-5,5
5453,144,153,-9,9
5454,78,71,7,7
5455,70,68,2,2
5456,114,110,4,4
5457,137,134,3,3
5458,113,105,8,8
5459,115,103,12,12
5460,85,83,2,2
5461,63,62,1,1
5462,114,117,-3,3
5463,88,89,-1,1
5464,125,113,12,12
5465,116,115,1,1
5466,150,123,27,27
5467,78,77,1,1
5468,75,73,2,2
5469,81,84,-3,3
5470,116,125,-9,9
5471,64,65,-1,1
5472,93,96,-3,3
5473,96,89,7,7
5474,147,147,0,0
5475,77,75,2,2
5476,139,137,2,2
5477,64,64,0,0
5478,82,77,5,5
5479,70,71,-1,1
5480,142,141,1,1
5481,99,94,5,5
5482,64,69,-5,5
5483,80,88,-8,8
5484,69,66,3,3
5485,64,68,-4,4
5486,99,104,-5,5
5487,120,109,11,11
5488,80,78,2,2
5489,145,146,-1,1
5490,161,156,5,5
5491,86,93,-7,7
5492,123,124,-1,1
5493,91,86,5,5
5494,147,139,8,8
5495,92,88,4,4
5496,79,84,-5,5
5497,144,130,14,14
5498,72,73,-1,1
5499,91,103,-12,12
5500,162,158,4,4
5501,76,82,-6,6
5502,82,86,-4,4
5503,63,71,-8,8
5504,71,73,-2,2
5505,74,76,-2,2
5506,152,140,12,12
5507,102,104,-2,2
5508,70,68,2,2
5509,46,55,-9,9
5510,85,98,-13,13
5511,81,83,-2,2
5512,85,84,1,1
5513,108,99,9,9
5514,124,118,6,6
5515,81,84,-3,3
5516,97,125,-28,28
5517,137,137,0,0
5518,125,121,4,4
5519,90,97,-7,7
5520,83,80,3,3
5521,89,90,-1,1
5522,124,113,11,11
5523,101,88,13,13
5524,103,105,-2,2
5525,61,64,-3,3
5526,85,75,10,10
5527,102,106,-4,4
5528,83,98,-15,15
5529,91,97,-6,6
5530,131,114,17,17
5531,150,141,9,9
5532,107,107,0,0
5533,115,116,-1,1
5534,126,120,6,6
5535,129,126,3,3
5536,95,91,4,4
5537,143,131,12,12
5538,115,116,-1,1
5539,85,83,2,2
5540,164,156,8,8
5541,95,95,0,0
5542,137,145,-8,8
5543,121,115,6,6
5544,83,81,2,2
5545,115,124,-9,9
5546,154,156,-2,2
5547,115,116,-1,1
5548,88,82,6,6
5549,116,120,-4,4
5550,119,104,15,15
5551,30,38,-8,8
5552,100,91,9,9
5553,132,137,-5,5
5554,186,174,12,12
5555,82,84,-2,2
5556,176,152,24,24
5557,107,103,4,4
5558,89,82,7,7
5559,94,97,-3,3
5560,51,52,-1,1
5561,138,138,0,0
5562,78,79,-1,1
5563,59,64,-5,5
5564,58,61,-3,3
5565,67,69,-2,2
5566,79,74,5,5
5567,54,60,-6,6
5568,62,65,-3,3
5569,83,82,1,1
5570,75,80,-5,5
5571,115,112,3,3
5572,114,118,-4,4
5573,126,113,13,13
5574,88,102,-14,14
5575,69,68,1,1
5576,38,57,-19,19
5577,71,71,0,0
5578,66,65,1,1
5579,62,66,-4,4
5580,75,71,4,4
5581,59,61,-2,2
5582,97,105,-8,8
5583,81,93,-12,12
5584,69,82,-13,13
5585,81,77,4,4
5586,101,100,1,1
5587,97,92,5,5
5588,60,73,-13,13
5589,119,113,6,6
5590,113,141,-28,28
5591,130,115,15,15
5592,61,72,-11,11
5593,166,157,9,9
5594,51,60,-9,9
5595,140,137,3,3
5596,109,114,-5,5
5597,115,117,-2,2
5598,112,107,5,5
5599,89,90,-1,1
5600,65,68,-3,3
5601,97,100,-3,3
5602,81,88,-7,7
5603,59,63,-4,4
5604,52,57,-5,5
5605,74,84,-10,10
5606,76,79,-3,3
5607,111,79,32,32
5608,112,113,-1,1
5609,66,70,-4,4
5610,96,92,4,4
5611,61,67,-6,6
5612,162,153,9,9
5613,120,112,8,8
5614,68,86,-18,18
5615,61,74,-13,13
5616,110,111,-1,1
5617,114,121,-7,7
5618,41,49,-8,8
5619,63,60,3,3
5620,77,74,3,3
5621,92,86,6,6
5622,80,76,4,4
5623,40,51,-11,11
5624,56,64,-8,8
5625,72,75,-3,3
5626,123,109,14,14
5627,77,77,0,0
5628,107,108,-1,1
5629,112,109,3,3
5630,72,77,-5,5
5631,99,104,-5,5
5632,118,113,5,5
5633,77,74,3,3
5634,139,132,7,7
5635,84,83,1,1
5636,62,70,-8,8
5637,100,99,1,1
5638,80,79,1,1
5639,91,97,-6,6
5640,113,107,6,6
5641,45,50,-5,5
5642,71,67,4,4
5643,122,109,13,13
5644,53,59,-6,6
5645,78,92,-14,14
5646,65,71,-6,6
5647,40,56,-16,16
5648,136,126,10,10
5649,120,115,5,5
5650,104,113,-9,9
5651,85,82,3,3
5652,89,84,5,5
5653,84,90,-6,6
5654,80,89,-9,9
5655,119,124,-5,5
5656,105,103,2,2
5657,61,73,-12,12
5658,53,64,-11,11
5659,69,76,-7,7
5660,83,81,2,2
5661,122,110,12,12
5662,88,85,3,3
5663,88,80,8,8
5664,104,107,-3,3
5665,94,92,2,2
5666,133,129,4,4
5667,53,57,-4,4
5668,73,77,-4,4
5669,92,92,0,0
5670,92,93,-1,1
5671,91,89,2,2
5672,82,85,-3,3
5673,87,91,-4,4
5674,135,127,8,8
5675,126,123,3,3
5676,94,90,4,4
5677,55,61,-6,6
5678,104,99,5,5
5679,127,124,3,3
5680,135,134,1,1
5681,145,130,15,15
5682,99,105,-6,6
5683,96,102,-6,6
5684,103,95,8,8
5685,32,38,-6,6
5686,74,76,-2,2
5687,109,99,10,10
5688,59,67,-8,8
5689,101,99,2,2
5690,69,69,0,0
5691,71,84,-13,13
5692,101,97,4,4
5693,129,131,-2,2
5694,114,112,2,2
5695,73,75,-2,2
5696,179,161,18,18
5697,81,82,-1,1
5698,127,116,11,11
5699,129,128,1,1
5700,57,56,1,1
5701,50,60,-10,10
5702,80,68,12,12
5703,116,112,4,4
5704,93,84,9,9
5705,164,146,18,18
5706,43,52,-9,9
5707,96,110,-14,14
5708,88,77,11,11
5709,66,63,3,3
5710,97,102,-5,5
5711,86,88,-2,2
5712,83,94,-11,11
5713,87,87,0,0
5714,61,69,-8,8
5715,81,84,-3,3
5716,164,159,5,5
5717,138,129,9,9
5718,115,122,-7,7
5719,86,86,0,0
5720,118,140,-22,22
5721,67,70,-3,3
5722,87,93,-6,6
5723,74,70,4,4
5724,51,54,-3,3
5725,67,67,0,0
5726,84,79,5,5
5727,94,93,1,1
5728,69,71,-2,2
5729,115,117,-2,2
5730,48,52,-4,4
5731,77,74,3,3
5732,81,77,4,4
5733,110,116,-6,6
5734,74,89,-15,15
5735,54,66,-12,12
5736,84,83,1,1
5737,70,76,-6,6
5738,64,69,-5,5
5739,80,86,-6,6
5740,78,74,4,4
5741,83,96,-13,13
5742,81,77,4,4
5743,34,38,-4,4
5744,149,163,-14,14
5745,50,56,-6,6
5746,57,60,-3,3
5747,75,76,-1,1
5748,139,125,14,14
5749,48,55,-7,7
5750,61,70,-9,9
5751,96,91,5,5
5752,64,64,0,0
5753,90,87,3,3
5754,81,80,1,1
5755,119,127,-8,8
5756,129,125,4,4
5757,111,120,-9,9
5758,79,82,-3,3
5759,107,104,3,3
5760,77,84,-7,7
5761,67,69,-2,2
5762,103,97,6,6
5763,60,64,-4,4
5764,115,116,-1,1
5765,62,61,1,1
5766,71,76,-5,5
5767,67,78,-11,11
5768,46,53,-7,7
5769,52,58,-6,6
5770,55,60,-5,5
5771,95,91,4,4
5772,119,103,16,16
5773,156,164,-8,8
5774,89,82,7,7
5775,130,114,16,16
5776,149,138,11,11
5777,53,71,-18,18
5778,103,99,4,4
5779,181,161,20,20
5780,88,87,1,1
5781,91,87,4,4
5782,79,73,6,6
5783,64,80,-16,16
5784,85,95,-10,10
5785,45,53,-8,8
5786,72,72,0,0
5787,118,112,6,6
5788,54,56,-2,2
5789,98,100,-2,2
5790,79,83,-4,4
5791,63,66,-3,3
5792,27,29,-2,2
5793,142,138,4,4
5794,67,68,-1,1
5795,146,142,4,4
5796,80,84,-4,4
5797,68,84,-16,16
5798,92,100,-8,8
5799,48,56,-8,8
5800,117,103,14,14
5801,98,99,-1,1
5802,73,76,-3,3
5803,84,82,2,2
5804,95,93,2,2
5805,120,118,2,2
5806,151,162,-11,11
5807,50,54,-4,4
5808,93,93,0,0
5809,150,148,2,2
5810,65,77,-12,12
5811,76,77,-1,1
5812,69,71,-2,2
5813,91,86,5,5
5814,81,83,-2,2
5815,92,90,2,2
5816,127,141,-14,14
5817,100,96,4,4
5818,98,102,-4,4
5819,109,105,4,4
5820,69,75,-6,6
5821,94,104,-10,10
5822,156,144,12,12
5823,82,95,-13,13
5824,62,76,-14,14
5825,56,60,-4,4
5826,44,55,-11,11
5827,134,101,33,33
5828,75,75,0,0
5829,88,92,-4,4
5830,63,72,-9,9
5831,106,108,-2,2
5832,121,114,7,7
5833,94,104,-10,10
5834,89,100,-11,11
5835,45,56,-11,11
5836,76,80,-4,4
5837,85,85,0,0
5838,129,139,-10,10
5839,113,113,0,0
5840,127,119,8,8
5841,129,150,-21,21
5842,92,91,1,1
5843,60,60,0,0
5844,91,79,12,12
5845,90,84,6,6
5846,143,142,1,1
5847,79,77,2,2
5848,118,162,-44,44
5849,65,70,-5,5
5850,88,78,10,10
5851,102,103,-1,1
5852,67,71,-4,4
5853,104,98,6,6
5854,164,164,0,0
5855,145,141,4,4
5856,51,53,-2,2
5857,35,34,1,1
5858,125,120,5,5
5859,78,82,-4,4
5860,110,105,5,5
5861,133,131,2,2
5862,92,94,-2,2
5863,89,95,-6,6
5864,66,69,-3,3
5865,96,100,-4,4
5866,74,73,1,1
5867,21,29,-8,8
5868,52,59,-7,7
5869,49,56,-7,7
5870,133,141,-8,8
5871,56,62,-6,6
5872,48,56,-8,8
5873,53,51,2,2
5874,86,91,-5,5
5875,81,98,-17,17
5876,139,142,-3,3
5877,111,124,-13,13
5878,118,124,-6,6
5879,61,64,-3,3
5880,88,98,-10,10
5881,58,62,-4,4
5882,91,84,7,7
5883,110,110,0,0
5884,118,97,21,21
5885,109,101,8,8
5886,52,58,-6,6
5887,69,73,-4,4
5888,144,128,16,16
5889,87,82,5,5
5890,153,140,13,13
5891,49,61,-12,12
5892,106,112,-6,6
5893,85,84,1,1
5894,95,94,1,1
5895,99,99,0,0
5896,154,155,-1,1
5897,64,79,-15,15
5898,74,74,0,0
5899,94,87,7,7
5900,83,67,16,16
5901,66,69,-3,3
5902,48,59,-11,11
5903,87,98,-11,11
5904,28,52,-24,24
5905,63,64,-1,1
5906,117,115,2,2
5907,169,163,6,6
5908,54,58,-4,4
5909,118,116,2,2
5910,77,74,3,3
5911,87,88,-1,1
5912,259,232,27,27
5913,116,123,-7,7
5914,141,137,4,4
5915,63,74,-11,11
5916,194,176,18,18
5917,58,71,-13,13
5918,117,117,0,0
5919,101,104,-3,3
5920,128,125,3,3
5921,99,87,12,12
5922,122,109,13,13
5923,146,141,5,5
5924,117,102,15,15
5925,85,87,-2,2
5926,156,148,8,8
5927,85,82,3,3
5928,149,156,-7,7
5929,62,70,-8,8
5930,133,133,0,0
5931,76,77,-1,1
5932,67,70,-3,3
5933,125,148,-23,23
5934,73,72,1,1
5935,106,98,8,8
5936,98,97,1,1
5937,113,112,1,1
5938,151,151,0,0
5939,91,86,5,5
5940,115,123,-8,8
5941,99,102,-3,3
5942,51,59,-8,8
5943,102,113,-11,11
5944,123,116,7,7
5945,71,69,2,2
5946,116,114,2,2
5947,118,114,4,4
5948,151,162,-11,11
5949,93,80,13,13
5950,77,78,-1,1
5951,52,56,-4,4
5952,88,85,3,3
5953,56,57,-1,1
5954,152,164,-12,12
5955,129,132,-3,3
5956,75,83,-8,8
5957,98,99,-1,1
5958,149,150,-1,1
5959,73,73,0,0
5960,96,114,-18,18
5961,145,146,-1,1
5962,88,81,7,7
5963,159,144,15,15
5964,178,165,13,13
5965,81,89,-8,8
5966,142,129,13,13
5967,97,93,4,4
5968,145,144,1,1
5969,91,89,2,2
5970,85,71,14,14
5971,87,77,10,10
5972,90,80,10,10
5973,68,71,-3,3
5974,94,86,8,8
5975,101,97,4,4
5976,92,79,13,13
5977,71,76,-5,5
5978,113,113,0,0
5979,102,101,1,1
5980,114,115,-1,1
5981,97,97,0,0
5982,47,61,-14,14
5983,60,63,-3,3
5984,135,131,4,4
5985,58,60,-2,2
5986,206,181,25,25
5987,68,75,-7,7
5988,42,52,-10,10
5989,73,68,5,5
5990,83,76,7,7
5991,72,69,3,3
5992,111,82,29,29
5993,58,56,2,2
5994,130,140,-10,10
5995,111,112,-1,1
5996,140,149,-9,9
5997,95,99,-4,4
5998,96,99,-3,3
5999,91,87,4,4
6000,79,79,0,0
6001,74,73,1,1
6002,169,155,14,14
6003,117,117,0,0
6004,78,64,14,14
6005,115,118,-3,3
6006,44,48,-4,4
6007,103,116,-13,13
6008,78,98,-20,20
6009,49,54,-5,5
6010,126,127,-1,1
6011,93,83,10,10
6012,140,141,-1,1
6013,85,86,-1,1
6014,116,126,-10,10
6015,83,77,6,6
6016,96,103,-7,7
6017,143,135,8,8
6018,74,79,-5,5
6019,92,99,-7,7
6020,63,61,2,2
6021,49,61,-12,12
6022,144,142,2,2
6023,54,60,-6,6
6024,116,170,-54,54
6025,66,76,-10,10
6026,56,64,-8,8
6027,56,92,-36,36
6028,107,112,-5,5
6029,140,134,6,6
6030,92,103,-11,11
6031,76,81,-5,5
6032,90,98,-8,8
6033,138,140,-2,2
6034,71,70,1,1
6035,89,101,-12,12
6036,66,63,3,3
6037,60,65,-5,5
6038,116,125,-9,9
6039,179,181,-2,2
6040,90,77,13,13
6041,116,121,-5,5
6042,89,92,-3,3
6043,95,93,2,2
6044,85,79,6,6
6045,53,59,-6,6
6046,166,161,5,5
6047,43,53,-10,10
6048,119,123,-4,4
6049,105,115,-10,10
6050,121,113,8,8
6051,73,73,0,0
6052,67,67,0,0
6053,119,122,-3,3
6054,106,105,1,1
6055,72,67,5,5
6056,75,73,2,2
6057,70,76,-6,6
6058,143,128,15,15
6059,83,82,1,1
6060,83,76,7,7
6061,46,64,-18,18
6062,47,52,-5,5
6063,119,117,2,2
6064,108,99,9,9
6065,43,60,-17,17
6066,64,62,2,2
6067,83,85,-2,2
6068,141,132,9,9
6069,107,104,3,3
6070,35,57,-22,22
6071,119,115,4,4
6072,88,79,9,9
6073,77,83,-6,6
6074,75,73,2,2
6075,140,134,6,6
6076,66,70,-4,4
6077,121,127,-6,6
6078,47,60,-13,13
6079,68,74,-6,6
6080,112,102,10,10
6081,178,164,14,14
6082,87,93,-6,6
6083,164,149,15,15
6084,79,83,-4,4
6085,71,71,0,0
6086,111,128,-17,17
6087,78,83,-5,5
6088,160,170,-10,10
6089,98,98,0,0
6090,115,156,-41,41
6091,95,106,-11,11
6092,65,67,-2,2
6093,159,158,1,1
6094,85,84,1,1
6095,69,69,0,0
6096,116,120,-4,4
6097,55,61,-6,6
6098,96,99,-3,3
6099,94,87,7,7
6100,72,70,2,2
6101,94,84,10,10
6102,124,130,-6,6
6103,62,65,-3,3
6104,79,72,7,7
6105,146,133,13,13
6106,42,52,-10,10
6107,85,80,5,5
6108,100,87,13,13
6109,131,114,17,17
6110,72,79,-7,7
6111,49,55,-6,6
6112,116,109,7,7
6113,102,101,1,1
6114,135,133,2,2
6115,138,134,4,4
6116,40,62,-22,22
6117,104,100,4,4
6118,99,95,4,4
6119,50,52,-2,2
6120,108,107,1,1
6121,106,109,-3,3
6122,93,89,4,4
6123,155,156,-1,1
6124,127,122,5,5
6125,78,80,-2,2
6126,87,92,-5,5
6127,73,75,-2,2
6128,92,94,-2,2
6129,86,85,1,1
6130,117,115,2,2
6131,65,65,0,0
6132,44,42,2,2
6133,142,141,1,1
6134,83,91,-8,8
6135,104,99,5,5
6136,119,105,14,14
6137,112,109,3,3
6138,96,84,12,12
6139,58,66,-8,8
6140,44,50,-6,6
6141,107,113,-6,6
6142,115,114,1,1
6143,87,95,-8,8
6144,102,103,-1,1
6145,89,86,3,3
6146,119,115,4,4
6147,101,100,1,1
6148,55,60,-5,5
6149,92,84,8,8
6150,108,101,7,7
6151,57,60,-3,3
6152,119,113,6,6
6153,133,127,6,6
6154,80,83,-3,3
6155,66,71,-5,5
6156,114,108,6,6
6157,111,116,-5,5
6158,140,130,10,10
6159,108,90,18,18
6160,89,100,-11,11
6161,88,79,9,9
6162,76,84,-8,8
6163,80,80,0,0
6164,98,89,9,9
6165,73,73,0,0
6166,136,130,6,6
6167,50,54,-4,4
6168,88,99,-11,11
6169,69,72,-3,3
6170,151,143,8,8
6171,66,65,1,1
6172,73,72,1,1
6173,65,66,-1,1
6174,72,77,-5,5
6175,52,58,-6,6
6176,108,95,13,13
6177,86,83,3,3
6178,34,49,-15,15
6179,183,183,0,0
6180,54,55,-1,1
6181,122,127,-5,5
6182,64,69,-5,5
6183,75,77,-2,2
6184,105,98,7,7
6185,65,71,-6,6
6186,84,94,-10,10
6187,101,101,0,0
6188,117,112,5,5
6189,148,148,0,0
6190,66,68,-2,2
6191,106,112,-6,6
6192,147,128,19,19
6193,108,112,-4,4
6194,133,112,21,21
6195,42,51,-9,9
6196,67,65,2,2
6197,117,108,9,9
6198,127,133,-6,6
6199,84,82,2,2
6200,72,71,1,1
6201,77,74,3,3
6202,83,78,5,5
6203,77,88,-11,11
6204,133,129,4,4
6205,61,71,-10,10
6206,75,84,-9,9
6207,81,77,4,4
6208,95,92,3,3
6209,115,113,2,2
6210,106,98,8,8
6211,85,79,6,6
6212,89,86,3,3
6213,103,100,3,3
6214,78,76,2,2
6215,83,80,3,3
6216,128,113,15,15
6217,64,71,-7,7
6218,87,84,3,3
6219,108,98,10,10
6220,108,106,2,2
6221,77,75,2,2
6222,65,75,-10,10
6223,56,60,-4,4
6224,69,64,5,5
6225,83,87,-4,4
6226,93,99,-6,6
6227,85,85,0,0
6228,177,172,5,5
6229,52,58,-6,6
6230,35,41,-6,6
6231,128,115,13,13
6232,98,99,-1,1
6233,83,83,0,0
6234,67,68,-1,1
6235,102,103,-1,1
6236,115,114,1,1
6237,103,97,6,6
6238,99,103,-4,4
6239,100,100,0,0
6240,148,127,21,21
6241,67,70,-3,3
6242,131,127,4,4
6243,76,76,0,0
6244,91,91,0,0
6245,110,92,18,18
6246,133,133,0,0
6247,77,97,-20,20
6248,151,149,2,2
6249,130,138,-8,8
6250,80,83,-3,3
6251,86,86,0,0
6252,117,127,-10,10
6253,72,72,0,0
6254,104,107,-3,3
6255,108,101,7,7
6256,103,107,-4,4
6257,57,65,-8,8
6258,30,35,-5,5
6259,70,73,-3,3
6260,93,108,-15,15
6261,75,73,2,2
6262,46,52,-6,6
6263,169,134,35,35
6264,88,86,2,2
6265,71,76,-5,5
6266,97,103,-6,6
6267,133,123,10,10
6268,77,81,-4,4
6269,93,98,-5,5
6270,52,67,-15,15
6271,124,134,-10,10
6272,60,91,-31,31
6273,53,64,-11,11
6274,98,96,2,2
6275,105,91,14,14
6276,92,85,7,7
6277,106,99,7,7
6278,55,59,-4,4
6279,94,98,-4,4
6280,94,83,11,11
6281,67,72,-5,5
6282,109,98,11,11
6283,61,68,-7,7
6284,49,60,-11,11
6285,99,95,4,4
6286,109,103,6,6
6287,73,71,2,2
6288,107,104,3,3
6289,82,82,0,0
6290,122,116,6,6
6291,50,54,-4,4
6292,102,95,7,7
6293,99,97,2,2
6294,40,42,-2,2
6295,61,61,0,0
6296,94,98,-4,4
6297,55,62,-7,7
6298,66,68,-2,2
6299,58,69,-11,11
6300,139,149,-10,10
6301,104,91,13,13
6302,74,71,3,3
6303,77,72,5,5
6304,77,74,3,3
6305,91,91,0,0
6306,74,73,1,1
6307,63,66,-3,3
6308,56,60,-4,4
6309,103,112,-9,9
6310,83,86,-3,3
6311,69,78,-9,9
6312,165,152,13,13
6313,109,108,1,1
6314,93,82,11,11
6315,123,121,2,2
6316,142,136,6,6
6317,71,70,1,1
6318,102,104,-2,2
6319,81,80,1,1
6320,178,156,22,22
6321,75,71,4,4
6322,68,72,-4,4
6323,135,127,8,8
6324,103,107,-4,4
6325,108,112,-4,4
6326,62,77,-15,15
6327,95,102,-7,7
6328,114,104,10,10
6329,120,118,2,2
6330,124,129,-5,5
6331,90,92,-2,2
6332,29,34,-5,5
6333,69,74,-5,5
6334,61,73,-12,12
6335,85,82,3,3
6336,83,91,-8,8
6337,122,113,9,9
6338,148,140,8,8
6339,108,100,8,8
6340,96,101,-5,5
6341,75,79,-4,4
6342,101,112,-11,11
6343,81,78,3,3
6344,98,101,-3,3
6345,95,93,2,2
6346,100,96,4,4
6347,96,103,-7,7
6348,161,172,-11,11
6349,84,81,3,3
6350,55,60,-5,5
6351,59,68,-9,9
6352,124,125,-1,1
6353,137,133,4,4
6354,118,112,6,6
6355,144,126,18,18
6356,182,172,10,10
6357,126,120,6,6
6358,127,119,8,8
6359,111,110,1,1
6360,92,93,-1,1
6361,106,103,3,3
6362,74,78,-4,4
6363,68,83,-15,15
6364,108,114,-6,6
6365,95,87,8,8
6366,103,106,-3,3
6367,81,85,-4,4
6368,86,88,-2,2
6369,170,155,15,15
6370,50,57,-7,7
6371,51,60,-9,9
6372,94,85,9,9
6373,146,157,-11,11
6374,74,76,-2,2
6375,100,92,8,8
6376,128,113,15,15
6377,74,69,5,5
6378,108,106,2,2
6379,77,80,-3,3
6380,63,70,-7,7
6381,50,52,-2,2
6382,109,104,5,5
6383,52,60,-8,8
6384,68,80,-12,12
6385,90,98,-8,8
6386,80,85,-5,5
6387,55,68,-13,13
6388,103,97,6,6
6389,84,85,-1,1
6390,90,82,8,8
6391,66,77,-11,11
6392,167,161,6,6
6393,82,84,-2,2
6394,73,72,1,1
6395,86,93,-7,7
6396,71,75,-4,4
6397,80,84,-4,4
6398,92,99,-7,7
6399,117,107,10,10
6400,51,57,-6,6
6401,94,98,-4,4
6402,84,84,0,0
6403,135,136,-1,1
6404,66,74,-8,8
6405,151,147,4,4
6406,92,94,-2,2
6407,102,100,2,2
6408,116,106,10,10
6409,50,63,-13,13
6410,88,92,-4,4
6411,119,116,3,3
6412,107,112,-5,5
6413,93,100,-7,7
6414,142,134,8,8
6415,52,57,-5,5
6416,115,116,-1,1
6417,52,57,-5,5
6418,56,59,-3,3
6419,152,133,19,19
6420,83,75,8,8
6421,62,66,-4,4
6422,64,75,-11,11
6423,119,111,8,8
6424,157,134,23,23
6425,51,63,-12,12
6426,118,118,0,0
6427,58,68,-10,10
6428,94,92,2,2
6429,45,52,-7,7
6430,120,111,9,9
6431,88,88,0,0
6432,84,91,-7,7
6433,131,129,2,2
6434,98,95,3,3
6435,50,55,-5,5
6436,88,81,7,7
6437,101,116,-15,15
6438,78,75,3,3
6439,40,66,-26,26
6440,103,111,-8,8
6441,96,87,9,9
6442,83,81,2,2
6443,93,92,1,1
6444,82,75,7,7
6445,103,101,2,2
6446,41,65,-24,24
6447,39,53,-14,14
6448,60,59,1,1
6449,137,129,8,8
6450,46,47,-1,1
6451,51,59,-8,8
6452,82,84,-2,2
6453,131,120,11,11
6454,66,75,-9,9
6455,76,72,4,4
6456,204,190,14,14
6457,106,106,0,0
6458,72,70,2,2
6459,145,146,-1,1
6460,80,77,3,3
6461,89,94,-5,5
6462,148,155,-7,7
6463,141,125,16,16
6464,59,66,-7,7
6465,51,51,0,0
6466,88,85,3,3
6467,77,77,0,0
6468,103,116,-13,13
6469,94,84,10,10
6470,92,83,9,9
6471,82,78,4,4
6472,89,97,-8,8
6473,72,75,-3,3
6474,135,126,9,9
6475,135,125,10,10
6476,85,83,2,2
6477,63,69,-6,6
6478,173,166,7,7
6479,108,107,1,1
6480,141,125,16,16
6481,85,88,-3,3
6482,144,141,3,3
6483,66,69,-3,3
6484,86,89,-3,3
6485,84,76,8,8
6486,107,100,7,7
6487,60,64,-4,4
6488,62,72,-10,10
6489,174,176,-2,2
6490,68,65,3,3
6491,74,78,-4,4
6492,67,69,-2,2
6493,72,68,4,4
6494,117,110,7,7
6495,93,117,-24,24
6496,69,79,-10,10
6497,75,77,-2,2
6498,84,82,2,2
6499,101,103,-2,2
6500,78,77,1,1
6501,202,192,10,10
6502,97,110,-13,13
6503,79,81,-2,2
6504,97,105,-8,8
6505,60,70,-10,10
6506,58,60,-2,2
6507,113,123,-10,10
6508,63,66,-3,3
6509,79,78,1,1
6510,94,96,-2,2
6511,129,127,2,2
6512,142,141,1,1
6513,96,97,-1,1
6514,83,75,8,8
6515,137,127,10,10
6516,99,95,4,4
6517,92,95,-3,3
6518,92,102,-10,10
6519,69,69,0,0
6520,126,142,-16,16
6521,148,156,-8,8
6522,90,91,-1,1
6523,94,87,7,7
6524,111,110,1,1
6525,86,95,-9,9
6526,49,61,-12,12
6527,124,116,8,8
6528,107,110,-3,3
6529,129,126,3,3
6530,58,57,1,1
6531,70,70,0,0
6532,70,77,-7,7
6533,91,83,8,8
6534,86,77,9,9
6535,102,104,-2,2
6536,83,86,-3,3
6537,119,116,3,3
6538,76,79,-3,3
6539,49,54,-5,5
6540,94,80,14,14
6541,124,110,14,14
6542,65,67,-2,2
6543,96,110,-14,14
6544,170,166,4,4
6545,68,75,-7,7
6546,28,29,-1,1
6547,135,139,-4,4
6548,151,130,21,21
6549,80,85,-5,5
6550,79,96,-17,17
6551,68,81,-13,13
6552,118,106,12,12
6553,73,73,0,0
6554,104,115,-11,11
6555,147,132,15,15
6556,91,96,-5,5
6557,147,127,20,20
6558,55,65,-10,10
6559,66,70,-4,4
6560,121,113,8,8
6561,70,73,-3,3
6562,107,105,2,2
6563,153,149,4,4
6564,124,126,-2,2
6565,59,71,-12,12
6566,90,85,5,5
6567,57,69,-12,12
6568,129,115,14,14
6569,98,105,-7,7
6570,152,142,10,10
6571,55,65,-10,10
6572,93,73,20,20
6573,61,63,-2,2
6574,135,128,7,7
6575,72,68,4,4
6576,105,112,-7,7
6577,65,94,-29,29
6578,91,89,2,2
6579,117,112,5,5
6580,85,92,-7,7
6581,125,117,8,8
6582,57,69,-12,12
6583,151,139,12,12
6584,68,74,-6,6
6585,104,112,-8,8
6586,53,62,-9,9
6587,88,87,1,1
6588,91,85,6,6
6589,184,154,30,30
6590,99,97,2,2
6591,189,168,21,21
6592,186,169,17,17
6593,125,113,12,12
6594,62,74,-12,12
6595,103,102,1,1
6596,183,181,2,2
6597,62,61,1,1
6598,66,69,-3,3
6599,73,70,3,3
6600,114,112,2,2
6601,123,128,-5,5
6602,108,95,13,13
6603,115,106,9,9
6604,124,117,7,7
6605,66,78,-12,12
6606,104,87,17,17
6607,75,76,-1,1
6608,108,115,-7,7
6609,81,82,-1,1
6610,82,72,10,10
6611,80,74,6,6
6612,30,39,-9,9
6613,90,87,3,3
6614,62,65,-3,3
6615,86,80,6,6
6616,56,61,-5,5
6617,95,101,-6,6
6618,100,103,-3,3
6619,102,100,2,2
6620,102,107,-5,5
6621,59,62,-3,3
6622,152,136,16,16
6623,163,164,-1,1
6624,143,138,5,5
6625,162,155,7,7
6626,84,86,-2,2
6627,78,82,-4,4
6628,92,100,-8,8
6629,79,83,-4,4
6630,78,75,3,3
6631,120,107,13,13
6632,99,95,4,4
6633,103,90,13,13
6634,76,82,-6,6
6635,80,78,2,2
6636,66,69,-3,3
6637,128,125,3,3
6638,85,74,11,11
6639,100,104,-4,4
6640,46,59,-13,13
6641,125,125,0,0
6642,111,115,-4,4
6643,119,114,5,5
6644,59,65,-6,6
6645,55,59,-4,4
6646,158,152,6,6
6647,106,113,-7,7
6648,136,137,-1,1
6649,108,101,7,7
6650,124,119,5,5
6651,106,109,-3,3
6652,92,83,9,9
6653,118,123,-5,5
6654,108,103,5,5
6655,114,112,2,2
6656,51,59,-8,8
6657,85,83,2,2
6658,61,85,-24,24
6659,74,74,0,0
6660,67,69,-2,2
6661,108,104,4,4
6662,132,127,5,5
6663,78,72,6,6
6664,102,112,-10,10
6665,175,149,26,26
6666,140,135,5,5
6667,93,87,6,6
6668,75,80,-5,5
6669,98,99,-1,1
6670,98,88,10,10
6671,119,110,9,9
6672,121,149,-28,28
6673,94,98,-4,4
6674,117,103,14,14
6675,108,112,-4,4
6676,87,106,-19,19
6677,100,96,4,4
6678,88,83,5,5
6679,86,72,14,14
6680,65,69,-4,4
6681,81,79,2,2
6682,89,88,1,1
6683,114,103,11,11
6684,108,107,1,1
6685,95,84,11,11
6686,100,100,0,0
6687,98,100,-2,2
6688,88,85,3,3
6689,95,96,-1,1
6690,92,89,3,3
6691,161,155,6,6
6692,57,59,-2,2
6693,89,90,-1,1
6694,67,59,8,8
6695,101,103,-2,2
6696,102,111,-9,9
6697,84,84,0,0
6698,64,65,-1,1
6699,127,128,-1,1
6700,97,100,-3,3
6701,101,103,-2,2
6702,65,72,-7,7
6703,89,84,5,5
6704,70,71,-1,1
6705,67,74,-7,7
6706,169,162,7,7
6707,59,72,-13,13
6708,163,149,14,14
6709,38,45,-7,7
6710,117,115,2,2
6711,53,59,-6,6
6712,52,58,-6,6
6713,120,118,2,2
6714,80,72,8,8
6715,52,63,-11,11
6716,127,145,-18,18
6717,87,94,-7,7
6718,54,79,-25,25
6719,66,64,2,2
6720,98,96,2,2
6721,112,113,-1,1
6722,56,62,-6,6
6723,114,111,3,3
6724,90,87,3,3
6725,87,88,-1,1
6726,58,66,-8,8
6727,118,115,3,3
6728,96,100,-4,4
6729,102,112,-10,10
6730,84,89,-5,5
6731,111,106,5,5
6732,62,69,-7,7
6733,73,72,1,1
6734,69,72,-3,3
6735,133,126,7,7
6736,87,80,7,7
6737,64,66,-2,2
6738,85,87,-2,2
6739,103,98,5,5
6740,86,82,4,4
6741,68,71,-3,3
6742,145,148,-3,3
6743,74,69,5,5
6744,91,100,-9,9
6745,102,96,6,6
6746,128,125,3,3
6747,104,110,-6,6
6748,110,119,-9,9
6749,56,59,-3,3
6750,83,85,-2,2
6751,109,113,-4,4
6752,77,75,2,2
6753,164,143,21,21
6754,137,135,2,2
6755,134,124,10,10
6756,172,167,5,5
6757,116,112,4,4
6758,80,79,1,1
6759,50,59,-9,9
6760,168,153,15,15
6761,68,75,-7,7
6762,88,91,-3,3
6763,48,53,-5,5
6764,60,63,-3,3
6765,135,136,-1,1
6766,75,68,7,7
6767,187,177,10,10
6768,78,73,5,5
6769,117,100,17,17
6770,109,115,-6,6
6771,79,73,6,6
6772,80,80,0,0
6773,72,75,-3,3
6774,105,106,-1,1
6775,130,136,-6,6
6776,108,114,-6,6
6777,39,49,-10,10
6778,94,100,-6,6
6779,76,84,-8,8
6780,84,85,-1,1
6781,110,120,-10,10
6782,79,78,1,1
6783,129,111,18,18
6784,66,70,-4,4
6785,73,76,-3,3
6786,90,83,7,7
6787,69,73,-4,4
6788,76,69,7,7
6789,96,112,-16,16
6790,113,113,0,0
6791,118,115,3,3
6792,78,76,2,2
6793,92,85,7,7
6794,96,89,7,7
6795,111,118,-7,7
6796,143,151,-8,8
6797,101,99,2,2
6798,99,104,-5,5
6799,110,121,-11,11
6800,105,112,-7,7
6801,79,80,-1,1
6802,80,93,-13,13
6803,54,58,-4,4
6804,86,83,3,3
6805,66,76,-10,10
6806,96,93,3,3
6807,151,150,1,1
6808,78,102,-24,24
6809,82,94,-12,12
6810,93,87,6,6
6811,57,69,-12,12
6812,129,121,8,8
6813,89,85,4,4
6814,83,81,2,2
6815,72,80,-8,8
6816,85,84,1,1
6817,58,64,-6,6
6818,69,72,-3,3
6819,69,82,-13,13
6820,55,56,-1,1
6821,114,105,9,9
6822,145,129,16,16
6823,81,89,-8,8
6824,41,54,-13,13
6825,88,105,-17,17
6826,108,112,-4,4
6827,104,102,2,2
6828,74,68,6,6
6829,111,109,2,2
6830,74,74,0,0
6831,82,77,5,5
6832,129,123,6,6
6833,75,80,-5,5
6834,137,126,11,11
6835,135,129,6,6
6836,93,82,11,11
6837,73,85,-12,12
6838,125,124,1,1
6839,110,122,-12,12
6840,147,163,-16,16
6841,86,94,-8,8
6842,96,91,5,5
6843,104,101,3,3
6844,110,113,-3,3
6845,80,80,0,0
6846,66,74,-8,8
6847,168,166,2,2
6848,123,134,-11,11
6849,138,141,-3,3
6850,66,70,-4,4
6851,66,66,0,0
6852,143,129,14,14
6853,88,77,11,11
6854,76,84,-8,8
6855,143,146,-3,3
6856,108,103,5,5
6857,74,73,1,1
6858,76,75,1,1
6859,59,65,-6,6
6860,87,82,5,5
6861,113,114,-1,1
6862,57,61,-4,4
6863,56,70,-14,14
6864,102,94,8,8
6865,74,76,-2,2
6866,89,93,-4,4
6867,75,82,-7,7
6868,128,129,-1,1
6869,106,114,-8,8
6870,92,84,8,8
6871,138,141,-3,3
6872,75,71,4,4
6873,103,102,1,1
6874,120,111,9,9
6875,136,125,11,11
6876,72,75,-3,3
6877,128,137,-9,9
6878,128,127,1,1
6879,150,149,1,1
6880,86,82,4,4
6881,85,84,1,1
6882,62,66,-4,4
6883,76,76,0,0
6884,123,121,2,2
6885,64,69,-5,5
6886,116,118,-2,2
6887,62,68,-6,6
6888,81,82,-1,1
6889,118,111,7,7
6890,117,116,1,1
6891,123,113,10,10
6892,144,126,18,18
6893,109,108,1,1
6894,79,78,1,1
6895,97,103,-6,6
6896,87,78,9,9
6897,55,60,-5,5
6898,65,70,-5,5
6899,103,104,-1,1
6900,90,79,11,11
6901,87,83,4,4
6902,43,52,-9,9
6903,92,90,2,2
6904,147,154,-7,7
6905,106,101,5,5
6906,68,77,-9,9
6907,71,67,4,4
6908,97,99,-2,2
6909,93,94,-1,1
6910,69,86,-17,17
6911,92,100,-8,8
6912,77,83,-6,6
6913,132,128,4,4
6914,87,86,1,1
6915,118,112,6,6
6916,58,63,-5,5
6917,43,40,3,3
6918,80,85,-5,5
6919,118,112,6,6
6920,107,120,-13,13
6921,132,128,4,4
6922,86,93,-7,7
6923,114,109,5,5
6924,85,80,5,5
6925,66,71,-5,5
6926,65,66,-1,1
6927,84,87,-3,3
6928,122,119,3,3
6929,74,79,-5,5
6930,154,160,-6,6
6931,93,93,0,0
6932,40,68,-28,28
6933,88,81,7,7
6934,84,85,-1,1
6935,67,70,-3,3
6936,113,117,-4,4
6937,110,112,-2,2
6938,217,194,23,23
6939,99,104,-5,5
6940,107,113,-6,6
6941,120,119,1,1
6942,116,109,7,7
6943,70,82,-12,12
6944,86,82,4,4
6945,89,95,-6,6
6946,75,74,1,1
6947,72,73,-1,1
6948,75,76,-1,1
6949,55,68,-13,13
6950,196,195,1,1
6951,114,106,8,8
6952,142,93,49,49
6953,76,79,-3,3
6954,71,68,3,3
6955,80,85,-5,5
6956,81,78,3,3
6957,106,92,14,14
6958,126,120,6,6
6959,114,116,-2,2
6960,90,89,1,1
6961,134,127,7,7
6962,112,112,0,0
6963,86,87,-1,1
6964,109,118,-9,9
6965,98,108,-10,10
6966,123,125,-2,2
6967,48,50,-2,2
6968,89,88,1,1
6969,141,143,-2,2
6970,122,119,3,3
6971,65,77,-12,12
6972,163,155,8,8
6973,106,101,5,5
6974,145,144,1,1
6975,65,65,0,0
6976,111,97,14,14
6977,110,113,-3,3
6978,40,47,-7,7
6979,77,77,0,0
6980,81,77,4,4
6981,136,130,6,6
6982,124,131,-7,7
6983,107,112,-5,5
6984,83,83,0,0
6985,137,130,7,7
6986,93,95,-2,2
6987,95,96,-1,1
6988,82,95,-13,13
6989,91,93,-2,2
6990,139,123,16,16
6991,49,55,-6,6
6992,36,38,-2,2
6993,76,69,7,7
6994,57,66,-9,9
6995,128,134,-6,6
6996,77,96,-19,19
6997,86,88,-2,2
6998,144,141,3,3
6999,72,75,-3,3
7000,48,57,-9,9
7001,86,80,6,6
7002,96,89,7,7
7003,67,69,-2,2
7004,65,70,-5,5
7005,132,117,15,15
7006,128,123,5,5
7007,115,108,7,7
7008,109,113,-4,4
7009,63,67,-4,4
7010,55,66,-11,11
7011,119,107,12,12
7012,70,66,4,4
7013,125,116,9,9
7014,146,134,12,12
7015,84,84,0,0
7016,120,125,-5,5
7017,83,87,-4,4
7018,68,68,0,0
7019,106,102,4,4
7020,147,125,22,22
7021,81,81,0,0
7022,87,94,-7,7
7023,86,83,3,3
7024,67,75,-8,8
7025,100,95,5,5
7026,81,85,-4,4
7027,70,79,-9,9
7028,94,90,4,4
7029,123,112,11,11
7030,121,114,7,7
7031,71,76,-5,5
7032,73,73,0,0
7033,79,80,-1,1
7034,98,105,-7,7
7035,147,117,30,30
7036,86,82,4,4
7037,83,76,7,7
7038,117,111,6,6
7039,93,99,-6,6
7040,44,54,-10,10
7041,68,74,-6,6
7042,74,76,-2,2
7043,76,96,-20,20
7044,96,90,6,6
7045,80,69,11,11
7046,73,84,-11,11
7047,93,84,9,9
7048,48,56,-8,8
7049,85,84,1,1
7050,140,139,1,1
7051,81,82,-1,1
7052,57,58,-1,1
7053,93,87,6,6
7054,119,121,-2,2
7055,129,135,-6,6
7056,88,85,3,3
7057,101,95,6,6
7058,91,92,-1,1
7059,59,60,-1,1
7060,109,118,-9,9
7061,89,81,8,8
7062,101,87,14,14
7063,116,109,7,7
7064,86,85,1,1
7065,113,111,2,2
7066,101,97,4,4
7067,110,114,-4,4
7068,115,143,-28,28
7069,137,147,-10,10
7070,64,75,-11,11
7071,133,122,11,11
7072,80,85,-5,5
7073,61,60,1,1
7074,116,122,-6,6
7075,154,150,4,4
7076,69,71,-2,2
7077,123,123,0,0
7078,63,69,-6,6
7079,99,117,-18,18
7080,52,56,-4,4
7081,86,83,3,3
7082,79,77,2,2
7083,97,106,-9,9
7084,68,74,-6,6
7085,79,83,-4,4
7086,82,75,7,7
7087,66,63,3,3
7088,28,29,-1,1
7089,54,69,-15,15
7090,76,75,1,1
7091,74,83,-9,9
7092,97,99,-2,2
7093,82,79,3,3
7094,103,104,-1,1
7095,61,62,-1,1
7096,69,65,4,4
7097,60,68,-8,8
7098,61,86,-25,25
7099,100,105,-5,5
7100,100,104,-4,4
7101,129,118,11,11
7102,184,168,16,16
7103,119,120,-1,1
7104,91,83,8,8
7105,99,109,-10,10
7106,100,98,2,2
7107,58,67,-9,9
7108,70,72,-2,2
7109,76,84,-8,8
7110,77,76,1,1
7111,70,68,2,2
7112,116,111,5,5
7113,149,144,5,5
7114,124,126,-2,2
7115,139,117,22,22
7116,142,151,-9,9
7117,77,82,-5,5
7118,96,86,10,10
7119,215,189,26,26
7120,70,73,-3,3
7121,118,119,-1,1
7122,89,91,-2,2
7123,106,100,6,6
7124,117,115,2,2
7125,60,67,-7,7
7126,67,73,-6,6
7127,149,153,-4,4
7128,364,402,-38,38
7129,110,103,7,7
7130,106,99,7,7
7131,161,165,-4,4
7132,119,131,-12,12
7133,113,144,-31,31
7134,100,103,-3,3
7135,51,62,-11,11
7136,121,117,4,4
7137,108,109,-1,1
7138,107,106,1,1
7139,62,66,-4,4
7140,84,85,-1,1
7141,93,83,10,10
7142,143,141,2,2
7143,136,128,8,8
7144,53,66,-13,13
7145,97,102,-5,5
7146,139,144,-5,5
7147,126,132,-6,6
7148,46,60,-14,14
7149,172,171,1,1
7150,101,101,0,0
7151,89,94,-5,5
7152,118,112,6,6
7153,71,73,-2,2
7154,120,124,-4,4
7155,77,77,0,0
7156,145,130,15,15
7157,45,43,2,2
7158,80,77,3,3
7159,58,68,-10,10
7160,117,110,7,7
7161,91,90,1,1
7162,192,180,12,12
7163,68,67,1,1
7164,71,66,5,5
7165,82,79,3,3
7166,84,83,1,1
7167,70,79,-9,9
7168,47,60,-13,13
7169,95,90,5,5
7170,59,66,-7,7
7171,154,143,11,11
7172,131,124,7,7
7173,98,102,-4,4
7174,38,50,-12,12
7175,86,92,-6,6
7176,55,61,-6,6
7177,40,45,-5,5
7178,119,115,4,4
7179,247,223,24,24
7180,96,102,-6,6
7181,69,75,-6,6
7182,87,94,-7,7
7183,93,102,-9,9
7184,84,80,4,4
7185,127,131,-4,4
7186,106,102,4,4
7187,62,66,-4,4
7188,84,87,-3,3
7189,48,58,-10,10
7190,116,125,-9,9
7191,83,79,4,4
7192,123,127,-4,4
7193,97,90,7,7
7194,119,108,11,11
7195,113,114,-1,1
7196,70,75,-5,5
7197,123,128,-5,5
7198,86,81,5,5
7199,49,58,-9,9
7200,113,114,-1,1
7201,100,102,-2,2
7202,131,129,2,2
7203,93,93,0,0
7204,92,84,8,8
7205,73,71,2,2
7206,61,65,-4,4
7207,72,68,4,4
7208,91,91,0,0
7209,86,86,0,0
7210,82,79,3,3
7211,179,176,3,3
7212,121,107,14,14
7213,58,64,-6,6
7214,83,75,8,8
7215,100,83,17,17
7216,84,81,3,3
7217,76,74,2,2
7218,83,75,8,8
7219,81,80,1,1
7220,119,117,2,2
7221,160,148,12,12
7222,97,100,-3,3
7223,143,156,-13,13
7224,49,44,5,5
7225,188,170,18,18
7226,79,79,0,0
7227,62,66,-4,4
7228,71,66,5,5
7229,114,125,-11,11
7230,167,170,-3,3
7231,100,90,10,10
7232,90,84,6,6
7233,106,109,-3,3
7234,129,132,-3,3
7235,81,78,3,3
7236,52,57,-5,5
7237,86,83,3,3
7238,92,109,-17,17
7239,59,68,-9,9
7240,98,104,-6,6
7241,94,91,3,3
7242,173,168,5,5
7243,82,90,-8,8
7244,121,118,3,3
7245,84,76,8,8
7246,44,44,0,0
7247,88,94,-6,6
7248,91,84,7,7
7249,97,94,3,3
7250,46,51,-5,5
7251,114,112,2,2
7252,108,100,8,8
7253,66,69,-3,3
7254,71,72,-1,1
7255,76,76,0,0
7256,159,156,3,3
7257,39,29,10,10
7258,47,58,-11,11
7259,142,125,17,17
7260,124,131,-7,7
7261,109,112,-3,3
7262,110,114,-4,4
7263,59,60,-1,1
7264,107,98,9,9
7265,59,62,-3,3
7266,93,97,-4,4
7267,96,101,-5,5
7268,40,54,-14,14
7269,124,123,1,1
7270,90,77,13,13
7271,52,59,-7,7
7272,95,87,8,8
7273,81,75,6,6
7274,171,157,14,14
7275,78,69,9,9
7276,97,84,13,13
7277,82,90,-8,8
7278,93,89,4,4
7279,106,110,-4,4
7280,129,119,10,10
7281,110,116,-6,6
7282,28,59,-31,31
7283,152,156,-4,4
7284,113,102,11,11
7285,62,64,-2,2
7286,51,55,-4,4
7287,167,177,-10,10
7288,60,59,1,1
7289,176,166,10,10
7290,139,140,-1,1
7291,193,188,5,5
7292,78,81,-3,3
7293,76,73,3,3
7294,80,75,5,5
7295,86,105,-19,19
7296,102,94,8,8
7297,51,54,-3,3
7298,32,29,3,3
7299,133,121,12,12
7300,160,148,12,12
7301,75,74,1,1
7302,84,77,7,7
7303,85,86,-1,1
7304,89,93,-4,4
7305,69,68,1,1
7306,113,114,-1,1
7307,69,69,0,0
7308,76,82,-6,6
7309,56,77,-21,21
7310,86,76,10,10
7311,92,100,-8,8
7312,54,61,-7,7
7313,100,92,8,8
7314,37,43,-6,6
7315,140,135,5,5
7316,57,72,-15,15
7317,83,87,-4,4
7318,75,68,7,7
7319,59,64,-5,5
7320,99,117,-18,18
7321,108,103,5,5
7322,93,100,-7,7
7323,78,84,-6,6
7324,166,165,1,1
7325,81,83,-2,2
7326,80,80,0,0
7327,166,144,22,22
7328,56,62,-6,6
7329,108,111,-3,3
7330,88,85,3,3
7331,124,133,-9,9
7332,71,75,-4,4
7333,111,100,11,11
7334,77,89,-12,12
7335,84,80,4,4
7336,85,83,2,2
7337,103,96,7,7
7338,67,77,-10,10
7339,128,118,10,10
7340,54,55,-1,1
7341,98,97,1,1
7342,115,133,-18,18
7343,80,78,2,2
7344,66,68,-2,2
7345,84,78,6,6
7346,179,174,5,5
7347,70,74,-4,4
7348,93,96,-3,3
7349,139,153,-14,14
7350,136,125,11,11
7351,173,171,2,2
7352,112,107,5,5
7353,76,84,-8,8
7354,112,114,-2,2
7355,118,126,-8,8
7356,109,102,7,7
7357,101,110,-9,9
7358,105,97,8,8
7359,67,68,-1,1
7360,131,124,7,7
7361,41,57,-16,16
7362,49,54,-5,5
7363,113,112,1,1
7364,137,141,-4,4
7365,96,102,-6,6
7366,68,70,-2,2
7367,110,120,-10,10
7368,70,74,-4,4
7369,155,163,-8,8
7370,58,60,-2,2
7371,140,151,-11,11
7372,119,122,-3,3
7373,67,71,-4,4
7374,79,82,-3,3
7375,68,69,-1,1
7376,62,64,-2,2
7377,48,57,-9,9
7378,104,109,-5,5
7379,67,76,-9,9
7380,63,69,-6,6
7381,70,71,-1,1
7382,83,88,-5,5
7383,66,66,0,0
7384,67,78,-11,11
7385,54,58,-4,4
7386,144,148,-4,4
7387,68,72,-4,4
7388,76,80,-4,4
7389,62,64,-2,2
7390,147,133,14,14
7391,80,99,-19,19
7392,53,59,-6,6
7393,73,73,0,0
7394,74,72,2,2
7395,63,72,-9,9
7396,111,113,-2,2
7397,199,178,21,21
7398,90,91,-1,1
7399,65,68,-3,3
7400,68,66,2,2
7401,81,80,1,1
7402,95,95,0,0
7403,83,84,-1,1
7404,99,84,15,15
7405,64,74,-10,10
7406,70,73,-3,3
7407,62,61,1,1
7408,60,68,-8,8
7409,84,90,-6,6
7410,63,66,-3,3
7411,91,97,-6,6
7412,53,71,-18,18
7413,114,104,10,10
7414,102,101,1,1
7415,80,66,14,14
7416,85,96,-11,11
7417,112,116,-4,4
7418,86,86,0,0
7419,61,69,-8,8
7420,118,110,8,8
7421,108,90,18,18
7422,179,160,19,19
7423,87,87,0,0
7424,185,169,16,16
7425,91,85,6,6
7426,73,77,-4,4
7427,63,59,4,4
7428,159,142,17,17
7429,146,147,-1,1
7430,75,84,-9,9
7431,73,75,-2,2
7432,107,99,8,8
7433,93,93,0,0
7434,89,96,-7,7
7435,82,99,-17,17
7436,79,76,3,3
7437,50,57,-7,7
7438,69,74,-5,5
7439,89,95,-6,6
7440,145,151,-6,6
7441,84,95,-11,11
7442,115,121,-6,6
7443,103,123,-20,20
7444,90,99,-9,9
7445,57,58,-1,1
7446,118,103,15,15
7447,99,103,-4,4
7448,124,115,9,9
7449,102,112,-10,10
7450,97,95,2,2
7451,64,66,-2,2
7452,78,73,5,5
7453,121,122,-1,1
7454,163,154,9,9
7455,63,62,1,1
7456,53,63,-10,10
7457,71,73,-2,2
7458,79,81,-2,2
7459,102,104,-2,2
7460,130,124,6,6
7461,114,113,1,1
7462,118,125,-7,7
7463,93,98,-5,5
7464,78,75,3,3
7465,87,90,-3,3
7466,107,101,6,6
7467,105,103,2,2
7468,135,137,-2,2
7469,64,66,-2,2
7470,80,77,3,3
7471,79,88,-9,9
7472,156,158,-2,2
7473,123,126,-3,3
7474,81,92,-11,11
7475,91,94,-3,3
7476,184,167,17,17
7477,62,71,-9,9
7478,76,84,-8,8
7479,112,111,1,1
7480,60,69,-9,9
7481,103,98,5,5
7482,83,83,0,0
7483,69,70,-1,1
7484,206,198,8,8
7485,78,82,-4,4
7486,82,75,7,7
7487,81,84,-3,3
7488,39,37,2,2
7489,109,113,-4,4
7490,32,53,-21,21
7491,65,73,-8,8
7492,88,86,2,2
7493,94,97,-3,3
7494,87,95,-8,8
7495,74,71,3,3
7496,88,83,5,5
7497,103,111,-8,8
7498,72,66,6,6
7499,83,83,0,0
7500,197,206,-9,9
7501,41,48,-7,7
7502,76,75,1,1
7503,129,115,14,14
7504,40,65,-25,25
7505,136,138,-2,2
7506,62,65,-3,3
7507,66,67,-1,1
7508,106,117,-11,11
7509,62,63,-1,1
7510,109,104,5,5
7511,136,126,10,10
7512,100,100,0,0
7513,160,154,6,6
7514,105,103,2,2
7515,122,113,9,9
7516,98,103,-5,5
7517,78,75,3,3
7518,75,79,-4,4
7519,67,70,-3,3
7520,56,60,-4,4
7521,60,62,-2,2
7522,38,40,-2,2
7523,53,62,-9,9
7524,57,73,-16,16
7525,113,108,5,5
7526,83,77,6,6
7527,81,74,7,7
7528,136,138,-2,2
7529,78,73,5,5
7530,89,88,1,1
7531,86,85,1,1
7532,68,73,-5,5
7533,156,153,3,3
7534,85,83,2,2
7535,126,126,0,0
7536,57,70,-13,13
7537,114,116,-2,2
7538,113,103,10,10
7539,75,83,-8,8
7540,130,124,6,6
7541,79,66,13,13
7542,112,109,3,3
7543,120,121,-1,1
7544,76,79,-3,3
7545,86,79,7,7
7546,60,63,-3,3
7547,52,62,-10,10
7548,80,73,7,7
7549,136,128,8,8
7550,71,74,-3,3
7551,152,153,-1,1
7552,59,67,-8,8
7553,88,79,9,9
7554,71,70,1,1
7555,71,68,3,3
7556,88,95,-7,7
7557,44,56,-12,12
7558,95,101,-6,6
7559,99,94,5,5
7560,74,83,-9,9
7561,148,138,10,10
7562,74,72,2,2
7563,103,90,13,13
7564,70,66,4,4
7565,128,116,12,12
7566,70,74,-4,4
7567,69,77,-8,8
7568,95,80,15,15
7569,125,125,0,0
7570,87,92,-5,5
7571,130,129,1,1
7572,105,117,-12,12
7573,96,93,3,3
7574,90,94,-4,4
7575,52,57,-5,5
7576,77,92,-15,15
7577,143,140,3,3
7578,97,109,-12,12
7579,81,83,-2,2
7580,55,56,-1,1
7581,122,135,-13,13
7582,59,67,-8,8
7583,106,105,1,1
7584,146,132,14,14
7585,62,65,-3,3
7586,122,120,2,2
7587,166,156,10,10
7588,76,71,5,5
7589,82,87,-5,5
7590,114,108,6,6
7591,113,122,-9,9
7592,94,94,0,0
7593,113,117,-4,4
7594,79,82,-3,3
7595,106,105,1,1
7596,123,123,0,0
7597,118,113,5,5
7598,80,77,3,3
7599,94,94,0,0
7600,89,83,6,6
7601,64,63,1,1
7602,113,115,-2,2
7603,137,129,8,8
7604,53,105,-52,52
7605,133,134,-1,1
7606,65,81,-16,16
7607,78,81,-3,3
7608,40,35,5,5
7609,60,66,-6,6
7610,52,60,-8,8
7611,136,127,9,9
7612,155,153,2,2
7613,94,99,-5,5
7614,75,77,-2,2
7615,36,48,-12,12
7616,132,124,8,8
7617,117,113,4,4
7618,136,146,-10,10
7619,141,129,12,12
7620,65,73,-8,8
7621,96,83,13,13
7622,68,76,-8,8
7623,144,125,19,19
7624,148,146,2,2
7625,117,116,1,1
7626,60,72,-12,12
7627,98,100,-2,2
7628,114,111,3,3
7629,139,125,14,14
7630,109,100,9,9
7631,69,77,-8,8
7632,105,101,4,4
7633,116,111,5,5
7634,72,71,1,1
7635,74,78,-4,4
7636,102,109,-7,7
7637,62,57,5,5
7638,36,29,7,7
7639,94,91,3,3
7640,78,80,-2,2
7641,150,139,11,11
7642,81,80,1,1
7643,154,152,2,2
7644,115,120,-5,5
7645,44,60,-16,16
7646,88,93,-5,5
7647,80,76,4,4
7648,75,72,3,3
7649,58,60,-2,2
7650,124,120,4,4
7651,90,89,1,1
7652,117,110,7,7
7653,93,85,8,8
7654,133,129,4,4
7655,71,67,4,4
7656,82,83,-1,1
7657,66,70,-4,4
7658,69,72,-3,3
7659,112,108,4,4
7660,114,106,8,8
7661,81,71,10,10
7662,110,112,-2,2
7663,76,72,4,4
7664,97,101,-4,4
7665,83,82,1,1
7666,73,75,-2,2
7667,109,106,3,3
7668,67,70,-3,3
7669,101,108,-7,7
7670,74,72,2,2
7671,122,120,2,2
7672,51,64,-13,13
7673,80,95,-15,15
7674,118,115,3,3
7675,87,80,7,7
7676,84,77,7,7
7677,135,125,10,10
7678,51,100,-49,49
7679,121,105,16,16
7680,60,64,-4,4
7681,150,147,3,3
7682,41,51,-10,10
7683,55,60,-5,5
7684,149,131,18,18
7685,136,132,4,4
7686,121,106,15,15
7687,121,115,6,6
7688,50,65,-15,15
7689,61,60,1,1
7690,129,124,5,5
7691,83,98,-15,15
7692,83,99,-16,16
7693,77,74,3,3
7694,110,104,6,6
7695,110,100,10,10
7696,108,117,-9,9
7697,95,100,-5,5
7698,91,87,4,4
7699,99,92,7,7
7700,105,105,0,0
7701,104,130,-26,26
7702,82,81,1,1
7703,68,69,-1,1
7704,77,77,0,0
7705,103,99,4,4
7706,87,89,-2,2
7707,55,58,-3,3
7708,94,90,4,4
7709,67,70,-3,3
7710,75,94,-19,19
7711,137,137,0,0
7712,69,71,-2,2
7713,67,69,-2,2
7714,77,91,-14,14
7715,68,71,-3,3
7716,117,117,0,0
7717,109,122,-13,13
7718,164,149,15,15
7719,102,116,-14,14
7720,77,87,-10,10
7721,71,83,-12,12
7722,71,76,-5,5
7723,146,130,16,16
7724,40,40,0,0
7725,121,114,7,7
7726,86,77,9,9
7727,99,100,-1,1
7728,68,75,-7,7
7729,89,76,13,13
7730,71,76,-5,5
7731,72,74,-2,2
7732,49,55,-6,6
7733,155,126,29,29
7734,145,148,-3,3
7735,102,109,-7,7
7736,131,127,4,4
7737,101,83,18,18
7738,61,70,-9,9
7739,108,116,-8,8
7740,62,71,-9,9
7741,93,85,8,8
7742,84,83,1,1
7743,56,94,-38,38
7744,143,133,10,10
7745,145,137,8,8
7746,103,97,6,6
7747,88,87,1,1
7748,96,94,2,2
7749,63,68,-5,5
7750,88,94,-6,6
7751,50,64,-14,14
7752,106,111,-5,5
7753,89,76,13,13
7754,101,108,-7,7
7755,134,127,7,7
7756,91,86,5,5
7757,134,140,-6,6
7758,79,85,-6,6
7759,161,151,10,10
7760,127,126,1,1
7761,88,92,-4,4
7762,61,71,-10,10
7763,60,74,-14,14
7764,102,96,6,6
7765,140,147,-7,7
7766,69,73,-4,4
7767,101,113,-12,12
7768,175,170,5,5
7769,129,143,-14,14
7770,115,113,2,2
7771,88,102,-14,14
7772,79,78,1,1
7773,102,107,-5,5
7774,43,49,-6,6
7775,97,97,0,0
7776,132,138,-6,6
7777,58,61,-3,3
7778,89,98,-9,9
7779,90,92,-2,2
7780,98,105,-7,7
7781,102,101,1,1
7782,88,93,-5,5
7783,106,104,2,2
7784,99,94,5,5
7785,151,144,7,7
7786,111,99,12,12
7787,65,67,-2,2
7788,71,72,-1,1
7789,79,95,-16,16
7790,65,67,-2,2
7791,136,126,10,10
7792,151,155,-4,4
7793,108,106,2,2
7794,121,110,11,11
7795,54,64,-10,10
7796,96,103,-7,7
7797,98,88,10,10
7798,62,69,-7,7
7799,78,80,-2,2
7800,97,96,1,1
7801,80,76,4,4
7802,65,71,-6,6
7803,74,75,-1,1
7804,118,122,-4,4
7805,109,102,7,7
7806,99,101,-2,2
7807,78,90,-12,12
7808,59,70,-11,11
7809,84,94,-10,10
7810,108,112,-4,4
7811,89,97,-8,8
7812,119,109,10,10
7813,182,166,16,16
7814,133,119,14,14
7815,90,99,-9,9
7816,144,159,-15,15
7817,109,107,2,2
7818,154,142,12,12
7819,54,56,-2,2
7820,59,66,-7,7
7821,120,117,3,3
7822,113,122,-9,9
7823,90,83,7,7
7824,119,113,6,6
7825,72,75,-3,3
7826,173,164,9,9
7827,252,232,20,20
7828,123,133,-10,10
7829,178,172,6,6
7830,207,173,34,34
7831,86,95,-9,9
7832,61,59,2,2
7833,82,93,-11,11
7834,77,77,0,0
7835,90,86,4,4
7836,85,104,-19,19
7837,133,146,-13,13
7838,67,70,-3,3
7839,71,77,-6,6
7840,118,127,-9,9
7841,168,173,-5,5
7842,101,101,0,0
7843,126,116,10,10
7844,127,126,1,1
7845,197,187,10,10
7846,67,68,-1,1
7847,59,61,-2,2
7848,139,134,5,5
7849,84,84,0,0
7850,75,78,-3,3
7851,124,121,3,3
7852,61,66,-5,5
7853,78,77,1,1
7854,102,94,8,8
7855,50,51,-1,1
7856,72,81,-9,9
7857,98,109,-11,11
7858,109,103,6,6
7859,97,90,7,7
7860,79,73,6,6
7861,73,75,-2,2
7862,114,106,8,8
7863,118,113,5,5
7864,101,108,-7,7
7865,103,106,-3,3
7866,49,58,-9,9
7867,49,61,-12,12
7868,37,53,-16,16
7869,121,118,3,3
7870,69,71,-2,2
7871,126,127,-1,1
7872,91,88,3,3
7873,119,113,6,6
7874,105,103,2,2
7875,129,125,4,4
7876,83,77,6,6
7877,99,96,3,3
7878,106,113,-7,7
7879,67,67,0,0
7880,132,132,0,0
7881,110,100,10,10
7882,72,69,3,3
7883,126,120,6,6
7884,129,142,-13,13
7885,74,75,-1,1
7886,131,129,2,2
7887,97,100,-3,3
7888,118,125,-7,7
7889,124,123,1,1
7890,66,72,-6,6
7891,99,116,-17,17
7892,93,93,0,0
7893,169,169,0,0
7894,109,116,-7,7
7895,194,183,11,11
7896,131,120,11,11
7897,67,70,-3,3
7898,102,104,-2,2
7899,126,120,6,6
7900,166,171,-5,5
7901,52,64,-12,12
7902,129,144,-15,15
7903,175,169,6,6
7904,77,71,6,6
7905,52,53,-1,1
7906,73,70,3,3
7907,97,102,-5,5
7908,49,57,-8,8
7909,112,112,0,0
7910,108,114,-6,6
7911,91,84,7,7
7912,84,107,-23,23
7913,35,51,-16,16
7914,182,192,-10,10
7915,61,66,-5,5
7916,61,56,5,5
7917,79,79,0,0
7918,55,61,-6,6
7919,64,67,-3,3
7920,142,130,12,12
7921,66,70,-4,4
7922,74,80,-6,6
7923,150,144,6,6
7924,99,98,1,1
7925,106,113,-7,7
7926,72,79,-7,7
7927,121,117,4,4
7928,114,112,2,2
7929,75,73,2,2
7930,65,73,-8,8
7931,116,120,-4,4
7932,99,96,3,3
7933,199,198,1,1
7934,60,63,-3,3
7935,67,67,0,0
7936,81,82,-1,1
7937,178,137,41,41
7938,70,77,-7,7
7939,131,121,10,10
7940,149,139,10,10
7941,70,73,-3,3
7942,97,105,-8,8
7943,104,91,13,13
7944,73,73,0,0
7945,74,81,-7,7
7946,87,101,-14,14
7947,112,112,0,0
7948,126,117,9,9
7949,86,102,-16,16
7950,134,130,4,4
7951,117,98,19,19
7952,61,65,-4,4
7953,71,79,-8,8
7954,80,90,-10,10
7955,63,66,-3,3
7956,70,67,3,3
7957,63,77,-14,14
7958,46,56,-10,10
7959,59,67,-8,8
7960,89,90,-1,1
7961,134,128,6,6
7962,113,111,2,2
7963,73,84,-11,11
7964,122,113,9,9
7965,59,66,-7,7
7966,142,146,-4,4
7967,175,171,4,4
7968,61,61,0,0
7969,142,154,-12,12
7970,68,63,5,5
7971,51,59,-8,8
7972,94,102,-8,8
7973,104,100,4,4
7974,85,88,-3,3
7975,155,159,-4,4
7976,157,167,-10,10
7977,115,112,3,3
7978,94,100,-6,6
7979,86,97,-11,11
7980,115,124,-9,9
7981,85,85,0,0
7982,106,104,2,2
7983,64,67,-3,3
7984,38,76,-38,38
7985,51,58,-7,7
7986,106,110,-4,4
7987,101,106,-5,5
7988,46,57,-11,11
7989,85,77,8,8
7990,104,101,3,3
7991,95,100,-5,5
7992,130,127,3,3
7993,151,142,9,9
7994,57,60,-3,3
7995,93,98,-5,5
7996,69,68,1,1
7997,39,31,8,8
7998,76,83,-7,7
7999,84,76,8,8
8000,41,47,-6,6
8001,45,57,-12,12
8002,68,71,-3,3
8003,82,84,-2,2
8004,68,73,-5,5
8005,73,72,1,1
8006,49,73,-24,24
8007,93,87,6,6
8008,75,74,1,1
8009,85,79,6,6
8010,103,103,0,0
8011,129,123,6,6
8012,116,118,-2,2
8013,77,76,1,1
8014,83,82,1,1
8015,104,97,7,7
8016,124,113,11,11
8017,89,90,-1,1
8018,88,107,-19,19
8019,49,65,-16,16
8020,104,110,-6,6
8021,107,109,-2,2
8022,125,127,-2,2
8023,57,65,-8,8
8024,104,97,7,7
8025,51,72,-21,21
8026,86,81,5,5
8027,96,100,-4,4
8028,190,185,5,5
8029,84,85,-1,1
8030,105,106,-1,1
8031,94,90,4,4
8032,74,73,1,1
8033,100,94,6,6
8034,126,120,6,6
8035,73,75,-2,2
8036,83,84,-1,1
8037,141,130,11,11
8038,124,124,0,0
8039,79,83,-4,4
8040,135,130,5,5
8041,81,72,9,9
8042,137,137,0,0
8043,75,77,-2,2
8044,54,71,-17,17
8045,102,104,-2,2
8046,157,143,14,14
8047,93,98,-5,5
8048,155,141,14,14
8049,71,71,0,0
8050,109,110,-1,1
8051,60,69,-9,9
8052,57,72,-15,15
8053,113,115,-2,2
8054,130,134,-4,4
8055,71,85,-14,14
8056,92,90,2,2
8057,148,126,22,22
8058,117,105,12,12
8059,68,72,-4,4
8060,161,152,9,9
8061,85,80,5,5
8062,65,65,0,0
8063,43,48,-5,5
8064,102,100,2,2
8065,69,66,3,3
8066,185,185,0,0
8067,133,133,0,0
8068,104,103,1,1
8069,105,108,-3,3
8070,120,117,3,3
8071,85,82,3,3
8072,73,63,10,10
8073,158,164,-6,6
8074,76,76,0,0
8075,87,74,13,13
8076,148,130,18,18
8077,85,85,0,0
8078,98,86,12,12
8079,66,74,-8,8
8080,100,102,-2,2
8081,110,111,-1,1
8082,86,88,-2,2
8083,119,125,-6,6
8084,75,73,2,2
8085,110,128,-18,18
8086,69,75,-6,6
8087,127,111,16,16
8088,98,93,5,5
8089,116,124,-8,8
8090,65,71,-6,6
8091,94,97,-3,3
8092,58,62,-4,4
8093,68,84,-16,16
8094,118,112,6,6
8095,27,29,-2,2
8096,74,69,5,5
8097,81,84,-3,3
8098,98,91,7,7
8099,56,62,-6,6
8100,101,101,0,0
8101,128,122,6,6
8102,104,108,-4,4
8103,69,72,-3,3
8104,130,113,17,17
8105,121,123,-2,2
8106,42,86,-44,44
8107,89,98,-9,9
8108,71,68,3,3
8109,129,117,12,12
8110,59,71,-12,12
8111,101,106,-5,5
8112,102,102,0,0
8113,109,113,-4,4
8114,94,85,9,9
8115,108,113,-5,5
8116,102,99,3,3
8117,89,93,-4,4
8118,121,123,-2,2
8119,122,131,-9,9
8120,67,75,-8,8
8121,51,66,-15,15
8122,89,86,3,3
8123,88,95,-7,7
8124,131,114,17,17
8125,103,103,0,0
8126,151,174,-23,23
8127,134,148,-14,14
8128,108,110,-2,2
8129,92,85,7,7
8130,65,63,2,2
8131,81,83,-2,2
8132,68,80,-12,12
8133,91,87,4,4
8134,114,107,7,7
8135,48,63,-15,15
8136,102,107,-5,5
8137,149,149,0,0
8138,108,108,0,0
8139,60,65,-5,5
8140,103,107,-4,4
8141,65,71,-6,6
8142,119,124,-5,5
8143,104,111,-7,7
8144,64,62,2,2
8145,48,56,-8,8
8146,55,56,-1,1
8147,75,77,-2,2
8148,44,57,-13,13
8149,73,79,-6,6
8150,54,59,-5,5
8151,54,63,-9,9
8152,52,60,-8,8
8153,95,86,9,9
8154,66,73,-7,7
8155,85,98,-13,13
8156,75,67,8,8
8157,95,111,-16,16
8158,95,87,8,8
8159,36,35,1,1
8160,79,82,-3,3
8161,123,120,3,3
8162,81,73,8,8
8163,176,160,16,16
8164,60,58,2,2
8165,61,74,-13,13
8166,140,126,14,14
8167,127,121,6,6
8168,96,99,-3,3
8169,99,91,8,8
8170,108,102,6,6
8171,58,66,-8,8
8172,51,66,-15,15
8173,95,87,8,8
8174,58,72,-14,14
8175,76,71,5,5
8176,116,112,4,4
8177,108,102,6,6
8178,168,152,16,16
8179,27,31,-4,4
8180,145,131,14,14
8181,53,61,-8,8
8182,67,69,-2,2
8183,92,92,0,0
8184,78,74,4,4
8185,113,116,-3,3
8186,141,139,2,2
8187,136,124,12,12
8188,103,106,-3,3
8189,86,86,0,0
8190,195,201,-6,6
8191,75,74,1,1
8192,63,71,-8,8
8193,66,70,-4,4
8194,127,125,2,2
8195,122,112,10,10
8196,54,103,-49,49
8197,101,106,-5,5
8198,93,78,15,15
8199,64,70,-6,6
8200,108,110,-2,2
8201,111,107,4,4
8202,77,69,8,8
8203,154,152,2,2
8204,94,87,7,7
8205,84,84,0,0
8206,76,91,-15,15
8207,87,80,7,7
8208,126,114,12,12
8209,82,79,3,3
8210,82,85,-3,3
8211,80,77,3,3
8212,126,129,-3,3
8213,64,67,-3,3
8214,142,124,18,18
8215,143,140,3,3
8216,127,140,-13,13
8217,76,81,-5,5
8218,57,74,-17,17
8219,109,99,10,10
8220,141,136,5,5
8221,129,120,9,9
8222,114,105,9,9
8223,83,80,3,3
8224,149,149,0,0
8225,47,61,-14,14
8226,88,89,-1,1
8227,88,84,4,4
8228,105,108,-3,3
8229,93,101,-8,8
8230,109,96,13,13
8231,87,83,4,4
8232,43,41,2,2
8233,81,80,1,1
8234,101,80,21,21
8235,80,69,11,11
8236,112,110,2,2
8237,92,100,-8,8
8238,102,100,2,2
8239,71,71,0,0
8240,166,156,10,10
8241,98,94,4,4
8242,129,118,11,11
8243,79,84,-5,5
8244,109,105,4,4
8245,145,142,3,3
8246,166,157,9,9
8247,76,81,-5,5
8248,46,56,-10,10
8249,113,106,7,7
8250,75,83,-8,8
8251,86,77,9,9
8252,76,77,-1,1
8253,88,94,-6,6
8254,67,77,-10,10
8255,100,95,5,5
8256,71,80,-9,9
8257,59,66,-7,7
8258,181,180,1,1
8259,56,62,-6,6
8260,114,97,17,17
8261,92,98,-6,6
8262,100,103,-3,3
8263,75,97,-22,22
8264,188,176,12,12
8265,51,57,-6,6
8266,84,95,-11,11
8267,171,188,-17,17
8268,66,65,1,1
8269,92,86,6,6
8270,122,123,-1,1
8271,40,55,-15,15
8272,87,86,1,1
8273,122,122,0,0
8274,98,89,9,9
8275,96,101,-5,5
8276,120,114,6,6
8277,82,85,-3,3
8278,88,82,6,6
8279,60,68,-8,8
8280,83,80,3,3
8281,81,70,11,11
8282,151,153,-2,2
8283,187,181,6,6
8284,98,110,-12,12
8285,95,89,6,6
8286,77,77,0,0
8287,144,141,3,3
8288,81,84,-3,3
8289,91,97,-6,6
8290,149,150,-1,1
8291,99,114,-15,15
8292,96,85,11,11
8293,129,132,-3,3
8294,63,65,-2,2
8295,86,84,2,2
8296,64,73,-9,9
8297,74,66,8,8
8298,93,92,1,1
8299,85,80,5,5
8300,248,225,23,23
8301,91,90,1,1
8302,58,62,-4,4
8303,93,85,8,8
8304,93,96,-3,3
8305,55,62,-7,7
8306,102,106,-4,4
8307,107,97,10,10
8308,79,82,-3,3
8309,84,79,5,5
8310,95,91,4,4
8311,110,108,2,2
8312,80,79,1,1
8313,44,36,8,8
8314,96,94,2,2
8315,59,69,-10,10
8316,109,111,-2,2
8317,198,194,4,4
8318,81,92,-11,11
8319,119,116,3,3
8320,106,110,-4,4
8321,114,103,11,11
8322,51,61,-10,10
8323,110,105,5,5
8324,112,114,-2,2
8325,99,103,-4,4
8326,80,77,3,3
8327,59,70,-11,11
8328,110,114,-4,4
8329,125,114,11,11
8330,137,131,6,6
8331,73,75,-2,2
8332,190,185,5,5
8333,137,143,-6,6
8334,46,53,-7,7
8335,124,126,-2,2
8336,87,83,4,4
8337,114,103,11,11
8338,83,83,0,0
8339,85,85,0,0
8340,142,153,-11,11
8341,108,100,8,8
8342,129,128,1,1
8343,107,100,7,7
8344,109,111,-2,2
8345,144,143,1,1
8346,76,77,-1,1
8347,38,60,-22,22
8348,157,158,-1,1
8349,55,60,-5,5
8350,99,107,-8,8
8351,153,143,10,10
8352,74,72,2,2
8353,74,77,-3,3
8354,78,76,2,2
8355,74,83,-9,9
8356,94,94,0,0
8357,112,102,10,10
8358,141,148,-7,7
8359,82,76,6,6
8360,160,160,0,0
8361,103,104,-1,1
8362,110,103,7,7
8363,42,53,-11,11
8364,69,72,-3,3
8365,59,54,5,5
8366,98,99,-1,1
8367,75,71,4,4
8368,58,63,-5,5
8369,74,70,4,4
8370,108,110,-2,2
8371,66,77,-11,11
8372,105,101,4,4
8373,46,63,-17,17
8374,55,57,-2,2
8375,71,67,4,4
8376,115,115,0,0
8377,88,79,9,9
8378,47,51,-4,4
8379,174,161,13,13
8380,94,84,10,10
8381,74,75,-1,1
8382,84,83,1,1
8383,85,78,7,7
8384,65,62,3,3
8385,39,39,0,0
8386,118,115,3,3
8387,101,99,2,2
8388,78,84,-6,6
8389,97,108,-11,11
8390,104,98,6,6
8391,98,96,2,2
8392,81,98,-17,17
8393,112,110,2,2
8394,98,99,-1,1
8395,96,102,-6,6
8396,53,54,-1,1
8397,67,84,-17,17
8398,70,73,-3,3
8399,114,104,10,10
8400,104,111,-7,7
8401,65,71,-6,6
8402,80,77,3,3
8403,96,81,15,15
8404,70,69,1,1
8405,105,107,-2,2
8406,100,89,11,11
8407,160,148,12,12
8408,91,99,-8,8
8409,100,101,-1,1
8410,119,102,17,17
8411,65,70,-5,5
8412,99,105,-6,6
8413,172,140,32,32
8414,83,77,6,6
8415,85,77,8,8
8416,69,67,2,2
8417,59,67,-8,8
8418,93,96,-3,3
8419,81,82,-1,1
8420,75,77,-2,2
8421,62,64,-2,2
8422,115,107,8,8
8423,107,145,-38,38
8424,105,105,0,0
8425,51,61,-10,10
8426,76,80,-4,4
8427,88,96,-8,8
8428,145,140,5,5
8429,114,118,-4,4
8430,38,40,-2,2
8431,133,128,5,5
8432,74,75,-1,1
8433,119,115,4,4
8434,96,92,4,4
8435,143,128,15,15
8436,60,63,-3,3
8437,130,116,14,14
8438,120,105,15,15
8439,122,141,-19,19
8440,113,110,3,3
8441,68,76,-8,8
8442,98,95,3,3
8443,143,125,18,18
8444,77,73,4,4
8445,92,95,-3,3
8446,61,64,-3,3
8447,74,80,-6,6
8448,94,82,12,12
8449,102,99,3,3
8450,118,111,7,7
8451,119,119,0,0
8452,193,179,14,14
8453,95,97,-2,2
8454,89,88,1,1
8455,129,128,1,1
8456,124,115,9,9
8457,84,77,7,7
8458,76,80,-4,4
8459,55,60,-5,5
8460,143,136,7,7
8461,134,121,13,13
8462,88,93,-5,5
8463,132,133,-1,1
8464,114,101,13,13
8465,71,72,-1,1
8466,79,73,6,6
8467,101,100,1,1
8468,134,134,0,0
8469,61,29,32,32
8470,81,75,6,6
8471,107,108,-1,1
8472,86,80,6,6
8473,83,84,-1,1
8474,94,97,-3,3
8475,102,108,-6,6
8476,110,130,-20,20
8477,137,141,-4,4
8478,56,69,-13,13
8479,134,122,12,12
8480,80,85,-5,5
8481,46,54,-8,8
8482,111,113,-2,2
8483,112,107,5,5
8484,121,121,0,0
8485,113,113,0,0
8486,91,98,-7,7
8487,47,58,-11,11
8488,65,67,-2,2
8489,56,72,-16,16
8490,83,89,-6,6
8491,85,93,-8,8
8492,102,98,4,4
8493,80,83,-3,3
8494,110,109,1,1
8495,141,144,-3,3
8496,90,99,-9,9
8497,73,71,2,2
8498,60,64,-4,4
8499,178,150,28,28
8500,124,134,-10,10
8501,108,103,5,5
8502,100,103,-3,3
8503,78,82,-4,4
8504,115,121,-6,6
8505,127,131,-4,4
8506,47,50,-3,3
8507,58,61,-3,3
8508,151,139,12,12
8509,104,96,8,8
8510,56,69,-13,13
8511,79,87,-8,8
8512,67,72,-5,5
8513,109,114,-5,5
8514,83,74,9,9
8515,101,78,23,23
8516,78,84,-6,6
8517,101,131,-30,30
8518,64,73,-9,9
8519,69,70,-1,1
8520,81,78,3,3
8521,185,182,3,3
8522,89,82,7,7
8523,137,122,15,15
8524,98,93,5,5
8525,185,172,13,13
8526,62,57,5,5
8527,135,128,7,7
8528,140,127,13,13
8529,166,173,-7,7
8530,68,73,-5,5
8531,100,111,-11,11
8532,122,133,-11,11
8533,105,103,2,2
8534,129,126,3,3
8535,117,115,2,2
8536,74,79,-5,5
8537,91,86,5,5
8538,96,97,-1,1
8539,96,98,-2,2
8540,76,85,-9,9
8541,106,98,8,8
8542,71,69,2,2
8543,43,51,-8,8
8544,88,82,6,6
8545,79,91,-12,12
8546,104,100,4,4
8547,82,84,-2,2
8548,112,115,-3,3
8549,104,107,-3,3
8550,55,62,-7,7
8551,90,88,2,2
8552,47,64,-17,17
8553,111,104,7,7
8554,127,125,2,2
8555,67,76,-9,9
8556,163,150,13,13
8557,154,157,-3,3
8558,63,69,-6,6
8559,50,58,-8,8
8560,56,69,-13,13
8561,104,112,-8,8
8562,80,85,-5,5
8563,83,76,7,7
8564,64,67,-3,3
8565,55,60,-5,5
8566,84,74,10,10
8567,130,125,5,5
8568,85,85,0,0
8569,109,112,-3,3
8570,153,143,10,10
8571,104,104,0,0
8572,129,125,4,4
8573,106,101,5,5
8574,173,172,1,1
8575,93,93,0,0
8576,93,85,8,8
8577,99,96,3,3
8578,66,70,-4,4
8579,98,94,4,4
8580,110,137,-27,27
8581,50,65,-15,15
8582,104,104,0,0
8583,110,107,3,3
8584,60,74,-14,14
8585,102,97,5,5
8586,87,81,6,6
8587,133,133,0,0
8588,133,131,2,2
8589,122,106,16,16
8590,92,90,2,2
8591,139,139,0,0
8592,52,58,-6,6
8593,83,99,-16,16
8594,91,86,5,5
8595,65,65,0,0
8596,113,115,-2,2
8597,77,79,-2,2
8598,161,151,10,10
8599,92,93,-1,1
8600,180,155,25,25
8601,77,73,4,4
8602,109,107,2,2
8603,81,83,-2,2
8604,98,104,-6,6
8605,54,59,-5,5
8606,126,122,4,4
8607,91,96,-5,5
8608,77,82,-5,5
8609,124,119,5,5
8610,78,82,-4,4
8611,189,162,27,27
8612,80,77,3,3
8613,159,147,12,12
8614,73,77,-4,4
8615,90,101,-11,11
8616,62,63,-1,1
8617,90,91,-1,1
8618,134,143,-9,9
8619,121,104,17,17
8620,87,82,5,5
8621,59,64,-5,5
8622,89,103,-14,14
8623,105,111,-6,6
8624,97,94,3,3
8625,110,106,4,4
8626,141,126,15,15
8627,85,88,-3,3
8628,132,129,3,3
8629,89,85,4,4
8630,75,82,-7,7
8631,81,76,5,5
8632,77,71,6,6
8633,104,101,3,3
8634,132,144,-12,12
8635,136,126,10,10
8636,82,85,-3,3
8637,85,93,-8,8
8638,76,75,1,1
8639,109,127,-18,18
8640,51,60,-9,9
8641,85,93,-8,8
8642,58,64,-6,6
8643,161,161,0,0
8644,85,89,-4,4
8645,61,62,-1,1
8646,82,80,2,2
8647,114,117,-3,3
8648,113,109,4,4
8649,82,78,4,4
8650,128,124,4,4
8651,113,115,-2,2
8652,61,73,-12,12
8653,85,79,6,6
8654,112,107,5,5
8655,76,74,2,2
8656,89,89,0,0
8657,142,131,11,11
8658,81,77,4,4
8659,143,147,-4,4
8660,94,85,9,9
8661,134,114,20,20
8662,59,63,-4,4
8663,55,64,-9,9
8664,75,80,-5,5
8665,87,94,-7,7
8666,69,62,7,7
8667,104,105,-1,1
8668,57,55,2,2
8669,68,66,2,2
8670,169,160,9,9
8671,114,121,-7,7
8672,92,90,2,2
8673,97,84,13,13
8674,121,119,2,2
8675,89,78,11,11
8676,116,117,-1,1
8677,93,100,-7,7
8678,116,107,9,9
8679,125,129,-4,4
8680,82,112,-30,30
8681,50,55,-5,5
8682,46,49,-3,3
8683,45,56,-11,11
8684,120,120,0,0
8685,93,92,1,1
8686,102,100,2,2
8687,126,122,4,4
8688,108,127,-19,19
8689,110,111,-1,1
8690,101,99,2,2
8691,73,73,0,0
8692,58,61,-3,3
8693,113,108,5,5
8694,136,145,-9,9
8695,64,70,-6,6
8696,125,162,-37,37
8697,88,79,9,9
8698,92,87,5,5
8699,106,103,3,3
8700,90,107,-17,17
8701,85,85,0,0
8702,80,78,2,2
8703,110,109,1,1
8704,80,79,1,1
8705,117,110,7,7
8706,47,65,-18,18
8707,112,106,6,6
8708,84,84,0,0
8709,116,112,4,4
8710,61,68,-7,7
8711,82,78,4,4
8712,164,141,23,23
8713,125,122,3,3
8714,80,82,-2,2
8715,66,71,-5,5
8716,61,70,-9,9
8717,82,102,-20,20
8718,81,86,-5,5
8719,143,127,16,16
8720,145,126,19,19
8721,75,72,3,3
8722,60,82,-22,22
8723,86,92,-6,6
8724,99,106,-7,7
8725,112,112,0,0
8726,98,97,1,1
8727,96,90,6,6
8728,64,71,-7,7
8729,62,67,-5,5
8730,123,129,-6,6
8731,83,85,-2,2
8732,101,102,-1,1
8733,27,30,-3,3
8734,167,160,7,7
8735,149,149,0,0
8736,94,93,1,1
8737,155,149,6,6
8738,39,36,3,3
8739,62,68,-6,6
8740,81,72,9,9
8741,58,64,-6,6
8742,74,82,-8,8
8743,139,144,-5,5
8744,74,75,-1,1
8745,84,90,-6,6
8746,155,126,29,29
8747,114,115,-1,1
8748,152,215,-63,63
8749,104,94,10,10
8750,92,102,-10,10
8751,55,65,-10,10
8752,91,90,1,1
8753,90,84,6,6
8754,86,82,4,4
8755,76,87,-11,11
8756,86,88,-2,2
8757,49,52,-3,3
8758,105,107,-2,2
8759,67,70,-3,3
8760,96,124,-28,28
8761,105,105,0,0
8762,98,88,10,10
8763,114,113,1,1
8764,114,116,-2,2
8765,103,119,-16,16
8766,128,124,4,4
8767,110,101,9,9
8768,89,78,11,11
8769,67,67,0,0
8770,136,123,13,13
8771,154,148,6,6
8772,62,78,-16,16
8773,109,110,-1,1
8774,91,93,-2,2
8775,63,68,-5,5
8776,172,162,10,10
8777,93,85,8,8
8778,81,78,3,3
8779,87,95,-8,8
8780,49,67,-18,18
8781,157,163,-6,6
8782,87,85,2,2
8783,61,84,-23,23
8784,60,61,-1,1
8785,129,123,6,6
8786,75,73,2,2
8787,86,94,-8,8
8788,37,38,-1,1
8789,110,114,-4,4
8790,124,117,7,7
8791,65,72,-7,7
8792,148,156,-8,8
8793,73,86,-13,13
8794,105,113,-8,8
8795,70,76,-6,6
8796,63,73,-10,10
8797,71,72,-1,1
8798,71,75,-4,4
8799,68,72,-4,4
8800,96,89,7,7
8801,87,84,3,3
8802,88,91,-3,3
8803,69,69,0,0
8804,83,86,-3,3
8805,72,83,-11,11
8806,98,103,-5,5
8807,126,122,4,4
8808,45,57,-12,12
8809,52,57,-5,5
8810,103,107,-4,4
8811,77,73,4,4
8812,83,78,5,5
8813,73,66,7,7
8814,108,104,4,4
8815,73,77,-4,4
8816,80,83,-3,3
8817,57,63,-6,6
8818,63,65,-2,2
8819,24,29,-5,5
8820,89,77,12,12
8821,61,70,-9,9
8822,97,102,-5,5
8823,85,86,-1,1
8824,143,144,-1,1
8825,129,124,5,5
8826,75,84,-9,9
8827,71,76,-5,5
8828,92,87,5,5
8829,72,69,3,3
8830,91,82,9,9
8831,83,74,9,9
8832,75,79,-4,4
8833,66,70,-4,4
8834,43,55,-12,12
8835,127,121,6,6
8836,125,131,-6,6
8837,44,54,-10,10
8838,51,64,-13,13
8839,54,60,-6,6
8840,203,241,-38,38
8841,127,119,8,8
8842,102,99,3,3
8843,81,77,4,4
8844,69,69,0,0
8845,121,119,2,2
8846,85,79,6,6
8847,125,116,9,9
8848,138,126,12,12
8849,191,168,23,23
8850,92,99,-7,7
8851,94,90,4,4
8852,128,127,1,1
8853,35,52,-17,17
8854,104,103,1,1
8855,86,80,6,6
8856,132,121,11,11
8857,89,86,3,3
8858,48,58,-10,10
8859,75,69,6,6
8860,80,71,9,9
8861,100,96,4,4
8862,115,116,-1,1
8863,135,129,6,6
8864,88,92,-4,4
8865,108,108,0,0
8866,141,146,-5,5
8867,81,77,4,4
8868,147,149,-2,2
8869,94,89,5,5
8870,86,86,0,0
8871,125,123,2,2
8872,62,67,-5,5
8873,82,83,-1,1
8874,123,117,6,6
8875,80,75,5,5
8876,108,105,3,3
8877,91,81,10,10
8878,124,118,6,6
8879,93,104,-11,11
8880,141,159,-18,18
8881,97,73,24,24
8882,177,164,13,13
8883,80,84,-4,4
8884,133,156,-23,23
8885,98,105,-7,7
8886,104,97,7,7
8887,64,68,-4,4
8888,170,162,8,8
8889,91,97,-6,6
8890,98,100,-2,2
8891,125,117,8,8
8892,65,70,-5,5
8893,86,86,0,0
8894,75,67,8,8
8895,72,76,-4,4
8896,53,71,-18,18
8897,93,84,9,9
8898,69,69,0,0
8899,95,85,10,10
8900,76,80,-4,4
8901,73,74,-1,1
8902,56,59,-3,3
8903,92,91,1,1
8904,43,56,-13,13
8905,60,63,-3,3
8906,74,81,-7,7
8907,85,92,-7,7
8908,91,91,0,0
8909,92,87,5,5
8910,91,89,2,2
8911,60,72,-12,12
8912,142,148,-6,6
8913,127,133,-6,6
8914,87,86,1,1
8915,130,148,-18,18
8916,104,103,1,1
8917,62,64,-2,2
8918,125,128,-3,3
8919,96,183,-87,87
8920,170,145,25,25
8921,103,124,-21,21
8922,185,175,10,10
8923,80,78,2,2
8924,56,67,-11,11
8925,105,117,-12,12
8926,63,70,-7,7
8927,88,92,-4,4
8928,79,83,-4,4
8929,60,75,-15,15
8930,84,87,-3,3
8931,123,128,-5,5
8932,107,104,3,3
8933,94,100,-6,6
8934,70,74,-4,4
8935,141,124,17,17
8936,56,53,3,3
8937,166,165,1,1
8938,120,109,11,11
8939,137,125,12,12
8940,88,87,1,1
8941,127,105,22,22
8942,157,151,6,6
8943,130,140,-10,10
8944,106,113,-7,7
8945,131,130,1,1
8946,54,61,-7,7
8947,132,126,6,6
8948,80,76,4,4
8949,81,85,-4,4
8950,128,113,15,15
8951,36,36,0,0
8952,106,110,-4,4
8953,85,85,0,0
8954,64,68,-4,4
8955,81,83,-2,2
8956,120,114,6,6
8957,130,119,11,11
8958,99,91,8,8
8959,70,70,0,0
8960,78,72,6,6
8961,112,116,-4,4
8962,82,80,2,2
8963,184,165,19,19
8964,129,141,-12,12
8965,111,104,7,7
8966,99,110,-11,11
8967,51,64,-13,13
8968,102,98,4,4
8969,66,73,-7,7
8970,74,76,-2,2
8971,129,131,-2,2
8972,54,64,-10,10
8973,117,135,-18,18
8974,120,115,5,5
8975,73,79,-6,6
8976,177,170,7,7
8977,157,152,5,5
8978,77,81,-4,4
8979,55,60,-5,5
8980,132,123,9,9
8981,180,166,14,14
8982,72,71,1,1
8983,88,95,-7,7
8984,71,76,-5,5
8985,85,82,3,3
8986,51,53,-2,2
8987,61,67,-6,6
8988,76,73,3,3
8989,90,89,1,1
8990,64,72,-8,8
8991,67,88,-21,21
8992,95,96,-1,1
8993,46,53,-7,7
8994,92,83,9,9
8995,121,140,-19,19
8996,93,96,-3,3
8997,92,99,-7,7
8998,52,59,-7,7
8999,112,120,-8,8
9000,66,111,-45,45
9001,76,73,3,3
9002,157,151,6,6
9003,75,74,1,1
9004,68,71,-3,3
9005,64,70,-6,6
9006,135,123,12,12
9007,107,103,4,4
9008,79,83,-4,4
9009,82,83,-1,1
9010,101,94,7,7
9011,142,166,-24,24
9012,108,111,-3,3
9013,93,97,-4,4
9014,111,114,-3,3
9015,111,105,6,6
9016,101,93,8,8
9017,67,68,-1,1
9018,58,61,-3,3
9019,117,112,5,5
9020,100,99,1,1
9021,96,96,0,0
9022,106,107,-1,1
9023,82,82,0,0
9024,57,63,-6,6
9025,95,86,9,9
9026,92,91,1,1
9027,78,80,-2,2
9028,85,80,5,5
9029,46,45,1,1
9030,60,70,-10,10
9031,68,74,-6,6
9032,90,93,-3,3
9033,106,106,0,0
9034,72,70,2,2
9035,91,85,6,6
9036,142,141,1,1
9037,63,63,0,0
9038,55,59,-4,4
9039,112,108,4,4
9040,165,171,-6,6
9041,80,79,1,1
9042,58,60,-2,2
9043,96,102,-6,6
9044,69,70,-1,1
9045,85,103,-18,18
9046,74,77,-3,3
9047,148,141,7,7
9048,61,62,-1,1
9049,114,114,0,0
9050,117,114,3,3
9051,87,88,-1,1
9052,148,144,4,4
9053,129,125,4,4
9054,100,97,3,3
9055,79,76,3,3
9056,84,82,2,2
9057,75,74,1,1
9058,101,102,-1,1
9059,74,78,-4,4
9060,98,83,15,15
9061,97,99,-2,2
9062,58,59,-1,1
9063,104,102,2,2
9064,122,116,6,6
9065,33,42,-9,9
9066,62,61,1,1
9067,59,67,-8,8
9068,66,74,-8,8
9069,112,106,6,6
9070,109,101,8,8
9071,67,72,-5,5
9072,157,178,-21,21
9073,147,150,-3,3
9074,114,112,2,2
9075,45,43,2,2
9076,71,77,-6,6
9077,135,130,5,5
9078,64,61,3,3
9079,101,110,-9,9
9080,93,97,-4,4
9081,92,84,8,8
9082,128,124,4,4
9083,90,83,7,7
9084,113,99,14,14
9085,62,66,-4,4
9086,66,65,1,1
9087,69,73,-4,4
9088,90,85,5,5
9089,69,67,2,2
9090,87,93,-6,6
9091,70,84,-14,14
9092,88,89,-1,1
9093,60,71,-11,11
9094,172,157,15,15
9095,94,89,5,5
9096,53,64,-11,11
9097,81,75,6,6
9098,103,98,5,5
9099,146,135,11,11
9100,93,93,0,0
9101,106,110,-4,4
9102,115,108,7,7
9103,171,160,11,11
9104,80,79,1,1
9105,89,79,10,10
9106,75,84,-9,9
9107,197,186,11,11
9108,52,64,-12,12
9109,56,62,-6,6
9110,76,74,2,2
9111,136,136,0,0
9112,127,128,-1,1
9113,102,104,-2,2
9114,100,104,-4,4
9115,154,146,8,8
9116,127,139,-12,12
9117,115,107,8,8
9118,69,73,-4,4
9119,113,102,11,11
9120,116,117,-1,1
9121,92,97,-5,5
9122,95,100,-5,5
9123,81,73,8,8
9124,81,83,-2,2
9125,148,150,-2,2
9126,94,94,0,0
9127,117,122,-5,5
9128,47,56,-9,9
9129,100,92,8,8
9130,133,126,7,7
9131,79,100,-21,21
9132,147,136,11,11
9133,62,68,-6,6
9134,77,80,-3,3
9135,154,142,12,12
9136,112,116,-4,4
9137,65,66,-1,1
9138,42,50,-8,8
9139,114,121,-7,7
9140,114,112,2,2
9141,77,73,4,4
9142,68,74,-6,6
9143,84,85,-1,1
9144,120,123,-3,3
9145,132,132,0,0
9146,113,123,-10,10
9147,86,84,2,2
9148,78,80,-2,2
9149,73,91,-18,18
9150,68,64,4,4
9151,93,99,-6,6
9152,113,125,-12,12
9153,58,64,-6,6
9154,63,67,-4,4
9155,54,54,0,0
9156,123,108,15,15
9157,43,46,-3,3
9158,82,81,1,1
9159,144,138,6,6
9160,73,89,-16,16
9161,49,56,-7,7
9162,103,99,4,4
9163,179,184,-5,5
9164,106,104,2,2
9165,93,107,-14,14
9166,135,145,-10,10
9167,120,122,-2,2
9168,130,121,9,9
9169,79,95,-16,16
9170,82,80,2,2
9171,55,59,-4,4
9172,74,71,3,3
9173,153,150,3,3
9174,93,94,-1,1
9175,107,105,2,2
9176,136,149,-13,13
9177,88,90,-2,2
9178,56,69,-13,13
9179,171,154,17,17
9180,115,112,3,3
9181,53,65,-12,12
9182,124,126,-2,2
9183,117,108,9,9
9184,76,77,-1,1
9185,168,158,10,10
9186,78,75,3,3
9187,42,48,-6,6
9188,74,77,-3,3
9189,156,138,18,18
9190,81,73,8,8
9191,88,79,9,9
9192,169,156,13,13
9193,74,75,-1,1
9194,108,112,-4,4
9195,98,94,4,4
9196,175,189,-14,14
9197,39,46,-7,7
9198,47,59,-12,12
9199,100,84,16,16
9200,105,93,12,12
9201,103,104,-1,1
9202,114,112,2,2
9203,65,71,-6,6
9204,70,69,1,1
9205,79,76,3,3
9206,96,100,-4,4
9207,123,129,-6,6
9208,94,97,-3,3
9209,124,125,-1,1
9210,102,95,7,7
9211,108,104,4,4
9212,78,83,-5,5
9213,111,113,-2,2
9214,84,93,-9,9
9215,58,55,3,3
9216,124,120,4,4
9217,92,87,5,5
9218,75,78,-3,3
9219,64,57,7,7
9220,89,85,4,4
9221,88,93,-5,5
9222,58,70,-12,12
9223,116,112,4,4
9224,57,65,-8,8
9225,98,100,-2,2
9226,138,143,-5,5
9227,87,90,-3,3
9228,58,62,-4,4
9229,141,130,11,11
9230,72,72,0,0
9231,63,73,-10,10
9232,173,163,10,10
9233,113,109,4,4
9234,114,114,0,0
9235,95,89,6,6
9236,80,83,-3,3
9237,75,77,-2,2
9238,113,114,-1,1
9239,86,97,-11,11
9240,54,62,-8,8
9241,99,96,3,3
9242,149,141,8,8
9243,73,63,10,10
9244,86,80,6,6
9245,108,104,4,4
9246,74,73,1,1
9247,59,64,-5,5
9248,106,112,-6,6
9249,158,134,24,24
9250,45,68,-23,23
9251,77,76,1,1
9252,116,127,-11,11
9253,52,58,-6,6
9254,93,100,-7,7
9255,129,119,10,10
9256,63,69,-6,6
9257,41,48,-7,7
9258,62,61,1,1
9259,168,161,7,7
9260,117,120,-3,3
9261,142,132,10,10
9262,112,108,4,4
9263,101,98,3,3
9264,86,82,4,4
9265,77,80,-3,3
9266,141,132,9,9
9267,80,92,-12,12
9268,107,117,-10,10
9269,90,92,-2,2
9270,65,72,-7,7
9271,57,58,-1,1
9272,89,81,8,8
9273,63,67,-4,4
9274,121,116,5,5
9275,108,106,2,2
9276,83,85,-2,2
9277,116,113,3,3
9278,66,73,-7,7
9279,128,128,0,0
9280,98,98,0,0
9281,76,76,0,0
9282,130,123,7,7
9283,55,61,-6,6
9284,64,69,-5,5
9285,107,123,-16,16
9286,117,107,10,10
9287,124,120,4,4
9288,88,86,2,2
9289,44,48,-4,4
9290,89,86,3,3
9291,82,87,-5,5
9292,78,77,1,1
9293,63,70,-7,7
9294,60,60,0,0
9295,55,62,-7,7
9296,80,83,-3,3
9297,56,63,-7,7
9298,68,73,-5,5
9299,177,178,-1,1
9300,69,71,-2,2
9301,63,69,-6,6
9302,116,107,9,9
9303,96,101,-5,5
9304,142,128,14,14
9305,85,83,2,2
9306,56,67,-11,11
9307,91,91,0,0
9308,72,75,-3,3
9309,69,82,-13,13
9310,114,103,11,11
9311,131,134,-3,3
9312,70,75,-5,5
9313,138,132,6,6
9314,103,100,3,3
9315,69,74,-5,5
9316,97,98,-1,1
9317,98,113,-15,15
9318,117,113,4,4
9319,95,102,-7,7
9320,130,123,7,7
9321,174,158,16,16
9322,114,118,-4,4
9323,87,99,-12,12
9324,92,91,1,1
9325,57,64,-7,7
9326,93,89,4,4
9327,90,86,4,4
9328,87,96,-9,9
9329,87,88,-1,1
9330,115,118,-3,3
9331,103,106,-3,3
9332,66,68,-2,2
9333,95,93,2,2
9334,98,98,0,0
9335,82,79,3,3
9336,63,63,0,0
9337,39,48,-9,9
9338,60,67,-7,7
9339,112,108,4,4
9340,159,157,2,2
9341,41,53,-12,12
9342,96,95,1,1
9343,117,111,6,6
9344,69,73,-4,4
9345,82,84,-2,2
9346,125,114,11,11
9347,82,79,3,3
9348,65,71,-6,6
9349,92,81,11,11
9350,91,96,-5,5
9351,91,86,5,5
9352,95,89,6,6
9353,28,41,-13,13
9354,64,64,0,0
9355,73,71,2,2
9356,122,115,7,7
9357,76,81,-5,5
9358,82,77,5,5
9359,134,125,9,9
9360,118,109,9,9
9361,72,77,-5,5
9362,96,122,-26,26
9363,176,158,18,18
9364,156,151,5,5
9365,64,81,-17,17
9366,99,110,-11,11
9367,94,93,1,1
9368,84,75,9,9
9369,88,92,-4,4
9370,144,145,-1,1
9371,123,115,8,8
9372,99,105,-6,6
9373,63,83,-20,20
9374,64,69,-5,5
9375,141,129,12,12
9376,71,84,-13,13
9377,166,157,9,9
9378,118,114,4,4
9379,120,110,10,10
9380,145,131,14,14
9381,87,86,1,1
9382,90,93,-3,3
9383,80,85,-5,5
9384,125,124,1,1
9385,59,57,2,2
9386,171,169,2,2
9387,72,70,2,2
9388,121,110,11,11
9389,47,52,-5,5
9390,73,82,-9,9
9391,124,108,16,16
9392,87,95,-8,8
9393,95,96,-1,1
9394,77,79,-2,2
9395,167,165,2,2
9396,53,56,-3,3
9397,89,84,5,5
9398,83,77,6,6
9399,77,86,-9,9
9400,127,126,1,1
9401,94,98,-4,4
9402,95,86,9,9
9403,93,94,-1,1
9404,74,76,-2,2
9405,112,116,-4,4
9406,117,108,9,9
9407,69,72,-3,3
9408,88,87,1,1
9409,71,75,-4,4
9410,57,56,1,1
9411,89,84,5,5
9412,98,115,-17,17
9413,123,121,2,2
9414,88,84,4,4
9415,136,121,15,15
9416,85,76,9,9
9417,93,91,2,2
9418,150,155,-5,5
9419,50,58,-8,8
9420,77,82,-5,5
9421,87,88,-1,1
9422,123,118,5,5
9423,71,76,-5,5
9424,142,143,-1,1
9425,78,82,-4,4
9426,111,103,8,8
9427,54,72,-18,18
9428,66,70,-4,4
9429,110,107,3,3
9430,96,93,3,3
9431,56,62,-6,6
9432,17,29,-12,12
9433,84,80,4,4
9434,108,112,-4,4
9435,103,90,13,13
9436,102,101,1,1
9437,81,86,-5,5
9438,125,124,1,1
9439,120,130,-10,10
9440,89,85,4,4
9441,73,71,2,2
9442,110,103,7,7
9443,86,84,2,2
9444,94,98,-4,4
9445,76,74,2,2
9446,72,72,0,0
9447,41,53,-12,12
9448,129,125,4,4
9449,80,79,1,1
9450,92,84,8,8
9451,208,181,27,27
9452,170,167,3,3
9453,88,92,-4,4
9454,43,53,-10,10
9455,65,64,1,1
9456,52,59,-7,7
9457,44,49,-5,5
9458,96,105,-9,9
9459,165,160,5,5
9460,92,83,9,9
9461,104,90,14,14
9462,131,126,5,5
9463,73,76,-3,3
9464,131,117,14,14
9465,51,72,-21,21
9466,63,70,-7,7
9467,107,113,-6,6
9468,109,125,-16,16
9469,131,113,18,18
9470,96,91,5,5
9471,90,76,14,14
9472,60,70,-10,10
9473,106,106,0,0
9474,101,87,14,14
9475,67,70,-3,3
9476,117,116,1,1
9477,76,80,-4,4
9478,78,72,6,6
9479,94,92,2,2
9480,95,99,-4,4
9481,78,69,9,9
9482,133,131,2,2
9483,41,57,-16,16
9484,105,107,-2,2
9485,102,96,6,6
9486,88,99,-11,11
9487,106,107,-1,1
9488,89,85,4,4
9489,98,120,-22,22
9490,128,119,9,9
9491,102,102,0,0
9492,132,138,-6,6
9493,101,100,1,1
9494,144,144,0,0
9495,61,69,-8,8
9496,61,65,-4,4
9497,114,119,-5,5
9498,125,121,4,4
9499,70,70,0,0
9500,83,89,-6,6
9501,147,145,2,2
9502,97,102,-5,5
9503,82,82,0,0
9504,87,79,8,8
9505,94,92,2,2
9506,54,66,-12,12
9507,71,80,-9,9
9508,105,96,9,9
9509,87,90,-3,3
9510,95,107,-12,12
9511,71,76,-5,5
9512,76,84,-8,8
9513,123,121,2,2
9514,127,122,5,5
9515,84,97,-13,13
9516,48,56,-8,8
9517,108,94,14,14
9518,157,131,26,26
9519,54,58,-4,4
9520,100,92,8,8
9521,118,111,7,7
9522,57,66,-9,9
9523,137,130,7,7
9524,80,87,-7,7
9525,48,57,-9,9
9526,49,49,0,0
9527,94,96,-2,2
9528,101,94,7,7
9529,64,69,-5,5
9530,114,127,-13,13
9531,82,76,6,6
9532,62,69,-7,7
9533,57,69,-12,12
9534,88,95,-7,7
9535,92,99,-7,7
9536,66,81,-15,15
9537,76,83,-7,7
9538,59,61,-2,2
9539,89,87,2,2
9540,63,69,-6,6
9541,51,54,-3,3
9542,123,121,2,2
9543,88,91,-3,3
9544,59,67,-8,8
9545,66,68,-2,2
9546,135,117,18,18
9547,54,63,-9,9
9548,24,29,-5,5
9549,91,80,11,11
9550,166,160,6,6
9551,45,51,-6,6
9552,95,87,8,8
9553,99,99,0,0
9554,70,80,-10,10
9555,81,76,5,5
9556,97,89,8,8
9557,75,87,-12,12
9558,55,66,-11,11
9559,86,97,-11,11
9560,172,160,12,12
9561,65,79,-14,14
9562,174,154,20,20
9563,78,80,-2,2
9564,81,89,-8,8
9565,68,67,1,1
9566,74,69,5,5
9567,46,55,-9,9
9568,119,125,-6,6
9569,48,58,-10,10
9570,112,117,-5,5
9571,135,154,-19,19
9572,91,81,10,10
9573,103,97,6,6
9574,95,117,-22,22
9575,91,77,14,14
9576,201,177,24,24
9577,89,90,-1,1
9578,71,71,0,0
9579,198,186,12,12
9580,93,84,9,9
9581,82,82,0,0
9582,132,125,7,7
9583,79,86,-7,7
9584,60,67,-7,7
9585,72,82,-10,10
9586,107,111,-4,4
9587,112,119,-7,7
9588,99,105,-6,6
9589,104,113,-9,9
9590,68,70,-2,2
9591,57,63,-6,6
9592,47,58,-11,11
9593,96,89,7,7
9594,95,110,-15,15
9595,43,52,-9,9
9596,116,107,9,9
9597,65,71,-6,6
9598,106,88,18,18
9599,117,126,-9,9
9600,96,94,2,2
9601,67,67,0,0
9602,100,88,12,12
9603,108,110,-2,2
9604,103,100,3,3
9605,58,65,-7,7
9606,88,85,3,3
9607,133,123,10,10
9608,161,159,2,2
9609,95,87,8,8
9610,99,90,9,9
9611,69,68,1,1
9612,112,107,5,5
9613,127,117,10,10
9614,66,71,-5,5
9615,116,118,-2,2
9616,105,115,-10,10
9617,100,91,9,9
9618,93,96,-3,3
9619,79,85,-6,6
9620,121,112,9,9
9621,86,96,-10,10
9622,88,80,8,8
9623,177,161,16,16
9624,67,65,2,2
9625,73,75,-2,2
9626,105,101,4,4
9627,115,113,2,2
9628,141,135,6,6
9629,75,77,-2,2
9630,58,65,-7,7
9631,86,88,-2,2
9632,137,129,8,8
9633,113,113,0,0
9634,92,92,0,0
9635,83,93,-10,10
9636,103,116,-13,13
9637,145,121,24,24
9638,84,81,3,3
9639,123,127,-4,4
9640,104,101,3,3
9641,61,64,-3,3
9642,79,92,-13,13
9643,90,113,-23,23
9644,115,118,-3,3
9645,138,147,-9,9
9646,80,81,-1,1
9647,92,99,-7,7
9648,126,121,5,5
9649,62,55,7,7
9650,81,83,-2,2
9651,88,84,4,4
9652,90,92,-2,2
9653,70,73,-3,3
9654,113,119,-6,6
9655,81,83,-2,2
9656,70,79,-9,9
9657,87,85,2,2
9658,62,69,-7,7
9659,54,61,-7,7
9660,85,83,2,2
9661,76,74,2,2
9662,44,53,-9,9
9663,106,101,5,5
9664,116,115,1,1
9665,114,143,-29,29
9666,156,150,6,6
9667,127,116,11,11
9668,61,67,-6,6
9669,57,60,-3,3
9670,128,127,1,1
9671,90,84,6,6
9672,113,110,3,3
9673,81,75,6,6
9674,48,63,-15,15
9675,47,52,-5,5
9676,139,126,13,13
9677,154,151,3,3
9678,104,111,-7,7
9679,97,98,-1,1
9680,123,122,1,1
9681,68,62,6,6
9682,94,99,-5,5
9683,77,86,-9,9
9684,45,51,-6,6
9685,78,77,1,1
9686,75,78,-3,3
9687,79,76,3,3
9688,175,180,-5,5
9689,117,112,5,5
9690,108,103,5,5
9691,106,109,-3,3
9692,82,74,8,8
9693,112,103,9,9
9694,74,74,0,0
9695,117,118,-1,1
9696,94,97,-3,3
9697,226,204,22,22
9698,120,109,11,11
9699,40,49,-9,9
9700,40,105,-65,65
9701,119,120,-1,1
9702,51,61,-10,10
9703,61,64,-3,3
9704,119,113,6,6
9705,97,87,10,10
9706,70,78,-8,8
9707,101,92,9,9
9708,160,154,6,6
9709,88,85,3,3
9710,41,55,-14,14
9711,86,83,3,3
9712,76,81,-5,5
9713,66,73,-7,7
9714,110,113,-3,3
9715,120,116,4,4
9716,97,97,0,0
9717,89,99,-10,10
9718,117,113,4,4
9719,59,71,-12,12
9720,145,146,-1,1
9721,84,77,7,7
9722,78,87,-9,9
9723,65,68,-3,3
9724,62,66,-4,4
9725,114,112,2,2
9726,76,80,-4,4
9727,51,60,-9,9
9728,131,141,-10,10
9729,162,173,-11,11
9730,90,103,-13,13
9731,95,106,-11,11
9732,49,66,-17,17
9733,81,85,-4,4
9734,103,102,1,1
9735,136,144,-8,8
9736,116,115,1,1
9737,74,76,-2,2
9738,54,66,-12,12
9739,110,112,-2,2
9740,113,102,11,11
9741,142,119,23,23
9742,130,110,20,20
9743,156,149,7,7
9744,186,187,-1,1
9745,70,71,-1,1
9746,115,103,12,12
9747,149,130,19,19
9748,135,123,12,12
9749,72,72,0,0
9750,143,143,0,0
9751,190,175,15,15
9752,117,125,-8,8
9753,124,110,14,14
9754,78,88,-10,10
9755,90,95,-5,5
9756,49,51,-2,2
9757,52,64,-12,12
9758,48,57,-9,9
9759,69,72,-3,3
9760,69,75,-6,6
9761,40,56,-16,16
9762,89,97,-8,8
9763,85,85,0,0
9764,104,110,-6,6
9765,130,124,6,6
9766,110,93,17,17
9767,136,127,9,9
9768,91,80,11,11
9769,83,85,-2,2
9770,50,56,-6,6
9771,104,105,-1,1
9772,83,79,4,4
9773,114,114,0,0
9774,119,131,-12,12
9775,88,83,5,5
9776,68,89,-21,21
9777,84,104,-20,20
9778,93,77,16,16
9779,56,60,-4,4
9780,66,71,-5,5
9781,60,63,-3,3
9782,58,65,-7,7
9783,142,138,4,4
9784,197,182,15,15
9785,53,60,-7,7
9786,86,105,-19,19
9787,85,84,1,1
9788,153,134,19,19
9789,58,64,-6,6
9790,78,76,2,2
9791,159,150,9,9
9792,129,127,2,2
9793,115,112,3,3
9794,64,66,-2,2
9795,142,136,6,6
9796,83,82,1,1
9797,171,179,-8,8
9798,137,146,-9,9
9799,107,107,0,0
9800,101,88,13,13
9801,75,69,6,6
9802,103,97,6,6
9803,80,79,1,1
9804,51,62,-11,11
9805,92,82,10,10
9806,88,88,0,0
9807,96,101,-5,5
9808,140,128,12,12
9809,107,109,-2,2
9810,59,66,-7,7
9811,128,113,15,15
9812,80,77,3,3
9813,40,47,-7,7
9814,139,137,2,2
9815,79,73,6,6
9816,89,84,5,5
9817,127,125,2,2
9818,132,122,10,10
9819,104,106,-2,2
9820,100,93,7,7
9821,76,75,1,1
9822,182,150,32,32
9823,43,45,-2,2
9824,56,63,-7,7
9825,140,138,2,2
9826,98,102,-4,4
9827,66,77,-11,11
9828,52,49,3,3
9829,100,98,2,2
9830,131,116,15,15
9831,47,34,13,13
9832,57,63,-6,6
9833,58,65,-7,7
9834,100,96,4,4
9835,143,149,-6,6
9836,81,73,8,8
9837,130,116,14,14
9838,63,73,-10,10
9839,84,109,-25,25
9840,86,85,1,1
9841,118,117,1,1
9842,109,102,7,7
9843,176,178,-2,2
9844,68,72,-4,4
9845,102,103,-1,1
9846,65,66,-1,1
9847,88,94,-6,6
9848,127,117,10,10
9849,56,59,-3,3
9850,104,104,0,0
9851,105,89,16,16
9852,84,82,2,2
9853,27,67,-40,40
9854,95,98,-3,3
9855,77,80,-3,3
9856,192,201,-9,9
9857,78,73,5,5
9858,122,125,-3,3
9859,80,83,-3,3
9860,94,83,11,11
9861,126,122,4,4
9862,44,54,-10,10
9863,73,79,-6,6
9864,104,84,20,20
9865,71,70,1,1
9866,65,75,-10,10
9867,96,83,13,13
9868,116,94,22,22
9869,103,107,-4,4
9870,129,126,3,3
9871,143,140,3,3
9872,100,117,-17,17
9873,133,119,14,14
9874,64,67,-3,3
9875,121,116,5,5
9876,61,68,-7,7
9877,55,66,-11,11
9878,49,53,-4,4
9879,86,82,4,4
9880,85,83,2,2
9881,61,65,-4,4
9882,128,133,-5,5
9883,91,79,12,12
9884,99,83,16,16
9885,92,95,-3,3
9886,179,174,5,5
9887,114,102,12,12
9888,66,64,2,2
9889,78,86,-8,8
9890,69,73,-4,4
9891,121,116,5,5
9892,85,75,10,10
9893,110,127,-17,17
9894,92,97,-5,5
9895,117,117,0,0
9896,174,164,10,10
9897,135,133,2,2
9898,64,63,1,1
9899,75,73,2,2
9900,97,112,-15,15
9901,120,124,-4,4
9902,102,97,5,5
9903,91,89,2,2
9904,70,75,-5,5
9905,64,75,-11,11
9906,49,56,-7,7
9907,94,104,-10,10
9908,71,81,-10,10
9909,136,162,-26,26
9910,68,72,-4,4
9911,122,119,3,3
9912,73,74,-1,1
9913,114,114,0,0
9914,98,98,0,0
9915,104,102,2,2
9916,103,95,8,8
9917,108,103,5,5
9918,127,121,6,6
9919,130,136,-6,6
9920,95,98,-3,3
9921,89,81,8,8
9922,73,76,-3,3
9923,157,139,18,18
9924,103,97,6,6
9925,105,104,1,1
9926,112,103,9,9
9927,109,102,7,7
9928,79,78,1,1
9929,92,112,-20,20
9930,72,68,4,4
9931,48,58,-10,10
9932,98,93,5,5
9933,111,112,-1,1
9934,119,111,8,8
9935,139,122,17,17
9936,55,71,-16,16
9937,107,113,-6,6
9938,135,147,-12,12
9939,102,100,2,2
9940,88,95,-7,7
9941,105,115,-10,10
9942,136,122,14,14
9943,82,87,-5,5
9944,67,71,-4,4
9945,123,121,2,2
9946,120,121,-1,1
9947,94,103,-9,9
9948,51,58,-7,7
9949,95,85,10,10
9950,92,95,-3,3
9951,154,130,24,24
9952,76,80,-4,4
9953,59,62,-3,3
9954,153,140,13,13
9955,66,76,-10,10
9956,96,104,-8,8
9957,131,124,7,7
9958,81,79,2,2
9959,80,84,-4,4
9960,59,65,-6,6
9961,72,76,-4,4
9962,148,146,2,2
9963,123,141,-18,18
9964,72,72,0,0
9965,59,66,-7,7
9966,145,142,3,3
9967,95,100,-5,5
9968,125,120,5,5
9969,79,80,-1,1
9970,79,80,-1,1
9971,68,73,-5,5
9972,135,134,1,1
9973,96,97,-1,1
9974,64,68,-4,4
9975,62,61,1,1
9976,102,100,2,2
9977,141,134,7,7
9978,82,76,6,6
9979,84,76,8,8
9980,85,88,-3,3
9981,77,79,-2,2
9982,107,102,5,5
9983,94,94,0,0
9984,84,76,8,8
9985,90,87,3,3
9986,127,125,2,2
9987,94,95,-1,1
9988,142,161,-19,19
9989,88,94,-6,6
9990,104,101,3,3
9991,66,71,-5,5
9992,48,55,-7,7
9993,76,75,1,1
9994,105,104,1,1
9995,62,63,-1,1
9996,82,83,-1,1
9997,123,126,-3,3
9998,88,96,-8,8
9999,68,67,1,1
10000,171,154,17,17
10001,134,125,9,9
10002,81,78,3,3
10003,66,71,-5,5
10004,49,58,-9,9
10005,92,98,-6,6
10006,121,116,5,5
10007,133,126,7,7
10008,147,136,11,11
10009,81,82,-1,1
10010,69,73,-4,4
10011,83,83,0,0
10012,88,84,4,4
10013,59,57,2,2
10014,91,97,-6,6
10015,153,156,-3,3
10016,114,107,7,7
10017,77,85,-8,8
10018,85,73,12,12
10019,80,77,3,3
10020,74,73,1,1
10021,169,160,9,9
10022,108,109,-1,1
10023,121,125,-4,4
10024,83,86,-3,3
10025,56,58,-2,2
10026,74,76,-2,2
10027,53,64,-11,11
10028,80,85,-5,5
10029,79,80,-1,1
10030,117,112,5,5
10031,174,163,11,11
10032,77,74,3,3
10033,114,101,13,13
10034,79,80,-1,1
10035,158,149,9,9
10036,80,80,0,0
10037,90,115,-25,25
10038,111,109,2,2
10039,155,140,15,15
10040,55,63,-8,8
10041,74,76,-2,2
10042,62,70,-8,8
10043,138,137,1,1
10044,143,157,-14,14
10045,113,114,-1,1
10046,100,103,-3,3
10047,115,99,16,16
10048,49,55,-6,6
10049,139,144,-5,5
10050,114,117,-3,3
10051,125,128,-3,3
10052,61,65,-4,4
10053,136,130,6,6
10054,77,74,3,3
10055,211,188,23,23
10056,66,63,3,3
10057,111,106,5,5
10058,122,125,-3,3
10059,139,133,6,6
10060,121,113,8,8
10061,108,115,-7,7
10062,85,94,-9,9
10063,110,106,4,4
10064,62,73,-11,11
10065,107,101,6,6
10066,49,55,-6,6
10067,82,86,-4,4
10068,92,91,1,1
10069,59,64,-5,5
10070,56,62,-6,6
10071,105,101,4,4
10072,61,68,-7,7
10073,95,105,-10,10
10074,56,64,-8,8
10075,148,151,-3,3
10076,123,127,-4,4
10077,111,119,-8,8
10078,75,73,2,2
10079,139,150,-11,11
10080,68,73,-5,5
10081,90,85,5,5
10082,150,154,-4,4
10083,133,119,14,14
10084,49,61,-12,12
10085,62,66,-4,4
10086,111,104,7,7
10087,117,117,0,0
10088,151,147,4,4
10089,100,97,3,3
10090,42,57,-15,15
10091,78,77,1,1
10092,48,56,-8,8
10093,118,106,12,12
10094,70,68,2,2
10095,117,128,-11,11
10096,61,81,-20,20
10097,94,101,-7,7
10098,78,79,-1,1
10099,170,162,8,8
10100,68,68,0,0
10101,78,73,5,5
10102,47,56,-9,9
10103,130,112,18,18
10104,80,77,3,3
10105,70,77,-7,7
10106,49,52,-3,3
10107,117,113,4,4
10108,86,90,-4,4
10109,82,77,5,5
10110,54,59,-5,5
10111,160,157,3,3
10112,78,92,-14,14
10113,82,81,1,1
10114,59,58,1,1
10115,115,114,1,1
10116,86,92,-6,6
10117,119,107,12,12
10118,116,117,-1,1
10119,90,99,-9,9
10120,75,77,-2,2
10121,81,80,1,1
10122,87,93,-6,6
10123,108,104,4,4
10124,50,58,-8,8
10125,53,58,-5,5
10126,130,139,-9,9
10127,125,113,12,12
10128,118,113,5,5
10129,112,110,2,2
10130,62,71,-9,9
10131,105,107,-2,2
10132,90,100,-10,10
10133,143,142,1,1
10134,58,61,-3,3
10135,64,71,-7,7
10136,108,101,7,7
10137,98,83,15,15
10138,136,130,6,6
10139,101,113,-12,12
10140,85,90,-5,5
10141,92,97,-5,5
10142,144,133,11,11
10143,80,82,-2,2
10144,110,99,11,11
10145,66,66,0,0
10146,73,72,1,1
10147,59,63,-4,4
10148,88,90,-2,2
10149,74,84,-10,10
10150,61,69,-8,8
10151,125,117,8,8
10152,55,59,-4,4
10153,115,113,2,2
10154,58,68,-10,10
10155,76,83,-7,7
10156,137,143,-6,6
10157,81,77,4,4
10158,116,114,2,2
10159,81,77,4,4
10160,94,88,6,6
10161,78,93,-15,15
10162,80,77,3,3
10163,99,96,3,3
10164,118,113,5,5
10165,137,131,6,6
10166,98,104,-6,6
10167,71,70,1,1
10168,83,86,-3,3
10169,132,143,-11,11
10170,69,71,-2,2
10171,119,114,5,5
10172,101,109,-8,8
10173,92,96,-4,4
10174,74,72,2,2
10175,95,100,-5,5
10176,67,72,-5,5
10177,50,59,-9,9
10178,106,100,6,6
10179,102,97,5,5
10180,359,260,99,99
10181,58,64,-6,6
10182,94,90,4,4
10183,90,80,10,10
10184,88,84,4,4
10185,105,96,9,9
10186,75,76,-1,1
10187,89,87,2,2
10188,86,84,2,2
10189,133,127,6,6
10190,35,42,-7,7
10191,88,83,5,5
10192,177,160,17,17
10193,100,99,1,1
10194,65,64,1,1
10195,104,101,3,3
10196,67,66,1,1
10197,86,86,0,0
10198,123,114,9,9
10199,108,105,3,3
10200,84,82,2,2
10201,54,65,-11,11
10202,95,96,-1,1
10203,86,80,6,6
10204,70,80,-10,10
10205,84,77,7,7
10206,107,108,-1,1
10207,45,56,-11,11
10208,85,89,-4,4
10209,79,80,-1,1
10210,125,124,1,1
10211,92,87,5,5
10212,74,77,-3,3
10213,139,142,-3,3
10214,84,81,3,3
10215,103,115,-12,12
10216,60,72,-12,12
10217,78,83,-5,5
10218,69,55,14,14
10219,131,129,2,2
10220,102,99,3,3
10221,69,72,-3,3
10222,58,66,-8,8
10223,43,52,-9,9
10224,29,31,-2,2
10225,86,89,-3,3
10226,114,116,-2,2
10227,38,53,-15,15
10228,113,125,-12,12
10229,74,85,-11,11
10230,67,70,-3,3
10231,221,217,4,4
10232,103,93,10,10
10233,224,217,7,7
10234,82,99,-17,17
10235,104,99,5,5
10236,115,108,7,7
10237,70,88,-18,18
10238,92,91,1,1
10239,118,113,5,5
10240,159,140,19,19
10241,124,111,13,13
10242,165,140,25,25
10243,118,125,-7,7
10244,79,71,8,8
10245,113,108,5,5
10246,61,66,-5,5
10247,112,112,0,0
10248,68,70,-2,2
10249,71,77,-6,6
10250,127,120,7,7
10251,82,80,2,2
10252,63,67,-4,4
10253,189,195,-6,6
10254,73,80,-7,7
10255,76,72,4,4
10256,99,108,-9,9
10257,131,127,4,4
10258,88,90,-2,2
10259,61,67,-6,6
10260,135,128,7,7
10261,52,60,-8,8
10262,114,113,1,1
10263,82,80,2,2
10264,106,101,5,5
10265,102,112,-10,10
10266,105,115,-10,10
10267,77,83,-6,6
10268,66,66,0,0
10269,129,119,10,10
10270,73,76,-3,3
10271,77,77,0,0
10272,70,72,-2,2
10273,40,42,-2,2
10274,55,68,-13,13
10275,130,139,-9,9
10276,168,154,14,14
10277,76,68,8,8
10278,136,130,6,6
10279,104,112,-8,8
10280,52,60,-8,8
10281,151,140,11,11
10282,74,74,0,0
10283,60,71,-11,11
10284,90,87,3,3
10285,81,75,6,6
10286,118,119,-1,1
10287,96,96,0,0
10288,96,91,5,5
10289,151,148,3,3
10290,125,119,6,6
10291,73,70,3,3
10292,107,104,3,3
10293,113,114,-1,1
10294,118,128,-10,10
10295,71,79,-8,8
10296,68,71,-3,3
10297,65,71,-6,6
10298,48,60,-12,12
10299,73,77,-4,4
10300,86,113,-27,27
10301,45,52,-7,7
10302,87,85,2,2
10303,113,108,5,5
10304,137,137,0,0
10305,114,117,-3,3
10306,61,67,-6,6
10307,106,92,14,14
10308,128,133,-5,5
10309,111,113,-2,2
10310,100,97,3,3
10311,100,94,6,6
10312,133,141,-8,8
10313,96,96,0,0
10314,133,130,3,3
10315,130,128,2,2
10316,78,82,-4,4
10317,130,113,17,17
10318,110,121,-11,11
10319,75,83,-8,8
10320,144,146,-2,2
10321,81,86,-5,5
10322,63,71,-8,8
10323,122,123,-1,1
10324,119,128,-9,9
10325,99,99,0,0
10326,111,109,2,2
10327,143,125,18,18
10328,104,117,-13,13
10329,93,89,4,4
10330,72,80,-8,8
10331,79,84,-5,5
10332,128,131,-3,3
10333,99,98,1,1
10334,76,83,-7,7
10335,100,103,-3,3
10336,70,72,-2,2
10337,148,151,-3,3
10338,68,70,-2,2
10339,100,112,-12,12
10340,74,88,-14,14
10341,86,83,3,3
10342,93,84,9,9
10343,138,121,17,17
10344,149,160,-11,11
10345,65,65,0,0
10346,89,93,-4,4
10347,117,83,34,34
10348,98,87,11,11
10349,127,126,1,1
10350,106,102,4,4
10351,68,67,1,1
10352,160,136,24,24
10353,83,91,-8,8
10354,129,114,15,15
10355,117,103,14,14
10356,74,83,-9,9
10357,101,99,2,2
10358,113,112,1,1
10359,121,114,7,7
10360,122,127,-5,5
10361,117,114,3,3
10362,131,133,-2,2
10363,68,65,3,3
10364,86,95,-9,9
10365,97,94,3,3
10366,125,118,7,7
10367,65,72,-7,7
10368,49,48,1,1
10369,81,79,2,2
10370,103,105,-2,2
10371,110,104,6,6
10372,86,91,-5,5
10373,103,101,2,2
10374,103,105,-2,2
10375,59,63,-4,4
10376,119,109,10,10
10377,40,41,-1,1
10378,102,106,-4,4
10379,120,114,6,6
10380,103,103,0,0
10381,101,99,2,2
10382,106,104,2,2
10383,110,114,-4,4
10384,82,78,4,4
10385,88,82,6,6
10386,174,172,2,2
10387,99,90,9,9
10388,66,71,-5,5
10389,105,114,-9,9
10390,59,65,-6,6
10391,128,113,15,15
10392,53,66,-13,13
10393,123,128,-5,5
10394,88,84,4,4
10395,80,78,2,2
10396,72,83,-11,11
10397,73,79,-6,6
10398,60,64,-4,4
10399,88,86,2,2
10400,82,81,1,1
10401,156,145,11,11
10402,163,144,19,19
10403,73,72,1,1
10404,105,97,8,8
10405,137,121,16,16
10406,74,76,-2,2
10407,85,78,7,7
10408,71,75,-4,4
10409,56,65,-9,9
10410,95,90,5,5
10411,48,54,-6,6
10412,113,115,-2,2
10413,96,95,1,1
10414,111,111,0,0
10415,80,116,-36,36
10416,44,52,-8,8
10417,73,72,1,1
10418,132,112,20,20
10419,100,86,14,14
10420,126,120,6,6
10421,77,84,-7,7
10422,81,92,-11,11
10423,68,64,4,4
10424,73,96,-23,23
10425,100,102,-2,2
10426,98,86,12,12
10427,60,62,-2,2
10428,110,108,2,2
10429,102,102,0,0
10430,75,74,1,1
10431,138,141,-3,3
10432,81,76,5,5
10433,108,114,-6,6
10434,148,140,8,8
10435,59,60,-1,1
10436,88,92,-4,4
10437,104,86,18,18
10438,72,68,4,4
10439,82,84,-2,2
10440,93,92,1,1
10441,93,84,9,9
10442,160,157,3,3
10443,129,127,2,2
10444,113,116,-3,3
10445,116,103,13,13
10446,119,117,2,2
10447,86,80,6,6
10448,44,44,0,0
10449,76,71,5,5
10450,61,69,-8,8
10451,80,90,-10,10
10452,99,86,13,13
10453,87,102,-15,15
10454,117,113,4,4
10455,50,70,-20,20
10456,150,140,10,10
10457,123,113,10,10
10458,100,79,21,21
10459,147,141,6,6
10460,185,187,-2,2
10461,59,61,-2,2
10462,81,76,5,5
10463,61,76,-15,15
10464,126,119,7,7
10465,82,83,-1,1
10466,100,96,4,4
10467,81,76,5,5
10468,39,45,-6,6
10469,77,74,3,3
10470,51,56,-5,5
10471,98,106,-8,8
10472,133,145,-12,12
10473,80,79,1,1
10474,151,130,21,21
10475,88,81,7,7
10476,55,60,-5,5
10477,72,78,-6,6
10478,75,83,-8,8
10479,77,72,5,5
10480,81,72,9,9
10481,144,143,1,1
10482,121,107,14,14
10483,57,61,-4,4
10484,69,74,-5,5
10485,99,99,0,0
10486,64,73,-9,9
10487,130,112,18,18
10488,106,111,-5,5
10489,72,75,-3,3
10490,67,75,-8,8
10491,68,70,-2,2
10492,79,84,-5,5
10493,81,82,-1,1
10494,69,72,-3,3
10495,67,69,-2,2
10496,73,73,0,0
10497,39,52,-13,13
10498,112,121,-9,9
10499,71,75,-4,4
10500,132,122,10,10
10501,133,135,-2,2
10502,95,94,1,1
10503,112,107,5,5
10504,112,101,11,11
10505,99,115,-16,16
10506,71,77,-6,6
10507,127,140,-13,13
10508,89,97,-8,8
10509,87,85,2,2
10510,124,116,8,8
10511,66,70,-4,4
10512,92,97,-5,5
10513,80,75,5,5
10514,94,96,-2,2
10515,146,151,-5,5
10516,139,139,0,0
10517,136,130,6,6
10518,63,66,-3,3
10519,54,61,-7,7
10520,171,161,10,10
10521,91,84,7,7
10522,170,155,15,15
10523,147,144,3,3
10524,70,69,1,1
10525,140,142,-2,2
10526,117,116,1,1
10527,72,72,0,0
10528,132,125,7,7
10529,63,69,-6,6
10530,102,109,-7,7
10531,81,84,-3,3
10532,90,89,1,1
10533,87,92,-5,5
10534,127,123,4,4
10535,56,63,-7,7
10536,44,50,-6,6
10537,122,117,5,5
10538,111,108,3,3
10539,66,72,-6,6
10540,110,115,-5,5
10541,101,101,0,0
10542,119,124,-5,5
10543,75,84,-9,9
10544,65,65,0,0
10545,55,63,-8,8
10546,76,83,-7,7
10547,70,73,-3,3
10548,157,190,-33,33
10549,27,29,-2,2
10550,83,77,6,6
10551,125,119,6,6
10552,95,102,-7,7
10553,86,78,8,8
10554,116,115,1,1
10555,66,67,-1,1
10556,144,163,-19,19
10557,96,103,-7,7
10558,94,94,0,0
10559,37,44,-7,7
10560,195,178,17,17
10561,108,111,-3,3
10562,130,129,1,1
10563,78,80,-2,2
10564,57,66,-9,9
10565,72,69,3,3
10566,57,72,-15,15
10567,90,104,-14,14
10568,67,60,7,7
10569,157,158,-1,1
10570,57,65,-8,8
10571,94,94,0,0
10572,69,76,-7,7
10573,86,85,1,1
10574,58,61,-3,3
10575,105,103,2,2
10576,74,73,1,1
10577,116,117,-1,1
10578,78,76,2,2
10579,115,112,3,3
10580,64,67,-3,3
10581,127,118,9,9
10582,77,77,0,0
10583,99,95,4,4
10584,68,72,-4,4
10585,101,115,-14,14
10586,88,83,5,5
10587,121,118,3,3
10588,100,102,-2,2
10589,87,74,13,13
10590,80,74,6,6
10591,43,54,-11,11
10592,103,110,-7,7
10593,149,135,14,14
10594,67,77,-10,10
10595,110,112,-2,2
10596,127,113,14,14
10597,55,61,-6,6
10598,133,125,8,8
10599,82,83,-1,1
10600,45,46,-1,1
10601,59,62,-3,3
10602,120,116,4,4
10603,103,111,-8,8
10604,145,145,0,0
10605,119,121,-2,2
10606,75,83,-8,8
10607,74,72,2,2
10608,109,111,-2,2
10609,148,141,7,7
10610,80,81,-1,1
10611,68,70,-2,2
10612,116,118,-2,2
10613,114,106,8,8
10614,100,102,-2,2
10615,72,74,-2,2
10616,119,138,-19,19
10617,96,86,10,10
10618,58,65,-7,7
10619,132,136,-4,4
10620,169,166,3,3
10621,70,72,-2,2
10622,90,85,5,5
10623,93,89,4,4
10624,107,125,-18,18
10625,124,115,9,9
10626,43,52,-9,9
10627,102,99,3,3
10628,107,107,0,0
10629,61,70,-9,9
10630,62,67,-5,5
10631,72,72,0,0
10632,129,124,5,5
10633,74,74,0,0
10634,81,76,5,5
10635,107,101,6,6
10636,79,76,3,3
10637,43,40,3,3
10638,72,76,-4,4
10639,102,86,16,16
10640,93,84,9,9
10641,90,87,3,3
10642,66,63,3,3
10643,125,122,3,3
10644,73,73,0,0
10645,78,74,4,4
10646,49,57,-8,8
10647,81,74,7,7
10648,74,78,-4,4
10649,78,76,2,2
10650,82,81,1,1
10651,92,110,-18,18
10652,110,87,23,23
10653,96,88,8,8
10654,83,88,-5,5
10655,143,140,3,3
10656,88,79,9,9
10657,111,112,-1,1
10658,54,59,-5,5
10659,66,71,-5,5
10660,68,79,-11,11
10661,57,65,-8,8
10662,169,145,24,24
10663,63,75,-12,12
10664,131,143,-12,12
10665,102,101,1,1
10666,47,52,-5,5
10667,58,65,-7,7
10668,127,121,6,6
10669,100,97,3,3
10670,109,112,-3,3
10671,109,106,3,3
10672,92,88,4,4
10673,93,93,0,0
10674,64,67,-3,3
10675,95,97,-2,2
10676,97,92,5,5
10677,87,92,-5,5
10678,65,71,-6,6
10679,84,83,1,1
10680,140,117,23,23
10681,88,83,5,5
10682,56,59,-3,3
10683,131,127,4,4
10684,107,105,2,2
10685,93,86,7,7
10686,125,117,8,8
10687,204,192,12,12
10688,128,117,11,11
10689,80,77,3,3
10690,161,180,-19,19
10691,114,110,4,4
10692,96,78,18,18
10693,79,82,-3,3
10694,60,65,-5,5
10695,176,165,11,11
10696,41,45,-4,4
10697,50,60,-10,10
10698,45,52,-7,7
10699,168,145,23,23
10700,65,68,-3,3
10701,57,53,4,4
10702,98,99,-1,1
10703,77,77,0,0
10704,84,80,4,4
10705,76,79,-3,3
10706,75,85,-10,10
10707,93,94,-1,1
10708,71,106,-35,35
10709,87,82,5,5
10710,65,70,-5,5
10711,130,118,12,12
10712,74,67,7,7
10713,34,44,-10,10
10714,129,111,18,18
10715,114,117,-3,3
10716,70,69,1,1
10717,50,63,-13,13
10718,93,84,9,9
10719,55,58,-3,3
10720,94,80,14,14
10721,46,41,5,5
10722,50,54,-4,4
10723,104,99,5,5
10724,118,117,1,1
10725,102,100,2,2
10726,84,85,-1,1
10727,165,174,-9,9
10728,97,99,-2,2
10729,92,94,-2,2
10730,89,75,14,14
10731,76,77,-1,1
10732,75,92,-17,17
10733,142,141,1,1
10734,96,95,1,1
10735,145,147,-2,2
10736,87,91,-4,4
10737,64,65,-1,1
10738,48,64,-16,16
10739,94,89,5,5
10740,69,67,2,2
10741,66,64,2,2
10742,131,120,11,11
10743,98,95,3,3
10744,94,99,-5,5
10745,65,70,-5,5
10746,89,92,-3,3
10747,128,121,7,7
10748,144,143,1,1
10749,53,65,-12,12
10750,108,112,-4,4
10751,29,43,-14,14
10752,58,62,-4,4
10753,94,102,-8,8
10754,74,74,0,0
10755,133,128,5,5
10756,75,74,1,1
10757,87,81,6,6
10758,133,129,4,4
10759,74,70,4,4
10760,80,79,1,1
10761,52,58,-6,6
10762,116,113,3,3
10763,158,153,5,5
10764,224,205,19,19
10765,97,98,-1,1
10766,128,120,8,8
10767,102,103,-1,1
10768,114,104,10,10
10769,41,48,-7,7
10770,86,84,2,2
10771,42,53,-11,11
10772,111,107,4,4
10773,142,144,-2,2
10774,68,73,-5,5
10775,65,69,-4,4
10776,116,119,-3,3
10777,91,84,7,7
10778,157,151,6,6
10779,140,136,4,4
10780,126,116,10,10
10781,77,75,2,2
10782,86,88,-2,2
10783,102,106,-4,4
10784,95,93,2,2
10785,64,68,-4,4
10786,103,113,-10,10
10787,55,67,-12,12
10788,77,82,-5,5
10789,160,148,12,12
10790,58,65,-7,7
10791,191,191,0,0
10792,121,124,-3,3
10793,77,69,8,8
10794,161,151,10,10
10795,65,66,-1,1
10796,80,97,-17,17
10797,77,83,-6,6
10798,67,76,-9,9
10799,51,57,-6,6
10800,76,76,0,0
10801,155,142,13,13
10802,96,85,11,11
10803,65,69,-4,4
10804,98,95,3,3
10805,101,100,1,1
10806,49,50,-1,1
10807,112,112,0,0
10808,81,68,13,13
10809,49,56,-7,7
10810,65,67,-2,2
10811,90,84,6,6
10812,126,114,12,12
10813,48,54,-6,6
10814,120,128,-8,8
10815,55,63,-8,8
10816,75,88,-13,13
10817,83,99,-16,16
10818,135,126,9,9
10819,131,127,4,4
10820,117,123,-6,6
10821,88,82,6,6
10822,92,94,-2,2
10823,90,103,-13,13
10824,98,103,-5,5
10825,101,95,6,6
10826,138,139,-1,1
10827,84,86,-2,2
10828,104,107,-3,3
10829,98,113,-15,15
10830,87,89,-2,2
10831,102,105,-3,3
10832,81,84,-3,3
10833,75,79,-4,4
10834,145,135,10,10
10835,114,110,4,4
10836,63,69,-6,6
10837,51,58,-7,7
10838,109,109,0,0
10839,69,70,-1,1
10840,87,98,-11,11
10841,72,69,3,3
10842,114,114,0,0
10843,96,82,14,14
10844,140,148,-8,8
10845,171,163,8,8
10846,97,97,0,0
10847,77,78,-1,1
10848,125,103,22,22
10849,75,76,-1,1
10850,98,105,-7,7
10851,118,117,1,1
10852,120,115,5,5
10853,69,72,-3,3
10854,57,60,-3,3
10855,129,118,11,11
10856,127,124,3,3
10857,81,84,-3,3
10858,102,104,-2,2
10859,154,145,9,9
10860,116,111,5,5
10861,47,52,-5,5
10862,124,120,4,4
10863,124,115,9,9
10864,138,126,12,12
10865,82,84,-2,2
10866,120,112,8,8
10867,114,103,11,11
10868,90,91,-1,1
10869,88,83,5,5
10870,53,58,-5,5
10871,84,77,7,7
10872,80,80,0,0
10873,147,139,8,8
10874,79,87,-8,8
10875,115,113,2,2
10876,80,79,1,1
10877,117,113,4,4
10878,123,117,6,6
10879,54,66,-12,12
10880,93,89,4,4
10881,145,141,4,4
10882,128,134,-6,6
10883,73,75,-2,2
10884,51,57,-6,6
10885,65,68,-3,3
10886,102,111,-9,9
10887,95,101,-6,6
10888,58,61,-3,3
10889,49,64,-15,15
10890,113,111,2,2
10891,121,125,-4,4
10892,148,146,2,2
10893,139,143,-4,4
10894,96,109,-13,13
10895,143,134,9,9
10896,92,94,-2,2
10897,78,75,3,3
10898,11,30,-19,19
10899,66,71,-5,5
10900,79,77,2,2
10901,70,71,-1,1
10902,67,72,-5,5
10903,77,77,0,0
10904,144,142,2,2
10905,84,84,0,0
10906,50,53,-3,3
10907,79,74,5,5
10908,90,102,-12,12
10909,62,60,2,2
10910,134,149,-15,15
10911,110,100,10,10
10912,78,107,-29,29
10913,142,126,16,16
10914,79,83,-4,4
10915,143,138,5,5
10916,80,85,-5,5
10917,37,36,1,1
10918,70,69,1,1
10919,96,102,-6,6
10920,135,143,-8,8
10921,76,74,2,2
10922,181,171,10,10
10923,105,111,-6,6
10924,49,54,-5,5
10925,65,73,-8,8
10926,139,129,10,10
10927,38,46,-8,8
10928,83,80,3,3
10929,56,65,-9,9
10930,120,106,14,14
10931,109,111,-2,2
10932,160,155,5,5
10933,117,128,-11,11
10934,92,98,-6,6
10935,99,98,1,1
10936,114,114,0,0
10937,70,65,5,5
10938,93,99,-6,6
10939,112,105,7,7
10940,118,110,8,8
10941,72,68,4,4
10942,51,63,-12,12
10943,119,104,15,15
10944,85,82,3,3
10945,101,115,-14,14
10946,78,83,-5,5
10947,75,76,-1,1
10948,69,79,-10,10
10949,120,114,6,6
10950,72,72,0,0
10951,64,79,-15,15
10952,80,77,3,3
10953,80,88,-8,8
10954,75,73,2,2
10955,76,76,0,0
10956,157,144,13,13
10957,80,97,-17,17
10958,117,116,1,1
10959,103,93,10,10
10960,129,112,17,17
10961,139,134,5,5
10962,98,96,2,2
10963,87,81,6,6
10964,165,146,19,19
10965,73,77,-4,4
10966,137,135,2,2
10967,150,154,-4,4
10968,74,81,-7,7
10969,157,150,7,7
10970,82,99,-17,17
10971,74,70,4,4
10972,37,52,-15,15
10973,95,96,-1,1
10974,104,98,6,6
10975,124,125,-1,1
10976,37,46,-9,9
10977,80,106,-26,26
10978,80,91,-11,11
10979,88,83,5,5
10980,147,125,22,22
10981,65,73,-8,8
10982,101,101,0,0
10983,93,91,2,2
10984,71,74,-3,3
10985,64,62,2,2
10986,71,76,-5,5
10987,60,69,-9,9
10988,64,78,-14,14
10989,55,60,-5,5
10990,48,74,-26,26
10991,141,129,12,12
10992,95,95,0,0
10993,58,65,-7,7
10994,95,92,3,3
10995,71,76,-5,5
10996,89,85,4,4
10997,125,121,4,4
10998,170,175,-5,5
10999,153,155,-2,2
11000,84,85,-1,1
11001,137,139,-2,2
11002,81,76,5,5
11003,77,90,-13,13
11004,75,82,-7,7
11005,110,111,-1,1
11006,53,58,-5,5
11007,92,86,6,6
11008,105,115,-10,10
11009,55,64,-9,9
11010,85,100,-15,15
11011,141,129,12,12
11012,126,128,-2,2
11013,82,79,3,3
11014,124,117,7,7
11015,76,93,-17,17
11016,126,111,15,15
11017,56,63,-7,7
11018,65,67,-2,2
11019,91,98,-7,7
11020,65,71,-6,6
11021,84,84,0,0
11022,95,99,-4,4
11023,109,97,12,12
11024,74,70,4,4
11025,60,61,-1,1
11026,65,63,2,2
11027,77,76,1,1
11028,79,77,2,2
11029,65,65,0,0
11030,110,111,-1,1
11031,116,127,-11,11
11032,67,71,-4,4
11033,83,83,0,0
11034,120,114,6,6
11035,157,129,28,28
11036,123,120,3,3
11037,80,77,3,3
11038,99,109,-10,10
11039,88,81,7,7
11040,67,83,-16,16
11041,134,133,1,1
11042,76,74,2,2
11043,96,109,-13,13
11044,83,92,-9,9
11045,57,64,-7,7
11046,93,90,3,3
11047,60,64,-4,4
11048,85,84,1,1
11049,62,74,-12,12
11050,110,111,-1,1
11051,108,110,-2,2
11052,66,68,-2,2
11053,67,80,-13,13
11054,71,69,2,2
11055,79,77,2,2
11056,145,150,-5,5
11057,62,73,-11,11
11058,60,71,-11,11
11059,126,125,1,1
11060,120,122,-2,2
11061,67,71,-4,4
11062,96,98,-2,2
11063,54,57,-3,3
11064,66,65,1,1
11065,101,102,-1,1
11066,83,76,7,7
11067,120,112,8,8
11068,186,182,4,4
11069,72,73,-1,1
11070,91,90,1,1
11071,158,147,11,11
11072,67,72,-5,5
11073,118,102,16,16
11074,63,63,0,0
11075,105,103,2,2
11076,124,107,17,17
11077,108,90,18,18
11078,121,111,10,10
11079,39,35,4,4
11080,90,95,-5,5
11081,218,228,-10,10
11082,71,79,-8,8
11083,81,87,-6,6
11084,61,60,1,1
11085,86,78,8,8
11086,59,62,-3,3
11087,168,173,-5,5
11088,86,98,-12,12
11089,104,112,-8,8
11090,89,89,0,0
11091,80,78,2,2
11092,81,77,4,4
11093,87,81,6,6
11094,119,109,10,10
11095,136,128,8,8
11096,113,104,9,9
11097,68,76,-8,8
11098,86,75,11,11
11099,103,104,-1,1
11100,72,80,-8,8
11101,142,150,-8,8
11102,172,189,-17,17
11103,166,165,1,1
11104,96,110,-14,14
11105,106,116,-10,10
11106,125,120,5,5
11107,125,118,7,7
11108,75,102,-27,27
11109,94,84,10,10
11110,103,104,-1,1
11111,58,59,-1,1
11112,81,76,5,5
11113,133,117,16,16
11114,122,120,2,2
11115,99,107,-8,8
11116,67,70,-3,3
11117,126,120,6,6
11118,91,85,6,6
11119,73,77,-4,4
11120,89,95,-6,6
11121,124,142,-18,18
11122,68,60,8,8
11123,126,122,4,4
11124,76,79,-3,3
11125,167,149,18,18
11126,36,34,2,2
11127,137,131,6,6
11128,93,94,-1,1
11129,115,113,2,2
11130,125,117,8,8
11131,79,78,1,1
11132,59,64,-5,5
11133,90,92,-2,2
11134,73,76,-3,3
11135,74,71,3,3
11136,111,104,7,7
11137,129,126,3,3
11138,80,80,0,0
11139,97,95,2,2
11140,83,80,3,3
11141,129,125,4,4
11142,120,118,2,2
11143,93,84,9,9
11144,95,106,-11,11
11145,101,98,3,3
11146,93,98,-5,5
11147,112,125,-13,13
11148,103,104,-1,1
11149,60,65,-5,5
11150,95,111,-16,16
11151,62,60,2,2
11152,69,73,-4,4
11153,83,99,-16,16
11154,53,52,1,1
11155,98,87,11,11
11156,101,112,-11,11
11157,73,84,-11,11
11158,94,106,-12,12
11159,55,61,-6,6
11160,93,112,-19,19
11161,70,74,-4,4
11162,102,112,-10,10
11163,75,72,3,3
11164,77,70,7,7
11165,96,94,2,2
11166,93,103,-10,10
11167,78,84,-6,6
11168,155,145,10,10
11169,94,94,0,0
11170,66,70,-4,4
11171,71,84,-13,13
11172,96,95,1,1
11173,143,141,2,2
11174,60,63,-3,3
11175,79,84,-5,5
11176,93,93,0,0
11177,126,122,4,4
11178,128,120,8,8
11179,103,96,7,7
11180,95,94,1,1
11181,86,100,-14,14
11182,95,91,4,4
11183,68,69,-1,1
11184,102,109,-7,7
11185,74,76,-2,2
11186,94,118,-24,24
11187,83,67,16,16
11188,107,105,2,2
11189,65,63,2,2
11190,66,73,-7,7
11191,113,113,0,0
11192,164,150,14,14
11193,60,67,-7,7
11194,139,151,-12,12
11195,96,102,-6,6
11196,87,75,12,12
11197,113,111,2,2
11198,180,176,4,4
11199,106,104,2,2
11200,73,76,-3,3
11201,121,125,-4,4
11202,125,121,4,4
11203,62,68,-6,6
11204,56,57,-1,1
11205,81,79,2,2
11206,103,98,5,5
11207,107,103,4,4
11208,70,68,2,2
11209,107,100,7,7
11210,167,224,-57,57
11211,72,60,12,12
11212,123,114,9,9
11213,178,191,-13,13
11214,142,151,-9,9
11215,138,126,12,12
11216,148,132,16,16
11217,141,140,1,1
11218,119,128,-9,9
11219,67,70,-3,3
11220,126,138,-12,12
11221,35,72,-37,37
11222,86,87,-1,1
11223,82,94,-12,12
11224,135,166,-31,31
11225,111,106,5,5
11226,145,145,0,0
11227,99,82,17,17
11228,69,76,-7,7
11229,81,94,-13,13
11230,58,62,-4,4
11231,58,71,-13,13
11232,141,116,25,25
11233,75,72,3,3
11234,108,114,-6,6
11235,128,133,-5,5
11236,87,106,-19,19
11237,90,100,-10,10
11238,133,132,1,1
11239,73,72,1,1
11240,63,66,-3,3
11241,73,76,-3,3
11242,136,144,-8,8
11243,105,99,6,6
11244,60,66,-6,6
11245,102,98,4,4
11246,100,99,1,1
11247,57,63,-6,6
11248,71,74,-3,3
11249,76,75,1,1
11250,58,65,-7,7
11251,204,193,11,11
11252,96,94,2,2
11253,113,105,8,8
11254,114,100,14,14
11255,138,130,8,8
11256,79,86,-7,7
11257,142,128,14,14
11258,109,103,6,6
11259,141,139,2,2
11260,73,72,1,1
11261,89,83,6,6
11262,85,91,-6,6
11263,159,147,12,12
11264,107,103,4,4
11265,68,76,-8,8
11266,79,84,-5,5
11267,109,108,1,1
11268,78,73,5,5
11269,61,68,-7,7
11270,102,104,-2,2
11271,140,143,-3,3
11272,156,150,6,6
11273,155,152,3,3
11274,118,109,9,9
11275,85,80,5,5
11276,162,150,12,12
11277,105,108,-3,3
11278,100,101,-1,1
11279,102,95,7,7
11280,130,123,7,7
11281,55,63,-8,8
11282,69,79,-10,10
11283,89,82,7,7
11284,39,56,-17,17
11285,139,136,3,3
11286,94,97,-3,3
11287,79,71,8,8
11288,171,163,8,8
11289,139,131,8,8
11290,85,90,-5,5
11291,86,87,-1,1
11292,114,109,5,5
11293,134,125,9,9
11294,51,56,-5,5
11295,47,58,-11,11
11296,56,66,-10,10
11297,72,72,0,0
11298,96,102,-6,6
11299,143,146,-3,3
11300,115,102,13,13
11301,99,106,-7,7
11302,91,102,-11,11
11303,85,86,-1,1
11304,151,133,18,18
11305,42,57,-15,15
11306,125,118,7,7
11307,41,71,-30,30
11308,137,117,20,20
11309,100,96,4,4
11310,143,124,19,19
11311,174,172,2,2
11312,81,77,4,4
11313,106,104,2,2
11314,150,137,13,13
11315,66,72,-6,6
11316,119,114,5,5
11317,133,115,18,18
11318,58,65,-7,7
11319,90,90,0,0
11320,111,109,2,2
11321,157,146,11,11
11322,106,105,1,1
11323,121,114,7,7
11324,61,67,-6,6
11325,111,109,2,2
11326,88,88,0,0
11327,81,84,-3,3
11328,93,89,4,4
11329,77,77,0,0
11330,163,143,20,20
11331,104,105,-1,1
11332,76,71,5,5
11333,52,58,-6,6
11334,87,93,-6,6
11335,104,102,2,2
11336,62,61,1,1
11337,112,114,-2,2
11338,76,81,-5,5
11339,129,126,3,3
11340,106,116,-10,10
11341,63,68,-5,5
11342,87,91,-4,4
11343,106,111,-5,5
11344,86,76,10,10
11345,88,86,2,2
11346,89,91,-2,2
11347,71,74,-3,3
11348,116,107,9,9
11349,55,61,-6,6
11350,83,95,-12,12
11351,64,71,-7,7
11352,71,70,1,1
11353,128,117,11,11
11354,57,61,-4,4
11355,127,128,-1,1
11356,47,48,-1,1
11357,94,87,7,7
11358,60,60,0,0
11359,60,70,-10,10
11360,55,67,-12,12
11361,97,101,-4,4
11362,82,84,-2,2
11363,109,105,4,4
11364,111,105,6,6
11365,61,64,-3,3
11366,70,74,-4,4
11367,79,77,2,2
11368,107,107,0,0
11369,89,88,1,1
11370,60,61,-1,1
11371,147,146,1,1
11372,83,80,3,3
11373,104,103,1,1
11374,134,140,-6,6
11375,88,89,-1,1
11376,35,39,-4,4
11377,117,127,-10,10
11378,78,77,1,1
11379,149,139,10,10
11380,85,87,-2,2
11381,97,99,-2,2
11382,115,123,-8,8
11383,109,98,11,11
11384,81,80,1,1
11385,81,91,-10,10
11386,93,103,-10,10
11387,123,127,-4,4
11388,95,96,-1,1
11389,102,98,4,4
11390,57,59,-2,2
11391,179,193,-14,14
11392,126,128,-2,2
11393,62,65,-3,3
11394,65,74,-9,9
11395,109,103,6,6
11396,74,76,-2,2
11397,113,114,-1,1
11398,121,114,7,7
11399,114,113,1,1
11400,63,67,-4,4
11401,103,107,-4,4
11402,80,75,5,5
11403,45,77,-32,32
11404,93,95,-2,2
11405,121,114,7,7
11406,166,168,-2,2
11407,63,77,-14,14
11408,66,64,2,2
11409,55,77,-22,22
11410,116,119,-3,3
11411,96,96,0,0
11412,76,74,2,2
11413,54,65,-11,11
11414,108,108,0,0
11415,51,58,-7,7
11416,109,105,4,4
11417,75,74,1,1
11418,86,91,-5,5
11419,82,94,-12,12
11420,36,45,-9,9
11421,64,73,-9,9
11422,119,107,12,12
11423,53,64,-11,11
11424,73,75,-2,2
11425,58,60,-2,2
11426,41,51,-10,10
11427,58,69,-11,11
11428,118,119,-1,1
11429,134,126,8,8
11430,75,77,-2,2
11431,50,60,-10,10
11432,98,102,-4,4
11433,33,37,-4,4
11434,109,106,3,3
11435,79,83,-4,4
11436,60,63,-3,3
11437,100,103,-3,3
11438,85,75,10,10
11439,75,77,-2,2
11440,82,76,6,6
11441,57,63,-6,6
11442,164,164,0,0
11443,157,149,8,8
11444,76,73,3,3
11445,72,78,-6,6
11446,57,82,-25,25
11447,96,115,-19,19
11448,90,90,0,0
11449,100,100,0,0
11450,129,124,5,5
11451,91,85,6,6
11452,98,96,2,2
11453,102,99,3,3
11454,198,204,-6,6
11455,78,75,3,3
11456,60,64,-4,4
11457,173,168,5,5
11458,98,97,1,1
11459,72,72,0,0
11460,90,121,-31,31
11461,170,161,9,9
11462,163,151,12,12
11463,77,82,-5,5
11464,66,72,-6,6
11465,67,64,3,3
11466,66,74,-8,8
11467,99,87,12,12
11468,86,83,3,3
11469,85,86,-1,1
11470,71,73,-2,2
11471,136,126,10,10
11472,86,79,7,7
11473,60,66,-6,6
11474,119,120,-1,1
11475,132,129,3,3
11476,114,116,-2,2
11477,66,68,-2,2
11478,147,138,9,9
11479,90,91,-1,1
11480,112,111,1,1
11481,68,65,3,3
11482,119,112,7,7
11483,121,115,6,6
11484,70,98,-28,28
11485,124,114,10,10
11486,47,58,-11,11
11487,70,80,-10,10
11488,80,74,6,6
11489,44,52,-8,8
11490,75,82,-7,7
11491,65,71,-6,6
11492,80,73,7,7
11493,95,98,-3,3
11494,124,116,8,8
11495,50,63,-13,13
11496,133,123,10,10
11497,77,79,-2,2
11498,105,107,-2,2
11499,70,70,0,0
11500,86,85,1,1
11501,97,86,11,11
11502,80,76,4,4
11503,98,106,-8,8
11504,106,106,0,0
11505,74,75,-1,1
11506,66,70,-4,4
11507,118,119,-1,1
11508,110,100,10,10
11509,156,148,8,8
11510,67,68,-1,1
11511,170,142,28,28
11512,117,107,10,10
11513,101,100,1,1
11514,130,125,5,5
11515,93,104,-11,11
11516,105,101,4,4
11517,41,62,-21,21
11518,84,72,12,12
11519,59,63,-4,4
11520,141,132,9,9
11521,47,70,-23,23
11522,114,94,20,20
11523,137,129,8,8
11524,126,134,-8,8
11525,62,65,-3,3
11526,111,112,-1,1
11527,74,76,-2,2
11528,81,75,6,6
11529,160,154,6,6
11530,102,103,-1,1
11531,91,83,8,8
11532,83,87,-4,4
11533,72,67,5,5
11534,68,75,-7,7
11535,126,113,13,13
11536,77,82,-5,5
11537,160,144,16,16
11538,106,109,-3,3
11539,81,84,-3,3
11540,170,146,24,24
11541,131,124,7,7
11542,50,65,-15,15
11543,115,110,5,5
11544,70,77,-7,7
11545,109,116,-7,7
11546,72,67,5,5
11547,74,79,-5,5
11548,67,72,-5,5
11549,81,75,6,6
11550,83,85,-2,2
11551,105,102,3,3
11552,95,105,-10,10
11553,133,123,10,10
11554,115,124,-9,9
11555,98,94,4,4
11556,55,42,13,13
11557,109,111,-2,2
11558,50,63,-13,13
11559,145,135,10,10
11560,89,77,12,12
11561,85,85,0,0
11562,85,86,-1,1
11563,65,85,-20,20
11564,86,88,-2,2
11565,105,93,12,12
11566,53,59,-6,6
11567,60,66,-6,6
11568,121,114,7,7
11569,52,67,-15,15
11570,53,61,-8,8
11571,164,163,1,1
11572,92,98,-6,6
11573,100,101,-1,1
11574,111,107,4,4
11575,67,68,-1,1
11576,169,159,10,10
11577,86,83,3,3
11578,51,50,1,1
11579,96,97,-1,1
11580,97,80,17,17
11581,82,73,9,9
11582,75,77,-2,2
11583,103,100,3,3
11584,91,85,6,6
11585,108,113,-5,5
11586,85,86,-1,1
11587,137,134,3,3
11588,88,93,-5,5
11589,167,159,8,8
11590,65,71,-6,6
11591,92,83,9,9
11592,98,89,9,9
11593,68,71,-3,3
11594,65,64,1,1
11595,60,62,-2,2
11596,71,69,2,2
11597,50,56,-6,6
11598,79,80,-1,1
11599,102,99,3,3
11600,85,80,5,5
11601,69,71,-2,2
11602,105,109,-4,4
11603,114,108,6,6
11604,77,77,0,0
11605,70,66,4,4
11606,80,79,1,1
11607,137,144,-7,7
11608,105,100,5,5
11609,83,91,-8,8
11610,95,96,-1,1
11611,70,81,-11,11
11612,183,176,7,7
11613,50,60,-10,10
11614,164,157,7,7
11615,125,116,9,9
11616,90,91,-1,1
11617,108,109,-1,1
11618,150,145,5,5
11619,90,83,7,7
11620,73,73,0,0
11621,86,98,-12,12
11622,91,104,-13,13
11623,108,110,-2,2
11624,120,113,7,7
11625,127,115,12,12
11626,65,65,0,0
11627,121,98,23,23
11628,80,75,5,5
11629,89,74,15,15
11630,81,76,5,5
11631,96,79,17,17
11632,119,116,3,3
11633,118,118,0,0
11634,128,128,0,0
11635,56,72,-16,16
11636,56,66,-10,10
11637,86,83,3,3
11638,79,76,3,3
11639,116,104,12,12
11640,69,72,-3,3
11641,111,92,19,19
11642,81,97,-16,16
11643,56,61,-5,5
11644,119,120,-1,1
11645,82,76,6,6
11646,81,76,5,5
11647,136,119,17,17
11648,127,127,0,0
11649,108,114,-6,6
11650,129,127,2,2
11651,74,99,-25,25
11652,63,79,-16,16
11653,168,155,13,13
11654,100,105,-5,5
11655,66,72,-6,6
11656,70,78,-8,8
11657,101,100,1,1
11658,112,101,11,11
11659,102,93,9,9
11660,124,118,6,6
11661,82,82,0,0
11662,94,99,-5,5
11663,70,80,-10,10
11664,72,77,-5,5
11665,67,70,-3,3
11666,117,126,-9,9
11667,47,52,-5,5
11668,110,103,7,7
11669,93,91,2,2
11670,64,66,-2,2
11671,134,132,2,2
11672,66,66,0,0
11673,69,65,4,4
11674,99,105,-6,6
11675,137,127,10,10
11676,58,66,-8,8
11677,85,79,6,6
11678,94,91,3,3
11679,104,103,1,1
11680,108,107,1,1
11681,89,83,6,6
11682,176,165,11,11
11683,88,91,-3,3
11684,46,56,-10,10
11685,94,98,-4,4
11686,162,159,3,3
11687,92,88,4,4
11688,96,96,0,0
11689,124,122,2,2
11690,74,80,-6,6
11691,68,76,-8,8
11692,67,73,-6,6
11693,90,96,-6,6
11694,87,78,9,9
11695,86,80,6,6
11696,68,72,-4,4
11697,90,84,6,6
11698,77,84,-7,7
11699,126,109,17,17
11700,126,117,9,9
11701,94,97,-3,3
11702,172,163,9,9
11703,63,92,-29,29
11704,101,98,3,3
11705,148,143,5,5
11706,87,93,-6,6
11707,127,116,11,11
11708,121,104,17,17
11709,142,150,-8,8
11710,73,76,-3,3
11711,71,72,-1,1
11712,103,128,-25,25
11713,39,44,-5,5
11714,99,105,-6,6
11715,69,70,-1,1
11716,182,167,15,15
11717,138,163,-25,25
11718,142,136,6,6
11719,114,118,-4,4
11720,54,60,-6,6
11721,93,89,4,4
11722,110,102,8,8
11723,38,48,-10,10
11724,133,134,-1,1
11725,143,130,13,13
11726,125,128,-3,3
11727,69,71,-2,2
11728,120,118,2,2
11729,121,131,-10,10
11730,71,69,2,2
11731,97,97,0,0
11732,104,99,5,5
11733,97,94,3,3
11734,47,56,-9,9
11735,184,186,-2,2
11736,110,120,-10,10
11737,67,70,-3,3
11738,106,107,-1,1
11739,66,79,-13,13
11740,118,109,9,9
11741,81,80,1,1
11742,83,85,-2,2
11743,64,75,-11,11
11744,70,65,5,5
11745,50,57,-7,7
11746,93,85,8,8
11747,157,141,16,16
11748,51,57,-6,6
11749,77,77,0,0
11750,87,85,2,2
11751,119,111,8,8
11752,115,108,7,7
11753,85,76,9,9
11754,63,78,-15,15
11755,91,96,-5,5
11756,67,68,-1,1
11757,64,74,-10,10
11758,127,134,-7,7
11759,67,71,-4,4
11760,71,73,-2,2
11761,96,88,8,8
11762,111,112,-1,1
11763,62,66,-4,4
11764,77,71,6,6
11765,174,179,-5,5
11766,138,126,12,12
11767,65,70,-5,5
11768,116,109,7,7
11769,47,56,-9,9
11770,119,113,6,6
11771,94,85,9,9
11772,122,118,4,4
11773,92,99,-7,7
11774,148,129,19,19
11775,67,75,-8,8
11776,101,104,-3,3
11777,86,84,2,2
11778,53,52,1,1
11779,77,81,-4,4
11780,126,115,11,11
11781,74,70,4,4
11782,91,94,-3,3
11783,81,84,-3,3
11784,43,51,-8,8
11785,114,111,3,3
11786,79,80,-1,1
11787,96,92,4,4
11788,106,98,8,8
11789,79,88,-9,9
11790,120,130,-10,10
11791,107,107,0,0
11792,98,99,-1,1
11793,47,50,-3,3
11794,76,80,-4,4
11795,85,84,1,1
11796,67,78,-11,11
11797,79,76,3,3
11798,90,103,-13,13
11799,84,78,6,6
11800,152,139,13,13
11801,152,139,13,13
11802,87,85,2,2
11803,65,68,-3,3
11804,83,81,2,2
11805,205,195,10,10
11806,151,151,0,0
11807,114,102,12,12
11808,83,87,-4,4
11809,66,75,-9,9
11810,66,71,-5,5
11811,105,103,2,2
11812,176,160,16,16
11813,166,165,1,1
11814,185,168,17,17
11815,108,111,-3,3
11816,95,94,1,1
11817,67,83,-16,16
11818,87,87,0,0
11819,82,86,-4,4
11820,121,114,7,7
11821,71,77,-6,6
11822,62,69,-7,7
11823,113,92,21,21
11824,104,102,2,2
11825,68,73,-5,5
11826,93,101,-8,8
11827,74,69,5,5
11828,60,67,-7,7
11829,80,85,-5,5
11830,70,77,-7,7
11831,75,80,-5,5
11832,76,71,5,5
11833,75,73,2,2
11834,80,73,7,7
11835,45,60,-15,15
11836,93,110,-17,17
11837,99,111,-12,12
11838,77,75,2,2
11839,89,84,5,5
11840,143,156,-13,13
11841,83,93,-10,10
11842,102,102,0,0
11843,122,124,-2,2
11844,118,109,9,9
11845,132,113,19,19
11846,102,112,-10,10
11847,75,72,3,3
11848,105,107,-2,2
11849,124,116,8,8
11850,75,74,1,1
11851,47,58,-11,11
11852,130,130,0,0
11853,147,143,4,4
11854,134,126,8,8
11855,71,73,-2,2
11856,72,73,-1,1
11857,42,53,-11,11
11858,97,91,6,6
11859,99,106,-7,7
11860,147,152,-5,5
11861,127,124,3,3
11862,65,66,-1,1
11863,73,90,-17,17
11864,54,65,-11,11
11865,87,88,-1,1
11866,125,131,-6,6
11867,120,121,-1,1
11868,75,76,-1,1
11869,101,105,-4,4
11870,139,136,3,3
11871,93,90,3,3
11872,85,90,-5,5
11873,162,151,11,11
11874,158,159,-1,1
11875,234,204,30,30
11876,76,77,-1,1
11877,68,67,1,1
11878,60,63,-3,3
11879,115,107,8,8
11880,92,92,0,0
11881,99,81,18,18
11882,95,89,6,6
11883,69,83,-14,14
11884,53,64,-11,11
11885,100,97,3,3
11886,157,150,7,7
11887,103,99,4,4
11888,117,117,0,0
11889,100,99,1,1
11890,95,88,7,7
11891,146,132,14,14
11892,97,92,5,5
11893,49,54,-5,5
11894,83,84,-1,1
11895,89,80,9,9
11896,97,100,-3,3
11897,98,101,-3,3
11898,99,98,1,1
11899,52,65,-13,13
11900,92,93,-1,1
11901,128,134,-6,6
11902,60,63,-3,3
11903,47,56,-9,9
11904,106,100,6,6
11905,78,72,6,6
11906,143,152,-9,9
11907,90,84,6,6
11908,125,118,7,7
11909,80,90,-10,10
11910,114,111,3,3
11911,161,149,12,12
11912,120,115,5,5
11913,41,65,-24,24
11914,38,40,-2,2
11915,105,114,-9,9
11916,48,53,-5,5
11917,58,65,-7,7
11918,112,107,5,5
11919,59,64,-5,5
11920,76,79,-3,3
11921,118,114,4,4
11922,77,75,2,2
11923,51,60,-9,9
11924,76,71,5,5
11925,56,63,-7,7
11926,40,52,-12,12
11927,69,71,-2,2
11928,77,77,0,0
11929,91,94,-3,3
11930,149,148,1,1
11931,110,106,4,4
11932,115,119,-4,4
11933,117,114,3,3
11934,93,92,1,1
11935,31,29,2,2
11936,111,127,-16,16
11937,79,87,-8,8
11938,72,75,-3,3
11939,44,51,-7,7
11940,89,89,0,0
11941,51,59,-8,8
11942,186,189,-3,3
11943,144,134,10,10
11944,98,92,6,6
11945,68,69,-1,1
11946,82,80,2,2
11947,110,102,8,8
11948,101,78,23,23
11949,73,76,-3,3
11950,106,105,1,1
11951,50,54,-4,4
11952,128,124,4,4
11953,82,83,-1,1
11954,39,66,-27,27
11955,57,63,-6,6
11956,100,99,1,1
11957,132,128,4,4
11958,58,64,-6,6
11959,65,65,0,0
11960,46,55,-9,9
11961,90,87,3,3
11962,132,126,6,6
11963,84,89,-5,5
11964,95,93,2,2
11965,152,150,2,2
11966,67,71,-4,4
11967,96,110,-14,14
11968,78,80,-2,2
11969,99,89,10,10
11970,71,78,-7,7
11971,116,109,7,7
11972,122,126,-4,4
11973,81,80,1,1
11974,42,54,-12,12
11975,121,119,2,2
11976,144,139,5,5
11977,190,189,1,1
11978,132,127,5,5
11979,112,102,10,10
11980,106,88,18,18
11981,104,93,11,11
11982,79,77,2,2
11983,81,84,-3,3
11984,92,114,-22,22
11985,55,63,-8,8
11986,85,77,8,8
11987,72,74,-2,2
11988,48,55,-7,7
11989,92,103,-11,11
11990,44,52,-8,8
11991,112,107,5,5
11992,118,114,4,4
11993,74,79,-5,5
11994,102,87,15,15
11995,93,101,-8,8
11996,113,106,7,7
11997,89,94,-5,5
11998,133,129,4,4
11999,45,54,-9,9
12000,53,59,-6,6
12001,139,135,4,4
12002,61,63,-2,2
12003,85,101,-16,16
12004,67,69,-2,2
12005,81,77,4,4
12006,33,34,-1,1
12007,74,75,-1,1
12008,81,77,4,4
12009,81,83,-2,2
12010,114,114,0,0
12011,158,165,-7,7
12012,59,68,-9,9
12013,60,67,-7,7
12014,111,106,5,5
12015,102,100,2,2
12016,89,79,10,10
12017,80,77,3,3
12018,73,77,-4,4
12019,53,58,-5,5
12020,124,122,2,2
12021,108,106,2,2
12022,101,89,12,12
12023,93,98,-5,5
12024,69,75,-6,6
12025,111,115,-4,4
12026,74,80,-6,6
12027,80,78,2,2
12028,101,93,8,8
12029,127,145,-18,18
12030,78,75,3,3
12031,143,149,-6,6
12032,114,127,-13,13
12033,49,74,-25,25
12034,115,121,-6,6
12035,103,89,14,14
12036,84,89,-5,5
12037,88,86,2,2
12038,92,90,2,2
12039,108,112,-4,4
12040,90,88,2,2
12041,65,72,-7,7
12042,60,64,-4,4
12043,72,72,0,0
12044,129,138,-9,9
12045,76,76,0,0
12046,109,114,-5,5
12047,88,103,-15,15
12048,60,64,-4,4
12049,47,42,5,5
12050,100,94,6,6
12051,117,125,-8,8
12052,125,115,10,10
12053,113,106,7,7
12054,54,58,-4,4
12055,111,116,-5,5
12056,156,142,14,14
12057,110,109,1,1
12058,82,86,-4,4
12059,114,108,6,6
12060,68,73,-5,5
12061,66,76,-10,10
12062,90,95,-5,5
12063,63,67,-4,4
12064,100,99,1,1
12065,66,71,-5,5
12066,141,135,6,6
12067,79,77,2,2
12068,104,91,13,13
12069,140,127,13,13
12070,72,76,-4,4
12071,39,47,-8,8
12072,118,111,7,7
12073,97,87,10,10
12074,95,107,-12,12
12075,86,90,-4,4
12076,90,87,3,3
12077,86,99,-13,13
12078,95,96,-1,1
12079,118,111,7,7
12080,94,89,5,5
12081,130,129,1,1
12082,58,60,-2,2
12083,121,123,-2,2
12084,125,126,-1,1
12085,150,150,0,0
12086,102,101,1,1
12087,122,113,9,9
12088,109,106,3,3
12089,74,79,-5,5
12090,93,86,7,7
12091,53,60,-7,7
12092,117,128,-11,11
12093,93,93,0,0
12094,191,197,-6,6
12095,142,121,21,21
12096,123,114,9,9
12097,83,88,-5,5
12098,127,123,4,4
12099,83,84,-1,1
12100,85,80,5,5
12101,83,83,0,0
12102,94,86,8,8
12103,164,153,11,11
12104,72,67,5,5
12105,76,59,17,17
12106,122,106,16,16
12107,59,43,16,16
12108,87,84,3,3
12109,88,67,21,21
12110,61,65,-4,4
12111,154,145,9,9
12112,159,149,10,10
12113,163,149,14,14
12114,104,101,3,3
12115,121,125,-4,4
12116,116,109,7,7
12117,98,101,-3,3
12118,84,85,-1,1
12119,42,52,-10,10
12120,78,77,1,1
12121,99,114,-15,15
12122,77,94,-17,17
12123,189,172,17,17
12124,66,79,-13,13
12125,144,145,-1,1
12126,196,187,9,9
12127,107,102,5,5
12128,68,76,-8,8
12129,88,84,4,4
12130,36,49,-13,13
12131,107,109,-2,2
12132,123,114,9,9
12133,62,64,-2,2
12134,207,199,8,8
12135,89,86,3,3
12136,74,78,-4,4
12137,87,89,-2,2
12138,135,135,0,0
12139,72,71,1,1
12140,183,143,40,40
12141,118,127,-9,9
12142,110,88,22,22
12143,111,109,2,2
12144,122,109,13,13
12145,90,96,-6,6
12146,121,123,-2,2
12147,58,64,-6,6
12148,126,123,3,3
12149,105,99,6,6
12150,109,107,2,2
12151,71,74,-3,3
12152,148,145,3,3
12153,95,98,-3,3
12154,103,106,-3,3
12155,90,88,2,2
12156,77,80,-3,3
12157,126,117,9,9
12158,141,133,8,8
12159,134,119,15,15
12160,49,53,-4,4
12161,99,101,-2,2
12162,130,122,8,8
12163,74,72,2,2
12164,64,65,-1,1
12165,196,175,21,21
12166,106,113,-7,7
12167,100,105,-5,5
12168,88,84,4,4
12169,116,112,4,4
12170,107,108,-1,1
12171,128,127,1,1
12172,93,85,8,8
12173,150,134,16,16
12174,92,83,9,9
12175,96,88,8,8
12176,115,108,7,7
12177,111,105,6,6
12178,87,96,-9,9
12179,69,73,-4,4
12180,139,150,-11,11
12181,104,107,-3,3
12182,115,118,-3,3
12183,114,108,6,6
12184,58,61,-3,3
12185,77,77,0,0
12186,79,84,-5,5
12187,114,114,0,0
12188,111,115,-4,4
12189,102,99,3,3
12190,161,158,3,3
12191,197,187,10,10
12192,72,69,3,3
12193,142,144,-2,2
12194,49,60,-11,11
12195,63,68,-5,5
12196,135,135,0,0
12197,192,176,16,16
12198,47,54,-7,7
12199,110,109,1,1
12200,71,72,-1,1
12201,108,120,-12,12
12202,137,141,-4,4
12203,128,121,7,7
12204,137,133,4,4
12205,148,144,4,4
12206,82,83,-1,1
12207,70,79,-9,9
12208,60,58,2,2
12209,115,111,4,4
12210,76,76,0,0
12211,86,80,6,6
12212,97,96,1,1
12213,122,121,1,1
12214,104,100,4,4
12215,149,152,-3,3
12216,73,75,-2,2
12217,88,86,2,2
12218,93,84,9,9
12219,94,94,0,0
12220,110,105,5,5
12221,56,65,-9,9
12222,66,73,-7,7
12223,73,77,-4,4
12224,96,101,-5,5
12225,121,113,8,8
12226,122,126,-4,4
12227,94,92,2,2
12228,88,102,-14,14
12229,130,135,-5,5
12230,63,65,-2,2
12231,141,128,13,13
12232,54,66,-12,12
12233,73,76,-3,3
12234,71,73,-2,2
12235,95,89,6,6
12236,121,112,9,9
12237,73,74,-1,1
12238,125,124,1,1
12239,67,76,-9,9
12240,121,118,3,3
12241,109,108,1,1
12242,64,69,-5,5
12243,96,92,4,4
12244,119,130,-11,11
12245,93,99,-6,6
12246,75,75,0,0
12247,95,95,0,0
12248,66,72,-6,6
12249,99,100,-1,1
12250,47,52,-5,5
12251,84,100,-16,16
12252,165,225,-60,60
12253,97,97,0,0
12254,73,76,-3,3
12255,37,48,-11,11
12256,104,95,9,9
12257,71,74,-3,3
12258,65,70,-5,5
12259,66,63,3,3
12260,63,66,-3,3
12261,96,99,-3,3
12262,130,124,6,6
12263,141,139,2,2
12264,86,108,-22,22
12265,108,113,-5,5
12266,128,115,13,13
12267,118,110,8,8
12268,83,77,6,6
12269,68,68,0,0
12270,84,84,0,0
12271,105,101,4,4
12272,61,76,-15,15
12273,73,77,-4,4
12274,65,69,-4,4
12275,131,116,15,15
12276,118,112,6,6
12277,93,96,-3,3
12278,76,73,3,3
12279,75,75,0,0
12280,65,71,-6,6
12281,70,67,3,3
12282,140,145,-5,5
12283,95,90,5,5
12284,145,125,20,20
12285,82,72,10,10
12286,185,171,14,14
12287,71,73,-2,2
12288,100,107,-7,7
12289,99,92,7,7
12290,64,70,-6,6
12291,65,70,-5,5
12292,51,55,-4,4
12293,79,90,-11,11
12294,50,60,-10,10
12295,128,143,-15,15
12296,109,104,5,5
12297,106,96,10,10
12298,50,59,-9,9
12299,126,119,7,7
12300,105,104,1,1
12301,39,54,-15,15
12302,70,72,-2,2
12303,134,110,24,24
12304,46,59,-13,13
12305,81,82,-1,1
12306,115,111,4,4
12307,56,67,-11,11
12308,90,86,4,4
12309,107,101,6,6
12310,38,48,-10,10
12311,112,108,4,4
12312,86,89,-3,3
12313,102,101,1,1
12314,81,89,-8,8
12315,133,125,8,8
12316,65,68,-3,3
12317,67,81,-14,14
12318,63,72,-9,9
12319,105,98,7,7
12320,81,80,1,1
12321,97,104,-7,7
12322,96,101,-5,5
12323,113,129,-16,16
12324,91,93,-2,2
12325,67,79,-12,12
12326,85,83,2,2
12327,102,101,1,1
12328,76,79,-3,3
12329,190,194,-4,4
12330,63,69,-6,6
12331,87,75,12,12
12332,140,130,10,10
12333,113,102,11,11
12334,102,102,0,0
12335,62,62,0,0
12336,57,59,-2,2
12337,48,55,-7,7
12338,62,62,0,0
12339,94,108,-14,14
12340,95,105,-10,10
12341,183,174,9,9
12342,80,79,1,1
12343,164,162,2,2
12344,66,65,1,1
12345,67,82,-15,15
12346,103,101,2,2
12347,69,81,-12,12
12348,118,117,1,1
12349,78,75,3,3
12350,66,69,-3,3
12351,94,90,4,4
12352,92,94,-2,2
12353,142,134,8,8
12354,55,71,-16,16
12355,101,105,-4,4
12356,79,74,5,5
12357,122,127,-5,5
12358,123,110,13,13
12359,38,34,4,4
12360,65,77,-12,12
12361,138,123,15,15
12362,76,76,0,0
12363,114,113,1,1
12364,79,83,-4,4
12365,114,108,6,6
12366,68,71,-3,3
12367,78,77,1,1
12368,93,104,-11,11
12369,103,105,-2,2
12370,163,139,24,24
12371,101,107,-6,6
12372,126,123,3,3
12373,67,65,2,2
12374,78,76,2,2
12375,116,112,4,4
12376,128,128,0,0
12377,91,85,6,6
12378,142,132,10,10
12379,65,68,-3,3
12380,145,156,-11,11
12381,61,60,1,1
12382,136,123,13,13
12383,84,81,3,3
12384,98,95,3,3
12385,87,89,-2,2
12386,107,111,-4,4
12387,115,125,-10,10
12388,106,96,10,10
12389,93,101,-8,8
12390,80,72,8,8
12391,130,119,11,11
12392,115,108,7,7
12393,97,113,-16,16
12394,92,93,-1,1
12395,88,84,4,4
12396,66,68,-2,2
12397,66,68,-2,2
12398,87,89,-2,2
12399,106,102,4,4
12400,70,82,-12,12
12401,180,165,15,15
12402,87,96,-9,9
12403,89,80,9,9
12404,92,99,-7,7
12405,125,112,13,13
12406,88,101,-13,13
12407,109,105,4,4
12408,35,41,-6,6
12409,67,73,-6,6
12410,117,114,3,3
12411,190,173,17,17
12412,114,111,3,3
12413,137,131,6,6
12414,138,152,-14,14
12415,129,133,-4,4
12416,106,94,12,12
12417,63,70,-7,7
12418,58,67,-9,9
12419,57,65,-8,8
12420,86,93,-7,7
12421,104,100,4,4
12422,97,99,-2,2
12423,101,104,-3,3
12424,137,127,10,10
12425,64,58,6,6
12426,176,195,-19,19
12427,93,87,6,6
12428,120,116,4,4
12429,108,107,1,1
12430,70,74,-4,4
12431,97,97,0,0
12432,83,90,-7,7
12433,83,78,5,5
12434,150,159,-9,9
12435,64,71,-7,7
12436,89,82,7,7
12437,96,96,0,0
12438,114,112,2,2
12439,119,123,-4,4
12440,61,61,0,0
12441,96,96,0,0
12442,105,106,-1,1
12443,61,64,-3,3
12444,141,136,5,5
12445,86,80,6,6
12446,87,83,4,4
12447,90,83,7,7
12448,105,108,-3,3
12449,91,84,7,7
12450,111,115,-4,4
12451,76,77,-1,1
12452,87,91,-4,4
12453,91,92,-1,1
12454,107,113,-6,6
12455,110,108,2,2
12456,124,127,-3,3
12457,128,117,11,11
12458,109,107,2,2
12459,71,70,1,1
12460,87,82,5,5
12461,148,140,8,8
12462,107,100,7,7
12463,134,139,-5,5
12464,23,29,-6,6
12465,119,135,-16,16
12466,91,83,8,8
12467,25,29,-4,4
12468,61,77,-16,16
12469,101,100,1,1
12470,72,73,-1,1
12471,95,102,-7,7
12472,47,47,0,0
12473,97,97,0,0
12474,81,83,-2,2
12475,59,61,-2,2
12476,77,73,4,4
12477,138,123,15,15
12478,120,131,-11,11
12479,136,138,-2,2
12480,79,83,-4,4
12481,63,67,-4,4
12482,102,101,1,1
12483,158,150,8,8
12484,73,77,-4,4
12485,53,54,-1,1
12486,83,89,-6,6
12487,155,133,22,22
12488,139,131,8,8
12489,93,84,9,9
12490,128,133,-5,5
12491,98,113,-15,15
12492,96,89,7,7
12493,153,144,9,9
12494,104,106,-2,2
12495,115,101,14,14
12496,72,75,-3,3
12497,90,85,5,5
12498,127,134,-7,7
12499,112,126,-14,14
12500,64,72,-8,8
12501,73,70,3,3
12502,72,77,-5,5
12503,73,87,-14,14
12504,56,65,-9,9
12505,106,102,4,4
12506,144,135,9,9
12507,47,74,-27,27
12508,147,142,5,5
12509,95,99,-4,4
12510,76,83,-7,7
12511,128,126,2,2
12512,81,72,9,9
12513,79,83,-4,4
12514,86,81,5,5
12515,44,56,-12,12
12516,87,93,-6,6
12517,102,103,-1,1
12518,116,115,1,1
12519,105,105,0,0
12520,113,124,-11,11
12521,152,140,12,12
12522,175,172,3,3
12523,70,72,-2,2
12524,173,170,3,3
12525,87,79,8,8
12526,102,95,7,7
12527,88,91,-3,3
12528,76,76,0,0
12529,110,102,8,8
12530,99,101,-2,2
12531,71,74,-3,3
12532,75,76,-1,1
12533,105,104,1,1
12534,153,156,-3,3
12535,100,112,-12,12
12536,90,85,5,5
12537,83,100,-17,17
12538,82,88,-6,6
12539,49,56,-7,7
12540,69,73,-4,4
12541,113,112,1,1
12542,63,67,-4,4
12543,58,66,-8,8
12544,65,67,-2,2
12545,145,144,1,1
12546,50,56,-6,6
12547,83,89,-6,6
12548,100,97,3,3
12549,76,75,1,1
12550,72,73,-1,1
12551,71,88,-17,17
12552,106,103,3,3
12553,127,132,-5,5
12554,96,90,6,6
12555,67,71,-4,4
12556,140,138,2,2
12557,56,60,-4,4
12558,108,105,3,3
12559,94,87,7,7
12560,59,64,-5,5
12561,84,86,-2,2
12562,96,99,-3,3
12563,92,102,-10,10
12564,186,182,4,4
12565,62,67,-5,5
12566,164,155,9,9
12567,49,56,-7,7
12568,62,63,-1,1
12569,50,63,-13,13
12570,128,126,2,2
12571,57,69,-12,12
12572,69,72,-3,3
12573,48,62,-14,14
12574,132,126,6,6
12575,140,141,-1,1
12576,107,103,4,4
12577,80,79,1,1
12578,78,76,2,2
12579,140,123,17,17
12580,78,80,-2,2
12581,123,113,10,10
12582,87,99,-12,12
12583,91,106,-15,15
12584,119,135,-16,16
12585,107,106,1,1
12586,52,59,-7,7
12587,61,71,-10,10
12588,102,98,4,4
12589,79,75,4,4
12590,81,79,2,2
12591,72,70,2,2
12592,74,85,-11,11
12593,73,69,4,4
12594,114,90,24,24
12595,127,122,5,5
12596,92,83,9,9
12597,118,123,-5,5
12598,115,192,-77,77
12599,73,73,0,0
12600,93,95,-2,2
12601,70,72,-2,2
12602,73,72,1,1
12603,107,117,-10,10
12604,96,101,-5,5
12605,101,83,18,18
12606,76,92,-16,16
12607,85,74,11,11
12608,111,104,7,7
12609,42,57,-15,15
12610,69,70,-1,1
12611,97,87,10,10
12612,90,89,1,1
12613,96,92,4,4
12614,114,134,-20,20
12615,121,118,3,3
12616,68,73,-5,5
12617,45,51,-6,6
12618,73,75,-2,2
12619,109,103,6,6
12620,175,173,2,2
12621,90,81,9,9
12622,70,72,-2,2
12623,85,88,-3,3
12624,62,69,-7,7
12625,89,99,-10,10
12626,132,127,5,5
12627,155,151,4,4
12628,99,100,-1,1
12629,60,60,0,0
12630,110,105,5,5
12631,87,85,2,2
12632,98,109,-11,11
12633,80,90,-10,10
12634,127,123,4,4
12635,172,159,13,13
12636,181,170,11,11
12637,130,117,13,13
12638,76,74,2,2
12639,86,84,2,2
12640,105,101,4,4
12641,105,112,-7,7
12642,56,68,-12,12
12643,65,74,-9,9
12644,42,47,-5,5
12645,120,113,7,7
12646,65,65,0,0
12647,76,83,-7,7
12648,134,125,9,9
12649,28,69,-41,41
12650,96,96,0,0
12651,92,96,-4,4
12652,53,56,-3,3
12653,66,68,-2,2
12654,79,77,2,2
12655,101,113,-12,12
12656,78,98,-20,20
12657,88,96,-8,8
12658,136,128,8,8
12659,142,139,3,3
12660,73,67,6,6
12661,97,88,9,9
12662,80,76,4,4
12663,51,59,-8,8
12664,69,79,-10,10
12665,52,56,-4,4
12666,57,61,-4,4
12667,100,116,-16,16
12668,147,144,3,3
12669,129,128,1,1
12670,92,103,-11,11
12671,107,96,11,11
12672,99,106,-7,7
12673,89,90,-1,1
12674,58,62,-4,4
12675,103,87,16,16
12676,33,34,-1,1
12677,103,92,11,11
12678,88,85,3,3
12679,81,84,-3,3
12680,53,57,-4,4
12681,70,80,-10,10
12682,32,41,-9,9
12683,88,87,1,1
12684,99,116,-17,17
12685,110,108,2,2
12686,78,78,0,0
12687,99,99,0,0
12688,46,54,-8,8
12689,136,118,18,18
12690,75,72,3,3
12691,117,98,19,19
12692,93,84,9,9
12693,132,132,0,0
12694,70,73,-3,3
12695,69,73,-4,4
12696,49,35,14,14
12697,71,69,2,2
12698,118,116,2,2
12699,97,100,-3,3
12700,76,88,-12,12
12701,195,166,29,29
12702,128,125,3,3
12703,66,62,4,4
12704,120,118,2,2
12705,73,77,-4,4
12706,62,69,-7,7
12707,104,90,14,14
12708,94,98,-4,4
12709,94,85,9,9
12710,110,99,11,11
12711,96,92,4,4
12712,107,102,5,5
12713,77,85,-8,8
12714,91,101,-10,10
12715,63,63,0,0
12716,128,116,12,12
12717,77,74,3,3
12718,67,77,-10,10
12719,124,113,11,11
12720,94,91,3,3
12721,64,67,-3,3
12722,74,77,-3,3
12723,88,87,1,1
12724,70,74,-4,4
12725,78,77,1,1
12726,66,77,-11,11
12727,104,108,-4,4
12728,134,143,-9,9
12729,92,85,7,7
12730,74,71,3,3
12731,93,87,6,6
12732,98,96,2,2
12733,100,91,9,9
12734,87,87,0,0
12735,101,94,7,7
12736,49,57,-8,8
12737,121,115,6,6
12738,84,99,-15,15
12739,158,157,1,1
12740,115,107,8,8
12741,125,115,10,10
12742,53,54,-1,1
12743,80,88,-8,8
12744,68,66,2,2
12745,103,99,4,4
12746,107,110,-3,3
12747,77,89,-12,12
12748,100,105,-5,5
12749,120,125,-5,5
12750,91,91,0,0
12751,77,67,10,10
12752,132,121,11,11
12753,131,125,6,6
12754,43,65,-22,22
12755,45,50,-5,5
12756,124,116,8,8
12757,86,80,6,6
12758,107,101,6,6
12759,82,86,-4,4
12760,204,188,16,16
12761,107,101,6,6
12762,120,123,-3,3
12763,140,132,8,8
12764,153,140,13,13
12765,83,82,1,1
12766,47,49,-2,2
12767,91,82,9,9
12768,68,59,9,9
12769,56,59,-3,3
12770,77,82,-5,5
12771,37,53,-16,16
12772,117,111,6,6
12773,85,84,1,1
12774,101,97,4,4
12775,67,76,-9,9
12776,118,128,-10,10
12777,56,67,-11,11
12778,68,71,-3,3
12779,65,68,-3,3
12780,105,102,3,3
12781,102,110,-8,8
12782,116,106,10,10
12783,69,71,-2,2
12784,79,77,2,2
12785,105,102,3,3
12786,101,81,20,20
12787,106,97,9,9
12788,89,83,6,6
12789,77,82,-5,5
12790,116,115,1,1
12791,111,105,6,6
12792,91,78,13,13
12793,74,71,3,3
12794,96,95,1,1
12795,119,129,-10,10
12796,124,117,7,7
12797,83,77,6,6
12798,59,67,-8,8
12799,87,82,5,5
12800,55,61,-6,6
12801,121,120,1,1
12802,94,94,0,0
12803,90,90,0,0
12804,181,175,6,6
12805,93,85,8,8
12806,72,73,-1,1
12807,92,96,-4,4
12808,153,144,9,9
12809,55,60,-5,5
12810,61,66,-5,5
12811,99,95,4,4
12812,82,84,-2,2
12813,102,94,8,8
12814,148,144,4,4
12815,112,111,1,1
12816,172,172,0,0
12817,133,130,3,3
12818,97,99,-2,2
12819,70,77,-7,7
12820,70,79,-9,9
12821,98,85,13,13
12822,96,106,-10,10
12823,69,71,-2,2
12824,90,84,6,6
12825,138,128,10,10
12826,132,126,6,6
12827,153,154,-1,1
12828,86,76,10,10
12829,108,100,8,8
12830,80,90,-10,10
12831,154,136,18,18
12832,116,121,-5,5
12833,103,100,3,3
12834,104,107,-3,3
12835,116,109,7,7
12836,107,98,9,9
12837,96,86,10,10
12838,90,94,-4,4
12839,50,63,-13,13
12840,104,101,3,3
12841,72,69,3,3
12842,106,99,7,7
12843,87,85,2,2
12844,124,125,-1,1
12845,27,29,-2,2
12846,133,119,14,14
12847,122,111,11,11
12848,124,136,-12,12
12849,89,98,-9,9
12850,97,128,-31,31
12851,84,92,-8,8
12852,140,145,-5,5
12853,136,127,9,9
12854,20,29,-9,9
12855,93,97,-4,4
12856,85,86,-1,1
12857,74,77,-3,3
12858,103,94,9,9
12859,75,76,-1,1
12860,46,52,-6,6
12861,84,103,-19,19
12862,75,74,1,1
12863,53,54,-1,1
12864,52,78,-26,26
12865,87,86,1,1
12866,109,97,12,12
12867,105,99,6,6
12868,67,69,-2,2
12869,154,135,19,19
12870,84,86,-2,2
12871,128,121,7,7
12872,113,118,-5,5
12873,87,80,7,7
12874,101,108,-7,7
12875,96,103,-7,7
12876,39,52,-13,13
12877,133,131,2,2
12878,191,191,0,0
12879,60,66,-6,6
12880,125,121,4,4
12881,75,79,-4,4
12882,40,53,-13,13
12883,103,96,7,7
12884,79,76,3,3
12885,185,182,3,3
12886,124,116,8,8
12887,109,113,-4,4
12888,89,99,-10,10
12889,67,70,-3,3
12890,47,49,-2,2
12891,76,72,4,4
12892,122,128,-6,6
12893,106,99,7,7
12894,142,125,17,17
12895,96,85,11,11
12896,52,58,-6,6
12897,96,96,0,0
12898,117,122,-5,5
12899,69,75,-6,6
12900,89,83,6,6
12901,72,74,-2,2
12902,180,171,9,9
12903,94,88,6,6
12904,53,63,-10,10
12905,93,98,-5,5
12906,161,146,15,15
12907,137,132,5,5
12908,129,130,-1,1
12909,89,83,6,6
12910,102,99,3,3
12911,159,157,2,2
12912,67,69,-2,2
12913,67,77,-10,10
12914,97,97,0,0
12915,71,71,0,0
12916,153,152,1,1
12917,100,100,0,0
12918,92,99,-7,7
12919,79,84,-5,5
12920,79,81,-2,2
12921,73,71,2,2
12922,133,128,5,5
12923,51,58,-7,7
12924,139,131,8,8
12925,115,123,-8,8
12926,89,87,2,2
12927,124,122,2,2
12928,90,90,0,0
12929,128,127,1,1
12930,131,120,11,11
12931,71,71,0,0
12932,113,105,8,8
12933,127,134,-7,7
12934,61,69,-8,8
12935,113,111,2,2
12936,112,88,24,24
12937,75,76,-1,1
12938,125,112,13,13
12939,73,76,-3,3
12940,100,113,-13,13
12941,187,174,13,13
12942,101,100,1,1
12943,103,95,8,8
12944,99,107,-8,8
12945,65,68,-3,3
12946,116,114,2,2
12947,97,112,-15,15
12948,83,87,-4,4
12949,90,104,-14,14
12950,101,102,-1,1
12951,97,102,-5,5
12952,107,109,-2,2
12953,119,127,-8,8
12954,78,73,5,5
12955,79,79,0,0
12956,74,79,-5,5
12957,150,144,6,6
12958,83,92,-9,9
12959,131,144,-13,13
12960,68,74,-6,6
12961,222,193,29,29
12962,88,85,3,3
12963,109,103,6,6
12964,149,152,-3,3
12965,82,87,-5,5
12966,33,32,1,1
12967,97,107,-10,10
12968,88,90,-2,2
12969,127,129,-2,2
12970,70,74,-4,4
12971,86,84,2,2
12972,63,66,-3,3
12973,101,99,2,2
12974,85,86,-1,1
12975,97,85,12,12
12976,68,71,-3,3
12977,79,94,-15,15
12978,182,176,6,6
12979,68,74,-6,6
12980,68,71,-3,3
12981,81,77,4,4
12982,118,112,6,6
12983,93,95,-2,2
12984,117,102,15,15
12985,144,143,1,1
12986,134,123,11,11
12987,69,71,-2,2
12988,133,128,5,5
12989,88,89,-1,1
12990,63,60,3,3
12991,116,117,-1,1
12992,113,121,-8,8
12993,103,93,10,10
12994,127,121,6,6
12995,116,117,-1,1
12996,114,111,3,3
12997,123,113,10,10
12998,72,67,5,5
12999,107,99,8,8
13000,121,107,14,14
13001,100,87,13,13
13002,87,87,0,0
13003,102,96,6,6
13004,155,164,-9,9
13005,72,80,-8,8
13006,84,83,1,1
13007,86,95,-9,9
13008,115,119,-4,4
13009,100,92,8,8
13010,81,73,8,8
13011,51,60,-9,9
13012,54,59,-5,5
13013,86,84,2,2
13014,92,91,1,1
13015,60,67,-7,7
13016,112,112,0,0
13017,92,90,2,2
13018,87,84,3,3
13019,95,97,-2,2
13020,80,77,3,3
13021,139,134,5,5
13022,103,96,7,7
13023,120,127,-7,7
13024,75,85,-10,10
13025,51,47,4,4
13026,76,75,1,1
13027,67,74,-7,7
13028,165,158,7,7
13029,84,89,-5,5
13030,83,90,-7,7
13031,61,63,-2,2
13032,159,154,5,5
13033,64,77,-13,13
13034,140,136,4,4
13035,65,76,-11,11
13036,68,73,-5,5
13037,67,65,2,2
13038,87,91,-4,4
13039,109,112,-3,3
13040,116,117,-1,1
13041,94,113,-19,19
13042,135,125,10,10
13043,77,73,4,4
13044,55,60,-5,5
13045,61,65,-4,4
13046,73,76,-3,3
13047,139,121,18,18
13048,106,117,-11,11
13049,78,83,-5,5
13050,74,68,6,6
13051,99,92,7,7
13052,88,94,-6,6
13053,93,87,6,6
13054,69,69,0,0
13055,235,219,16,16
13056,83,85,-2,2
13057,101,89,12,12
13058,66,74,-8,8
13059,58,58,0,0
13060,119,121,-2,2
13061,129,129,0,0
13062,82,83,-1,1
13063,168,162,6,6
13064,72,76,-4,4
13065,125,113,12,12
13066,82,76,6,6
13067,97,90,7,7
13068,56,67,-11,11
13069,123,135,-12,12
13070,79,74,5,5
13071,84,82,2,2
13072,112,111,1,1
13073,80,82,-2,2
13074,106,106,0,0
13075,60,66,-6,6
13076,72,77,-5,5
13077,96,102,-6,6
13078,60,49,11,11
13079,117,100,17,17
13080,66,75,-9,9
13081,78,82,-4,4
13082,55,62,-7,7
13083,164,144,20,20
13084,184,174,10,10
13085,78,81,-3,3
13086,61,68,-7,7
13087,109,125,-16,16
13088,101,102,-1,1
13089,79,77,2,2
13090,51,58,-7,7
13091,64,65,-1,1
13092,62,68,-6,6
13093,144,141,3,3
13094,57,64,-7,7
13095,50,56,-6,6
13096,81,78,3,3
13097,99,102,-3,3
13098,97,99,-2,2
13099,129,116,13,13
13100,104,100,4,4
13101,93,101,-8,8
13102,84,78,6,6
13103,90,92,-2,2
13104,112,118,-6,6
13105,69,71,-2,2
13106,69,75,-6,6
13107,107,87,20,20
13108,145,125,20,20
13109,84,76,8,8
13110,51,58,-7,7
13111,100,94,6,6
13112,82,89,-7,7
13113,71,83,-12,12
13114,104,98,6,6
13115,67,78,-11,11
13116,89,92,-3,3
13117,61,74,-13,13
13118,74,79,-5,5
13119,101,105,-4,4
13120,67,76,-9,9
13121,72,79,-7,7
13122,70,71,-1,1
13123,158,163,-5,5
13124,94,99,-5,5
13125,84,80,4,4
13126,120,117,3,3
13127,152,153,-1,1
13128,137,130,7,7
13129,82,86,-4,4
13130,116,112,4,4
13131,112,111,1,1
13132,99,91,8,8
13133,150,154,-4,4
13134,66,64,2,2
13135,81,72,9,9
13136,50,58,-8,8
13137,133,133,0,0
13138,65,70,-5,5
13139,65,65,0,0
13140,80,82,-2,2
13141,53,50,3,3
13142,108,101,7,7
13143,80,66,14,14
13144,126,132,-6,6
13145,73,80,-7,7
13146,58,60,-2,2
13147,80,77,3,3
13148,62,65,-3,3
13149,64,70,-6,6
13150,55,60,-5,5
13151,81,80,1,1
13152,97,99,-2,2
13153,78,74,4,4
13154,101,95,6,6
13155,72,79,-7,7
13156,112,108,4,4
13157,84,86,-2,2
13158,68,73,-5,5
13159,102,108,-6,6
13160,117,127,-10,10
13161,88,85,3,3
13162,127,113,14,14
13163,64,62,2,2
13164,87,89,-2,2
13165,80,82,-2,2
13166,101,89,12,12
13167,122,117,5,5
13168,67,65,2,2
13169,131,129,2,2
13170,97,88,9,9
13171,135,117,18,18
13172,88,86,2,2
13173,115,125,-10,10
13174,134,122,12,12
13175,116,117,-1,1
13176,79,81,-2,2
13177,45,52,-7,7
13178,100,100,0,0
13179,85,105,-20,20
13180,63,68,-5,5
13181,89,90,-1,1
13182,76,77,-1,1
13183,138,126,12,12
13184,123,122,1,1
13185,74,81,-7,7
13186,43,57,-14,14
13187,66,74,-8,8
13188,86,108,-22,22
13189,115,129,-14,14
13190,30,43,-13,13
13191,66,72,-6,6
13192,208,180,28,28
13193,90,86,4,4
13194,71,69,2,2
13195,94,85,9,9
13196,171,163,8,8
13197,55,60,-5,5
13198,43,44,-1,1
13199,67,72,-5,5
13200,143,123,20,20
13201,98,102,-4,4
13202,100,97,3,3
13203,108,104,4,4
13204,91,79,12,12
13205,131,129,2,2
13206,79,71,8,8
13207,153,156,-3,3
13208,37,45,-8,8
13209,46,48,-2,2
13210,241,226,15,15
13211,89,85,4,4
13212,72,71,1,1
13213,100,95,5,5
13214,83,82,1,1
13215,98,103,-5,5
13216,128,126,2,2
13217,162,123,39,39
13218,81,79,2,2
13219,98,96,2,2
13220,70,79,-9,9
13221,182,166,16,16
13222,71,72,-1,1
13223,173,173,0,0
13224,54,61,-7,7
13225,66,72,-6,6
13226,85,77,8,8
13227,93,93,0,0
13228,71,112,-41,41
13229,163,160,3,3
13230,86,84,2,2
13231,74,72,2,2
13232,148,147,1,1
13233,112,111,1,1
13234,90,78,12,12
13235,64,64,0,0
13236,78,95,-17,17
13237,115,120,-5,5
13238,105,99,6,6
13239,90,90,0,0
13240,117,112,5,5
13241,103,92,11,11
13242,139,157,-18,18
13243,107,113,-6,6
13244,118,129,-11,11
13245,94,84,10,10
13246,56,57,-1,1
13247,97,96,1,1
13248,77,72,5,5
13249,117,95,22,22
13250,125,125,0,0
13251,67,74,-7,7
13252,73,75,-2,2
13253,152,139,13,13
13254,73,71,2,2
13255,121,118,3,3
13256,166,163,3,3
13257,90,85,5,5
13258,96,105,-9,9
13259,149,155,-6,6
13260,61,70,-9,9
13261,144,132,12,12
13262,121,123,-2,2
13263,131,120,11,11
13264,58,55,3,3
13265,51,56,-5,5
13266,54,67,-13,13
13267,72,75,-3,3
13268,99,104,-5,5
13269,124,116,8,8
13270,105,105,0,0
13271,100,96,4,4
13272,153,154,-1,1
13273,76,80,-4,4
13274,120,113,7,7
13275,94,94,0,0
13276,85,80,5,5
13277,84,89,-5,5
13278,53,69,-16,16
13279,106,112,-6,6
13280,108,111,-3,3
13281,140,127,13,13
13282,113,111,2,2
13283,57,69,-12,12
13284,108,111,-3,3
13285,123,114,9,9
13286,108,101,7,7
13287,83,80,3,3
13288,99,84,15,15
13289,78,81,-3,3
13290,96,99,-3,3
13291,58,61,-3,3
13292,82,79,3,3
13293,148,149,-1,1
13294,86,96,-10,10
13295,81,73,8,8
13296,119,119,0,0
13297,97,102,-5,5
13298,118,115,3,3
13299,92,85,7,7
13300,102,110,-8,8
13301,72,76,-4,4
13302,64,65,-1,1
13303,86,86,0,0
13304,57,70,-13,13
13305,102,102,0,0
13306,67,63,4,4
13307,88,90,-2,2
13308,139,120,19,19
13309,61,67,-6,6
13310,77,76,1,1
13311,158,161,-3,3
13312,130,119,11,11
13313,132,134,-2,2
13314,187,191,-4,4
13315,79,74,5,5
13316,96,101,-5,5
13317,76,76,0,0
13318,71,71,0,0
13319,78,80,-2,2
13320,209,206,3,3
13321,75,77,-2,2
13322,146,130,16,16
13323,100,98,2,2
13324,80,88,-8,8
13325,70,71,-1,1
13326,65,70,-5,5
13327,95,106,-11,11
13328,80,80,0,0
13329,69,71,-2,2
13330,132,141,-9,9
13331,77,72,5,5
13332,98,91,7,7
13333,94,97,-3,3
13334,86,86,0,0
13335,90,82,8,8
13336,75,73,2,2
13337,130,107,23,23
13338,87,94,-7,7
13339,141,126,15,15
13340,161,146,15,15
13341,68,76,-8,8
13342,97,91,6,6
13343,125,115,10,10
13344,36,48,-12,12
13345,115,111,4,4
13346,68,60,8,8
13347,106,101,5,5
13348,96,111,-15,15
13349,82,82,0,0
13350,73,69,4,4
13351,89,79,10,10
13352,75,71,4,4
13353,85,95,-10,10
13354,134,148,-14,14
13355,90,84,6,6
13356,83,88,-5,5
13357,129,109,20,20
13358,140,140,0,0
13359,60,59,1,1
13360,82,77,5,5
13361,153,150,3,3
13362,80,91,-11,11
13363,119,120,-1,1
13364,108,106,2,2
13365,54,60,-6,6
13366,99,103,-4,4
13367,130,164,-34,34
13368,100,99,1,1
13369,59,61,-2,2
13370,84,89,-5,5
13371,117,115,2,2
13372,60,64,-4,4
13373,55,60,-5,5
13374,96,99,-3,3
13375,73,83,-10,10
13376,64,75,-11,11
13377,75,75,0,0
13378,55,55,0,0
13379,90,83,7,7
13380,142,148,-6,6
13381,139,135,4,4
13382,118,111,7,7
13383,120,115,5,5
13384,112,111,1,1
13385,43,53,-10,10
13386,106,107,-1,1
13387,187,176,11,11
13388,117,119,-2,2
13389,111,113,-2,2
13390,188,183,5,5
13391,156,133,23,23
13392,136,142,-6,6
13393,88,93,-5,5
13394,29,33,-4,4
13395,107,97,10,10
13396,113,100,13,13
13397,93,90,3,3
13398,81,81,0,0
13399,22,29,-7,7
13400,69,71,-2,2
13401,168,155,13,13
13402,147,135,12,12
13403,105,115,-10,10
13404,145,133,12,12
13405,58,68,-10,10
13406,60,69,-9,9
13407,150,156,-6,6
13408,70,71,-1,1
13409,69,73,-4,4
13410,140,136,4,4
13411,88,80,8,8
13412,120,115,5,5
13413,63,66,-3,3
13414,81,87,-6,6
13415,66,64,2,2
13416,91,84,7,7
13417,131,136,-5,5
13418,126,115,11,11
13419,138,139,-1,1
13420,103,106,-3,3
13421,103,101,2,2
13422,50,66,-16,16
13423,64,74,-10,10
13424,75,81,-6,6
13425,67,69,-2,2
13426,97,96,1,1
13427,109,110,-1,1
13428,137,127,10,10
13429,71,72,-1,1
13430,98,90,8,8
13431,82,97,-15,15
13432,65,70,-5,5
13433,117,104,13,13
13434,148,154,-6,6
13435,190,173,17,17
13436,84,80,4,4
13437,110,105,5,5
13438,138,133,5,5
13439,74,76,-2,2
13440,130,116,14,14
13441,79,79,0,0
13442,92,115,-23,23
13443,137,143,-6,6
13444,104,92,12,12
13445,160,134,26,26
13446,90,89,1,1
13447,101,102,-1,1
13448,123,124,-1,1
13449,73,75,-2,2
13450,66,71,-5,5
13451,124,124,0,0
13452,173,155,18,18
13453,142,128,14,14
13454,32,44,-12,12
13455,104,100,4,4
13456,65,83,-18,18
13457,60,64,-4,4
13458,71,77,-6,6
13459,56,60,-4,4
13460,122,121,1,1
13461,135,146,-11,11
13462,162,163,-1,1
13463,96,112,-16,16
13464,126,131,-5,5
13465,74,77,-3,3
13466,102,108,-6,6
13467,80,77,3,3
13468,88,82,6,6
13469,92,82,10,10
13470,107,113,-6,6
13471,87,89,-2,2
13472,58,63,-5,5
13473,80,74,6,6
13474,79,72,7,7
13475,114,121,-7,7
13476,78,88,-10,10
13477,75,84,-9,9
13478,168,171,-3,3
13479,114,114,0,0
13480,59,71,-12,12
13481,152,157,-5,5
13482,66,70,-4,4
13483,98,91,7,7
13484,70,75,-5,5
13485,101,94,7,7
13486,130,128,2,2
13487,114,108,6,6
13488,63,71,-8,8
13489,181,172,9,9
13490,86,81,5,5
13491,107,122,-15,15
13492,59,66,-7,7
13493,74,74,0,0
13494,134,133,1,1
13495,199,170,29,29
13496,58,68,-10,10
13497,99,101,-2,2
13498,103,110,-7,7
13499,183,162,21,21
13500,96,100,-4,4
13501,99,103,-4,4
13502,113,105,8,8
13503,88,80,8,8
13504,88,93,-5,5
13505,128,122,6,6
13506,82,91,-9,9
13507,80,78,2,2
13508,53,63,-10,10
13509,47,55,-8,8
13510,102,91,11,11
13511,97,96,1,1
13512,68,71,-3,3
13513,125,113,12,12
13514,110,118,-8,8
13515,77,74,3,3
13516,127,115,12,12
13517,87,87,0,0
13518,107,95,12,12
13519,105,111,-6,6
13520,153,127,26,26
13521,61,70,-9,9
13522,33,77,-44,44
13523,146,135,11,11
13524,100,106,-6,6
13525,170,158,12,12
13526,134,124,10,10
13527,78,101,-23,23
13528,73,67,6,6
13529,60,64,-4,4
13530,64,66,-2,2
13531,99,97,2,2
13532,80,89,-9,9
13533,65,68,-3,3
13534,67,66,1,1
13535,141,124,17,17
13536,60,68,-8,8
13537,138,144,-6,6
13538,154,154,0,0
13539,58,63,-5,5
13540,114,122,-8,8
13541,132,123,9,9
13542,98,102,-4,4
13543,80,84,-4,4
13544,105,109,-4,4
13545,84,91,-7,7
13546,78,80,-2,2
13547,154,148,6,6
13548,67,72,-5,5
13549,95,109,-14,14
13550,125,116,9,9
13551,128,119,9,9
13552,42,49,-7,7
13553,204,197,7,7
13554,98,99,-1,1
13555,112,113,-1,1
13556,132,128,4,4
13557,139,127,12,12
13558,93,91,2,2
13559,146,139,7,7
13560,56,64,-8,8
13561,65,66,-1,1
13562,124,113,11,11
13563,103,105,-2,2
13564,86,79,7,7
13565,60,69,-9,9
13566,98,100,-2,2
13567,80,119,-39,39
13568,89,103,-14,14
13569,148,129,19,19
13570,40,48,-8,8
13571,80,87,-7,7
13572,70,81,-11,11
13573,82,74,8,8
13574,133,143,-10,10
13575,75,80,-5,5
13576,75,72,3,3
13577,120,104,16,16
13578,50,62,-12,12
13579,111,124,-13,13
13580,86,85,1,1
13581,115,122,-7,7
13582,63,62,1,1
13583,93,94,-1,1
13584,104,96,8,8
13585,153,152,1,1
13586,51,60,-9,9
13587,128,117,11,11
13588,92,89,3,3
13589,51,63,-12,12
13590,84,82,2,2
13591,104,101,3,3
13592,101,95,6,6
13593,83,92,-9,9
13594,69,77,-8,8
13595,96,90,6,6
13596,83,84,-1,1
13597,54,75,-21,21
13598,83,72,11,11
13599,54,54,0,0
13600,61,63,-2,2
13601,116,102,14,14
13602,113,103,10,10
13603,76,71,5,5
13604,87,83,4,4
13605,59,62,-3,3
13606,141,135,6,6
13607,97,102,-5,5
13608,89,80,9,9
13609,131,128,3,3
13610,71,69,2,2
13611,60,60,0,0
13612,39,53,-14,14
13613,68,78,-10,10
13614,61,66,-5,5
13615,107,102,5,5
13616,95,95,0,0
13617,94,112,-18,18
13618,82,84,-2,2
13619,110,112,-2,2
13620,113,115,-2,2
13621,107,101,6,6
13622,161,147,14,14
13623,180,161,19,19
13624,101,100,1,1
13625,88,82,6,6
13626,87,84,3,3
13627,115,114,1,1
13628,121,114,7,7
13629,139,133,6,6
13630,123,119,4,4
13631,63,67,-4,4
13632,122,113,9,9
13633,68,72,-4,4
13634,110,101,9,9
13635,57,79,-22,22
13636,82,75,7,7
13637,95,94,1,1
13638,134,132,2,2
13639,98,86,12,12
13640,128,124,4,4
13641,95,97,-2,2
13642,104,128,-24,24
13643,175,164,11,11
13644,109,99,10,10
13645,164,150,14,14
13646,118,115,3,3
13647,70,76,-6,6
13648,54,67,-13,13
13649,145,143,2,2
13650,68,69,-1,1
13651,82,77,5,5
13652,61,64,-3,3
13653,92,95,-3,3
13654,89,85,4,4
13655,96,93,3,3
13656,122,115,7,7
13657,79,79,0,0
13658,75,75,0,0
13659,108,107,1,1
13660,43,49,-6,6
13661,67,70,-3,3
13662,75,80,-5,5
13663,67,70,-3,3
13664,88,93,-5,5
13665,55,61,-6,6
13666,96,109,-13,13
13667,60,66,-6,6
13668,125,116,9,9
13669,56,67,-11,11
13670,111,107,4,4
13671,105,118,-13,13
13672,77,100,-23,23
13673,89,93,-4,4
13674,79,83,-4,4
13675,107,112,-5,5
13676,124,116,8,8
13677,119,118,1,1
13678,57,79,-22,22
13679,127,124,3,3
13680,64,74,-10,10
13681,96,99,-3,3
13682,89,81,8,8
13683,71,76,-5,5
13684,76,75,1,1
13685,110,113,-3,3
13686,120,128,-8,8
13687,98,93,5,5
13688,84,91,-7,7
13689,233,228,5,5
13690,75,73,2,2
13691,107,90,17,17
13692,76,77,-1,1
13693,84,88,-4,4
13694,86,86,0,0
13695,103,94,9,9
13696,106,98,8,8
13697,150,129,21,21
13698,73,73,0,0
13699,130,141,-11,11
13700,132,116,16,16
13701,139,135,4,4
13702,115,113,2,2
13703,155,147,8,8
13704,75,84,-9,9
13705,70,74,-4,4
13706,127,117,10,10
13707,65,68,-3,3
13708,100,107,-7,7
13709,170,162,8,8
13710,135,128,7,7
13711,75,74,1,1
13712,164,171,-7,7
13713,125,116,9,9
13714,104,110,-6,6
13715,53,59,-6,6
13716,146,144,2,2
13717,102,87,15,15
13718,70,75,-5,5
13719,54,62,-8,8
13720,108,106,2,2
13721,97,100,-3,3
13722,104,101,3,3
13723,140,139,1,1
13724,94,103,-9,9
13725,62,76,-14,14
13726,105,98,7,7
13727,48,54,-6,6
13728,63,68,-5,5
13729,64,61,3,3
13730,51,56,-5,5
13731,63,65,-2,2
13732,121,119,2,2
13733,120,115,5,5
13734,86,88,-2,2
13735,91,95,-4,4
13736,55,67,-12,12
13737,98,99,-1,1
13738,69,65,4,4
13739,45,47,-2,2
13740,126,135,-9,9
13741,169,167,2,2
13742,95,87,8,8
13743,106,111,-5,5
13744,91,84,7,7
13745,126,113,13,13
13746,67,71,-4,4
13747,55,62,-7,7
13748,74,79,-5,5
13749,87,76,11,11
13750,87,84,3,3
13751,83,74,9,9
13752,114,125,-11,11
13753,125,125,0,0
13754,120,114,6,6
13755,86,80,6,6
13756,66,73,-7,7
13757,106,105,1,1
13758,62,61,1,1
13759,87,111,-24,24
13760,68,63,5,5
13761,77,77,0,0
13762,106,102,4,4
13763,101,100,1,1
13764,93,85,8,8
13765,63,85,-22,22
13766,53,64,-11,11
13767,116,119,-3,3
13768,116,116,0,0
13769,92,118,-26,26
13770,80,85,-5,5
13771,93,96,-3,3
13772,129,124,5,5
13773,97,96,1,1
13774,51,62,-11,11
13775,98,91,7,7
13776,80,107,-27,27
13777,74,75,-1,1
13778,157,145,12,12
13779,163,163,0,0
13780,62,69,-7,7
13781,107,107,0,0
13782,107,98,9,9
13783,107,105,2,2
13784,83,82,1,1
13785,117,106,11,11
13786,94,103,-9,9
13787,65,70,-5,5
13788,61,68,-7,7
13789,79,83,-4,4
13790,137,140,-3,3
13791,141,132,9,9
13792,95,95,0,0
13793,101,101,0,0
13794,95,99,-4,4
13795,142,128,14,14
13796,107,95,12,12
13797,80,76,4,4
13798,91,96,-5,5
13799,71,73,-2,2
13800,81,80,1,1
13801,96,91,5,5
13802,151,141,10,10
13803,75,83,-8,8
13804,69,72,-3,3
13805,70,74,-4,4
13806,66,72,-6,6
13807,100,102,-2,2
13808,107,102,5,5
13809,116,113,3,3
13810,59,66,-7,7
13811,90,94,-4,4
13812,60,61,-1,1
13813,55,60,-5,5
13814,66,74,-8,8
13815,90,96,-6,6
13816,80,86,-6,6
13817,151,82,69,69
13818,91,88,3,3
13819,59,60,-1,1
13820,73,76,-3,3
13821,51,61,-10,10
13822,95,97,-2,2
13823,92,92,0,0
13824,61,66,-5,5
13825,80,80,0,0
13826,107,119,-12,12
13827,79,80,-1,1
13828,167,152,15,15
13829,58,65,-7,7
13830,104,102,2,2
13831,106,117,-11,11
13832,61,61,0,0
13833,111,118,-7,7
13834,97,112,-15,15
13835,101,101,0,0
13836,67,74,-7,7
13837,56,65,-9,9
13838,57,60,-3,3
13839,82,69,13,13
13840,95,98,-3,3
13841,69,76,-7,7
13842,58,65,-7,7
13843,105,101,4,4
13844,163,148,15,15
13845,61,70,-9,9
13846,90,75,15,15
13847,220,206,14,14
13848,96,82,14,14
13849,44,52,-8,8
13850,59,63,-4,4
13851,60,69,-9,9
13852,64,68,-4,4
13853,94,96,-2,2
13854,151,136,15,15
13855,75,77,-2,2
13856,75,77,-2,2
13857,79,73,6,6
13858,70,78,-8,8
13859,107,109,-2,2
13860,145,141,4,4
13861,70,66,4,4
13862,75,71,4,4
13863,141,136,5,5
13864,66,72,-6,6
13865,79,72,7,7
13866,111,102,9,9
13867,112,102,10,10
13868,125,131,-6,6
13869,121,128,-7,7
13870,108,104,4,4
13871,74,84,-10,10
13872,106,114,-8,8
13873,118,119,-1,1
13874,162,149,13,13
13875,142,111,31,31
13876,65,70,-5,5
13877,59,61,-2,2
13878,91,83,8,8
13879,75,72,3,3
13880,125,121,4,4
13881,146,134,12,12
13882,84,79,5,5
13883,95,93,2,2
13884,88,80,8,8
13885,95,91,4,4
13886,54,66,-12,12
13887,68,66,2,2
13888,250,255,-5,5
13889,64,61,3,3
13890,89,82,7,7
13891,63,67,-4,4
13892,47,68,-21,21
13893,113,113,0,0
13894,118,113,5,5
13895,77,75,2,2
13896,175,158,17,17
13897,87,86,1,1
13898,85,84,1,1
13899,107,99,8,8
13900,77,69,8,8
13901,112,119,-7,7
13902,67,72,-5,5
13903,124,134,-10,10
13904,69,71,-2,2
13905,170,170,0,0
13906,91,78,13,13
13907,69,72,-3,3
13908,69,66,3,3
13909,102,104,-2,2
13910,87,101,-14,14
13911,61,67,-6,6
13912,140,121,19,19
13913,56,59,-3,3
13914,50,57,-7,7
13915,71,68,3,3
13916,46,58,-12,12
13917,102,105,-3,3
13918,72,70,2,2
13919,102,109,-7,7
13920,98,97,1,1
13921,114,118,-4,4
13922,83,87,-4,4
13923,75,79,-4,4
13924,92,83,9,9
13925,107,108,-1,1
13926,166,153,13,13
13927,72,76,-4,4
13928,43,60,-17,17
13929,98,85,13,13
13930,141,133,8,8
13931,112,99,13,13
13932,149,145,4,4
13933,17,29,-12,12
13934,63,74,-11,11
13935,127,123,4,4
13936,128,125,3,3
13937,64,72,-8,8
13938,59,64,-5,5
13939,45,62,-17,17
13940,104,100,4,4
13941,82,80,2,2
13942,52,52,0,0
13943,96,89,7,7
13944,108,105,3,3
13945,122,123,-1,1
13946,105,106,-1,1
13947,72,77,-5,5
13948,75,73,2,2
13949,111,110,1,1
13950,86,83,3,3
13951,121,120,1,1
13952,86,83,3,3
13953,66,65,1,1
13954,93,95,-2,2
13955,128,134,-6,6
13956,142,132,10,10
13957,87,75,12,12
13958,84,83,1,1
13959,103,108,-5,5
13960,113,104,9,9
13961,136,134,2,2
13962,74,71,3,3
13963,108,121,-13,13
13964,89,93,-4,4
13965,84,84,0,0
13966,98,96,2,2
13967,51,62,-11,11
13968,53,56,-3,3
13969,88,91,-3,3
13970,96,90,6,6
13971,105,115,-10,10
13972,95,86,9,9
13973,119,109,10,10
13974,79,75,4,4
13975,110,91,19,19
13976,68,67,1,1
13977,98,99,-1,1
13978,162,160,2,2
13979,124,126,-2,2
13980,54,57,-3,3
13981,89,99,-10,10
13982,55,60,-5,5
13983,147,131,16,16
13984,118,111,7,7
13985,28,35,-7,7
13986,115,112,3,3
13987,87,89,-2,2
13988,129,124,5,5
13989,100,97,3,3
13990,119,117,2,2
13991,95,95,0,0
13992,130,127,3,3
13993,57,58,-1,1
13994,103,92,11,11
13995,100,101,-1,1
13996,95,93,2,2
13997,61,64,-3,3
13998,59,67,-8,8
13999,126,116,10,10
14000,162,172,-10,10
14001,98,99,-1,1
14002,134,114,20,20
14003,118,116,2,2
14004,57,64,-7,7
14005,84,91,-7,7
14006,84,81,3,3
14007,120,130,-10,10
14008,163,161,2,2
14009,64,68,-4,4
14010,83,77,6,6
14011,69,83,-14,14
14012,135,104,31,31
14013,86,80,6,6
14014,60,58,2,2
14015,77,83,-6,6
14016,92,95,-3,3
14017,85,81,4,4
14018,161,154,7,7
14019,126,120,6,6
14020,63,67,-4,4
14021,93,104,-11,11
14022,73,73,0,0
14023,107,110,-3,3
14024,74,79,-5,5
14025,73,66,7,7
14026,108,98,10,10
14027,182,174,8,8
14028,134,121,13,13
14029,67,72,-5,5
14030,91,86,5,5
14031,131,156,-25,25
14032,146,135,11,11
14033,80,79,1,1
14034,139,130,9,9
14035,188,183,5,5
14036,150,138,12,12
14037,74,74,0,0
14038,115,118,-3,3
14039,87,82,5,5
14040,83,71,12,12
14041,71,72,-1,1
14042,95,99,-4,4
14043,110,102,8,8
14044,91,91,0,0
14045,108,105,3,3
14046,51,59,-8,8
14047,71,77,-6,6
14048,50,60,-10,10
14049,66,71,-5,5
14050,56,68,-12,12
14051,108,109,-1,1
14052,114,107,7,7
14053,86,76,10,10
14054,88,83,5,5
14055,66,65,1,1
14056,111,113,-2,2
14057,53,61,-8,8
14058,94,94,0,0
14059,74,75,-1,1
14060,129,132,-3,3
14061,75,80,-5,5
14062,198,183,15,15
14063,76,74,2,2
14064,94,98,-4,4
14065,70,69,1,1
14066,172,149,23,23
14067,61,65,-4,4
14068,80,80,0,0
14069,102,95,7,7
14070,114,115,-1,1
14071,70,73,-3,3
14072,75,83,-8,8
14073,112,109,3,3
14074,44,50,-6,6
14075,145,165,-20,20
14076,68,97,-29,29
14077,148,143,5,5
14078,56,63,-7,7
14079,81,83,-2,2
14080,73,76,-3,3
14081,122,126,-4,4
14082,75,83,-8,8
14083,121,127,-6,6
14084,139,141,-2,2
14085,63,66,-3,3
14086,125,127,-2,2
14087,85,80,5,5
14088,112,119,-7,7
14089,114,114,0,0
14090,134,126,8,8
14091,98,110,-12,12
14092,75,84,-9,9
14093,135,127,8,8
14094,96,98,-2,2
14095,102,102,0,0
14096,150,152,-2,2
14097,186,166,20,20
14098,63,63,0,0
14099,116,109,7,7
14100,83,72,11,11
14101,110,97,13,13
14102,104,99,5,5
14103,71,71,0,0
14104,111,120,-9,9
14105,106,112,-6,6
14106,147,151,-4,4
14107,67,72,-5,5
14108,212,198,14,14
14109,83,87,-4,4
14110,174,153,21,21
14111,113,124,-11,11
14112,68,81,-13,13
14113,159,164,-5,5
14114,52,63,-11,11
14115,123,124,-1,1
14116,112,112,0,0
14117,69,79,-10,10
14118,61,67,-6,6
14119,63,67,-4,4
14120,70,73,-3,3
14121,65,72,-7,7
14122,145,150,-5,5
14123,121,124,-3,3
14124,60,60,0,0
14125,187,171,16,16
14126,24,29,-5,5
14127,136,136,0,0
14128,65,77,-12,12
14129,67,69,-2,2
14130,189,182,7,7
14131,83,110,-27,27
14132,76,78,-2,2
14133,91,91,0,0
14134,74,85,-11,11
14135,55,67,-12,12
14136,107,101,6,6
14137,160,150,10,10
14138,149,138,11,11
14139,96,91,5,5
14140,88,90,-2,2
14141,118,112,6,6
14142,91,90,1,1
14143,92,93,-1,1
14144,74,76,-2,2
14145,118,125,-7,7
14146,81,101,-20,20
14147,95,95,0,0
14148,68,72,-4,4
14149,132,117,15,15
14150,49,50,-1,1
14151,115,115,0,0
14152,148,145,3,3
14153,109,126,-17,17
14154,104,96,8,8
14155,159,162,-3,3
14156,83,74,9,9
14157,47,52,-5,5
14158,92,92,0,0
14159,101,106,-5,5
14160,57,58,-1,1
14161,40,53,-13,13
14162,153,143,10,10
14163,163,138,25,25
14164,66,70,-4,4
14165,90,84,6,6
14166,55,57,-2,2
14167,52,64,-12,12
14168,96,95,1,1
14169,115,114,1,1
14170,47,52,-5,5
14171,77,93,-16,16
14172,76,80,-4,4
14173,115,118,-3,3
14174,93,100,-7,7
14175,120,94,26,26
14176,83,90,-7,7
14177,119,115,4,4
14178,40,56,-16,16
14179,47,57,-10,10
14180,55,60,-5,5
14181,96,99,-3,3
14182,88,93,-5,5
14183,74,87,-13,13
14184,80,86,-6,6
14185,68,68,0,0
14186,144,139,5,5
14187,101,97,4,4
14188,116,116,0,0
14189,63,66,-3,3
14190,51,56,-5,5
14191,123,127,-4,4
14192,145,141,4,4
14193,107,99,8,8
14194,109,106,3,3
14195,115,115,0,0
14196,59,61,-2,2
14197,63,72,-9,9
14198,190,182,8,8
14199,69,69,0,0
14200,77,76,1,1
14201,78,84,-6,6
14202,85,95,-10,10
14203,112,96,16,16
14204,82,83,-1,1
14205,150,147,3,3
14206,72,75,-3,3
14207,105,109,-4,4
14208,80,77,3,3
14209,39,47,-8,8
14210,102,113,-11,11
14211,68,75,-7,7
14212,95,93,2,2
14213,24,29,-5,5
14214,50,58,-8,8
14215,66,62,4,4
14216,69,76,-7,7
14217,120,112,8,8
14218,140,126,14,14
14219,69,75,-6,6
14220,187,146,41,41
14221,107,105,2,2
14222,67,69,-2,2
14223,126,128,-2,2
14224,112,122,-10,10
14225,93,102,-9,9
14226,89,93,-4,4
14227,93,101,-8,8
14228,48,53,-5,5
14229,153,148,5,5
14230,67,68,-1,1
14231,48,57,-9,9
14232,58,70,-12,12
14233,179,165,14,14
14234,91,92,-1,1
14235,123,123,0,0
14236,70,74,-4,4
14237,32,40,-8,8
14238,96,84,12,12
14239,53,58,-5,5
14240,99,101,-2,2
14241,133,120,13,13
14242,77,84,-7,7
14243,47,57,-10,10
14244,55,60,-5,5
14245,85,79,6,6
14246,135,129,6,6
14247,103,100,3,3
14248,62,75,-13,13
14249,73,75,-2,2
14250,117,129,-12,12
14251,112,106,6,6
14252,34,32,2,2
14253,46,55,-9,9
14254,68,69,-1,1
14255,42,42,0,0
14256,88,109,-21,21
14257,88,86,2,2
14258,78,80,-2,2
14259,74,79,-5,5
14260,145,138,7,7
14261,144,137,7,7
14262,146,148,-2,2
14263,50,59,-9,9
14264,134,118,16,16
14265,81,75,6,6
14266,81,76,5,5
14267,64,69,-5,5
14268,134,131,3,3
14269,177,176,1,1
14270,115,107,8,8
14271,105,108,-3,3
14272,142,133,9,9
14273,104,109,-5,5
14274,74,80,-6,6
14275,177,158,19,19
14276,47,55,-8,8
14277,127,132,-5,5
14278,186,165,21,21
14279,81,94,-13,13
14280,78,77,1,1
14281,155,142,13,13
14282,170,136,34,34
14283,97,95,2,2
14284,94,91,3,3
14285,77,82,-5,5
14286,83,82,1,1
14287,109,108,1,1
14288,92,96,-4,4
14289,93,94,-1,1
14290,63,84,-21,21
14291,85,84,1,1
14292,92,102,-10,10
14293,68,63,5,5
14294,111,116,-5,5
14295,181,175,6,6
14296,57,57,0,0
14297,93,99,-6,6
14298,68,77,-9,9
14299,95,101,-6,6
14300,123,112,11,11
14301,58,65,-7,7
14302,159,142,17,17
14303,97,85,12,12
14304,82,83,-1,1
14305,70,67,3,3
14306,87,75,12,12
14307,63,70,-7,7
14308,138,132,6,6
14309,124,128,-4,4
14310,90,89,1,1
14311,72,70,2,2
14312,82,94,-12,12
14313,102,120,-18,18
14314,149,128,21,21
14315,127,119,8,8
14316,127,104,23,23
14317,80,77,3,3
14318,79,72,7,7
14319,126,128,-2,2
14320,160,153,7,7
14321,88,85,3,3
14322,57,52,5,5
14323,117,115,2,2
14324,88,82,6,6
14325,117,115,2,2
14326,108,106,2,2
14327,122,133,-11,11
14328,126,116,10,10
14329,137,133,4,4
14330,119,102,17,17
14331,94,100,-6,6
14332,89,73,16,16
14333,65,66,-1,1
14334,80,77,3,3
14335,73,76,-3,3
14336,137,124,13,13
14337,112,113,-1,1
14338,93,92,1,1
14339,121,103,18,18
14340,94,99,-5,5
14341,74,76,-2,2
14342,126,122,4,4
14343,102,94,8,8
14344,61,61,0,0
14345,107,112,-5,5
14346,187,174,13,13
14347,129,122,7,7
14348,96,100,-4,4
14349,85,77,8,8
14350,89,94,-5,5
14351,65,62,3,3
14352,67,76,-9,9
14353,95,90,5,5
14354,90,83,7,7
14355,70,84,-14,14
14356,51,63,-12,12
14357,67,76,-9,9
14358,105,95,10,10
14359,72,87,-15,15
14360,73,69,4,4
14361,90,91,-1,1
14362,60,60,0,0
14363,125,120,5,5
14364,128,118,10,10
14365,114,110,4,4
14366,80,68,12,12
14367,130,114,16,16
14368,170,185,-15,15
14369,163,167,-4,4
14370,121,108,13,13
14371,65,70,-5,5
14372,110,108,2,2
14373,86,88,-2,2
14374,136,133,3,3
14375,95,97,-2,2
14376,82,80,2,2
14377,117,110,7,7
14378,122,125,-3,3
14379,61,60,1,1
14380,49,57,-8,8
14381,188,168,20,20
14382,61,69,-8,8
14383,164,167,-3,3
14384,64,70,-6,6
14385,100,89,11,11
14386,75,74,1,1
14387,90,86,4,4
14388,83,77,6,6
14389,74,80,-6,6
14390,88,85,3,3
14391,110,101,9,9
14392,104,100,4,4
14393,61,69,-8,8
14394,80,89,-9,9
14395,121,112,9,9
14396,72,74,-2,2
14397,80,80,0,0
14398,38,42,-4,4
14399,136,119,17,17
14400,85,91,-6,6
14401,86,85,1,1
14402,129,125,4,4
14403,58,64,-6,6
14404,73,79,-6,6
14405,135,136,-1,1
14406,106,116,-10,10
14407,53,59,-6,6
14408,54,64,-10,10
14409,62,76,-14,14
14410,91,97,-6,6
14411,61,63,-2,2
14412,56,66,-10,10
14413,53,60,-7,7
14414,67,70,-3,3
14415,81,86,-5,5
14416,77,82,-5,5
14417,92,89,3,3
14418,181,170,11,11
14419,68,73,-5,5
14420,73,77,-4,4
14421,102,97,5,5
14422,85,84,1,1
14423,78,80,-2,2
14424,85,77,8,8
14425,86,92,-6,6
14426,61,59,2,2
14427,60,63,-3,3
14428,70,84,-14,14
14429,63,71,-8,8
14430,141,150,-9,9
14431,82,76,6,6
14432,125,115,10,10
14433,25,29,-4,4
14434,124,115,9,9
14435,42,49,-7,7
14436,123,129,-6,6
14437,50,58,-8,8
14438,94,101,-7,7
14439,175,162,13,13
14440,119,120,-1,1
14441,97,99,-2,2
14442,112,112,0,0
14443,105,106,-1,1
14444,85,84,1,1
14445,117,123,-6,6
14446,140,137,3,3
14447,117,109,8,8
14448,45,51,-6,6
14449,73,76,-3,3
14450,71,82,-11,11
14451,41,45,-4,4
14452,134,126,8,8
14453,102,102,0,0
14454,69,73,-4,4
14455,98,104,-6,6
14456,113,105,8,8
14457,90,91,-1,1
14458,67,70,-3,3
14459,83,88,-5,5
14460,64,68,-4,4
14461,192,165,27,27
14462,93,82,11,11
14463,111,113,-2,2
14464,122,125,-3,3
14465,89,98,-9,9
14466,77,98,-21,21
14467,66,69,-3,3
14468,57,63,-6,6
14469,84,85,-1,1
14470,90,92,-2,2
14471,103,101,2,2
14472,144,138,6,6
14473,120,111,9,9
14474,105,101,4,4
14475,121,117,4,4
14476,51,99,-48,48
14477,91,82,9,9
14478,73,80,-7,7
14479,60,67,-7,7
14480,50,55,-5,5
14481,94,103,-9,9
14482,107,100,7,7
14483,62,61,1,1
14484,77,76,1,1
14485,109,104,5,5
14486,113,108,5,5
14487,95,97,-2,2
14488,153,164,-11,11
14489,146,128,18,18
14490,75,77,-2,2
14491,97,100,-3,3
14492,96,99,-3,3
14493,112,127,-15,15
14494,93,104,-11,11
14495,88,89,-1,1
14496,143,128,15,15
14497,131,130,1,1
14498,92,95,-3,3
14499,77,75,2,2
14500,94,93,1,1
14501,60,73,-13,13
14502,70,73,-3,3
14503,73,73,0,0
14504,115,113,2,2
14505,111,113,-2,2
14506,41,49,-8,8
14507,49,56,-7,7
14508,141,139,2,2
14509,85,80,5,5
14510,89,89,0,0
14511,84,74,10,10
14512,102,100,2,2
14513,100,103,-3,3
14514,72,73,-1,1
14515,99,92,7,7
14516,68,68,0,0
14517,63,62,1,1
14518,156,163,-7,7
14519,113,106,7,7
14520,109,101,8,8
14521,141,137,4,4
14522,173,167,6,6
14523,95,101,-6,6
14524,89,96,-7,7
14525,103,99,4,4
14526,71,72,-1,1
14527,81,79,2,2
14528,93,92,1,1
14529,138,152,-14,14
14530,94,81,13,13
14531,168,151,17,17
14532,56,64,-8,8
14533,70,67,3,3
14534,143,123,20,20
14535,115,116,-1,1
14536,78,74,4,4
14537,71,68,3,3
14538,61,63,-2,2
14539,174,164,10,10
14540,136,136,0,0
14541,137,144,-7,7
14542,64,63,1,1
14543,98,93,5,5
14544,61,69,-8,8
14545,79,75,4,4
14546,58,61,-3,3
14547,88,86,2,2
14548,83,82,1,1
14549,58,66,-8,8
14550,113,102,11,11
14551,65,65,0,0
14552,98,99,-1,1
14553,98,93,5,5
14554,119,109,10,10
14555,81,84,-3,3
14556,107,107,0,0
14557,69,68,1,1
14558,102,105,-3,3
14559,64,70,-6,6
14560,92,100,-8,8
14561,91,77,14,14
14562,76,71,5,5
14563,120,113,7,7
14564,131,126,5,5
14565,73,67,6,6
14566,113,95,18,18
14567,46,51,-5,5
14568,31,29,2,2
14569,86,89,-3,3
14570,124,130,-6,6
14571,69,69,0,0
14572,103,102,1,1
14573,78,84,-6,6
14574,85,77,8,8
14575,43,47,-4,4
14576,102,103,-1,1
14577,64,73,-9,9
14578,112,119,-7,7
14579,104,102,2,2
14580,116,117,-1,1
14581,72,74,-2,2
14582,86,96,-10,10
14583,45,51,-6,6
14584,90,95,-5,5
14585,204,191,13,13
14586,38,50,-12,12
14587,95,79,16,16
14588,102,112,-10,10
14589,193,185,8,8
14590,130,120,10,10
14591,47,55,-8,8
14592,132,131,1,1
14593,176,148,28,28
14594,67,73,-6,6
14595,100,104,-4,4
14596,73,68,5,5
14597,44,58,-14,14
14598,65,72,-7,7
14599,34,44,-10,10
14600,56,69,-13,13
14601,87,88,-1,1
14602,87,102,-15,15
14603,44,59,-15,15
14604,115,103,12,12
14605,82,83,-1,1
14606,134,139,-5,5
14607,161,153,8,8
14608,61,62,-1,1
14609,150,143,7,7
14610,106,103,3,3
14611,68,68,0,0
14612,106,95,11,11
14613,96,96,0,0
14614,142,147,-5,5
14615,74,67,7,7
14616,47,55,-8,8
14617,130,129,1,1
14618,121,123,-2,2
14619,104,103,1,1
14620,79,79,0,0
14621,85,79,6,6
14622,92,92,0,0
14623,52,99,-47,47
14624,144,158,-14,14
14625,92,81,11,11
14626,58,58,0,0
14627,116,122,-6,6
14628,71,77,-6,6
14629,65,64,1,1
14630,86,77,9,9
14631,51,60,-9,9
14632,51,61,-10,10
14633,169,162,7,7
14634,117,124,-7,7
14635,94,93,1,1
14636,77,75,2,2
14637,61,65,-4,4
14638,64,67,-3,3
14639,38,46,-8,8
14640,54,57,-3,3
14641,70,74,-4,4
14642,77,80,-3,3
14643,127,115,12,12
14644,58,64,-6,6
14645,84,84,0,0
14646,89,90,-1,1
14647,52,56,-4,4
14648,73,76,-3,3
14649,64,73,-9,9
14650,53,65,-12,12
14651,112,104,8,8
14652,92,92,0,0
14653,90,80,10,10
14654,72,75,-3,3
14655,99,104,-5,5
14656,84,79,5,5
14657,90,91,-1,1
14658,135,138,-3,3
14659,91,85,6,6
14660,81,90,-9,9
14661,119,116,3,3
14662,70,75,-5,5
14663,62,67,-5,5
14664,80,80,0,0
14665,69,68,1,1
14666,107,118,-11,11
14667,145,135,10,10
14668,137,127,10,10
14669,94,101,-7,7
14670,158,142,16,16
14671,174,170,4,4
14672,100,104,-4,4
14673,141,130,11,11
14674,131,126,5,5
14675,168,163,5,5
14676,98,96,2,2
14677,116,123,-7,7
14678,101,96,5,5
14679,89,111,-22,22
14680,119,114,5,5
14681,139,139,0,0
14682,25,29,-4,4
14683,106,106,0,0
14684,161,162,-1,1
14685,123,116,7,7
14686,87,84,3,3
14687,58,65,-7,7
14688,62,68,-6,6
14689,89,88,1,1
14690,81,77,4,4
14691,70,67,3,3
14692,78,77,1,1
14693,163,159,4,4
14694,46,71,-25,25
14695,57,61,-4,4
14696,108,106,2,2
14697,148,118,30,30
14698,74,76,-2,2
14699,54,62,-8,8
14700,64,74,-10,10
14701,162,142,20,20
14702,124,115,9,9
14703,75,77,-2,2
14704,76,76,0,0
14705,81,90,-9,9
14706,56,63,-7,7
14707,90,87,3,3
14708,70,77,-7,7
14709,66,83,-17,17
14710,75,78,-3,3
14711,95,111,-16,16
14712,123,123,0,0
14713,125,122,3,3
14714,44,53,-9,9
14715,141,141,0,0
14716,53,61,-8,8
14717,97,96,1,1
14718,100,96,4,4
14719,78,98,-20,20
14720,199,185,14,14
14721,124,116,8,8
14722,56,72,-16,16
14723,62,61,1,1
14724,109,102,7,7
14725,149,129,20,20
14726,101,103,-2,2
14727,129,123,6,6
14728,138,124,14,14
14729,118,124,-6,6
14730,151,148,3,3
14731,58,59,-1,1
14732,148,146,2,2
14733,89,90,-1,1
14734,93,98,-5,5
14735,111,106,5,5
14736,131,126,5,5
14737,106,114,-8,8
14738,123,117,6,6
14739,119,142,-23,23
14740,106,111,-5,5
14741,121,117,4,4
14742,74,67,7,7
14743,94,101,-7,7
14744,83,75,8,8
14745,159,151,8,8
14746,126,115,11,11
14747,71,73,-2,2
14748,52,54,-2,2
14749,139,150,-11,11
14750,98,94,4,4
14751,94,94,0,0
14752,58,59,-1,1
14753,126,125,1,1
14754,65,68,-3,3
14755,98,85,13,13
14756,170,163,7,7
14757,71,79,-8,8
14758,63,76,-13,13
14759,74,79,-5,5
14760,119,115,4,4
14761,73,84,-11,11
14762,88,84,4,4
14763,96,98,-2,2
14764,125,127,-2,2
14765,119,121,-2,2
14766,88,85,3,3
14767,98,90,8,8
14768,103,115,-12,12
14769,95,93,2,2
14770,80,80,0,0
14771,88,89,-1,1
14772,50,53,-3,3
14773,81,77,4,4
14774,72,68,4,4
14775,56,48,8,8
14776,54,61,-7,7
14777,70,79,-9,9
14778,92,85,7,7
14779,79,79,0,0
14780,64,70,-6,6
14781,121,126,-5,5
14782,55,60,-5,5
14783,110,106,4,4
14784,142,132,10,10
14785,160,153,7,7
14786,61,63,-2,2
14787,59,64,-5,5
14788,102,110,-8,8
14789,95,93,2,2
14790,62,69,-7,7
14791,142,142,0,0
14792,91,79,12,12
14793,114,111,3,3
14794,54,58,-4,4
14795,93,100,-7,7
14796,96,94,2,2
14797,75,73,2,2
14798,95,92,3,3
14799,59,65,-6,6
14800,87,75,12,12
14801,121,108,13,13
14802,85,88,-3,3
14803,74,76,-2,2
14804,94,97,-3,3
14805,117,118,-1,1
14806,136,132,4,4
14807,51,54,-3,3
14808,143,137,6,6
14809,110,109,1,1
14810,112,105,7,7
14811,59,59,0,0
14812,69,67,2,2
14813,92,90,2,2
14814,92,94,-2,2
14815,125,113,12,12
14816,93,85,8,8
14817,94,85,9,9
14818,183,165,18,18
14819,158,159,-1,1
14820,126,124,2,2
14821,201,187,14,14
14822,96,85,11,11
14823,69,85,-16,16
14824,112,124,-12,12
14825,60,69,-9,9
14826,81,76,5,5
14827,229,212,17,17
14828,81,76,5,5
14829,49,61,-12,12
14830,98,90,8,8
14831,104,102,2,2
14832,117,111,6,6
14833,91,95,-4,4
14834,96,85,11,11
14835,82,79,3,3
14836,193,170,23,23
14837,75,80,-5,5
14838,101,101,0,0
14839,128,114,14,14
14840,103,101,2,2
14841,84,79,5,5
14842,162,149,13,13
14843,117,119,-2,2
14844,104,125,-21,21
14845,85,83,2,2
14846,90,91,-1,1
14847,67,71,-4,4
14848,91,80,11,11
14849,152,148,4,4
14850,60,62,-2,2
14851,107,104,3,3
14852,114,132,-18,18
14853,95,99,-4,4
14854,85,84,1,1
14855,72,108,-36,36
14856,66,88,-22,22
14857,81,86,-5,5
14858,112,107,5,5
14859,39,48,-9,9
14860,125,141,-16,16
14861,67,70,-3,3
14862,103,97,6,6
14863,44,58,-14,14
14864,52,57,-5,5
14865,58,64,-6,6
14866,105,111,-6,6
14867,55,69,-14,14
14868,107,126,-19,19
14869,102,112,-10,10
14870,61,77,-16,16
14871,129,127,2,2
14872,72,73,-1,1
14873,144,143,1,1
14874,67,73,-6,6
14875,131,123,8,8
14876,59,66,-7,7
14877,142,134,8,8
14878,80,81,-1,1
14879,95,90,5,5
14880,62,71,-9,9
14881,99,102,-3,3
14882,69,80,-11,11
14883,36,46,-10,10
14884,53,59,-6,6
14885,174,153,21,21
14886,120,118,2,2
14887,60,70,-10,10
14888,44,43,1,1
14889,104,107,-3,3
14890,70,68,2,2
14891,80,77,3,3
14892,72,69,3,3
14893,114,125,-11,11
14894,110,111,-1,1
14895,69,66,3,3
14896,108,102,6,6
14897,136,129,7,7
14898,62,68,-6,6
14899,170,168,2,2
14900,109,100,9,9
14901,85,87,-2,2
14902,93,82,11,11
14903,117,113,4,4
14904,102,81,21,21
14905,123,117,6,6
14906,91,106,-15,15
14907,65,69,-4,4
14908,52,60,-8,8
14909,139,123,16,16
14910,88,94,-6,6
14911,67,82,-15,15
14912,143,141,2,2
14913,153,155,-2,2
14914,65,69,-4,4
14915,84,87,-3,3
14916,101,110,-9,9
14917,90,116,-26,26
14918,75,74,1,1
14919,95,94,1,1
14920,197,171,26,26
14921,60,63,-3,3
14922,152,151,1,1
14923,69,67,2,2
14924,79,81,-2,2
14925,63,71,-8,8
14926,114,112,2,2
14927,94,87,7,7
14928,107,103,4,4
14929,94,95,-1,1
14930,68,71,-3,3
14931,95,97,-2,2
14932,123,116,7,7
14933,81,79,2,2
14934,141,124,17,17
14935,78,80,-2,2
14936,100,105,-5,5
14937,120,115,5,5
14938,36,37,-1,1
14939,81,84,-3,3
14940,118,102,16,16
14941,122,126,-4,4
14942,80,73,7,7
14943,130,119,11,11
14944,44,49,-5,5
14945,170,167,3,3
14946,74,94,-20,20
14947,66,73,-7,7
14948,192,180,12,12
14949,84,84,0,0
14950,116,138,-22,22
14951,81,79,2,2
14952,43,47,-4,4
14953,69,71,-2,2
14954,63,65,-2,2
14955,94,94,0,0
14956,84,82,2,2
14957,56,59,-3,3
14958,106,112,-6,6
14959,152,128,24,24
14960,92,90,2,2
14961,68,68,0,0
14962,87,90,-3,3
14963,88,99,-11,11
14964,78,81,-3,3
14965,64,76,-12,12
14966,147,143,4,4
14967,57,60,-3,3
14968,81,88,-7,7
14969,59,67,-8,8
14970,70,71,-1,1
14971,87,94,-7,7
14972,90,82,8,8
14973,87,76,11,11
14974,49,55,-6,6
14975,160,139,21,21
14976,131,119,12,12
14977,83,85,-2,2
14978,44,54,-10,10
14979,44,54,-10,10
14980,52,63,-11,11
14981,102,106,-4,4
14982,69,72,-3,3
14983,99,100,-1,1
14984,81,92,-11,11
14985,91,102,-11,11
14986,87,85,2,2
14987,57,59,-2,2
14988,82,86,-4,4
14989,56,63,-7,7
14990,76,79,-3,3
14991,79,82,-3,3
14992,78,74,4,4
14993,121,107,14,14
14994,119,105,14,14
14995,68,75,-7,7
14996,146,138,8,8
14997,106,88,18,18
14998,132,117,15,15
14999,47,53,-6,6
15000,70,71,-1,1
15001,114,101,13,13
15002,71,71,0,0
15003,85,99,-14,14
15004,132,124,8,8
15005,33,29,4,4
15006,16,29,-13,13
15007,68,72,-4,4
15008,62,67,-5,5
15009,84,89,-5,5
15010,50,61,-11,11
15011,91,93,-2,2
15012,116,113,3,3
15013,97,93,4,4
15014,126,130,-4,4
15015,102,107,-5,5
15016,111,100,11,11
15017,113,111,2,2
15018,149,132,17,17
15019,87,77,10,10
15020,120,109,11,11
15021,124,124,0,0
15022,145,127,18,18
15023,78,77,1,1
15024,158,153,5,5
15025,47,60,-13,13
15026,228,221,7,7
15027,86,93,-7,7
15028,97,99,-2,2
15029,105,102,3,3
15030,59,67,-8,8
15031,134,111,23,23
15032,122,122,0,0
15033,116,131,-15,15
15034,72,84,-12,12
15035,95,109,-14,14
15036,48,54,-6,6
15037,71,71,0,0
15038,164,169,-5,5
15039,80,79,1,1
15040,96,89,7,7
15041,133,122,11,11
15042,121,126,-5,5
15043,122,124,-2,2
15044,99,92,7,7
15045,96,88,8,8
15046,41,55,-14,14
15047,157,139,18,18
15048,104,84,20,20
15049,65,72,-7,7
15050,103,109,-6,6
15051,118,113,5,5
15052,99,99,0,0
15053,126,114,12,12
15054,106,103,3,3
15055,55,51,4,4
15056,75,74,1,1
15057,69,77,-8,8
15058,107,111,-4,4
15059,122,125,-3,3
15060,63,70,-7,7
15061,107,103,4,4
15062,96,117,-21,21
15063,62,74,-12,12
15064,72,74,-2,2
15065,152,145,7,7
15066,65,71,-6,6
15067,78,76,2,2
15068,115,113,2,2
15069,113,102,11,11
15070,113,100,13,13
15071,105,101,4,4
15072,116,114,2,2
15073,158,151,7,7
15074,57,64,-7,7
15075,141,142,-1,1
15076,82,80,2,2
15077,106,110,-4,4
15078,96,85,11,11
15079,104,102,2,2
15080,98,93,5,5
15081,83,96,-13,13
15082,138,129,9,9
15083,148,141,7,7
15084,71,73,-2,2
15085,90,99,-9,9
15086,134,121,13,13
15087,129,134,-5,5
15088,127,126,1,1
15089,77,77,0,0
15090,69,76,-7,7
15091,102,100,2,2
15092,69,73,-4,4
15093,65,67,-2,2
15094,102,111,-9,9
15095,56,71,-15,15
15096,123,112,11,11
15097,73,69,4,4
15098,61,73,-12,12
15099,102,113,-11,11
15100,98,99,-1,1
15101,80,74,6,6
15102,85,86,-1,1
15103,61,63,-2,2
15104,127,125,2,2
15105,68,70,-2,2
15106,127,130,-3,3
15107,71,70,1,1
15108,71,62,9,9
15109,149,143,6,6
15110,91,83,8,8
15111,98,102,-4,4
15112,51,62,-11,11
15113,90,84,6,6
15114,105,113,-8,8
15115,84,83,1,1
15116,98,94,4,4
15117,188,196,-8,8
15118,57,59,-2,2
15119,135,113,22,22
15120,107,100,7,7
15121,166,160,6,6
15122,102,97,5,5
15123,162,153,9,9
15124,74,71,3,3
15125,81,84,-3,3
15126,58,62,-4,4
15127,93,79,14,14
15128,67,65,2,2
15129,136,144,-8,8
15130,122,123,-1,1
15131,114,117,-3,3
15132,66,65,1,1
15133,121,109,12,12
15134,82,85,-3,3
15135,110,104,6,6
15136,63,69,-6,6
15137,108,107,1,1
15138,77,74,3,3
15139,86,83,3,3
15140,74,70,4,4
15141,101,108,-7,7
15142,114,120,-6,6
15143,105,100,5,5
15144,106,105,1,1
15145,83,78,5,5
15146,169,165,4,4
15147,71,73,-2,2
15148,87,93,-6,6
15149,67,70,-3,3
15150,86,114,-28,28
15151,244,232,12,12
15152,96,84,12,12
15153,136,135,1,1
15154,64,68,-4,4
15155,131,145,-14,14
15156,142,150,-8,8
15157,63,75,-12,12
15158,56,65,-9,9
15159,65,66,-1,1
15160,116,104,12,12
15161,57,58,-1,1
15162,109,117,-8,8
15163,114,123,-9,9
15164,68,68,0,0
15165,114,109,5,5
15166,64,82,-18,18
15167,112,120,-8,8
15168,47,58,-11,11
15169,66,65,1,1
15170,81,88,-7,7
15171,127,130,-3,3
15172,109,110,-1,1
15173,72,69,3,3
15174,94,97,-3,3
15175,46,56,-10,10
15176,113,86,27,27
15177,70,73,-3,3
15178,80,84,-4,4
15179,64,69,-5,5
15180,113,105,8,8
15181,56,64,-8,8
15182,112,105,7,7
15183,50,63,-13,13
15184,101,95,6,6
15185,173,171,2,2
15186,57,57,0,0
15187,104,101,3,3
15188,90,84,6,6
15189,76,74,2,2
15190,94,93,1,1
15191,105,122,-17,17
15192,121,117,4,4
15193,126,130,-4,4
15194,127,113,14,14
15195,116,116,0,0
15196,88,82,6,6
15197,62,73,-11,11
15198,190,187,3,3
15199,91,125,-34,34
15200,68,75,-7,7
15201,102,94,8,8
15202,150,122,28,28
15203,85,89,-4,4
15204,45,53,-8,8
15205,106,110,-4,4
15206,64,66,-2,2
15207,152,153,-1,1
15208,124,126,-2,2
15209,77,83,-6,6
15210,80,87,-7,7
15211,68,63,5,5
15212,131,130,1,1
15213,141,128,13,13
15214,138,125,13,13
15215,139,160,-21,21
15216,54,64,-10,10
15217,81,83,-2,2
15218,131,135,-4,4
15219,105,102,3,3
15220,88,79,9,9
15221,97,99,-2,2
15222,132,126,6,6
15223,80,83,-3,3
15224,83,86,-3,3
15225,56,65,-9,9
15226,68,79,-11,11
15227,88,84,4,4
15228,101,107,-6,6
15229,123,116,7,7
15230,123,129,-6,6
15231,56,76,-20,20
15232,139,137,2,2
15233,102,106,-4,4
15234,53,56,-3,3
15235,145,144,1,1
15236,94,97,-3,3
15237,126,124,2,2
15238,92,83,9,9
15239,82,82,0,0
15240,74,84,-10,10
15241,165,132,33,33
15242,99,104,-5,5
15243,139,145,-6,6
15244,84,75,9,9
15245,85,84,1,1
15246,63,68,-5,5
15247,174,153,21,21
15248,127,110,17,17
15249,93,105,-12,12
15250,106,103,3,3
15251,108,134,-26,26
15252,93,92,1,1
15253,98,83,15,15
15254,91,92,-1,1
15255,68,70,-2,2
15256,98,99,-1,1
15257,264,224,40,40
15258,105,95,10,10
15259,71,76,-5,5
15260,57,57,0,0
15261,99,100,-1,1
15262,87,82,5,5
15263,109,107,2,2
15264,132,131,1,1
15265,66,76,-10,10
15266,99,102,-3,3
15267,70,67,3,3
15268,111,106,5,5
15269,124,117,7,7
15270,53,63,-10,10
15271,113,103,10,10
15272,69,65,4,4
15273,69,78,-9,9
15274,80,79,1,1
15275,87,85,2,2
15276,117,109,8,8
15277,105,96,9,9
15278,64,61,3,3
15279,41,51,-10,10
15280,60,62,-2,2
15281,93,93,0,0
15282,74,70,4,4
15283,100,88,12,12
15284,75,74,1,1
15285,117,106,11,11
15286,129,129,0,0
15287,145,140,5,5
15288,102,104,-2,2
15289,147,149,-2,2
15290,55,63,-8,8
15291,91,84,7,7
15292,46,56,-10,10
15293,211,177,34,34
15294,125,136,-11,11
15295,76,77,-1,1
15296,84,80,4,4
15297,104,104,0,0
15298,62,70,-8,8
15299,77,81,-4,4
15300,100,94,6,6
15301,83,85,-2,2
15302,90,94,-4,4
15303,181,161,20,20
15304,132,145,-13,13
15305,88,84,4,4
15306,85,85,0,0
15307,69,72,-3,3
15308,59,63,-4,4
15309,42,31,11,11
15310,138,128,10,10
15311,75,72,3,3
15312,116,122,-6,6
15313,76,90,-14,14
15314,85,83,2,2
15315,60,66,-6,6
15316,101,101,0,0
15317,117,124,-7,7
15318,73,84,-11,11
15319,65,76,-11,11
15320,136,138,-2,2
15321,40,52,-12,12
15322,61,65,-4,4
15323,138,133,5,5
15324,55,63,-8,8
15325,87,79,8,8
15326,60,58,2,2
15327,42,43,-1,1
15328,184,190,-6,6
15329,136,140,-4,4
15330,46,63,-17,17
15331,157,124,33,33
15332,99,104,-5,5
15333,64,61,3,3
15334,95,97,-2,2
15335,138,138,0,0
15336,63,68,-5,5
15337,72,66,6,6
15338,52,62,-10,10
15339,90,83,7,7
15340,78,83,-5,5
15341,97,101,-4,4
15342,118,112,6,6
15343,89,93,-4,4
15344,55,61,-6,6
15345,109,103,6,6
15346,64,72,-8,8
15347,103,97,6,6
15348,96,96,0,0
15349,101,98,3,3
15350,130,124,6,6
15351,67,79,-12,12
15352,65,70,-5,5
15353,80,80,0,0
15354,90,88,2,2
15355,86,80,6,6
15356,62,63,-1,1
15357,162,157,5,5
15358,107,112,-5,5
15359,42,44,-2,2
15360,104,104,0,0
15361,125,120,5,5
15362,93,98,-5,5
15363,163,178,-15,15
15364,42,61,-19,19
15365,127,121,6,6
15366,94,102,-8,8
15367,88,85,3,3
15368,147,140,7,7
15369,155,149,6,6
15370,107,98,9,9
15371,65,68,-3,3
15372,94,108,-14,14
15373,77,82,-5,5
15374,128,127,1,1
15375,70,74,-4,4
15376,51,63,-12,12
15377,101,107,-6,6
15378,108,97,11,11
15379,169,158,11,11
15380,56,65,-9,9
15381,114,105,9,9
15382,129,138,-9,9
15383,98,97,1,1
15384,62,70,-8,8
15385,52,58,-6,6
15386,125,118,7,7
15387,123,114,9,9
15388,107,107,0,0
15389,100,100,0,0
15390,153,168,-15,15
15391,81,91,-10,10
15392,82,83,-1,1
15393,97,100,-3,3
15394,28,29,-1,1
15395,123,126,-3,3
15396,66,76,-10,10
15397,91,91,0,0
15398,95,98,-3,3
15399,66,75,-9,9
15400,105,109,-4,4
15401,64,67,-3,3
15402,106,102,4,4
15403,136,126,10,10
15404,87,87,0,0
15405,71,67,4,4
15406,116,121,-5,5
15407,88,93,-5,5
15408,53,60,-7,7
15409,126,115,11,11
15410,144,128,16,16
15411,74,80,-6,6
15412,63,68,-5,5
15413,72,75,-3,3
15414,73,67,6,6
15415,76,79,-3,3
15416,88,84,4,4
15417,78,79,-1,1
15418,103,100,3,3
15419,76,71,5,5
15420,41,80,-39,39
15421,231,210,21,21
15422,134,137,-3,3
15423,126,111,15,15
15424,138,127,11,11
15425,103,113,-10,10
15426,90,96,-6,6
15427,73,72,1,1
15428,63,76,-13,13
15429,81,85,-4,4
15430,120,105,15,15
15431,92,98,-6,6
15432,100,100,0,0
15433,51,63,-12,12
15434,116,117,-1,1
15435,97,98,-1,1
15436,87,73,14,14
15437,138,125,13,13
15438,52,64,-12,12
15439,36,44,-8,8
15440,167,169,-2,2
15441,80,94,-14,14
15442,117,114,3,3
15443,91,81,10,10
15444,163,152,11,11
15445,112,126,-14,14
15446,75,80,-5,5
15447,119,112,7,7
15448,61,67,-6,6
15449,71,68,3,3
15450,117,119,-2,2
15451,115,127,-12,12
15452,99,103,-4,4
15453,125,123,2,2
15454,100,102,-2,2
15455,153,133,20,20
15456,146,149,-3,3
15457,157,144,13,13
15458,104,105,-1,1
15459,130,121,9,9
15460,137,147,-10,10
15461,105,112,-7,7
15462,101,93,8,8
15463,110,116,-6,6
15464,97,91,6,6
15465,87,79,8,8
15466,107,107,0,0
15467,87,87,0,0
15468,90,78,12,12
15469,90,85,5,5
15470,118,116,2,2
15471,57,65,-8,8
15472,108,113,-5,5
15473,51,61,-10,10
15474,56,78,-22,22
15475,53,70,-17,17
15476,55,64,-9,9
15477,68,79,-11,11
15478,61,67,-6,6
15479,142,147,-5,5
15480,83,81,2,2
15481,56,66,-10,10
15482,60,72,-12,12
15483,59,67,-8,8
15484,119,118,1,1
15485,60,70,-10,10
15486,60,66,-6,6
15487,106,104,2,2
15488,78,79,-1,1
15489,83,80,3,3
15490,63,70,-7,7
15491,147,142,5,5
15492,182,178,4,4
15493,129,124,5,5
15494,97,101,-4,4
15495,115,111,4,4
15496,105,112,-7,7
15497,102,110,-8,8
15498,127,129,-2,2
15499,157,151,6,6
15500,84,81,3,3
15501,152,138,14,14
15502,74,77,-3,3
15503,79,77,2,2
15504,123,129,-6,6
15505,135,144,-9,9
15506,82,80,2,2
15507,111,113,-2,2
15508,62,85,-23,23
15509,59,68,-9,9
15510,77,85,-8,8
15511,63,73,-10,10
15512,81,82,-1,1
15513,56,60,-4,4
15514,69,74,-5,5
15515,65,74,-9,9
15516,82,82,0,0
15517,91,91,0,0
15518,190,161,29,29
15519,185,173,12,12
15520,131,123,8,8
15521,65,66,-1,1
15522,158,149,9,9
15523,144,153,-9,9
15524,73,81,-8,8
15525,80,84,-4,4
15526,152,145,7,7
15527,62,70,-8,8
15528,64,71,-7,7
15529,65,70,-5,5
15530,146,140,6,6
15531,124,122,2,2
15532,108,100,8,8
15533,131,123,8,8
15534,107,112,-5,5
15535,104,103,1,1
15536,78,73,5,5
15537,115,120,-5,5
15538,159,149,10,10
15539,103,109,-6,6
15540,101,104,-3,3
15541,63,61,2,2
15542,160,155,5,5
15543,61,69,-8,8
15544,60,62,-2,2
15545,130,137,-7,7
15546,96,95,1,1
15547,84,85,-1,1
15548,93,91,2,2
15549,110,110,0,0
15550,66,66,0,0
15551,77,74,3,3
15552,103,102,1,1
15553,78,83,-5,5
15554,147,136,11,11
15555,87,91,-4,4
15556,84,76,8,8
15557,83,79,4,4
15558,69,68,1,1
15559,180,170,10,10
15560,140,140,0,0
15561,57,63,-6,6
15562,120,117,3,3
15563,62,66,-4,4
15564,79,77,2,2
15565,127,126,1,1
15566,64,72,-8,8
15567,81,74,7,7
15568,100,99,1,1
15569,118,116,2,2
15570,85,74,11,11
15571,77,84,-7,7
15572,104,99,5,5
15573,72,70,2,2
15574,101,101,0,0
15575,95,102,-7,7
15576,98,96,2,2
15577,62,64,-2,2
15578,98,94,4,4
15579,113,123,-10,10
15580,62,65,-3,3
15581,52,64,-12,12
15582,112,111,1,1
15583,80,81,-1,1
15584,106,118,-12,12
15585,63,69,-6,6
15586,49,64,-15,15
15587,72,75,-3,3
15588,117,101,16,16
15589,116,112,4,4
15590,94,91,3,3
15591,95,99,-4,4
15592,83,98,-15,15
15593,119,119,0,0
15594,106,109,-3,3
15595,92,81,11,11
15596,70,77,-7,7
15597,133,129,4,4
15598,64,66,-2,2
15599,169,159,10,10
15600,93,87,6,6
15601,102,103,-1,1
15602,87,81,6,6
15603,71,73,-2,2
15604,62,69,-7,7
15605,59,58,1,1
15606,85,83,2,2
15607,72,74,-2,2
15608,50,56,-6,6
15609,92,88,4,4
15610,127,124,3,3
15611,57,60,-3,3
15612,107,105,2,2
15613,65,63,2,2
15614,82,83,-1,1
15615,81,85,-4,4
15616,98,100,-2,2
15617,82,77,5,5
15618,110,128,-18,18
15619,166,160,6,6
15620,107,104,3,3
15621,50,62,-12,12
15622,148,138,10,10
15623,70,72,-2,2
15624,100,88,12,12
15625,108,111,-3,3
15626,113,114,-1,1
15627,53,67,-14,14
15628,126,124,2,2
15629,72,74,-2,2
15630,197,181,16,16
15631,47,53,-6,6
15632,89,84,5,5
15633,143,130,13,13
15634,119,117,2,2
15635,76,79,-3,3
15636,73,82,-9,9
15637,68,75,-7,7
15638,111,108,3,3
15639,121,109,12,12
15640,92,99,-7,7
15641,113,107,6,6
15642,98,102,-4,4
15643,152,157,-5,5
15644,80,83,-3,3
15645,82,79,3,3
15646,128,122,6,6
15647,49,62,-13,13
15648,128,129,-1,1
15649,63,68,-5,5
15650,52,61,-9,9
15651,89,89,0,0
15652,68,64,4,4
15653,109,107,2,2
15654,83,82,1,1
15655,97,101,-4,4
15656,73,75,-2,2
15657,75,73,2,2
15658,127,120,7,7
15659,52,78,-26,26
15660,69,62,7,7
15661,152,148,4,4
15662,87,86,1,1
15663,130,115,15,15
15664,72,84,-12,12
15665,114,118,-4,4
15666,75,75,0,0
15667,136,126,10,10
15668,77,77,0,0
15669,88,84,4,4
15670,64,73,-9,9
15671,90,80,10,10
15672,174,174,0,0
15673,57,67,-10,10
15674,56,66,-10,10
15675,78,77,1,1
15676,81,78,3,3
15677,67,65,2,2
15678,123,112,11,11
15679,146,142,4,4
15680,123,123,0,0
15681,98,103,-5,5
15682,61,71,-10,10
15683,109,112,-3,3
15684,76,84,-8,8
15685,121,120,1,1
15686,81,83,-2,2
15687,38,56,-18,18
15688,70,75,-5,5
15689,83,77,6,6
15690,100,100,0,0
15691,79,85,-6,6
15692,98,105,-7,7
15693,79,75,4,4
15694,196,179,17,17
15695,137,136,1,1
15696,67,71,-4,4
15697,87,93,-6,6
15698,79,80,-1,1
15699,84,85,-1,1
15700,104,117,-13,13
15701,105,112,-7,7
15702,113,104,9,9
15703,54,57,-3,3
15704,77,74,3,3
15705,124,124,0,0
15706,103,99,4,4
15707,175,161,14,14
15708,67,64,3,3
15709,86,84,2,2
15710,65,72,-7,7
15711,74,72,2,2
15712,85,60,25,25
15713,77,76,1,1
15714,94,93,1,1
15715,163,143,20,20
15716,107,111,-4,4
15717,126,126,0,0
15718,97,93,4,4
15719,80,77,3,3
15720,150,156,-6,6
15721,67,73,-6,6
15722,120,106,14,14
15723,86,97,-11,11
15724,80,79,1,1
15725,79,76,3,3
15726,98,96,2,2
15727,100,105,-5,5
15728,105,108,-3,3
15729,140,157,-17,17
15730,110,102,8,8
15731,101,96,5,5
15732,50,57,-7,7
15733,132,127,5,5
15734,160,159,1,1
15735,119,112,7,7
15736,94,92,2,2
15737,83,79,4,4
15738,92,90,2,2
15739,76,67,9,9
15740,103,100,3,3
15741,93,95,-2,2
15742,67,75,-8,8
15743,104,114,-10,10
15744,123,119,4,4
15745,90,81,9,9
15746,75,79,-4,4
15747,120,119,1,1
15748,66,65,1,1
15749,106,109,-3,3
15750,120,115,5,5
15751,98,83,15,15
15752,105,112,-7,7
15753,97,100,-3,3
15754,101,98,3,3
15755,80,81,-1,1
15756,87,85,2,2
15757,68,68,0,0
15758,160,147,13,13
15759,77,80,-3,3
15760,65,70,-5,5
15761,90,93,-3,3
15762,34,40,-6,6
15763,90,99,-9,9
15764,83,76,7,7
15765,47,51,-4,4
15766,47,70,-23,23
15767,106,114,-8,8
15768,63,69,-6,6
15769,96,100,-4,4
15770,108,122,-14,14
15771,85,84,1,1
15772,157,144,13,13
15773,90,73,17,17
15774,116,118,-2,2
15775,132,131,1,1
15776,123,118,5,5
15777,118,116,2,2
15778,45,60,-15,15
15779,60,64,-4,4
15780,179,159,20,20
15781,111,112,-1,1
15782,118,122,-4,4
15783,87,99,-12,12
15784,51,64,-13,13
15785,37,50,-13,13
15786,91,90,1,1
15787,69,73,-4,4
15788,130,114,16,16
15789,102,112,-10,10
15790,93,101,-8,8
15791,129,125,4,4
15792,54,58,-4,4
15793,70,72,-2,2
15794,125,114,11,11
15795,59,67,-8,8
15796,46,39,7,7
15797,64,70,-6,6
15798,113,101,12,12
15799,110,96,14,14
15800,46,57,-11,11
15801,134,142,-8,8
15802,71,84,-13,13
15803,143,146,-3,3
15804,63,69,-6,6
15805,120,117,3,3
15806,86,79,7,7
15807,74,83,-9,9
15808,118,122,-4,4
15809,61,68,-7,7
15810,65,67,-2,2
15811,136,124,12,12
15812,85,89,-4,4
15813,105,89,16,16
15814,146,142,4,4
15815,98,105,-7,7
15816,30,49,-19,19
15817,76,77,-1,1
15818,148,140,8,8
15819,126,115,11,11
15820,121,116,5,5
15821,173,136,37,37
15822,68,84,-16,16
15823,100,105,-5,5
15824,109,112,-3,3
15825,73,79,-6,6
15826,97,99,-2,2
15827,92,84,8,8
15828,97,96,1,1
15829,88,100,-12,12
15830,159,144,15,15
15831,104,106,-2,2
15832,65,70,-5,5
15833,84,80,4,4
15834,82,79,3,3
15835,100,112,-12,12
15836,105,101,4,4
15837,70,79,-9,9
15838,77,72,5,5
15839,111,110,1,1
15840,96,86,10,10
15841,98,107,-9,9
15842,89,93,-4,4
15843,62,70,-8,8
15844,144,129,15,15
15845,134,129,5,5
15846,96,96,0,0
15847,64,76,-12,12
15848,74,75,-1,1
15849,113,108,5,5
15850,125,140,-15,15
15851,122,112,10,10
15852,66,77,-11,11
15853,46,56,-10,10
15854,115,113,2,2
15855,59,65,-6,6
15856,76,75,1,1
15857,97,95,2,2
15858,125,126,-1,1
15859,138,104,34,34
15860,24,29,-5,5
15861,34,39,-5,5
15862,77,77,0,0
15863,112,120,-8,8
15864,123,122,1,1
15865,88,85,3,3
15866,130,124,6,6
15867,108,107,1,1
15868,52,54,-2,2
15869,112,120,-8,8
15870,41,42,-1,1
15871,68,76,-8,8
15872,111,109,2,2
15873,97,105,-8,8
15874,73,75,-2,2
15875,75,74,1,1
15876,79,94,-15,15
15877,62,75,-13,13
15878,75,91,-16,16
15879,128,124,4,4
15880,113,115,-2,2
15881,49,51,-2,2
15882,65,63,2,2
15883,64,67,-3,3
15884,97,112,-15,15
15885,117,105,12,12
15886,62,65,-3,3
15887,75,96,-21,21
15888,80,83,-3,3
15889,63,71,-8,8
15890,50,62,-12,12
15891,112,114,-2,2
15892,129,126,3,3
15893,78,74,4,4
15894,102,104,-2,2
15895,101,92,9,9
15896,67,73,-6,6
15897,49,55,-6,6
15898,184,167,17,17
15899,81,81,0,0
15900,70,73,-3,3
15901,95,89,6,6
15902,111,104,7,7
15903,141,132,9,9
15904,105,107,-2,2
15905,54,53,1,1
15906,78,77,1,1
15907,155,143,12,12
15908,134,126,8,8
15909,88,81,7,7
15910,66,76,-10,10
15911,64,70,-6,6
15912,60,73,-13,13
15913,94,90,4,4
15914,103,94,9,9
15915,146,143,3,3
15916,74,82,-8,8
15917,73,68,5,5
15918,62,69,-7,7
15919,103,105,-2,2
15920,126,121,5,5
15921,96,85,11,11
15922,160,146,14,14
15923,118,114,4,4
15924,128,117,11,11
15925,191,184,7,7
15926,123,117,6,6
15927,107,110,-3,3
15928,55,59,-4,4
15929,47,43,4,4
15930,55,57,-2,2
15931,58,63,-5,5
15932,107,107,0,0
15933,76,75,1,1
15934,96,85,11,11
15935,57,60,-3,3
15936,110,119,-9,9
15937,79,74,5,5
15938,65,74,-9,9
15939,123,113,10,10
15940,61,57,4,4
15941,65,75,-10,10
15942,113,109,4,4
15943,49,53,-4,4
15944,82,94,-12,12
15945,98,103,-5,5
15946,75,77,-2,2
15947,112,118,-6,6
15948,113,105,8,8
15949,94,97,-3,3
15950,58,51,7,7
15951,64,68,-4,4
15952,105,112,-7,7
15953,101,101,0,0
15954,68,73,-5,5
15955,101,94,7,7
15956,52,55,-3,3
15957,70,70,0,0
15958,97,129,-32,32
15959,117,106,11,11
15960,68,71,-3,3
15961,127,113,14,14
15962,69,78,-9,9
15963,90,99,-9,9
15964,40,50,-10,10
15965,114,106,8,8
15966,98,98,0,0
15967,66,70,-4,4
15968,67,79,-12,12
15969,190,188,2,2
15970,104,98,6,6
15971,74,81,-7,7
15972,69,60,9,9
15973,86,94,-8,8
15974,102,93,9,9
15975,122,116,6,6
15976,142,131,11,11
15977,103,91,12,12
15978,164,152,12,12
15979,110,125,-15,15
15980,64,68,-4,4
15981,74,72,2,2
15982,61,63,-2,2
15983,63,71,-8,8
15984,100,91,9,9
15985,107,115,-8,8
15986,102,98,4,4
15987,31,44,-13,13
15988,147,139,8,8
15989,60,68,-8,8
15990,86,80,6,6
15991,114,123,-9,9
15992,103,118,-15,15
15993,75,77,-2,2
15994,95,104,-9,9
15995,87,79,8,8
15996,99,85,14,14
15997,114,116,-2,2
15998,76,80,-4,4
15999,120,122,-2,2
16000,90,83,7,7
16001,64,62,2,2
16002,113,110,3,3
16003,66,67,-1,1
16004,123,111,12,12
16005,132,118,14,14
16006,124,105,19,19
16007,56,61,-5,5
16008,125,131,-6,6
16009,101,101,0,0
16010,89,85,4,4
16011,57,70,-13,13
16012,98,93,5,5
16013,101,100,1,1
16014,82,90,-8,8
16015,128,133,-5,5
16016,56,62,-6,6
16017,162,163,-1,1
16018,84,92,-8,8
16019,79,76,3,3
16020,53,61,-8,8
16021,55,64,-9,9
16022,62,63,-1,1
16023,73,76,-3,3
16024,42,49,-7,7
16025,127,138,-11,11
16026,52,61,-9,9
16027,121,125,-4,4
16028,75,83,-8,8
16029,89,84,5,5
16030,64,67,-3,3
16031,36,29,7,7
16032,89,82,7,7
16033,72,68,4,4
16034,148,145,3,3
16035,106,102,4,4
16036,158,164,-6,6
16037,131,123,8,8
16038,130,129,1,1
16039,77,73,4,4
16040,136,128,8,8
16041,102,105,-3,3
16042,86,84,2,2
16043,89,83,6,6
16044,101,95,6,6
16045,99,100,-1,1
16046,100,96,4,4
16047,69,75,-6,6
16048,92,80,12,12
16049,69,76,-7,7
16050,128,122,6,6
16051,151,144,7,7
16052,39,36,3,3
16053,44,57,-13,13
16054,74,88,-14,14
16055,82,77,5,5
16056,140,130,10,10
16057,120,114,6,6
16058,79,68,11,11
16059,89,90,-1,1
16060,158,188,-30,30
16061,105,125,-20,20
16062,113,116,-3,3
16063,58,59,-1,1
16064,95,97,-2,2
16065,82,90,-8,8
16066,140,131,9,9
16067,66,75,-9,9
16068,94,94,0,0
16069,116,119,-3,3
16070,70,80,-10,10
16071,90,86,4,4
16072,73,85,-12,12
16073,62,103,-41,41
16074,55,61,-6,6
16075,87,89,-2,2
16076,97,100,-3,3
16077,75,74,1,1
16078,113,112,1,1
16079,148,130,18,18
16080,144,167,-23,23
16081,64,62,2,2
16082,117,107,10,10
16083,89,87,2,2
16084,106,102,4,4
16085,130,114,16,16
16086,91,101,-10,10
16087,52,58,-6,6
16088,54,66,-12,12
16089,117,106,11,11
16090,127,135,-8,8
16091,104,85,19,19
16092,122,115,7,7
16093,67,65,2,2
16094,73,77,-4,4
16095,84,84,0,0
16096,63,68,-5,5
16097,199,196,3,3
16098,138,153,-15,15
16099,85,81,4,4
16100,112,114,-2,2
16101,100,105,-5,5
16102,184,196,-12,12
16103,90,90,0,0
16104,55,60,-5,5
16105,142,130,12,12
16106,124,125,-1,1
16107,83,96,-13,13
16108,79,90,-11,11
16109,52,76,-24,24
16110,92,99,-7,7
16111,71,73,-2,2
16112,47,48,-1,1
16113,83,84,-1,1
16114,68,72,-4,4
16115,65,73,-8,8
16116,99,96,3,3
16117,114,123,-9,9
16118,98,102,-4,4
16119,84,104,-20,20
16120,181,161,20,20
16121,51,57,-6,6
16122,95,80,15,15
16123,77,80,-3,3
16124,70,76,-6,6
16125,103,99,4,4
16126,106,102,4,4
16127,70,77,-7,7
16128,92,93,-1,1
16129,104,132,-28,28
16130,49,62,-13,13
16131,62,72,-10,10
16132,52,58,-6,6
16133,88,84,4,4
16134,84,77,7,7
16135,80,84,-4,4
16136,55,66,-11,11
16137,84,79,5,5
16138,158,138,20,20
16139,76,72,4,4
16140,58,66,-8,8
16141,94,90,4,4
16142,44,49,-5,5
16143,96,95,1,1
16144,134,127,7,7
16145,124,121,3,3
16146,137,140,-3,3
16147,139,132,7,7
16148,40,46,-6,6
16149,64,68,-4,4
16150,100,101,-1,1
16151,90,94,-4,4
16152,88,89,-1,1
16153,80,81,-1,1
16154,67,68,-1,1
16155,96,93,3,3
16156,74,69,5,5
16157,80,72,8,8
16158,54,66,-12,12
16159,133,129,4,4
16160,71,70,1,1
16161,151,143,8,8
16162,150,148,2,2
16163,107,112,-5,5
16164,104,105,-1,1
16165,96,95,1,1
16166,164,165,-1,1
16167,61,76,-15,15
16168,95,98,-3,3
16169,120,118,2,2
16170,107,113,-6,6
16171,116,109,7,7
16172,89,85,4,4
16173,42,48,-6,6
16174,74,74,0,0
16175,100,106,-6,6
16176,66,65,1,1
16177,105,105,0,0
16178,108,95,13,13
16179,144,144,0,0
16180,118,125,-7,7
16181,82,77,5,5
16182,164,144,20,20
16183,125,129,-4,4
16184,68,78,-10,10
16185,102,102,0,0
16186,109,116,-7,7
16187,111,99,12,12
16188,115,105,10,10
16189,58,59,-1,1
16190,109,101,8,8
16191,90,90,0,0
16192,99,95,4,4
16193,124,136,-12,12
16194,147,122,25,25
16195,67,69,-2,2
16196,89,89,0,0
16197,77,72,5,5
16198,106,130,-24,24
16199,78,79,-1,1
16200,58,73,-15,15
16201,119,111,8,8
16202,74,79,-5,5
16203,80,83,-3,3
16204,143,137,6,6
16205,160,140,20,20
16206,117,112,5,5
16207,79,74,5,5
16208,103,106,-3,3
16209,88,75,13,13
16210,74,77,-3,3
16211,96,101,-5,5
16212,94,111,-17,17
16213,66,67,-1,1
16214,43,56,-13,13
16215,137,131,6,6
16216,89,84,5,5
16217,95,101,-6,6
16218,172,175,-3,3
16219,37,46,-9,9
16220,75,77,-2,2
16221,112,111,1,1
16222,98,103,-5,5
16223,137,132,5,5
16224,122,113,9,9
16225,55,57,-2,2
16226,65,66,-1,1
16227,105,107,-2,2
16228,67,72,-5,5
16229,115,104,11,11
16230,35,54,-19,19
16231,95,92,3,3
16232,62,62,0,0
16233,60,63,-3,3
16234,142,127,15,15
16235,74,89,-15,15
16236,100,96,4,4
16237,179,105,74,74
16238,173,158,15,15
16239,161,160,1,1
16240,76,79,-3,3
16241,79,88,-9,9
16242,116,105,11,11
16243,58,66,-8,8
16244,83,83,0,0
16245,48,57,-9,9
16246,74,71,3,3
16247,57,68,-11,11
16248,84,83,1,1
16249,114,107,7,7
16250,72,66,6,6
16251,96,101,-5,5
16252,113,146,-33,33
16253,105,102,3,3
16254,149,133,16,16
16255,62,67,-5,5
16256,72,69,3,3
16257,77,76,1,1
16258,152,148,4,4
16259,94,90,4,4
16260,115,111,4,4
16261,56,57,-1,1
16262,65,68,-3,3
16263,111,102,9,9
16264,73,77,-4,4
16265,75,70,5,5
16266,90,96,-6,6
16267,121,128,-7,7
16268,111,104,7,7
16269,179,167,12,12
16270,136,139,-3,3
16271,111,118,-7,7
16272,35,68,-33,33
16273,90,89,1,1
16274,58,62,-4,4
16275,172,158,14,14
16276,77,77,0,0
16277,81,76,5,5
16278,31,38,-7,7
16279,87,97,-10,10
16280,63,79,-16,16
16281,114,106,8,8
16282,96,97,-1,1
16283,83,79,4,4
16284,117,122,-5,5
16285,121,104,17,17
16286,89,90,-1,1
16287,106,110,-4,4
16288,108,104,4,4
16289,121,116,5,5
16290,160,149,11,11
16291,110,108,2,2
16292,87,79,8,8
16293,107,105,2,2
16294,117,120,-3,3
16295,74,77,-3,3
16296,96,95,1,1
16297,133,126,7,7
16298,81,95,-14,14
16299,81,83,-2,2
16300,76,79,-3,3
16301,57,69,-12,12
16302,131,135,-4,4
16303,91,83,8,8
16304,39,47,-8,8
16305,119,110,9,9
16306,138,129,9,9
16307,105,113,-8,8
16308,77,77,0,0
16309,132,131,1,1
16310,58,67,-9,9
16311,42,46,-4,4
16312,67,69,-2,2
16313,54,58,-4,4
16314,74,73,1,1
16315,95,97,-2,2
16316,73,69,4,4
16317,75,88,-13,13
16318,58,64,-6,6
16319,112,106,6,6
16320,114,108,6,6
16321,118,120,-2,2
16322,63,67,-4,4
16323,59,73,-14,14
16324,56,59,-3,3
16325,66,68,-2,2
16326,64,70,-6,6
16327,100,92,8,8
16328,97,102,-5,5
16329,155,144,11,11
16330,93,83,10,10
16331,123,123,0,0
16332,89,81,8,8
16333,76,83,-7,7
16334,178,177,1,1
16335,67,66,1,1
16336,112,102,10,10
16337,105,104,1,1
16338,95,87,8,8
16339,81,84,-3,3
16340,67,77,-10,10
16341,79,78,1,1
16342,117,122,-5,5
16343,72,79,-7,7
16344,103,105,-2,2
16345,109,108,1,1
16346,59,66,-7,7
16347,101,101,0,0
16348,112,112,0,0
16349,158,149,9,9
16350,119,120,-1,1
16351,92,85,7,7
16352,38,46,-8,8
16353,66,74,-8,8
16354,69,86,-17,17
16355,51,60,-9,9
16356,200,168,32,32
16357,93,91,2,2
16358,97,99,-2,2
16359,171,140,31,31
16360,65,76,-11,11
16361,102,98,4,4
16362,72,71,1,1
16363,55,62,-7,7
16364,118,100,18,18
16365,86,81,5,5
16366,135,124,11,11
16367,78,76,2,2
16368,115,121,-6,6
16369,140,145,-5,5
16370,61,70,-9,9
16371,48,60,-12,12
16372,78,78,0,0
16373,195,196,-1,1
16374,48,60,-12,12
16375,71,70,1,1
16376,126,121,5,5
16377,207,191,16,16
16378,111,100,11,11
16379,75,84,-9,9
16380,106,103,3,3
16381,84,78,6,6
16382,140,137,3,3
16383,77,97,-20,20
16384,88,87,1,1
16385,63,63,0,0
16386,146,133,13,13
16387,43,53,-10,10
16388,87,89,-2,2
16389,63,62,1,1
16390,92,101,-9,9
16391,64,70,-6,6
16392,107,99,8,8
16393,114,111,3,3
16394,76,70,6,6
16395,108,118,-10,10
16396,61,63,-2,2
16397,157,152,5,5
16398,161,149,12,12
16399,81,77,4,4
16400,42,52,-10,10
16401,120,96,24,24
16402,118,107,11,11
16403,99,97,2,2
16404,78,79,-1,1
16405,39,42,-3,3
16406,62,66,-4,4
16407,93,85,8,8
16408,51,61,-10,10
16409,63,85,-22,22
16410,131,140,-9,9
16411,117,101,16,16
16412,96,86,10,10
16413,158,155,3,3
16414,88,88,0,0
16415,77,84,-7,7
16416,84,83,1,1
16417,123,119,4,4
16418,84,82,2,2
16419,122,123,-1,1
16420,88,91,-3,3
16421,73,69,4,4
16422,198,189,9,9
16423,87,77,10,10
16424,76,85,-9,9
16425,85,85,0,0
16426,86,95,-9,9
16427,161,167,-6,6
16428,132,111,21,21
16429,65,60,5,5
16430,65,63,2,2
16431,155,147,8,8
16432,94,100,-6,6
16433,91,87,4,4
16434,94,106,-12,12
16435,132,128,4,4
16436,74,76,-2,2
16437,134,130,4,4
16438,186,181,5,5
16439,117,112,5,5
16440,128,127,1,1
16441,49,57,-8,8
16442,52,61,-9,9
16443,54,54,0,0
16444,49,59,-10,10
16445,61,70,-9,9
16446,87,87,0,0
16447,121,130,-9,9
16448,110,111,-1,1
16449,29,32,-3,3
16450,75,75,0,0
16451,119,123,-4,4
16452,100,95,5,5
16453,73,90,-17,17
16454,71,76,-5,5
16455,61,85,-24,24
16456,91,106,-15,15
16457,68,80,-12,12
16458,79,79,0,0
16459,141,151,-10,10
16460,89,91,-2,2
16461,132,129,3,3
16462,110,110,0,0
16463,70,72,-2,2
16464,49,57,-8,8
16465,99,103,-4,4
16466,60,61,-1,1
16467,94,93,1,1
16468,89,88,1,1
16469,149,146,3,3
16470,78,73,5,5
16471,133,143,-10,10
16472,134,144,-10,10
16473,65,72,-7,7
16474,117,104,13,13
16475,96,92,4,4
16476,130,116,14,14
16477,138,138,0,0
16478,85,86,-1,1
16479,128,125,3,3
16480,84,80,4,4
16481,127,116,11,11
16482,67,71,-4,4
16483,149,157,-8,8
16484,77,72,5,5
16485,91,91,0,0
16486,137,126,11,11
16487,142,139,3,3
16488,68,71,-3,3
16489,129,128,1,1
16490,120,115,5,5
16491,38,48,-10,10
16492,109,110,-1,1
16493,101,95,6,6
16494,66,99,-33,33
16495,61,69,-8,8
16496,107,106,1,1
16497,112,100,12,12
16498,114,130,-16,16
16499,96,100,-4,4
16500,136,134,2,2
16501,60,65,-5,5
16502,108,99,9,9
16503,109,116,-7,7
16504,98,96,2,2
16505,53,72,-19,19
16506,68,62,6,6
16507,114,109,5,5
16508,181,184,-3,3
16509,121,114,7,7
16510,67,69,-2,2
16511,78,71,7,7
16512,74,74,0,0
16513,47,52,-5,5
16514,113,124,-11,11
16515,41,48,-7,7
16516,57,62,-5,5
16517,68,66,2,2
16518,88,93,-5,5
16519,76,97,-21,21
16520,96,99,-3,3
16521,45,57,-12,12
16522,119,116,3,3
16523,104,112,-8,8
16524,111,107,4,4
16525,62,62,0,0
16526,94,95,-1,1
16527,86,80,6,6
16528,78,88,-10,10
16529,132,129,3,3
16530,105,103,2,2
16531,141,126,15,15
16532,59,65,-6,6
16533,205,172,33,33
16534,91,90,1,1
16535,87,104,-17,17
16536,87,85,2,2
16537,102,89,13,13
16538,94,84,10,10
16539,77,77,0,0
16540,61,64,-3,3
16541,152,139,13,13
16542,85,84,1,1
16543,120,114,6,6
16544,83,87,-4,4
16545,135,130,5,5
16546,52,59,-7,7
16547,79,74,5,5
16548,50,60,-10,10
16549,152,140,12,12
16550,80,74,6,6
16551,83,85,-2,2
16552,163,164,-1,1
16553,75,85,-10,10
16554,72,76,-4,4
16555,93,87,6,6
16556,118,106,12,12
16557,84,88,-4,4
16558,72,72,0,0
16559,75,78,-3,3
16560,79,82,-3,3
16561,84,92,-8,8
16562,88,90,-2,2
16563,99,97,2,2
16564,59,66,-7,7
16565,112,111,1,1
16566,128,113,15,15
16567,115,105,10,10
16568,101,113,-12,12
16569,60,64,-4,4
16570,80,86,-6,6
16571,134,135,-1,1
16572,72,71,1,1
16573,160,146,14,14
16574,123,120,3,3
16575,111,106,5,5
16576,61,68,-7,7
16577,68,72,-4,4
16578,131,137,-6,6
16579,135,123,12,12
16580,217,226,-9,9
16581,56,54,2,2
16582,86,90,-4,4
16583,104,102,2,2
16584,87,98,-11,11
16585,76,76,0,0
16586,137,129,8,8
16587,86,87,-1,1
16588,53,60,-7,7
16589,82,87,-5,5
16590,52,54,-2,2
16591,85,83,2,2
16592,110,102,8,8
16593,58,60,-2,2
16594,103,106,-3,3
16595,40,41,-1,1
16596,70,69,1,1
16597,50,54,-4,4
16598,69,74,-5,5
16599,108,114,-6,6
16600,82,74,8,8
16601,138,129,9,9
16602,103,102,1,1
16603,119,112,7,7
16604,111,103,8,8
16605,154,144,10,10
16606,131,125,6,6
16607,67,72,-5,5
16608,76,73,3,3
16609,104,104,0,0
16610,134,121,13,13
16611,41,56,-15,15
16612,54,54,0,0
16613,116,112,4,4
16614,58,61,-3,3
16615,74,84,-10,10
16616,101,103,-2,2
16617,62,63,-1,1
16618,141,141,0,0
16619,93,84,9,9
16620,98,95,3,3
16621,88,102,-14,14
16622,33,30,3,3
16623,115,122,-7,7
16624,86,86,0,0
16625,156,145,11,11
16626,66,67,-1,1
16627,93,84,9,9
16628,61,65,-4,4
16629,128,123,5,5
16630,161,137,24,24
16631,51,59,-8,8
16632,59,65,-6,6
16633,97,98,-1,1
16634,157,146,11,11
16635,91,99,-8,8
16636,67,61,6,6
16637,90,93,-3,3
16638,82,79,3,3
16639,104,99,5,5
16640,96,97,-1,1
16641,122,127,-5,5
16642,86,80,6,6
16643,126,130,-4,4
16644,87,85,2,2
16645,77,86,-9,9
16646,117,111,6,6
16647,144,130,14,14
16648,86,77,9,9
16649,61,58,3,3
16650,79,99,-20,20
16651,96,91,5,5
16652,89,96,-7,7
16653,89,96,-7,7
16654,110,105,5,5
16655,87,79,8,8
16656,39,54,-15,15
16657,98,97,1,1
16658,151,146,5,5
16659,89,91,-2,2
16660,67,70,-3,3
16661,71,71,0,0
16662,119,114,5,5
16663,86,84,2,2
16664,147,139,8,8
16665,51,51,0,0
16666,83,98,-15,15
16667,83,82,1,1
16668,54,60,-6,6
16669,138,130,8,8
16670,64,69,-5,5
16671,80,81,-1,1
16672,58,66,-8,8
16673,92,89,3,3
16674,56,74,-18,18
16675,114,125,-11,11
16676,58,64,-6,6
16677,51,62,-11,11
16678,111,108,3,3
16679,66,76,-10,10
16680,64,68,-4,4
16681,99,110,-11,11
16682,73,71,2,2
16683,110,100,10,10
16684,99,112,-13,13
16685,92,87,5,5
16686,57,60,-3,3
16687,138,130,8,8
16688,156,155,1,1
16689,113,109,4,4
16690,37,46,-9,9
16691,119,114,5,5
16692,109,111,-2,2
16693,137,133,4,4
16694,187,147,40,40
16695,77,83,-6,6
16696,78,73,5,5
16697,89,93,-4,4
16698,144,147,-3,3
16699,111,112,-1,1
16700,46,58,-12,12
16701,119,118,1,1
16702,89,77,12,12
16703,85,83,2,2
16704,155,137,18,18
16705,164,166,-2,2
16706,176,167,9,9
16707,61,67,-6,6
16708,143,149,-6,6
16709,66,60,6,6
16710,138,125,13,13
16711,107,106,1,1
16712,80,76,4,4
16713,95,93,2,2
16714,94,105,-11,11
16715,90,85,5,5
16716,65,69,-4,4
16717,75,77,-2,2
16718,54,60,-6,6
16719,84,84,0,0
16720,129,117,12,12
16721,142,122,20,20
16722,96,102,-6,6
16723,112,112,0,0
16724,93,84,9,9
16725,57,63,-6,6
16726,36,57,-21,21
16727,46,56,-10,10
16728,94,100,-6,6
16729,57,66,-9,9
16730,106,114,-8,8
16731,130,132,-2,2
16732,62,66,-4,4
16733,89,96,-7,7
16734,137,130,7,7
16735,107,112,-5,5
16736,58,60,-2,2
16737,73,72,1,1
16738,86,85,1,1
16739,103,97,6,6
16740,121,121,0,0
16741,66,65,1,1
16742,87,91,-4,4
16743,59,59,0,0
16744,109,113,-4,4
16745,79,93,-14,14
16746,68,70,-2,2
16747,66,72,-6,6
16748,72,76,-4,4
16749,100,98,2,2
16750,102,100,2,2
16751,55,62,-7,7
16752,98,93,5,5
16753,107,109,-2,2
16754,77,66,11,11
16755,76,80,-4,4
16756,65,71,-6,6
16757,134,115,19,19
16758,39,55,-16,16
16759,123,126,-3,3
16760,64,68,-4,4
16761,105,102,3,3
16762,66,67,-1,1
16763,203,192,11,11
16764,144,124,20,20
16765,75,79,-4,4
16766,106,101,5,5
16767,104,102,2,2
16768,73,82,-9,9
16769,83,74,9,9
16770,81,96,-15,15
16771,83,83,0,0
16772,100,109,-9,9
16773,103,99,4,4
16774,76,76,0,0
16775,66,71,-5,5
16776,72,73,-1,1
16777,87,100,-13,13
16778,81,89,-8,8
16779,109,106,3,3
16780,103,95,8,8
16781,112,123,-11,11
16782,170,164,6,6
16783,89,87,2,2
16784,73,80,-7,7
16785,59,61,-2,2
16786,135,131,4,4
16787,61,68,-7,7
16788,78,80,-2,2
16789,125,113,12,12
16790,64,73,-9,9
16791,54,64,-10,10
16792,119,112,7,7
16793,92,99,-7,7
16794,117,112,5,5
16795,88,79,9,9
16796,99,100,-1,1
16797,48,56,-8,8
16798,123,125,-2,2
16799,113,113,0,0
16800,98,99,-1,1
16801,66,68,-2,2
16802,82,78,4,4
16803,38,29,9,9
16804,86,89,-3,3
16805,135,145,-10,10
16806,140,132,8,8
16807,73,72,1,1
16808,95,96,-1,1
16809,40,48,-8,8
16810,67,89,-22,22
16811,160,154,6,6
16812,121,113,8,8
16813,104,87,17,17
16814,98,97,1,1
16815,125,117,8,8
16816,119,107,12,12
16817,109,112,-3,3
16818,73,77,-4,4
16819,212,192,20,20
16820,81,77,4,4
16821,104,103,1,1
16822,44,53,-9,9
16823,82,69,13,13
16824,181,164,17,17
16825,50,54,-4,4
16826,90,102,-12,12
16827,87,84,3,3
16828,76,90,-14,14
16829,211,203,8,8
16830,104,98,6,6
16831,114,111,3,3
16832,143,146,-3,3
16833,142,136,6,6
16834,153,168,-15,15
16835,60,61,-1,1
16836,60,64,-4,4
16837,111,96,15,15
16838,143,151,-8,8
16839,76,77,-1,1
16840,73,73,0,0
16841,76,71,5,5
16842,75,76,-1,1
16843,58,67,-9,9
16844,57,56,1,1
16845,112,108,4,4
16846,151,144,7,7
16847,51,52,-1,1
16848,64,70,-6,6
16849,80,80,0,0
16850,89,84,5,5
16851,155,145,10,10
16852,97,93,4,4
16853,82,89,-7,7
16854,122,113,9,9
16855,110,112,-2,2
16856,91,84,7,7
16857,27,62,-35,35
16858,55,59,-4,4
16859,107,102,5,5
16860,61,68,-7,7
16861,67,74,-7,7
16862,111,118,-7,7
16863,95,91,4,4
16864,129,127,2,2
16865,165,174,-9,9
16866,139,130,9,9
16867,97,128,-31,31
16868,88,87,1,1
16869,64,75,-11,11
16870,83,78,5,5
16871,118,114,4,4
16872,81,77,4,4
16873,78,77,1,1
16874,164,163,1,1
16875,60,79,-19,19
16876,23,29,-6,6
16877,60,62,-2,2
16878,58,68,-10,10
16879,102,106,-4,4
16880,100,101,-1,1
16881,103,104,-1,1
16882,98,88,10,10
16883,136,140,-4,4
16884,110,106,4,4
16885,95,95,0,0
16886,113,112,1,1
16887,143,157,-14,14
16888,141,136,5,5
16889,117,112,5,5
16890,63,72,-9,9
16891,83,76,7,7
16892,52,61,-9,9
16893,95,106,-11,11
16894,85,88,-3,3
16895,75,80,-5,5
16896,137,129,8,8
16897,81,80,1,1
16898,55,56,-1,1
16899,128,117,11,11
16900,135,118,17,17
16901,107,104,3,3
16902,68,73,-5,5
16903,95,96,-1,1
16904,131,124,7,7
16905,106,104,2,2
16906,84,99,-15,15
16907,120,118,2,2
16908,69,71,-2,2
16909,93,102,-9,9
16910,100,100,0,0
16911,152,146,6,6
16912,139,147,-8,8
16913,109,110,-1,1
16914,122,121,1,1
16915,70,73,-3,3
16916,89,83,6,6
16917,81,71,10,10
16918,59,64,-5,5
16919,74,76,-2,2
16920,121,105,16,16
16921,88,83,5,5
16922,72,93,-21,21
16923,107,107,0,0
16924,47,60,-13,13
16925,105,101,4,4
16926,61,71,-10,10
16927,116,113,3,3
16928,110,106,4,4
16929,63,64,-1,1
16930,121,114,7,7
16931,52,57,-5,5
16932,92,84,8,8
16933,102,116,-14,14
16934,86,87,-1,1
16935,171,189,-18,18
16936,97,111,-14,14
16937,105,96,9,9
16938,127,128,-1,1
16939,84,90,-6,6
16940,99,91,8,8
16941,65,64,1,1
16942,86,77,9,9
16943,107,97,10,10
16944,84,83,1,1
16945,136,124,12,12
16946,82,76,6,6
16947,52,62,-10,10
16948,103,113,-10,10
16949,102,100,2,2
16950,126,117,9,9
16951,185,173,12,12
16952,143,134,9,9
16953,48,68,-20,20
16954,142,121,21,21
16955,58,68,-10,10
16956,164,164,0,0
16957,95,95,0,0
16958,191,190,1,1
16959,115,117,-2,2
16960,58,63,-5,5
16961,121,113,8,8
16962,101,99,2,2
16963,79,83,-4,4
16964,84,86,-2,2
16965,69,71,-2,2
16966,153,154,-1,1
16967,67,76,-9,9
16968,69,83,-14,14
16969,71,76,-5,5
16970,94,97,-3,3
16971,110,108,2,2
16972,105,104,1,1
16973,88,92,-4,4
16974,93,100,-7,7
16975,70,69,1,1
16976,65,72,-7,7
16977,62,68,-6,6
16978,120,116,4,4
16979,55,56,-1,1
16980,73,77,-4,4
16981,102,99,3,3
16982,71,74,-3,3
16983,111,129,-18,18
16984,156,153,3,3
16985,89,95,-6,6
16986,67,68,-1,1
16987,71,76,-5,5
16988,71,78,-7,7
16989,108,106,2,2
16990,72,73,-1,1
16991,80,76,4,4
16992,104,98,6,6
16993,111,115,-4,4
16994,58,61,-3,3
16995,68,68,0,0
16996,92,87,5,5
16997,161,152,9,9
16998,107,99,8,8
16999,66,75,-9,9
17000,76,83,-7,7
17001,105,102,3,3
17002,140,129,11,11
17003,77,75,2,2
17004,70,74,-4,4
17005,133,126,7,7
17006,50,61,-11,11
17007,66,71,-5,5
17008,60,72,-12,12
17009,72,79,-7,7
17010,123,106,17,17
17011,88,85,3,3
17012,110,108,2,2
17013,94,96,-2,2
17014,88,84,4,4
17015,82,75,7,7
17016,107,123,-16,16
17017,69,68,1,1
17018,85,90,-5,5
17019,81,83,-2,2
17020,57,63,-6,6
17021,124,112,12,12
17022,126,126,0,0
17023,59,53,6,6
17024,78,79,-1,1
17025,112,115,-3,3
17026,87,100,-13,13
17027,101,93,8,8
17028,101,100,1,1
17029,150,148,2,2
17030,135,124,11,11
17031,146,143,3,3
17032,61,65,-4,4
17033,103,101,2,2
17034,134,126,8,8
17035,68,73,-5,5
17036,84,77,7,7
17037,59,65,-6,6
17038,115,112,3,3
17039,98,83,15,15
17040,118,128,-10,10
17041,97,99,-2,2
17042,94,105,-11,11
17043,143,133,10,10
17044,119,115,4,4
17045,82,91,-9,9
17046,86,94,-8,8
17047,79,83,-4,4
17048,178,186,-8,8
17049,151,136,15,15
17050,133,126,7,7
17051,71,78,-7,7
17052,56,56,0,0
17053,61,63,-2,2
17054,69,76,-7,7
17055,95,98,-3,3
17056,98,95,3,3
17057,88,92,-4,4
17058,86,90,-4,4
17059,79,83,-4,4
17060,77,75,2,2
17061,88,101,-13,13
17062,110,107,3,3
17063,138,141,-3,3
17064,98,107,-9,9
17065,99,98,1,1
17066,73,75,-2,2
17067,143,133,10,10
17068,44,47,-3,3
17069,136,127,9,9
17070,150,140,10,10
17071,125,125,0,0
17072,134,128,6,6
17073,93,99,-6,6
17074,107,101,6,6
17075,38,49,-11,11
17076,133,150,-17,17
17077,151,146,5,5
17078,104,111,-7,7
17079,83,79,4,4
17080,124,109,15,15
17081,161,158,3,3
17082,72,72,0,0
17083,77,83,-6,6
17084,111,110,1,1
17085,107,109,-2,2
17086,107,112,-5,5
17087,98,106,-8,8
17088,168,164,4,4
17089,100,96,4,4
17090,70,72,-2,2
17091,68,68,0,0
17092,74,70,4,4
17093,129,131,-2,2
17094,121,115,6,6
17095,69,68,1,1
17096,121,122,-1,1
17097,103,104,-1,1
17098,187,186,1,1
17099,61,66,-5,5
17100,81,77,4,4
17101,117,126,-9,9
17102,46,62,-16,16
17103,77,76,1,1
17104,85,90,-5,5
17105,47,59,-12,12
17106,81,79,2,2
17107,99,92,7,7
17108,152,157,-5,5
17109,58,71,-13,13
17110,45,58,-13,13
17111,87,84,3,3
17112,100,84,16,16
17113,41,38,3,3
17114,184,162,22,22
17115,72,74,-2,2
17116,38,47,-9,9
17117,79,101,-22,22
17118,98,87,11,11
17119,71,72,-1,1
17120,62,68,-6,6
17121,90,82,8,8
17122,97,84,13,13
17123,52,57,-5,5
17124,74,71,3,3
17125,154,147,7,7
17126,99,94,5,5
17127,44,42,2,2
17128,85,80,5,5
17129,128,125,3,3
17130,128,113,15,15
17131,78,96,-18,18
17132,62,68,-6,6
17133,112,122,-10,10
17134,63,71,-8,8
17135,88,88,0,0
17136,51,55,-4,4
17137,129,126,3,3
17138,65,68,-3,3
17139,56,60,-4,4
17140,102,99,3,3
17141,87,81,6,6
17142,129,127,2,2
17143,61,69,-8,8
17144,79,79,0,0
17145,57,70,-13,13
17146,171,160,11,11
17147,90,92,-2,2
17148,96,92,4,4
17149,91,86,5,5
17150,47,57,-10,10
17151,87,99,-12,12
17152,86,106,-20,20
17153,133,138,-5,5
17154,133,128,5,5
17155,89,99,-10,10
17156,64,61,3,3
17157,54,61,-7,7
17158,99,117,-18,18
17159,91,88,3,3
17160,76,81,-5,5
17161,75,75,0,0
17162,72,69,3,3
17163,107,114,-7,7
17164,39,40,-1,1
17165,99,95,4,4
17166,121,115,6,6
17167,89,84,5,5
17168,132,130,2,2
17169,108,115,-7,7
17170,84,76,8,8
17171,104,102,2,2
17172,68,71,-3,3
17173,55,62,-7,7
17174,74,72,2,2
17175,85,89,-4,4
17176,63,65,-2,2
17177,77,77,0,0
17178,103,108,-5,5
17179,66,68,-2,2
17180,77,71,6,6
17181,112,105,7,7
17182,127,137,-10,10
17183,100,101,-1,1
17184,59,68,-9,9
17185,111,104,7,7
17186,29,32,-3,3
17187,77,75,2,2
17188,98,104,-6,6
17189,108,110,-2,2
17190,196,193,3,3
17191,79,77,2,2
17192,150,151,-1,1
17193,99,98,1,1
17194,73,72,1,1
17195,75,74,1,1
17196,62,65,-3,3
17197,77,81,-4,4
17198,100,91,9,9
17199,139,139,0,0
17200,80,77,3,3
17201,151,124,27,27
17202,125,125,0,0
17203,70,80,-10,10
17204,141,134,7,7
17205,76,80,-4,4
17206,74,81,-7,7
17207,108,99,9,9
17208,146,125,21,21
17209,65,64,1,1
17210,92,104,-12,12
17211,98,95,3,3
17212,112,117,-5,5
17213,155,137,18,18
17214,109,108,1,1
17215,127,120,7,7
17216,40,58,-18,18
17217,106,116,-10,10
17218,106,115,-9,9
17219,68,69,-1,1
17220,73,76,-3,3
17221,69,73,-4,4
17222,93,96,-3,3
17223,95,99,-4,4
17224,99,99,0,0
17225,108,107,1,1
17226,77,79,-2,2
17227,76,77,-1,1
17228,102,106,-4,4
17229,117,113,4,4
17230,88,85,3,3
17231,82,81,1,1
17232,99,95,4,4
17233,147,131,16,16
17234,66,67,-1,1
17235,79,72,7,7
17236,62,71,-9,9
17237,175,170,5,5
17238,101,100,1,1
17239,64,70,-6,6
17240,74,75,-1,1
17241,72,90,-18,18
17242,64,71,-7,7
17243,73,72,1,1
17244,48,62,-14,14
17245,186,172,14,14
17246,100,120,-20,20
17247,120,113,7,7
17248,53,69,-16,16
17249,120,113,7,7
17250,98,106,-8,8
17251,34,40,-6,6
17252,97,97,0,0
17253,118,109,9,9
17254,128,114,14,14
17255,90,84,6,6
17256,63,69,-6,6
17257,160,144,16,16
17258,177,150,27,27
17259,185,180,5,5
17260,104,104,0,0
17261,68,69,-1,1
17262,119,124,-5,5
17263,110,103,7,7
17264,67,64,3,3
17265,56,63,-7,7
17266,160,149,11,11
17267,103,119,-16,16
17268,68,67,1,1
17269,112,114,-2,2
17270,75,75,0,0
17271,101,103,-2,2
17272,89,108,-19,19
17273,57,71,-14,14
17274,65,68,-3,3
17275,95,105,-10,10
17276,93,98,-5,5
17277,100,99,1,1
17278,127,128,-1,1
17279,105,98,7,7
17280,58,56,2,2
17281,70,75,-5,5
17282,146,144,2,2
17283,90,84,6,6
17284,75,76,-1,1
17285,92,94,-2,2
17286,122,118,4,4
17287,77,79,-2,2
17288,50,59,-9,9
17289,69,75,-6,6
17290,36,44,-8,8
17291,97,89,8,8
17292,81,89,-8,8
17293,127,133,-6,6
17294,142,143,-1,1
17295,98,103,-5,5
17296,91,79,12,12
17297,84,85,-1,1
17298,94,97,-3,3
17299,71,81,-10,10
17300,87,78,9,9
17301,109,104,5,5
17302,58,58,0,0
17303,63,69,-6,6
17304,65,70,-5,5
17305,45,47,-2,2
17306,87,73,14,14
17307,64,69,-5,5
17308,82,82,0,0
17309,156,158,-2,2
17310,138,116,22,22
17311,76,78,-2,2
17312,134,127,7,7
17313,115,110,5,5
17314,92,96,-4,4
17315,126,125,1,1
17316,103,109,-6,6
17317,56,62,-6,6
17318,125,139,-14,14
17319,108,95,13,13
17320,69,72,-3,3
17321,151,148,3,3
17322,88,96,-8,8
17323,101,100,1,1
17324,165,164,1,1
17325,151,134,17,17
17326,82,78,4,4
17327,65,67,-2,2
17328,93,95,-2,2
17329,102,101,1,1
17330,71,75,-4,4
17331,66,73,-7,7
17332,101,104,-3,3
17333,109,100,9,9
17334,67,64,3,3
17335,150,142,8,8
17336,71,56,15,15
17337,93,100,-7,7
17338,106,110,-4,4
17339,127,119,8,8
17340,167,165,2,2
17341,67,72,-5,5
17342,137,133,4,4
17343,90,90,0,0
17344,48,58,-10,10
17345,79,75,4,4
17346,72,77,-5,5
17347,139,134,5,5
17348,81,84,-3,3
17349,124,126,-2,2
17350,114,107,7,7
17351,75,77,-2,2
17352,73,73,0,0
17353,90,82,8,8
17354,156,157,-1,1
17355,107,108,-1,1
17356,88,87,1,1
17357,135,147,-12,12
17358,120,105,15,15
17359,55,71,-16,16
17360,58,64,-6,6
17361,104,112,-8,8
17362,53,55,-2,2
17363,65,64,1,1
17364,71,74,-3,3
17365,36,48,-12,12
17366,135,126,9,9
17367,159,153,6,6
17368,118,105,13,13
17369,93,95,-2,2
17370,91,91,0,0
17371,66,75,-9,9
17372,68,62,6,6
17373,81,80,1,1
17374,138,142,-4,4
17375,68,74,-6,6
17376,128,129,-1,1
17377,97,109,-12,12
17378,83,90,-7,7
17379,194,183,11,11
17380,63,66,-3,3
17381,68,64,4,4
17382,68,72,-4,4
17383,89,91,-2,2
17384,103,97,6,6
17385,113,123,-10,10
17386,95,92,3,3
17387,93,82,11,11
17388,68,70,-2,2
17389,57,58,-1,1
17390,58,66,-8,8
17391,174,160,14,14
17392,71,73,-2,2
17393,106,103,3,3
17394,63,65,-2,2
17395,63,59,4,4
17396,126,116,10,10
17397,104,99,5,5
17398,83,84,-1,1
17399,80,83,-3,3
17400,175,168,7,7
17401,77,97,-20,20
17402,146,134,12,12
17403,78,76,2,2
17404,114,104,10,10
17405,86,102,-16,16
17406,149,148,1,1
17407,170,166,4,4
17408,121,115,6,6
17409,61,66,-5,5
17410,64,62,2,2
17411,67,68,-1,1
17412,99,106,-7,7
17413,185,170,15,15
17414,56,70,-14,14
17415,99,95,4,4
17416,75,84,-9,9
17417,85,75,10,10
17418,92,87,5,5
17419,91,85,6,6
17420,80,72,8,8
17421,56,71,-15,15
17422,80,76,4,4
17423,135,132,3,3
17424,98,120,-22,22
17425,150,154,-4,4
17426,53,64,-11,11
17427,106,103,3,3
17428,74,76,-2,2
17429,196,200,-4,4
17430,88,83,5,5
17431,47,51,-4,4
17432,101,109,-8,8
17433,110,107,3,3
17434,116,116,0,0
17435,96,101,-5,5
17436,65,62,3,3
17437,55,55,0,0
17438,140,141,-1,1
17439,94,84,10,10
17440,89,79,10,10
17441,101,95,6,6
17442,80,74,6,6
17443,112,110,2,2
17444,106,114,-8,8
17445,103,108,-5,5
17446,60,66,-6,6
17447,95,107,-12,12
17448,87,89,-2,2
17449,45,50,-5,5
17450,92,95,-3,3
17451,108,103,5,5
17452,98,95,3,3
17453,62,70,-8,8
17454,107,106,1,1
17455,74,70,4,4
17456,137,124,13,13
17457,75,77,-2,2
17458,66,70,-4,4
17459,100,101,-1,1
17460,129,146,-17,17
17461,79,77,2,2
17462,111,104,7,7
17463,88,96,-8,8
17464,63,68,-5,5
17465,95,101,-6,6
17466,74,76,-2,2
17467,108,106,2,2
17468,115,105,10,10
17469,96,96,0,0
17470,146,133,13,13
17471,178,170,8,8
17472,171,167,4,4
17473,171,152,19,19
17474,151,146,5,5
17475,90,93,-3,3
17476,94,85,9,9
17477,89,78,11,11
17478,71,72,-1,1
17479,223,212,11,11
17480,66,72,-6,6
17481,116,113,3,3
17482,69,68,1,1
17483,153,148,5,5
17484,48,60,-12,12
17485,83,86,-3,3
17486,177,168,9,9
17487,70,79,-9,9
17488,80,83,-3,3
17489,77,79,-2,2
17490,69,68,1,1
17491,81,75,6,6
17492,115,116,-1,1
17493,96,105,-9,9
17494,94,87,7,7
17495,46,56,-10,10
17496,88,104,-16,16
17497,90,79,11,11
17498,89,97,-8,8
17499,65,65,0,0
17500,78,77,1,1
17501,76,77,-1,1
17502,116,107,9,9
17503,127,117,10,10
17504,146,146,0,0
17505,89,92,-3,3
17506,42,64,-22,22
17507,73,67,6,6
17508,61,62,-1,1
17509,79,76,3,3
17510,105,102,3,3
17511,64,69,-5,5
17512,115,117,-2,2
17513,66,74,-8,8
17514,75,74,1,1
17515,82,82,0,0
17516,46,62,-16,16
17517,106,111,-5,5
17518,74,79,-5,5
17519,58,80,-22,22
17520,89,92,-3,3
17521,76,72,4,4
17522,90,79,11,11
17523,108,106,2,2
17524,89,101,-12,12
17525,75,74,1,1
17526,98,98,0,0
17527,87,80,7,7
17528,65,71,-6,6
17529,121,110,11,11
17530,63,68,-5,5
17531,139,144,-5,5
17532,80,83,-3,3
17533,75,76,-1,1
17534,64,69,-5,5
17535,48,52,-4,4
17536,115,113,2,2
17537,82,81,1,1
17538,120,116,4,4
17539,141,145,-4,4
17540,67,74,-7,7
17541,48,66,-18,18
17542,117,112,5,5
17543,173,171,2,2
17544,74,83,-9,9
17545,53,57,-4,4
17546,33,38,-5,5
17547,79,83,-4,4
17548,76,73,3,3
17549,119,108,11,11
17550,139,134,5,5
17551,77,75,2,2
17552,115,111,4,4
17553,67,74,-7,7
17554,105,95,10,10
17555,127,126,1,1
17556,84,80,4,4
17557,106,110,-4,4
17558,79,90,-11,11
17559,96,103,-7,7
17560,82,77,5,5
17561,146,141,5,5
17562,98,102,-4,4
17563,116,125,-9,9
17564,42,50,-8,8
17565,82,85,-3,3
17566,71,71,0,0
17567,103,97,6,6
17568,60,67,-7,7
17569,86,85,1,1
17570,137,125,12,12
17571,105,100,5,5
17572,68,76,-8,8
17573,94,99,-5,5
17574,190,179,11,11
17575,61,65,-4,4
17576,112,111,1,1
17577,72,68,4,4
17578,137,125,12,12
17579,85,87,-2,2
17580,190,182,8,8
17581,145,148,-3,3
17582,100,104,-4,4
17583,143,130,13,13
17584,81,84,-3,3
17585,58,66,-8,8
17586,79,89,-10,10
17587,119,114,5,5
17588,63,68,-5,5
17589,106,102,4,4
17590,111,104,7,7
17591,90,94,-4,4
17592,134,135,-1,1
17593,129,113,16,16
17594,67,69,-2,2
17595,128,128,0,0
17596,43,53,-10,10
17597,58,62,-4,4
17598,123,131,-8,8
17599,63,65,-2,2
17600,61,69,-8,8
17601,74,65,9,9
17602,117,111,6,6
17603,132,108,24,24
17604,73,64,9,9
17605,127,128,-1,1
17606,170,165,5,5
17607,101,104,-3,3
17608,118,109,9,9
17609,73,72,1,1
17610,82,83,-1,1
17611,100,98,2,2
17612,62,69,-7,7
17613,80,73,7,7
17614,50,58,-8,8
17615,68,72,-4,4
17616,163,158,5,5
17617,49,56,-7,7
17618,75,77,-2,2
17619,133,124,9,9
17620,115,114,1,1
17621,102,108,-6,6
17622,74,76,-2,2
17623,161,149,12,12
17624,130,130,0,0
17625,122,114,8,8
17626,109,104,5,5
17627,120,128,-8,8
17628,72,54,18,18
17629,90,94,-4,4
17630,80,92,-12,12
17631,103,112,-9,9
17632,134,129,5,5
17633,93,99,-6,6
17634,82,79,3,3
17635,184,168,16,16
17636,84,82,2,2
17637,62,65,-3,3
17638,65,69,-4,4
17639,68,73,-5,5
17640,118,114,4,4
17641,81,83,-2,2
17642,116,115,1,1
17643,116,114,2,2
17644,85,80,5,5
17645,55,66,-11,11
17646,91,89,2,2
17647,79,82,-3,3
17648,24,45,-21,21
17649,155,148,7,7
17650,97,84,13,13
17651,69,75,-6,6
17652,105,105,0,0
17653,158,161,-3,3
17654,129,127,2,2
17655,115,110,5,5
17656,92,101,-9,9
17657,82,84,-2,2
17658,100,100,0,0
17659,66,61,5,5
17660,46,58,-12,12
17661,141,149,-8,8
17662,128,125,3,3
17663,101,83,18,18
17664,103,99,4,4
17665,75,74,1,1
17666,125,119,6,6
17667,50,55,-5,5
17668,67,68,-1,1
17669,91,97,-6,6
17670,95,95,0,0
17671,133,125,8,8
17672,124,120,4,4
17673,59,58,1,1
17674,138,136,2,2
17675,132,128,4,4
17676,109,107,2,2
17677,72,79,-7,7
17678,84,88,-4,4
17679,107,107,0,0
17680,73,82,-9,9
17681,76,79,-3,3
17682,122,112,10,10
17683,107,113,-6,6
17684,38,44,-6,6
17685,127,115,12,12
17686,82,76,6,6
17687,189,170,19,19
17688,115,112,3,3
17689,100,96,4,4
17690,70,67,3,3
17691,81,70,11,11
17692,150,161,-11,11
17693,94,87,7,7
17694,88,84,4,4
17695,81,85,-4,4
17696,148,149,-1,1
17697,75,84,-9,9
17698,90,87,3,3
17699,124,121,3,3
17700,46,51,-5,5
17701,103,108,-5,5
17702,101,92,9,9
17703,93,95,-2,2
17704,105,108,-3,3
17705,91,92,-1,1
17706,138,137,1,1
17707,85,84,1,1
17708,102,94,8,8
17709,72,84,-12,12
17710,81,79,2,2
17711,118,114,4,4
17712,114,119,-5,5
17713,118,114,4,4
17714,79,83,-4,4
17715,149,134,15,15
17716,74,79,-5,5
17717,46,57,-11,11
17718,76,71,5,5
17719,80,79,1,1
17720,124,136,-12,12
17721,126,131,-5,5
17722,57,60,-3,3
17723,91,107,-16,16
17724,206,180,26,26
17725,122,111,11,11
17726,89,92,-3,3
17727,108,108,0,0
17728,170,157,13,13
17729,89,87,2,2
17730,90,84,6,6
17731,85,89,-4,4
17732,80,71,9,9
17733,105,91,14,14
17734,84,73,11,11
17735,97,99,-2,2
17736,60,67,-7,7
17737,39,53,-14,14
17738,103,97,6,6
17739,122,124,-2,2
17740,105,109,-4,4
17741,72,78,-6,6
17742,72,80,-8,8
17743,126,118,8,8
17744,113,107,6,6
17745,88,83,5,5
17746,121,122,-1,1
17747,88,92,-4,4
17748,72,69,3,3
17749,65,74,-9,9
17750,74,83,-9,9
17751,112,119,-7,7
17752,53,60,-7,7
17753,138,130,8,8
17754,108,112,-4,4
17755,65,69,-4,4
17756,72,77,-5,5
17757,122,114,8,8
17758,48,61,-13,13
17759,93,88,5,5
17760,124,119,5,5
17761,92,94,-2,2
17762,66,72,-6,6
17763,69,69,0,0
17764,144,154,-10,10
17765,103,110,-7,7
17766,96,94,2,2
17767,107,103,4,4
17768,129,126,3,3
17769,60,64,-4,4
17770,72,71,1,1
17771,53,57,-4,4
17772,117,104,13,13
17773,109,113,-4,4
17774,73,75,-2,2
17775,121,117,4,4
17776,193,191,2,2
17777,69,77,-8,8
17778,80,70,10,10
17779,135,117,18,18
17780,47,54,-7,7
17781,75,72,3,3
17782,135,149,-14,14
17783,97,96,1,1
17784,76,77,-1,1
17785,108,105,3,3
17786,110,113,-3,3
17787,87,96,-9,9
17788,59,64,-5,5
17789,163,159,4,4
17790,80,84,-4,4
17791,169,154,15,15
17792,91,91,0,0
17793,122,120,2,2
17794,97,99,-2,2
17795,63,72,-9,9
17796,139,144,-5,5
17797,76,74,2,2
17798,80,77,3,3
17799,79,76,3,3
17800,112,113,-1,1
17801,94,95,-1,1
17802,103,108,-5,5
17803,53,63,-10,10
17804,70,75,-5,5
17805,156,155,1,1
17806,29,56,-27,27
17807,128,134,-6,6
17808,125,127,-2,2
17809,126,107,19,19
17810,50,79,-29,29
17811,152,151,1,1
17812,195,166,29,29
17813,76,80,-4,4
17814,87,85,2,2
17815,80,75,5,5
17816,66,66,0,0
17817,72,72,0,0
17818,104,113,-9,9
17819,67,68,-1,1
17820,109,108,1,1
17821,146,143,3,3
17822,59,71,-12,12
17823,78,75,3,3
17824,73,72,1,1
17825,139,135,4,4
17826,103,97,6,6
17827,112,115,-3,3
17828,99,91,8,8
17829,68,75,-7,7
17830,53,66,-13,13
17831,152,127,25,25
17832,55,57,-2,2
17833,96,103,-7,7
17834,78,80,-2,2
17835,69,94,-25,25
17836,54,58,-4,4
17837,118,116,2,2
17838,120,110,10,10
17839,45,62,-17,17
17840,94,88,6,6
17841,141,139,2,2
17842,81,88,-7,7
17843,85,96,-11,11
17844,100,104,-4,4
17845,104,106,-2,2
17846,189,166,23,23
17847,79,74,5,5
17848,98,101,-3,3
17849,53,58,-5,5
17850,139,128,11,11
17851,96,115,-19,19
17852,75,76,-1,1
17853,74,77,-3,3
17854,142,140,2,2
17855,135,149,-14,14
17856,40,40,0,0
17857,176,162,14,14
17858,55,62,-7,7
17859,70,79,-9,9
17860,71,73,-2,2
17861,55,66,-11,11
17862,168,164,4,4
17863,146,132,14,14
17864,111,112,-1,1
17865,117,101,16,16
17866,64,66,-2,2
17867,106,101,5,5
17868,110,101,9,9
17869,79,80,-1,1
17870,95,88,7,7
17871,121,118,3,3
17872,129,128,1,1
17873,98,85,13,13
17874,60,63,-3,3
17875,53,60,-7,7
17876,121,112,9,9
17877,112,130,-18,18
17878,54,61,-7,7
17879,76,78,-2,2
17880,126,132,-6,6
17881,131,121,10,10
17882,45,54,-9,9
17883,135,131,4,4
17884,95,90,5,5
17885,80,74,6,6
17886,96,94,2,2
17887,143,135,8,8
17888,59,65,-6,6
17889,140,138,2,2
17890,73,76,-3,3
17891,109,112,-3,3
17892,116,126,-10,10
17893,42,53,-11,11
17894,44,45,-1,1
17895,151,147,4,4
17896,109,115,-6,6
17897,106,92,14,14
17898,131,110,21,21
17899,139,129,10,10
17900,77,73,4,4
17901,127,120,7,7
17902,79,90,-11,11
17903,140,138,2,2
17904,63,63,0,0
17905,121,121,0,0
17906,65,65,0,0
17907,146,137,9,9
17908,110,103,7,7
17909,101,108,-7,7
17910,35,47,-12,12
17911,105,103,2,2
17912,154,159,-5,5
17913,72,72,0,0
17914,98,101,-3,3
17915,126,134,-8,8
17916,142,135,7,7
17917,98,113,-15,15
17918,82,86,-4,4
17919,86,90,-4,4
17920,79,74,5,5
17921,111,99,12,12
17922,74,73,1,1
17923,58,61,-3,3
17924,48,56,-8,8
17925,74,74,0,0
17926,123,118,5,5
17927,40,48,-8,8
17928,80,69,11,11
17929,63,58,5,5
17930,115,96,19,19
17931,107,108,-1,1
17932,80,74,6,6
17933,85,84,1,1
17934,166,159,7,7
17935,71,80,-9,9
17936,56,67,-11,11
17937,48,58,-10,10
17938,96,90,6,6
17939,54,60,-6,6
17940,124,124,0,0
17941,92,94,-2,2
17942,51,60,-9,9
17943,62,71,-9,9
17944,89,83,6,6
17945,141,133,8,8
17946,87,73,14,14
17947,75,83,-8,8
17948,81,79,2,2
17949,65,80,-15,15
17950,90,81,9,9
17951,85,81,4,4
17952,71,77,-6,6
17953,61,70,-9,9
17954,104,101,3,3
17955,98,106,-8,8
17956,68,72,-4,4
17957,77,73,4,4
17958,90,87,3,3
17959,71,84,-13,13
17960,59,73,-14,14
17961,109,99,10,10
17962,105,111,-6,6
17963,175,160,15,15
17964,83,91,-8,8
17965,139,128,11,11
17966,68,71,-3,3
17967,88,93,-5,5
17968,75,73,2,2
17969,104,108,-4,4
17970,126,117,9,9
17971,91,93,-2,2
17972,94,98,-4,4
17973,89,88,1,1
17974,41,48,-7,7
17975,91,112,-21,21
17976,81,83,-2,2
17977,72,74,-2,2
17978,146,129,17,17
17979,80,80,0,0
17980,141,124,17,17
17981,104,97,7,7
17982,111,109,2,2
17983,115,116,-1,1
17984,67,68,-1,1
17985,132,125,7,7
17986,118,117,1,1
17987,79,74,5,5
17988,67,77,-10,10
17989,158,134,24,24
17990,90,83,7,7
17991,78,81,-3,3
17992,52,54,-2,2
17993,67,70,-3,3
17994,57,74,-17,17
17995,93,92,1,1
17996,73,73,0,0
17997,100,107,-7,7
17998,150,134,16,16
17999,68,71,-3,3
18000,74,76,-2,2
18001,100,101,-1,1
18002,92,101,-9,9
18003,101,112,-11,11
18004,96,87,9,9
18005,161,151,10,10
18006,71,75,-4,4
18007,97,98,-1,1
18008,62,66,-4,4
18009,70,73,-3,3
18010,106,99,7,7
18011,67,74,-7,7
18012,56,67,-11,11
18013,75,71,4,4
18014,47,52,-5,5
18015,78,75,3,3
18016,62,62,0,0
18017,68,70,-2,2
18018,106,99,7,7
18019,125,116,9,9
18020,84,100,-16,16
18021,107,105,2,2
18022,63,65,-2,2
18023,76,84,-8,8
18024,98,92,6,6
18025,139,112,27,27
18026,94,98,-4,4
18027,142,144,-2,2
18028,121,119,2,2
18029,79,79,0,0
18030,123,125,-2,2
18031,82,84,-2,2
18032,174,168,6,6
18033,116,124,-8,8
18034,51,59,-8,8
18035,157,143,14,14
18036,57,64,-7,7
18037,71,67,4,4
18038,30,29,1,1
18039,102,104,-2,2
18040,140,127,13,13
18041,156,156,0,0
18042,44,48,-4,4
18043,157,147,10,10
18044,91,93,-2,2
18045,111,123,-12,12
18046,107,126,-19,19
18047,83,86,-3,3
18048,83,79,4,4
18049,103,100,3,3
18050,84,73,11,11
18051,79,75,4,4
18052,119,108,11,11
18053,66,74,-8,8
18054,34,43,-9,9
18055,134,130,4,4
18056,108,106,2,2
18057,60,70,-10,10
18058,33,34,-1,1
18059,105,114,-9,9
18060,71,75,-4,4
18061,92,98,-6,6
18062,62,65,-3,3
18063,54,62,-8,8
18064,85,86,-1,1
18065,154,138,16,16
18066,109,104,5,5
18067,120,141,-21,21
18068,55,58,-3,3
18069,102,115,-13,13
18070,58,62,-4,4
18071,34,39,-5,5
18072,91,91,0,0
18073,110,108,2,2
18074,117,108,9,9
18075,102,126,-24,24
18076,95,88,7,7
18077,38,52,-14,14
18078,88,84,4,4
18079,107,97,10,10
18080,113,113,0,0
18081,58,63,-5,5
18082,56,66,-10,10
18083,68,72,-4,4
18084,59,60,-1,1
18085,169,172,-3,3
18086,70,67,3,3
18087,117,113,4,4
18088,84,80,4,4
18089,150,157,-7,7
18090,123,130,-7,7
18091,72,75,-3,3
18092,108,109,-1,1
18093,87,88,-1,1
18094,123,146,-23,23
18095,79,80,-1,1
18096,112,127,-15,15
18097,77,74,3,3
18098,123,116,7,7
18099,109,116,-7,7
18100,82,73,9,9
18101,57,65,-8,8
18102,120,111,9,9
18103,117,120,-3,3
18104,53,57,-4,4
18105,72,76,-4,4
18106,90,83,7,7
18107,92,109,-17,17
18108,88,81,7,7
18109,55,73,-18,18
18110,62,60,2,2
18111,108,112,-4,4
18112,85,75,10,10
18113,66,85,-19,19
18114,165,171,-6,6
18115,124,135,-11,11
18116,75,82,-7,7
18117,54,58,-4,4
18118,141,138,3,3
18119,67,71,-4,4
18120,94,98,-4,4
18121,102,114,-12,12
18122,119,121,-2,2
18123,53,63,-10,10
18124,122,136,-14,14
18125,60,66,-6,6
18126,88,92,-4,4
18127,101,104,-3,3
18128,64,70,-6,6
18129,48,71,-23,23
18130,75,73,2,2
18131,53,71,-18,18
18132,123,113,10,10
18133,90,86,4,4
18134,137,145,-8,8
18135,95,100,-5,5
18136,88,106,-18,18
18137,106,114,-8,8
18138,155,147,8,8
18139,75,70,5,5
18140,62,68,-6,6
18141,91,84,7,7
18142,58,56,2,2
18143,51,64,-13,13
18144,120,118,2,2
18145,94,99,-5,5
18146,112,111,1,1
18147,84,99,-15,15
18148,67,73,-6,6
18149,83,80,3,3
18150,162,161,1,1
18151,122,122,0,0
18152,36,44,-8,8
18153,127,127,0,0
18154,75,90,-15,15
18155,119,104,15,15
18156,147,140,7,7
18157,105,105,0,0
18158,55,59,-4,4
18159,90,83,7,7
18160,57,61,-4,4
18161,100,101,-1,1
18162,63,59,4,4
18163,58,68,-10,10
18164,140,149,-9,9
18165,107,104,3,3
18166,71,79,-8,8
18167,145,145,0,0
18168,64,73,-9,9
18169,94,85,9,9
18170,71,68,3,3
18171,68,73,-5,5
18172,109,100,9,9
18173,67,72,-5,5
18174,81,83,-2,2
18175,101,96,5,5
18176,135,124,11,11
18177,60,59,1,1
18178,154,143,11,11
18179,131,116,15,15
18180,97,88,9,9
18181,65,68,-3,3
18182,132,127,5,5
18183,95,99,-4,4
18184,97,93,4,4
18185,122,113,9,9
18186,80,87,-7,7
18187,89,83,6,6
18188,97,85,12,12
18189,106,109,-3,3
18190,101,103,-2,2
18191,116,126,-10,10
18192,70,85,-15,15
18193,44,50,-6,6
18194,149,145,4,4
18195,95,97,-2,2
18196,79,76,3,3
18197,114,113,1,1
18198,77,72,5,5
18199,121,115,6,6
18200,80,81,-1,1
18201,117,112,5,5
18202,150,139,11,11
18203,85,79,6,6
18204,72,82,-10,10
18205,112,106,6,6
18206,91,84,7,7
18207,61,62,-1,1
18208,126,116,10,10
18209,78,75,3,3
18210,129,125,4,4
18211,71,74,-3,3
18212,72,77,-5,5
18213,166,162,4,4
18214,134,126,8,8
18215,36,30,6,6
18216,63,69,-6,6
18217,73,73,0,0
18218,88,90,-2,2
18219,88,96,-8,8
18220,113,119,-6,6
18221,138,130,8,8
18222,88,72,16,16
18223,127,129,-2,2
18224,216,211,5,5
18225,108,106,2,2
18226,137,136,1,1
18227,66,80,-14,14
18228,68,75,-7,7
18229,100,99,1,1
18230,50,57,-7,7
18231,130,131,-1,1
18232,100,105,-5,5
18233,201,169,32,32
18234,53,59,-6,6
18235,65,68,-3,3
18236,60,63,-3,3
18237,177,175,2,2
18238,88,79,9,9
18239,64,70,-6,6
18240,141,143,-2,2
18241,87,91,-4,4
18242,144,138,6,6
18243,118,109,9,9
18244,84,88,-4,4
18245,80,85,-5,5
18246,131,138,-7,7
18247,61,65,-4,4
18248,93,92,1,1
18249,78,87,-9,9
18250,58,62,-4,4
18251,99,88,11,11
18252,107,105,2,2
18253,119,117,2,2
18254,104,113,-9,9
18255,87,92,-5,5
18256,88,82,6,6
18257,131,130,1,1
18258,126,122,4,4
18259,125,116,9,9
18260,99,106,-7,7
18261,127,124,3,3
18262,34,57,-23,23
18263,77,73,4,4
18264,88,85,3,3
18265,106,120,-14,14
18266,104,101,3,3
18267,78,85,-7,7
18268,78,76,2,2
18269,211,191,20,20
18270,68,57,11,11
18271,110,110,0,0
18272,86,85,1,1
18273,102,103,-1,1
18274,82,76,6,6
18275,57,62,-5,5
18276,106,110,-4,4
18277,52,61,-9,9
18278,60,61,-1,1
18279,78,81,-3,3
18280,66,64,2,2
18281,134,127,7,7
18282,61,67,-6,6
18283,88,85,3,3
18284,95,96,-1,1
18285,79,79,0,0
18286,109,107,2,2
18287,74,78,-4,4
18288,82,76,6,6
18289,77,76,1,1
18290,89,86,3,3
18291,115,111,4,4
18292,64,70,-6,6
18293,143,134,9,9
18294,189,180,9,9
18295,27,36,-9,9
18296,82,93,-11,11
18297,127,136,-9,9
18298,121,109,12,12
18299,103,102,1,1
18300,55,61,-6,6
18301,163,164,-1,1
18302,93,94,-1,1
18303,95,96,-1,1
18304,123,122,1,1
18305,59,65,-6,6
18306,112,101,11,11
18307,76,76,0,0
18308,77,86,-9,9
18309,62,67,-5,5
18310,71,75,-4,4
18311,60,64,-4,4
18312,141,144,-3,3
18313,91,98,-7,7
18314,96,96,0,0
18315,58,63,-5,5
18316,93,92,1,1
18317,165,164,1,1
18318,199,195,4,4
18319,98,96,2,2
18320,152,156,-4,4
18321,81,73,8,8
18322,93,84,9,9
18323,122,114,8,8
18324,83,85,-2,2
18325,82,85,-3,3
18326,61,67,-6,6
18327,87,91,-4,4
18328,44,52,-8,8
18329,90,100,-10,10
18330,50,58,-8,8
18331,122,115,7,7
18332,82,80,2,2
18333,101,105,-4,4
18334,93,96,-3,3
18335,132,121,11,11
18336,111,115,-4,4
18337,96,83,13,13
18338,47,54,-7,7
18339,113,114,-1,1
18340,182,179,3,3
18341,107,126,-19,19
18342,99,108,-9,9
18343,72,74,-2,2
18344,84,85,-1,1
18345,55,60,-5,5
18346,154,157,-3,3
18347,39,51,-12,12
18348,107,105,2,2
18349,89,97,-8,8
18350,114,120,-6,6
18351,99,101,-2,2
18352,76,79,-3,3
18353,61,70,-9,9
18354,112,100,12,12
18355,79,80,-1,1
18356,81,78,3,3
18357,80,84,-4,4
18358,49,66,-17,17
18359,48,31,17,17
18360,113,111,2,2
18361,91,94,-3,3
18362,76,76,0,0
18363,144,147,-3,3
18364,67,69,-2,2
18365,81,74,7,7
18366,111,109,2,2
18367,78,79,-1,1
18368,53,62,-9,9
18369,77,83,-6,6
18370,71,90,-19,19
18371,76,70,6,6
18372,65,69,-4,4
18373,90,90,0,0
18374,165,156,9,9
18375,188,186,2,2
18376,58,162,-104,104
18377,81,80,1,1
18378,65,70,-5,5
18379,91,95,-4,4
18380,116,116,0,0
18381,145,137,8,8
18382,111,122,-11,11
18383,146,138,8,8
18384,119,110,9,9
18385,91,98,-7,7
18386,116,118,-2,2
18387,48,54,-6,6
18388,107,121,-14,14
18389,63,68,-5,5
18390,120,109,11,11
18391,86,83,3,3
18392,93,93,0,0
18393,89,93,-4,4
18394,95,97,-2,2
18395,90,83,7,7
18396,104,102,2,2
18397,144,145,-1,1
18398,119,112,7,7
18399,82,83,-1,1
18400,61,74,-13,13
18401,93,99,-6,6
18402,142,134,8,8
18403,73,72,1,1
18404,133,118,15,15
18405,128,134,-6,6
18406,104,102,2,2
18407,90,86,4,4
18408,88,98,-10,10
18409,65,79,-14,14
18410,102,98,4,4
18411,176,159,17,17
18412,90,97,-7,7
18413,241,221,20,20
18414,115,103,12,12
18415,69,72,-3,3
18416,94,85,9,9
18417,123,118,5,5
18418,96,110,-14,14
18419,90,97,-7,7
18420,59,64,-5,5
18421,76,76,0,0
18422,72,73,-1,1
18423,70,74,-4,4
18424,67,66,1,1
18425,83,84,-1,1
18426,205,186,19,19
18427,62,69,-7,7
18428,214,209,5,5
18429,79,74,5,5
18430,142,129,13,13
18431,88,84,4,4
18432,107,113,-6,6
18433,120,112,8,8
18434,108,109,-1,1
18435,102,99,3,3
18436,64,71,-7,7
18437,86,93,-7,7
18438,70,73,-3,3
18439,130,110,20,20
18440,97,87,10,10
18441,85,87,-2,2
18442,67,65,2,2
18443,142,116,26,26
18444,48,58,-10,10
18445,88,82,6,6
18446,123,127,-4,4
18447,69,80,-11,11
18448,92,92,0,0
18449,69,73,-4,4
18450,45,55,-10,10
18451,64,66,-2,2
18452,84,77,7,7
18453,131,127,4,4
18454,78,79,-1,1
18455,32,40,-8,8
18456,85,78,7,7
18457,100,95,5,5
18458,99,83,16,16
18459,125,118,7,7
18460,91,79,12,12
18461,196,185,11,11
18462,94,115,-21,21
18463,54,57,-3,3
18464,134,127,7,7
18465,168,152,16,16
18466,64,65,-1,1
18467,73,77,-4,4
18468,96,88,8,8
18469,82,74,8,8
18470,48,54,-6,6
18471,65,72,-7,7
18472,121,123,-2,2
18473,102,104,-2,2
18474,69,71,-2,2
18475,92,90,2,2
18476,79,82,-3,3
18477,107,111,-4,4
18478,76,90,-14,14
18479,73,77,-4,4
18480,75,72,3,3
18481,150,153,-3,3
18482,149,144,5,5
18483,144,135,9,9
18484,113,110,3,3
18485,62,70,-8,8
18486,108,111,-3,3
18487,103,104,-1,1
18488,58,91,-33,33
18489,42,60,-18,18
18490,115,102,13,13
18491,58,91,-33,33
18492,115,103,12,12
18493,109,102,7,7
18494,51,47,4,4
18495,70,70,0,0
18496,68,87,-19,19
18497,143,146,-3,3
18498,83,75,8,8
18499,116,111,5,5
18500,45,52,-7,7
18501,90,88,2,2
18502,67,68,-1,1
18503,100,103,-3,3
18504,113,115,-2,2
18505,30,47,-17,17
18506,98,102,-4,4
18507,67,73,-6,6
18508,53,61,-8,8
18509,105,104,1,1
18510,123,129,-6,6
18511,57,61,-4,4
18512,125,115,10,10
18513,98,95,3,3
18514,111,114,-3,3
18515,122,116,6,6
18516,117,121,-4,4
18517,74,76,-2,2
18518,84,80,4,4
18519,143,142,1,1
18520,121,115,6,6
18521,121,119,2,2
18522,99,99,0,0
18523,103,94,9,9
18524,104,88,16,16
18525,63,63,0,0
18526,222,191,31,31
18527,113,104,9,9
18528,88,91,-3,3
18529,122,109,13,13
18530,109,120,-11,11
18531,72,69,3,3
18532,64,66,-2,2
18533,144,135,9,9
18534,82,83,-1,1
18535,82,88,-6,6
18536,162,156,6,6
18537,112,119,-7,7
18538,62,67,-5,5
18539,78,96,-18,18
18540,48,52,-4,4
18541,90,89,1,1
18542,130,117,13,13
18543,70,73,-3,3
18544,141,153,-12,12
18545,138,134,4,4
18546,126,100,26,26
18547,71,72,-1,1
18548,89,95,-6,6
18549,138,134,4,4
18550,70,67,3,3
18551,123,114,9,9
18552,72,75,-3,3
18553,107,112,-5,5
18554,58,61,-3,3
18555,90,84,6,6
18556,136,144,-8,8
18557,163,160,3,3
18558,108,102,6,6
18559,83,75,8,8
18560,117,116,1,1
18561,142,137,5,5
18562,69,71,-2,2
18563,100,92,8,8
18564,211,191,20,20
18565,148,154,-6,6
18566,82,79,3,3
18567,86,86,0,0
18568,201,194,7,7
18569,113,122,-9,9
18570,126,126,0,0
18571,64,65,-1,1
18572,98,98,0,0
18573,51,56,-5,5
18574,93,106,-13,13
18575,60,66,-6,6
18576,82,79,3,3
18577,95,114,-19,19
18578,94,82,12,12
18579,81,82,-1,1
18580,111,116,-5,5
18581,63,72,-9,9
18582,55,59,-4,4
18583,142,142,0,0
18584,139,127,12,12
18585,118,115,3,3
18586,209,181,28,28
18587,73,71,2,2
18588,103,111,-8,8
18589,118,123,-5,5
18590,124,122,2,2
18591,79,93,-14,14
18592,124,117,7,7
18593,129,128,1,1
18594,91,86,5,5
18595,83,92,-9,9
18596,120,107,13,13
18597,91,83,8,8
18598,101,98,3,3
18599,117,110,7,7
18600,154,144,10,10
18601,83,82,1,1
18602,113,111,2,2
18603,83,84,-1,1
18604,106,115,-9,9
18605,47,57,-10,10
18606,63,67,-4,4
18607,99,96,3,3
18608,47,68,-21,21
18609,111,105,6,6
18610,111,103,8,8
18611,152,145,7,7
18612,91,104,-13,13
18613,111,114,-3,3
18614,103,116,-13,13
18615,80,86,-6,6
18616,133,129,4,4
18617,83,77,6,6
18618,67,65,2,2
18619,124,131,-7,7
18620,93,104,-11,11
18621,80,80,0,0
18622,64,72,-8,8
18623,74,87,-13,13
18624,92,97,-5,5
18625,122,112,10,10
18626,92,104,-12,12
18627,111,114,-3,3
18628,148,130,18,18
18629,102,94,8,8
18630,101,96,5,5
18631,89,91,-2,2
18632,94,102,-8,8
18633,78,77,1,1
18634,88,78,10,10
18635,87,100,-13,13
18636,59,56,3,3
18637,75,82,-7,7
18638,101,104,-3,3
18639,96,102,-6,6
18640,64,69,-5,5
18641,106,99,7,7
18642,90,94,-4,4
18643,95,99,-4,4
18644,107,113,-6,6
18645,95,99,-4,4
18646,78,85,-7,7
18647,124,161,-37,37
18648,142,145,-3,3
18649,73,71,2,2
18650,111,111,0,0
18651,92,79,13,13
18652,205,188,17,17
18653,93,89,4,4
18654,87,101,-14,14
18655,43,44,-1,1
18656,51,59,-8,8
18657,102,104,-2,2
18658,85,99,-14,14
18659,152,147,5,5
18660,69,70,-1,1
18661,47,55,-8,8
18662,52,60,-8,8
18663,94,100,-6,6
18664,149,144,5,5
18665,81,71,10,10
18666,96,88,8,8
18667,88,85,3,3
18668,81,77,4,4
18669,129,122,7,7
18670,107,134,-27,27
18671,93,85,8,8
18672,90,95,-5,5
18673,72,77,-5,5
18674,82,80,2,2
18675,73,74,-1,1
18676,102,103,-1,1
18677,52,62,-10,10
18678,79,89,-10,10
18679,131,124,7,7
18680,56,60,-4,4
18681,58,59,-1,1
18682,66,66,0,0
18683,58,67,-9,9
18684,76,79,-3,3
18685,83,82,1,1
18686,84,83,1,1
18687,100,103,-3,3
18688,114,101,13,13
18689,112,115,-3,3
18690,104,98,6,6
18691,110,111,-1,1
18692,160,163,-3,3
18693,98,100,-2,2
18694,122,122,0,0
18695,39,47,-8,8
18696,120,121,-1,1
18697,84,84,0,0
18698,64,87,-23,23
18699,87,95,-8,8
18700,102,103,-1,1
18701,87,85,2,2
18702,76,71,5,5
18703,132,127,5,5
18704,65,63,2,2
18705,136,119,17,17
18706,87,76,11,11
18707,93,87,6,6
18708,130,125,5,5
18709,96,94,2,2
18710,93,91,2,2
18711,67,76,-9,9
18712,116,115,1,1
18713,81,86,-5,5
18714,107,109,-2,2
18715,70,65,5,5
18716,113,109,4,4
18717,78,81,-3,3
18718,93,89,4,4
18719,62,72,-10,10
18720,43,51,-8,8
18721,81,76,5,5
18722,85,85,0,0
18723,128,115,13,13
18724,110,115,-5,5
18725,37,33,4,4
18726,66,74,-8,8
18727,56,58,-2,2
18728,95,95,0,0
18729,95,99,-4,4
18730,92,94,-2,2
18731,99,107,-8,8
18732,75,82,-7,7
18733,186,162,24,24
18734,30,30,0,0
18735,63,68,-5,5
18736,60,55,5,5
18737,38,48,-10,10
18738,70,77,-7,7
18739,85,84,1,1
18740,71,62,9,9
18741,122,128,-6,6
18742,45,36,9,9
18743,94,93,1,1
18744,133,132,1,1
18745,89,79,10,10
18746,85,79,6,6
18747,80,80,0,0
18748,141,128,13,13
18749,108,108,0,0
18750,39,57,-18,18
18751,85,101,-16,16
18752,99,103,-4,4
18753,81,76,5,5
18754,123,125,-2,2
18755,98,97,1,1
18756,81,85,-4,4
18757,110,113,-3,3
18758,64,73,-9,9
18759,75,82,-7,7
18760,59,60,-1,1
18761,66,74,-8,8
18762,81,68,13,13
18763,92,93,-1,1
18764,115,112,3,3
18765,129,133,-4,4
18766,99,95,4,4
18767,72,77,-5,5
18768,91,90,1,1
18769,69,73,-4,4
18770,80,73,7,7
18771,89,97,-8,8
18772,92,100,-8,8
18773,95,96,-1,1
18774,166,154,12,12
18775,61,63,-2,2
18776,59,56,3,3
18777,42,58,-16,16
18778,53,63,-10,10
18779,101,100,1,1
18780,90,84,6,6
18781,116,110,6,6
18782,83,77,6,6
18783,89,91,-2,2
18784,121,117,4,4
18785,74,62,12,12
18786,113,102,11,11
18787,85,88,-3,3
18788,137,138,-1,1
18789,72,84,-12,12
18790,78,69,9,9
18791,113,120,-7,7
18792,144,120,24,24
18793,54,60,-6,6
18794,74,73,1,1
18795,72,73,-1,1
18796,73,77,-4,4
18797,163,145,18,18
18798,96,98,-2,2
18799,90,91,-1,1
18800,64,65,-1,1
18801,61,64,-3,3
18802,79,77,2,2
18803,118,122,-4,4
18804,70,71,-1,1
18805,108,106,2,2
18806,83,108,-25,25
18807,55,62,-7,7
18808,139,136,3,3
18809,49,56,-7,7
18810,159,147,12,12
18811,30,40,-10,10
18812,111,114,-3,3
18813,112,110,2,2
18814,149,153,-4,4
18815,104,102,2,2
18816,166,140,26,26
18817,76,75,1,1
18818,128,137,-9,9
18819,54,64,-10,10
18820,99,102,-3,3
18821,53,57,-4,4
18822,98,92,6,6
18823,94,99,-5,5
18824,144,149,-5,5
18825,47,49,-2,2
18826,124,129,-5,5
18827,137,150,-13,13
18828,55,57,-2,2
18829,79,73,6,6
18830,103,107,-4,4
18831,67,73,-6,6
18832,45,51,-6,6
18833,129,115,14,14
18834,33,58,-25,25
18835,108,109,-1,1
18836,68,70,-2,2
18837,165,154,11,11
18838,108,97,11,11
18839,142,121,21,21
18840,108,111,-3,3
18841,56,66,-10,10
18842,73,77,-4,4
18843,121,120,1,1
18844,139,143,-4,4
18845,124,117,7,7
18846,59,63,-4,4
18847,98,117,-19,19
18848,42,45,-3,3
18849,94,101,-7,7
18850,120,111,9,9
18851,64,70,-6,6
18852,52,63,-11,11
18853,193,182,11,11
18854,99,96,3,3
18855,73,80,-7,7
18856,166,136,30,30
18857,116,114,2,2
18858,69,85,-16,16
18859,67,69,-2,2
18860,81,76,5,5
18861,112,102,10,10
18862,120,107,13,13
18863,67,63,4,4
18864,105,92,13,13
18865,146,137,9,9
18866,110,102,8,8
18867,90,89,1,1
18868,94,85,9,9
18869,106,119,-13,13
18870,95,95,0,0
18871,112,112,0,0
18872,104,98,6,6
18873,60,70,-10,10
18874,93,77,16,16
18875,171,172,-1,1
18876,57,56,1,1
18877,106,98,8,8
18878,83,90,-7,7
18879,65,61,4,4
18880,111,112,-1,1
18881,117,119,-2,2
18882,71,79,-8,8
18883,46,56,-10,10
18884,87,102,-15,15
18885,80,76,4,4
18886,58,63,-5,5
18887,47,29,18,18
18888,196,180,16,16
18889,100,105,-5,5
18890,122,126,-4,4
18891,126,130,-4,4
18892,61,66,-5,5
18893,68,75,-7,7
18894,90,100,-10,10
18895,96,99,-3,3
18896,154,159,-5,5
18897,153,153,0,0
18898,83,79,4,4
18899,130,126,4,4
18900,110,102,8,8
18901,122,117,5,5
18902,85,79,6,6
18903,55,62,-7,7
18904,85,79,6,6
18905,122,119,3,3
18906,71,68,3,3
18907,149,138,11,11
18908,101,101,0,0
18909,81,91,-10,10
18910,95,93,2,2
18911,120,117,3,3
18912,137,142,-5,5
18913,132,144,-12,12
18914,83,76,7,7
18915,121,122,-1,1
18916,121,117,4,4
18917,125,141,-16,16
18918,81,84,-3,3
18919,137,141,-4,4
18920,89,85,4,4
18921,113,105,8,8
18922,23,34,-11,11
18923,123,105,18,18
18924,172,170,2,2
18925,64,67,-3,3
18926,122,130,-8,8
18927,67,68,-1,1
18928,86,84,2,2
18929,42,54,-12,12
18930,126,119,7,7
18931,148,130,18,18
18932,81,74,7,7
18933,78,79,-1,1
18934,74,72,2,2
18935,52,62,-10,10
18936,67,70,-3,3
18937,69,72,-3,3
18938,76,83,-7,7
18939,56,62,-6,6
18940,103,114,-11,11
18941,86,98,-12,12
18942,67,76,-9,9
18943,74,81,-7,7
18944,61,63,-2,2
18945,42,62,-20,20
18946,106,105,1,1
18947,59,64,-5,5
18948,65,65,0,0
18949,148,152,-4,4
18950,161,150,11,11
18951,140,135,5,5
18952,140,133,7,7
18953,70,77,-7,7
18954,157,147,10,10
18955,70,80,-10,10
18956,110,116,-6,6
18957,132,155,-23,23
18958,40,50,-10,10
18959,115,106,9,9
18960,165,162,3,3
18961,46,63,-17,17
18962,108,119,-11,11
18963,145,142,3,3
18964,153,145,8,8
18965,64,67,-3,3
18966,104,109,-5,5
18967,104,91,13,13
18968,103,93,10,10
18969,99,112,-13,13
18970,58,64,-6,6
18971,78,75,3,3
18972,116,118,-2,2
18973,95,113,-18,18
18974,77,76,1,1
18975,100,100,0,0
18976,147,142,5,5
18977,73,73,0,0
18978,90,96,-6,6
18979,91,95,-4,4
18980,136,129,7,7
18981,156,144,12,12
18982,71,73,-2,2
18983,65,67,-2,2
18984,82,79,3,3
18985,116,113,3,3
18986,134,126,8,8
18987,70,74,-4,4
18988,98,98,0,0
18989,194,181,13,13
18990,58,66,-8,8
18991,111,155,-44,44
18992,55,63,-8,8
18993,105,103,2,2
18994,85,88,-3,3
18995,105,97,8,8
18996,83,91,-8,8
18997,96,90,6,6
18998,83,77,6,6
18999,153,152,1,1
19000,81,82,-1,1
19001,60,67,-7,7
19002,137,140,-3,3
19003,140,131,9,9
19004,88,96,-8,8
19005,124,123,1,1
19006,101,99,2,2
19007,84,77,7,7
19008,99,98,1,1
19009,59,57,2,2
19010,83,96,-13,13
19011,113,120,-7,7
19012,83,85,-2,2
19013,65,72,-7,7
19014,52,64,-12,12
19015,120,124,-4,4
19016,102,92,10,10
19017,50,77,-27,27
19018,134,138,-4,4
19019,90,89,1,1
19020,79,74,5,5
19021,78,82,-4,4
19022,122,112,10,10
19023,69,75,-6,6
19024,72,72,0,0
19025,71,76,-5,5
19026,112,97,15,15
19027,111,101,10,10
19028,96,101,-5,5
19029,96,97,-1,1
19030,67,70,-3,3
19031,102,104,-2,2
19032,71,79,-8,8
19033,147,146,1,1
19034,123,126,-3,3
19035,89,76,13,13
19036,72,80,-8,8
19037,81,85,-4,4
19038,61,63,-2,2
19039,79,78,1,1
19040,112,102,10,10
19041,167,170,-3,3
19042,74,78,-4,4
19043,122,113,9,9
19044,78,86,-8,8
19045,64,74,-10,10
19046,72,76,-4,4
19047,90,82,8,8
19048,86,77,9,9
19049,122,118,4,4
19050,70,64,6,6
19051,80,81,-1,1
19052,55,62,-7,7
19053,86,77,9,9
19054,117,117,0,0
19055,95,96,-1,1
19056,88,87,1,1
19057,123,114,9,9
19058,102,97,5,5
19059,73,71,2,2
19060,33,31,2,2
19061,133,120,13,13
19062,65,73,-8,8
19063,75,65,10,10
19064,39,42,-3,3
19065,119,113,6,6
19066,88,87,1,1
19067,110,98,12,12
19068,59,64,-5,5
19069,94,103,-9,9
19070,90,86,4,4
19071,64,67,-3,3
19072,111,111,0,0
19073,95,99,-4,4
19074,77,77,0,0
19075,60,64,-4,4
19076,151,147,4,4
19077,90,82,8,8
19078,65,70,-5,5
19079,100,112,-12,12
19080,59,65,-6,6
19081,89,90,-1,1
19082,91,102,-11,11
19083,152,147,5,5
19084,58,60,-2,2
19085,98,108,-10,10
19086,111,110,1,1
19087,94,90,4,4
19088,98,104,-6,6
19089,99,94,5,5
19090,132,130,2,2
19091,99,119,-20,20
19092,163,173,-10,10
19093,105,101,4,4
19094,109,113,-4,4
19095,49,54,-5,5
19096,97,111,-14,14
19097,153,148,5,5
19098,73,103,-30,30
19099,71,73,-2,2
19100,89,82,7,7
19101,110,97,13,13
19102,73,75,-2,2
19103,151,129,22,22
19104,146,146,0,0
19105,74,72,2,2
19106,76,70,6,6
19107,57,113,-56,56
19108,96,86,10,10
19109,143,124,19,19
19110,98,83,15,15
19111,74,77,-3,3
19112,78,74,4,4
19113,139,153,-14,14
19114,81,85,-4,4
19115,74,83,-9,9
19116,81,80,1,1
19117,149,166,-17,17
19118,59,69,-10,10
19119,92,98,-6,6
19120,88,83,5,5
19121,94,95,-1,1
19122,106,107,-1,1
19123,143,124,19,19
19124,61,70,-9,9
19125,84,79,5,5
19126,107,116,-9,9
19127,129,132,-3,3
19128,80,79,1,1
19129,89,96,-7,7
19130,159,156,3,3
19131,44,55,-11,11
19132,116,120,-4,4
19133,79,81,-2,2
19134,82,75,7,7
19135,77,77,0,0
19136,124,115,9,9
19137,97,101,-4,4
19138,62,69,-7,7
19139,65,71,-6,6
19140,78,73,5,5
19141,105,103,2,2
19142,107,114,-7,7
19143,60,67,-7,7
19144,63,64,-1,1
19145,71,72,-1,1
19146,122,125,-3,3
19147,76,75,1,1
19148,137,141,-4,4
19149,89,91,-2,2
19150,87,95,-8,8
19151,147,146,1,1
19152,121,134,-13,13
19153,91,84,7,7
19154,62,63,-1,1
19155,77,84,-7,7
19156,95,93,2,2
19157,71,73,-2,2
19158,129,137,-8,8
19159,114,115,-1,1
19160,196,187,9,9
19161,113,115,-2,2
19162,122,112,10,10
19163,120,112,8,8
19164,104,117,-13,13
19165,99,100,-1,1
19166,80,79,1,1
19167,69,80,-11,11
19168,100,106,-6,6
19169,63,68,-5,5
19170,145,135,10,10
19171,55,56,-1,1
19172,91,87,4,4
19173,148,140,8,8
19174,75,72,3,3
19175,106,104,2,2
19176,179,163,16,16
19177,86,94,-8,8
19178,72,72,0,0
19179,127,134,-7,7
19180,68,67,1,1
19181,69,84,-15,15
19182,136,137,-1,1
19183,91,90,1,1
19184,102,109,-7,7
19185,128,119,9,9
19186,94,93,1,1
19187,105,103,2,2
19188,146,137,9,9
19189,72,69,3,3
19190,105,102,3,3
19191,137,129,8,8
19192,169,163,6,6
19193,130,155,-25,25
19194,126,126,0,0
19195,125,116,9,9
19196,102,103,-1,1
19197,74,72,2,2
19198,74,87,-13,13
19199,97,98,-1,1
19200,113,114,-1,1
19201,54,58,-4,4
19202,127,109,18,18
19203,73,82,-9,9
19204,145,154,-9,9
19205,117,113,4,4
19206,123,119,4,4
19207,188,164,24,24
19208,75,81,-6,6
19209,76,86,-10,10
19210,45,55,-10,10
19211,86,85,1,1
19212,74,79,-5,5
19213,103,112,-9,9
19214,140,127,13,13
19215,95,98,-3,3
19216,102,109,-7,7
19217,34,45,-11,11
19218,101,100,1,1
19219,62,75,-13,13
19220,81,87,-6,6
19221,84,84,0,0
19222,114,123,-9,9
19223,90,84,6,6
19224,66,98,-32,32
19225,98,100,-2,2
19226,68,74,-6,6
19227,115,109,6,6
19228,101,76,25,25
19229,137,124,13,13
19230,125,125,0,0
19231,84,85,-1,1
19232,43,60,-17,17
19233,99,93,6,6
19234,126,130,-4,4
19235,97,99,-2,2
19236,105,99,6,6
19237,74,79,-5,5
19238,108,106,2,2
19239,70,68,2,2
19240,49,59,-10,10
19241,133,127,6,6
19242,105,98,7,7
19243,147,147,0,0
19244,98,101,-3,3
19245,124,117,7,7
19246,73,76,-3,3
19247,78,74,4,4
19248,106,113,-7,7
19249,63,63,0,0
19250,87,91,-4,4
19251,80,75,5,5
19252,101,101,0,0
19253,80,77,3,3
19254,107,98,9,9
19255,65,73,-8,8
19256,62,61,1,1
19257,124,124,0,0
19258,37,41,-4,4
19259,109,105,4,4
19260,48,62,-14,14
19261,152,139,13,13
19262,163,159,4,4
19263,126,122,4,4
19264,62,88,-26,26
19265,128,136,-8,8
19266,104,103,1,1
19267,110,125,-15,15
19268,79,83,-4,4
19269,79,82,-3,3
19270,145,136,9,9
19271,74,79,-5,5
19272,59,65,-6,6
19273,107,104,3,3
19274,88,93,-5,5
19275,47,60,-13,13
19276,111,115,-4,4
19277,108,103,5,5
19278,133,119,14,14
19279,155,158,-3,3
19280,85,84,1,1
19281,135,123,12,12
19282,104,99,5,5
19283,149,154,-5,5
19284,78,79,-1,1
19285,76,75,1,1
19286,96,101,-5,5
19287,130,119,11,11
19288,90,87,3,3
19289,55,81,-26,26
19290,123,128,-5,5
19291,65,67,-2,2
19292,69,63,6,6
19293,50,58,-8,8
19294,51,64,-13,13
19295,81,75,6,6
19296,108,107,1,1
19297,81,80,1,1
19298,42,47,-5,5
19299,141,119,22,22
19300,66,76,-10,10
19301,103,101,2,2
19302,147,139,8,8
19303,105,95,10,10
19304,136,116,20,20
19305,58,67,-9,9
19306,108,94,14,14
19307,63,64,-1,1
19308,116,118,-2,2
19309,147,137,10,10
19310,73,72,1,1
19311,92,98,-6,6
19312,63,68,-5,5
19313,98,100,-2,2
19314,153,150,3,3
19315,98,93,5,5
19316,68,76,-8,8
19317,70,60,10,10
19318,69,129,-60,60
19319,68,69,-1,1
19320,66,68,-2,2
19321,83,81,2,2
19322,113,107,6,6
19323,123,113,10,10
19324,39,48,-9,9
19325,127,116,11,11
19326,119,122,-3,3
19327,80,79,1,1
19328,202,223,-21,21
19329,71,79,-8,8
19330,49,57,-8,8
19331,73,81,-8,8
19332,90,99,-9,9
19333,86,81,5,5
19334,71,84,-13,13
19335,62,69,-7,7
19336,89,84,5,5
19337,205,184,21,21
19338,157,126,31,31
19339,95,109,-14,14
19340,54,67,-13,13
19341,86,84,2,2
19342,105,104,1,1
19343,51,64,-13,13
19344,56,67,-11,11
19345,142,149,-7,7
19346,151,137,14,14
19347,72,72,0,0
19348,71,82,-11,11
19349,73,71,2,2
19350,58,64,-6,6
19351,175,206,-31,31
19352,132,128,4,4
19353,102,104,-2,2
19354,115,113,2,2
19355,92,105,-13,13
19356,77,77,0,0
19357,113,110,3,3
19358,103,113,-10,10
19359,147,158,-11,11
19360,93,111,-18,18
19361,105,106,-1,1
19362,95,90,5,5
19363,158,149,9,9
19364,117,115,2,2
19365,113,123,-10,10
19366,84,77,7,7
19367,64,72,-8,8
19368,98,102,-4,4
19369,91,100,-9,9
19370,106,95,11,11
19371,57,66,-9,9
19372,130,127,3,3
19373,67,76,-9,9
19374,60,67,-7,7
19375,80,75,5,5
19376,109,111,-2,2
19377,56,83,-27,27
19378,61,72,-11,11
19379,162,155,7,7
19380,105,103,2,2
19381,118,114,4,4
19382,88,82,6,6
19383,61,60,1,1
19384,101,99,2,2
19385,130,134,-4,4
19386,116,107,9,9
19387,66,74,-8,8
19388,67,73,-6,6
19389,68,76,-8,8
19390,54,58,-4,4
19391,76,80,-4,4
19392,91,90,1,1
19393,48,53,-5,5
19394,108,108,0,0
19395,50,55,-5,5
19396,121,132,-11,11
19397,55,57,-2,2
19398,99,92,7,7
19399,109,110,-1,1
19400,129,123,6,6
19401,59,61,-2,2
19402,193,186,7,7
19403,115,112,3,3
19404,168,169,-1,1
19405,109,108,1,1
19406,79,93,-14,14
19407,69,71,-2,2
19408,124,124,0,0
19409,86,99,-13,13
19410,108,105,3,3
19411,57,62,-5,5
19412,69,62,7,7
19413,73,79,-6,6
19414,93,103,-10,10
19415,108,101,7,7
19416,47,55,-8,8
19417,96,95,1,1
19418,136,144,-8,8
19419,62,57,5,5
19420,35,53,-18,18
19421,168,173,-5,5
19422,72,66,6,6
19423,53,59,-6,6
19424,181,178,3,3
19425,106,102,4,4
19426,110,125,-15,15
19427,71,75,-4,4
19428,81,88,-7,7
19429,66,70,-4,4
19430,96,106,-10,10
19431,94,87,7,7
19432,101,92,9,9
19433,56,60,-4,4
19434,161,150,11,11
19435,120,113,7,7
19436,90,90,0,0
19437,74,79,-5,5
19438,119,112,7,7
19439,120,116,4,4
19440,116,136,-20,20
19441,72,72,0,0
19442,100,92,8,8
19443,72,73,-1,1
19444,152,151,1,1
19445,65,73,-8,8
19446,84,83,1,1
19447,100,100,0,0
19448,116,103,13,13
19449,88,92,-4,4
19450,94,107,-13,13
19451,76,75,1,1
19452,70,77,-7,7
19453,72,90,-18,18
19454,114,112,2,2
19455,95,99,-4,4
19456,88,81,7,7
19457,103,117,-14,14
19458,82,83,-1,1
19459,66,77,-11,11
19460,126,115,11,11
19461,215,232,-17,17
19462,127,126,1,1
19463,71,71,0,0
19464,106,97,9,9
19465,125,128,-3,3
19466,98,94,4,4
19467,80,100,-20,20
19468,76,79,-3,3
19469,126,122,4,4
19470,45,56,-11,11
19471,98,98,0,0
19472,75,75,0,0
19473,76,70,6,6
19474,103,109,-6,6
19475,149,144,5,5
19476,110,111,-1,1
19477,71,73,-2,2
19478,121,139,-18,18
19479,86,85,1,1
19480,44,45,-1,1
19481,126,126,0,0
19482,145,130,15,15
19483,94,103,-9,9
19484,49,61,-12,12
19485,99,100,-1,1
19486,75,87,-12,12
19487,77,98,-21,21
19488,65,74,-9,9
19489,117,114,3,3
19490,87,84,3,3
19491,87,103,-16,16
19492,138,138,0,0
19493,66,70,-4,4
19494,100,89,11,11
19495,107,103,4,4
19496,82,108,-26,26
19497,76,84,-8,8
19498,67,74,-7,7
19499,40,53,-13,13
19500,88,98,-10,10
19501,184,173,11,11
19502,92,82,10,10
19503,134,137,-3,3
19504,105,105,0,0
19505,112,113,-1,1
19506,70,71,-1,1
19507,70,75,-5,5
19508,57,66,-9,9
19509,120,117,3,3
19510,98,102,-4,4
19511,115,112,3,3
19512,84,96,-12,12
19513,97,95,2,2
19514,85,85,0,0
19515,67,73,-6,6
19516,93,84,9,9
19517,123,122,1,1
19518,52,103,-51,51
19519,113,110,3,3
19520,63,66,-3,3
19521,97,92,5,5
19522,103,102,1,1
19523,91,99,-8,8
19524,74,77,-3,3
19525,110,117,-7,7
19526,162,155,7,7
19527,98,98,0,0
19528,103,99,4,4
19529,96,106,-10,10
19530,35,39,-4,4
19531,85,91,-6,6
19532,69,71,-2,2
19533,80,73,7,7
19534,60,65,-5,5
19535,87,101,-14,14
19536,77,76,1,1
19537,139,131,8,8
19538,51,61,-10,10
19539,122,112,10,10
19540,125,117,8,8
19541,63,61,2,2
19542,125,115,10,10
19543,85,97,-12,12
19544,112,113,-1,1
19545,58,68,-10,10
19546,104,104,0,0
19547,120,112,8,8
19548,43,53,-10,10
19549,90,105,-15,15
19550,29,29,0,0
19551,92,83,9,9
19552,99,83,16,16
19553,55,63,-8,8
19554,66,66,0,0
19555,78,77,1,1
19556,67,64,3,3
19557,91,83,8,8
19558,143,127,16,16
19559,86,100,-14,14
19560,57,72,-15,15
19561,96,90,6,6
19562,101,115,-14,14
19563,58,59,-1,1
19564,113,107,6,6
19565,44,42,2,2
19566,140,123,17,17
19567,150,149,1,1
19568,117,125,-8,8
19569,86,90,-4,4
19570,99,92,7,7
19571,114,104,10,10
19572,81,80,1,1
19573,64,63,1,1
19574,132,131,1,1
19575,82,84,-2,2
19576,141,132,9,9
19577,68,85,-17,17
19578,137,127,10,10
19579,75,71,4,4
19580,71,72,-1,1
19581,59,43,16,16
19582,45,41,4,4
19583,70,69,1,1
19584,107,105,2,2
19585,59,63,-4,4
19586,41,51,-10,10
19587,65,71,-6,6
19588,50,55,-5,5
19589,88,94,-6,6
19590,114,112,2,2
19591,64,61,3,3
19592,154,160,-6,6
19593,64,72,-8,8
19594,46,70,-24,24
19595,120,117,3,3
19596,80,80,0,0
19597,52,58,-6,6
19598,88,109,-21,21
19599,65,92,-27,27
19600,49,62,-13,13
19601,82,96,-14,14
19602,108,117,-9,9
19603,59,70,-11,11
19604,68,71,-3,3
19605,99,89,10,10
19606,100,99,1,1
19607,100,94,6,6
19608,156,147,9,9
19609,91,99,-8,8
19610,152,147,5,5
19611,125,116,9,9
19612,60,64,-4,4
19613,43,55,-12,12
19614,48,50,-2,2
19615,94,103,-9,9
19616,70,69,1,1
19617,52,57,-5,5
19618,70,70,0,0
19619,154,139,15,15
19620,133,131,2,2
19621,72,71,1,1
19622,79,86,-7,7
19623,111,118,-7,7
19624,72,71,1,1
19625,147,155,-8,8
19626,94,94,0,0
19627,41,49,-8,8
19628,79,86,-7,7
19629,61,64,-3,3
19630,68,74,-6,6
19631,70,71,-1,1
19632,80,85,-5,5
19633,58,70,-12,12
19634,45,54,-9,9
19635,187,175,12,12
19636,84,83,1,1
19637,76,74,2,2
19638,154,151,3,3
19639,139,129,10,10
19640,173,166,7,7
19641,75,70,5,5
19642,148,138,10,10
19643,174,168,6,6
19644,100,107,-7,7
19645,29,29,0,0
19646,102,93,9,9
19647,67,73,-6,6
19648,51,57,-6,6
19649,133,113,20,20
19650,36,38,-2,2
19651,66,64,2,2
19652,65,62,3,3
19653,73,77,-4,4
19654,151,133,18,18
19655,87,81,6,6
19656,138,145,-7,7
19657,65,68,-3,3
19658,97,95,2,2
19659,84,87,-3,3
19660,171,165,6,6
19661,110,107,3,3
19662,120,113,7,7
19663,99,98,1,1
19664,135,147,-12,12
19665,90,90,0,0
19666,70,70,0,0
19667,99,106,-7,7
19668,58,65,-7,7
19669,109,130,-21,21
19670,77,77,0,0
19671,74,73,1,1
19672,134,135,-1,1
19673,130,114,16,16
19674,65,68,-3,3
19675,109,103,6,6
19676,75,82,-7,7
19677,125,126,-1,1
19678,99,99,0,0
19679,147,148,-1,1
19680,160,154,6,6
19681,49,53,-4,4
19682,62,70,-8,8
19683,332,292,40,40
19684,127,123,4,4
19685,34,32,2,2
19686,145,138,7,7
19687,108,102,6,6
19688,66,71,-5,5
19689,65,71,-6,6
19690,157,144,13,13
19691,89,85,4,4
19692,97,105,-8,8
19693,116,112,4,4
19694,102,103,-1,1
19695,118,126,-8,8
19696,161,156,5,5
19697,97,97,0,0
19698,40,39,1,1
19699,63,67,-4,4
19700,70,79,-9,9
19701,83,81,2,2
19702,100,103,-3,3
19703,76,76,0,0
19704,105,105,0,0
19705,72,86,-14,14
19706,69,82,-13,13
19707,136,139,-3,3
19708,126,108,18,18
19709,130,134,-4,4
19710,116,116,0,0
19711,87,83,4,4
19712,100,105,-5,5
19713,100,94,6,6
19714,55,64,-9,9
19715,92,95,-3,3
19716,101,101,0,0
19717,149,155,-6,6
19718,98,85,13,13
19719,89,90,-1,1
19720,40,46,-6,6
19721,91,86,5,5
19722,103,105,-2,2
19723,88,85,3,3
19724,76,92,-16,16
19725,43,60,-17,17
19726,60,64,-4,4
19727,165,153,12,12
19728,148,154,-6,6
19729,114,110,4,4
19730,97,84,13,13
19731,141,143,-2,2
19732,82,95,-13,13
19733,89,87,2,2
19734,141,144,-3,3
19735,31,49,-18,18
19736,87,100,-13,13
19737,83,90,-7,7
19738,64,70,-6,6
19739,68,77,-9,9
19740,75,70,5,5
19741,102,103,-1,1
19742,54,61,-7,7
19743,108,113,-5,5
19744,104,93,11,11
19745,132,129,3,3
19746,77,74,3,3
19747,130,127,3,3
19748,46,48,-2,2
19749,83,29,54,54
19750,79,84,-5,5
19751,180,164,16,16
19752,118,125,-7,7
19753,105,112,-7,7
19754,93,97,-4,4
19755,81,76,5,5
19756,61,68,-7,7
19757,142,139,3,3
19758,93,97,-4,4
19759,100,102,-2,2
19760,146,139,7,7
19761,64,71,-7,7
19762,116,112,4,4
19763,55,57,-2,2
19764,55,65,-10,10
19765,86,102,-16,16
19766,90,89,1,1
19767,146,142,4,4
19768,55,59,-4,4
19769,76,77,-1,1
19770,48,62,-14,14
19771,84,73,11,11
19772,62,63,-1,1
19773,93,91,2,2
19774,104,100,4,4
19775,108,109,-1,1
19776,83,91,-8,8
19777,57,58,-1,1
19778,76,75,1,1
19779,100,126,-26,26
19780,96,98,-2,2
19781,124,97,27,27
19782,55,70,-15,15
19783,61,66,-5,5
19784,104,105,-1,1
19785,70,75,-5,5
19786,94,84,10,10
19787,64,70,-6,6
19788,113,114,-1,1
19789,92,96,-4,4
19790,136,141,-5,5
19791,115,114,1,1
19792,103,112,-9,9
19793,84,88,-4,4
19794,60,66,-6,6
19795,83,116,-33,33
19796,127,127,0,0
19797,137,126,11,11
19798,64,61,3,3
19799,180,174,6,6
19800,144,129,15,15
19801,82,77,5,5
19802,89,83,6,6
19803,122,130,-8,8
19804,85,86,-1,1
19805,127,121,6,6
19806,86,83,3,3
19807,81,89,-8,8
19808,102,95,7,7
19809,104,79,25,25
19810,47,54,-7,7
19811,163,146,17,17
19812,102,102,0,0
19813,152,141,11,11
19814,139,128,11,11
19815,88,77,11,11
19816,57,58,-1,1
19817,79,75,4,4
19818,60,54,6,6
19819,104,97,7,7
19820,92,89,3,3
19821,74,73,1,1
19822,94,90,4,4
19823,102,109,-7,7
19824,109,105,4,4
19825,86,82,4,4
19826,85,76,9,9
19827,86,82,4,4
19828,158,144,14,14
19829,78,80,-2,2
19830,72,72,0,0
19831,127,125,2,2
19832,81,85,-4,4
19833,99,100,-1,1
19834,64,70,-6,6
19835,137,145,-8,8
19836,99,106,-7,7
19837,74,80,-6,6
19838,80,91,-11,11
19839,99,110,-11,11
19840,95,99,-4,4
19841,48,58,-10,10
19842,77,77,0,0
19843,88,98,-10,10
19844,99,99,0,0
19845,87,82,5,5
19846,75,81,-6,6
19847,103,107,-4,4
19848,190,181,9,9
19849,88,58,30,30
19850,85,88,-3,3
19851,59,58,1,1
19852,63,80,-17,17
19853,85,88,-3,3
19854,67,86,-19,19
19855,76,80,-4,4
19856,115,113,2,2
19857,62,67,-5,5
19858,61,69,-8,8
19859,147,143,4,4
19860,153,144,9,9
19861,68,64,4,4
19862,106,113,-7,7
19863,79,81,-2,2
19864,165,155,10,10
19865,63,66,-3,3
19866,106,111,-5,5
19867,74,77,-3,3
19868,135,128,7,7
19869,76,82,-6,6
19870,113,119,-6,6
19871,77,77,0,0
19872,67,72,-5,5
19873,93,112,-19,19
19874,170,167,3,3
19875,77,82,-5,5
19876,88,84,4,4
19877,103,100,3,3
19878,85,85,0,0
19879,82,74,8,8
19880,70,76,-6,6
19881,94,107,-13,13
19882,44,60,-16,16
19883,103,96,7,7
19884,99,100,-1,1
19885,67,68,-1,1
19886,56,65,-9,9
19887,94,94,0,0
19888,77,77,0,0
19889,68,70,-2,2
19890,125,114,11,11
19891,110,109,1,1
19892,102,92,10,10
19893,57,55,2,2
19894,68,85,-17,17
19895,75,76,-1,1
19896,101,97,4,4
19897,57,58,-1,1
19898,93,110,-17,17
19899,52,37,15,15
19900,57,65,-8,8
19901,123,110,13,13
19902,111,115,-4,4
19903,62,69,-7,7
19904,89,103,-14,14
19905,114,105,9,9
19906,45,58,-13,13
19907,79,77,2,2
19908,134,125,9,9
19909,101,97,4,4
19910,92,91,1,1
19911,74,74,0,0
19912,95,93,2,2
19913,49,61,-12,12
19914,86,79,7,7
19915,50,69,-19,19
19916,55,61,-6,6
19917,49,50,-1,1
19918,87,94,-7,7
19919,59,71,-12,12
19920,108,111,-3,3
19921,88,86,2,2
19922,118,126,-8,8
19923,108,102,6,6
19924,38,71,-33,33
19925,94,87,7,7
19926,35,35,0,0
19927,114,114,0,0
19928,124,114,10,10
19929,108,112,-4,4
19930,129,136,-7,7
19931,69,73,-4,4
19932,108,114,-6,6
19933,66,71,-5,5
19934,62,63,-1,1
19935,107,113,-6,6
19936,65,67,-2,2
19937,169,153,16,16
19938,115,110,5,5
19939,116,115,1,1
19940,87,89,-2,2
19941,62,69,-7,7
19942,128,119,9,9
19943,126,130,-4,4
19944,139,142,-3,3
19945,217,192,25,25
19946,147,152,-5,5
19947,117,111,6,6
19948,181,187,-6,6
19949,101,125,-24,24
19950,66,73,-7,7
19951,77,75,2,2
19952,110,110,0,0
19953,186,184,2,2
19954,60,65,-5,5
19955,68,70,-2,2
19956,125,125,0,0
19957,52,59,-7,7
19958,75,76,-1,1
19959,109,112,-3,3
19960,44,55,-11,11
19961,123,126,-3,3
19962,123,114,9,9
19963,69,70,-1,1
19964,51,60,-9,9
19965,148,132,16,16
19966,104,95,9,9
19967,64,67,-3,3
19968,82,89,-7,7
19969,82,76,6,6
19970,135,141,-6,6
19971,54,64,-10,10
19972,88,77,11,11
19973,88,82,6,6
19974,102,105,-3,3
19975,45,57,-12,12
19976,85,82,3,3
19977,117,106,11,11
19978,124,115,9,9
19979,60,70,-10,10
19980,40,64,-24,24
19981,133,128,5,5
19982,101,106,-5,5
19983,80,78,2,2
19984,90,113,-23,23
19985,85,90,-5,5
19986,68,72,-4,4
19987,150,155,-5,5
19988,86,80,6,6
19989,105,114,-9,9
19990,45,56,-11,11
19991,149,161,-12,12
19992,74,79,-5,5
19993,40,49,-9,9
19994,75,80,-5,5
19995,47,57,-10,10
19996,70,74,-4,4
19997,56,62,-6,6
19998,46,56,-10,10
19999,98,103,-5,5
20000,107,103,4,4
20001,121,112,9,9
20002,192,187,5,5
20003,50,57,-7,7
20004,62,79,-17,17
20005,93,93,0,0
20006,96,88,8,8
20007,72,72,0,0
20008,134,136,-2,2
20009,98,99,-1,1
20010,159,141,18,18
20011,115,113,2,2
20012,54,62,-8,8
20013,60,67,-7,7
20014,80,79,1,1
20015,103,103,0,0
20016,89,82,7,7
20017,118,116,2,2
20018,109,105,4,4
20019,65,74,-9,9
20020,62,71,-9,9
20021,100,96,4,4
20022,127,134,-7,7
20023,54,65,-11,11
20024,113,104,9,9
20025,122,115,7,7
20026,140,125,15,15
20027,71,68,3,3
20028,86,94,-8,8
20029,94,102,-8,8
20030,124,116,8,8
20031,59,64,-5,5
20032,115,108,7,7
20033,61,64,-3,3
20034,65,61,4,4
20035,79,85,-6,6
20036,122,112,10,10
20037,97,104,-7,7
20038,64,73,-9,9
20039,107,104,3,3
20040,109,111,-2,2
20041,70,72,-2,2
20042,63,66,-3,3
20043,104,101,3,3
20044,88,77,11,11
20045,91,96,-5,5
20046,136,139,-3,3
20047,67,70,-3,3
20048,65,66,-1,1
20049,97,98,-1,1
20050,114,116,-2,2
20051,122,131,-9,9
20052,76,72,4,4
20053,96,102,-6,6
20054,90,83,7,7
20055,68,70,-2,2
20056,78,80,-2,2
20057,158,149,9,9
20058,77,81,-4,4
20059,65,67,-2,2
20060,126,119,7,7
20061,102,96,6,6
20062,96,86,10,10
20063,120,126,-6,6
20064,44,56,-12,12
20065,68,76,-8,8
20066,170,172,-2,2
20067,40,49,-9,9
20068,43,57,-14,14
20069,95,86,9,9
20070,114,110,4,4
20071,60,66,-6,6
20072,35,53,-18,18
20073,70,70,0,0
20074,126,122,4,4
20075,68,70,-2,2
20076,137,144,-7,7
20077,154,134,20,20
20078,139,141,-2,2
20079,103,102,1,1
20080,82,74,8,8
20081,94,103,-9,9
20082,136,126,10,10
20083,81,77,4,4
20084,51,50,1,1
20085,126,125,1,1
20086,89,122,-33,33
20087,88,94,-6,6
20088,77,70,7,7
20089,83,85,-2,2
20090,77,70,7,7
20091,84,84,0,0
20092,82,76,6,6
20093,65,71,-6,6
20094,113,103,10,10
20095,78,88,-10,10
20096,54,61,-7,7
20097,94,102,-8,8
20098,59,70,-11,11
20099,117,124,-7,7
20100,78,69,9,9
20101,48,45,3,3
20102,54,68,-14,14
20103,99,107,-8,8
20104,71,72,-1,1
20105,136,127,9,9
20106,45,55,-10,10
20107,84,90,-6,6
20108,82,85,-3,3
20109,45,57,-12,12
20110,125,107,18,18
20111,50,57,-7,7
20112,71,76,-5,5
20113,89,82,7,7
20114,61,70,-9,9
20115,105,100,5,5
20116,143,141,2,2
20117,185,174,11,11
20118,48,53,-5,5
20119,98,98,0,0
20120,38,52,-14,14
20121,92,90,2,2
20122,139,133,6,6
20123,99,91,8,8
20124,106,110,-4,4
20125,60,76,-16,16
20126,96,80,16,16
20127,138,144,-6,6
20128,83,84,-1,1
20129,152,119,33,33
20130,115,120,-5,5
20131,84,96,-12,12
20132,133,125,8,8
20133,128,126,2,2
20134,78,79,-1,1
20135,93,96,-3,3
20136,105,103,2,2
20137,90,92,-2,2
20138,205,175,30,30
20139,80,80,0,0
20140,80,79,1,1
20141,118,107,11,11
20142,60,71,-11,11
20143,101,100,1,1
20144,95,89,6,6
20145,130,143,-13,13
20146,113,109,4,4
20147,79,86,-7,7
20148,88,87,1,1
20149,109,103,6,6
20150,98,93,5,5
20151,70,71,-1,1
20152,92,87,5,5
20153,157,161,-4,4
20154,44,56,-12,12
20155,95,88,7,7
20156,87,81,6,6
20157,109,94,15,15
20158,111,114,-3,3
20159,86,80,6,6
20160,149,151,-2,2
20161,111,105,6,6
20162,45,53,-8,8
20163,150,150,0,0
20164,89,84,5,5
20165,67,75,-8,8
20166,87,88,-1,1
20167,150,140,10,10
20168,124,109,15,15
20169,96,96,0,0
20170,125,129,-4,4
20171,116,128,-12,12
20172,80,79,1,1
20173,156,135,21,21
20174,159,162,-3,3
20175,108,105,3,3
20176,90,88,2,2
20177,117,108,9,9
20178,139,128,11,11
20179,87,84,3,3
20180,79,72,7,7
20181,103,103,0,0
20182,157,144,13,13
20183,159,171,-12,12
20184,46,79,-33,33
20185,84,86,-2,2
20186,62,72,-10,10
20187,99,102,-3,3
20188,62,66,-4,4
20189,87,104,-17,17
20190,186,186,0,0
20191,104,98,6,6
20192,83,81,2,2
20193,82,82,0,0
20194,82,83,-1,1
20195,116,117,-1,1
20196,48,52,-4,4
20197,72,81,-9,9
20198,81,80,1,1
20199,89,97,-8,8
20200,66,71,-5,5
20201,99,101,-2,2
20202,97,94,3,3
20203,83,84,-1,1
20204,57,60,-3,3
20205,95,99,-4,4
20206,81,80,1,1
20207,77,85,-8,8
20208,65,69,-4,4
20209,109,109,0,0
20210,58,59,-1,1
20211,38,47,-9,9
20212,109,108,1,1
20213,128,126,2,2
20214,68,67,1,1
20215,134,130,4,4
20216,80,82,-2,2
20217,197,182,15,15
20218,105,110,-5,5
20219,78,80,-2,2
20220,99,115,-16,16
20221,88,84,4,4
20222,105,101,4,4
20223,63,76,-13,13
20224,76,103,-27,27
20225,80,80,0,0
20226,68,75,-7,7
20227,97,99,-2,2
20228,107,103,4,4
20229,96,78,18,18
20230,120,126,-6,6
20231,110,103,7,7
20232,67,73,-6,6
20233,154,138,16,16
20234,133,117,16,16
20235,98,89,9,9
20236,93,90,3,3
20237,93,97,-4,4
20238,95,100,-5,5
20239,96,92,4,4
20240,66,71,-5,5
20241,54,61,-7,7
20242,89,89,0,0
20243,165,153,12,12
20244,189,186,3,3
20245,62,71,-9,9
20246,49,56,-7,7
20247,59,62,-3,3
20248,82,80,2,2
20249,75,77,-2,2
20250,121,112,9,9
20251,116,105,11,11
20252,185,189,-4,4
20253,139,134,5,5
20254,73,77,-4,4
20255,147,145,2,2
20256,109,118,-9,9
20257,119,116,3,3
20258,83,79,4,4
20259,122,126,-4,4
20260,84,95,-11,11
20261,130,124,6,6
20262,137,143,-6,6
20263,96,100,-4,4
20264,81,81,0,0
20265,123,115,8,8
20266,83,73,10,10
20267,104,100,4,4
20268,121,109,12,12
20269,130,121,9,9
20270,104,99,5,5
20271,107,101,6,6
20272,121,111,10,10
20273,76,79,-3,3
20274,59,66,-7,7
20275,127,127,0,0
20276,179,183,-4,4
20277,70,75,-5,5
20278,83,83,0,0
20279,83,86,-3,3
20280,52,70,-18,18
20281,58,69,-11,11
20282,116,119,-3,3
20283,57,68,-11,11
20284,107,105,2,2
20285,164,163,1,1
20286,110,106,4,4
20287,101,100,1,1
20288,159,151,8,8
20289,103,113,-10,10
20290,133,141,-8,8
20291,59,77,-18,18
20292,93,105,-12,12
20293,129,119,10,10
20294,49,65,-16,16
20295,98,93,5,5
20296,100,98,2,2
20297,131,130,1,1
20298,140,145,-5,5
20299,87,93,-6,6
20300,138,128,10,10
20301,145,148,-3,3
20302,124,116,8,8
20303,111,109,2,2
20304,128,122,6,6
20305,83,75,8,8
20306,90,101,-11,11
20307,96,95,1,1
20308,160,153,7,7
20309,75,79,-4,4
20310,83,87,-4,4
20311,115,111,4,4
20312,78,84,-6,6
20313,91,88,3,3
20314,60,59,1,1
20315,92,89,3,3
20316,107,99,8,8
20317,94,105,-11,11
20318,75,107,-32,32
20319,60,66,-6,6
20320,58,70,-12,12
20321,103,103,0,0
20322,68,70,-2,2
20323,141,126,15,15
20324,89,98,-9,9
20325,172,159,13,13
20326,147,148,-1,1
20327,94,85,9,9
20328,128,126,2,2
20329,76,77,-1,1
20330,97,91,6,6
20331,110,112,-2,2
20332,89,88,1,1
20333,72,68,4,4
20334,104,113,-9,9
20335,82,103,-21,21
20336,87,83,4,4
20337,96,80,16,16
20338,94,105,-11,11
20339,158,149,9,9
20340,102,103,-1,1
20341,62,71,-9,9
20342,53,63,-10,10
20343,98,95,3,3
20344,96,93,3,3
20345,79,84,-5,5
20346,131,118,13,13
20347,44,59,-15,15
20348,102,95,7,7
20349,69,75,-6,6
20350,106,112,-6,6
20351,128,136,-8,8
20352,49,62,-13,13
20353,123,113,10,10
20354,191,168,23,23
20355,116,105,11,11
20356,127,120,7,7
20357,42,51,-9,9
20358,124,104,20,20
20359,92,101,-9,9
20360,143,133,10,10
20361,68,71,-3,3
20362,111,108,3,3
20363,120,130,-10,10
20364,93,92,1,1
20365,46,59,-13,13
20366,116,118,-2,2
20367,84,87,-3,3
20368,39,51,-12,12
20369,70,64,6,6
20370,59,75,-16,16
20371,107,126,-19,19
20372,59,63,-4,4
20373,115,111,4,4
20374,92,100,-8,8
20375,105,115,-10,10
20376,110,105,5,5
20377,60,62,-2,2
20378,119,107,12,12
20379,106,112,-6,6
20380,90,92,-2,2
20381,63,70,-7,7
20382,103,99,4,4
20383,105,113,-8,8
20384,98,100,-2,2
20385,48,55,-7,7
20386,110,132,-22,22
20387,119,105,14,14
20388,86,92,-6,6
20389,82,100,-18,18
20390,65,68,-3,3
20391,89,87,2,2
20392,118,123,-5,5
20393,146,136,10,10
20394,65,75,-10,10
20395,125,125,0,0
20396,87,86,1,1
20397,89,97,-8,8
20398,75,73,2,2
20399,87,83,4,4
20400,130,129,1,1
20401,51,58,-7,7
20402,129,134,-5,5
20403,81,77,4,4
20404,80,75,5,5
20405,66,74,-8,8
20406,47,58,-11,11
20407,103,108,-5,5
20408,77,89,-12,12
20409,60,74,-14,14
20410,133,130,3,3
20411,66,69,-3,3
20412,161,151,10,10
20413,101,111,-10,10
20414,80,86,-6,6
20415,124,129,-5,5
20416,140,134,6,6
20417,120,111,9,9
20418,141,130,11,11
20419,90,91,-1,1
20420,54,63,-9,9
20421,63,62,1,1
20422,115,119,-4,4
20423,59,71,-12,12
20424,68,74,-6,6
20425,51,57,-6,6
20426,56,63,-7,7
20427,69,80,-11,11
20428,71,76,-5,5
20429,103,106,-3,3
20430,94,99,-5,5
20431,157,175,-18,18
20432,122,115,7,7
20433,111,113,-2,2
20434,120,129,-9,9
20435,103,96,7,7
20436,62,70,-8,8
20437,130,130,0,0
20438,81,80,1,1
20439,166,144,22,22
20440,79,85,-6,6
20441,90,93,-3,3
20442,91,96,-5,5
20443,44,52,-8,8
20444,87,97,-10,10
20445,117,114,3,3
20446,101,111,-10,10
20447,106,115,-9,9
20448,102,94,8,8
20449,74,72,2,2
20450,175,164,11,11
20451,71,81,-10,10
20452,122,118,4,4
20453,165,156,9,9
20454,134,126,8,8
20455,192,178,14,14
20456,80,72,8,8
20457,65,66,-1,1
20458,105,111,-6,6
20459,121,114,7,7
20460,84,85,-1,1
20461,106,116,-10,10
20462,91,89,2,2
20463,174,174,0,0
20464,64,62,2,2
20465,58,66,-8,8
20466,76,70,6,6
20467,70,73,-3,3
20468,143,136,7,7
20469,92,88,4,4
20470,94,99,-5,5
20471,95,89,6,6
20472,119,114,5,5
20473,101,92,9,9
20474,110,108,2,2
20475,144,153,-9,9
20476,129,142,-13,13
20477,79,77,2,2
20478,99,105,-6,6
20479,85,84,1,1
20480,142,132,10,10
20481,77,83,-6,6
20482,62,69,-7,7
20483,122,127,-5,5
20484,106,112,-6,6
20485,52,54,-2,2
20486,79,80,-1,1
20487,95,84,11,11
20488,77,80,-3,3
20489,89,89,0,0
20490,70,76,-6,6
20491,97,97,0,0
20492,100,110,-10,10
20493,79,75,4,4
20494,138,138,0,0
20495,123,113,10,10
20496,152,132,20,20
20497,135,133,2,2
20498,83,85,-2,2
20499,118,106,12,12
20500,91,85,6,6
20501,83,84,-1,1
20502,77,79,-2,2
20503,69,72,-3,3
20504,68,71,-3,3
20505,139,132,7,7
20506,171,163,8,8
20507,80,80,0,0
20508,83,80,3,3
20509,108,106,2,2
20510,92,96,-4,4
20511,59,64,-5,5
20512,74,73,1,1
20513,62,66,-4,4
20514,138,133,5,5
20515,55,57,-2,2
20516,85,80,5,5
20517,77,76,1,1
20518,39,41,-2,2
20519,65,70,-5,5
20520,109,115,-6,6
20521,91,95,-4,4
20522,74,73,1,1
20523,74,82,-8,8
20524,154,149,5,5
20525,153,147,6,6
20526,40,29,11,11
20527,110,109,1,1
20528,63,65,-2,2
20529,114,110,4,4
20530,114,126,-12,12
20531,62,74,-12,12
20532,81,72,9,9
20533,49,57,-8,8
20534,63,66,-3,3
20535,93,93,0,0
20536,76,73,3,3
20537,146,145,1,1
20538,87,80,7,7
20539,162,159,3,3
20540,91,98,-7,7
20541,107,128,-21,21
20542,82,91,-9,9
20543,97,94,3,3
20544,42,50,-8,8
20545,81,79,2,2
20546,115,113,2,2
20547,120,115,5,5
20548,62,70,-8,8
20549,131,136,-5,5
20550,82,82,0,0
20551,59,66,-7,7
20552,127,134,-7,7
20553,100,91,9,9
20554,92,85,7,7
20555,55,65,-10,10
20556,111,112,-1,1
20557,92,91,1,1
20558,111,114,-3,3
20559,189,164,25,25
20560,93,80,13,13
20561,61,63,-2,2
20562,50,53,-3,3
20563,62,66,-4,4
20564,46,59,-13,13
20565,145,151,-6,6
20566,82,84,-2,2
20567,83,83,0,0
20568,78,77,1,1
20569,69,69,0,0
20570,117,108,9,9
20571,142,134,8,8
20572,111,111,0,0
20573,72,73,-1,1
20574,95,92,3,3
20575,141,127,14,14
20576,179,170,9,9
20577,85,89,-4,4
20578,286,199,87,87
20579,87,79,8,8
20580,93,96,-3,3
20581,87,82,5,5
20582,49,56,-7,7
20583,87,88,-1,1
20584,143,123,20,20
20585,98,109,-11,11
20586,70,71,-1,1
20587,112,114,-2,2
20588,53,61,-8,8
20589,55,63,-8,8
20590,88,85,3,3
20591,113,116,-3,3
20592,86,86,0,0
20593,59,50,9,9
20594,62,64,-2,2
20595,71,82,-11,11
20596,102,124,-22,22
20597,69,75,-6,6
20598,117,113,4,4
20599,79,80,-1,1
20600,131,134,-3,3
20601,45,52,-7,7
20602,81,84,-3,3
20603,62,73,-11,11
20604,82,86,-4,4
20605,86,90,-4,4
20606,52,55,-3,3
20607,79,82,-3,3
20608,108,100,8,8
20609,62,69,-7,7
20610,94,96,-2,2
20611,74,85,-11,11
20612,136,126,10,10
20613,151,141,10,10
20614,145,154,-9,9
20615,99,98,1,1
20616,169,183,-14,14
20617,69,72,-3,3
20618,54,59,-5,5
20619,93,83,10,10
20620,106,107,-1,1
20621,77,78,-1,1
20622,100,113,-13,13
20623,96,106,-10,10
20624,56,60,-4,4
20625,99,94,5,5
20626,115,117,-2,2
20627,90,87,3,3
20628,56,65,-9,9
20629,83,76,7,7
20630,117,109,8,8
20631,75,78,-3,3
20632,88,86,2,2
20633,80,78,2,2
20634,150,128,22,22
20635,126,114,12,12
20636,92,93,-1,1
20637,117,112,5,5
20638,75,79,-4,4
20639,92,81,11,11
20640,72,76,-4,4
20641,45,57,-12,12
20642,55,71,-16,16
20643,123,128,-5,5
20644,127,119,8,8
20645,128,131,-3,3
20646,161,161,0,0
20647,130,124,6,6
20648,87,80,7,7
20649,223,187,36,36
20650,79,83,-4,4
20651,155,145,10,10
20652,77,78,-1,1
20653,82,74,8,8
20654,101,107,-6,6
20655,89,97,-8,8
20656,106,109,-3,3
20657,68,62,6,6
20658,98,98,0,0
20659,102,108,-6,6
20660,88,79,9,9
20661,102,100,2,2
20662,173,153,20,20
20663,52,67,-15,15
20664,114,113,1,1
20665,85,76,9,9
20666,86,83,3,3
20667,77,76,1,1
20668,81,80,1,1
20669,89,86,3,3
20670,149,145,4,4
20671,68,77,-9,9
20672,77,76,1,1
20673,83,82,1,1
20674,71,74,-3,3
20675,71,75,-4,4
20676,91,97,-6,6
20677,56,71,-15,15
20678,80,86,-6,6
20679,129,121,8,8
20680,95,96,-1,1
20681,114,106,8,8
20682,149,136,13,13
20683,74,72,2,2
20684,84,76,8,8
20685,72,70,2,2
20686,119,116,3,3
20687,82,73,9,9
20688,94,119,-25,25
20689,89,101,-12,12
20690,45,56,-11,11
20691,77,69,8,8
20692,169,169,0,0
20693,100,88,12,12
20694,114,107,7,7
20695,95,92,3,3
20696,97,114,-17,17
20697,224,216,8,8
20698,96,101,-5,5
20699,66,72,-6,6
20700,97,98,-1,1
20701,113,112,1,1
20702,107,116,-9,9
20703,59,73,-14,14
20704,148,155,-7,7
20705,66,57,9,9
20706,151,155,-4,4
20707,87,82,5,5
20708,119,112,7,7
20709,63,63,0,0
20710,122,113,9,9
20711,75,73,2,2
20712,142,134,8,8
20713,33,37,-4,4
20714,86,84,2,2
20715,33,35,-2,2
20716,144,121,23,23
20717,124,118,6,6
20718,77,79,-2,2
20719,144,145,-1,1
20720,88,96,-8,8
20721,87,94,-7,7
20722,45,54,-9,9
20723,104,93,11,11
20724,70,75,-5,5
20725,87,83,4,4
20726,139,137,2,2
20727,136,134,2,2
20728,85,76,9,9
20729,106,111,-5,5
20730,134,125,9,9
20731,98,96,2,2
20732,77,79,-2,2
20733,131,134,-3,3
20734,125,144,-19,19
20735,76,78,-2,2
20736,110,107,3,3
20737,123,113,10,10
20738,56,57,-1,1
20739,62,68,-6,6
20740,59,65,-6,6
20741,96,104,-8,8
20742,107,100,7,7
20743,126,131,-5,5
20744,114,116,-2,2
20745,85,95,-10,10
20746,63,64,-1,1
20747,59,75,-16,16
20748,80,75,5,5
20749,93,87,6,6
20750,82,93,-11,11
20751,73,70,3,3
20752,133,126,7,7
20753,145,129,16,16
20754,78,77,1,1
20755,89,91,-2,2
20756,81,82,-1,1
20757,100,100,0,0
20758,129,140,-11,11
20759,80,82,-2,2
20760,122,115,7,7
20761,26,50,-24,24
20762,151,145,6,6
20763,118,125,-7,7
20764,146,132,14,14
20765,75,76,-1,1
20766,80,108,-28,28
20767,52,66,-14,14
20768,128,114,14,14
20769,76,95,-19,19
20770,73,76,-3,3
20771,55,63,-8,8
20772,94,100,-6,6
20773,115,106,9,9
20774,70,74,-4,4
20775,125,113,12,12
20776,50,54,-4,4
20777,90,94,-4,4
20778,110,108,2,2
20779,120,124,-4,4
20780,62,68,-6,6
20781,78,90,-12,12
20782,132,128,4,4
20783,46,56,-10,10
20784,140,148,-8,8
20785,97,95,2,2
20786,53,59,-6,6
20787,93,97,-4,4
20788,145,131,14,14
20789,84,88,-4,4
20790,121,124,-3,3
20791,124,127,-3,3
20792,65,65,0,0
20793,129,140,-11,11
20794,111,106,5,5
20795,81,72,9,9
20796,87,74,13,13
20797,64,71,-7,7
20798,92,85,7,7
20799,74,75,-1,1
20800,78,77,1,1
20801,72,79,-7,7
20802,101,104,-3,3
20803,35,50,-15,15
20804,171,158,13,13
20805,54,56,-2,2
20806,155,178,-23,23
20807,151,149,2,2
20808,45,51,-6,6
20809,87,85,2,2
20810,115,108,7,7
20811,75,71,4,4
20812,89,94,-5,5
20813,134,124,10,10
20814,65,70,-5,5
20815,51,59,-8,8
20816,33,38,-5,5
20817,85,100,-15,15
20818,114,108,6,6
20819,120,118,2,2
20820,83,84,-1,1
20821,106,112,-6,6
20822,41,55,-14,14
20823,101,117,-16,16
20824,134,125,9,9
20825,132,131,1,1
20826,53,49,4,4
20827,89,85,4,4
20828,120,126,-6,6
20829,106,113,-7,7
20830,165,146,19,19
20831,59,73,-14,14
20832,77,79,-2,2
20833,105,101,4,4
20834,113,113,0,0
20835,85,84,1,1
20836,57,62,-5,5
20837,101,110,-9,9
20838,109,109,0,0
20839,129,140,-11,11
20840,75,91,-16,16
20841,143,138,5,5
20842,48,57,-9,9
20843,115,126,-11,11
20844,57,112,-55,55
20845,76,78,-2,2
20846,79,77,2,2
20847,107,103,4,4
20848,61,69,-8,8
20849,134,134,0,0
20850,93,94,-1,1
20851,141,142,-1,1
20852,81,76,5,5
20853,65,75,-10,10
20854,148,140,8,8
20855,70,79,-9,9
20856,78,93,-15,15
20857,46,54,-8,8
20858,108,113,-5,5
20859,94,94,0,0
20860,165,164,1,1
20861,83,96,-13,13
20862,131,127,4,4
20863,91,84,7,7
20864,86,122,-36,36
20865,99,102,-3,3
20866,111,96,15,15
20867,93,95,-2,2
20868,82,78,4,4
20869,60,75,-15,15
20870,89,84,5,5
20871,153,151,2,2
20872,102,103,-1,1
20873,92,103,-11,11
20874,102,101,1,1
20875,118,126,-8,8
20876,75,72,3,3
20877,176,167,9,9
20878,129,121,8,8
20879,69,85,-16,16
20880,83,78,5,5
20881,124,125,-1,1
20882,68,66,2,2
20883,102,100,2,2
20884,63,67,-4,4
20885,96,111,-15,15
20886,120,131,-11,11
20887,75,83,-8,8
20888,111,115,-4,4
20889,181,163,18,18
20890,82,83,-1,1
20891,132,126,6,6
20892,48,74,-26,26
20893,75,78,-3,3
20894,64,69,-5,5
20895,41,50,-9,9
20896,64,80,-16,16
20897,97,101,-4,4
20898,77,81,-4,4
20899,91,85,6,6
20900,51,58,-7,7
20901,68,71,-3,3
20902,121,126,-5,5
20903,86,85,1,1
20904,59,68,-9,9
20905,107,112,-5,5
20906,84,93,-9,9
20907,55,59,-4,4
20908,76,93,-17,17
20909,93,83,10,10
20910,40,45,-5,5
20911,118,102,16,16
20912,156,157,-1,1
20913,126,121,5,5
20914,74,73,1,1
20915,96,100,-4,4
20916,121,120,1,1
20917,76,71,5,5
20918,122,132,-10,10
20919,89,84,5,5
20920,59,62,-3,3
20921,84,76,8,8
20922,83,80,3,3
20923,73,71,2,2
20924,63,64,-1,1
20925,64,73,-9,9
20926,125,115,10,10
20927,101,89,12,12
20928,122,133,-11,11
20929,63,69,-6,6
20930,107,109,-2,2
20931,68,72,-4,4
20932,74,77,-3,3
20933,102,103,-1,1
20934,119,125,-6,6
20935,106,97,9,9
20936,66,70,-4,4
20937,87,89,-2,2
20938,85,83,2,2
20939,66,64,2,2
20940,145,143,2,2
20941,180,159,21,21
20942,75,78,-3,3
20943,63,75,-12,12
20944,144,145,-1,1
20945,66,69,-3,3
20946,49,47,2,2
20947,98,102,-4,4
20948,77,71,6,6
20949,105,104,1,1
20950,81,101,-20,20
20951,92,84,8,8
20952,104,113,-9,9
20953,151,148,3,3
20954,51,61,-10,10
20955,124,129,-5,5
20956,84,82,2,2
20957,58,64,-6,6
20958,108,104,4,4
20959,41,52,-11,11
20960,151,143,8,8
20961,113,102,11,11
20962,138,130,8,8
20963,70,77,-7,7
20964,106,110,-4,4
20965,95,101,-6,6
20966,121,125,-4,4
20967,66,68,-2,2
20968,98,97,1,1
20969,70,75,-5,5
20970,142,138,4,4
20971,139,141,-2,2
20972,62,69,-7,7
20973,138,147,-9,9
20974,70,73,-3,3
20975,138,116,22,22
20976,105,103,2,2
20977,61,65,-4,4
20978,113,118,-5,5
20979,173,152,21,21
20980,94,90,4,4
20981,90,85,5,5
20982,112,111,1,1
20983,43,50,-7,7
20984,140,143,-3,3
20985,197,205,-8,8
20986,116,112,4,4
20987,229,209,20,20
20988,119,116,3,3
20989,80,69,11,11
20990,115,117,-2,2
20991,61,72,-11,11
20992,41,55,-14,14
20993,101,96,5,5
20994,185,189,-4,4
20995,46,53,-7,7
20996,221,211,10,10
20997,113,110,3,3
20998,60,64,-4,4
20999,116,103,13,13
21000,125,122,3,3
21001,99,99,0,0
21002,97,114,-17,17
21003,171,158,13,13
21004,79,80,-1,1
21005,73,77,-4,4
21006,80,91,-11,11
21007,148,134,14,14
21008,111,126,-15,15
21009,110,115,-5,5
21010,84,96,-12,12
21011,60,72,-12,12
21012,94,90,4,4
21013,57,63,-6,6
21014,118,120,-2,2
21015,115,118,-3,3
21016,118,129,-11,11
21017,133,122,11,11
21018,67,72,-5,5
21019,148,144,4,4
21020,34,91,-57,57
21021,59,62,-3,3
21022,71,70,1,1
21023,59,60,-1,1
21024,58,70,-12,12
21025,61,61,0,0
21026,105,109,-4,4
21027,144,142,2,2
21028,135,130,5,5
21029,120,117,3,3
21030,180,175,5,5
21031,177,156,21,21
21032,115,132,-17,17
21033,138,128,10,10
21034,113,100,13,13
21035,97,96,1,1
21036,88,82,6,6
21037,108,120,-12,12
21038,106,101,5,5
21039,81,80,1,1
21040,105,102,3,3
21041,30,29,1,1
21042,97,102,-5,5
21043,39,36,3,3
21044,57,60,-3,3
21045,92,116,-24,24
21046,85,83,2,2
21047,94,85,9,9
21048,165,150,15,15
21049,119,121,-2,2
21050,120,114,6,6
21051,139,128,11,11
21052,42,51,-9,9
21053,78,80,-2,2
21054,78,84,-6,6
21055,73,71,2,2
21056,84,84,0,0
21057,159,147,12,12
21058,84,90,-6,6
21059,133,129,4,4
21060,87,94,-7,7
21061,147,131,16,16
21062,83,80,3,3
21063,51,70,-19,19
21064,107,103,4,4
21065,62,66,-4,4
21066,94,87,7,7
21067,62,68,-6,6
21068,79,79,0,0
21069,177,152,25,25
21070,104,84,20,20
21071,85,96,-11,11
21072,100,97,3,3
21073,69,70,-1,1
21074,119,123,-4,4
21075,90,77,13,13
21076,82,76,6,6
21077,54,57,-3,3
21078,115,106,9,9
21079,74,73,1,1
21080,113,111,2,2
21081,56,62,-6,6
21082,68,76,-8,8
21083,195,184,11,11
21084,150,131,19,19
21085,62,73,-11,11
21086,71,73,-2,2
21087,81,80,1,1
21088,131,132,-1,1
21089,90,84,6,6
21090,86,95,-9,9
21091,168,175,-7,7
21092,101,100,1,1
21093,109,107,2,2
21094,71,111,-40,40
21095,67,70,-3,3
21096,115,109,6,6
21097,95,104,-9,9
21098,84,83,1,1
21099,74,84,-10,10
21100,69,70,-1,1
21101,63,71,-8,8
21102,127,121,6,6
21103,82,93,-11,11
21104,78,77,1,1
21105,78,82,-4,4
21106,147,148,-1,1
21107,96,97,-1,1
21108,72,83,-11,11
21109,65,67,-2,2
21110,107,111,-4,4
21111,119,110,9,9
21112,101,97,4,4
21113,162,150,12,12
21114,119,117,2,2
21115,93,97,-4,4
21116,102,101,1,1
21117,145,143,2,2
21118,94,90,4,4
21119,83,82,1,1
21120,166,157,9,9
21121,63,71,-8,8
21122,90,90,0,0
21123,53,60,-7,7
21124,103,105,-2,2
21125,117,112,5,5
21126,99,101,-2,2
21127,44,39,5,5
21128,149,141,8,8
21129,104,101,3,3
21130,225,218,7,7
21131,101,100,1,1
21132,101,101,0,0
21133,76,71,5,5
21134,80,77,3,3
21135,70,69,1,1
21136,130,110,20,20
21137,148,141,7,7
21138,70,82,-12,12
21139,137,147,-10,10
21140,59,62,-3,3
21141,71,76,-5,5
21142,134,128,6,6
21143,116,107,9,9
21144,104,103,1,1
21145,63,73,-10,10
21146,61,65,-4,4
21147,89,112,-23,23
21148,61,63,-2,2
21149,97,94,3,3
21150,102,101,1,1
21151,63,67,-4,4
21152,165,161,4,4
21153,88,99,-11,11
21154,112,97,15,15
21155,90,88,2,2
21156,179,171,8,8
21157,89,101,-12,12
21158,19,30,-11,11
21159,123,115,8,8
21160,111,139,-28,28
21161,89,84,5,5
21162,86,100,-14,14
21163,92,98,-6,6
21164,93,88,5,5
21165,91,90,1,1
21166,70,73,-3,3
21167,105,104,1,1
21168,85,80,5,5
21169,78,74,4,4
21170,112,113,-1,1
21171,96,100,-4,4
21172,54,64,-10,10
21173,121,108,13,13
21174,131,126,5,5
21175,66,71,-5,5
21176,61,68,-7,7
21177,80,82,-2,2
21178,89,85,4,4
21179,74,67,7,7
21180,65,79,-14,14
21181,101,108,-7,7
21182,97,85,12,12
21183,108,112,-4,4
21184,96,103,-7,7
21185,132,128,4,4
21186,62,63,-1,1
21187,82,78,4,4
21188,154,136,18,18
21189,82,85,-3,3
21190,50,59,-9,9
21191,68,64,4,4
21192,124,130,-6,6
21193,74,72,2,2
21194,149,151,-2,2
21195,59,64,-5,5
21196,56,61,-5,5
21197,58,65,-7,7
21198,151,156,-5,5
21199,113,110,3,3
21200,74,103,-29,29
21201,71,70,1,1
21202,86,84,2,2
21203,65,66,-1,1
21204,69,73,-4,4
21205,161,158,3,3
21206,89,92,-3,3
21207,36,43,-7,7
21208,55,58,-3,3
21209,97,96,1,1
21210,89,79,10,10
21211,64,67,-3,3
21212,98,102,-4,4
21213,89,82,7,7
21214,44,46,-2,2
21215,162,157,5,5
21216,126,133,-7,7
21217,82,83,-1,1
21218,77,86,-9,9
21219,81,83,-2,2
21220,137,132,5,5
21221,69,72,-3,3
21222,86,84,2,2
21223,67,73,-6,6
21224,101,98,3,3
21225,74,79,-5,5
21226,71,72,-1,1
21227,66,69,-3,3
21228,104,105,-1,1
21229,111,125,-14,14
21230,86,92,-6,6
21231,96,99,-3,3
21232,79,76,3,3
21233,183,193,-10,10
21234,89,84,5,5
21235,133,123,10,10
21236,80,79,1,1
21237,72,73,-1,1
21238,109,101,8,8
21239,107,104,3,3
21240,84,79,5,5
21241,67,65,2,2
21242,102,100,2,2
21243,66,200,-134,134
21244,132,136,-4,4
21245,103,107,-4,4
21246,91,97,-6,6
21247,111,115,-4,4
21248,110,102,8,8
21249,156,157,-1,1
21250,44,45,-1,1
21251,48,52,-4,4
21252,79,88,-9,9
21253,58,58,0,0
21254,134,125,9,9
21255,105,107,-2,2
21256,79,75,4,4
21257,124,162,-38,38
21258,109,100,9,9
21259,79,75,4,4
21260,66,72,-6,6
21261,93,91,2,2
21262,93,94,-1,1
21263,85,97,-12,12
21264,92,91,1,1
21265,103,105,-2,2
21266,104,101,3,3
21267,108,111,-3,3
21268,82,79,3,3
21269,92,99,-7,7
21270,41,46,-5,5
21271,47,54,-7,7
21272,79,78,1,1
21273,101,112,-11,11
21274,66,74,-8,8
21275,83,80,3,3
21276,89,77,12,12
21277,55,63,-8,8
21278,137,132,5,5
21279,92,88,4,4
21280,131,129,2,2
21281,99,94,5,5
21282,100,110,-10,10
21283,82,79,3,3
21284,57,64,-7,7
21285,74,80,-6,6
21286,79,82,-3,3
21287,83,80,3,3
21288,118,117,1,1
21289,133,162,-29,29
21290,129,127,2,2
21291,70,87,-17,17
21292,145,137,8,8
21293,149,119,30,30
21294,113,119,-6,6
21295,56,69,-13,13
21296,44,49,-5,5
21297,89,100,-11,11
21298,90,95,-5,5
21299,74,71,3,3
21300,117,117,0,0
21301,65,63,2,2
21302,48,58,-10,10
21303,92,90,2,2
21304,72,73,-1,1
21305,83,75,8,8
21306,63,70,-7,7
21307,135,124,11,11
21308,147,151,-4,4
21309,142,149,-7,7
21310,122,110,12,12
21311,77,77,0,0
21312,106,108,-2,2
21313,65,72,-7,7
21314,70,68,2,2
21315,124,116,8,8
21316,100,98,2,2
21317,56,60,-4,4
21318,72,71,1,1
21319,83,83,0,0
21320,66,67,-1,1
21321,45,56,-11,11
21322,162,159,3,3
21323,85,89,-4,4
21324,115,117,-2,2
21325,122,122,0,0
21326,72,73,-1,1
21327,68,73,-5,5
21328,65,69,-4,4
21329,84,81,3,3
21330,161,146,15,15
21331,149,139,10,10
21332,109,106,3,3
21333,57,67,-10,10
21334,85,79,6,6
21335,100,97,3,3
21336,171,135,36,36
21337,73,77,-4,4
21338,78,81,-3,3
21339,67,79,-12,12
21340,122,130,-8,8
21341,84,77,7,7
21342,171,155,16,16
21343,87,85,2,2
21344,140,123,17,17
21345,86,97,-11,11
21346,85,95,-10,10
21347,50,54,-4,4
21348,78,81,-3,3
21349,67,63,4,4
21350,81,79,2,2
21351,75,76,-1,1
21352,91,94,-3,3
21353,119,119,0,0
21354,138,140,-2,2
21355,58,64,-6,6
21356,137,129,8,8
21357,88,99,-11,11
21358,122,117,5,5
21359,106,101,5,5
21360,101,108,-7,7
21361,88,89,-1,1
21362,83,76,7,7
21363,80,79,1,1
21364,111,113,-2,2
21365,183,177,6,6
21366,73,74,-1,1
21367,97,94,3,3
21368,55,66,-11,11
21369,116,124,-8,8
21370,78,79,-1,1
21371,99,100,-1,1
21372,141,129,12,12
21373,56,61,-5,5
21374,65,68,-3,3
21375,72,73,-1,1
21376,99,75,24,24
21377,96,90,6,6
21378,69,76,-7,7
21379,94,109,-15,15
21380,98,87,11,11
21381,55,66,-11,11
21382,107,110,-3,3
21383,68,68,0,0
21384,84,86,-2,2
21385,65,68,-3,3
21386,177,153,24,24
21387,62,63,-1,1
21388,182,167,15,15
21389,72,57,15,15
21390,151,148,3,3
21391,80,75,5,5
21392,122,128,-6,6
21393,136,122,14,14
21394,141,135,6,6
21395,88,84,4,4
21396,88,81,7,7
21397,127,121,6,6
21398,92,98,-6,6
21399,74,70,4,4
21400,111,107,4,4
21401,204,202,2,2
21402,111,103,8,8
21403,59,60,-1,1
21404,129,113,16,16
21405,107,105,2,2
21406,104,99,5,5
21407,76,80,-4,4
21408,113,119,-6,6
21409,110,109,1,1
21410,69,68,1,1
21411,67,71,-4,4
21412,85,80,5,5
21413,94,99,-5,5
21414,93,86,7,7
21415,90,94,-4,4
21416,61,54,7,7
21417,56,57,-1,1
21418,114,109,5,5
21419,71,69,2,2
21420,86,90,-4,4
21421,114,117,-3,3
21422,50,56,-6,6
21423,155,150,5,5
21424,108,116,-8,8
21425,104,88,16,16
21426,89,84,5,5
21427,75,74,1,1
21428,149,148,1,1
21429,94,87,7,7
21430,63,78,-15,15
21431,127,138,-11,11
21432,103,102,1,1
21433,90,82,8,8
21434,64,72,-8,8
21435,144,137,7,7
21436,119,113,6,6
21437,45,57,-12,12
21438,78,76,2,2
21439,45,61,-16,16
21440,113,119,-6,6
21441,89,94,-5,5
21442,122,125,-3,3
21443,93,96,-3,3
21444,54,61,-7,7
21445,89,80,9,9
21446,85,79,6,6
21447,101,102,-1,1
21448,132,144,-12,12
21449,47,49,-2,2
21450,83,82,1,1
21451,89,79,10,10
21452,77,73,4,4
21453,150,136,14,14
21454,130,115,15,15
21455,85,85,0,0
21456,114,110,4,4
21457,155,153,2,2
21458,63,64,-1,1
21459,94,100,-6,6
21460,42,44,-2,2
21461,138,142,-4,4
21462,78,84,-6,6
21463,79,79,0,0
21464,95,96,-1,1
21465,80,73,7,7
21466,80,92,-12,12
21467,39,51,-12,12
21468,143,131,12,12
21469,88,85,3,3
21470,47,57,-10,10
21471,70,70,0,0
21472,174,165,9,9
21473,148,143,5,5
21474,185,171,14,14
21475,122,134,-12,12
21476,138,133,5,5
21477,99,97,2,2
21478,50,59,-9,9
21479,104,92,12,12
21480,69,71,-2,2
21481,127,120,7,7
21482,59,68,-9,9
21483,89,88,1,1
21484,81,83,-2,2
21485,64,72,-8,8
21486,124,124,0,0
21487,75,84,-9,9
21488,102,100,2,2
21489,156,147,9,9
21490,81,81,0,0
21491,90,85,5,5
21492,58,76,-18,18
21493,153,138,15,15
21494,100,96,4,4
21495,133,123,10,10
21496,133,125,8,8
21497,68,74,-6,6
21498,104,101,3,3
21499,74,73,1,1
21500,138,127,11,11
21501,83,84,-1,1
21502,125,140,-15,15
21503,98,102,-4,4
21504,92,91,1,1
21505,39,46,-7,7
21506,93,93,0,0
21507,47,62,-15,15
21508,72,73,-1,1
21509,138,131,7,7
21510,81,82,-1,1
21511,102,105,-3,3
21512,146,141,5,5
21513,80,76,4,4
21514,76,72,4,4
21515,130,143,-13,13
21516,138,127,11,11
21517,69,77,-8,8
21518,134,121,13,13
21519,73,77,-4,4
21520,55,65,-10,10
21521,68,74,-6,6
21522,78,94,-16,16
21523,85,82,3,3
21524,118,114,4,4
21525,80,80,0,0
21526,153,158,-5,5
21527,81,72,9,9
21528,85,84,1,1
21529,117,114,3,3
21530,126,126,0,0
21531,34,36,-2,2
21532,72,69,3,3
21533,138,129,9,9
21534,82,84,-2,2
21535,113,118,-5,5
21536,63,72,-9,9
21537,80,70,10,10
21538,67,69,-2,2
21539,117,128,-11,11
21540,120,115,5,5
21541,75,72,3,3
21542,117,113,4,4
21543,103,111,-8,8
21544,149,158,-9,9
21545,169,171,-2,2
21546,85,99,-14,14
21547,91,86,5,5
21548,121,126,-5,5
21549,95,110,-15,15
21550,123,128,-5,5
21551,36,52,-16,16
21552,71,74,-3,3
21553,106,102,4,4
21554,101,91,10,10
21555,60,78,-18,18
21556,68,69,-1,1
21557,76,75,1,1
21558,91,85,6,6
21559,84,84,0,0
21560,97,102,-5,5
21561,75,82,-7,7
21562,44,52,-8,8
21563,78,67,11,11
21564,55,62,-7,7
21565,106,112,-6,6
21566,125,123,2,2
21567,185,168,17,17
21568,148,174,-26,26
21569,156,147,9,9
21570,128,120,8,8
21571,96,95,1,1
21572,99,95,4,4
21573,63,73,-10,10
21574,78,84,-6,6
21575,162,139,23,23
21576,75,76,-1,1
21577,103,100,3,3
21578,110,103,7,7
21579,116,112,4,4
21580,51,61,-10,10
21581,126,122,4,4
21582,37,50,-13,13
21583,109,107,2,2
21584,115,119,-4,4
21585,70,69,1,1
21586,94,99,-5,5
21587,113,111,2,2
21588,91,89,2,2
21589,71,75,-4,4
21590,55,61,-6,6
21591,63,73,-10,10
21592,59,62,-3,3
21593,81,78,3,3
21594,135,137,-2,2
21595,95,93,2,2
21596,67,75,-8,8
21597,80,80,0,0
21598,73,84,-11,11
21599,98,90,8,8
21600,104,96,8,8
21601,63,58,5,5
21602,60,60,0,0
21603,117,114,3,3
21604,60,64,-4,4
21605,127,125,2,2
21606,121,104,17,17
21607,118,117,1,1
21608,80,77,3,3
21609,77,77,0,0
21610,104,100,4,4
21611,182,205,-23,23
21612,90,95,-5,5
21613,49,55,-6,6
21614,86,85,1,1
21615,88,86,2,2
21616,114,105,9,9
21617,56,60,-4,4
21618,66,64,2,2
21619,68,80,-12,12
21620,88,89,-1,1
21621,45,73,-28,28
21622,231,222,9,9
21623,136,127,9,9
21624,69,69,0,0
21625,123,131,-8,8
21626,60,62,-2,2
21627,72,74,-2,2
21628,84,89,-5,5
21629,123,125,-2,2
21630,58,71,-13,13
21631,58,63,-5,5
21632,71,66,5,5
21633,97,92,5,5
21634,61,65,-4,4
21635,57,64,-7,7
21636,172,166,6,6
21637,62,68,-6,6
21638,112,104,8,8
21639,126,123,3,3
21640,85,84,1,1
21641,105,116,-11,11
21642,100,103,-3,3
21643,117,130,-13,13
21644,76,87,-11,11
21645,85,84,1,1
21646,187,161,26,26
21647,145,141,4,4
21648,64,75,-11,11
21649,107,101,6,6
21650,140,138,2,2
21651,46,57,-11,11
21652,63,64,-1,1
21653,93,92,1,1
21654,111,113,-2,2
21655,60,64,-4,4
21656,120,115,5,5
21657,67,73,-6,6
21658,157,148,9,9
21659,133,132,1,1
21660,112,120,-8,8
21661,119,132,-13,13
21662,86,83,3,3
21663,128,130,-2,2
21664,109,103,6,6
21665,133,126,7,7
21666,62,63,-1,1
21667,167,156,11,11
21668,122,113,9,9
21669,42,47,-5,5
21670,66,68,-2,2
21671,110,109,1,1
21672,84,98,-14,14
21673,115,112,3,3
21674,174,165,9,9
21675,85,84,1,1
21676,100,98,2,2
21677,56,64,-8,8
21678,72,70,2,2
21679,87,90,-3,3
21680,70,89,-19,19
21681,76,75,1,1
21682,89,85,4,4
21683,69,70,-1,1
21684,175,159,16,16
21685,191,172,19,19
21686,66,66,0,0
21687,145,144,1,1
21688,127,115,12,12
21689,54,56,-2,2
21690,70,68,2,2
21691,67,68,-1,1
21692,77,76,1,1
21693,119,130,-11,11
21694,38,53,-15,15
21695,77,77,0,0
21696,49,54,-5,5
21697,63,78,-15,15
21698,40,45,-5,5
21699,69,77,-8,8
21700,35,46,-11,11
21701,93,87,6,6
21702,61,77,-16,16
21703,50,54,-4,4
21704,113,118,-5,5
21705,123,112,11,11
21706,75,76,-1,1
21707,94,88,6,6
21708,71,77,-6,6
21709,114,120,-6,6
21710,68,65,3,3
21711,129,142,-13,13
21712,61,56,5,5
21713,92,85,7,7
21714,76,71,5,5
21715,106,95,11,11
21716,123,119,4,4
21717,89,89,0,0
21718,88,94,-6,6
21719,48,59,-11,11
21720,87,91,-4,4
21721,53,63,-10,10
21722,120,114,6,6
21723,105,110,-5,5
21724,117,112,5,5
21725,128,119,9,9
21726,173,159,14,14
21727,85,85,0,0
21728,97,91,6,6
21729,101,99,2,2
21730,67,71,-4,4
21731,71,75,-4,4
21732,89,82,7,7
21733,85,94,-9,9
21734,83,83,0,0
21735,78,74,4,4
21736,76,75,1,1
21737,115,112,3,3
21738,68,69,-1,1
21739,75,73,2,2
21740,106,96,10,10
21741,76,74,2,2
21742,123,121,2,2
21743,82,85,-3,3
21744,82,84,-2,2
21745,162,158,4,4
21746,64,72,-8,8
21747,66,60,6,6
21748,48,52,-4,4
21749,86,94,-8,8
21750,59,69,-10,10
21751,118,115,3,3
21752,75,75,0,0
21753,138,126,12,12
21754,50,55,-5,5
21755,96,83,13,13
21756,68,71,-3,3
21757,83,83,0,0
21758,93,110,-17,17
21759,78,83,-5,5
21760,45,50,-5,5
21761,85,84,1,1
21762,123,112,11,11
21763,42,55,-13,13
21764,84,82,2,2
21765,123,119,4,4
21766,45,59,-14,14
21767,88,89,-1,1
21768,85,84,1,1
21769,79,71,8,8
21770,75,76,-1,1
21771,125,123,2,2
21772,33,43,-10,10
21773,84,86,-2,2
21774,117,122,-5,5
21775,79,80,-1,1
21776,190,186,4,4
21777,112,113,-1,1
21778,86,89,-3,3
21779,115,110,5,5
21780,74,73,1,1
21781,85,87,-2,2
21782,28,29,-1,1
21783,45,54,-9,9
21784,115,113,2,2
21785,92,84,8,8
21786,78,74,4,4
21787,129,125,4,4
21788,119,113,6,6
21789,78,77,1,1
21790,78,67,11,11
21791,211,194,17,17
21792,95,101,-6,6
21793,101,98,3,3
21794,163,152,11,11
21795,168,158,10,10
21796,109,109,0,0
21797,98,104,-6,6
21798,61,64,-3,3
21799,131,132,-1,1
21800,74,73,1,1
21801,66,75,-9,9
21802,130,123,7,7
21803,71,71,0,0
21804,135,139,-4,4
21805,88,83,5,5
21806,150,171,-21,21
21807,152,140,12,12
21808,117,103,14,14
21809,133,131,2,2
21810,77,79,-2,2
21811,75,70,5,5
21812,63,64,-1,1
21813,73,71,2,2
21814,72,74,-2,2
21815,62,78,-16,16
21816,98,102,-4,4
21817,103,98,5,5
21818,167,184,-17,17
21819,73,80,-7,7
21820,68,67,1,1
21821,104,104,0,0
21822,96,99,-3,3
21823,165,163,2,2
21824,128,128,0,0
21825,147,140,7,7
21826,139,139,0,0
21827,156,142,14,14
21828,86,91,-5,5
21829,78,77,1,1
21830,78,75,3,3
21831,89,83,6,6
21832,115,110,5,5
21833,122,120,2,2
21834,47,61,-14,14
21835,60,74,-14,14
21836,87,100,-13,13
21837,77,77,0,0
21838,115,103,12,12
21839,105,89,16,16
21840,120,120,0,0
21841,95,91,4,4
21842,103,99,4,4
21843,57,62,-5,5
21844,132,123,9,9
21845,118,101,17,17
21846,134,116,18,18
21847,85,97,-12,12
21848,130,139,-9,9
21849,107,114,-7,7
21850,112,111,1,1
21851,63,67,-4,4
21852,176,167,9,9
21853,83,78,5,5
21854,88,100,-12,12
21855,141,125,16,16
21856,121,118,3,3
21857,119,112,7,7
21858,51,62,-11,11
21859,60,66,-6,6
21860,103,86,17,17
21861,122,114,8,8
21862,79,80,-1,1
21863,103,97,6,6
21864,86,78,8,8
21865,58,69,-11,11
21866,103,104,-1,1
21867,89,82,7,7
21868,94,87,7,7
21869,115,117,-2,2
21870,151,173,-22,22
21871,97,97,0,0
21872,88,84,4,4
21873,78,77,1,1
21874,79,75,4,4
21875,51,49,2,2
21876,77,91,-14,14
21877,98,85,13,13
21878,160,140,20,20
21879,114,113,1,1
21880,95,100,-5,5
21881,77,80,-3,3
21882,75,77,-2,2
21883,142,135,7,7
21884,72,75,-3,3
21885,150,135,15,15
21886,67,74,-7,7
21887,104,106,-2,2
21888,95,100,-5,5
21889,116,111,5,5
21890,43,75,-32,32
21891,98,99,-1,1
21892,85,77,8,8
21893,93,86,7,7
21894,106,104,2,2
21895,99,100,-1,1
21896,179,170,9,9
21897,61,77,-16,16
21898,77,78,-1,1
21899,64,68,-4,4
21900,90,95,-5,5
21901,106,113,-7,7
21902,67,68,-1,1
21903,102,100,2,2
21904,94,66,28,28
21905,92,86,6,6
21906,81,77,4,4
21907,84,80,4,4
21908,131,137,-6,6
21909,96,99,-3,3
21910,89,84,5,5
21911,107,104,3,3
21912,73,78,-5,5
21913,81,75,6,6
21914,69,77,-8,8
21915,73,76,-3,3
21916,150,153,-3,3
21917,115,104,11,11
21918,90,83,7,7
21919,63,77,-14,14
21920,138,125,13,13
21921,125,128,-3,3
21922,111,111,0,0
21923,124,115,9,9
21924,37,49,-12,12
21925,114,115,-1,1
21926,67,70,-3,3
21927,116,114,2,2
21928,134,142,-8,8
21929,58,65,-7,7
21930,75,73,2,2
21931,119,115,4,4
21932,94,85,9,9
21933,72,70,2,2
21934,144,147,-3,3
21935,86,85,1,1
21936,112,110,2,2
21937,57,60,-3,3
21938,121,127,-6,6
21939,118,114,4,4
21940,79,78,1,1
21941,53,56,-3,3
21942,61,57,4,4
21943,90,99,-9,9
21944,114,115,-1,1
21945,101,103,-2,2
21946,180,176,4,4
21947,136,151,-15,15
21948,100,100,0,0
21949,107,108,-1,1
21950,95,101,-6,6
21951,75,76,-1,1
21952,86,95,-9,9
21953,71,79,-8,8
21954,126,127,-1,1
21955,125,120,5,5
21956,162,156,6,6
21957,71,76,-5,5
21958,60,61,-1,1
21959,118,124,-6,6
21960,104,81,23,23
21961,117,113,4,4
21962,144,135,9,9
21963,78,83,-5,5
21964,95,95,0,0
21965,157,144,13,13
21966,70,74,-4,4
21967,68,72,-4,4
21968,125,120,5,5
21969,111,95,16,16
21970,112,105,7,7
21971,118,106,12,12
21972,71,64,7,7
21973,126,114,12,12
21974,96,96,0,0
21975,59,69,-10,10
21976,82,90,-8,8
21977,101,109,-8,8
21978,80,84,-4,4
21979,61,63,-2,2
21980,89,97,-8,8
21981,107,96,11,11
21982,55,61,-6,6
21983,99,96,3,3
21984,131,139,-8,8
21985,80,76,4,4
21986,110,95,15,15
21987,94,96,-2,2
21988,32,29,3,3
21989,105,106,-1,1
21990,103,108,-5,5
21991,152,156,-4,4
21992,136,122,14,14
21993,78,74,4,4
21994,68,67,1,1
21995,68,78,-10,10
21996,36,34,2,2
21997,111,116,-5,5
21998,64,63,1,1
21999,70,73,-3,3
22000,89,85,4,4
22001,103,99,4,4
22002,79,79,0,0
22003,175,174,1,1
22004,103,115,-12,12
22005,84,80,4,4
22006,79,77,2,2
22007,93,99,-6,6
22008,124,122,2,2
22009,106,109,-3,3
22010,144,128,16,16
22011,100,99,1,1
22012,70,76,-6,6
22013,122,129,-7,7
22014,101,102,-1,1
22015,125,122,3,3
22016,94,88,6,6
22017,134,144,-10,10
22018,69,73,-4,4
22019,119,108,11,11
22020,106,99,7,7
22021,122,124,-2,2
22022,54,59,-5,5
22023,89,87,2,2
22024,76,91,-15,15
22025,86,85,1,1
22026,144,128,16,16
22027,93,82,11,11
22028,105,111,-6,6
22029,101,103,-2,2
22030,81,91,-10,10
22031,85,84,1,1
22032,157,137,20,20
22033,112,118,-6,6
22034,76,79,-3,3
22035,85,91,-6,6
22036,141,121,20,20
22037,87,92,-5,5
22038,71,79,-8,8
22039,104,111,-7,7
22040,73,77,-4,4
22041,143,134,9,9
22042,92,100,-8,8
22043,80,85,-5,5
22044,98,103,-5,5
22045,80,76,4,4
22046,54,64,-10,10
22047,134,147,-13,13
22048,70,70,0,0
22049,114,114,0,0
22050,80,71,9,9
22051,90,83,7,7
22052,82,90,-8,8
22053,103,101,2,2
22054,82,79,3,3
22055,92,89,3,3
22056,82,81,1,1
22057,66,71,-5,5
22058,124,166,-42,42
22059,61,70,-9,9
22060,63,71,-8,8
22061,91,96,-5,5
22062,72,72,0,0
22063,54,68,-14,14
22064,87,84,3,3
22065,104,113,-9,9
22066,61,67,-6,6
22067,125,111,14,14
22068,129,133,-4,4
22069,33,49,-16,16
22070,97,102,-5,5
22071,73,88,-15,15
22072,154,141,13,13
22073,74,73,1,1
22074,125,126,-1,1
22075,54,60,-6,6
22076,68,75,-7,7
22077,91,85,6,6
22078,68,70,-2,2
22079,92,105,-13,13
22080,117,105,12,12
22081,98,112,-14,14
22082,124,111,13,13
22083,71,76,-5,5
22084,66,69,-3,3
22085,37,47,-10,10
22086,108,105,3,3
22087,59,62,-3,3
22088,84,84,0,0
22089,162,155,7,7
22090,108,112,-4,4
22091,120,115,5,5
22092,102,111,-9,9
22093,68,82,-14,14
22094,146,127,19,19
22095,116,117,-1,1
22096,66,72,-6,6
22097,67,71,-4,4
22098,46,60,-14,14
22099,92,84,8,8
22100,150,131,19,19
22101,58,58,0,0
22102,103,112,-9,9
22103,112,100,12,12
22104,90,101,-11,11
22105,98,96,2,2
22106,54,64,-10,10
22107,76,79,-3,3
22108,77,82,-5,5
22109,111,108,3,3
22110,118,122,-4,4
22111,125,121,4,4
22112,94,102,-8,8
22113,73,77,-4,4
22114,173,170,3,3
22115,155,157,-2,2
22116,120,128,-8,8
22117,86,77,9,9
22118,115,111,4,4
22119,149,138,11,11
22120,68,84,-16,16
22121,130,112,18,18
22122,65,73,-8,8
22123,63,55,8,8
22124,39,42,-3,3
22125,82,79,3,3
22126,74,69,5,5
22127,57,71,-14,14
22128,105,112,-7,7
22129,106,106,0,0
22130,126,150,-24,24
22131,113,112,1,1
22132,109,112,-3,3
22133,95,101,-6,6
22134,86,77,9,9
22135,99,98,1,1
22136,65,78,-13,13
22137,70,73,-3,3
22138,66,67,-1,1
22139,45,52,-7,7
22140,77,79,-2,2
22141,50,60,-10,10
22142,105,106,-1,1
22143,101,113,-12,12
22144,62,71,-9,9
22145,82,93,-11,11
22146,69,65,4,4
22147,122,137,-15,15
22148,147,144,3,3
22149,220,219,1,1
22150,69,71,-2,2
22151,93,86,7,7
22152,111,107,4,4
22153,152,151,1,1
22154,124,126,-2,2
22155,43,45,-2,2
22156,112,100,12,12
22157,83,82,1,1
22158,140,134,6,6
22159,110,110,0,0
22160,71,80,-9,9
22161,96,113,-17,17
22162,148,151,-3,3
22163,53,44,9,9
22164,120,111,9,9
22165,188,192,-4,4
22166,29,42,-13,13
22167,117,115,2,2
22168,104,101,3,3
22169,81,78,3,3
22170,124,127,-3,3
22171,103,116,-13,13
22172,139,140,-1,1
22173,79,70,9,9
22174,133,124,9,9
22175,112,114,-2,2
22176,99,109,-10,10
22177,101,97,4,4
22178,75,69,6,6
22179,110,107,3,3
22180,121,118,3,3
22181,110,113,-3,3
22182,68,83,-15,15
22183,99,95,4,4
22184,67,76,-9,9
22185,72,79,-7,7
22186,151,135,16,16
22187,87,93,-6,6
22188,83,84,-1,1
22189,58,73,-15,15
22190,56,60,-4,4
22191,72,71,1,1
22192,91,88,3,3
22193,61,62,-1,1
22194,95,82,13,13
22195,101,98,3,3
22196,98,94,4,4
22197,128,131,-3,3
22198,183,173,10,10
22199,68,72,-4,4
22200,97,97,0,0
22201,74,75,-1,1
22202,127,127,0,0
22203,91,87,4,4
22204,95,92,3,3
22205,83,80,3,3
22206,130,127,3,3
22207,143,89,54,54
22208,68,76,-8,8
22209,72,71,1,1
22210,81,82,-1,1
22211,63,69,-6,6
22212,92,85,7,7
22213,70,83,-13,13
22214,114,120,-6,6
22215,119,108,11,11
22216,130,129,1,1
22217,94,97,-3,3
22218,104,108,-4,4
22219,99,106,-7,7
22220,55,68,-13,13
22221,111,113,-2,2
22222,101,92,9,9
22223,86,85,1,1
22224,89,92,-3,3
22225,91,112,-21,21
22226,140,140,0,0
22227,74,77,-3,3
22228,82,82,0,0
22229,103,86,17,17
22230,104,93,11,11
22231,75,83,-8,8
22232,92,104,-12,12
22233,53,61,-8,8
22234,74,83,-9,9
22235,38,40,-2,2
22236,141,133,8,8
22237,91,90,1,1
22238,97,92,5,5
22239,115,110,5,5
22240,141,140,1,1
22241,72,81,-9,9
22242,87,92,-5,5
22243,114,114,0,0
22244,96,88,8,8
22245,68,79,-11,11
22246,123,127,-4,4
22247,91,87,4,4
22248,91,85,6,6
22249,116,120,-4,4
22250,49,73,-24,24
22251,57,62,-5,5
22252,124,125,-1,1
22253,88,100,-12,12
22254,129,127,2,2
22255,55,58,-3,3
22256,188,169,19,19
22257,64,69,-5,5
22258,71,73,-2,2
22259,45,51,-6,6
22260,93,104,-11,11
22261,68,70,-2,2
22262,161,173,-12,12
22263,69,80,-11,11
22264,113,115,-2,2
22265,74,84,-10,10
22266,58,65,-7,7
22267,149,151,-2,2
22268,49,56,-7,7
22269,96,96,0,0
22270,122,114,8,8
22271,92,83,9,9
22272,124,129,-5,5
22273,93,91,2,2
22274,149,153,-4,4
22275,179,168,11,11
22276,147,150,-3,3
22277,121,121,0,0
22278,62,65,-3,3
22279,50,55,-5,5
22280,54,57,-3,3
22281,104,97,7,7
22282,73,72,1,1
22283,101,105,-4,4
22284,71,77,-6,6
22285,90,90,0,0
22286,71,71,0,0
22287,72,76,-4,4
22288,61,85,-24,24
22289,65,65,0,0
22290,81,81,0,0
22291,37,56,-19,19
22292,65,72,-7,7
22293,128,120,8,8
22294,55,83,-28,28
22295,55,69,-14,14
22296,131,120,11,11
22297,67,64,3,3
22298,138,136,2,2
22299,66,68,-2,2
22300,62,65,-3,3
22301,187,181,6,6
22302,127,118,9,9
22303,105,109,-4,4
22304,78,77,1,1
22305,94,93,1,1
22306,94,97,-3,3
22307,108,111,-3,3
22308,135,127,8,8
22309,78,75,3,3
22310,87,90,-3,3
22311,59,62,-3,3
22312,134,149,-15,15
22313,89,85,4,4
22314,79,83,-4,4
22315,27,48,-21,21
22316,74,67,7,7
22317,56,65,-9,9
22318,121,126,-5,5
22319,88,92,-4,4
22320,145,147,-2,2
22321,99,101,-2,2
22322,127,115,12,12
22323,85,83,2,2
22324,91,76,15,15
22325,184,187,-3,3
22326,76,75,1,1
22327,86,90,-4,4
22328,88,82,6,6
22329,156,150,6,6
22330,106,108,-2,2
22331,102,95,7,7
22332,106,104,2,2
22333,87,89,-2,2
22334,60,67,-7,7
22335,82,79,3,3
22336,112,106,6,6
22337,118,123,-5,5
22338,75,69,6,6
22339,94,99,-5,5
22340,57,67,-10,10
22341,96,94,2,2
22342,67,69,-2,2
22343,78,93,-15,15
22344,114,104,10,10
22345,70,70,0,0
22346,60,66,-6,6
22347,91,90,1,1
22348,86,80,6,6
22349,84,84,0,0
22350,75,75,0,0
22351,133,141,-8,8
22352,193,174,19,19
22353,68,72,-4,4
22354,139,136,3,3
22355,57,76,-19,19
22356,110,112,-2,2
22357,83,99,-16,16
22358,159,136,23,23
22359,110,109,1,1
22360,150,135,15,15
22361,95,104,-9,9
22362,139,126,13,13
22363,72,70,2,2
22364,147,134,13,13
22365,89,82,7,7
22366,136,131,5,5
22367,47,49,-2,2
22368,158,157,1,1
22369,111,116,-5,5
22370,99,93,6,6
22371,112,108,4,4
22372,82,89,-7,7
22373,38,41,-3,3
22374,82,78,4,4
22375,80,83,-3,3
22376,119,108,11,11
22377,68,75,-7,7
22378,117,115,2,2
22379,76,75,1,1
22380,94,94,0,0
22381,68,72,-4,4
22382,49,49,0,0
22383,59,63,-4,4
22384,135,141,-6,6
22385,111,112,-1,1
22386,102,96,6,6
22387,118,123,-5,5
22388,90,86,4,4
22389,62,68,-6,6
22390,104,99,5,5
22391,120,114,6,6
22392,105,107,-2,2
22393,131,128,3,3
22394,103,113,-10,10
22395,117,112,5,5
22396,92,88,4,4
22397,70,73,-3,3
22398,108,112,-4,4
22399,71,71,0,0
22400,58,69,-11,11
22401,91,77,14,14
22402,98,93,5,5
22403,40,53,-13,13
22404,92,83,9,9
22405,100,104,-4,4
22406,138,146,-8,8
22407,132,118,14,14
22408,101,110,-9,9
22409,71,77,-6,6
22410,86,83,3,3
22411,107,103,4,4
22412,85,83,2,2
22413,68,73,-5,5
22414,80,82,-2,2
22415,125,120,5,5
22416,99,91,8,8
22417,122,115,7,7
22418,190,171,19,19
22419,109,96,13,13
22420,83,74,9,9
22421,121,144,-23,23
22422,79,88,-9,9
22423,142,157,-15,15
22424,63,66,-3,3
22425,66,70,-4,4
22426,114,102,12,12
22427,80,77,3,3
22428,72,71,1,1
22429,190,184,6,6
22430,91,88,3,3
22431,152,145,7,7
22432,74,66,8,8
22433,88,93,-5,5
22434,181,185,-4,4
22435,118,118,0,0
22436,131,126,5,5
22437,64,109,-45,45
22438,86,84,2,2
22439,74,83,-9,9
22440,79,80,-1,1
22441,99,99,0,0
22442,169,166,3,3
22443,68,64,4,4
22444,79,76,3,3
22445,181,163,18,18
22446,119,112,7,7
22447,120,114,6,6
22448,67,76,-9,9
22449,67,78,-11,11
22450,76,74,2,2
22451,87,84,3,3
22452,91,90,1,1
22453,161,150,11,11
22454,58,63,-5,5
22455,57,64,-7,7
22456,95,96,-1,1
22457,63,71,-8,8
22458,64,66,-2,2
22459,55,63,-8,8
22460,136,146,-10,10
22461,107,106,1,1
22462,83,91,-8,8
22463,52,65,-13,13
22464,127,139,-12,12
22465,90,94,-4,4
22466,141,132,9,9
22467,87,94,-7,7
22468,99,101,-2,2
22469,67,69,-2,2
22470,79,80,-1,1
22471,102,101,1,1
22472,168,174,-6,6
22473,154,152,2,2
22474,118,116,2,2
22475,68,79,-11,11
22476,109,114,-5,5
22477,41,49,-8,8
22478,65,74,-9,9
22479,108,108,0,0
22480,26,33,-7,7
22481,99,107,-8,8
22482,137,136,1,1
22483,180,174,6,6
22484,223,197,26,26
22485,103,103,0,0
22486,91,91,0,0
22487,120,112,8,8
22488,73,73,0,0
22489,69,77,-8,8
22490,76,84,-8,8
22491,73,67,6,6
22492,41,44,-3,3
22493,143,152,-9,9
22494,121,135,-14,14
22495,97,111,-14,14
22496,86,94,-8,8
22497,80,84,-4,4
22498,105,117,-12,12
22499,111,97,14,14
22500,133,142,-9,9
22501,120,117,3,3
22502,156,166,-10,10
22503,100,112,-12,12
22504,41,50,-9,9
22505,94,102,-8,8
22506,59,63,-4,4
22507,71,72,-1,1
22508,68,71,-3,3
22509,102,95,7,7
22510,134,130,4,4
22511,60,59,1,1
22512,169,143,26,26
22513,80,83,-3,3
22514,126,151,-25,25
22515,146,133,13,13
22516,128,134,-6,6
22517,67,66,1,1
22518,92,99,-7,7
22519,72,75,-3,3
22520,79,80,-1,1
22521,102,97,5,5
22522,62,67,-5,5
22523,59,66,-7,7
22524,116,104,12,12
22525,96,94,2,2
22526,86,86,0,0
22527,68,77,-9,9
22528,90,96,-6,6
22529,90,80,10,10
22530,141,131,10,10
22531,109,110,-1,1
22532,51,72,-21,21
22533,107,101,6,6
22534,130,125,5,5
22535,103,103,0,0
22536,49,64,-15,15
22537,106,99,7,7
22538,87,88,-1,1
22539,68,69,-1,1
22540,88,90,-2,2
22541,79,84,-5,5
22542,104,99,5,5
22543,94,93,1,1
22544,123,114,9,9
22545,98,90,8,8
22546,123,118,5,5
22547,104,106,-2,2
22548,60,69,-9,9
22549,70,76,-6,6
22550,89,84,5,5
22551,122,112,10,10
22552,55,60,-5,5
22553,141,131,10,10
22554,80,79,1,1
22555,97,99,-2,2
22556,126,115,11,11
22557,73,78,-5,5
22558,63,74,-11,11
22559,151,137,14,14
22560,109,106,3,3
22561,161,158,3,3
22562,80,79,1,1
22563,126,113,13,13
22564,89,86,3,3
22565,95,88,7,7
22566,163,145,18,18
22567,121,111,10,10
22568,80,82,-2,2
22569,79,71,8,8
22570,94,89,5,5
22571,143,133,10,10
22572,95,92,3,3
22573,108,107,1,1
22574,94,99,-5,5
22575,102,98,4,4
22576,84,88,-4,4
22577,80,79,1,1
22578,135,128,7,7
22579,98,85,13,13
22580,113,116,-3,3
22581,85,107,-22,22
22582,97,95,2,2
22583,67,68,-1,1
22584,135,129,6,6
22585,31,29,2,2
22586,154,160,-6,6
22587,136,134,2,2
22588,35,32,3,3
22589,145,138,7,7
22590,76,72,4,4
22591,89,95,-6,6
22592,84,94,-10,10
22593,82,94,-12,12
22594,76,75,1,1
22595,88,92,-4,4
22596,85,79,6,6
22597,109,116,-7,7
22598,165,159,6,6
22599,88,99,-11,11
22600,54,62,-8,8
22601,93,82,11,11
22602,66,70,-4,4
22603,75,79,-4,4
22604,55,61,-6,6
22605,72,77,-5,5
22606,113,110,3,3
22607,127,125,2,2
22608,53,56,-3,3
22609,94,96,-2,2
22610,90,90,0,0
22611,65,76,-11,11
22612,60,70,-10,10
22613,59,54,5,5
22614,107,102,5,5
22615,93,105,-12,12
22616,128,115,13,13
22617,55,63,-8,8
22618,93,95,-2,2
22619,79,75,4,4
22620,148,133,15,15
22621,129,126,3,3
22622,51,64,-13,13
22623,92,94,-2,2
22624,93,112,-19,19
22625,114,122,-8,8
22626,72,75,-3,3
22627,92,100,-8,8
22628,81,77,4,4
22629,69,79,-10,10
22630,93,87,6,6
22631,189,183,6,6
22632,71,74,-3,3
22633,87,85,2,2
22634,48,86,-38,38
22635,94,90,4,4
22636,116,133,-17,17
22637,62,72,-10,10
22638,240,219,21,21
22639,104,102,2,2
22640,80,87,-7,7
22641,66,60,6,6
22642,100,95,5,5
22643,133,128,5,5
22644,103,99,4,4
22645,137,143,-6,6
22646,165,153,12,12
22647,125,122,3,3
22648,86,81,5,5
22649,95,92,3,3
22650,103,113,-10,10
22651,140,124,16,16
22652,95,100,-5,5
22653,68,75,-7,7
22654,52,59,-7,7
22655,77,75,2,2
22656,121,113,8,8
22657,107,110,-3,3
22658,98,96,2,2
22659,100,95,5,5
22660,81,82,-1,1
22661,46,51,-5,5
22662,162,162,0,0
22663,136,131,5,5
22664,85,89,-4,4
22665,83,76,7,7
22666,135,122,13,13
22667,39,36,3,3
22668,61,66,-5,5
22669,73,66,7,7
22670,87,77,10,10
22671,76,79,-3,3
22672,84,102,-18,18
22673,94,84,10,10
22674,163,169,-6,6
22675,80,88,-8,8
22676,86,105,-19,19
22677,152,140,12,12
22678,100,108,-8,8
22679,75,73,2,2
22680,92,88,4,4
22681,84,83,1,1
22682,144,138,6,6
22683,69,70,-1,1
22684,109,114,-5,5
22685,109,97,12,12
22686,88,74,14,14
22687,67,71,-4,4
22688,115,110,5,5
22689,125,131,-6,6
22690,95,99,-4,4
22691,87,84,3,3
22692,98,98,0,0
22693,83,97,-14,14
22694,101,102,-1,1
22695,51,51,0,0
22696,108,105,3,3
22697,136,137,-1,1
22698,208,221,-13,13
22699,121,117,4,4
22700,84,79,5,5
22701,86,80,6,6
22702,148,153,-5,5
22703,110,116,-6,6
22704,117,115,2,2
22705,96,99,-3,3
22706,69,71,-2,2
22707,137,132,5,5
22708,66,64,2,2
22709,89,75,14,14
22710,44,55,-11,11
22711,136,127,9,9
22712,128,115,13,13
22713,73,75,-2,2
22714,155,159,-4,4
22715,89,75,14,14
22716,87,75,12,12
22717,147,140,7,7
22718,64,67,-3,3
22719,37,37,0,0
22720,122,117,5,5
22721,44,50,-6,6
22722,126,125,1,1
22723,60,71,-11,11
22724,148,145,3,3
22725,134,130,4,4
22726,87,79,8,8
22727,135,142,-7,7
22728,90,90,0,0
22729,60,61,-1,1
22730,86,77,9,9
22731,150,153,-3,3
22732,59,73,-14,14
22733,111,101,10,10
22734,54,57,-3,3
22735,158,140,18,18
22736,135,115,20,20
22737,32,34,-2,2
22738,63,66,-3,3
22739,117,99,18,18
22740,83,88,-5,5
22741,54,63,-9,9
22742,151,147,4,4
22743,64,70,-6,6
22744,44,53,-9,9
22745,138,132,6,6
22746,48,64,-16,16
22747,123,114,9,9
22748,97,101,-4,4
22749,59,64,-5,5
22750,96,97,-1,1
22751,19,29,-10,10
22752,112,110,2,2
22753,131,144,-13,13
22754,153,159,-6,6
22755,100,101,-1,1
22756,183,179,4,4
22757,121,115,6,6
22758,129,125,4,4
22759,93,105,-12,12
22760,89,94,-5,5
22761,92,91,1,1
22762,81,105,-24,24
22763,133,126,7,7
22764,77,83,-6,6
22765,63,69,-6,6
22766,66,65,1,1
22767,74,84,-10,10
22768,150,154,-4,4
22769,76,87,-11,11
22770,68,64,4,4
22771,73,72,1,1
22772,93,89,4,4
22773,90,79,11,11
22774,81,99,-18,18
22775,59,57,2,2
22776,160,142,18,18
22777,47,52,-5,5
22778,109,134,-25,25
22779,133,127,6,6
22780,114,118,-4,4
22781,89,80,9,9
22782,86,81,5,5
22783,95,87,8,8
22784,149,156,-7,7
22785,86,82,4,4
22786,112,112,0,0
22787,61,107,-46,46
22788,32,40,-8,8
22789,141,142,-1,1
22790,106,102,4,4
22791,62,70,-8,8
22792,98,100,-2,2
22793,169,141,28,28
22794,75,87,-12,12
22795,113,110,3,3
22796,69,73,-4,4
22797,54,63,-9,9
22798,72,79,-7,7
22799,140,147,-7,7
22800,86,93,-7,7
22801,106,105,1,1
22802,81,79,2,2
22803,109,103,6,6
22804,120,106,14,14
22805,103,95,8,8
22806,201,177,24,24
22807,115,134,-19,19
22808,94,84,10,10
22809,110,124,-14,14
22810,90,91,-1,1
22811,117,111,6,6
22812,80,75,5,5
22813,136,131,5,5
22814,95,100,-5,5
22815,121,107,14,14
22816,38,45,-7,7
22817,100,90,10,10
22818,83,88,-5,5
22819,102,101,1,1
22820,100,99,1,1
22821,67,72,-5,5
22822,88,120,-32,32
22823,68,68,0,0
22824,145,146,-1,1
22825,86,82,4,4
22826,107,98,9,9
22827,85,99,-14,14
22828,102,106,-4,4
22829,132,131,1,1
22830,61,65,-4,4
22831,70,67,3,3
22832,91,93,-2,2
22833,139,140,-1,1
22834,51,55,-4,4
22835,39,41,-2,2
22836,100,87,13,13
22837,93,96,-3,3
22838,89,97,-8,8
22839,92,100,-8,8
22840,35,40,-5,5
22841,93,85,8,8
22842,64,68,-4,4
22843,62,60,2,2
22844,102,85,17,17
22845,101,101,0,0
22846,93,93,0,0
22847,63,67,-4,4
22848,88,85,3,3
22849,80,83,-3,3
22850,134,97,37,37
22851,77,77,0,0
22852,73,75,-2,2
22853,57,65,-8,8
22854,118,91,27,27
22855,134,135,-1,1
22856,127,125,2,2
22857,88,87,1,1
22858,91,87,4,4
22859,110,111,-1,1
22860,46,53,-7,7
22861,105,103,2,2
22862,103,110,-7,7
22863,108,100,8,8
22864,93,102,-9,9
22865,75,81,-6,6
22866,131,129,2,2
22867,130,132,-2,2
22868,89,90,-1,1
22869,49,105,-56,56
22870,120,122,-2,2
22871,151,161,-10,10
22872,92,90,2,2
22873,77,83,-6,6
22874,126,130,-4,4
22875,100,101,-1,1
22876,54,62,-8,8
22877,110,102,8,8
22878,133,130,3,3
22879,119,123,-4,4
22880,126,116,10,10
22881,42,48,-6,6
22882,63,69,-6,6
22883,170,170,0,0
22884,68,81,-13,13
22885,114,109,5,5
22886,115,106,9,9
22887,64,72,-8,8
22888,90,90,0,0
22889,126,117,9,9
22890,72,87,-15,15
22891,116,140,-24,24
22892,151,157,-6,6
22893,98,83,15,15
22894,135,127,8,8
22895,132,121,11,11
22896,166,153,13,13
22897,109,107,2,2
22898,73,70,3,3
22899,43,50,-7,7
22900,60,64,-4,4
22901,95,100,-5,5
22902,185,170,15,15
22903,116,114,2,2
22904,120,120,0,0
22905,117,112,5,5
22906,80,86,-6,6
22907,54,61,-7,7
22908,94,96,-2,2
22909,104,109,-5,5
22910,167,177,-10,10
22911,183,179,4,4
22912,125,128,-3,3
22913,67,70,-3,3
22914,127,113,14,14
22915,108,106,2,2
22916,110,109,1,1
22917,72,73,-1,1
22918,76,76,0,0
22919,60,61,-1,1
22920,127,114,13,13
22921,60,60,0,0
22922,117,113,4,4
22923,62,67,-5,5
22924,98,91,7,7
22925,64,67,-3,3
22926,90,84,6,6
22927,155,155,0,0
22928,69,70,-1,1
22929,91,85,6,6
22930,91,83,8,8
22931,97,92,5,5
22932,116,106,10,10
22933,100,101,-1,1
22934,81,81,0,0
22935,77,76,1,1
22936,46,44,2,2
22937,86,100,-14,14
22938,98,93,5,5
22939,128,104,24,24
22940,53,60,-7,7
22941,86,84,2,2
22942,106,112,-6,6
22943,118,113,5,5
22944,132,134,-2,2
22945,179,180,-1,1
22946,72,71,1,1
22947,57,60,-3,3
22948,159,157,2,2
22949,56,65,-9,9
22950,90,101,-11,11
22951,84,86,-2,2
22952,120,125,-5,5
22953,99,88,11,11
22954,121,111,10,10
22955,96,99,-3,3
22956,46,59,-13,13
22957,84,94,-10,10
22958,79,80,-1,1
22959,165,156,9,9
22960,72,76,-4,4
22961,75,77,-2,2
22962,116,118,-2,2
22963,117,122,-5,5
22964,95,88,7,7
22965,138,142,-4,4
22966,64,70,-6,6
22967,70,74,-4,4
22968,51,56,-5,5
22969,74,84,-10,10
22970,105,104,1,1
22971,137,136,1,1
22972,93,90,3,3
22973,72,77,-5,5
22974,83,78,5,5
22975,113,106,7,7
22976,97,95,2,2
22977,76,76,0,0
22978,65,67,-2,2
22979,159,150,9,9
22980,72,72,0,0
22981,127,119,8,8
22982,94,92,2,2
22983,83,83,0,0
22984,84,88,-4,4
22985,60,66,-6,6
22986,100,104,-4,4
22987,108,111,-3,3
22988,118,114,4,4
22989,76,77,-1,1
22990,87,79,8,8
22991,50,57,-7,7
22992,38,44,-6,6
22993,146,130,16,16
22994,114,111,3,3
22995,52,58,-6,6
22996,84,88,-4,4
22997,122,128,-6,6
22998,102,99,3,3
22999,181,170,11,11
23000,98,88,10,10
23001,39,50,-11,11
23002,84,71,13,13
23003,145,114,31,31
23004,124,127,-3,3
23005,110,118,-8,8
23006,57,63,-6,6
23007,88,86,2,2
23008,64,66,-2,2
23009,195,185,10,10
23010,131,136,-5,5
23011,124,122,2,2
23012,79,98,-19,19
23013,66,68,-2,2
23014,100,107,-7,7
23015,82,77,5,5
23016,81,85,-4,4
23017,85,81,4,4
23018,192,192,0,0
23019,112,113,-1,1
23020,166,158,8,8
23021,101,100,1,1
23022,82,75,7,7
23023,89,77,12,12
23024,94,86,8,8
23025,79,89,-10,10
23026,108,115,-7,7
23027,117,110,7,7
23028,123,115,8,8
23029,81,79,2,2
23030,87,80,7,7
23031,66,68,-2,2
23032,35,41,-6,6
23033,102,93,9,9
23034,145,132,13,13
23035,62,65,-3,3
23036,121,113,8,8
23037,69,71,-2,2
23038,142,131,11,11
23039,74,70,4,4
23040,92,85,7,7
23041,63,63,0,0
23042,71,76,-5,5
23043,148,132,16,16
23044,72,80,-8,8
23045,75,75,0,0
23046,118,123,-5,5
23047,103,109,-6,6
23048,136,121,15,15
23049,126,129,-3,3
23050,93,101,-8,8
23051,101,102,-1,1
23052,133,125,8,8
23053,83,90,-7,7
23054,91,93,-2,2
23055,52,53,-1,1
23056,100,100,0,0
23057,88,85,3,3
23058,80,86,-6,6
23059,83,92,-9,9
23060,90,87,3,3
23061,69,102,-33,33
23062,85,78,7,7
23063,107,98,9,9
23064,103,95,8,8
23065,60,66,-6,6
23066,152,153,-1,1
23067,40,48,-8,8
23068,87,85,2,2
23069,78,75,3,3
23070,145,145,0,0
23071,47,54,-7,7
23072,139,125,14,14
23073,94,90,4,4
23074,138,154,-16,16
23075,115,101,14,14
23076,94,95,-1,1
23077,106,104,2,2
23078,85,83,2,2
23079,82,79,3,3
23080,61,63,-2,2
23081,160,152,8,8
23082,157,167,-10,10
23083,87,94,-7,7
23084,135,124,11,11
23085,120,119,1,1
23086,104,102,2,2
23087,165,146,19,19
23088,88,88,0,0
23089,67,74,-7,7
23090,87,81,6,6
23091,66,73,-7,7
23092,74,72,2,2
23093,76,77,-1,1
23094,62,68,-6,6
23095,79,80,-1,1
23096,91,90,1,1
23097,70,66,4,4
23098,148,136,12,12
23099,135,123,12,12
23100,74,82,-8,8
23101,78,77,1,1
23102,93,98,-5,5
23103,124,123,1,1
23104,129,133,-4,4
23105,98,94,4,4
23106,72,72,0,0
23107,53,64,-11,11
23108,138,136,2,2
23109,184,163,21,21
23110,85,86,-1,1
23111,82,83,-1,1
23112,105,113,-8,8
23113,99,96,3,3
23114,65,71,-6,6
23115,73,70,3,3
23116,66,65,1,1
23117,102,104,-2,2
23118,85,78,7,7
23119,188,190,-2,2
23120,81,218,-137,137
23121,124,120,4,4
23122,59,66,-7,7
23123,108,106,2,2
23124,92,99,-7,7
23125,100,98,2,2
23126,105,102,3,3
23127,93,93,0,0
23128,155,151,4,4
23129,71,70,1,1
23130,65,61,4,4
23131,94,92,2,2
23132,122,127,-5,5
23133,70,73,-3,3
23134,65,69,-4,4
23135,160,154,6,6
23136,115,116,-1,1
23137,134,133,1,1
23138,101,103,-2,2
23139,105,102,3,3
23140,93,98,-5,5
23141,94,85,9,9
23142,82,77,5,5
23143,90,86,4,4
23144,78,71,7,7
23145,145,140,5,5
23146,120,116,4,4
23147,94,98,-4,4
23148,95,86,9,9
23149,115,132,-17,17
23150,49,52,-3,3
23151,134,135,-1,1
23152,88,85,3,3
23153,82,85,-3,3
23154,67,66,1,1
23155,71,65,6,6
23156,56,70,-14,14
23157,88,83,5,5
23158,34,42,-8,8
23159,62,76,-14,14
23160,82,85,-3,3
23161,111,116,-5,5
23162,48,55,-7,7
23163,102,105,-3,3
23164,143,137,6,6
23165,47,57,-10,10
23166,76,74,2,2
23167,119,117,2,2
23168,64,65,-1,1
23169,72,70,2,2
23170,141,135,6,6
23171,64,62,2,2
23172,127,119,8,8
23173,72,74,-2,2
23174,111,108,3,3
23175,104,86,18,18
23176,77,84,-7,7
23177,133,138,-5,5
23178,113,108,5,5
23179,110,111,-1,1
23180,89,85,4,4
23181,125,125,0,0
23182,127,114,13,13
23183,68,65,3,3
23184,99,106,-7,7
23185,86,93,-7,7
23186,111,111,0,0
23187,118,109,9,9
23188,74,76,-2,2
23189,132,125,7,7
23190,99,93,6,6
23191,139,141,-2,2
23192,107,107,0,0
23193,70,77,-7,7
23194,77,71,6,6
23195,101,105,-4,4
23196,103,104,-1,1
23197,86,89,-3,3
23198,104,92,12,12
23199,100,111,-11,11
23200,150,143,7,7
23201,69,70,-1,1
23202,129,125,4,4
23203,162,163,-1,1
23204,111,123,-12,12
23205,133,128,5,5
23206,87,84,3,3
23207,74,82,-8,8
23208,95,103,-8,8
23209,110,120,-10,10
23210,124,122,2,2
23211,155,147,8,8
23212,74,67,7,7
23213,80,75,5,5
23214,90,85,5,5
23215,100,101,-1,1
23216,112,102,10,10
23217,81,71,10,10
23218,73,79,-6,6
23219,122,120,2,2
23220,130,124,6,6
23221,129,122,7,7
23222,123,115,8,8
23223,84,85,-1,1
23224,63,69,-6,6
23225,144,131,13,13
23226,91,157,-66,66
23227,66,75,-9,9
23228,95,94,1,1
23229,129,125,4,4
23230,75,76,-1,1
23231,152,192,-40,40
23232,119,88,31,31
23233,107,112,-5,5
23234,184,175,9,9
23235,84,86,-2,2
23236,123,119,4,4
23237,167,148,19,19
23238,59,58,1,1
23239,68,76,-8,8
23240,119,103,16,16
23241,77,72,5,5
23242,70,80,-10,10
23243,79,75,4,4
23244,114,121,-7,7
23245,75,76,-1,1
23246,64,60,4,4
23247,127,115,12,12
23248,52,61,-9,9
23249,67,63,4,4
23250,73,77,-4,4
23251,85,78,7,7
23252,63,69,-6,6
23253,88,80,8,8
23254,89,103,-14,14
23255,133,114,19,19
23256,82,83,-1,1
23257,115,106,9,9
23258,97,103,-6,6
23259,81,95,-14,14
23260,102,96,6,6
23261,68,63,5,5
23262,64,65,-1,1
23263,70,73,-3,3
23264,73,77,-4,4
23265,59,69,-10,10
23266,136,131,5,5
23267,103,108,-5,5
23268,137,121,16,16
23269,73,75,-2,2
23270,83,83,0,0
23271,95,86,9,9
23272,138,125,13,13
23273,86,79,7,7
23274,66,86,-20,20
23275,134,172,-38,38
23276,116,111,5,5
23277,70,72,-2,2
23278,118,114,4,4
23279,131,126,5,5
23280,40,65,-25,25
23281,82,80,2,2
23282,78,76,2,2
23283,97,87,10,10
23284,89,98,-9,9
23285,133,126,7,7
23286,76,73,3,3
23287,152,137,15,15
23288,92,87,5,5
23289,62,66,-4,4
23290,179,155,24,24
23291,127,115,12,12
23292,115,110,5,5
23293,54,69,-15,15
23294,136,119,17,17
23295,76,83,-7,7
23296,62,70,-8,8
23297,78,80,-2,2
23298,182,167,15,15
23299,67,68,-1,1
23300,110,99,11,11
23301,92,82,10,10
23302,150,135,15,15
23303,122,128,-6,6
23304,62,71,-9,9
23305,109,102,7,7
23306,123,113,10,10
23307,107,112,-5,5
23308,50,62,-12,12
23309,62,69,-7,7
23310,115,113,2,2
23311,41,53,-12,12
23312,106,105,1,1
23313,58,63,-5,5
23314,67,66,1,1
23315,64,63,1,1
23316,71,91,-20,20
23317,83,89,-6,6
23318,157,176,-19,19
23319,90,93,-3,3
23320,100,112,-12,12
23321,92,99,-7,7
23322,87,102,-15,15
23323,76,91,-15,15
23324,101,111,-10,10
23325,56,56,0,0
23326,65,71,-6,6
23327,70,74,-4,4
23328,57,63,-6,6
23329,112,143,-31,31
23330,50,70,-20,20
23331,47,61,-14,14
23332,140,157,-17,17
23333,51,56,-5,5
23334,61,74,-13,13
23335,78,77,1,1
23336,70,68,2,2
23337,98,89,9,9
23338,152,141,11,11
23339,99,104,-5,5
23340,93,100,-7,7
23341,90,87,3,3
23342,51,58,-7,7
23343,94,86,8,8
23344,82,85,-3,3
23345,137,145,-8,8
23346,85,86,-1,1
23347,131,138,-7,7
23348,110,104,6,6
23349,70,70,0,0
23350,99,111,-12,12
23351,146,132,14,14
23352,37,47,-10,10
23353,94,87,7,7
23354,124,122,2,2
23355,91,106,-15,15
23356,85,86,-1,1
23357,58,67,-9,9
23358,78,86,-8,8
23359,62,68,-6,6
23360,51,59,-8,8
23361,85,90,-5,5
23362,64,70,-6,6
23363,108,117,-9,9
23364,89,93,-4,4
23365,120,119,1,1
23366,131,118,13,13
23367,50,60,-10,10
23368,109,107,2,2
23369,82,80,2,2
23370,115,109,6,6
23371,121,115,6,6
23372,193,182,11,11
23373,66,71,-5,5
23374,125,117,8,8
23375,64,68,-4,4
23376,105,98,7,7
23377,47,58,-11,11
23378,57,73,-16,16
23379,105,97,8,8
23380,124,125,-1,1
23381,90,100,-10,10
23382,126,113,13,13
23383,89,100,-11,11
23384,122,114,8,8
23385,116,114,2,2
23386,80,74,6,6
23387,92,87,5,5
23388,62,86,-24,24
23389,144,144,0,0
23390,45,58,-13,13
23391,139,140,-1,1
23392,117,111,6,6
23393,99,103,-4,4
23394,98,98,0,0
23395,87,90,-3,3
23396,171,149,22,22
23397,127,107,20,20
23398,114,111,3,3
23399,100,105,-5,5
23400,71,80,-9,9
23401,143,128,15,15
23402,84,80,4,4
23403,89,84,5,5
23404,85,84,1,1
23405,69,70,-1,1
23406,145,157,-12,12
23407,115,116,-1,1
23408,116,117,-1,1
23409,114,116,-2,2
23410,58,58,0,0
23411,79,76,3,3
23412,73,74,-1,1
23413,114,122,-8,8
23414,140,145,-5,5
23415,92,101,-9,9
23416,111,113,-2,2
23417,131,139,-8,8
23418,76,79,-3,3
23419,94,99,-5,5
23420,91,100,-9,9
23421,76,75,1,1
23422,115,107,8,8
23423,65,65,0,0
23424,113,118,-5,5
23425,85,91,-6,6
23426,214,238,-24,24
23427,211,198,13,13
23428,41,50,-9,9
23429,78,77,1,1
23430,161,154,7,7
23431,79,74,5,5
23432,51,63,-12,12
23433,103,112,-9,9
23434,73,77,-4,4
23435,55,65,-10,10
23436,136,119,17,17
23437,131,134,-3,3
23438,77,79,-2,2
23439,80,76,4,4
23440,110,109,1,1
23441,54,61,-7,7
23442,111,114,-3,3
23443,84,84,0,0
23444,70,69,1,1
23445,70,69,1,1
23446,106,101,5,5
23447,97,100,-3,3
23448,100,96,4,4
23449,135,135,0,0
23450,86,84,2,2
23451,42,37,5,5
23452,132,136,-4,4
23453,73,74,-1,1
23454,125,124,1,1
23455,83,84,-1,1
23456,125,124,1,1
23457,120,116,4,4
23458,110,107,3,3
23459,197,179,18,18
23460,111,106,5,5
23461,86,97,-11,11
23462,76,73,3,3
23463,150,142,8,8
23464,115,115,0,0
23465,89,99,-10,10
23466,176,181,-5,5
23467,64,72,-8,8
23468,120,113,7,7
23469,121,113,8,8
23470,64,76,-12,12
23471,49,69,-20,20
23472,70,68,2,2
23473,112,107,5,5
23474,89,96,-7,7
23475,107,107,0,0
23476,155,155,0,0
23477,73,79,-6,6
23478,129,132,-3,3
23479,161,151,10,10
23480,89,89,0,0
23481,113,111,2,2
23482,99,92,7,7
23483,127,128,-1,1
23484,115,114,1,1
23485,78,77,1,1
23486,155,171,-16,16
23487,54,58,-4,4
23488,89,88,1,1
23489,115,110,5,5
23490,82,80,2,2
23491,165,159,6,6
23492,90,85,5,5
23493,87,90,-3,3
23494,115,107,8,8
23495,70,73,-3,3
23496,85,76,9,9
23497,101,101,0,0
23498,118,128,-10,10
23499,135,115,20,20
23500,74,75,-1,1
23501,108,117,-9,9
23502,134,131,3,3
23503,109,106,3,3
23504,77,77,0,0
23505,71,70,1,1
23506,78,72,6,6
23507,125,111,14,14
23508,90,88,2,2
23509,47,43,4,4
23510,89,86,3,3
23511,102,98,4,4
23512,94,95,-1,1
23513,137,137,0,0
23514,110,104,6,6
23515,100,102,-2,2
23516,125,113,12,12
23517,57,89,-32,32
23518,120,117,3,3
23519,149,144,5,5
23520,69,77,-8,8
23521,91,99,-8,8
23522,69,71,-2,2
23523,143,132,11,11
23524,112,106,6,6
23525,108,100,8,8
23526,83,95,-12,12
23527,102,106,-4,4
23528,55,57,-2,2
23529,101,98,3,3
23530,39,48,-9,9
23531,173,174,-1,1
23532,98,95,3,3
23533,136,131,5,5
23534,62,67,-5,5
23535,188,160,28,28
23536,98,100,-2,2
23537,132,125,7,7
23538,89,101,-12,12
23539,106,109,-3,3
23540,101,109,-8,8
23541,150,134,16,16
23542,194,179,15,15
23543,108,111,-3,3
23544,78,91,-13,13
23545,70,71,-1,1
23546,93,103,-10,10
23547,65,74,-9,9
23548,113,104,9,9
23549,129,120,9,9
23550,94,95,-1,1
23551,108,104,4,4
23552,90,94,-4,4
23553,68,72,-4,4
23554,98,105,-7,7
23555,96,114,-18,18
23556,85,96,-11,11
23557,137,146,-9,9
23558,112,113,-1,1
23559,168,159,9,9
23560,87,97,-10,10
23561,134,127,7,7
23562,75,84,-9,9
23563,135,126,9,9
23564,81,80,1,1
23565,96,108,-12,12
23566,91,98,-7,7
23567,104,96,8,8
23568,105,100,5,5
23569,56,61,-5,5
23570,111,107,4,4
23571,56,69,-13,13
23572,62,66,-4,4
23573,103,102,1,1
23574,144,147,-3,3
23575,101,99,2,2
23576,79,76,3,3
23577,102,97,5,5
23578,121,124,-3,3
23579,140,138,2,2
23580,135,133,2,2
23581,80,76,4,4
23582,51,63,-12,12
23583,152,142,10,10
23584,94,94,0,0
23585,52,52,0,0
23586,78,82,-4,4
23587,82,84,-2,2
23588,75,73,2,2
23589,117,116,1,1
23590,136,130,6,6
23591,92,90,2,2
23592,55,56,-1,1
23593,126,117,9,9
23594,55,64,-9,9
23595,43,48,-5,5
23596,83,91,-8,8
23597,116,126,-10,10
23598,113,115,-2,2
23599,60,66,-6,6
23600,100,109,-9,9
23601,100,108,-8,8
23602,113,110,3,3
23603,123,143,-20,20
23604,69,72,-3,3
23605,113,129,-16,16
23606,71,77,-6,6
23607,132,123,9,9
23608,151,148,3,3
23609,57,61,-4,4
23610,105,105,0,0
23611,188,179,9,9
23612,79,77,2,2
23613,151,148,3,3
23614,137,140,-3,3
23615,42,51,-9,9
23616,144,141,3,3
23617,41,54,-13,13
23618,82,83,-1,1
23619,91,86,5,5
23620,65,71,-6,6
23621,65,68,-3,3
23622,103,105,-2,2
23623,116,113,3,3
23624,149,150,-1,1
23625,202,185,17,17
23626,61,66,-5,5
23627,78,81,-3,3
23628,154,142,12,12
23629,87,90,-3,3
23630,93,88,5,5
23631,134,141,-7,7
23632,116,120,-4,4
23633,124,128,-4,4
23634,148,143,5,5
23635,140,143,-3,3
23636,69,68,1,1
23637,107,108,-1,1
23638,99,95,4,4
23639,137,126,11,11
23640,165,144,21,21
23641,102,96,6,6
23642,116,112,4,4
23643,95,77,18,18
23644,86,106,-20,20
23645,88,99,-11,11
23646,108,107,1,1
23647,153,155,-2,2
23648,69,69,0,0
23649,76,75,1,1
23650,103,101,2,2
23651,79,89,-10,10
23652,129,116,13,13
23653,87,87,0,0
23654,67,72,-5,5
23655,81,81,0,0
23656,118,115,3,3
23657,69,67,2,2
23658,63,71,-8,8
23659,77,76,1,1
23660,113,111,2,2
23661,143,140,3,3
23662,57,63,-6,6
23663,86,87,-1,1
23664,36,58,-22,22
23665,128,110,18,18
23666,111,107,4,4
23667,68,73,-5,5
23668,60,71,-11,11
23669,90,91,-1,1
23670,99,98,1,1
23671,80,77,3,3
23672,79,87,-8,8
23673,84,88,-4,4
23674,77,70,7,7
23675,132,128,4,4
23676,94,70,24,24
23677,95,100,-5,5
23678,67,70,-3,3
23679,134,123,11,11
23680,148,146,2,2
23681,92,93,-1,1
23682,85,74,11,11
23683,69,80,-11,11
23684,107,115,-8,8
23685,113,130,-17,17
23686,49,55,-6,6
23687,31,29,2,2
23688,72,78,-6,6
23689,135,132,3,3
23690,126,117,9,9
23691,67,71,-4,4
23692,70,79,-9,9
23693,64,68,-4,4
23694,70,88,-18,18
23695,88,83,5,5
23696,66,72,-6,6
23697,80,88,-8,8
23698,82,98,-16,16
23699,85,89,-4,4
23700,128,126,2,2
23701,116,114,2,2
23702,74,68,6,6
23703,107,104,3,3
23704,74,75,-1,1
23705,133,115,18,18
23706,91,85,6,6
23707,100,101,-1,1
23708,90,80,10,10
23709,41,52,-11,11
23710,117,113,4,4
23711,91,93,-2,2
23712,108,120,-12,12
23713,61,64,-3,3
23714,201,192,9,9
23715,112,107,5,5
23716,62,63,-1,1
23717,70,71,-1,1
23718,79,78,1,1
23719,85,79,6,6
23720,138,127,11,11
23721,132,128,4,4
23722,46,60,-14,14
23723,172,171,1,1
23724,120,110,10,10
23725,120,112,8,8
23726,96,104,-8,8
23727,108,101,7,7
23728,125,128,-3,3
23729,72,79,-7,7
23730,110,100,10,10
23731,51,65,-14,14
23732,127,124,3,3
23733,109,110,-1,1
23734,70,71,-1,1
23735,91,90,1,1
23736,53,69,-16,16
23737,195,191,4,4
23738,63,69,-6,6
23739,97,102,-5,5
23740,109,104,5,5
23741,116,119,-3,3
23742,52,63,-11,11
23743,66,76,-10,10
23744,70,69,1,1
23745,143,142,1,1
23746,61,104,-43,43
23747,105,97,8,8
23748,58,62,-4,4
23749,141,141,0,0
23750,64,65,-1,1
23751,126,124,2,2
23752,154,151,3,3
23753,103,96,7,7
23754,54,59,-5,5
23755,100,102,-2,2
23756,99,104,-5,5
23757,84,87,-3,3
23758,67,71,-4,4
23759,51,64,-13,13
23760,118,125,-7,7
23761,139,124,15,15
23762,83,81,2,2
23763,127,127,0,0
23764,98,95,3,3
23765,86,82,4,4
23766,53,59,-6,6
23767,111,119,-8,8
23768,82,84,-2,2
23769,101,94,7,7
23770,79,79,0,0
23771,82,90,-8,8
23772,101,91,10,10
23773,172,160,12,12
23774,49,63,-14,14
23775,144,132,12,12
23776,79,79,0,0
23777,71,76,-5,5
23778,109,114,-5,5
23779,97,92,5,5
23780,134,126,8,8
23781,139,160,-21,21
23782,103,102,1,1
23783,104,100,4,4
23784,45,60,-15,15
23785,124,131,-7,7
23786,77,82,-5,5
23787,92,93,-1,1
23788,54,59,-5,5
23789,96,99,-3,3
23790,77,71,6,6
23791,99,93,6,6
23792,46,52,-6,6
23793,128,128,0,0
23794,114,124,-10,10
23795,183,171,12,12
23796,74,79,-5,5
23797,152,136,16,16
23798,95,88,7,7
23799,84,74,10,10
23800,103,100,3,3
23801,118,112,6,6
23802,82,98,-16,16
23803,161,167,-6,6
23804,93,86,7,7
23805,91,82,9,9
23806,106,101,5,5
23807,91,85,6,6
23808,52,60,-8,8
23809,89,88,1,1
23810,80,82,-2,2
23811,112,119,-7,7
23812,69,68,1,1
23813,68,67,1,1
23814,219,212,7,7
23815,89,96,-7,7
23816,127,124,3,3
23817,84,97,-13,13
23818,85,80,5,5
23819,28,37,-9,9
23820,141,133,8,8
23821,92,95,-3,3
23822,130,124,6,6
23823,59,67,-8,8
23824,143,130,13,13
23825,145,131,14,14
23826,73,76,-3,3
23827,177,175,2,2
23828,169,154,15,15
23829,54,58,-4,4
23830,128,114,14,14
23831,52,64,-12,12
23832,129,130,-1,1
23833,99,97,2,2
23834,119,106,13,13
23835,75,80,-5,5
23836,119,113,6,6
23837,103,98,5,5
23838,130,128,2,2
23839,119,113,6,6
23840,100,95,5,5
23841,159,168,-9,9
23842,75,72,3,3
23843,86,88,-2,2
23844,123,124,-1,1
23845,74,78,-4,4
23846,50,63,-13,13
23847,57,54,3,3
23848,50,58,-8,8
23849,71,77,-6,6
23850,96,89,7,7
23851,76,72,4,4
23852,130,123,7,7
23853,62,73,-11,11
23854,92,91,1,1
23855,98,105,-7,7
23856,67,63,4,4
23857,231,226,5,5
23858,68,62,6,6
23859,59,61,-2,2
23860,82,73,9,9
23861,67,73,-6,6
23862,88,80,8,8
23863,138,117,21,21
23864,81,74,7,7
23865,117,115,2,2
23866,67,72,-5,5
23867,57,66,-9,9
23868,53,60,-7,7
23869,87,86,1,1
23870,123,127,-4,4
23871,128,127,1,1
23872,80,83,-3,3
23873,95,94,1,1
23874,105,109,-4,4
23875,92,93,-1,1
23876,97,93,4,4
23877,96,100,-4,4
23878,114,105,9,9
23879,57,65,-8,8
23880,174,160,14,14
23881,98,96,2,2
23882,96,92,4,4
23883,34,59,-25,25
23884,53,60,-7,7
23885,70,72,-2,2
23886,100,107,-7,7
23887,112,115,-3,3
23888,86,91,-5,5
23889,106,100,6,6
23890,75,78,-3,3
23891,97,112,-15,15
23892,93,102,-9,9
23893,105,86,19,19
23894,108,108,0,0
23895,137,141,-4,4
23896,99,105,-6,6
23897,71,73,-2,2
23898,157,159,-2,2
23899,111,117,-6,6
23900,102,95,7,7
23901,144,135,9,9
23902,86,83,3,3
23903,63,76,-13,13
23904,97,87,10,10
23905,30,37,-7,7
23906,77,79,-2,2
23907,111,105,6,6
23908,77,74,3,3
23909,41,46,-5,5
23910,82,88,-6,6
23911,144,133,11,11
23912,117,112,5,5
23913,94,86,8,8
23914,58,60,-2,2
23915,101,99,2,2
23916,105,100,5,5
23917,99,111,-12,12
23918,88,82,6,6
23919,69,77,-8,8
23920,67,64,3,3
23921,51,65,-14,14
23922,120,115,5,5
23923,60,65,-5,5
23924,90,88,2,2
23925,81,78,3,3
23926,163,177,-14,14
23927,142,131,11,11
23928,65,69,-4,4
23929,156,153,3,3
23930,52,52,0,0
23931,74,71,3,3
23932,115,113,2,2
23933,126,133,-7,7
23934,48,49,-1,1
23935,129,131,-2,2
23936,160,147,13,13
23937,110,118,-8,8
23938,121,126,-5,5
23939,97,94,3,3
23940,110,133,-23,23
23941,135,131,4,4
23942,153,153,0,0
23943,103,127,-24,24
23944,103,101,2,2
23945,119,112,7,7
23946,76,85,-9,9
23947,195,202,-7,7
23948,57,64,-7,7
23949,59,71,-12,12
23950,146,146,0,0
23951,91,81,10,10
23952,101,100,1,1
23953,240,215,25,25
23954,88,93,-5,5
23955,83,74,9,9
23956,77,80,-3,3
23957,82,85,-3,3
23958,82,94,-12,12
23959,119,112,7,7
23960,106,101,5,5
23961,101,111,-10,10
23962,78,80,-2,2
23963,82,79,3,3
23964,82,83,-1,1
23965,126,113,13,13
23966,87,99,-12,12
23967,96,98,-2,2
23968,68,72,-4,4
23969,100,93,7,7
23970,71,77,-6,6
23971,91,102,-11,11
23972,118,116,2,2
23973,93,97,-4,4
23974,87,90,-3,3
23975,75,81,-6,6
23976,64,65,-1,1
23977,94,89,5,5
23978,45,56,-11,11
23979,97,88,9,9
23980,115,108,7,7
23981,84,77,7,7
23982,139,128,11,11
23983,155,162,-7,7
23984,65,68,-3,3
23985,72,77,-5,5
23986,65,73,-8,8
23987,45,47,-2,2
23988,92,95,-3,3
23989,148,142,6,6
23990,163,144,19,19
23991,80,76,4,4
23992,131,120,11,11
23993,74,77,-3,3
23994,62,67,-5,5
23995,65,64,1,1
23996,110,97,13,13
23997,119,91,28,28
23998,110,106,4,4
23999,89,95,-6,6
24000,104,115,-11,11
24001,110,116,-6,6
24002,83,77,6,6
24003,134,129,5,5
24004,110,116,-6,6
24005,74,82,-8,8
24006,152,150,2,2
24007,103,107,-4,4
24008,47,57,-10,10
24009,104,101,3,3
24010,59,66,-7,7
24011,76,70,6,6
24012,82,85,-3,3
24013,100,100,0,0
24014,127,122,5,5
24015,70,69,1,1
24016,71,76,-5,5
24017,83,96,-13,13
24018,80,79,1,1
24019,102,106,-4,4
24020,70,80,-10,10
24021,89,84,5,5
24022,75,76,-1,1
24023,104,103,1,1
24024,84,72,12,12
24025,56,63,-7,7
24026,55,67,-12,12
24027,141,154,-13,13
24028,82,82,0,0
24029,182,169,13,13
24030,154,157,-3,3
24031,86,88,-2,2
24032,78,78,0,0
24033,91,94,-3,3
24034,115,117,-2,2
24035,112,118,-6,6
24036,98,115,-17,17
24037,83,77,6,6
24038,58,65,-7,7
24039,72,73,-1,1
24040,46,54,-8,8
24041,54,60,-6,6
24042,99,99,0,0
24043,100,128,-28,28
24044,114,116,-2,2
24045,56,57,-1,1
24046,49,60,-11,11
24047,63,61,2,2
24048,63,65,-2,2
24049,72,75,-3,3
24050,97,97,0,0
24051,59,65,-6,6
24052,123,127,-4,4
24053,109,118,-9,9
24054,108,106,2,2
24055,95,105,-10,10
24056,94,89,5,5
24057,59,68,-9,9
24058,80,85,-5,5
24059,140,139,1,1
24060,102,106,-4,4
24061,65,73,-8,8
24062,117,111,6,6
24063,63,63,0,0
24064,77,84,-7,7
24065,137,99,38,38
24066,114,114,0,0
24067,78,70,8,8
24068,45,52,-7,7
24069,84,91,-7,7
24070,96,104,-8,8
24071,62,70,-8,8
24072,67,76,-9,9
24073,178,161,17,17
24074,78,85,-7,7
24075,112,109,3,3
24076,99,83,16,16
24077,94,100,-6,6
24078,86,76,10,10
24079,116,111,5,5
24080,64,65,-1,1
24081,51,52,-1,1
24082,176,155,21,21
24083,120,114,6,6
24084,121,103,18,18
24085,84,82,2,2
24086,108,106,2,2
24087,97,97,0,0
24088,91,96,-5,5
24089,117,118,-1,1
24090,102,93,9,9
24091,53,54,-1,1
24092,82,80,2,2
24093,63,68,-5,5
24094,50,92,-42,42
24095,121,114,7,7
24096,33,54,-21,21
24097,75,75,0,0
24098,98,102,-4,4
24099,95,89,6,6
24100,94,92,2,2
24101,43,47,-4,4
24102,88,100,-12,12
24103,72,74,-2,2
24104,118,111,7,7
24105,76,82,-6,6
24106,58,62,-4,4
24107,104,89,15,15
24108,115,111,4,4
24109,63,61,2,2
24110,105,109,-4,4
24111,59,62,-3,3
24112,58,60,-2,2
24113,146,135,11,11
24114,82,86,-4,4
24115,114,120,-6,6
24116,95,86,9,9
24117,46,57,-11,11
24118,122,111,11,11
24119,78,77,1,1
24120,97,92,5,5
24121,111,112,-1,1
24122,161,147,14,14
24123,157,159,-2,2
24124,90,101,-11,11
24125,69,71,-2,2
24126,78,76,2,2
24127,111,106,5,5
24128,56,53,3,3
24129,83,73,10,10
24130,186,177,9,9
24131,76,82,-6,6
24132,76,80,-4,4
24133,136,134,2,2
24134,87,86,1,1
24135,87,80,7,7
24136,72,70,2,2
24137,64,74,-10,10
24138,162,159,3,3
24139,59,66,-7,7
24140,77,72,5,5
24141,58,62,-4,4
24142,65,64,1,1
24143,103,96,7,7
24144,74,75,-1,1
24145,83,72,11,11
24146,62,67,-5,5
24147,115,102,13,13
24148,88,92,-4,4
24149,79,84,-5,5
24150,102,100,2,2
24151,76,74,2,2
24152,72,74,-2,2
24153,127,132,-5,5
24154,57,65,-8,8
24155,123,123,0,0
24156,108,102,6,6
24157,179,160,19,19
24158,56,81,-25,25
24159,129,134,-5,5
24160,76,83,-7,7
24161,160,139,21,21
24162,108,101,7,7
24163,65,68,-3,3
24164,80,77,3,3
24165,68,84,-16,16
24166,125,157,-32,32
24167,55,61,-6,6
24168,101,108,-7,7
24169,102,98,4,4
24170,151,156,-5,5
24171,98,124,-26,26
24172,72,81,-9,9
24173,124,124,0,0
24174,113,107,6,6
24175,84,74,10,10
24176,51,64,-13,13
24177,73,74,-1,1
24178,58,55,3,3
24179,103,102,1,1
24180,89,76,13,13
24181,103,110,-7,7
24182,122,122,0,0
24183,62,68,-6,6
24184,152,144,8,8
24185,49,59,-10,10
24186,76,77,-1,1
24187,107,103,4,4
24188,63,79,-16,16
24189,132,133,-1,1
24190,167,114,53,53
24191,105,101,4,4
24192,160,158,2,2
24193,86,85,1,1
24194,105,100,5,5
24195,88,93,-5,5
24196,102,100,2,2
24197,102,116,-14,14
24198,101,113,-12,12
24199,48,61,-13,13
24200,131,132,-1,1
24201,45,45,0,0
24202,100,101,-1,1
24203,77,74,3,3
24204,131,136,-5,5
24205,106,104,2,2
24206,115,110,5,5
24207,140,128,12,12
24208,111,118,-7,7
24209,100,105,-5,5
24210,55,62,-7,7
24211,80,75,5,5
24212,98,106,-8,8
24213,61,60,1,1
24214,106,99,7,7
24215,91,94,-3,3
24216,96,93,3,3
24217,88,83,5,5
24218,79,83,-4,4
24219,108,120,-12,12
24220,108,113,-5,5
24221,137,121,16,16
24222,110,109,1,1
24223,67,71,-4,4
24224,81,77,4,4
24225,74,77,-3,3
24226,95,104,-9,9
24227,36,29,7,7
24228,96,97,-1,1
24229,80,85,-5,5
24230,86,80,6,6
24231,145,157,-12,12
24232,163,166,-3,3
24233,57,59,-2,2
24234,91,100,-9,9
24235,100,106,-6,6
24236,55,54,1,1
24237,118,113,5,5
24238,183,187,-4,4
24239,79,84,-5,5
24240,82,71,11,11
24241,107,106,1,1
24242,47,55,-8,8
24243,103,106,-3,3
24244,78,79,-1,1
24245,114,117,-3,3
24246,127,121,6,6
24247,65,75,-10,10
24248,149,163,-14,14
24249,72,73,-1,1
24250,75,76,-1,1
24251,99,99,0,0
24252,91,85,6,6
24253,50,65,-15,15
24254,116,112,4,4
24255,150,131,19,19
24256,136,140,-4,4
24257,145,108,37,37
24258,64,71,-7,7
24259,81,79,2,2
24260,76,72,4,4
24261,91,80,11,11
24262,64,62,2,2
24263,52,56,-4,4
24264,85,89,-4,4
24265,93,95,-2,2
24266,80,89,-9,9
24267,84,90,-6,6
24268,71,72,-1,1
24269,73,72,1,1
24270,54,63,-9,9
24271,87,79,8,8
24272,88,95,-7,7
24273,50,61,-11,11
24274,122,117,5,5
24275,98,100,-2,2
24276,82,76,6,6
24277,173,161,12,12
24278,78,76,2,2
24279,106,97,9,9
24280,103,112,-9,9
24281,78,75,3,3
24282,57,63,-6,6
24283,125,132,-7,7
24284,103,100,3,3
24285,100,100,0,0
24286,78,80,-2,2
24287,122,112,10,10
24288,122,129,-7,7
24289,135,126,9,9
24290,110,98,12,12
24291,174,157,17,17
24292,54,60,-6,6
24293,43,49,-6,6
24294,82,77,5,5
24295,91,81,10,10
24296,104,95,9,9
24297,148,139,9,9
24298,30,29,1,1
24299,115,108,7,7
24300,122,115,7,7
24301,126,118,8,8
24302,68,74,-6,6
24303,119,101,18,18
24304,124,130,-6,6
24305,81,73,8,8
24306,74,71,3,3
24307,75,75,0,0
24308,57,68,-11,11
24309,92,78,14,14
24310,79,76,3,3
24311,118,125,-7,7
24312,62,70,-8,8
24313,86,79,7,7
24314,57,51,6,6
24315,93,111,-18,18
24316,111,102,9,9
24317,77,76,1,1
24318,66,75,-9,9
24319,142,109,33,33
24320,117,104,13,13
24321,48,57,-9,9
24322,195,176,19,19
24323,100,103,-3,3
24324,103,89,14,14
24325,59,72,-13,13
24326,76,74,2,2
24327,108,111,-3,3
24328,127,127,0,0
24329,91,84,7,7
24330,67,73,-6,6
24331,157,151,6,6
24332,120,130,-10,10
24333,79,79,0,0
24334,95,97,-2,2
24335,103,106,-3,3
24336,126,123,3,3
24337,73,99,-26,26
24338,53,65,-12,12
24339,126,127,-1,1
24340,78,75,3,3
24341,128,129,-1,1
24342,51,62,-11,11
24343,76,75,1,1
24344,130,131,-1,1
24345,87,91,-4,4
24346,76,80,-4,4
24347,71,70,1,1
24348,115,112,3,3
24349,119,116,3,3
24350,75,73,2,2
24351,75,87,-12,12
24352,93,89,4,4
24353,128,135,-7,7
24354,127,155,-28,28
24355,94,95,-1,1
24356,133,122,11,11
24357,53,50,3,3
24358,146,130,16,16
24359,117,128,-11,11
24360,74,73,1,1
24361,126,122,4,4
24362,41,52,-11,11
24363,143,144,-1,1
24364,90,87,3,3
24365,73,79,-6,6
24366,156,151,5,5
24367,72,72,0,0
24368,59,62,-3,3
24369,27,28,-1,1
24370,93,97,-4,4
24371,87,90,-3,3
24372,44,54,-10,10
24373,182,187,-5,5
24374,90,93,-3,3
24375,170,163,7,7
24376,128,126,2,2
24377,102,100,2,2
24378,99,97,2,2
24379,106,101,5,5
24380,86,83,3,3
24381,127,114,13,13
24382,99,85,14,14
24383,101,102,-1,1
24384,155,145,10,10
24385,184,162,22,22
24386,98,99,-1,1
24387,95,99,-4,4
24388,108,133,-25,25
24389,103,109,-6,6
24390,147,146,1,1
24391,100,93,7,7
24392,76,100,-24,24
24393,308,217,91,91
24394,71,70,1,1
24395,80,84,-4,4
24396,88,80,8,8
24397,92,105,-13,13
24398,105,112,-7,7
24399,63,74,-11,11
24400,89,89,0,0
24401,77,90,-13,13
24402,94,97,-3,3
24403,72,85,-13,13
24404,65,66,-1,1
24405,132,121,11,11
24406,90,86,4,4
24407,83,83,0,0
24408,35,74,-39,39
24409,163,161,2,2
24410,73,73,0,0
24411,117,117,0,0
24412,87,83,4,4
24413,70,75,-5,5
24414,189,178,11,11
24415,81,76,5,5
24416,59,69,-10,10
24417,110,116,-6,6
24418,103,109,-6,6
24419,89,92,-3,3
24420,90,80,10,10
24421,475,392,83,83
24422,66,64,2,2
24423,97,101,-4,4
24424,89,81,8,8
24425,106,103,3,3
24426,81,79,2,2
24427,143,145,-2,2
24428,113,111,2,2
24429,83,88,-5,5
24430,276,190,86,86
24431,88,85,3,3
24432,91,99,-8,8
24433,179,157,22,22
24434,175,132,43,43
24435,86,85,1,1
24436,60,66,-6,6
24437,86,89,-3,3
24438,104,101,3,3
24439,144,140,4,4
24440,93,91,2,2
24441,98,99,-1,1
24442,59,68,-9,9
24443,112,149,-37,37
24444,98,109,-11,11
24445,60,67,-7,7
24446,72,69,3,3
24447,42,56,-14,14
24448,57,61,-4,4
24449,138,126,12,12
24450,99,98,1,1
24451,134,135,-1,1
24452,96,82,14,14
24453,101,95,6,6
24454,88,101,-13,13
24455,79,85,-6,6
24456,61,57,4,4
24457,77,69,8,8
24458,119,122,-3,3
24459,124,116,8,8
24460,77,83,-6,6
24461,81,82,-1,1
24462,70,71,-1,1
24463,120,131,-11,11
24464,90,99,-9,9
24465,88,95,-7,7
24466,49,52,-3,3
24467,70,70,0,0
24468,90,85,5,5
24469,70,68,2,2
24470,119,106,13,13
24471,99,98,1,1
24472,79,85,-6,6
24473,112,112,0,0
24474,63,68,-5,5
24475,40,54,-14,14
24476,145,139,6,6
24477,82,79,3,3
24478,87,86,1,1
24479,75,74,1,1
24480,71,72,-1,1
24481,84,79,5,5
24482,85,81,4,4
24483,101,93,8,8
24484,111,99,12,12
24485,90,95,-5,5
24486,63,66,-3,3
24487,174,178,-4,4
24488,106,103,3,3
24489,64,70,-6,6
24490,33,34,-1,1
24491,100,113,-13,13
24492,185,160,25,25
24493,68,71,-3,3
24494,29,29,0,0
24495,45,55,-10,10
24496,58,65,-7,7
24497,120,109,11,11
24498,124,112,12,12
24499,70,69,1,1
24500,104,111,-7,7
24501,101,96,5,5
24502,92,92,0,0
24503,81,76,5,5
24504,59,65,-6,6
24505,84,84,0,0
24506,67,71,-4,4
24507,105,101,4,4
24508,81,81,0,0
24509,56,64,-8,8
24510,115,119,-4,4
24511,117,113,4,4
24512,95,90,5,5
24513,134,125,9,9
24514,89,94,-5,5
24515,136,139,-3,3
24516,100,100,0,0
24517,95,109,-14,14
24518,73,76,-3,3
24519,58,70,-12,12
24520,157,146,11,11
24521,77,78,-1,1
24522,54,49,5,5
24523,90,102,-12,12
24524,85,93,-8,8
24525,71,71,0,0
24526,73,74,-1,1
24527,87,90,-3,3
24528,57,64,-7,7
24529,64,68,-4,4
24530,72,74,-2,2
24531,184,164,20,20
24532,152,122,30,30
24533,88,92,-4,4
24534,90,84,6,6
24535,96,106,-10,10
24536,117,103,14,14
24537,65,68,-3,3
24538,101,94,7,7
24539,130,131,-1,1
24540,189,170,19,19
24541,80,84,-4,4
24542,72,73,-1,1
24543,99,104,-5,5
24544,131,126,5,5
24545,120,129,-9,9
24546,64,69,-5,5
24547,59,54,5,5
24548,69,71,-2,2
24549,44,60,-16,16
24550,85,96,-11,11
24551,51,69,-18,18
24552,70,77,-7,7
24553,61,71,-10,10
24554,110,124,-14,14
24555,69,75,-6,6
24556,56,62,-6,6
24557,125,138,-13,13
24558,91,84,7,7
24559,53,64,-11,11
24560,91,93,-2,2
24561,42,52,-10,10
24562,85,89,-4,4
24563,33,31,2,2
24564,94,83,11,11
24565,143,136,7,7
24566,72,66,6,6
24567,85,83,2,2
24568,132,134,-2,2
24569,103,100,3,3
24570,131,114,17,17
24571,72,76,-4,4
24572,109,111,-2,2
24573,104,102,2,2
24574,128,122,6,6
24575,147,144,3,3
24576,90,87,3,3
24577,44,58,-14,14
24578,84,84,0,0
24579,129,131,-2,2
24580,76,88,-12,12
24581,82,94,-12,12
24582,155,132,23,23
24583,141,130,11,11
24584,110,123,-13,13
24585,117,121,-4,4
24586,112,115,-3,3
24587,109,113,-4,4
24588,63,57,6,6
24589,68,71,-3,3
24590,140,129,11,11
24591,42,52,-10,10
24592,97,107,-10,10
24593,73,71,2,2
24594,49,49,0,0
24595,163,138,25,25
24596,116,115,1,1
24597,98,113,-15,15
24598,97,98,-1,1
24599,76,77,-1,1
24600,84,82,2,2
24601,52,52,0,0
24602,134,129,5,5
24603,62,62,0,0
24604,123,123,0,0
24605,55,58,-3,3
24606,80,84,-4,4
24607,77,77,0,0
24608,121,129,-8,8
24609,45,57,-12,12
24610,66,71,-5,5
24611,59,57,2,2
24612,45,60,-15,15
24613,63,65,-2,2
24614,65,77,-12,12
24615,95,93,2,2
24616,84,79,5,5
24617,110,126,-16,16
24618,83,85,-2,2
24619,133,114,19,19
24620,111,109,2,2
24621,69,72,-3,3
24622,43,46,-3,3
24623,97,104,-7,7
24624,78,92,-14,14
24625,75,76,-1,1
24626,130,119,11,11
24627,73,75,-2,2
24628,156,157,-1,1
24629,110,98,12,12
24630,132,128,4,4
24631,108,111,-3,3
24632,97,101,-4,4
24633,139,130,9,9
24634,88,84,4,4
24635,136,123,13,13
24636,115,109,6,6
24637,141,130,11,11
24638,125,122,3,3
24639,114,112,2,2
24640,127,118,9,9
24641,87,89,-2,2
24642,126,125,1,1
24643,83,94,-11,11
24644,68,67,1,1
24645,100,95,5,5
24646,67,72,-5,5
24647,79,71,8,8
24648,123,115,8,8
24649,49,55,-6,6
24650,73,88,-15,15
24651,105,99,6,6
24652,86,83,3,3
24653,78,90,-12,12
24654,97,90,7,7
24655,95,102,-7,7
24656,46,57,-11,11
24657,105,115,-10,10
24658,157,148,9,9
24659,97,112,-15,15
24660,130,119,11,11
24661,114,127,-13,13
24662,56,64,-8,8
24663,37,45,-8,8
24664,133,130,3,3
24665,80,100,-20,20
24666,56,62,-6,6
24667,64,69,-5,5
24668,78,80,-2,2
24669,96,89,7,7
24670,90,83,7,7
24671,126,117,9,9
24672,85,88,-3,3
24673,60,60,0,0
24674,92,87,5,5
24675,105,105,0,0
24676,92,94,-2,2
24677,85,82,3,3
24678,187,166,21,21
24679,108,116,-8,8
24680,64,59,5,5
24681,99,96,3,3
24682,92,94,-2,2
24683,111,112,-1,1
24684,83,76,7,7
24685,92,85,7,7
24686,68,66,2,2
24687,158,139,19,19
24688,54,57,-3,3
24689,86,79,7,7
24690,94,92,2,2
24691,102,101,1,1
24692,55,59,-4,4
24693,52,65,-13,13
24694,69,76,-7,7
24695,97,94,3,3
24696,59,67,-8,8
24697,86,85,1,1
24698,104,107,-3,3
24699,119,127,-8,8
24700,124,109,15,15
24701,99,101,-2,2
24702,94,91,3,3
24703,129,129,0,0
24704,134,118,16,16
24705,58,67,-9,9
24706,131,119,12,12
24707,100,92,8,8
24708,97,89,8,8
24709,75,71,4,4
24710,133,133,0,0
24711,87,80,7,7
24712,76,76,0,0
24713,55,60,-5,5
24714,167,167,0,0
24715,108,116,-8,8
24716,64,66,-2,2
24717,56,69,-13,13
24718,49,74,-25,25
24719,55,55,0,0
24720,80,95,-15,15
24721,55,60,-5,5
24722,169,160,9,9
24723,156,149,7,7
24724,102,98,4,4
24725,94,94,0,0
24726,92,93,-1,1
24727,116,129,-13,13
24728,120,121,-1,1
24729,107,109,-2,2
24730,113,114,-1,1
24731,75,78,-3,3
24732,67,65,2,2
24733,98,88,10,10
24734,193,174,19,19
24735,165,162,3,3
24736,92,83,9,9
24737,53,55,-2,2
24738,82,92,-10,10
24739,113,125,-12,12
24740,89,97,-8,8
24741,93,85,8,8
24742,94,94,0,0
24743,87,82,5,5
24744,145,130,15,15
24745,142,128,14,14
24746,115,113,2,2
24747,82,90,-8,8
24748,87,94,-7,7
24749,74,73,1,1
24750,61,74,-13,13
24751,125,123,2,2
24752,74,75,-1,1
24753,129,125,4,4
24754,88,82,6,6
24755,93,93,0,0
24756,83,84,-1,1
24757,123,116,7,7
24758,103,98,5,5
24759,136,136,0,0
24760,88,85,3,3
24761,94,91,3,3
24762,71,77,-6,6
24763,80,82,-2,2
24764,73,75,-2,2
24765,90,83,7,7
24766,81,80,1,1
24767,85,94,-9,9
24768,48,60,-12,12
24769,122,130,-8,8
24770,120,113,7,7
24771,100,101,-1,1
24772,123,115,8,8
24773,154,140,14,14
24774,49,61,-12,12
24775,110,96,14,14
24776,90,94,-4,4
24777,103,98,5,5
24778,69,77,-8,8
24779,113,111,2,2
24780,102,101,1,1
24781,80,109,-29,29
24782,45,55,-10,10
24783,154,147,7,7
24784,116,103,13,13
24785,125,117,8,8
24786,182,166,16,16
24787,68,67,1,1
24788,82,73,9,9
24789,78,79,-1,1
24790,60,75,-15,15
24791,119,112,7,7
24792,76,77,-1,1
24793,102,101,1,1
24794,94,115,-21,21
24795,76,80,-4,4
24796,52,57,-5,5
24797,82,72,10,10
24798,117,119,-2,2
24799,110,104,6,6
24800,165,151,14,14
24801,79,73,6,6
24802,132,125,7,7
24803,118,114,4,4
24804,95,90,5,5
24805,74,78,-4,4
24806,52,75,-23,23
24807,104,108,-4,4
24808,103,127,-24,24
24809,119,115,4,4
24810,99,103,-4,4
24811,141,129,12,12
24812,62,63,-1,1
24813,95,96,-1,1
24814,115,113,2,2
24815,97,109,-12,12
24816,46,60,-14,14
24817,122,128,-6,6
24818,121,124,-3,3
24819,102,106,-4,4
24820,148,141,7,7
24821,71,69,2,2
24822,114,93,21,21
24823,126,120,6,6
24824,84,83,1,1
24825,83,83,0,0
24826,101,88,13,13
24827,98,95,3,3
24828,121,112,9,9
24829,84,95,-11,11
24830,56,68,-12,12
24831,90,79,11,11
24832,85,78,7,7
24833,87,83,4,4
24834,113,115,-2,2
24835,140,138,2,2
24836,116,117,-1,1
24837,120,126,-6,6
24838,82,79,3,3
24839,150,136,14,14
24840,89,84,5,5
24841,72,72,0,0
24842,106,106,0,0
24843,66,74,-8,8
24844,67,71,-4,4
24845,78,76,2,2
24846,118,112,6,6
24847,83,101,-18,18
24848,133,139,-6,6
24849,127,125,2,2
24850,178,164,14,14
24851,70,70,0,0
24852,50,57,-7,7
24853,121,113,8,8
24854,127,123,4,4
24855,62,61,1,1
24856,74,75,-1,1
24857,79,80,-1,1
24858,95,94,1,1
24859,103,109,-6,6
24860,113,105,8,8
24861,58,76,-18,18
24862,162,126,36,36
24863,43,51,-8,8
24864,73,72,1,1
24865,60,64,-4,4
24866,134,126,8,8
24867,66,70,-4,4
24868,42,61,-19,19
24869,89,83,6,6
24870,82,73,9,9
24871,133,130,3,3
24872,28,29,-1,1
24873,120,104,16,16
24874,60,63,-3,3
24875,59,70,-11,11
24876,54,57,-3,3
24877,81,84,-3,3
24878,102,101,1,1
24879,47,56,-9,9
24880,90,77,13,13
24881,123,115,8,8
24882,83,83,0,0
24883,92,104,-12,12
24884,105,101,4,4
24885,108,96,12,12
24886,114,123,-9,9
24887,57,65,-8,8
24888,67,69,-2,2
24889,85,94,-9,9
24890,68,71,-3,3
24891,55,57,-2,2
24892,93,89,4,4
24893,61,68,-7,7
24894,61,64,-3,3
24895,87,87,0,0
24896,85,83,2,2
24897,88,90,-2,2
24898,57,59,-2,2
24899,65,68,-3,3
24900,58,65,-7,7
24901,118,112,6,6
24902,94,99,-5,5
24903,164,157,7,7
24904,74,79,-5,5
24905,106,159,-53,53
24906,97,112,-15,15
24907,117,113,4,4
24908,123,123,0,0
24909,72,81,-9,9
24910,73,72,1,1
24911,105,146,-41,41
24912,53,59,-6,6
24913,63,67,-4,4
24914,85,79,6,6
24915,136,146,-10,10
24916,113,104,9,9
24917,92,105,-13,13
24918,97,100,-3,3
24919,95,107,-12,12
24920,106,104,2,2
24921,167,162,5,5
24922,121,131,-10,10
24923,42,47,-5,5
24924,80,86,-6,6
24925,48,58,-10,10
24926,116,112,4,4
24927,117,113,4,4
24928,67,68,-1,1
24929,69,70,-1,1
24930,114,105,9,9
24931,134,123,11,11
24932,91,84,7,7
24933,88,84,4,4
24934,130,128,2,2
24935,187,180,7,7
24936,99,102,-3,3
24937,95,105,-10,10
24938,151,146,5,5
24939,97,98,-1,1
24940,66,69,-3,3
24941,39,42,-3,3
24942,114,113,1,1
24943,124,115,9,9
24944,109,108,1,1
24945,92,110,-18,18
24946,50,59,-9,9
24947,139,128,11,11
24948,116,114,2,2
24949,79,78,1,1
24950,69,83,-14,14
24951,95,101,-6,6
24952,112,113,-1,1
24953,57,68,-11,11
24954,57,66,-9,9
24955,112,121,-9,9
24956,77,79,-2,2
24957,79,85,-6,6
24958,115,111,4,4
24959,52,64,-12,12
24960,121,105,16,16
24961,93,94,-1,1
24962,51,52,-1,1
24963,71,74,-3,3
24964,126,127,-1,1
24965,149,139,10,10
24966,91,107,-16,16
24967,142,142,0,0
24968,55,68,-13,13
24969,110,111,-1,1
24970,197,200,-3,3
24971,85,84,1,1
24972,115,113,2,2
24973,111,103,8,8
24974,136,128,8,8
24975,57,65,-8,8
24976,100,87,13,13
24977,121,115,6,6
24978,105,99,6,6
24979,145,150,-5,5
24980,93,95,-2,2
24981,104,103,1,1
24982,104,99,5,5
24983,89,83,6,6
24984,82,80,2,2
24985,137,122,15,15
24986,112,100,12,12
24987,99,93,6,6
24988,94,97,-3,3
24989,140,130,10,10
24990,75,83,-8,8
24991,114,117,-3,3
24992,71,71,0,0
24993,155,133,22,22
24994,71,73,-2,2
24995,61,64,-3,3
24996,84,95,-11,11
24997,75,74,1,1
24998,128,147,-19,19
24999,247,250,-3,3
25000,101,104,-3,3
25001,113,102,11,11
25002,116,113,3,3
25003,112,111,1,1
25004,83,90,-7,7
25005,52,62,-10,10
25006,73,64,9,9
25007,43,59,-16,16
25008,96,93,3,3
25009,49,60,-11,11
25010,57,67,-10,10
25011,104,123,-19,19
25012,86,88,-2,2
25013,66,70,-4,4
25014,69,77,-8,8
25015,92,96,-4,4
25016,120,120,0,0
25017,124,126,-2,2
25018,109,108,1,1
25019,90,103,-13,13
25020,88,85,3,3
25021,60,64,-4,4
25022,100,106,-6,6
25023,171,211,-40,40
25024,55,64,-9,9
25025,143,138,5,5
25026,104,101,3,3
25027,120,122,-2,2
25028,132,126,6,6
25029,142,143,-1,1
25030,68,70,-2,2
25031,74,70,4,4
25032,107,100,7,7
25033,82,79,3,3
25034,48,54,-6,6
25035,83,79,4,4
25036,66,69,-3,3
25037,90,89,1,1
25038,114,115,-1,1
25039,123,108,15,15
25040,140,127,13,13
25041,71,65,6,6
25042,112,103,9,9
25043,175,181,-6,6
25044,148,130,18,18
25045,87,84,3,3
25046,156,156,0,0
25047,44,47,-3,3
25048,105,105,0,0
25049,120,126,-6,6
25050,65,68,-3,3
25051,120,119,1,1
25052,69,71,-2,2
25053,91,100,-9,9
25054,135,115,20,20
25055,133,132,1,1
25056,81,83,-2,2
25057,74,67,7,7
25058,144,144,0,0
25059,146,140,6,6
25060,95,84,11,11
25061,223,191,32,32
25062,126,107,19,19
25063,49,57,-8,8
25064,102,101,1,1
25065,116,109,7,7
25066,60,64,-4,4
25067,154,146,8,8
25068,134,116,18,18
25069,100,99,1,1
25070,76,70,6,6
25071,74,73,1,1
25072,77,69,8,8
25073,88,91,-3,3
25074,76,83,-7,7
25075,81,80,1,1
25076,165,156,9,9
25077,108,113,-5,5
25078,53,29,24,24
25079,59,67,-8,8
25080,85,107,-22,22
25081,98,94,4,4
25082,58,64,-6,6
25083,105,106,-1,1
25084,148,141,7,7
25085,159,141,18,18
25086,163,164,-1,1
25087,102,98,4,4
25088,71,85,-14,14
25089,156,145,11,11
25090,97,93,4,4
25091,97,91,6,6
25092,72,72,0,0
25093,83,108,-25,25
25094,81,69,12,12
25095,103,100,3,3
25096,95,96,-1,1
25097,82,94,-12,12
25098,121,116,5,5
25099,78,83,-5,5
25100,98,93,5,5
25101,145,145,0,0
25102,122,119,3,3
25103,123,115,8,8
25104,76,75,1,1
25105,195,176,19,19
25106,48,46,2,2
25107,59,72,-13,13
25108,73,73,0,0
25109,73,77,-4,4
25110,63,63,0,0
25111,178,156,22,22
25112,69,68,1,1
25113,96,97,-1,1
25114,67,71,-4,4
25115,46,52,-6,6
25116,88,87,1,1
25117,47,59,-12,12
25118,45,52,-7,7
25119,47,46,1,1
25120,123,120,3,3
25121,124,122,2,2
25122,167,158,9,9
25123,136,133,3,3
25124,72,76,-4,4
25125,109,111,-2,2
25126,74,76,-2,2
25127,80,74,6,6
25128,126,126,0,0
25129,119,113,6,6
25130,60,67,-7,7
25131,98,102,-4,4
25132,128,118,10,10
25133,96,91,5,5
25134,109,107,2,2
25135,135,128,7,7
25136,86,78,8,8
25137,125,122,3,3
25138,71,80,-9,9
25139,137,133,4,4
25140,86,89,-3,3
25141,150,157,-7,7
25142,83,90,-7,7
25143,57,62,-5,5
25144,87,88,-1,1
25145,58,74,-16,16
25146,74,81,-7,7
25147,168,147,21,21
25148,145,134,11,11
25149,65,70,-5,5
25150,76,78,-2,2
25151,114,114,0,0
25152,151,155,-4,4
25153,146,163,-17,17
25154,65,68,-3,3
25155,77,85,-8,8
25156,165,150,15,15
25157,89,111,-22,22
25158,107,105,2,2
25159,96,113,-17,17
25160,115,118,-3,3
25161,74,70,4,4
25162,160,153,7,7
25163,82,83,-1,1
25164,80,77,3,3
25165,94,101,-7,7
25166,97,100,-3,3
25167,48,69,-21,21
25168,79,73,6,6
25169,16,29,-13,13
25170,100,101,-1,1
25171,51,73,-22,22
25172,86,82,4,4
25173,108,113,-5,5
25174,46,50,-4,4
25175,55,58,-3,3
25176,112,124,-12,12
25177,84,83,1,1
25178,100,101,-1,1
25179,150,140,10,10
25180,138,133,5,5
25181,92,85,7,7
25182,66,70,-4,4
25183,103,102,1,1
25184,96,98,-2,2
25185,148,150,-2,2
25186,81,82,-1,1
25187,45,68,-23,23
25188,126,121,5,5
25189,168,164,4,4
25190,76,79,-3,3
25191,134,140,-6,6
25192,83,85,-2,2
25193,118,112,6,6
25194,117,106,11,11
25195,100,108,-8,8
25196,96,102,-6,6
25197,122,115,7,7
25198,76,83,-7,7
25199,96,111,-15,15
25200,103,98,5,5
25201,70,72,-2,2
25202,209,183,26,26
25203,75,76,-1,1
25204,54,70,-16,16
25205,111,110,1,1
25206,70,68,2,2
25207,100,105,-5,5
25208,108,102,6,6
25209,56,65,-9,9
25210,172,178,-6,6
25211,67,72,-5,5
25212,118,103,15,15
25213,47,55,-8,8
25214,69,71,-2,2
25215,85,92,-7,7
25216,63,62,1,1
25217,267,236,31,31
25218,101,102,-1,1
25219,126,117,9,9
25220,99,101,-2,2
25221,124,130,-6,6
25222,145,128,17,17
25223,83,79,4,4
25224,96,90,6,6
25225,149,162,-13,13
25226,65,68,-3,3
25227,83,79,4,4
25228,51,56,-5,5
25229,73,85,-12,12
25230,164,156,8,8
25231,76,80,-4,4
25232,86,85,1,1
25233,128,118,10,10
25234,126,113,13,13
25235,75,74,1,1
25236,85,86,-1,1
25237,59,62,-3,3
25238,80,74,6,6
25239,115,107,8,8
25240,96,88,8,8
25241,57,65,-8,8
25242,78,73,5,5
25243,92,83,9,9
25244,114,113,1,1
25245,97,84,13,13
25246,67,69,-2,2
25247,68,91,-23,23
25248,88,84,4,4
25249,58,64,-6,6
25250,86,93,-7,7
25251,81,77,4,4
25252,80,83,-3,3
25253,107,110,-3,3
25254,65,69,-4,4
25255,77,74,3,3
25256,30,36,-6,6
25257,81,82,-1,1
25258,91,101,-10,10
25259,62,72,-10,10
25260,78,89,-11,11
25261,103,101,2,2
25262,113,106,7,7
25263,121,118,3,3
25264,75,75,0,0
25265,113,114,-1,1
25266,52,63,-11,11
25267,93,102,-9,9
25268,51,63,-12,12
25269,128,117,11,11
25270,86,77,9,9
25271,107,108,-1,1
25272,105,106,-1,1
25273,195,193,2,2
25274,64,63,1,1
25275,56,74,-18,18
25276,38,81,-43,43
25277,111,129,-18,18
25278,72,76,-4,4
25279,103,102,1,1
25280,93,92,1,1
25281,90,98,-8,8
25282,64,75,-11,11
25283,142,129,13,13
25284,96,98,-2,2
25285,85,85,0,0
25286,99,101,-2,2
25287,52,58,-6,6
25288,117,136,-19,19
25289,76,76,0,0
25290,80,71,9,9
25291,99,92,7,7
25292,103,99,4,4
25293,60,69,-9,9
25294,96,97,-1,1
25295,112,107,5,5
25296,77,71,6,6
25297,126,115,11,11
25298,125,122,3,3
25299,132,134,-2,2
25300,79,84,-5,5
25301,106,106,0,0
25302,35,45,-10,10
25303,85,78,7,7
25304,63,64,-1,1
25305,65,75,-10,10
25306,23,57,-34,34
25307,73,77,-4,4
25308,103,110,-7,7
25309,79,76,3,3
25310,81,85,-4,4
25311,54,56,-2,2
25312,77,79,-2,2
25313,90,85,5,5
25314,92,91,1,1
25315,54,65,-11,11
25316,101,104,-3,3
25317,102,94,8,8
25318,77,83,-6,6
25319,113,126,-13,13
25320,166,155,11,11
25321,74,79,-5,5
25322,116,117,-1,1
25323,127,132,-5,5
25324,89,83,6,6
25325,101,101,0,0
25326,103,109,-6,6
25327,127,123,4,4
25328,83,77,6,6
25329,123,126,-3,3
25330,118,124,-6,6
25331,160,155,5,5
25332,79,79,0,0
25333,76,71,5,5
25334,51,51,0,0
25335,110,114,-4,4
25336,112,128,-16,16
25337,73,72,1,1
25338,90,83,7,7
25339,87,89,-2,2
25340,97,100,-3,3
25341,51,54,-3,3
25342,175,170,5,5
25343,51,61,-10,10
25344,96,96,0,0
25345,96,82,14,14
25346,87,93,-6,6
25347,98,99,-1,1
25348,195,178,17,17
25349,74,72,2,2
25350,111,103,8,8
25351,62,65,-3,3
25352,62,70,-8,8
25353,50,59,-9,9
25354,77,78,-1,1
25355,68,61,7,7
25356,72,79,-7,7
25357,82,75,7,7
25358,69,72,-3,3
25359,133,132,1,1
25360,57,62,-5,5
25361,87,101,-14,14
25362,86,78,8,8
25363,53,83,-30,30
25364,111,130,-19,19
25365,85,94,-9,9
25366,68,70,-2,2
25367,82,86,-4,4
25368,125,113,12,12
25369,127,115,12,12
25370,46,84,-38,38
25371,125,131,-6,6
25372,133,123,10,10
25373,84,88,-4,4
25374,70,71,-1,1
25375,130,117,13,13
25376,86,89,-3,3
25377,161,156,5,5
25378,100,125,-25,25
25379,107,109,-2,2
25380,89,93,-4,4
25381,62,55,7,7
25382,75,77,-2,2
25383,82,84,-2,2
25384,104,108,-4,4
25385,83,100,-17,17
25386,109,106,3,3
25387,57,53,4,4
25388,125,125,0,0
25389,87,78,9,9
25390,201,170,31,31
25391,75,77,-2,2
25392,80,79,1,1
25393,143,155,-12,12
25394,120,119,1,1
25395,146,146,0,0
25396,70,68,2,2
25397,93,92,1,1
25398,110,112,-2,2
25399,43,55,-12,12
25400,97,92,5,5
25401,70,68,2,2
25402,85,81,4,4
25403,91,101,-10,10
25404,85,87,-2,2
25405,120,114,6,6
25406,70,75,-5,5
25407,61,70,-9,9
25408,67,72,-5,5
25409,156,147,9,9
25410,45,44,1,1
25411,121,127,-6,6
25412,93,106,-13,13
25413,111,118,-7,7
25414,72,81,-9,9
25415,44,52,-8,8
25416,140,148,-8,8
25417,52,61,-9,9
25418,70,72,-2,2
25419,117,119,-2,2
25420,60,63,-3,3
25421,73,85,-12,12
25422,107,101,6,6
25423,90,87,3,3
25424,59,72,-13,13
25425,102,104,-2,2
25426,73,75,-2,2
25427,86,89,-3,3
25428,58,62,-4,4
25429,66,68,-2,2
25430,62,102,-40,40
25431,130,125,5,5
25432,121,108,13,13
25433,114,106,8,8
25434,128,126,2,2
25435,106,110,-4,4
25436,94,87,7,7
25437,139,141,-2,2
25438,57,59,-2,2
25439,62,77,-15,15
25440,59,65,-6,6
25441,134,124,10,10
25442,88,87,1,1
25443,67,73,-6,6
25444,91,95,-4,4
25445,79,74,5,5
25446,99,101,-2,2
25447,135,147,-12,12
25448,118,115,3,3
25449,97,99,-2,2
25450,96,86,10,10
25451,81,82,-1,1
25452,93,99,-6,6
25453,108,112,-4,4
25454,69,69,0,0
25455,106,114,-8,8
25456,80,85,-5,5
25457,108,104,4,4
25458,95,87,8,8
25459,41,47,-6,6
25460,97,98,-1,1
25461,161,137,24,24
25462,96,95,1,1
25463,86,95,-9,9
25464,123,112,11,11
25465,84,74,10,10
25466,81,85,-4,4
25467,99,99,0,0
25468,108,100,8,8
25469,57,67,-10,10
25470,82,85,-3,3
25471,117,144,-27,27
25472,78,88,-10,10
25473,206,195,11,11
25474,70,72,-2,2
25475,66,74,-8,8
25476,132,119,13,13
25477,73,71,2,2
25478,53,62,-9,9
25479,47,59,-12,12
25480,73,79,-6,6
25481,72,73,-1,1
25482,96,95,1,1
25483,182,177,5,5
25484,80,75,5,5
25485,98,92,6,6
25486,103,105,-2,2
25487,182,181,1,1
25488,136,148,-12,12
25489,101,90,11,11
25490,81,76,5,5
25491,161,150,11,11
25492,83,89,-6,6
25493,57,72,-15,15
25494,119,106,13,13
25495,103,98,5,5
25496,143,126,17,17
25497,61,103,-42,42
25498,117,114,3,3
25499,113,111,2,2
25500,94,100,-6,6
25501,70,75,-5,5
25502,116,117,-1,1
25503,102,92,10,10
25504,154,149,5,5
25505,91,84,7,7
25506,105,111,-6,6
25507,114,121,-7,7
25508,160,161,-1,1
25509,94,90,4,4
25510,151,136,15,15
25511,170,164,6,6
25512,76,73,3,3
25513,74,72,2,2
25514,101,102,-1,1
25515,62,62,0,0
25516,84,84,0,0
25517,109,108,1,1
25518,106,104,2,2
25519,119,114,5,5
25520,89,95,-6,6
25521,53,59,-6,6
25522,37,34,3,3
25523,97,99,-2,2
25524,91,87,4,4
25525,94,87,7,7
25526,111,98,13,13
25527,203,204,-1,1
25528,71,71,0,0
25529,63,68,-5,5
25530,55,64,-9,9
25531,87,83,4,4
25532,125,141,-16,16
25533,101,106,-5,5
25534,98,87,11,11
25535,116,122,-6,6
25536,79,81,-2,2
25537,206,194,12,12
25538,102,108,-6,6
25539,153,142,11,11
25540,86,94,-8,8
25541,60,64,-4,4
25542,95,111,-16,16
25543,156,147,9,9
25544,90,84,6,6
25545,131,120,11,11
25546,107,99,8,8
25547,56,61,-5,5
25548,96,98,-2,2
25549,67,80,-13,13
25550,66,67,-1,1
25551,116,117,-1,1
25552,97,104,-7,7
25553,132,126,6,6
25554,87,93,-6,6
25555,94,99,-5,5
25556,50,60,-10,10
25557,104,95,9,9
25558,179,185,-6,6
25559,121,105,16,16
25560,54,63,-9,9
25561,86,79,7,7
25562,29,29,0,0
25563,109,109,0,0
25564,81,89,-8,8
25565,75,83,-8,8
25566,179,164,15,15
25567,59,57,2,2
25568,122,114,8,8
25569,209,193,16,16
25570,53,62,-9,9
25571,79,72,7,7
25572,97,95,2,2
25573,99,105,-6,6
25574,50,55,-5,5
25575,81,86,-5,5
25576,77,75,2,2
25577,179,166,13,13
25578,100,107,-7,7
25579,57,69,-12,12
25580,88,91,-3,3
25581,47,59,-12,12
25582,92,93,-1,1
25583,94,85,9,9
25584,49,75,-26,26
25585,155,134,21,21
25586,93,101,-8,8
25587,160,147,13,13
25588,34,35,-1,1
25589,109,105,4,4
25590,112,113,-1,1
25591,65,66,-1,1
25592,76,70,6,6
25593,82,93,-11,11
25594,97,82,15,15
25595,72,77,-5,5
25596,95,99,-4,4
25597,59,67,-8,8
25598,52,58,-6,6
25599,81,75,6,6
25600,87,81,6,6
25601,129,124,5,5
25602,57,79,-22,22
25603,54,62,-8,8
25604,122,105,17,17
25605,90,87,3,3
25606,136,128,8,8
25607,55,57,-2,2
25608,69,77,-8,8
25609,118,113,5,5
25610,103,106,-3,3
25611,70,71,-1,1
25612,43,55,-12,12
25613,66,71,-5,5
25614,140,142,-2,2
25615,89,99,-10,10
25616,147,123,24,24
25617,112,116,-4,4
25618,78,70,8,8
25619,40,48,-8,8
25620,55,64,-9,9
25621,77,78,-1,1
25622,80,98,-18,18
25623,71,75,-4,4
25624,82,84,-2,2
25625,82,88,-6,6
25626,93,100,-7,7
25627,68,70,-2,2
25628,96,85,11,11
25629,116,113,3,3
25630,53,62,-9,9
25631,87,80,7,7
25632,116,114,2,2
25633,102,94,8,8
25634,89,81,8,8
25635,121,115,6,6
25636,92,86,6,6
25637,29,56,-27,27
25638,98,87,11,11
25639,70,65,5,5
25640,127,116,11,11
25641,208,196,12,12
25642,85,79,6,6
25643,84,92,-8,8
25644,92,98,-6,6
25645,118,130,-12,12
25646,66,72,-6,6
25647,79,81,-2,2
25648,167,153,14,14
25649,174,174,0,0
25650,92,90,2,2
25651,90,100,-10,10
25652,103,97,6,6
25653,85,81,4,4
25654,43,51,-8,8
25655,144,141,3,3
25656,66,69,-3,3
25657,33,54,-21,21
25658,50,61,-11,11
25659,68,68,0,0
25660,152,163,-11,11
25661,102,96,6,6
25662,45,51,-6,6
25663,67,66,1,1
25664,59,66,-7,7
25665,92,100,-8,8
25666,138,138,0,0
25667,152,146,6,6
25668,79,75,4,4
25669,122,125,-3,3
25670,122,117,5,5
25671,59,70,-11,11
25672,164,148,16,16
25673,93,145,-52,52
25674,86,95,-9,9
25675,133,124,9,9
25676,95,109,-14,14
25677,86,92,-6,6
25678,76,74,2,2
25679,152,145,7,7
25680,99,88,11,11
25681,62,63,-1,1
25682,92,98,-6,6
25683,105,99,6,6
25684,95,91,4,4
25685,103,83,20,20
25686,64,69,-5,5
25687,113,127,-14,14
25688,139,143,-4,4
25689,116,109,7,7
25690,109,121,-12,12
25691,110,111,-1,1
25692,102,103,-1,1
25693,108,113,-5,5
25694,83,73,10,10
25695,151,146,5,5
25696,84,93,-9,9
25697,109,102,7,7
25698,136,127,9,9
25699,109,105,4,4
25700,136,115,21,21
25701,109,104,5,5
25702,68,73,-5,5
25703,76,73,3,3
25704,81,81,0,0
25705,102,100,2,2
25706,139,135,4,4
25707,86,90,-4,4
25708,105,96,9,9
25709,58,67,-9,9
25710,35,53,-18,18
25711,49,62,-13,13
25712,82,78,4,4
25713,70,76,-6,6
25714,79,81,-2,2
25715,66,66,0,0
25716,122,117,5,5
25717,77,75,2,2
25718,120,114,6,6
25719,155,138,17,17
25720,123,125,-2,2
25721,74,80,-6,6
25722,88,86,2,2
25723,143,144,-1,1
25724,88,76,12,12
25725,57,63,-6,6
25726,130,120,10,10
25727,81,91,-10,10
25728,83,90,-7,7
25729,173,150,23,23
25730,66,71,-5,5
25731,91,92,-1,1
25732,70,67,3,3
25733,73,65,8,8
25734,72,78,-6,6
25735,73,74,-1,1
25736,109,117,-8,8
25737,106,69,37,37
25738,72,71,1,1
25739,80,85,-5,5
25740,188,173,15,15
25741,112,110,2,2
25742,116,113,3,3
25743,115,103,12,12
25744,97,96,1,1
25745,171,169,2,2
25746,96,102,-6,6
25747,97,92,5,5
25748,60,66,-6,6
25749,119,106,13,13
25750,144,140,4,4
25751,64,67,-3,3
25752,55,65,-10,10
25753,92,88,4,4
25754,92,89,3,3
25755,133,134,-1,1
25756,62,68,-6,6
25757,143,137,6,6
25758,92,100,-8,8
25759,95,115,-20,20
25760,43,48,-5,5
25761,110,108,2,2
25762,94,83,11,11
25763,68,72,-4,4
25764,81,82,-1,1
25765,150,131,19,19
25766,129,126,3,3
25767,133,124,9,9
25768,105,104,1,1
25769,66,82,-16,16
25770,91,95,-4,4
25771,90,77,13,13
25772,117,101,16,16
25773,140,131,9,9
25774,165,153,12,12
25775,95,97,-2,2
25776,85,79,6,6
25777,158,138,20,20
25778,138,147,-9,9
25779,96,96,0,0
25780,122,116,6,6
25781,65,66,-1,1
25782,63,66,-3,3
25783,111,111,0,0
25784,80,101,-21,21
25785,79,80,-1,1
25786,100,92,8,8
25787,81,83,-2,2
25788,92,92,0,0
25789,75,93,-18,18
25790,82,83,-1,1
25791,79,87,-8,8
25792,57,71,-14,14
25793,148,126,22,22
25794,79,78,1,1
25795,122,117,5,5
25796,82,83,-1,1
25797,61,63,-2,2
25798,38,49,-11,11
25799,94,102,-8,8
25800,101,84,17,17
25801,89,85,4,4
25802,68,68,0,0
25803,47,58,-11,11
25804,90,84,6,6
25805,60,66,-6,6
25806,114,111,3,3
25807,80,86,-6,6
25808,127,114,13,13
25809,102,112,-10,10
25810,69,69,0,0
25811,53,70,-17,17
25812,59,69,-10,10
25813,95,100,-5,5
25814,64,66,-2,2
25815,144,153,-9,9
25816,71,65,6,6
25817,100,104,-4,4
25818,116,116,0,0
25819,104,100,4,4
25820,177,185,-8,8
25821,108,105,3,3
25822,132,124,8,8
25823,118,109,9,9
25824,135,149,-14,14
25825,115,112,3,3
25826,73,75,-2,2
25827,133,124,9,9
25828,95,95,0,0
25829,80,80,0,0
25830,48,74,-26,26
25831,158,152,6,6
25832,73,77,-4,4
25833,94,88,6,6
25834,74,98,-24,24
25835,154,158,-4,4
25836,127,127,0,0
25837,73,74,-1,1
25838,89,84,5,5
25839,61,68,-7,7
25840,87,80,7,7
25841,65,81,-16,16
25842,81,88,-7,7
25843,99,99,0,0
25844,83,89,-6,6
25845,90,93,-3,3
25846,82,81,1,1
25847,115,107,8,8
25848,137,140,-3,3
25849,78,77,1,1
25850,94,85,9,9
25851,101,102,-1,1
25852,96,96,0,0
25853,77,75,2,2
25854,112,107,5,5
25855,138,138,0,0
25856,98,96,2,2
25857,91,95,-4,4
25858,143,133,10,10
25859,153,149,4,4
25860,40,44,-4,4
25861,69,68,1,1
25862,67,69,-2,2
25863,43,55,-12,12
25864,104,109,-5,5
25865,117,112,5,5
25866,84,77,7,7
25867,84,87,-3,3
25868,74,70,4,4
25869,75,74,1,1
25870,147,154,-7,7
25871,94,98,-4,4
25872,92,92,0,0
25873,71,74,-3,3
25874,84,79,5,5
25875,78,100,-22,22
25876,83,80,3,3
25877,84,92,-8,8
25878,42,53,-11,11
25879,149,147,2,2
25880,95,100,-5,5
25881,132,116,16,16
25882,83,83,0,0
25883,131,129,2,2
25884,62,68,-6,6
25885,87,86,1,1
25886,91,80,11,11
25887,155,170,-15,15
25888,73,83,-10,10
25889,98,100,-2,2
25890,72,72,0,0
25891,75,79,-4,4
25892,147,143,4,4
25893,54,67,-13,13
25894,128,123,5,5
25895,98,100,-2,2
25896,111,108,3,3
25897,81,83,-2,2
25898,87,79,8,8
25899,28,67,-39,39
25900,123,122,1,1
25901,82,76,6,6
25902,82,75,7,7
25903,113,107,6,6
25904,121,134,-13,13
25905,124,121,3,3
25906,85,81,4,4
25907,82,83,-1,1
25908,107,113,-6,6
25909,113,114,-1,1
25910,74,84,-10,10
25911,97,93,4,4
25912,56,65,-9,9
25913,89,87,2,2
25914,132,124,8,8
25915,134,127,7,7
25916,93,97,-4,4
25917,128,132,-4,4
25918,121,121,0,0
25919,132,141,-9,9
25920,114,114,0,0
25921,93,87,6,6
25922,132,128,4,4
25923,139,120,19,19
25924,59,64,-5,5
25925,185,166,19,19
25926,47,60,-13,13
25927,68,71,-3,3
25928,122,127,-5,5
25929,130,136,-6,6
25930,98,100,-2,2
25931,42,49,-7,7
25932,125,122,3,3
25933,56,61,-5,5
25934,129,128,1,1
25935,60,83,-23,23
25936,51,59,-8,8
25937,78,81,-3,3
25938,62,72,-10,10
25939,80,94,-14,14
25940,39,54,-15,15
25941,120,124,-4,4
25942,100,90,10,10
25943,112,121,-9,9
25944,85,84,1,1
25945,118,113,5,5
25946,124,131,-7,7
25947,56,60,-4,4
25948,97,101,-4,4
25949,83,89,-6,6
25950,91,95,-4,4
25951,68,71,-3,3
25952,108,113,-5,5
25953,87,90,-3,3
25954,57,67,-10,10
25955,70,69,1,1
25956,87,91,-4,4
25957,111,103,8,8
25958,79,83,-4,4
25959,117,106,11,11
25960,95,102,-7,7
25961,139,131,8,8
25962,52,54,-2,2
25963,47,97,-50,50
25964,104,103,1,1
25965,89,82,7,7
25966,86,92,-6,6
25967,90,84,6,6
25968,113,109,4,4
25969,89,88,1,1
25970,94,100,-6,6
25971,134,128,6,6
25972,63,64,-1,1
25973,102,100,2,2
25974,146,133,13,13
25975,140,140,0,0
25976,73,75,-2,2
25977,127,126,1,1
25978,47,62,-15,15
25979,90,106,-16,16
25980,77,77,0,0
25981,136,127,9,9
25982,121,121,0,0
25983,82,75,7,7
25984,114,126,-12,12
25985,114,109,5,5
25986,80,77,3,3
25987,82,78,4,4
25988,79,79,0,0
25989,107,113,-6,6
25990,113,102,11,11
25991,114,111,3,3
25992,52,63,-11,11
25993,67,69,-2,2
25994,74,77,-3,3
25995,113,113,0,0
25996,77,75,2,2
25997,125,128,-3,3
25998,60,62,-2,2
25999,78,77,1,1
26000,94,96,-2,2
26001,102,99,3,3
26002,115,107,8,8
26003,114,111,3,3
26004,115,118,-3,3
26005,109,109,0,0
26006,107,114,-7,7
26007,80,78,2,2
26008,111,105,6,6
26009,36,59,-23,23
26010,78,79,-1,1
26011,87,83,4,4
26012,74,74,0,0
26013,70,77,-7,7
26014,64,69,-5,5
26015,51,57,-6,6
26016,97,99,-2,2
26017,106,102,4,4
26018,150,148,2,2
26019,105,97,8,8
26020,80,84,-4,4
26021,81,83,-2,2
26022,78,83,-5,5
26023,103,107,-4,4
26024,68,71,-3,3
26025,69,71,-2,2
26026,100,116,-16,16
26027,100,85,15,15
26028,171,165,6,6
26029,102,101,1,1
26030,98,89,9,9
26031,81,85,-4,4
26032,86,80,6,6
26033,47,58,-11,11
26034,83,88,-5,5
26035,139,141,-2,2
26036,71,76,-5,5
26037,142,136,6,6
26038,65,65,0,0
26039,68,69,-1,1
26040,63,67,-4,4
26041,105,98,7,7
26042,53,64,-11,11
26043,126,122,4,4
26044,137,142,-5,5
26045,64,65,-1,1
26046,126,142,-16,16
26047,117,109,8,8
26048,65,89,-24,24
26049,133,137,-4,4
26050,64,64,0,0
26051,96,87,9,9
26052,92,92,0,0
26053,99,105,-6,6
26054,148,150,-2,2
26055,54,60,-6,6
26056,99,82,17,17
26057,89,102,-13,13
26058,63,65,-2,2
26059,90,86,4,4
26060,71,78,-7,7
26061,82,74,8,8
26062,89,83,6,6
26063,58,62,-4,4
26064,88,95,-7,7
26065,91,97,-6,6
26066,29,29,0,0
26067,63,70,-7,7
26068,73,75,-2,2
26069,68,68,0,0
26070,76,84,-8,8
26071,73,69,4,4
26072,152,140,12,12
26073,113,102,11,11
26074,57,56,1,1
26075,81,80,1,1
26076,102,110,-8,8
26077,87,113,-26,26
26078,106,110,-4,4
26079,83,89,-6,6
26080,164,156,8,8
26081,122,110,12,12
26082,68,76,-8,8
26083,79,77,2,2
26084,57,62,-5,5
26085,116,120,-4,4
26086,57,63,-6,6
26087,105,96,9,9
26088,95,86,9,9
26089,164,160,4,4
26090,159,165,-6,6
26091,92,81,11,11
26092,100,112,-12,12
26093,64,64,0,0
26094,121,160,-39,39
26095,157,144,13,13
26096,116,113,3,3
26097,46,55,-9,9
26098,106,102,4,4
26099,67,73,-6,6
26100,83,90,-7,7
26101,66,66,0,0
26102,105,112,-7,7
26103,166,170,-4,4
26104,109,91,18,18
26105,75,77,-2,2
26106,86,82,4,4
26107,91,84,7,7
26108,76,74,2,2
26109,149,158,-9,9
26110,102,97,5,5
26111,76,79,-3,3
26112,64,65,-1,1
26113,108,101,7,7
26114,99,96,3,3
26115,104,106,-2,2
26116,136,142,-6,6
26117,72,89,-17,17
26118,92,82,10,10
26119,70,72,-2,2
26120,69,72,-3,3
26121,154,146,8,8
26122,129,122,7,7
26123,102,99,3,3
26124,107,103,4,4
26125,107,112,-5,5
26126,75,71,4,4
26127,108,102,6,6
26128,96,89,7,7
26129,80,83,-3,3
26130,73,75,-2,2
26131,129,125,4,4
26132,57,63,-6,6
26133,92,93,-1,1
26134,70,80,-10,10
26135,61,70,-9,9
26136,52,72,-20,20
26137,145,135,10,10
26138,74,77,-3,3
26139,75,71,4,4
26140,134,130,4,4
26141,105,114,-9,9
26142,108,97,11,11
26143,98,101,-3,3
26144,96,86,10,10
26145,135,131,4,4
26146,103,106,-3,3
26147,84,80,4,4
26148,132,124,8,8
26149,114,100,14,14
26150,87,80,7,7
26151,55,62,-7,7
26152,65,62,3,3
26153,48,60,-12,12
26154,64,68,-4,4
26155,113,100,13,13
26156,137,125,12,12
26157,124,121,3,3
26158,47,53,-6,6
26159,103,98,5,5
26160,136,130,6,6
26161,80,77,3,3
26162,65,87,-22,22
26163,117,107,10,10
26164,113,118,-5,5
26165,71,69,2,2
26166,132,140,-8,8
26167,102,87,15,15
26168,191,183,8,8
26169,127,118,9,9
26170,102,104,-2,2
26171,104,98,6,6
26172,113,112,1,1
26173,74,91,-17,17
26174,143,142,1,1
26175,73,70,3,3
26176,143,139,4,4
26177,120,112,8,8
26178,95,95,0,0
26179,84,89,-5,5
26180,146,145,1,1
26181,70,69,1,1
26182,125,109,16,16
26183,79,79,0,0
26184,77,85,-8,8
26185,69,69,0,0
26186,100,99,1,1
26187,190,171,19,19
26188,90,92,-2,2
26189,67,80,-13,13
26190,179,179,0,0
26191,68,77,-9,9
26192,79,96,-17,17
26193,149,134,15,15
26194,87,74,13,13
26195,58,81,-23,23
26196,176,181,-5,5
26197,67,70,-3,3
26198,76,79,-3,3
26199,127,122,5,5
26200,73,71,2,2
26201,68,71,-3,3
26202,70,71,-1,1
26203,101,95,6,6
26204,122,128,-6,6
26205,95,88,7,7
26206,90,86,4,4
26207,85,90,-5,5
26208,138,136,2,2
26209,115,117,-2,2
26210,122,115,7,7
26211,59,61,-2,2
26212,51,60,-9,9
26213,106,100,6,6
26214,110,113,-3,3
26215,111,113,-2,2
26216,62,80,-18,18
26217,93,83,10,10
26218,46,54,-8,8
26219,107,112,-5,5
26220,144,130,14,14
26221,92,82,10,10
26222,92,94,-2,2
26223,95,107,-12,12
26224,154,148,6,6
26225,54,58,-4,4
26226,102,101,1,1
26227,61,69,-8,8
26228,109,115,-6,6
26229,155,131,24,24
26230,83,74,9,9
26231,79,79,0,0
26232,102,101,1,1
26233,133,120,13,13
26234,134,139,-5,5
26235,81,75,6,6
26236,151,148,3,3
26237,46,56,-10,10
26238,97,95,2,2
26239,62,64,-2,2
26240,114,114,0,0
26241,83,87,-4,4
26242,114,111,3,3
26243,87,97,-10,10
26244,110,96,14,14
26245,232,231,1,1
26246,35,40,-5,5
26247,96,93,3,3
26248,87,94,-7,7
26249,52,59,-7,7
26250,89,83,6,6
26251,84,76,8,8
26252,84,87,-3,3
26253,151,146,5,5
26254,51,60,-9,9
26255,112,104,8,8
26256,189,179,10,10
26257,68,68,0,0
26258,77,76,1,1
26259,62,69,-7,7
26260,112,112,0,0
26261,95,93,2,2
26262,81,87,-6,6
26263,108,98,10,10
26264,96,94,2,2
26265,58,60,-2,2
26266,84,83,1,1
26267,116,105,11,11
26268,97,101,-4,4
26269,92,92,0,0
26270,101,110,-9,9
26271,56,57,-1,1
26272,74,77,-3,3
26273,115,108,7,7
26274,74,79,-5,5
26275,58,61,-3,3
26276,129,130,-1,1
26277,91,93,-2,2
26278,59,60,-1,1
26279,52,55,-3,3
26280,73,76,-3,3
26281,69,64,5,5
26282,119,99,20,20
26283,126,123,3,3
26284,114,95,19,19
26285,100,107,-7,7
26286,86,84,2,2
26287,116,129,-13,13
26288,72,71,1,1
26289,61,69,-8,8
26290,83,75,8,8
26291,94,97,-3,3
26292,90,98,-8,8
26293,93,101,-8,8
26294,31,31,0,0
26295,163,157,6,6
26296,99,95,4,4
26297,46,58,-12,12
26298,55,61,-6,6
26299,75,79,-4,4
26300,72,76,-4,4
26301,107,99,8,8
26302,89,99,-10,10
26303,66,58,8,8
26304,67,76,-9,9
26305,145,147,-2,2
26306,151,146,5,5
26307,153,133,20,20
26308,56,58,-2,2
26309,97,101,-4,4
26310,162,158,4,4
26311,90,87,3,3
26312,106,100,6,6
26313,27,29,-2,2
26314,93,85,8,8
26315,105,102,3,3
26316,123,136,-13,13
26317,61,67,-6,6
26318,64,64,0,0
26319,109,114,-5,5
26320,153,149,4,4
26321,81,79,2,2
26322,167,148,19,19
26323,100,97,3,3
26324,40,58,-18,18
26325,84,94,-10,10
26326,126,126,0,0
26327,69,73,-4,4
26328,54,50,4,4
26329,41,51,-10,10
26330,86,94,-8,8
26331,71,68,3,3
26332,97,97,0,0
26333,131,130,1,1
26334,42,50,-8,8
26335,102,100,2,2
26336,83,86,-3,3
26337,187,174,13,13
26338,180,175,5,5
26339,73,75,-2,2
26340,108,132,-24,24
26341,57,65,-8,8
26342,121,118,3,3
26343,88,90,-2,2
26344,105,105,0,0
26345,80,90,-10,10
26346,86,92,-6,6
26347,124,118,6,6
26348,117,112,5,5
26349,112,111,1,1
26350,66,68,-2,2
26351,94,104,-10,10
26352,107,110,-3,3
26353,45,53,-8,8
26354,121,117,4,4
26355,82,76,6,6
26356,69,72,-3,3
26357,160,147,13,13
26358,119,110,9,9
26359,58,62,-4,4
26360,100,97,3,3
26361,72,74,-2,2
26362,67,69,-2,2
26363,66,68,-2,2
26364,119,114,5,5
26365,138,145,-7,7
26366,65,67,-2,2
26367,105,110,-5,5
26368,36,56,-20,20
26369,69,72,-3,3
26370,78,75,3,3
26371,131,120,11,11
26372,109,118,-9,9
26373,75,73,2,2
26374,63,60,3,3
26375,53,66,-13,13
26376,105,109,-4,4
26377,64,72,-8,8
26378,70,76,-6,6
26379,26,34,-8,8
26380,181,172,9,9
26381,66,71,-5,5
26382,130,139,-9,9
26383,122,124,-2,2
26384,94,89,5,5
26385,124,124,0,0
26386,70,75,-5,5
26387,114,114,0,0
26388,93,84,9,9
26389,106,113,-7,7
26390,96,96,0,0
26391,90,98,-8,8
26392,118,120,-2,2
26393,63,87,-24,24
26394,79,84,-5,5
26395,43,57,-14,14
26396,112,118,-6,6
26397,45,38,7,7
26398,114,123,-9,9
26399,107,99,8,8
26400,83,79,4,4
26401,40,49,-9,9
26402,98,102,-4,4
26403,115,113,2,2
26404,92,101,-9,9
26405,131,134,-3,3
26406,106,93,13,13
26407,99,97,2,2
26408,67,68,-1,1
26409,171,160,11,11
26410,128,114,14,14
26411,88,83,5,5
26412,56,64,-8,8
26413,113,109,4,4
26414,62,52,10,10
26415,81,74,7,7
26416,83,90,-7,7
26417,113,104,9,9
26418,100,105,-5,5
26419,91,85,6,6
26420,79,87,-8,8
26421,156,150,6,6
26422,113,113,0,0
26423,67,80,-13,13
26424,129,121,8,8
26425,89,91,-2,2
26426,66,69,-3,3
26427,102,106,-4,4
26428,131,127,4,4
26429,111,114,-3,3
26430,47,50,-3,3
26431,37,53,-16,16
26432,92,98,-6,6
26433,91,91,0,0
26434,101,101,0,0
26435,43,60,-17,17
26436,78,74,4,4
26437,102,104,-2,2
26438,92,92,0,0
26439,96,107,-11,11
26440,109,111,-2,2
26441,98,103,-5,5
26442,131,118,13,13
26443,104,109,-5,5
26444,96,125,-29,29
26445,98,98,0,0
26446,66,68,-2,2
26447,75,77,-2,2
26448,70,71,-1,1
26449,49,58,-9,9
26450,110,99,11,11
26451,128,113,15,15
26452,50,55,-5,5
26453,85,86,-1,1
26454,59,60,-1,1
26455,41,52,-11,11
26456,71,72,-1,1
26457,117,108,9,9
26458,91,93,-2,2
26459,64,69,-5,5
26460,118,118,0,0
26461,43,54,-11,11
26462,134,129,5,5
26463,101,95,6,6
26464,109,100,9,9
26465,114,135,-21,21
26466,118,127,-9,9
26467,70,79,-9,9
26468,102,101,1,1
26469,157,158,-1,1
26470,308,279,29,29
26471,104,114,-10,10
26472,106,93,13,13
26473,74,75,-1,1
26474,148,136,12,12
26475,106,107,-1,1
26476,74,77,-3,3
26477,118,112,6,6
26478,114,116,-2,2
26479,60,63,-3,3
26480,135,119,16,16
26481,60,62,-2,2
26482,62,66,-4,4
26483,120,124,-4,4
26484,150,165,-15,15
26485,112,103,9,9
26486,87,90,-3,3
26487,100,103,-3,3
26488,52,62,-10,10
26489,82,84,-2,2
26490,136,142,-6,6
26491,65,70,-5,5
26492,104,98,6,6
26493,134,126,8,8
26494,104,93,11,11
26495,119,117,2,2
26496,119,114,5,5
26497,60,74,-14,14
26498,155,153,2,2
26499,129,130,-1,1
26500,46,56,-10,10
26501,58,65,-7,7
26502,73,66,7,7
26503,114,103,11,11
26504,85,94,-9,9
26505,77,76,1,1
26506,89,84,5,5
26507,186,173,13,13
26508,74,75,-1,1
26509,80,72,8,8
26510,108,111,-3,3
26511,112,84,28,28
26512,38,40,-2,2
26513,61,59,2,2
26514,109,103,6,6
26515,46,43,3,3
26516,139,128,11,11
26517,85,88,-3,3
26518,97,92,5,5
26519,60,73,-13,13
26520,36,48,-12,12
26521,89,101,-12,12
26522,147,144,3,3
26523,94,82,12,12
26524,88,82,6,6
26525,120,112,8,8
26526,75,85,-10,10
26527,95,96,-1,1
26528,90,85,5,5
26529,46,59,-13,13
26530,49,57,-8,8
26531,145,137,8,8
26532,93,82,11,11
26533,48,48,0,0
26534,93,93,0,0
26535,76,70,6,6
26536,51,55,-4,4
26537,102,97,5,5
26538,86,85,1,1
26539,88,84,4,4
26540,97,101,-4,4
26541,139,127,12,12
26542,163,155,8,8
26543,91,100,-9,9
26544,139,124,15,15
26545,56,70,-14,14
26546,56,71,-15,15
26547,84,82,2,2
26548,85,87,-2,2
26549,55,62,-7,7
26550,82,78,4,4
26551,90,85,5,5
26552,102,92,10,10
26553,46,55,-9,9
26554,151,150,1,1
26555,90,85,5,5
26556,78,117,-39,39
26557,70,67,3,3
26558,126,117,9,9
26559,114,119,-5,5
26560,135,118,17,17
26561,209,193,16,16
26562,163,156,7,7
26563,62,66,-4,4
26564,79,96,-17,17
26565,90,86,4,4
26566,126,116,10,10
26567,161,146,15,15
26568,119,112,7,7
26569,65,77,-12,12
26570,75,102,-27,27
26571,94,85,9,9
26572,57,59,-2,2
26573,60,64,-4,4
26574,62,65,-3,3
26575,61,69,-8,8
26576,174,165,9,9
26577,65,69,-4,4
26578,122,122,0,0
26579,103,120,-17,17
26580,66,71,-5,5
26581,110,103,7,7
26582,59,64,-5,5
26583,120,112,8,8
26584,101,102,-1,1
26585,94,92,2,2
26586,125,124,1,1
26587,76,76,0,0
26588,66,73,-7,7
26589,85,91,-6,6
26590,101,105,-4,4
26591,79,77,2,2
26592,179,165,14,14
26593,73,82,-9,9
26594,97,101,-4,4
26595,40,66,-26,26
26596,75,74,1,1
26597,157,154,3,3
26598,77,77,0,0
26599,108,117,-9,9
26600,129,120,9,9
26601,100,94,6,6
26602,76,91,-15,15
26603,40,48,-8,8
26604,72,75,-3,3
26605,81,78,3,3
26606,122,114,8,8
26607,77,72,5,5
26608,162,157,5,5
26609,52,58,-6,6
26610,86,79,7,7
26611,61,59,2,2
26612,139,128,11,11
26613,122,117,5,5
26614,129,130,-1,1
26615,64,65,-1,1
26616,53,60,-7,7
26617,163,149,14,14
26618,76,87,-11,11
26619,47,54,-7,7
26620,57,64,-7,7
26621,142,130,12,12
26622,89,79,10,10
26623,100,105,-5,5
26624,126,133,-7,7
26625,149,136,13,13
26626,102,97,5,5
26627,51,61,-10,10
26628,131,119,12,12
26629,113,114,-1,1
26630,128,116,12,12
26631,84,75,9,9
26632,88,84,4,4
26633,96,93,3,3
26634,131,114,17,17
26635,142,143,-1,1
26636,139,130,9,9
26637,62,68,-6,6
26638,162,168,-6,6
26639,100,101,-1,1
26640,94,92,2,2
26641,118,112,6,6
26642,140,125,15,15
26643,105,102,3,3
26644,54,62,-8,8
26645,80,82,-2,2
26646,54,59,-5,5
26647,82,84,-2,2
26648,78,79,-1,1
26649,81,80,1,1
26650,55,60,-5,5
26651,142,148,-6,6
26652,152,143,9,9
26653,121,117,4,4
26654,109,104,5,5
26655,80,86,-6,6
26656,73,76,-3,3
26657,154,128,26,26
26658,122,124,-2,2
26659,85,82,3,3
26660,65,71,-6,6
26661,127,116,11,11
26662,44,51,-7,7
26663,90,100,-10,10
26664,115,115,0,0
26665,124,120,4,4
26666,148,150,-2,2
26667,49,53,-4,4
26668,77,78,-1,1
26669,173,165,8,8
26670,68,75,-7,7
26671,149,149,0,0
26672,73,73,0,0
26673,54,57,-3,3
26674,90,81,9,9
26675,73,75,-2,2
26676,74,79,-5,5
26677,49,53,-4,4
26678,79,76,3,3
26679,117,119,-2,2
26680,57,69,-12,12
26681,123,113,10,10
26682,94,93,1,1
26683,124,109,15,15
26684,74,77,-3,3
26685,63,67,-4,4
26686,116,109,7,7
26687,93,85,8,8
26688,115,121,-6,6
26689,64,67,-3,3
26690,117,119,-2,2
26691,74,77,-3,3
26692,49,49,0,0
26693,72,70,2,2
26694,86,90,-4,4
26695,52,58,-6,6
26696,87,88,-1,1
26697,152,150,2,2
26698,61,68,-7,7
26699,67,73,-6,6
26700,64,73,-9,9
26701,100,101,-1,1
26702,135,117,18,18
26703,120,121,-1,1
26704,124,113,11,11
26705,105,112,-7,7
26706,144,151,-7,7
26707,100,102,-2,2
26708,80,81,-1,1
26709,73,87,-14,14
26710,82,84,-2,2
26711,76,72,4,4
26712,115,115,0,0
26713,106,110,-4,4
26714,125,127,-2,2
26715,86,80,6,6
26716,94,91,3,3
26717,80,84,-4,4
26718,145,129,16,16
26719,122,117,5,5
26720,122,115,7,7
26721,115,114,1,1
26722,66,68,-2,2
26723,85,79,6,6
26724,95,103,-8,8
26725,110,99,11,11
26726,49,65,-16,16
26727,80,96,-16,16
26728,101,97,4,4
26729,77,76,1,1
26730,89,100,-11,11
26731,130,115,15,15
26732,106,120,-14,14
26733,56,58,-2,2
26734,68,66,2,2
26735,152,147,5,5
26736,113,114,-1,1
26737,98,100,-2,2
26738,125,118,7,7
26739,71,72,-1,1
26740,123,121,2,2
26741,97,78,19,19
26742,77,76,1,1
26743,56,65,-9,9
26744,127,122,5,5
26745,49,63,-14,14
26746,115,109,6,6
26747,61,65,-4,4
26748,97,92,5,5
26749,101,106,-5,5
26750,77,83,-6,6
26751,117,126,-9,9
26752,90,100,-10,10
26753,120,114,6,6
26754,80,80,0,0
26755,71,68,3,3
26756,54,62,-8,8
26757,80,85,-5,5
26758,110,113,-3,3
26759,71,89,-18,18
26760,82,88,-6,6
26761,68,77,-9,9
26762,78,85,-7,7
26763,69,66,3,3
26764,87,83,4,4
26765,94,87,7,7
26766,137,129,8,8
26767,57,63,-6,6
26768,56,59,-3,3
26769,57,68,-11,11
26770,62,64,-2,2
26771,63,73,-10,10
26772,165,154,11,11
26773,115,109,6,6
26774,133,128,5,5
26775,94,83,11,11
26776,107,112,-5,5
26777,106,101,5,5
26778,112,119,-7,7
26779,93,95,-2,2
26780,55,66,-11,11
26781,85,85,0,0
26782,41,43,-2,2
26783,120,111,9,9
26784,99,97,2,2
26785,83,73,10,10
26786,84,83,1,1
26787,110,107,3,3
26788,124,150,-26,26
26789,122,115,7,7
26790,38,46,-8,8
26791,120,114,6,6
26792,97,100,-3,3
26793,61,67,-6,6
26794,113,117,-4,4
26795,74,71,3,3
26796,79,75,4,4
26797,125,112,13,13
26798,81,80,1,1
26799,125,120,5,5
26800,123,125,-2,2
26801,90,96,-6,6
26802,48,58,-10,10
26803,55,65,-10,10
26804,62,75,-13,13
26805,64,76,-12,12
26806,91,95,-4,4
26807,145,148,-3,3
26808,86,80,6,6
26809,66,73,-7,7
26810,116,134,-18,18
26811,76,77,-1,1
26812,88,95,-7,7
26813,103,112,-9,9
26814,97,103,-6,6
26815,138,128,10,10
26816,75,77,-2,2
26817,92,84,8,8
26818,149,148,1,1
26819,60,65,-5,5
26820,108,111,-3,3
26821,30,36,-6,6
26822,89,82,7,7
26823,49,61,-12,12
26824,97,89,8,8
26825,128,115,13,13
26826,96,99,-3,3
26827,96,92,4,4
26828,63,59,4,4
26829,76,77,-1,1
26830,106,103,3,3
26831,79,88,-9,9
26832,127,118,9,9
26833,45,57,-12,12
26834,105,117,-12,12
26835,90,87,3,3
26836,43,54,-11,11
26837,235,156,79,79
26838,50,62,-12,12
26839,111,106,5,5
26840,69,67,2,2
26841,52,140,-88,88
26842,105,105,0,0
26843,49,55,-6,6
26844,66,71,-5,5
26845,64,69,-5,5
26846,75,72,3,3
26847,70,73,-3,3
26848,96,91,5,5
26849,86,91,-5,5
26850,109,105,4,4
26851,357,239,118,118
26852,74,73,1,1
26853,96,101,-5,5
26854,101,107,-6,6
26855,86,88,-2,2
26856,97,86,11,11
26857,47,48,-1,1
26858,76,95,-19,19
26859,139,131,8,8
26860,127,124,3,3
26861,119,112,7,7
26862,133,126,7,7
26863,190,191,-1,1
26864,119,112,7,7
26865,96,95,1,1
26866,31,29,2,2
26867,94,107,-13,13
26868,112,129,-17,17
26869,104,100,4,4
26870,162,148,14,14
26871,128,122,6,6
26872,142,144,-2,2
26873,107,79,28,28
26874,120,106,14,14
26875,57,66,-9,9
26876,157,150,7,7
26877,94,94,0,0
26878,109,119,-10,10
26879,58,69,-11,11
26880,108,94,14,14
26881,88,83,5,5
26882,123,126,-3,3
26883,85,83,2,2
26884,136,152,-16,16
26885,72,79,-7,7
26886,77,74,3,3
26887,59,61,-2,2
26888,154,143,11,11
26889,63,77,-14,14
26890,40,47,-7,7
26891,142,153,-11,11
26892,160,150,10,10
26893,68,65,3,3
26894,91,83,8,8
26895,77,83,-6,6
26896,135,132,3,3
26897,134,201,-67,67
26898,172,175,-3,3
26899,131,160,-29,29
26900,86,92,-6,6
26901,67,74,-7,7
26902,55,60,-5,5
26903,148,142,6,6
26904,66,72,-6,6
26905,120,104,16,16
26906,83,84,-1,1
26907,101,96,5,5
26908,83,75,8,8
26909,106,127,-21,21
26910,99,99,0,0
26911,67,71,-4,4
26912,130,128,2,2
26913,79,81,-2,2
26914,43,54,-11,11
26915,146,135,11,11
26916,57,60,-3,3
26917,100,112,-12,12
26918,139,124,15,15
26919,114,103,11,11
26920,61,66,-5,5
26921,77,91,-14,14
26922,102,112,-10,10
26923,104,99,5,5
26924,145,150,-5,5
26925,81,89,-8,8
26926,87,96,-9,9
26927,135,144,-9,9
26928,117,115,2,2
26929,82,76,6,6
26930,118,115,3,3
26931,106,112,-6,6
26932,123,125,-2,2
26933,109,113,-4,4
26934,66,68,-2,2
26935,86,88,-2,2
26936,104,106,-2,2
26937,61,76,-15,15
26938,59,83,-24,24
26939,68,71,-3,3
26940,68,71,-3,3
26941,63,69,-6,6
26942,85,80,5,5
26943,135,136,-1,1
26944,117,122,-5,5
26945,134,121,13,13
26946,104,106,-2,2
26947,73,74,-1,1
26948,79,78,1,1
26949,137,130,7,7
26950,106,96,10,10
26951,80,71,9,9
26952,175,168,7,7
26953,96,101,-5,5
26954,137,127,10,10
26955,119,115,4,4
26956,118,116,2,2
26957,135,132,3,3
26958,127,105,22,22
26959,103,107,-4,4
26960,87,87,0,0
26961,90,74,16,16
26962,50,59,-9,9
26963,68,72,-4,4
26964,75,77,-2,2
26965,150,156,-6,6
26966,107,100,7,7
26967,122,123,-1,1
26968,48,52,-4,4
26969,141,144,-3,3
26970,96,92,4,4
26971,93,97,-4,4
26972,85,80,5,5
26973,55,62,-7,7
26974,51,60,-9,9
26975,99,97,2,2
26976,52,66,-14,14
26977,79,71,8,8
26978,110,110,0,0
26979,121,113,8,8
26980,37,40,-3,3
26981,92,95,-3,3
26982,66,60,6,6
26983,148,121,27,27
26984,83,82,1,1
26985,175,164,11,11
26986,88,80,8,8
26987,110,103,7,7
26988,79,86,-7,7
26989,64,63,1,1
26990,124,113,11,11
26991,129,122,7,7
26992,91,93,-2,2
26993,59,62,-3,3
26994,49,69,-20,20
26995,132,127,5,5
26996,76,112,-36,36
26997,110,105,5,5
26998,61,62,-1,1
26999,90,93,-3,3
27000,126,124,2,2
27001,98,100,-2,2
27002,59,60,-1,1
27003,93,99,-6,6
27004,76,69,7,7
27005,75,70,5,5
27006,85,89,-4,4
27007,149,136,13,13
27008,89,85,4,4
27009,112,111,1,1
27010,88,79,9,9
27011,65,66,-1,1
27012,86,85,1,1
27013,64,61,3,3
27014,81,95,-14,14
27015,86,91,-5,5
27016,70,69,1,1
27017,150,127,23,23
27018,102,98,4,4
27019,92,84,8,8
27020,47,61,-14,14
27021,92,99,-7,7
27022,108,105,3,3
27023,85,87,-2,2
27024,127,123,4,4
27025,114,111,3,3
27026,89,80,9,9
27027,98,103,-5,5
27028,47,46,1,1
27029,95,105,-10,10
27030,174,174,0,0
27031,74,74,0,0
27032,214,210,4,4
27033,35,46,-11,11
27034,202,203,-1,1
27035,83,78,5,5
27036,125,116,9,9
27037,109,96,13,13
27038,54,64,-10,10
27039,56,61,-5,5
27040,71,74,-3,3
27041,81,78,3,3
27042,78,79,-1,1
27043,61,63,-2,2
27044,77,75,2,2
27045,114,105,9,9
27046,59,63,-4,4
27047,116,124,-8,8
27048,49,63,-14,14
27049,66,82,-16,16
27050,91,79,12,12
27051,98,99,-1,1
27052,73,77,-4,4
27053,78,76,2,2
27054,105,116,-11,11
27055,112,106,6,6
27056,84,89,-5,5
27057,78,71,7,7
27058,112,119,-7,7
27059,178,156,22,22
27060,134,132,2,2
27061,93,88,5,5
27062,99,100,-1,1
27063,67,70,-3,3
27064,76,79,-3,3
27065,80,75,5,5
27066,74,74,0,0
27067,83,84,-1,1
27068,99,114,-15,15
27069,70,67,3,3
27070,64,71,-7,7
27071,128,121,7,7
27072,93,83,10,10
27073,65,67,-2,2
27074,40,50,-10,10
27075,133,125,8,8
27076,97,99,-2,2
27077,89,97,-8,8
27078,73,75,-2,2
27079,102,94,8,8
27080,62,65,-3,3
27081,91,94,-3,3
27082,147,140,7,7
27083,70,69,1,1
27084,71,72,-1,1
27085,86,86,0,0
27086,62,66,-4,4
27087,104,92,12,12
27088,72,69,3,3
27089,52,59,-7,7
27090,38,50,-12,12
27091,67,73,-6,6
27092,196,185,11,11
27093,47,52,-5,5
27094,51,59,-8,8
27095,88,86,2,2
27096,96,96,0,0
27097,42,49,-7,7
27098,101,104,-3,3
27099,105,100,5,5
27100,70,70,0,0
27101,87,101,-14,14
27102,120,120,0,0
27103,71,70,1,1
27104,118,111,7,7
27105,71,83,-12,12
27106,101,109,-8,8
27107,80,77,3,3
27108,107,100,7,7
27109,87,78,9,9
27110,60,67,-7,7
27111,56,57,-1,1
27112,79,83,-4,4
27113,148,143,5,5
27114,75,74,1,1
27115,53,59,-6,6
27116,88,85,3,3
27117,104,125,-21,21
27118,77,70,7,7
27119,53,59,-6,6
27120,114,113,1,1
27121,74,70,4,4
27122,73,82,-9,9
27123,127,119,8,8
27124,81,76,5,5
27125,127,127,0,0
27126,139,126,13,13
27127,78,77,1,1
27128,79,75,4,4
27129,115,105,10,10
27130,125,112,13,13
27131,141,136,5,5
27132,127,113,14,14
27133,105,104,1,1
27134,57,66,-9,9
27135,99,104,-5,5
27136,91,85,6,6
27137,98,89,9,9
27138,114,126,-12,12
27139,74,74,0,0
27140,143,126,17,17
27141,68,70,-2,2
27142,159,148,11,11
27143,69,69,0,0
27144,72,70,2,2
27145,48,58,-10,10
27146,110,109,1,1
27147,86,83,3,3
27148,72,74,-2,2
27149,80,75,5,5
27150,70,77,-7,7
27151,37,47,-10,10
27152,79,77,2,2
27153,53,52,1,1
27154,82,79,3,3
27155,55,63,-8,8
27156,72,79,-7,7
27157,104,103,1,1
27158,81,80,1,1
27159,131,132,-1,1
27160,110,119,-9,9
27161,70,75,-5,5
27162,96,101,-5,5
27163,56,69,-13,13
27164,76,77,-1,1
27165,87,90,-3,3
27166,100,94,6,6
27167,51,60,-9,9
27168,67,66,1,1
27169,50,60,-10,10
27170,72,92,-20,20
27171,69,71,-2,2
27172,96,101,-5,5
27173,90,83,7,7
27174,84,85,-1,1
27175,136,137,-1,1
27176,83,82,1,1
27177,93,100,-7,7
27178,130,148,-18,18
27179,111,110,1,1
27180,107,117,-10,10
27181,112,121,-9,9
27182,27,29,-2,2
27183,156,142,14,14
27184,102,97,5,5
27185,122,122,0,0
27186,114,108,6,6
27187,39,49,-10,10
27188,137,127,10,10
27189,86,84,2,2
27190,83,76,7,7
27191,148,145,3,3
27192,108,108,0,0
27193,102,100,2,2
27194,95,95,0,0
27195,52,64,-12,12
27196,78,83,-5,5
27197,99,101,-2,2
27198,124,125,-1,1
27199,94,104,-10,10
27200,120,123,-3,3
27201,102,107,-5,5
27202,128,128,0,0
27203,64,63,1,1
27204,78,75,3,3
27205,65,74,-9,9
27206,128,130,-2,2
27207,88,79,9,9
27208,63,74,-11,11
27209,86,96,-10,10
27210,102,103,-1,1
27211,120,97,23,23
27212,95,103,-8,8
27213,83,79,4,4
27214,96,106,-10,10
27215,75,77,-2,2
27216,50,59,-9,9
27217,69,69,0,0
27218,118,106,12,12
27219,103,110,-7,7
27220,88,93,-5,5
27221,83,83,0,0
27222,113,104,9,9
27223,89,80,9,9
27224,92,90,2,2
27225,96,100,-4,4
27226,97,118,-21,21
27227,57,59,-2,2
27228,70,72,-2,2
27229,79,87,-8,8
27230,81,79,2,2
27231,106,102,4,4
27232,178,164,14,14
27233,141,141,0,0
27234,97,97,0,0
27235,152,154,-2,2
27236,82,83,-1,1
27237,62,63,-1,1
27238,69,75,-6,6
27239,145,138,7,7
27240,80,77,3,3
27241,124,120,4,4
27242,128,130,-2,2
27243,147,132,15,15
27244,181,183,-2,2
27245,92,99,-7,7
27246,48,56,-8,8
27247,144,143,1,1
27248,54,66,-12,12
27249,116,107,9,9
27250,106,102,4,4
27251,72,72,0,0
27252,139,127,12,12
27253,153,153,0,0
27254,105,100,5,5
27255,152,140,12,12
27256,137,124,13,13
27257,123,126,-3,3
27258,49,63,-14,14
27259,80,75,5,5
27260,63,58,5,5
27261,35,65,-30,30
27262,53,61,-8,8
27263,80,83,-3,3
27264,56,56,0,0
27265,143,149,-6,6
27266,160,153,7,7
27267,98,98,0,0
27268,98,94,4,4
27269,83,87,-4,4
27270,117,125,-8,8
27271,143,144,-1,1
27272,91,98,-7,7
27273,60,70,-10,10
27274,106,101,5,5
27275,33,48,-15,15
27276,65,66,-1,1
27277,79,75,4,4
27278,47,50,-3,3
27279,78,79,-1,1
27280,108,111,-3,3
27281,59,68,-9,9
27282,75,82,-7,7
27283,130,129,1,1
27284,75,83,-8,8
27285,89,91,-2,2
27286,85,80,5,5
27287,127,120,7,7
27288,71,83,-12,12
27289,103,101,2,2
27290,40,45,-5,5
27291,57,73,-16,16
27292,142,135,7,7
27293,61,74,-13,13
27294,77,73,4,4
27295,95,100,-5,5
27296,90,73,17,17
27297,101,102,-1,1
27298,64,65,-1,1
27299,154,130,24,24
27300,90,87,3,3
27301,103,101,2,2
27302,134,127,7,7
27303,96,77,19,19
27304,48,56,-8,8
27305,88,80,8,8
27306,126,120,6,6
27307,80,73,7,7
27308,66,69,-3,3
27309,43,50,-7,7
27310,71,70,1,1
27311,102,101,1,1
27312,78,76,2,2
27313,99,97,2,2
27314,110,106,4,4
27315,105,105,0,0
27316,103,111,-8,8
27317,103,104,-1,1
27318,62,86,-24,24
27319,92,97,-5,5
27320,68,74,-6,6
27321,94,94,0,0
27322,97,101,-4,4
27323,50,65,-15,15
27324,46,65,-19,19
27325,76,73,3,3
27326,127,111,16,16
27327,55,60,-5,5
27328,62,65,-3,3
27329,114,119,-5,5
27330,70,68,2,2
27331,110,110,0,0
27332,115,112,3,3
27333,102,94,8,8
27334,105,111,-6,6
27335,99,93,6,6
27336,122,122,0,0
27337,69,73,-4,4
27338,69,64,5,5
27339,79,77,2,2
27340,67,74,-7,7
27341,76,71,5,5
27342,54,59,-5,5
27343,96,92,4,4
27344,90,88,2,2
27345,73,71,2,2
27346,76,79,-3,3
27347,48,57,-9,9
27348,104,111,-7,7
27349,64,69,-5,5
27350,76,76,0,0
27351,106,106,0,0
27352,58,63,-5,5
27353,118,121,-3,3
27354,78,80,-2,2
27355,119,119,0,0
27356,64,70,-6,6
27357,144,119,25,25
27358,112,105,7,7
27359,60,64,-4,4
27360,58,83,-25,25
27361,148,164,-16,16
27362,70,69,1,1
27363,193,175,18,18
27364,90,93,-3,3
27365,50,58,-8,8
27366,94,87,7,7
27367,114,106,8,8
27368,57,64,-7,7
27369,72,85,-13,13
27370,97,84,13,13
27371,121,115,6,6
27372,96,96,0,0
27373,78,81,-3,3
27374,124,129,-5,5
27375,156,154,2,2
27376,103,97,6,6
27377,117,121,-4,4
27378,75,67,8,8
27379,101,105,-4,4
27380,45,50,-5,5
27381,60,62,-2,2
27382,124,126,-2,2
27383,129,125,4,4
27384,90,93,-3,3
27385,79,84,-5,5
27386,64,68,-4,4
27387,87,100,-13,13
27388,138,133,5,5
27389,106,107,-1,1
27390,96,101,-5,5
27391,124,121,3,3
27392,78,76,2,2
27393,99,95,4,4
27394,208,175,33,33
27395,111,111,0,0
27396,107,100,7,7
27397,92,83,9,9
27398,87,82,5,5
27399,108,119,-11,11
27400,70,65,5,5
27401,115,113,2,2
27402,86,90,-4,4
27403,86,82,4,4
27404,165,164,1,1
27405,59,100,-41,41
27406,111,117,-6,6
27407,196,175,21,21
27408,99,96,3,3
27409,121,98,23,23
27410,57,60,-3,3
27411,78,75,3,3
27412,98,100,-2,2
27413,90,81,9,9
27414,89,94,-5,5
27415,97,96,1,1
27416,77,77,0,0
27417,78,77,1,1
27418,95,110,-15,15
27419,98,95,3,3
27420,126,114,12,12
27421,107,110,-3,3
27422,83,83,0,0
27423,129,132,-3,3
27424,93,100,-7,7
27425,210,180,30,30
27426,112,114,-2,2
27427,51,58,-7,7
27428,93,80,13,13
27429,61,71,-10,10
27430,76,84,-8,8
27431,107,107,0,0
27432,115,100,15,15
27433,106,109,-3,3
27434,77,79,-2,2
27435,102,103,-1,1
27436,54,66,-12,12
27437,81,73,8,8
27438,64,76,-12,12
27439,134,133,1,1
27440,124,119,5,5
27441,49,62,-13,13
27442,90,103,-13,13
27443,72,67,5,5
27444,76,79,-3,3
27445,114,110,4,4
27446,59,71,-12,12
27447,97,116,-19,19
27448,96,89,7,7
27449,177,147,30,30
27450,111,106,5,5
27451,105,115,-10,10
27452,78,88,-10,10
27453,85,94,-9,9
27454,71,72,-1,1
27455,114,115,-1,1
27456,78,84,-6,6
27457,164,166,-2,2
27458,75,79,-4,4
27459,128,122,6,6
27460,105,116,-11,11
27461,75,73,2,2
27462,87,87,0,0
27463,104,100,4,4
27464,130,124,6,6
27465,101,108,-7,7
27466,81,79,2,2
27467,75,76,-1,1
27468,115,110,5,5
27469,80,75,5,5
27470,54,69,-15,15
27471,93,98,-5,5
27472,142,121,21,21
27473,41,53,-12,12
27474,78,79,-1,1
27475,62,67,-5,5
27476,68,79,-11,11
27477,45,57,-12,12
27478,99,102,-3,3
27479,92,85,7,7
27480,88,80,8,8
27481,134,138,-4,4
27482,112,108,4,4
27483,97,104,-7,7
27484,131,140,-9,9
27485,71,71,0,0
27486,39,47,-8,8
27487,68,73,-5,5
27488,47,49,-2,2
27489,60,61,-1,1
27490,151,129,22,22
27491,81,73,8,8
27492,104,100,4,4
27493,99,104,-5,5
27494,103,101,2,2
27495,84,85,-1,1
27496,92,94,-2,2
27497,108,109,-1,1
27498,124,119,5,5
27499,68,75,-7,7
27500,107,110,-3,3
27501,97,84,13,13
27502,108,104,4,4
27503,54,65,-11,11
27504,75,74,1,1
27505,43,55,-12,12
27506,105,111,-6,6
27507,103,111,-8,8
27508,85,92,-7,7
27509,121,120,1,1
27510,85,87,-2,2
27511,102,95,7,7
27512,113,118,-5,5
27513,70,74,-4,4
27514,120,112,8,8
27515,106,97,9,9
27516,72,76,-4,4
27517,89,92,-3,3
27518,90,89,1,1
27519,52,54,-2,2
27520,78,80,-2,2
27521,88,96,-8,8
27522,290,246,44,44
27523,98,97,1,1
27524,94,97,-3,3
27525,130,119,11,11
27526,50,70,-20,20
27527,102,97,5,5
27528,72,73,-1,1
27529,79,76,3,3
27530,101,103,-2,2
27531,88,79,9,9
27532,75,76,-1,1
27533,109,120,-11,11
27534,68,70,-2,2
27535,117,114,3,3
27536,112,112,0,0
27537,149,140,9,9
27538,94,101,-7,7
27539,73,75,-2,2
27540,86,83,3,3
27541,68,75,-7,7
27542,94,92,2,2
27543,96,101,-5,5
27544,86,113,-27,27
27545,84,87,-3,3
27546,98,90,8,8
27547,149,141,8,8
27548,92,92,0,0
27549,72,69,3,3
27550,108,106,2,2
27551,85,97,-12,12
27552,92,92,0,0
27553,72,76,-4,4
27554,73,79,-6,6
27555,91,91,0,0
27556,167,171,-4,4
27557,78,86,-8,8
27558,50,67,-17,17
27559,96,83,13,13
27560,105,107,-2,2
27561,102,102,0,0
27562,106,99,7,7
27563,138,128,10,10
27564,123,126,-3,3
27565,76,75,1,1
27566,95,95,0,0
27567,87,87,0,0
27568,154,157,-3,3
27569,75,74,1,1
27570,137,125,12,12
27571,98,86,12,12
27572,96,100,-4,4
27573,68,72,-4,4
27574,66,79,-13,13
27575,96,98,-2,2
27576,99,103,-4,4
27577,53,68,-15,15
27578,36,65,-29,29
27579,79,90,-11,11
27580,108,109,-1,1
27581,20,29,-9,9
27582,95,99,-4,4
27583,78,80,-2,2
27584,114,118,-4,4
27585,89,104,-15,15
27586,118,140,-22,22
27587,163,150,13,13
27588,64,65,-1,1
27589,50,52,-2,2
27590,65,68,-3,3
27591,91,85,6,6
27592,126,129,-3,3
27593,96,95,1,1
27594,115,108,7,7
27595,114,112,2,2
27596,139,117,22,22
27597,45,64,-19,19
27598,155,156,-1,1
27599,77,72,5,5
27600,105,94,11,11
27601,156,131,25,25
27602,90,89,1,1
27603,105,97,8,8
27604,36,47,-11,11
27605,134,143,-9,9
27606,111,119,-8,8
27607,61,59,2,2
27608,97,101,-4,4
27609,76,76,0,0
27610,81,85,-4,4
27611,71,70,1,1
27612,99,93,6,6
27613,98,103,-5,5
27614,89,84,5,5
27615,153,147,6,6
27616,110,113,-3,3
27617,61,65,-4,4
27618,72,77,-5,5
27619,107,103,4,4
27620,107,106,1,1
27621,116,108,8,8
27622,116,113,3,3
27623,71,73,-2,2
27624,95,96,-1,1
27625,99,101,-2,2
27626,59,62,-3,3
27627,107,126,-19,19
27628,130,122,8,8
27629,95,79,16,16
27630,165,146,19,19
27631,171,153,18,18
27632,93,101,-8,8
27633,79,85,-6,6
27634,175,161,14,14
27635,121,119,2,2
27636,155,153,2,2
27637,174,173,1,1
27638,81,74,7,7
27639,57,60,-3,3
27640,180,152,28,28
27641,116,110,6,6
27642,162,159,3,3
27643,77,72,5,5
27644,78,77,1,1
27645,111,112,-1,1
27646,87,80,7,7
27647,37,49,-12,12
27648,176,170,6,6
27649,69,77,-8,8
27650,72,76,-4,4
27651,91,92,-1,1
27652,102,102,0,0
27653,81,83,-2,2
27654,142,139,3,3
27655,189,171,18,18
27656,200,182,18,18
27657,61,69,-8,8
27658,89,90,-1,1
27659,94,99,-5,5
27660,88,87,1,1
27661,85,80,5,5
27662,88,88,0,0
27663,52,58,-6,6
27664,61,80,-19,19
27665,79,78,1,1
27666,141,131,10,10
27667,83,82,1,1
27668,112,145,-33,33
27669,123,117,6,6
27670,54,57,-3,3
27671,66,69,-3,3
27672,117,118,-1,1
27673,73,75,-2,2
27674,70,81,-11,11
27675,66,66,0,0
27676,105,118,-13,13
27677,77,80,-3,3
27678,100,98,2,2
27679,167,152,15,15
27680,73,71,2,2
27681,130,127,3,3
27682,87,73,14,14
27683,85,79,6,6
27684,69,72,-3,3
27685,73,74,-1,1
27686,77,82,-5,5
27687,138,133,5,5
27688,80,90,-10,10
27689,55,61,-6,6
27690,117,107,10,10
27691,110,105,5,5
27692,60,61,-1,1
27693,96,92,4,4
27694,85,78,7,7
27695,106,113,-7,7
27696,94,94,0,0
27697,69,76,-7,7
27698,125,126,-1,1
27699,179,162,17,17
27700,86,85,1,1
27701,129,125,4,4
27702,82,84,-2,2
27703,91,81,10,10
27704,150,146,4,4
27705,57,65,-8,8
27706,70,72,-2,2
27707,134,127,7,7
27708,71,74,-3,3
27709,74,82,-8,8
27710,83,83,0,0
27711,82,102,-20,20
27712,70,73,-3,3
27713,82,93,-11,11
27714,52,59,-7,7
27715,93,83,10,10
27716,54,63,-9,9
27717,136,137,-1,1
27718,72,74,-2,2
27719,86,109,-23,23
27720,108,115,-7,7
27721,93,85,8,8
27722,57,75,-18,18
27723,78,77,1,1
27724,130,122,8,8
27725,83,86,-3,3
27726,116,102,14,14
27727,103,95,8,8
27728,79,82,-3,3
27729,43,53,-10,10
27730,100,102,-2,2
27731,77,76,1,1
27732,127,122,5,5
27733,83,80,3,3
27734,134,159,-25,25
27735,108,98,10,10
27736,122,114,8,8
27737,86,91,-5,5
27738,71,72,-1,1
27739,111,111,0,0
27740,132,119,13,13
27741,200,190,10,10
27742,77,74,3,3
27743,131,117,14,14
27744,75,77,-2,2
27745,66,67,-1,1
27746,83,80,3,3
27747,155,143,12,12
27748,104,92,12,12
27749,85,82,3,3
27750,149,133,16,16
27751,198,248,-50,50
27752,68,80,-12,12
27753,143,113,30,30
27754,118,109,9,9
27755,75,76,-1,1
27756,150,171,-21,21
27757,52,58,-6,6
27758,153,148,5,5
27759,88,101,-13,13
27760,101,117,-16,16
27761,74,72,2,2
27762,102,109,-7,7
27763,140,132,8,8
27764,71,67,4,4
27765,110,93,17,17
27766,110,111,-1,1
27767,63,67,-4,4
27768,66,72,-6,6
27769,49,58,-9,9
27770,54,59,-5,5
27771,86,88,-2,2
27772,58,62,-4,4
27773,54,61,-7,7
27774,60,70,-10,10
27775,77,76,1,1
27776,70,77,-7,7
27777,91,88,3,3
27778,112,112,0,0
27779,89,89,0,0
27780,80,77,3,3
27781,95,96,-1,1
27782,98,95,3,3
27783,91,89,2,2
27784,117,115,2,2
27785,76,80,-4,4
27786,126,152,-26,26
27787,131,120,11,11
27788,65,69,-4,4
27789,90,83,7,7
27790,77,76,1,1
27791,114,112,2,2
27792,88,84,4,4
27793,90,89,1,1
27794,84,91,-7,7
27795,135,118,17,17
27796,95,88,7,7
27797,94,102,-8,8
27798,106,103,3,3
27799,75,74,1,1
27800,115,111,4,4
27801,143,144,-1,1
27802,60,57,3,3
27803,68,66,2,2
27804,73,71,2,2
27805,168,147,21,21
27806,99,106,-7,7
27807,108,108,0,0
27808,77,84,-7,7
27809,60,59,1,1
27810,79,76,3,3
27811,103,118,-15,15
27812,120,123,-3,3
27813,137,146,-9,9
27814,80,92,-12,12
27815,78,78,0,0
27816,49,62,-13,13
27817,97,109,-12,12
27818,104,104,0,0
27819,172,160,12,12
27820,154,151,3,3
27821,93,100,-7,7
27822,103,95,8,8
27823,51,60,-9,9
27824,72,73,-1,1
27825,81,83,-2,2
27826,69,66,3,3
27827,111,100,11,11
27828,106,106,0,0
27829,143,132,11,11
27830,46,49,-3,3
27831,118,123,-5,5
27832,136,118,18,18
27833,103,97,6,6
27834,115,119,-4,4
27835,100,97,3,3
27836,130,122,8,8
27837,146,133,13,13
27838,106,104,2,2
27839,160,155,5,5
27840,151,119,32,32
27841,111,109,2,2
27842,132,116,16,16
27843,70,65,5,5
27844,95,97,-2,2
27845,113,109,4,4
27846,100,141,-41,41
27847,84,73,11,11
27848,144,128,16,16
27849,75,81,-6,6
27850,127,134,-7,7
27851,35,43,-8,8
27852,48,65,-17,17
27853,52,59,-7,7
27854,110,111,-1,1
27855,109,107,2,2
27856,72,76,-4,4
27857,99,97,2,2
27858,58,57,1,1
27859,81,73,8,8
27860,96,82,14,14
27861,71,72,-1,1
27862,122,106,16,16
27863,151,141,10,10
27864,92,90,2,2
27865,69,71,-2,2
27866,111,107,4,4
27867,106,100,6,6
27868,122,120,2,2
27869,100,84,16,16
27870,62,68,-6,6
27871,77,75,2,2
27872,111,112,-1,1
27873,68,76,-8,8
27874,97,92,5,5
27875,118,88,30,30
27876,118,114,4,4
27877,97,111,-14,14
27878,78,80,-2,2
27879,146,144,2,2
27880,99,98,1,1
27881,76,74,2,2
27882,64,63,1,1
27883,48,57,-9,9
27884,89,85,4,4
27885,59,64,-5,5
27886,74,77,-3,3
27887,72,77,-5,5
27888,83,78,5,5
27889,83,70,13,13
27890,97,103,-6,6
27891,100,93,7,7
27892,181,182,-1,1
27893,37,41,-4,4
27894,64,69,-5,5
27895,84,74,10,10
27896,68,65,3,3
27897,54,59,-5,5
27898,85,82,3,3
27899,75,77,-2,2
27900,98,94,4,4
27901,147,134,13,13
27902,138,133,5,5
27903,61,63,-2,2
27904,83,91,-8,8
27905,158,141,17,17
27906,119,115,4,4
27907,88,82,6,6
27908,119,115,4,4
27909,118,106,12,12
27910,68,70,-2,2
27911,49,57,-8,8
27912,112,105,7,7
27913,113,113,0,0
27914,83,92,-9,9
27915,81,88,-7,7
27916,31,37,-6,6
27917,87,76,11,11
27918,144,136,8,8
27919,133,143,-10,10
27920,137,137,0,0
27921,95,101,-6,6
27922,80,81,-1,1
27923,109,108,1,1
27924,90,97,-7,7
27925,70,71,-1,1
27926,66,74,-8,8
27927,81,73,8,8
27928,156,153,3,3
27929,70,80,-10,10
27930,95,104,-9,9
27931,109,100,9,9
27932,61,114,-53,53
27933,40,42,-2,2
27934,138,146,-8,8
27935,96,87,9,9
27936,53,67,-14,14
27937,85,96,-11,11
27938,137,126,11,11
27939,113,111,2,2
27940,127,125,2,2
27941,77,71,6,6
27942,66,71,-5,5
27943,36,46,-10,10
27944,83,85,-2,2
27945,120,105,15,15
27946,55,65,-10,10
27947,61,71,-10,10
27948,68,68,0,0
27949,93,97,-4,4
27950,173,169,4,4
27951,58,65,-7,7
27952,75,76,-1,1
27953,83,73,10,10
27954,141,149,-8,8
27955,67,70,-3,3
27956,35,49,-14,14
27957,63,70,-7,7
27958,52,59,-7,7
27959,183,172,11,11
27960,52,56,-4,4
27961,72,72,0,0
27962,77,79,-2,2
27963,61,60,1,1
27964,124,114,10,10
27965,78,80,-2,2
27966,123,122,1,1
27967,122,121,1,1
27968,88,88,0,0
27969,74,79,-5,5
27970,66,74,-8,8
27971,69,77,-8,8
27972,92,98,-6,6
27973,79,76,3,3
27974,45,68,-23,23
27975,115,121,-6,6
27976,143,142,1,1
27977,99,104,-5,5
27978,129,135,-6,6
27979,103,103,0,0
27980,90,100,-10,10
27981,88,87,1,1
27982,123,126,-3,3
27983,175,152,23,23
27984,95,93,2,2
27985,105,110,-5,5
27986,65,72,-7,7
27987,66,63,3,3
27988,137,122,15,15
27989,84,88,-4,4
27990,110,104,6,6
27991,118,107,11,11
27992,114,115,-1,1
27993,97,108,-11,11
27994,90,85,5,5
27995,124,125,-1,1
27996,158,157,1,1
27997,67,91,-24,24
27998,96,92,4,4
27999,97,93,4,4
28000,108,106,2,2
28001,106,104,2,2
28002,56,59,-3,3
28003,69,71,-2,2
28004,41,53,-12,12
28005,67,68,-1,1
28006,172,169,3,3
28007,53,60,-7,7
28008,94,87,7,7
28009,121,116,5,5
28010,97,85,12,12
28011,91,96,-5,5
28012,117,95,22,22
28013,125,142,-17,17
28014,59,63,-4,4
28015,114,107,7,7
28016,87,82,5,5
28017,106,109,-3,3
28018,77,79,-2,2
28019,135,118,17,17
28020,145,127,18,18
28021,72,73,-1,1
28022,53,64,-11,11
28023,149,141,8,8
28024,101,105,-4,4
28025,76,60,16,16
28026,87,98,-11,11
28027,73,70,3,3
28028,107,110,-3,3
28029,67,68,-1,1
28030,67,75,-8,8
28031,80,80,0,0
28032,91,90,1,1
28033,91,87,4,4
28034,104,117,-13,13
28035,66,61,5,5
28036,90,88,2,2
28037,71,80,-9,9
28038,118,100,18,18
28039,87,93,-6,6
28040,68,71,-3,3
28041,114,116,-2,2
28042,117,119,-2,2
28043,130,121,9,9
28044,134,144,-10,10
28045,125,125,0,0
28046,74,73,1,1
28047,88,83,5,5
28048,56,72,-16,16
28049,116,106,10,10
28050,145,142,3,3
28051,75,68,7,7
28052,71,85,-14,14
28053,50,58,-8,8
28054,97,100,-3,3
28055,55,56,-1,1
28056,52,55,-3,3
28057,154,127,27,27
28058,132,126,6,6
28059,180,162,18,18
28060,68,72,-4,4
28061,86,86,0,0
28062,147,148,-1,1
28063,68,83,-15,15
28064,80,78,2,2
28065,98,92,6,6
28066,109,117,-8,8
28067,88,90,-2,2
28068,78,84,-6,6
28069,86,76,10,10
28070,42,52,-10,10
28071,74,84,-10,10
28072,137,132,5,5
28073,110,108,2,2
28074,76,88,-12,12
28075,64,67,-3,3
28076,150,141,9,9
28077,116,106,10,10
28078,74,77,-3,3
28079,69,69,0,0
28080,55,58,-3,3
28081,114,123,-9,9
28082,178,184,-6,6
28083,78,75,3,3
28084,71,71,0,0
28085,80,84,-4,4
28086,119,132,-13,13
28087,59,67,-8,8
28088,75,69,6,6
28089,77,88,-11,11
28090,64,76,-12,12
28091,118,107,11,11
28092,141,135,6,6
28093,144,149,-5,5
28094,118,114,4,4
28095,90,76,14,14
28096,96,99,-3,3
28097,107,102,5,5
28098,141,152,-11,11
28099,71,65,6,6
28100,94,84,10,10
28101,196,181,15,15
28102,93,102,-9,9
28103,122,104,18,18
28104,78,80,-2,2
28105,83,102,-19,19
28106,84,79,5,5
28107,65,64,1,1
28108,165,164,1,1
28109,116,127,-11,11
28110,91,77,14,14
28111,69,68,1,1
28112,87,78,9,9
28113,94,103,-9,9
28114,113,110,3,3
28115,169,169,0,0
28116,112,101,11,11
28117,85,86,-1,1
28118,113,108,5,5
28119,145,132,13,13
28120,53,62,-9,9
28121,97,99,-2,2
28122,102,107,-5,5
28123,107,117,-10,10
28124,88,82,6,6
28125,76,75,1,1
28126,46,56,-10,10
28127,83,84,-1,1
28128,99,92,7,7
28129,118,115,3,3
28130,85,77,8,8
28131,112,116,-4,4
28132,120,108,12,12
28133,246,217,29,29
28134,124,112,12,12
28135,64,70,-6,6
28136,118,107,11,11
28137,118,113,5,5
28138,78,79,-1,1
28139,74,82,-8,8
28140,86,82,4,4
28141,90,78,12,12
28142,132,145,-13,13
28143,125,121,4,4
28144,70,70,0,0
28145,69,68,1,1
28146,119,114,5,5
28147,144,135,9,9
28148,172,163,9,9
28149,83,82,1,1
28150,99,91,8,8
28151,104,103,1,1
28152,127,125,2,2
28153,78,73,5,5
28154,110,100,10,10
28155,53,59,-6,6
28156,79,84,-5,5
28157,47,49,-2,2
28158,123,130,-7,7
28159,132,127,5,5
28160,104,103,1,1
28161,127,125,2,2
28162,105,93,12,12
28163,65,72,-7,7
28164,100,104,-4,4
28165,192,165,27,27
28166,61,91,-30,30
28167,106,112,-6,6
28168,38,74,-36,36
28169,186,163,23,23
28170,166,150,16,16
28171,122,114,8,8
28172,141,140,1,1
28173,122,128,-6,6
28174,39,64,-25,25
28175,117,118,-1,1
28176,128,126,2,2
28177,148,144,4,4
28178,118,114,4,4
28179,96,97,-1,1
28180,72,79,-7,7
28181,76,71,5,5
28182,63,64,-1,1
28183,84,91,-7,7
28184,102,101,1,1
28185,75,75,0,0
28186,92,94,-2,2
28187,69,68,1,1
28188,94,82,12,12
28189,70,70,0,0
28190,112,103,9,9
28191,87,77,10,10
28192,68,72,-4,4
28193,123,143,-20,20
28194,81,71,10,10
28195,116,129,-13,13
28196,82,85,-3,3
28197,149,136,13,13
28198,60,74,-14,14
28199,59,69,-10,10
28200,110,99,11,11
28201,89,129,-40,40
28202,114,116,-2,2
28203,128,121,7,7
28204,57,67,-10,10
28205,77,80,-3,3
28206,85,83,2,2
28207,194,195,-1,1
28208,72,87,-15,15
28209,75,80,-5,5
28210,57,83,-26,26
28211,165,156,9,9
28212,99,96,3,3
28213,84,82,2,2
28214,89,93,-4,4
28215,64,68,-4,4
28216,115,125,-10,10
28217,81,85,-4,4
28218,96,106,-10,10
28219,134,137,-3,3
28220,74,73,1,1
28221,121,141,-20,20
28222,81,93,-12,12
28223,58,63,-5,5
28224,77,72,5,5
28225,97,99,-2,2
28226,66,64,2,2
28227,104,107,-3,3
28228,112,116,-4,4
28229,59,62,-3,3
28230,151,138,13,13
28231,111,103,8,8
28232,133,127,6,6
28233,76,75,1,1
28234,93,99,-6,6
28235,76,75,1,1
28236,85,79,6,6
28237,151,151,0,0
28238,76,80,-4,4
28239,79,75,4,4
28240,172,188,-16,16
28241,148,133,15,15
28242,89,92,-3,3
28243,87,78,9,9
28244,128,124,4,4
28245,71,71,0,0
28246,72,70,2,2
28247,77,79,-2,2
28248,100,97,3,3
28249,107,110,-3,3
28250,86,83,3,3
28251,81,75,6,6
28252,93,94,-1,1
28253,56,60,-4,4
28254,138,127,11,11
28255,77,79,-2,2
28256,175,167,8,8
28257,72,74,-2,2
28258,93,92,1,1
28259,92,86,6,6
28260,104,116,-12,12
28261,132,120,12,12
28262,81,84,-3,3
28263,71,76,-5,5
28264,140,146,-6,6
28265,102,98,4,4
28266,53,58,-5,5
28267,87,93,-6,6
28268,147,140,7,7
28269,93,103,-10,10
28270,65,68,-3,3
28271,154,143,11,11
28272,222,205,17,17
28273,107,103,4,4
28274,81,76,5,5
28275,59,65,-6,6
28276,63,65,-2,2
28277,100,102,-2,2
28278,89,81,8,8
28279,70,69,1,1
28280,90,97,-7,7
28281,135,138,-3,3
28282,112,107,5,5
28283,102,98,4,4
28284,126,129,-3,3
28285,87,92,-5,5
28286,98,97,1,1
28287,128,114,14,14
28288,54,62,-8,8
28289,88,91,-3,3
28290,79,76,3,3
28291,177,164,13,13
28292,110,107,3,3
28293,68,75,-7,7
28294,126,126,0,0
28295,115,112,3,3
28296,105,111,-6,6
28297,86,84,2,2
28298,66,100,-34,34
28299,65,64,1,1
28300,78,86,-8,8
28301,87,84,3,3
28302,108,110,-2,2
28303,46,61,-15,15
28304,106,106,0,0
28305,127,119,8,8
28306,137,135,2,2
28307,84,76,8,8
28308,73,82,-9,9
28309,70,70,0,0
28310,76,75,1,1
28311,84,80,4,4
28312,125,95,30,30
28313,73,76,-3,3
28314,176,173,3,3
28315,97,92,5,5
28316,128,123,5,5
28317,74,76,-2,2
28318,145,136,9,9
28319,93,98,-5,5
28320,70,72,-2,2
28321,67,79,-12,12
28322,84,83,1,1
28323,59,64,-5,5
28324,92,93,-1,1
28325,112,109,3,3
28326,51,56,-5,5
28327,56,60,-4,4
28328,92,92,0,0
28329,49,59,-10,10
28330,98,104,-6,6
28331,71,76,-5,5
28332,72,75,-3,3
28333,68,77,-9,9
28334,87,94,-7,7
28335,121,116,5,5
28336,94,96,-2,2
28337,76,86,-10,10
28338,112,108,4,4
28339,69,66,3,3
28340,113,112,1,1
28341,129,131,-2,2
28342,105,110,-5,5
28343,99,109,-10,10
28344,58,64,-6,6
28345,130,122,8,8
28346,85,82,3,3
28347,73,67,6,6
28348,56,56,0,0
28349,97,105,-8,8
28350,104,112,-8,8
28351,73,76,-3,3
28352,111,106,5,5
28353,73,69,4,4
28354,98,91,7,7
28355,102,107,-5,5
28356,80,75,5,5
28357,47,54,-7,7
28358,102,113,-11,11
28359,76,77,-1,1
28360,69,76,-7,7
28361,85,91,-6,6
28362,111,116,-5,5
28363,34,37,-3,3
28364,137,137,0,0
28365,79,79,0,0
28366,72,79,-7,7
28367,62,71,-9,9
28368,91,90,1,1
28369,82,83,-1,1
28370,120,133,-13,13
28371,92,97,-5,5
28372,110,113,-3,3
28373,122,118,4,4
28374,119,115,4,4
28375,183,179,4,4
28376,61,68,-7,7
28377,97,86,11,11
28378,117,119,-2,2
28379,71,75,-4,4
28380,100,91,9,9
28381,119,112,7,7
28382,94,83,11,11
28383,94,100,-6,6
28384,97,84,13,13
28385,62,59,3,3
28386,74,77,-3,3
28387,104,108,-4,4
28388,143,143,0,0
28389,74,79,-5,5
28390,126,122,4,4
28391,64,73,-9,9
28392,97,93,4,4
28393,82,79,3,3
28394,56,68,-12,12
28395,98,101,-3,3
28396,139,132,7,7
28397,102,105,-3,3
28398,100,103,-3,3
28399,115,101,14,14
28400,138,122,16,16
28401,39,50,-11,11
28402,132,131,1,1
28403,127,130,-3,3
28404,98,91,7,7
28405,83,73,10,10
28406,106,113,-7,7
28407,161,149,12,12
28408,77,67,10,10
28409,76,89,-13,13
28410,96,90,6,6
28411,107,112,-5,5
28412,85,222,-137,137
28413,79,80,-1,1
28414,102,99,3,3
28415,57,55,2,2
28416,79,83,-4,4
28417,76,85,-9,9
28418,82,87,-5,5
28419,56,60,-4,4
28420,84,80,4,4
28421,110,103,7,7
28422,183,164,19,19
28423,118,125,-7,7
28424,100,95,5,5
28425,109,100,9,9
28426,101,99,2,2
28427,57,67,-10,10
28428,89,108,-19,19
28429,148,132,16,16
28430,202,200,2,2
28431,137,144,-7,7
28432,91,87,4,4
28433,112,110,2,2
28434,68,71,-3,3
28435,83,82,1,1
28436,72,72,0,0
28437,79,77,2,2
28438,116,115,1,1
28439,54,60,-6,6
28440,87,91,-4,4
28441,82,85,-3,3
28442,104,101,3,3
28443,126,122,4,4
28444,106,111,-5,5
28445,116,108,8,8
28446,91,99,-8,8
28447,77,73,4,4
28448,123,143,-20,20
28449,145,136,9,9
28450,88,82,6,6
28451,95,109,-14,14
28452,79,85,-6,6
28453,91,99,-8,8
28454,133,126,7,7
28455,165,178,-13,13
28456,61,63,-2,2
28457,63,71,-8,8
28458,120,116,4,4
28459,54,55,-1,1
28460,145,139,6,6
28461,130,129,1,1
28462,68,73,-5,5
28463,55,60,-5,5
28464,90,86,4,4
28465,102,93,9,9
28466,52,57,-5,5
28467,102,104,-2,2
28468,162,161,1,1
28469,85,93,-8,8
28470,81,82,-1,1
28471,57,57,0,0
28472,82,77,5,5
28473,135,98,37,37
28474,43,52,-9,9
28475,82,75,7,7
28476,66,74,-8,8
28477,102,100,2,2
28478,70,72,-2,2
28479,151,145,6,6
28480,127,126,1,1
28481,77,69,8,8
28482,137,128,9,9
28483,83,75,8,8
28484,183,171,12,12
28485,43,43,0,0
28486,129,128,1,1
28487,58,59,-1,1
28488,73,77,-4,4
28489,67,64,3,3
28490,57,65,-8,8
28491,133,147,-14,14
28492,76,79,-3,3
28493,87,85,2,2
28494,76,77,-1,1
28495,99,86,13,13
28496,95,97,-2,2
28497,56,64,-8,8
28498,146,138,8,8
28499,123,112,11,11
28500,93,115,-22,22
28501,71,76,-5,5
28502,97,91,6,6
28503,122,112,10,10
28504,97,100,-3,3
28505,86,83,3,3
28506,87,88,-1,1
28507,134,120,14,14
28508,99,105,-6,6
28509,135,128,7,7
28510,85,83,2,2
28511,132,130,2,2
28512,54,58,-4,4
28513,77,83,-6,6
28514,63,71,-8,8
28515,138,136,2,2
28516,58,64,-6,6
28517,141,135,6,6
28518,161,157,4,4
28519,105,113,-8,8
28520,107,115,-8,8
28521,153,159,-6,6
28522,90,90,0,0
28523,147,151,-4,4
28524,92,99,-7,7
28525,34,29,5,5
28526,90,95,-5,5
28527,50,60,-10,10
28528,83,79,4,4
28529,127,135,-8,8
28530,59,60,-1,1
28531,57,66,-9,9
28532,115,116,-1,1
28533,91,96,-5,5
28534,143,130,13,13
28535,119,111,8,8
28536,97,102,-5,5
28537,155,152,3,3
28538,128,123,5,5
28539,67,69,-2,2
28540,60,68,-8,8
28541,103,97,6,6
28542,128,121,7,7
28543,100,98,2,2
28544,71,73,-2,2
28545,85,86,-1,1
28546,74,73,1,1
28547,172,142,30,30
28548,73,74,-1,1
28549,51,57,-6,6
28550,76,80,-4,4
28551,110,110,0,0
28552,125,110,15,15
28553,49,62,-13,13
28554,145,131,14,14
28555,81,76,5,5
28556,79,103,-24,24
28557,108,105,3,3
28558,95,95,0,0
28559,66,64,2,2
28560,78,77,1,1
28561,41,54,-13,13
28562,89,82,7,7
28563,60,67,-7,7
28564,88,80,8,8
28565,54,66,-12,12
28566,112,107,5,5
28567,135,122,13,13
28568,123,123,0,0
28569,76,93,-17,17
28570,82,79,3,3
28571,38,46,-8,8
28572,51,58,-7,7
28573,33,51,-18,18
28574,100,96,4,4
28575,64,73,-9,9
28576,98,101,-3,3
28577,104,100,4,4
28578,108,110,-2,2
28579,112,112,0,0
28580,54,63,-9,9
28581,75,75,0,0
28582,89,97,-8,8
28583,137,126,11,11
28584,66,65,1,1
28585,81,85,-4,4
28586,91,95,-4,4
28587,84,85,-1,1
28588,52,56,-4,4
28589,64,71,-7,7
28590,176,176,0,0
28591,59,66,-7,7
28592,70,68,2,2
28593,69,67,2,2
28594,83,110,-27,27
28595,71,75,-4,4
28596,61,67,-6,6
28597,65,65,0,0
28598,94,113,-19,19
28599,53,58,-5,5
28600,66,61,5,5
28601,93,93,0,0
28602,66,68,-2,2
28603,75,72,3,3
28604,96,105,-9,9
28605,66,65,1,1
28606,158,121,37,37
28607,80,73,7,7
28608,67,68,-1,1
28609,67,70,-3,3
28610,79,77,2,2
28611,57,62,-5,5
28612,66,72,-6,6
28613,44,52,-8,8
28614,59,63,-4,4
28615,150,138,12,12
28616,128,122,6,6
28617,74,76,-2,2
28618,38,58,-20,20
28619,51,57,-6,6
28620,123,122,1,1
28621,61,60,1,1
28622,77,68,9,9
28623,61,66,-5,5
28624,94,85,9,9
28625,104,112,-8,8
28626,62,74,-12,12
28627,115,107,8,8
28628,122,106,16,16
28629,96,98,-2,2
28630,84,82,2,2
28631,119,121,-2,2
28632,99,97,2,2
28633,85,84,1,1
28634,118,111,7,7
28635,144,128,16,16
28636,54,60,-6,6
28637,152,137,15,15
28638,47,58,-11,11
28639,67,66,1,1
28640,81,79,2,2
28641,125,121,4,4
28642,104,100,4,4
28643,63,72,-9,9
28644,71,65,6,6
28645,56,68,-12,12
28646,144,146,-2,2
28647,125,135,-10,10
28648,64,62,2,2
28649,108,94,14,14
28650,87,81,6,6
28651,66,75,-9,9
28652,83,85,-2,2
28653,102,100,2,2
28654,120,118,2,2
28655,114,112,2,2
28656,114,111,3,3
28657,148,146,2,2
28658,100,97,3,3
28659,76,75,1,1
28660,53,62,-9,9
28661,104,106,-2,2
28662,101,106,-5,5
28663,93,97,-4,4
28664,50,56,-6,6
28665,47,56,-9,9
28666,137,137,0,0
28667,109,103,6,6
28668,83,97,-14,14
28669,32,29,3,3
28670,69,67,2,2
28671,92,88,4,4
28672,78,81,-3,3
28673,96,111,-15,15
28674,92,86,6,6
28675,53,57,-4,4
28676,144,143,1,1
28677,107,100,7,7
28678,112,108,4,4
28679,72,68,4,4
28680,108,102,6,6
28681,84,78,6,6
28682,54,63,-9,9
28683,82,111,-29,29
28684,98,86,12,12
28685,73,78,-5,5
28686,50,59,-9,9
28687,89,90,-1,1
28688,66,68,-2,2
28689,140,143,-3,3
28690,97,97,0,0
28691,77,83,-6,6
28692,106,88,18,18
28693,73,76,-3,3
28694,122,116,6,6
28695,80,78,2,2
28696,60,66,-6,6
28697,90,83,7,7
28698,83,87,-4,4
28699,86,90,-4,4
28700,33,29,4,4
28701,134,128,6,6
28702,117,117,0,0
28703,60,61,-1,1
28704,116,112,4,4
28705,110,117,-7,7
28706,129,126,3,3
28707,88,84,4,4
28708,76,76,0,0
28709,171,166,5,5
28710,98,86,12,12
28711,100,95,5,5
28712,66,62,4,4
28713,140,128,12,12
28714,101,87,14,14
28715,61,62,-1,1
28716,89,87,2,2
28717,93,96,-3,3
28718,101,93,8,8
28719,63,74,-11,11
28720,85,89,-4,4
28721,94,97,-3,3
28722,114,133,-19,19
28723,104,112,-8,8
28724,78,77,1,1
28725,108,122,-14,14
28726,57,62,-5,5
28727,38,51,-13,13
28728,69,77,-8,8
28729,106,110,-4,4
28730,77,79,-2,2
28731,235,236,-1,1
28732,98,99,-1,1
28733,111,109,2,2
28734,70,89,-19,19
28735,102,97,5,5
28736,92,95,-3,3
28737,67,75,-8,8
28738,83,90,-7,7
28739,71,72,-1,1
28740,92,74,18,18
28741,59,64,-5,5
28742,90,86,4,4
28743,71,69,2,2
28744,52,63,-11,11
28745,109,98,11,11
28746,105,113,-8,8
28747,79,77,2,2
28748,81,75,6,6
28749,84,85,-1,1
28750,80,75,5,5
28751,56,66,-10,10
28752,84,79,5,5
28753,44,56,-12,12
28754,85,85,0,0
28755,62,70,-8,8
28756,83,77,6,6
28757,59,75,-16,16
28758,92,84,8,8
28759,99,105,-6,6
28760,131,148,-17,17
28761,58,63,-5,5
28762,164,149,15,15
28763,132,116,16,16
28764,73,70,3,3
28765,82,82,0,0
28766,57,64,-7,7
28767,97,110,-13,13
28768,26,32,-6,6
28769,107,102,5,5
28770,88,80,8,8
28771,84,84,0,0
28772,82,85,-3,3
28773,141,147,-6,6
28774,78,76,2,2
28775,146,141,5,5
28776,84,80,4,4
28777,93,84,9,9
28778,74,76,-2,2
28779,139,130,9,9
28780,125,127,-2,2
28781,65,71,-6,6
28782,101,108,-7,7
28783,114,122,-8,8
28784,54,62,-8,8
28785,99,94,5,5
28786,83,79,4,4
28787,128,122,6,6
28788,90,96,-6,6
28789,77,75,2,2
28790,68,62,6,6
28791,78,94,-16,16
28792,76,77,-1,1
28793,85,83,2,2
28794,106,107,-1,1
28795,207,178,29,29
28796,105,105,0,0
28797,110,113,-3,3
28798,86,79,7,7
28799,166,136,30,30
28800,118,115,3,3
28801,99,95,4,4
28802,80,89,-9,9
28803,27,48,-21,21
28804,125,113,12,12
28805,92,92,0,0
28806,85,80,5,5
28807,91,93,-2,2
28808,61,62,-1,1
28809,86,80,6,6
28810,50,57,-7,7
28811,101,102,-1,1
28812,79,72,7,7
28813,82,100,-18,18
28814,63,62,1,1
28815,100,93,7,7
28816,103,84,19,19
28817,150,142,8,8
28818,86,78,8,8
28819,72,78,-6,6
28820,54,61,-7,7
28821,136,139,-3,3
28822,60,61,-1,1
28823,118,113,5,5
28824,64,63,1,1
28825,78,75,3,3
28826,76,71,5,5
28827,145,142,3,3
28828,62,71,-9,9
28829,98,100,-2,2
28830,100,102,-2,2
28831,142,138,4,4
28832,77,91,-14,14
28833,81,93,-12,12
28834,79,79,0,0
28835,78,76,2,2
28836,84,86,-2,2
28837,63,62,1,1
28838,94,95,-1,1
28839,89,83,6,6
28840,78,79,-1,1
28841,132,140,-8,8
28842,151,148,3,3
28843,156,150,6,6
28844,41,61,-20,20
28845,106,108,-2,2
28846,99,99,0,0
28847,42,53,-11,11
28848,79,72,7,7
28849,60,73,-13,13
28850,136,143,-7,7
28851,130,127,3,3
28852,136,143,-7,7
28853,81,77,4,4
28854,112,109,3,3
28855,60,65,-5,5
28856,93,77,16,16
28857,103,111,-8,8
28858,180,171,9,9
28859,93,88,5,5
28860,172,163,9,9
28861,95,109,-14,14
28862,79,86,-7,7
28863,55,65,-10,10
28864,105,107,-2,2
28865,118,115,3,3
28866,111,108,3,3
28867,66,72,-6,6
28868,146,125,21,21
28869,81,117,-36,36
28870,75,74,1,1
28871,79,84,-5,5
28872,64,64,0,0
28873,97,101,-4,4
28874,103,102,1,1
28875,68,73,-5,5
28876,74,81,-7,7
28877,80,74,6,6
28878,90,78,12,12
28879,59,59,0,0
28880,109,115,-6,6
28881,90,85,5,5
28882,71,79,-8,8
28883,108,109,-1,1
28884,83,75,8,8
28885,130,126,4,4
28886,85,89,-4,4
28887,49,62,-13,13
28888,73,72,1,1
28889,104,108,-4,4
28890,131,130,1,1
28891,69,70,-1,1
28892,102,96,6,6
28893,74,74,0,0
28894,58,62,-4,4
28895,167,157,10,10
28896,144,154,-10,10
28897,108,114,-6,6
28898,70,71,-1,1
28899,84,86,-2,2
28900,50,56,-6,6
28901,68,74,-6,6
28902,128,134,-6,6
28903,106,105,1,1
28904,63,68,-5,5
28905,61,91,-30,30
28906,82,77,5,5
28907,100,107,-7,7
28908,92,92,0,0
28909,75,82,-7,7
28910,132,126,6,6
28911,85,91,-6,6
28912,183,169,14,14
28913,115,107,8,8
28914,125,120,5,5
28915,99,98,1,1
28916,102,102,0,0
28917,125,131,-6,6
28918,75,76,-1,1
28919,173,165,8,8
28920,66,73,-7,7
28921,90,79,11,11
28922,88,90,-2,2
28923,124,126,-2,2
28924,70,67,3,3
28925,93,87,6,6
28926,64,62,2,2
28927,60,60,0,0
28928,134,133,1,1
28929,104,100,4,4
28930,44,54,-10,10
28931,109,98,11,11
28932,68,67,1,1
28933,81,83,-2,2
28934,103,105,-2,2
28935,99,105,-6,6
28936,80,79,1,1
28937,104,109,-5,5
28938,67,73,-6,6
28939,126,120,6,6
28940,53,58,-5,5
28941,135,131,4,4
28942,95,84,11,11
28943,95,101,-6,6
28944,63,69,-6,6
28945,140,123,17,17
28946,71,83,-12,12
28947,79,75,4,4
28948,47,77,-30,30
28949,87,101,-14,14
28950,57,65,-8,8
28951,81,80,1,1
28952,53,60,-7,7
28953,88,98,-10,10
28954,109,111,-2,2
28955,85,87,-2,2
28956,114,111,3,3
28957,81,83,-2,2
28958,85,97,-12,12
28959,95,97,-2,2
28960,61,72,-11,11
28961,65,68,-3,3
28962,47,60,-13,13
28963,57,60,-3,3
28964,66,76,-10,10
28965,86,91,-5,5
28966,76,75,1,1
28967,143,132,11,11
28968,79,96,-17,17
28969,87,77,10,10
28970,99,100,-1,1
28971,103,117,-14,14
28972,83,77,6,6
28973,116,113,3,3
28974,128,125,3,3
28975,159,156,3,3
28976,113,104,9,9
28977,124,118,6,6
28978,81,85,-4,4
28979,66,60,6,6
28980,82,67,15,15
28981,58,70,-12,12
28982,101,116,-15,15
28983,67,76,-9,9
28984,97,87,10,10
28985,78,82,-4,4
28986,104,109,-5,5
28987,117,119,-2,2
28988,82,91,-9,9
28989,125,128,-3,3
28990,152,155,-3,3
28991,92,96,-4,4
28992,128,118,10,10
28993,68,73,-5,5
28994,101,98,3,3
28995,96,99,-3,3
28996,98,101,-3,3
28997,134,122,12,12
28998,106,112,-6,6
28999,54,59,-5,5
29000,88,98,-10,10
29001,66,64,2,2
29002,99,99,0,0
29003,82,84,-2,2
29004,118,122,-4,4
29005,66,67,-1,1
29006,96,98,-2,2
29007,139,139,0,0
29008,25,29,-4,4
29009,123,113,10,10
29010,130,124,6,6
29011,92,86,6,6
29012,80,75,5,5
29013,67,65,2,2
29014,71,70,1,1
29015,92,94,-2,2
29016,113,103,10,10
29017,67,78,-11,11
29018,58,64,-6,6
29019,39,84,-45,45
29020,78,84,-6,6
29021,113,101,12,12
29022,50,58,-8,8
29023,66,67,-1,1
29024,88,88,0,0
29025,88,98,-10,10
29026,131,121,10,10
29027,64,81,-17,17
29028,91,88,3,3
29029,101,96,5,5
29030,110,105,5,5
29031,56,65,-9,9
29032,77,77,0,0
29033,129,125,4,4
29034,91,103,-12,12
29035,97,102,-5,5
29036,98,100,-2,2
29037,75,79,-4,4
29038,109,98,11,11
29039,64,75,-11,11
29040,71,74,-3,3
29041,54,60,-6,6
29042,59,67,-8,8
29043,145,141,4,4
29044,86,77,9,9
29045,56,60,-4,4
29046,79,89,-10,10
29047,114,115,-1,1
29048,65,75,-10,10
29049,104,96,8,8
29050,61,71,-10,10
29051,155,154,1,1
29052,106,106,0,0
29053,48,63,-15,15
29054,173,145,28,28
29055,31,50,-19,19
29056,87,93,-6,6
29057,147,145,2,2
29058,79,79,0,0
29059,92,103,-11,11
29060,100,91,9,9
29061,118,128,-10,10
29062,83,82,1,1
29063,72,75,-3,3
29064,101,97,4,4
29065,83,87,-4,4
29066,94,92,2,2
29067,103,109,-6,6
29068,73,75,-2,2
29069,179,173,6,6
29070,115,105,10,10
29071,85,78,7,7
29072,101,99,2,2
29073,130,129,1,1
29074,155,162,-7,7
29075,65,67,-2,2
29076,116,121,-5,5
29077,71,76,-5,5
29078,78,83,-5,5
29079,129,127,2,2
29080,78,74,4,4
29081,141,130,11,11
29082,139,126,13,13
29083,90,83,7,7
29084,174,165,9,9
29085,92,91,1,1
29086,76,76,0,0
29087,40,53,-13,13
29088,36,31,5,5
29089,78,76,2,2
29090,89,97,-8,8
29091,63,71,-8,8
29092,79,76,3,3
29093,127,115,12,12
29094,61,70,-9,9
29095,118,77,41,41
29096,112,101,11,11
29097,131,126,5,5
29098,78,76,2,2
29099,95,91,4,4
29100,75,74,1,1
29101,170,169,1,1
29102,97,102,-5,5
29103,62,67,-5,5
29104,130,119,11,11
29105,116,134,-18,18
29106,72,80,-8,8
29107,89,83,6,6
29108,95,103,-8,8
29109,82,81,1,1
29110,54,66,-12,12
29111,102,100,2,2
29112,106,103,3,3
29113,138,128,10,10
29114,90,92,-2,2
29115,53,65,-12,12
29116,111,102,9,9
29117,91,89,2,2
29118,84,92,-8,8
29119,116,106,10,10
29120,119,113,6,6
29121,82,84,-2,2
29122,102,96,6,6
29123,64,69,-5,5
29124,40,58,-18,18
29125,104,108,-4,4
29126,73,73,0,0
29127,92,90,2,2
29128,127,112,15,15
29129,155,147,8,8
29130,82,80,2,2
29131,86,86,0,0
29132,61,59,2,2
29133,136,127,9,9
29134,123,134,-11,11
29135,40,56,-16,16
29136,103,97,6,6
29137,145,146,-1,1
29138,92,97,-5,5
29139,60,80,-20,20
29140,71,70,1,1
29141,63,68,-5,5
29142,51,60,-9,9
29143,92,93,-1,1
29144,48,53,-5,5
29145,66,58,8,8
29146,165,148,17,17
29147,114,106,8,8
29148,48,54,-6,6
29149,121,112,9,9
29150,134,129,5,5
29151,68,67,1,1
29152,34,56,-22,22
29153,68,69,-1,1
29154,72,76,-4,4
29155,63,67,-4,4
29156,59,69,-10,10
29157,94,95,-1,1
29158,59,62,-3,3
29159,77,86,-9,9
29160,119,113,6,6
29161,134,132,2,2
29162,120,118,2,2
29163,90,83,7,7
29164,79,79,0,0
29165,70,72,-2,2
29166,103,100,3,3
29167,111,99,12,12
29168,62,66,-4,4
29169,139,124,15,15
29170,138,141,-3,3
29171,213,217,-4,4
29172,73,75,-2,2
29173,116,114,2,2
29174,135,132,3,3
29175,77,75,2,2
29176,89,81,8,8
29177,40,37,3,3
29178,82,78,4,4
29179,101,107,-6,6
29180,81,100,-19,19
29181,159,154,5,5
29182,89,91,-2,2
29183,74,80,-6,6
29184,106,104,2,2
29185,53,64,-11,11
29186,98,114,-16,16
29187,96,92,4,4
29188,116,122,-6,6
29189,68,71,-3,3
29190,74,77,-3,3
29191,167,169,-2,2
29192,90,100,-10,10
29193,106,103,3,3
29194,62,61,1,1
29195,46,54,-8,8
29196,68,77,-9,9
29197,73,74,-1,1
29198,78,79,-1,1
29199,58,61,-3,3
29200,129,124,5,5
29201,79,92,-13,13
29202,92,84,8,8
29203,34,51,-17,17
29204,81,61,20,20
29205,73,71,2,2
29206,171,171,0,0
29207,90,102,-12,12
29208,70,80,-10,10
29209,199,199,0,0
29210,68,67,1,1
29211,161,166,-5,5
29212,46,48,-2,2
29213,61,67,-6,6
29214,112,109,3,3
29215,133,125,8,8
29216,91,81,10,10
29217,80,90,-10,10
29218,160,131,29,29
29219,90,86,4,4
29220,103,96,7,7
29221,87,77,10,10
29222,148,138,10,10
29223,183,127,56,56
29224,87,84,3,3
29225,161,150,11,11
29226,80,77,3,3
29227,128,131,-3,3
29228,123,119,4,4
29229,159,149,10,10
29230,48,54,-6,6
29231,77,79,-2,2
29232,87,86,1,1
29233,53,53,0,0
29234,118,112,6,6
29235,89,70,19,19
29236,76,77,-1,1
29237,145,131,14,14
29238,125,113,12,12
29239,97,108,-11,11
29240,49,59,-10,10
29241,62,79,-17,17
29242,81,84,-3,3
29243,136,139,-3,3
29244,100,109,-9,9
29245,187,198,-11,11
29246,105,113,-8,8
29247,176,156,20,20
29248,113,109,4,4
29249,115,114,1,1
29250,86,93,-7,7
29251,120,110,10,10
29252,74,80,-6,6
29253,86,99,-13,13
29254,99,110,-11,11
29255,70,69,1,1
29256,109,115,-6,6
29257,110,104,6,6
29258,102,103,-1,1
29259,156,147,9,9
29260,107,112,-5,5
29261,53,61,-8,8
29262,121,115,6,6
29263,97,96,1,1
29264,103,113,-10,10
29265,66,67,-1,1
29266,108,128,-20,20
29267,59,68,-9,9
29268,64,71,-7,7
29269,70,73,-3,3
29270,86,80,6,6
29271,118,110,8,8
29272,61,69,-8,8
29273,120,112,8,8
29274,112,112,0,0
29275,176,152,24,24
29276,61,67,-6,6
29277,89,102,-13,13
29278,115,101,14,14
29279,112,100,12,12
29280,110,107,3,3
29281,92,91,1,1
29282,124,114,10,10
29283,60,63,-3,3
29284,70,69,1,1
29285,98,91,7,7
29286,77,79,-2,2
29287,60,60,0,0
29288,149,148,1,1
29289,135,127,8,8
29290,71,72,-1,1
29291,47,61,-14,14
29292,141,127,14,14
29293,76,82,-6,6
29294,85,79,6,6
29295,66,70,-4,4
29296,86,88,-2,2
29297,144,140,4,4
29298,74,77,-3,3
29299,181,169,12,12
29300,79,84,-5,5
29301,106,101,5,5
29302,138,126,12,12
29303,91,76,15,15
29304,76,75,1,1
29305,140,128,12,12
29306,77,78,-1,1
29307,54,65,-11,11
29308,71,75,-4,4
29309,110,101,9,9
29310,90,83,7,7
29311,116,117,-1,1
29312,83,82,1,1
29313,59,67,-8,8
29314,92,94,-2,2
29315,144,135,9,9
29316,67,61,6,6
29317,105,103,2,2
29318,62,64,-2,2
29319,136,126,10,10
29320,111,113,-2,2
29321,64,73,-9,9
29322,73,66,7,7
29323,86,93,-7,7
29324,84,83,1,1
29325,74,77,-3,3
29326,135,130,5,5
29327,119,113,6,6
29328,83,87,-4,4
29329,102,101,1,1
29330,84,92,-8,8
29331,66,119,-53,53
29332,47,53,-6,6
29333,97,95,2,2
29334,106,108,-2,2
29335,75,75,0,0
29336,108,118,-10,10
29337,154,149,5,5
29338,91,84,7,7
29339,75,83,-8,8
29340,155,141,14,14
29341,75,86,-11,11
29342,211,188,23,23
29343,69,67,2,2
29344,52,60,-8,8
29345,84,71,13,13
29346,89,92,-3,3
29347,79,78,1,1
29348,78,81,-3,3
29349,90,85,5,5
29350,305,258,47,47
29351,83,85,-2,2
29352,193,189,4,4
29353,124,128,-4,4
29354,46,53,-7,7
29355,85,77,8,8
29356,84,84,0,0
29357,98,96,2,2
29358,72,76,-4,4
29359,60,67,-7,7
29360,102,101,1,1
29361,92,85,7,7
29362,102,101,1,1
29363,74,88,-14,14
29364,114,105,9,9
29365,86,96,-10,10
29366,114,115,-1,1
29367,151,165,-14,14
29368,91,90,1,1
29369,78,70,8,8
29370,153,148,5,5
29371,80,95,-15,15
29372,108,111,-3,3
29373,88,77,11,11
29374,153,141,12,12
29375,71,80,-9,9
29376,95,102,-7,7
29377,127,118,9,9
29378,139,142,-3,3
29379,46,55,-9,9
29380,124,120,4,4
29381,93,97,-4,4
29382,114,106,8,8
29383,93,88,5,5
29384,67,68,-1,1
29385,110,110,0,0
29386,63,69,-6,6
29387,70,67,3,3
29388,87,84,3,3
29389,122,116,6,6
29390,107,113,-6,6
29391,153,149,4,4
29392,94,94,0,0
29393,101,102,-1,1
29394,78,82,-4,4
29395,82,94,-12,12
29396,88,88,0,0
29397,94,88,6,6
29398,37,56,-19,19
29399,67,69,-2,2
29400,85,85,0,0
29401,105,95,10,10
29402,40,59,-19,19
29403,194,185,9,9
29404,123,123,0,0
29405,87,80,7,7
29406,102,100,2,2
29407,145,136,9,9
29408,68,68,0,0
29409,159,145,14,14
29410,82,83,-1,1
29411,83,74,9,9
29412,82,78,4,4
29413,69,66,3,3
29414,103,108,-5,5
29415,105,109,-4,4
29416,100,114,-14,14
29417,55,59,-4,4
29418,80,81,-1,1
29419,73,79,-6,6
29420,51,30,21,21
29421,124,119,5,5
29422,52,59,-7,7
29423,115,137,-22,22
29424,116,107,9,9
29425,101,104,-3,3
29426,63,53,10,10
29427,52,61,-9,9
29428,84,79,5,5
29429,142,139,3,3
29430,71,77,-6,6
29431,82,93,-11,11
29432,85,95,-10,10
29433,74,75,-1,1
29434,61,58,3,3
29435,107,113,-6,6
29436,98,96,2,2
29437,80,82,-2,2
29438,69,76,-7,7
29439,64,70,-6,6
29440,137,128,9,9
29441,77,75,2,2
29442,94,107,-13,13
29443,86,81,5,5
29444,60,67,-7,7
29445,54,69,-15,15
29446,62,66,-4,4
29447,86,95,-9,9
29448,60,62,-2,2
29449,64,67,-3,3
29450,91,93,-2,2
29451,71,70,1,1
29452,78,85,-7,7
29453,104,101,3,3
29454,103,104,-1,1
29455,167,171,-4,4
29456,129,112,17,17
29457,125,153,-28,28
29458,108,116,-8,8
29459,77,77,0,0
29460,121,126,-5,5
29461,77,76,1,1
29462,61,70,-9,9
29463,67,69,-2,2
29464,96,95,1,1
29465,113,124,-11,11
29466,70,70,0,0
29467,79,75,4,4
29468,91,96,-5,5
29469,86,96,-10,10
29470,74,73,1,1
29471,78,83,-5,5
29472,117,103,14,14
29473,82,72,10,10
29474,79,84,-5,5
29475,138,153,-15,15
29476,92,87,5,5
29477,69,70,-1,1
29478,81,91,-10,10
29479,73,77,-4,4
29480,100,103,-3,3
29481,51,54,-3,3
29482,60,65,-5,5
29483,109,104,5,5
29484,131,129,2,2
29485,71,75,-4,4
29486,77,85,-8,8
29487,97,111,-14,14
29488,69,72,-3,3
29489,124,120,4,4
29490,69,71,-2,2
29491,131,125,6,6
29492,87,90,-3,3
29493,178,178,0,0
29494,111,114,-3,3
29495,122,110,12,12
29496,155,142,13,13
29497,136,114,22,22
29498,113,124,-11,11
29499,64,71,-7,7
29500,111,109,2,2
29501,94,96,-2,2
29502,58,65,-7,7
29503,89,80,9,9
29504,82,77,5,5
29505,87,98,-11,11
29506,50,64,-14,14
29507,79,76,3,3
29508,140,127,13,13
29509,134,208,-74,74
29510,119,112,7,7
29511,140,142,-2,2
29512,119,120,-1,1
29513,52,61,-9,9
29514,124,133,-9,9
29515,131,109,22,22
29516,45,54,-9,9
29517,70,70,0,0
29518,99,101,-2,2
29519,82,77,5,5
29520,73,71,2,2
29521,120,128,-8,8
29522,107,111,-4,4
29523,88,87,1,1
29524,82,80,2,2
29525,59,63,-4,4
29526,90,100,-10,10
29527,56,69,-13,13
29528,113,115,-2,2
29529,78,69,9,9
29530,61,72,-11,11
29531,89,88,1,1
29532,44,54,-10,10
29533,62,63,-1,1
29534,111,113,-2,2
29535,75,77,-2,2
29536,74,76,-2,2
29537,79,73,6,6
29538,89,92,-3,3
29539,94,95,-1,1
29540,116,111,5,5
29541,120,110,10,10
29542,180,170,10,10
29543,48,53,-5,5
29544,85,85,0,0
29545,112,102,10,10
29546,114,102,12,12
29547,78,77,1,1
29548,111,124,-13,13
29549,71,75,-4,4
29550,64,71,-7,7
29551,47,53,-6,6
29552,85,91,-6,6
29553,90,101,-11,11
29554,137,122,15,15
29555,138,137,1,1
29556,64,62,2,2
29557,78,77,1,1
29558,42,43,-1,1
29559,98,97,1,1
29560,59,58,1,1
29561,76,85,-9,9
29562,106,102,4,4
29563,33,29,4,4
29564,121,123,-2,2
29565,108,100,8,8
29566,76,79,-3,3
29567,64,63,1,1
29568,73,67,6,6
29569,112,112,0,0
29570,105,103,2,2
29571,59,69,-10,10
29572,205,177,28,28
29573,78,85,-7,7
29574,79,88,-9,9
29575,123,125,-2,2
29576,83,84,-1,1
29577,115,117,-2,2
29578,75,75,0,0
29579,86,88,-2,2
29580,111,125,-14,14
29581,82,110,-28,28
29582,157,157,0,0
29583,58,63,-5,5
29584,101,99,2,2
29585,99,100,-1,1
29586,96,99,-3,3
29587,133,144,-11,11
29588,93,95,-2,2
29589,79,73,6,6
29590,87,74,13,13
29591,101,108,-7,7
29592,73,76,-3,3
29593,76,75,1,1
29594,110,101,9,9
29595,100,99,1,1
29596,87,91,-4,4
29597,126,128,-2,2
29598,81,75,6,6
29599,70,80,-10,10
29600,139,141,-2,2
29601,74,75,-1,1
29602,147,125,22,22
29603,92,83,9,9
29604,133,113,20,20
29605,87,86,1,1
29606,96,100,-4,4
29607,70,100,-30,30
29608,75,80,-5,5
29609,121,116,5,5
29610,88,88,0,0
29611,96,102,-6,6
29612,196,139,57,57
29613,90,96,-6,6
29614,110,109,1,1
29615,59,60,-1,1
29616,131,126,5,5
29617,56,60,-4,4
29618,98,105,-7,7
29619,94,91,3,3
29620,73,79,-6,6
29621,52,53,-1,1
29622,97,87,10,10
29623,119,114,5,5
29624,94,83,11,11
29625,144,134,10,10
29626,128,123,5,5
29627,81,76,5,5
29628,101,96,5,5
29629,138,130,8,8
29630,68,69,-1,1
29631,124,112,12,12
29632,61,77,-16,16
29633,118,108,10,10
29634,69,75,-6,6
29635,84,85,-1,1
29636,175,159,16,16
29637,54,61,-7,7
29638,72,83,-11,11
29639,82,77,5,5
29640,102,95,7,7
29641,107,106,1,1
29642,110,109,1,1
29643,128,125,3,3
29644,132,135,-3,3
29645,80,76,4,4
29646,60,66,-6,6
29647,54,61,-7,7
29648,89,97,-8,8
29649,90,97,-7,7
29650,62,81,-19,19
29651,64,80,-16,16
29652,74,70,4,4
29653,123,210,-87,87
29654,77,79,-2,2
29655,79,76,3,3
29656,88,87,1,1
29657,77,85,-8,8
29658,96,104,-8,8
29659,80,80,0,0
29660,104,101,3,3
29661,46,54,-8,8
29662,70,77,-7,7
29663,93,102,-9,9
29664,103,100,3,3
29665,117,108,9,9
29666,80,83,-3,3
29667,93,91,2,2
29668,88,91,-3,3
29669,101,98,3,3
29670,69,73,-4,4
29671,97,89,8,8
29672,56,60,-4,4
29673,101,100,1,1
29674,122,118,4,4
29675,95,100,-5,5
29676,113,114,-1,1
29677,150,133,17,17
29678,164,168,-4,4
29679,87,86,1,1
29680,128,123,5,5
29681,66,70,-4,4
29682,68,63,5,5
29683,120,115,5,5
29684,151,151,0,0
29685,72,66,6,6
29686,89,96,-7,7
29687,231,228,3,3
29688,49,67,-18,18
29689,68,68,0,0
29690,81,79,2,2
29691,96,100,-4,4
29692,123,112,11,11
29693,88,85,3,3
29694,188,181,7,7
29695,78,72,6,6
29696,78,80,-2,2
29697,105,110,-5,5
29698,102,100,2,2
29699,74,83,-9,9
29700,74,81,-7,7
29701,63,67,-4,4
29702,106,104,2,2
29703,90,84,6,6
29704,100,99,1,1
29705,106,104,2,2
29706,74,77,-3,3
29707,75,79,-4,4
29708,119,129,-10,10
29709,115,115,0,0
29710,125,113,12,12
29711,106,103,3,3
29712,113,115,-2,2
29713,81,79,2,2
29714,84,80,4,4
29715,79,88,-9,9
29716,129,121,8,8
29717,55,58,-3,3
29718,99,104,-5,5
29719,88,94,-6,6
29720,129,112,17,17
29721,92,94,-2,2
29722,113,114,-1,1
29723,67,66,1,1
29724,96,109,-13,13
29725,64,72,-8,8
29726,132,145,-13,13
29727,172,156,16,16
29728,104,109,-5,5
29729,83,76,7,7
29730,70,84,-14,14
29731,104,104,0,0
29732,78,72,6,6
29733,66,83,-17,17
29734,81,80,1,1
29735,63,70,-7,7
29736,74,79,-5,5
29737,109,99,10,10
29738,70,72,-2,2
29739,91,80,11,11
29740,95,97,-2,2
29741,76,81,-5,5
29742,68,69,-1,1
29743,92,89,3,3
29744,65,69,-4,4
29745,36,45,-9,9
29746,105,108,-3,3
29747,110,109,1,1
29748,121,116,5,5
29749,49,52,-3,3
29750,98,83,15,15
29751,117,112,5,5
29752,52,102,-50,50
29753,84,87,-3,3
29754,148,143,5,5
29755,63,64,-1,1
29756,63,72,-9,9
29757,92,98,-6,6
29758,85,79,6,6
29759,93,93,0,0
29760,88,76,12,12
29761,80,83,-3,3
29762,83,83,0,0
29763,61,69,-8,8
29764,76,76,0,0
29765,81,88,-7,7
29766,75,69,6,6
29767,61,59,2,2
29768,110,108,2,2
29769,91,86,5,5
29770,63,61,2,2
29771,126,126,0,0
29772,102,94,8,8
29773,102,97,5,5
29774,107,101,6,6
29775,49,57,-8,8
29776,71,78,-7,7
29777,70,84,-14,14
29778,94,101,-7,7
29779,201,197,4,4
29780,80,84,-4,4
29781,62,62,0,0
29782,97,95,2,2
29783,77,79,-2,2
29784,74,94,-20,20
29785,55,64,-9,9
29786,88,83,5,5
29787,27,49,-22,22
29788,64,64,0,0
29789,95,111,-16,16
29790,74,77,-3,3
29791,99,109,-10,10
29792,68,69,-1,1
29793,65,70,-5,5
29794,97,102,-5,5
29795,73,72,1,1
29796,88,92,-4,4
29797,121,130,-9,9
29798,102,95,7,7
29799,101,108,-7,7
29800,78,83,-5,5
29801,156,145,11,11
29802,76,84,-8,8
29803,66,65,1,1
29804,91,102,-11,11
29805,82,76,6,6
29806,150,150,0,0
29807,46,54,-8,8
29808,164,161,3,3
29809,134,129,5,5
29810,124,120,4,4
29811,75,76,-1,1
29812,64,74,-10,10
29813,207,196,11,11
29814,125,128,-3,3
29815,143,129,14,14
29816,79,75,4,4
29817,62,66,-4,4
29818,149,154,-5,5
29819,136,129,7,7
29820,48,56,-8,8
29821,117,108,9,9
29822,50,60,-10,10
29823,88,85,3,3
29824,62,67,-5,5
29825,37,47,-10,10
29826,142,128,14,14
29827,59,62,-3,3
29828,123,119,4,4
29829,78,77,1,1
29830,117,111,6,6
29831,84,89,-5,5
29832,191,174,17,17
29833,176,160,16,16
29834,68,65,3,3
29835,58,60,-2,2
29836,74,75,-1,1
29837,166,162,4,4
29838,178,173,5,5
29839,102,102,0,0
29840,106,102,4,4
29841,121,123,-2,2
29842,157,155,2,2
29843,60,62,-2,2
29844,116,113,3,3
29845,133,130,3,3
29846,50,56,-6,6
29847,90,88,2,2
29848,138,128,10,10
29849,216,208,8,8
29850,114,114,0,0
29851,107,105,2,2
29852,68,66,2,2
29853,52,63,-11,11
29854,139,129,10,10
29855,98,86,12,12
29856,143,134,9,9
29857,97,86,11,11
29858,80,86,-6,6
29859,60,59,1,1
29860,104,102,2,2
29861,102,112,-10,10
29862,155,151,4,4
29863,157,145,12,12
29864,122,108,14,14
29865,89,90,-1,1
29866,68,70,-2,2
29867,68,70,-2,2
29868,102,108,-6,6
29869,107,115,-8,8
29870,62,65,-3,3
29871,145,153,-8,8
29872,92,92,0,0
29873,113,107,6,6
29874,72,69,3,3
29875,67,69,-2,2
29876,86,85,1,1
29877,78,83,-5,5
29878,94,99,-5,5
29879,103,90,13,13
29880,145,152,-7,7
29881,74,83,-9,9
29882,128,133,-5,5
29883,146,125,21,21
29884,54,60,-6,6
29885,162,151,11,11
29886,150,152,-2,2
29887,57,67,-10,10
29888,118,119,-1,1
29889,37,47,-10,10
29890,121,113,8,8
29891,130,119,11,11
29892,62,69,-7,7
29893,66,70,-4,4
29894,119,99,20,20
29895,120,109,11,11
29896,100,109,-9,9
29897,121,127,-6,6
29898,85,96,-11,11
29899,99,98,1,1
29900,63,71,-8,8
29901,98,88,10,10
29902,62,64,-2,2
29903,78,78,0,0
29904,61,63,-2,2
29905,110,101,9,9
29906,90,94,-4,4
29907,125,100,25,25
29908,59,60,-1,1
29909,83,78,5,5
29910,103,113,-10,10
29911,66,69,-3,3
29912,131,131,0,0
29913,72,77,-5,5
29914,56,66,-10,10
29915,110,113,-3,3
29916,72,76,-4,4
29917,120,124,-4,4
29918,82,86,-4,4
29919,79,84,-5,5
29920,169,160,9,9
29921,140,149,-9,9
29922,139,146,-7,7
29923,53,63,-10,10
29924,93,102,-9,9
29925,95,91,4,4
29926,91,88,3,3
29927,96,89,7,7
29928,115,115,0,0
29929,80,73,7,7
29930,61,67,-6,6
29931,125,129,-4,4
29932,79,75,4,4
29933,113,106,7,7
29934,113,120,-7,7
29935,79,79,0,0
29936,143,137,6,6
29937,69,87,-18,18
29938,71,99,-28,28
29939,67,71,-4,4
29940,53,58,-5,5
29941,132,140,-8,8
29942,129,124,5,5
29943,85,81,4,4
29944,107,107,0,0
29945,143,136,7,7
29946,57,55,2,2
29947,99,99,0,0
29948,54,63,-9,9
29949,102,108,-6,6
29950,64,68,-4,4
29951,86,98,-12,12
29952,88,85,3,3
29953,170,155,15,15
29954,71,76,-5,5
29955,127,126,1,1
29956,61,66,-5,5
29957,63,70,-7,7
29958,46,57,-11,11
29959,78,74,4,4
29960,85,93,-8,8
29961,86,76,10,10
29962,91,82,9,9
29963,75,72,3,3
29964,75,77,-2,2
29965,73,100,-27,27
29966,74,73,1,1
29967,69,77,-8,8
29968,77,72,5,5
29969,119,120,-1,1
29970,77,87,-10,10
29971,143,143,0,0
29972,132,133,-1,1
29973,89,93,-4,4
29974,60,62,-2,2
29975,131,139,-8,8
29976,83,79,4,4
29977,80,77,3,3
29978,92,87,5,5
29979,187,188,-1,1
29980,128,125,3,3
29981,151,143,8,8
29982,44,50,-6,6
29983,83,85,-2,2
29984,78,74,4,4
29985,81,83,-2,2
29986,73,75,-2,2
29987,138,140,-2,2
29988,45,52,-7,7
29989,58,64,-6,6
29990,105,107,-2,2
29991,103,102,1,1
29992,91,88,3,3
29993,48,58,-10,10
29994,74,80,-6,6
29995,104,92,12,12
29996,69,73,-4,4
29997,62,68,-6,6
29998,140,157,-17,17
29999,129,151,-22,22
30000,98,96,2,2
30001,99,97,2,2
30002,71,71,0,0
30003,149,159,-10,10
30004,101,106,-5,5
30005,114,126,-12,12
30006,181,171,10,10
30007,112,124,-12,12
30008,112,113,-1,1
30009,95,97,-2,2
30010,133,131,2,2
30011,168,154,14,14
30012,24,48,-24,24
30013,119,114,5,5
30014,102,99,3,3
30015,84,79,5,5
30016,134,127,7,7
30017,69,67,2,2
30018,66,65,1,1
30019,74,70,4,4
30020,113,112,1,1
30021,64,71,-7,7
30022,79,77,2,2
30023,103,85,18,18
30024,107,107,0,0
30025,66,73,-7,7
30026,88,85,3,3
30027,158,163,-5,5
30028,123,112,11,11
30029,73,80,-7,7
30030,105,103,2,2
30031,65,71,-6,6
30032,119,123,-4,4
30033,68,68,0,0
30034,64,66,-2,2
30035,74,74,0,0
30036,23,29,-6,6
30037,97,98,-1,1
30038,124,118,6,6
30039,72,75,-3,3
30040,132,126,6,6
30041,42,60,-18,18
30042,121,112,9,9
30043,89,83,6,6
30044,113,112,1,1
30045,114,108,6,6
30046,57,61,-4,4
30047,63,66,-3,3
30048,121,120,1,1
30049,144,134,10,10
30050,118,118,0,0
30051,64,67,-3,3
30052,121,116,5,5
30053,135,129,6,6
30054,80,86,-6,6
30055,110,104,6,6
30056,100,99,1,1
30057,94,100,-6,6
30058,83,79,4,4
30059,87,93,-6,6
30060,67,70,-3,3
30061,95,105,-10,10
30062,88,83,5,5
30063,93,97,-4,4
30064,91,79,12,12
30065,133,126,7,7
30066,77,98,-21,21
30067,106,109,-3,3
30068,53,62,-9,9
30069,89,96,-7,7
30070,154,129,25,25
30071,98,104,-6,6
30072,54,59,-5,5
30073,79,82,-3,3
30074,115,111,4,4
30075,135,133,2,2
30076,81,79,2,2
30077,56,68,-12,12
30078,54,67,-13,13
30079,73,67,6,6
30080,80,86,-6,6
30081,114,109,5,5
30082,170,177,-7,7
30083,124,118,6,6
30084,63,65,-2,2
30085,93,110,-17,17
30086,77,76,1,1
30087,178,174,4,4
30088,67,66,1,1
30089,72,64,8,8
30090,60,63,-3,3
30091,64,68,-4,4
30092,85,81,4,4
30093,158,152,6,6
30094,124,112,12,12
30095,70,120,-50,50
30096,61,70,-9,9
30097,110,120,-10,10
30098,94,101,-7,7
30099,161,151,10,10
30100,98,102,-4,4
30101,165,153,12,12
30102,82,85,-3,3
30103,102,113,-11,11
30104,105,104,1,1
30105,85,99,-14,14
30106,106,111,-5,5
30107,91,86,5,5
30108,86,91,-5,5
30109,44,50,-6,6
30110,96,103,-7,7
30111,114,110,4,4
30112,83,82,1,1
30113,24,30,-6,6
30114,75,82,-7,7
30115,140,149,-9,9
30116,46,53,-7,7
30117,80,76,4,4
30118,82,101,-19,19
30119,125,122,3,3
30120,56,64,-8,8
30121,76,76,0,0
30122,44,52,-8,8
30123,102,91,11,11
30124,146,145,1,1
30125,46,53,-7,7
30126,80,82,-2,2
30127,117,123,-6,6
30128,85,76,9,9
30129,60,61,-1,1
30130,81,93,-12,12
30131,42,42,0,0
30132,79,87,-8,8
30133,98,92,6,6
30134,110,106,4,4
30135,74,73,1,1
30136,54,57,-3,3
30137,113,118,-5,5
30138,78,92,-14,14
30139,52,55,-3,3
30140,449,316,133,133
30141,121,121,0,0
30142,68,69,-1,1
30143,35,41,-6,6
30144,36,37,-1,1
30145,81,85,-4,4
30146,155,151,4,4
30147,207,191,16,16
30148,105,112,-7,7
30149,66,74,-8,8
30150,105,95,10,10
30151,63,63,0,0
30152,97,93,4,4
30153,114,106,8,8
30154,69,70,-1,1
30155,181,177,4,4
30156,58,66,-8,8
30157,56,65,-9,9
30158,41,46,-5,5
30159,61,68,-7,7
30160,108,114,-6,6
30161,113,102,11,11
30162,46,38,8,8
30163,85,79,6,6
30164,109,113,-4,4
30165,144,146,-2,2
30166,45,77,-32,32
30167,56,56,0,0
30168,71,69,2,2
30169,83,76,7,7
30170,72,76,-4,4
30171,92,83,9,9
30172,97,113,-16,16
30173,52,64,-12,12
30174,135,140,-5,5
30175,69,73,-4,4
30176,88,92,-4,4
30177,79,75,4,4
30178,74,75,-1,1
30179,74,77,-3,3
30180,102,112,-10,10
30181,154,137,17,17
30182,225,217,8,8
30183,98,105,-7,7
30184,77,81,-4,4
30185,164,148,16,16
30186,144,117,27,27
30187,75,73,2,2
30188,142,149,-7,7
30189,115,113,2,2
30190,81,83,-2,2
30191,103,108,-5,5
30192,94,102,-8,8
30193,76,96,-20,20
30194,50,57,-7,7
30195,108,122,-14,14
30196,146,136,10,10
30197,90,92,-2,2
30198,129,126,3,3
30199,74,85,-11,11
30200,105,100,5,5
30201,91,93,-2,2
30202,121,126,-5,5
30203,109,97,12,12
30204,85,99,-14,14
30205,111,119,-8,8
30206,136,129,7,7
30207,74,74,0,0
30208,89,97,-8,8
30209,102,100,2,2
30210,63,62,1,1
30211,113,115,-2,2
30212,92,80,12,12
30213,87,92,-5,5
30214,98,94,4,4
30215,111,114,-3,3
30216,116,109,7,7
30217,133,143,-10,10
30218,160,153,7,7
30219,86,85,1,1
30220,132,130,2,2
30221,110,109,1,1
30222,53,60,-7,7
30223,95,98,-3,3
30224,88,91,-3,3
30225,56,61,-5,5
30226,75,77,-2,2
30227,76,76,0,0
30228,47,55,-8,8
30229,96,94,2,2
30230,39,65,-26,26
30231,159,138,21,21
30232,61,66,-5,5
30233,53,57,-4,4
30234,84,83,1,1
30235,85,79,6,6
30236,82,88,-6,6
30237,88,94,-6,6
30238,87,80,7,7
30239,111,110,1,1
30240,161,152,9,9
30241,131,133,-2,2
30242,89,79,10,10
30243,156,152,4,4
30244,61,65,-4,4
30245,94,102,-8,8
30246,102,87,15,15
30247,167,170,-3,3
30248,182,171,11,11
30249,59,59,0,0
30250,162,145,17,17
30251,132,130,2,2
30252,66,64,2,2
30253,88,88,0,0
30254,106,89,17,17
30255,59,65,-6,6
30256,86,88,-2,2
30257,45,55,-10,10
30258,42,57,-15,15
30259,54,57,-3,3
30260,79,82,-3,3
30261,139,144,-5,5
30262,98,103,-5,5
30263,113,112,1,1
30264,87,86,1,1
30265,55,64,-9,9
30266,47,55,-8,8
30267,93,101,-8,8
30268,55,63,-8,8
30269,113,145,-32,32
30270,87,79,8,8
30271,138,140,-2,2
30272,106,101,5,5
30273,76,78,-2,2
30274,89,89,0,0
30275,90,82,8,8
30276,119,116,3,3
30277,106,106,0,0
30278,89,86,3,3
30279,80,84,-4,4
30280,77,77,0,0
30281,138,125,13,13
30282,99,96,3,3
30283,70,78,-8,8
30284,107,108,-1,1
30285,64,69,-5,5
30286,123,122,1,1
30287,75,78,-3,3
30288,46,59,-13,13
30289,94,95,-1,1
30290,68,69,-1,1
30291,116,122,-6,6
30292,68,77,-9,9
30293,42,34,8,8
30294,74,66,8,8
30295,102,107,-5,5
30296,111,108,3,3
30297,102,109,-7,7
30298,155,179,-24,24
30299,97,100,-3,3
30300,75,73,2,2
30301,158,168,-10,10
30302,66,60,6,6
30303,72,71,1,1
30304,197,166,31,31
30305,133,117,16,16
30306,103,109,-6,6
30307,119,113,6,6
30308,88,93,-5,5
30309,56,67,-11,11
30310,59,69,-10,10
30311,73,86,-13,13
30312,100,95,5,5
30313,83,76,7,7
30314,104,103,1,1
30315,91,100,-9,9
30316,86,89,-3,3
30317,62,62,0,0
30318,90,101,-11,11
30319,79,77,2,2
30320,127,126,1,1
30321,108,116,-8,8
30322,38,68,-30,30
30323,63,75,-12,12
30324,55,62,-7,7
30325,111,97,14,14
30326,53,64,-11,11
30327,77,74,3,3
30328,143,146,-3,3
30329,136,132,4,4
30330,47,58,-11,11
30331,85,79,6,6
30332,96,97,-1,1
30333,87,82,5,5
30334,87,84,3,3
30335,144,132,12,12
30336,105,101,4,4
30337,96,103,-7,7
30338,78,80,-2,2
30339,140,153,-13,13
30340,69,69,0,0
30341,41,54,-13,13
30342,73,83,-10,10
30343,75,75,0,0
30344,54,66,-12,12
30345,71,75,-4,4
30346,92,100,-8,8
30347,78,78,0,0
30348,106,102,4,4
30349,77,80,-3,3
30350,74,74,0,0
30351,59,61,-2,2
30352,94,111,-17,17
30353,86,82,4,4
30354,102,109,-7,7
30355,87,95,-8,8
30356,121,123,-2,2
30357,75,71,4,4
30358,108,104,4,4
30359,174,159,15,15
30360,119,115,4,4
30361,84,89,-5,5
30362,98,100,-2,2
30363,84,88,-4,4
30364,89,82,7,7
30365,87,78,9,9
30366,43,54,-11,11
30367,95,103,-8,8
30368,62,66,-4,4
30369,97,103,-6,6
30370,110,107,3,3
30371,102,109,-7,7
30372,95,101,-6,6
30373,84,87,-3,3
30374,88,92,-4,4
30375,101,102,-1,1
30376,154,155,-1,1
30377,159,150,9,9
30378,103,95,8,8
30379,75,77,-2,2
30380,119,111,8,8
30381,27,29,-2,2
30382,77,81,-4,4
30383,169,151,18,18
30384,151,155,-4,4
30385,72,67,5,5
30386,145,127,18,18
30387,62,71,-9,9
30388,52,69,-17,17
30389,69,78,-9,9
30390,74,75,-1,1
30391,102,88,14,14
30392,91,95,-4,4
30393,93,87,6,6
30394,81,82,-1,1
30395,137,131,6,6
30396,157,157,0,0
30397,48,53,-5,5
30398,122,126,-4,4
30399,64,70,-6,6
30400,175,166,9,9
30401,74,66,8,8
30402,47,55,-8,8
30403,103,102,1,1
30404,88,92,-4,4
30405,64,77,-13,13
30406,94,93,1,1
30407,111,111,0,0
30408,209,192,17,17
30409,80,79,1,1
30410,108,114,-6,6
30411,103,101,2,2
30412,93,117,-24,24
30413,86,91,-5,5
30414,105,101,4,4
30415,110,108,2,2
30416,82,85,-3,3
30417,69,66,3,3
30418,43,47,-4,4
30419,74,81,-7,7
30420,131,117,14,14
30421,137,139,-2,2
30422,110,118,-8,8
30423,61,67,-6,6
30424,90,87,3,3
30425,78,72,6,6
30426,82,85,-3,3
30427,82,84,-2,2
30428,66,67,-1,1
30429,136,138,-2,2
30430,112,104,8,8
30431,71,75,-4,4
30432,114,115,-1,1
30433,105,154,-49,49
30434,93,84,9,9
30435,122,125,-3,3
30436,167,168,-1,1
30437,67,67,0,0
30438,62,78,-16,16
30439,116,110,6,6
30440,120,107,13,13
30441,126,120,6,6
30442,110,105,5,5
30443,85,85,0,0
30444,124,121,3,3
30445,129,135,-6,6
30446,99,114,-15,15
30447,172,164,8,8
30448,76,82,-6,6
30449,64,68,-4,4
30450,138,125,13,13
30451,59,64,-5,5
30452,123,115,8,8
30453,140,111,29,29
30454,67,68,-1,1
30455,211,194,17,17
30456,155,143,12,12
30457,84,98,-14,14
30458,125,126,-1,1
30459,72,73,-1,1
30460,121,127,-6,6
30461,121,125,-4,4
30462,141,144,-3,3
30463,67,70,-3,3
30464,73,100,-27,27
30465,107,111,-4,4
30466,72,68,4,4
30467,65,71,-6,6
30468,82,79,3,3
30469,87,81,6,6
30470,87,82,5,5
30471,52,61,-9,9
30472,84,80,4,4
30473,81,77,4,4
30474,75,80,-5,5
30475,126,128,-2,2
30476,45,53,-8,8
30477,48,57,-9,9
30478,77,79,-2,2
30479,150,132,18,18
30480,100,102,-2,2
30481,128,134,-6,6
30482,86,87,-1,1
30483,72,69,3,3
30484,108,112,-4,4
30485,61,43,18,18
30486,121,124,-3,3
30487,132,136,-4,4
30488,112,119,-7,7
30489,148,141,7,7
30490,89,102,-13,13
30491,47,61,-14,14
30492,75,78,-3,3
30493,113,127,-14,14
30494,82,96,-14,14
30495,82,83,-1,1
30496,155,143,12,12
30497,114,108,6,6
30498,85,93,-8,8
30499,97,102,-5,5
30500,117,108,9,9
30501,57,61,-4,4
30502,121,117,4,4
30503,50,57,-7,7
30504,32,29,3,3
30505,126,121,5,5
30506,85,86,-1,1
30507,45,59,-14,14
30508,105,99,6,6
30509,84,89,-5,5
30510,99,93,6,6
30511,129,98,31,31
30512,115,110,5,5
30513,127,128,-1,1
30514,42,68,-26,26
30515,86,97,-11,11
30516,106,103,3,3
30517,108,106,2,2
30518,143,142,1,1
30519,98,105,-7,7
30520,131,107,24,24
30521,117,115,2,2
30522,82,76,6,6
30523,79,79,0,0
30524,58,62,-4,4
30525,96,90,6,6
30526,105,95,10,10
30527,103,95,8,8
30528,72,85,-13,13
30529,108,118,-10,10
30530,155,150,5,5
30531,164,153,11,11
30532,60,63,-3,3
30533,130,121,9,9
30534,123,115,8,8
30535,104,108,-4,4
30536,79,75,4,4
30537,136,132,4,4
30538,130,126,4,4
30539,135,123,12,12
30540,77,77,0,0
30541,136,127,9,9
30542,107,89,18,18
30543,127,119,8,8
30544,116,116,0,0
30545,132,128,4,4
30546,88,83,5,5
30547,74,70,4,4
30548,71,83,-12,12
30549,53,55,-2,2
30550,57,62,-5,5
30551,189,179,10,10
30552,49,54,-5,5
30553,124,128,-4,4
30554,127,122,5,5
30555,45,65,-20,20
30556,110,120,-10,10
30557,104,110,-6,6
30558,82,83,-1,1
30559,133,127,6,6
30560,229,210,19,19
30561,64,71,-7,7
30562,107,99,8,8
30563,109,115,-6,6
30564,174,164,10,10
30565,176,172,4,4
30566,101,93,8,8
30567,113,111,2,2
30568,139,129,10,10
30569,56,62,-6,6
30570,75,74,1,1
30571,89,90,-1,1
30572,34,40,-6,6
30573,130,128,2,2
30574,81,76,5,5
30575,103,117,-14,14
30576,99,102,-3,3
30577,136,138,-2,2
30578,37,45,-8,8
30579,82,76,6,6
30580,125,125,0,0
30581,121,117,4,4
30582,94,90,4,4
30583,67,69,-2,2
30584,110,123,-13,13
30585,82,79,3,3
30586,106,119,-13,13
30587,154,147,7,7
30588,97,97,0,0
30589,65,68,-3,3
30590,81,89,-8,8
30591,53,59,-6,6
30592,123,115,8,8
30593,123,113,10,10
30594,60,57,3,3
30595,59,67,-8,8
30596,71,100,-29,29
30597,154,149,5,5
30598,89,86,3,3
30599,89,84,5,5
30600,95,87,8,8
30601,78,80,-2,2
30602,79,83,-4,4
30603,132,131,1,1
30604,124,126,-2,2
30605,125,120,5,5
30606,73,74,-1,1
30607,109,112,-3,3
30608,84,83,1,1
30609,114,120,-6,6
30610,98,103,-5,5
30611,229,218,11,11
30612,118,124,-6,6
30613,105,105,0,0
30614,56,66,-10,10
30615,86,84,2,2
30616,72,77,-5,5
30617,144,170,-26,26
30618,151,143,8,8
30619,91,88,3,3
30620,134,133,1,1
30621,142,139,3,3
30622,119,118,1,1
30623,115,110,5,5
30624,122,125,-3,3
30625,121,114,7,7
30626,145,157,-12,12
30627,151,149,2,2
30628,99,80,19,19
30629,90,93,-3,3
30630,115,143,-28,28
30631,65,83,-18,18
30632,90,86,4,4
30633,78,80,-2,2
30634,65,73,-8,8
30635,77,77,0,0
30636,64,69,-5,5
30637,204,197,7,7
30638,134,144,-10,10
30639,144,132,12,12
30640,127,128,-1,1
30641,88,81,7,7
30642,61,68,-7,7
30643,118,124,-6,6
30644,91,91,0,0
30645,143,125,18,18
30646,166,150,16,16
30647,77,76,1,1
30648,97,92,5,5
30649,97,100,-3,3
30650,98,84,14,14
30651,71,72,-1,1
30652,77,73,4,4
30653,145,138,7,7
30654,127,124,3,3
30655,144,142,2,2
30656,128,117,11,11
30657,148,142,6,6
30658,67,69,-2,2
30659,147,149,-2,2
30660,85,92,-7,7
30661,98,102,-4,4
30662,72,73,-1,1
30663,74,78,-4,4
30664,111,114,-3,3
30665,80,79,1,1
30666,73,71,2,2
30667,79,83,-4,4
30668,90,79,11,11
30669,104,99,5,5
30670,70,74,-4,4
30671,99,103,-4,4
30672,64,67,-3,3
30673,68,71,-3,3
30674,96,91,5,5
30675,44,54,-10,10
30676,84,84,0,0
30677,81,76,5,5
30678,152,147,5,5
30679,69,73,-4,4
30680,86,105,-19,19
30681,89,96,-7,7
30682,151,145,6,6
30683,80,86,-6,6
30684,97,105,-8,8
30685,55,59,-4,4
30686,126,117,9,9
30687,110,118,-8,8
30688,112,123,-11,11
30689,156,140,16,16
30690,52,63,-11,11
30691,88,89,-1,1
30692,98,109,-11,11
30693,131,124,7,7
30694,114,109,5,5
30695,154,156,-2,2
30696,52,60,-8,8
30697,134,134,0,0
30698,60,64,-4,4
30699,68,71,-3,3
30700,119,120,-1,1
30701,61,64,-3,3
30702,94,103,-9,9
30703,98,104,-6,6
30704,103,118,-15,15
30705,120,123,-3,3
30706,97,100,-3,3
30707,126,117,9,9
30708,103,100,3,3
30709,97,99,-2,2
30710,89,86,3,3
30711,69,69,0,0
30712,58,63,-5,5
30713,109,104,5,5
30714,91,80,11,11
30715,76,75,1,1
30716,206,198,8,8
30717,109,98,11,11
30718,167,161,6,6
30719,124,117,7,7
30720,68,69,-1,1
30721,162,136,26,26
30722,92,92,0,0
30723,160,160,0,0
30724,107,108,-1,1
30725,104,97,7,7
30726,72,69,3,3
30727,59,66,-7,7
30728,102,97,5,5
30729,110,123,-13,13
30730,71,72,-1,1
30731,96,88,8,8
30732,117,113,4,4
30733,67,69,-2,2
30734,64,70,-6,6
30735,111,107,4,4
30736,54,54,0,0
30737,70,72,-2,2
30738,89,83,6,6
30739,125,131,-6,6
30740,81,92,-11,11
30741,132,122,10,10
30742,122,125,-3,3
30743,83,88,-5,5
30744,49,63,-14,14
30745,134,117,17,17
30746,86,84,2,2
30747,87,84,3,3
30748,113,118,-5,5
30749,147,147,0,0
30750,57,67,-10,10
30751,81,77,4,4
30752,84,96,-12,12
30753,130,124,6,6
30754,103,97,6,6
30755,57,63,-6,6
30756,58,62,-4,4
30757,147,128,19,19
30758,136,135,1,1
30759,78,82,-4,4
30760,92,92,0,0
30761,69,76,-7,7
30762,151,144,7,7
30763,155,157,-2,2
30764,80,85,-5,5
30765,71,70,1,1
30766,113,111,2,2
30767,129,118,11,11
30768,113,112,1,1
30769,82,88,-6,6
30770,69,61,8,8
30771,95,93,2,2
30772,86,86,0,0
30773,86,79,7,7
30774,73,71,2,2
30775,84,85,-1,1
30776,99,96,3,3
30777,159,144,15,15
30778,94,98,-4,4
30779,93,97,-4,4
30780,52,57,-5,5
30781,92,91,1,1
30782,77,88,-11,11
30783,83,87,-4,4
30784,145,144,1,1
30785,89,86,3,3
30786,98,95,3,3
30787,128,131,-3,3
30788,70,80,-10,10
30789,85,84,1,1
30790,94,95,-1,1
30791,63,71,-8,8
30792,120,115,5,5
30793,93,102,-9,9
30794,113,110,3,3
30795,164,172,-8,8
30796,121,116,5,5
30797,61,61,0,0
30798,100,42,58,58
30799,67,63,4,4
30800,107,107,0,0
30801,56,56,0,0
30802,79,80,-1,1
30803,116,153,-37,37
30804,139,134,5,5
30805,112,118,-6,6
30806,92,89,3,3
30807,108,105,3,3
30808,124,133,-9,9
30809,158,162,-4,4
30810,106,89,17,17
30811,132,126,6,6
30812,100,95,5,5
30813,64,100,-36,36
30814,128,123,5,5
30815,53,56,-3,3
30816,54,59,-5,5
30817,81,81,0,0
30818,67,71,-4,4
30819,97,113,-16,16
30820,129,117,12,12
30821,122,105,17,17
30822,139,134,5,5
30823,44,48,-4,4
30824,131,130,1,1
30825,67,74,-7,7
30826,115,105,10,10
30827,53,56,-3,3
30828,84,83,1,1
30829,124,122,2,2
30830,74,69,5,5
30831,104,113,-9,9
30832,70,77,-7,7
30833,112,112,0,0
30834,90,77,13,13
30835,83,99,-16,16
30836,71,76,-5,5
30837,81,78,3,3
30838,124,144,-20,20
30839,161,163,-2,2
30840,52,61,-9,9
30841,78,85,-7,7
30842,57,57,0,0
30843,113,114,-1,1
30844,105,97,8,8
30845,119,112,7,7
30846,48,57,-9,9
30847,123,123,0,0
30848,96,92,4,4
30849,124,116,8,8
30850,129,132,-3,3
30851,125,125,0,0
30852,104,107,-3,3
30853,117,115,2,2
30854,151,147,4,4
30855,125,120,5,5
30856,87,95,-8,8
30857,71,74,-3,3
30858,58,61,-3,3
30859,127,129,-2,2
30860,143,126,17,17
30861,78,77,1,1
30862,114,125,-11,11
30863,49,55,-6,6
30864,86,86,0,0
30865,81,94,-13,13
30866,85,86,-1,1
30867,158,141,17,17
30868,57,58,-1,1
30869,109,108,1,1
30870,95,93,2,2
30871,45,54,-9,9
30872,76,84,-8,8
30873,83,79,4,4
30874,100,114,-14,14
30875,65,79,-14,14
30876,76,82,-6,6
30877,47,61,-14,14
30878,70,73,-3,3
30879,157,155,2,2
30880,204,178,26,26
30881,88,85,3,3
30882,93,86,7,7
30883,53,63,-10,10
30884,97,102,-5,5
30885,84,80,4,4
30886,66,74,-8,8
30887,73,77,-4,4
30888,64,72,-8,8
30889,102,96,6,6
30890,56,62,-6,6
30891,73,77,-4,4
30892,78,84,-6,6
30893,64,75,-11,11
30894,89,92,-3,3
30895,108,110,-2,2
30896,79,73,6,6
30897,99,101,-2,2
30898,104,103,1,1
30899,174,159,15,15
30900,76,80,-4,4
30901,67,75,-8,8
30902,103,101,2,2
30903,72,72,0,0
30904,65,78,-13,13
30905,79,83,-4,4
30906,39,70,-31,31
30907,42,47,-5,5
30908,43,54,-11,11
30909,130,129,1,1
30910,56,59,-3,3
30911,67,73,-6,6
30912,61,65,-4,4
30913,79,71,8,8
30914,122,108,14,14
30915,121,116,5,5
30916,87,79,8,8
30917,95,101,-6,6
30918,76,76,0,0
30919,98,89,9,9
30920,149,150,-1,1
30921,37,48,-11,11
30922,91,79,12,12
30923,99,97,2,2
30924,64,71,-7,7
30925,113,110,3,3
30926,82,83,-1,1
30927,71,74,-3,3
30928,103,109,-6,6
30929,58,68,-10,10
30930,112,111,1,1
30931,61,64,-3,3
30932,60,69,-9,9
30933,118,124,-6,6
30934,48,57,-9,9
30935,86,76,10,10
30936,61,71,-10,10
30937,123,112,11,11
30938,151,149,2,2
30939,50,53,-3,3
30940,123,129,-6,6
30941,186,180,6,6
30942,59,67,-8,8
30943,141,141,0,0
30944,130,150,-20,20
30945,83,76,7,7
30946,63,67,-4,4
30947,168,151,17,17
30948,88,85,3,3
30949,49,57,-8,8
30950,47,57,-10,10
30951,81,84,-3,3
30952,176,156,20,20
30953,58,63,-5,5
30954,48,46,2,2
30955,117,117,0,0
30956,115,105,10,10
30957,120,115,5,5
30958,90,89,1,1
30959,46,59,-13,13
30960,113,128,-15,15
30961,64,71,-7,7
30962,126,119,7,7
30963,153,137,16,16
30964,114,106,8,8
30965,182,183,-1,1
30966,114,114,0,0
30967,91,92,-1,1
30968,116,108,8,8
30969,135,125,10,10
30970,70,72,-2,2
30971,80,73,7,7
30972,50,66,-16,16
30973,90,91,-1,1
30974,50,61,-11,11
30975,144,128,16,16
30976,77,76,1,1
30977,81,75,6,6
30978,41,39,2,2
30979,80,82,-2,2
30980,97,94,3,3
30981,65,70,-5,5
30982,70,73,-3,3
30983,176,181,-5,5
30984,143,140,3,3
30985,79,77,2,2
30986,122,116,6,6
30987,135,138,-3,3
30988,85,91,-6,6
30989,50,62,-12,12
30990,88,87,1,1
30991,120,112,8,8
30992,134,130,4,4
30993,74,73,1,1
30994,86,93,-7,7
30995,95,97,-2,2
30996,56,64,-8,8
30997,92,85,7,7
30998,86,86,0,0
30999,70,89,-19,19
31000,81,77,4,4
31001,113,115,-2,2
31002,99,96,3,3
31003,77,79,-2,2
31004,31,29,2,2
31005,99,98,1,1
31006,85,83,2,2
31007,80,85,-5,5
31008,92,93,-1,1
31009,56,62,-6,6
31010,139,151,-12,12
31011,51,54,-3,3
31012,36,29,7,7
31013,126,117,9,9
31014,76,76,0,0
31015,96,109,-13,13
31016,87,92,-5,5
31017,117,114,3,3
31018,102,105,-3,3
31019,89,95,-6,6
31020,107,91,16,16
31021,79,79,0,0
31022,89,86,3,3
31023,67,65,2,2
31024,114,113,1,1
31025,69,74,-5,5
31026,115,100,15,15
31027,168,173,-5,5
31028,84,105,-21,21
31029,79,67,12,12
31030,133,140,-7,7
31031,123,107,16,16
31032,102,112,-10,10
31033,123,115,8,8
31034,97,84,13,13
31035,89,96,-7,7
31036,92,98,-6,6
31037,171,155,16,16
31038,72,68,4,4
31039,92,101,-9,9
31040,54,67,-13,13
31041,113,116,-3,3
31042,110,100,10,10
31043,64,67,-3,3
31044,64,68,-4,4
31045,69,65,4,4
31046,81,81,0,0
31047,101,104,-3,3
31048,92,95,-3,3
31049,85,95,-10,10
31050,58,63,-5,5
31051,124,117,7,7
31052,81,77,4,4
31053,108,101,7,7
31054,93,88,5,5
31055,70,64,6,6
31056,119,98,21,21
31057,65,67,-2,2
31058,90,83,7,7
31059,53,59,-6,6
31060,73,77,-4,4
31061,52,57,-5,5
31062,97,99,-2,2
31063,118,100,18,18
31064,95,91,4,4
31065,89,87,2,2
31066,66,69,-3,3
31067,75,79,-4,4
31068,107,102,5,5
31069,63,64,-1,1
31070,148,138,10,10
31071,110,110,0,0
31072,96,115,-19,19
31073,123,129,-6,6
31074,123,116,7,7
31075,106,89,17,17
31076,101,96,5,5
31077,105,109,-4,4
31078,94,100,-6,6
31079,53,70,-17,17
31080,53,67,-14,14
31081,116,114,2,2
31082,122,126,-4,4
31083,96,106,-10,10
31084,117,113,4,4
31085,105,102,3,3
31086,74,76,-2,2
31087,43,57,-14,14
31088,110,112,-2,2
31089,71,72,-1,1
31090,72,69,3,3
31091,109,109,0,0
31092,142,144,-2,2
31093,69,65,4,4
31094,127,138,-11,11
31095,113,119,-6,6
31096,61,64,-3,3
31097,108,107,1,1
31098,83,77,6,6
31099,58,65,-7,7
31100,107,106,1,1
31101,108,127,-19,19
31102,97,94,3,3
31103,101,90,11,11
31104,101,109,-8,8
31105,123,113,10,10
31106,68,72,-4,4
31107,89,85,4,4
31108,47,55,-8,8
31109,128,116,12,12
31110,117,114,3,3
31111,94,86,8,8
31112,111,109,2,2
31113,51,58,-7,7
31114,65,74,-9,9
31115,79,99,-20,20
31116,140,135,5,5
31117,152,132,20,20
31118,108,112,-4,4
31119,115,107,8,8
31120,78,86,-8,8
31121,100,104,-4,4
31122,69,73,-4,4
31123,127,125,2,2
31124,64,62,2,2
31125,148,143,5,5
31126,105,101,4,4
31127,123,117,6,6
31128,56,61,-5,5
31129,60,73,-13,13
31130,100,96,4,4
31131,77,99,-22,22
31132,89,116,-27,27
31133,63,71,-8,8
31134,70,71,-1,1
31135,74,72,2,2
31136,74,83,-9,9
31137,149,134,15,15
31138,60,69,-9,9
31139,115,171,-56,56
31140,65,71,-6,6
31141,95,88,7,7
31142,126,140,-14,14
31143,84,95,-11,11
31144,114,100,14,14
31145,130,122,8,8
31146,117,113,4,4
31147,135,141,-6,6
31148,110,115,-5,5
31149,74,71,3,3
31150,91,101,-10,10
31151,102,99,3,3
31152,76,82,-6,6
31153,81,90,-9,9
31154,117,112,5,5
31155,58,64,-6,6
31156,52,72,-20,20
31157,44,63,-19,19
31158,126,130,-4,4
31159,102,102,0,0
31160,68,66,2,2
31161,96,113,-17,17
31162,116,101,15,15
31163,96,88,8,8
31164,44,55,-11,11
31165,49,51,-2,2
31166,109,109,0,0
31167,40,54,-14,14
31168,84,116,-32,32
31169,57,63,-6,6
31170,85,89,-4,4
31171,44,54,-10,10
31172,77,76,1,1
31173,70,82,-12,12
31174,63,72,-9,9
31175,75,75,0,0
31176,88,90,-2,2
31177,98,98,0,0
31178,66,83,-17,17
31179,78,75,3,3
31180,95,103,-8,8
31181,99,127,-28,28
31182,20,97,-77,77
31183,88,92,-4,4
31184,165,156,9,9
31185,127,121,6,6
31186,55,63,-8,8
31187,145,140,5,5
31188,72,70,2,2
31189,84,76,8,8
31190,62,66,-4,4
31191,107,100,7,7
31192,113,96,17,17
31193,64,68,-4,4
31194,132,114,18,18
31195,80,77,3,3
31196,64,72,-8,8
31197,58,68,-10,10
31198,53,69,-16,16
31199,101,101,0,0
31200,97,92,5,5
31201,93,97,-4,4
31202,87,76,11,11
31203,78,76,2,2
31204,70,65,5,5
31205,119,81,38,38
31206,66,70,-4,4
31207,82,95,-13,13
31208,117,101,16,16
31209,106,101,5,5
31210,79,77,2,2
31211,129,160,-31,31
31212,95,84,11,11
31213,66,73,-7,7
31214,63,64,-1,1
31215,128,139,-11,11
31216,86,79,7,7
31217,87,94,-7,7
31218,115,110,5,5
31219,126,127,-1,1
31220,66,105,-39,39
31221,138,138,0,0
31222,118,104,14,14
31223,105,103,2,2
31224,59,68,-9,9
31225,51,62,-11,11
31226,45,65,-20,20
31227,79,79,0,0
31228,103,89,14,14
31229,86,107,-21,21
31230,63,66,-3,3
31231,104,101,3,3
31232,144,138,6,6
31233,160,148,12,12
31234,55,60,-5,5
31235,83,82,1,1
31236,104,102,2,2
31237,61,66,-5,5
31238,92,99,-7,7
31239,72,77,-5,5
31240,103,100,3,3
31241,192,168,24,24
31242,89,83,6,6
31243,76,74,2,2
31244,70,79,-9,9
31245,81,74,7,7
31246,96,97,-1,1
31247,120,115,5,5
31248,88,89,-1,1
31249,81,74,7,7
31250,91,92,-1,1
31251,104,98,6,6
31252,71,72,-1,1
31253,51,55,-4,4
31254,138,131,7,7
31255,88,75,13,13
31256,64,76,-12,12
31257,108,111,-3,3
31258,120,115,5,5
31259,78,100,-22,22
31260,158,144,14,14
31261,185,167,18,18
31262,168,174,-6,6
31263,96,102,-6,6
31264,100,80,20,20
31265,48,105,-57,57
31266,80,80,0,0
31267,49,58,-9,9
31268,108,106,2,2
31269,71,76,-5,5
31270,111,112,-1,1
31271,75,72,3,3
31272,117,115,2,2
31273,156,144,12,12
31274,111,104,7,7
31275,108,109,-1,1
31276,54,63,-9,9
31277,83,87,-4,4
31278,91,83,8,8
31279,53,65,-12,12
31280,46,54,-8,8
31281,39,53,-14,14
31282,97,114,-17,17
31283,97,114,-17,17
31284,93,87,6,6
31285,173,164,9,9
31286,76,75,1,1
31287,146,138,8,8
31288,128,137,-9,9
31289,81,75,6,6
31290,90,93,-3,3
31291,109,115,-6,6
31292,123,112,11,11
31293,100,98,2,2
31294,77,83,-6,6
31295,77,79,-2,2
31296,109,123,-14,14
31297,85,84,1,1
31298,94,94,0,0
31299,57,59,-2,2
31300,51,60,-9,9
31301,50,60,-10,10
31302,80,77,3,3
31303,73,71,2,2
31304,68,76,-8,8
31305,153,136,17,17
31306,120,128,-8,8
31307,99,100,-1,1
31308,97,93,4,4
31309,82,77,5,5
31310,85,95,-10,10
31311,84,80,4,4
31312,93,105,-12,12
31313,55,63,-8,8
31314,53,62,-9,9
31315,148,141,7,7
31316,115,122,-7,7
31317,116,115,1,1
31318,109,99,10,10
31319,72,76,-4,4
31320,85,86,-1,1
31321,78,69,9,9
31322,133,122,11,11
31323,89,84,5,5
31324,53,67,-14,14
31325,145,154,-9,9
31326,75,72,3,3
31327,60,64,-4,4
31328,71,74,-3,3
31329,62,69,-7,7
31330,165,156,9,9
31331,51,65,-14,14
31332,146,158,-12,12
31333,64,67,-3,3
31334,75,84,-9,9
31335,79,76,3,3
31336,85,86,-1,1
31337,100,100,0,0
31338,119,113,6,6
31339,106,115,-9,9
31340,79,79,0,0
31341,163,160,3,3
31342,121,125,-4,4
31343,66,72,-6,6
31344,114,112,2,2
31345,77,81,-4,4
31346,57,62,-5,5
31347,87,93,-6,6
31348,86,83,3,3
31349,71,77,-6,6
31350,124,118,6,6
31351,65,65,0,0
31352,111,107,4,4
31353,62,70,-8,8
31354,94,84,10,10
31355,76,77,-1,1
31356,122,135,-13,13
31357,136,152,-16,16
31358,76,74,2,2
31359,82,97,-15,15
31360,62,63,-1,1
31361,65,63,2,2
31362,63,71,-8,8
31363,50,54,-4,4
31364,56,70,-14,14
31365,80,86,-6,6
31366,95,86,9,9
31367,94,95,-1,1
31368,90,79,11,11
31369,116,101,15,15
31370,113,105,8,8
31371,70,69,1,1
31372,31,32,-1,1
31373,70,76,-6,6
31374,72,69,3,3
31375,92,84,8,8
31376,82,79,3,3
31377,58,67,-9,9
31378,104,113,-9,9
31379,75,76,-1,1
31380,90,95,-5,5
31381,130,123,7,7
31382,126,125,1,1
31383,89,84,5,5
31384,108,105,3,3
31385,51,61,-10,10
31386,132,130,2,2
31387,91,93,-2,2
31388,109,118,-9,9
31389,103,121,-18,18
31390,87,80,7,7
31391,123,124,-1,1
31392,109,104,5,5
31393,77,96,-19,19
31394,96,98,-2,2
31395,82,82,0,0
31396,111,111,0,0
31397,72,72,0,0
31398,117,107,10,10
31399,117,114,3,3
31400,137,136,1,1
31401,107,99,8,8
31402,91,93,-2,2
31403,110,108,2,2
31404,76,85,-9,9
31405,83,77,6,6
31406,142,144,-2,2
31407,97,97,0,0
31408,54,59,-5,5
31409,71,76,-5,5
31410,91,100,-9,9
31411,100,101,-1,1
31412,47,56,-9,9
31413,114,107,7,7
31414,65,60,5,5
31415,33,30,3,3
31416,88,84,4,4
31417,102,105,-3,3
31418,72,90,-18,18
31419,95,99,-4,4
31420,100,97,3,3
31421,200,194,6,6
31422,147,133,14,14
31423,98,108,-10,10
31424,111,110,1,1
31425,105,108,-3,3
31426,89,91,-2,2
31427,108,107,1,1
31428,35,67,-32,32
31429,54,64,-10,10
31430,124,119,5,5
31431,90,80,10,10
31432,130,128,2,2
31433,138,127,11,11
31434,143,128,15,15
31435,74,75,-1,1
31436,47,62,-15,15
31437,64,69,-5,5
31438,174,176,-2,2
31439,96,92,4,4
31440,132,132,0,0
31441,66,74,-8,8
31442,105,106,-1,1
31443,128,130,-2,2
31444,99,100,-1,1
31445,70,71,-1,1
31446,62,62,0,0
31447,78,77,1,1
31448,93,100,-7,7
31449,89,75,14,14
31450,104,117,-13,13
31451,74,72,2,2
31452,102,84,18,18
31453,58,61,-3,3
31454,89,90,-1,1
31455,84,77,7,7
31456,128,118,10,10
31457,91,94,-3,3
31458,80,71,9,9
31459,84,97,-13,13
31460,100,106,-6,6
31461,115,111,4,4
31462,92,99,-7,7
31463,155,158,-3,3
31464,175,148,27,27
31465,79,75,4,4
31466,70,68,2,2
31467,64,74,-10,10
31468,111,113,-2,2
31469,83,81,2,2
31470,92,98,-6,6
31471,153,148,5,5
31472,138,135,3,3
31473,90,106,-16,16
31474,104,110,-6,6
31475,52,56,-4,4
31476,72,76,-4,4
31477,76,80,-4,4
31478,69,71,-2,2
31479,145,136,9,9
31480,67,68,-1,1
31481,79,76,3,3
31482,103,98,5,5
31483,145,150,-5,5
31484,86,87,-1,1
31485,112,105,7,7
31486,130,134,-4,4
31487,173,161,12,12
31488,75,76,-1,1
31489,195,169,26,26
31490,93,91,2,2
31491,102,98,4,4
31492,64,63,1,1
31493,68,70,-2,2
31494,58,69,-11,11
31495,93,82,11,11
31496,119,103,16,16
31497,54,56,-2,2
31498,72,91,-19,19
31499,82,84,-2,2
31500,130,129,1,1
31501,75,80,-5,5
31502,73,77,-4,4
31503,72,76,-4,4
31504,243,268,-25,25
31505,62,78,-16,16
31506,79,74,5,5
31507,129,131,-2,2
31508,119,113,6,6
31509,121,123,-2,2
31510,135,129,6,6
31511,64,61,3,3
31512,84,84,0,0
31513,68,73,-5,5
31514,89,84,5,5
31515,59,59,0,0
31516,67,74,-7,7
31517,108,114,-6,6
31518,55,62,-7,7
31519,161,138,23,23
31520,75,77,-2,2
31521,113,110,3,3
31522,102,101,1,1
31523,116,114,2,2
31524,134,130,4,4
31525,161,132,29,29
31526,122,105,17,17
31527,103,98,5,5
31528,75,77,-2,2
31529,162,145,17,17
31530,76,83,-7,7
31531,57,65,-8,8
31532,74,79,-5,5
31533,78,73,5,5
31534,68,70,-2,2
31535,101,99,2,2
31536,66,71,-5,5
31537,61,68,-7,7
31538,120,115,5,5
31539,62,66,-4,4
31540,149,130,19,19
31541,85,95,-10,10
31542,126,112,14,14
31543,192,189,3,3
31544,94,90,4,4
31545,69,73,-4,4
31546,99,91,8,8
31547,114,108,6,6
31548,75,77,-2,2
31549,113,125,-12,12
31550,165,156,9,9
31551,133,124,9,9
31552,86,95,-9,9
31553,72,69,3,3
31554,97,95,2,2
31555,113,158,-45,45
31556,110,113,-3,3
31557,119,124,-5,5
31558,60,66,-6,6
31559,72,85,-13,13
31560,110,114,-4,4
31561,151,135,16,16
31562,70,74,-4,4
31563,89,93,-4,4
31564,112,107,5,5
31565,70,71,-1,1
31566,64,69,-5,5
31567,155,159,-4,4
31568,103,101,2,2
31569,115,112,3,3
31570,57,59,-2,2
31571,92,100,-8,8
31572,96,90,6,6
31573,61,68,-7,7
31574,144,129,15,15
31575,75,77,-2,2
31576,138,129,9,9
31577,103,107,-4,4
31578,118,109,9,9
31579,80,84,-4,4
31580,107,101,6,6
31581,84,84,0,0
31582,87,84,3,3
31583,56,55,1,1
31584,129,138,-9,9
31585,94,94,0,0
31586,72,83,-11,11
31587,193,174,19,19
31588,141,123,18,18
31589,98,99,-1,1
31590,116,122,-6,6
31591,154,149,5,5
31592,116,123,-7,7
31593,75,82,-7,7
31594,107,99,8,8
31595,83,77,6,6
31596,103,113,-10,10
31597,99,95,4,4
31598,109,112,-3,3
31599,95,93,2,2
31600,85,76,9,9
31601,81,82,-1,1
31602,112,94,18,18
31603,82,76,6,6
31604,56,61,-5,5
31605,64,69,-5,5
31606,105,121,-16,16
31607,118,117,1,1
31608,82,84,-2,2
31609,96,98,-2,2
31610,69,67,2,2
31611,128,128,0,0
31612,88,96,-8,8
31613,90,84,6,6
31614,141,138,3,3
31615,75,85,-10,10
31616,108,112,-4,4
31617,153,146,7,7
31618,101,100,1,1
31619,76,79,-3,3
31620,86,96,-10,10
31621,49,54,-5,5
31622,130,127,3,3
31623,95,96,-1,1
31624,33,50,-17,17
31625,156,158,-2,2
31626,49,52,-3,3
31627,89,84,5,5
31628,86,77,9,9
31629,80,77,3,3
31630,97,93,4,4
31631,59,67,-8,8
31632,153,145,8,8
31633,51,59,-8,8
31634,88,77,11,11
31635,145,159,-14,14
31636,165,177,-12,12
31637,74,80,-6,6
31638,80,94,-14,14
31639,101,95,6,6
31640,46,54,-8,8
31641,62,67,-5,5
31642,107,97,10,10
31643,66,71,-5,5
31644,153,148,5,5
31645,75,76,-1,1
31646,49,55,-6,6
31647,120,124,-4,4
31648,131,126,5,5
31649,106,112,-6,6
31650,147,139,8,8
31651,81,82,-1,1
31652,94,94,0,0
31653,57,66,-9,9
31654,61,73,-12,12
31655,47,54,-7,7
31656,53,57,-4,4
31657,117,111,6,6
31658,98,79,19,19
31659,48,53,-5,5
31660,190,186,4,4
31661,68,72,-4,4
31662,106,101,5,5
31663,57,66,-9,9
31664,131,133,-2,2
31665,132,126,6,6
31666,74,76,-2,2
31667,125,124,1,1
31668,86,88,-2,2
31669,49,55,-6,6
31670,95,80,15,15
31671,67,68,-1,1
31672,82,85,-3,3
31673,93,105,-12,12
31674,52,63,-11,11
31675,55,60,-5,5
31676,111,109,2,2
31677,73,73,0,0
31678,72,80,-8,8
31679,160,155,5,5
31680,97,102,-5,5
31681,95,87,8,8
31682,117,96,21,21
31683,67,63,4,4
31684,55,63,-8,8
31685,103,97,6,6
31686,108,114,-6,6
31687,82,76,6,6
31688,155,145,10,10
31689,87,86,1,1
31690,88,84,4,4
31691,84,98,-14,14
31692,66,79,-13,13
31693,59,65,-6,6
31694,80,77,3,3
31695,120,124,-4,4
31696,92,92,0,0
31697,36,29,7,7
31698,89,80,9,9
31699,113,102,11,11
31700,86,87,-1,1
31701,117,141,-24,24
31702,78,73,5,5
31703,72,79,-7,7
31704,76,70,6,6
31705,76,77,-1,1
31706,87,86,1,1
31707,76,99,-23,23
31708,79,65,14,14
31709,51,49,2,2
31710,121,134,-13,13
31711,100,92,8,8
31712,83,83,0,0
31713,84,76,8,8
31714,100,104,-4,4
31715,125,124,1,1
31716,73,69,4,4
31717,59,64,-5,5
31718,79,82,-3,3
31719,76,83,-7,7
31720,108,113,-5,5
31721,64,76,-12,12
31722,101,96,5,5
31723,140,124,16,16
31724,89,90,-1,1
31725,72,71,1,1
31726,82,86,-4,4
31727,68,72,-4,4
31728,41,58,-17,17
31729,77,79,-2,2
31730,150,144,6,6
31731,121,114,7,7
31732,96,121,-25,25
31733,50,57,-7,7
31734,45,53,-8,8
31735,118,126,-8,8
31736,108,104,4,4
31737,74,71,3,3
31738,148,136,12,12
31739,109,106,3,3
31740,53,60,-7,7
31741,69,68,1,1
31742,75,77,-2,2
31743,75,88,-13,13
31744,93,91,2,2
31745,36,37,-1,1
31746,62,71,-9,9
31747,139,138,1,1
31748,67,71,-4,4
31749,199,194,5,5
31750,61,62,-1,1
31751,66,71,-5,5
31752,58,65,-7,7
31753,58,64,-6,6
31754,98,104,-6,6
31755,65,66,-1,1
31756,96,99,-3,3
31757,105,111,-6,6
31758,44,52,-8,8
31759,116,114,2,2
31760,87,80,7,7
31761,94,93,1,1
31762,130,132,-2,2
31763,103,105,-2,2
31764,85,82,3,3
31765,94,103,-9,9
31766,78,77,1,1
31767,120,114,6,6
31768,48,57,-9,9
31769,107,100,7,7
31770,87,94,-7,7
31771,115,118,-3,3
31772,122,120,2,2
31773,137,126,11,11
31774,19,29,-10,10
31775,90,96,-6,6
31776,45,51,-6,6
31777,53,63,-10,10
31778,132,118,14,14
31779,54,57,-3,3
31780,123,132,-9,9
31781,88,106,-18,18
31782,90,84,6,6
31783,112,111,1,1
31784,67,66,1,1
31785,50,61,-11,11
31786,65,68,-3,3
31787,44,54,-10,10
31788,86,95,-9,9
31789,65,70,-5,5
31790,80,99,-19,19
31791,128,121,7,7
31792,166,142,24,24
31793,105,99,6,6
31794,77,77,0,0
31795,113,120,-7,7
31796,82,81,1,1
31797,94,102,-8,8
31798,123,118,5,5
31799,118,117,1,1
31800,159,147,12,12
31801,100,84,16,16
31802,95,86,9,9
31803,128,130,-2,2
31804,67,77,-10,10
31805,131,118,13,13
31806,78,77,1,1
31807,58,64,-6,6
31808,126,115,11,11
31809,136,141,-5,5
31810,75,73,2,2
31811,100,100,0,0
31812,52,57,-5,5
31813,94,89,5,5
31814,64,73,-9,9
31815,65,69,-4,4
31816,85,84,1,1
31817,100,101,-1,1
31818,134,130,4,4
31819,88,85,3,3
31820,87,89,-2,2
31821,112,114,-2,2
31822,222,207,15,15
31823,103,96,7,7
31824,131,155,-24,24
31825,143,149,-6,6
31826,89,92,-3,3
31827,144,129,15,15
31828,90,87,3,3
31829,117,112,5,5
31830,41,49,-8,8
31831,161,157,4,4
31832,87,93,-6,6
31833,67,71,-4,4
31834,89,101,-12,12
31835,58,58,0,0
31836,54,57,-3,3
31837,66,66,0,0
31838,62,72,-10,10
31839,46,52,-6,6
31840,116,116,0,0
31841,146,150,-4,4
31842,153,161,-8,8
31843,110,99,11,11
31844,83,74,9,9
31845,138,126,12,12
31846,117,111,6,6
31847,86,81,5,5
31848,170,164,6,6
31849,96,100,-4,4
31850,57,59,-2,2
31851,102,92,10,10
31852,96,99,-3,3
31853,88,84,4,4
31854,117,119,-2,2
31855,83,99,-16,16
31856,94,104,-10,10
31857,68,77,-9,9
31858,81,76,5,5
31859,165,163,2,2
31860,93,84,9,9
31861,169,165,4,4
31862,79,84,-5,5
31863,91,85,6,6
31864,96,98,-2,2
31865,107,92,15,15
31866,98,96,2,2
31867,81,78,3,3
31868,125,127,-2,2
31869,111,111,0,0
31870,50,59,-9,9
31871,102,102,0,0
31872,94,86,8,8
31873,57,61,-4,4
31874,110,109,1,1
31875,89,84,5,5
31876,69,68,1,1
31877,116,117,-1,1
31878,135,123,12,12
31879,76,73,3,3
31880,98,85,13,13
31881,72,71,1,1
31882,68,74,-6,6
31883,77,75,2,2
31884,125,139,-14,14
31885,115,108,7,7
31886,136,123,13,13
31887,80,77,3,3
31888,82,82,0,0
31889,76,82,-6,6
31890,82,78,4,4
31891,138,129,9,9
31892,108,101,7,7
31893,153,146,7,7
31894,76,77,-1,1
31895,100,93,7,7
31896,97,99,-2,2
31897,119,115,4,4
31898,35,48,-13,13
31899,39,44,-5,5
31900,102,100,2,2
31901,93,106,-13,13
31902,122,117,5,5
31903,88,84,4,4
31904,84,85,-1,1
31905,207,194,13,13
31906,67,71,-4,4
31907,111,114,-3,3
31908,75,77,-2,2
31909,112,105,7,7
31910,59,64,-5,5
31911,66,67,-1,1
31912,161,161,0,0
31913,80,87,-7,7
31914,64,75,-11,11
31915,123,86,37,37
31916,123,117,6,6
31917,144,142,2,2
31918,61,66,-5,5
31919,85,74,11,11
31920,100,95,5,5
31921,100,95,5,5
31922,65,62,3,3
31923,75,72,3,3
31924,104,96,8,8
31925,112,123,-11,11
31926,93,89,4,4
31927,69,67,2,2
31928,58,62,-4,4
31929,120,107,13,13
31930,131,119,12,12
31931,101,91,10,10
31932,156,154,2,2
31933,83,79,4,4
31934,62,66,-4,4
31935,94,97,-3,3
31936,87,92,-5,5
31937,182,169,13,13
31938,132,128,4,4
31939,100,103,-3,3
31940,74,75,-1,1
31941,57,66,-9,9
31942,95,97,-2,2
31943,64,60,4,4
31944,99,93,6,6
31945,102,113,-11,11
31946,144,134,10,10
31947,152,141,11,11
31948,66,66,0,0
31949,57,63,-6,6
31950,73,79,-6,6
31951,85,80,5,5
31952,111,102,9,9
31953,78,80,-2,2
31954,87,84,3,3
31955,58,66,-8,8
31956,125,122,3,3
31957,98,98,0,0
31958,127,121,6,6
31959,125,115,10,10
31960,107,110,-3,3
31961,57,67,-10,10
31962,161,149,12,12
31963,109,101,8,8
31964,110,100,10,10
31965,64,67,-3,3
31966,304,298,6,6
31967,75,74,1,1
31968,161,172,-11,11
31969,85,96,-11,11
31970,124,109,15,15
31971,53,60,-7,7
31972,98,102,-4,4
31973,124,125,-1,1
31974,67,66,1,1
31975,59,66,-7,7
31976,115,105,10,10
31977,91,84,7,7
31978,108,110,-2,2
31979,82,85,-3,3
31980,104,98,6,6
31981,65,75,-10,10
31982,107,104,3,3
31983,140,145,-5,5
31984,83,83,0,0
31985,128,146,-18,18
31986,65,63,2,2
31987,70,74,-4,4
31988,160,163,-3,3
31989,94,98,-4,4
31990,74,71,3,3
31991,99,102,-3,3
31992,105,103,2,2
31993,65,72,-7,7
31994,46,53,-7,7
31995,72,72,0,0
31996,53,55,-2,2
31997,110,110,0,0
31998,100,96,4,4
31999,65,71,-6,6
32000,102,99,3,3
32001,128,124,4,4
32002,90,85,5,5
32003,139,151,-12,12
32004,145,127,18,18
32005,89,83,6,6
32006,68,77,-9,9
32007,64,67,-3,3
32008,79,86,-7,7
32009,86,76,10,10
32010,60,70,-10,10
32011,101,92,9,9
32012,36,51,-15,15
32013,103,102,1,1
32014,52,56,-4,4
32015,152,150,2,2
32016,80,93,-13,13
32017,142,126,16,16
32018,129,117,12,12
32019,140,119,21,21
32020,49,58,-9,9
32021,147,148,-1,1
32022,100,91,9,9
32023,59,70,-11,11
32024,106,110,-4,4
32025,88,88,0,0
32026,86,89,-3,3
32027,106,98,8,8
32028,110,110,0,0
32029,43,39,4,4
32030,114,120,-6,6
32031,77,74,3,3
32032,103,105,-2,2
32033,125,124,1,1
32034,65,68,-3,3
32035,105,104,1,1
32036,98,114,-16,16
32037,132,147,-15,15
32038,119,120,-1,1
32039,80,80,0,0
32040,107,104,3,3
32041,94,84,10,10
32042,59,72,-13,13
32043,109,112,-3,3
32044,144,150,-6,6
32045,45,54,-9,9
32046,66,50,16,16
32047,122,123,-1,1
32048,88,86,2,2
32049,53,53,0,0
32050,58,69,-11,11
32051,68,71,-3,3
32052,104,98,6,6
32053,129,133,-4,4
32054,55,62,-7,7
32055,80,73,7,7
32056,100,112,-12,12
32057,64,75,-11,11
32058,150,147,3,3
32059,80,77,3,3
32060,96,90,6,6
32061,83,84,-1,1
32062,39,43,-4,4
32063,112,100,12,12
32064,146,139,7,7
32065,91,97,-6,6
32066,77,87,-10,10
32067,121,122,-1,1
32068,113,112,1,1
32069,132,140,-8,8
32070,102,104,-2,2
32071,71,68,3,3
32072,81,77,4,4
32073,60,72,-12,12
32074,112,101,11,11
32075,95,85,10,10
32076,116,110,6,6
32077,85,89,-4,4
32078,116,124,-8,8
32079,107,105,2,2
32080,156,144,12,12
32081,84,85,-1,1
32082,77,77,0,0
32083,111,102,9,9
32084,61,84,-23,23
32085,124,126,-2,2
32086,106,98,8,8
32087,116,114,2,2
32088,64,77,-13,13
32089,108,108,0,0
32090,76,76,0,0
32091,72,76,-4,4
32092,75,75,0,0
32093,66,68,-2,2
32094,128,135,-7,7
32095,189,167,22,22
32096,120,121,-1,1
32097,64,66,-2,2
32098,141,142,-1,1
32099,96,92,4,4
32100,170,166,4,4
32101,83,83,0,0
32102,101,104,-3,3
32103,81,87,-6,6
32104,43,53,-10,10
32105,150,146,4,4
32106,70,68,2,2
32107,89,79,10,10
32108,115,112,3,3
32109,103,102,1,1
32110,54,59,-5,5
32111,63,65,-2,2
32112,127,134,-7,7
32113,96,81,15,15
32114,79,97,-18,18
32115,83,84,-1,1
32116,108,105,3,3
32117,116,113,3,3
32118,121,115,6,6
32119,127,115,12,12
32120,109,113,-4,4
32121,96,100,-4,4
32122,82,80,2,2
32123,103,131,-28,28
32124,142,141,1,1
32125,161,148,13,13
32126,126,128,-2,2
32127,78,73,5,5
32128,157,158,-1,1
32129,63,70,-7,7
32130,64,68,-4,4
32131,90,84,6,6
32132,95,99,-4,4
32133,146,141,5,5
32134,56,58,-2,2
32135,48,50,-2,2
32136,68,70,-2,2
32137,94,97,-3,3
32138,87,83,4,4
32139,122,112,10,10
32140,126,114,12,12
32141,55,67,-12,12
32142,61,66,-5,5
32143,89,99,-10,10
32144,62,72,-10,10
32145,71,73,-2,2
32146,87,89,-2,2
32147,39,43,-4,4
32148,123,117,6,6
32149,79,86,-7,7
32150,109,101,8,8
32151,101,106,-5,5
32152,107,103,4,4
32153,114,112,2,2
32154,81,91,-10,10
32155,167,159,8,8
32156,71,73,-2,2
32157,65,73,-8,8
32158,76,73,3,3
32159,94,93,1,1
32160,162,152,10,10
32161,86,101,-15,15
32162,162,160,2,2
32163,50,55,-5,5
32164,109,102,7,7
32165,70,70,0,0
32166,69,70,-1,1
32167,36,32,4,4
32168,117,110,7,7
32169,104,91,13,13
32170,107,110,-3,3
32171,66,71,-5,5
32172,98,98,0,0
32173,113,116,-3,3
32174,57,64,-7,7
32175,117,115,2,2
32176,79,94,-15,15
32177,88,90,-2,2
32178,101,100,1,1
32179,98,101,-3,3
32180,164,185,-21,21
32181,108,108,0,0
32182,79,76,3,3
32183,77,84,-7,7
32184,81,81,0,0
32185,111,107,4,4
32186,108,106,2,2
32187,104,102,2,2
32188,51,49,2,2
32189,79,80,-1,1
32190,141,136,5,5
32191,105,105,0,0
32192,79,83,-4,4
32193,121,112,9,9
32194,85,93,-8,8
32195,60,65,-5,5
32196,76,75,1,1
32197,66,67,-1,1
32198,140,130,10,10
32199,115,102,13,13
32200,135,124,11,11
32201,137,146,-9,9
32202,108,116,-8,8
32203,56,64,-8,8
32204,145,141,4,4
32205,107,100,7,7
32206,75,74,1,1
32207,73,74,-1,1
32208,58,63,-5,5
32209,73,71,2,2
32210,100,99,1,1
32211,154,149,5,5
32212,89,85,4,4
32213,86,77,9,9
32214,218,193,25,25
32215,96,95,1,1
32216,72,76,-4,4
32217,136,149,-13,13
32218,197,191,6,6
32219,75,81,-6,6
32220,138,132,6,6
32221,112,117,-5,5
32222,97,103,-6,6
32223,50,60,-10,10
32224,144,134,10,10
32225,62,68,-6,6
32226,91,98,-7,7
32227,108,112,-4,4
32228,111,110,1,1
32229,154,145,9,9
32230,84,84,0,0
32231,181,176,5,5
32232,80,83,-3,3
32233,134,128,6,6
32234,78,89,-11,11
32235,243,223,20,20
32236,59,59,0,0
32237,83,73,10,10
32238,76,69,7,7
32239,88,85,3,3
32240,62,66,-4,4
32241,81,80,1,1
32242,127,127,0,0
32243,119,112,7,7
32244,70,77,-7,7
32245,114,101,13,13
32246,91,91,0,0
32247,120,109,11,11
32248,61,62,-1,1
32249,73,74,-1,1
32250,77,84,-7,7
32251,175,176,-1,1
32252,86,84,2,2
32253,125,119,6,6
32254,109,102,7,7
32255,90,100,-10,10
32256,71,74,-3,3
32257,64,67,-3,3
32258,91,84,7,7
32259,116,112,4,4
32260,63,62,1,1
32261,79,81,-2,2
32262,56,57,-1,1
32263,144,138,6,6
32264,130,114,16,16
32265,73,74,-1,1
32266,64,59,5,5
32267,146,128,18,18
32268,30,53,-23,23
32269,107,111,-4,4
32270,80,84,-4,4
32271,94,111,-17,17
32272,57,61,-4,4
32273,85,88,-3,3
32274,157,147,10,10
32275,131,132,-1,1
32276,170,147,23,23
32277,115,123,-8,8
32278,124,111,13,13
32279,83,84,-1,1
32280,139,135,4,4
32281,104,106,-2,2
32282,54,60,-6,6
32283,117,113,4,4
32284,84,95,-11,11
32285,97,91,6,6
32286,50,49,1,1
32287,57,71,-14,14
32288,84,82,2,2
32289,70,74,-4,4
32290,75,79,-4,4
32291,33,59,-26,26
32292,110,126,-16,16
32293,60,65,-5,5
32294,66,71,-5,5
32295,121,111,10,10
32296,97,99,-2,2
32297,128,121,7,7
32298,82,79,3,3
32299,110,108,2,2
32300,135,138,-3,3
32301,96,98,-2,2
32302,79,73,6,6
32303,82,75,7,7
32304,112,101,11,11
32305,119,123,-4,4
32306,113,93,20,20
32307,129,129,0,0
32308,30,29,1,1
32309,143,143,0,0
32310,48,55,-7,7
32311,70,73,-3,3
32312,66,98,-32,32
32313,117,122,-5,5
32314,49,56,-7,7
32315,73,74,-1,1
32316,104,111,-7,7
32317,78,93,-15,15
32318,94,100,-6,6
32319,39,45,-6,6
32320,163,155,8,8
32321,131,131,0,0
32322,78,84,-6,6
32323,107,115,-8,8
32324,40,49,-9,9
32325,83,81,2,2
32326,88,102,-14,14
32327,104,102,2,2
32328,116,108,8,8
32329,144,130,14,14
32330,93,96,-3,3
32331,89,87,2,2
32332,110,106,4,4
32333,62,88,-26,26
32334,100,98,2,2
32335,79,80,-1,1
32336,80,78,2,2
32337,120,121,-1,1
32338,84,104,-20,20
32339,88,92,-4,4
32340,132,144,-12,12
32341,93,89,4,4
32342,79,85,-6,6
32343,27,29,-2,2
32344,97,98,-1,1
32345,167,155,12,12
32346,146,155,-9,9
32347,45,48,-3,3
32348,53,56,-3,3
32349,57,62,-5,5
32350,40,50,-10,10
32351,77,90,-13,13
32352,120,117,3,3
32353,87,100,-13,13
32354,189,174,15,15
32355,84,90,-6,6
32356,68,67,1,1
32357,85,93,-8,8
32358,75,81,-6,6
32359,58,64,-6,6
32360,67,70,-3,3
32361,58,62,-4,4
32362,38,43,-5,5
32363,63,70,-7,7
32364,82,90,-8,8
32365,111,125,-14,14
32366,168,151,17,17
32367,67,69,-2,2
32368,92,94,-2,2
32369,43,41,2,2
32370,126,115,11,11
32371,94,94,0,0
32372,108,116,-8,8
32373,80,87,-7,7
32374,159,147,12,12
32375,101,83,18,18
32376,71,70,1,1
32377,77,82,-5,5
32378,53,58,-5,5
32379,96,101,-5,5
32380,144,129,15,15
32381,96,100,-4,4
32382,120,121,-1,1
32383,91,89,2,2
32384,57,69,-12,12
32385,95,100,-5,5
32386,114,117,-3,3
32387,115,123,-8,8
32388,63,60,3,3
32389,103,96,7,7
32390,213,198,15,15
32391,82,89,-7,7
32392,113,105,8,8
32393,75,77,-2,2
32394,122,126,-4,4
32395,82,70,12,12
32396,112,103,9,9
32397,114,112,2,2
32398,62,57,5,5
32399,145,130,15,15
32400,153,162,-9,9
32401,102,78,24,24
32402,65,71,-6,6
32403,79,68,11,11
32404,85,88,-3,3
32405,69,68,1,1
32406,69,75,-6,6
32407,106,101,5,5
32408,73,73,0,0
32409,95,88,7,7
32410,68,75,-7,7
32411,72,77,-5,5
32412,71,79,-8,8
32413,135,128,7,7
32414,115,110,5,5
32415,75,77,-2,2
32416,57,64,-7,7
32417,33,36,-3,3
32418,73,74,-1,1
32419,147,146,1,1
32420,100,101,-1,1
32421,81,81,0,0
32422,130,129,1,1
32423,63,66,-3,3
32424,75,77,-2,2
32425,97,104,-7,7
32426,80,87,-7,7
32427,67,70,-3,3
32428,135,134,1,1
32429,48,54,-6,6
32430,113,120,-7,7
32431,62,65,-3,3
32432,66,66,0,0
32433,62,57,5,5
32434,140,155,-15,15
32435,82,84,-2,2
32436,86,88,-2,2
32437,123,128,-5,5
32438,134,128,6,6
32439,63,70,-7,7
32440,142,135,7,7
32441,63,66,-3,3
32442,94,84,10,10
32443,72,77,-5,5
32444,146,137,9,9
32445,90,75,15,15
32446,57,63,-6,6
32447,51,66,-15,15
32448,64,69,-5,5
32449,80,85,-5,5
32450,105,102,3,3
32451,109,111,-2,2
32452,99,108,-9,9
32453,209,196,13,13
32454,82,76,6,6
32455,49,60,-11,11
32456,72,71,1,1
32457,62,65,-3,3
32458,50,61,-11,11
32459,153,154,-1,1
32460,140,131,9,9
32461,95,88,7,7
32462,81,79,2,2
32463,114,107,7,7
32464,130,127,3,3
32465,31,39,-8,8
32466,86,95,-9,9
32467,100,108,-8,8
32468,58,63,-5,5
32469,58,60,-2,2
32470,95,84,11,11
32471,121,122,-1,1
32472,83,83,0,0
32473,152,143,9,9
32474,138,142,-4,4
32475,128,130,-2,2
32476,92,105,-13,13
32477,64,72,-8,8
32478,72,77,-5,5
32479,110,114,-4,4
32480,57,60,-3,3
32481,99,95,4,4
32482,98,95,3,3
32483,73,84,-11,11
32484,53,62,-9,9
32485,55,71,-16,16
32486,61,65,-4,4
32487,239,208,31,31
32488,86,85,1,1
32489,133,115,18,18
32490,80,82,-2,2
32491,76,71,5,5
32492,79,74,5,5
32493,140,127,13,13
32494,97,100,-3,3
32495,74,66,8,8
32496,142,135,7,7
32497,82,82,0,0
32498,62,64,-2,2
32499,101,112,-11,11
32500,69,84,-15,15
32501,171,162,9,9
32502,69,76,-7,7
32503,72,73,-1,1
32504,93,91,2,2
32505,78,84,-6,6
32506,68,71,-3,3
32507,54,59,-5,5
32508,110,111,-1,1
32509,69,80,-11,11
32510,92,87,5,5
32511,65,67,-2,2
32512,28,29,-1,1
32513,65,70,-5,5
32514,69,65,4,4
32515,119,107,12,12
32516,78,76,2,2
32517,75,74,1,1
32518,70,69,1,1
32519,57,69,-12,12
32520,88,89,-1,1
32521,80,73,7,7
32522,113,113,0,0
32523,63,69,-6,6
32524,91,87,4,4
32525,141,125,16,16
32526,88,89,-1,1
32527,46,58,-12,12
32528,109,103,6,6
32529,98,102,-4,4
32530,177,165,12,12
32531,142,141,1,1
32532,56,64,-8,8
32533,166,150,16,16
32534,70,71,-1,1
32535,64,70,-6,6
32536,70,73,-3,3
32537,66,75,-9,9
32538,104,98,6,6
32539,131,118,13,13
32540,82,84,-2,2
32541,65,67,-2,2
32542,95,98,-3,3
32543,79,75,4,4
32544,86,83,3,3
32545,84,83,1,1
32546,103,92,11,11
32547,77,77,0,0
32548,125,116,9,9
32549,122,121,1,1
32550,64,65,-1,1
32551,95,106,-11,11
32552,79,82,-3,3
32553,67,67,0,0
32554,160,150,10,10
32555,103,104,-1,1
32556,114,113,1,1
32557,74,80,-6,6
32558,123,118,5,5
32559,50,62,-12,12
32560,53,61,-8,8
32561,195,197,-2,2
32562,71,74,-3,3
32563,171,152,19,19
32564,90,96,-6,6
32565,75,76,-1,1
32566,84,86,-2,2
32567,86,103,-17,17
32568,101,104,-3,3
32569,131,118,13,13
32570,159,145,14,14
32571,52,64,-12,12
32572,119,116,3,3
32573,85,83,2,2
32574,97,96,1,1
32575,73,79,-6,6
32576,54,65,-11,11
32577,73,71,2,2
32578,127,118,9,9
32579,164,162,2,2
32580,104,92,12,12
32581,57,60,-3,3
32582,40,54,-14,14
32583,103,103,0,0
32584,149,133,16,16
32585,105,100,5,5
32586,184,166,18,18
32587,74,73,1,1
32588,145,129,16,16
32589,74,80,-6,6
32590,83,99,-16,16
32591,82,77,5,5
32592,85,94,-9,9
32593,133,135,-2,2
32594,68,69,-1,1
32595,56,73,-17,17
32596,183,175,8,8
32597,66,69,-3,3
32598,115,126,-11,11
32599,86,85,1,1
32600,64,73,-9,9
32601,41,50,-9,9
32602,97,115,-18,18
32603,76,76,0,0
32604,64,68,-4,4
32605,67,70,-3,3
32606,92,85,7,7
32607,86,86,0,0
32608,86,87,-1,1
32609,114,112,2,2
32610,134,120,14,14
32611,80,74,6,6
32612,151,170,-19,19
32613,99,100,-1,1
32614,144,141,3,3
32615,118,112,6,6
32616,74,76,-2,2
32617,85,79,6,6
32618,51,65,-14,14
32619,57,65,-8,8
32620,152,147,5,5
32621,80,83,-3,3
32622,83,76,7,7
32623,69,68,1,1
32624,126,142,-16,16
32625,178,164,14,14
32626,101,110,-9,9
32627,110,109,1,1
32628,53,64,-11,11
32629,89,99,-10,10
32630,97,101,-4,4
32631,81,77,4,4
32632,87,84,3,3
32633,52,56,-4,4
32634,98,95,3,3
32635,109,105,4,4
32636,103,102,1,1
32637,90,75,15,15
32638,73,72,1,1
32639,157,154,3,3
32640,106,100,6,6
32641,144,139,5,5
32642,105,108,-3,3
32643,191,178,13,13
32644,79,76,3,3
32645,113,104,9,9
32646,66,69,-3,3
32647,62,80,-18,18
32648,71,81,-10,10
32649,93,94,-1,1
32650,90,77,13,13
32651,81,79,2,2
32652,97,106,-9,9
32653,43,62,-19,19
32654,150,134,16,16
32655,78,77,1,1
32656,122,110,12,12
32657,76,77,-1,1
32658,50,62,-12,12
32659,78,93,-15,15
32660,68,79,-11,11
32661,92,84,8,8
32662,65,75,-10,10
32663,112,107,5,5
32664,69,72,-3,3
32665,86,84,2,2
32666,73,72,1,1
32667,99,96,3,3
32668,99,94,5,5
32669,70,77,-7,7
32670,88,83,5,5
32671,66,68,-2,2
32672,123,113,10,10
32673,72,64,8,8
32674,120,130,-10,10
32675,51,63,-12,12
32676,68,64,4,4
32677,103,106,-3,3
32678,76,76,0,0
32679,77,85,-8,8
32680,143,156,-13,13
32681,128,128,0,0
32682,87,77,10,10
32683,47,52,-5,5
32684,119,114,5,5
32685,119,115,4,4
32686,52,61,-9,9
32687,123,100,23,23
32688,78,82,-4,4
32689,135,138,-3,3
32690,65,68,-3,3
32691,50,59,-9,9
32692,59,80,-21,21
32693,95,84,11,11
32694,74,88,-14,14
32695,127,111,16,16
32696,135,108,27,27
32697,80,79,1,1
32698,81,84,-3,3
32699,102,104,-2,2
32700,131,129,2,2
32701,96,86,10,10
32702,100,104,-4,4
32703,104,102,2,2
32704,112,116,-4,4
32705,103,95,8,8
32706,96,95,1,1
32707,86,81,5,5
32708,130,135,-5,5
32709,47,52,-5,5
32710,118,111,7,7
32711,81,80,1,1
32712,117,94,23,23
32713,77,78,-1,1
32714,129,123,6,6
32715,111,89,22,22
32716,131,123,8,8
32717,67,72,-5,5
32718,66,67,-1,1
32719,111,117,-6,6
32720,71,83,-12,12
32721,58,59,-1,1
32722,61,76,-15,15
32723,65,68,-3,3
32724,91,97,-6,6
32725,126,121,5,5
32726,79,66,13,13
32727,98,89,9,9
32728,83,106,-23,23
32729,46,54,-8,8
32730,71,73,-2,2
32731,56,69,-13,13
32732,74,71,3,3
32733,86,81,5,5
32734,125,120,5,5
32735,71,68,3,3
32736,62,66,-4,4
32737,96,68,28,28
32738,145,126,19,19
32739,73,71,2,2
32740,67,70,-3,3
32741,87,87,0,0
32742,79,71,8,8
32743,93,96,-3,3
32744,72,73,-1,1
32745,68,67,1,1
32746,72,73,-1,1
32747,132,122,10,10
32748,75,73,2,2
32749,86,87,-1,1
32750,101,97,4,4
32751,193,198,-5,5
32752,124,120,4,4
32753,96,86,10,10
32754,102,105,-3,3
32755,48,52,-4,4
32756,95,85,10,10
32757,172,172,0,0
32758,174,177,-3,3
32759,171,151,20,20
32760,64,64,0,0
32761,90,93,-3,3
32762,77,78,-1,1
32763,79,78,1,1
32764,82,81,1,1
32765,128,126,2,2
32766,96,101,-5,5
32767,88,90,-2,2
32768,78,79,-1,1
32769,115,120,-5,5
32770,75,82,-7,7
32771,132,127,5,5
32772,161,147,14,14
32773,117,107,10,10
32774,61,61,0,0
32775,84,74,10,10
32776,102,105,-3,3
32777,108,107,1,1
32778,108,120,-12,12
32779,156,155,1,1
32780,107,105,2,2
32781,74,71,3,3
32782,185,199,-14,14
32783,61,74,-13,13
32784,106,104,2,2
32785,73,76,-3,3
32786,83,74,9,9
32787,53,60,-7,7
32788,216,202,14,14
32789,90,87,3,3
32790,94,103,-9,9
32791,113,117,-4,4
32792,48,55,-7,7
32793,125,142,-17,17
32794,58,63,-5,5
32795,112,111,1,1
32796,91,83,8,8
32797,90,100,-10,10
32798,104,99,5,5
32799,59,66,-7,7
32800,74,77,-3,3
32801,99,107,-8,8
32802,76,84,-8,8
32803,101,100,1,1
32804,143,135,8,8
32805,66,71,-5,5
32806,108,92,16,16
32807,126,120,6,6
32808,102,95,7,7
32809,106,113,-7,7
32810,84,82,2,2
32811,133,127,6,6
32812,68,71,-3,3
32813,133,129,4,4
32814,91,91,0,0
32815,148,145,3,3
32816,131,129,2,2
32817,105,98,7,7
32818,111,127,-16,16
32819,50,58,-8,8
32820,118,109,9,9
32821,56,67,-11,11
32822,76,78,-2,2
32823,141,130,11,11
32824,162,155,7,7
32825,144,145,-1,1
32826,131,141,-10,10
32827,57,55,2,2
32828,105,112,-7,7
32829,74,72,2,2
32830,118,145,-27,27
32831,157,151,6,6
32832,105,103,2,2
32833,90,85,5,5
32834,96,103,-7,7
32835,161,164,-3,3
32836,83,79,4,4
32837,145,136,9,9
32838,55,61,-6,6
32839,113,125,-12,12
32840,72,76,-4,4
32841,199,195,4,4
32842,57,71,-14,14
32843,86,87,-1,1
32844,124,117,7,7
32845,59,75,-16,16
32846,65,59,6,6
32847,82,82,0,0
32848,127,125,2,2
32849,82,89,-7,7
32850,101,92,9,9
32851,105,100,5,5
32852,94,98,-4,4
32853,125,117,8,8
32854,96,79,17,17
32855,48,57,-9,9
32856,68,73,-5,5
32857,98,98,0,0
32858,152,142,10,10
32859,139,113,26,26
32860,80,85,-5,5
32861,113,112,1,1
32862,102,115,-13,13
32863,94,92,2,2
32864,56,66,-10,10
32865,112,112,0,0
32866,71,71,0,0
32867,163,162,1,1
32868,95,102,-7,7
32869,165,163,2,2
32870,100,102,-2,2
32871,104,101,3,3
32872,68,79,-11,11
32873,152,144,8,8
32874,62,73,-11,11
32875,56,62,-6,6
32876,87,93,-6,6
32877,48,55,-7,7
32878,85,83,2,2
32879,82,99,-17,17
32880,70,87,-17,17
32881,80,79,1,1
32882,100,106,-6,6
32883,158,147,11,11
32884,143,135,8,8
32885,76,75,1,1
32886,64,69,-5,5
32887,121,113,8,8
32888,72,76,-4,4
32889,53,58,-5,5
32890,202,187,15,15
32891,54,61,-7,7
32892,58,62,-4,4
32893,125,126,-1,1
32894,74,68,6,6
32895,58,105,-47,47
32896,144,144,0,0
32897,124,123,1,1
32898,84,85,-1,1
32899,27,64,-37,37
32900,84,78,6,6
32901,176,156,20,20
32902,44,55,-11,11
32903,66,71,-5,5
32904,73,83,-10,10
32905,71,86,-15,15
32906,42,73,-31,31
32907,61,83,-22,22
32908,71,69,2,2
32909,90,99,-9,9
32910,74,71,3,3
32911,109,101,8,8
32912,124,118,6,6
32913,94,93,1,1
32914,158,168,-10,10
32915,97,89,8,8
32916,73,69,4,4
32917,90,100,-10,10
32918,64,65,-1,1
32919,144,149,-5,5
32920,104,109,-5,5
32921,186,168,18,18
32922,102,97,5,5
32923,85,84,1,1
32924,96,101,-5,5
32925,122,117,5,5
32926,97,94,3,3
32927,96,95,1,1
32928,50,51,-1,1
32929,110,128,-18,18
32930,89,86,3,3
32931,98,94,4,4
32932,123,131,-8,8
32933,53,60,-7,7
32934,114,111,3,3
32935,152,156,-4,4
32936,146,152,-6,6
32937,134,125,9,9
32938,105,110,-5,5
32939,38,80,-42,42
32940,99,97,2,2
32941,107,103,4,4
32942,92,83,9,9
32943,120,120,0,0
32944,129,127,2,2
32945,95,91,4,4
32946,90,87,3,3
32947,103,103,0,0
32948,114,114,0,0
32949,59,66,-7,7
32950,36,29,7,7
32951,99,97,2,2
32952,76,76,0,0
32953,149,125,24,24
32954,106,89,17,17
32955,61,72,-11,11
32956,47,70,-23,23
32957,158,170,-12,12
32958,54,60,-6,6
32959,50,59,-9,9
32960,98,93,5,5
32961,94,86,8,8
32962,67,70,-3,3
32963,49,56,-7,7
32964,146,142,4,4
32965,135,124,11,11
32966,87,78,9,9
32967,98,108,-10,10
32968,59,63,-4,4
32969,86,82,4,4
32970,62,68,-6,6
32971,113,112,1,1
32972,93,94,-1,1
32973,75,84,-9,9
32974,83,79,4,4
32975,138,134,4,4
32976,67,71,-4,4
32977,84,77,7,7
32978,117,120,-3,3
32979,64,69,-5,5
32980,80,77,3,3
32981,85,85,0,0
32982,67,70,-3,3
32983,96,96,0,0
32984,72,75,-3,3
32985,63,76,-13,13
32986,151,136,15,15
32987,49,55,-6,6
32988,103,85,18,18
32989,32,36,-4,4
32990,70,67,3,3
32991,135,136,-1,1
32992,55,62,-7,7
32993,99,102,-3,3
32994,114,114,0,0
32995,82,76,6,6
32996,119,121,-2,2
32997,104,104,0,0
32998,123,113,10,10
32999,113,118,-5,5
33000,153,154,-1,1
33001,89,93,-4,4
33002,48,73,-25,25
33003,113,106,7,7
33004,83,84,-1,1
33005,129,120,9,9
33006,67,75,-8,8
33007,96,91,5,5
33008,92,94,-2,2
33009,103,100,3,3
33010,121,109,12,12
33011,48,62,-14,14
33012,98,88,10,10
33013,112,111,1,1
33014,107,109,-2,2
33015,92,81,11,11
33016,72,77,-5,5
33017,86,86,0,0
33018,86,84,2,2
33019,120,115,5,5
33020,65,70,-5,5
33021,86,81,5,5
33022,138,127,11,11
33023,74,83,-9,9
33024,60,66,-6,6
33025,125,114,11,11
33026,61,68,-7,7
33027,99,98,1,1
33028,150,144,6,6
33029,69,69,0,0
33030,41,39,2,2
33031,108,103,5,5
33032,163,168,-5,5
33033,121,115,6,6
33034,72,76,-4,4
33035,109,105,4,4
33036,133,135,-2,2
33037,74,78,-4,4
33038,119,123,-4,4
33039,77,76,1,1
33040,97,109,-12,12
33041,76,79,-3,3
33042,102,94,8,8
33043,88,81,7,7
33044,139,132,7,7
33045,93,94,-1,1
33046,171,165,6,6
33047,115,130,-15,15
33048,73,73,0,0
33049,102,98,4,4
33050,97,98,-1,1
33051,107,113,-6,6
33052,180,179,1,1
33053,78,77,1,1
33054,279,265,14,14
33055,86,96,-10,10
33056,80,80,0,0
33057,131,140,-9,9
33058,49,59,-10,10
33059,100,97,3,3
33060,53,65,-12,12
33061,116,111,5,5
33062,61,65,-4,4
33063,73,67,6,6
33064,70,67,3,3
33065,56,60,-4,4
33066,69,70,-1,1
33067,76,74,2,2
33068,57,65,-8,8
33069,36,33,3,3
33070,75,84,-9,9
33071,62,63,-1,1
33072,78,76,2,2
33073,112,112,0,0
33074,85,80,5,5
33075,164,146,18,18
33076,52,67,-15,15
33077,102,102,0,0
33078,34,30,4,4
33079,52,61,-9,9
33080,63,77,-14,14
33081,60,64,-4,4
33082,145,141,4,4
33083,74,79,-5,5
33084,106,113,-7,7
33085,53,58,-5,5
33086,114,118,-4,4
33087,135,142,-7,7
33088,119,118,1,1
33089,84,104,-20,20
33090,62,67,-5,5
33091,150,147,3,3
33092,178,202,-24,24
33093,125,126,-1,1
33094,125,126,-1,1
33095,56,65,-9,9
33096,83,85,-2,2
33097,79,90,-11,11
33098,66,70,-4,4
33099,62,65,-3,3
33100,77,81,-4,4
33101,113,113,0,0
33102,119,123,-4,4
33103,100,90,10,10
33104,121,121,0,0
33105,102,102,0,0
33106,106,118,-12,12
33107,67,67,0,0
33108,104,95,9,9
33109,133,133,0,0
33110,138,128,10,10
33111,62,73,-11,11
33112,110,122,-12,12
33113,140,131,9,9
33114,80,77,3,3
33115,103,106,-3,3
33116,114,108,6,6
33117,55,59,-4,4
33118,91,88,3,3
33119,38,51,-13,13
33120,89,77,12,12
33121,129,124,5,5
33122,30,67,-37,37
33123,103,100,3,3
33124,100,104,-4,4
33125,87,92,-5,5
33126,99,94,5,5
33127,87,84,3,3
33128,91,96,-5,5
33129,105,100,5,5
33130,104,101,3,3
33131,46,54,-8,8
33132,86,79,7,7
33133,59,74,-15,15
33134,135,140,-5,5
33135,47,56,-9,9
33136,108,95,13,13
33137,108,101,7,7
33138,120,124,-4,4
33139,50,76,-26,26
33140,102,124,-22,22
33141,129,138,-9,9
33142,82,122,-40,40
33143,141,127,14,14
33144,87,82,5,5
33145,108,108,0,0
33146,113,126,-13,13
33147,166,162,4,4
33148,82,82,0,0
33149,34,65,-31,31
33150,57,62,-5,5
33151,128,134,-6,6
33152,86,91,-5,5
33153,70,69,1,1
33154,106,102,4,4
33155,111,110,1,1
33156,89,101,-12,12
33157,28,29,-1,1
33158,102,104,-2,2
33159,159,137,22,22
33160,170,157,13,13
33161,98,101,-3,3
33162,77,81,-4,4
33163,118,122,-4,4
33164,96,91,5,5
33165,51,64,-13,13
33166,63,63,0,0
33167,70,72,-2,2
33168,99,113,-14,14
33169,58,61,-3,3
33170,60,65,-5,5
33171,78,81,-3,3
33172,45,61,-16,16
33173,89,102,-13,13
33174,69,74,-5,5
33175,84,90,-6,6
33176,73,72,1,1
33177,178,163,15,15
33178,63,72,-9,9
33179,108,105,3,3
33180,105,109,-4,4
33181,43,53,-10,10
33182,82,80,2,2
33183,76,81,-5,5
33184,143,127,16,16
33185,91,87,4,4
33186,63,68,-5,5
33187,136,130,6,6
33188,83,79,4,4
33189,128,121,7,7
33190,63,70,-7,7
33191,72,77,-5,5
33192,96,100,-4,4
33193,66,65,1,1
33194,89,102,-13,13
33195,74,70,4,4
33196,69,72,-3,3
33197,86,83,3,3
33198,105,102,3,3
33199,92,98,-6,6
33200,49,61,-12,12
33201,151,133,18,18
33202,87,99,-12,12
33203,86,85,1,1
33204,55,59,-4,4
33205,113,127,-14,14
33206,96,97,-1,1
33207,84,83,1,1
33208,102,102,0,0
33209,85,91,-6,6
33210,141,140,1,1
33211,90,77,13,13
33212,57,62,-5,5
33213,80,85,-5,5
33214,111,108,3,3
33215,82,124,-42,42
33216,85,86,-1,1
33217,85,80,5,5
33218,67,70,-3,3
33219,86,79,7,7
33220,102,95,7,7
33221,71,72,-1,1
33222,130,155,-25,25
33223,76,82,-6,6
33224,70,74,-4,4
33225,86,95,-9,9
33226,55,53,2,2
33227,97,100,-3,3
33228,98,119,-21,21
33229,70,65,5,5
33230,102,100,2,2
33231,79,72,7,7
33232,104,101,3,3
33233,70,66,4,4
33234,94,89,5,5
33235,103,104,-1,1
33236,102,112,-10,10
33237,102,99,3,3
33238,67,69,-2,2
33239,165,160,5,5
33240,73,90,-17,17
33241,149,134,15,15
33242,92,88,4,4
33243,57,70,-13,13
33244,76,69,7,7
33245,129,121,8,8
33246,66,72,-6,6
33247,132,124,8,8
33248,108,102,6,6
33249,162,180,-18,18
33250,104,100,4,4
33251,98,110,-12,12
33252,81,79,2,2
33253,106,112,-6,6
33254,134,140,-6,6
33255,118,120,-2,2
33256,156,140,16,16
33257,73,73,0,0
33258,106,111,-5,5
33259,64,65,-1,1
33260,66,66,0,0
33261,126,112,14,14
33262,103,108,-5,5
33263,57,63,-6,6
33264,158,164,-6,6
33265,103,100,3,3
33266,103,103,0,0
33267,172,170,2,2
33268,137,136,1,1
33269,95,91,4,4
33270,127,119,8,8
33271,87,84,3,3
33272,136,118,18,18
33273,51,59,-8,8
33274,95,93,2,2
33275,100,103,-3,3
33276,140,133,7,7
33277,102,112,-10,10
33278,69,71,-2,2
33279,148,143,5,5
33280,121,135,-14,14
33281,133,132,1,1
33282,106,112,-6,6
33283,95,91,4,4
33284,71,84,-13,13
33285,148,149,-1,1
33286,188,182,6,6
33287,111,111,0,0
33288,88,93,-5,5
33289,71,83,-12,12
33290,83,85,-2,2
33291,44,55,-11,11
33292,69,70,-1,1
33293,44,50,-6,6
33294,111,107,4,4
33295,105,112,-7,7
33296,76,79,-3,3
33297,95,96,-1,1
33298,181,179,2,2
33299,128,117,11,11
33300,81,77,4,4
33301,175,157,18,18
33302,57,61,-4,4
33303,70,70,0,0
33304,77,71,6,6
33305,61,66,-5,5
33306,108,114,-6,6
33307,69,74,-5,5
33308,61,64,-3,3
33309,116,110,6,6
33310,50,58,-8,8
33311,95,86,9,9
33312,62,72,-10,10
33313,161,151,10,10
33314,101,105,-4,4
33315,84,82,2,2
33316,87,92,-5,5
33317,71,75,-4,4
33318,56,65,-9,9
33319,77,77,0,0
33320,100,117,-17,17
33321,74,79,-5,5
33322,59,70,-11,11
33323,117,113,4,4
33324,102,100,2,2
33325,97,98,-1,1
33326,77,76,1,1
33327,128,136,-8,8
33328,89,86,3,3
33329,67,71,-4,4
33330,69,75,-6,6
33331,104,106,-2,2
33332,55,64,-9,9
33333,62,67,-5,5
33334,101,98,3,3
33335,78,80,-2,2
33336,86,76,10,10
33337,81,79,2,2
33338,104,97,7,7
33339,57,60,-3,3
33340,101,89,12,12
33341,84,80,4,4
33342,73,80,-7,7
33343,106,109,-3,3
33344,102,113,-11,11
33345,71,78,-7,7
33346,144,145,-1,1
33347,131,117,14,14
33348,82,73,9,9
33349,83,76,7,7
33350,169,164,5,5
33351,70,70,0,0
33352,158,151,7,7
33353,162,139,23,23
33354,104,101,3,3
33355,52,49,3,3
33356,59,61,-2,2
33357,70,75,-5,5
33358,112,121,-9,9
33359,106,98,8,8
33360,130,123,7,7
33361,111,102,9,9
33362,117,108,9,9
33363,118,128,-10,10
33364,74,82,-8,8
33365,52,58,-6,6
33366,97,112,-15,15
33367,72,75,-3,3
33368,84,78,6,6
33369,50,58,-8,8
33370,101,101,0,0
33371,52,60,-8,8
33372,85,86,-1,1
33373,90,87,3,3
33374,66,74,-8,8
33375,132,118,14,14
33376,91,97,-6,6
33377,46,58,-12,12
33378,36,46,-10,10
33379,94,97,-3,3
33380,65,67,-2,2
33381,85,84,1,1
33382,78,76,2,2
33383,140,150,-10,10
33384,79,80,-1,1
33385,108,107,1,1
33386,84,83,1,1
33387,89,88,1,1
33388,119,111,8,8
33389,52,54,-2,2
33390,130,119,11,11
33391,57,57,0,0
33392,128,122,6,6
33393,106,98,8,8
33394,65,62,3,3
33395,75,81,-6,6
33396,153,159,-6,6
33397,42,48,-6,6
33398,70,71,-1,1
33399,157,154,3,3
33400,153,149,4,4
33401,93,85,8,8
33402,85,83,2,2
33403,70,78,-8,8
33404,84,90,-6,6
33405,61,64,-3,3
33406,80,80,0,0
33407,60,62,-2,2
33408,60,64,-4,4
33409,122,118,4,4
33410,87,87,0,0
33411,207,169,38,38
33412,102,106,-4,4
33413,52,65,-13,13
33414,75,77,-2,2
33415,62,65,-3,3
33416,82,90,-8,8
33417,144,126,18,18
33418,130,135,-5,5
33419,90,77,13,13
33420,71,76,-5,5
33421,77,72,5,5
33422,72,73,-1,1
33423,46,54,-8,8
33424,55,66,-11,11
33425,64,104,-40,40
33426,73,71,2,2
33427,76,82,-6,6
33428,100,103,-3,3
33429,108,101,7,7
33430,130,124,6,6
33431,136,126,10,10
33432,89,90,-1,1
33433,79,85,-6,6
33434,110,102,8,8
33435,125,128,-3,3
33436,79,88,-9,9
33437,32,29,3,3
33438,97,124,-27,27
33439,135,131,4,4
33440,93,96,-3,3
33441,111,112,-1,1
33442,87,101,-14,14
33443,131,118,13,13
33444,72,72,0,0
33445,72,81,-9,9
33446,192,170,22,22
33447,129,117,12,12
33448,102,100,2,2
33449,86,76,10,10
33450,134,122,12,12
33451,157,154,3,3
33452,75,78,-3,3
33453,93,95,-2,2
33454,96,98,-2,2
33455,105,108,-3,3
33456,110,109,1,1
33457,137,126,11,11
33458,194,193,1,1
33459,82,80,2,2
33460,102,114,-12,12
33461,92,94,-2,2
33462,119,101,18,18
33463,113,108,5,5
33464,85,85,0,0
33465,66,72,-6,6
33466,145,140,5,5
33467,112,114,-2,2
33468,133,133,0,0
33469,113,101,12,12
33470,175,153,22,22
33471,113,119,-6,6
33472,59,62,-3,3
33473,97,102,-5,5
33474,74,74,0,0
33475,53,56,-3,3
33476,108,109,-1,1
33477,133,119,14,14
33478,46,53,-7,7
33479,135,124,11,11
33480,111,106,5,5
33481,117,112,5,5
33482,69,72,-3,3
33483,175,158,17,17
33484,83,80,3,3
33485,80,83,-3,3
33486,95,106,-11,11
33487,80,80,0,0
33488,71,74,-3,3
33489,61,64,-3,3
33490,83,84,-1,1
33491,168,156,12,12
33492,78,77,1,1
33493,79,87,-8,8
33494,112,120,-8,8
33495,73,75,-2,2
33496,71,84,-13,13
33497,86,86,0,0
33498,105,114,-9,9
33499,103,99,4,4
33500,81,80,1,1
33501,70,74,-4,4
33502,107,98,9,9
33503,150,151,-1,1
33504,70,66,4,4
33505,80,84,-4,4
33506,48,63,-15,15
33507,100,108,-8,8
33508,52,66,-14,14
33509,97,99,-2,2
33510,172,165,7,7
33511,28,29,-1,1
33512,42,77,-35,35
33513,120,117,3,3
33514,60,68,-8,8
33515,118,107,11,11
33516,175,163,12,12
33517,69,72,-3,3
33518,50,57,-7,7
33519,90,92,-2,2
33520,109,107,2,2
33521,63,73,-10,10
33522,63,68,-5,5
33523,54,60,-6,6
33524,115,116,-1,1
33525,61,67,-6,6
33526,91,97,-6,6
33527,76,94,-18,18
33528,72,78,-6,6
33529,64,69,-5,5
33530,47,50,-3,3
33531,67,67,0,0
33532,111,107,4,4
33533,102,129,-27,27
33534,68,67,1,1
33535,101,86,15,15
33536,154,135,19,19
33537,71,75,-4,4
33538,77,75,2,2
33539,74,74,0,0
33540,95,100,-5,5
33541,98,98,0,0
33542,87,82,5,5
33543,134,133,1,1
33544,118,114,4,4
33545,146,142,4,4
33546,82,98,-16,16
33547,85,72,13,13
33548,68,92,-24,24
33549,62,65,-3,3
33550,79,69,10,10
33551,33,30,3,3
33552,130,118,12,12
33553,88,76,12,12
33554,132,129,3,3
33555,69,77,-8,8
33556,98,91,7,7
33557,113,97,16,16
33558,84,88,-4,4
33559,78,76,2,2
33560,121,114,7,7
33561,69,73,-4,4
33562,70,83,-13,13
33563,89,97,-8,8
33564,97,96,1,1
33565,89,89,0,0
33566,128,124,4,4
33567,149,145,4,4
33568,115,111,4,4
33569,68,74,-6,6
33570,44,45,-1,1
33571,36,43,-7,7
33572,64,81,-17,17
33573,75,69,6,6
33574,85,83,2,2
33575,90,95,-5,5
33576,98,113,-15,15
33577,110,100,10,10
33578,91,99,-8,8
33579,179,165,14,14
33580,97,83,14,14
33581,65,71,-6,6
33582,111,120,-9,9
33583,191,172,19,19
33584,181,161,20,20
33585,58,69,-11,11
33586,90,76,14,14
33587,101,95,6,6
33588,164,143,21,21
33589,117,107,10,10
33590,84,93,-9,9
33591,112,107,5,5
33592,117,108,9,9
33593,80,81,-1,1
33594,150,137,13,13
33595,94,96,-2,2
33596,115,119,-4,4
33597,157,144,13,13
33598,69,76,-7,7
33599,61,65,-4,4
33600,97,99,-2,2
33601,74,77,-3,3
33602,90,94,-4,4
33603,59,62,-3,3
33604,121,104,17,17
33605,102,93,9,9
33606,107,114,-7,7
33607,102,111,-9,9
33608,256,266,-10,10
33609,75,79,-4,4
33610,80,82,-2,2
33611,67,73,-6,6
33612,122,117,5,5
33613,65,64,1,1
33614,74,80,-6,6
33615,86,86,0,0
33616,206,199,7,7
33617,139,144,-5,5
33618,76,76,0,0
33619,186,175,11,11
33620,111,112,-1,1
33621,80,72,8,8
33622,148,145,3,3
33623,76,83,-7,7
33624,123,146,-23,23
33625,79,99,-20,20
33626,118,112,6,6
33627,51,58,-7,7
33628,88,105,-17,17
33629,157,154,3,3
33630,84,87,-3,3
33631,129,120,9,9
33632,131,115,16,16
33633,74,95,-21,21
33634,93,96,-3,3
33635,88,90,-2,2
33636,74,83,-9,9
33637,102,99,3,3
33638,143,136,7,7
33639,67,68,-1,1
33640,197,195,2,2
33641,98,91,7,7
33642,117,105,12,12
33643,120,121,-1,1
33644,118,122,-4,4
33645,63,55,8,8
33646,139,141,-2,2
33647,144,147,-3,3
33648,96,93,3,3
33649,110,95,15,15
33650,121,121,0,0
33651,68,78,-10,10
33652,84,107,-23,23
33653,118,116,2,2
33654,96,98,-2,2
33655,78,83,-5,5
33656,27,29,-2,2
33657,157,147,10,10
33658,137,127,10,10
33659,107,107,0,0
33660,95,95,0,0
33661,45,62,-17,17
33662,69,101,-32,32
33663,196,177,19,19
33664,108,93,15,15
33665,88,83,5,5
33666,199,179,20,20
33667,111,117,-6,6
33668,179,166,13,13
33669,157,154,3,3
33670,82,73,9,9
33671,77,73,4,4
33672,56,56,0,0
33673,63,71,-8,8
33674,196,184,12,12
33675,89,96,-7,7
33676,126,121,5,5
33677,39,32,7,7
33678,80,88,-8,8
33679,97,96,1,1
33680,85,80,5,5
33681,58,59,-1,1
33682,132,125,7,7
33683,54,71,-17,17
33684,99,97,2,2
33685,91,95,-4,4
33686,75,72,3,3
33687,57,69,-12,12
33688,66,73,-7,7
33689,105,114,-9,9
33690,51,52,-1,1
33691,134,125,9,9
33692,27,29,-2,2
33693,71,68,3,3
33694,65,64,1,1
33695,112,95,17,17
33696,100,108,-8,8
33697,56,60,-4,4
33698,74,75,-1,1
33699,137,130,7,7
33700,96,102,-6,6
33701,113,124,-11,11
33702,56,63,-7,7
33703,91,95,-4,4
33704,179,178,1,1
33705,54,57,-3,3
33706,90,97,-7,7
33707,92,91,1,1
33708,87,80,7,7
33709,122,114,8,8
33710,150,136,14,14
33711,90,86,4,4
33712,98,95,3,3
33713,59,66,-7,7
33714,122,123,-1,1
33715,150,150,0,0
33716,74,73,1,1
33717,65,72,-7,7
33718,53,63,-10,10
33719,93,90,3,3
33720,108,103,5,5
33721,70,79,-9,9
33722,135,128,7,7
33723,87,98,-11,11
33724,65,76,-11,11
33725,55,53,2,2
33726,40,48,-8,8
33727,88,82,6,6
33728,168,155,13,13
33729,37,36,1,1
33730,80,73,7,7
33731,92,82,10,10
33732,157,143,14,14
33733,121,122,-1,1
33734,119,122,-3,3
33735,131,109,22,22
33736,112,103,9,9
33737,71,83,-12,12
33738,73,74,-1,1
33739,99,95,4,4
33740,81,75,6,6
33741,70,74,-4,4
33742,91,86,5,5
33743,63,67,-4,4
33744,65,66,-1,1
33745,92,100,-8,8
33746,83,77,6,6
33747,62,68,-6,6
33748,137,136,1,1
33749,194,177,17,17
33750,104,98,6,6
33751,136,132,4,4
33752,149,145,4,4
33753,109,109,0,0
33754,70,71,-1,1
33755,121,115,6,6
33756,73,75,-2,2
33757,97,92,5,5
33758,105,98,7,7
33759,131,126,5,5
33760,118,113,5,5
33761,97,94,3,3
33762,49,54,-5,5
33763,110,110,0,0
33764,87,94,-7,7
33765,107,107,0,0
33766,72,72,0,0
33767,173,167,6,6
33768,117,117,0,0
33769,91,100,-9,9
33770,93,79,14,14
33771,34,29,5,5
33772,75,72,3,3
33773,110,113,-3,3
33774,76,87,-11,11
33775,122,156,-34,34
33776,94,97,-3,3
33777,60,65,-5,5
33778,96,99,-3,3
33779,92,97,-5,5
33780,155,144,11,11
33781,116,107,9,9
33782,113,112,1,1
33783,70,66,4,4
33784,127,130,-3,3
33785,104,115,-11,11
33786,103,106,-3,3
33787,66,64,2,2
33788,58,64,-6,6
33789,47,62,-15,15
33790,124,127,-3,3
33791,47,48,-1,1
33792,134,124,10,10
33793,126,114,12,12
33794,133,133,0,0
33795,101,103,-2,2
33796,48,53,-5,5
33797,69,76,-7,7
33798,62,64,-2,2
33799,112,103,9,9
33800,124,130,-6,6
33801,68,68,0,0
33802,70,70,0,0
33803,98,100,-2,2
33804,61,76,-15,15
33805,98,105,-7,7
33806,128,116,12,12
33807,112,111,1,1
33808,62,70,-8,8
33809,106,98,8,8
33810,90,83,7,7
33811,57,62,-5,5
33812,127,125,2,2
33813,83,78,5,5
33814,123,122,1,1
33815,99,94,5,5
33816,114,119,-5,5
33817,124,129,-5,5
33818,63,68,-5,5
33819,169,163,6,6
33820,86,85,1,1
33821,97,97,0,0
33822,95,90,5,5
33823,97,93,4,4
33824,120,110,10,10
33825,100,100,0,0
33826,127,133,-6,6
33827,65,71,-6,6
33828,74,76,-2,2
33829,146,142,4,4
33830,93,96,-3,3
33831,76,77,-1,1
33832,127,123,4,4
33833,61,65,-4,4
33834,81,85,-4,4
33835,132,110,22,22
33836,69,61,8,8
33837,56,69,-13,13
33838,103,100,3,3
33839,110,113,-3,3
33840,102,102,0,0
33841,74,71,3,3
33842,111,113,-2,2
33843,74,73,1,1
33844,58,63,-5,5
33845,96,102,-6,6
33846,67,73,-6,6
33847,57,63,-6,6
33848,104,97,7,7
33849,60,71,-11,11
33850,50,64,-14,14
33851,120,118,2,2
33852,73,75,-2,2
33853,45,51,-6,6
33854,95,99,-4,4
33855,125,129,-4,4
33856,106,105,1,1
33857,80,76,4,4
33858,138,133,5,5
33859,105,107,-2,2
33860,100,93,7,7
33861,89,86,3,3
33862,161,139,22,22
33863,115,120,-5,5
33864,109,103,6,6
33865,120,113,7,7
33866,64,66,-2,2
33867,85,85,0,0
33868,139,139,0,0
33869,56,65,-9,9
33870,100,106,-6,6
33871,61,66,-5,5
33872,87,92,-5,5
33873,78,72,6,6
33874,135,126,9,9
33875,149,150,-1,1
33876,123,121,2,2
33877,114,100,14,14
33878,106,113,-7,7
33879,121,108,13,13
33880,103,114,-11,11
33881,133,136,-3,3
33882,83,82,1,1
33883,90,83,7,7
33884,43,45,-2,2
33885,195,183,12,12
33886,82,78,4,4
33887,121,117,4,4
33888,77,78,-1,1
33889,80,83,-3,3
33890,56,64,-8,8
33891,70,69,1,1
33892,57,62,-5,5
33893,98,102,-4,4
33894,85,85,0,0
33895,102,102,0,0
33896,114,102,12,12
33897,153,141,12,12
33898,61,63,-2,2
33899,99,99,0,0
33900,77,75,2,2
33901,89,76,13,13
33902,79,73,6,6
33903,108,116,-8,8
33904,102,84,18,18
33905,54,64,-10,10
33906,101,99,2,2
33907,131,122,9,9
33908,56,66,-10,10
33909,110,104,6,6
33910,78,73,5,5
33911,153,142,11,11
33912,73,77,-4,4
33913,105,98,7,7
33914,57,73,-16,16
33915,95,108,-13,13
33916,56,67,-11,11
33917,107,100,7,7
33918,62,79,-17,17
33919,157,151,6,6
33920,94,89,5,5
33921,84,73,11,11
33922,131,128,3,3
33923,75,74,1,1
33924,122,119,3,3
33925,114,125,-11,11
33926,61,63,-2,2
33927,137,153,-16,16
33928,72,73,-1,1
33929,115,100,15,15
33930,49,84,-35,35
33931,98,91,7,7
33932,114,119,-5,5
33933,79,80,-1,1
33934,75,72,3,3
33935,111,94,17,17
33936,84,85,-1,1
33937,61,63,-2,2
33938,70,76,-6,6
33939,103,105,-2,2
33940,119,108,11,11
33941,62,67,-5,5
33942,94,83,11,11
33943,161,152,9,9
33944,253,225,28,28
33945,112,115,-3,3
33946,63,74,-11,11
33947,90,86,4,4
33948,124,123,1,1
33949,85,75,10,10
33950,167,162,5,5
33951,115,99,16,16
33952,113,104,9,9
33953,95,96,-1,1
33954,93,90,3,3
33955,138,123,15,15
33956,74,76,-2,2
33957,52,59,-7,7
33958,104,104,0,0
33959,143,138,5,5
33960,74,82,-8,8
33961,69,71,-2,2
33962,133,130,3,3
33963,82,79,3,3
33964,98,90,8,8
33965,77,76,1,1
33966,142,143,-1,1
33967,84,87,-3,3
33968,95,103,-8,8
33969,83,79,4,4
33970,114,100,14,14
33971,53,76,-23,23
33972,91,84,7,7
33973,122,128,-6,6
33974,89,113,-24,24
33975,81,87,-6,6
33976,110,113,-3,3
33977,96,90,6,6
33978,119,112,7,7
33979,80,85,-5,5
33980,108,100,8,8
33981,71,70,1,1
33982,80,76,4,4
33983,157,159,-2,2
33984,85,72,13,13
33985,47,58,-11,11
33986,68,65,3,3
33987,86,75,11,11
33988,71,72,-1,1
33989,64,65,-1,1
33990,65,68,-3,3
33991,155,159,-4,4
33992,108,118,-10,10
33993,188,176,12,12
33994,109,108,1,1
33995,64,72,-8,8
33996,120,145,-25,25
33997,72,74,-2,2
33998,55,62,-7,7
33999,69,68,1,1
34000,186,178,8,8
34001,96,111,-15,15
34002,77,83,-6,6
34003,83,84,-1,1
34004,79,75,4,4
34005,55,70,-15,15
34006,155,146,9,9
34007,91,91,0,0
34008,48,62,-14,14
34009,122,124,-2,2
34010,75,87,-12,12
34011,109,111,-2,2
34012,110,107,3,3
34013,79,77,2,2
34014,69,70,-1,1
34015,78,84,-6,6
34016,129,129,0,0
34017,131,128,3,3
34018,45,55,-10,10
34019,96,89,7,7
34020,105,126,-21,21
34021,128,129,-1,1
34022,139,134,5,5
34023,116,107,9,9
34024,81,79,2,2
34025,77,82,-5,5
34026,100,99,1,1
34027,68,67,1,1
34028,70,76,-6,6
34029,222,246,-24,24
34030,22,29,-7,7
34031,121,118,3,3
34032,67,72,-5,5
34033,87,80,7,7
34034,58,60,-2,2
34035,69,80,-11,11
34036,71,83,-12,12
34037,54,68,-14,14
34038,60,61,-1,1
34039,87,86,1,1
34040,101,98,3,3
34041,61,64,-3,3
34042,141,127,14,14
34043,121,126,-5,5
34044,102,98,4,4
34045,78,81,-3,3
34046,96,113,-17,17
34047,56,57,-1,1
34048,101,89,12,12
34049,64,69,-5,5
34050,55,66,-11,11
34051,89,79,10,10
34052,84,78,6,6
34053,90,87,3,3
34054,166,153,13,13
34055,85,114,-29,29
34056,94,92,2,2
34057,130,133,-3,3
34058,146,155,-9,9
34059,77,95,-18,18
34060,97,94,3,3
34061,102,97,5,5
34062,150,153,-3,3
34063,104,101,3,3
34064,90,87,3,3
34065,70,70,0,0
34066,45,50,-5,5
34067,76,72,4,4
34068,90,111,-21,21
34069,63,58,5,5
34070,123,120,3,3
34071,91,78,13,13
34072,102,89,13,13
34073,120,113,7,7
34074,48,71,-23,23
34075,42,55,-13,13
34076,85,86,-1,1
34077,67,67,0,0
34078,73,63,10,10
34079,67,70,-3,3
34080,87,89,-2,2
34081,172,145,27,27
34082,128,134,-6,6
34083,116,117,-1,1
34084,102,97,5,5
34085,134,132,2,2
34086,94,105,-11,11
34087,55,63,-8,8
34088,175,180,-5,5
34089,71,72,-1,1
34090,53,64,-11,11
34091,92,99,-7,7
34092,111,108,3,3
34093,120,126,-6,6
34094,107,117,-10,10
34095,48,50,-2,2
34096,85,79,6,6
34097,122,142,-20,20
34098,90,97,-7,7
34099,70,68,2,2
34100,63,66,-3,3
34101,110,105,5,5
34102,56,64,-8,8
34103,96,102,-6,6
34104,79,83,-4,4
34105,56,62,-6,6
34106,115,106,9,9
34107,60,71,-11,11
34108,59,63,-4,4
34109,74,73,1,1
34110,110,115,-5,5
34111,99,113,-14,14
34112,106,107,-1,1
34113,62,58,4,4
34114,93,92,1,1
34115,59,62,-3,3
34116,88,79,9,9
34117,75,89,-14,14
34118,78,73,5,5
34119,67,73,-6,6
34120,118,114,4,4
34121,66,65,1,1
34122,69,71,-2,2
34123,110,99,11,11
34124,102,103,-1,1
34125,127,126,1,1
34126,99,102,-3,3
34127,127,131,-4,4
34128,97,84,13,13
34129,52,53,-1,1
34130,56,66,-10,10
34131,64,63,1,1
34132,111,105,6,6
34133,114,112,2,2
34134,162,148,14,14
34135,56,72,-16,16
34136,35,36,-1,1
34137,83,83,0,0
34138,151,154,-3,3
34139,77,79,-2,2
34140,65,72,-7,7
34141,67,69,-2,2
34142,81,79,2,2
34143,56,62,-6,6
34144,67,68,-1,1
34145,59,59,0,0
34146,142,124,18,18
34147,79,79,0,0
34148,104,104,0,0
34149,68,74,-6,6
34150,67,76,-9,9
34151,56,63,-7,7
34152,66,69,-3,3
34153,31,29,2,2
34154,121,112,9,9
34155,115,113,2,2
34156,68,67,1,1
34157,103,106,-3,3
34158,71,76,-5,5
34159,115,122,-7,7
34160,122,111,11,11
34161,99,95,4,4
34162,112,112,0,0
34163,215,224,-9,9
34164,68,74,-6,6
34165,84,79,5,5
34166,82,80,2,2
34167,82,84,-2,2
34168,95,93,2,2
34169,80,82,-2,2
34170,121,114,7,7
34171,103,94,9,9
34172,74,78,-4,4
34173,59,64,-5,5
34174,106,103,3,3
34175,62,61,1,1
34176,49,55,-6,6
34177,62,68,-6,6
34178,151,147,4,4
34179,178,154,24,24
34180,96,98,-2,2
34181,91,95,-4,4
34182,74,73,1,1
34183,78,83,-5,5
34184,95,116,-21,21
34185,109,107,2,2
34186,59,65,-6,6
34187,64,60,4,4
34188,122,109,13,13
34189,106,106,0,0
34190,137,132,5,5
34191,79,76,3,3
34192,45,56,-11,11
34193,96,89,7,7
34194,53,57,-4,4
34195,121,113,8,8
34196,138,137,1,1
34197,107,99,8,8
34198,90,89,1,1
34199,83,82,1,1
34200,65,67,-2,2
34201,68,78,-10,10
34202,50,56,-6,6
34203,44,71,-27,27
34204,78,82,-4,4
34205,74,76,-2,2
34206,67,69,-2,2
34207,116,105,11,11
34208,50,53,-3,3
34209,100,94,6,6
34210,52,60,-8,8
34211,70,68,2,2
34212,92,94,-2,2
34213,130,124,6,6
34214,139,146,-7,7
34215,96,91,5,5
34216,98,91,7,7
34217,49,54,-5,5
34218,90,82,8,8
34219,103,113,-10,10
34220,39,54,-15,15
34221,172,152,20,20
34222,104,96,8,8
34223,63,66,-3,3
34224,78,74,4,4
34225,65,70,-5,5
34226,58,60,-2,2
34227,140,140,0,0
34228,95,103,-8,8
34229,77,74,3,3
34230,122,115,7,7
34231,63,57,6,6
34232,26,29,-3,3
34233,78,77,1,1
34234,60,69,-9,9
34235,80,80,0,0
34236,96,98,-2,2
34237,62,67,-5,5
34238,77,83,-6,6
34239,101,95,6,6
34240,103,105,-2,2
34241,87,93,-6,6
34242,132,129,3,3
34243,223,195,28,28
34244,117,108,9,9
34245,151,139,12,12
34246,87,97,-10,10
34247,103,101,2,2
34248,59,67,-8,8
34249,150,134,16,16
34250,100,94,6,6
34251,92,83,9,9
34252,65,77,-12,12
34253,72,72,0,0
34254,48,53,-5,5
34255,114,111,3,3
34256,63,60,3,3
34257,139,134,5,5
34258,86,85,1,1
34259,96,83,13,13
34260,80,82,-2,2
34261,126,113,13,13
34262,112,109,3,3
34263,99,112,-13,13
34264,83,76,7,7
34265,62,64,-2,2
34266,53,68,-15,15
34267,40,50,-10,10
34268,103,103,0,0
34269,87,88,-1,1
34270,66,70,-4,4
34271,116,106,10,10
34272,107,99,8,8
34273,121,121,0,0
34274,114,101,13,13
34275,111,110,1,1
34276,105,108,-3,3
34277,103,105,-2,2
34278,106,95,11,11
34279,126,124,2,2
34280,104,102,2,2
34281,77,73,4,4
34282,114,114,0,0
34283,77,78,-1,1
34284,83,81,2,2
34285,78,90,-12,12
34286,81,83,-2,2
34287,64,67,-3,3
34288,134,126,8,8
34289,78,80,-2,2
34290,137,130,7,7
34291,80,76,4,4
34292,145,129,16,16
34293,103,113,-10,10
34294,101,98,3,3
34295,87,80,7,7
34296,83,82,1,1
34297,98,88,10,10
34298,133,135,-2,2
34299,114,119,-5,5
34300,119,107,12,12
34301,94,93,1,1
34302,85,92,-7,7
34303,162,159,3,3
34304,85,73,12,12
34305,62,61,1,1
34306,83,79,4,4
34307,99,95,4,4
34308,79,83,-4,4
34309,95,99,-4,4
34310,140,142,-2,2
34311,165,155,10,10
34312,104,101,3,3
34313,110,125,-15,15
34314,138,174,-36,36
34315,117,130,-13,13
34316,120,114,6,6
34317,67,77,-10,10
34318,82,82,0,0
34319,110,101,9,9
34320,110,103,7,7
34321,63,73,-10,10
34322,54,60,-6,6
34323,128,131,-3,3
34324,90,82,8,8
34325,99,100,-1,1
34326,121,144,-23,23
34327,47,60,-13,13
34328,88,80,8,8
34329,96,87,9,9
34330,83,104,-21,21
34331,91,79,12,12
34332,100,103,-3,3
34333,68,73,-5,5
34334,44,52,-8,8
34335,94,93,1,1
34336,48,57,-9,9
34337,63,66,-3,3
34338,114,112,2,2
34339,88,81,7,7
34340,105,99,6,6
34341,67,71,-4,4
34342,61,59,2,2
34343,120,117,3,3
34344,111,104,7,7
34345,102,95,7,7
34346,111,106,5,5
34347,48,53,-5,5
34348,102,106,-4,4
34349,101,101,0,0
34350,88,93,-5,5
34351,58,67,-9,9
34352,64,68,-4,4
34353,65,70,-5,5
34354,156,152,4,4
34355,84,81,3,3
34356,169,151,18,18
34357,130,114,16,16
34358,51,64,-13,13
34359,60,62,-2,2
34360,109,97,12,12
34361,107,109,-2,2
34362,133,144,-11,11
34363,73,73,0,0
34364,117,113,4,4
34365,105,101,4,4
34366,118,141,-23,23
34367,107,107,0,0
34368,89,81,8,8
34369,130,125,5,5
34370,107,115,-8,8
34371,86,86,0,0
34372,87,94,-7,7
34373,166,155,11,11
34374,91,95,-4,4
34375,83,78,5,5
34376,90,98,-8,8
34377,60,71,-11,11
34378,73,79,-6,6
34379,133,118,15,15
34380,131,127,4,4
34381,128,154,-26,26
34382,93,88,5,5
34383,48,56,-8,8
34384,126,110,16,16
34385,62,73,-11,11
34386,50,65,-15,15
34387,70,71,-1,1
34388,111,113,-2,2
34389,89,83,6,6
34390,94,99,-5,5
34391,38,49,-11,11
34392,76,86,-10,10
34393,92,93,-1,1
34394,66,68,-2,2
34395,84,83,1,1
34396,72,73,-1,1
34397,79,76,3,3
34398,78,77,1,1
34399,61,63,-2,2
34400,68,71,-3,3
34401,114,105,9,9
34402,84,84,0,0
34403,51,66,-15,15
34404,96,89,7,7
34405,74,72,2,2
34406,64,75,-11,11
34407,79,78,1,1
34408,89,79,10,10
34409,150,151,-1,1
34410,137,120,17,17
34411,62,66,-4,4
34412,120,109,11,11
34413,75,68,7,7
34414,63,70,-7,7
34415,144,149,-5,5
34416,83,77,6,6
34417,71,103,-32,32
34418,125,126,-1,1
34419,71,73,-2,2
34420,90,92,-2,2
34421,57,59,-2,2
34422,68,74,-6,6
34423,117,109,8,8
34424,142,140,2,2
34425,95,84,11,11
34426,91,97,-6,6
34427,86,87,-1,1
34428,119,127,-8,8
34429,71,87,-16,16
34430,97,90,7,7
34431,92,97,-5,5
34432,86,86,0,0
34433,48,52,-4,4
34434,50,45,5,5
34435,105,136,-31,31
34436,105,112,-7,7
34437,127,116,11,11
34438,108,108,0,0
34439,71,71,0,0
34440,73,76,-3,3
34441,68,78,-10,10
34442,147,135,12,12
34443,142,145,-3,3
34444,39,48,-9,9
34445,91,82,9,9
34446,79,83,-4,4
34447,84,77,7,7
34448,123,127,-4,4
34449,63,70,-7,7
34450,196,185,11,11
34451,161,163,-2,2
34452,152,125,27,27
34453,144,133,11,11
34454,96,100,-4,4
34455,125,127,-2,2
34456,82,77,5,5
34457,128,116,12,12
34458,160,162,-2,2
34459,43,53,-10,10
34460,68,73,-5,5
34461,108,86,22,22
34462,74,72,2,2
34463,52,58,-6,6
34464,107,117,-10,10
34465,64,72,-8,8
34466,89,85,4,4
34467,85,75,10,10
34468,73,77,-4,4
34469,177,187,-10,10
34470,111,107,4,4
34471,67,76,-9,9
34472,76,72,4,4
34473,152,138,14,14
34474,90,91,-1,1
34475,79,79,0,0
34476,99,103,-4,4
34477,78,75,3,3
34478,131,125,6,6
34479,100,92,8,8
34480,74,81,-7,7
34481,99,100,-1,1
34482,135,131,4,4
34483,104,109,-5,5
34484,67,69,-2,2
34485,102,93,9,9
34486,48,57,-9,9
34487,243,236,7,7
34488,97,99,-2,2
34489,112,109,3,3
34490,118,124,-6,6
34491,77,80,-3,3
34492,73,67,6,6
34493,99,102,-3,3
34494,60,79,-19,19
34495,155,153,2,2
34496,125,121,4,4
34497,202,167,35,35
34498,82,91,-9,9
34499,100,98,2,2
34500,78,76,2,2
34501,59,71,-12,12
34502,48,61,-13,13
34503,121,126,-5,5
34504,128,124,4,4
34505,96,105,-9,9
34506,133,121,12,12
34507,107,106,1,1
34508,106,99,7,7
34509,111,128,-17,17
34510,48,72,-24,24
34511,79,89,-10,10
34512,121,110,11,11
34513,147,143,4,4
34514,113,111,2,2
34515,58,62,-4,4
34516,93,83,10,10
34517,109,107,2,2
34518,85,92,-7,7
34519,69,80,-11,11
34520,70,72,-2,2
34521,81,90,-9,9
34522,47,54,-7,7
34523,121,112,9,9
34524,151,131,20,20
34525,80,83,-3,3
34526,60,62,-2,2
34527,133,128,5,5
34528,65,70,-5,5
34529,162,164,-2,2
34530,73,70,3,3
34531,108,101,7,7
34532,87,83,4,4
34533,101,107,-6,6
34534,90,92,-2,2
34535,130,147,-17,17
34536,133,124,9,9
34537,139,141,-2,2
34538,95,101,-6,6
34539,96,92,4,4
34540,66,70,-4,4
34541,69,74,-5,5
34542,69,71,-2,2
34543,86,82,4,4
34544,95,98,-3,3
34545,91,84,7,7
34546,189,165,24,24
34547,109,106,3,3
34548,63,65,-2,2
34549,156,154,2,2
34550,64,65,-1,1
34551,117,112,5,5
34552,55,57,-2,2
34553,115,118,-3,3
34554,103,96,7,7
34555,155,152,3,3
34556,78,79,-1,1
34557,159,166,-7,7
34558,73,69,4,4
34559,188,177,11,11
34560,150,151,-1,1
34561,103,95,8,8
34562,80,83,-3,3
34563,92,94,-2,2
34564,121,122,-1,1
34565,113,115,-2,2
34566,106,101,5,5
34567,72,69,3,3
34568,120,116,4,4
34569,49,60,-11,11
34570,124,128,-4,4
34571,82,81,1,1
34572,145,159,-14,14
34573,61,65,-4,4
34574,108,110,-2,2
34575,53,59,-6,6
34576,117,112,5,5
34577,88,88,0,0
34578,122,100,22,22
34579,56,62,-6,6
34580,161,152,9,9
34581,115,111,4,4
34582,100,101,-1,1
34583,149,148,1,1
34584,126,117,9,9
34585,74,77,-3,3
34586,124,118,6,6
34587,101,100,1,1
34588,83,99,-16,16
34589,105,102,3,3
34590,143,135,8,8
34591,153,148,5,5
34592,54,61,-7,7
34593,52,50,2,2
34594,87,84,3,3
34595,63,69,-6,6
34596,84,90,-6,6
34597,96,94,2,2
34598,59,67,-8,8
34599,141,131,10,10
34600,121,113,8,8
34601,21,30,-9,9
34602,93,85,8,8
34603,126,126,0,0
34604,91,88,3,3
34605,126,123,3,3
34606,79,75,4,4
34607,133,138,-5,5
34608,72,76,-4,4
34609,117,102,15,15
34610,51,62,-11,11
34611,92,88,4,4
34612,78,83,-5,5
34613,70,74,-4,4
34614,77,79,-2,2
34615,94,85,9,9
34616,75,77,-2,2
34617,93,95,-2,2
34618,75,68,7,7
34619,149,148,1,1
34620,99,100,-1,1
34621,94,105,-11,11
34622,98,93,5,5
34623,68,72,-4,4
34624,101,146,-45,45
34625,115,105,10,10
34626,87,82,5,5
34627,100,113,-13,13
34628,80,91,-11,11
34629,133,122,11,11
34630,54,61,-7,7
34631,164,159,5,5
34632,98,97,1,1
34633,75,77,-2,2
34634,77,71,6,6
34635,126,124,2,2
34636,124,121,3,3
34637,89,89,0,0
34638,77,77,0,0
34639,162,151,11,11
34640,129,114,15,15
34641,126,125,1,1
34642,90,82,8,8
34643,145,140,5,5
34644,59,71,-12,12
34645,79,75,4,4
34646,100,90,10,10
34647,136,130,6,6
34648,53,67,-14,14
34649,109,102,7,7
34650,79,77,2,2
34651,111,107,4,4
34652,172,145,27,27
34653,142,147,-5,5
34654,81,77,4,4
34655,100,99,1,1
34656,71,72,-1,1
34657,37,52,-15,15
34658,91,85,6,6
34659,85,82,3,3
34660,96,98,-2,2
34661,96,95,1,1
34662,72,69,3,3
34663,58,63,-5,5
34664,128,136,-8,8
34665,90,80,10,10
34666,79,79,0,0
34667,57,57,0,0
34668,164,142,22,22
34669,147,119,28,28
34670,42,57,-15,15
34671,92,105,-13,13
34672,73,77,-4,4
34673,80,79,1,1
34674,82,77,5,5
34675,82,84,-2,2
34676,124,119,5,5
34677,87,95,-8,8
34678,93,97,-4,4
34679,151,132,19,19
34680,88,88,0,0
34681,99,94,5,5
34682,104,105,-1,1
34683,80,80,0,0
34684,91,82,9,9
34685,116,132,-16,16
34686,136,125,11,11
34687,76,113,-37,37
34688,125,135,-10,10
34689,99,89,10,10
34690,112,118,-6,6
34691,103,113,-10,10
34692,152,146,6,6
34693,122,117,5,5
34694,74,75,-1,1
34695,106,106,0,0
34696,76,74,2,2
34697,59,67,-8,8
34698,100,125,-25,25
34699,58,64,-6,6
34700,69,72,-3,3
34701,120,128,-8,8
34702,74,74,0,0
34703,55,62,-7,7
34704,89,87,2,2
34705,79,76,3,3
34706,137,141,-4,4
34707,81,84,-3,3
34708,64,78,-14,14
34709,170,164,6,6
34710,69,72,-3,3
34711,72,69,3,3
34712,73,71,2,2
34713,66,74,-8,8
34714,114,112,2,2
34715,96,108,-12,12
34716,67,70,-3,3
34717,83,83,0,0
34718,72,72,0,0
34719,150,153,-3,3
34720,56,58,-2,2
34721,66,71,-5,5
34722,53,63,-10,10
34723,169,154,15,15
34724,66,72,-6,6
34725,105,113,-8,8
34726,101,100,1,1
34727,78,81,-3,3
34728,130,125,5,5
34729,140,132,8,8
34730,91,108,-17,17
34731,89,79,10,10
34732,73,73,0,0
34733,111,107,4,4
34734,111,114,-3,3
34735,154,140,14,14
34736,56,61,-5,5
34737,136,129,7,7
34738,101,88,13,13
34739,120,122,-2,2
34740,62,60,2,2
34741,105,107,-2,2
34742,76,78,-2,2
34743,161,160,1,1
34744,88,95,-7,7
34745,51,58,-7,7
34746,108,108,0,0
34747,101,101,0,0
34748,74,74,0,0
34749,189,167,22,22
34750,46,51,-5,5
34751,58,65,-7,7
34752,100,86,14,14
34753,171,149,22,22
34754,45,51,-6,6
34755,87,74,13,13
34756,57,60,-3,3
34757,137,121,16,16
34758,72,74,-2,2
34759,115,113,2,2
34760,98,98,0,0
34761,58,68,-10,10
34762,87,111,-24,24
34763,79,77,2,2
34764,79,75,4,4
34765,67,67,0,0
34766,32,35,-3,3
34767,76,77,-1,1
34768,80,70,10,10
34769,106,93,13,13
34770,54,67,-13,13
34771,75,79,-4,4
34772,149,142,7,7
34773,110,99,11,11
34774,106,111,-5,5
34775,130,129,1,1
34776,49,57,-8,8
34777,119,126,-7,7
34778,75,77,-2,2
34779,89,86,3,3
34780,63,62,1,1
34781,64,61,3,3
34782,116,116,0,0
34783,79,73,6,6
34784,92,99,-7,7
34785,70,76,-6,6
34786,120,117,3,3
34787,165,157,8,8
34788,187,194,-7,7
34789,82,80,2,2
34790,53,69,-16,16
34791,88,87,1,1
34792,75,74,1,1
34793,66,63,3,3
34794,80,77,3,3
34795,113,101,12,12
34796,48,48,0,0
34797,52,54,-2,2
34798,169,160,9,9
34799,100,108,-8,8
34800,71,83,-12,12
34801,103,114,-11,11
34802,127,125,2,2
34803,132,140,-8,8
34804,136,133,3,3
34805,67,64,3,3
34806,127,130,-3,3
34807,142,142,0,0
34808,114,120,-6,6
34809,71,76,-5,5
34810,77,77,0,0
34811,86,96,-10,10
34812,166,147,19,19
34813,116,114,2,2
34814,42,47,-5,5
34815,91,84,7,7
34816,81,77,4,4
34817,109,103,6,6
34818,164,163,1,1
34819,119,121,-2,2
34820,79,74,5,5
34821,122,118,4,4
34822,67,70,-3,3
34823,96,94,2,2
34824,81,82,-1,1
34825,110,81,29,29
34826,142,139,3,3
34827,30,33,-3,3
34828,102,96,6,6
34829,128,118,10,10
34830,127,137,-10,10
34831,55,91,-36,36
34832,125,154,-29,29
34833,85,86,-1,1
34834,82,85,-3,3
34835,99,107,-8,8
34836,142,145,-3,3
34837,99,112,-13,13
34838,96,104,-8,8
34839,87,101,-14,14
34840,76,75,1,1
34841,95,106,-11,11
34842,61,66,-5,5
34843,58,69,-11,11
34844,88,90,-2,2
34845,87,100,-13,13
34846,89,86,3,3
34847,100,94,6,6
34848,87,89,-2,2
34849,86,85,1,1
34850,43,58,-15,15
34851,33,29,4,4
34852,97,96,1,1
34853,130,120,10,10
34854,149,139,10,10
34855,139,124,15,15
34856,71,75,-4,4
34857,53,67,-14,14
34858,69,66,3,3
34859,114,101,13,13
34860,60,71,-11,11
34861,53,62,-9,9
34862,80,76,4,4
34863,75,67,8,8
34864,101,117,-16,16
34865,147,147,0,0
34866,100,93,7,7
34867,112,122,-10,10
34868,61,65,-4,4
34869,68,70,-2,2
34870,41,63,-22,22
34871,72,74,-2,2
34872,69,79,-10,10
34873,135,124,11,11
34874,112,110,2,2
34875,63,62,1,1
34876,83,79,4,4
34877,74,77,-3,3
34878,85,93,-8,8
34879,91,80,11,11
34880,150,151,-1,1
34881,96,92,4,4
34882,61,84,-23,23
34883,51,72,-21,21
34884,61,65,-4,4
34885,143,161,-18,18
34886,64,69,-5,5
34887,59,62,-3,3
34888,67,79,-12,12
34889,65,79,-14,14
34890,142,131,11,11
34891,66,69,-3,3
34892,73,79,-6,6
34893,107,108,-1,1
34894,112,99,13,13
34895,104,105,-1,1
34896,46,54,-8,8
34897,83,75,8,8
34898,89,86,3,3
34899,73,67,6,6
34900,59,63,-4,4
34901,59,63,-4,4
34902,112,109,3,3
34903,75,77,-2,2
34904,68,75,-7,7
34905,80,93,-13,13
34906,70,79,-9,9
34907,77,78,-1,1
34908,49,56,-7,7
34909,91,89,2,2
34910,65,66,-1,1
34911,77,74,3,3
34912,130,116,14,14
34913,77,79,-2,2
34914,175,178,-3,3
34915,103,112,-9,9
34916,79,76,3,3
34917,74,72,2,2
34918,98,110,-12,12
34919,111,112,-1,1
34920,105,120,-15,15
34921,106,107,-1,1
34922,43,49,-6,6
34923,91,100,-9,9
34924,88,87,1,1
34925,121,114,7,7
34926,111,106,5,5
34927,65,71,-6,6
34928,63,62,1,1
34929,91,99,-8,8
34930,70,74,-4,4
34931,117,107,10,10
34932,56,65,-9,9
34933,153,153,0,0
34934,135,132,3,3
34935,66,68,-2,2
34936,97,98,-1,1
34937,94,101,-7,7
34938,79,79,0,0
34939,89,82,7,7
34940,117,112,5,5
34941,50,56,-6,6
34942,172,175,-3,3
34943,71,78,-7,7
34944,94,92,2,2
34945,146,147,-1,1
34946,57,62,-5,5
34947,91,97,-6,6
34948,44,53,-9,9
34949,124,121,3,3
34950,117,103,14,14
34951,93,87,6,6
34952,100,102,-2,2
34953,167,156,11,11
34954,97,97,0,0
34955,117,113,4,4
34956,142,133,9,9
34957,62,66,-4,4
34958,99,105,-6,6
34959,83,83,0,0
34960,61,71,-10,10
34961,80,84,-4,4
34962,85,82,3,3
34963,102,102,0,0
34964,127,133,-6,6
34965,123,127,-4,4
34966,117,113,4,4
34967,102,114,-12,12
34968,100,97,3,3
34969,105,104,1,1
34970,116,100,16,16
34971,104,114,-10,10
34972,70,71,-1,1
34973,71,74,-3,3
34974,59,71,-12,12
34975,86,83,3,3
34976,121,105,16,16
34977,104,98,6,6
34978,93,87,6,6
34979,78,78,0,0
34980,124,118,6,6
34981,83,87,-4,4
34982,126,123,3,3
34983,91,90,1,1
34984,89,101,-12,12
34985,79,74,5,5
34986,110,111,-1,1
34987,80,79,1,1
34988,116,113,3,3
34989,133,118,15,15
34990,91,93,-2,2
34991,94,86,8,8
34992,160,145,15,15
34993,107,113,-6,6
34994,61,70,-9,9
34995,74,68,6,6
34996,80,80,0,0
34997,50,61,-11,11
34998,98,100,-2,2
34999,47,55,-8,8
35000,63,81,-18,18
35001,92,98,-6,6
35002,97,93,4,4
35003,101,104,-3,3
35004,48,58,-10,10
35005,114,114,0,0
35006,106,102,4,4
35007,98,98,0,0
35008,133,133,0,0
35009,98,85,13,13
35010,41,48,-7,7
35011,85,84,1,1
35012,102,105,-3,3
35013,97,90,7,7
35014,49,57,-8,8
35015,50,61,-11,11
35016,86,89,-3,3
35017,96,106,-10,10
35018,110,100,10,10
35019,95,93,2,2
35020,89,80,9,9
35021,92,90,2,2
35022,109,105,4,4
35023,75,75,0,0
35024,61,60,1,1
35025,82,92,-10,10
35026,88,96,-8,8
35027,139,139,0,0
35028,67,83,-16,16
35029,106,106,0,0
35030,108,109,-1,1
35031,80,86,-6,6
35032,78,83,-5,5
35033,87,90,-3,3
35034,57,63,-6,6
35035,63,66,-3,3
35036,105,93,12,12
35037,129,114,15,15
35038,65,67,-2,2
35039,93,93,0,0
35040,50,54,-4,4
35041,30,43,-13,13
35042,81,77,4,4
35043,55,68,-13,13
35044,76,72,4,4
35045,135,122,13,13
35046,55,64,-9,9
35047,140,140,0,0
35048,92,84,8,8
35049,124,123,1,1
35050,100,102,-2,2
35051,40,45,-5,5
35052,50,51,-1,1
35053,85,88,-3,3
35054,87,96,-9,9
35055,136,127,9,9
35056,65,71,-6,6
35057,97,77,20,20
35058,80,78,2,2
35059,99,101,-2,2
35060,69,73,-4,4
35061,97,105,-8,8
35062,65,66,-1,1
35063,67,72,-5,5
35064,108,107,1,1
35065,105,109,-4,4
35066,98,88,10,10
35067,73,72,1,1
35068,87,86,1,1
35069,80,72,8,8
35070,115,117,-2,2
35071,129,113,16,16
35072,62,67,-5,5
35073,141,129,12,12
35074,165,156,9,9
35075,167,159,8,8
35076,128,117,11,11
35077,163,148,15,15
35078,49,66,-17,17
35079,73,83,-10,10
35080,117,159,-42,42
35081,182,165,17,17
35082,91,82,9,9
35083,73,79,-6,6
35084,130,129,1,1
35085,92,92,0,0
35086,164,142,22,22
35087,100,112,-12,12
35088,106,111,-5,5
35089,155,157,-2,2
35090,84,84,0,0
35091,115,120,-5,5
35092,74,77,-3,3
35093,62,63,-1,1
35094,76,79,-3,3
35095,82,90,-8,8
35096,116,108,8,8
35097,84,81,3,3
35098,61,70,-9,9
35099,155,143,12,12
35100,87,146,-59,59
35101,118,120,-2,2
35102,126,128,-2,2
35103,123,125,-2,2
35104,72,77,-5,5
35105,106,106,0,0
35106,119,112,7,7
35107,79,79,0,0
35108,70,85,-15,15
35109,129,116,13,13
35110,93,83,10,10
35111,98,89,9,9
35112,164,169,-5,5
35113,110,114,-4,4
35114,108,108,0,0
35115,79,77,2,2
35116,140,141,-1,1
35117,81,88,-7,7
35118,84,86,-2,2
35119,64,64,0,0
35120,101,102,-1,1
35121,65,73,-8,8
35122,71,80,-9,9
35123,66,73,-7,7
35124,81,83,-2,2
35125,82,96,-14,14
35126,101,110,-9,9
35127,95,98,-3,3
35128,95,101,-6,6
35129,177,175,2,2
35130,148,153,-5,5
35131,83,90,-7,7
35132,79,77,2,2
35133,87,80,7,7
35134,120,115,5,5
35135,140,162,-22,22
35136,117,115,2,2
35137,88,88,0,0
35138,79,73,6,6
35139,89,94,-5,5
35140,83,77,6,6
35141,79,96,-17,17
35142,118,115,3,3
35143,79,84,-5,5
35144,95,90,5,5
35145,62,67,-5,5
35146,67,74,-7,7
35147,63,71,-8,8
35148,99,87,12,12
35149,164,162,2,2
35150,71,66,5,5
35151,49,53,-4,4
35152,88,86,2,2
35153,93,86,7,7
35154,90,87,3,3
35155,96,82,14,14
35156,91,94,-3,3
35157,41,46,-5,5
35158,94,97,-3,3
35159,58,59,-1,1
35160,87,89,-2,2
35161,100,98,2,2
35162,117,116,1,1
35163,106,101,5,5
35164,65,77,-12,12
35165,126,127,-1,1
35166,92,96,-4,4
35167,78,86,-8,8
35168,98,98,0,0
35169,102,116,-14,14
35170,115,103,12,12
35171,93,87,6,6
35172,48,62,-14,14
35173,64,71,-7,7
35174,168,172,-4,4
35175,95,85,10,10
35176,125,118,7,7
35177,128,138,-10,10
35178,137,115,22,22
35179,62,60,2,2
35180,76,74,2,2
35181,66,68,-2,2
35182,50,60,-10,10
35183,98,96,2,2
35184,101,108,-7,7
35185,77,78,-1,1
35186,97,101,-4,4
35187,116,111,5,5
35188,118,112,6,6
35189,157,156,1,1
35190,48,59,-11,11
35191,86,90,-4,4
35192,79,98,-19,19
35193,93,86,7,7
35194,58,64,-6,6
35195,65,69,-4,4
35196,203,189,14,14
35197,59,63,-4,4
35198,103,99,4,4
35199,35,33,2,2
35200,95,101,-6,6
35201,89,92,-3,3
35202,122,112,10,10
35203,97,94,3,3
35204,84,82,2,2
35205,146,126,20,20
35206,129,116,13,13
35207,76,83,-7,7
35208,79,79,0,0
35209,92,92,0,0
35210,82,74,8,8
35211,111,104,7,7
35212,88,83,5,5
35213,155,150,5,5
35214,75,71,4,4
35215,109,106,3,3
35216,64,64,0,0
35217,76,73,3,3
35218,114,119,-5,5
35219,84,79,5,5
35220,90,86,4,4
35221,49,56,-7,7
35222,103,107,-4,4
35223,140,137,3,3
35224,64,68,-4,4
35225,171,171,0,0
35226,89,86,3,3
35227,57,67,-10,10
35228,99,76,23,23
35229,62,69,-7,7
35230,191,184,7,7
35231,108,99,9,9
35232,116,112,4,4
35233,157,145,12,12
35234,98,113,-15,15
35235,167,171,-4,4
35236,89,81,8,8
35237,65,72,-7,7
35238,103,105,-2,2
35239,107,105,2,2
35240,66,65,1,1
35241,137,129,8,8
35242,68,68,0,0
35243,64,64,0,0
35244,137,129,8,8
35245,101,101,0,0
35246,120,114,6,6
35247,99,107,-8,8
35248,58,66,-8,8
35249,93,100,-7,7
35250,48,69,-21,21
35251,96,112,-16,16
35252,68,71,-3,3
35253,95,100,-5,5
35254,117,110,7,7
35255,61,73,-12,12
35256,122,119,3,3
35257,77,89,-12,12
35258,69,75,-6,6
35259,105,100,5,5
35260,126,130,-4,4
35261,67,64,3,3
35262,122,120,2,2
35263,96,94,2,2
35264,188,170,18,18
35265,72,62,10,10
35266,122,116,6,6
35267,53,63,-10,10
35268,49,61,-12,12
35269,131,117,14,14
35270,118,105,13,13
35271,68,65,3,3
35272,84,88,-4,4
35273,80,86,-6,6
35274,95,109,-14,14
35275,54,60,-6,6
35276,80,84,-4,4
35277,55,65,-10,10
35278,50,53,-3,3
35279,141,140,1,1
35280,118,112,6,6
35281,64,70,-6,6
35282,132,118,14,14
35283,81,78,3,3
35284,49,51,-2,2
35285,86,84,2,2
35286,107,106,1,1
35287,123,121,2,2
35288,109,99,10,10
35289,121,116,5,5
35290,89,95,-6,6
35291,57,66,-9,9
35292,123,114,9,9
35293,102,107,-5,5
35294,143,128,15,15
35295,57,62,-5,5
35296,84,79,5,5
35297,73,71,2,2
35298,124,124,0,0
35299,86,80,6,6
35300,128,125,3,3
35301,146,130,16,16
35302,92,85,7,7
35303,68,77,-9,9
35304,88,90,-2,2
35305,147,146,1,1
35306,134,135,-1,1
35307,91,97,-6,6
35308,137,130,7,7
35309,130,131,-1,1
35310,103,99,4,4
35311,78,92,-14,14
35312,85,78,7,7
35313,57,61,-4,4
35314,159,147,12,12
35315,80,85,-5,5
35316,113,124,-11,11
35317,152,138,14,14
35318,163,151,12,12
35319,137,118,19,19
35320,116,120,-4,4
35321,144,139,5,5
35322,61,69,-8,8
35323,158,148,10,10
35324,120,150,-30,30
35325,64,71,-7,7
35326,106,101,5,5
35327,60,68,-8,8
35328,87,90,-3,3
35329,72,67,5,5
35330,92,91,1,1
35331,164,159,5,5
35332,121,127,-6,6
35333,63,68,-5,5
35334,108,110,-2,2
35335,70,69,1,1
35336,66,74,-8,8
35337,81,130,-49,49
35338,84,83,1,1
35339,69,74,-5,5
35340,161,163,-2,2
35341,73,73,0,0
35342,62,63,-1,1
35343,66,70,-4,4
35344,80,84,-4,4
35345,110,126,-16,16
35346,145,135,10,10
35347,32,57,-25,25
35348,62,69,-7,7
35349,191,187,4,4
35350,84,83,1,1
35351,96,91,5,5
35352,87,77,10,10
35353,54,63,-9,9
35354,85,84,1,1
35355,118,110,8,8
35356,52,53,-1,1
35357,102,86,16,16
35358,66,72,-6,6
35359,151,152,-1,1
35360,129,140,-11,11
35361,61,60,1,1
35362,102,112,-10,10
35363,88,96,-8,8
35364,61,72,-11,11
35365,77,84,-7,7
35366,79,80,-1,1
35367,110,103,7,7
35368,96,88,8,8
35369,74,70,4,4
35370,120,117,3,3
35371,134,127,7,7
35372,66,66,0,0
35373,61,63,-2,2
35374,130,120,10,10
35375,60,68,-8,8
35376,66,70,-4,4
35377,115,112,3,3
35378,99,95,4,4
35379,55,58,-3,3
35380,104,98,6,6
35381,104,103,1,1
35382,97,101,-4,4
35383,48,55,-7,7
35384,51,60,-9,9
35385,51,48,3,3
35386,80,82,-2,2
35387,57,61,-4,4
35388,77,62,15,15
35389,128,123,5,5
35390,141,145,-4,4
35391,77,77,0,0
35392,132,130,2,2
35393,110,106,4,4
35394,43,29,14,14
35395,110,116,-6,6
35396,85,76,9,9
35397,92,100,-8,8
35398,49,57,-8,8
35399,69,70,-1,1
35400,64,68,-4,4
35401,82,77,5,5
35402,59,70,-11,11
35403,69,70,-1,1
35404,66,70,-4,4
35405,92,91,1,1
35406,101,89,12,12
35407,62,73,-11,11
35408,126,112,14,14
35409,119,117,2,2
35410,117,105,12,12
35411,162,152,10,10
35412,100,98,2,2
35413,107,114,-7,7
35414,49,62,-13,13
35415,75,77,-2,2
35416,85,83,2,2
35417,87,74,13,13
35418,58,58,0,0
35419,86,110,-24,24
35420,54,61,-7,7
35421,149,148,1,1
35422,99,92,7,7
35423,118,118,0,0
35424,88,90,-2,2
35425,128,145,-17,17
35426,121,119,2,2
35427,62,66,-4,4
35428,32,29,3,3
35429,152,140,12,12
35430,58,61,-3,3
35431,77,84,-7,7
35432,127,112,15,15
35433,109,104,5,5
35434,116,115,1,1
35435,83,85,-2,2
35436,70,82,-12,12
35437,101,90,11,11
35438,70,70,0,0
35439,117,109,8,8
35440,93,99,-6,6
35441,72,79,-7,7
35442,131,132,-1,1
35443,64,71,-7,7
35444,160,154,6,6
35445,86,77,9,9
35446,84,89,-5,5
35447,56,61,-5,5
35448,94,86,8,8
35449,149,138,11,11
35450,128,114,14,14
35451,97,109,-12,12
35452,178,168,10,10
35453,102,97,5,5
35454,53,60,-7,7
35455,124,113,11,11
35456,79,84,-5,5
35457,136,151,-15,15
35458,71,82,-11,11
35459,54,56,-2,2
35460,97,88,9,9
35461,72,77,-5,5
35462,169,149,20,20
35463,80,76,4,4
35464,53,65,-12,12
35465,64,63,1,1
35466,52,59,-7,7
35467,38,54,-16,16
35468,78,77,1,1
35469,160,85,75,75
35470,113,108,5,5
35471,90,95,-5,5
35472,63,65,-2,2
35473,79,83,-4,4
35474,56,63,-7,7
35475,241,241,0,0
35476,68,73,-5,5
35477,145,149,-4,4
35478,69,69,0,0
35479,107,101,6,6
35480,79,83,-4,4
35481,123,124,-1,1
35482,97,92,5,5
35483,77,74,3,3
35484,66,135,-69,69
35485,83,82,1,1
35486,82,86,-4,4
35487,78,78,0,0
35488,89,83,6,6
35489,76,69,7,7
35490,61,67,-6,6
35491,116,111,5,5
35492,128,141,-13,13
35493,130,128,2,2
35494,46,54,-8,8
35495,105,103,2,2
35496,150,127,23,23
35497,156,156,0,0
35498,69,71,-2,2
35499,89,84,5,5
35500,77,72,5,5
35501,123,122,1,1
35502,97,93,4,4
35503,87,80,7,7
35504,80,80,0,0
35505,79,81,-2,2
35506,58,69,-11,11
35507,53,57,-4,4
35508,105,112,-7,7
35509,74,83,-9,9
35510,101,104,-3,3
35511,56,59,-3,3
35512,115,111,4,4
35513,141,148,-7,7
35514,116,108,8,8
35515,47,52,-5,5
35516,43,50,-7,7
35517,80,85,-5,5
35518,91,100,-9,9
35519,75,85,-10,10
35520,114,102,12,12
35521,79,81,-2,2
35522,106,100,6,6
35523,69,63,6,6
35524,87,77,10,10
35525,118,126,-8,8
35526,84,84,0,0
35527,90,95,-5,5
35528,97,91,6,6
35529,57,60,-3,3
35530,132,128,4,4
35531,90,107,-17,17
35532,108,114,-6,6
35533,132,119,13,13
35534,76,82,-6,6
35535,38,32,6,6
35536,52,56,-4,4
35537,68,67,1,1
35538,141,141,0,0
35539,90,92,-2,2
35540,72,69,3,3
35541,74,71,3,3
35542,89,87,2,2
35543,72,71,1,1
35544,78,65,13,13
35545,67,68,-1,1
35546,94,89,5,5
35547,65,67,-2,2
35548,75,74,1,1
35549,76,84,-8,8
35550,78,72,6,6
35551,70,78,-8,8
35552,124,113,11,11
35553,123,118,5,5
35554,185,175,10,10
35555,126,110,16,16
35556,104,102,2,2
35557,79,78,1,1
35558,74,61,13,13
35559,82,80,2,2
35560,47,55,-8,8
35561,40,45,-5,5
35562,102,104,-2,2
35563,68,76,-8,8
35564,95,101,-6,6
35565,111,104,7,7
35566,74,76,-2,2
35567,63,71,-8,8
35568,118,115,3,3
35569,181,163,18,18
35570,63,69,-6,6
35571,73,72,1,1
35572,76,80,-4,4
35573,80,79,1,1
35574,99,100,-1,1
35575,83,89,-6,6
35576,48,54,-6,6
35577,140,126,14,14
35578,101,105,-4,4
35579,76,88,-12,12
35580,84,98,-14,14
35581,95,87,8,8
35582,60,65,-5,5
35583,78,77,1,1
35584,125,122,3,3
35585,90,93,-3,3
35586,99,101,-2,2
35587,58,58,0,0
35588,128,127,1,1
35589,67,69,-2,2
35590,96,114,-18,18
35591,96,93,3,3
35592,141,135,6,6
35593,77,84,-7,7
35594,114,101,13,13
35595,86,82,4,4
35596,175,163,12,12
35597,129,125,4,4
35598,50,60,-10,10
35599,70,68,2,2
35600,224,208,16,16
35601,146,140,6,6
35602,81,76,5,5
35603,97,92,5,5
35604,118,128,-10,10
35605,77,69,8,8
35606,73,74,-1,1
35607,85,82,3,3
35608,102,101,1,1
35609,130,127,3,3
35610,133,132,1,1
35611,129,124,5,5
35612,80,80,0,0
35613,93,96,-3,3
35614,91,86,5,5
35615,41,93,-52,52
35616,82,87,-5,5
35617,67,68,-1,1
35618,85,84,1,1
35619,75,80,-5,5
35620,118,120,-2,2
35621,118,101,17,17
35622,79,77,2,2
35623,63,65,-2,2
35624,170,169,1,1
35625,73,77,-4,4
35626,114,90,24,24
35627,154,160,-6,6
35628,54,72,-18,18
35629,115,111,4,4
35630,49,124,-75,75
35631,99,101,-2,2
35632,80,76,4,4
35633,152,151,1,1
35634,71,71,0,0
35635,118,147,-29,29
35636,106,99,7,7
35637,106,113,-7,7
35638,173,158,15,15
35639,89,96,-7,7
35640,65,68,-3,3
35641,93,89,4,4
35642,109,110,-1,1
35643,126,129,-3,3
35644,143,162,-19,19
35645,127,132,-5,5
35646,114,105,9,9
35647,84,89,-5,5
35648,68,76,-8,8
35649,60,69,-9,9
35650,111,112,-1,1
35651,127,135,-8,8
35652,83,77,6,6
35653,98,99,-1,1
35654,83,74,9,9
35655,77,77,0,0
35656,51,57,-6,6
35657,88,88,0,0
35658,48,63,-15,15
35659,147,145,2,2
35660,66,80,-14,14
35661,100,94,6,6
35662,76,81,-5,5
35663,59,64,-5,5
35664,116,113,3,3
35665,61,67,-6,6
35666,155,146,9,9
35667,99,104,-5,5
35668,112,108,4,4
35669,70,60,10,10
35670,79,82,-3,3
35671,96,103,-7,7
35672,90,97,-7,7
35673,104,98,6,6
35674,99,97,2,2
35675,81,84,-3,3
35676,134,150,-16,16
35677,126,128,-2,2
35678,160,121,39,39
35679,75,76,-1,1
35680,104,109,-5,5
35681,150,132,18,18
35682,120,118,2,2
35683,90,89,1,1
35684,120,110,10,10
35685,142,134,8,8
35686,75,73,2,2
35687,102,93,9,9
35688,162,151,11,11
35689,74,72,2,2
35690,75,74,1,1
35691,99,102,-3,3
35692,130,128,2,2
35693,53,53,0,0
35694,127,132,-5,5
35695,103,91,12,12
35696,94,86,8,8
35697,76,89,-13,13
35698,83,85,-2,2
35699,195,175,20,20
35700,58,72,-14,14
35701,51,66,-15,15
35702,153,145,8,8
35703,190,180,10,10
35704,87,86,1,1
35705,96,97,-1,1
35706,100,91,9,9
35707,74,74,0,0
35708,67,69,-2,2
35709,124,125,-1,1
35710,74,71,3,3
35711,111,101,10,10
35712,93,113,-20,20
35713,107,100,7,7
35714,70,62,8,8
35715,154,147,7,7
35716,125,112,13,13
35717,107,97,10,10
35718,69,86,-17,17
35719,101,102,-1,1
35720,95,87,8,8
35721,96,87,9,9
35722,85,83,2,2
35723,70,98,-28,28
35724,68,69,-1,1
35725,61,66,-5,5
35726,155,155,0,0
35727,58,67,-9,9
35728,72,75,-3,3
35729,47,59,-12,12
35730,98,100,-2,2
35731,145,134,11,11
35732,52,61,-9,9
35733,120,106,14,14
35734,78,76,2,2
35735,56,64,-8,8
35736,89,95,-6,6
35737,82,85,-3,3
35738,104,108,-4,4
35739,128,138,-10,10
35740,159,137,22,22
35741,79,85,-6,6
35742,109,106,3,3
35743,120,120,0,0
35744,79,95,-16,16
35745,73,64,9,9
35746,64,61,3,3
35747,97,87,10,10
35748,135,116,19,19
35749,81,92,-11,11
35750,91,88,3,3
35751,58,58,0,0
35752,78,69,9,9
35753,77,74,3,3
35754,47,49,-2,2
35755,167,156,11,11
35756,65,86,-21,21
35757,152,148,4,4
35758,159,154,5,5
35759,89,114,-25,25
35760,205,197,8,8
35761,108,102,6,6
35762,101,94,7,7
35763,129,127,2,2
35764,123,122,1,1
35765,90,87,3,3
35766,138,129,9,9
35767,105,98,7,7
35768,93,85,8,8
35769,129,118,11,11
35770,110,99,11,11
35771,86,97,-11,11
35772,72,78,-6,6
35773,122,117,5,5
35774,37,43,-6,6
35775,173,173,0,0
35776,97,85,12,12
35777,45,48,-3,3
35778,97,84,13,13
35779,85,91,-6,6
35780,83,85,-2,2
35781,105,99,6,6
35782,138,133,5,5
35783,98,93,5,5
35784,128,119,9,9
35785,94,84,10,10
35786,131,112,19,19
35787,67,71,-4,4
35788,176,171,5,5
35789,116,112,4,4
35790,116,123,-7,7
35791,80,55,25,25
35792,84,82,2,2
35793,69,76,-7,7
35794,165,165,0,0
35795,55,68,-13,13
35796,123,125,-2,2
35797,117,122,-5,5
35798,81,73,8,8
35799,86,82,4,4
35800,185,181,4,4
35801,104,97,7,7
35802,89,90,-1,1
35803,85,81,4,4
35804,156,146,10,10
35805,72,70,2,2
35806,95,77,18,18
35807,86,79,7,7
35808,72,71,1,1
35809,168,151,17,17
35810,42,49,-7,7
35811,93,98,-5,5
35812,103,93,10,10
35813,83,84,-1,1
35814,137,130,7,7
35815,117,126,-9,9
35816,77,82,-5,5
35817,79,89,-10,10
35818,121,117,4,4
35819,110,119,-9,9
35820,101,97,4,4
35821,88,98,-10,10
35822,91,86,5,5
35823,166,152,14,14
35824,63,62,1,1
35825,92,95,-3,3
35826,138,125,13,13
35827,110,114,-4,4
35828,151,151,0,0
35829,121,129,-8,8
35830,73,72,1,1
35831,77,71,6,6
35832,197,195,2,2
35833,94,78,16,16
35834,67,72,-5,5
35835,147,126,21,21
35836,92,114,-22,22
35837,138,137,1,1
35838,71,82,-11,11
35839,93,88,5,5
35840,115,109,6,6
35841,90,84,6,6
35842,137,131,6,6
35843,136,142,-6,6
35844,63,67,-4,4
35845,68,73,-5,5
35846,105,107,-2,2
35847,61,64,-3,3
35848,75,76,-1,1
35849,120,121,-1,1
35850,145,147,-2,2
35851,106,102,4,4
35852,171,157,14,14
35853,87,90,-3,3
35854,112,103,9,9
35855,75,76,-1,1
35856,84,89,-5,5
35857,55,59,-4,4
35858,57,64,-7,7
35859,71,70,1,1
35860,150,141,9,9
35861,42,48,-6,6
35862,95,93,2,2
35863,100,103,-3,3
35864,77,71,6,6
35865,134,143,-9,9
35866,100,86,14,14
35867,117,122,-5,5
35868,74,111,-37,37
35869,106,100,6,6
35870,121,114,7,7
35871,115,109,6,6
35872,137,130,7,7
35873,80,83,-3,3
35874,81,86,-5,5
35875,50,61,-11,11
35876,60,70,-10,10
35877,143,125,18,18
35878,80,91,-11,11
35879,72,73,-1,1
35880,74,72,2,2
35881,125,124,1,1
35882,111,101,10,10
35883,99,100,-1,1
35884,72,73,-1,1
35885,84,77,7,7
35886,52,55,-3,3
35887,54,58,-4,4
35888,63,67,-4,4
35889,101,100,1,1
35890,65,60,5,5
35891,74,80,-6,6
35892,141,143,-2,2
35893,84,84,0,0
35894,156,140,16,16
35895,105,100,5,5
35896,130,122,8,8
35897,74,75,-1,1
35898,97,108,-11,11
35899,111,113,-2,2
35900,65,70,-5,5
35901,124,118,6,6
35902,80,80,0,0
35903,93,88,5,5
35904,122,116,6,6
35905,84,96,-12,12
35906,92,98,-6,6
35907,52,74,-22,22
35908,86,93,-7,7
35909,69,77,-8,8
35910,114,109,5,5
35911,68,68,0,0
35912,123,126,-3,3
35913,104,120,-16,16
35914,119,111,8,8
35915,123,109,14,14
35916,99,96,3,3
35917,117,128,-11,11
35918,94,99,-5,5
35919,126,125,1,1
35920,148,139,9,9
35921,112,102,10,10
35922,168,171,-3,3
35923,81,78,3,3
35924,100,100,0,0
35925,78,81,-3,3
35926,109,106,3,3
35927,120,114,6,6
35928,119,125,-6,6
35929,83,110,-27,27
35930,138,130,8,8
35931,63,70,-7,7
35932,63,60,3,3
35933,88,82,6,6
35934,50,55,-5,5
35935,171,164,7,7
35936,111,98,13,13
35937,154,154,0,0
35938,131,116,15,15
35939,110,102,8,8
35940,74,76,-2,2
35941,116,123,-7,7
35942,112,112,0,0
35943,89,92,-3,3
35944,109,114,-5,5
35945,68,71,-3,3
35946,77,78,-1,1
35947,69,70,-1,1
35948,54,67,-13,13
35949,74,74,0,0
35950,140,139,1,1
35951,92,80,12,12
35952,47,60,-13,13
35953,49,62,-13,13
35954,72,74,-2,2
35955,79,82,-3,3
35956,45,58,-13,13
35957,53,62,-9,9
35958,114,118,-4,4
35959,64,70,-6,6
35960,63,62,1,1
35961,113,102,11,11
35962,103,98,5,5
35963,109,103,6,6
35964,94,93,1,1
35965,65,66,-1,1
35966,94,88,6,6
35967,142,147,-5,5
35968,38,44,-6,6
35969,91,101,-10,10
35970,86,82,4,4
35971,150,144,6,6
35972,66,70,-4,4
35973,68,69,-1,1
35974,62,62,0,0
35975,53,56,-3,3
35976,53,59,-6,6
35977,117,114,3,3
35978,89,91,-2,2
35979,96,82,14,14
35980,109,111,-2,2
35981,100,100,0,0
35982,132,122,10,10
35983,125,125,0,0
35984,47,49,-2,2
35985,76,94,-18,18
35986,80,81,-1,1
35987,108,128,-20,20
35988,72,76,-4,4
35989,79,77,2,2
35990,103,101,2,2
35991,93,89,4,4
35992,90,80,10,10
35993,76,76,0,0
35994,88,84,4,4
35995,70,72,-2,2
35996,162,143,19,19
35997,86,79,7,7
35998,62,66,-4,4
35999,78,76,2,2
36000,51,52,-1,1
36001,131,113,18,18
36002,81,79,2,2
36003,100,104,-4,4
36004,107,108,-1,1
36005,71,75,-4,4
36006,99,97,2,2
36007,128,118,10,10
36008,102,106,-4,4
36009,111,122,-11,11
36010,114,114,0,0
36011,145,136,9,9
36012,123,112,11,11
36013,64,67,-3,3
36014,138,137,1,1
36015,120,125,-5,5
36016,96,94,2,2
36017,143,142,1,1
36018,79,77,2,2
36019,139,146,-7,7
36020,124,118,6,6
36021,76,82,-6,6
36022,67,71,-4,4
36023,65,75,-10,10
36024,62,68,-6,6
36025,184,179,5,5
36026,102,101,1,1
36027,60,67,-7,7
36028,79,86,-7,7
36029,63,68,-5,5
36030,70,61,9,9
36031,91,100,-9,9
36032,68,73,-5,5
36033,86,87,-1,1
36034,97,110,-13,13
36035,78,86,-8,8
36036,110,94,16,16
36037,94,84,10,10
36038,68,80,-12,12
36039,150,142,8,8
36040,81,79,2,2
36041,58,63,-5,5
36042,48,55,-7,7
36043,76,76,0,0
36044,102,97,5,5
36045,74,77,-3,3
36046,60,66,-6,6
36047,75,84,-9,9
36048,92,87,5,5
36049,62,68,-6,6
36050,91,96,-5,5
36051,93,89,4,4
36052,146,148,-2,2
36053,94,89,5,5
36054,88,86,2,2
36055,124,123,1,1
36056,92,95,-3,3
36057,87,115,-28,28
36058,113,124,-11,11
36059,99,97,2,2
36060,90,86,4,4
36061,95,86,9,9
36062,61,68,-7,7
36063,139,129,10,10
36064,106,116,-10,10
36065,42,53,-11,11
36066,95,90,5,5
36067,121,128,-7,7
36068,130,139,-9,9
36069,121,129,-8,8
36070,74,74,0,0
36071,84,83,1,1
36072,70,70,0,0
36073,73,76,-3,3
36074,116,106,10,10
36075,120,118,2,2
36076,151,145,6,6
36077,80,84,-4,4
36078,90,92,-2,2
36079,68,74,-6,6
36080,102,99,3,3
36081,180,175,5,5
36082,44,77,-33,33
36083,170,165,5,5
36084,99,87,12,12
36085,130,124,6,6
36086,78,106,-28,28
36087,107,102,5,5
36088,93,101,-8,8
36089,146,144,2,2
36090,97,89,8,8
36091,107,100,7,7
36092,116,110,6,6
36093,81,93,-12,12
36094,84,78,6,6
36095,88,99,-11,11
36096,77,67,10,10
36097,65,69,-4,4
36098,158,148,10,10
36099,76,80,-4,4
36100,56,60,-4,4
36101,119,123,-4,4
36102,82,79,3,3
36103,52,63,-11,11
36104,44,56,-12,12
36105,122,112,10,10
36106,92,94,-2,2
36107,87,87,0,0
36108,152,155,-3,3
36109,97,100,-3,3
36110,127,117,10,10
36111,61,66,-5,5
36112,58,66,-8,8
36113,94,95,-1,1
36114,123,123,0,0
36115,141,122,19,19
36116,61,70,-9,9
36117,151,169,-18,18
36118,117,115,2,2
36119,88,88,0,0
36120,71,70,1,1
36121,131,133,-2,2
36122,98,94,4,4
36123,54,60,-6,6
36124,133,124,9,9
36125,68,64,4,4
36126,49,62,-13,13
36127,106,102,4,4
36128,144,141,3,3
36129,105,107,-2,2
36130,59,57,2,2
36131,65,70,-5,5
36132,136,127,9,9
36133,58,60,-2,2
36134,49,53,-4,4
36135,47,55,-8,8
36136,87,87,0,0
36137,81,89,-8,8
36138,110,100,10,10
36139,119,114,5,5
36140,114,112,2,2
36141,77,74,3,3
36142,114,112,2,2
36143,112,109,3,3
36144,86,112,-26,26
36145,91,96,-5,5
36146,136,125,11,11
36147,52,52,0,0
36148,85,87,-2,2
36149,97,96,1,1
36150,151,142,9,9
36151,118,113,5,5
36152,156,136,20,20
36153,61,58,3,3
36154,107,103,4,4
36155,173,171,2,2
36156,86,90,-4,4
36157,74,79,-5,5
36158,90,84,6,6
36159,61,68,-7,7
36160,112,115,-3,3
36161,114,109,5,5
36162,86,87,-1,1
36163,115,119,-4,4
36164,128,127,1,1
36165,62,68,-6,6
36166,81,84,-3,3
36167,102,103,-1,1
36168,104,106,-2,2
36169,70,77,-7,7
36170,85,82,3,3
36171,59,67,-8,8
36172,112,102,10,10
36173,141,149,-8,8
36174,103,121,-18,18
36175,89,90,-1,1
36176,83,79,4,4
36177,54,58,-4,4
36178,70,77,-7,7
36179,75,79,-4,4
36180,124,119,5,5
36181,64,66,-2,2
36182,137,128,9,9
36183,112,125,-13,13
36184,60,73,-13,13
36185,103,107,-4,4
36186,76,73,3,3
36187,100,88,12,12
36188,68,74,-6,6
36189,72,83,-11,11
36190,52,61,-9,9
36191,91,88,3,3
36192,57,61,-4,4
36193,71,63,8,8
36194,99,104,-5,5
36195,117,130,-13,13
36196,179,171,8,8
36197,109,107,2,2
36198,33,38,-5,5
36199,101,101,0,0
36200,105,100,5,5
36201,88,85,3,3
36202,152,158,-6,6
36203,88,79,9,9
36204,140,130,10,10
36205,123,108,15,15
36206,129,122,7,7
36207,57,62,-5,5
36208,53,58,-5,5
36209,65,71,-6,6
36210,72,72,0,0
36211,127,139,-12,12
36212,62,73,-11,11
36213,47,58,-11,11
36214,101,101,0,0
36215,58,56,2,2
36216,90,98,-8,8
36217,71,71,0,0
36218,148,137,11,11
36219,131,122,9,9
36220,173,173,0,0
36221,140,127,13,13
36222,88,88,0,0
36223,105,109,-4,4
36224,129,120,9,9
36225,105,100,5,5
36226,113,124,-11,11
36227,83,91,-8,8
36228,58,61,-3,3
36229,59,64,-5,5
36230,110,89,21,21
36231,106,108,-2,2
36232,95,97,-2,2
36233,101,85,16,16
36234,56,64,-8,8
36235,134,134,0,0
36236,118,116,2,2
36237,114,103,11,11
36238,70,72,-2,2
36239,68,74,-6,6
36240,66,75,-9,9
36241,92,86,6,6
36242,113,114,-1,1
36243,108,103,5,5
36244,91,97,-6,6
36245,146,151,-5,5
36246,114,110,4,4
36247,103,104,-1,1
36248,108,129,-21,21
36249,60,64,-4,4
36250,62,66,-4,4
36251,102,102,0,0
36252,110,115,-5,5
36253,194,171,23,23
36254,53,62,-9,9
36255,102,102,0,0
36256,175,158,17,17
36257,66,64,2,2
36258,108,104,4,4
36259,112,106,6,6
36260,154,144,10,10
36261,121,124,-3,3
36262,66,67,-1,1
36263,84,83,1,1
36264,72,73,-1,1
36265,97,91,6,6
36266,125,119,6,6
36267,53,57,-4,4
36268,56,63,-7,7
36269,139,145,-6,6
36270,76,83,-7,7
36271,98,94,4,4
36272,64,67,-3,3
36273,102,100,2,2
36274,63,70,-7,7
36275,125,125,0,0
36276,133,113,20,20
36277,61,65,-4,4
36278,57,62,-5,5
36279,87,83,4,4
36280,65,73,-8,8
36281,45,54,-9,9
36282,105,112,-7,7
36283,123,113,10,10
36284,96,87,9,9
36285,146,153,-7,7
36286,65,72,-7,7
36287,93,86,7,7
36288,67,69,-2,2
36289,112,90,22,22
36290,128,120,8,8
36291,78,79,-1,1
36292,73,71,2,2
36293,89,84,5,5
36294,62,65,-3,3
36295,127,132,-5,5
36296,126,115,11,11
36297,80,77,3,3
36298,84,87,-3,3
36299,85,103,-18,18
36300,65,70,-5,5
36301,63,63,0,0
36302,42,54,-12,12
36303,84,80,4,4
36304,73,73,0,0
36305,50,51,-1,1
36306,107,128,-21,21
36307,108,103,5,5
36308,65,70,-5,5
36309,150,126,24,24
36310,101,99,2,2
36311,51,49,2,2
36312,74,75,-1,1
36313,79,77,2,2
36314,117,105,12,12
36315,71,82,-11,11
36316,70,76,-6,6
36317,75,76,-1,1
36318,38,55,-17,17
36319,104,106,-2,2
36320,97,96,1,1
36321,117,111,6,6
36322,78,73,5,5
36323,58,73,-15,15
36324,133,131,2,2
36325,51,57,-6,6
36326,117,117,0,0
36327,82,75,7,7
36328,155,148,7,7
36329,102,111,-9,9
36330,137,133,4,4
36331,85,80,5,5
36332,132,131,1,1
36333,35,39,-4,4
36334,72,75,-3,3
36335,119,124,-5,5
36336,90,86,4,4
36337,69,73,-4,4
36338,76,79,-3,3
36339,85,86,-1,1
36340,114,104,10,10
36341,84,112,-28,28
36342,78,79,-1,1
36343,55,63,-8,8
36344,102,106,-4,4
36345,163,143,20,20
36346,69,71,-2,2
36347,126,125,1,1
36348,43,38,5,5
36349,61,60,1,1
36350,54,60,-6,6
36351,109,105,4,4
36352,102,114,-12,12
36353,80,83,-3,3
36354,206,188,18,18
36355,51,56,-5,5
36356,89,77,12,12
36357,72,77,-5,5
36358,127,127,0,0
36359,76,79,-3,3
36360,107,104,3,3
36361,71,70,1,1
36362,66,67,-1,1
36363,76,73,3,3
36364,184,168,16,16
36365,129,128,1,1
36366,55,62,-7,7
36367,110,115,-5,5
36368,75,79,-4,4
36369,61,67,-6,6
36370,136,129,7,7
36371,103,97,6,6
36372,115,120,-5,5
36373,55,61,-6,6
36374,113,107,6,6
36375,89,80,9,9
36376,121,109,12,12
36377,80,93,-13,13
36378,141,131,10,10
36379,150,167,-17,17
36380,90,84,6,6
36381,73,75,-2,2
36382,137,159,-22,22
36383,107,96,11,11
36384,86,84,2,2
36385,112,113,-1,1
36386,46,60,-14,14
36387,72,74,-2,2
36388,99,101,-2,2
36389,63,68,-5,5
36390,126,104,22,22
36391,64,62,2,2
36392,90,100,-10,10
36393,59,67,-8,8
36394,66,61,5,5
36395,114,100,14,14
36396,102,100,2,2
36397,77,76,1,1
36398,90,76,14,14
36399,68,72,-4,4
36400,78,71,7,7
36401,71,72,-1,1
36402,49,56,-7,7
36403,83,79,4,4
36404,112,122,-10,10
36405,102,110,-8,8
36406,134,114,20,20
36407,57,63,-6,6
36408,71,73,-2,2
36409,163,164,-1,1
36410,130,123,7,7
36411,123,130,-7,7
36412,117,116,1,1
36413,78,77,1,1
36414,39,50,-11,11
36415,49,58,-9,9
36416,57,61,-4,4
36417,51,62,-11,11
36418,123,113,10,10
36419,92,92,0,0
36420,93,100,-7,7
36421,77,77,0,0
36422,197,162,35,35
36423,112,115,-3,3
36424,63,72,-9,9
36425,83,87,-4,4
36426,68,84,-16,16
36427,105,103,2,2
36428,62,71,-9,9
36429,71,70,1,1
36430,91,86,5,5
36431,85,80,5,5
36432,197,200,-3,3
36433,124,115,9,9
36434,119,115,4,4
36435,130,136,-6,6
36436,81,76,5,5
36437,92,96,-4,4
36438,71,72,-1,1
36439,67,67,0,0
36440,99,94,5,5
36441,94,97,-3,3
36442,114,120,-6,6
36443,167,156,11,11
36444,120,110,10,10
36445,125,111,14,14
36446,70,66,4,4
36447,114,110,4,4
36448,95,94,1,1
36449,46,58,-12,12
36450,101,107,-6,6
36451,61,62,-1,1
36452,90,99,-9,9
36453,67,133,-66,66
36454,157,143,14,14
36455,79,75,4,4
36456,105,103,2,2
36457,112,99,13,13
36458,89,94,-5,5
36459,105,106,-1,1
36460,124,114,10,10
36461,65,66,-1,1
36462,73,73,0,0
36463,66,72,-6,6
36464,61,69,-8,8
36465,125,140,-15,15
36466,122,129,-7,7
36467,76,73,3,3
36468,90,97,-7,7
36469,176,155,21,21
36470,62,70,-8,8
36471,139,136,3,3
36472,43,45,-2,2
36473,67,75,-8,8
36474,50,58,-8,8
36475,66,69,-3,3
36476,59,68,-9,9
36477,81,75,6,6
36478,83,76,7,7
36479,92,88,4,4
36480,76,82,-6,6
36481,62,62,0,0
36482,64,78,-14,14
36483,92,101,-9,9
36484,123,120,3,3
36485,84,75,9,9
36486,88,89,-1,1
36487,58,65,-7,7
36488,87,85,2,2
36489,73,74,-1,1
36490,44,61,-17,17
36491,123,116,7,7
36492,76,71,5,5
36493,82,87,-5,5
36494,84,84,0,0
36495,69,70,-1,1
36496,80,87,-7,7
36497,104,103,1,1
36498,81,82,-1,1
36499,79,86,-7,7
36500,90,107,-17,17
36501,105,107,-2,2
36502,140,139,1,1
36503,85,84,1,1
36504,96,94,2,2
36505,102,102,0,0
36506,81,76,5,5
36507,117,110,7,7
36508,68,68,0,0
36509,79,79,0,0
36510,143,132,11,11
36511,66,62,4,4
36512,52,58,-6,6
36513,109,99,10,10
36514,40,58,-18,18
36515,140,128,12,12
36516,115,110,5,5
36517,74,85,-11,11
36518,61,70,-9,9
36519,66,71,-5,5
36520,92,78,14,14
36521,48,75,-27,27
36522,116,114,2,2
36523,141,129,12,12
36524,113,107,6,6
36525,89,82,7,7
36526,139,125,14,14
36527,134,132,2,2
36528,152,150,2,2
36529,88,88,0,0
36530,93,95,-2,2
36531,161,154,7,7
36532,90,94,-4,4
36533,68,67,1,1
36534,148,136,12,12
36535,82,80,2,2
36536,96,91,5,5
36537,171,175,-4,4
36538,96,107,-11,11
36539,66,70,-4,4
36540,113,107,6,6
36541,78,80,-2,2
36542,82,80,2,2
36543,61,65,-4,4
36544,82,77,5,5
36545,99,108,-9,9
36546,225,188,37,37
36547,81,77,4,4
36548,62,61,1,1
36549,66,71,-5,5
36550,44,57,-13,13
36551,74,84,-10,10
36552,83,79,4,4
36553,109,106,3,3
36554,51,62,-11,11
36555,121,113,8,8
36556,83,74,9,9
36557,81,93,-12,12
36558,53,62,-9,9
36559,73,83,-10,10
36560,109,100,9,9
36561,151,150,1,1
36562,115,112,3,3
36563,122,113,9,9
36564,116,118,-2,2
36565,107,101,6,6
36566,109,103,6,6
36567,72,70,2,2
36568,43,41,2,2
36569,78,76,2,2
36570,127,116,11,11
36571,50,58,-8,8
36572,96,93,3,3
36573,53,61,-8,8
36574,37,42,-5,5
36575,94,83,11,11
36576,56,67,-11,11
36577,27,29,-2,2
36578,38,51,-13,13
36579,109,112,-3,3
36580,109,110,-1,1
36581,70,76,-6,6
36582,60,69,-9,9
36583,82,93,-11,11
36584,67,68,-1,1
36585,67,71,-4,4
36586,78,74,4,4
36587,62,74,-12,12
36588,49,60,-11,11
36589,109,101,8,8
36590,88,94,-6,6
36591,81,94,-13,13
36592,82,85,-3,3
36593,90,85,5,5
36594,79,79,0,0
36595,97,88,9,9
36596,75,79,-4,4
36597,104,97,7,7
36598,84,89,-5,5
36599,146,142,4,4
36600,62,66,-4,4
36601,104,112,-8,8
36602,106,111,-5,5
36603,92,96,-4,4
36604,92,91,1,1
36605,92,96,-4,4
36606,71,73,-2,2
36607,91,95,-4,4
36608,87,83,4,4
36609,79,97,-18,18
36610,86,102,-16,16
36611,128,115,13,13
36612,186,182,4,4
36613,138,127,11,11
36614,89,80,9,9
36615,168,157,11,11
36616,46,55,-9,9
36617,93,90,3,3
36618,72,77,-5,5
36619,110,102,8,8
36620,99,87,12,12
36621,51,55,-4,4
36622,93,95,-2,2
36623,99,97,2,2
36624,126,120,6,6
36625,64,69,-5,5
36626,209,195,14,14
36627,102,101,1,1
36628,98,101,-3,3
36629,79,72,7,7
36630,85,95,-10,10
36631,64,67,-3,3
36632,83,80,3,3
36633,121,102,19,19
36634,111,106,5,5
36635,72,74,-2,2
36636,97,92,5,5
36637,96,85,11,11
36638,64,68,-4,4
36639,128,123,5,5
36640,34,34,0,0
36641,124,103,21,21
36642,84,77,7,7
36643,132,128,4,4
36644,55,61,-6,6
36645,118,115,3,3
36646,47,55,-8,8
36647,74,73,1,1
36648,75,72,3,3
36649,93,94,-1,1
36650,171,147,24,24
36651,81,83,-2,2
36652,62,69,-7,7
36653,81,77,4,4
36654,83,76,7,7
36655,65,67,-2,2
36656,61,66,-5,5
36657,83,89,-6,6
36658,102,101,1,1
36659,78,76,2,2
36660,85,83,2,2
36661,122,116,6,6
36662,60,63,-3,3
36663,151,156,-5,5
36664,72,77,-5,5
36665,93,93,0,0
36666,99,98,1,1
36667,95,103,-8,8
36668,105,103,2,2
36669,83,71,12,12
36670,128,131,-3,3
36671,76,112,-36,36
36672,114,104,10,10
36673,125,128,-3,3
36674,88,84,4,4
36675,117,123,-6,6
36676,54,58,-4,4
36677,102,102,0,0
36678,60,59,1,1
36679,47,67,-20,20
36680,76,73,3,3
36681,53,61,-8,8
36682,83,86,-3,3
36683,148,156,-8,8
36684,101,99,2,2
36685,126,120,6,6
36686,124,197,-73,73
36687,114,112,2,2
36688,74,81,-7,7
36689,83,93,-10,10
36690,109,100,9,9
36691,89,100,-11,11
36692,76,77,-1,1
36693,53,62,-9,9
36694,78,78,0,0
36695,60,66,-6,6
36696,136,128,8,8
36697,42,61,-19,19
36698,126,116,10,10
36699,99,111,-12,12
36700,96,100,-4,4
36701,45,54,-9,9
36702,77,74,3,3
36703,167,149,18,18
36704,102,130,-28,28
36705,92,99,-7,7
36706,61,62,-1,1
36707,138,128,10,10
36708,117,126,-9,9
36709,127,118,9,9
36710,92,77,15,15
36711,83,84,-1,1
36712,69,71,-2,2
36713,189,172,17,17
36714,89,82,7,7
36715,154,150,4,4
36716,78,80,-2,2
36717,92,92,0,0
36718,151,157,-6,6
36719,138,148,-10,10
36720,73,73,0,0
36721,152,150,2,2
36722,122,120,2,2
36723,71,68,3,3
36724,118,115,3,3
36725,93,83,10,10
36726,104,101,3,3
36727,85,77,8,8
36728,91,90,1,1
36729,50,56,-6,6
36730,102,87,15,15
36731,120,120,0,0
36732,111,103,8,8
36733,71,76,-5,5
36734,57,58,-1,1
36735,161,123,38,38
36736,53,56,-3,3
36737,122,137,-15,15
36738,125,125,0,0
36739,83,82,1,1
36740,74,81,-7,7
36741,78,77,1,1
36742,51,58,-7,7
36743,167,143,24,24
36744,78,80,-2,2
36745,207,196,11,11
36746,120,117,3,3
36747,142,144,-2,2
36748,71,80,-9,9
36749,144,124,20,20
36750,55,57,-2,2
36751,75,69,6,6
36752,113,122,-9,9
36753,100,114,-14,14
36754,56,63,-7,7
36755,137,123,14,14
36756,92,95,-3,3
36757,142,132,10,10
36758,114,113,1,1
36759,47,57,-10,10
36760,61,62,-1,1
36761,130,122,8,8
36762,68,72,-4,4
36763,72,87,-15,15
36764,39,42,-3,3
36765,116,121,-5,5
36766,135,126,9,9
36767,121,112,9,9
36768,126,119,7,7
36769,115,126,-11,11
36770,92,90,2,2
36771,137,123,14,14
36772,67,69,-2,2
36773,58,60,-2,2
36774,74,77,-3,3
36775,66,60,6,6
36776,70,66,4,4
36777,89,113,-24,24
36778,85,94,-9,9
36779,77,78,-1,1
36780,54,59,-5,5
36781,103,105,-2,2
36782,45,58,-13,13
36783,35,50,-15,15
36784,84,114,-30,30
36785,61,74,-13,13
36786,114,108,6,6
36787,47,58,-11,11
36788,86,84,2,2
36789,92,97,-5,5
36790,61,60,1,1
36791,96,96,0,0
36792,48,54,-6,6
36793,115,127,-12,12
36794,209,197,12,12
36795,89,89,0,0
36796,63,61,2,2
36797,68,72,-4,4
36798,88,100,-12,12
36799,63,74,-11,11
36800,121,128,-7,7
36801,146,162,-16,16
36802,64,66,-2,2
36803,75,75,0,0
36804,118,127,-9,9
36805,121,125,-4,4
36806,87,82,5,5
36807,80,80,0,0
36808,80,83,-3,3
36809,107,98,9,9
36810,137,130,7,7
36811,96,86,10,10
36812,74,70,4,4
36813,90,79,11,11
36814,70,67,3,3
36815,45,54,-9,9
36816,63,62,1,1
36817,122,117,5,5
36818,80,75,5,5
36819,91,93,-2,2
36820,241,224,17,17
36821,49,57,-8,8
36822,115,126,-11,11
36823,136,109,27,27
36824,87,77,10,10
36825,90,104,-14,14
36826,86,82,4,4
36827,126,119,7,7
36828,63,78,-15,15
36829,68,69,-1,1
36830,83,74,9,9
36831,101,101,0,0
36832,82,111,-29,29
36833,105,112,-7,7
36834,141,144,-3,3
36835,67,72,-5,5
36836,29,32,-3,3
36837,96,102,-6,6
36838,69,68,1,1
36839,62,68,-6,6
36840,68,74,-6,6
36841,96,84,12,12
36842,122,127,-5,5
36843,109,113,-4,4
36844,83,79,4,4
36845,127,119,8,8
36846,115,127,-12,12
36847,95,93,2,2
36848,64,65,-1,1
36849,80,82,-2,2
36850,285,289,-4,4
36851,88,84,4,4
36852,154,126,28,28
36853,163,155,8,8
36854,68,113,-45,45
36855,72,77,-5,5
36856,184,181,3,3
36857,87,80,7,7
36858,58,65,-7,7
36859,110,116,-6,6
36860,62,70,-8,8
36861,53,52,1,1
36862,158,164,-6,6
36863,87,105,-18,18
36864,70,80,-10,10
36865,72,74,-2,2
36866,141,124,17,17
36867,94,89,5,5
36868,48,62,-14,14
36869,56,61,-5,5
36870,169,158,11,11
36871,81,104,-23,23
36872,71,71,0,0
36873,97,85,12,12
36874,73,75,-2,2
36875,90,94,-4,4
36876,122,116,6,6
36877,68,64,4,4
36878,128,119,9,9
36879,68,71,-3,3
36880,128,129,-1,1
36881,80,81,-1,1
36882,76,69,7,7
36883,131,142,-11,11
36884,96,97,-1,1
36885,118,129,-11,11
36886,112,103,9,9
36887,174,165,9,9
36888,44,43,1,1
36889,92,99,-7,7
36890,66,68,-2,2
36891,90,94,-4,4
36892,144,135,9,9
36893,110,102,8,8
36894,164,142,22,22
36895,85,81,4,4
36896,87,100,-13,13
36897,126,145,-19,19
36898,70,72,-2,2
36899,111,115,-4,4
36900,56,60,-4,4
36901,50,57,-7,7
36902,93,97,-4,4
36903,66,71,-5,5
36904,77,76,1,1
36905,59,64,-5,5
36906,95,101,-6,6
36907,79,76,3,3
36908,84,83,1,1
36909,81,79,2,2
36910,118,104,14,14
36911,62,63,-1,1
36912,113,115,-2,2
36913,89,77,12,12
36914,109,102,7,7
36915,157,150,7,7
36916,144,162,-18,18
36917,113,105,8,8
36918,136,122,14,14
36919,55,50,5,5
36920,100,128,-28,28
36921,127,114,13,13
36922,137,134,3,3
36923,77,74,3,3
36924,75,75,0,0
36925,96,100,-4,4
36926,183,175,8,8
36927,100,95,5,5
36928,66,64,2,2
36929,87,89,-2,2
36930,76,79,-3,3
36931,79,96,-17,17
36932,84,83,1,1
36933,101,97,4,4
36934,110,113,-3,3
36935,97,97,0,0
36936,55,59,-4,4
36937,94,84,10,10
36938,65,70,-5,5
36939,78,76,2,2
36940,69,71,-2,2
36941,171,164,7,7
36942,78,77,1,1
36943,58,62,-4,4
36944,79,77,2,2
36945,90,81,9,9
36946,43,38,5,5
36947,80,96,-16,16
36948,121,130,-9,9
36949,186,170,16,16
36950,87,85,2,2
36951,25,29,-4,4
36952,77,82,-5,5
36953,111,112,-1,1
36954,60,61,-1,1
36955,70,74,-4,4
36956,145,131,14,14
36957,83,78,5,5
36958,87,77,10,10
36959,79,77,2,2
36960,110,110,0,0
36961,70,67,3,3
36962,157,149,8,8
36963,95,93,2,2
36964,62,69,-7,7
36965,83,82,1,1
36966,64,65,-1,1
36967,240,233,7,7
36968,77,79,-2,2
36969,171,157,14,14
36970,111,112,-1,1
36971,98,89,9,9
36972,60,62,-2,2
36973,94,94,0,0
36974,117,113,4,4
36975,113,113,0,0
36976,149,162,-13,13
36977,84,83,1,1
36978,50,60,-10,10
36979,109,121,-12,12
36980,77,90,-13,13
36981,125,120,5,5
36982,74,84,-10,10
36983,80,79,1,1
36984,70,73,-3,3
36985,79,82,-3,3
36986,125,107,18,18
36987,102,85,17,17
36988,72,72,0,0
36989,99,102,-3,3
36990,73,82,-9,9
36991,104,97,7,7
36992,99,96,3,3
36993,97,88,9,9
36994,135,135,0,0
36995,80,85,-5,5
36996,146,147,-1,1
36997,59,67,-8,8
36998,95,97,-2,2
36999,159,141,18,18
37000,73,68,5,5
37001,94,94,0,0
37002,159,135,24,24
37003,178,161,17,17
37004,58,60,-2,2
37005,88,81,7,7
37006,88,93,-5,5
37007,81,87,-6,6
37008,79,76,3,3
37009,54,58,-4,4
37010,88,84,4,4
37011,75,70,5,5
37012,101,89,12,12
37013,89,82,7,7
37014,51,59,-8,8
37015,121,118,3,3
37016,110,115,-5,5
37017,99,89,10,10
37018,63,68,-5,5
37019,113,113,0,0
37020,137,139,-2,2
37021,114,123,-9,9
37022,87,81,6,6
37023,176,149,27,27
37024,136,129,7,7
37025,104,101,3,3
37026,131,37,94,94
37027,100,112,-12,12
37028,110,115,-5,5
37029,54,55,-1,1
37030,99,102,-3,3
37031,55,63,-8,8
37032,141,127,14,14
37033,142,138,4,4
37034,125,111,14,14
37035,114,124,-10,10
37036,121,119,2,2
37037,138,126,12,12
37038,66,77,-11,11
37039,108,104,4,4
37040,137,130,7,7
37041,57,61,-4,4
37042,97,102,-5,5
37043,114,104,10,10
37044,124,153,-29,29
37045,66,71,-5,5
37046,51,55,-4,4
37047,162,152,10,10
37048,161,155,6,6
37049,116,112,4,4
37050,111,115,-4,4
37051,143,142,1,1
37052,41,56,-15,15
37053,97,86,11,11
37054,49,57,-8,8
37055,156,147,9,9
37056,48,53,-5,5
37057,82,77,5,5
37058,58,59,-1,1
37059,81,79,2,2
37060,81,80,1,1
37061,68,71,-3,3
37062,120,121,-1,1
37063,28,33,-5,5
37064,84,97,-13,13
37065,96,98,-2,2
37066,79,79,0,0
37067,446,369,77,77
37068,132,132,0,0
37069,131,126,5,5
37070,60,73,-13,13
37071,78,74,4,4
37072,113,111,2,2
37073,67,70,-3,3
37074,83,81,2,2
37075,77,71,6,6
37076,82,83,-1,1
37077,60,66,-6,6
37078,112,109,3,3
37079,124,116,8,8
37080,150,131,19,19
37081,87,85,2,2
37082,129,120,9,9
37083,151,145,6,6
37084,36,46,-10,10
37085,100,103,-3,3
37086,57,106,-49,49
37087,108,113,-5,5
37088,78,83,-5,5
37089,72,69,3,3
37090,69,80,-11,11
37091,108,113,-5,5
37092,87,82,5,5
37093,51,67,-16,16
37094,48,54,-6,6
37095,98,113,-15,15
37096,31,57,-26,26
37097,140,116,24,24
37098,74,73,1,1
37099,95,104,-9,9
37100,87,84,3,3
37101,120,121,-1,1
37102,83,77,6,6
37103,81,97,-16,16
37104,75,76,-1,1
37105,87,86,1,1
37106,145,143,2,2
37107,98,93,5,5
37108,52,50,2,2
37109,83,82,1,1
37110,55,73,-18,18
37111,110,115,-5,5
37112,125,130,-5,5
37113,87,79,8,8
37114,101,101,0,0
37115,81,72,9,9
37116,143,141,2,2
37117,218,198,20,20
37118,79,74,5,5
37119,97,91,6,6
37120,58,64,-6,6
37121,116,122,-6,6
37122,76,70,6,6
37123,94,92,2,2
37124,79,94,-15,15
37125,60,62,-2,2
37126,103,109,-6,6
37127,51,56,-5,5
37128,113,106,7,7
37129,83,101,-18,18
37130,121,121,0,0
37131,87,74,13,13
37132,152,147,5,5
37133,97,90,7,7
37134,169,165,4,4
37135,73,85,-12,12
37136,141,149,-8,8
37137,88,78,10,10
37138,75,167,-92,92
37139,78,76,2,2
37140,114,107,7,7
37141,95,83,12,12
37142,100,111,-11,11
37143,94,96,-2,2
37144,62,69,-7,7
37145,75,92,-17,17
37146,91,97,-6,6
37147,155,133,22,22
37148,82,77,5,5
37149,120,116,4,4
37150,154,141,13,13
37151,45,52,-7,7
37152,69,72,-3,3
37153,70,75,-5,5
37154,129,129,0,0
37155,83,78,5,5
37156,102,91,11,11
37157,34,39,-5,5
37158,84,79,5,5
37159,93,91,2,2
37160,173,157,16,16
37161,81,85,-4,4
37162,112,124,-12,12
37163,141,134,7,7
37164,117,112,5,5
37165,87,95,-8,8
37166,89,104,-15,15
37167,138,142,-4,4
37168,77,82,-5,5
37169,71,76,-5,5
37170,108,113,-5,5
37171,84,81,3,3
37172,90,101,-11,11
37173,156,145,11,11
37174,90,94,-4,4
37175,91,91,0,0
37176,64,65,-1,1
37177,66,70,-4,4
37178,59,57,2,2
37179,124,114,10,10
37180,49,50,-1,1
37181,108,112,-4,4
37182,83,83,0,0
37183,115,102,13,13
37184,59,67,-8,8
37185,51,69,-18,18
37186,90,83,7,7
37187,77,90,-13,13
37188,59,59,0,0
37189,100,101,-1,1
37190,138,127,11,11
37191,237,224,13,13
37192,71,72,-1,1
37193,51,57,-6,6
37194,160,165,-5,5
37195,162,133,29,29
37196,121,119,2,2
37197,122,113,9,9
37198,64,64,0,0
37199,78,75,3,3
37200,107,133,-26,26
37201,102,106,-4,4
37202,74,82,-8,8
37203,90,100,-10,10
37204,65,64,1,1
37205,85,85,0,0
37206,88,87,1,1
37207,95,97,-2,2
37208,92,94,-2,2
37209,148,127,21,21
37210,89,86,3,3
37211,63,67,-4,4
37212,98,87,11,11
37213,74,72,2,2
37214,69,71,-2,2
37215,58,65,-7,7
37216,148,133,15,15
37217,75,80,-5,5
37218,128,123,5,5
37219,63,74,-11,11
37220,113,97,16,16
37221,88,98,-10,10
37222,68,63,5,5
37223,98,96,2,2
37224,79,82,-3,3
37225,69,74,-5,5
37226,284,259,25,25
37227,76,76,0,0
37228,98,100,-2,2
37229,73,77,-4,4
37230,135,131,4,4
37231,71,69,2,2
37232,85,79,6,6
37233,58,66,-8,8
37234,110,112,-2,2
37235,63,66,-3,3
37236,91,93,-2,2
37237,72,76,-4,4
37238,111,135,-24,24
37239,75,71,4,4
37240,127,134,-7,7
37241,157,143,14,14
37242,136,137,-1,1
37243,66,66,0,0
37244,53,59,-6,6
37245,76,79,-3,3
37246,76,71,5,5
37247,123,132,-9,9
37248,90,87,3,3
37249,62,67,-5,5
37250,93,113,-20,20
37251,150,138,12,12
37252,114,111,3,3
37253,99,83,16,16
37254,85,82,3,3
37255,68,67,1,1
37256,54,59,-5,5
37257,64,67,-3,3
37258,126,125,1,1
37259,52,58,-6,6
37260,119,112,7,7
37261,112,109,3,3
37262,257,237,20,20
37263,75,79,-4,4
37264,58,60,-2,2
37265,87,87,0,0
37266,50,55,-5,5
37267,79,83,-4,4
37268,142,131,11,11
37269,122,126,-4,4
37270,69,73,-4,4
37271,82,79,3,3
37272,83,86,-3,3
37273,87,80,7,7
37274,132,128,4,4
37275,110,120,-10,10
37276,98,85,13,13
37277,93,94,-1,1
37278,112,121,-9,9
37279,101,93,8,8
37280,97,102,-5,5
37281,111,115,-4,4
37282,53,58,-5,5
37283,78,87,-9,9
37284,104,100,4,4
37285,86,80,6,6
37286,109,107,2,2
37287,136,126,10,10
37288,113,127,-14,14
37289,53,61,-8,8
37290,85,76,9,9
37291,142,126,16,16
37292,141,139,2,2
37293,87,88,-1,1
37294,79,76,3,3
37295,171,155,16,16
37296,104,108,-4,4
37297,91,120,-29,29
37298,70,71,-1,1
37299,93,101,-8,8
37300,115,115,0,0
37301,49,43,6,6
37302,115,102,13,13
37303,85,79,6,6
37304,96,99,-3,3
37305,112,110,2,2
37306,133,138,-5,5
37307,114,109,5,5
37308,78,100,-22,22
37309,158,147,11,11
37310,73,70,3,3
37311,44,53,-9,9
37312,160,159,1,1
37313,114,114,0,0
37314,163,121,42,42
37315,113,108,5,5
37316,92,100,-8,8
37317,35,47,-12,12
37318,135,131,4,4
37319,113,112,1,1
37320,105,102,3,3
37321,79,73,6,6
37322,130,121,9,9
37323,129,128,1,1
37324,81,84,-3,3
37325,71,77,-6,6
37326,233,203,30,30
37327,79,85,-6,6
37328,88,87,1,1
37329,121,126,-5,5
37330,132,122,10,10
37331,179,164,15,15
37332,199,186,13,13
37333,133,126,7,7
37334,127,120,7,7
37335,71,74,-3,3
37336,59,65,-6,6
37337,92,90,2,2
37338,98,99,-1,1
37339,93,81,12,12
37340,103,80,23,23
37341,114,122,-8,8
37342,80,82,-2,2
37343,84,83,1,1
37344,95,87,8,8
37345,141,135,6,6
37346,184,170,14,14
37347,138,117,21,21
37348,59,65,-6,6
37349,172,165,7,7
37350,146,136,10,10
37351,72,75,-3,3
37352,139,143,-4,4
37353,108,107,1,1
37354,91,101,-10,10
37355,38,34,4,4
37356,44,55,-11,11
37357,86,80,6,6
37358,68,76,-8,8
37359,68,66,2,2
37360,100,104,-4,4
37361,135,123,12,12
37362,30,46,-16,16
37363,149,143,6,6
37364,93,93,0,0
37365,132,136,-4,4
37366,61,63,-2,2
37367,104,111,-7,7
37368,119,114,5,5
37369,61,66,-5,5
37370,79,80,-1,1
37371,48,58,-10,10
37372,80,66,14,14
37373,145,170,-25,25
37374,65,74,-9,9
37375,68,69,-1,1
37376,68,70,-2,2
37377,78,84,-6,6
37378,65,65,0,0
37379,98,95,3,3
37380,102,107,-5,5
37381,115,99,16,16
37382,71,71,0,0
37383,63,69,-6,6
37384,64,75,-11,11
37385,97,94,3,3
37386,102,95,7,7
37387,101,102,-1,1
37388,34,35,-1,1
37389,70,73,-3,3
37390,53,64,-11,11
37391,92,93,-1,1
37392,83,85,-2,2
37393,101,108,-7,7
37394,76,73,3,3
37395,76,78,-2,2
37396,111,107,4,4
37397,49,65,-16,16
37398,55,66,-11,11
37399,115,108,7,7
37400,126,122,4,4
37401,121,109,12,12
37402,145,133,12,12
37403,60,77,-17,17
37404,73,67,6,6
37405,63,68,-5,5
37406,71,71,0,0
37407,81,80,1,1
37408,98,100,-2,2
37409,138,137,1,1
37410,69,77,-8,8
37411,172,186,-14,14
37412,57,69,-12,12
37413,119,112,7,7
37414,65,71,-6,6
37415,54,60,-6,6
37416,86,97,-11,11
37417,116,118,-2,2
37418,145,130,15,15
37419,102,108,-6,6
37420,108,105,3,3
37421,63,66,-3,3
37422,125,117,8,8
37423,90,90,0,0
37424,139,140,-1,1
37425,94,96,-2,2
37426,86,88,-2,2
37427,44,46,-2,2
37428,89,98,-9,9
37429,82,80,2,2
37430,114,104,10,10
37431,60,61,-1,1
37432,103,93,10,10
37433,58,59,-1,1
37434,108,116,-8,8
37435,140,146,-6,6
37436,160,157,3,3
37437,54,60,-6,6
37438,106,100,6,6
37439,140,140,0,0
37440,101,100,1,1
37441,120,118,2,2
37442,118,113,5,5
37443,116,113,3,3
37444,108,107,1,1
37445,205,209,-4,4
37446,192,180,12,12
37447,97,97,0,0
37448,59,64,-5,5
37449,60,69,-9,9
37450,51,55,-4,4
37451,48,53,-5,5
37452,118,113,5,5
37453,209,192,17,17
37454,64,69,-5,5
37455,76,82,-6,6
37456,130,126,4,4
37457,83,96,-13,13
37458,69,77,-8,8
37459,66,61,5,5
37460,81,89,-8,8
37461,116,132,-16,16
37462,91,98,-7,7
37463,178,174,4,4
37464,148,160,-12,12
37465,160,159,1,1
37466,116,129,-13,13
37467,87,93,-6,6
37468,93,93,0,0
37469,71,74,-3,3
37470,121,115,6,6
37471,85,75,10,10
37472,75,77,-2,2
37473,101,101,0,0
37474,72,74,-2,2
37475,60,64,-4,4
37476,102,94,8,8
37477,111,104,7,7
37478,81,90,-9,9
37479,75,91,-16,16
37480,107,114,-7,7
37481,75,79,-4,4
37482,67,75,-8,8
37483,126,131,-5,5
37484,106,110,-4,4
37485,126,125,1,1
37486,104,107,-3,3
37487,65,75,-10,10
37488,92,94,-2,2
37489,78,72,6,6
37490,127,124,3,3
37491,88,91,-3,3
37492,35,49,-14,14
37493,87,91,-4,4
37494,53,66,-13,13
37495,108,109,-1,1
37496,89,88,1,1
37497,79,77,2,2
37498,79,85,-6,6
37499,138,120,18,18
37500,92,85,7,7
37501,84,83,1,1
37502,65,67,-2,2
37503,74,75,-1,1
37504,147,141,6,6
37505,96,94,2,2
37506,124,120,4,4
37507,84,89,-5,5
37508,118,115,3,3
37509,80,76,4,4
37510,89,98,-9,9
37511,154,157,-3,3
37512,96,113,-17,17
37513,73,81,-8,8
37514,218,190,28,28
37515,108,107,1,1
37516,156,148,8,8
37517,56,65,-9,9
37518,105,102,3,3
37519,103,127,-24,24
37520,98,100,-2,2
37521,161,157,4,4
37522,150,128,22,22
37523,50,58,-8,8
37524,99,98,1,1
37525,62,68,-6,6
37526,102,104,-2,2
37527,86,83,3,3
37528,81,79,2,2
37529,51,61,-10,10
37530,100,95,5,5
37531,74,73,1,1
37532,65,62,3,3
37533,95,96,-1,1
37534,99,98,1,1
37535,84,91,-7,7
37536,114,108,6,6
37537,99,89,10,10
37538,58,58,0,0
37539,49,48,1,1
37540,119,109,10,10
37541,83,85,-2,2
37542,96,101,-5,5
37543,70,75,-5,5
37544,108,105,3,3
37545,128,113,15,15
37546,75,73,2,2
37547,72,72,0,0
37548,88,76,12,12
37549,71,70,1,1
37550,103,96,7,7
37551,109,102,7,7
37552,77,83,-6,6
37553,74,73,1,1
37554,105,97,8,8
37555,56,53,3,3
37556,95,92,3,3
37557,152,140,12,12
37558,62,65,-3,3
37559,128,124,4,4
37560,108,99,9,9
37561,58,67,-9,9
37562,144,126,18,18
37563,109,102,7,7
37564,66,66,0,0
37565,114,115,-1,1
37566,150,133,17,17
37567,98,93,5,5
37568,151,145,6,6
37569,73,71,2,2
37570,84,80,4,4
37571,126,124,2,2
37572,50,59,-9,9
37573,101,113,-12,12
37574,56,65,-9,9
37575,95,99,-4,4
37576,65,70,-5,5
37577,141,124,17,17
37578,94,93,1,1
37579,67,72,-5,5
37580,55,64,-9,9
37581,65,68,-3,3
37582,52,69,-17,17
37583,95,86,9,9
37584,158,150,8,8
37585,106,34,72,72
37586,101,100,1,1
37587,96,92,4,4
37588,132,133,-1,1
37589,91,85,6,6
37590,80,79,1,1
37591,209,192,17,17
37592,71,80,-9,9
37593,94,107,-13,13
37594,93,85,8,8
37595,103,108,-5,5
37596,69,77,-8,8
37597,190,190,0,0
37598,92,90,2,2
37599,105,99,6,6
37600,69,74,-5,5
37601,54,69,-15,15
37602,59,64,-5,5
37603,82,84,-2,2
37604,84,86,-2,2
37605,30,56,-26,26
37606,150,139,11,11
37607,65,67,-2,2
37608,88,84,4,4
37609,80,78,2,2
37610,174,163,11,11
37611,134,160,-26,26
37612,82,77,5,5
37613,77,71,6,6
37614,65,72,-7,7
37615,49,56,-7,7
37616,95,103,-8,8
37617,67,70,-3,3
37618,69,68,1,1
37619,125,129,-4,4
37620,124,129,-5,5
37621,81,82,-1,1
37622,93,91,2,2
37623,148,125,23,23
37624,158,147,11,11
37625,107,105,2,2
37626,138,126,12,12
37627,106,107,-1,1
37628,102,108,-6,6
37629,151,152,-1,1
37630,103,110,-7,7
37631,77,74,3,3
37632,139,133,6,6
37633,122,121,1,1
37634,86,77,9,9
37635,85,82,3,3
37636,76,71,5,5
37637,115,104,11,11
37638,137,125,12,12
37639,113,127,-14,14
37640,155,137,18,18
37641,66,76,-10,10
37642,75,74,1,1
37643,120,121,-1,1
37644,116,102,14,14
37645,152,151,1,1
37646,56,63,-7,7
37647,205,186,19,19
37648,96,98,-2,2
37649,101,95,6,6
37650,100,100,0,0
37651,94,87,7,7
37652,130,122,8,8
37653,61,77,-16,16
37654,123,118,5,5
37655,111,121,-10,10
37656,136,143,-7,7
37657,166,150,16,16
37658,85,94,-9,9
37659,99,100,-1,1
37660,58,64,-6,6
37661,98,93,5,5
37662,88,76,12,12
37663,164,147,17,17
37664,67,70,-3,3
37665,112,98,14,14
37666,105,102,3,3
37667,151,139,12,12
37668,80,72,8,8
37669,121,127,-6,6
37670,179,148,31,31
37671,151,144,7,7
37672,116,114,2,2
37673,93,88,5,5
37674,96,92,4,4
37675,112,124,-12,12
37676,45,51,-6,6
37677,100,99,1,1
37678,71,80,-9,9
37679,72,69,3,3
37680,124,116,8,8
37681,54,55,-1,1
37682,135,129,6,6
37683,125,115,10,10
37684,125,107,18,18
37685,104,115,-11,11
37686,76,74,2,2
37687,106,139,-33,33
37688,76,76,0,0
37689,87,89,-2,2
37690,146,141,5,5
37691,91,81,10,10
37692,72,85,-13,13
37693,149,147,2,2
37694,82,81,1,1
37695,157,147,10,10
37696,138,125,13,13
37697,122,120,2,2
37698,105,106,-1,1
37699,88,82,6,6
37700,157,172,-15,15
37701,108,101,7,7
37702,94,89,5,5
37703,102,108,-6,6
37704,51,68,-17,17
37705,84,84,0,0
37706,67,82,-15,15
37707,128,119,9,9
37708,130,128,2,2
37709,165,155,10,10
37710,100,115,-15,15
37711,121,128,-7,7
37712,74,79,-5,5
37713,58,59,-1,1
37714,88,100,-12,12
37715,105,112,-7,7
37716,116,113,3,3
37717,103,98,5,5
37718,101,102,-1,1
37719,108,114,-6,6
37720,75,91,-16,16
37721,106,109,-3,3
37722,69,73,-4,4
37723,87,85,2,2
37724,68,79,-11,11
37725,51,59,-8,8
37726,61,66,-5,5
37727,110,109,1,1
37728,104,100,4,4
37729,70,69,1,1
37730,47,59,-12,12
37731,69,82,-13,13
37732,48,62,-14,14
37733,92,91,1,1
37734,116,115,1,1
37735,94,98,-4,4
37736,79,84,-5,5
37737,116,129,-13,13
37738,133,137,-4,4
37739,70,74,-4,4
37740,153,149,4,4
37741,41,85,-44,44
37742,73,74,-1,1
37743,109,113,-4,4
37744,145,126,19,19
37745,106,110,-4,4
37746,89,82,7,7
37747,69,81,-12,12
37748,73,76,-3,3
37749,61,67,-6,6
37750,127,123,4,4
37751,104,106,-2,2
37752,103,101,2,2
37753,107,98,9,9
37754,116,119,-3,3
37755,66,76,-10,10
37756,130,126,4,4
37757,102,94,8,8
37758,102,103,-1,1
37759,72,79,-7,7
37760,98,94,4,4
37761,55,61,-6,6
37762,90,101,-11,11
37763,116,112,4,4
37764,64,72,-8,8
37765,113,107,6,6
37766,75,80,-5,5
37767,75,90,-15,15
37768,119,117,2,2
37769,81,74,7,7
37770,74,74,0,0
37771,156,149,7,7
37772,93,94,-1,1
37773,84,84,0,0
37774,118,139,-21,21
37775,70,69,1,1
37776,197,195,2,2
37777,57,64,-7,7
37778,41,60,-19,19
37779,110,119,-9,9
37780,94,94,0,0
37781,121,111,10,10
37782,77,80,-3,3
37783,104,82,22,22
37784,98,96,2,2
37785,101,99,2,2
37786,65,76,-11,11
37787,140,129,11,11
37788,113,105,8,8
37789,103,88,15,15
37790,84,76,8,8
37791,75,72,3,3
37792,136,126,10,10
37793,123,119,4,4
37794,117,122,-5,5
37795,107,103,4,4
37796,64,66,-2,2
37797,61,69,-8,8
37798,216,179,37,37
37799,94,99,-5,5
37800,96,101,-5,5
37801,83,101,-18,18
37802,42,52,-10,10
37803,93,102,-9,9
37804,61,69,-8,8
37805,101,79,22,22
37806,118,113,5,5
37807,100,95,5,5
37808,107,130,-23,23
37809,98,102,-4,4
37810,64,65,-1,1
37811,215,211,4,4
37812,127,123,4,4
37813,91,84,7,7
37814,113,128,-15,15
37815,82,84,-2,2
37816,120,124,-4,4
37817,72,70,2,2
37818,77,93,-16,16
37819,79,84,-5,5
37820,67,74,-7,7
37821,89,93,-4,4
37822,54,62,-8,8
37823,97,103,-6,6
37824,82,80,2,2
37825,91,101,-10,10
37826,83,75,8,8
37827,54,68,-14,14
37828,116,117,-1,1
37829,80,84,-4,4
37830,75,72,3,3
37831,187,189,-2,2
37832,78,87,-9,9
37833,95,100,-5,5
37834,87,88,-1,1
37835,74,78,-4,4
37836,67,68,-1,1
37837,66,63,3,3
37838,78,73,5,5
37839,107,102,5,5
37840,59,57,2,2
37841,92,97,-5,5
37842,41,59,-18,18
37843,130,125,5,5
37844,100,105,-5,5
37845,88,82,6,6
37846,67,66,1,1
37847,100,91,9,9
37848,99,105,-6,6
37849,69,71,-2,2
37850,115,117,-2,2
37851,116,109,7,7
37852,49,53,-4,4
37853,91,98,-7,7
37854,67,77,-10,10
37855,105,101,4,4
37856,137,136,1,1
37857,72,85,-13,13
37858,61,67,-6,6
37859,86,81,5,5
37860,91,98,-7,7
37861,85,84,1,1
37862,83,78,5,5
37863,68,66,2,2
37864,103,97,6,6
37865,106,99,7,7
37866,139,117,22,22
37867,115,119,-4,4
37868,48,57,-9,9
37869,159,164,-5,5
37870,61,64,-3,3
37871,113,120,-7,7
37872,101,103,-2,2
37873,77,77,0,0
37874,134,133,1,1
37875,67,63,4,4
37876,106,101,5,5
37877,57,62,-5,5
37878,95,102,-7,7
37879,93,100,-7,7
37880,95,83,12,12
37881,179,173,6,6
37882,153,172,-19,19
37883,62,71,-9,9
37884,69,71,-2,2
37885,165,165,0,0
37886,180,188,-8,8
37887,87,83,4,4
37888,110,112,-2,2
37889,116,118,-2,2
37890,159,163,-4,4
37891,99,104,-5,5
37892,114,113,1,1
37893,102,91,11,11
37894,154,152,2,2
37895,91,90,1,1
37896,124,110,14,14
37897,91,86,5,5
37898,41,52,-11,11
37899,45,49,-4,4
37900,71,86,-15,15
37901,76,78,-2,2
37902,99,109,-10,10
37903,111,106,5,5
37904,97,92,5,5
37905,124,116,8,8
37906,96,104,-8,8
37907,79,76,3,3
37908,122,127,-5,5
37909,115,102,13,13
37910,89,84,5,5
37911,73,72,1,1
37912,111,113,-2,2
37913,89,99,-10,10
37914,138,131,7,7
37915,100,109,-9,9
37916,78,81,-3,3
37917,83,90,-7,7
37918,86,92,-6,6
37919,135,138,-3,3
37920,114,113,1,1
37921,56,64,-8,8
37922,149,160,-11,11
37923,81,82,-1,1
37924,79,78,1,1
37925,103,102,1,1
37926,56,73,-17,17
37927,150,149,1,1
37928,78,78,0,0
37929,78,79,-1,1
37930,41,52,-11,11
37931,121,106,15,15
37932,123,123,0,0
37933,76,88,-12,12
37934,103,101,2,2
37935,35,59,-24,24
37936,124,119,5,5
37937,55,66,-11,11
37938,88,86,2,2
37939,90,89,1,1
37940,120,97,23,23
37941,71,74,-3,3
37942,79,84,-5,5
37943,62,70,-8,8
37944,86,86,0,0
37945,64,68,-4,4
37946,131,145,-14,14
37947,146,138,8,8
37948,86,80,6,6
37949,98,95,3,3
37950,183,160,23,23
37951,91,92,-1,1
37952,77,75,2,2
37953,142,140,2,2
37954,79,77,2,2
37955,41,45,-4,4
37956,105,105,0,0
37957,197,191,6,6
37958,115,112,3,3
37959,71,73,-2,2
37960,140,147,-7,7
37961,130,126,4,4
37962,83,80,3,3
37963,108,124,-16,16
37964,67,69,-2,2
37965,70,84,-14,14
37966,93,98,-5,5
37967,64,72,-8,8
37968,98,116,-18,18
37969,115,115,0,0
37970,62,64,-2,2
37971,88,91,-3,3
37972,61,66,-5,5
37973,198,183,15,15
37974,101,108,-7,7
37975,66,66,0,0
37976,31,29,2,2
37977,94,89,5,5
37978,93,104,-11,11
37979,117,156,-39,39
37980,99,101,-2,2
37981,36,41,-5,5
37982,76,77,-1,1
37983,67,74,-7,7
37984,78,88,-10,10
37985,50,58,-8,8
37986,55,55,0,0
37987,92,95,-3,3
37988,94,88,6,6
37989,137,136,1,1
37990,102,102,0,0
37991,113,100,13,13
37992,89,82,7,7
37993,124,133,-9,9
37994,82,80,2,2
37995,60,70,-10,10
37996,125,112,13,13
37997,78,87,-9,9
37998,143,132,11,11
37999,142,144,-2,2
38000,106,98,8,8
38001,124,114,10,10
38002,52,61,-9,9
38003,97,117,-20,20
38004,80,77,3,3
38005,107,115,-8,8
38006,141,136,5,5
38007,57,63,-6,6
38008,89,78,11,11
38009,104,117,-13,13
38010,154,147,7,7
38011,76,88,-12,12
38012,95,84,11,11
38013,179,163,16,16
38014,64,76,-12,12
38015,119,111,8,8
38016,108,121,-13,13
38017,114,112,2,2
38018,92,90,2,2
38019,109,106,3,3
38020,139,144,-5,5
38021,130,127,3,3
38022,112,106,6,6
38023,123,112,11,11
38024,125,119,6,6
38025,66,65,1,1
38026,77,89,-12,12
38027,87,87,0,0
38028,97,108,-11,11
38029,56,56,0,0
38030,146,134,12,12
38031,71,72,-1,1
38032,176,166,10,10
38033,96,90,6,6
38034,105,100,5,5
38035,127,125,2,2
38036,82,83,-1,1
38037,137,151,-14,14
38038,120,119,1,1
38039,82,79,3,3
38040,73,71,2,2
38041,78,72,6,6
38042,83,85,-2,2
38043,83,83,0,0
38044,74,79,-5,5
38045,81,82,-1,1
38046,178,159,19,19
38047,96,109,-13,13
38048,48,58,-10,10
38049,74,83,-9,9
38050,143,129,14,14
38051,94,85,9,9
38052,142,142,0,0
38053,144,148,-4,4
38054,114,114,0,0
38055,91,97,-6,6
38056,127,127,0,0
38057,65,74,-9,9
38058,152,145,7,7
38059,106,104,2,2
38060,140,130,10,10
38061,96,103,-7,7
38062,72,109,-37,37
38063,71,57,14,14
38064,116,112,4,4
38065,156,146,10,10
38066,57,59,-2,2
38067,24,29,-5,5
38068,122,116,6,6
38069,118,109,9,9
38070,96,98,-2,2
38071,86,83,3,3
38072,163,157,6,6
38073,60,70,-10,10
38074,80,73,7,7
38075,78,78,0,0
38076,82,79,3,3
38077,113,105,8,8
38078,104,113,-9,9
38079,154,178,-24,24
38080,34,50,-16,16
38081,111,112,-1,1
38082,103,102,1,1
38083,88,86,2,2
38084,112,117,-5,5
38085,115,111,4,4
38086,60,58,2,2
38087,150,143,7,7
38088,116,113,3,3
38089,80,77,3,3
38090,112,104,8,8
38091,116,114,2,2
38092,83,87,-4,4
38093,161,147,14,14
38094,65,72,-7,7
38095,74,77,-3,3
38096,72,66,6,6
38097,185,163,22,22
38098,89,74,15,15
38099,90,88,2,2
38100,175,163,12,12
38101,96,88,8,8
38102,96,93,3,3
38103,111,113,-2,2
38104,46,55,-9,9
38105,105,117,-12,12
38106,69,73,-4,4
38107,117,112,5,5
38108,91,91,0,0
38109,70,76,-6,6
38110,150,136,14,14
38111,122,124,-2,2
38112,98,106,-8,8
38113,100,94,6,6
38114,160,138,22,22
38115,139,134,5,5
38116,170,162,8,8
38117,79,85,-6,6
38118,132,125,7,7
38119,121,121,0,0
38120,118,119,-1,1
38121,102,87,15,15
38122,98,94,4,4
38123,115,124,-9,9
38124,159,162,-3,3
38125,92,93,-1,1
38126,41,60,-19,19
38127,84,84,0,0
38128,132,144,-12,12
38129,109,99,10,10
38130,78,86,-8,8
38131,114,107,7,7
38132,121,114,7,7
38133,93,86,7,7
38134,115,115,0,0
38135,44,52,-8,8
38136,74,76,-2,2
38137,49,54,-5,5
38138,165,155,10,10
38139,83,80,3,3
38140,158,151,7,7
38141,101,93,8,8
38142,118,115,3,3
38143,94,91,3,3
38144,117,131,-14,14
38145,109,107,2,2
38146,73,88,-15,15
38147,76,81,-5,5
38148,138,132,6,6
38149,113,107,6,6
38150,96,98,-2,2
38151,73,79,-6,6
38152,112,106,6,6
38153,63,71,-8,8
38154,104,97,7,7
38155,82,90,-8,8
38156,54,63,-9,9
38157,84,82,2,2
38158,133,138,-5,5
38159,101,102,-1,1
38160,108,113,-5,5
38161,83,79,4,4
38162,78,84,-6,6
38163,82,79,3,3
38164,76,79,-3,3
38165,90,85,5,5
38166,105,106,-1,1
38167,61,64,-3,3
38168,102,115,-13,13
38169,104,121,-17,17
38170,72,74,-2,2
38171,74,68,6,6
38172,92,100,-8,8
38173,85,81,4,4
38174,99,99,0,0
38175,111,122,-11,11
38176,67,74,-7,7
38177,76,74,2,2
38178,113,102,11,11
38179,107,100,7,7
38180,117,113,4,4
38181,116,121,-5,5
38182,97,99,-2,2
38183,125,122,3,3
38184,112,115,-3,3
38185,71,80,-9,9
38186,115,114,1,1
38187,59,80,-21,21
38188,97,94,3,3
38189,124,113,11,11
38190,45,54,-9,9
38191,87,87,0,0
38192,103,125,-22,22
38193,64,67,-3,3
38194,100,97,3,3
38195,97,83,14,14
38196,121,116,5,5
38197,111,119,-8,8
38198,74,72,2,2
38199,118,150,-32,32
38200,91,85,6,6
38201,89,93,-4,4
38202,105,87,18,18
38203,79,83,-4,4
38204,68,73,-5,5
38205,125,126,-1,1
38206,87,82,5,5
38207,123,114,9,9
38208,93,96,-3,3
38209,100,96,4,4
38210,64,62,2,2
38211,108,101,7,7
38212,68,61,7,7
38213,86,89,-3,3
38214,107,97,10,10
38215,73,76,-3,3
38216,128,135,-7,7
38217,119,113,6,6
38218,54,51,3,3
38219,72,73,-1,1
38220,73,79,-6,6
38221,159,153,6,6
38222,83,84,-1,1
38223,97,97,0,0
38224,131,127,4,4
38225,69,73,-4,4
38226,86,76,10,10
38227,119,120,-1,1
38228,100,93,7,7
38229,102,106,-4,4
38230,67,67,0,0
38231,53,65,-12,12
38232,85,95,-10,10
38233,168,161,7,7
38234,61,56,5,5
38235,77,77,0,0
38236,85,92,-7,7
38237,69,70,-1,1
38238,124,117,7,7
38239,89,83,6,6
38240,148,148,0,0
38241,143,131,12,12
38242,57,77,-20,20
38243,144,137,7,7
38244,66,70,-4,4
38245,83,99,-16,16
38246,120,118,2,2
38247,131,129,2,2
38248,51,59,-8,8
38249,77,66,11,11
38250,62,69,-7,7
38251,125,131,-6,6
38252,87,86,1,1
38253,89,87,2,2
38254,162,154,8,8
38255,109,114,-5,5
38256,126,130,-4,4
38257,87,95,-8,8
38258,87,99,-12,12
38259,116,114,2,2
38260,51,59,-8,8
38261,65,63,2,2
38262,95,91,4,4
38263,86,79,7,7
38264,98,103,-5,5
38265,74,72,2,2
38266,87,132,-45,45
38267,113,111,2,2
38268,70,89,-19,19
38269,119,111,8,8
38270,180,169,11,11
38271,94,82,12,12
38272,67,74,-7,7
38273,85,85,0,0
38274,147,152,-5,5
38275,79,69,10,10
38276,76,77,-1,1
38277,60,58,2,2
38278,55,61,-6,6
38279,95,98,-3,3
38280,127,114,13,13
38281,100,101,-1,1
38282,85,84,1,1
38283,127,123,4,4
38284,101,90,11,11
38285,70,72,-2,2
38286,102,99,3,3
38287,73,74,-1,1
38288,107,108,-1,1
38289,129,131,-2,2
38290,114,110,4,4
38291,45,60,-15,15
38292,52,55,-3,3
38293,69,72,-3,3
38294,71,74,-3,3
38295,65,69,-4,4
38296,211,182,29,29
38297,113,128,-15,15
38298,97,96,1,1
38299,60,70,-10,10
38300,184,155,29,29
38301,106,102,4,4
38302,121,121,0,0
38303,112,122,-10,10
38304,137,136,1,1
38305,104,104,0,0
38306,124,127,-3,3
38307,72,69,3,3
38308,116,108,8,8
38309,76,74,2,2
38310,99,105,-6,6
38311,75,77,-2,2
38312,81,81,0,0
38313,69,73,-4,4
38314,72,77,-5,5
38315,87,76,11,11
38316,93,92,1,1
38317,136,130,6,6
38318,101,95,6,6
38319,89,85,4,4
38320,112,110,2,2
38321,65,68,-3,3
38322,118,109,9,9
38323,92,84,8,8
38324,80,86,-6,6
38325,98,95,3,3
38326,70,70,0,0
38327,127,119,8,8
38328,149,132,17,17
38329,70,70,0,0
38330,139,143,-4,4
38331,82,80,2,2
38332,91,90,1,1
38333,39,54,-15,15
38334,82,97,-15,15
38335,105,104,1,1
38336,147,146,1,1
38337,104,114,-10,10
38338,117,100,17,17
38339,91,107,-16,16
38340,90,96,-6,6
38341,104,96,8,8
38342,47,58,-11,11
38343,56,64,-8,8
38344,110,112,-2,2
38345,43,58,-15,15
38346,120,112,8,8
38347,70,72,-2,2
38348,75,79,-4,4
38349,77,77,0,0
38350,72,72,0,0
38351,105,101,4,4
38352,218,198,20,20
38353,56,65,-9,9
38354,100,105,-5,5
38355,123,139,-16,16
38356,130,123,7,7
38357,63,64,-1,1
38358,89,92,-3,3
38359,60,71,-11,11
38360,65,75,-10,10
38361,118,116,2,2
38362,86,90,-4,4
38363,166,168,-2,2
38364,106,109,-3,3
38365,58,66,-8,8
38366,141,127,14,14
38367,96,94,2,2
38368,106,99,7,7
38369,110,115,-5,5
38370,64,65,-1,1
38371,83,80,3,3
38372,92,108,-16,16
38373,70,70,0,0
38374,122,128,-6,6
38375,86,88,-2,2
38376,105,95,10,10
38377,99,104,-5,5
38378,57,57,0,0
38379,79,77,2,2
38380,59,61,-2,2
38381,70,74,-4,4
38382,104,100,4,4
38383,86,86,0,0
38384,112,118,-6,6
38385,102,104,-2,2
38386,63,68,-5,5
38387,118,113,5,5
38388,63,63,0,0
38389,104,125,-21,21
38390,86,94,-8,8
38391,167,158,9,9
38392,164,159,5,5
38393,85,86,-1,1
38394,111,115,-4,4
38395,121,113,8,8
38396,94,89,5,5
38397,77,85,-8,8
38398,35,33,2,2
38399,95,92,3,3
38400,133,134,-1,1
38401,85,84,1,1
38402,67,64,3,3
38403,114,115,-1,1
38404,157,148,9,9
38405,157,149,8,8
38406,94,104,-10,10
38407,54,66,-12,12
38408,64,64,0,0
38409,109,105,4,4
38410,71,73,-2,2
38411,73,77,-4,4
38412,76,83,-7,7
38413,130,117,13,13
38414,79,76,3,3
38415,142,153,-11,11
38416,89,84,5,5
38417,105,108,-3,3
38418,78,87,-9,9
38419,64,67,-3,3
38420,63,71,-8,8
38421,89,90,-1,1
38422,171,168,3,3
38423,111,99,12,12
38424,86,77,9,9
38425,102,98,4,4
38426,61,67,-6,6
38427,85,87,-2,2
38428,134,121,13,13
38429,81,82,-1,1
38430,142,141,1,1
38431,80,75,5,5
38432,83,81,2,2
38433,121,114,7,7
38434,67,60,7,7
38435,100,115,-15,15
38436,129,127,2,2
38437,102,111,-9,9
38438,126,124,2,2
38439,98,100,-2,2
38440,63,60,3,3
38441,72,77,-5,5
38442,88,95,-7,7
38443,64,70,-6,6
38444,107,117,-10,10
38445,89,81,8,8
38446,93,95,-2,2
38447,146,140,6,6
38448,101,107,-6,6
38449,87,85,2,2
38450,97,99,-2,2
38451,78,65,13,13
38452,130,116,14,14
38453,85,75,10,10
38454,77,74,3,3
38455,44,55,-11,11
38456,96,95,1,1
38457,89,83,6,6
38458,117,117,0,0
38459,41,45,-4,4
38460,113,114,-1,1
38461,103,87,16,16
38462,161,148,13,13
38463,196,188,8,8
38464,64,64,0,0
38465,82,75,7,7
38466,66,93,-27,27
38467,80,74,6,6
38468,54,63,-9,9
38469,104,110,-6,6
38470,55,57,-2,2
38471,57,60,-3,3
38472,49,60,-11,11
38473,70,73,-3,3
38474,74,80,-6,6
38475,33,34,-1,1
38476,83,89,-6,6
38477,89,86,3,3
38478,102,97,5,5
38479,156,166,-10,10
38480,36,53,-17,17
38481,62,63,-1,1
38482,102,96,6,6
38483,87,98,-11,11
38484,50,55,-5,5
38485,89,98,-9,9
38486,100,95,5,5
38487,98,85,13,13
38488,56,63,-7,7
38489,75,73,2,2
38490,98,83,15,15
38491,117,107,10,10
38492,235,214,21,21
38493,54,60,-6,6
38494,68,65,3,3
38495,116,124,-8,8
38496,32,31,1,1
38497,55,57,-2,2
38498,82,80,2,2
38499,119,118,1,1
38500,183,187,-4,4
38501,112,85,27,27
38502,57,68,-11,11
38503,120,117,3,3
38504,77,82,-5,5
38505,68,76,-8,8
38506,126,121,5,5
38507,68,65,3,3
38508,103,95,8,8
38509,110,114,-4,4
38510,122,112,10,10
38511,100,114,-14,14
38512,74,73,1,1
38513,185,161,24,24
38514,118,128,-10,10
38515,41,53,-12,12
38516,91,94,-3,3
38517,83,77,6,6
38518,79,82,-3,3
38519,82,73,9,9
38520,84,92,-8,8
38521,70,64,6,6
38522,97,103,-6,6
38523,99,100,-1,1
38524,108,108,0,0
38525,85,81,4,4
38526,132,128,4,4
38527,99,97,2,2
38528,62,60,2,2
38529,80,75,5,5
38530,96,89,7,7
38531,98,89,9,9
38532,109,111,-2,2
38533,124,127,-3,3
38534,101,112,-11,11
38535,118,124,-6,6
38536,57,61,-4,4
38537,79,82,-3,3
38538,86,90,-4,4
38539,77,77,0,0
38540,132,120,12,12
38541,74,66,8,8
38542,108,104,4,4
38543,137,125,12,12
38544,102,104,-2,2
38545,150,142,8,8
38546,51,57,-6,6
38547,77,73,4,4
38548,59,58,1,1
38549,42,41,1,1
38550,141,141,0,0
38551,132,123,9,9
38552,67,66,1,1
38553,108,103,5,5
38554,144,150,-6,6
38555,69,71,-2,2
38556,85,83,2,2
38557,64,65,-1,1
38558,65,69,-4,4
38559,221,214,7,7
38560,70,73,-3,3
38561,56,59,-3,3
38562,62,69,-7,7
38563,88,103,-15,15
38564,108,113,-5,5
38565,178,164,14,14
38566,74,72,2,2
38567,85,95,-10,10
38568,61,71,-10,10
38569,111,80,31,31
38570,103,113,-10,10
38571,110,109,1,1
38572,74,72,2,2
38573,172,172,0,0
38574,87,100,-13,13
38575,141,147,-6,6
38576,86,80,6,6
38577,89,89,0,0
38578,106,89,17,17
38579,103,101,2,2
38580,115,101,14,14
38581,61,59,2,2
38582,102,102,0,0
38583,64,69,-5,5
38584,121,114,7,7
38585,61,70,-9,9
38586,75,71,4,4
38587,43,43,0,0
38588,84,83,1,1
38589,118,113,5,5
38590,50,50,0,0
38591,81,72,9,9
38592,160,154,6,6
38593,121,112,9,9
38594,77,84,-7,7
38595,124,121,3,3
38596,140,131,9,9
38597,56,64,-8,8
38598,92,83,9,9
38599,99,98,1,1
38600,169,162,7,7
38601,102,113,-11,11
38602,149,145,4,4
38603,161,171,-10,10
38604,73,78,-5,5
38605,81,83,-2,2
38606,76,77,-1,1
38607,131,120,11,11
38608,155,160,-5,5
38609,87,89,-2,2
38610,62,64,-2,2
38611,87,77,10,10
38612,78,87,-9,9
38613,74,74,0,0
38614,49,74,-25,25
38615,92,88,4,4
38616,133,128,5,5
38617,149,144,5,5
38618,120,123,-3,3
38619,89,82,7,7
38620,102,100,2,2
38621,62,58,4,4
38622,57,49,8,8
38623,43,64,-21,21
38624,72,73,-1,1
38625,58,64,-6,6
38626,66,65,1,1
38627,73,76,-3,3
38628,112,97,15,15
38629,158,144,14,14
38630,70,79,-9,9
38631,136,131,5,5
38632,85,79,6,6
38633,37,53,-16,16
38634,87,93,-6,6
38635,130,137,-7,7
38636,88,88,0,0
38637,57,65,-8,8
38638,117,115,2,2
38639,105,100,5,5
38640,75,79,-4,4
38641,153,155,-2,2
38642,90,99,-9,9
38643,130,117,13,13
38644,86,88,-2,2
38645,124,131,-7,7
38646,83,82,1,1
38647,145,124,21,21
38648,77,82,-5,5
38649,64,67,-3,3
38650,129,127,2,2
38651,109,104,5,5
38652,94,90,4,4
38653,84,80,4,4
38654,64,67,-3,3
38655,90,89,1,1
38656,171,166,5,5
38657,93,99,-6,6
38658,121,125,-4,4
38659,72,78,-6,6
38660,72,83,-11,11
38661,85,85,0,0
38662,86,78,8,8
38663,93,100,-7,7
38664,94,79,15,15
38665,118,123,-5,5
38666,72,66,6,6
38667,64,68,-4,4
38668,127,114,13,13
38669,64,66,-2,2
38670,75,76,-1,1
38671,57,66,-9,9
38672,61,66,-5,5
38673,74,89,-15,15
38674,53,69,-16,16
38675,80,81,-1,1
38676,83,82,1,1
38677,124,117,7,7
38678,81,90,-9,9
38679,84,97,-13,13
38680,128,117,11,11
38681,93,93,0,0
38682,79,83,-4,4
38683,81,100,-19,19
38684,81,80,1,1
38685,104,109,-5,5
38686,82,80,2,2
38687,84,71,13,13
38688,71,73,-2,2
38689,62,66,-4,4
38690,66,72,-6,6
38691,63,67,-4,4
38692,77,81,-4,4
38693,56,63,-7,7
38694,155,148,7,7
38695,143,134,9,9
38696,75,74,1,1
38697,92,102,-10,10
38698,108,102,6,6
38699,105,104,1,1
38700,63,65,-2,2
38701,117,119,-2,2
38702,123,112,11,11
38703,69,73,-4,4
38704,119,129,-10,10
38705,92,104,-12,12
38706,94,85,9,9
38707,80,83,-3,3
38708,101,96,5,5
38709,150,149,1,1
38710,92,85,7,7
38711,97,95,2,2
38712,100,99,1,1
38713,74,86,-12,12
38714,157,154,3,3
38715,65,72,-7,7
38716,97,96,1,1
38717,79,78,1,1
38718,86,83,3,3
38719,91,84,7,7
38720,51,57,-6,6
38721,110,113,-3,3
38722,106,112,-6,6
38723,50,58,-8,8
38724,76,72,4,4
38725,126,119,7,7
38726,73,72,1,1
38727,80,85,-5,5
38728,90,83,7,7
38729,94,81,13,13
38730,99,96,3,3
38731,140,127,13,13
38732,92,90,2,2
38733,96,99,-3,3
38734,107,109,-2,2
38735,120,110,10,10
38736,141,140,1,1
38737,58,66,-8,8
38738,99,100,-1,1
38739,75,74,1,1
38740,118,105,13,13
38741,93,94,-1,1
38742,104,95,9,9
38743,81,83,-2,2
38744,107,103,4,4
38745,91,109,-18,18
38746,87,88,-1,1
38747,53,60,-7,7
38748,147,139,8,8
38749,108,99,9,9
38750,76,73,3,3
38751,59,61,-2,2
38752,85,96,-11,11
38753,82,85,-3,3
38754,57,65,-8,8
38755,37,52,-15,15
38756,129,128,1,1
38757,57,58,-1,1
38758,67,71,-4,4
38759,76,72,4,4
38760,85,80,5,5
38761,130,119,11,11
38762,106,104,2,2
38763,104,114,-10,10
38764,88,90,-2,2
38765,65,63,2,2
38766,75,76,-1,1
38767,145,134,11,11
38768,149,143,6,6
38769,44,54,-10,10
38770,69,68,1,1
38771,93,95,-2,2
38772,78,76,2,2
38773,63,70,-7,7
38774,78,83,-5,5
38775,85,82,3,3
38776,55,58,-3,3
38777,73,92,-19,19
38778,107,110,-3,3
38779,131,125,6,6
38780,87,85,2,2
38781,40,56,-16,16
38782,139,118,21,21
38783,85,92,-7,7
38784,163,171,-8,8
38785,64,72,-8,8
38786,193,186,7,7
38787,86,97,-11,11
38788,98,98,0,0
38789,51,63,-12,12
38790,128,126,2,2
38791,141,126,15,15
38792,84,80,4,4
38793,142,140,2,2
38794,59,68,-9,9
38795,108,102,6,6
38796,39,49,-10,10
38797,156,151,5,5
38798,107,114,-7,7
38799,99,109,-10,10
38800,166,158,8,8
38801,85,83,2,2
38802,84,84,0,0
38803,98,96,2,2
38804,76,72,4,4
38805,138,128,10,10
38806,93,90,3,3
38807,182,159,23,23
38808,149,130,19,19
38809,132,114,18,18
38810,127,117,10,10
38811,70,72,-2,2
38812,57,60,-3,3
38813,176,189,-13,13
38814,68,71,-3,3
38815,46,52,-6,6
38816,66,69,-3,3
38817,113,119,-6,6
38818,135,136,-1,1
38819,48,54,-6,6
38820,135,133,2,2
38821,70,73,-3,3
38822,91,93,-2,2
38823,125,117,8,8
38824,109,99,10,10
38825,53,60,-7,7
38826,91,89,2,2
38827,70,70,0,0
38828,65,72,-7,7
38829,125,114,11,11
38830,72,75,-3,3
38831,103,104,-1,1
38832,103,84,19,19
38833,101,80,21,21
38834,117,124,-7,7
38835,63,63,0,0
38836,164,162,2,2
38837,57,68,-11,11
38838,120,122,-2,2
38839,133,127,6,6
38840,83,85,-2,2
38841,64,69,-5,5
38842,102,98,4,4
38843,70,69,1,1
38844,124,131,-7,7
38845,106,98,8,8
38846,156,150,6,6
38847,67,72,-5,5
38848,147,149,-2,2
38849,113,115,-2,2
38850,121,119,2,2
38851,97,97,0,0
38852,59,71,-12,12
38853,50,65,-15,15
38854,118,105,13,13
38855,56,61,-5,5
38856,87,79,8,8
38857,89,99,-10,10
38858,65,72,-7,7
38859,62,67,-5,5
38860,138,140,-2,2
38861,149,146,3,3
38862,69,66,3,3
38863,76,84,-8,8
38864,65,75,-10,10
38865,70,68,2,2
38866,133,139,-6,6
38867,77,77,0,0
38868,93,99,-6,6
38869,105,128,-23,23
38870,67,72,-5,5
38871,84,82,2,2
38872,83,92,-9,9
38873,46,50,-4,4
38874,102,99,3,3
38875,80,75,5,5
38876,106,107,-1,1
38877,91,99,-8,8
38878,70,64,6,6
38879,213,196,17,17
38880,84,85,-1,1
38881,124,107,17,17
38882,113,113,0,0
38883,89,96,-7,7
38884,112,109,3,3
38885,78,75,3,3
38886,60,63,-3,3
38887,119,108,11,11
38888,58,64,-6,6
38889,109,99,10,10
38890,113,133,-20,20
38891,101,89,12,12
38892,61,61,0,0
38893,76,80,-4,4
38894,84,80,4,4
38895,86,95,-9,9
38896,108,101,7,7
38897,102,95,7,7
38898,151,150,1,1
38899,66,70,-4,4
38900,71,69,2,2
38901,66,73,-7,7
38902,131,129,2,2
38903,49,55,-6,6
38904,99,102,-3,3
38905,69,77,-8,8
38906,72,67,5,5
38907,179,158,21,21
38908,152,146,6,6
38909,70,73,-3,3
38910,63,71,-8,8
38911,104,110,-6,6
38912,22,29,-7,7
38913,105,103,2,2
38914,174,170,4,4
38915,123,121,2,2
38916,34,40,-6,6
38917,76,82,-6,6
38918,114,109,5,5
38919,84,103,-19,19
38920,114,102,12,12
38921,236,211,25,25
38922,86,93,-7,7
38923,91,85,6,6
38924,109,111,-2,2
38925,99,90,9,9
38926,79,71,8,8
38927,51,61,-10,10
38928,201,187,14,14
38929,60,66,-6,6
38930,89,92,-3,3
38931,84,83,1,1
38932,40,47,-7,7
38933,68,69,-1,1
38934,58,62,-4,4
38935,73,71,2,2
38936,121,124,-3,3
38937,55,56,-1,1
38938,91,96,-5,5
38939,57,67,-10,10
38940,68,63,5,5
38941,93,78,15,15
38942,59,64,-5,5
38943,76,73,3,3
38944,99,103,-4,4
38945,85,107,-22,22
38946,113,103,10,10
38947,107,97,10,10
38948,184,172,12,12
38949,80,79,1,1
38950,99,100,-1,1
38951,180,164,16,16
38952,94,104,-10,10
38953,37,41,-4,4
38954,59,71,-12,12
38955,65,65,0,0
38956,93,95,-2,2
38957,88,94,-6,6
38958,92,95,-3,3
38959,128,114,14,14
38960,111,114,-3,3
38961,128,169,-41,41
38962,48,55,-7,7
38963,116,122,-6,6
38964,54,54,0,0
38965,57,70,-13,13
38966,61,70,-9,9
38967,79,79,0,0
38968,61,62,-1,1
38969,122,117,5,5
38970,89,85,4,4
38971,121,114,7,7
38972,119,116,3,3
38973,108,120,-12,12
38974,100,102,-2,2
38975,58,61,-3,3
38976,106,97,9,9
38977,88,93,-5,5
38978,103,96,7,7
38979,31,38,-7,7
38980,34,60,-26,26
38981,87,86,1,1
38982,111,112,-1,1
38983,101,102,-1,1
38984,41,47,-6,6
38985,60,66,-6,6
38986,115,115,0,0
38987,136,138,-2,2
38988,74,72,2,2
38989,84,77,7,7
38990,110,106,4,4
38991,73,77,-4,4
38992,126,127,-1,1
38993,77,74,3,3
38994,129,125,4,4
38995,123,128,-5,5
38996,99,92,7,7
38997,88,66,22,22
38998,61,73,-12,12
38999,74,77,-3,3
39000,107,103,4,4
39001,122,115,7,7
39002,60,67,-7,7
39003,188,186,2,2
39004,84,77,7,7
39005,146,149,-3,3
39006,154,152,2,2
39007,114,118,-4,4
39008,117,111,6,6
39009,163,165,-2,2
39010,74,76,-2,2
39011,113,109,4,4
39012,68,73,-5,5
39013,137,130,7,7
39014,86,94,-8,8
39015,136,139,-3,3
39016,77,75,2,2
39017,156,148,8,8
39018,146,137,9,9
39019,62,63,-1,1
39020,66,75,-9,9
39021,121,120,1,1
39022,161,149,12,12
39023,102,113,-11,11
39024,67,62,5,5
39025,129,128,1,1
39026,120,128,-8,8
39027,174,174,0,0
39028,179,174,5,5
39029,92,85,7,7
39030,112,114,-2,2
39031,110,102,8,8
39032,97,98,-1,1
39033,68,66,2,2
39034,117,120,-3,3
39035,155,142,13,13
39036,60,65,-5,5
39037,167,146,21,21
39038,115,111,4,4
39039,134,132,2,2
39040,48,58,-10,10
39041,89,83,6,6
39042,42,60,-18,18
39043,31,48,-17,17
39044,105,101,4,4
39045,138,127,11,11
39046,97,86,11,11
39047,83,84,-1,1
39048,54,59,-5,5
39049,65,68,-3,3
39050,94,100,-6,6
39051,86,84,2,2
39052,88,98,-10,10
39053,63,65,-2,2
39054,144,141,3,3
39055,62,66,-4,4
39056,63,77,-14,14
39057,98,99,-1,1
39058,60,61,-1,1
39059,49,57,-8,8
39060,96,93,3,3
39061,71,77,-6,6
39062,120,112,8,8
39063,150,129,21,21
39064,80,77,3,3
39065,58,65,-7,7
39066,64,74,-10,10
39067,140,138,2,2
39068,124,126,-2,2
39069,97,93,4,4
39070,161,140,21,21
39071,50,65,-15,15
39072,101,111,-10,10
39073,44,58,-14,14
39074,99,102,-3,3
39075,171,152,19,19
39076,43,54,-11,11
39077,93,104,-11,11
39078,139,135,4,4
39079,120,115,5,5
39080,98,105,-7,7
39081,101,104,-3,3
39082,80,75,5,5
39083,63,63,0,0
39084,149,147,2,2
39085,132,124,8,8
39086,71,74,-3,3
39087,92,101,-9,9
39088,61,74,-13,13
39089,110,110,0,0
39090,67,70,-3,3
39091,38,71,-33,33
39092,89,110,-21,21
39093,86,86,0,0
39094,157,167,-10,10
39095,63,72,-9,9
39096,56,65,-9,9
39097,96,106,-10,10
39098,58,67,-9,9
39099,164,163,1,1
39100,107,104,3,3
39101,131,117,14,14
39102,119,113,6,6
39103,103,104,-1,1
39104,58,64,-6,6
39105,158,142,16,16
39106,148,132,16,16
39107,107,113,-6,6
39108,108,97,11,11
39109,85,75,10,10
39110,76,81,-5,5
39111,72,68,4,4
39112,133,129,4,4
39113,71,73,-2,2
39114,90,83,7,7
39115,105,105,0,0
39116,107,111,-4,4
39117,84,80,4,4
39118,67,73,-6,6
39119,154,145,9,9
39120,63,77,-14,14
39121,182,162,20,20
39122,130,122,8,8
39123,126,127,-1,1
39124,135,128,7,7
39125,86,85,1,1
39126,90,97,-7,7
39127,69,68,1,1
39128,99,106,-7,7
39129,81,91,-10,10
39130,92,94,-2,2
39131,83,82,1,1
39132,76,73,3,3
39133,79,72,7,7
39134,59,66,-7,7
39135,100,100,0,0
39136,60,72,-12,12
39137,76,80,-4,4
39138,110,99,11,11
39139,112,107,5,5
39140,93,95,-2,2
39141,101,103,-2,2
39142,107,112,-5,5
39143,180,169,11,11
39144,109,107,2,2
39145,85,77,8,8
39146,123,115,8,8
39147,90,94,-4,4
39148,118,114,4,4
39149,108,101,7,7
39150,95,91,4,4
39151,119,115,4,4
39152,115,99,16,16
39153,145,131,14,14
39154,46,61,-15,15
39155,59,68,-9,9
39156,127,134,-7,7
39157,114,113,1,1
39158,101,101,0,0
39159,134,130,4,4
39160,99,97,2,2
39161,143,139,4,4
39162,136,128,8,8
39163,152,147,5,5
39164,103,103,0,0
39165,79,75,4,4
39166,83,79,4,4
39167,125,112,13,13
39168,74,95,-21,21
39169,44,54,-10,10
39170,100,106,-6,6
39171,111,110,1,1
39172,65,66,-1,1
39173,102,98,4,4
39174,109,106,3,3
39175,80,72,8,8
39176,117,114,3,3
39177,121,113,8,8
39178,154,150,4,4
39179,55,62,-7,7
39180,90,89,1,1
39181,137,114,23,23
39182,53,57,-4,4
39183,137,134,3,3
39184,64,68,-4,4
39185,133,122,11,11
39186,38,29,9,9
39187,105,89,16,16
39188,45,53,-8,8
39189,133,122,11,11
39190,121,121,0,0
39191,138,127,11,11
39192,84,75,9,9
39193,79,77,2,2
39194,48,58,-10,10
39195,51,65,-14,14
39196,90,90,0,0
39197,79,75,4,4
39198,73,73,0,0
39199,82,74,8,8
39200,90,96,-6,6
39201,98,77,21,21
39202,56,63,-7,7
39203,100,96,4,4
39204,55,70,-15,15
39205,116,125,-9,9
39206,61,65,-4,4
39207,77,74,3,3
39208,131,126,5,5
39209,115,123,-8,8
39210,94,84,10,10
39211,80,76,4,4
39212,57,63,-6,6
39213,112,107,5,5
39214,98,98,0,0
39215,136,139,-3,3
39216,125,113,12,12
39217,90,99,-9,9
39218,81,83,-2,2
39219,123,124,-1,1
39220,114,120,-6,6
39221,35,51,-16,16
39222,55,59,-4,4
39223,110,103,7,7
39224,52,59,-7,7
39225,191,174,17,17
39226,48,64,-16,16
39227,70,66,4,4
39228,116,116,0,0
39229,114,117,-3,3
39230,71,73,-2,2
39231,130,117,13,13
39232,92,92,0,0
39233,111,115,-4,4
39234,150,150,0,0
39235,112,129,-17,17
39236,85,84,1,1
39237,75,75,0,0
39238,64,69,-5,5
39239,65,68,-3,3
39240,164,156,8,8
39241,63,37,26,26
39242,105,105,0,0
39243,96,94,2,2
39244,102,89,13,13
39245,84,76,8,8
39246,72,80,-8,8
39247,118,119,-1,1
39248,110,106,4,4
39249,81,80,1,1
39250,109,112,-3,3
39251,76,70,6,6
39252,64,64,0,0
39253,133,120,13,13
39254,143,126,17,17
39255,72,73,-1,1
39256,74,80,-6,6
39257,41,50,-9,9
39258,65,68,-3,3
39259,73,69,4,4
39260,63,72,-9,9
39261,175,165,10,10
39262,85,100,-15,15
39263,82,79,3,3
39264,48,55,-7,7
39265,97,93,4,4
39266,86,86,0,0
39267,66,69,-3,3
39268,80,77,3,3
39269,84,87,-3,3
39270,90,86,4,4
39271,76,84,-8,8
39272,90,91,-1,1
39273,128,131,-3,3
39274,76,84,-8,8
39275,84,83,1,1
39276,116,117,-1,1
39277,72,80,-8,8
39278,88,81,7,7
39279,58,61,-3,3
39280,80,77,3,3
39281,122,112,10,10
39282,84,91,-7,7
39283,62,67,-5,5
39284,78,75,3,3
39285,113,114,-1,1
39286,152,146,6,6
39287,68,71,-3,3
39288,72,71,1,1
39289,104,105,-1,1
39290,100,100,0,0
39291,92,85,7,7
39292,95,83,12,12
39293,66,66,0,0
39294,78,84,-6,6
39295,117,104,13,13
39296,109,90,19,19
39297,157,142,15,15
39298,100,84,16,16
39299,101,98,3,3
39300,68,66,2,2
39301,137,121,16,16
39302,144,149,-5,5
39303,152,151,1,1
39304,121,111,10,10
39305,83,82,1,1
39306,86,105,-19,19
39307,72,67,5,5
39308,82,98,-16,16
39309,115,107,8,8
39310,44,50,-6,6
39311,130,139,-9,9
39312,84,82,2,2
39313,104,104,0,0
39314,70,64,6,6
39315,152,129,23,23
39316,66,72,-6,6
39317,137,114,23,23
39318,86,84,2,2
39319,130,118,12,12
39320,105,103,2,2
39321,79,83,-4,4
39322,79,76,3,3
39323,68,69,-1,1
39324,86,80,6,6
39325,90,96,-6,6
39326,174,156,18,18
39327,41,52,-11,11
39328,109,101,8,8
39329,98,94,4,4
39330,79,84,-5,5
39331,107,114,-7,7
39332,138,138,0,0
39333,49,44,5,5
39334,68,75,-7,7
39335,465,63,402,402
39336,102,89,13,13
39337,108,112,-4,4
39338,98,104,-6,6
39339,70,65,5,5
39340,90,87,3,3
39341,103,102,1,1
39342,84,74,10,10
39343,128,137,-9,9
39344,205,191,14,14
39345,149,137,12,12
39346,51,57,-6,6
39347,64,67,-3,3
39348,155,142,13,13
39349,61,68,-7,7
39350,91,88,3,3
39351,69,74,-5,5
39352,51,66,-15,15
39353,59,62,-3,3
39354,110,101,9,9
39355,145,128,17,17
39356,86,99,-13,13
39357,192,197,-5,5
39358,80,71,9,9
39359,62,65,-3,3
39360,116,118,-2,2
39361,94,102,-8,8
39362,60,65,-5,5
39363,128,143,-15,15
39364,129,125,4,4
39365,111,112,-1,1
39366,137,135,2,2
39367,164,149,15,15
39368,119,114,5,5
39369,90,91,-1,1
39370,114,128,-14,14
39371,26,29,-3,3
39372,107,111,-4,4
39373,68,71,-3,3
39374,118,121,-3,3
39375,124,116,8,8
39376,170,161,9,9
39377,61,69,-8,8
39378,136,135,1,1
39379,196,151,45,45
39380,87,77,10,10
39381,95,106,-11,11
39382,108,116,-8,8
39383,151,146,5,5
39384,67,73,-6,6
39385,149,143,6,6
39386,113,107,6,6
39387,50,62,-12,12
39388,79,83,-4,4
39389,103,100,3,3
39390,80,75,5,5
39391,172,175,-3,3
39392,105,113,-8,8
39393,82,82,0,0
39394,47,55,-8,8
39395,54,54,0,0
39396,80,75,5,5
39397,64,63,1,1
39398,150,139,11,11
39399,134,128,6,6
39400,61,73,-12,12
39401,108,103,5,5
39402,116,117,-1,1
39403,101,116,-15,15
39404,81,80,1,1
39405,90,98,-8,8
39406,71,77,-6,6
39407,119,118,1,1
39408,133,131,2,2
39409,125,132,-7,7
39410,70,68,2,2
39411,182,168,14,14
39412,114,117,-3,3
39413,136,143,-7,7
39414,76,77,-1,1
39415,114,105,9,9
39416,46,55,-9,9
39417,97,112,-15,15
39418,70,75,-5,5
39419,63,60,3,3
39420,100,94,6,6
39421,114,107,7,7
39422,52,57,-5,5
39423,130,129,1,1
39424,108,99,9,9
39425,133,121,12,12
39426,26,37,-11,11
39427,75,77,-2,2
39428,112,121,-9,9
39429,73,70,3,3
39430,44,58,-14,14
39431,75,76,-1,1
39432,93,92,1,1
39433,60,74,-14,14
39434,83,83,0,0
39435,140,128,12,12
39436,100,105,-5,5
39437,107,101,6,6
39438,95,79,16,16
39439,111,99,12,12
39440,112,108,4,4
39441,67,74,-7,7
39442,52,58,-6,6
39443,113,102,11,11
39444,77,77,0,0
39445,135,131,4,4
39446,61,65,-4,4
39447,58,72,-14,14
39448,60,64,-4,4
39449,100,101,-1,1
39450,49,61,-12,12
39451,71,70,1,1
39452,104,106,-2,2
39453,49,59,-10,10
39454,141,134,7,7
39455,113,112,1,1
39456,74,70,4,4
39457,135,134,1,1
39458,61,70,-9,9
39459,115,122,-7,7
39460,89,98,-9,9
39461,76,76,0,0
39462,111,119,-8,8
39463,61,70,-9,9
39464,54,56,-2,2
39465,95,102,-7,7
39466,125,127,-2,2
39467,168,165,3,3
39468,71,69,2,2
39469,80,77,3,3
39470,224,227,-3,3
39471,87,91,-4,4
39472,65,70,-5,5
39473,130,141,-11,11
39474,111,113,-2,2
39475,76,72,4,4
39476,111,110,1,1
39477,88,97,-9,9
39478,97,98,-1,1
39479,118,119,-1,1
39480,93,81,12,12
39481,131,125,6,6
39482,82,83,-1,1
39483,153,140,13,13
39484,76,79,-3,3
39485,105,113,-8,8
39486,38,35,3,3
39487,56,67,-11,11
39488,75,74,1,1
39489,40,42,-2,2
39490,139,146,-7,7
39491,78,91,-13,13
39492,72,73,-1,1
39493,123,130,-7,7
39494,71,70,1,1
39495,144,138,6,6
39496,51,59,-8,8
39497,63,66,-3,3
39498,51,62,-11,11
39499,98,98,0,0
39500,83,79,4,4
39501,75,88,-13,13
39502,108,110,-2,2
39503,100,98,2,2
39504,61,61,0,0
39505,76,75,1,1
39506,156,216,-60,60
39507,69,70,-1,1
39508,219,201,18,18
39509,112,112,0,0
39510,86,89,-3,3
39511,53,58,-5,5
39512,108,104,4,4
39513,82,82,0,0
39514,89,79,10,10
39515,125,120,5,5
39516,96,113,-17,17
39517,113,112,1,1
39518,61,70,-9,9
39519,39,50,-11,11
39520,65,79,-14,14
39521,101,99,2,2
39522,188,167,21,21
39523,73,72,1,1
39524,51,66,-15,15
39525,126,125,1,1
39526,95,118,-23,23
39527,85,108,-23,23
39528,112,114,-2,2
39529,117,118,-1,1
39530,109,93,16,16
39531,47,59,-12,12
39532,63,73,-10,10
39533,92,94,-2,2
39534,78,79,-1,1
39535,100,94,6,6
39536,137,123,14,14
39537,163,156,7,7
39538,74,78,-4,4
39539,64,75,-11,11
39540,87,75,12,12
39541,87,86,1,1
39542,120,125,-5,5
39543,129,123,6,6
39544,137,133,4,4
39545,65,67,-2,2
39546,67,72,-5,5
39547,83,82,1,1
39548,91,87,4,4
39549,88,83,5,5
39550,47,53,-6,6
39551,119,123,-4,4
39552,76,77,-1,1
39553,96,91,5,5
39554,69,78,-9,9
39555,91,92,-1,1
39556,95,99,-4,4
39557,89,100,-11,11
39558,89,82,7,7
39559,106,107,-1,1
39560,86,73,13,13
39561,119,108,11,11
39562,76,83,-7,7
39563,95,84,11,11
39564,93,91,2,2
39565,93,80,13,13
39566,87,85,2,2
39567,142,150,-8,8
39568,81,84,-3,3
39569,54,56,-2,2
39570,131,120,11,11
39571,53,59,-6,6
39572,132,135,-3,3
39573,83,85,-2,2
39574,77,71,6,6
39575,86,92,-6,6
39576,135,128,7,7
39577,114,108,6,6
39578,75,85,-10,10
39579,62,75,-13,13
39580,96,92,4,4
39581,88,82,6,6
39582,58,62,-4,4
39583,55,62,-7,7
39584,70,70,0,0
39585,162,152,10,10
39586,98,88,10,10
39587,73,71,2,2
39588,52,62,-10,10
39589,86,84,2,2
39590,133,121,12,12
39591,102,104,-2,2
39592,137,133,4,4
39593,58,60,-2,2
39594,94,77,17,17
39595,158,146,12,12
39596,88,90,-2,2
39597,81,86,-5,5
39598,88,77,11,11
39599,170,175,-5,5
39600,132,127,5,5
39601,160,161,-1,1
39602,69,71,-2,2
39603,78,77,1,1
39604,47,68,-21,21
39605,122,121,1,1
39606,46,48,-2,2
39607,81,83,-2,2
39608,173,177,-4,4
39609,36,116,-80,80
39610,84,76,8,8
39611,118,116,2,2
39612,113,103,10,10
39613,162,156,6,6
39614,98,107,-9,9
39615,96,97,-1,1
39616,71,74,-3,3
39617,68,69,-1,1
39618,85,81,4,4
39619,34,68,-34,34
39620,69,76,-7,7
39621,69,75,-6,6
39622,128,124,4,4
39623,99,102,-3,3
39624,121,120,1,1
39625,179,165,14,14
39626,92,99,-7,7
39627,171,175,-4,4
39628,94,95,-1,1
39629,112,113,-1,1
39630,79,75,4,4
39631,57,68,-11,11
39632,72,80,-8,8
39633,161,141,20,20
39634,132,127,5,5
39635,126,118,8,8
39636,78,83,-5,5
39637,72,69,3,3
39638,88,95,-7,7
39639,93,92,1,1
39640,56,63,-7,7
39641,179,166,13,13
39642,99,92,7,7
39643,143,128,15,15
39644,25,29,-4,4
39645,85,80,5,5
39646,50,58,-8,8
39647,110,102,8,8
39648,133,126,7,7
39649,103,92,11,11
39650,149,147,2,2
39651,146,148,-2,2
39652,65,73,-8,8
39653,117,132,-15,15
39654,53,58,-5,5
39655,155,140,15,15
39656,127,127,0,0
39657,87,87,0,0
39658,167,155,12,12
39659,74,72,2,2
39660,65,70,-5,5
39661,50,55,-5,5
39662,109,109,0,0
39663,65,71,-6,6
39664,98,95,3,3
39665,128,125,3,3
39666,132,134,-2,2
39667,174,175,-1,1
39668,81,80,1,1
39669,69,74,-5,5
39670,77,72,5,5
39671,69,69,0,0
39672,68,72,-4,4
39673,132,134,-2,2
39674,152,165,-13,13
39675,87,87,0,0
39676,30,34,-4,4
39677,98,86,12,12
39678,99,90,9,9
39679,116,118,-2,2
39680,100,99,1,1
39681,137,129,8,8
39682,63,68,-5,5
39683,82,85,-3,3
39684,99,112,-13,13
39685,58,65,-7,7
39686,68,73,-5,5
39687,121,115,6,6
39688,91,77,14,14
39689,61,79,-18,18
39690,46,53,-7,7
39691,107,114,-7,7
39692,80,80,0,0
39693,78,79,-1,1
39694,83,78,5,5
39695,139,133,6,6
39696,113,115,-2,2
39697,109,112,-3,3
39698,168,162,6,6
39699,148,138,10,10
39700,90,83,7,7
39701,49,60,-11,11
39702,91,102,-11,11
39703,48,55,-7,7
39704,99,101,-2,2
39705,125,131,-6,6
39706,77,96,-19,19
39707,89,85,4,4
39708,85,77,8,8
39709,85,82,3,3
39710,60,65,-5,5
39711,100,96,4,4
39712,61,67,-6,6
39713,87,86,1,1
39714,79,81,-2,2
39715,48,51,-3,3
39716,90,99,-9,9
39717,85,82,3,3
39718,77,74,3,3
39719,56,64,-8,8
39720,55,61,-6,6
39721,148,143,5,5
39722,108,102,6,6
39723,69,68,1,1
39724,151,141,10,10
39725,98,85,13,13
39726,87,93,-6,6
39727,76,74,2,2
39728,84,83,1,1
39729,39,48,-9,9
39730,105,103,2,2
39731,68,94,-26,26
39732,58,71,-13,13
39733,81,77,4,4
39734,108,112,-4,4
39735,98,100,-2,2
39736,148,149,-1,1
39737,71,73,-2,2
39738,108,102,6,6
39739,68,75,-7,7
39740,82,83,-1,1
39741,159,146,13,13
39742,109,99,10,10
39743,113,106,7,7
39744,106,101,5,5
39745,124,114,10,10
39746,74,75,-1,1
39747,23,29,-6,6
39748,94,87,7,7
39749,69,71,-2,2
39750,63,72,-9,9
39751,49,59,-10,10
39752,83,80,3,3
39753,65,67,-2,2
39754,122,98,24,24
39755,110,112,-2,2
39756,145,143,2,2
39757,128,112,16,16
39758,61,60,1,1
39759,135,125,10,10
39760,62,57,5,5
39761,143,124,19,19
39762,59,65,-6,6
39763,133,128,5,5
39764,84,93,-9,9
39765,127,122,5,5
39766,75,73,2,2
39767,128,125,3,3
39768,85,89,-4,4
39769,127,115,12,12
39770,66,74,-8,8
39771,45,41,4,4
39772,89,86,3,3
39773,82,78,4,4
39774,98,92,6,6
39775,51,65,-14,14
39776,112,115,-3,3
39777,70,73,-3,3
39778,75,62,13,13
39779,97,97,0,0
39780,59,74,-15,15
39781,51,53,-2,2
39782,53,58,-5,5
39783,56,71,-15,15
39784,67,66,1,1
39785,66,74,-8,8
39786,89,90,-1,1
39787,94,81,13,13
39788,77,83,-6,6
39789,41,52,-11,11
39790,85,84,1,1
39791,72,70,2,2
39792,108,112,-4,4
39793,105,106,-1,1
39794,67,71,-4,4
39795,97,94,3,3
39796,76,77,-1,1
39797,133,147,-14,14
39798,93,93,0,0
39799,40,53,-13,13
39800,66,67,-1,1
39801,43,52,-9,9
39802,145,135,10,10
39803,135,115,20,20
39804,64,71,-7,7
39805,76,92,-16,16
39806,55,61,-6,6
39807,78,76,2,2
39808,103,101,2,2
39809,141,143,-2,2
39810,152,152,0,0
39811,110,117,-7,7
39812,122,114,8,8
39813,78,81,-3,3
39814,82,79,3,3
39815,104,91,13,13
39816,112,112,0,0
39817,69,69,0,0
39818,48,56,-8,8
39819,60,68,-8,8
39820,54,57,-3,3
39821,128,120,8,8
39822,61,62,-1,1
39823,108,121,-13,13
39824,86,85,1,1
39825,74,82,-8,8
39826,168,158,10,10
39827,76,75,1,1
39828,80,80,0,0
39829,96,86,10,10
39830,74,73,1,1
39831,59,62,-3,3
39832,143,142,1,1
39833,68,64,4,4
39834,76,77,-1,1
39835,97,103,-6,6
39836,66,71,-5,5
39837,94,94,0,0
39838,159,159,0,0
39839,76,69,7,7
39840,121,125,-4,4
39841,123,125,-2,2
39842,80,81,-1,1
39843,77,77,0,0
39844,52,62,-10,10
39845,115,119,-4,4
39846,180,158,22,22
39847,70,73,-3,3
39848,79,85,-6,6
39849,112,101,11,11
39850,89,93,-4,4
39851,83,83,0,0
39852,108,114,-6,6
39853,67,71,-4,4
39854,86,84,2,2
39855,82,90,-8,8
39856,156,153,3,3
39857,141,130,11,11
39858,154,149,5,5
39859,63,67,-4,4
39860,52,57,-5,5
39861,122,112,10,10
39862,69,79,-10,10
39863,93,90,3,3
39864,106,114,-8,8
39865,76,81,-5,5
39866,97,90,7,7
39867,96,97,-1,1
39868,116,115,1,1
39869,98,109,-11,11
39870,89,83,6,6
39871,137,138,-1,1
39872,88,77,11,11
39873,115,114,1,1
39874,135,130,5,5
39875,99,102,-3,3
39876,68,75,-7,7
39877,98,96,2,2
39878,119,113,6,6
39879,77,75,2,2
39880,74,83,-9,9
39881,115,112,3,3
39882,67,72,-5,5
39883,79,86,-7,7
39884,107,112,-5,5
39885,83,85,-2,2
39886,74,80,-6,6
39887,160,158,2,2
39888,56,63,-7,7
39889,74,75,-1,1
39890,95,99,-4,4
39891,141,154,-13,13
39892,98,99,-1,1
39893,84,85,-1,1
39894,118,113,5,5
39895,58,59,-1,1
39896,54,66,-12,12
39897,74,75,-1,1
39898,69,73,-4,4
39899,123,108,15,15
39900,59,63,-4,4
39901,50,61,-11,11
39902,56,59,-3,3
39903,55,63,-8,8
39904,145,134,11,11
39905,89,84,5,5
39906,74,65,9,9
39907,67,72,-5,5
39908,100,104,-4,4
39909,99,97,2,2
39910,64,69,-5,5
39911,49,63,-14,14
39912,144,143,1,1
39913,65,68,-3,3
39914,57,61,-4,4
39915,74,76,-2,2
39916,82,84,-2,2
39917,80,76,4,4
39918,167,190,-23,23
39919,55,54,1,1
39920,98,101,-3,3
39921,69,71,-2,2
39922,60,64,-4,4
39923,149,145,4,4
39924,170,171,-1,1
39925,56,63,-7,7
39926,120,117,3,3
39927,114,117,-3,3
39928,123,121,2,2
39929,67,76,-9,9
39930,145,144,1,1
39931,72,73,-1,1
39932,85,83,2,2
39933,117,114,3,3
39934,87,109,-22,22
39935,66,74,-8,8
39936,116,124,-8,8
39937,53,67,-14,14
39938,109,105,4,4
39939,26,29,-3,3
39940,51,58,-7,7
39941,65,63,2,2
39942,89,82,7,7
39943,110,97,13,13
39944,70,74,-4,4
39945,46,55,-9,9
39946,119,116,3,3
39947,127,123,4,4
39948,95,91,4,4
39949,68,70,-2,2
39950,73,73,0,0
39951,112,106,6,6
39952,152,159,-7,7
39953,83,83,0,0
39954,115,112,3,3
39955,131,111,20,20
39956,49,51,-2,2
39957,118,101,17,17
39958,94,84,10,10
39959,120,124,-4,4
39960,64,78,-14,14
39961,145,138,7,7
39962,63,68,-5,5
39963,62,66,-4,4
39964,55,59,-4,4
39965,113,120,-7,7
39966,62,69,-7,7
39967,80,75,5,5
39968,100,95,5,5
39969,72,77,-5,5
39970,75,74,1,1
39971,104,101,3,3
39972,56,56,0,0
39973,116,129,-13,13
39974,87,95,-8,8
39975,109,111,-2,2
39976,107,112,-5,5
39977,63,70,-7,7
39978,127,132,-5,5
39979,124,112,12,12
39980,67,68,-1,1
39981,229,184,45,45
39982,144,125,19,19
39983,110,113,-3,3
39984,70,68,2,2
39985,102,100,2,2
39986,153,133,20,20
39987,82,84,-2,2
39988,50,58,-8,8
39989,54,63,-9,9
39990,97,95,2,2
39991,75,80,-5,5
39992,83,78,5,5
39993,88,84,4,4
39994,129,119,10,10
39995,91,77,14,14
39996,115,102,13,13
39997,96,95,1,1
39998,177,175,2,2
39999,109,112,-3,3
40000,91,90,1,1
40001,102,100,2,2
40002,75,71,4,4
40003,67,73,-6,6
40004,85,84,1,1
40005,133,126,7,7
40006,122,119,3,3
40007,99,99,0,0
40008,72,77,-5,5
40009,80,84,-4,4
40010,61,66,-5,5
40011,118,112,6,6
40012,112,112,0,0
40013,69,77,-8,8
40014,156,150,6,6
40015,140,135,5,5
40016,55,61,-6,6
40017,85,95,-10,10
40018,104,98,6,6
40019,113,105,8,8
40020,61,71,-10,10
40021,110,118,-8,8
40022,142,127,15,15
40023,93,93,0,0
40024,49,59,-10,10
40025,139,134,5,5
40026,42,52,-10,10
40027,80,75,5,5
40028,138,129,9,9
40029,148,145,3,3
40030,28,48,-20,20
40031,54,64,-10,10
40032,85,77,8,8
40033,84,82,2,2
40034,161,148,13,13
40035,80,76,4,4
40036,108,120,-12,12
40037,91,96,-5,5
40038,92,83,9,9
40039,92,98,-6,6
40040,91,79,12,12
40041,146,132,14,14
40042,59,72,-13,13
40043,109,101,8,8
40044,67,72,-5,5
40045,89,95,-6,6
40046,156,144,12,12
40047,106,102,4,4
40048,71,74,-3,3
40049,161,152,9,9
40050,97,95,2,2
40051,95,94,1,1
40052,128,130,-2,2
40053,79,95,-16,16
40054,127,135,-8,8
40055,88,92,-4,4
40056,63,66,-3,3
40057,47,53,-6,6
40058,67,76,-9,9
40059,44,47,-3,3
40060,70,68,2,2
40061,59,59,0,0
40062,115,117,-2,2
40063,123,129,-6,6
40064,49,53,-4,4
40065,81,77,4,4
40066,55,60,-5,5
40067,105,97,8,8
40068,120,122,-2,2
40069,95,101,-6,6
40070,73,77,-4,4
40071,76,79,-3,3
40072,95,97,-2,2
40073,35,40,-5,5
40074,85,79,6,6
40075,65,79,-14,14
40076,125,125,0,0
40077,62,65,-3,3
40078,95,96,-1,1
40079,139,130,9,9
40080,77,82,-5,5
40081,65,68,-3,3
40082,53,62,-9,9
40083,83,75,8,8
40084,62,57,5,5
40085,74,72,2,2
40086,32,36,-4,4
40087,67,69,-2,2
40088,134,119,15,15
40089,78,85,-7,7
40090,88,85,3,3
40091,81,84,-3,3
40092,60,69,-9,9
40093,117,104,13,13
40094,61,68,-7,7
40095,147,144,3,3
40096,217,194,23,23
40097,84,84,0,0
40098,67,66,1,1
40099,158,172,-14,14
40100,51,64,-13,13
40101,91,95,-4,4
40102,72,69,3,3
40103,121,124,-3,3
40104,76,72,4,4
40105,117,112,5,5
40106,63,66,-3,3
40107,82,87,-5,5
40108,87,99,-12,12
40109,77,76,1,1
40110,67,73,-6,6
40111,129,111,18,18
40112,56,60,-4,4
40113,60,71,-11,11
40114,130,117,13,13
40115,106,116,-10,10
40116,73,69,4,4
40117,89,85,4,4
40118,85,94,-9,9
40119,71,69,2,2
40120,206,218,-12,12
40121,142,149,-7,7
40122,106,109,-3,3
40123,98,99,-1,1
40124,60,73,-13,13
40125,113,116,-3,3
40126,57,65,-8,8
40127,73,73,0,0
40128,186,156,30,30
40129,87,93,-6,6
40130,122,115,7,7
40131,80,89,-9,9
40132,130,123,7,7
40133,106,103,3,3
40134,175,192,-17,17
40135,135,140,-5,5
40136,115,113,2,2
40137,80,79,1,1
40138,125,112,13,13
40139,85,94,-9,9
40140,85,79,6,6
40141,143,135,8,8
40142,92,89,3,3
40143,74,66,8,8
40144,66,77,-11,11
40145,68,71,-3,3
40146,103,98,5,5
40147,82,80,2,2
40148,57,60,-3,3
40149,102,111,-9,9
40150,117,117,0,0
40151,79,83,-4,4
40152,179,157,22,22
40153,111,121,-10,10
40154,59,67,-8,8
40155,90,88,2,2
40156,82,109,-27,27
40157,120,117,3,3
40158,89,92,-3,3
40159,76,77,-1,1
40160,74,71,3,3
40161,54,62,-8,8
40162,51,56,-5,5
40163,71,76,-5,5
40164,116,101,15,15
40165,84,78,6,6
40166,107,100,7,7
40167,83,79,4,4
40168,170,159,11,11
40169,118,117,1,1
40170,115,108,7,7
40171,78,89,-11,11
40172,155,147,8,8
40173,143,145,-2,2
40174,80,87,-7,7
40175,64,75,-11,11
40176,97,84,13,13
40177,92,93,-1,1
40178,63,72,-9,9
40179,196,173,23,23
40180,70,79,-9,9
40181,95,98,-3,3
40182,73,76,-3,3
40183,64,75,-11,11
40184,86,97,-11,11
40185,93,98,-5,5
40186,81,78,3,3
40187,132,111,21,21
40188,89,75,14,14
40189,80,73,7,7
40190,61,66,-5,5
40191,148,150,-2,2
40192,104,101,3,3
40193,105,104,1,1
40194,94,90,4,4
40195,72,77,-5,5
40196,71,73,-2,2
40197,115,111,4,4
40198,100,100,0,0
40199,64,66,-2,2
40200,88,90,-2,2
40201,175,181,-6,6
40202,153,159,-6,6
40203,58,60,-2,2
40204,143,150,-7,7
40205,49,54,-5,5
40206,62,63,-1,1
40207,72,72,0,0
40208,112,113,-1,1
40209,90,84,6,6
40210,88,85,3,3
40211,92,86,6,6
40212,25,29,-4,4
40213,97,93,4,4
40214,133,121,12,12
40215,86,87,-1,1
40216,81,77,4,4
40217,164,151,13,13
40218,64,64,0,0
40219,79,76,3,3
40220,108,110,-2,2
40221,62,71,-9,9
40222,84,83,1,1
40223,187,185,2,2
40224,70,79,-9,9
40225,119,113,6,6
40226,86,97,-11,11
40227,118,112,6,6
40228,79,82,-3,3
40229,77,76,1,1
40230,85,91,-6,6
40231,107,100,7,7
40232,76,77,-1,1
40233,54,52,2,2
40234,66,67,-1,1
40235,64,74,-10,10
40236,56,54,2,2
40237,147,155,-8,8
40238,92,81,11,11
40239,119,112,7,7
40240,61,72,-11,11
40241,112,103,9,9
40242,116,120,-4,4
40243,68,76,-8,8
40244,153,148,5,5
40245,114,125,-11,11
40246,115,114,1,1
40247,91,89,2,2
40248,68,73,-5,5
40249,111,106,5,5
40250,79,72,7,7
40251,57,68,-11,11
40252,114,114,0,0
40253,66,73,-7,7
40254,96,83,13,13
40255,83,95,-12,12
40256,93,83,10,10
40257,83,78,5,5
40258,80,75,5,5
40259,82,80,2,2
40260,114,114,0,0
40261,49,60,-11,11
40262,67,76,-9,9
40263,79,77,2,2
40264,77,76,1,1
40265,64,69,-5,5
40266,177,166,11,11
40267,71,76,-5,5
40268,99,95,4,4
40269,90,84,6,6
40270,107,105,2,2
40271,103,93,10,10
40272,144,138,6,6
40273,81,77,4,4
40274,69,73,-4,4
40275,63,80,-17,17
40276,105,106,-1,1
40277,100,93,7,7
40278,118,120,-2,2
40279,89,80,9,9
40280,90,88,2,2
40281,88,93,-5,5
40282,69,67,2,2
40283,59,62,-3,3
40284,84,80,4,4
40285,143,142,1,1
40286,112,122,-10,10
40287,143,156,-13,13
40288,78,84,-6,6
40289,38,48,-10,10
40290,107,95,12,12
40291,57,63,-6,6
40292,62,93,-31,31
40293,79,80,-1,1
40294,72,75,-3,3
40295,85,81,4,4
40296,83,84,-1,1
40297,69,72,-3,3
40298,62,64,-2,2
40299,80,84,-4,4
40300,55,68,-13,13
40301,77,72,5,5
40302,77,90,-13,13
40303,81,91,-10,10
40304,88,83,5,5
40305,75,84,-9,9
40306,103,107,-4,4
40307,63,64,-1,1
40308,115,103,12,12
40309,149,153,-4,4
40310,48,52,-4,4
40311,67,64,3,3
40312,167,146,21,21
40313,116,114,2,2
40314,40,52,-12,12
40315,93,96,-3,3
40316,98,92,6,6
40317,105,95,10,10
40318,150,139,11,11
40319,174,152,22,22
40320,156,145,11,11
40321,61,100,-39,39
40322,124,127,-3,3
40323,61,63,-2,2
40324,58,63,-5,5
40325,147,149,-2,2
40326,80,91,-11,11
40327,115,105,10,10
40328,139,138,1,1
40329,73,74,-1,1
40330,208,203,5,5
40331,92,100,-8,8
40332,63,62,1,1
40333,126,116,10,10
40334,31,29,2,2
40335,55,74,-19,19
40336,154,146,8,8
40337,110,112,-2,2
40338,62,64,-2,2
40339,124,117,7,7
40340,81,76,5,5
40341,78,69,9,9
40342,122,132,-10,10
40343,110,121,-11,11
40344,100,89,11,11
40345,112,110,2,2
40346,58,60,-2,2
40347,92,88,4,4
40348,143,138,5,5
40349,76,77,-1,1
40350,62,71,-9,9
40351,72,75,-3,3
40352,96,103,-7,7
40353,98,99,-1,1
40354,209,182,27,27
40355,81,78,3,3
40356,65,72,-7,7
40357,111,101,10,10
40358,158,145,13,13
40359,106,112,-6,6
40360,124,115,9,9
40361,90,84,6,6
40362,95,96,-1,1
40363,86,89,-3,3
40364,89,85,4,4
40365,59,72,-13,13
40366,132,123,9,9
40367,91,76,15,15
40368,90,83,7,7
40369,85,83,2,2
40370,77,91,-14,14
40371,68,65,3,3
40372,77,84,-7,7
40373,125,127,-2,2
40374,53,55,-2,2
40375,100,108,-8,8
40376,128,127,1,1
40377,78,73,5,5
40378,73,91,-18,18
40379,79,79,0,0
40380,89,89,0,0
40381,101,101,0,0
40382,93,107,-14,14
40383,93,93,0,0
40384,62,66,-4,4
40385,113,118,-5,5
40386,117,113,4,4
40387,133,127,6,6
40388,107,114,-7,7
40389,64,86,-22,22
40390,48,57,-9,9
40391,103,104,-1,1
40392,91,97,-6,6
40393,121,127,-6,6
40394,109,109,0,0
40395,92,90,2,2
40396,118,110,8,8
40397,82,87,-5,5
40398,76,71,5,5
40399,98,92,6,6
40400,118,111,7,7
40401,124,128,-4,4
40402,120,101,19,19
40403,85,89,-4,4
40404,112,113,-1,1
40405,88,90,-2,2
40406,65,62,3,3
40407,48,54,-6,6
40408,66,76,-10,10
40409,106,83,23,23
40410,174,146,28,28
40411,161,152,9,9
40412,42,66,-24,24
40413,65,73,-8,8
40414,47,57,-10,10
40415,100,109,-9,9
40416,91,91,0,0
40417,59,65,-6,6
40418,77,84,-7,7
40419,83,79,4,4
40420,91,89,2,2
40421,91,89,2,2
40422,163,160,3,3
40423,89,82,7,7
40424,144,151,-7,7
40425,107,117,-10,10
40426,75,75,0,0
40427,210,214,-4,4
40428,168,162,6,6
40429,116,110,6,6
40430,67,79,-12,12
40431,66,71,-5,5
40432,23,29,-6,6
40433,99,95,4,4
40434,66,70,-4,4
40435,56,63,-7,7
40436,92,86,6,6
40437,132,125,7,7
40438,67,75,-8,8
40439,42,38,4,4
40440,123,122,1,1
40441,44,54,-10,10
40442,117,114,3,3
40443,109,107,2,2
40444,106,102,4,4
40445,92,93,-1,1
40446,88,80,8,8
40447,74,77,-3,3
40448,114,125,-11,11
40449,146,129,17,17
40450,105,102,3,3
40451,91,96,-5,5
40452,124,121,3,3
40453,178,169,9,9
40454,98,98,0,0
40455,145,152,-7,7
40456,76,76,0,0
40457,100,98,2,2
40458,128,111,17,17
40459,152,144,8,8
40460,40,49,-9,9
40461,65,72,-7,7
40462,107,110,-3,3
40463,90,86,4,4
40464,100,106,-6,6
40465,71,84,-13,13
40466,55,63,-8,8
40467,80,81,-1,1
40468,131,122,9,9
40469,28,39,-11,11
40470,93,99,-6,6
40471,149,157,-8,8
40472,88,90,-2,2
40473,50,60,-10,10
40474,82,93,-11,11
40475,125,115,10,10
40476,131,115,16,16
40477,93,101,-8,8
40478,83,82,1,1
40479,149,153,-4,4
40480,74,82,-8,8
40481,124,125,-1,1
40482,174,154,20,20
40483,83,113,-30,30
40484,119,123,-4,4
40485,85,81,4,4
40486,70,67,3,3
40487,197,193,4,4
40488,131,125,6,6
40489,130,118,12,12
40490,73,82,-9,9
40491,97,94,3,3
40492,85,97,-12,12
40493,198,175,23,23
40494,100,96,4,4
40495,81,88,-7,7
40496,71,75,-4,4
40497,97,100,-3,3
40498,77,88,-11,11
40499,88,85,3,3
40500,90,80,10,10
40501,74,75,-1,1
40502,70,72,-2,2
40503,63,64,-1,1
40504,149,134,15,15
40505,97,90,7,7
40506,65,73,-8,8
40507,81,80,1,1
40508,100,101,-1,1
40509,79,87,-8,8
40510,106,106,0,0
40511,79,84,-5,5
40512,137,137,0,0
40513,82,87,-5,5
40514,68,63,5,5
40515,100,94,6,6
40516,40,54,-14,14
40517,57,59,-2,2
40518,73,80,-7,7
40519,85,85,0,0
40520,135,127,8,8
40521,126,125,1,1
40522,158,154,4,4
40523,110,107,3,3
40524,125,131,-6,6
40525,115,108,7,7
40526,112,115,-3,3
40527,71,77,-6,6
40528,121,139,-18,18
40529,97,107,-10,10
40530,104,103,1,1
40531,97,97,0,0
40532,54,61,-7,7
40533,76,79,-3,3
40534,132,113,19,19
40535,98,104,-6,6
40536,107,103,4,4
40537,119,110,9,9
40538,125,118,7,7
40539,96,100,-4,4
40540,49,60,-11,11
40541,89,76,13,13
40542,101,98,3,3
40543,86,99,-13,13
40544,43,49,-6,6
40545,40,43,-3,3
40546,109,109,0,0
40547,49,60,-11,11
40548,99,105,-6,6
40549,120,103,17,17
40550,70,83,-13,13
40551,177,164,13,13
40552,59,71,-12,12
40553,90,92,-2,2
40554,99,99,0,0
40555,99,101,-2,2
40556,113,104,9,9
40557,87,83,4,4
40558,120,123,-3,3
40559,122,111,11,11
40560,156,153,3,3
40561,90,83,7,7
40562,109,109,0,0
40563,59,70,-11,11
40564,110,113,-3,3
40565,64,68,-4,4
40566,76,77,-1,1
40567,93,87,6,6
40568,81,84,-3,3
40569,155,146,9,9
40570,77,88,-11,11
40571,52,60,-8,8
40572,48,59,-11,11
40573,94,102,-8,8
40574,72,81,-9,9
40575,78,97,-19,19
40576,108,103,5,5
40577,74,85,-11,11
40578,67,69,-2,2
40579,88,83,5,5
40580,127,126,1,1
40581,88,101,-13,13
40582,53,68,-15,15
40583,101,102,-1,1
40584,105,101,4,4
40585,120,116,4,4
40586,63,72,-9,9
40587,50,60,-10,10
40588,67,70,-3,3
40589,121,123,-2,2
40590,76,77,-1,1
40591,95,78,17,17
40592,97,100,-3,3
40593,63,72,-9,9
40594,135,130,5,5
40595,61,62,-1,1
40596,79,82,-3,3
40597,133,126,7,7
40598,97,103,-6,6
40599,78,69,9,9
40600,96,91,5,5
40601,47,52,-5,5
40602,139,124,15,15
40603,99,94,5,5
40604,113,102,11,11
40605,94,88,6,6
40606,100,105,-5,5
40607,71,80,-9,9
40608,102,112,-10,10
40609,113,109,4,4
40610,85,86,-1,1
40611,75,68,7,7
40612,62,62,0,0
40613,111,92,19,19
40614,80,79,1,1
40615,117,116,1,1
40616,107,105,2,2
40617,75,76,-1,1
40618,82,86,-4,4
40619,73,74,-1,1
40620,110,106,4,4
40621,115,109,6,6
40622,151,147,4,4
40623,60,70,-10,10
40624,51,60,-9,9
40625,76,72,4,4
40626,115,111,4,4
40627,79,79,0,0
40628,85,91,-6,6
40629,84,87,-3,3
40630,136,123,13,13
40631,76,80,-4,4
40632,30,43,-13,13
40633,141,137,4,4
40634,83,79,4,4
40635,81,84,-3,3
40636,79,83,-4,4
40637,113,114,-1,1
40638,88,82,6,6
40639,145,171,-26,26
40640,156,149,7,7
40641,80,92,-12,12
40642,103,102,1,1
40643,116,110,6,6
40644,76,71,5,5
40645,123,122,1,1
40646,93,93,0,0
40647,103,106,-3,3
40648,67,69,-2,2
40649,102,112,-10,10
40650,92,79,13,13
40651,86,84,2,2
40652,56,64,-8,8
40653,80,86,-6,6
40654,137,132,5,5
40655,48,59,-11,11
40656,87,76,11,11
40657,112,120,-8,8
40658,74,73,1,1
40659,87,85,2,2
40660,101,110,-9,9
40661,58,68,-10,10
40662,116,110,6,6
40663,97,93,4,4
40664,65,68,-3,3
40665,98,92,6,6
40666,98,89,9,9
40667,156,145,11,11
40668,88,88,0,0
40669,85,95,-10,10
40670,64,65,-1,1
40671,72,76,-4,4
40672,107,113,-6,6
40673,87,104,-17,17
40674,115,120,-5,5
40675,102,88,14,14
40676,120,109,11,11
40677,87,94,-7,7
40678,81,82,-1,1
40679,53,60,-7,7
40680,71,79,-8,8
40681,78,77,1,1
40682,104,100,4,4
40683,113,116,-3,3
40684,51,53,-2,2
40685,65,73,-8,8
40686,109,126,-17,17
40687,78,82,-4,4
40688,105,93,12,12
40689,93,100,-7,7
40690,103,102,1,1
40691,113,101,12,12
40692,77,88,-11,11
40693,135,126,9,9
40694,82,73,9,9
40695,84,84,0,0
40696,56,68,-12,12
40697,54,58,-4,4
40698,146,138,8,8
40699,149,143,6,6
40700,91,82,9,9
40701,61,63,-2,2
40702,117,125,-8,8
40703,46,52,-6,6
40704,159,156,3,3
40705,94,82,12,12
40706,153,140,13,13
40707,108,100,8,8
40708,85,77,8,8
40709,69,75,-6,6
40710,295,145,150,150
40711,74,74,0,0
40712,103,103,0,0
40713,80,76,4,4
40714,68,71,-3,3
40715,120,125,-5,5
40716,86,85,1,1
40717,118,116,2,2
40718,74,79,-5,5
40719,99,84,15,15
40720,76,71,5,5
40721,134,120,14,14
40722,97,119,-22,22
40723,66,74,-8,8
40724,92,102,-10,10
40725,50,56,-6,6
40726,83,90,-7,7
40727,98,100,-2,2
40728,72,73,-1,1
40729,71,73,-2,2
40730,71,81,-10,10
40731,78,83,-5,5
40732,81,85,-4,4
40733,126,125,1,1
40734,71,70,1,1
40735,70,72,-2,2
40736,141,135,6,6
40737,75,71,4,4
40738,85,79,6,6
40739,89,92,-3,3
40740,82,84,-2,2
40741,174,156,18,18
40742,77,76,1,1
40743,113,121,-8,8
40744,165,163,2,2
40745,55,59,-4,4
40746,94,83,11,11
40747,81,84,-3,3
40748,103,99,4,4
40749,87,83,4,4
40750,68,83,-15,15
40751,205,212,-7,7
40752,85,86,-1,1
40753,66,66,0,0
40754,68,70,-2,2
40755,87,85,2,2
40756,101,94,7,7
40757,115,112,3,3
40758,69,72,-3,3
40759,144,138,6,6
40760,97,95,2,2
40761,107,111,-4,4
40762,88,104,-16,16
40763,138,130,8,8
40764,90,79,11,11
40765,129,136,-7,7
40766,66,68,-2,2
40767,75,75,0,0
40768,118,114,4,4
40769,99,100,-1,1
40770,77,73,4,4
40771,89,87,2,2
40772,95,100,-5,5
40773,56,59,-3,3
40774,115,111,4,4
40775,59,63,-4,4
40776,117,116,1,1
40777,110,110,0,0
40778,120,102,18,18
40779,98,84,14,14
40780,121,121,0,0
40781,100,84,16,16
40782,85,83,2,2
40783,106,104,2,2
40784,165,153,12,12
40785,65,75,-10,10
40786,58,62,-4,4
40787,165,159,6,6
40788,56,63,-7,7
40789,62,72,-10,10
40790,85,79,6,6
40791,93,97,-4,4
40792,57,67,-10,10
40793,97,98,-1,1
40794,96,101,-5,5
40795,45,54,-9,9
40796,114,113,1,1
40797,77,74,3,3
40798,77,82,-5,5
40799,89,84,5,5
40800,70,75,-5,5
40801,84,88,-4,4
40802,89,102,-13,13
40803,104,108,-4,4
40804,88,83,5,5
40805,68,71,-3,3
40806,67,72,-5,5
40807,51,55,-4,4
40808,144,147,-3,3
40809,135,131,4,4
40810,89,91,-2,2
40811,122,116,6,6
40812,110,105,5,5
40813,81,82,-1,1
40814,147,153,-6,6
40815,60,63,-3,3
40816,137,146,-9,9
40817,110,112,-2,2
40818,125,122,3,3
40819,89,96,-7,7
40820,129,142,-13,13
40821,70,66,4,4
40822,149,153,-4,4
40823,72,78,-6,6
40824,96,101,-5,5
40825,76,82,-6,6
40826,154,149,5,5
40827,220,194,26,26
40828,106,110,-4,4
40829,95,102,-7,7
40830,158,165,-7,7
40831,140,140,0,0
40832,86,86,0,0
40833,96,84,12,12
40834,100,98,2,2
40835,70,77,-7,7
40836,64,66,-2,2
40837,147,142,5,5
40838,75,77,-2,2
40839,80,76,4,4
40840,161,137,24,24
40841,83,101,-18,18
40842,89,77,12,12
40843,169,160,9,9
40844,85,85,0,0
40845,151,153,-2,2
40846,85,79,6,6
40847,61,69,-8,8
40848,62,66,-4,4
40849,118,111,7,7
40850,97,96,1,1
40851,118,112,6,6
40852,104,88,16,16
40853,44,50,-6,6
40854,101,98,3,3
40855,69,72,-3,3
40856,52,58,-6,6
40857,115,114,1,1
40858,56,61,-5,5
40859,110,117,-7,7
40860,96,117,-21,21
40861,88,85,3,3
40862,94,97,-3,3
40863,60,62,-2,2
40864,108,105,3,3
40865,114,105,9,9
40866,87,89,-2,2
40867,102,100,2,2
40868,75,73,2,2
40869,56,57,-1,1
40870,123,128,-5,5
40871,29,50,-21,21
40872,70,81,-11,11
40873,87,80,7,7
40874,48,65,-17,17
40875,108,102,6,6
40876,164,166,-2,2
40877,125,113,12,12
40878,66,71,-5,5
40879,190,180,10,10
40880,91,86,5,5
40881,116,94,22,22
40882,96,94,2,2
40883,86,84,2,2
40884,157,166,-9,9
40885,149,139,10,10
40886,54,57,-3,3
40887,81,80,1,1
40888,97,104,-7,7
40889,128,124,4,4
40890,96,101,-5,5
40891,121,123,-2,2
40892,131,125,6,6
40893,133,120,13,13
40894,130,123,7,7
40895,97,91,6,6
40896,68,76,-8,8
40897,118,107,11,11
40898,91,88,3,3
40899,90,105,-15,15
40900,65,68,-3,3
40901,143,129,14,14
40902,80,68,12,12
40903,96,80,16,16
40904,104,97,7,7
40905,112,113,-1,1
40906,86,84,2,2
40907,91,95,-4,4
40908,205,177,28,28
40909,73,83,-10,10
40910,101,97,4,4
40911,73,78,-5,5
40912,90,85,5,5
40913,191,197,-6,6
40914,90,89,1,1
40915,149,146,3,3
40916,73,82,-9,9
40917,152,152,0,0
40918,115,111,4,4
40919,88,96,-8,8
40920,86,82,4,4
40921,103,101,2,2
40922,37,43,-6,6
40923,83,76,7,7
40924,76,70,6,6
40925,56,57,-1,1
40926,130,126,4,4
40927,67,67,0,0
40928,78,74,4,4
40929,105,104,1,1
40930,101,99,2,2
40931,88,85,3,3
40932,83,85,-2,2
40933,108,111,-3,3
40934,67,66,1,1
40935,107,103,4,4
40936,43,42,1,1
40937,71,78,-7,7
40938,99,90,9,9
40939,120,126,-6,6
40940,132,119,13,13
40941,30,39,-9,9
40942,88,89,-1,1
40943,82,97,-15,15
40944,59,71,-12,12
40945,68,71,-3,3
40946,120,106,14,14
40947,60,61,-1,1
40948,103,99,4,4
40949,110,108,2,2
40950,114,108,6,6
40951,90,88,2,2
40952,192,180,12,12
40953,100,99,1,1
40954,119,117,2,2
40955,91,84,7,7
40956,98,97,1,1
40957,51,56,-5,5
40958,94,87,7,7
40959,98,102,-4,4
40960,71,69,2,2
40961,106,120,-14,14
40962,78,82,-4,4
40963,66,74,-8,8
40964,79,82,-3,3
40965,85,87,-2,2
40966,147,148,-1,1
40967,68,70,-2,2
40968,66,67,-1,1
40969,81,79,2,2
40970,133,132,1,1
40971,120,113,7,7
40972,71,77,-6,6
40973,169,166,3,3
40974,159,150,9,9
40975,57,69,-12,12
40976,73,77,-4,4
40977,44,48,-4,4
40978,85,91,-6,6
40979,49,65,-16,16
40980,54,58,-4,4
40981,89,82,7,7
40982,62,71,-9,9
40983,88,84,4,4
40984,93,102,-9,9
40985,66,69,-3,3
40986,69,72,-3,3
40987,138,150,-12,12
40988,88,91,-3,3
40989,102,105,-3,3
40990,45,52,-7,7
40991,48,54,-6,6
40992,106,114,-8,8
40993,158,130,28,28
40994,125,120,5,5
40995,64,79,-15,15
40996,153,155,-2,2
40997,66,69,-3,3
40998,87,88,-1,1
40999,90,85,5,5
41000,105,107,-2,2
41001,51,56,-5,5
41002,148,134,14,14
41003,123,132,-9,9
41004,59,64,-5,5
41005,88,75,13,13
41006,91,93,-2,2
41007,77,80,-3,3
41008,98,97,1,1
41009,84,87,-3,3
41010,97,91,6,6
41011,129,116,13,13
41012,158,160,-2,2
41013,99,102,-3,3
41014,153,153,0,0
41015,140,122,18,18
41016,97,95,2,2
41017,116,118,-2,2
41018,108,102,6,6
41019,117,116,1,1
41020,112,110,2,2
41021,70,72,-2,2
41022,117,123,-6,6
41023,186,183,3,3
41024,88,86,2,2
41025,40,51,-11,11
41026,69,72,-3,3
41027,138,122,16,16
41028,68,72,-4,4
41029,194,173,21,21
41030,141,136,5,5
41031,66,79,-13,13
41032,87,97,-10,10
41033,112,109,3,3
41034,120,110,10,10
41035,117,110,7,7
41036,116,123,-7,7
41037,113,122,-9,9
41038,109,121,-12,12
41039,116,113,3,3
41040,107,102,5,5
41041,156,146,10,10
41042,54,61,-7,7
41043,96,90,6,6
41044,116,112,4,4
41045,105,101,4,4
41046,53,52,1,1
41047,146,139,7,7
41048,111,119,-8,8
41049,55,57,-2,2
41050,130,124,6,6
41051,89,86,3,3
41052,99,110,-11,11
41053,101,90,11,11
41054,107,110,-3,3
41055,56,63,-7,7
41056,72,77,-5,5
41057,141,135,6,6
41058,49,60,-11,11
41059,50,50,0,0
41060,106,96,10,10
41061,71,70,1,1
41062,82,98,-16,16
41063,112,105,7,7
41064,114,116,-2,2
41065,91,94,-3,3
41066,79,78,1,1
41067,87,89,-2,2
41068,72,70,2,2
41069,140,139,1,1
41070,79,88,-9,9
41071,103,95,8,8
41072,105,107,-2,2
41073,80,81,-1,1
41074,63,68,-5,5
41075,89,85,4,4
41076,58,65,-7,7
41077,71,68,3,3
41078,91,97,-6,6
41079,64,61,3,3
41080,134,128,6,6
41081,144,142,2,2
41082,46,68,-22,22
41083,79,88,-9,9
41084,137,124,13,13
41085,71,74,-3,3
41086,88,85,3,3
41087,99,94,5,5
41088,77,81,-4,4
41089,71,74,-3,3
41090,66,68,-2,2
41091,57,66,-9,9
41092,107,105,2,2
41093,157,155,2,2
41094,59,69,-10,10
41095,107,117,-10,10
41096,150,140,10,10
41097,97,99,-2,2
41098,56,63,-7,7
41099,122,118,4,4
41100,118,106,12,12
41101,98,83,15,15
41102,87,93,-6,6
41103,84,71,13,13
41104,67,67,0,0
41105,97,99,-2,2
41106,110,112,-2,2
41107,75,77,-2,2
41108,49,58,-9,9
41109,121,132,-11,11
41110,124,120,4,4
41111,86,84,2,2
41112,91,90,1,1
41113,74,72,2,2
41114,87,78,9,9
41115,61,68,-7,7
41116,76,78,-2,2
41117,169,171,-2,2
41118,79,79,0,0
41119,85,95,-10,10
41120,129,126,3,3
41121,68,72,-4,4
41122,88,112,-24,24
41123,136,126,10,10
41124,81,83,-2,2
41125,143,149,-6,6
41126,66,68,-2,2
41127,90,98,-8,8
41128,69,70,-1,1
41129,129,139,-10,10
41130,77,84,-7,7
41131,128,127,1,1
41132,110,113,-3,3
41133,125,123,2,2
41134,82,79,3,3
41135,147,135,12,12
41136,77,81,-4,4
41137,81,70,11,11
41138,91,86,5,5
41139,106,93,13,13
41140,65,71,-6,6
41141,59,60,-1,1
41142,107,112,-5,5
41143,75,83,-8,8
41144,86,101,-15,15
41145,92,94,-2,2
41146,87,88,-1,1
41147,115,124,-9,9
41148,70,74,-4,4
41149,78,72,6,6
41150,77,74,3,3
41151,142,151,-9,9
41152,161,157,4,4
41153,145,130,15,15
41154,102,100,2,2
41155,68,71,-3,3
41156,81,85,-4,4
41157,92,83,9,9
41158,91,93,-2,2
41159,87,84,3,3
41160,168,163,5,5
41161,58,62,-4,4
41162,119,102,17,17
41163,55,57,-2,2
41164,69,74,-5,5
41165,69,71,-2,2
41166,99,101,-2,2
41167,72,73,-1,1
41168,82,87,-5,5
41169,134,126,8,8
41170,88,80,8,8
41171,61,70,-9,9
41172,77,80,-3,3
41173,106,113,-7,7
41174,89,88,1,1
41175,90,89,1,1
41176,102,111,-9,9
41177,77,74,3,3
41178,63,66,-3,3
41179,76,76,0,0
41180,67,65,2,2
41181,64,77,-13,13
41182,66,72,-6,6
41183,126,124,2,2
41184,91,99,-8,8
41185,148,131,17,17
41186,111,105,6,6
41187,58,70,-12,12
41188,93,86,7,7
41189,80,77,3,3
41190,173,164,9,9
41191,80,76,4,4
41192,117,113,4,4
41193,69,63,6,6
41194,115,115,0,0
41195,122,112,10,10
41196,76,79,-3,3
41197,89,74,15,15
41198,92,109,-17,17
41199,101,98,3,3
41200,156,147,9,9
41201,88,91,-3,3
41202,61,65,-4,4
41203,80,77,3,3
41204,128,125,3,3
41205,101,94,7,7
41206,114,112,2,2
41207,142,125,17,17
41208,53,56,-3,3
41209,138,131,7,7
41210,49,57,-8,8
41211,146,129,17,17
41212,91,85,6,6
41213,136,145,-9,9
41214,60,72,-12,12
41215,147,138,9,9
41216,86,83,3,3
41217,71,69,2,2
41218,127,156,-29,29
41219,62,68,-6,6
41220,109,103,6,6
41221,69,72,-3,3
41222,186,182,4,4
41223,44,55,-11,11
41224,39,41,-2,2
41225,89,94,-5,5
41226,113,116,-3,3
41227,65,67,-2,2
41228,63,72,-9,9
41229,61,70,-9,9
41230,132,124,8,8
41231,70,76,-6,6
41232,179,177,2,2
41233,103,112,-9,9
41234,118,109,9,9
41235,71,73,-2,2
41236,156,142,14,14
41237,95,92,3,3
41238,108,113,-5,5
41239,92,93,-1,1
41240,125,115,10,10
41241,103,89,14,14
41242,87,77,10,10
41243,57,70,-13,13
41244,95,95,0,0
41245,207,216,-9,9
41246,72,77,-5,5
41247,158,157,1,1
41248,78,80,-2,2
41249,59,67,-8,8
41250,77,72,5,5
41251,78,73,5,5
41252,120,108,12,12
41253,137,128,9,9
41254,71,68,3,3
41255,117,113,4,4
41256,97,97,0,0
41257,108,110,-2,2
41258,64,72,-8,8
41259,125,117,8,8
41260,57,56,1,1
41261,47,56,-9,9
41262,110,100,10,10
41263,173,179,-6,6
41264,70,68,2,2
41265,112,109,3,3
41266,69,72,-3,3
41267,95,87,8,8
41268,50,55,-5,5
41269,60,64,-4,4
41270,108,111,-3,3
41271,88,88,0,0
41272,141,162,-21,21
41273,65,70,-5,5
41274,111,124,-13,13
41275,110,100,10,10
41276,156,129,27,27
41277,70,87,-17,17
41278,77,85,-8,8
41279,111,111,0,0
41280,77,80,-3,3
41281,132,145,-13,13
41282,94,84,10,10
41283,87,90,-3,3
41284,71,77,-6,6
41285,69,77,-8,8
41286,57,63,-6,6
41287,63,69,-6,6
41288,170,169,1,1
41289,99,97,2,2
41290,91,90,1,1
41291,75,80,-5,5
41292,155,152,3,3
41293,169,158,11,11
41294,121,111,10,10
41295,56,62,-6,6
41296,73,73,0,0
41297,142,87,55,55
41298,76,87,-11,11
41299,117,123,-6,6
41300,113,116,-3,3
41301,63,61,2,2
41302,146,131,15,15
41303,71,69,2,2
41304,68,68,0,0
41305,96,96,0,0
41306,64,71,-7,7
41307,79,72,7,7
41308,77,77,0,0
41309,54,64,-10,10
41310,81,84,-3,3
41311,106,110,-4,4
41312,130,120,10,10
41313,63,66,-3,3
41314,74,78,-4,4
41315,87,88,-1,1
41316,97,96,1,1
41317,136,145,-9,9
41318,78,75,3,3
41319,114,104,10,10
41320,172,196,-24,24
41321,69,84,-15,15
41322,55,66,-11,11
41323,68,69,-1,1
41324,84,80,4,4
41325,64,67,-3,3
41326,44,56,-12,12
41327,98,94,4,4
41328,118,121,-3,3
41329,115,108,7,7
41330,151,146,5,5
41331,66,70,-4,4
41332,150,131,19,19
41333,94,88,6,6
41334,83,90,-7,7
41335,138,126,12,12
41336,96,95,1,1
41337,117,115,2,2
41338,32,29,3,3
41339,167,162,5,5
41340,162,147,15,15
41341,120,124,-4,4
41342,84,84,0,0
41343,64,66,-2,2
41344,147,140,7,7
41345,74,77,-3,3
41346,42,57,-15,15
41347,65,77,-12,12
41348,87,83,4,4
41349,101,108,-7,7
41350,64,65,-1,1
41351,54,67,-13,13
41352,99,103,-4,4
41353,60,67,-7,7
41354,62,66,-4,4
41355,134,124,10,10
41356,79,82,-3,3
41357,74,74,0,0
41358,103,112,-9,9
41359,160,162,-2,2
41360,103,101,2,2
41361,96,97,-1,1
41362,66,65,1,1
41363,72,69,3,3
41364,69,74,-5,5
41365,115,114,1,1
41366,74,70,4,4
41367,47,57,-10,10
41368,116,104,12,12
41369,75,84,-9,9
41370,74,85,-11,11
41371,138,131,7,7
41372,83,84,-1,1
41373,78,83,-5,5
41374,144,134,10,10
41375,94,90,4,4
41376,91,84,7,7
41377,97,104,-7,7
41378,79,79,0,0
41379,87,86,1,1
41380,50,60,-10,10
41381,61,63,-2,2
41382,66,77,-11,11
41383,83,80,3,3
41384,69,68,1,1
41385,117,102,15,15
41386,123,114,9,9
41387,152,128,24,24
41388,53,59,-6,6
41389,41,73,-32,32
41390,120,110,10,10
41391,50,61,-11,11
41392,103,104,-1,1
41393,59,76,-17,17
41394,146,141,5,5
41395,74,68,6,6
41396,119,116,3,3
41397,100,103,-3,3
41398,109,101,8,8
41399,140,127,13,13
41400,104,103,1,1
41401,118,124,-6,6
41402,129,117,12,12
41403,62,67,-5,5
41404,80,82,-2,2
41405,67,71,-4,4
41406,45,57,-12,12
41407,111,112,-1,1
41408,110,113,-3,3
41409,68,73,-5,5
41410,84,100,-16,16
41411,132,116,16,16
41412,67,68,-1,1
41413,66,70,-4,4
41414,53,65,-12,12
41415,88,88,0,0
41416,115,118,-3,3
41417,142,145,-3,3
41418,134,134,0,0
41419,108,107,1,1
41420,63,70,-7,7
41421,68,66,2,2
41422,96,85,11,11
41423,73,77,-4,4
41424,88,90,-2,2
41425,107,99,8,8
41426,114,133,-19,19
41427,132,130,2,2
41428,64,73,-9,9
41429,73,70,3,3
41430,109,101,8,8
41431,65,66,-1,1
41432,138,112,26,26
41433,103,99,4,4
41434,132,125,7,7
41435,67,70,-3,3
41436,70,73,-3,3
41437,114,132,-18,18
41438,54,64,-10,10
41439,87,81,6,6
41440,57,64,-7,7
41441,163,164,-1,1
41442,83,85,-2,2
41443,48,55,-7,7
41444,62,70,-8,8
41445,110,102,8,8
41446,64,68,-4,4
41447,154,149,5,5
41448,119,114,5,5
41449,81,90,-9,9
41450,76,77,-1,1
41451,125,103,22,22
41452,82,79,3,3
41453,140,135,5,5
41454,58,59,-1,1
41455,90,82,8,8
41456,94,88,6,6
41457,70,74,-4,4
41458,126,115,11,11
41459,42,52,-10,10
41460,96,85,11,11
41461,144,128,16,16
41462,84,76,8,8
41463,91,87,4,4
41464,89,85,4,4
41465,68,72,-4,4
41466,74,76,-2,2
41467,73,74,-1,1
41468,95,83,12,12
41469,141,128,13,13
41470,144,131,13,13
41471,115,116,-1,1
41472,126,112,14,14
41473,81,79,2,2
41474,70,67,3,3
41475,101,104,-3,3
41476,36,38,-2,2
41477,103,97,6,6
41478,50,60,-10,10
41479,108,98,10,10
41480,168,176,-8,8
41481,89,97,-8,8
41482,128,125,3,3
41483,87,77,10,10
41484,72,66,6,6
41485,166,161,5,5
41486,75,73,2,2
41487,116,117,-1,1
41488,66,70,-4,4
41489,89,94,-5,5
41490,72,79,-7,7
41491,103,116,-13,13
41492,82,86,-4,4
41493,108,110,-2,2
41494,115,103,12,12
41495,154,171,-17,17
41496,96,99,-3,3
41497,70,71,-1,1
41498,105,102,3,3
41499,103,110,-7,7
41500,80,84,-4,4
41501,167,147,20,20
41502,131,132,-1,1
41503,87,87,0,0
41504,83,84,-1,1
41505,221,210,11,11
41506,67,67,0,0
41507,114,113,1,1
41508,88,78,10,10
41509,80,76,4,4
41510,183,175,8,8
41511,67,73,-6,6
41512,172,164,8,8
41513,56,57,-1,1
41514,60,62,-2,2
41515,60,62,-2,2
41516,77,79,-2,2
41517,85,77,8,8
41518,64,70,-6,6
41519,88,93,-5,5
41520,143,127,16,16
41521,148,149,-1,1
41522,73,74,-1,1
41523,97,100,-3,3
41524,85,96,-11,11
41525,62,64,-2,2
41526,82,79,3,3
41527,63,62,1,1
41528,55,57,-2,2
41529,133,125,8,8
41530,96,101,-5,5
41531,98,98,0,0
41532,67,68,-1,1
41533,104,113,-9,9
41534,118,156,-38,38
41535,83,91,-8,8
41536,110,114,-4,4
41537,138,129,9,9
41538,79,76,3,3
41539,75,72,3,3
41540,67,69,-2,2
41541,59,65,-6,6
41542,63,60,3,3
41543,125,117,8,8
41544,156,159,-3,3
41545,88,81,7,7
41546,106,105,1,1
41547,88,85,3,3
41548,126,127,-1,1
41549,71,78,-7,7
41550,109,107,2,2
41551,61,100,-39,39
41552,100,105,-5,5
41553,157,131,26,26
41554,168,165,3,3
41555,110,107,3,3
41556,92,99,-7,7
41557,118,125,-7,7
41558,159,161,-2,2
41559,67,69,-2,2
41560,78,88,-10,10
41561,93,95,-2,2
41562,76,75,1,1
41563,156,148,8,8
41564,63,72,-9,9
41565,87,84,3,3
41566,79,77,2,2
41567,56,62,-6,6
41568,65,67,-2,2
41569,99,105,-6,6
41570,90,80,10,10
41571,108,113,-5,5
41572,59,63,-4,4
41573,48,75,-27,27
41574,73,71,2,2
41575,111,104,7,7
41576,69,70,-1,1
41577,149,127,22,22
41578,87,77,10,10
41579,87,81,6,6
41580,85,81,4,4
41581,112,100,12,12
41582,78,94,-16,16
41583,74,76,-2,2
41584,85,84,1,1
41585,77,83,-6,6
41586,113,103,10,10
41587,106,105,1,1
41588,61,72,-11,11
41589,82,88,-6,6
41590,115,117,-2,2
41591,51,60,-9,9
41592,109,95,14,14
41593,61,64,-3,3
41594,60,68,-8,8
41595,129,123,6,6
41596,152,128,24,24
41597,90,84,6,6
41598,204,194,10,10
41599,95,86,9,9
41600,81,84,-3,3
41601,75,76,-1,1
41602,95,88,7,7
41603,108,108,0,0
41604,140,129,11,11
41605,47,49,-2,2
41606,92,80,12,12
41607,127,129,-2,2
41608,64,73,-9,9
41609,86,76,10,10
41610,83,77,6,6
41611,86,97,-11,11
41612,110,111,-1,1
41613,128,131,-3,3
41614,152,147,5,5
41615,106,113,-7,7
41616,71,75,-4,4
41617,70,77,-7,7
41618,71,72,-1,1
41619,80,84,-4,4
41620,10,30,-20,20
41621,95,86,9,9
41622,88,84,4,4
41623,55,49,6,6
41624,96,81,15,15
41625,114,102,12,12
41626,113,106,7,7
41627,115,107,8,8
41628,50,57,-7,7
41629,130,129,1,1
41630,130,126,4,4
41631,85,83,2,2
41632,72,74,-2,2
41633,177,169,8,8
41634,90,96,-6,6
41635,131,141,-10,10
41636,68,74,-6,6
41637,46,58,-12,12
41638,96,100,-4,4
41639,161,151,10,10
41640,60,63,-3,3
41641,73,76,-3,3
41642,50,59,-9,9
41643,60,56,4,4
41644,122,121,1,1
41645,136,126,10,10
41646,90,84,6,6
41647,131,125,6,6
41648,95,87,8,8
41649,66,71,-5,5
41650,105,111,-6,6
41651,82,80,2,2
41652,107,111,-4,4
41653,61,63,-2,2
41654,136,125,11,11
41655,128,144,-16,16
41656,66,76,-10,10
41657,125,123,2,2
41658,69,68,1,1
41659,68,79,-11,11
41660,84,85,-1,1
41661,47,60,-13,13
41662,77,79,-2,2
41663,113,107,6,6
41664,155,157,-2,2
41665,88,96,-8,8
41666,76,75,1,1
41667,104,150,-46,46
41668,43,52,-9,9
41669,69,76,-7,7
41670,94,103,-9,9
41671,121,118,3,3
41672,178,169,9,9
41673,69,67,2,2
41674,113,115,-2,2
41675,118,115,3,3
41676,86,84,2,2
41677,71,72,-1,1
41678,112,112,0,0
41679,114,106,8,8
41680,68,67,1,1
41681,75,75,0,0
41682,103,97,6,6
41683,71,75,-4,4
41684,57,61,-4,4
41685,88,85,3,3
41686,165,153,12,12
41687,79,82,-3,3
41688,133,132,1,1
41689,125,116,9,9
41690,91,106,-15,15
41691,117,117,0,0
41692,108,104,4,4
41693,101,101,0,0
41694,61,67,-6,6
41695,170,156,14,14
41696,152,143,9,9
41697,86,85,1,1
41698,89,85,4,4
41699,137,130,7,7
41700,107,106,1,1
41701,145,135,10,10
41702,152,156,-4,4
41703,89,78,11,11
41704,81,79,2,2
41705,102,107,-5,5
41706,85,93,-8,8
41707,70,73,-3,3
41708,85,83,2,2
41709,105,103,2,2
41710,79,75,4,4
41711,55,67,-12,12
41712,94,93,1,1
41713,49,61,-12,12
41714,42,49,-7,7
41715,302,203,99,99
41716,116,111,5,5
41717,68,71,-3,3
41718,81,83,-2,2
41719,98,113,-15,15
41720,120,111,9,9
41721,135,141,-6,6
41722,85,87,-2,2
41723,76,79,-3,3
41724,125,120,5,5
41725,26,29,-3,3
41726,111,94,17,17
41727,152,136,16,16
41728,85,83,2,2
41729,99,105,-6,6
41730,98,107,-9,9
41731,99,102,-3,3
41732,81,77,4,4
41733,98,108,-10,10
41734,101,90,11,11
41735,64,68,-4,4
41736,185,181,4,4
41737,97,101,-4,4
41738,93,101,-8,8
41739,65,70,-5,5
41740,89,90,-1,1
41741,53,63,-10,10
41742,96,95,1,1
41743,133,125,8,8
41744,149,130,19,19
41745,155,145,10,10
41746,86,78,8,8
41747,64,66,-2,2
41748,133,124,9,9
41749,119,128,-9,9
41750,70,75,-5,5
41751,57,63,-6,6
41752,56,66,-10,10
41753,55,59,-4,4
41754,57,65,-8,8
41755,106,109,-3,3
41756,85,92,-7,7
41757,80,81,-1,1
41758,71,84,-13,13
41759,79,97,-18,18
41760,72,77,-5,5
41761,67,66,1,1
41762,200,190,10,10
41763,55,63,-8,8
41764,103,104,-1,1
41765,80,79,1,1
41766,113,113,0,0
41767,34,69,-35,35
41768,77,82,-5,5
41769,145,147,-2,2
41770,143,151,-8,8
41771,100,99,1,1
41772,53,45,8,8
41773,61,89,-28,28
41774,109,115,-6,6
41775,86,79,7,7
41776,72,75,-3,3
41777,86,96,-10,10
41778,115,126,-11,11
41779,74,80,-6,6
41780,85,84,1,1
41781,97,93,4,4
41782,111,110,1,1
41783,63,82,-19,19
41784,104,107,-3,3
41785,101,102,-1,1
41786,110,104,6,6
41787,72,79,-7,7
41788,128,125,3,3
41789,74,85,-11,11
41790,108,100,8,8
41791,110,110,0,0
41792,68,68,0,0
41793,41,48,-7,7
41794,153,162,-9,9
41795,115,115,0,0
41796,58,66,-8,8
41797,45,68,-23,23
41798,92,91,1,1
41799,57,64,-7,7
41800,125,114,11,11
41801,82,85,-3,3
41802,61,66,-5,5
41803,148,141,7,7
41804,72,73,-1,1
41805,108,111,-3,3
41806,97,111,-14,14
41807,134,123,11,11
41808,50,57,-7,7
41809,66,68,-2,2
41810,61,60,1,1
41811,91,86,5,5
41812,133,127,6,6
41813,131,114,17,17
41814,67,77,-10,10
41815,112,107,5,5
41816,100,115,-15,15
41817,193,185,8,8
41818,90,84,6,6
41819,77,74,3,3
41820,80,80,0,0
41821,117,113,4,4
41822,87,91,-4,4
41823,64,69,-5,5
41824,61,65,-4,4
41825,120,125,-5,5
41826,119,120,-1,1
41827,137,126,11,11
41828,54,58,-4,4
41829,162,147,15,15
41830,152,165,-13,13
41831,69,65,4,4
41832,80,78,2,2
41833,92,93,-1,1
41834,96,87,9,9
41835,107,113,-6,6
41836,71,75,-4,4
41837,83,88,-5,5
41838,89,95,-6,6
41839,121,116,5,5
41840,81,84,-3,3
41841,112,116,-4,4
41842,147,132,15,15
41843,62,65,-3,3
41844,129,126,3,3
41845,74,80,-6,6
41846,168,148,20,20
41847,47,52,-5,5
41848,128,133,-5,5
41849,49,60,-11,11
41850,56,63,-7,7
41851,89,82,7,7
41852,67,70,-3,3
41853,68,77,-9,9
41854,114,116,-2,2
41855,137,149,-12,12
41856,122,118,4,4
41857,74,75,-1,1
41858,67,67,0,0
41859,129,125,4,4
41860,139,140,-1,1
41861,62,68,-6,6
41862,100,100,0,0
41863,88,84,4,4
41864,64,67,-3,3
41865,92,83,9,9
41866,119,134,-15,15
41867,81,83,-2,2
41868,59,63,-4,4
41869,106,101,5,5
41870,94,90,4,4
41871,112,104,8,8
41872,80,83,-3,3
41873,101,111,-10,10
41874,135,127,8,8
41875,135,124,11,11
41876,104,97,7,7
41877,85,84,1,1
41878,176,165,11,11
41879,79,77,2,2
41880,69,67,2,2
41881,41,43,-2,2
41882,47,52,-5,5
41883,67,72,-5,5
41884,69,76,-7,7
41885,51,59,-8,8
41886,73,86,-13,13
41887,108,104,4,4
41888,47,49,-2,2
41889,120,127,-7,7
41890,117,112,5,5
41891,91,101,-10,10
41892,110,116,-6,6
41893,82,79,3,3
41894,97,98,-1,1
41895,92,92,0,0
41896,72,74,-2,2
41897,74,69,5,5
41898,80,97,-17,17
41899,49,55,-6,6
41900,133,126,7,7
41901,85,86,-1,1
41902,116,113,3,3
41903,72,72,0,0
41904,125,123,2,2
41905,91,92,-1,1
41906,103,100,3,3
41907,110,109,1,1
41908,102,104,-2,2
41909,111,103,8,8
41910,50,66,-16,16
41911,50,55,-5,5
41912,106,104,2,2
41913,79,79,0,0
41914,138,123,15,15
41915,110,117,-7,7
41916,59,65,-6,6
41917,72,71,1,1
41918,190,172,18,18
41919,93,88,5,5
41920,47,49,-2,2
41921,46,61,-15,15
41922,135,128,7,7
41923,56,71,-15,15
41924,67,68,-1,1
41925,101,100,1,1
41926,78,77,1,1
41927,61,75,-14,14
41928,43,58,-15,15
41929,142,144,-2,2
41930,88,95,-7,7
41931,119,116,3,3
41932,146,127,19,19
41933,93,98,-5,5
41934,109,112,-3,3
41935,105,102,3,3
41936,98,102,-4,4
41937,75,74,1,1
41938,78,82,-4,4
41939,101,111,-10,10
41940,88,106,-18,18
41941,133,141,-8,8
41942,66,69,-3,3
41943,101,98,3,3
41944,94,100,-6,6
41945,86,82,4,4
41946,95,88,7,7
41947,96,104,-8,8
41948,83,82,1,1
41949,119,96,23,23
41950,116,115,1,1
41951,92,85,7,7
41952,89,99,-10,10
41953,215,226,-11,11
41954,96,96,0,0
41955,138,127,11,11
41956,73,75,-2,2
41957,72,82,-10,10
41958,83,94,-11,11
41959,119,114,5,5
41960,83,82,1,1
41961,140,128,12,12
41962,164,151,13,13
41963,105,99,6,6
41964,109,93,16,16
41965,100,97,3,3
41966,95,98,-3,3
41967,85,79,6,6
41968,83,83,0,0
41969,148,142,6,6
41970,95,101,-6,6
41971,110,123,-13,13
41972,104,114,-10,10
41973,125,142,-17,17
41974,110,124,-14,14
41975,109,104,5,5
41976,87,79,8,8
41977,166,164,2,2
41978,68,83,-15,15
41979,104,93,11,11
41980,127,105,22,22
41981,60,67,-7,7
41982,106,99,7,7
41983,58,65,-7,7
41984,59,63,-4,4
41985,98,95,3,3
41986,150,160,-10,10
41987,107,115,-8,8
41988,75,82,-7,7
41989,95,99,-4,4
41990,82,81,1,1
41991,101,85,16,16
41992,63,72,-9,9
41993,81,69,12,12
41994,60,66,-6,6
41995,121,116,5,5
41996,110,101,9,9
41997,73,79,-6,6
41998,62,69,-7,7
41999,66,72,-6,6
42000,87,92,-5,5
42001,130,138,-8,8
42002,84,85,-1,1
42003,142,133,9,9
42004,61,66,-5,5
42005,109,109,0,0
42006,147,134,13,13
42007,37,62,-25,25
42008,246,200,46,46
42009,61,71,-10,10
42010,111,106,5,5
42011,92,98,-6,6
42012,133,144,-11,11
42013,161,149,12,12
42014,128,139,-11,11
42015,73,68,5,5
42016,115,117,-2,2
42017,159,155,4,4
42018,75,74,1,1
42019,85,99,-14,14
42020,79,81,-2,2
42021,103,99,4,4
42022,109,107,2,2
42023,89,89,0,0
42024,158,158,0,0
42025,86,90,-4,4
42026,114,102,12,12
42027,145,136,9,9
42028,83,79,4,4
42029,142,142,0,0
42030,48,59,-11,11
42031,69,74,-5,5
42032,90,106,-16,16
42033,152,141,11,11
42034,72,78,-6,6
42035,93,95,-2,2
42036,59,64,-5,5
42037,142,131,11,11
42038,95,84,11,11
42039,152,136,16,16
42040,87,89,-2,2
42041,79,68,11,11
42042,80,80,0,0
42043,89,93,-4,4
42044,74,72,2,2
42045,78,77,1,1
42046,100,101,-1,1
42047,92,97,-5,5
42048,135,136,-1,1
42049,112,113,-1,1
42050,109,113,-4,4
42051,86,76,10,10
42052,80,77,3,3
42053,92,112,-20,20
42054,93,92,1,1
42055,111,115,-4,4
42056,64,69,-5,5
42057,96,79,17,17
42058,79,94,-15,15
42059,148,163,-15,15
42060,74,83,-9,9
42061,91,80,11,11
42062,85,84,1,1
42063,104,100,4,4
42064,132,135,-3,3
42065,75,84,-9,9
42066,175,180,-5,5
42067,77,71,6,6
42068,92,95,-3,3
42069,150,145,5,5
42070,35,29,6,6
42071,79,75,4,4
42072,57,67,-10,10
42073,70,59,11,11
42074,117,131,-14,14
42075,84,83,1,1
42076,51,78,-27,27
42077,88,96,-8,8
42078,83,83,0,0
42079,89,80,9,9
42080,79,80,-1,1
42081,76,79,-3,3
42082,50,65,-15,15
42083,102,96,6,6
42084,111,125,-14,14
42085,82,86,-4,4
42086,114,124,-10,10
42087,99,89,10,10
42088,111,107,4,4
42089,99,104,-5,5
42090,68,67,1,1
42091,159,142,17,17
42092,78,80,-2,2
42093,43,59,-16,16
42094,64,70,-6,6
42095,77,83,-6,6
42096,38,47,-9,9
42097,39,42,-3,3
42098,87,94,-7,7
42099,89,82,7,7
42100,101,103,-2,2
42101,115,113,2,2
42102,101,100,1,1
42103,52,64,-12,12
42104,68,73,-5,5
42105,57,64,-7,7
42106,97,90,7,7
42107,80,84,-4,4
42108,95,95,0,0
42109,155,144,11,11
42110,74,74,0,0
42111,104,94,10,10
42112,63,73,-10,10
42113,28,29,-1,1
42114,96,95,1,1
42115,104,107,-3,3
42116,118,116,2,2
42117,81,76,5,5
42118,58,65,-7,7
42119,85,90,-5,5
42120,59,67,-8,8
42121,91,104,-13,13
42122,120,111,9,9
42123,58,48,10,10
42124,89,77,12,12
42125,101,106,-5,5
42126,89,85,4,4
42127,68,63,5,5
42128,122,111,11,11
42129,71,77,-6,6
42130,71,71,0,0
42131,75,96,-21,21
42132,130,132,-2,2
42133,103,91,12,12
42134,114,114,0,0
42135,145,140,5,5
42136,108,104,4,4
42137,102,102,0,0
42138,107,101,6,6
42139,97,97,0,0
42140,94,85,9,9
42141,70,73,-3,3
42142,91,92,-1,1
42143,92,97,-5,5
42144,60,69,-9,9
42145,83,84,-1,1
42146,92,84,8,8
42147,106,110,-4,4
42148,47,64,-17,17
42149,72,69,3,3
42150,137,129,8,8
42151,69,72,-3,3
42152,69,64,5,5
42153,123,117,6,6
42154,77,83,-6,6
42155,74,69,5,5
42156,144,147,-3,3
42157,132,129,3,3
42158,109,105,4,4
42159,93,95,-2,2
42160,56,58,-2,2
42161,125,120,5,5
42162,54,67,-13,13
42163,127,117,10,10
42164,96,98,-2,2
42165,106,97,9,9
42166,98,100,-2,2
42167,97,96,1,1
42168,65,68,-3,3
42169,91,84,7,7
42170,90,93,-3,3
42171,135,125,10,10
42172,109,120,-11,11
42173,101,96,5,5
42174,80,80,0,0
42175,105,112,-7,7
42176,64,67,-3,3
42177,155,154,1,1
42178,119,122,-3,3
42179,76,69,7,7
42180,122,116,6,6
42181,59,66,-7,7
42182,63,67,-4,4
42183,92,97,-5,5
42184,101,102,-1,1
42185,100,99,1,1
42186,88,97,-9,9
42187,98,94,4,4
42188,153,137,16,16
42189,92,88,4,4
42190,76,72,4,4
42191,110,106,4,4
42192,86,89,-3,3
42193,130,126,4,4
42194,126,130,-4,4
42195,78,73,5,5
42196,77,77,0,0
42197,104,108,-4,4
42198,126,134,-8,8
42199,79,78,1,1
42200,117,130,-13,13
42201,45,55,-10,10
42202,100,102,-2,2
42203,83,73,10,10
42204,134,130,4,4
42205,83,79,4,4
42206,90,98,-8,8
42207,86,93,-7,7
42208,89,89,0,0
42209,60,68,-8,8
42210,78,79,-1,1
42211,120,124,-4,4
42212,72,77,-5,5
42213,104,105,-1,1
42214,188,175,13,13
42215,93,92,1,1
42216,159,148,11,11
42217,80,77,3,3
42218,96,100,-4,4
42219,114,115,-1,1
42220,113,115,-2,2
42221,62,73,-11,11
42222,140,143,-3,3
42223,157,145,12,12
42224,61,69,-8,8
42225,95,104,-9,9
42226,130,128,2,2
42227,134,142,-8,8
42228,84,85,-1,1
42229,83,83,0,0
42230,96,100,-4,4
42231,85,83,2,2
42232,117,124,-7,7
42233,49,58,-9,9
42234,55,60,-5,5
42235,116,100,16,16
42236,65,70,-5,5
42237,86,84,2,2
42238,58,72,-14,14
42239,55,63,-8,8
42240,109,105,4,4
42241,109,98,11,11
42242,115,110,5,5
42243,131,112,19,19
42244,79,81,-2,2
42245,74,79,-5,5
42246,114,109,5,5
42247,125,114,11,11
42248,90,81,9,9
42249,81,82,-1,1
42250,109,107,2,2
42251,90,85,5,5
42252,58,56,2,2
42253,67,72,-5,5
42254,88,81,7,7
42255,71,87,-16,16
42256,118,133,-15,15
42257,109,111,-2,2
42258,75,97,-22,22
42259,38,43,-5,5
42260,173,165,8,8
42261,153,153,0,0
42262,66,63,3,3
42263,58,66,-8,8
42264,44,51,-7,7
42265,86,79,7,7
42266,100,99,1,1
42267,86,90,-4,4
42268,106,103,3,3
42269,80,78,2,2
42270,84,80,4,4
42271,76,76,0,0
42272,96,93,3,3
42273,90,92,-2,2
42274,116,125,-9,9
42275,196,172,24,24
42276,103,101,2,2
42277,95,95,0,0
42278,68,69,-1,1
42279,96,84,12,12
42280,109,101,8,8
42281,86,91,-5,5
42282,174,171,3,3
42283,78,83,-5,5
42284,47,57,-10,10
42285,96,95,1,1
42286,92,94,-2,2
42287,79,72,7,7
42288,85,82,3,3
42289,113,118,-5,5
42290,96,98,-2,2
42291,80,78,2,2
42292,43,47,-4,4
42293,93,101,-8,8
42294,63,72,-9,9
42295,96,89,7,7
42296,103,104,-1,1
42297,53,64,-11,11
42298,99,94,5,5
42299,79,82,-3,3
42300,70,70,0,0
42301,106,96,10,10
42302,104,144,-40,40
42303,141,138,3,3
42304,99,87,12,12
42305,96,90,6,6
42306,55,58,-3,3
42307,99,101,-2,2
42308,116,118,-2,2
42309,64,94,-30,30
42310,152,137,15,15
42311,63,69,-6,6
42312,78,77,1,1
42313,123,137,-14,14
42314,126,125,1,1
42315,79,74,5,5
42316,92,77,15,15
42317,94,102,-8,8
42318,200,189,11,11
42319,157,160,-3,3
42320,80,81,-1,1
42321,57,63,-6,6
42322,141,140,1,1
42323,60,68,-8,8
42324,85,79,6,6
42325,54,54,0,0
42326,159,165,-6,6
42327,150,135,15,15
42328,87,80,7,7
42329,47,65,-18,18
42330,96,97,-1,1
42331,82,80,2,2
42332,74,73,1,1
42333,120,121,-1,1
42334,109,92,17,17
42335,86,90,-4,4
42336,129,122,7,7
42337,196,186,10,10
42338,178,164,14,14
42339,105,101,4,4
42340,61,68,-7,7
42341,67,72,-5,5
42342,109,110,-1,1
42343,111,124,-13,13
42344,52,67,-15,15
42345,89,80,9,9
42346,71,81,-10,10
42347,111,108,3,3
42348,40,33,7,7
42349,79,86,-7,7
42350,99,98,1,1
42351,96,96,0,0
42352,63,63,0,0
42353,103,124,-21,21
42354,97,111,-14,14
42355,90,93,-3,3
42356,119,106,13,13
42357,176,163,13,13
42358,97,103,-6,6
42359,131,141,-10,10
42360,86,76,10,10
42361,77,75,2,2
42362,84,83,1,1
42363,70,69,1,1
42364,109,111,-2,2
42365,121,118,3,3
42366,125,140,-15,15
42367,150,126,24,24
42368,103,99,4,4
42369,151,129,22,22
42370,58,63,-5,5
42371,64,67,-3,3
42372,122,122,0,0
42373,104,98,6,6
42374,92,85,7,7
42375,100,99,1,1
42376,142,129,13,13
42377,93,87,6,6
42378,120,113,7,7
42379,75,80,-5,5
42380,106,103,3,3
42381,60,66,-6,6
42382,83,84,-1,1
42383,98,99,-1,1
42384,56,55,1,1
42385,37,39,-2,2
42386,97,85,12,12
42387,152,149,3,3
42388,97,92,5,5
42389,76,74,2,2
42390,80,92,-12,12
42391,56,61,-5,5
42392,108,101,7,7
42393,128,112,16,16
42394,117,113,4,4
42395,103,100,3,3
42396,31,36,-5,5
42397,84,78,6,6
42398,92,94,-2,2
42399,115,128,-13,13
42400,128,131,-3,3
42401,128,122,6,6
42402,75,82,-7,7
42403,72,81,-9,9
42404,95,88,7,7
42405,56,63,-7,7
42406,83,84,-1,1
42407,97,103,-6,6
42408,109,99,10,10
42409,126,116,10,10
42410,135,139,-4,4
42411,75,76,-1,1
42412,73,71,2,2
42413,89,93,-4,4
42414,94,95,-1,1
42415,81,80,1,1
42416,78,81,-3,3
42417,79,75,4,4
42418,78,81,-3,3
42419,105,112,-7,7
42420,112,111,1,1
42421,75,70,5,5
42422,98,98,0,0
42423,94,95,-1,1
42424,56,65,-9,9
42425,92,85,7,7
42426,68,73,-5,5
42427,104,105,-1,1
42428,144,124,20,20
42429,50,64,-14,14
42430,51,57,-6,6
42431,61,74,-13,13
42432,83,88,-5,5
42433,28,38,-10,10
42434,99,105,-6,6
42435,83,88,-5,5
42436,162,150,12,12
42437,104,103,1,1
42438,88,94,-6,6
42439,95,92,3,3
42440,116,110,6,6
42441,144,133,11,11
42442,69,59,10,10
42443,102,113,-11,11
42444,116,116,0,0
42445,61,66,-5,5
42446,108,109,-1,1
42447,55,61,-6,6
42448,142,133,9,9
42449,156,148,8,8
42450,129,116,13,13
42451,180,171,9,9
42452,111,118,-7,7
42453,179,177,2,2
42454,89,89,0,0
42455,114,111,3,3
42456,96,87,9,9
42457,117,116,1,1
42458,64,68,-4,4
42459,57,60,-3,3
42460,54,66,-12,12
42461,95,90,5,5
42462,89,73,16,16
42463,109,100,9,9
42464,76,80,-4,4
42465,67,68,-1,1
42466,65,69,-4,4
42467,76,85,-9,9
42468,92,93,-1,1
42469,92,92,0,0
42470,74,72,2,2
42471,92,85,7,7
42472,80,76,4,4
42473,89,92,-3,3
42474,43,54,-11,11
42475,69,74,-5,5
42476,88,87,1,1
42477,84,95,-11,11
42478,115,114,1,1
42479,56,59,-3,3
42480,95,101,-6,6
42481,80,94,-14,14
42482,80,77,3,3
42483,98,98,0,0
42484,49,58,-9,9
42485,91,84,7,7
42486,64,70,-6,6
42487,53,63,-10,10
42488,85,78,7,7
42489,98,97,1,1
42490,100,92,8,8
42491,69,74,-5,5
42492,48,56,-8,8
42493,105,96,9,9
42494,163,147,16,16
42495,150,150,0,0
42496,85,86,-1,1
42497,128,130,-2,2
42498,99,105,-6,6
42499,103,98,5,5
42500,128,114,14,14
42501,107,112,-5,5
42502,55,69,-14,14
42503,84,90,-6,6
42504,90,99,-9,9
42505,90,97,-7,7
42506,72,71,1,1
42507,91,93,-2,2
42508,87,95,-8,8
42509,84,72,12,12
42510,42,50,-8,8
42511,65,72,-7,7
42512,131,129,2,2
42513,48,63,-15,15
42514,109,103,6,6
42515,85,93,-8,8
42516,66,65,1,1
42517,83,88,-5,5
42518,46,47,-1,1
42519,141,134,7,7
42520,59,68,-9,9
42521,87,84,3,3
42522,84,92,-8,8
42523,86,96,-10,10
42524,127,119,8,8
42525,111,116,-5,5
42526,102,106,-4,4
42527,65,72,-7,7
42528,70,71,-1,1
42529,61,71,-10,10
42530,104,102,2,2
42531,111,110,1,1
42532,202,179,23,23
42533,100,93,7,7
42534,136,133,3,3
42535,35,46,-11,11
42536,40,47,-7,7
42537,115,112,3,3
42538,116,108,8,8
42539,72,67,5,5
42540,108,110,-2,2
42541,106,120,-14,14
42542,62,68,-6,6
42543,127,117,10,10
42544,94,86,8,8
42545,89,82,7,7
42546,70,73,-3,3
42547,72,77,-5,5
42548,98,87,11,11
42549,96,89,7,7
42550,108,113,-5,5
42551,142,119,23,23
42552,77,77,0,0
42553,67,69,-2,2
42554,81,84,-3,3
42555,54,60,-6,6
42556,124,124,0,0
42557,110,120,-10,10
42558,101,100,1,1
42559,86,87,-1,1
42560,117,113,4,4
42561,111,105,6,6
42562,136,126,10,10
42563,78,73,5,5
42564,62,77,-15,15
42565,231,213,18,18
42566,180,184,-4,4
42567,91,90,1,1
42568,134,132,2,2
42569,80,85,-5,5
42570,100,101,-1,1
42571,123,121,2,2
42572,109,108,1,1
42573,70,72,-2,2
42574,57,59,-2,2
42575,148,141,7,7
42576,76,74,2,2
42577,70,75,-5,5
42578,82,80,2,2
42579,102,110,-8,8
42580,198,198,0,0
42581,56,56,0,0
42582,94,97,-3,3
42583,97,101,-4,4
42584,103,91,12,12
42585,81,79,2,2
42586,102,98,4,4
42587,85,86,-1,1
42588,165,150,15,15
42589,50,63,-13,13
42590,124,125,-1,1
42591,101,101,0,0
42592,79,76,3,3
42593,138,146,-8,8
42594,191,157,34,34
42595,162,158,4,4
42596,126,118,8,8
42597,103,105,-2,2
42598,49,58,-9,9
42599,113,119,-6,6
42600,100,97,3,3
42601,118,117,1,1
42602,117,124,-7,7
42603,84,84,0,0
42604,110,101,9,9
42605,128,114,14,14
42606,105,102,3,3
42607,59,59,0,0
42608,91,94,-3,3
42609,68,64,4,4
42610,72,80,-8,8
42611,135,132,3,3
42612,79,96,-17,17
42613,107,107,0,0
42614,30,39,-9,9
42615,70,73,-3,3
42616,105,105,0,0
42617,92,89,3,3
42618,177,173,4,4
42619,84,92,-8,8
42620,67,78,-11,11
42621,150,126,24,24
42622,65,84,-19,19
42623,69,73,-4,4
42624,94,90,4,4
42625,87,75,12,12
42626,73,83,-10,10
42627,70,77,-7,7
42628,93,88,5,5
42629,110,104,6,6
42630,87,76,11,11
42631,109,110,-1,1
42632,71,77,-6,6
42633,103,105,-2,2
42634,152,146,6,6
42635,70,73,-3,3
42636,125,108,17,17
42637,91,95,-4,4
42638,172,167,5,5
42639,60,72,-12,12
42640,99,129,-30,30
42641,61,65,-4,4
42642,91,89,2,2
42643,94,85,9,9
42644,135,126,9,9
42645,43,58,-15,15
42646,83,87,-4,4
42647,93,92,1,1
42648,116,114,2,2
42649,131,109,22,22
42650,140,151,-11,11
42651,101,108,-7,7
42652,160,147,13,13
42653,157,143,14,14
42654,147,177,-30,30
42655,151,149,2,2
42656,162,160,2,2
42657,52,100,-48,48
42658,77,71,6,6
42659,86,82,4,4
42660,86,91,-5,5
42661,91,82,9,9
42662,118,110,8,8
42663,103,81,22,22
42664,103,102,1,1
42665,74,76,-2,2
42666,119,112,7,7
42667,89,87,2,2
42668,107,103,4,4
42669,109,149,-40,40
42670,85,94,-9,9
42671,70,69,1,1
42672,86,84,2,2
42673,105,101,4,4
42674,98,103,-5,5
42675,75,77,-2,2
42676,50,62,-12,12
42677,67,71,-4,4
42678,76,75,1,1
42679,80,75,5,5
42680,124,128,-4,4
42681,60,71,-11,11
42682,73,74,-1,1
42683,52,58,-6,6
42684,102,102,0,0
42685,29,29,0,0
42686,66,75,-9,9
42687,80,74,6,6
42688,76,75,1,1
42689,107,107,0,0
42690,68,64,4,4
42691,129,118,11,11
42692,51,53,-2,2
42693,131,133,-2,2
42694,73,77,-4,4
42695,157,150,7,7
42696,96,105,-9,9
42697,19,53,-34,34
42698,109,101,8,8
42699,67,70,-3,3
42700,132,132,0,0
42701,156,125,31,31
42702,85,98,-13,13
42703,90,92,-2,2
42704,85,81,4,4
42705,44,59,-15,15
42706,150,138,12,12
42707,65,70,-5,5
42708,91,105,-14,14
42709,63,77,-14,14
42710,80,84,-4,4
42711,163,168,-5,5
42712,110,102,8,8
42713,100,93,7,7
42714,89,82,7,7
42715,51,55,-4,4
42716,97,105,-8,8
42717,82,83,-1,1
42718,85,84,1,1
42719,73,79,-6,6
42720,80,76,4,4
42721,50,62,-12,12
42722,81,78,3,3
42723,68,71,-3,3
42724,76,79,-3,3
42725,75,70,5,5
42726,82,91,-9,9
42727,78,79,-1,1
42728,53,73,-20,20
42729,55,62,-7,7
42730,41,43,-2,2
42731,95,94,1,1
42732,55,60,-5,5
42733,99,114,-15,15
42734,64,75,-11,11
42735,93,106,-13,13
42736,61,62,-1,1
42737,95,97,-2,2
42738,116,117,-1,1
42739,83,75,8,8
42740,82,74,8,8
42741,137,114,23,23
42742,69,76,-7,7
42743,69,66,3,3
42744,60,59,1,1
42745,81,87,-6,6
42746,128,128,0,0
42747,78,75,3,3
42748,79,82,-3,3
42749,74,82,-8,8
42750,69,73,-4,4
42751,140,144,-4,4
42752,108,115,-7,7
42753,61,63,-2,2
42754,142,142,0,0
42755,42,41,1,1
42756,68,66,2,2
42757,74,76,-2,2
42758,94,99,-5,5
42759,164,158,6,6
42760,77,73,4,4
42761,94,85,9,9
42762,192,195,-3,3
42763,121,123,-2,2
42764,61,65,-4,4
42765,120,125,-5,5
42766,103,101,2,2
42767,89,84,5,5
42768,100,90,10,10
42769,97,85,12,12
42770,64,71,-7,7
42771,165,165,0,0
42772,74,73,1,1
42773,65,67,-2,2
42774,39,52,-13,13
42775,183,171,12,12
42776,82,87,-5,5
42777,111,109,2,2
42778,150,134,16,16
42779,89,79,10,10
42780,116,112,4,4
42781,106,104,2,2
42782,129,131,-2,2
42783,59,66,-7,7
42784,161,136,25,25
42785,108,123,-15,15
42786,63,75,-12,12
42787,114,112,2,2
42788,80,88,-8,8
42789,81,84,-3,3
42790,72,72,0,0
42791,99,95,4,4
42792,98,83,15,15
42793,111,98,13,13
42794,120,121,-1,1
42795,119,116,3,3
42796,69,73,-4,4
42797,137,128,9,9
42798,130,133,-3,3
42799,106,95,11,11
42800,58,67,-9,9
42801,144,138,6,6
42802,117,120,-3,3
42803,146,158,-12,12
42804,137,128,9,9
42805,116,121,-5,5
42806,86,79,7,7
42807,89,86,3,3
42808,107,107,0,0
42809,108,109,-1,1
42810,109,101,8,8
42811,53,63,-10,10
42812,79,71,8,8
42813,59,66,-7,7
42814,84,80,4,4
42815,156,144,12,12
42816,121,118,3,3
42817,66,70,-4,4
42818,74,73,1,1
42819,47,94,-47,47
42820,106,107,-1,1
42821,98,86,12,12
42822,68,66,2,2
42823,58,69,-11,11
42824,86,91,-5,5
42825,87,96,-9,9
42826,85,92,-7,7
42827,143,133,10,10
42828,168,151,17,17
42829,63,73,-10,10
42830,72,114,-42,42
42831,170,181,-11,11
42832,139,145,-6,6
42833,104,111,-7,7
42834,66,64,2,2
42835,78,81,-3,3
42836,66,64,2,2
42837,78,76,2,2
42838,178,156,22,22
42839,176,169,7,7
42840,77,72,5,5
42841,51,57,-6,6
42842,112,92,20,20
42843,110,129,-19,19
42844,140,146,-6,6
42845,120,108,12,12
42846,88,84,4,4
42847,85,95,-10,10
42848,166,153,13,13
42849,71,74,-3,3
42850,112,123,-11,11
42851,73,70,3,3
42852,80,82,-2,2
42853,113,129,-16,16
42854,62,66,-4,4
42855,94,75,19,19
42856,145,147,-2,2
42857,131,138,-7,7
42858,103,103,0,0
42859,98,104,-6,6
42860,84,78,6,6
42861,133,124,9,9
42862,144,134,10,10
42863,141,125,16,16
42864,119,105,14,14
42865,87,85,2,2
42866,79,81,-2,2
42867,63,72,-9,9
42868,89,98,-9,9
42869,38,49,-11,11
42870,99,108,-9,9
42871,114,105,9,9
42872,129,116,13,13
42873,155,152,3,3
42874,87,76,11,11
42875,70,71,-1,1
42876,112,103,9,9
42877,137,131,6,6
42878,92,85,7,7
42879,145,140,5,5
42880,154,132,22,22
42881,130,125,5,5
42882,45,44,1,1
42883,63,65,-2,2
42884,58,59,-1,1
42885,96,100,-4,4
42886,102,100,2,2
42887,118,127,-9,9
42888,119,115,4,4
42889,75,74,1,1
42890,115,116,-1,1
42891,94,98,-4,4
42892,108,107,1,1
42893,101,99,2,2
42894,136,132,4,4
42895,110,113,-3,3
42896,127,126,1,1
42897,94,79,15,15
42898,124,114,10,10
42899,68,73,-5,5
42900,128,117,11,11
42901,138,133,5,5
42902,83,87,-4,4
42903,125,107,18,18
42904,63,68,-5,5
42905,133,110,23,23
42906,77,75,2,2
42907,94,91,3,3
42908,116,103,13,13
42909,93,93,0,0
42910,84,86,-2,2
42911,125,125,0,0
42912,123,127,-4,4
42913,92,88,4,4
42914,155,151,4,4
42915,86,184,-98,98
42916,75,79,-4,4
42917,74,79,-5,5
42918,78,82,-4,4
42919,96,88,8,8
42920,113,118,-5,5
42921,139,160,-21,21
42922,95,89,6,6
42923,83,82,1,1
42924,128,126,2,2
42925,102,102,0,0
42926,124,141,-17,17
42927,71,74,-3,3
42928,63,67,-4,4
42929,71,72,-1,1
42930,131,133,-2,2
42931,115,135,-20,20
42932,91,84,7,7
42933,92,101,-9,9
42934,59,56,3,3
42935,138,136,2,2
42936,71,71,0,0
42937,53,54,-1,1
42938,103,106,-3,3
42939,85,77,8,8
42940,92,94,-2,2
42941,109,122,-13,13
42942,74,84,-10,10
42943,100,97,3,3
42944,111,108,3,3
42945,112,112,0,0
42946,112,106,6,6
42947,31,38,-7,7
42948,57,75,-18,18
42949,194,185,9,9
42950,75,71,4,4
42951,119,118,1,1
42952,106,103,3,3
42953,89,75,14,14
42954,75,74,1,1
42955,77,79,-2,2
42956,68,74,-6,6
42957,48,52,-4,4
42958,53,56,-3,3
42959,91,94,-3,3
42960,90,104,-14,14
42961,57,69,-12,12
42962,81,82,-1,1
42963,113,108,5,5
42964,89,85,4,4
42965,74,73,1,1
42966,89,85,4,4
42967,73,80,-7,7
42968,54,50,4,4
42969,77,79,-2,2
42970,108,98,10,10
42971,59,70,-11,11
42972,218,204,14,14
42973,118,127,-9,9
42974,86,92,-6,6
42975,153,147,6,6
42976,123,120,3,3
42977,117,117,0,0
42978,51,53,-2,2
42979,77,75,2,2
42980,59,62,-3,3
42981,69,74,-5,5
42982,67,74,-7,7
42983,83,77,6,6
42984,137,127,10,10
42985,96,90,6,6
42986,68,71,-3,3
42987,91,98,-7,7
42988,81,86,-5,5
42989,79,68,11,11
42990,50,51,-1,1
42991,78,77,1,1
42992,32,29,3,3
42993,64,65,-1,1
42994,80,84,-4,4
42995,99,99,0,0
42996,131,137,-6,6
42997,48,56,-8,8
42998,77,72,5,5
42999,128,126,2,2
43000,120,117,3,3
43001,55,61,-6,6
43002,79,70,9,9
43003,85,84,1,1
43004,148,138,10,10
43005,136,133,3,3
43006,111,121,-10,10
43007,105,135,-30,30
43008,93,89,4,4
43009,79,79,0,0
43010,87,86,1,1
43011,69,74,-5,5
43012,109,106,3,3
43013,156,144,12,12
43014,106,109,-3,3
43015,105,108,-3,3
43016,42,39,3,3
43017,84,84,0,0
43018,15,29,-14,14
43019,89,99,-10,10
43020,179,173,6,6
43021,65,70,-5,5
43022,108,114,-6,6
43023,40,53,-13,13
43024,89,83,6,6
43025,138,126,12,12
43026,134,141,-7,7
43027,102,99,3,3
43028,103,100,3,3
43029,143,127,16,16
43030,65,73,-8,8
43031,74,73,1,1
43032,116,108,8,8
43033,79,78,1,1
43034,74,76,-2,2
43035,91,74,17,17
43036,99,96,3,3
43037,64,62,2,2
43038,120,113,7,7
43039,103,96,7,7
43040,90,85,5,5
43041,51,54,-3,3
43042,96,90,6,6
43043,77,75,2,2
43044,142,144,-2,2
43045,77,67,10,10
43046,90,88,2,2
43047,141,134,7,7
43048,85,90,-5,5
43049,98,90,8,8
43050,146,145,1,1
43051,120,112,8,8
43052,107,113,-6,6
43053,97,102,-5,5
43054,125,126,-1,1
43055,81,83,-2,2
43056,99,102,-3,3
43057,90,96,-6,6
43058,53,54,-1,1
43059,88,79,9,9
43060,70,67,3,3
43061,57,76,-19,19
43062,77,72,5,5
43063,51,65,-14,14
43064,110,114,-4,4
43065,72,73,-1,1
43066,101,104,-3,3
43067,177,158,19,19
43068,153,135,18,18
43069,157,151,6,6
43070,67,69,-2,2
43071,63,66,-3,3
43072,208,195,13,13
43073,84,82,2,2
43074,69,73,-4,4
43075,110,100,10,10
43076,85,72,13,13
43077,37,29,8,8
43078,142,117,25,25
43079,82,87,-5,5
43080,81,91,-10,10
43081,94,96,-2,2
43082,143,146,-3,3
43083,118,110,8,8
43084,86,97,-11,11
43085,76,83,-7,7
43086,73,68,5,5
43087,131,118,13,13
43088,53,68,-15,15
43089,66,69,-3,3
43090,101,102,-1,1
43091,115,115,0,0
43092,136,131,5,5
43093,61,86,-25,25
43094,86,89,-3,3
43095,71,82,-11,11
43096,81,80,1,1
43097,69,78,-9,9
43098,36,48,-12,12
43099,157,152,5,5
43100,57,66,-9,9
43101,73,68,5,5
43102,185,167,18,18
43103,62,60,2,2
43104,123,122,1,1
43105,65,67,-2,2
43106,73,71,2,2
43107,98,98,0,0
43108,101,95,6,6
43109,104,102,2,2
43110,83,86,-3,3
43111,58,67,-9,9
43112,85,86,-1,1
43113,55,62,-7,7
43114,80,73,7,7
43115,66,68,-2,2
43116,83,76,7,7
43117,107,113,-6,6
43118,104,98,6,6
43119,44,39,5,5
43120,63,71,-8,8
43121,85,79,6,6
43122,133,128,5,5
43123,59,64,-5,5
43124,130,114,16,16
43125,74,75,-1,1
43126,62,63,-1,1
43127,109,101,8,8
43128,71,75,-4,4
43129,55,92,-37,37
43130,142,144,-2,2
43131,117,121,-4,4
43132,110,103,7,7
43133,35,46,-11,11
43134,85,93,-8,8
43135,63,62,1,1
43136,79,87,-8,8
43137,101,96,5,5
43138,73,76,-3,3
43139,150,157,-7,7
43140,164,144,20,20
43141,121,117,4,4
43142,56,64,-8,8
43143,82,83,-1,1
43144,115,132,-17,17
43145,103,98,5,5
43146,80,77,3,3
43147,90,91,-1,1
43148,103,101,2,2
43149,122,127,-5,5
43150,113,116,-3,3
43151,62,72,-10,10
43152,120,120,0,0
43153,94,95,-1,1
43154,93,95,-2,2
43155,52,57,-5,5
43156,89,80,9,9
43157,72,65,7,7
43158,65,61,4,4
43159,92,88,4,4
43160,59,60,-1,1
43161,86,110,-24,24
43162,119,107,12,12
43163,64,69,-5,5
43164,142,115,27,27
43165,80,82,-2,2
43166,68,70,-2,2
43167,85,91,-6,6
43168,69,71,-2,2
43169,157,150,7,7
43170,120,107,13,13
43171,135,130,5,5
43172,72,70,2,2
43173,99,85,14,14
43174,88,94,-6,6
43175,101,98,3,3
43176,72,77,-5,5
43177,166,169,-3,3
43178,49,57,-8,8
43179,89,84,5,5
43180,113,105,8,8
43181,113,105,8,8
43182,85,90,-5,5
43183,67,77,-10,10
43184,89,87,2,2
43185,63,70,-7,7
43186,52,96,-44,44
43187,127,120,7,7
43188,106,103,3,3
43189,120,107,13,13
43190,97,112,-15,15
43191,57,67,-10,10
43192,68,82,-14,14
43193,105,111,-6,6
43194,106,111,-5,5
43195,133,130,3,3
43196,63,72,-9,9
43197,58,63,-5,5
43198,106,111,-5,5
43199,103,97,6,6
43200,71,73,-2,2
43201,103,107,-4,4
43202,42,44,-2,2
43203,91,85,6,6
43204,103,108,-5,5
43205,90,92,-2,2
43206,103,108,-5,5
43207,111,102,9,9
43208,132,121,11,11
43209,115,112,3,3
43210,121,126,-5,5
43211,122,112,10,10
43212,132,125,7,7
43213,32,50,-18,18
43214,110,102,8,8
43215,87,93,-6,6
43216,135,128,7,7
43217,102,98,4,4
43218,82,85,-3,3
43219,131,122,9,9
43220,102,104,-2,2
43221,52,56,-4,4
43222,100,109,-9,9
43223,100,98,2,2
43224,90,96,-6,6
43225,85,90,-5,5
43226,61,65,-4,4
43227,154,165,-11,11
43228,137,126,11,11
43229,107,104,3,3
43230,98,98,0,0
43231,92,89,3,3
43232,191,168,23,23
43233,113,118,-5,5
43234,104,104,0,0
43235,62,63,-1,1
43236,80,79,1,1
43237,50,55,-5,5
43238,100,83,17,17
43239,126,126,0,0
43240,113,103,10,10
43241,69,71,-2,2
43242,62,64,-2,2
43243,52,73,-21,21
43244,118,114,4,4
43245,59,66,-7,7
43246,40,51,-11,11
43247,93,95,-2,2
43248,105,112,-7,7
43249,127,117,10,10
43250,84,92,-8,8
43251,93,106,-13,13
43252,121,127,-6,6
43253,94,100,-6,6
43254,64,69,-5,5
43255,109,103,6,6
43256,123,131,-8,8
43257,130,123,7,7
43258,138,132,6,6
43259,67,71,-4,4
43260,99,99,0,0
43261,84,83,1,1
43262,112,123,-11,11
43263,103,105,-2,2
43264,60,60,0,0
43265,90,109,-19,19
43266,131,135,-4,4
43267,47,55,-8,8
43268,90,88,2,2
43269,81,80,1,1
43270,84,83,1,1
43271,81,84,-3,3
43272,105,107,-2,2
43273,67,71,-4,4
43274,86,88,-2,2
43275,140,146,-6,6
43276,78,72,6,6
43277,96,91,5,5
43278,102,106,-4,4
43279,43,53,-10,10
43280,71,85,-14,14
43281,91,99,-8,8
43282,84,83,1,1
43283,125,118,7,7
43284,50,58,-8,8
43285,90,97,-7,7
43286,68,66,2,2
43287,129,124,5,5
43288,133,139,-6,6
43289,72,92,-20,20
43290,150,146,4,4
43291,179,165,14,14
43292,96,92,4,4
43293,72,69,3,3
43294,178,156,22,22
43295,89,84,5,5
43296,129,118,11,11
43297,84,81,3,3
43298,87,79,8,8
43299,82,76,6,6
43300,82,91,-9,9
43301,91,90,1,1
43302,112,114,-2,2
43303,88,95,-7,7
43304,100,107,-7,7
43305,164,154,10,10
43306,89,95,-6,6
43307,72,80,-8,8
43308,111,118,-7,7
43309,123,128,-5,5
43310,163,146,17,17
43311,65,69,-4,4
43312,130,136,-6,6
43313,145,145,0,0
43314,92,89,3,3
43315,50,63,-13,13
43316,73,91,-18,18
43317,57,65,-8,8
43318,89,77,12,12
43319,82,80,2,2
43320,67,67,0,0
43321,91,101,-10,10
43322,112,112,0,0
43323,73,75,-2,2
43324,64,66,-2,2
43325,119,132,-13,13
43326,61,58,3,3
43327,26,29,-3,3
43328,67,69,-2,2
43329,178,163,15,15
43330,97,82,15,15
43331,132,111,21,21
43332,121,124,-3,3
43333,143,120,23,23
43334,92,101,-9,9
43335,78,81,-3,3
43336,99,105,-6,6
43337,68,67,1,1
43338,61,65,-4,4
43339,139,142,-3,3
43340,162,161,1,1
43341,86,85,1,1
43342,106,102,4,4
43343,48,54,-6,6
43344,125,119,6,6
43345,123,122,1,1
43346,117,113,4,4
43347,229,212,17,17
43348,83,85,-2,2
43349,72,117,-45,45
43350,130,127,3,3
43351,49,58,-9,9
43352,124,125,-1,1
43353,123,125,-2,2
43354,127,131,-4,4
43355,78,77,1,1
43356,87,114,-27,27
43357,129,118,11,11
43358,97,91,6,6
43359,129,145,-16,16
43360,69,68,1,1
43361,84,83,1,1
43362,122,110,12,12
43363,158,144,14,14
43364,77,82,-5,5
43365,86,100,-14,14
43366,100,106,-6,6
43367,93,103,-10,10
43368,117,113,4,4
43369,139,127,12,12
43370,100,97,3,3
43371,162,153,9,9
43372,68,73,-5,5
43373,68,71,-3,3
43374,85,76,9,9
43375,105,99,6,6
43376,174,156,18,18
43377,85,84,1,1
43378,108,101,7,7
43379,67,71,-4,4
43380,115,114,1,1
43381,63,67,-4,4
43382,107,107,0,0
43383,99,111,-12,12
43384,52,61,-9,9
43385,87,82,5,5
43386,125,94,31,31
43387,64,61,3,3
43388,101,103,-2,2
43389,118,117,1,1
43390,129,128,1,1
43391,100,104,-4,4
43392,71,68,3,3
43393,70,81,-11,11
43394,70,77,-7,7
43395,101,85,16,16
43396,71,74,-3,3
43397,70,71,-1,1
43398,115,114,1,1
43399,56,59,-3,3
43400,106,109,-3,3
43401,125,122,3,3
43402,104,102,2,2
43403,84,81,3,3
43404,64,69,-5,5
43405,82,82,0,0
43406,99,109,-10,10
43407,167,162,5,5
43408,107,111,-4,4
43409,91,86,5,5
43410,83,88,-5,5
43411,89,77,12,12
43412,92,87,5,5
43413,114,107,7,7
43414,126,105,21,21
43415,133,127,6,6
43416,51,62,-11,11
43417,87,80,7,7
43418,67,66,1,1
43419,67,68,-1,1
43420,142,133,9,9
43421,139,128,11,11
43422,125,113,12,12
43423,81,77,4,4
43424,210,189,21,21
43425,113,107,6,6
43426,57,74,-17,17
43427,94,94,0,0
43428,121,93,28,28
43429,107,105,2,2
43430,38,52,-14,14
43431,81,83,-2,2
43432,126,114,12,12
43433,248,244,4,4
43434,92,91,1,1
43435,153,146,7,7
43436,127,128,-1,1
43437,45,56,-11,11
43438,81,111,-30,30
43439,164,163,1,1
43440,140,152,-12,12
43441,114,112,2,2
43442,115,115,0,0
43443,87,83,4,4
43444,57,63,-6,6
43445,51,50,1,1
43446,95,109,-14,14
43447,33,34,-1,1
43448,128,122,6,6
43449,101,97,4,4
43450,75,79,-4,4
43451,138,133,5,5
43452,136,123,13,13
43453,63,86,-23,23
43454,80,69,11,11
43455,90,103,-13,13
43456,47,50,-3,3
43457,96,94,2,2
43458,62,62,0,0
43459,98,95,3,3
43460,140,142,-2,2
43461,84,77,7,7
43462,143,149,-6,6
43463,84,86,-2,2
43464,151,152,-1,1
43465,87,78,9,9
43466,107,114,-7,7
43467,118,108,10,10
43468,60,68,-8,8
43469,82,86,-4,4
43470,167,161,6,6
43471,110,100,10,10
43472,98,100,-2,2
43473,83,84,-1,1
43474,76,74,2,2
43475,93,96,-3,3
43476,102,103,-1,1
43477,76,69,7,7
43478,76,80,-4,4
43479,115,113,2,2
43480,77,80,-3,3
43481,98,97,1,1
43482,149,144,5,5
43483,78,75,3,3
43484,119,122,-3,3
43485,121,115,6,6
43486,46,76,-30,30
43487,67,78,-11,11
43488,129,119,10,10
43489,114,116,-2,2
43490,73,76,-3,3
43491,118,118,0,0
43492,90,96,-6,6
43493,165,166,-1,1
43494,147,148,-1,1
43495,52,51,1,1
43496,111,124,-13,13
43497,160,146,14,14
43498,88,99,-11,11
43499,105,105,0,0
43500,105,93,12,12
43501,90,96,-6,6
43502,120,123,-3,3
43503,89,75,14,14
43504,79,82,-3,3
43505,82,93,-11,11
43506,122,126,-4,4
43507,96,94,2,2
43508,48,56,-8,8
43509,70,69,1,1
43510,65,76,-11,11
43511,78,79,-1,1
43512,133,130,3,3
43513,48,56,-8,8
43514,90,90,0,0
43515,54,63,-9,9
43516,104,95,9,9
43517,91,85,6,6
43518,112,106,6,6
43519,63,70,-7,7
43520,113,110,3,3
43521,99,86,13,13
43522,100,98,2,2
43523,69,72,-3,3
43524,122,118,4,4
43525,84,85,-1,1
43526,119,105,14,14
43527,103,100,3,3
43528,91,109,-18,18
43529,55,64,-9,9
43530,64,70,-6,6
43531,87,83,4,4
43532,220,205,15,15
43533,85,89,-4,4
43534,63,71,-8,8
43535,64,67,-3,3
43536,109,121,-12,12
43537,80,79,1,1
43538,91,90,1,1
43539,146,151,-5,5
43540,125,126,-1,1
43541,130,131,-1,1
43542,127,138,-11,11
43543,113,102,11,11
43544,125,125,0,0
43545,84,87,-3,3
43546,111,109,2,2
43547,138,130,8,8
43548,47,55,-8,8
43549,75,86,-11,11
43550,98,109,-11,11
43551,163,155,8,8
43552,140,126,14,14
43553,50,48,2,2
43554,77,77,0,0
43555,64,63,1,1
43556,76,73,3,3
43557,108,105,3,3
43558,53,54,-1,1
43559,65,75,-10,10
43560,197,187,10,10
43561,182,171,11,11
43562,71,72,-1,1
43563,134,119,15,15
43564,126,113,13,13
43565,54,63,-9,9
43566,132,139,-7,7
43567,86,82,4,4
43568,106,110,-4,4
43569,53,59,-6,6
43570,87,85,2,2
43571,80,82,-2,2
43572,150,155,-5,5
43573,49,53,-4,4
43574,137,106,31,31
43575,51,58,-7,7
43576,90,84,6,6
43577,125,121,4,4
43578,110,113,-3,3
43579,112,118,-6,6
43580,51,61,-10,10
43581,105,95,10,10
43582,110,115,-5,5
43583,93,99,-6,6
43584,169,160,9,9
43585,97,82,15,15
43586,97,82,15,15
43587,89,97,-8,8
43588,75,75,0,0
43589,119,116,3,3
43590,93,97,-4,4
43591,53,57,-4,4
43592,121,103,18,18
43593,61,76,-15,15
43594,98,106,-8,8
43595,92,93,-1,1
43596,63,64,-1,1
43597,101,86,15,15
43598,180,168,12,12
43599,70,72,-2,2
43600,66,68,-2,2
43601,121,147,-26,26
43602,100,98,2,2
43603,151,154,-3,3
43604,44,66,-22,22
43605,93,94,-1,1
43606,79,73,6,6
43607,133,120,13,13
43608,51,55,-4,4
43609,111,112,-1,1
43610,83,84,-1,1
43611,93,102,-9,9
43612,78,72,6,6
43613,75,75,0,0
43614,133,132,1,1
43615,128,117,11,11
43616,98,108,-10,10
43617,137,124,13,13
43618,79,84,-5,5
43619,90,88,2,2
43620,62,67,-5,5
43621,170,173,-3,3
43622,123,120,3,3
43623,57,67,-10,10
43624,87,99,-12,12
43625,35,54,-19,19
43626,76,85,-9,9
43627,95,89,6,6
43628,63,67,-4,4
43629,74,74,0,0
43630,125,129,-4,4
43631,115,113,2,2
43632,63,68,-5,5
43633,141,134,7,7
43634,78,76,2,2
43635,71,72,-1,1
43636,90,89,1,1
43637,235,227,8,8
43638,118,109,9,9
43639,65,71,-6,6
43640,98,94,4,4
43641,97,108,-11,11
43642,48,62,-14,14
43643,110,113,-3,3
43644,96,96,0,0
43645,119,112,7,7
43646,141,138,3,3
43647,80,81,-1,1
43648,88,112,-24,24
43649,93,93,0,0
43650,141,141,0,0
43651,59,80,-21,21
43652,98,96,2,2
43653,66,77,-11,11
43654,91,92,-1,1
43655,90,88,2,2
43656,111,112,-1,1
43657,96,97,-1,1
43658,103,100,3,3
43659,59,63,-4,4
43660,68,73,-5,5
43661,73,73,0,0
43662,60,68,-8,8
43663,75,88,-13,13
43664,65,71,-6,6
43665,91,95,-4,4
43666,53,66,-13,13
43667,97,100,-3,3
43668,66,67,-1,1
43669,94,96,-2,2
43670,97,96,1,1
43671,81,79,2,2
43672,134,127,7,7
43673,96,102,-6,6
43674,115,122,-7,7
43675,51,75,-24,24
43676,75,77,-2,2
43677,157,147,10,10
43678,86,88,-2,2
43679,147,153,-6,6
43680,85,82,3,3
43681,88,94,-6,6
43682,46,53,-7,7
43683,119,118,1,1
43684,109,101,8,8
43685,142,144,-2,2
43686,95,99,-4,4
43687,93,99,-6,6
43688,79,77,2,2
43689,142,137,5,5
43690,83,84,-1,1
43691,93,90,3,3
43692,149,113,36,36
43693,114,106,8,8
43694,99,87,12,12
43695,125,127,-2,2
43696,116,100,16,16
43697,131,139,-8,8
43698,103,99,4,4
43699,79,71,8,8
43700,171,169,2,2
43701,69,75,-6,6
43702,78,88,-10,10
43703,67,84,-17,17
43704,82,81,1,1
43705,110,117,-7,7
43706,171,158,13,13
43707,46,51,-5,5
43708,60,63,-3,3
43709,179,161,18,18
43710,68,74,-6,6
43711,66,68,-2,2
43712,67,68,-1,1
43713,87,111,-24,24
43714,61,66,-5,5
43715,61,69,-8,8
43716,122,126,-4,4
43717,96,96,0,0
43718,106,92,14,14
43719,54,58,-4,4
43720,76,76,0,0
43721,111,114,-3,3
43722,44,52,-8,8
43723,163,161,2,2
43724,71,65,6,6
43725,74,74,0,0
43726,97,100,-3,3
43727,134,129,5,5
43728,82,76,6,6
43729,79,101,-22,22
43730,138,125,13,13
43731,82,99,-17,17
43732,152,149,3,3
43733,111,115,-4,4
43734,123,114,9,9
43735,77,73,4,4
43736,146,135,11,11
43737,82,79,3,3
43738,69,75,-6,6
43739,91,102,-11,11
43740,166,155,11,11
43741,53,59,-6,6
43742,71,71,0,0
43743,84,83,1,1
43744,68,72,-4,4
43745,94,103,-9,9
43746,101,128,-27,27
43747,106,102,4,4
43748,93,87,6,6
43749,69,73,-4,4
43750,136,125,11,11
43751,90,90,0,0
43752,87,76,11,11
43753,64,62,2,2
43754,62,105,-43,43
43755,77,82,-5,5
43756,47,66,-19,19
43757,122,122,0,0
43758,67,72,-5,5
43759,87,98,-11,11
43760,84,76,8,8
43761,68,73,-5,5
43762,60,68,-8,8
43763,75,75,0,0
43764,90,85,5,5
43765,69,83,-14,14
43766,77,76,1,1
43767,82,76,6,6
43768,127,125,2,2
43769,58,64,-6,6
43770,151,139,12,12
43771,125,135,-10,10
43772,114,112,2,2
43773,106,111,-5,5
43774,85,86,-1,1
43775,92,92,0,0
43776,70,71,-1,1
43777,124,123,1,1
43778,97,102,-5,5
43779,71,77,-6,6
43780,146,147,-1,1
43781,93,95,-2,2
43782,91,82,9,9
43783,63,66,-3,3
43784,60,65,-5,5
43785,84,103,-19,19
43786,192,190,2,2
43787,93,86,7,7
43788,133,123,10,10
43789,95,93,2,2
43790,65,64,1,1
43791,81,92,-11,11
43792,107,113,-6,6
43793,131,124,7,7
43794,130,132,-2,2
43795,68,66,2,2
43796,77,80,-3,3
43797,112,119,-7,7
43798,67,77,-10,10
43799,91,91,0,0
43800,90,87,3,3
43801,125,125,0,0
43802,69,69,0,0
43803,106,107,-1,1
43804,110,103,7,7
43805,65,69,-4,4
43806,87,93,-6,6
43807,60,61,-1,1
43808,91,86,5,5
43809,153,138,15,15
43810,95,97,-2,2
43811,150,141,9,9
43812,61,69,-8,8
43813,169,178,-9,9
43814,76,75,1,1
43815,93,95,-2,2
43816,75,72,3,3
43817,76,84,-8,8
43818,85,105,-20,20
43819,63,71,-8,8
43820,86,91,-5,5
43821,111,106,5,5
43822,81,78,3,3
43823,225,183,42,42
43824,49,53,-4,4
43825,90,93,-3,3
43826,67,68,-1,1
43827,109,113,-4,4
43828,103,97,6,6
43829,73,71,2,2
43830,137,137,0,0
43831,93,98,-5,5
43832,68,72,-4,4
43833,82,99,-17,17
43834,66,74,-8,8
43835,110,95,15,15
43836,170,176,-6,6
43837,104,103,1,1
43838,73,77,-4,4
43839,137,127,10,10
43840,55,58,-3,3
43841,52,63,-11,11
43842,95,87,8,8
43843,48,55,-7,7
43844,67,78,-11,11
43845,64,68,-4,4
43846,71,72,-1,1
43847,77,75,2,2
43848,66,65,1,1
43849,78,77,1,1
43850,71,74,-3,3
43851,117,116,1,1
43852,83,74,9,9
43853,43,53,-10,10
43854,100,96,4,4
43855,50,60,-10,10
43856,140,141,-1,1
43857,86,103,-17,17
43858,63,66,-3,3
43859,91,94,-3,3
43860,113,111,2,2
43861,63,65,-2,2
43862,61,62,-1,1
43863,78,84,-6,6
43864,34,55,-21,21
43865,90,107,-17,17
43866,47,46,1,1
43867,64,73,-9,9
43868,58,69,-11,11
43869,116,119,-3,3
43870,117,114,3,3
43871,84,92,-8,8
43872,105,109,-4,4
43873,86,87,-1,1
43874,68,69,-1,1
43875,131,139,-8,8
43876,77,80,-3,3
43877,76,71,5,5
43878,117,107,10,10
43879,97,93,4,4
43880,123,122,1,1
43881,98,104,-6,6
43882,71,71,0,0
43883,127,124,3,3
43884,56,59,-3,3
43885,122,113,9,9
43886,49,63,-14,14
43887,60,66,-6,6
43888,115,110,5,5
43889,78,83,-5,5
43890,46,58,-12,12
43891,119,115,4,4
43892,129,145,-16,16
43893,66,65,1,1
43894,142,141,1,1
43895,79,76,3,3
43896,71,77,-6,6
43897,144,140,4,4
43898,106,112,-6,6
43899,77,80,-3,3
43900,74,79,-5,5
43901,69,70,-1,1
43902,88,83,5,5
43903,59,62,-3,3
43904,123,122,1,1
43905,54,60,-6,6
43906,43,55,-12,12
43907,155,130,25,25
43908,68,71,-3,3
43909,131,131,0,0
43910,146,141,5,5
43911,102,84,18,18
43912,80,82,-2,2
43913,57,66,-9,9
43914,81,78,3,3
43915,104,116,-12,12
43916,39,38,1,1
43917,78,80,-2,2
43918,112,109,3,3
43919,44,84,-40,40
43920,79,77,2,2
43921,132,129,3,3
43922,117,137,-20,20
43923,80,83,-3,3
43924,88,79,9,9
43925,61,65,-4,4
43926,57,55,2,2
43927,123,122,1,1
43928,60,69,-9,9
43929,113,107,6,6
43930,64,70,-6,6
43931,101,95,6,6
43932,143,142,1,1
43933,71,77,-6,6
43934,80,72,8,8
43935,70,69,1,1
43936,45,51,-6,6
43937,44,56,-12,12
43938,92,85,7,7
43939,67,73,-6,6
43940,63,59,4,4
43941,139,133,6,6
43942,127,121,6,6
43943,69,69,0,0
43944,136,128,8,8
43945,109,114,-5,5
43946,120,116,4,4
43947,63,67,-4,4
43948,50,57,-7,7
43949,97,90,7,7
43950,103,93,10,10
43951,89,83,6,6
43952,85,78,7,7
43953,173,165,8,8
43954,128,125,3,3
43955,171,170,1,1
43956,49,50,-1,1
43957,99,85,14,14
43958,129,133,-4,4
43959,85,91,-6,6
43960,102,98,4,4
43961,124,125,-1,1
43962,122,112,10,10
43963,137,132,5,5
43964,89,94,-5,5
43965,51,53,-2,2
43966,81,103,-22,22
43967,88,79,9,9
43968,76,81,-5,5
43969,111,120,-9,9
43970,86,87,-1,1
43971,131,126,5,5
43972,23,29,-6,6
43973,109,106,3,3
43974,84,82,2,2
43975,101,101,0,0
43976,139,137,2,2
43977,58,70,-12,12
43978,71,74,-3,3
43979,95,83,12,12
43980,70,71,-1,1
43981,65,72,-7,7
43982,95,90,5,5
43983,109,104,5,5
43984,57,63,-6,6
43985,103,104,-1,1
43986,184,166,18,18
43987,80,79,1,1
43988,103,104,-1,1
43989,94,122,-28,28
43990,62,65,-3,3
43991,110,90,20,20
43992,109,110,-1,1
43993,47,57,-10,10
43994,107,113,-6,6
43995,184,166,18,18
43996,122,131,-9,9
43997,155,155,0,0
43998,66,74,-8,8
43999,63,66,-3,3
44000,104,118,-14,14
44001,100,94,6,6
44002,82,101,-19,19
44003,162,163,-1,1
44004,122,128,-6,6
44005,78,135,-57,57
44006,71,69,2,2
44007,131,112,19,19
44008,113,95,18,18
44009,84,93,-9,9
44010,65,66,-1,1
44011,81,84,-3,3
44012,93,83,10,10
44013,67,68,-1,1
44014,148,130,18,18
44015,72,78,-6,6
44016,106,100,6,6
44017,79,92,-13,13
44018,113,113,0,0
44019,66,67,-1,1
44020,68,61,7,7
44021,63,64,-1,1
44022,81,101,-20,20
44023,117,115,2,2
44024,70,107,-37,37
44025,78,77,1,1
44026,165,173,-8,8
44027,40,44,-4,4
44028,85,91,-6,6
44029,73,103,-30,30
44030,104,101,3,3
44031,129,119,10,10
44032,116,106,10,10
44033,115,112,3,3
44034,82,80,2,2
44035,84,90,-6,6
44036,82,86,-4,4
44037,29,65,-36,36
44038,64,75,-11,11
44039,66,62,4,4
44040,114,112,2,2
44041,146,131,15,15
44042,65,65,0,0
44043,42,47,-5,5
44044,157,161,-4,4
44045,89,84,5,5
44046,116,131,-15,15
44047,54,61,-7,7
44048,77,76,1,1
44049,79,81,-2,2
44050,137,135,2,2
44051,67,67,0,0
44052,105,113,-8,8
44053,149,124,25,25
44054,57,63,-6,6
44055,104,112,-8,8
44056,89,98,-9,9
44057,82,86,-4,4
44058,106,122,-16,16
44059,191,181,10,10
44060,87,84,3,3
44061,58,62,-4,4
44062,114,113,1,1
44063,114,124,-10,10
44064,118,109,9,9
44065,159,152,7,7
44066,58,59,-1,1
44067,95,98,-3,3
44068,74,75,-1,1
44069,135,120,15,15
44070,134,135,-1,1
44071,87,84,3,3
44072,130,117,13,13
44073,119,114,5,5
44074,142,136,6,6
44075,152,149,3,3
44076,105,104,1,1
44077,63,67,-4,4
44078,92,92,0,0
44079,75,70,5,5
44080,96,93,3,3
44081,75,69,6,6
44082,56,61,-5,5
44083,72,71,1,1
44084,89,84,5,5
44085,58,66,-8,8
44086,76,75,1,1
44087,90,107,-17,17
44088,73,83,-10,10
44089,78,80,-2,2
44090,110,124,-14,14
44091,174,162,12,12
44092,104,93,11,11
44093,94,103,-9,9
44094,165,155,10,10
44095,107,99,8,8
44096,78,75,3,3
44097,90,88,2,2
44098,124,117,7,7
44099,129,115,14,14
44100,66,69,-3,3
44101,73,79,-6,6
44102,139,141,-2,2
44103,72,78,-6,6
44104,140,133,7,7
44105,93,99,-6,6
44106,135,127,8,8
44107,56,61,-5,5
44108,76,73,3,3
44109,102,98,4,4
44110,102,106,-4,4
44111,130,127,3,3
44112,152,151,1,1
44113,76,74,2,2
44114,178,178,0,0
44115,85,76,9,9
44116,78,74,4,4
44117,97,115,-18,18
44118,113,124,-11,11
44119,81,87,-6,6
44120,65,77,-12,12
44121,42,50,-8,8
44122,72,83,-11,11
44123,115,113,2,2
44124,80,87,-7,7
44125,39,40,-1,1
44126,85,82,3,3
44127,101,95,6,6
44128,158,156,2,2
44129,91,93,-2,2
44130,68,72,-4,4
44131,112,119,-7,7
44132,161,159,2,2
44133,147,156,-9,9
44134,63,69,-6,6
44135,60,77,-17,17
44136,84,85,-1,1
44137,112,114,-2,2
44138,129,121,8,8
44139,136,134,2,2
44140,130,124,6,6
44141,74,75,-1,1
44142,111,114,-3,3
44143,118,120,-2,2
44144,60,63,-3,3
44145,59,70,-11,11
44146,90,92,-2,2
44147,72,78,-6,6
44148,118,116,2,2
44149,63,67,-4,4
44150,91,88,3,3
44151,106,112,-6,6
44152,89,89,0,0
44153,111,113,-2,2
44154,131,127,4,4
44155,85,95,-10,10
44156,97,100,-3,3
44157,41,49,-8,8
44158,104,105,-1,1
44159,137,144,-7,7
44160,110,105,5,5
44161,50,78,-28,28
44162,143,128,15,15
44163,110,108,2,2
44164,79,80,-1,1
44165,79,80,-1,1
44166,71,77,-6,6
44167,116,116,0,0
44168,89,85,4,4
44169,85,86,-1,1
44170,62,72,-10,10
44171,105,98,7,7
44172,110,116,-6,6
44173,68,78,-10,10
44174,125,126,-1,1
44175,120,116,4,4
44176,118,113,5,5
44177,63,65,-2,2
44178,42,51,-9,9
44179,49,57,-8,8
44180,96,93,3,3
44181,107,110,-3,3
44182,108,114,-6,6
44183,94,95,-1,1
44184,89,85,4,4
44185,117,115,2,2
44186,120,122,-2,2
44187,71,73,-2,2
44188,71,74,-3,3
44189,58,66,-8,8
44190,90,100,-10,10
44191,118,110,8,8
44192,43,68,-25,25
44193,78,77,1,1
44194,159,150,9,9
44195,99,110,-11,11
44196,92,97,-5,5
44197,148,136,12,12
44198,97,85,12,12
44199,84,92,-8,8
44200,45,51,-6,6
44201,63,68,-5,5
44202,117,111,6,6
44203,122,117,5,5
44204,115,108,7,7
44205,110,107,3,3
44206,114,107,7,7
44207,71,73,-2,2
44208,132,143,-11,11
44209,73,71,2,2
44210,137,129,8,8
44211,79,72,7,7
44212,79,69,10,10
44213,106,105,1,1
44214,99,96,3,3
44215,77,102,-25,25
44216,127,132,-5,5
44217,96,90,6,6
44218,66,66,0,0
44219,63,66,-3,3
44220,95,97,-2,2
44221,97,93,4,4
44222,42,44,-2,2
44223,60,55,5,5
44224,59,68,-9,9
44225,66,68,-2,2
44226,140,110,30,30
44227,64,70,-6,6
44228,72,74,-2,2
44229,85,83,2,2
44230,119,103,16,16
44231,99,93,6,6
44232,133,124,9,9
44233,75,81,-6,6
44234,66,68,-2,2
44235,102,99,3,3
44236,63,72,-9,9
44237,133,127,6,6
44238,144,140,4,4
44239,141,127,14,14
44240,97,106,-9,9
44241,90,100,-10,10
44242,124,128,-4,4
44243,123,127,-4,4
44244,191,175,16,16
44245,62,64,-2,2
44246,58,68,-10,10
44247,98,95,3,3
44248,113,112,1,1
44249,107,101,6,6
44250,106,115,-9,9
44251,95,94,1,1
44252,144,136,8,8
44253,50,50,0,0
44254,195,173,22,22
44255,122,107,15,15
44256,97,81,16,16
44257,71,63,8,8
44258,153,144,9,9
44259,67,74,-7,7
44260,51,60,-9,9
44261,65,73,-8,8
44262,78,77,1,1
44263,87,84,3,3
44264,72,78,-6,6
44265,81,80,1,1
44266,149,147,2,2
44267,119,104,15,15
44268,102,95,7,7
44269,93,92,1,1
44270,116,116,0,0
44271,125,123,2,2
44272,138,131,7,7
44273,75,83,-8,8
44274,100,100,0,0
44275,107,94,13,13
44276,91,117,-26,26
44277,135,132,3,3
44278,47,60,-13,13
44279,95,85,10,10
44280,88,103,-15,15
44281,71,70,1,1
44282,110,124,-14,14
44283,108,111,-3,3
44284,49,64,-15,15
44285,48,54,-6,6
44286,93,94,-1,1
44287,94,97,-3,3
44288,140,134,6,6
44289,68,65,3,3
44290,79,88,-9,9
44291,147,146,1,1
44292,107,100,7,7
44293,77,76,1,1
44294,87,87,0,0
44295,183,181,2,2
44296,123,113,10,10
44297,143,132,11,11
44298,94,94,0,0
44299,96,87,9,9
44300,85,94,-9,9
44301,112,112,0,0
44302,82,83,-1,1
44303,103,101,2,2
44304,98,99,-1,1
44305,104,110,-6,6
44306,81,74,7,7
44307,57,64,-7,7
44308,113,128,-15,15
44309,80,81,-1,1
44310,117,114,3,3
44311,68,67,1,1
44312,76,76,0,0
44313,69,81,-12,12
44314,86,94,-8,8
44315,107,95,12,12
44316,63,61,2,2
44317,127,126,1,1
44318,87,86,1,1
44319,82,81,1,1
44320,92,90,2,2
44321,78,79,-1,1
44322,117,112,5,5
44323,93,108,-15,15
44324,116,116,0,0
44325,51,62,-11,11
44326,80,77,3,3
44327,126,128,-2,2
44328,48,66,-18,18
44329,183,180,3,3
44330,61,68,-7,7
44331,128,132,-4,4
44332,95,87,8,8
44333,107,94,13,13
44334,87,97,-10,10
44335,136,138,-2,2
44336,49,55,-6,6
44337,77,73,4,4
44338,114,112,2,2
44339,139,124,15,15
44340,90,92,-2,2
44341,164,175,-11,11
44342,124,134,-10,10
44343,115,117,-2,2
44344,111,107,4,4
44345,144,143,1,1
44346,72,79,-7,7
44347,121,119,2,2
44348,131,123,8,8
44349,99,108,-9,9
44350,55,64,-9,9
44351,125,119,6,6
44352,43,49,-6,6
44353,75,70,5,5
44354,71,71,0,0
44355,62,67,-5,5
44356,86,83,3,3
44357,78,79,-1,1
44358,101,99,2,2
44359,81,83,-2,2
44360,144,133,11,11
44361,121,112,9,9
44362,84,83,1,1
44363,91,86,5,5
44364,108,125,-17,17
44365,84,84,0,0
44366,96,86,10,10
44367,130,127,3,3
44368,53,58,-5,5
44369,111,121,-10,10
44370,65,64,1,1
44371,138,128,10,10
44372,39,41,-2,2
44373,54,65,-11,11
44374,48,51,-3,3
44375,62,65,-3,3
44376,110,113,-3,3
44377,88,91,-3,3
44378,92,85,7,7
44379,124,117,7,7
44380,86,85,1,1
44381,89,100,-11,11
44382,96,100,-4,4
44383,50,60,-10,10
44384,92,84,8,8
44385,70,74,-4,4
44386,101,103,-2,2
44387,143,134,9,9
44388,128,140,-12,12
44389,83,84,-1,1
44390,59,64,-5,5
44391,131,121,10,10
44392,79,75,4,4
44393,66,66,0,0
44394,110,101,9,9
44395,99,98,1,1
44396,100,105,-5,5
44397,92,93,-1,1
44398,115,103,12,12
44399,87,78,9,9
44400,105,99,6,6
44401,77,78,-1,1
44402,93,98,-5,5
44403,124,123,1,1
44404,71,79,-8,8
44405,68,70,-2,2
44406,107,114,-7,7
44407,130,128,2,2
44408,32,37,-5,5
44409,96,114,-18,18
44410,82,76,6,6
44411,73,71,2,2
44412,57,80,-23,23
44413,60,67,-7,7
44414,61,68,-7,7
44415,127,113,14,14
44416,67,65,2,2
44417,148,139,9,9
44418,111,103,8,8
44419,119,111,8,8
44420,86,78,8,8
44421,88,85,3,3
44422,68,67,1,1
44423,65,71,-6,6
44424,64,74,-10,10
44425,158,138,20,20
44426,144,127,17,17
44427,91,94,-3,3
44428,63,68,-5,5
44429,88,94,-6,6
44430,122,107,15,15
44431,51,59,-8,8
44432,124,133,-9,9
44433,118,106,12,12
44434,49,52,-3,3
44435,94,84,10,10
44436,69,67,2,2
44437,168,159,9,9
44438,79,84,-5,5
44439,70,75,-5,5
44440,199,200,-1,1
44441,43,55,-12,12
44442,85,94,-9,9
44443,51,58,-7,7
44444,135,127,8,8
44445,57,77,-20,20
44446,191,195,-4,4
44447,94,105,-11,11
44448,109,113,-4,4
44449,76,78,-2,2
44450,175,173,2,2
44451,126,132,-6,6
44452,143,131,12,12
44453,101,101,0,0
44454,50,79,-29,29
44455,84,88,-4,4
44456,94,92,2,2
44457,110,109,1,1
44458,170,146,24,24
44459,149,143,6,6
44460,94,101,-7,7
44461,102,103,-1,1
44462,118,129,-11,11
44463,112,117,-5,5
44464,108,109,-1,1
44465,58,67,-9,9
44466,39,112,-73,73
44467,112,111,1,1
44468,107,118,-11,11
44469,61,63,-2,2
44470,99,98,1,1
44471,62,73,-11,11
44472,119,112,7,7
44473,105,101,4,4
44474,93,83,10,10
44475,109,109,0,0
44476,132,126,6,6
44477,83,115,-32,32
44478,46,53,-7,7
44479,170,162,8,8
44480,217,196,21,21
44481,119,118,1,1
44482,140,154,-14,14
44483,106,102,4,4
44484,100,102,-2,2
44485,61,64,-3,3
44486,111,129,-18,18
44487,117,101,16,16
44488,68,77,-9,9
44489,94,98,-4,4
44490,74,74,0,0
44491,109,117,-8,8
44492,98,113,-15,15
44493,103,96,7,7
44494,78,90,-12,12
44495,80,79,1,1
44496,83,84,-1,1
44497,76,83,-7,7
44498,110,108,2,2
44499,152,146,6,6
44500,81,74,7,7
44501,133,129,4,4
44502,66,66,0,0
44503,102,99,3,3
44504,102,105,-3,3
44505,53,61,-8,8
44506,139,140,-1,1
44507,133,126,7,7
44508,57,64,-7,7
44509,61,63,-2,2
44510,116,105,11,11
44511,97,94,3,3
44512,187,176,11,11
44513,62,66,-4,4
44514,102,102,0,0
44515,62,74,-12,12
44516,48,49,-1,1
44517,108,113,-5,5
44518,68,69,-1,1
44519,112,112,0,0
44520,154,146,8,8
44521,76,77,-1,1
44522,110,115,-5,5
44523,89,93,-4,4
44524,128,125,3,3
44525,61,71,-10,10
44526,60,71,-11,11
44527,143,147,-4,4
44528,107,115,-8,8
44529,76,71,5,5
44530,79,79,0,0
44531,65,65,0,0
44532,104,110,-6,6
44533,145,142,3,3
44534,86,77,9,9
44535,83,83,0,0
44536,88,102,-14,14
44537,178,169,9,9
44538,116,124,-8,8
44539,105,122,-17,17
44540,72,77,-5,5
44541,77,77,0,0
44542,56,67,-11,11
44543,109,99,10,10
44544,45,52,-7,7
44545,106,101,5,5
44546,42,49,-7,7
44547,118,119,-1,1
44548,102,99,3,3
44549,47,73,-26,26
44550,70,74,-4,4
44551,103,105,-2,2
44552,123,128,-5,5
44553,170,151,19,19
44554,124,132,-8,8
44555,98,101,-3,3
44556,57,71,-14,14
44557,122,128,-6,6
44558,59,63,-4,4
44559,107,103,4,4
44560,73,71,2,2
44561,65,68,-3,3
44562,53,55,-2,2
44563,152,147,5,5
44564,81,78,3,3
44565,87,83,4,4
44566,77,73,4,4
44567,129,133,-4,4
44568,165,159,6,6
44569,111,113,-2,2
44570,108,114,-6,6
44571,67,72,-5,5
44572,78,77,1,1
44573,105,100,5,5
44574,72,70,2,2
44575,75,85,-10,10
44576,85,80,5,5
44577,57,62,-5,5
44578,115,124,-9,9
44579,74,72,2,2
44580,170,174,-4,4
44581,90,97,-7,7
44582,85,92,-7,7
44583,65,71,-6,6
44584,45,52,-7,7
44585,160,139,21,21
44586,160,157,3,3
44587,99,104,-5,5
44588,62,72,-10,10
44589,121,126,-5,5
44590,129,122,7,7
44591,98,105,-7,7
44592,104,100,4,4
44593,69,72,-3,3
44594,75,72,3,3
44595,95,95,0,0
44596,118,118,0,0
44597,94,138,-44,44
44598,100,105,-5,5
44599,129,118,11,11
44600,118,119,-1,1
44601,57,162,-105,105
44602,68,70,-2,2
44603,123,122,1,1
44604,93,84,9,9
44605,53,67,-14,14
44606,92,93,-1,1
44607,78,80,-2,2
44608,175,151,24,24
44609,115,127,-12,12
44610,70,77,-7,7
44611,161,144,17,17
44612,61,66,-5,5
44613,64,66,-2,2
44614,86,93,-7,7
44615,84,84,0,0
44616,152,141,11,11
44617,116,113,3,3
44618,53,61,-8,8
44619,57,65,-8,8
44620,68,77,-9,9
44621,178,171,7,7
44622,93,87,6,6
44623,120,114,6,6
44624,136,137,-1,1
44625,39,51,-12,12
44626,102,100,2,2
44627,167,175,-8,8
44628,65,66,-1,1
44629,50,65,-15,15
44630,80,75,5,5
44631,126,124,2,2
44632,67,70,-3,3
44633,59,70,-11,11
44634,116,114,2,2
44635,95,98,-3,3
44636,57,61,-4,4
44637,75,84,-9,9
44638,99,101,-2,2
44639,94,95,-1,1
44640,65,65,0,0
44641,90,89,1,1
44642,126,114,12,12
44643,86,100,-14,14
44644,103,103,0,0
44645,92,103,-11,11
44646,120,118,2,2
44647,86,83,3,3
44648,19,29,-10,10
44649,138,129,9,9
44650,86,85,1,1
44651,126,121,5,5
44652,103,105,-2,2
44653,89,87,2,2
44654,71,74,-3,3
44655,63,65,-2,2
44656,76,77,-1,1
44657,154,146,8,8
44658,64,68,-4,4
44659,73,74,-1,1
44660,61,67,-6,6
44661,57,68,-11,11
44662,142,146,-4,4
44663,193,185,8,8
44664,58,77,-19,19
44665,89,98,-9,9
44666,88,91,-3,3
44667,121,114,7,7
44668,110,110,0,0
44669,116,112,4,4
44670,100,95,5,5
44671,62,64,-2,2
44672,100,108,-8,8
44673,146,127,19,19
44674,33,34,-1,1
44675,105,110,-5,5
44676,93,92,1,1
44677,48,61,-13,13
44678,74,75,-1,1
44679,55,62,-7,7
44680,77,75,2,2
44681,83,77,6,6
44682,162,151,11,11
44683,59,63,-4,4
44684,196,191,5,5
44685,95,89,6,6
44686,64,65,-1,1
44687,107,114,-7,7
44688,163,153,10,10
44689,78,76,2,2
44690,66,75,-9,9
44691,62,74,-12,12
44692,109,101,8,8
44693,77,79,-2,2
44694,125,115,10,10
44695,103,99,4,4
44696,81,82,-1,1
44697,50,58,-8,8
44698,116,128,-12,12
44699,70,83,-13,13
44700,68,65,3,3
44701,96,93,3,3
44702,155,134,21,21
44703,128,134,-6,6
44704,75,76,-1,1
44705,116,118,-2,2
44706,88,89,-1,1
44707,100,91,9,9
44708,73,76,-3,3
44709,140,145,-5,5
44710,106,108,-2,2
44711,87,90,-3,3
44712,78,89,-11,11
44713,92,88,4,4
44714,109,103,6,6
44715,69,75,-6,6
44716,174,167,7,7
44717,60,65,-5,5
44718,61,63,-2,2
44719,59,66,-7,7
44720,124,121,3,3
44721,85,84,1,1
44722,136,112,24,24
44723,118,122,-4,4
44724,81,83,-2,2
44725,80,80,0,0
44726,69,68,1,1
44727,60,68,-8,8
44728,63,70,-7,7
44729,46,48,-2,2
44730,61,64,-3,3
44731,65,76,-11,11
44732,104,113,-9,9
44733,144,136,8,8
44734,73,94,-21,21
44735,77,79,-2,2
44736,96,94,2,2
44737,71,80,-9,9
44738,74,77,-3,3
44739,60,65,-5,5
44740,80,81,-1,1
44741,74,79,-5,5
44742,168,153,15,15
44743,145,136,9,9
44744,86,94,-8,8
44745,137,134,3,3
44746,121,116,5,5
44747,91,82,9,9
44748,68,73,-5,5
44749,78,73,5,5
44750,84,88,-4,4
44751,150,141,9,9
44752,103,93,10,10
44753,79,80,-1,1
44754,63,72,-9,9
44755,70,71,-1,1
44756,229,222,7,7
44757,130,139,-9,9
44758,81,88,-7,7
44759,112,103,9,9
44760,134,119,15,15
44761,82,86,-4,4
44762,152,210,-58,58
44763,90,99,-9,9
44764,105,111,-6,6
44765,138,137,1,1
44766,95,97,-2,2
44767,86,83,3,3
44768,91,81,10,10
44769,58,78,-20,20
44770,130,118,12,12
44771,154,141,13,13
44772,69,74,-5,5
44773,158,132,26,26
44774,136,131,5,5
44775,56,65,-9,9
44776,86,83,3,3
44777,49,57,-8,8
44778,138,133,5,5
44779,100,101,-1,1
44780,146,142,4,4
44781,56,60,-4,4
44782,79,80,-1,1
44783,53,55,-2,2
44784,59,61,-2,2
44785,64,64,0,0
44786,108,102,6,6
44787,66,72,-6,6
44788,117,118,-1,1
44789,60,63,-3,3
44790,51,55,-4,4
44791,104,99,5,5
44792,92,114,-22,22
44793,87,82,5,5
44794,84,109,-25,25
44795,155,150,5,5
44796,100,101,-1,1
44797,43,49,-6,6
44798,72,66,6,6
44799,124,131,-7,7
44800,116,133,-17,17
44801,159,141,18,18
44802,91,113,-22,22
44803,71,66,5,5
44804,158,150,8,8
44805,71,75,-4,4
44806,102,101,1,1
44807,117,114,3,3
44808,94,95,-1,1
44809,79,89,-10,10
44810,51,58,-7,7
44811,63,64,-1,1
44812,55,62,-7,7
44813,152,130,22,22
44814,78,67,11,11
44815,54,60,-6,6
44816,80,76,4,4
44817,59,64,-5,5
44818,84,83,1,1
44819,110,104,6,6
44820,124,113,11,11
44821,92,80,12,12
44822,126,126,0,0
44823,130,120,10,10
44824,89,92,-3,3
44825,109,107,2,2
44826,87,98,-11,11
44827,75,69,6,6
44828,225,219,6,6
44829,182,179,3,3
44830,82,83,-1,1
44831,54,66,-12,12
44832,187,176,11,11
44833,128,133,-5,5
44834,87,77,10,10
44835,92,80,12,12
44836,58,70,-12,12
44837,63,64,-1,1
44838,100,96,4,4
44839,102,112,-10,10
44840,46,57,-11,11
44841,89,100,-11,11
44842,61,61,0,0
44843,134,134,0,0
44844,69,72,-3,3
44845,118,113,5,5
44846,153,146,7,7
44847,115,112,3,3
44848,88,83,5,5
44849,91,93,-2,2
44850,51,42,9,9
44851,68,79,-11,11
44852,155,145,10,10
44853,52,59,-7,7
44854,71,75,-4,4
44855,100,99,1,1
44856,81,77,4,4
44857,168,162,6,6
44858,80,77,3,3
44859,83,78,5,5
44860,90,98,-8,8
44861,99,98,1,1
44862,45,52,-7,7
44863,110,110,0,0
44864,118,104,14,14
44865,98,93,5,5
44866,162,152,10,10
44867,54,56,-2,2
44868,80,84,-4,4
44869,91,84,7,7
44870,81,74,7,7
44871,89,89,0,0
44872,58,62,-4,4
44873,194,201,-7,7
44874,78,80,-2,2
44875,63,65,-2,2
44876,61,61,0,0
44877,98,95,3,3
44878,95,94,1,1
44879,97,92,5,5
44880,96,110,-14,14
44881,89,81,8,8
44882,154,144,10,10
44883,51,56,-5,5
44884,117,102,15,15
44885,42,56,-14,14
44886,92,87,5,5
44887,91,96,-5,5
44888,162,169,-7,7
44889,75,79,-4,4
44890,104,108,-4,4
44891,117,116,1,1
44892,74,83,-9,9
44893,52,58,-6,6
44894,77,75,2,2
44895,83,76,7,7
44896,71,75,-4,4
44897,57,60,-3,3
44898,62,65,-3,3
44899,114,111,3,3
44900,58,69,-11,11
44901,120,123,-3,3
44902,74,76,-2,2
44903,95,83,12,12
44904,63,73,-10,10
44905,84,97,-13,13
44906,57,69,-12,12
44907,70,76,-6,6
44908,71,80,-9,9
44909,71,65,6,6
44910,140,121,19,19
44911,116,123,-7,7
44912,62,69,-7,7
44913,96,104,-8,8
44914,73,76,-3,3
44915,79,76,3,3
44916,97,84,13,13
44917,80,73,7,7
44918,76,76,0,0
44919,67,69,-2,2
44920,176,167,9,9
44921,71,84,-13,13
44922,89,87,2,2
44923,75,75,0,0
44924,142,132,10,10
44925,96,99,-3,3
44926,70,74,-4,4
44927,134,127,7,7
44928,123,120,3,3
44929,71,80,-9,9
44930,45,59,-14,14
44931,102,101,1,1
44932,130,129,1,1
44933,134,133,1,1
44934,71,79,-8,8
44935,111,127,-16,16
44936,134,122,12,12
44937,131,112,19,19
44938,136,162,-26,26
44939,116,111,5,5
44940,156,147,9,9
44941,139,123,16,16
44942,102,102,0,0
44943,69,77,-8,8
44944,81,77,4,4
44945,109,115,-6,6
44946,94,89,5,5
44947,77,72,5,5
44948,173,179,-6,6
44949,70,76,-6,6
44950,77,82,-5,5
44951,95,94,1,1
44952,96,96,0,0
44953,90,95,-5,5
44954,47,70,-23,23
44955,116,121,-5,5
44956,84,76,8,8
44957,62,72,-10,10
44958,128,140,-12,12
44959,83,81,2,2
44960,90,98,-8,8
44961,86,86,0,0
44962,113,113,0,0
44963,153,136,17,17
44964,90,87,3,3
44965,96,99,-3,3
44966,76,85,-9,9
44967,73,75,-2,2
44968,98,99,-1,1
44969,23,48,-25,25
44970,57,67,-10,10
44971,65,80,-15,15
44972,107,108,-1,1
44973,140,135,5,5
44974,112,102,10,10
44975,149,162,-13,13
44976,100,81,19,19
44977,100,99,1,1
44978,64,63,1,1
44979,89,84,5,5
44980,154,146,8,8
44981,53,61,-8,8
44982,45,50,-5,5
44983,61,66,-5,5
44984,108,108,0,0
44985,88,79,9,9
44986,109,112,-3,3
44987,143,123,20,20
44988,91,100,-9,9
44989,102,102,0,0
44990,61,75,-14,14
44991,85,88,-3,3
44992,121,105,16,16
44993,65,68,-3,3
44994,56,60,-4,4
44995,103,101,2,2
44996,111,100,11,11
44997,102,98,4,4
44998,99,89,10,10
44999,97,119,-22,22
45000,79,76,3,3
45001,139,131,8,8
45002,107,96,11,11
45003,166,169,-3,3
45004,51,57,-6,6
45005,75,69,6,6
45006,113,112,1,1
45007,69,75,-6,6
45008,129,127,2,2
45009,197,194,3,3
45010,104,107,-3,3
45011,99,106,-7,7
45012,86,77,9,9
45013,95,86,9,9
45014,138,129,9,9
45015,78,76,2,2
45016,47,86,-39,39
45017,56,61,-5,5
45018,62,70,-8,8
45019,64,71,-7,7
45020,105,89,16,16
45021,104,102,2,2
45022,140,131,9,9
45023,84,93,-9,9
45024,126,133,-7,7
45025,82,82,0,0
45026,75,75,0,0
45027,92,99,-7,7
45028,77,79,-2,2
45029,100,100,0,0
45030,140,142,-2,2
45031,67,61,6,6
45032,117,122,-5,5
45033,54,63,-9,9
45034,81,82,-1,1
45035,130,130,0,0
45036,100,96,4,4
45037,86,80,6,6
45038,57,67,-10,10
45039,115,109,6,6
45040,147,145,2,2
45041,86,84,2,2
45042,39,52,-13,13
45043,79,79,0,0
45044,89,97,-8,8
45045,70,68,2,2
45046,73,79,-6,6
45047,113,107,6,6
45048,99,106,-7,7
45049,78,77,1,1
45050,132,131,1,1
45051,79,87,-8,8
45052,143,140,3,3
45053,57,63,-6,6
45054,49,55,-6,6
45055,85,86,-1,1
45056,49,79,-30,30
45057,96,88,8,8
45058,87,90,-3,3
45059,151,120,31,31
45060,147,147,0,0
45061,94,96,-2,2
45062,91,87,4,4
45063,56,59,-3,3
45064,123,133,-10,10
45065,188,174,14,14
45066,55,51,4,4
45067,117,109,8,8
45068,106,102,4,4
45069,109,120,-11,11
45070,61,60,1,1
45071,46,60,-14,14
45072,62,64,-2,2
45073,102,101,1,1
45074,62,63,-1,1
45075,85,85,0,0
45076,89,86,3,3
45077,96,96,0,0
45078,132,130,2,2
45079,94,95,-1,1
45080,118,109,9,9
45081,73,74,-1,1
45082,69,72,-3,3
45083,57,67,-10,10
45084,86,85,1,1
45085,130,114,16,16
45086,144,134,10,10
45087,67,68,-1,1
45088,64,91,-27,27
45089,85,80,5,5
45090,104,110,-6,6
45091,109,108,1,1
45092,110,108,2,2
45093,129,116,13,13
45094,97,94,3,3
45095,85,83,2,2
45096,104,102,2,2
45097,77,83,-6,6
45098,81,85,-4,4
45099,97,93,4,4
45100,130,142,-12,12
45101,67,70,-3,3
45102,55,61,-6,6
45103,92,84,8,8
45104,83,86,-3,3
45105,135,145,-10,10
45106,69,68,1,1
45107,109,112,-3,3
45108,98,88,10,10
45109,95,91,4,4
45110,121,125,-4,4
45111,80,72,8,8
45112,79,83,-4,4
45113,123,127,-4,4
45114,117,112,5,5
45115,59,66,-7,7
45116,89,89,0,0
45117,82,82,0,0
45118,117,106,11,11
45119,69,74,-5,5
45120,123,109,14,14
45121,57,70,-13,13
45122,87,79,8,8
45123,105,108,-3,3
45124,108,106,2,2
45125,76,73,3,3
45126,74,105,-31,31
45127,84,74,10,10
45128,96,99,-3,3
45129,78,80,-2,2
45130,76,84,-8,8
45131,88,93,-5,5
45132,89,92,-3,3
45133,90,98,-8,8
45134,60,61,-1,1
45135,53,61,-8,8
45136,67,72,-5,5
45137,89,90,-1,1
45138,149,129,20,20
45139,95,98,-3,3
45140,109,116,-7,7
45141,169,175,-6,6
45142,78,74,4,4
45143,122,119,3,3
45144,48,68,-20,20
45145,108,118,-10,10
45146,90,92,-2,2
45147,147,130,17,17
45148,69,72,-3,3
45149,112,105,7,7
45150,158,152,6,6
45151,123,135,-12,12
45152,42,50,-8,8
45153,135,127,8,8
45154,148,137,11,11
45155,109,109,0,0
45156,73,69,4,4
45157,88,85,3,3
45158,90,82,8,8
45159,55,62,-7,7
45160,83,87,-4,4
45161,54,55,-1,1
45162,85,92,-7,7
45163,75,72,3,3
45164,121,121,0,0
45165,65,65,0,0
45166,77,73,4,4
45167,102,99,3,3
45168,104,114,-10,10
45169,67,65,2,2
45170,134,122,12,12
45171,107,99,8,8
45172,87,91,-4,4
45173,168,163,5,5
45174,145,143,2,2
45175,127,129,-2,2
45176,168,154,14,14
45177,113,109,4,4
45178,64,73,-9,9
45179,64,67,-3,3
45180,83,84,-1,1
45181,83,82,1,1
45182,125,114,11,11
45183,61,62,-1,1
45184,40,46,-6,6
45185,57,59,-2,2
45186,153,143,10,10
45187,101,105,-4,4
45188,83,84,-1,1
45189,89,102,-13,13
45190,111,113,-2,2
45191,77,76,1,1
45192,127,118,9,9
45193,128,121,7,7
45194,146,134,12,12
45195,49,61,-12,12
45196,49,64,-15,15
45197,57,69,-12,12
45198,89,84,5,5
45199,88,105,-17,17
45200,153,163,-10,10
45201,71,75,-4,4
45202,135,137,-2,2
45203,109,101,8,8
45204,73,73,0,0
45205,185,165,20,20
45206,69,71,-2,2
45207,109,113,-4,4
45208,74,79,-5,5
45209,181,169,12,12
45210,96,99,-3,3
45211,93,110,-17,17
45212,60,64,-4,4
45213,104,106,-2,2
45214,67,59,8,8
45215,89,94,-5,5
45216,128,114,14,14
45217,100,99,1,1
45218,96,94,2,2
45219,90,82,8,8
45220,68,68,0,0
45221,126,115,11,11
45222,54,64,-10,10
45223,106,109,-3,3
45224,63,68,-5,5
45225,113,98,15,15
45226,45,59,-14,14
45227,98,92,6,6
45228,156,144,12,12
45229,52,62,-10,10
45230,134,120,14,14
45231,74,75,-1,1
45232,102,102,0,0
45233,100,101,-1,1
45234,62,69,-7,7
45235,82,76,6,6
45236,105,94,11,11
45237,69,72,-3,3
45238,124,138,-14,14
45239,118,118,0,0
45240,82,84,-2,2
45241,63,71,-8,8
45242,70,70,0,0
45243,68,72,-4,4
45244,121,113,8,8
45245,73,69,4,4
45246,51,59,-8,8
45247,81,79,2,2
45248,146,134,12,12
45249,88,88,0,0
45250,101,99,2,2
45251,126,132,-6,6
45252,119,118,1,1
45253,113,119,-6,6
45254,172,150,22,22
45255,81,77,4,4
45256,90,87,3,3
45257,110,112,-2,2
45258,134,138,-4,4
45259,37,54,-17,17
45260,62,67,-5,5
45261,65,67,-2,2
45262,52,57,-5,5
45263,76,80,-4,4
45264,116,113,3,3
45265,98,123,-25,25
45266,61,66,-5,5
45267,84,90,-6,6
45268,153,142,11,11
45269,72,69,3,3
45270,77,76,1,1
45271,86,89,-3,3
45272,99,107,-8,8
45273,124,119,5,5
45274,66,78,-12,12
45275,76,76,0,0
45276,67,58,9,9
45277,133,121,12,12
45278,91,93,-2,2
45279,71,80,-9,9
45280,207,202,5,5
45281,65,70,-5,5
45282,97,101,-4,4
45283,131,133,-2,2
45284,120,111,9,9
45285,59,64,-5,5
45286,124,120,4,4
45287,74,75,-1,1
45288,101,100,1,1
45289,85,85,0,0
45290,85,85,0,0
45291,137,128,9,9
45292,76,73,3,3
45293,136,141,-5,5
45294,139,133,6,6
45295,49,59,-10,10
45296,136,129,7,7
45297,75,71,4,4
45298,109,108,1,1
45299,53,60,-7,7
45300,110,111,-1,1
45301,59,67,-8,8
45302,119,119,0,0
45303,86,84,2,2
45304,139,129,10,10
45305,132,131,1,1
45306,191,184,7,7
45307,87,80,7,7
45308,90,90,0,0
45309,122,122,0,0
45310,73,68,5,5
45311,122,110,12,12
45312,93,98,-5,5
45313,46,59,-13,13
45314,84,93,-9,9
45315,103,96,7,7
45316,39,35,4,4
45317,96,101,-5,5
45318,72,73,-1,1
45319,146,133,13,13
45320,80,92,-12,12
45321,68,75,-7,7
45322,49,57,-8,8
45323,110,106,4,4
45324,117,117,0,0
45325,121,113,8,8
45326,55,71,-16,16
45327,149,157,-8,8
45328,78,77,1,1
45329,60,69,-9,9
45330,161,158,3,3
45331,95,103,-8,8
45332,75,65,10,10
45333,92,100,-8,8
45334,112,123,-11,11
45335,67,73,-6,6
45336,91,89,2,2
45337,109,105,4,4
45338,177,166,11,11
45339,105,111,-6,6
45340,82,77,5,5
45341,89,77,12,12
45342,109,104,5,5
45343,67,79,-12,12
45344,117,119,-2,2
45345,96,100,-4,4
45346,49,62,-13,13
45347,110,105,5,5
45348,57,58,-1,1
45349,118,97,21,21
45350,120,114,6,6
45351,77,80,-3,3
45352,107,97,10,10
45353,60,72,-12,12
45354,70,65,5,5
45355,115,116,-1,1
45356,70,74,-4,4
45357,70,63,7,7
45358,96,111,-15,15
45359,72,82,-10,10
45360,72,70,2,2
45361,67,73,-6,6
45362,170,154,16,16
45363,57,61,-4,4
45364,67,69,-2,2
45365,85,88,-3,3
45366,95,111,-16,16
45367,119,144,-25,25
45368,84,79,5,5
45369,65,85,-20,20
45370,225,222,3,3
45371,97,100,-3,3
45372,81,83,-2,2
45373,104,103,1,1
45374,23,29,-6,6
45375,75,76,-1,1
45376,115,112,3,3
45377,111,103,8,8
45378,60,61,-1,1
45379,72,75,-3,3
45380,100,101,-1,1
45381,85,82,3,3
45382,60,66,-6,6
45383,55,66,-11,11
45384,120,124,-4,4
45385,121,126,-5,5
45386,79,75,4,4
45387,89,88,1,1
45388,127,116,11,11
45389,86,86,0,0
45390,58,59,-1,1
45391,99,91,8,8
45392,126,129,-3,3
45393,53,58,-5,5
45394,55,63,-8,8
45395,107,110,-3,3
45396,67,66,1,1
45397,83,95,-12,12
45398,81,86,-5,5
45399,92,86,6,6
45400,109,102,7,7
45401,148,151,-3,3
45402,115,121,-6,6
45403,124,117,7,7
45404,103,106,-3,3
45405,122,124,-2,2
45406,104,107,-3,3
45407,58,46,12,12
45408,68,71,-3,3
45409,83,93,-10,10
45410,51,67,-16,16
45411,84,82,2,2
45412,129,133,-4,4
45413,64,70,-6,6
45414,150,137,13,13
45415,48,56,-8,8
45416,67,64,3,3
45417,72,74,-2,2
45418,101,97,4,4
45419,68,67,1,1
45420,135,127,8,8
45421,98,100,-2,2
45422,73,74,-1,1
45423,93,103,-10,10
45424,161,160,1,1
45425,58,64,-6,6
45426,125,125,0,0
45427,91,94,-3,3
45428,82,79,3,3
45429,82,90,-8,8
45430,89,108,-19,19
45431,45,46,-1,1
45432,56,90,-34,34
45433,152,180,-28,28
45434,110,100,10,10
45435,81,77,4,4
45436,43,48,-5,5
45437,154,162,-8,8
45438,82,75,7,7
45439,104,112,-8,8
45440,78,85,-7,7
45441,130,119,11,11
45442,66,77,-11,11
45443,86,91,-5,5
45444,98,104,-6,6
45445,106,106,0,0
45446,78,83,-5,5
45447,89,80,9,9
45448,84,86,-2,2
45449,111,102,9,9
45450,73,76,-3,3
45451,115,143,-28,28
45452,174,173,1,1
45453,87,76,11,11
45454,102,100,2,2
45455,77,71,6,6
45456,37,34,3,3
45457,131,127,4,4
45458,104,104,0,0
45459,109,144,-35,35
45460,89,84,5,5
45461,108,104,4,4
45462,158,149,9,9
45463,69,70,-1,1
45464,89,79,10,10
45465,42,44,-2,2
45466,97,81,16,16
45467,70,76,-6,6
45468,116,113,3,3
45469,138,150,-12,12
45470,110,111,-1,1
45471,105,99,6,6
45472,51,63,-12,12
45473,94,103,-9,9
45474,75,75,0,0
45475,129,134,-5,5
45476,88,80,8,8
45477,100,92,8,8
45478,79,78,1,1
45479,176,173,3,3
45480,86,81,5,5
45481,88,100,-12,12
45482,105,115,-10,10
45483,140,134,6,6
45484,72,72,0,0
45485,111,92,19,19
45486,105,98,7,7
45487,191,179,12,12
45488,120,116,4,4
45489,99,105,-6,6
45490,45,57,-12,12
45491,94,92,2,2
45492,80,90,-10,10
45493,85,85,0,0
45494,74,69,5,5
45495,78,81,-3,3
45496,131,120,11,11
45497,95,99,-4,4
45498,59,65,-6,6
45499,72,68,4,4
45500,108,113,-5,5
45501,71,76,-5,5
45502,74,72,2,2
45503,134,141,-7,7
45504,101,105,-4,4
45505,68,69,-1,1
45506,127,129,-2,2
45507,195,170,25,25
45508,73,74,-1,1
45509,77,77,0,0
45510,79,74,5,5
45511,59,58,1,1
45512,115,103,12,12
45513,79,80,-1,1
45514,91,92,-1,1
45515,82,79,3,3
45516,72,73,-1,1
45517,63,73,-10,10
45518,89,91,-2,2
45519,69,74,-5,5
45520,62,96,-34,34
45521,45,59,-14,14
45522,87,92,-5,5
45523,75,82,-7,7
45524,105,105,0,0
45525,93,102,-9,9
45526,104,103,1,1
45527,86,91,-5,5
45528,159,157,2,2
45529,93,83,10,10
45530,112,112,0,0
45531,120,117,3,3
45532,62,61,1,1
45533,108,103,5,5
45534,124,125,-1,1
45535,167,153,14,14
45536,163,164,-1,1
45537,113,109,4,4
45538,98,90,8,8
45539,64,73,-9,9
45540,120,113,7,7
45541,52,54,-2,2
45542,42,52,-10,10
45543,131,140,-9,9
45544,95,84,11,11
45545,85,85,0,0
45546,71,70,1,1
45547,116,110,6,6
45548,91,83,8,8
45549,94,91,3,3
45550,52,61,-9,9
45551,84,103,-19,19
45552,61,63,-2,2
45553,101,104,-3,3
45554,97,98,-1,1
45555,96,104,-8,8
45556,141,145,-4,4
45557,124,116,8,8
45558,72,76,-4,4
45559,79,131,-52,52
45560,155,158,-3,3
45561,112,120,-8,8
45562,63,66,-3,3
45563,73,76,-3,3
45564,67,74,-7,7
45565,61,65,-4,4
45566,114,108,6,6
45567,33,37,-4,4
45568,64,68,-4,4
45569,79,76,3,3
45570,149,158,-9,9
45571,97,94,3,3
45572,84,84,0,0
45573,134,139,-5,5
45574,85,95,-10,10
45575,123,113,10,10
45576,97,93,4,4
45577,69,68,1,1
45578,116,107,9,9
45579,92,83,9,9
45580,125,127,-2,2
45581,103,95,8,8
45582,99,85,14,14
45583,154,162,-8,8
45584,102,100,2,2
45585,53,61,-8,8
45586,104,108,-4,4
45587,218,191,27,27
45588,57,61,-4,4
45589,154,161,-7,7
45590,141,146,-5,5
45591,113,121,-8,8
45592,69,73,-4,4
45593,87,103,-16,16
45594,126,124,2,2
45595,99,102,-3,3
45596,85,92,-7,7
45597,78,86,-8,8
45598,85,74,11,11
45599,77,73,4,4
45600,97,91,6,6
45601,67,76,-9,9
45602,114,109,5,5
45603,130,134,-4,4
45604,127,119,8,8
45605,66,67,-1,1
45606,74,79,-5,5
45607,117,113,4,4
45608,57,61,-4,4
45609,169,161,8,8
45610,79,83,-4,4
45611,122,138,-16,16
45612,117,117,0,0
45613,82,83,-1,1
45614,119,113,6,6
45615,105,101,4,4
45616,121,112,9,9
45617,107,107,0,0
45618,63,67,-4,4
45619,76,80,-4,4
45620,141,119,22,22
45621,76,77,-1,1
45622,189,152,37,37
45623,78,77,1,1
45624,105,118,-13,13
45625,69,72,-3,3
45626,95,107,-12,12
45627,55,64,-9,9
45628,85,75,10,10
45629,62,69,-7,7
45630,72,72,0,0
45631,91,88,3,3
45632,78,92,-14,14
45633,69,68,1,1
45634,58,60,-2,2
45635,104,99,5,5
45636,90,96,-6,6
45637,45,55,-10,10
45638,109,97,12,12
45639,174,181,-7,7
45640,102,113,-11,11
45641,72,77,-5,5
45642,93,93,0,0
45643,88,115,-27,27
45644,147,132,15,15
45645,116,113,3,3
45646,71,95,-24,24
45647,59,66,-7,7
45648,110,112,-2,2
45649,112,107,5,5
45650,67,58,9,9
45651,63,69,-6,6
45652,99,85,14,14
45653,71,71,0,0
45654,61,70,-9,9
45655,145,184,-39,39
45656,59,65,-6,6
45657,91,98,-7,7
45658,97,99,-2,2
45659,67,70,-3,3
45660,75,71,4,4
45661,107,94,13,13
45662,47,63,-16,16
45663,111,114,-3,3
45664,122,115,7,7
45665,145,137,8,8
45666,133,116,17,17
45667,90,88,2,2
45668,153,147,6,6
45669,83,76,7,7
45670,44,59,-15,15
45671,64,68,-4,4
45672,74,79,-5,5
45673,98,100,-2,2
45674,117,77,40,40
45675,83,85,-2,2
45676,52,62,-10,10
45677,74,75,-1,1
45678,128,125,3,3
45679,75,74,1,1
45680,71,72,-1,1
45681,72,73,-1,1
45682,80,80,0,0
45683,98,93,5,5
45684,138,138,0,0
45685,161,155,6,6
45686,152,153,-1,1
45687,117,112,5,5
45688,96,106,-10,10
45689,76,78,-2,2
45690,150,152,-2,2
45691,71,76,-5,5
45692,127,131,-4,4
45693,93,96,-3,3
45694,116,116,0,0
45695,128,121,7,7
45696,47,54,-7,7
45697,53,61,-8,8
45698,173,167,6,6
45699,84,101,-17,17
45700,74,72,2,2
45701,40,50,-10,10
45702,125,107,18,18
45703,100,110,-10,10
45704,62,68,-6,6
45705,120,110,10,10
45706,163,142,21,21
45707,111,111,0,0
45708,62,74,-12,12
45709,104,113,-9,9
45710,96,88,8,8
45711,71,68,3,3
45712,94,103,-9,9
45713,109,109,0,0
45714,46,54,-8,8
45715,94,95,-1,1
45716,52,56,-4,4
45717,88,84,4,4
45718,68,74,-6,6
45719,193,207,-14,14
45720,137,126,11,11
45721,109,109,0,0
45722,97,108,-11,11
45723,114,108,6,6
45724,90,90,0,0
45725,57,68,-11,11
45726,119,113,6,6
45727,157,149,8,8
45728,86,80,6,6
45729,108,108,0,0
45730,82,83,-1,1
45731,111,105,6,6
45732,110,110,0,0
45733,108,96,12,12
45734,92,83,9,9
45735,38,34,4,4
45736,92,95,-3,3
45737,92,89,3,3
45738,68,65,3,3
45739,74,82,-8,8
45740,83,86,-3,3
45741,106,96,10,10
45742,86,84,2,2
45743,78,73,5,5
45744,155,162,-7,7
45745,116,117,-1,1
45746,129,103,26,26
45747,99,97,2,2
45748,114,107,7,7
45749,103,96,7,7
45750,82,73,9,9
45751,50,56,-6,6
45752,86,84,2,2
45753,82,79,3,3
45754,82,96,-14,14
45755,50,58,-8,8
45756,88,74,14,14
45757,86,83,3,3
45758,103,98,5,5
45759,60,62,-2,2
45760,68,70,-2,2
45761,86,75,11,11
45762,85,82,3,3
45763,80,76,4,4
45764,58,69,-11,11
45765,63,80,-17,17
45766,117,120,-3,3
45767,97,108,-11,11
45768,59,64,-5,5
45769,66,72,-6,6
45770,121,115,6,6
45771,77,73,4,4
45772,47,54,-7,7
45773,61,70,-9,9
45774,128,124,4,4
45775,225,216,9,9
45776,145,131,14,14
45777,125,136,-11,11
45778,40,49,-9,9
45779,94,84,10,10
45780,103,100,3,3
45781,137,129,8,8
45782,151,145,6,6
45783,98,101,-3,3
45784,115,111,4,4
45785,77,73,4,4
45786,75,98,-23,23
45787,75,81,-6,6
45788,117,113,4,4
45789,133,130,3,3
45790,89,101,-12,12
45791,92,93,-1,1
45792,66,67,-1,1
45793,26,29,-3,3
45794,135,126,9,9
45795,82,91,-9,9
45796,44,57,-13,13
45797,79,56,23,23
45798,135,141,-6,6
45799,122,130,-8,8
45800,177,177,0,0
45801,93,90,3,3
45802,54,57,-3,3
45803,104,116,-12,12
45804,69,67,2,2
45805,64,72,-8,8
45806,113,124,-11,11
45807,69,70,-1,1
45808,127,132,-5,5
45809,115,114,1,1
45810,75,77,-2,2
45811,81,77,4,4
45812,35,39,-4,4
45813,120,121,-1,1
45814,86,84,2,2
45815,111,101,10,10
45816,149,134,15,15
45817,86,82,4,4
45818,122,116,6,6
45819,80,88,-8,8
45820,91,85,6,6
45821,106,104,2,2
45822,30,42,-12,12
45823,84,83,1,1
45824,159,127,32,32
45825,76,84,-8,8
45826,73,75,-2,2
45827,78,80,-2,2
45828,271,253,18,18
45829,138,142,-4,4
45830,72,77,-5,5
45831,77,73,4,4
45832,94,95,-1,1
45833,101,101,0,0
45834,72,74,-2,2
45835,101,108,-7,7
45836,120,118,2,2
45837,159,159,0,0
45838,78,78,0,0
45839,78,83,-5,5
45840,106,104,2,2
45841,87,97,-10,10
45842,62,66,-4,4
45843,106,113,-7,7
45844,127,136,-9,9
45845,101,104,-3,3
45846,56,63,-7,7
45847,41,59,-18,18
45848,83,85,-2,2
45849,128,128,0,0
45850,86,79,7,7
45851,82,86,-4,4
45852,104,102,2,2
45853,116,135,-19,19
45854,115,108,7,7
45855,81,77,4,4
45856,82,93,-11,11
45857,88,80,8,8
45858,115,114,1,1
45859,170,170,0,0
45860,110,109,1,1
45861,228,202,26,26
45862,161,145,16,16
45863,72,75,-3,3
45864,171,154,17,17
45865,117,109,8,8
45866,116,115,1,1
45867,60,57,3,3
45868,113,116,-3,3
45869,121,116,5,5
45870,41,61,-20,20
45871,98,93,5,5
45872,83,82,1,1
45873,56,62,-6,6
45874,107,100,7,7
45875,90,83,7,7
45876,91,95,-4,4
45877,68,75,-7,7
45878,131,123,8,8
45879,95,90,5,5
45880,93,88,5,5
45881,99,99,0,0
45882,195,174,21,21
45883,124,114,10,10
45884,124,117,7,7
45885,44,69,-25,25
45886,63,66,-3,3
45887,175,162,13,13
45888,127,115,12,12
45889,113,115,-2,2
45890,118,101,17,17
45891,99,108,-9,9
45892,89,84,5,5
45893,64,70,-6,6
45894,73,75,-2,2
45895,104,102,2,2
45896,50,60,-10,10
45897,94,82,12,12
45898,115,114,1,1
45899,91,96,-5,5
45900,80,72,8,8
45901,81,85,-4,4
45902,80,84,-4,4
45903,100,94,6,6
45904,123,124,-1,1
45905,89,84,5,5
45906,71,71,0,0
45907,162,140,22,22
45908,152,132,20,20
45909,69,72,-3,3
45910,81,92,-11,11
45911,71,75,-4,4
45912,90,88,2,2
45913,104,101,3,3
45914,106,97,9,9
45915,66,69,-3,3
45916,66,66,0,0
45917,79,91,-12,12
45918,45,57,-12,12
45919,89,83,6,6
45920,105,86,19,19
45921,59,62,-3,3
45922,103,97,6,6
45923,116,120,-4,4
45924,93,88,5,5
45925,116,129,-13,13
45926,133,122,11,11
45927,86,80,6,6
45928,86,77,9,9
45929,65,66,-1,1
45930,139,130,9,9
45931,117,123,-6,6
45932,67,68,-1,1
45933,119,103,16,16
45934,81,101,-20,20
45935,127,122,5,5
45936,142,132,10,10
45937,87,85,2,2
45938,70,69,1,1
45939,79,79,0,0
45940,119,116,3,3
45941,73,71,2,2
45942,72,66,6,6
45943,87,92,-5,5
45944,108,103,5,5
45945,120,116,4,4
45946,82,77,5,5
45947,97,101,-4,4
45948,73,80,-7,7
45949,69,71,-2,2
45950,96,97,-1,1
45951,44,50,-6,6
45952,104,100,4,4
45953,68,75,-7,7
45954,108,83,25,25
45955,81,84,-3,3
45956,124,120,4,4
45957,91,83,8,8
45958,116,131,-15,15
45959,41,45,-4,4
45960,93,98,-5,5
45961,100,105,-5,5
45962,70,82,-12,12
45963,82,82,0,0
45964,124,112,12,12
45965,168,155,13,13
45966,81,78,3,3
45967,124,127,-3,3
45968,74,73,1,1
45969,191,180,11,11
45970,99,108,-9,9
45971,72,76,-4,4
45972,92,98,-6,6
45973,122,122,0,0
45974,104,99,5,5
45975,93,90,3,3
45976,50,59,-9,9
45977,79,84,-5,5
45978,86,87,-1,1
45979,147,158,-11,11
45980,129,141,-12,12
45981,135,146,-11,11
45982,124,110,14,14
45983,91,90,1,1
45984,80,90,-10,10
45985,150,157,-7,7
45986,113,110,3,3
45987,74,66,8,8
45988,165,152,13,13
45989,105,94,11,11
45990,49,59,-10,10
45991,96,104,-8,8
45992,115,115,0,0
45993,132,126,6,6
45994,111,103,8,8
45995,44,62,-18,18
45996,98,87,11,11
45997,52,55,-3,3
45998,78,81,-3,3
45999,71,75,-4,4
46000,30,29,1,1
46001,116,118,-2,2
46002,128,152,-24,24
46003,75,83,-8,8
46004,47,55,-8,8
46005,89,96,-7,7
46006,88,77,11,11
46007,102,101,1,1
46008,48,54,-6,6
46009,59,60,-1,1
46010,131,123,8,8
46011,71,73,-2,2
46012,81,85,-4,4
46013,110,111,-1,1
46014,154,151,3,3
46015,120,119,1,1
46016,155,139,16,16
46017,109,110,-1,1
46018,71,80,-9,9
46019,81,85,-4,4
46020,58,64,-6,6
46021,69,80,-11,11
46022,134,127,7,7
46023,99,96,3,3
46024,71,75,-4,4
46025,99,99,0,0
46026,76,79,-3,3
46027,98,89,9,9
46028,68,71,-3,3
46029,105,99,6,6
46030,109,102,7,7
46031,143,167,-24,24
46032,112,108,4,4
46033,82,102,-20,20
46034,59,62,-3,3
46035,170,158,12,12
46036,84,91,-7,7
46037,84,100,-16,16
46038,97,99,-2,2
46039,241,220,21,21
46040,216,197,19,19
46041,121,121,0,0
46042,72,70,2,2
46043,61,65,-4,4
46044,76,72,4,4
46045,140,141,-1,1
46046,101,99,2,2
46047,92,84,8,8
46048,65,66,-1,1
46049,62,69,-7,7
46050,62,69,-7,7
46051,172,150,22,22
46052,82,80,2,2
46053,118,117,1,1
46054,99,95,4,4
46055,121,118,3,3
46056,108,106,2,2
46057,96,80,16,16
46058,145,130,15,15
46059,111,140,-29,29
46060,46,54,-8,8
46061,74,66,8,8
46062,96,97,-1,1
46063,60,62,-2,2
46064,110,135,-25,25
46065,78,83,-5,5
46066,114,100,14,14
46067,154,169,-15,15
46068,165,154,11,11
46069,42,49,-7,7
46070,91,84,7,7
46071,100,103,-3,3
46072,110,93,17,17
46073,67,75,-8,8
46074,68,75,-7,7
46075,137,114,23,23
46076,87,88,-1,1
46077,93,84,9,9
46078,86,85,1,1
46079,200,203,-3,3
46080,119,116,3,3
46081,176,165,11,11
46082,75,75,0,0
46083,125,124,1,1
46084,74,79,-5,5
46085,102,97,5,5
46086,53,58,-5,5
46087,107,100,7,7
46088,95,94,1,1
46089,120,123,-3,3
46090,88,89,-1,1
46091,66,74,-8,8
46092,94,90,4,4
46093,137,140,-3,3
46094,67,76,-9,9
46095,83,79,4,4
46096,56,61,-5,5
46097,139,126,13,13
46098,100,93,7,7
46099,78,87,-9,9
46100,103,95,8,8
46101,59,71,-12,12
46102,47,60,-13,13
46103,65,65,0,0
46104,112,104,8,8
46105,132,116,16,16
46106,82,91,-9,9
46107,118,118,0,0
46108,109,99,10,10
46109,91,86,5,5
46110,67,71,-4,4
46111,83,85,-2,2
46112,79,77,2,2
46113,26,29,-3,3
46114,44,60,-16,16
46115,71,77,-6,6
46116,86,80,6,6
46117,77,75,2,2
46118,53,55,-2,2
46119,98,90,8,8
46120,144,127,17,17
46121,89,83,6,6
46122,67,71,-4,4
46123,147,136,11,11
46124,127,130,-3,3
46125,85,85,0,0
46126,66,66,0,0
46127,89,82,7,7
46128,89,93,-4,4
46129,75,75,0,0
46130,72,72,0,0
46131,101,101,0,0
46132,126,97,29,29
46133,62,64,-2,2
46134,83,82,1,1
46135,151,144,7,7
46136,102,98,4,4
46137,215,206,9,9
46138,149,140,9,9
46139,133,127,6,6
46140,90,81,9,9
46141,100,82,18,18
46142,57,58,-1,1
46143,61,66,-5,5
46144,41,37,4,4
46145,137,127,10,10
46146,164,155,9,9
46147,242,233,9,9
46148,99,99,0,0
46149,51,57,-6,6
46150,68,69,-1,1
46151,78,75,3,3
46152,120,116,4,4
46153,87,86,1,1
46154,105,95,10,10
46155,112,104,8,8
46156,87,95,-8,8
46157,88,85,3,3
46158,71,71,0,0
46159,125,120,5,5
46160,73,76,-3,3
46161,108,110,-2,2
46162,76,76,0,0
46163,45,50,-5,5
46164,100,98,2,2
46165,76,77,-1,1
46166,158,157,1,1
46167,92,96,-4,4
46168,77,81,-4,4
46169,44,51,-7,7
46170,115,120,-5,5
46171,85,90,-5,5
46172,109,105,4,4
46173,89,94,-5,5
46174,39,49,-10,10
46175,66,70,-4,4
46176,62,71,-9,9
46177,89,94,-5,5
46178,130,128,2,2
46179,92,89,3,3
46180,138,120,18,18
46181,118,110,8,8
46182,219,249,-30,30
46183,104,107,-3,3
46184,94,100,-6,6
46185,100,84,16,16
46186,54,56,-2,2
46187,153,137,16,16
46188,84,83,1,1
46189,91,101,-10,10
46190,46,55,-9,9
46191,53,67,-14,14
46192,77,73,4,4
46193,80,74,6,6
46194,138,125,13,13
46195,80,74,6,6
46196,138,125,13,13
46197,141,133,8,8
46198,91,87,4,4
46199,176,163,13,13
46200,117,119,-2,2
46201,69,77,-8,8
46202,108,114,-6,6
46203,101,98,3,3
46204,135,129,6,6
46205,115,113,2,2
46206,102,108,-6,6
46207,56,66,-10,10
46208,96,99,-3,3
46209,69,71,-2,2
46210,106,113,-7,7
46211,151,155,-4,4
46212,110,105,5,5
46213,112,108,4,4
46214,134,123,11,11
46215,65,68,-3,3
46216,66,70,-4,4
46217,97,99,-2,2
46218,109,111,-2,2
46219,141,130,11,11
46220,78,96,-18,18
46221,94,112,-18,18
46222,64,73,-9,9
46223,47,65,-18,18
46224,79,79,0,0
46225,104,107,-3,3
46226,39,37,2,2
46227,62,72,-10,10
46228,123,122,1,1
46229,144,127,17,17
46230,108,113,-5,5
46231,183,157,26,26
46232,85,84,1,1
46233,49,57,-8,8
46234,40,51,-11,11
46235,27,47,-20,20
46236,107,108,-1,1
46237,135,145,-10,10
46238,129,117,12,12
46239,77,75,2,2
46240,61,69,-8,8
46241,58,72,-14,14
46242,144,140,4,4
46243,53,59,-6,6
46244,95,101,-6,6
46245,82,76,6,6
46246,73,75,-2,2
46247,174,175,-1,1
46248,101,98,3,3
46249,100,124,-24,24
46250,81,74,7,7
46251,94,93,1,1
46252,76,79,-3,3
46253,70,76,-6,6
46254,100,103,-3,3
46255,79,72,7,7
46256,83,81,2,2
46257,90,96,-6,6
46258,136,130,6,6
46259,61,63,-2,2
46260,106,111,-5,5
46261,90,90,0,0
46262,32,40,-8,8
46263,100,109,-9,9
46264,74,71,3,3
46265,62,68,-6,6
46266,101,97,4,4
46267,104,97,7,7
46268,94,84,10,10
46269,95,103,-8,8
46270,134,130,4,4
46271,134,133,1,1
46272,77,75,2,2
46273,80,95,-15,15
46274,90,89,1,1
46275,128,116,12,12
46276,108,111,-3,3
46277,64,74,-10,10
46278,44,58,-14,14
46279,115,112,3,3
46280,49,59,-10,10
46281,64,77,-13,13
46282,64,67,-3,3
46283,128,122,6,6
46284,69,75,-6,6
46285,73,71,2,2
46286,38,46,-8,8
46287,71,72,-1,1
46288,94,95,-1,1
46289,89,93,-4,4
46290,63,70,-7,7
46291,116,108,8,8
46292,83,85,-2,2
46293,38,51,-13,13
46294,57,64,-7,7
46295,84,83,1,1
46296,552,418,134,134
46297,75,72,3,3
46298,70,73,-3,3
46299,90,103,-13,13
46300,181,201,-20,20
46301,109,113,-4,4
46302,99,109,-10,10
46303,99,99,0,0
46304,73,75,-2,2
46305,71,74,-3,3
46306,125,126,-1,1
46307,142,146,-4,4
46308,125,120,5,5
46309,99,93,6,6
46310,127,123,4,4
46311,134,118,16,16
46312,87,82,5,5
46313,99,107,-8,8
46314,116,124,-8,8
46315,57,66,-9,9
46316,160,153,7,7
46317,104,97,7,7
46318,106,106,0,0
46319,82,87,-5,5
46320,149,137,12,12
46321,122,123,-1,1
46322,46,58,-12,12
46323,44,59,-15,15
46324,47,61,-14,14
46325,46,71,-25,25
46326,103,108,-5,5
46327,118,117,1,1
46328,62,68,-6,6
46329,61,71,-10,10
46330,90,95,-5,5
46331,87,79,8,8
46332,163,144,19,19
46333,108,113,-5,5
46334,68,72,-4,4
46335,128,123,5,5
46336,132,152,-20,20
46337,48,59,-11,11
46338,66,65,1,1
46339,62,71,-9,9
46340,77,84,-7,7
46341,47,65,-18,18
46342,124,117,7,7
46343,95,104,-9,9
46344,65,64,1,1
46345,70,74,-4,4
46346,133,128,5,5
46347,98,101,-3,3
46348,138,145,-7,7
46349,93,96,-3,3
46350,136,128,8,8
46351,119,113,6,6
46352,102,111,-9,9
46353,106,124,-18,18
46354,75,77,-2,2
46355,58,61,-3,3
46356,130,113,17,17
46357,85,86,-1,1
46358,102,115,-13,13
46359,66,69,-3,3
46360,83,100,-17,17
46361,85,85,0,0
46362,122,120,2,2
46363,107,114,-7,7
46364,68,75,-7,7
46365,58,65,-7,7
46366,87,83,4,4
46367,67,72,-5,5
46368,74,79,-5,5
46369,68,67,1,1
46370,104,93,11,11
46371,158,156,2,2
46372,131,120,11,11
46373,103,106,-3,3
46374,109,112,-3,3
46375,64,64,0,0
46376,123,112,11,11
46377,111,104,7,7
46378,38,46,-8,8
46379,59,59,0,0
46380,46,63,-17,17
46381,101,109,-8,8
46382,149,142,7,7
46383,116,113,3,3
46384,62,80,-18,18
46385,78,83,-5,5
46386,92,86,6,6
46387,109,104,5,5
46388,94,96,-2,2
46389,107,114,-7,7
46390,75,82,-7,7
46391,64,72,-8,8
46392,30,36,-6,6
46393,127,127,0,0
46394,67,70,-3,3
46395,109,110,-1,1
46396,187,169,18,18
46397,90,93,-3,3
46398,123,120,3,3
46399,72,71,1,1
46400,124,124,0,0
46401,110,110,0,0
46402,108,113,-5,5
46403,65,70,-5,5
46404,116,121,-5,5
46405,77,90,-13,13
46406,40,53,-13,13
46407,108,109,-1,1
46408,159,152,7,7
46409,60,64,-4,4
46410,116,106,10,10
46411,124,140,-16,16
46412,94,98,-4,4
46413,90,80,10,10
46414,30,29,1,1
46415,89,85,4,4
46416,89,82,7,7
46417,111,120,-9,9
46418,84,88,-4,4
46419,49,58,-9,9
46420,75,68,7,7
46421,136,118,18,18
46422,41,75,-34,34
46423,72,72,0,0
46424,173,164,9,9
46425,70,75,-5,5
46426,90,93,-3,3
46427,153,154,-1,1
46428,138,146,-8,8
46429,147,144,3,3
46430,116,132,-16,16
46431,148,144,4,4
46432,117,116,1,1
46433,103,102,1,1
46434,123,119,4,4
46435,151,140,11,11
46436,126,125,1,1
46437,105,114,-9,9
46438,111,113,-2,2
46439,71,67,4,4
46440,99,113,-14,14
46441,59,71,-12,12
46442,104,101,3,3
46443,60,61,-1,1
46444,88,89,-1,1
46445,63,63,0,0
46446,186,176,10,10
46447,97,90,7,7
46448,128,120,8,8
46449,162,148,14,14
46450,74,73,1,1
46451,92,85,7,7
46452,153,145,8,8
46453,97,97,0,0
46454,116,115,1,1
46455,161,136,25,25
46456,73,77,-4,4
46457,107,108,-1,1
46458,112,125,-13,13
46459,89,84,5,5
46460,92,89,3,3
46461,83,81,2,2
46462,108,118,-10,10
46463,108,115,-7,7
46464,49,54,-5,5
46465,64,68,-4,4
46466,109,117,-8,8
46467,52,57,-5,5
46468,139,140,-1,1
46469,90,87,3,3
46470,90,92,-2,2
46471,70,76,-6,6
46472,97,101,-4,4
46473,56,63,-7,7
46474,64,76,-12,12
46475,67,66,1,1
46476,48,58,-10,10
46477,69,68,1,1
46478,93,95,-2,2
46479,144,140,4,4
46480,145,152,-7,7
46481,142,149,-7,7
46482,150,149,1,1
46483,58,57,1,1
46484,120,109,11,11
46485,102,100,2,2
46486,142,148,-6,6
46487,100,105,-5,5
46488,125,125,0,0
46489,84,99,-15,15
46490,123,122,1,1
46491,145,154,-9,9
46492,86,88,-2,2
46493,73,73,0,0
46494,97,92,5,5
46495,57,64,-7,7
46496,122,118,4,4
46497,71,68,3,3
46498,99,98,1,1
46499,83,75,8,8
46500,165,156,9,9
46501,193,174,19,19
46502,104,98,6,6
46503,110,125,-15,15
46504,65,68,-3,3
46505,72,76,-4,4
46506,76,76,0,0
46507,173,168,5,5
46508,76,90,-14,14
46509,95,90,5,5
46510,96,96,0,0
46511,82,77,5,5
46512,91,103,-12,12
46513,88,82,6,6
46514,104,106,-2,2
46515,114,119,-5,5
46516,109,105,4,4
46517,74,75,-1,1
46518,137,127,10,10
46519,93,91,2,2
46520,88,88,0,0
46521,55,69,-14,14
46522,72,75,-3,3
46523,71,91,-20,20
46524,110,101,9,9
46525,114,114,0,0
46526,128,131,-3,3
46527,65,78,-13,13
46528,114,117,-3,3
46529,97,93,4,4
46530,117,146,-29,29
46531,72,76,-4,4
46532,92,87,5,5
46533,64,64,0,0
46534,125,129,-4,4
46535,99,95,4,4
46536,56,68,-12,12
46537,54,61,-7,7
46538,122,122,0,0
46539,178,178,0,0
46540,179,169,10,10
46541,80,77,3,3
46542,109,105,4,4
46543,83,83,0,0
46544,103,98,5,5
46545,61,69,-8,8
46546,125,115,10,10
46547,96,89,7,7
46548,96,114,-18,18
46549,97,97,0,0
46550,108,92,16,16
46551,89,93,-4,4
46552,55,58,-3,3
46553,87,127,-40,40
46554,49,59,-10,10
46555,94,97,-3,3
46556,93,117,-24,24
46557,75,77,-2,2
46558,65,70,-5,5
46559,52,55,-3,3
46560,83,82,1,1
46561,123,107,16,16
46562,92,88,4,4
46563,74,79,-5,5
46564,109,100,9,9
46565,52,63,-11,11
46566,76,69,7,7
46567,116,111,5,5
46568,83,75,8,8
46569,82,79,3,3
46570,144,136,8,8
46571,35,41,-6,6
46572,155,152,3,3
46573,136,129,7,7
46574,123,121,2,2
46575,81,79,2,2
46576,66,74,-8,8
46577,131,120,11,11
46578,133,119,14,14
46579,71,71,0,0
46580,82,82,0,0
46581,82,83,-1,1
46582,42,47,-5,5
46583,137,149,-12,12
46584,140,162,-22,22
46585,58,68,-10,10
46586,117,104,13,13
46587,69,80,-11,11
46588,85,89,-4,4
46589,52,47,5,5
46590,87,100,-13,13
46591,135,142,-7,7
46592,64,69,-5,5
46593,129,112,17,17
46594,190,187,3,3
46595,68,75,-7,7
46596,82,77,5,5
46597,75,79,-4,4
46598,149,129,20,20
46599,84,80,4,4
46600,54,60,-6,6
46601,98,98,0,0
46602,99,86,13,13
46603,125,125,0,0
46604,86,88,-2,2
46605,95,92,3,3
46606,75,78,-3,3
46607,80,76,4,4
46608,118,115,3,3
46609,91,83,8,8
46610,106,100,6,6
46611,85,95,-10,10
46612,153,149,4,4
46613,103,102,1,1
46614,159,158,1,1
46615,69,69,0,0
46616,166,131,35,35
46617,109,104,5,5
46618,133,124,9,9
46619,191,173,18,18
46620,113,97,16,16
46621,124,115,9,9
46622,139,132,7,7
46623,88,87,1,1
46624,43,72,-29,29
46625,71,76,-5,5
46626,116,113,3,3
46627,115,108,7,7
46628,118,117,1,1
46629,62,66,-4,4
46630,106,110,-4,4
46631,116,130,-14,14
46632,137,126,11,11
46633,201,175,26,26
46634,53,62,-9,9
46635,73,77,-4,4
46636,46,59,-13,13
46637,90,89,1,1
46638,126,127,-1,1
46639,113,113,0,0
46640,80,75,5,5
46641,102,95,7,7
46642,161,143,18,18
46643,103,107,-4,4
46644,119,133,-14,14
46645,54,68,-14,14
46646,159,147,12,12
46647,87,78,9,9
46648,59,60,-1,1
46649,59,70,-11,11
46650,90,85,5,5
46651,59,67,-8,8
46652,104,99,5,5
46653,131,138,-7,7
46654,60,62,-2,2
46655,68,66,2,2
46656,86,82,4,4
46657,88,83,5,5
46658,146,146,0,0
46659,62,64,-2,2
46660,152,152,0,0
46661,104,103,1,1
46662,67,68,-1,1
46663,102,106,-4,4
46664,96,102,-6,6
46665,99,111,-12,12
46666,99,106,-7,7
46667,76,79,-3,3
46668,97,100,-3,3
46669,83,91,-8,8
46670,112,115,-3,3
46671,63,68,-5,5
46672,136,144,-8,8
46673,74,77,-3,3
46674,172,151,21,21
46675,136,121,15,15
46676,120,126,-6,6
46677,116,118,-2,2
46678,126,119,7,7
46679,114,109,5,5
46680,72,75,-3,3
46681,104,103,1,1
46682,147,152,-5,5
46683,103,104,-1,1
46684,81,74,7,7
46685,80,81,-1,1
46686,101,102,-1,1
46687,125,112,13,13
46688,92,76,16,16
46689,84,81,3,3
46690,80,113,-33,33
46691,150,144,6,6
46692,61,67,-6,6
46693,112,109,3,3
46694,112,106,6,6
46695,67,64,3,3
46696,137,132,5,5
46697,58,66,-8,8
46698,105,101,4,4
46699,88,91,-3,3
46700,76,74,2,2
46701,88,81,7,7
46702,108,112,-4,4
46703,97,93,4,4
46704,141,142,-1,1
46705,64,80,-16,16
46706,51,61,-10,10
46707,101,93,8,8
46708,158,158,0,0
46709,97,97,0,0
46710,79,84,-5,5
46711,69,70,-1,1
46712,97,107,-10,10
46713,90,90,0,0
46714,85,92,-7,7
46715,90,85,5,5
46716,120,114,6,6
46717,61,68,-7,7
46718,145,145,0,0
46719,77,79,-2,2
46720,49,58,-9,9
46721,81,82,-1,1
46722,70,73,-3,3
46723,107,99,8,8
46724,87,84,3,3
46725,66,71,-5,5
46726,108,107,1,1
46727,86,81,5,5
46728,68,70,-2,2
46729,84,74,10,10
46730,72,74,-2,2
46731,67,73,-6,6
46732,73,74,-1,1
46733,81,83,-2,2
46734,65,61,4,4
46735,130,111,19,19
46736,47,51,-4,4
46737,117,118,-1,1
46738,141,126,15,15
46739,204,188,16,16
46740,85,82,3,3
46741,116,122,-6,6
46742,118,109,9,9
46743,110,112,-2,2
46744,100,98,2,2
46745,93,94,-1,1
46746,53,56,-3,3
46747,86,79,7,7
46748,70,73,-3,3
46749,80,79,1,1
46750,146,146,0,0
46751,72,73,-1,1
46752,154,151,3,3
46753,206,207,-1,1
46754,72,77,-5,5
46755,141,133,8,8
46756,83,105,-22,22
46757,141,147,-6,6
46758,97,105,-8,8
46759,137,131,6,6
46760,124,126,-2,2
46761,84,83,1,1
46762,102,117,-15,15
46763,22,58,-36,36
46764,97,100,-3,3
46765,59,61,-2,2
46766,124,128,-4,4
46767,198,195,3,3
46768,93,81,12,12
46769,96,94,2,2
46770,99,92,7,7
46771,191,159,32,32
46772,88,84,4,4
46773,88,81,7,7
46774,114,111,3,3
46775,85,95,-10,10
46776,85,73,12,12
46777,63,71,-8,8
46778,129,108,21,21
46779,142,158,-16,16
46780,66,74,-8,8
46781,64,64,0,0
46782,72,71,1,1
46783,143,145,-2,2
46784,73,69,4,4
46785,92,94,-2,2
46786,80,81,-1,1
46787,123,117,6,6
46788,67,74,-7,7
46789,87,105,-18,18
46790,81,68,13,13
46791,77,106,-29,29
46792,70,70,0,0
46793,120,121,-1,1
46794,119,124,-5,5
46795,116,117,-1,1
46796,193,194,-1,1
46797,90,97,-7,7
46798,113,128,-15,15
46799,109,102,7,7
46800,85,91,-6,6
46801,63,68,-5,5
46802,56,61,-5,5
46803,131,135,-4,4
46804,108,107,1,1
46805,58,65,-7,7
46806,57,67,-10,10
46807,98,120,-22,22
46808,86,105,-19,19
46809,60,64,-4,4
46810,54,65,-11,11
46811,160,145,15,15
46812,91,101,-10,10
46813,179,153,26,26
46814,68,85,-17,17
46815,143,138,5,5
46816,86,76,10,10
46817,115,122,-7,7
46818,139,124,15,15
46819,95,95,0,0
46820,66,79,-13,13
46821,66,67,-1,1
46822,143,140,3,3
46823,87,84,3,3
46824,85,95,-10,10
46825,77,81,-4,4
46826,77,74,3,3
46827,91,81,10,10
46828,80,80,0,0
46829,23,29,-6,6
46830,92,92,0,0
46831,109,105,4,4
46832,115,109,6,6
46833,93,95,-2,2
46834,67,72,-5,5
46835,150,149,1,1
46836,78,71,7,7
46837,159,158,1,1
46838,124,110,14,14
46839,93,104,-11,11
46840,133,136,-3,3
46841,79,85,-6,6
46842,62,65,-3,3
46843,73,72,1,1
46844,66,67,-1,1
46845,69,69,0,0
46846,146,161,-15,15
46847,73,72,1,1
46848,91,102,-11,11
46849,67,67,0,0
46850,80,99,-19,19
46851,96,94,2,2
46852,75,73,2,2
46853,72,85,-13,13
46854,87,84,3,3
46855,93,84,9,9
46856,115,108,7,7
46857,142,132,10,10
46858,168,140,28,28
46859,149,137,12,12
46860,91,89,2,2
46861,69,74,-5,5
46862,112,111,1,1
46863,83,79,4,4
46864,63,59,4,4
46865,84,84,0,0
46866,113,104,9,9
46867,98,97,1,1
46868,174,174,0,0
46869,103,97,6,6
46870,32,74,-42,42
46871,126,127,-1,1
46872,132,132,0,0
46873,49,54,-5,5
46874,107,106,1,1
46875,121,132,-11,11
46876,132,122,10,10
46877,75,75,0,0
46878,71,75,-4,4
46879,69,78,-9,9
46880,158,145,13,13
46881,73,72,1,1
46882,146,129,17,17
46883,49,65,-16,16
46884,124,123,1,1
46885,71,70,1,1
46886,43,49,-6,6
46887,94,98,-4,4
46888,120,128,-8,8
46889,107,108,-1,1
46890,83,75,8,8
46891,111,108,3,3
46892,79,81,-2,2
46893,93,100,-7,7
46894,130,127,3,3
46895,119,113,6,6
46896,80,75,5,5
46897,80,72,8,8
46898,76,75,1,1
46899,101,105,-4,4
46900,131,127,4,4
46901,91,96,-5,5
46902,81,85,-4,4
46903,102,105,-3,3
46904,108,95,13,13
46905,79,78,1,1
46906,121,113,8,8
46907,135,140,-5,5
46908,68,79,-11,11
46909,104,113,-9,9
46910,44,47,-3,3
46911,103,107,-4,4
46912,136,141,-5,5
46913,107,92,15,15
46914,78,88,-10,10
46915,75,79,-4,4
46916,37,38,-1,1
46917,24,29,-5,5
46918,166,166,0,0
46919,134,126,8,8
46920,116,113,3,3
46921,85,86,-1,1
46922,130,130,0,0
46923,150,145,5,5
46924,103,94,9,9
46925,92,90,2,2
46926,127,129,-2,2
46927,72,77,-5,5
46928,95,102,-7,7
46929,56,61,-5,5
46930,170,150,20,20
46931,106,99,7,7
46932,78,82,-4,4
46933,135,139,-4,4
46934,113,108,5,5
46935,191,183,8,8
46936,61,68,-7,7
46937,95,84,11,11
46938,119,117,2,2
46939,114,102,12,12
46940,88,88,0,0
46941,71,72,-1,1
46942,76,74,2,2
46943,50,62,-12,12
46944,69,71,-2,2
46945,51,75,-24,24
46946,74,84,-10,10
46947,79,77,2,2
46948,74,83,-9,9
46949,113,116,-3,3
46950,99,111,-12,12
46951,86,85,1,1
46952,91,89,2,2
46953,83,99,-16,16
46954,106,101,5,5
46955,66,68,-2,2
46956,74,71,3,3
46957,78,76,2,2
46958,101,102,-1,1
46959,78,85,-7,7
46960,91,102,-11,11
46961,94,100,-6,6
46962,86,87,-1,1
46963,64,71,-7,7
46964,98,82,16,16
46965,100,113,-13,13
46966,148,138,10,10
46967,96,105,-9,9
46968,135,120,15,15
46969,123,135,-12,12
46970,65,70,-5,5
46971,86,83,3,3
46972,86,84,2,2
46973,93,95,-2,2
46974,106,105,1,1
46975,122,114,8,8
46976,75,85,-10,10
46977,86,83,3,3
46978,51,58,-7,7
46979,56,63,-7,7
46980,125,131,-6,6
46981,92,89,3,3
46982,108,117,-9,9
46983,151,145,6,6
46984,83,85,-2,2
46985,66,75,-9,9
46986,138,125,13,13
46987,120,124,-4,4
46988,79,76,3,3
46989,86,95,-9,9
46990,163,164,-1,1
46991,112,113,-1,1
46992,98,89,9,9
46993,40,72,-32,32
46994,85,91,-6,6
46995,73,79,-6,6
46996,84,99,-15,15
46997,127,130,-3,3
46998,113,107,6,6
46999,116,110,6,6
47000,91,96,-5,5
47001,91,76,15,15
47002,50,58,-8,8
47003,78,81,-3,3
47004,90,92,-2,2
47005,125,121,4,4
47006,84,87,-3,3
47007,79,76,3,3
47008,69,69,0,0
47009,115,104,11,11
47010,227,243,-16,16
47011,107,112,-5,5
47012,136,164,-28,28
47013,88,83,5,5
47014,117,117,0,0
47015,81,88,-7,7
47016,150,144,6,6
47017,101,121,-20,20
47018,169,161,8,8
47019,75,80,-5,5
47020,146,149,-3,3
47021,96,94,2,2
47022,66,67,-1,1
47023,73,74,-1,1
47024,85,96,-11,11
47025,104,87,17,17
47026,53,61,-8,8
47027,148,164,-16,16
47028,119,114,5,5
47029,45,47,-2,2
47030,72,73,-1,1
47031,126,129,-3,3
47032,64,66,-2,2
47033,119,122,-3,3
47034,89,97,-8,8
47035,139,135,4,4
47036,111,116,-5,5
47037,100,109,-9,9
47038,82,84,-2,2
47039,138,132,6,6
47040,47,55,-8,8
47041,167,165,2,2
47042,63,67,-4,4
47043,118,113,5,5
47044,201,204,-3,3
47045,82,88,-6,6
47046,91,98,-7,7
47047,81,83,-2,2
47048,91,85,6,6
47049,119,112,7,7
47050,88,81,7,7
47051,76,77,-1,1
47052,86,84,2,2
47053,47,53,-6,6
47054,134,141,-7,7
47055,96,96,0,0
47056,82,83,-1,1
47057,82,77,5,5
47058,89,93,-4,4
47059,99,106,-7,7
47060,93,97,-4,4
47061,87,86,1,1
47062,62,74,-12,12
47063,58,60,-2,2
47064,82,85,-3,3
47065,142,145,-3,3
47066,101,98,3,3
47067,127,119,8,8
47068,46,50,-4,4
47069,116,110,6,6
47070,54,62,-8,8
47071,71,72,-1,1
47072,121,140,-19,19
47073,80,80,0,0
47074,86,83,3,3
47075,119,115,4,4
47076,71,76,-5,5
47077,171,159,12,12
47078,126,112,14,14
47079,57,61,-4,4
47080,99,100,-1,1
47081,55,64,-9,9
47082,77,80,-3,3
47083,110,106,4,4
47084,77,105,-28,28
47085,111,109,2,2
47086,164,165,-1,1
47087,104,99,5,5
47088,85,86,-1,1
47089,75,77,-2,2
47090,119,113,6,6
47091,82,85,-3,3
47092,122,112,10,10
47093,111,111,0,0
47094,102,98,4,4
47095,54,58,-4,4
47096,96,97,-1,1
47097,65,71,-6,6
47098,135,138,-3,3
47099,79,75,4,4
47100,92,80,12,12
47101,56,64,-8,8
47102,109,95,14,14
47103,124,125,-1,1
47104,65,72,-7,7
47105,84,86,-2,2
47106,107,103,4,4
47107,114,111,3,3
47108,92,83,9,9
47109,129,123,6,6
47110,159,149,10,10
47111,80,84,-4,4
47112,106,105,1,1
47113,76,78,-2,2
47114,81,90,-9,9
47115,115,114,1,1
47116,89,97,-8,8
47117,66,72,-6,6
47118,49,60,-11,11
47119,74,74,0,0
47120,77,73,4,4
47121,98,95,3,3
47122,181,170,11,11
47123,65,68,-3,3
47124,125,119,6,6
47125,120,125,-5,5
47126,92,83,9,9
47127,125,119,6,6
47128,97,99,-2,2
47129,113,99,14,14
47130,69,76,-7,7
47131,41,54,-13,13
47132,112,112,0,0
47133,93,84,9,9
47134,77,74,3,3
47135,114,128,-14,14
47136,90,87,3,3
47137,119,124,-5,5
47138,85,97,-12,12
47139,99,106,-7,7
47140,113,91,22,22
47141,112,119,-7,7
47142,43,55,-12,12
47143,73,74,-1,1
47144,149,148,1,1
47145,72,76,-4,4
47146,62,68,-6,6
47147,74,75,-1,1
47148,197,187,10,10
47149,93,104,-11,11
47150,103,80,23,23
47151,96,90,6,6
47152,191,165,26,26
47153,116,113,3,3
47154,75,74,1,1
47155,99,105,-6,6
47156,94,82,12,12
47157,124,129,-5,5
47158,83,80,3,3
47159,131,125,6,6
47160,108,96,12,12
47161,108,117,-9,9
47162,77,77,0,0
47163,77,69,8,8
47164,126,118,8,8
47165,59,73,-14,14
47166,101,112,-11,11
47167,121,116,5,5
47168,116,120,-4,4
47169,124,115,9,9
47170,69,66,3,3
47171,160,152,8,8
47172,67,77,-10,10
47173,111,116,-5,5
47174,80,101,-21,21
47175,44,53,-9,9
47176,89,86,3,3
47177,92,89,3,3
47178,105,112,-7,7
47179,113,105,8,8
47180,83,82,1,1
47181,54,58,-4,4
47182,47,56,-9,9
47183,105,99,6,6
47184,65,64,1,1
47185,118,112,6,6
47186,115,106,9,9
47187,92,99,-7,7
47188,69,62,7,7
47189,42,54,-12,12
47190,64,63,1,1
47191,119,123,-4,4
47192,142,130,12,12
47193,117,107,10,10
47194,67,74,-7,7
47195,157,149,8,8
47196,57,66,-9,9
47197,122,110,12,12
47198,84,77,7,7
47199,112,115,-3,3
47200,96,100,-4,4
47201,75,75,0,0
47202,86,83,3,3
47203,168,153,15,15
47204,128,113,15,15
47205,111,116,-5,5
47206,95,98,-3,3
47207,74,86,-12,12
47208,101,88,13,13
47209,69,68,1,1
47210,160,159,1,1
47211,139,128,11,11
47212,24,65,-41,41
47213,89,83,6,6
47214,102,106,-4,4
47215,49,54,-5,5
47216,94,109,-15,15
47217,76,72,4,4
47218,170,151,19,19
47219,158,153,5,5
47220,31,88,-57,57
47221,66,70,-4,4
47222,106,98,8,8
47223,60,74,-14,14
47224,77,82,-5,5
47225,68,70,-2,2
47226,129,127,2,2
47227,60,64,-4,4
47228,106,108,-2,2
47229,64,64,0,0
47230,67,69,-2,2
47231,85,85,0,0
47232,79,73,6,6
47233,175,168,7,7
47234,20,64,-44,44
47235,169,153,16,16
47236,90,96,-6,6
47237,74,76,-2,2
47238,68,81,-13,13
47239,52,64,-12,12
47240,81,85,-4,4
47241,106,112,-6,6
47242,113,118,-5,5
47243,64,69,-5,5
47244,98,101,-3,3
47245,120,123,-3,3
47246,85,83,2,2
47247,70,66,4,4
47248,121,116,5,5
47249,132,120,12,12
47250,50,52,-2,2
47251,68,80,-12,12
47252,55,61,-6,6
47253,122,114,8,8
47254,107,100,7,7
47255,69,73,-4,4
47256,115,112,3,3
47257,118,114,4,4
47258,184,211,-27,27
47259,78,90,-12,12
47260,47,59,-12,12
47261,65,67,-2,2
47262,109,100,9,9
47263,89,81,8,8
47264,141,142,-1,1
47265,68,90,-22,22
47266,167,151,16,16
47267,68,77,-9,9
47268,86,86,0,0
47269,93,92,1,1
47270,91,90,1,1
47271,65,73,-8,8
47272,132,131,1,1
47273,91,97,-6,6
47274,71,68,3,3
47275,71,69,2,2
47276,120,123,-3,3
47277,118,112,6,6
47278,117,111,6,6
47279,157,157,0,0
47280,73,76,-3,3
47281,108,111,-3,3
47282,82,73,9,9
47283,122,119,3,3
47284,143,145,-2,2
47285,172,162,10,10
47286,76,67,9,9
47287,130,133,-3,3
47288,61,63,-2,2
47289,65,72,-7,7
47290,128,119,9,9
47291,98,101,-3,3
47292,161,169,-8,8
47293,56,60,-4,4
47294,97,137,-40,40
47295,176,203,-27,27
47296,125,121,4,4
47297,115,112,3,3
47298,81,82,-1,1
47299,103,102,1,1
47300,53,59,-6,6
47301,173,169,4,4
47302,132,123,9,9
47303,129,120,9,9
47304,120,116,4,4
47305,123,112,11,11
47306,203,168,35,35
47307,59,56,3,3
47308,67,72,-5,5
47309,132,120,12,12
47310,182,165,17,17
47311,143,144,-1,1
47312,97,87,10,10
47313,91,87,4,4
47314,96,106,-10,10
47315,91,87,4,4
47316,87,83,4,4
47317,143,149,-6,6
47318,65,58,7,7
47319,78,71,7,7
47320,78,76,2,2
47321,140,142,-2,2
47322,93,94,-1,1
47323,52,59,-7,7
47324,95,100,-5,5
47325,96,88,8,8
47326,72,75,-3,3
47327,113,113,0,0
47328,97,91,6,6
47329,77,79,-2,2
47330,71,76,-5,5
47331,58,61,-3,3
47332,72,72,0,0
47333,210,186,24,24
47334,97,91,6,6
47335,141,145,-4,4
47336,130,131,-1,1
47337,105,108,-3,3
47338,66,75,-9,9
47339,78,86,-8,8
47340,96,101,-5,5
47341,120,118,2,2
47342,57,64,-7,7
47343,162,155,7,7
47344,134,135,-1,1
47345,161,148,13,13
47346,171,168,3,3
47347,91,98,-7,7
47348,46,55,-9,9
47349,128,122,6,6
47350,113,100,13,13
47351,96,93,3,3
47352,55,58,-3,3
47353,101,107,-6,6
47354,146,140,6,6
47355,83,124,-41,41
47356,41,51,-10,10
47357,117,114,3,3
47358,118,123,-5,5
47359,89,93,-4,4
47360,88,87,1,1
47361,37,29,8,8
47362,68,74,-6,6
47363,53,50,3,3
47364,106,101,5,5
47365,125,117,8,8
47366,79,79,0,0
47367,100,94,6,6
47368,99,109,-10,10
47369,99,102,-3,3
47370,130,124,6,6
47371,75,84,-9,9
47372,101,99,2,2
47373,90,88,2,2
47374,154,142,12,12
47375,116,112,4,4
47376,60,75,-15,15
47377,144,145,-1,1
47378,75,76,-1,1
47379,110,107,3,3
47380,124,126,-2,2
47381,79,90,-11,11
47382,38,38,0,0
47383,90,90,0,0
47384,84,75,9,9
47385,76,81,-5,5
47386,88,93,-5,5
47387,124,127,-3,3
47388,76,83,-7,7
47389,84,79,5,5
47390,75,75,0,0
47391,78,76,2,2
47392,48,58,-10,10
47393,70,77,-7,7
47394,125,116,9,9
47395,129,129,0,0
47396,75,71,4,4
47397,91,105,-14,14
47398,108,106,2,2
47399,100,98,2,2
47400,56,71,-15,15
47401,140,126,14,14
47402,62,64,-2,2
47403,224,188,36,36
47404,109,124,-15,15
47405,159,162,-3,3
47406,90,96,-6,6
47407,125,122,3,3
47408,96,100,-4,4
47409,74,87,-13,13
47410,109,114,-5,5
47411,84,84,0,0
47412,50,50,0,0
47413,146,142,4,4
47414,116,106,10,10
47415,93,84,9,9
47416,92,85,7,7
47417,72,69,3,3
47418,159,141,18,18
47419,79,76,3,3
47420,117,113,4,4
47421,92,83,9,9
47422,102,101,1,1
47423,61,66,-5,5
47424,55,57,-2,2
47425,91,79,12,12
47426,94,89,5,5
47427,64,70,-6,6
47428,121,116,5,5
47429,50,57,-7,7
47430,91,84,7,7
47431,87,89,-2,2
47432,100,98,2,2
47433,60,59,1,1
47434,139,140,-1,1
47435,77,75,2,2
47436,54,60,-6,6
47437,117,99,18,18
47438,105,117,-12,12
47439,105,102,3,3
47440,78,78,0,0
47441,108,98,10,10
47442,111,119,-8,8
47443,112,115,-3,3
47444,69,71,-2,2
47445,100,106,-6,6
47446,96,97,-1,1
47447,31,44,-13,13
47448,75,73,2,2
47449,68,73,-5,5
47450,53,63,-10,10
47451,63,69,-6,6
47452,85,81,4,4
47453,126,128,-2,2
47454,107,105,2,2
47455,130,126,4,4
47456,65,65,0,0
47457,73,75,-2,2
47458,107,111,-4,4
47459,121,122,-1,1
47460,99,103,-4,4
47461,92,97,-5,5
47462,170,166,4,4
47463,85,72,13,13
47464,142,140,2,2
47465,86,84,2,2
47466,63,67,-4,4
47467,121,112,9,9
47468,84,95,-11,11
47469,66,67,-1,1
47470,60,62,-2,2
47471,68,66,2,2
47472,113,127,-14,14
47473,101,100,1,1
47474,48,58,-10,10
47475,154,153,1,1
47476,160,154,6,6
47477,102,97,5,5
47478,94,95,-1,1
47479,84,79,5,5
47480,107,112,-5,5
47481,66,72,-6,6
47482,87,93,-6,6
47483,84,74,10,10
47484,86,91,-5,5
47485,101,69,32,32
47486,83,79,4,4
47487,70,66,4,4
47488,104,96,8,8
47489,78,74,4,4
47490,69,71,-2,2
47491,172,161,11,11
47492,66,77,-11,11
47493,96,93,3,3
47494,73,74,-1,1
47495,122,130,-8,8
47496,66,75,-9,9
47497,78,80,-2,2
47498,70,123,-53,53
47499,62,70,-8,8
47500,64,67,-3,3
47501,189,174,15,15
47502,101,102,-1,1
47503,83,84,-1,1
47504,88,80,8,8
47505,108,104,4,4
47506,109,110,-1,1
47507,50,52,-2,2
47508,100,94,6,6
47509,98,95,3,3
47510,74,71,3,3
47511,151,136,15,15
47512,67,72,-5,5
47513,145,132,13,13
47514,99,100,-1,1
47515,79,79,0,0
47516,66,74,-8,8
47517,87,80,7,7
47518,104,92,12,12
47519,75,72,3,3
47520,81,74,7,7
47521,79,84,-5,5
47522,82,81,1,1
47523,202,183,19,19
47524,64,65,-1,1
47525,142,139,3,3
47526,77,88,-11,11
47527,95,120,-25,25
47528,127,129,-2,2
47529,89,96,-7,7
47530,136,147,-11,11
47531,63,70,-7,7
47532,123,119,4,4
47533,113,108,5,5
47534,98,99,-1,1
47535,136,122,14,14
47536,124,119,5,5
47537,124,116,8,8
47538,162,150,12,12
47539,81,98,-17,17
47540,93,92,1,1
47541,83,87,-4,4
47542,127,112,15,15
47543,60,60,0,0
47544,83,84,-1,1
47545,60,63,-3,3
47546,103,111,-8,8
47547,93,77,16,16
47548,78,79,-1,1
47549,97,89,8,8
47550,73,72,1,1
47551,128,118,10,10
47552,92,98,-6,6
47553,37,43,-6,6
47554,154,148,6,6
47555,60,68,-8,8
47556,94,93,1,1
47557,103,95,8,8
47558,72,74,-2,2
47559,65,75,-10,10
47560,85,87,-2,2
47561,111,106,5,5
47562,88,93,-5,5
47563,110,103,7,7
47564,102,101,1,1
47565,59,63,-4,4
47566,89,81,8,8
47567,113,100,13,13
47568,65,76,-11,11
47569,148,144,4,4
47570,83,85,-2,2
47571,81,82,-1,1
47572,88,88,0,0
47573,67,74,-7,7
47574,44,56,-12,12
47575,98,106,-8,8
47576,89,85,4,4
47577,85,86,-1,1
47578,165,147,18,18
47579,58,71,-13,13
47580,118,113,5,5
47581,138,123,15,15
47582,85,80,5,5
47583,77,80,-3,3
47584,58,63,-5,5
47585,78,74,4,4
47586,94,110,-16,16
47587,51,61,-10,10
47588,109,114,-5,5
47589,72,78,-6,6
47590,71,72,-1,1
47591,83,94,-11,11
47592,97,94,3,3
47593,81,84,-3,3
47594,192,205,-13,13
47595,152,147,5,5
47596,101,101,0,0
47597,65,63,2,2
47598,77,79,-2,2
47599,130,121,9,9
47600,124,102,22,22
47601,89,93,-4,4
47602,105,112,-7,7
47603,85,80,5,5
47604,147,148,-1,1
47605,108,119,-11,11
47606,86,87,-1,1
47607,66,72,-6,6
47608,62,65,-3,3
47609,74,71,3,3
47610,144,125,19,19
47611,77,76,1,1
47612,53,49,4,4
47613,81,76,5,5
47614,121,117,4,4
47615,71,69,2,2
47616,75,66,9,9
47617,105,99,6,6
47618,98,104,-6,6
47619,133,131,2,2
47620,115,118,-3,3
47621,56,63,-7,7
47622,139,131,8,8
47623,108,112,-4,4
47624,207,190,17,17
47625,43,62,-19,19
47626,135,125,10,10
47627,122,120,2,2
47628,61,69,-8,8
47629,97,89,8,8
47630,77,76,1,1
47631,123,105,18,18
47632,59,67,-8,8
47633,113,120,-7,7
47634,125,121,4,4
47635,88,89,-1,1
47636,72,70,2,2
47637,137,139,-2,2
47638,113,104,9,9
47639,112,107,5,5
47640,60,68,-8,8
47641,106,108,-2,2
47642,143,142,1,1
47643,91,91,0,0
47644,95,89,6,6
47645,155,136,19,19
47646,106,108,-2,2
47647,103,114,-11,11
47648,142,127,15,15
47649,76,73,3,3
47650,115,119,-4,4
47651,96,125,-29,29
47652,103,96,7,7
47653,106,109,-3,3
47654,67,68,-1,1
47655,100,99,1,1
47656,103,96,7,7
47657,72,77,-5,5
47658,142,132,10,10
47659,32,53,-21,21
47660,137,142,-5,5
47661,57,69,-12,12
47662,69,73,-4,4
47663,47,53,-6,6
47664,82,75,7,7
47665,113,103,10,10
47666,81,85,-4,4
47667,96,98,-2,2
47668,67,70,-3,3
47669,138,127,11,11
47670,73,71,2,2
47671,62,80,-18,18
47672,45,59,-14,14
47673,106,101,5,5
47674,65,68,-3,3
47675,79,79,0,0
47676,109,117,-8,8
47677,147,142,5,5
47678,67,67,0,0
47679,94,90,4,4
47680,73,75,-2,2
47681,57,68,-11,11
47682,124,113,11,11
47683,68,75,-7,7
47684,89,85,4,4
47685,105,98,7,7
47686,64,76,-12,12
47687,78,84,-6,6
47688,108,102,6,6
47689,171,169,2,2
47690,92,82,10,10
47691,63,70,-7,7
47692,66,71,-5,5
47693,85,91,-6,6
47694,134,131,3,3
47695,73,74,-1,1
47696,85,83,2,2
47697,81,77,4,4
47698,119,116,3,3
47699,64,63,1,1
47700,73,71,2,2
47701,120,107,13,13
47702,122,117,5,5
47703,97,101,-4,4
47704,69,73,-4,4
47705,88,87,1,1
47706,86,90,-4,4
47707,87,86,1,1
47708,152,143,9,9
47709,65,66,-1,1
47710,37,52,-15,15
47711,125,112,13,13
47712,117,127,-10,10
47713,72,74,-2,2
47714,120,142,-22,22
47715,67,67,0,0
47716,147,142,5,5
47717,142,135,7,7
47718,111,102,9,9
47719,104,103,1,1
47720,90,83,7,7
47721,76,76,0,0
47722,82,75,7,7
47723,122,99,23,23
47724,176,165,11,11
47725,97,79,18,18
47726,84,85,-1,1
47727,94,91,3,3
47728,175,181,-6,6
47729,90,96,-6,6
47730,62,66,-4,4
47731,116,107,9,9
47732,137,134,3,3
47733,141,133,8,8
47734,96,115,-19,19
47735,99,100,-1,1
47736,66,65,1,1
47737,183,178,5,5
47738,64,65,-1,1
47739,137,144,-7,7
47740,51,57,-6,6
47741,35,38,-3,3
47742,137,125,12,12
47743,151,154,-3,3
47744,115,112,3,3
47745,94,88,6,6
47746,42,47,-5,5
47747,57,66,-9,9
47748,102,111,-9,9
47749,59,63,-4,4
47750,73,84,-11,11
47751,80,77,3,3
47752,102,111,-9,9
47753,111,110,1,1
47754,150,151,-1,1
47755,149,138,11,11
47756,129,118,11,11
47757,35,51,-16,16
47758,50,61,-11,11
47759,85,79,6,6
47760,90,86,4,4
47761,129,114,15,15
47762,111,115,-4,4
47763,80,90,-10,10
47764,165,164,1,1
47765,69,71,-2,2
47766,132,124,8,8
47767,145,135,10,10
47768,51,58,-7,7
47769,152,138,14,14
47770,64,66,-2,2
47771,168,155,13,13
47772,100,104,-4,4
47773,72,68,4,4
47774,86,90,-4,4
47775,67,76,-9,9
47776,71,74,-3,3
47777,156,154,2,2
47778,92,88,4,4
47779,93,97,-4,4
47780,95,102,-7,7
47781,113,108,5,5
47782,105,100,5,5
47783,77,84,-7,7
47784,96,106,-10,10
47785,103,106,-3,3
47786,76,91,-15,15
47787,77,75,2,2
47788,103,95,8,8
47789,80,82,-2,2
47790,72,77,-5,5
47791,98,99,-1,1
47792,94,83,11,11
47793,145,156,-11,11
47794,57,59,-2,2
47795,95,87,8,8
47796,97,80,17,17
47797,160,149,11,11
47798,161,157,4,4
47799,71,70,1,1
47800,95,91,4,4
47801,100,100,0,0
47802,57,51,6,6
47803,96,96,0,0
47804,70,70,0,0
47805,51,78,-27,27
47806,70,72,-2,2
47807,27,30,-3,3
47808,93,87,6,6
47809,110,110,0,0
47810,128,121,7,7
47811,146,156,-10,10
47812,81,71,10,10
47813,100,96,4,4
47814,77,71,6,6
47815,57,65,-8,8
47816,110,106,4,4
47817,90,93,-3,3
47818,105,112,-7,7
47819,91,82,9,9
47820,158,152,6,6
47821,79,74,5,5
47822,52,56,-4,4
47823,86,83,3,3
47824,100,100,0,0
47825,65,67,-2,2
47826,116,111,5,5
47827,75,71,4,4
47828,95,88,7,7
47829,71,77,-6,6
47830,87,93,-6,6
47831,79,68,11,11
47832,77,75,2,2
47833,55,61,-6,6
47834,94,97,-3,3
47835,99,98,1,1
47836,98,100,-2,2
47837,95,112,-17,17
47838,123,124,-1,1
47839,76,88,-12,12
47840,157,163,-6,6
47841,75,77,-2,2
47842,114,112,2,2
47843,47,44,3,3
47844,110,107,3,3
47845,122,116,6,6
47846,89,100,-11,11
47847,65,70,-5,5
47848,63,69,-6,6
47849,140,130,10,10
47850,101,102,-1,1
47851,132,128,4,4
47852,175,185,-10,10
47853,79,75,4,4
47854,97,94,3,3
47855,108,97,11,11
47856,76,71,5,5
47857,80,76,4,4
47858,114,106,8,8
47859,160,170,-10,10
47860,101,94,7,7
47861,143,130,13,13
47862,40,49,-9,9
47863,151,145,6,6
47864,111,125,-14,14
47865,105,119,-14,14
47866,93,86,7,7
47867,121,122,-1,1
47868,162,154,8,8
47869,91,101,-10,10
47870,86,85,1,1
47871,133,138,-5,5
47872,69,74,-5,5
47873,110,103,7,7
47874,76,73,3,3
47875,70,75,-5,5
47876,129,111,18,18
47877,105,99,6,6
47878,118,114,4,4
47879,51,60,-9,9
47880,155,146,9,9
47881,80,78,2,2
47882,91,106,-15,15
47883,87,83,4,4
47884,61,73,-12,12
47885,65,69,-4,4
47886,85,88,-3,3
47887,89,89,0,0
47888,62,66,-4,4
47889,85,92,-7,7
47890,65,74,-9,9
47891,127,121,6,6
47892,94,95,-1,1
47893,106,107,-1,1
47894,72,69,3,3
47895,115,112,3,3
47896,100,93,7,7
47897,56,59,-3,3
47898,78,90,-12,12
47899,100,102,-2,2
47900,94,86,8,8
47901,104,99,5,5
47902,76,90,-14,14
47903,100,97,3,3
47904,114,109,5,5
47905,94,84,10,10
47906,92,93,-1,1
47907,51,57,-6,6
47908,129,129,0,0
47909,30,29,1,1
47910,91,104,-13,13
47911,72,76,-4,4
47912,99,100,-1,1
47913,59,64,-5,5
47914,103,99,4,4
47915,140,122,18,18
47916,71,72,-1,1
47917,77,77,0,0
47918,108,110,-2,2
47919,87,77,10,10
47920,150,150,0,0
47921,108,113,-5,5
47922,78,76,2,2
47923,143,136,7,7
47924,109,123,-14,14
47925,81,82,-1,1
47926,82,87,-5,5
47927,46,52,-6,6
47928,142,129,13,13
47929,54,60,-6,6
47930,89,91,-2,2
47931,53,58,-5,5
47932,73,72,1,1
47933,74,73,1,1
47934,43,45,-2,2
47935,89,93,-4,4
47936,71,76,-5,5
47937,62,77,-15,15
47938,59,68,-9,9
47939,114,108,6,6
47940,56,61,-5,5
47941,94,96,-2,2
47942,102,111,-9,9
47943,112,110,2,2
47944,75,77,-2,2
47945,77,87,-10,10
47946,124,119,5,5
47947,128,119,9,9
47948,70,78,-8,8
47949,84,137,-53,53
47950,151,137,14,14
47951,113,106,7,7
47952,85,81,4,4
47953,82,104,-22,22
47954,163,165,-2,2
47955,124,132,-8,8
47956,80,75,5,5
47957,122,148,-26,26
47958,88,77,11,11
47959,66,66,0,0
47960,83,85,-2,2
47961,118,111,7,7
47962,57,59,-2,2
47963,66,75,-9,9
47964,108,107,1,1
47965,93,102,-9,9
47966,51,57,-6,6
47967,171,161,10,10
47968,114,106,8,8
47969,45,51,-6,6
47970,86,79,7,7
47971,62,72,-10,10
47972,67,72,-5,5
47973,76,79,-3,3
47974,108,113,-5,5
47975,100,120,-20,20
47976,139,134,5,5
47977,115,115,0,0
47978,144,117,27,27
47979,90,82,8,8
47980,91,81,10,10
47981,75,79,-4,4
47982,135,128,7,7
47983,67,76,-9,9
47984,117,103,14,14
47985,127,113,14,14
47986,59,63,-4,4
47987,48,60,-12,12
47988,69,71,-2,2
47989,93,83,10,10
47990,123,125,-2,2
47991,131,141,-10,10
47992,105,103,2,2
47993,121,128,-7,7
47994,111,113,-2,2
47995,43,51,-8,8
47996,131,125,6,6
47997,133,120,13,13
47998,74,73,1,1
47999,154,134,20,20
48000,36,46,-10,10
48001,83,89,-6,6
48002,114,115,-1,1
48003,115,109,6,6
48004,117,112,5,5
48005,129,124,5,5
48006,119,113,6,6
48007,65,68,-3,3
48008,88,92,-4,4
48009,80,72,8,8
48010,43,37,6,6
48011,68,73,-5,5
48012,157,148,9,9
48013,104,103,1,1
48014,56,56,0,0
48015,52,61,-9,9
48016,115,112,3,3
48017,64,65,-1,1
48018,139,139,0,0
48019,58,61,-3,3
48020,105,106,-1,1
48021,196,191,5,5
48022,117,108,9,9
48023,108,88,20,20
48024,109,123,-14,14
48025,53,57,-4,4
48026,97,89,8,8
48027,89,95,-6,6
48028,136,129,7,7
48029,156,163,-7,7
48030,107,100,7,7
48031,48,53,-5,5
48032,108,112,-4,4
48033,151,133,18,18
48034,71,84,-13,13
48035,99,91,8,8
48036,119,102,17,17
48037,131,127,4,4
48038,72,75,-3,3
48039,112,109,3,3
48040,142,153,-11,11
48041,130,129,1,1
48042,103,108,-5,5
48043,136,132,4,4
48044,61,66,-5,5
48045,93,87,6,6
48046,124,125,-1,1
48047,44,58,-14,14
48048,166,171,-5,5
48049,134,136,-2,2
48050,85,84,1,1
48051,56,69,-13,13
48052,58,70,-12,12
48053,95,95,0,0
48054,113,107,6,6
48055,80,87,-7,7
48056,105,101,4,4
48057,56,57,-1,1
48058,79,85,-6,6
48059,77,84,-7,7
48060,90,87,3,3
48061,68,78,-10,10
48062,65,72,-7,7
48063,95,97,-2,2
48064,51,61,-10,10
48065,99,90,9,9
48066,81,76,5,5
48067,116,103,13,13
48068,72,73,-1,1
48069,55,65,-10,10
48070,144,149,-5,5
48071,74,77,-3,3
48072,135,137,-2,2
48073,60,68,-8,8
48074,76,82,-6,6
48075,144,124,20,20
48076,141,120,21,21
48077,80,69,11,11
48078,74,81,-7,7
48079,83,82,1,1
48080,76,72,4,4
48081,100,98,2,2
48082,97,93,4,4
48083,141,123,18,18
48084,109,108,1,1
48085,87,112,-25,25
48086,104,101,3,3
48087,69,71,-2,2
48088,60,71,-11,11
48089,71,74,-3,3
48090,64,67,-3,3
48091,69,77,-8,8
48092,92,91,1,1
48093,93,91,2,2
48094,88,83,5,5
48095,11,29,-18,18
48096,132,119,13,13
48097,62,71,-9,9
48098,73,92,-19,19
48099,110,104,6,6
48100,84,90,-6,6
48101,63,58,5,5
48102,110,112,-2,2
48103,61,62,-1,1
48104,81,89,-8,8
48105,107,112,-5,5
48106,161,149,12,12
48107,66,64,2,2
48108,59,72,-13,13
48109,115,123,-8,8
48110,113,110,3,3
48111,125,126,-1,1
48112,104,104,0,0
48113,90,90,0,0
48114,84,83,1,1
48115,101,109,-8,8
48116,151,138,13,13
48117,127,119,8,8
48118,102,99,3,3
48119,85,92,-7,7
48120,64,72,-8,8
48121,114,113,1,1
48122,104,101,3,3
48123,99,103,-4,4
48124,60,66,-6,6
48125,102,109,-7,7
48126,125,122,3,3
48127,109,122,-13,13
48128,106,101,5,5
48129,91,93,-2,2
48130,54,72,-18,18
48131,86,101,-15,15
48132,108,118,-10,10
48133,61,67,-6,6
48134,63,80,-17,17
48135,112,111,1,1
48136,35,33,2,2
48137,86,83,3,3
48138,79,84,-5,5
48139,112,111,1,1
48140,180,179,1,1
48141,94,84,10,10
48142,125,117,8,8
48143,82,78,4,4
48144,94,101,-7,7
48145,83,76,7,7
48146,93,101,-8,8
48147,89,93,-4,4
48148,63,68,-5,5
48149,120,121,-1,1
48150,91,80,11,11
48151,102,128,-26,26
48152,70,77,-7,7
48153,66,66,0,0
48154,73,73,0,0
48155,122,108,14,14
48156,50,61,-11,11
48157,65,70,-5,5
48158,146,142,4,4
48159,72,76,-4,4
48160,109,100,9,9
48161,67,74,-7,7
48162,138,129,9,9
48163,78,77,1,1
48164,143,143,0,0
48165,82,84,-2,2
48166,147,156,-9,9
48167,115,114,1,1
48168,107,112,-5,5
48169,60,68,-8,8
48170,95,87,8,8
48171,95,97,-2,2
48172,39,54,-15,15
48173,75,82,-7,7
48174,61,65,-4,4
48175,194,209,-15,15
48176,67,76,-9,9
48177,104,99,5,5
48178,79,82,-3,3
48179,57,72,-15,15
48180,45,54,-9,9
48181,66,74,-8,8
48182,70,71,-1,1
48183,61,77,-16,16
48184,93,91,2,2
48185,104,105,-1,1
48186,122,136,-14,14
48187,64,67,-3,3
48188,68,74,-6,6
48189,132,126,6,6
48190,55,60,-5,5
48191,117,114,3,3
48192,89,84,5,5
48193,83,91,-8,8
48194,94,103,-9,9
48195,59,60,-1,1
48196,149,144,5,5
48197,77,83,-6,6
48198,92,98,-6,6
48199,84,78,6,6
48200,71,71,0,0
48201,75,72,3,3
48202,123,122,1,1
48203,108,113,-5,5
48204,90,95,-5,5
48205,99,84,15,15
48206,38,48,-10,10
48207,59,68,-9,9
48208,104,102,2,2
48209,114,125,-11,11
48210,83,89,-6,6
48211,182,161,21,21
48212,89,99,-10,10
48213,77,69,8,8
48214,146,133,13,13
48215,74,75,-1,1
48216,73,71,2,2
48217,71,72,-1,1
48218,70,67,3,3
48219,139,143,-4,4
48220,75,64,11,11
48221,110,127,-17,17
48222,106,109,-3,3
48223,150,149,1,1
48224,132,125,7,7
48225,108,98,10,10
48226,56,64,-8,8
48227,133,129,4,4
48228,123,112,11,11
48229,58,58,0,0
48230,73,77,-4,4
48231,118,111,7,7
48232,83,84,-1,1
48233,66,66,0,0
48234,83,83,0,0
48235,89,88,1,1
48236,87,98,-11,11
48237,95,95,0,0
48238,57,67,-10,10
48239,124,125,-1,1
48240,136,135,1,1
48241,102,103,-1,1
48242,123,125,-2,2
48243,53,59,-6,6
48244,59,70,-11,11
48245,150,134,16,16
48246,140,127,13,13
48247,88,86,2,2
48248,140,130,10,10
48249,86,86,0,0
48250,106,102,4,4
48251,127,137,-10,10
48252,88,80,8,8
48253,99,109,-10,10
48254,83,82,1,1
48255,81,82,-1,1
48256,151,133,18,18
48257,144,147,-3,3
48258,55,59,-4,4
48259,66,66,0,0
48260,103,102,1,1
48261,100,98,2,2
48262,76,70,6,6
48263,115,113,2,2
48264,135,127,8,8
48265,128,114,14,14
48266,163,151,12,12
48267,81,77,4,4
48268,88,88,0,0
48269,86,112,-26,26
48270,147,139,8,8
48271,179,167,12,12
48272,98,93,5,5
48273,91,84,7,7
48274,145,140,5,5
48275,53,61,-8,8
48276,122,125,-3,3
48277,79,76,3,3
48278,118,129,-11,11
48279,100,88,12,12
48280,76,72,4,4
48281,148,148,0,0
48282,55,39,16,16
48283,80,79,1,1
48284,129,140,-11,11
48285,52,64,-12,12
48286,108,105,3,3
48287,71,71,0,0
48288,49,51,-2,2
48289,111,106,5,5
48290,97,91,6,6
48291,106,100,6,6
48292,31,29,2,2
48293,62,66,-4,4
48294,140,161,-21,21
48295,102,96,6,6
48296,68,64,4,4
48297,66,69,-3,3
48298,98,100,-2,2
48299,29,29,0,0
48300,162,156,6,6
48301,68,72,-4,4
48302,39,48,-9,9
48303,61,67,-6,6
48304,126,128,-2,2
48305,82,69,13,13
48306,95,86,9,9
48307,86,94,-8,8
48308,91,92,-1,1
48309,68,80,-12,12
48310,70,75,-5,5
48311,56,55,1,1
48312,113,112,1,1
48313,83,76,7,7
48314,185,172,13,13
48315,133,127,6,6
48316,98,97,1,1
48317,47,59,-12,12
48318,86,79,7,7
48319,115,107,8,8
48320,121,115,6,6
48321,130,132,-2,2
48322,116,112,4,4
48323,55,57,-2,2
48324,88,89,-1,1
48325,158,159,-1,1
48326,208,206,2,2
48327,104,98,6,6
48328,109,109,0,0
48329,94,102,-8,8
48330,49,60,-11,11
48331,66,75,-9,9
48332,135,152,-17,17
48333,112,103,9,9
48334,75,73,2,2
48335,99,100,-1,1
48336,98,103,-5,5
48337,77,87,-10,10
48338,108,100,8,8
48339,81,79,2,2
48340,99,110,-11,11
48341,113,96,17,17
48342,68,75,-7,7
48343,111,115,-4,4
48344,57,67,-10,10
48345,141,126,15,15
48346,96,95,1,1
48347,57,67,-10,10
48348,86,85,1,1
48349,64,81,-17,17
48350,58,58,0,0
48351,68,73,-5,5
48352,79,79,0,0
48353,128,125,3,3
48354,133,124,9,9
48355,129,140,-11,11
48356,98,95,3,3
48357,126,112,14,14
48358,68,72,-4,4
48359,98,95,3,3
48360,76,65,11,11
48361,151,135,16,16
48362,143,145,-2,2
48363,81,89,-8,8
48364,154,141,13,13
48365,99,102,-3,3
48366,58,66,-8,8
48367,40,50,-10,10
48368,101,97,4,4
48369,88,83,5,5
48370,102,96,6,6
48371,82,76,6,6
48372,80,77,3,3
48373,77,77,0,0
48374,91,88,3,3
48375,133,133,0,0
48376,160,144,16,16
48377,137,137,0,0
48378,110,104,6,6
48379,78,75,3,3
48380,83,83,0,0
48381,68,79,-11,11
48382,85,93,-8,8
48383,90,87,3,3
48384,51,60,-9,9
48385,95,94,1,1
48386,133,120,13,13
48387,63,69,-6,6
48388,64,67,-3,3
48389,64,64,0,0
48390,128,128,0,0
48391,94,100,-6,6
48392,87,84,3,3
48393,49,62,-13,13
48394,66,64,2,2
48395,53,60,-7,7
48396,99,102,-3,3
48397,55,65,-10,10
48398,166,160,6,6
48399,179,168,11,11
48400,100,98,2,2
48401,97,95,2,2
48402,139,126,13,13
48403,59,65,-6,6
48404,175,165,10,10
48405,123,128,-5,5
48406,72,76,-4,4
48407,77,89,-12,12
48408,86,79,7,7
48409,52,61,-9,9
48410,122,136,-14,14
48411,83,81,2,2
48412,109,119,-10,10
48413,123,115,8,8
48414,72,76,-4,4
48415,86,83,3,3
48416,97,110,-13,13
48417,98,92,6,6
48418,98,88,10,10
48419,72,70,2,2
48420,160,147,13,13
48421,61,61,0,0
48422,91,90,1,1
48423,65,65,0,0
48424,145,137,8,8
48425,60,63,-3,3
48426,125,119,6,6
48427,57,64,-7,7
48428,117,112,5,5
48429,104,102,2,2
48430,141,133,8,8
48431,65,67,-2,2
48432,78,75,3,3
48433,74,76,-2,2
48434,82,80,2,2
48435,83,83,0,0
48436,79,82,-3,3
48437,79,82,-3,3
48438,73,73,0,0
48439,154,134,20,20
48440,89,87,2,2
48441,83,87,-4,4
48442,79,77,2,2
48443,167,152,15,15
48444,103,118,-15,15
48445,89,86,3,3
48446,199,182,17,17
48447,63,73,-10,10
48448,67,65,2,2
48449,152,159,-7,7
48450,98,104,-6,6
48451,78,79,-1,1
48452,78,78,0,0
48453,119,125,-6,6
48454,93,100,-7,7
48455,121,121,0,0
48456,105,93,12,12
48457,184,146,38,38
48458,60,66,-6,6
48459,167,147,20,20
48460,51,61,-10,10
48461,114,123,-9,9
48462,59,60,-1,1
48463,98,107,-9,9
48464,62,69,-7,7
48465,74,63,11,11
48466,87,82,5,5
48467,84,79,5,5
48468,63,66,-3,3
48469,103,97,6,6
48470,133,120,13,13
48471,125,111,14,14
48472,137,136,1,1
48473,82,74,8,8
48474,145,146,-1,1
48475,111,113,-2,2
48476,117,114,3,3
48477,61,63,-2,2
48478,107,113,-6,6
48479,127,125,2,2
48480,50,54,-4,4
48481,75,74,1,1
48482,173,164,9,9
48483,162,146,16,16
48484,72,82,-10,10
48485,104,106,-2,2
48486,84,79,5,5
48487,84,79,5,5
48488,99,100,-1,1
48489,109,107,2,2
48490,125,124,1,1
48491,100,100,0,0
48492,108,114,-6,6
48493,118,123,-5,5
48494,70,79,-9,9
48495,67,60,7,7
48496,39,44,-5,5
48497,87,88,-1,1
48498,71,84,-13,13
48499,65,70,-5,5
48500,185,167,18,18
48501,89,85,4,4
48502,94,88,6,6
48503,68,69,-1,1
48504,66,66,0,0
48505,126,121,5,5
48506,99,100,-1,1
48507,100,99,1,1
48508,85,78,7,7
48509,38,49,-11,11
48510,170,164,6,6
48511,109,100,9,9
48512,90,83,7,7
48513,58,62,-4,4
48514,52,61,-9,9
48515,162,174,-12,12
48516,60,65,-5,5
48517,99,98,1,1
48518,80,77,3,3
48519,82,96,-14,14
48520,112,111,1,1
48521,81,75,6,6
48522,112,126,-14,14
48523,160,152,8,8
48524,44,54,-10,10
48525,60,64,-4,4
48526,87,77,10,10
48527,66,63,3,3
48528,54,59,-5,5
48529,158,139,19,19
48530,125,125,0,0
48531,61,68,-7,7
48532,179,169,10,10
48533,174,146,28,28
48534,86,105,-19,19
48535,86,98,-12,12
48536,79,101,-22,22
48537,60,64,-4,4
48538,78,76,2,2
48539,128,131,-3,3
48540,111,107,4,4
48541,98,100,-2,2
48542,142,123,19,19
48543,65,68,-3,3
48544,142,126,16,16
48545,176,172,4,4
48546,88,83,5,5
48547,165,161,4,4
48548,85,90,-5,5
48549,85,82,3,3
48550,88,87,1,1
48551,97,102,-5,5
48552,125,122,3,3
48553,99,95,4,4
48554,83,77,6,6
48555,97,90,7,7
48556,96,97,-1,1
48557,62,69,-7,7
48558,99,113,-14,14
48559,57,66,-9,9
48560,77,82,-5,5
48561,77,80,-3,3
48562,104,127,-23,23
48563,114,106,8,8
48564,94,88,6,6
48565,67,81,-14,14
48566,112,105,7,7
48567,128,120,8,8
48568,93,97,-4,4
48569,115,121,-6,6
48570,63,66,-3,3
48571,67,76,-9,9
48572,136,138,-2,2
48573,96,108,-12,12
48574,97,106,-9,9
48575,97,106,-9,9
48576,100,96,4,4
48577,60,63,-3,3
48578,155,180,-25,25
48579,80,95,-15,15
48580,92,106,-14,14
48581,130,124,6,6
48582,139,127,12,12
48583,121,120,1,1
48584,58,68,-10,10
48585,73,76,-3,3
48586,98,99,-1,1
48587,95,102,-7,7
48588,126,120,6,6
48589,112,106,6,6
48590,82,84,-2,2
48591,105,97,8,8
48592,68,79,-11,11
48593,67,80,-13,13
48594,121,124,-3,3
48595,164,144,20,20
48596,107,114,-7,7
48597,110,106,4,4
48598,125,127,-2,2
48599,71,71,0,0
48600,77,83,-6,6
48601,97,95,2,2
48602,114,124,-10,10
48603,140,136,4,4
48604,57,68,-11,11
48605,99,99,0,0
48606,99,96,3,3
48607,52,50,2,2
48608,83,76,7,7
48609,173,242,-69,69
48610,94,100,-6,6
48611,47,57,-10,10
48612,58,68,-10,10
48613,61,71,-10,10
48614,82,99,-17,17
48615,53,69,-16,16
48616,53,59,-6,6
48617,77,78,-1,1
48618,88,100,-12,12
48619,74,77,-3,3
48620,74,72,2,2
48621,150,140,10,10
48622,135,140,-5,5
48623,176,192,-16,16
48624,53,63,-10,10
48625,140,135,5,5
48626,106,112,-6,6
48627,189,170,19,19
48628,104,114,-10,10
48629,71,83,-12,12
48630,66,66,0,0
48631,82,85,-3,3
48632,111,124,-13,13
48633,114,103,11,11
48634,140,139,1,1
48635,95,99,-4,4
48636,152,146,6,6
48637,101,113,-12,12
48638,67,65,2,2
48639,47,66,-19,19
48640,73,83,-10,10
48641,84,101,-17,17
48642,92,88,4,4
48643,157,155,2,2
48644,128,131,-3,3
48645,96,110,-14,14
48646,91,90,1,1
48647,92,87,5,5
48648,132,125,7,7
48649,170,166,4,4
48650,103,88,15,15
48651,46,56,-10,10
48652,123,114,9,9
48653,91,80,11,11
48654,111,113,-2,2
48655,144,147,-3,3
48656,73,76,-3,3
48657,116,110,6,6
48658,137,138,-1,1
48659,131,123,8,8
48660,37,47,-10,10
48661,84,86,-2,2
48662,91,83,8,8
48663,175,174,1,1
48664,137,132,5,5
48665,91,85,6,6
48666,41,54,-13,13
48667,88,80,8,8
48668,86,83,3,3
48669,67,70,-3,3
48670,181,164,17,17
48671,108,104,4,4
48672,51,48,3,3
48673,145,135,10,10
48674,87,87,0,0
48675,42,48,-6,6
48676,92,93,-1,1
48677,196,176,20,20
48678,43,52,-9,9
48679,108,112,-4,4
48680,131,118,13,13
48681,105,113,-8,8
48682,77,80,-3,3
48683,80,81,-1,1
48684,144,136,8,8
48685,120,135,-15,15
48686,70,73,-3,3
48687,62,68,-6,6
48688,40,46,-6,6
48689,80,75,5,5
48690,93,84,9,9
48691,41,56,-15,15
48692,90,87,3,3
48693,82,78,4,4
48694,85,86,-1,1
48695,103,94,9,9
48696,119,114,5,5
48697,65,70,-5,5
48698,85,80,5,5
48699,114,106,8,8
48700,95,92,3,3
48701,39,40,-1,1
48702,89,87,2,2
48703,116,117,-1,1
48704,133,137,-4,4
48705,76,77,-1,1
48706,146,131,15,15
48707,55,66,-11,11
48708,170,167,3,3
48709,76,76,0,0
48710,89,91,-2,2
48711,76,98,-22,22
48712,107,99,8,8
48713,69,68,1,1
48714,94,103,-9,9
48715,106,106,0,0
48716,91,76,15,15
48717,158,164,-6,6
48718,110,112,-2,2
48719,69,74,-5,5
48720,90,84,6,6
48721,99,93,6,6
48722,74,72,2,2
48723,94,100,-6,6
48724,70,70,0,0
48725,81,91,-10,10
48726,136,144,-8,8
48727,89,93,-4,4
48728,113,118,-5,5
48729,110,101,9,9
48730,137,142,-5,5
48731,100,101,-1,1
48732,114,109,5,5
48733,122,107,15,15
48734,27,29,-2,2
48735,105,112,-7,7
48736,65,76,-11,11
48737,120,128,-8,8
48738,68,73,-5,5
48739,158,150,8,8
48740,76,79,-3,3
48741,123,117,6,6
48742,71,68,3,3
48743,86,86,0,0
48744,68,79,-11,11
48745,118,114,4,4
48746,36,45,-9,9
48747,26,29,-3,3
48748,55,62,-7,7
48749,87,85,2,2
48750,117,112,5,5
48751,36,46,-10,10
48752,112,105,7,7
48753,73,69,4,4
48754,93,90,3,3
48755,122,113,9,9
48756,117,117,0,0
48757,116,128,-12,12
48758,95,93,2,2
48759,51,57,-6,6
48760,81,81,0,0
48761,88,77,11,11
48762,62,68,-6,6
48763,84,70,14,14
48764,69,75,-6,6
48765,62,69,-7,7
48766,101,106,-5,5
48767,112,112,0,0
48768,182,162,20,20
48769,51,65,-14,14
48770,89,87,2,2
48771,123,126,-3,3
48772,91,92,-1,1
48773,67,75,-8,8
48774,150,136,14,14
48775,61,68,-7,7
48776,107,104,3,3
48777,53,60,-7,7
48778,79,82,-3,3
48779,143,158,-15,15
48780,115,117,-2,2
48781,66,72,-6,6
48782,104,101,3,3
48783,154,159,-5,5
48784,96,89,7,7
48785,165,168,-3,3
48786,124,125,-1,1
48787,108,103,5,5
48788,106,109,-3,3
48789,124,128,-4,4
48790,91,97,-6,6
48791,98,115,-17,17
48792,74,80,-6,6
48793,146,149,-3,3
48794,136,137,-1,1
48795,96,111,-15,15
48796,117,116,1,1
48797,113,108,5,5
48798,118,109,9,9
48799,151,142,9,9
48800,157,154,3,3
48801,98,87,11,11
48802,136,134,2,2
48803,119,133,-14,14
48804,66,68,-2,2
48805,144,134,10,10
48806,118,117,1,1
48807,186,181,5,5
48808,91,93,-2,2
48809,99,93,6,6
48810,78,83,-5,5
48811,81,86,-5,5
48812,77,82,-5,5
48813,51,60,-9,9
48814,81,84,-3,3
48815,110,112,-2,2
48816,83,81,2,2
48817,75,85,-10,10
48818,73,74,-1,1
48819,113,114,-1,1
48820,84,79,5,5
48821,94,95,-1,1
48822,77,92,-15,15
48823,101,98,3,3
48824,100,93,7,7
48825,68,67,1,1
48826,65,71,-6,6
48827,159,159,0,0
48828,66,76,-10,10
48829,149,127,22,22
48830,81,98,-17,17
48831,56,60,-4,4
48832,149,166,-17,17
48833,56,59,-3,3
48834,110,108,2,2
48835,61,67,-6,6
48836,57,58,-1,1
48837,107,112,-5,5
48838,58,65,-7,7
48839,106,109,-3,3
48840,145,128,17,17
48841,70,74,-4,4
48842,115,117,-2,2
48843,106,84,22,22
48844,144,133,11,11
48845,129,115,14,14
48846,127,127,0,0
48847,223,197,26,26
48848,147,149,-2,2
48849,95,91,4,4
48850,34,29,5,5
48851,66,64,2,2
48852,88,91,-3,3
48853,91,84,7,7
48854,90,84,6,6
48855,131,132,-1,1
48856,61,68,-7,7
48857,66,64,2,2
48858,125,134,-9,9
48859,69,68,1,1
48860,73,83,-10,10
48861,87,85,2,2
48862,89,86,3,3
48863,69,75,-6,6
48864,114,112,2,2
48865,64,67,-3,3
48866,146,140,6,6
48867,93,100,-7,7
48868,54,65,-11,11
48869,171,176,-5,5
48870,63,69,-6,6
48871,70,79,-9,9
48872,61,66,-5,5
48873,75,72,3,3
48874,158,143,15,15
48875,65,77,-12,12
48876,93,98,-5,5
48877,97,91,6,6
48878,126,107,19,19
48879,122,122,0,0
48880,128,140,-12,12
48881,109,110,-1,1
48882,90,84,6,6
48883,167,165,2,2
48884,79,73,6,6
48885,56,63,-7,7
48886,117,112,5,5
48887,80,77,3,3
48888,48,57,-9,9
48889,72,76,-4,4
48890,69,71,-2,2
48891,105,102,3,3
48892,103,98,5,5
48893,94,95,-1,1
48894,91,83,8,8
48895,117,112,5,5
48896,168,167,1,1
48897,60,64,-4,4
48898,93,103,-10,10
48899,110,104,6,6
48900,61,64,-3,3
48901,133,130,3,3
48902,124,111,13,13
48903,131,130,1,1
48904,81,80,1,1
48905,78,75,3,3
48906,117,112,5,5
48907,116,114,2,2
48908,75,81,-6,6
48909,50,62,-12,12
48910,76,71,5,5
48911,120,117,3,3
48912,96,97,-1,1
48913,99,121,-22,22
48914,163,153,10,10
48915,136,126,10,10
48916,150,140,10,10
48917,87,99,-12,12
48918,116,115,1,1
48919,127,124,3,3
48920,73,71,2,2
48921,110,117,-7,7
48922,65,69,-4,4
48923,74,75,-1,1
48924,98,95,3,3
48925,74,73,1,1
48926,105,102,3,3
48927,92,97,-5,5
48928,80,82,-2,2
48929,111,111,0,0
48930,93,89,4,4
48931,69,71,-2,2
48932,76,80,-4,4
48933,59,62,-3,3
48934,127,126,1,1
48935,45,60,-15,15
48936,100,81,19,19
48937,111,112,-1,1
48938,165,206,-41,41
48939,161,174,-13,13
48940,108,113,-5,5
48941,85,74,11,11
48942,131,139,-8,8
48943,28,41,-13,13
48944,92,85,7,7
48945,55,60,-5,5
48946,134,126,8,8
48947,112,103,9,9
48948,123,112,11,11
48949,137,135,2,2
48950,72,82,-10,10
48951,116,105,11,11
48952,136,127,9,9
48953,122,120,2,2
48954,120,121,-1,1
48955,85,77,8,8
48956,98,104,-6,6
48957,108,129,-21,21
48958,95,100,-5,5
48959,71,69,2,2
48960,160,146,14,14
48961,112,117,-5,5
48962,98,102,-4,4
48963,72,71,1,1
48964,102,102,0,0
48965,95,89,6,6
48966,130,123,7,7
48967,96,97,-1,1
48968,123,117,6,6
48969,100,107,-7,7
48970,172,168,4,4
48971,55,61,-6,6
48972,60,76,-16,16
48973,101,106,-5,5
48974,90,102,-12,12
48975,76,85,-9,9
48976,80,79,1,1
48977,100,113,-13,13
48978,61,68,-7,7
48979,75,74,1,1
48980,81,103,-22,22
48981,121,116,5,5
48982,81,83,-2,2
48983,139,139,0,0
48984,86,76,10,10
48985,94,94,0,0
48986,121,121,0,0
48987,83,77,6,6
48988,127,130,-3,3
48989,49,65,-16,16
48990,83,91,-8,8
48991,76,73,3,3
48992,113,111,2,2
48993,73,73,0,0
48994,85,84,1,1
48995,97,96,1,1
48996,82,79,3,3
48997,103,102,1,1
48998,68,71,-3,3
48999,65,70,-5,5
49000,46,52,-6,6
49001,108,102,6,6
49002,96,105,-9,9
49003,133,130,3,3
49004,97,102,-5,5
49005,62,61,1,1
49006,95,101,-6,6
49007,132,119,13,13
49008,164,153,11,11
49009,62,64,-2,2
49010,81,83,-2,2
49011,91,95,-4,4
49012,73,73,0,0
49013,73,76,-3,3
49014,105,113,-8,8
49015,75,77,-2,2
49016,73,66,7,7
49017,94,109,-15,15
49018,112,120,-8,8
49019,107,99,8,8
49020,79,76,3,3
49021,128,130,-2,2
49022,100,96,4,4
49023,68,70,-2,2
49024,84,76,8,8
49025,115,140,-25,25
49026,68,72,-4,4
49027,50,59,-9,9
49028,80,85,-5,5
49029,71,76,-5,5
49030,115,114,1,1
49031,103,115,-12,12
49032,112,112,0,0
49033,95,89,6,6
49034,132,133,-1,1
49035,108,103,5,5
49036,89,98,-9,9
49037,96,88,8,8
49038,110,110,0,0
49039,103,161,-58,58
49040,113,100,13,13
49041,72,81,-9,9
49042,85,91,-6,6
49043,106,111,-5,5
49044,101,102,-1,1
49045,117,132,-15,15
49046,67,77,-10,10
49047,82,83,-1,1
49048,61,67,-6,6
49049,64,65,-1,1
49050,86,85,1,1
49051,89,88,1,1
49052,49,57,-8,8
49053,136,118,18,18
49054,137,140,-3,3
49055,79,71,8,8
49056,127,114,13,13
49057,130,124,6,6
49058,119,130,-11,11
49059,83,76,7,7
49060,98,102,-4,4
49061,124,122,2,2
49062,72,86,-14,14
49063,114,124,-10,10
49064,144,134,10,10
49065,117,107,10,10
49066,68,69,-1,1
49067,41,52,-11,11
49068,88,95,-7,7
49069,156,148,8,8
49070,85,85,0,0
49071,99,99,0,0
49072,71,85,-14,14
49073,152,138,14,14
49074,86,81,5,5
49075,95,87,8,8
49076,100,99,1,1
49077,99,99,0,0
49078,137,121,16,16
49079,78,70,8,8
49080,142,132,10,10
49081,80,93,-13,13
49082,70,71,-1,1
49083,112,116,-4,4
49084,116,117,-1,1
49085,76,83,-7,7
49086,128,122,6,6
49087,101,100,1,1
49088,111,113,-2,2
49089,71,72,-1,1
49090,129,128,1,1
49091,170,160,10,10
49092,136,119,17,17
49093,105,100,5,5
49094,117,112,5,5
49095,102,98,4,4
49096,77,80,-3,3
49097,103,113,-10,10
49098,53,58,-5,5
49099,94,100,-6,6
49100,73,69,4,4
49101,65,67,-2,2
49102,107,126,-19,19
49103,78,87,-9,9
49104,83,80,3,3
49105,117,117,0,0
49106,33,29,4,4
49107,97,100,-3,3
49108,119,123,-4,4
49109,74,72,2,2
49110,96,93,3,3
49111,113,114,-1,1
49112,68,80,-12,12
49113,78,77,1,1
49114,123,105,18,18
49115,121,129,-8,8
49116,74,73,1,1
49117,100,93,7,7
49118,71,74,-3,3
49119,46,57,-11,11
49120,90,95,-5,5
49121,63,76,-13,13
49122,94,96,-2,2
49123,83,84,-1,1
49124,86,88,-2,2
49125,116,124,-8,8
49126,107,101,6,6
49127,111,120,-9,9
49128,211,201,10,10
49129,71,70,1,1
49130,57,69,-12,12
49131,135,138,-3,3
49132,111,108,3,3
49133,97,94,3,3
49134,139,137,2,2
49135,96,97,-1,1
49136,91,91,0,0
49137,131,130,1,1
49138,134,129,5,5
49139,81,80,1,1
49140,123,115,8,8
49141,122,128,-6,6
49142,149,145,4,4
49143,122,114,8,8
49144,114,113,1,1
49145,112,101,11,11
49146,110,104,6,6
49147,111,117,-6,6
49148,50,58,-8,8
49149,52,58,-6,6
49150,119,129,-10,10
49151,67,69,-2,2
49152,135,131,4,4
49153,81,74,7,7
49154,122,108,14,14
49155,130,131,-1,1
49156,60,67,-7,7
49157,108,118,-10,10
49158,97,103,-6,6
49159,50,60,-10,10
49160,77,73,4,4
49161,106,97,9,9
49162,100,104,-4,4
49163,70,76,-6,6
49164,99,102,-3,3
49165,108,114,-6,6
49166,138,126,12,12
49167,132,133,-1,1
49168,73,80,-7,7
49169,73,80,-7,7
49170,111,105,6,6
49171,101,101,0,0
49172,123,122,1,1
49173,80,126,-46,46
49174,56,51,5,5
49175,101,96,5,5
49176,119,120,-1,1
49177,125,141,-16,16
49178,107,107,0,0
49179,141,139,2,2
49180,110,125,-15,15
49181,91,84,7,7
49182,67,71,-4,4
49183,91,93,-2,2
49184,62,67,-5,5
49185,66,65,1,1
49186,51,74,-23,23
49187,26,29,-3,3
49188,112,114,-2,2
49189,85,80,5,5
49190,173,161,12,12
49191,65,64,1,1
49192,71,77,-6,6
49193,48,40,8,8
49194,113,123,-10,10
49195,111,113,-2,2
49196,76,80,-4,4
49197,72,75,-3,3
49198,104,100,4,4
49199,113,112,1,1
49200,80,79,1,1
49201,129,132,-3,3
49202,80,77,3,3
49203,99,99,0,0
49204,98,103,-5,5
49205,186,178,8,8
49206,84,85,-1,1
49207,46,55,-9,9
49208,81,95,-14,14
49209,62,64,-2,2
49210,85,82,3,3
49211,63,62,1,1
49212,114,124,-10,10
49213,91,85,6,6
49214,100,115,-15,15
49215,53,57,-4,4
49216,127,112,15,15
49217,93,85,8,8
49218,59,67,-8,8
49219,52,56,-4,4
49220,100,99,1,1
49221,73,78,-5,5
49222,110,112,-2,2
49223,88,75,13,13
49224,87,87,0,0
49225,53,60,-7,7
49226,96,98,-2,2
49227,70,84,-14,14
49228,80,88,-8,8
49229,80,80,0,0
49230,78,74,4,4
49231,45,50,-5,5
49232,97,96,1,1
49233,172,160,12,12
49234,92,93,-1,1
49235,72,72,0,0
49236,125,137,-12,12
49237,72,75,-3,3
49238,156,153,3,3
49239,61,66,-5,5
49240,118,126,-8,8
49241,89,113,-24,24
49242,126,111,15,15
49243,121,109,12,12
49244,63,75,-12,12
49245,96,86,10,10
49246,123,114,9,9
49247,80,86,-6,6
49248,120,122,-2,2
49249,75,79,-4,4
49250,128,126,2,2
49251,166,161,5,5
49252,129,125,4,4
49253,74,77,-3,3
49254,70,76,-6,6
49255,75,77,-2,2
49256,115,99,16,16
49257,109,110,-1,1
49258,86,84,2,2
49259,90,95,-5,5
49260,95,90,5,5
49261,102,113,-11,11
49262,178,168,10,10
49263,140,129,11,11
49264,148,145,3,3
49265,75,79,-4,4
49266,94,84,10,10
49267,83,89,-6,6
49268,184,174,10,10
49269,98,89,9,9
49270,36,29,7,7
49271,68,70,-2,2
49272,88,84,4,4
49273,71,71,0,0
49274,80,75,5,5
49275,81,80,1,1
49276,98,106,-8,8
49277,99,87,12,12
49278,41,57,-16,16
49279,51,58,-7,7
49280,161,153,8,8
49281,76,76,0,0
49282,103,100,3,3
49283,86,82,4,4
49284,111,106,5,5
49285,132,120,12,12
49286,91,84,7,7
49287,114,113,1,1
49288,106,99,7,7
49289,140,135,5,5
49290,54,57,-3,3
49291,231,207,24,24
49292,74,76,-2,2
49293,59,63,-4,4
49294,149,133,16,16
49295,98,89,9,9
49296,96,95,1,1
49297,98,102,-4,4
49298,29,29,0,0
49299,80,77,3,3
49300,115,108,7,7
49301,75,70,5,5
49302,93,97,-4,4
49303,86,83,3,3
49304,67,63,4,4
49305,56,60,-4,4
49306,120,118,2,2
49307,188,172,16,16
49308,31,42,-11,11
49309,51,64,-13,13
49310,55,62,-7,7
49311,81,83,-2,2
49312,75,81,-6,6
49313,63,69,-6,6
49314,85,82,3,3
49315,32,29,3,3
49316,83,88,-5,5
49317,86,98,-12,12
49318,122,109,13,13
49319,46,56,-10,10
49320,122,112,10,10
49321,101,106,-5,5
49322,55,70,-15,15
49323,80,86,-6,6
49324,106,110,-4,4
49325,79,89,-10,10
49326,143,148,-5,5
49327,124,127,-3,3
49328,128,126,2,2
49329,88,94,-6,6
49330,98,100,-2,2
49331,207,189,18,18
49332,133,123,10,10
49333,46,54,-8,8
49334,115,125,-10,10
49335,75,64,11,11
49336,93,86,7,7
49337,99,106,-7,7
49338,107,111,-4,4
49339,99,97,2,2
49340,78,77,1,1
49341,104,95,9,9
49342,112,116,-4,4
49343,75,78,-3,3
49344,84,87,-3,3
49345,87,99,-12,12
49346,83,79,4,4
49347,151,143,8,8
49348,23,45,-22,22
49349,168,159,9,9
49350,62,69,-7,7
49351,65,67,-2,2
49352,68,72,-4,4
49353,110,115,-5,5
49354,159,144,15,15
49355,44,56,-12,12
49356,144,138,6,6
49357,71,71,0,0
49358,71,70,1,1
49359,131,117,14,14
49360,148,102,46,46
49361,116,115,1,1
49362,117,107,10,10
49363,116,137,-21,21
49364,95,87,8,8
49365,59,73,-14,14
49366,41,44,-3,3
49367,80,86,-6,6
49368,66,70,-4,4
49369,98,87,11,11
49370,186,180,6,6
49371,109,106,3,3
49372,97,124,-27,27
49373,74,69,5,5
49374,113,114,-1,1
49375,61,62,-1,1
49376,108,109,-1,1
49377,123,115,8,8
49378,78,81,-3,3
49379,57,64,-7,7
49380,42,48,-6,6
49381,118,126,-8,8
49382,59,61,-2,2
49383,96,106,-10,10
49384,69,72,-3,3
49385,94,82,12,12
49386,84,95,-11,11
49387,182,185,-3,3
49388,44,54,-10,10
49389,74,84,-10,10
49390,84,75,9,9
49391,173,159,14,14
49392,73,79,-6,6
49393,67,70,-3,3
49394,84,90,-6,6
49395,106,105,1,1
49396,80,80,0,0
49397,79,95,-16,16
49398,61,61,0,0
49399,73,82,-9,9
49400,50,56,-6,6
49401,94,94,0,0
49402,86,92,-6,6
49403,71,71,0,0
49404,60,71,-11,11
49405,126,125,1,1
49406,60,62,-2,2
49407,65,65,0,0
49408,83,82,1,1
49409,47,51,-4,4
49410,234,201,33,33
49411,101,87,14,14
49412,111,105,6,6
49413,65,64,1,1
49414,50,60,-10,10
49415,63,72,-9,9
49416,121,125,-4,4
49417,63,55,8,8
49418,105,99,6,6
49419,51,66,-15,15
49420,85,77,8,8
49421,154,137,17,17
49422,130,119,11,11
49423,95,97,-2,2
49424,55,58,-3,3
49425,95,97,-2,2
49426,154,147,7,7
49427,109,109,0,0
49428,57,66,-9,9
49429,109,106,3,3
49430,125,110,15,15
49431,85,78,7,7
49432,76,73,3,3
49433,66,80,-14,14
49434,89,82,7,7
49435,64,65,-1,1
49436,46,58,-12,12
49437,79,80,-1,1
49438,114,115,-1,1
49439,73,71,2,2
49440,130,131,-1,1
49441,78,73,5,5
49442,62,70,-8,8
49443,49,56,-7,7
49444,65,72,-7,7
49445,66,68,-2,2
49446,72,76,-4,4
49447,81,80,1,1
49448,131,130,1,1
49449,113,112,1,1
49450,103,99,4,4
49451,60,63,-3,3
49452,61,63,-2,2
49453,62,65,-3,3
49454,79,75,4,4
49455,111,127,-16,16
49456,108,104,4,4
49457,124,108,16,16
49458,93,114,-21,21
49459,121,125,-4,4
49460,49,53,-4,4
49461,72,76,-4,4
49462,86,73,13,13
49463,64,67,-3,3
49464,95,83,12,12
49465,108,112,-4,4
49466,148,143,5,5
49467,71,68,3,3
49468,85,103,-18,18
49469,72,76,-4,4
49470,107,107,0,0
49471,121,109,12,12
49472,119,124,-5,5
49473,81,106,-25,25
49474,94,97,-3,3
49475,147,123,24,24
49476,101,106,-5,5
49477,106,113,-7,7
49478,59,67,-8,8
49479,70,71,-1,1
49480,52,57,-5,5
49481,89,80,9,9
49482,128,127,1,1
49483,111,119,-8,8
49484,146,142,4,4
49485,49,54,-5,5
49486,110,105,5,5
49487,119,109,10,10
49488,96,101,-5,5
49489,119,117,2,2
49490,140,132,8,8
49491,124,120,4,4
49492,90,82,8,8
49493,68,73,-5,5
49494,92,101,-9,9
49495,163,152,11,11
49496,77,74,3,3
49497,103,101,2,2
49498,126,110,16,16
49499,70,76,-6,6
49500,127,118,9,9
49501,76,80,-4,4
49502,138,137,1,1
49503,88,95,-7,7
49504,58,80,-22,22
49505,68,68,0,0
49506,146,146,0,0
49507,139,136,3,3
49508,71,79,-8,8
49509,143,133,10,10
49510,123,113,10,10
49511,55,62,-7,7
49512,93,97,-4,4
49513,74,81,-7,7
49514,122,118,4,4
49515,79,82,-3,3
49516,75,75,0,0
49517,72,81,-9,9
49518,122,120,2,2
49519,82,80,2,2
49520,66,69,-3,3
49521,67,72,-5,5
49522,62,68,-6,6
49523,108,100,8,8
49524,82,84,-2,2
49525,93,99,-6,6
49526,57,62,-5,5
49527,73,75,-2,2
49528,116,103,13,13
49529,97,86,11,11
49530,107,108,-1,1
49531,69,71,-2,2
49532,118,113,5,5
49533,112,112,0,0
49534,75,80,-5,5
49535,128,132,-4,4
49536,96,103,-7,7
49537,81,83,-2,2
49538,149,135,14,14
49539,65,72,-7,7
49540,28,29,-1,1
49541,92,90,2,2
49542,82,74,8,8
49543,65,79,-14,14
49544,130,127,3,3
49545,85,84,1,1
49546,105,114,-9,9
49547,119,121,-2,2
49548,124,113,11,11
49549,89,89,0,0
49550,52,55,-3,3
49551,95,89,6,6
49552,111,127,-16,16
49553,110,99,11,11
49554,104,105,-1,1
49555,107,115,-8,8
49556,79,79,0,0
49557,98,89,9,9
49558,113,117,-4,4
49559,59,64,-5,5
49560,86,77,9,9
49561,40,51,-11,11
49562,59,62,-3,3
49563,108,108,0,0
49564,49,61,-12,12
49565,86,76,10,10
49566,84,78,6,6
49567,93,93,0,0
49568,74,76,-2,2
49569,73,73,0,0
49570,89,96,-7,7
49571,83,92,-9,9
49572,94,101,-7,7
49573,103,98,5,5
49574,117,125,-8,8
49575,162,152,10,10
49576,72,86,-14,14
49577,107,113,-6,6
49578,122,117,5,5
49579,108,111,-3,3
49580,96,82,14,14
49581,98,94,4,4
49582,111,117,-6,6
49583,51,58,-7,7
49584,70,80,-10,10
49585,64,69,-5,5
49586,47,48,-1,1
49587,45,55,-10,10
49588,69,97,-28,28
49589,91,86,5,5
49590,77,68,9,9
49591,83,79,4,4
49592,73,71,2,2
49593,70,74,-4,4
49594,228,187,41,41
49595,50,56,-6,6
49596,69,71,-2,2
49597,88,85,3,3
49598,76,76,0,0
49599,80,73,7,7
49600,73,75,-2,2
49601,86,88,-2,2
49602,103,126,-23,23
49603,135,125,10,10
49604,75,82,-7,7
49605,78,82,-4,4
49606,114,99,15,15
49607,112,116,-4,4
49608,66,74,-8,8
49609,94,88,6,6
49610,86,77,9,9
49611,86,81,5,5
49612,115,125,-10,10
49613,81,76,5,5
49614,96,104,-8,8
49615,100,91,9,9
49616,137,135,2,2
49617,71,71,0,0
49618,77,75,2,2
49619,102,96,6,6
49620,83,87,-4,4
49621,87,88,-1,1
49622,123,110,13,13
49623,65,72,-7,7
49624,59,68,-9,9
49625,98,99,-1,1
49626,127,133,-6,6
49627,141,127,14,14
49628,55,60,-5,5
49629,63,70,-7,7
49630,102,96,6,6
49631,63,72,-9,9
49632,108,101,7,7
49633,105,104,1,1
49634,57,54,3,3
49635,64,57,7,7
49636,83,82,1,1
49637,97,98,-1,1
49638,97,101,-4,4
49639,84,97,-13,13
49640,117,113,4,4
49641,99,92,7,7
49642,106,109,-3,3
49643,101,98,3,3
49644,91,83,8,8
49645,131,121,10,10
49646,162,160,2,2
49647,81,80,1,1
49648,56,63,-7,7
49649,120,105,15,15
49650,103,94,9,9
49651,43,48,-5,5
49652,59,65,-6,6
49653,90,85,5,5
49654,116,112,4,4
49655,55,57,-2,2
49656,97,92,5,5
49657,99,92,7,7
49658,52,60,-8,8
49659,32,36,-4,4
49660,91,100,-9,9
49661,92,89,3,3
49662,52,59,-7,7
49663,159,145,14,14
49664,144,128,16,16
49665,115,113,2,2
49666,44,51,-7,7
49667,114,119,-5,5
49668,183,169,14,14
49669,94,91,3,3
49670,82,98,-16,16
49671,85,73,12,12
49672,71,68,3,3
49673,151,142,9,9
49674,98,96,2,2
49675,116,116,0,0
49676,108,104,4,4
49677,85,84,1,1
49678,96,109,-13,13
49679,94,103,-9,9
49680,59,66,-7,7
49681,81,80,1,1
49682,125,127,-2,2
49683,64,73,-9,9
49684,106,100,6,6
49685,89,86,3,3
49686,91,85,6,6
49687,72,67,5,5
49688,69,77,-8,8
49689,94,80,14,14
49690,133,126,7,7
49691,115,115,0,0
49692,92,85,7,7
49693,171,155,16,16
49694,108,105,3,3
49695,102,96,6,6
49696,133,140,-7,7
49697,89,81,8,8
49698,93,88,5,5
49699,39,54,-15,15
49700,119,111,8,8
49701,116,113,3,3
49702,71,65,6,6
49703,121,126,-5,5
49704,109,104,5,5
49705,121,107,14,14
49706,87,91,-4,4
49707,73,84,-11,11
49708,103,95,8,8
49709,50,57,-7,7
49710,53,59,-6,6
49711,94,97,-3,3
49712,143,151,-8,8
49713,68,68,0,0
49714,148,133,15,15
49715,54,56,-2,2
49716,121,112,9,9
49717,116,123,-7,7
49718,91,100,-9,9
49719,74,72,2,2
49720,68,69,-1,1
49721,129,128,1,1
49722,69,65,4,4
49723,43,55,-12,12
49724,125,124,1,1
49725,101,109,-8,8
49726,188,166,22,22
49727,135,124,11,11
49728,57,64,-7,7
49729,96,98,-2,2
49730,68,68,0,0
49731,154,140,14,14
49732,101,106,-5,5
49733,48,61,-13,13
49734,62,73,-11,11
49735,182,172,10,10
49736,83,74,9,9
49737,52,60,-8,8
49738,97,83,14,14
49739,108,98,10,10
49740,90,101,-11,11
49741,88,84,4,4
49742,109,113,-4,4
49743,84,96,-12,12
49744,93,106,-13,13
49745,87,82,5,5
49746,75,75,0,0
49747,77,85,-8,8
49748,159,143,16,16
49749,56,62,-6,6
49750,135,118,17,17
49751,42,52,-10,10
49752,42,40,2,2
49753,82,97,-15,15
49754,106,114,-8,8
49755,98,106,-8,8
49756,59,67,-8,8
49757,158,139,19,19
49758,109,116,-7,7
49759,93,93,0,0
49760,174,166,8,8
49761,91,95,-4,4
49762,138,119,19,19
49763,104,100,4,4
49764,92,96,-4,4
49765,67,73,-6,6
49766,87,95,-8,8
49767,135,125,10,10
49768,102,98,4,4
49769,164,155,9,9
49770,67,73,-6,6
49771,106,90,16,16
49772,88,97,-9,9
49773,109,111,-2,2
49774,97,85,12,12
49775,49,58,-9,9
49776,124,118,6,6
49777,64,66,-2,2
49778,160,149,11,11
49779,108,108,0,0
49780,71,72,-1,1
49781,108,100,8,8
49782,87,86,1,1
49783,181,167,14,14
49784,100,96,4,4
49785,52,55,-3,3
49786,128,127,1,1
49787,84,80,4,4
49788,123,112,11,11
49789,131,131,0,0
49790,113,121,-8,8
49791,127,128,-1,1
49792,85,91,-6,6
49793,71,75,-4,4
49794,108,109,-1,1
49795,74,71,3,3
49796,160,151,9,9
49797,72,81,-9,9
49798,75,76,-1,1
49799,122,127,-5,5
49800,85,83,2,2
49801,74,82,-8,8
49802,44,75,-31,31
49803,110,126,-16,16
49804,64,72,-8,8
49805,40,58,-18,18
49806,124,116,8,8
49807,88,90,-2,2
49808,123,121,2,2
49809,122,125,-3,3
49810,122,124,-2,2
49811,104,95,9,9
49812,100,102,-2,2
49813,83,79,4,4
49814,50,61,-11,11
49815,93,94,-1,1
49816,91,85,6,6
49817,78,84,-6,6
49818,121,122,-1,1
49819,90,87,3,3
49820,53,60,-7,7
49821,112,104,8,8
49822,82,80,2,2
49823,167,159,8,8
49824,97,95,2,2
49825,63,67,-4,4
49826,112,108,4,4
49827,102,85,17,17
49828,78,77,1,1
49829,124,124,0,0
49830,60,65,-5,5
49831,59,61,-2,2
49832,55,66,-11,11
49833,154,146,8,8
49834,86,84,2,2
49835,102,95,7,7
49836,70,73,-3,3
49837,47,54,-7,7
49838,79,66,13,13
49839,62,64,-2,2
49840,114,139,-25,25
49841,117,106,11,11
49842,60,64,-4,4
49843,86,77,9,9
49844,152,152,0,0
49845,168,166,2,2
49846,124,133,-9,9
49847,60,64,-4,4
49848,125,113,12,12
49849,62,69,-7,7
49850,88,93,-5,5
49851,66,67,-1,1
49852,175,161,14,14
49853,88,89,-1,1
49854,45,61,-16,16
49855,74,74,0,0
49856,135,129,6,6
49857,106,101,5,5
49858,130,115,15,15
49859,79,84,-5,5
49860,81,80,1,1
49861,65,73,-8,8
49862,107,98,9,9
49863,97,91,6,6
49864,76,84,-8,8
49865,116,108,8,8
49866,59,63,-4,4
49867,54,67,-13,13
49868,98,100,-2,2
49869,128,146,-18,18
49870,106,102,4,4
49871,78,79,-1,1
49872,131,131,0,0
49873,69,71,-2,2
49874,153,159,-6,6
49875,71,76,-5,5
49876,67,73,-6,6
49877,107,101,6,6
49878,75,101,-26,26
49879,87,87,0,0
49880,94,83,11,11
49881,90,102,-12,12
49882,74,78,-4,4
49883,135,133,2,2
49884,134,128,6,6
49885,151,140,11,11
49886,92,99,-7,7
49887,92,99,-7,7
49888,80,82,-2,2
49889,91,93,-2,2
49890,89,94,-5,5
49891,86,80,6,6
49892,76,79,-3,3
49893,107,104,3,3
49894,140,113,27,27
49895,85,101,-16,16
49896,85,84,1,1
49897,69,64,5,5
49898,96,94,2,2
49899,62,62,0,0
49900,79,77,2,2
49901,138,117,21,21
49902,115,102,13,13
49903,106,100,6,6
49904,93,91,2,2
49905,122,118,4,4
49906,106,99,7,7
49907,90,89,1,1
49908,88,78,10,10
49909,72,72,0,0
49910,84,93,-9,9
49911,138,140,-2,2
49912,92,98,-6,6
49913,95,96,-1,1
49914,86,83,3,3
49915,73,69,4,4
49916,70,81,-11,11
49917,61,65,-4,4
49918,161,148,13,13
49919,89,84,5,5
49920,130,126,4,4
49921,99,73,26,26
49922,79,79,0,0
49923,47,62,-15,15
49924,75,85,-10,10
49925,69,72,-3,3
49926,78,80,-2,2
49927,45,53,-8,8
49928,67,78,-11,11
49929,99,110,-11,11
49930,92,108,-16,16
49931,116,113,3,3
49932,132,119,13,13
49933,88,94,-6,6
49934,94,100,-6,6
49935,112,121,-9,9
49936,40,57,-17,17
49937,58,63,-5,5
49938,88,79,9,9
49939,85,83,2,2
49940,86,55,31,31
49941,145,141,4,4
49942,105,100,5,5
49943,99,93,6,6
49944,62,65,-3,3
49945,95,98,-3,3
49946,90,80,10,10
49947,57,54,3,3
49948,104,97,7,7
49949,70,71,-1,1
49950,103,96,7,7
49951,102,94,8,8
49952,56,60,-4,4
49953,67,72,-5,5
49954,65,70,-5,5
49955,65,74,-9,9
49956,100,129,-29,29
49957,77,89,-12,12
49958,140,127,13,13
49959,86,77,9,9
49960,123,123,0,0
49961,33,77,-44,44
49962,102,98,4,4
49963,116,110,6,6
49964,63,70,-7,7
49965,79,84,-5,5
49966,160,151,9,9
49967,60,63,-3,3
49968,65,65,0,0
49969,84,83,1,1
49970,67,70,-3,3
49971,90,93,-3,3
49972,70,79,-9,9
49973,68,72,-4,4
49974,104,117,-13,13
49975,87,86,1,1
49976,124,114,10,10
49977,128,127,1,1
49978,166,166,0,0
49979,72,75,-3,3
49980,54,59,-5,5
49981,111,100,11,11
49982,93,88,5,5
49983,107,103,4,4
49984,137,133,4,4
49985,89,82,7,7
49986,68,65,3,3
49987,52,58,-6,6
49988,75,85,-10,10
49989,79,77,2,2
49990,48,61,-13,13
49991,75,73,2,2
49992,85,82,3,3
49993,78,83,-5,5
49994,101,100,1,1
49995,173,152,21,21
49996,90,81,9,9
49997,55,58,-3,3
49998,98,103,-5,5
49999,131,115,16,16
50000,149,135,14,14
50001,90,90,0,0
50002,51,54,-3,3
50003,68,71,-3,3
50004,111,101,10,10
50005,77,81,-4,4
50006,150,143,7,7
50007,123,116,7,7
50008,42,54,-12,12
50009,111,106,5,5
50010,73,75,-2,2
50011,77,78,-1,1
50012,74,86,-12,12
50013,145,133,12,12
50014,77,73,4,4
50015,102,103,-1,1
50016,79,80,-1,1
50017,65,70,-5,5
50018,64,67,-3,3
50019,54,53,1,1
50020,127,119,8,8
50021,126,134,-8,8
50022,83,82,1,1
50023,108,101,7,7
50024,103,102,1,1
50025,132,134,-2,2
50026,141,127,14,14
50027,132,128,4,4
50028,71,75,-4,4
50029,111,111,0,0
50030,133,128,5,5
50031,102,102,0,0
50032,57,61,-4,4
50033,92,104,-12,12
50034,120,112,8,8
50035,85,79,6,6
50036,86,95,-9,9
50037,79,76,3,3
50038,69,76,-7,7
50039,63,56,7,7
50040,118,123,-5,5
50041,132,123,9,9
50042,72,77,-5,5
50043,98,112,-14,14
50044,110,112,-2,2
50045,105,109,-4,4
50046,67,70,-3,3
50047,92,99,-7,7
50048,118,130,-12,12
50049,134,117,17,17
50050,70,69,1,1
50051,129,118,11,11
50052,67,68,-1,1
50053,36,29,7,7
50054,137,146,-9,9
50055,40,57,-17,17
50056,89,91,-2,2
50057,89,89,0,0
50058,83,82,1,1
50059,70,88,-18,18
50060,125,125,0,0
50061,113,108,5,5
50062,64,67,-3,3
50063,101,94,7,7
50064,92,85,7,7
50065,118,112,6,6
50066,70,74,-4,4
50067,87,116,-29,29
50068,112,111,1,1
50069,195,193,2,2
50070,122,120,2,2
50071,59,62,-3,3
50072,155,144,11,11
50073,131,125,6,6
50074,143,120,23,23
50075,117,101,16,16
50076,120,116,4,4
50077,113,106,7,7
50078,102,100,2,2
50079,131,119,12,12
50080,105,100,5,5
50081,87,92,-5,5
50082,66,68,-2,2
50083,122,133,-11,11
50084,116,103,13,13
50085,104,99,5,5
50086,51,61,-10,10
50087,90,89,1,1
50088,87,86,1,1
50089,93,100,-7,7
50090,61,72,-11,11
50091,106,111,-5,5
50092,47,56,-9,9
50093,80,77,3,3
50094,74,71,3,3
50095,50,57,-7,7
50096,167,158,9,9
50097,56,58,-2,2
50098,110,120,-10,10
50099,160,128,32,32
50100,105,107,-2,2
50101,63,65,-2,2
50102,97,98,-1,1
50103,98,96,2,2
50104,108,108,0,0
50105,105,106,-1,1
50106,119,105,14,14
50107,144,130,14,14
50108,65,65,0,0
50109,112,114,-2,2
50110,113,107,6,6
50111,98,106,-8,8
50112,83,77,6,6
50113,170,159,11,11
50114,88,94,-6,6
50115,109,104,5,5
50116,92,90,2,2
50117,121,122,-1,1
50118,58,55,3,3
50119,96,125,-29,29
50120,108,104,4,4
50121,150,146,4,4
50122,78,79,-1,1
50123,43,48,-5,5
50124,49,62,-13,13
50125,173,155,18,18
50126,100,98,2,2
50127,104,99,5,5
50128,76,90,-14,14
50129,108,106,2,2
50130,148,140,8,8
50131,74,75,-1,1
50132,72,69,3,3
50133,78,72,6,6
50134,108,110,-2,2
50135,92,94,-2,2
50136,94,99,-5,5
50137,104,108,-4,4
50138,102,111,-9,9
50139,70,70,0,0
50140,88,82,6,6
50141,104,106,-2,2
50142,115,96,19,19
50143,87,79,8,8
50144,110,109,1,1
50145,70,73,-3,3
50146,78,79,-1,1
50147,80,82,-2,2
50148,56,60,-4,4
50149,125,122,3,3
50150,79,78,1,1
50151,90,83,7,7
50152,134,133,1,1
50153,123,120,3,3
50154,116,102,14,14
50155,79,80,-1,1
50156,100,115,-15,15
50157,55,63,-8,8
50158,86,83,3,3
50159,125,133,-8,8
50160,68,72,-4,4
50161,73,77,-4,4
50162,103,99,4,4
50163,172,176,-4,4
50164,18,30,-12,12
50165,80,84,-4,4
50166,64,66,-2,2
50167,90,91,-1,1
50168,100,104,-4,4
50169,52,62,-10,10
50170,199,178,21,21
50171,90,95,-5,5
50172,80,99,-19,19
50173,138,144,-6,6
50174,64,71,-7,7
50175,101,98,3,3
50176,116,130,-14,14
50177,134,118,16,16
50178,113,113,0,0
50179,84,80,4,4
50180,55,72,-17,17
50181,194,183,11,11
50182,81,87,-6,6
50183,100,99,1,1
50184,97,101,-4,4
50185,64,66,-2,2
50186,55,62,-7,7
50187,68,74,-6,6
50188,103,102,1,1
50189,102,88,14,14
50190,68,66,2,2
50191,95,93,2,2
50192,74,78,-4,4
50193,77,64,13,13
50194,97,104,-7,7
50195,77,70,7,7
50196,124,117,7,7
50197,62,68,-6,6
50198,78,82,-4,4
50199,149,142,7,7
50200,53,67,-14,14
50201,80,84,-4,4
50202,82,90,-8,8
50203,69,71,-2,2
50204,80,89,-9,9
50205,45,50,-5,5
50206,66,70,-4,4
50207,46,60,-14,14
50208,82,87,-5,5
50209,45,51,-6,6
50210,105,102,3,3
50211,109,99,10,10
50212,89,87,2,2
50213,69,72,-3,3
50214,132,110,22,22
50215,106,112,-6,6
50216,132,127,5,5
50217,141,140,1,1
50218,282,267,15,15
50219,151,165,-14,14
50220,93,87,6,6
50221,129,130,-1,1
50222,82,92,-10,10
50223,72,75,-3,3
50224,86,84,2,2
50225,42,39,3,3
50226,85,78,7,7
50227,105,94,11,11
50228,110,105,5,5
50229,50,58,-8,8
50230,88,99,-11,11
50231,98,87,11,11
50232,85,79,6,6
50233,122,125,-3,3
50234,122,146,-24,24
50235,124,119,5,5
50236,77,80,-3,3
50237,117,115,2,2
50238,98,114,-16,16
50239,90,86,4,4
50240,129,120,9,9
50241,88,99,-11,11
50242,73,76,-3,3
50243,77,80,-3,3
50244,139,147,-8,8
50245,96,94,2,2
50246,102,97,5,5
50247,87,95,-8,8
50248,70,70,0,0
50249,159,152,7,7
50250,60,66,-6,6
50251,69,67,2,2
50252,113,113,0,0
50253,156,147,9,9
50254,118,112,6,6
50255,53,58,-5,5
50256,104,109,-5,5
50257,83,75,8,8
50258,67,62,5,5
50259,95,108,-13,13
50260,103,102,1,1
50261,132,146,-14,14
50262,115,106,9,9
50263,89,95,-6,6
50264,107,102,5,5
50265,99,104,-5,5
50266,97,97,0,0
50267,54,63,-9,9
50268,101,101,0,0
50269,97,88,9,9
50270,81,86,-5,5
50271,150,160,-10,10
50272,76,104,-28,28
50273,87,93,-6,6
50274,101,119,-18,18
50275,51,60,-9,9
50276,99,101,-2,2
50277,76,74,2,2
50278,170,157,13,13
50279,129,109,20,20
50280,73,77,-4,4
50281,172,177,-5,5
50282,142,137,5,5
50283,104,104,0,0
50284,125,122,3,3
50285,51,59,-8,8
50286,127,127,0,0
50287,150,140,10,10
50288,71,77,-6,6
50289,129,136,-7,7
50290,92,100,-8,8
50291,83,79,4,4
50292,82,84,-2,2
50293,143,154,-11,11
50294,105,102,3,3
50295,60,66,-6,6
50296,79,83,-4,4
50297,26,29,-3,3
50298,131,115,16,16
50299,90,85,5,5
50300,72,74,-2,2
50301,62,68,-6,6
50302,76,71,5,5
50303,138,135,3,3
50304,81,82,-1,1
50305,108,103,5,5
50306,88,100,-12,12
50307,115,120,-5,5
50308,123,117,6,6
50309,89,99,-10,10
50310,123,124,-1,1
50311,104,101,3,3
50312,67,66,1,1
50313,82,89,-7,7
50314,68,68,0,0
50315,72,69,3,3
50316,92,91,1,1
50317,60,64,-4,4
50318,76,94,-18,18
50319,91,97,-6,6
50320,95,85,10,10
50321,101,103,-2,2
50322,96,98,-2,2
50323,122,117,5,5
50324,139,141,-2,2
50325,141,114,27,27
50326,89,82,7,7
50327,103,115,-12,12
50328,51,64,-13,13
50329,75,82,-7,7
50330,107,116,-9,9
50331,64,70,-6,6
50332,54,58,-4,4
50333,90,85,5,5
50334,75,82,-7,7
50335,136,127,9,9
50336,99,109,-10,10
50337,128,135,-7,7
50338,125,106,19,19
50339,131,118,13,13
50340,61,57,4,4
50341,60,64,-4,4
50342,70,81,-11,11
50343,136,139,-3,3
50344,91,80,11,11
50345,74,74,0,0
50346,63,70,-7,7
50347,113,103,10,10
50348,78,68,10,10
50349,208,196,12,12
50350,153,148,5,5
50351,154,154,0,0
50352,92,92,0,0
50353,61,64,-3,3
50354,88,94,-6,6
50355,53,70,-17,17
50356,60,63,-3,3
50357,101,97,4,4
50358,108,108,0,0
50359,70,68,2,2
50360,73,72,1,1
50361,86,86,0,0
50362,63,66,-3,3
50363,105,108,-3,3
50364,72,67,5,5
50365,145,131,14,14
50366,71,73,-2,2
50367,148,139,9,9
50368,68,77,-9,9
50369,158,145,13,13
50370,176,169,7,7
50371,98,80,18,18
50372,151,144,7,7
50373,72,88,-16,16
50374,48,57,-9,9
50375,77,77,0,0
50376,65,68,-3,3
50377,107,108,-1,1
50378,93,86,7,7
50379,103,111,-8,8
50380,95,89,6,6
50381,45,58,-13,13
50382,148,144,4,4
50383,130,128,2,2
50384,123,117,6,6
50385,91,94,-3,3
50386,127,151,-24,24
50387,66,75,-9,9
50388,71,71,0,0
50389,133,125,8,8
50390,111,117,-6,6
50391,92,103,-11,11
50392,72,72,0,0
50393,70,71,-1,1
50394,158,152,6,6
50395,56,60,-4,4
50396,63,68,-5,5
50397,73,74,-1,1
50398,170,157,13,13
50399,118,125,-7,7
50400,83,92,-9,9
50401,59,69,-10,10
50402,95,80,15,15
50403,79,66,13,13
50404,79,74,5,5
50405,103,124,-21,21
50406,127,124,3,3
50407,93,99,-6,6
50408,82,82,0,0
50409,48,55,-7,7
50410,90,94,-4,4
50411,76,69,7,7
50412,91,97,-6,6
50413,43,54,-11,11
50414,66,71,-5,5
50415,55,62,-7,7
50416,93,97,-4,4
50417,102,98,4,4
50418,56,62,-6,6
50419,91,90,1,1
50420,126,128,-2,2
50421,78,84,-6,6
50422,81,79,2,2
50423,103,102,1,1
50424,114,111,3,3
50425,103,103,0,0
50426,137,139,-2,2
50427,111,108,3,3
50428,71,73,-2,2
50429,99,84,15,15
50430,118,114,4,4
50431,145,136,9,9
50432,83,79,4,4
50433,59,60,-1,1
50434,79,82,-3,3
50435,60,62,-2,2
50436,59,61,-2,2
50437,109,112,-3,3
50438,74,79,-5,5
50439,125,132,-7,7
50440,112,102,10,10
50441,74,76,-2,2
50442,149,143,6,6
50443,79,88,-9,9
50444,76,74,2,2
50445,124,116,8,8
50446,62,68,-6,6
50447,59,77,-18,18
50448,190,178,12,12
50449,62,79,-17,17
50450,105,114,-9,9
50451,97,81,16,16
50452,128,126,2,2
50453,113,112,1,1
50454,98,91,7,7
50455,37,47,-10,10
50456,136,135,1,1
50457,79,93,-14,14
50458,47,59,-12,12
50459,98,85,13,13
50460,101,106,-5,5
50461,87,88,-1,1
50462,49,61,-12,12
50463,88,75,13,13
50464,92,87,5,5
50465,128,126,2,2
50466,111,106,5,5
50467,106,104,2,2
50468,57,66,-9,9
50469,95,104,-9,9
50470,60,60,0,0
50471,131,119,12,12
50472,88,80,8,8
50473,83,84,-1,1
50474,109,104,5,5
50475,114,115,-1,1
50476,84,85,-1,1
50477,85,85,0,0
50478,86,89,-3,3
50479,76,77,-1,1
50480,112,100,12,12
50481,106,113,-7,7
50482,56,60,-4,4
50483,120,124,-4,4
50484,53,64,-11,11
50485,32,54,-22,22
50486,184,185,-1,1
50487,82,74,8,8
50488,66,70,-4,4
50489,67,77,-10,10
50490,123,124,-1,1
50491,123,120,3,3
50492,146,127,19,19
50493,74,76,-2,2
50494,113,105,8,8
50495,102,110,-8,8
50496,143,130,13,13
50497,88,84,4,4
50498,136,128,8,8
50499,149,155,-6,6
50500,165,164,1,1
50501,59,64,-5,5
50502,87,83,4,4
50503,85,81,4,4
50504,54,64,-10,10
50505,48,44,4,4
50506,73,70,3,3
50507,74,72,2,2
50508,125,131,-6,6
50509,71,68,3,3
50510,36,43,-7,7
50511,127,114,13,13
50512,71,70,1,1
50513,92,91,1,1
50514,55,59,-4,4
50515,62,59,3,3
50516,76,70,6,6
50517,64,66,-2,2
50518,129,125,4,4
50519,147,139,8,8
50520,69,74,-5,5
50521,76,73,3,3
50522,86,89,-3,3
50523,66,60,6,6
50524,76,75,1,1
50525,74,79,-5,5
50526,54,61,-7,7
50527,109,113,-4,4
50528,141,135,6,6
50529,55,64,-9,9
50530,121,107,14,14
50531,79,83,-4,4
50532,80,75,5,5
50533,156,159,-3,3
50534,44,46,-2,2
50535,114,105,9,9
50536,105,103,2,2
50537,73,75,-2,2
50538,84,83,1,1
50539,176,165,11,11
50540,62,62,0,0
50541,121,113,8,8
50542,114,116,-2,2
50543,87,88,-1,1
50544,77,83,-6,6
50545,64,66,-2,2
50546,165,155,10,10
50547,139,150,-11,11
50548,121,117,4,4
50549,97,91,6,6
50550,193,168,25,25
50551,125,129,-4,4
50552,76,95,-19,19
50553,54,57,-3,3
50554,134,139,-5,5
50555,72,74,-2,2
50556,96,95,1,1
50557,37,29,8,8
50558,125,114,11,11
50559,87,80,7,7
50560,33,43,-10,10
50561,71,72,-1,1
50562,53,61,-8,8
50563,59,67,-8,8
50564,110,104,6,6
50565,82,85,-3,3
50566,110,106,4,4
50567,64,63,1,1
50568,65,68,-3,3
50569,134,125,9,9
50570,58,66,-8,8
50571,90,98,-8,8
50572,79,82,-3,3
50573,66,83,-17,17
50574,88,101,-13,13
50575,89,125,-36,36
50576,124,123,1,1
50577,111,107,4,4
50578,144,130,14,14
50579,131,131,0,0
50580,133,128,5,5
50581,104,103,1,1
50582,63,69,-6,6
50583,72,67,5,5
50584,76,74,2,2
50585,59,59,0,0
50586,110,103,7,7
50587,69,69,0,0
50588,112,113,-1,1
50589,41,58,-17,17
50590,135,130,5,5
50591,101,123,-22,22
50592,86,83,3,3
50593,116,124,-8,8
50594,88,86,2,2
50595,74,86,-12,12
50596,41,55,-14,14
50597,91,102,-11,11
50598,164,153,11,11
50599,58,58,0,0
50600,203,171,32,32
50601,84,85,-1,1
50602,91,75,16,16
50603,98,102,-4,4
50604,123,128,-5,5
50605,63,57,6,6
50606,88,81,7,7
50607,92,102,-10,10
50608,117,115,2,2
50609,72,68,4,4
50610,69,71,-2,2
50611,77,75,2,2
50612,77,77,0,0
50613,73,70,3,3
50614,94,94,0,0
50615,118,113,5,5
50616,98,98,0,0
50617,82,82,0,0
50618,137,125,12,12
50619,84,99,-15,15
50620,113,111,2,2
50621,145,128,17,17
50622,67,70,-3,3
50623,101,106,-5,5
50624,37,65,-28,28
50625,49,59,-10,10
50626,63,70,-7,7
50627,76,75,1,1
50628,216,187,29,29
50629,138,141,-3,3
50630,96,99,-3,3
50631,76,87,-11,11
50632,66,70,-4,4
50633,55,57,-2,2
50634,92,95,-3,3
50635,83,89,-6,6
50636,107,124,-17,17
50637,124,115,9,9
50638,78,76,2,2
50639,149,148,1,1
50640,154,151,3,3
50641,67,67,0,0
50642,82,80,2,2
50643,99,100,-1,1
50644,107,110,-3,3
50645,156,150,6,6
50646,174,200,-26,26
50647,103,100,3,3
50648,116,116,0,0
50649,44,36,8,8
50650,108,107,1,1
50651,94,102,-8,8
50652,63,71,-8,8
50653,95,93,2,2
50654,57,64,-7,7
50655,72,76,-4,4
50656,72,71,1,1
50657,101,101,0,0
50658,94,115,-21,21
50659,86,74,12,12
50660,157,148,9,9
50661,56,62,-6,6
50662,77,78,-1,1
50663,76,85,-9,9
50664,164,164,0,0
50665,68,76,-8,8
50666,65,73,-8,8
50667,124,123,1,1
50668,62,67,-5,5
50669,138,127,11,11
50670,146,141,5,5
50671,135,158,-23,23
50672,124,115,9,9
50673,105,100,5,5
50674,71,70,1,1
50675,84,82,2,2
50676,84,77,7,7
50677,70,72,-2,2
50678,112,105,7,7
50679,127,133,-6,6
50680,51,132,-81,81
50681,104,102,2,2
50682,96,104,-8,8
50683,97,84,13,13
50684,72,75,-3,3
50685,117,112,5,5
50686,115,128,-13,13
50687,76,80,-4,4
50688,98,101,-3,3
50689,70,76,-6,6
50690,97,102,-5,5
50691,131,151,-20,20
50692,50,58,-8,8
50693,68,71,-3,3
50694,64,64,0,0
50695,103,104,-1,1
50696,48,53,-5,5
50697,106,104,2,2
50698,80,82,-2,2
50699,131,130,1,1
50700,59,64,-5,5
50701,196,189,7,7
50702,143,151,-8,8
50703,74,71,3,3
50704,69,75,-6,6
50705,70,74,-4,4
50706,114,105,9,9
50707,70,70,0,0
50708,42,55,-13,13
50709,112,122,-10,10
50710,79,71,8,8
50711,159,157,2,2
50712,121,109,12,12
50713,69,73,-4,4
50714,93,83,10,10
50715,90,90,0,0
50716,91,100,-9,9
50717,65,71,-6,6
50718,136,145,-9,9
50719,65,72,-7,7
50720,51,63,-12,12
50721,131,120,11,11
50722,81,85,-4,4
50723,60,120,-60,60
50724,99,94,5,5
50725,37,75,-38,38
50726,131,119,12,12
50727,164,146,18,18
50728,63,69,-6,6
50729,208,192,16,16
50730,40,56,-16,16
50731,94,108,-14,14
50732,114,116,-2,2
50733,72,79,-7,7
50734,83,77,6,6
50735,65,71,-6,6
50736,124,130,-6,6
50737,45,56,-11,11
50738,78,76,2,2
50739,139,129,10,10
50740,63,70,-7,7
50741,88,95,-7,7
50742,81,81,0,0
50743,79,71,8,8
50744,106,103,3,3
50745,129,121,8,8
50746,107,111,-4,4
50747,67,76,-9,9
50748,119,116,3,3
50749,96,102,-6,6
50750,96,87,9,9
50751,64,70,-6,6
50752,110,110,0,0
50753,122,128,-6,6
50754,159,161,-2,2
50755,84,86,-2,2
50756,78,75,3,3
50757,186,193,-7,7
50758,77,77,0,0
50759,95,86,9,9
50760,78,77,1,1
50761,84,105,-21,21
50762,115,110,5,5
50763,104,108,-4,4
50764,84,76,8,8
50765,94,88,6,6
50766,103,97,6,6
50767,120,116,4,4
50768,80,86,-6,6
50769,63,61,2,2
50770,113,122,-9,9
50771,82,91,-9,9
50772,111,112,-1,1
50773,103,105,-2,2
50774,122,117,5,5
50775,81,82,-1,1
50776,141,144,-3,3
50777,122,121,1,1
50778,136,131,5,5
50779,67,72,-5,5
50780,91,109,-18,18
50781,86,89,-3,3
50782,97,92,5,5
50783,42,65,-23,23
50784,63,69,-6,6
50785,118,118,0,0
50786,81,91,-10,10
50787,62,61,1,1
50788,55,64,-9,9
50789,89,97,-8,8
50790,71,74,-3,3
50791,57,64,-7,7
50792,83,88,-5,5
50793,153,146,7,7
50794,106,101,5,5
50795,122,111,11,11
50796,76,76,0,0
50797,90,97,-7,7
50798,70,83,-13,13
50799,33,33,0,0
50800,83,80,3,3
50801,50,58,-8,8
50802,118,112,6,6
50803,115,111,4,4
50804,45,49,-4,4
50805,58,62,-4,4
50806,38,47,-9,9
50807,97,107,-10,10
50808,39,54,-15,15
50809,28,29,-1,1
50810,117,118,-1,1
50811,115,115,0,0
50812,121,117,4,4
50813,105,113,-8,8
50814,88,84,4,4
50815,64,75,-11,11
50816,85,87,-2,2
50817,103,89,14,14
50818,76,77,-1,1
50819,60,67,-7,7
50820,73,76,-3,3
50821,70,69,1,1
50822,54,60,-6,6
50823,83,95,-12,12
50824,77,76,1,1
50825,58,60,-2,2
50826,105,96,9,9
50827,145,143,2,2
50828,119,101,18,18
50829,100,100,0,0
50830,84,85,-1,1
50831,88,79,9,9
50832,90,85,5,5
50833,65,75,-10,10
50834,131,125,6,6
50835,76,93,-17,17
50836,166,170,-4,4
50837,52,57,-5,5
50838,156,157,-1,1
50839,139,151,-12,12
50840,80,77,3,3
50841,73,77,-4,4
50842,94,93,1,1
50843,83,84,-1,1
50844,108,102,6,6
50845,71,71,0,0
50846,98,107,-9,9
50847,94,95,-1,1
50848,99,98,1,1
50849,29,29,0,0
50850,85,80,5,5
50851,92,94,-2,2
50852,96,98,-2,2
50853,107,102,5,5
50854,31,56,-25,25
50855,80,64,16,16
50856,86,83,3,3
50857,147,135,12,12
50858,113,118,-5,5
50859,58,62,-4,4
50860,69,76,-7,7
50861,81,87,-6,6
50862,105,105,0,0
50863,146,128,18,18
50864,126,120,6,6
50865,72,74,-2,2
50866,110,105,5,5
50867,140,147,-7,7
50868,93,86,7,7
50869,88,85,3,3
50870,84,104,-20,20
50871,57,62,-5,5
50872,78,75,3,3
50873,76,72,4,4
50874,143,126,17,17
50875,108,142,-34,34
50876,45,62,-17,17
50877,87,92,-5,5
50878,77,76,1,1
50879,96,116,-20,20
50880,84,81,3,3
50881,60,66,-6,6
50882,74,83,-9,9
50883,83,80,3,3
50884,69,68,1,1
50885,58,57,1,1
50886,73,73,0,0
50887,81,85,-4,4
50888,106,94,12,12
50889,140,152,-12,12
50890,75,77,-2,2
50891,102,104,-2,2
50892,137,118,19,19
50893,63,95,-32,32
50894,80,76,4,4
50895,65,74,-9,9
50896,151,142,9,9
50897,138,140,-2,2
50898,104,99,5,5
50899,142,135,7,7
50900,77,88,-11,11
50901,102,104,-2,2
50902,83,83,0,0
50903,74,84,-10,10
50904,113,110,3,3
50905,115,112,3,3
50906,86,100,-14,14
50907,66,65,1,1
50908,123,114,9,9
50909,173,164,9,9
50910,138,144,-6,6
50911,121,121,0,0
50912,187,182,5,5
50913,103,94,9,9
50914,93,153,-60,60
50915,134,127,7,7
50916,84,77,7,7
50917,140,131,9,9
50918,139,127,12,12
50919,112,123,-11,11
50920,81,82,-1,1
50921,48,52,-4,4
50922,111,109,2,2
50923,133,128,5,5
50924,158,147,11,11
50925,47,57,-10,10
50926,115,122,-7,7
50927,59,70,-11,11
50928,136,129,7,7
50929,86,91,-5,5
50930,89,98,-9,9
50931,104,107,-3,3
50932,88,92,-4,4
50933,68,71,-3,3
50934,105,98,7,7
50935,122,115,7,7
50936,93,85,8,8
50937,172,164,8,8
50938,77,83,-6,6
50939,141,132,9,9
50940,106,109,-3,3
50941,102,111,-9,9
50942,136,126,10,10
50943,83,79,4,4
50944,60,66,-6,6
50945,90,102,-12,12
50946,69,72,-3,3
50947,96,94,2,2
50948,101,101,0,0
50949,90,78,12,12
50950,95,101,-6,6
50951,80,91,-11,11
50952,91,95,-4,4
50953,125,128,-3,3
50954,85,80,5,5
50955,129,128,1,1
50956,117,119,-2,2
50957,77,77,0,0
50958,82,88,-6,6
50959,135,128,7,7
50960,120,114,6,6
50961,89,76,13,13
50962,161,158,3,3
50963,70,74,-4,4
50964,60,68,-8,8
50965,172,163,9,9
50966,136,129,7,7
50967,86,79,7,7
50968,106,114,-8,8
50969,107,112,-5,5
50970,98,100,-2,2
50971,120,144,-24,24
50972,158,155,3,3
50973,61,63,-2,2
50974,101,98,3,3
50975,94,95,-1,1
50976,60,69,-9,9
50977,68,72,-4,4
50978,99,85,14,14
50979,56,58,-2,2
50980,110,99,11,11
50981,102,104,-2,2
50982,83,84,-1,1
50983,92,93,-1,1
50984,77,74,3,3
50985,125,134,-9,9
50986,79,75,4,4
50987,67,67,0,0
50988,113,112,1,1
50989,122,124,-2,2
50990,131,125,6,6
50991,104,100,4,4
50992,89,107,-18,18
50993,92,95,-3,3
50994,217,152,65,65
50995,45,34,11,11
50996,69,82,-13,13
50997,112,116,-4,4
50998,146,123,23,23
50999,95,97,-2,2
51000,91,98,-7,7
51001,70,75,-5,5
51002,75,87,-12,12
51003,95,98,-3,3
51004,112,99,13,13
51005,58,62,-4,4
51006,54,58,-4,4
51007,94,100,-6,6
51008,108,103,5,5
51009,89,91,-2,2
51010,90,91,-1,1
51011,129,124,5,5
51012,105,93,12,12
51013,94,91,3,3
51014,132,148,-16,16
51015,95,94,1,1
51016,68,63,5,5
51017,97,88,9,9
51018,128,118,10,10
51019,116,117,-1,1
51020,93,95,-2,2
51021,89,81,8,8
51022,176,179,-3,3
51023,172,174,-2,2
51024,54,58,-4,4
51025,60,69,-9,9
51026,39,52,-13,13
51027,96,84,12,12
51028,60,75,-15,15
51029,52,56,-4,4
51030,105,105,0,0
51031,137,137,0,0
51032,151,139,12,12
51033,108,121,-13,13
51034,100,99,1,1
51035,68,73,-5,5
51036,99,103,-4,4
51037,100,99,1,1
51038,112,106,6,6
51039,78,73,5,5
51040,110,111,-1,1
51041,70,67,3,3
51042,122,117,5,5
51043,72,77,-5,5
51044,191,178,13,13
51045,106,109,-3,3
51046,102,103,-1,1
51047,130,117,13,13
51048,83,83,0,0
51049,70,74,-4,4
51050,93,100,-7,7
51051,98,93,5,5
51052,72,71,1,1
51053,121,110,11,11
51054,157,149,8,8
51055,72,77,-5,5
51056,88,85,3,3
51057,109,108,1,1
51058,129,120,9,9
51059,185,170,15,15
51060,82,93,-11,11
51061,45,46,-1,1
51062,47,56,-9,9
51063,75,83,-8,8
51064,107,96,11,11
51065,73,77,-4,4
51066,90,90,0,0
51067,69,73,-4,4
51068,100,108,-8,8
51069,87,77,10,10
51070,56,59,-3,3
51071,83,77,6,6
51072,140,142,-2,2
51073,64,62,2,2
51074,97,93,4,4
51075,86,85,1,1
51076,129,113,16,16
51077,119,109,10,10
51078,85,85,0,0
51079,109,101,8,8
51080,92,89,3,3
51081,152,141,11,11
51082,74,77,-3,3
51083,147,203,-56,56
51084,117,114,3,3
51085,85,97,-12,12
51086,115,125,-10,10
51087,96,93,3,3
51088,109,110,-1,1
51089,70,73,-3,3
51090,107,102,5,5
51091,71,80,-9,9
51092,80,82,-2,2
51093,117,113,4,4
51094,149,152,-3,3
51095,74,73,1,1
51096,100,97,3,3
51097,131,140,-9,9
51098,100,101,-1,1
51099,72,71,1,1
51100,92,110,-18,18
51101,68,67,1,1
51102,71,77,-6,6
51103,60,61,-1,1
51104,74,76,-2,2
51105,114,113,1,1
51106,44,50,-6,6
51107,104,117,-13,13
51108,143,141,2,2
51109,159,144,15,15
51110,76,77,-1,1
51111,93,91,2,2
51112,91,92,-1,1
51113,91,96,-5,5
51114,188,171,17,17
51115,85,87,-2,2
51116,58,56,2,2
51117,115,111,4,4
51118,51,59,-8,8
51119,49,54,-5,5
51120,108,113,-5,5
51121,92,96,-4,4
51122,102,111,-9,9
51123,113,112,1,1
51124,100,101,-1,1
51125,80,75,5,5
51126,109,114,-5,5
51127,72,74,-2,2
51128,91,99,-8,8
51129,93,94,-1,1
51130,44,50,-6,6
51131,104,111,-7,7
51132,50,65,-15,15
51133,76,77,-1,1
51134,53,56,-3,3
51135,119,116,3,3
51136,105,97,8,8
51137,110,125,-15,15
51138,148,150,-2,2
51139,105,98,7,7
51140,139,129,10,10
51141,97,87,10,10
51142,113,102,11,11
51143,85,82,3,3
51144,113,104,9,9
51145,60,64,-4,4
51146,66,65,1,1
51147,115,109,6,6
51148,30,59,-29,29
51149,76,72,4,4
51150,73,79,-6,6
51151,72,81,-9,9
51152,141,135,6,6
51153,58,69,-11,11
51154,101,103,-2,2
51155,80,73,7,7
51156,76,75,1,1
51157,118,123,-5,5
51158,97,100,-3,3
51159,96,109,-13,13
51160,40,50,-10,10
51161,157,147,10,10
51162,125,119,6,6
51163,99,96,3,3
51164,66,69,-3,3
51165,117,116,1,1
51166,94,103,-9,9
51167,54,64,-10,10
51168,62,63,-1,1
51169,74,73,1,1
51170,166,157,9,9
51171,142,145,-3,3
51172,81,94,-13,13
51173,110,118,-8,8
51174,114,106,8,8
51175,96,96,0,0
51176,54,60,-6,6
51177,97,97,0,0
51178,86,100,-14,14
51179,67,75,-8,8
51180,65,68,-3,3
51181,89,95,-6,6
51182,86,90,-4,4
51183,71,75,-4,4
51184,146,144,2,2
51185,81,73,8,8
51186,108,104,4,4
51187,116,114,2,2
51188,90,98,-8,8
51189,108,99,9,9
51190,127,121,6,6
51191,60,66,-6,6
51192,66,62,4,4
51193,180,180,0,0
51194,52,56,-4,4
51195,93,94,-1,1
51196,127,126,1,1
51197,96,89,7,7
51198,110,96,14,14
51199,102,111,-9,9
51200,110,106,4,4
51201,72,69,3,3
51202,161,153,8,8
51203,89,82,7,7
51204,78,77,1,1
51205,77,84,-7,7
51206,80,77,3,3
51207,78,78,0,0
51208,135,124,11,11
51209,88,80,8,8
51210,102,85,17,17
51211,73,75,-2,2
51212,101,101,0,0
51213,84,80,4,4
51214,87,84,3,3
51215,79,84,-5,5
51216,84,86,-2,2
51217,140,138,2,2
51218,106,112,-6,6
51219,75,68,7,7
51220,94,97,-3,3
51221,79,87,-8,8
51222,93,91,2,2
51223,155,160,-5,5
51224,97,102,-5,5
51225,109,124,-15,15
51226,115,106,9,9
51227,126,118,8,8
51228,90,95,-5,5
51229,72,75,-3,3
51230,63,63,0,0
51231,105,104,1,1
51232,68,72,-4,4
51233,143,136,7,7
51234,116,116,0,0
51235,121,126,-5,5
51236,130,110,20,20
51237,75,74,1,1
51238,70,78,-8,8
51239,109,99,10,10
51240,98,95,3,3
51241,106,93,13,13
51242,76,78,-2,2
51243,60,58,2,2
51244,68,74,-6,6
51245,165,148,17,17
51246,90,109,-19,19
51247,178,164,14,14
51248,79,81,-2,2
51249,72,67,5,5
51250,87,83,4,4
51251,82,79,3,3
51252,57,63,-6,6
51253,110,113,-3,3
51254,111,111,0,0
51255,70,83,-13,13
51256,112,114,-2,2
51257,52,55,-3,3
51258,94,88,6,6
51259,97,99,-2,2
51260,66,68,-2,2
51261,67,73,-6,6
51262,66,72,-6,6
51263,107,107,0,0
51264,156,197,-41,41
51265,40,87,-47,47
51266,60,67,-7,7
51267,109,130,-21,21
51268,62,66,-4,4
51269,126,114,12,12
51270,96,100,-4,4
51271,106,96,10,10
51272,109,98,11,11
51273,77,78,-1,1
51274,70,70,0,0
51275,75,99,-24,24
51276,194,185,9,9
51277,24,29,-5,5
51278,94,98,-4,4
51279,102,97,5,5
51280,126,121,5,5
51281,150,128,22,22
51282,126,127,-1,1
51283,82,88,-6,6
51284,92,107,-15,15
51285,87,87,0,0
51286,122,130,-8,8
51287,129,130,-1,1
51288,93,92,1,1
51289,62,71,-9,9
51290,148,150,-2,2
51291,73,75,-2,2
51292,114,104,10,10
51293,82,80,2,2
51294,99,105,-6,6
51295,181,159,22,22
51296,158,144,14,14
51297,100,101,-1,1
51298,143,138,5,5
51299,118,118,0,0
51300,85,84,1,1
51301,127,134,-7,7
51302,83,93,-10,10
51303,95,94,1,1
51304,63,62,1,1
51305,76,74,2,2
51306,111,120,-9,9
51307,69,75,-6,6
51308,100,92,8,8
51309,47,55,-8,8
51310,83,89,-6,6
51311,85,88,-3,3
51312,74,77,-3,3
51313,53,70,-17,17
51314,75,78,-3,3
51315,71,83,-12,12
51316,108,104,4,4
51317,71,76,-5,5
51318,121,118,3,3
51319,100,110,-10,10
51320,113,115,-2,2
51321,86,79,7,7
51322,86,77,9,9
51323,115,112,3,3
51324,38,38,0,0
51325,140,133,7,7
51326,119,121,-2,2
51327,104,104,0,0
51328,135,117,18,18
51329,147,131,16,16
51330,116,111,5,5
51331,137,130,7,7
51332,86,89,-3,3
51333,96,95,1,1
51334,76,68,8,8
51335,64,65,-1,1
51336,57,61,-4,4
51337,90,104,-14,14
51338,56,75,-19,19
51339,84,94,-10,10
51340,109,102,7,7
51341,124,124,0,0
51342,138,125,13,13
51343,73,74,-1,1
51344,98,97,1,1
51345,93,82,11,11
51346,51,50,1,1
51347,54,58,-4,4
51348,62,65,-3,3
51349,126,126,0,0
51350,85,82,3,3
51351,86,77,9,9
51352,67,65,2,2
51353,80,82,-2,2
51354,55,63,-8,8
51355,115,110,5,5
51356,71,73,-2,2
51357,86,82,4,4
51358,120,115,5,5
51359,94,89,5,5
51360,71,74,-3,3
51361,106,117,-11,11
51362,101,98,3,3
51363,41,53,-12,12
51364,77,72,5,5
51365,130,126,4,4
51366,154,144,10,10
51367,102,94,8,8
51368,56,61,-5,5
51369,108,103,5,5
51370,74,77,-3,3
51371,33,105,-72,72
51372,109,106,3,3
51373,113,110,3,3
51374,115,114,1,1
51375,73,76,-3,3
51376,60,71,-11,11
51377,115,110,5,5
51378,85,92,-7,7
51379,121,111,10,10
51380,128,124,4,4
51381,76,86,-10,10
51382,158,155,3,3
51383,109,110,-1,1
51384,47,56,-9,9
51385,76,72,4,4
51386,75,70,5,5
51387,92,83,9,9
51388,92,94,-2,2
51389,110,97,13,13
51390,101,100,1,1
51391,95,90,5,5
51392,107,106,1,1
51393,96,99,-3,3
51394,127,126,1,1
51395,104,104,0,0
51396,84,79,5,5
51397,44,48,-4,4
51398,112,120,-8,8
51399,94,105,-11,11
51400,65,68,-3,3
51401,67,74,-7,7
51402,106,106,0,0
51403,85,78,7,7
51404,75,84,-9,9
51405,72,71,1,1
51406,99,78,21,21
51407,63,69,-6,6
51408,157,152,5,5
51409,70,71,-1,1
51410,79,74,5,5
51411,99,96,3,3
51412,100,104,-4,4
51413,152,140,12,12
51414,111,124,-13,13
51415,73,76,-3,3
51416,117,114,3,3
51417,74,74,0,0
51418,84,95,-11,11
51419,117,114,3,3
51420,70,73,-3,3
51421,72,79,-7,7
51422,62,67,-5,5
51423,90,99,-9,9
51424,123,109,14,14
51425,81,83,-2,2
51426,62,65,-3,3
51427,74,72,2,2
51428,189,173,16,16
51429,97,103,-6,6
51430,131,127,4,4
51431,66,74,-8,8
51432,131,123,8,8
51433,101,94,7,7
51434,205,203,2,2
51435,92,98,-6,6
51436,74,85,-11,11
51437,108,101,7,7
51438,78,73,5,5
51439,69,75,-6,6
51440,92,83,9,9
51441,76,79,-3,3
51442,83,82,1,1
51443,104,108,-4,4
51444,85,79,6,6
51445,74,71,3,3
51446,134,141,-7,7
51447,119,113,6,6
51448,92,84,8,8
51449,88,86,2,2
51450,126,129,-3,3
51451,100,100,0,0
51452,45,59,-14,14
51453,131,118,13,13
51454,55,62,-7,7
51455,180,172,8,8
51456,133,115,18,18
51457,94,67,27,27
51458,62,82,-20,20
51459,119,113,6,6
51460,183,181,2,2
51461,88,83,5,5
51462,115,89,26,26
51463,100,89,11,11
51464,64,73,-9,9
51465,83,108,-25,25
51466,138,139,-1,1
51467,62,73,-11,11
51468,193,173,20,20
51469,90,80,10,10
51470,77,84,-7,7
51471,111,107,4,4
51472,99,84,15,15
51473,118,122,-4,4
51474,131,124,7,7
51475,71,67,4,4
51476,78,79,-1,1
51477,94,85,9,9
51478,92,98,-6,6
51479,97,101,-4,4
51480,89,85,4,4
51481,131,119,12,12
51482,119,102,17,17
51483,59,69,-10,10
51484,80,81,-1,1
51485,116,112,4,4
51486,93,86,7,7
51487,72,78,-6,6
51488,185,165,20,20
51489,85,87,-2,2
51490,108,119,-11,11
51491,84,84,0,0
51492,100,103,-3,3
51493,109,87,22,22
51494,43,51,-8,8
51495,77,78,-1,1
51496,87,78,9,9
51497,121,113,8,8
51498,109,113,-4,4
51499,83,91,-8,8
51500,108,97,11,11
51501,166,149,17,17
51502,68,70,-2,2
51503,112,127,-15,15
51504,103,104,-1,1
51505,106,111,-5,5
51506,33,29,4,4
51507,56,56,0,0
51508,72,72,0,0
51509,136,133,3,3
51510,79,78,1,1
51511,143,128,15,15
51512,103,100,3,3
51513,75,77,-2,2
51514,73,74,-1,1
51515,68,71,-3,3
51516,68,80,-12,12
51517,102,90,12,12
51518,83,80,3,3
51519,70,81,-11,11
51520,88,84,4,4
51521,124,119,5,5
51522,111,110,1,1
51523,103,107,-4,4
51524,104,102,2,2
51525,122,117,5,5
51526,119,119,0,0
51527,71,105,-34,34
51528,196,194,2,2
51529,70,71,-1,1
51530,70,87,-17,17
51531,88,84,4,4
51532,122,116,6,6
51533,102,96,6,6
51534,119,112,7,7
51535,138,131,7,7
51536,165,154,11,11
51537,94,101,-7,7
51538,52,59,-7,7
51539,86,83,3,3
51540,63,70,-7,7
51541,92,83,9,9
51542,65,65,0,0
51543,47,52,-5,5
51544,62,64,-2,2
51545,79,88,-9,9
51546,166,135,31,31
51547,96,93,3,3
51548,120,129,-9,9
51549,117,115,2,2
51550,99,95,4,4
51551,124,130,-6,6
51552,138,127,11,11
51553,60,69,-9,9
51554,90,91,-1,1
51555,76,83,-7,7
51556,113,128,-15,15
51557,129,125,4,4
51558,80,79,1,1
51559,99,98,1,1
51560,87,89,-2,2
51561,74,77,-3,3
51562,70,73,-3,3
51563,50,60,-10,10
51564,83,82,1,1
51565,150,142,8,8
51566,104,101,3,3
51567,107,107,0,0
51568,101,95,6,6
51569,153,149,4,4
51570,81,80,1,1
51571,58,75,-17,17
51572,104,102,2,2
51573,64,66,-2,2
51574,58,60,-2,2
51575,137,138,-1,1
51576,132,111,21,21
51577,110,111,-1,1
51578,120,119,1,1
51579,92,97,-5,5
51580,83,114,-31,31
51581,41,56,-15,15
51582,194,207,-13,13
51583,79,74,5,5
51584,65,67,-2,2
51585,126,129,-3,3
51586,125,133,-8,8
51587,148,140,8,8
51588,63,65,-2,2
51589,82,86,-4,4
51590,127,122,5,5
51591,141,127,14,14
51592,98,106,-8,8
51593,140,143,-3,3
51594,92,87,5,5
51595,78,84,-6,6
51596,72,74,-2,2
51597,133,119,14,14
51598,82,87,-5,5
51599,53,64,-11,11
51600,68,71,-3,3
51601,135,132,3,3
51602,76,94,-18,18
51603,84,77,7,7
51604,109,106,3,3
51605,115,118,-3,3
51606,32,29,3,3
51607,202,181,21,21
51608,64,65,-1,1
51609,69,69,0,0
51610,61,65,-4,4
51611,81,77,4,4
51612,81,89,-8,8
51613,103,99,4,4
51614,73,70,3,3
51615,103,117,-14,14
51616,153,155,-2,2
51617,78,80,-2,2
51618,100,98,2,2
51619,136,144,-8,8
51620,58,61,-3,3
51621,75,84,-9,9
51622,130,116,14,14
51623,127,114,13,13
51624,51,62,-11,11
51625,87,77,10,10
51626,99,102,-3,3
51627,121,113,8,8
51628,83,84,-1,1
51629,65,67,-2,2
51630,86,87,-1,1
51631,129,126,3,3
51632,77,86,-9,9
51633,63,72,-9,9
51634,70,70,0,0
51635,75,78,-3,3
51636,75,78,-3,3
51637,132,134,-2,2
51638,157,153,4,4
51639,130,134,-4,4
51640,80,84,-4,4
51641,97,100,-3,3
51642,68,67,1,1
51643,98,101,-3,3
51644,81,85,-4,4
51645,51,57,-6,6
51646,84,82,2,2
51647,79,78,1,1
51648,151,147,4,4
51649,82,83,-1,1
51650,127,125,2,2
51651,63,72,-9,9
51652,97,96,1,1
51653,121,116,5,5
51654,157,148,9,9
51655,101,96,5,5
51656,160,160,0,0
51657,92,93,-1,1
51658,107,113,-6,6
51659,108,94,14,14
51660,119,105,14,14
51661,61,70,-9,9
51662,112,107,5,5
51663,71,70,1,1
51664,99,104,-5,5
51665,68,77,-9,9
51666,116,122,-6,6
51667,64,73,-9,9
51668,124,129,-5,5
51669,139,131,8,8
51670,80,78,2,2
51671,157,147,10,10
51672,101,97,4,4
51673,114,110,4,4
51674,126,128,-2,2
51675,148,144,4,4
51676,77,82,-5,5
51677,187,179,8,8
51678,139,137,2,2
51679,164,156,8,8
51680,98,101,-3,3
51681,86,91,-5,5
51682,61,64,-3,3
51683,143,153,-10,10
51684,57,62,-5,5
51685,52,55,-3,3
51686,92,104,-12,12
51687,108,104,4,4
51688,156,140,16,16
51689,159,146,13,13
51690,157,145,12,12
51691,102,99,3,3
51692,138,126,12,12
51693,78,79,-1,1
51694,83,74,9,9
51695,108,98,10,10
51696,60,61,-1,1
51697,142,117,25,25
51698,55,60,-5,5
51699,65,68,-3,3
51700,125,120,5,5
51701,90,95,-5,5
51702,74,76,-2,2
51703,156,150,6,6
51704,76,77,-1,1
51705,94,99,-5,5
51706,84,83,1,1
51707,84,77,7,7
51708,68,75,-7,7
51709,144,141,3,3
51710,74,72,2,2
51711,104,106,-2,2
51712,98,79,19,19
51713,92,92,0,0
51714,106,107,-1,1
51715,94,92,2,2
51716,91,97,-6,6
51717,61,46,15,15
51718,77,78,-1,1
51719,71,74,-3,3
51720,98,97,1,1
51721,73,80,-7,7
51722,103,108,-5,5
51723,124,116,8,8
51724,135,131,4,4
51725,118,123,-5,5
51726,96,103,-7,7
51727,54,64,-10,10
51728,112,99,13,13
51729,72,76,-4,4
51730,70,75,-5,5
51731,85,79,6,6
51732,51,54,-3,3
51733,106,116,-10,10
51734,113,105,8,8
51735,76,70,6,6
51736,63,73,-10,10
51737,140,123,17,17
51738,103,99,4,4
51739,163,163,0,0
51740,126,125,1,1
51741,92,103,-11,11
51742,40,47,-7,7
51743,33,36,-3,3
51744,99,101,-2,2
51745,113,103,10,10
51746,59,62,-3,3
51747,88,104,-16,16
51748,58,64,-6,6
51749,98,97,1,1
51750,135,120,15,15
51751,92,94,-2,2
51752,101,102,-1,1
51753,116,111,5,5
51754,171,167,4,4
51755,98,85,13,13
51756,99,95,4,4
51757,77,74,3,3
51758,99,92,7,7
51759,61,63,-2,2
51760,124,105,19,19
51761,36,29,7,7
51762,124,113,11,11
51763,89,86,3,3
51764,144,148,-4,4
51765,113,110,3,3
51766,157,149,8,8
51767,95,90,5,5
51768,101,104,-3,3
51769,76,79,-3,3
51770,65,74,-9,9
51771,222,181,41,41
51772,123,115,8,8
51773,71,93,-22,22
51774,102,93,9,9
51775,96,94,2,2
51776,105,100,5,5
51777,81,84,-3,3
51778,122,138,-16,16
51779,64,70,-6,6
51780,43,64,-21,21
51781,114,102,12,12
51782,62,68,-6,6
51783,104,114,-10,10
51784,175,182,-7,7
51785,98,107,-9,9
51786,87,80,7,7
51787,144,140,4,4
51788,76,85,-9,9
51789,125,122,3,3
51790,70,73,-3,3
51791,86,98,-12,12
51792,140,121,19,19
51793,44,57,-13,13
51794,101,95,6,6
51795,68,70,-2,2
51796,155,161,-6,6
51797,125,123,2,2
51798,49,57,-8,8
51799,140,144,-4,4
51800,105,100,5,5
51801,192,197,-5,5
51802,89,78,11,11
51803,140,131,9,9
51804,140,133,7,7
51805,112,117,-5,5
51806,136,120,16,16
51807,76,84,-8,8
51808,64,74,-10,10
51809,64,76,-12,12
51810,83,85,-2,2
51811,72,70,2,2
51812,145,144,1,1
51813,113,105,8,8
51814,114,105,9,9
51815,154,140,14,14
51816,67,69,-2,2
51817,197,177,20,20
51818,61,67,-6,6
51819,99,100,-1,1
51820,91,95,-4,4
51821,181,157,24,24
51822,45,51,-6,6
51823,55,63,-8,8
51824,183,208,-25,25
51825,106,110,-4,4
51826,57,61,-4,4
51827,133,124,9,9
51828,36,43,-7,7
51829,98,104,-6,6
51830,54,55,-1,1
51831,140,140,0,0
51832,114,113,1,1
51833,99,86,13,13
51834,69,73,-4,4
51835,144,142,2,2
51836,112,121,-9,9
51837,101,97,4,4
51838,88,80,8,8
51839,88,89,-1,1
51840,94,83,11,11
51841,67,65,2,2
51842,46,56,-10,10
51843,72,69,3,3
51844,80,75,5,5
51845,75,74,1,1
51846,94,86,8,8
51847,117,121,-4,4
51848,67,69,-2,2
51849,71,75,-4,4
51850,67,84,-17,17
51851,68,65,3,3
51852,91,90,1,1
51853,71,76,-5,5
51854,114,116,-2,2
51855,93,104,-11,11
51856,73,79,-6,6
51857,164,149,15,15
51858,132,121,11,11
51859,66,62,4,4
51860,153,125,28,28
51861,108,115,-7,7
51862,110,106,4,4
51863,156,140,16,16
51864,162,153,9,9
51865,150,148,2,2
51866,125,123,2,2
51867,61,65,-4,4
51868,95,98,-3,3
51869,152,135,17,17
51870,125,128,-3,3
51871,119,106,13,13
51872,166,182,-16,16
51873,120,105,15,15
51874,58,66,-8,8
51875,45,46,-1,1
51876,117,127,-10,10
51877,65,67,-2,2
51878,105,110,-5,5
51879,70,72,-2,2
51880,78,77,1,1
51881,91,83,8,8
51882,78,72,6,6
51883,116,135,-19,19
51884,132,115,17,17
51885,143,134,9,9
51886,117,124,-7,7
51887,147,154,-7,7
51888,63,73,-10,10
51889,80,94,-14,14
51890,98,96,2,2
51891,51,62,-11,11
51892,51,56,-5,5
51893,73,71,2,2
51894,95,85,10,10
51895,100,99,1,1
51896,74,84,-10,10
51897,110,103,7,7
51898,78,79,-1,1
51899,54,64,-10,10
51900,115,115,0,0
51901,139,129,10,10
51902,73,78,-5,5
51903,67,69,-2,2
51904,76,79,-3,3
51905,108,105,3,3
51906,104,101,3,3
51907,130,126,4,4
51908,116,118,-2,2
51909,57,62,-5,5
51910,102,105,-3,3
51911,108,100,8,8
51912,95,85,10,10
51913,40,48,-8,8
51914,76,84,-8,8
51915,71,70,1,1
51916,137,134,3,3
51917,118,107,11,11
51918,129,125,4,4
51919,67,76,-9,9
51920,72,75,-3,3
51921,111,117,-6,6
51922,95,97,-2,2
51923,130,141,-11,11
51924,116,120,-4,4
51925,68,71,-3,3
51926,103,100,3,3
51927,95,97,-2,2
51928,117,117,0,0
51929,62,57,5,5
51930,75,80,-5,5
51931,56,70,-14,14
51932,120,107,13,13
51933,113,113,0,0
51934,85,82,3,3
51935,71,92,-21,21
51936,130,134,-4,4
51937,87,92,-5,5
51938,156,147,9,9
51939,89,88,1,1
51940,61,62,-1,1
51941,115,114,1,1
51942,144,129,15,15
51943,73,79,-6,6
51944,94,99,-5,5
51945,102,100,2,2
51946,125,126,-1,1
51947,71,69,2,2
51948,140,130,10,10
51949,143,132,11,11
51950,77,79,-2,2
51951,86,77,9,9
51952,70,69,1,1
51953,101,92,9,9
51954,82,82,0,0
51955,93,87,6,6
51956,55,64,-9,9
51957,138,145,-7,7
51958,88,85,3,3
51959,81,85,-4,4
51960,176,157,19,19
51961,90,89,1,1
51962,52,61,-9,9
51963,97,97,0,0
51964,45,59,-14,14
51965,114,117,-3,3
51966,155,150,5,5
51967,151,174,-23,23
51968,60,68,-8,8
51969,82,76,6,6
51970,96,96,0,0
51971,126,116,10,10
51972,90,86,4,4
51973,83,72,11,11
51974,72,77,-5,5
51975,139,128,11,11
51976,137,137,0,0
51977,119,120,-1,1
51978,115,100,15,15
51979,76,74,2,2
51980,80,99,-19,19
51981,101,96,5,5
51982,92,89,3,3
51983,65,67,-2,2
51984,89,94,-5,5
51985,72,72,0,0
51986,45,49,-4,4
51987,69,69,0,0
51988,81,79,2,2
51989,95,97,-2,2
51990,76,76,0,0
51991,49,52,-3,3
51992,97,102,-5,5
51993,90,85,5,5
51994,130,128,2,2
51995,74,79,-5,5
51996,46,61,-15,15
51997,74,80,-6,6
51998,108,102,6,6
51999,115,119,-4,4
52000,37,52,-15,15
52001,79,75,4,4
52002,75,79,-4,4
52003,174,157,17,17
52004,107,105,2,2
52005,53,56,-3,3
52006,83,88,-5,5
52007,60,63,-3,3
52008,98,102,-4,4
52009,57,60,-3,3
52010,54,61,-7,7
52011,83,77,6,6
52012,182,207,-25,25
52013,107,113,-6,6
52014,89,100,-11,11
52015,105,106,-1,1
52016,109,112,-3,3
52017,141,126,15,15
52018,121,122,-1,1
52019,91,105,-14,14
52020,117,113,4,4
52021,58,56,2,2
52022,80,73,7,7
52023,88,87,1,1
52024,80,82,-2,2
52025,146,143,3,3
52026,105,102,3,3
52027,128,140,-12,12
52028,79,78,1,1
52029,123,125,-2,2
52030,85,84,1,1
52031,77,74,3,3
52032,70,71,-1,1
52033,100,102,-2,2
52034,71,69,2,2
52035,123,113,10,10
52036,85,87,-2,2
52037,113,111,2,2
52038,98,94,4,4
52039,67,75,-8,8
52040,130,137,-7,7
52041,176,159,17,17
52042,117,113,4,4
52043,130,123,7,7
52044,114,109,5,5
52045,108,109,-1,1
52046,111,119,-8,8
52047,91,86,5,5
52048,153,137,16,16
52049,83,95,-12,12
52050,91,93,-2,2
52051,103,103,0,0
52052,123,123,0,0
52053,57,66,-9,9
52054,115,113,2,2
52055,86,91,-5,5
52056,147,136,11,11
52057,116,132,-16,16
52058,87,84,3,3
52059,81,81,0,0
52060,58,58,0,0
52061,97,86,11,11
52062,138,144,-6,6
52063,74,73,1,1
52064,60,71,-11,11
52065,94,96,-2,2
52066,150,147,3,3
52067,143,140,3,3
52068,72,74,-2,2
52069,80,84,-4,4
52070,94,96,-2,2
52071,85,84,1,1
52072,108,103,5,5
52073,106,96,10,10
52074,86,90,-4,4
52075,160,149,11,11
52076,84,83,1,1
52077,78,72,6,6
52078,89,97,-8,8
52079,76,85,-9,9
52080,57,56,1,1
52081,93,96,-3,3
52082,92,98,-6,6
52083,79,100,-21,21
52084,105,106,-1,1
52085,146,141,5,5
52086,79,84,-5,5
52087,96,100,-4,4
52088,97,92,5,5
52089,74,74,0,0
52090,79,85,-6,6
52091,90,90,0,0
52092,133,132,1,1
52093,81,83,-2,2
52094,140,133,7,7
52095,20,30,-10,10
52096,42,96,-54,54
52097,178,154,24,24
52098,57,69,-12,12
52099,91,97,-6,6
52100,125,144,-19,19
52101,77,75,2,2
52102,73,75,-2,2
52103,96,101,-5,5
52104,63,64,-1,1
52105,75,75,0,0
52106,117,113,4,4
52107,135,134,1,1
52108,105,113,-8,8
52109,141,142,-1,1
52110,123,109,14,14
52111,71,86,-15,15
52112,108,98,10,10
52113,104,112,-8,8
52114,108,108,0,0
52115,93,96,-3,3
52116,102,99,3,3
52117,99,89,10,10
52118,95,103,-8,8
52119,53,58,-5,5
52120,117,105,12,12
52121,79,89,-10,10
52122,55,68,-13,13
52123,163,161,2,2
52124,53,59,-6,6
52125,80,79,1,1
52126,124,118,6,6
52127,75,72,3,3
52128,133,129,4,4
52129,83,82,1,1
52130,54,67,-13,13
52131,52,60,-8,8
52132,67,71,-4,4
52133,75,74,1,1
52134,106,102,4,4
52135,140,137,3,3
52136,124,127,-3,3
52137,65,73,-8,8
52138,94,101,-7,7
52139,108,108,0,0
52140,132,115,17,17
52141,123,115,8,8
52142,73,83,-10,10
52143,246,239,7,7
52144,91,80,11,11
52145,48,59,-11,11
52146,109,99,10,10
52147,120,109,11,11
52148,71,67,4,4
52149,44,49,-5,5
52150,83,80,3,3
52151,77,72,5,5
52152,108,103,5,5
52153,76,74,2,2
52154,116,103,13,13
52155,98,111,-13,13
52156,114,106,8,8
52157,142,127,15,15
52158,92,103,-11,11
52159,82,78,4,4
52160,86,85,1,1
52161,65,71,-6,6
52162,91,88,3,3
52163,158,159,-1,1
52164,79,78,1,1
52165,89,83,6,6
52166,54,56,-2,2
52167,144,126,18,18
52168,167,169,-2,2
52169,94,105,-11,11
52170,75,75,0,0
52171,110,118,-8,8
52172,113,107,6,6
52173,63,68,-5,5
52174,138,131,7,7
52175,101,91,10,10
52176,99,108,-9,9
52177,98,101,-3,3
52178,138,151,-13,13
52179,116,113,3,3
52180,53,68,-15,15
52181,97,102,-5,5
52182,79,70,9,9
52183,94,106,-12,12
52184,72,80,-8,8
52185,104,110,-6,6
52186,113,102,11,11
52187,105,115,-10,10
52188,84,82,2,2
52189,66,71,-5,5
52190,75,76,-1,1
52191,106,105,1,1
52192,100,98,2,2
52193,75,81,-6,6
52194,45,47,-2,2
52195,126,130,-4,4
52196,102,98,4,4
52197,108,112,-4,4
52198,99,97,2,2
52199,146,144,2,2
52200,107,112,-5,5
52201,105,113,-8,8
52202,58,60,-2,2
52203,114,120,-6,6
52204,151,133,18,18
52205,72,76,-4,4
52206,79,74,5,5
52207,131,121,10,10
52208,91,92,-1,1
52209,52,60,-8,8
52210,81,74,7,7
52211,85,73,12,12
52212,96,93,3,3
52213,42,53,-11,11
52214,73,69,4,4
52215,100,96,4,4
52216,104,101,3,3
52217,85,95,-10,10
52218,67,75,-8,8
52219,71,73,-2,2
52220,100,94,6,6
52221,134,112,22,22
52222,104,108,-4,4
52223,90,81,9,9
52224,96,128,-32,32
52225,61,87,-26,26
52226,65,74,-9,9
52227,139,133,6,6
52228,46,50,-4,4
52229,70,72,-2,2
52230,142,136,6,6
52231,90,89,1,1
52232,112,105,7,7
52233,113,104,9,9
52234,59,67,-8,8
52235,111,111,0,0
52236,84,77,7,7
52237,74,74,0,0
52238,78,73,5,5
52239,145,152,-7,7
52240,100,120,-20,20
52241,103,100,3,3
52242,55,59,-4,4
52243,93,97,-4,4
52244,78,77,1,1
52245,80,79,1,1
52246,104,96,8,8
52247,66,72,-6,6
52248,68,65,3,3
52249,60,61,-1,1
52250,103,118,-15,15
52251,69,71,-2,2
52252,92,94,-2,2
52253,48,61,-13,13
52254,54,66,-12,12
52255,54,59,-5,5
52256,58,64,-6,6
52257,160,151,9,9
52258,83,77,6,6
52259,90,83,7,7
52260,71,121,-50,50
52261,168,173,-5,5
52262,137,141,-4,4
52263,139,142,-3,3
52264,74,72,2,2
52265,75,81,-6,6
52266,65,64,1,1
52267,93,82,11,11
52268,94,94,0,0
52269,65,77,-12,12
52270,110,112,-2,2
52271,29,37,-8,8
52272,91,85,6,6
52273,78,76,2,2
52274,77,77,0,0
52275,93,95,-2,2
52276,158,146,12,12
52277,206,193,13,13
52278,98,100,-2,2
52279,131,125,6,6
52280,115,107,8,8
52281,129,112,17,17
52282,97,92,5,5
52283,97,93,4,4
52284,78,97,-19,19
52285,81,83,-2,2
52286,107,105,2,2
52287,80,88,-8,8
52288,67,75,-8,8
52289,66,74,-8,8
52290,56,61,-5,5
52291,72,72,0,0
52292,50,60,-10,10
52293,70,101,-31,31
52294,128,120,8,8
52295,138,144,-6,6
52296,38,44,-6,6
52297,113,109,4,4
52298,168,162,6,6
52299,115,106,9,9
52300,88,84,4,4
52301,80,80,0,0
52302,124,134,-10,10
52303,190,183,7,7
52304,92,98,-6,6
52305,83,83,0,0
52306,78,80,-2,2
52307,64,63,1,1
52308,121,120,1,1
52309,74,77,-3,3
52310,59,64,-5,5
52311,200,173,27,27
52312,157,149,8,8
52313,86,88,-2,2
52314,126,122,4,4
52315,75,77,-2,2
52316,95,104,-9,9
52317,118,104,14,14
52318,174,162,12,12
52319,148,136,12,12
52320,70,75,-5,5
52321,99,99,0,0
52322,73,75,-2,2
52323,178,157,21,21
52324,127,124,3,3
52325,137,139,-2,2
52326,35,47,-12,12
52327,58,63,-5,5
52328,104,107,-3,3
52329,85,83,2,2
52330,91,88,3,3
52331,40,44,-4,4
52332,83,84,-1,1
52333,100,105,-5,5
52334,73,77,-4,4
52335,51,63,-12,12
52336,263,219,44,44
52337,87,92,-5,5
52338,85,81,4,4
52339,85,85,0,0
52340,89,84,5,5
52341,176,171,5,5
52342,103,104,-1,1
52343,128,133,-5,5
52344,166,165,1,1
52345,92,106,-14,14
52346,100,101,-1,1
52347,98,85,13,13
52348,57,64,-7,7
52349,127,120,7,7
52350,86,88,-2,2
52351,144,146,-2,2
52352,60,66,-6,6
52353,113,110,3,3
52354,113,110,3,3
52355,103,102,1,1
52356,90,88,2,2
52357,56,51,5,5
52358,47,56,-9,9
52359,105,106,-1,1
52360,61,65,-4,4
52361,128,139,-11,11
52362,55,77,-22,22
52363,67,67,0,0
52364,65,69,-4,4
52365,116,109,7,7
52366,76,79,-3,3
52367,41,49,-8,8
52368,83,77,6,6
52369,82,90,-8,8
52370,50,62,-12,12
52371,81,93,-12,12
52372,57,57,0,0
52373,83,81,2,2
52374,87,96,-9,9
52375,56,52,4,4
52376,68,70,-2,2
52377,71,70,1,1
52378,77,77,0,0
52379,67,68,-1,1
52380,120,109,11,11
52381,74,77,-3,3
52382,121,123,-2,2
52383,73,76,-3,3
52384,53,59,-6,6
52385,68,73,-5,5
52386,95,92,3,3
52387,103,106,-3,3
52388,46,56,-10,10
52389,73,68,5,5
52390,148,142,6,6
52391,145,126,19,19
52392,105,96,9,9
52393,71,74,-3,3
52394,43,57,-14,14
52395,106,107,-1,1
52396,114,113,1,1
52397,80,73,7,7
52398,64,78,-14,14
52399,125,114,11,11
52400,84,95,-11,11
52401,86,91,-5,5
52402,101,97,4,4
52403,95,92,3,3
52404,90,95,-5,5
52405,93,88,5,5
52406,62,66,-4,4
52407,146,139,7,7
52408,87,85,2,2
52409,85,76,9,9
52410,134,118,16,16
52411,82,76,6,6
52412,46,51,-5,5
52413,73,68,5,5
52414,23,29,-6,6
52415,167,153,14,14
52416,116,99,17,17
52417,112,115,-3,3
52418,227,217,10,10
52419,108,111,-3,3
52420,93,94,-1,1
52421,76,79,-3,3
52422,75,77,-2,2
52423,74,80,-6,6
52424,85,76,9,9
52425,68,73,-5,5
52426,93,85,8,8
52427,143,135,8,8
52428,132,126,6,6
52429,68,72,-4,4
52430,49,57,-8,8
52431,116,108,8,8
52432,87,80,7,7
52433,114,101,13,13
52434,133,125,8,8
52435,81,77,4,4
52436,105,97,8,8
52437,88,92,-4,4
52438,158,137,21,21
52439,82,76,6,6
52440,91,93,-2,2
52441,158,155,3,3
52442,77,81,-4,4
52443,61,82,-21,21
52444,57,63,-6,6
52445,76,80,-4,4
52446,80,83,-3,3
52447,90,101,-11,11
52448,75,69,6,6
52449,105,100,5,5
52450,99,100,-1,1
52451,134,135,-1,1
52452,70,75,-5,5
52453,139,144,-5,5
52454,67,70,-3,3
52455,186,170,16,16
52456,101,98,3,3
52457,142,140,2,2
52458,66,64,2,2
52459,88,83,5,5
52460,79,83,-4,4
52461,80,84,-4,4
52462,103,112,-9,9
52463,133,144,-11,11
52464,21,59,-38,38
52465,98,87,11,11
52466,67,67,0,0
52467,117,145,-28,28
52468,71,72,-1,1
52469,45,54,-9,9
52470,90,81,9,9
52471,122,116,6,6
52472,133,126,7,7
52473,70,71,-1,1
52474,99,104,-5,5
52475,161,154,7,7
52476,123,115,8,8
52477,116,108,8,8
52478,148,132,16,16
52479,55,55,0,0
52480,107,108,-1,1
52481,69,68,1,1
52482,103,118,-15,15
52483,50,57,-7,7
52484,76,76,0,0
52485,98,97,1,1
52486,63,69,-6,6
52487,69,71,-2,2
52488,115,114,1,1
52489,64,68,-4,4
52490,80,81,-1,1
52491,93,86,7,7
52492,93,94,-1,1
52493,107,99,8,8
52494,91,92,-1,1
52495,73,84,-11,11
52496,163,147,16,16
52497,82,76,6,6
52498,133,134,-1,1
52499,70,81,-11,11
52500,74,74,0,0
52501,72,73,-1,1
52502,51,51,0,0
52503,192,167,25,25
52504,59,69,-10,10
52505,69,67,2,2
52506,47,55,-8,8
52507,146,156,-10,10
52508,149,133,16,16
52509,96,109,-13,13
52510,73,68,5,5
52511,143,132,11,11
52512,101,105,-4,4
52513,96,102,-6,6
52514,108,114,-6,6
52515,77,76,1,1
52516,45,58,-13,13
52517,89,95,-6,6
52518,160,152,8,8
52519,97,101,-4,4
52520,82,82,0,0
52521,80,76,4,4
52522,70,70,0,0
52523,123,113,10,10
52524,109,105,4,4
52525,162,157,5,5
52526,129,126,3,3
52527,80,76,4,4
52528,49,61,-12,12
52529,129,116,13,13
52530,79,74,5,5
52531,89,97,-8,8
52532,92,97,-5,5
52533,87,82,5,5
52534,104,96,8,8
52535,106,94,12,12
52536,169,168,1,1
52537,96,109,-13,13
52538,66,72,-6,6
52539,140,136,4,4
52540,128,119,9,9
52541,82,78,4,4
52542,128,119,9,9
52543,109,111,-2,2
52544,59,68,-9,9
52545,61,68,-7,7
52546,109,94,15,15
52547,72,79,-7,7
52548,57,69,-12,12
52549,94,102,-8,8
52550,86,85,1,1
52551,57,63,-6,6
52552,142,129,13,13
52553,79,85,-6,6
52554,150,144,6,6
52555,122,132,-10,10
52556,106,111,-5,5
52557,41,49,-8,8
52558,218,201,17,17
52559,106,101,5,5
52560,80,76,4,4
52561,87,86,1,1
52562,121,127,-6,6
52563,68,70,-2,2
52564,79,80,-1,1
52565,63,66,-3,3
52566,57,71,-14,14
52567,132,139,-7,7
52568,86,85,1,1
52569,92,85,7,7
52570,187,173,14,14
52571,97,95,2,2
52572,135,129,6,6
52573,126,108,18,18
52574,79,79,0,0
52575,69,80,-11,11
52576,142,141,1,1
52577,97,92,5,5
52578,104,111,-7,7
52579,112,114,-2,2
52580,168,172,-4,4
52581,145,133,12,12
52582,137,129,8,8
52583,142,131,11,11
52584,81,76,5,5
52585,97,95,2,2
52586,90,78,12,12
52587,121,137,-16,16
52588,71,77,-6,6
52589,61,64,-3,3
52590,95,113,-18,18
52591,95,116,-21,21
52592,53,65,-12,12
52593,126,128,-2,2
52594,72,82,-10,10
52595,86,77,9,9
52596,141,145,-4,4
52597,96,104,-8,8
52598,98,104,-6,6
52599,123,119,4,4
52600,46,52,-6,6
52601,95,86,9,9
52602,127,118,9,9
52603,153,132,21,21
52604,115,112,3,3
52605,104,97,7,7
52606,53,60,-7,7
52607,95,87,8,8
52608,88,86,2,2
52609,133,114,19,19
52610,88,84,4,4
52611,25,49,-24,24
52612,142,126,16,16
52613,98,107,-9,9
52614,93,88,5,5
52615,99,95,4,4
52616,152,145,7,7
52617,124,124,0,0
52618,112,116,-4,4
52619,134,122,12,12
52620,104,110,-6,6
52621,86,81,5,5
52622,117,116,1,1
52623,77,80,-3,3
52624,88,90,-2,2
52625,72,72,0,0
52626,87,111,-24,24
52627,80,78,2,2
52628,103,103,0,0
52629,136,136,0,0
52630,105,112,-7,7
52631,96,96,0,0
52632,90,82,8,8
52633,53,56,-3,3
52634,77,77,0,0
52635,60,63,-3,3
52636,115,123,-8,8
52637,93,87,6,6
52638,91,82,9,9
52639,162,158,4,4
52640,115,106,9,9
52641,148,155,-7,7
52642,68,70,-2,2
52643,79,85,-6,6
52644,53,59,-6,6
52645,60,66,-6,6
52646,63,73,-10,10
52647,102,101,1,1
52648,111,106,5,5
52649,116,115,1,1
52650,50,55,-5,5
52651,113,104,9,9
52652,46,62,-16,16
52653,62,65,-3,3
52654,112,111,1,1
52655,58,68,-10,10
52656,85,91,-6,6
52657,111,104,7,7
52658,105,106,-1,1
52659,113,124,-11,11
52660,174,161,13,13
52661,125,115,10,10
52662,109,108,1,1
52663,67,71,-4,4
52664,76,71,5,5
52665,193,234,-41,41
52666,128,127,1,1
52667,88,82,6,6
52668,70,75,-5,5
52669,63,65,-2,2
52670,148,140,8,8
52671,89,98,-9,9
52672,152,151,1,1
52673,62,71,-9,9
52674,141,116,25,25
52675,48,56,-8,8
52676,185,173,12,12
52677,89,86,3,3
52678,87,85,2,2
52679,50,61,-11,11
52680,79,72,7,7
52681,124,134,-10,10
52682,109,101,8,8
52683,54,63,-9,9
52684,90,86,4,4
52685,85,84,1,1
52686,35,100,-65,65
52687,86,83,3,3
52688,47,56,-9,9
52689,103,95,8,8
52690,105,106,-1,1
52691,47,62,-15,15
52692,44,54,-10,10
52693,137,128,9,9
52694,69,77,-8,8
52695,47,55,-8,8
52696,63,69,-6,6
52697,118,119,-1,1
52698,83,88,-5,5
52699,80,95,-15,15
52700,119,101,18,18
52701,107,114,-7,7
52702,100,112,-12,12
52703,96,103,-7,7
52704,90,104,-14,14
52705,136,129,7,7
52706,142,146,-4,4
52707,82,82,0,0
52708,64,59,5,5
52709,89,94,-5,5
52710,49,60,-11,11
52711,138,123,15,15
52712,74,68,6,6
52713,55,72,-17,17
52714,147,128,19,19
52715,87,94,-7,7
52716,67,80,-13,13
52717,90,80,10,10
52718,72,91,-19,19
52719,110,106,4,4
52720,166,164,2,2
52721,128,104,24,24
52722,70,77,-7,7
52723,95,99,-4,4
52724,58,58,0,0
52725,95,96,-1,1
52726,78,81,-3,3
52727,99,109,-10,10
52728,79,74,5,5
52729,96,85,11,11
52730,87,84,3,3
52731,57,67,-10,10
52732,67,69,-2,2
52733,84,89,-5,5
52734,73,75,-2,2
52735,77,77,0,0
52736,65,68,-3,3
52737,34,49,-15,15
52738,103,100,3,3
52739,117,124,-7,7
52740,73,68,5,5
52741,121,113,8,8
52742,67,73,-6,6
52743,118,102,16,16
52744,145,146,-1,1
52745,83,85,-2,2
52746,105,105,0,0
52747,81,73,8,8
52748,92,95,-3,3
52749,44,50,-6,6
52750,104,104,0,0
52751,45,49,-4,4
52752,96,92,4,4
52753,115,116,-1,1
52754,91,99,-8,8
52755,64,75,-11,11
52756,63,63,0,0
52757,83,86,-3,3
52758,126,127,-1,1
52759,57,68,-11,11
52760,209,190,19,19
52761,153,135,18,18
52762,57,65,-8,8
52763,70,70,0,0
52764,118,125,-7,7
52765,110,112,-2,2
52766,63,62,1,1
52767,117,113,4,4
52768,151,127,24,24
52769,135,146,-11,11
52770,75,74,1,1
52771,121,114,7,7
52772,142,147,-5,5
52773,107,102,5,5
52774,87,89,-2,2
52775,83,89,-6,6
52776,54,53,1,1
52777,120,114,6,6
52778,75,79,-4,4
52779,116,114,2,2
52780,80,80,0,0
52781,132,139,-7,7
52782,61,69,-8,8
52783,70,77,-7,7
52784,57,55,2,2
52785,137,131,6,6
52786,112,100,12,12
52787,77,79,-2,2
52788,78,78,0,0
52789,94,99,-5,5
52790,85,90,-5,5
52791,61,63,-2,2
52792,80,78,2,2
52793,116,107,9,9
52794,64,84,-20,20
52795,69,74,-5,5
52796,124,109,15,15
52797,78,69,9,9
52798,109,115,-6,6
52799,90,86,4,4
52800,148,147,1,1
52801,64,72,-8,8
52802,59,61,-2,2
52803,42,44,-2,2
52804,132,127,5,5
52805,132,127,5,5
52806,68,64,4,4
52807,173,176,-3,3
52808,73,73,0,0
52809,88,84,4,4
52810,95,92,3,3
52811,56,56,0,0
52812,83,76,7,7
52813,131,133,-2,2
52814,65,74,-9,9
52815,77,76,1,1
52816,110,113,-3,3
52817,80,112,-32,32
52818,76,70,6,6
52819,73,76,-3,3
52820,66,71,-5,5
52821,149,136,13,13
52822,55,63,-8,8
52823,60,59,1,1
52824,151,149,2,2
52825,112,118,-6,6
52826,67,68,-1,1
52827,67,83,-16,16
52828,77,84,-7,7
52829,114,119,-5,5
52830,123,131,-8,8
52831,83,81,2,2
52832,42,57,-15,15
52833,104,112,-8,8
52834,90,90,0,0
52835,107,113,-6,6
52836,153,139,14,14
52837,68,70,-2,2
52838,41,52,-11,11
52839,82,80,2,2
52840,55,62,-7,7
52841,114,100,14,14
52842,92,87,5,5
52843,90,96,-6,6
52844,70,73,-3,3
52845,75,80,-5,5
52846,112,97,15,15
52847,76,80,-4,4
52848,107,81,26,26
52849,96,96,0,0
52850,107,103,4,4
52851,46,53,-7,7
52852,103,112,-9,9
52853,122,118,4,4
52854,117,113,4,4
52855,69,83,-14,14
52856,100,104,-4,4
52857,70,64,6,6
52858,96,104,-8,8
52859,89,85,4,4
52860,112,113,-1,1
52861,93,111,-18,18
52862,104,102,2,2
52863,79,77,2,2
52864,150,139,11,11
52865,145,139,6,6
52866,135,133,2,2
52867,61,64,-3,3
52868,75,78,-3,3
52869,63,63,0,0
52870,77,79,-2,2
52871,115,121,-6,6
52872,94,91,3,3
52873,60,64,-4,4
52874,99,100,-1,1
52875,162,168,-6,6
52876,89,95,-6,6
52877,84,90,-6,6
52878,90,101,-11,11
52879,132,126,6,6
52880,106,100,6,6
52881,50,50,0,0
52882,66,64,2,2
52883,153,145,8,8
52884,55,60,-5,5
52885,92,86,6,6
52886,113,113,0,0
52887,54,60,-6,6
52888,132,126,6,6
52889,116,104,12,12
52890,88,230,-142,142
52891,127,123,4,4
52892,80,85,-5,5
52893,125,112,13,13
52894,108,101,7,7
52895,104,105,-1,1
52896,62,70,-8,8
52897,76,83,-7,7
52898,77,82,-5,5
52899,120,118,2,2
52900,71,76,-5,5
52901,54,71,-17,17
52902,115,120,-5,5
52903,138,143,-5,5
52904,95,87,8,8
52905,31,37,-6,6
52906,46,42,4,4
52907,147,130,17,17
52908,129,134,-5,5
52909,82,72,10,10
52910,81,84,-3,3
52911,62,65,-3,3
52912,140,131,9,9
52913,101,101,0,0
52914,120,109,11,11
52915,48,51,-3,3
52916,132,127,5,5
52917,164,151,13,13
52918,48,64,-16,16
52919,81,94,-13,13
52920,74,76,-2,2
52921,79,92,-13,13
52922,97,99,-2,2
52923,81,87,-6,6
52924,47,57,-10,10
52925,97,104,-7,7
52926,59,68,-9,9
52927,68,67,1,1
52928,67,67,0,0
52929,66,69,-3,3
52930,143,127,16,16
52931,88,86,2,2
52932,96,96,0,0
52933,169,143,26,26
52934,106,98,8,8
52935,106,110,-4,4
52936,78,79,-1,1
52937,107,113,-6,6
52938,132,135,-3,3
52939,88,78,10,10
52940,68,80,-12,12
52941,104,102,2,2
52942,79,77,2,2
52943,96,88,8,8
52944,159,151,8,8
52945,133,137,-4,4
52946,81,84,-3,3
52947,67,74,-7,7
52948,86,93,-7,7
52949,75,75,0,0
52950,106,109,-3,3
52951,55,67,-12,12
52952,167,149,18,18
52953,33,32,1,1
52954,114,123,-9,9
52955,153,133,20,20
52956,76,81,-5,5
52957,74,83,-9,9
52958,152,153,-1,1
52959,176,145,31,31
52960,86,80,6,6
52961,191,164,27,27
52962,116,114,2,2
52963,87,83,4,4
52964,133,127,6,6
52965,131,135,-4,4
52966,96,93,3,3
52967,113,116,-3,3
52968,52,59,-7,7
52969,68,77,-9,9
52970,110,110,0,0
52971,58,62,-4,4
52972,104,120,-16,16
52973,93,91,2,2
52974,118,118,0,0
52975,92,96,-4,4
52976,77,81,-4,4
52977,43,49,-6,6
52978,19,29,-10,10
52979,156,138,18,18
52980,145,143,2,2
52981,85,92,-7,7
52982,85,74,11,11
52983,121,114,7,7
52984,76,74,2,2
52985,137,142,-5,5
52986,76,77,-1,1
52987,91,86,5,5
52988,93,88,5,5
52989,133,138,-5,5
52990,128,123,5,5
52991,106,105,1,1
52992,77,78,-1,1
52993,104,101,3,3
52994,82,83,-1,1
52995,77,78,-1,1
52996,91,104,-13,13
52997,73,99,-26,26
52998,144,134,10,10
52999,103,101,2,2
53000,97,107,-10,10
53001,238,225,13,13
53002,87,83,4,4
53003,135,127,8,8
53004,63,69,-6,6
53005,95,92,3,3
53006,42,47,-5,5
53007,69,77,-8,8
53008,98,91,7,7
53009,147,144,3,3
53010,108,113,-5,5
53011,52,58,-6,6
53012,69,68,1,1
53013,92,77,15,15
53014,129,131,-2,2
53015,83,84,-1,1
53016,108,112,-4,4
53017,126,131,-5,5
53018,84,81,3,3
53019,86,75,11,11
53020,82,101,-19,19
53021,88,90,-2,2
53022,101,88,13,13
53023,130,118,12,12
53024,83,85,-2,2
53025,118,128,-10,10
53026,106,105,1,1
53027,108,113,-5,5
53028,85,71,14,14
53029,133,124,9,9
53030,77,76,1,1
53031,110,106,4,4
53032,71,83,-12,12
53033,72,77,-5,5
53034,44,50,-6,6
53035,69,66,3,3
53036,106,100,6,6
53037,103,101,2,2
53038,82,76,6,6
53039,119,126,-7,7
53040,94,98,-4,4
53041,67,68,-1,1
53042,81,79,2,2
53043,102,95,7,7
53044,68,64,4,4
53045,154,138,16,16
53046,80,76,4,4
53047,120,112,8,8
53048,59,62,-3,3
53049,149,148,1,1
53050,66,73,-7,7
53051,80,71,9,9
53052,61,66,-5,5
53053,40,54,-14,14
53054,80,90,-10,10
53055,54,60,-6,6
53056,90,112,-22,22
53057,107,103,4,4
53058,62,66,-4,4
53059,157,164,-7,7
53060,113,107,6,6
53061,107,118,-11,11
53062,87,73,14,14
53063,90,90,0,0
53064,155,143,12,12
53065,37,54,-17,17
53066,66,71,-5,5
53067,92,100,-8,8
53068,74,72,2,2
53069,38,32,6,6
53070,83,75,8,8
53071,90,102,-12,12
53072,262,165,97,97
53073,83,83,0,0
53074,65,65,0,0
53075,84,79,5,5
53076,50,56,-6,6
53077,95,102,-7,7
53078,80,85,-5,5
53079,135,126,9,9
53080,75,73,2,2
53081,79,83,-4,4
53082,179,171,8,8
53083,119,117,2,2
53084,89,77,12,12
53085,58,68,-10,10
53086,98,102,-4,4
53087,58,63,-5,5
53088,62,66,-4,4
53089,65,68,-3,3
53090,90,85,5,5
53091,134,123,11,11
53092,61,69,-8,8
53093,142,135,7,7
53094,71,77,-6,6
53095,147,127,20,20
53096,122,121,1,1
53097,151,139,12,12
53098,105,105,0,0
53099,56,63,-7,7
53100,124,127,-3,3
53101,140,145,-5,5
53102,107,103,4,4
53103,103,109,-6,6
53104,98,87,11,11
53105,63,59,4,4
53106,51,62,-11,11
53107,81,77,4,4
53108,65,73,-8,8
53109,150,144,6,6
53110,134,131,3,3
53111,46,46,0,0
53112,120,111,9,9
53113,80,84,-4,4
53114,93,91,2,2
53115,176,156,20,20
53116,115,125,-10,10
53117,128,126,2,2
53118,143,131,12,12
53119,55,62,-7,7
53120,85,77,8,8
53121,102,97,5,5
53122,54,60,-6,6
53123,151,126,25,25
53124,83,76,7,7
53125,47,55,-8,8
53126,80,78,2,2
53127,126,115,11,11
53128,105,112,-7,7
53129,103,113,-10,10
53130,70,75,-5,5
53131,64,65,-1,1
53132,116,115,1,1
53133,124,131,-7,7
53134,89,85,4,4
53135,73,76,-3,3
53136,131,136,-5,5
53137,120,112,8,8
53138,102,97,5,5
53139,88,81,7,7
53140,82,80,2,2
53141,88,87,1,1
53142,135,114,21,21
53143,119,113,6,6
53144,67,72,-5,5
53145,55,58,-3,3
53146,170,162,8,8
53147,125,132,-7,7
53148,132,115,17,17
53149,146,144,2,2
53150,83,82,1,1
53151,85,79,6,6
53152,101,101,0,0
53153,84,85,-1,1
53154,135,127,8,8
53155,54,58,-4,4
53156,74,65,9,9
53157,72,75,-3,3
53158,112,90,22,22
53159,137,139,-2,2
53160,82,75,7,7
53161,121,112,9,9
53162,83,84,-1,1
53163,112,120,-8,8
53164,66,64,2,2
53165,90,83,7,7
53166,111,118,-7,7
53167,70,77,-7,7
53168,98,105,-7,7
53169,101,100,1,1
53170,108,99,9,9
53171,77,77,0,0
53172,94,100,-6,6
53173,77,81,-4,4
53174,52,66,-14,14
53175,114,116,-2,2
53176,79,79,0,0
53177,43,58,-15,15
53178,110,100,10,10
53179,51,47,4,4
53180,81,80,1,1
53181,122,113,9,9
53182,128,127,1,1
53183,92,108,-16,16
53184,111,110,1,1
53185,106,100,6,6
53186,56,64,-8,8
53187,137,125,12,12
53188,75,71,4,4
53189,71,72,-1,1
53190,67,70,-3,3
53191,89,87,2,2
53192,96,98,-2,2
53193,106,108,-2,2
53194,71,72,-1,1
53195,128,116,12,12
53196,63,71,-8,8
53197,82,77,5,5
53198,67,72,-5,5
53199,80,79,1,1
53200,124,117,7,7
53201,117,112,5,5
53202,115,128,-13,13
53203,107,111,-4,4
53204,65,70,-5,5
53205,119,117,2,2
53206,88,99,-11,11
53207,53,62,-9,9
53208,156,144,12,12
53209,71,73,-2,2
53210,89,87,2,2
53211,88,82,6,6
53212,113,111,2,2
53213,43,54,-11,11
53214,106,110,-4,4
53215,85,85,0,0
53216,108,129,-21,21
53217,70,63,7,7
53218,163,151,12,12
53219,102,102,0,0
53220,74,72,2,2
53221,60,65,-5,5
53222,107,103,4,4
53223,59,75,-16,16
53224,90,73,17,17
53225,134,127,7,7
53226,159,150,9,9
53227,99,88,11,11
53228,75,77,-2,2
53229,62,62,0,0
53230,93,89,4,4
53231,101,103,-2,2
53232,61,69,-8,8
53233,88,74,14,14
53234,99,106,-7,7
53235,45,55,-10,10
53236,65,72,-7,7
53237,120,112,8,8
53238,85,84,1,1
53239,76,81,-5,5
53240,111,104,7,7
53241,75,76,-1,1
53242,96,103,-7,7
53243,134,118,16,16
53244,62,58,4,4
53245,69,65,4,4
53246,95,98,-3,3
53247,93,85,8,8
53248,73,77,-4,4
53249,89,78,11,11
53250,59,58,1,1
53251,73,69,4,4
53252,115,118,-3,3
53253,86,84,2,2
53254,141,158,-17,17
53255,109,128,-19,19
53256,112,99,13,13
53257,74,77,-3,3
53258,57,64,-7,7
53259,61,67,-6,6
53260,104,103,1,1
53261,111,97,14,14
53262,80,83,-3,3
53263,107,100,7,7
53264,43,50,-7,7
53265,71,77,-6,6
53266,54,62,-8,8
53267,74,82,-8,8
53268,77,73,4,4
53269,86,102,-16,16
53270,65,70,-5,5
53271,103,97,6,6
53272,67,73,-6,6
53273,77,70,7,7
53274,53,65,-12,12
53275,128,104,24,24
53276,75,76,-1,1
53277,111,131,-20,20
53278,94,92,2,2
53279,93,90,3,3
53280,131,119,12,12
53281,61,93,-32,32
53282,69,69,0,0
53283,70,64,6,6
53284,50,57,-7,7
53285,69,68,1,1
53286,101,93,8,8
53287,86,77,9,9
53288,98,96,2,2
53289,140,110,30,30
53290,88,90,-2,2
53291,51,58,-7,7
53292,72,75,-3,3
53293,109,112,-3,3
53294,67,77,-10,10
53295,114,108,6,6
53296,98,94,4,4
53297,98,107,-9,9
53298,107,116,-9,9
53299,133,144,-11,11
53300,161,160,1,1
53301,161,144,17,17
53302,125,122,3,3
53303,90,92,-2,2
53304,112,114,-2,2
53305,61,65,-4,4
53306,186,182,4,4
53307,102,112,-10,10
53308,273,265,8,8
53309,125,128,-3,3
53310,124,129,-5,5
53311,115,110,5,5
53312,86,86,0,0
53313,67,71,-4,4
53314,90,95,-5,5
53315,146,139,7,7
53316,64,69,-5,5
53317,78,77,1,1
53318,73,72,1,1
53319,132,125,7,7
53320,78,79,-1,1
53321,108,115,-7,7
53322,72,71,1,1
53323,112,121,-9,9
53324,110,110,0,0
53325,157,145,12,12
53326,87,84,3,3
53327,63,64,-1,1
53328,47,53,-6,6
53329,55,64,-9,9
53330,57,59,-2,2
53331,77,80,-3,3
53332,73,71,2,2
53333,52,58,-6,6
53334,60,77,-17,17
53335,171,183,-12,12
53336,153,145,8,8
53337,128,125,3,3
53338,101,101,0,0
53339,58,63,-5,5
53340,67,67,0,0
53341,58,65,-7,7
53342,69,70,-1,1
53343,198,171,27,27
53344,85,79,6,6
53345,96,84,12,12
53346,68,97,-29,29
53347,80,76,4,4
53348,56,66,-10,10
53349,67,70,-3,3
53350,57,62,-5,5
53351,39,44,-5,5
53352,81,89,-8,8
53353,117,114,3,3
53354,104,103,1,1
53355,105,109,-4,4
53356,83,80,3,3
53357,135,139,-4,4
53358,76,70,6,6
53359,122,112,10,10
53360,78,79,-1,1
53361,37,40,-3,3
53362,134,123,11,11
53363,71,68,3,3
53364,119,115,4,4
53365,23,29,-6,6
53366,145,140,5,5
53367,99,99,0,0
53368,70,77,-7,7
53369,41,65,-24,24
53370,82,89,-7,7
53371,102,96,6,6
53372,64,63,1,1
53373,60,63,-3,3
53374,157,147,10,10
53375,144,127,17,17
53376,107,106,1,1
53377,108,117,-9,9
53378,79,81,-2,2
53379,77,85,-8,8
53380,102,100,2,2
53381,62,68,-6,6
53382,87,93,-6,6
53383,156,143,13,13
53384,59,62,-3,3
53385,54,63,-9,9
53386,114,119,-5,5
53387,87,102,-15,15
53388,132,132,0,0
53389,135,128,7,7
53390,126,112,14,14
53391,105,109,-4,4
53392,95,104,-9,9
53393,101,100,1,1
53394,51,63,-12,12
53395,63,73,-10,10
53396,149,146,3,3
53397,72,66,6,6
53398,147,140,7,7
53399,67,67,0,0
53400,106,114,-8,8
53401,98,103,-5,5
53402,100,96,4,4
53403,93,107,-14,14
53404,69,73,-4,4
53405,116,131,-15,15
53406,88,83,5,5
53407,114,140,-26,26
53408,53,60,-7,7
53409,55,60,-5,5
53410,86,97,-11,11
53411,110,105,5,5
53412,82,80,2,2
53413,87,82,5,5
53414,60,62,-2,2
53415,59,65,-6,6
53416,72,65,7,7
53417,99,89,10,10
53418,111,98,13,13
53419,105,109,-4,4
53420,110,106,4,4
53421,56,61,-5,5
53422,126,132,-6,6
53423,75,82,-7,7
53424,56,60,-4,4
53425,119,139,-20,20
53426,98,100,-2,2
53427,171,169,2,2
53428,169,146,23,23
53429,126,127,-1,1
53430,194,169,25,25
53431,112,104,8,8
53432,73,73,0,0
53433,106,107,-1,1
53434,101,85,16,16
53435,119,112,7,7
53436,96,85,11,11
53437,58,63,-5,5
53438,89,96,-7,7
53439,78,77,1,1
53440,85,89,-4,4
53441,87,89,-2,2
53442,70,77,-7,7
53443,50,61,-11,11
53444,51,57,-6,6
53445,91,84,7,7
53446,79,81,-2,2
53447,98,98,0,0
53448,117,126,-9,9
53449,94,103,-9,9
53450,141,134,7,7
53451,133,135,-2,2
53452,48,57,-9,9
53453,121,119,2,2
53454,90,93,-3,3
53455,50,63,-13,13
53456,69,77,-8,8
53457,90,110,-20,20
53458,83,82,1,1
53459,89,104,-15,15
53460,84,83,1,1
53461,72,67,5,5
53462,65,70,-5,5
53463,93,89,4,4
53464,70,72,-2,2
53465,68,72,-4,4
53466,128,138,-10,10
53467,102,83,19,19
53468,111,112,-1,1
53469,54,59,-5,5
53470,94,102,-8,8
53471,102,97,5,5
53472,104,96,8,8
53473,90,91,-1,1
53474,96,100,-4,4
53475,119,138,-19,19
53476,80,83,-3,3
53477,77,77,0,0
53478,228,234,-6,6
53479,134,114,20,20
53480,140,156,-16,16
53481,47,55,-8,8
53482,113,109,4,4
53483,58,61,-3,3
53484,34,35,-1,1
53485,46,47,-1,1
53486,68,65,3,3
53487,68,73,-5,5
53488,43,54,-11,11
53489,74,82,-8,8
53490,88,92,-4,4
53491,130,142,-12,12
53492,112,95,17,17
53493,91,86,5,5
53494,70,73,-3,3
53495,137,132,5,5
53496,67,63,4,4
53497,90,80,10,10
53498,137,124,13,13
53499,83,94,-11,11
53500,105,114,-9,9
53501,78,82,-4,4
53502,93,77,16,16
53503,88,81,7,7
53504,65,66,-1,1
53505,105,95,10,10
53506,131,138,-7,7
53507,52,54,-2,2
53508,48,56,-8,8
53509,127,130,-3,3
53510,70,83,-13,13
53511,62,62,0,0
53512,119,120,-1,1
53513,75,76,-1,1
53514,90,81,9,9
53515,60,71,-11,11
53516,133,124,9,9
53517,86,82,4,4
53518,77,84,-7,7
53519,81,80,1,1
53520,98,99,-1,1
53521,101,105,-4,4
53522,70,74,-4,4
53523,86,77,9,9
53524,111,114,-3,3
53525,99,94,5,5
53526,62,67,-5,5
53527,111,112,-1,1
53528,57,64,-7,7
53529,93,94,-1,1
53530,77,80,-3,3
53531,122,117,5,5
53532,96,101,-5,5
53533,52,60,-8,8
53534,66,63,3,3
53535,102,98,4,4
53536,79,93,-14,14
53537,83,95,-12,12
53538,90,90,0,0
53539,117,113,4,4
53540,87,91,-4,4
53541,127,116,11,11
53542,50,60,-10,10
53543,62,67,-5,5
53544,63,75,-12,12
53545,80,74,6,6
53546,111,130,-19,19
53547,53,45,8,8
53548,105,104,1,1
53549,97,90,7,7
53550,48,52,-4,4
53551,66,72,-6,6
53552,113,112,1,1
53553,142,138,4,4
53554,42,45,-3,3
53555,55,58,-3,3
53556,111,101,10,10
53557,89,83,6,6
53558,76,88,-12,12
53559,126,116,10,10
53560,103,101,2,2
53561,53,61,-8,8
53562,90,87,3,3
53563,66,63,3,3
53564,60,71,-11,11
53565,49,63,-14,14
53566,230,196,34,34
53567,64,58,6,6
53568,104,106,-2,2
53569,82,83,-1,1
53570,157,155,2,2
53571,53,56,-3,3
53572,93,99,-6,6
53573,76,73,3,3
53574,61,69,-8,8
53575,100,90,10,10
53576,52,62,-10,10
53577,69,71,-2,2
53578,117,115,2,2
53579,124,118,6,6
53580,100,106,-6,6
53581,149,132,17,17
53582,99,101,-2,2
53583,120,113,7,7
53584,79,84,-5,5
53585,177,177,0,0
53586,62,66,-4,4
53587,99,95,4,4
53588,157,147,10,10
53589,117,120,-3,3
53590,98,93,5,5
53591,68,70,-2,2
53592,85,82,3,3
53593,91,98,-7,7
53594,106,100,6,6
53595,129,125,4,4
53596,134,122,12,12
53597,85,84,1,1
53598,122,125,-3,3
53599,89,87,2,2
53600,46,56,-10,10
53601,91,98,-7,7
53602,136,136,0,0
53603,52,56,-4,4
53604,98,105,-7,7
53605,98,90,8,8
53606,129,125,4,4
53607,49,54,-5,5
53608,75,73,2,2
53609,70,76,-6,6
53610,102,97,5,5
53611,114,114,0,0
53612,31,42,-11,11
53613,120,116,4,4
53614,108,104,4,4
53615,84,87,-3,3
53616,61,67,-6,6
53617,150,151,-1,1
53618,52,87,-35,35
53619,44,55,-11,11
53620,71,77,-6,6
53621,62,69,-7,7
53622,74,77,-3,3
53623,100,100,0,0
53624,83,88,-5,5
53625,82,84,-2,2
53626,149,134,15,15
53627,113,124,-11,11
53628,99,91,8,8
53629,94,99,-5,5
53630,77,84,-7,7
53631,116,128,-12,12
53632,154,157,-3,3
53633,84,88,-4,4
53634,116,104,12,12
53635,169,160,9,9
53636,126,119,7,7
53637,31,31,0,0
53638,84,84,0,0
53639,81,77,4,4
53640,109,105,4,4
53641,96,99,-3,3
53642,78,79,-1,1
53643,100,100,0,0
53644,101,99,2,2
53645,63,72,-9,9
53646,118,113,5,5
53647,119,112,7,7
53648,70,66,4,4
53649,82,75,7,7
53650,57,58,-1,1
53651,89,92,-3,3
53652,124,113,11,11
53653,67,70,-3,3
53654,87,80,7,7
53655,115,110,5,5
53656,76,73,3,3
53657,63,70,-7,7
53658,105,101,4,4
53659,77,77,0,0
53660,124,131,-7,7
53661,84,78,6,6
53662,52,51,1,1
53663,55,60,-5,5
53664,120,112,8,8
53665,206,176,30,30
53666,67,73,-6,6
53667,93,96,-3,3
53668,67,71,-4,4
53669,71,70,1,1
53670,87,77,10,10
53671,72,70,2,2
53672,108,105,3,3
53673,116,114,2,2
53674,62,61,1,1
53675,61,72,-11,11
53676,57,63,-6,6
53677,100,94,6,6
53678,78,72,6,6
53679,93,95,-2,2
53680,102,105,-3,3
53681,187,188,-1,1
53682,88,77,11,11
53683,100,104,-4,4
53684,169,163,6,6
53685,160,168,-8,8
53686,142,137,5,5
53687,146,147,-1,1
53688,81,84,-3,3
53689,41,51,-10,10
53690,111,95,16,16
53691,124,114,10,10
53692,114,119,-5,5
53693,133,140,-7,7
53694,88,78,10,10
53695,90,83,7,7
53696,76,76,0,0
53697,83,93,-10,10
53698,130,126,4,4
53699,48,64,-16,16
53700,85,100,-15,15
53701,77,76,1,1
53702,130,129,1,1
53703,118,103,15,15
53704,106,103,3,3
53705,67,73,-6,6
53706,111,113,-2,2
53707,94,90,4,4
53708,69,70,-1,1
53709,76,96,-20,20
53710,96,92,4,4
53711,84,79,5,5
53712,144,121,23,23
53713,66,77,-11,11
53714,86,84,2,2
53715,56,66,-10,10
53716,103,113,-10,10
53717,154,144,10,10
53718,80,75,5,5
53719,89,89,0,0
53720,63,72,-9,9
53721,90,83,7,7
53722,102,86,16,16
53723,132,131,1,1
53724,103,105,-2,2
53725,138,136,2,2
53726,107,102,5,5
53727,84,88,-4,4
53728,158,145,13,13
53729,143,143,0,0
53730,83,87,-4,4
53731,101,92,9,9
53732,42,57,-15,15
53733,156,149,7,7
53734,96,103,-7,7
53735,124,130,-6,6
53736,91,93,-2,2
53737,139,132,7,7
53738,80,76,4,4
53739,95,91,4,4
53740,95,87,8,8
53741,83,89,-6,6
53742,88,94,-6,6
53743,120,122,-2,2
53744,79,80,-1,1
53745,114,109,5,5
53746,54,61,-7,7
53747,72,78,-6,6
53748,122,111,11,11
53749,125,125,0,0
53750,100,99,1,1
53751,90,102,-12,12
53752,92,90,2,2
53753,85,80,5,5
53754,115,114,1,1
53755,76,70,6,6
53756,94,108,-14,14
53757,128,116,12,12
53758,49,86,-37,37
53759,134,126,8,8
53760,114,112,2,2
53761,75,73,2,2
53762,71,70,1,1
53763,131,126,5,5
53764,110,105,5,5
53765,113,107,6,6
53766,79,88,-9,9
53767,90,82,8,8
53768,112,100,12,12
53769,92,94,-2,2
53770,141,130,11,11
53771,46,55,-9,9
53772,103,103,0,0
53773,124,126,-2,2
53774,98,96,2,2
53775,106,94,12,12
53776,95,84,11,11
53777,50,58,-8,8
53778,98,94,4,4
53779,127,124,3,3
53780,147,146,1,1
53781,136,126,10,10
53782,68,69,-1,1
53783,133,131,2,2
53784,112,112,0,0
53785,73,71,2,2
53786,104,107,-3,3
53787,118,113,5,5
53788,84,95,-11,11
53789,66,70,-4,4
53790,74,72,2,2
53791,71,67,4,4
53792,122,118,4,4
53793,88,88,0,0
53794,90,97,-7,7
53795,44,55,-11,11
53796,68,83,-15,15
53797,72,78,-6,6
53798,141,138,3,3
53799,84,111,-27,27
53800,120,114,6,6
53801,46,43,3,3
53802,59,62,-3,3
53803,136,130,6,6
53804,47,53,-6,6
53805,57,64,-7,7
53806,64,77,-13,13
53807,114,97,17,17
53808,75,70,5,5
53809,72,74,-2,2
53810,58,58,0,0
53811,70,71,-1,1
53812,146,137,9,9
53813,83,102,-19,19
53814,116,135,-19,19
53815,143,142,1,1
53816,118,109,9,9
53817,200,184,16,16
53818,116,104,12,12
53819,124,113,11,11
53820,142,144,-2,2
53821,184,159,25,25
53822,137,128,9,9
53823,76,78,-2,2
53824,96,88,8,8
53825,52,58,-6,6
53826,91,81,10,10
53827,55,60,-5,5
53828,95,85,10,10
53829,59,66,-7,7
53830,145,148,-3,3
53831,84,71,13,13
53832,112,114,-2,2
53833,63,76,-13,13
53834,60,66,-6,6
53835,134,129,5,5
53836,88,81,7,7
53837,72,75,-3,3
53838,107,114,-7,7
53839,74,73,1,1
53840,94,82,12,12
53841,84,77,7,7
53842,55,74,-19,19
53843,30,29,1,1
53844,31,46,-15,15
53845,77,82,-5,5
53846,74,75,-1,1
53847,99,84,15,15
53848,148,143,5,5
53849,70,77,-7,7
53850,86,80,6,6
53851,124,141,-17,17
53852,144,143,1,1
53853,77,72,5,5
53854,117,109,8,8
53855,78,74,4,4
53856,53,66,-13,13
53857,105,98,7,7
53858,79,68,11,11
53859,127,118,9,9
53860,94,86,8,8
53861,159,159,0,0
53862,90,87,3,3
53863,71,73,-2,2
53864,156,145,11,11
53865,140,134,6,6
53866,57,51,6,6
53867,91,92,-1,1
53868,61,63,-2,2
53869,91,95,-4,4
53870,54,60,-6,6
53871,78,74,4,4
53872,133,114,19,19
53873,121,110,11,11
53874,151,152,-1,1
53875,119,114,5,5
53876,76,109,-33,33
53877,98,94,4,4
53878,97,97,0,0
53879,41,47,-6,6
53880,149,161,-12,12
53881,119,117,2,2
53882,80,79,1,1
53883,67,67,0,0
53884,70,75,-5,5
53885,120,111,9,9
53886,125,124,1,1
53887,76,77,-1,1
53888,77,83,-6,6
53889,89,91,-2,2
53890,63,62,1,1
53891,163,157,6,6
53892,51,52,-1,1
53893,68,67,1,1
53894,131,130,1,1
53895,109,111,-2,2
53896,61,60,1,1
53897,118,129,-11,11
53898,103,103,0,0
53899,137,123,14,14
53900,93,90,3,3
53901,116,101,15,15
53902,61,68,-7,7
53903,80,83,-3,3
53904,88,87,1,1
53905,121,128,-7,7
53906,63,68,-5,5
53907,150,144,6,6
53908,130,126,4,4
53909,112,109,3,3
53910,48,59,-11,11
53911,159,158,1,1
53912,75,73,2,2
53913,66,72,-6,6
53914,75,77,-2,2
53915,70,70,0,0
53916,80,77,3,3
53917,95,96,-1,1
53918,57,51,6,6
53919,79,74,5,5
53920,69,68,1,1
53921,60,67,-7,7
53922,115,107,8,8
53923,121,99,22,22
53924,71,66,5,5
53925,88,80,8,8
53926,97,97,0,0
53927,56,65,-9,9
53928,107,99,8,8
53929,35,38,-3,3
53930,112,114,-2,2
53931,74,80,-6,6
53932,80,79,1,1
53933,89,105,-16,16
53934,81,90,-9,9
53935,142,140,2,2
53936,109,112,-3,3
53937,118,101,17,17
53938,93,89,4,4
53939,127,125,2,2
53940,84,83,1,1
53941,135,133,2,2
53942,128,127,1,1
53943,88,79,9,9
53944,77,84,-7,7
53945,73,81,-8,8
53946,92,84,8,8
53947,163,164,-1,1
53948,117,109,8,8
53949,186,180,6,6
53950,118,125,-7,7
53951,79,70,9,9
53952,81,83,-2,2
53953,114,126,-12,12
53954,83,79,4,4
53955,89,77,12,12
53956,139,142,-3,3
53957,85,85,0,0
53958,52,60,-8,8
53959,112,102,10,10
53960,79,82,-3,3
53961,90,81,9,9
53962,102,102,0,0
53963,86,86,0,0
53964,83,82,1,1
53965,149,138,11,11
53966,50,59,-9,9
53967,73,73,0,0
53968,66,67,-1,1
53969,106,112,-6,6
53970,78,71,7,7
53971,85,86,-1,1
53972,97,110,-13,13
53973,50,52,-2,2
53974,126,139,-13,13
53975,83,89,-6,6
53976,98,88,10,10
53977,75,75,0,0
53978,93,91,2,2
53979,143,134,9,9
53980,142,123,19,19
53981,55,65,-10,10
53982,68,68,0,0
53983,61,64,-3,3
53984,68,67,1,1
53985,119,102,17,17
53986,85,82,3,3
53987,56,56,0,0
53988,105,114,-9,9
53989,74,76,-2,2
53990,61,64,-3,3
53991,125,126,-1,1
53992,49,55,-6,6
53993,117,125,-8,8
53994,109,114,-5,5
53995,108,123,-15,15
53996,153,165,-12,12
53997,59,58,1,1
53998,173,160,13,13
53999,90,89,1,1
54000,102,99,3,3
54001,53,61,-8,8
54002,91,98,-7,7
54003,162,131,31,31
54004,129,126,3,3
54005,110,109,1,1
54006,80,74,6,6
54007,94,84,10,10
54008,107,103,4,4
54009,57,66,-9,9
54010,109,111,-2,2
54011,73,73,0,0
54012,229,207,22,22
54013,170,167,3,3
54014,70,65,5,5
54015,104,107,-3,3
54016,83,81,2,2
54017,101,98,3,3
54018,86,89,-3,3
54019,108,112,-4,4
54020,96,98,-2,2
54021,80,83,-3,3
54022,68,73,-5,5
54023,91,84,7,7
54024,112,113,-1,1
54025,122,118,4,4
54026,132,126,6,6
54027,96,97,-1,1
54028,81,86,-5,5
54029,80,95,-15,15
54030,101,96,5,5
54031,117,114,3,3
54032,100,93,7,7
54033,83,97,-14,14
54034,93,94,-1,1
54035,103,103,0,0
54036,48,64,-16,16
54037,110,104,6,6
54038,128,117,11,11
54039,37,40,-3,3
54040,110,118,-8,8
54041,94,92,2,2
54042,127,145,-18,18
54043,70,68,2,2
54044,112,109,3,3
54045,189,191,-2,2
54046,95,103,-8,8
54047,123,129,-6,6
54048,152,152,0,0
54049,85,83,2,2
54050,60,68,-8,8
54051,74,69,5,5
54052,89,89,0,0
54053,97,95,2,2
54054,159,145,14,14
54055,90,89,1,1
54056,76,77,-1,1
54057,83,94,-11,11
54058,71,82,-11,11
54059,105,94,11,11
54060,102,101,1,1
54061,161,146,15,15
54062,123,110,13,13
54063,85,84,1,1
54064,41,47,-6,6
54065,165,155,10,10
54066,60,94,-34,34
54067,123,124,-1,1
54068,59,60,-1,1
54069,51,52,-1,1
54070,160,160,0,0
54071,134,147,-13,13
54072,87,94,-7,7
54073,91,94,-3,3
54074,52,61,-9,9
54075,111,104,7,7
54076,139,150,-11,11
54077,65,72,-7,7
54078,96,92,4,4
54079,92,86,6,6
54080,77,86,-9,9
54081,106,113,-7,7
54082,194,185,9,9
54083,127,123,4,4
54084,121,108,13,13
54085,140,149,-9,9
54086,129,129,0,0
54087,59,66,-7,7
54088,82,89,-7,7
54089,59,66,-7,7
54090,98,97,1,1
54091,214,189,25,25
54092,107,102,5,5
54093,122,125,-3,3
54094,75,72,3,3
54095,52,56,-4,4
54096,129,121,8,8
54097,59,63,-4,4
54098,64,65,-1,1
54099,144,130,14,14
54100,99,97,2,2
54101,156,143,13,13
54102,173,168,5,5
54103,82,82,0,0
54104,145,128,17,17
54105,105,100,5,5
54106,102,115,-13,13
54107,69,72,-3,3
54108,51,55,-4,4
54109,44,53,-9,9
54110,30,31,-1,1
54111,118,107,11,11
54112,85,78,7,7
54113,70,72,-2,2
54114,61,76,-15,15
54115,69,67,2,2
54116,81,80,1,1
54117,68,66,2,2
54118,149,144,5,5
54119,47,66,-19,19
54120,53,63,-10,10
54121,143,140,3,3
54122,91,100,-9,9
54123,93,96,-3,3
54124,45,53,-8,8
54125,122,120,2,2
54126,112,106,6,6
54127,165,152,13,13
54128,57,66,-9,9
54129,101,108,-7,7
54130,54,60,-6,6
54131,55,60,-5,5
54132,74,70,4,4
54133,95,92,3,3
54134,58,87,-29,29
54135,114,126,-12,12
54136,73,91,-18,18
54137,81,77,4,4
54138,63,61,2,2
54139,139,149,-10,10
54140,96,95,1,1
54141,111,109,2,2
54142,157,145,12,12
54143,167,166,1,1
54144,166,141,25,25
54145,115,118,-3,3
54146,80,76,4,4
54147,166,140,26,26
54148,89,84,5,5
54149,69,66,3,3
54150,34,48,-14,14
54151,92,90,2,2
54152,81,87,-6,6
54153,131,130,1,1
54154,65,70,-5,5
54155,107,108,-1,1
54156,61,67,-6,6
54157,77,84,-7,7
54158,92,95,-3,3
54159,175,175,0,0
54160,154,152,2,2
54161,101,104,-3,3
54162,96,93,3,3
54163,82,80,2,2
54164,72,71,1,1
54165,60,67,-7,7
54166,137,124,13,13
54167,44,56,-12,12
54168,77,72,5,5
54169,111,106,5,5
54170,41,57,-16,16
54171,119,109,10,10
54172,83,84,-1,1
54173,108,103,5,5
54174,128,112,16,16
54175,76,89,-13,13
54176,41,56,-15,15
54177,79,81,-2,2
54178,175,166,9,9
54179,115,106,9,9
54180,87,96,-9,9
54181,136,121,15,15
54182,76,75,1,1
54183,107,115,-8,8
54184,86,95,-9,9
54185,118,112,6,6
54186,98,96,2,2
54187,73,71,2,2
54188,176,164,12,12
54189,110,100,10,10
54190,73,71,2,2
54191,73,73,0,0
54192,109,114,-5,5
54193,96,103,-7,7
54194,128,117,11,11
54195,65,66,-1,1
54196,81,84,-3,3
54197,76,75,1,1
54198,81,87,-6,6
54199,55,54,1,1
54200,93,92,1,1
54201,138,141,-3,3
54202,127,121,6,6
54203,110,91,19,19
54204,97,92,5,5
54205,106,114,-8,8
54206,70,74,-4,4
54207,84,101,-17,17
54208,103,99,4,4
54209,109,102,7,7
54210,82,79,3,3
54211,82,84,-2,2
54212,75,72,3,3
54213,96,93,3,3
54214,74,76,-2,2
54215,50,57,-7,7
54216,80,75,5,5
54217,129,138,-9,9
54218,127,129,-2,2
54219,101,113,-12,12
54220,94,91,3,3
54221,80,82,-2,2
54222,51,55,-4,4
54223,98,99,-1,1
54224,93,96,-3,3
54225,138,143,-5,5
54226,127,116,11,11
54227,115,112,3,3
54228,57,63,-6,6
54229,62,66,-4,4
54230,125,127,-2,2
54231,74,82,-8,8
54232,104,95,9,9
54233,112,112,0,0
54234,101,96,5,5
54235,81,72,9,9
54236,58,65,-7,7
54237,98,85,13,13
54238,60,60,0,0
54239,60,67,-7,7
54240,119,111,8,8
54241,92,88,4,4
54242,79,83,-4,4
54243,72,73,-1,1
54244,59,67,-8,8
54245,53,58,-5,5
54246,133,125,8,8
54247,81,90,-9,9
54248,167,155,12,12
54249,110,105,5,5
54250,62,66,-4,4
54251,77,75,2,2
54252,81,95,-14,14
54253,108,92,16,16
54254,107,100,7,7
54255,56,61,-5,5
54256,74,72,2,2
54257,55,70,-15,15
54258,41,46,-5,5
54259,95,89,6,6
54260,80,83,-3,3
54261,107,106,1,1
54262,89,88,1,1
54263,69,69,0,0
54264,89,83,6,6
54265,125,114,11,11
54266,139,138,1,1
54267,63,67,-4,4
54268,79,86,-7,7
54269,111,118,-7,7
54270,80,83,-3,3
54271,89,96,-7,7
54272,65,63,2,2
54273,139,129,10,10
54274,105,102,3,3
54275,59,62,-3,3
54276,108,100,8,8
54277,71,74,-3,3
54278,57,69,-12,12
54279,65,69,-4,4
54280,66,66,0,0
54281,171,174,-3,3
54282,69,88,-19,19
54283,137,122,15,15
54284,62,68,-6,6
54285,92,92,0,0
54286,87,77,10,10
54287,131,125,6,6
54288,160,167,-7,7
54289,78,84,-6,6
54290,82,90,-8,8
54291,152,170,-18,18
54292,34,34,0,0
54293,80,89,-9,9
54294,201,196,5,5
54295,89,86,3,3
54296,88,93,-5,5
54297,137,130,7,7
54298,58,63,-5,5
54299,87,102,-15,15
54300,106,107,-1,1
54301,67,70,-3,3
54302,57,57,0,0
54303,83,76,7,7
54304,105,96,9,9
54305,187,173,14,14
54306,92,89,3,3
54307,43,44,-1,1
54308,130,131,-1,1
54309,103,97,6,6
54310,79,79,0,0
54311,176,169,7,7
54312,120,112,8,8
54313,75,75,0,0
54314,75,71,4,4
54315,77,71,6,6
54316,87,84,3,3
54317,49,61,-12,12
54318,164,142,22,22
54319,142,131,11,11
54320,136,129,7,7
54321,51,60,-9,9
54322,79,79,0,0
54323,173,167,6,6
54324,118,115,3,3
54325,75,75,0,0
54326,87,93,-6,6
54327,66,65,1,1
54328,67,70,-3,3
54329,124,116,8,8
54330,62,67,-5,5
54331,88,98,-10,10
54332,87,85,2,2
54333,125,128,-3,3
54334,107,85,22,22
54335,65,64,1,1
54336,50,58,-8,8
54337,80,73,7,7
54338,166,161,5,5
54339,142,133,9,9
54340,171,165,6,6
54341,57,60,-3,3
54342,87,89,-2,2
54343,106,103,3,3
54344,95,104,-9,9
54345,108,98,10,10
54346,105,99,6,6
54347,112,109,3,3
54348,101,88,13,13
54349,89,85,4,4
54350,49,60,-11,11
54351,84,81,3,3
54352,101,102,-1,1
54353,66,68,-2,2
54354,83,80,3,3
54355,58,61,-3,3
54356,85,88,-3,3
54357,91,118,-27,27
54358,53,69,-16,16
54359,94,96,-2,2
54360,97,85,12,12
54361,76,73,3,3
54362,45,60,-15,15
54363,49,54,-5,5
54364,150,149,1,1
54365,104,100,4,4
54366,111,116,-5,5
54367,68,66,2,2
54368,93,98,-5,5
54369,100,102,-2,2
54370,107,107,0,0
54371,121,121,0,0
54372,60,70,-10,10
54373,134,132,2,2
54374,127,121,6,6
54375,76,79,-3,3
54376,122,108,14,14
54377,71,69,2,2
54378,73,81,-8,8
54379,74,72,2,2
54380,133,130,3,3
54381,78,74,4,4
54382,60,75,-15,15
54383,112,125,-13,13
54384,87,92,-5,5
54385,105,97,8,8
54386,62,67,-5,5
54387,76,73,3,3
54388,124,116,8,8
54389,108,113,-5,5
54390,63,65,-2,2
54391,192,182,10,10
54392,63,76,-13,13
54393,94,97,-3,3
54394,76,95,-19,19
54395,153,151,2,2
54396,145,140,5,5
54397,118,125,-7,7
54398,144,150,-6,6
54399,80,86,-6,6
54400,81,78,3,3
54401,167,153,14,14
54402,112,92,20,20
54403,87,94,-7,7
54404,114,87,27,27
54405,96,99,-3,3
54406,72,72,0,0
54407,148,149,-1,1
54408,105,108,-3,3
54409,138,148,-10,10
54410,80,83,-3,3
54411,79,85,-6,6
54412,92,88,4,4
54413,104,107,-3,3
54414,60,74,-14,14
54415,179,170,9,9
54416,86,83,3,3
54417,32,50,-18,18
54418,134,114,20,20
54419,71,72,-1,1
54420,93,97,-4,4
54421,112,111,1,1
54422,117,114,3,3
54423,112,112,0,0
54424,83,84,-1,1
54425,111,113,-2,2
54426,143,142,1,1
54427,84,88,-4,4
54428,58,66,-8,8
54429,78,79,-1,1
54430,116,105,11,11
54431,120,109,11,11
54432,102,93,9,9
54433,155,95,60,60
54434,106,109,-3,3
54435,79,73,6,6
54436,111,118,-7,7
54437,72,73,-1,1
54438,59,63,-4,4
54439,139,146,-7,7
54440,119,112,7,7
54441,100,96,4,4
54442,59,71,-12,12
54443,67,74,-7,7
54444,149,154,-5,5
54445,74,74,0,0
54446,96,101,-5,5
54447,196,197,-1,1
54448,144,142,2,2
54449,101,99,2,2
54450,80,98,-18,18
54451,76,88,-12,12
54452,96,99,-3,3
54453,112,103,9,9
54454,73,93,-20,20
54455,126,128,-2,2
54456,92,90,2,2
54457,125,130,-5,5
54458,64,68,-4,4
54459,146,142,4,4
54460,77,97,-20,20
54461,148,145,3,3
54462,126,124,2,2
54463,95,101,-6,6
54464,58,58,0,0
54465,146,134,12,12
54466,148,136,12,12
54467,104,112,-8,8
54468,129,121,8,8
54469,60,58,2,2
54470,83,82,1,1
54471,67,60,7,7
54472,132,123,9,9
54473,82,89,-7,7
54474,34,57,-23,23
54475,76,84,-8,8
54476,116,123,-7,7
54477,119,123,-4,4
54478,96,99,-3,3
54479,138,130,8,8
54480,80,77,3,3
54481,109,111,-2,2
54482,103,100,3,3
54483,57,66,-9,9
54484,41,40,1,1
54485,121,119,2,2
54486,87,83,4,4
54487,125,121,4,4
54488,82,90,-8,8
54489,36,45,-9,9
54490,63,61,2,2
54491,112,108,4,4
54492,90,82,8,8
54493,110,116,-6,6
54494,184,170,14,14
54495,97,100,-3,3
54496,64,71,-7,7
54497,115,104,11,11
54498,85,80,5,5
54499,60,64,-4,4
54500,68,77,-9,9
54501,118,117,1,1
54502,56,69,-13,13
54503,49,66,-17,17
54504,92,95,-3,3
54505,62,63,-1,1
54506,131,116,15,15
54507,125,124,1,1
54508,146,150,-4,4
54509,78,80,-2,2
54510,69,69,0,0
54511,76,74,2,2
54512,66,68,-2,2
54513,71,75,-4,4
54514,97,105,-8,8
54515,264,251,13,13
54516,38,51,-13,13
54517,134,142,-8,8
54518,70,69,1,1
54519,67,70,-3,3
54520,128,121,7,7
54521,138,108,30,30
54522,101,115,-14,14
54523,76,77,-1,1
54524,42,55,-13,13
54525,138,124,14,14
54526,126,117,9,9
54527,80,76,4,4
54528,61,60,1,1
54529,105,94,11,11
54530,113,113,0,0
54531,96,99,-3,3
54532,97,99,-2,2
54533,74,86,-12,12
54534,129,130,-1,1
54535,83,77,6,6
54536,87,81,6,6
54537,72,69,3,3
54538,120,113,7,7
54539,95,117,-22,22
54540,62,65,-3,3
54541,54,63,-9,9
54542,80,83,-3,3
54543,109,100,9,9
54544,90,82,8,8
54545,30,29,1,1
54546,103,101,2,2
54547,91,101,-10,10
54548,92,81,11,11
54549,79,86,-7,7
54550,120,117,3,3
54551,131,124,7,7
54552,91,96,-5,5
54553,64,66,-2,2
54554,106,104,2,2
54555,81,82,-1,1
54556,86,80,6,6
54557,190,191,-1,1
54558,80,77,3,3
54559,108,117,-9,9
54560,136,145,-9,9
54561,84,81,3,3
54562,122,121,1,1
54563,80,77,3,3
54564,80,75,5,5
54565,143,139,4,4
54566,31,35,-4,4
54567,96,93,3,3
54568,74,69,5,5
54569,130,125,5,5
54570,99,96,3,3
54571,90,99,-9,9
54572,89,82,7,7
54573,122,109,13,13
54574,116,116,0,0
54575,111,115,-4,4
54576,129,124,5,5
54577,97,100,-3,3
54578,122,104,18,18
54579,94,117,-23,23
54580,78,83,-5,5
54581,101,99,2,2
54582,77,84,-7,7
54583,99,110,-11,11
54584,91,111,-20,20
54585,74,76,-2,2
54586,120,115,5,5
54587,109,102,7,7
54588,54,63,-9,9
54589,105,95,10,10
54590,140,147,-7,7
54591,175,167,8,8
54592,103,94,9,9
54593,80,83,-3,3
54594,71,76,-5,5
54595,101,98,3,3
54596,91,94,-3,3
54597,75,82,-7,7
54598,51,59,-8,8
54599,59,63,-4,4
54600,108,104,4,4
54601,198,178,20,20
54602,48,50,-2,2
54603,117,114,3,3
54604,44,46,-2,2
54605,105,107,-2,2
54606,78,79,-1,1
54607,92,99,-7,7
54608,89,85,4,4
54609,68,69,-1,1
54610,50,60,-10,10
54611,83,77,6,6
54612,71,71,0,0
54613,96,117,-21,21
54614,146,134,12,12
54615,134,109,25,25
54616,73,92,-19,19
54617,84,113,-29,29
54618,86,91,-5,5
54619,152,143,9,9
54620,59,64,-5,5
54621,183,173,10,10
54622,50,59,-9,9
54623,83,81,2,2
54624,103,98,5,5
54625,63,66,-3,3
54626,58,65,-7,7
54627,79,76,3,3
54628,65,92,-27,27
54629,50,61,-11,11
54630,89,80,9,9
54631,132,118,14,14
54632,91,100,-9,9
54633,79,80,-1,1
54634,89,80,9,9
54635,117,123,-6,6
54636,89,81,8,8
54637,109,114,-5,5
54638,124,119,5,5
54639,97,93,4,4
54640,131,130,1,1
54641,86,85,1,1
54642,77,78,-1,1
54643,96,99,-3,3
54644,94,94,0,0
54645,74,73,1,1
54646,129,125,4,4
54647,104,102,2,2
54648,113,121,-8,8
54649,99,101,-2,2
54650,63,56,7,7
54651,95,95,0,0
54652,68,77,-9,9
54653,194,171,23,23
54654,99,108,-9,9
54655,123,133,-10,10
54656,119,113,6,6
54657,108,97,11,11
54658,66,80,-14,14
54659,60,66,-6,6
54660,58,67,-9,9
54661,183,173,10,10
54662,190,197,-7,7
54663,165,148,17,17
54664,80,87,-7,7
54665,166,160,6,6
54666,123,126,-3,3
54667,131,132,-1,1
54668,62,70,-8,8
54669,83,72,11,11
54670,125,117,8,8
54671,103,108,-5,5
54672,101,107,-6,6
54673,95,92,3,3
54674,59,65,-6,6
54675,107,99,8,8
54676,79,69,10,10
54677,87,82,5,5
54678,84,86,-2,2
54679,67,68,-1,1
54680,75,72,3,3
54681,85,79,6,6
54682,89,81,8,8
54683,105,117,-12,12
54684,71,72,-1,1
54685,150,133,17,17
54686,59,64,-5,5
54687,86,81,5,5
54688,85,83,2,2
54689,110,114,-4,4
54690,76,72,4,4
54691,100,100,0,0
54692,109,100,9,9
54693,110,109,1,1
54694,97,108,-11,11
54695,109,111,-2,2
54696,188,176,12,12
54697,52,61,-9,9
54698,56,65,-9,9
54699,87,87,0,0
54700,72,73,-1,1
54701,171,165,6,6
54702,109,106,3,3
54703,86,90,-4,4
54704,140,132,8,8
54705,113,107,6,6
54706,89,85,4,4
54707,102,99,3,3
54708,82,78,4,4
54709,87,82,5,5
54710,85,89,-4,4
54711,150,140,10,10
54712,151,136,15,15
54713,65,75,-10,10
54714,150,145,5,5
54715,102,102,0,0
54716,88,86,2,2
54717,108,116,-8,8
54718,38,53,-15,15
54719,123,121,2,2
54720,92,79,13,13
54721,120,114,6,6
54722,108,102,6,6
54723,72,68,4,4
54724,62,61,1,1
54725,105,106,-1,1
54726,71,83,-12,12
54727,99,90,9,9
54728,88,90,-2,2
54729,79,87,-8,8
54730,86,84,2,2
54731,116,103,13,13
54732,74,79,-5,5
54733,93,97,-4,4
54734,198,173,25,25
54735,96,95,1,1
54736,78,77,1,1
54737,57,59,-2,2
54738,45,56,-11,11
54739,140,135,5,5
54740,76,74,2,2
54741,88,93,-5,5
54742,127,127,0,0
54743,50,62,-12,12
54744,101,108,-7,7
54745,71,78,-7,7
54746,141,128,13,13
54747,110,119,-9,9
54748,144,131,13,13
54749,114,122,-8,8
54750,66,67,-1,1
54751,90,100,-10,10
54752,83,79,4,4
54753,143,127,16,16
54754,81,77,4,4
54755,41,34,7,7
54756,165,160,5,5
54757,92,100,-8,8
54758,43,70,-27,27
54759,84,76,8,8
54760,58,72,-14,14
54761,74,70,4,4
54762,102,86,16,16
54763,62,74,-12,12
54764,115,107,8,8
54765,93,102,-9,9
54766,155,140,15,15
54767,173,176,-3,3
54768,145,140,5,5
54769,75,76,-1,1
54770,116,106,10,10
54771,114,119,-5,5
54772,115,118,-3,3
54773,123,117,6,6
54774,86,102,-16,16
54775,95,91,4,4
54776,59,63,-4,4
54777,123,124,-1,1
54778,111,115,-4,4
54779,109,126,-17,17
54780,92,92,0,0
54781,118,130,-12,12
54782,42,51,-9,9
54783,65,68,-3,3
54784,74,73,1,1
54785,144,147,-3,3
54786,139,133,6,6
54787,71,74,-3,3
54788,66,66,0,0
54789,81,80,1,1
54790,103,110,-7,7
54791,65,66,-1,1
54792,137,150,-13,13
54793,86,93,-7,7
54794,64,54,10,10
54795,96,97,-1,1
54796,76,89,-13,13
54797,56,61,-5,5
54798,59,65,-6,6
54799,70,73,-3,3
54800,79,76,3,3
54801,92,88,4,4
54802,64,74,-10,10
54803,141,143,-2,2
54804,111,112,-1,1
54805,123,109,14,14
54806,55,64,-9,9
54807,58,62,-4,4
54808,105,87,18,18
54809,124,112,12,12
54810,76,75,1,1
54811,72,91,-19,19
54812,68,76,-8,8
54813,39,52,-13,13
54814,83,75,8,8
54815,90,84,6,6
54816,84,74,10,10
54817,131,115,16,16
54818,100,92,8,8
54819,68,71,-3,3
54820,199,179,20,20
54821,111,107,4,4
54822,63,62,1,1
54823,112,112,0,0
54824,58,64,-6,6
54825,167,163,4,4
54826,167,157,10,10
54827,204,190,14,14
54828,88,92,-4,4
54829,112,117,-5,5
54830,109,108,1,1
54831,74,65,9,9
54832,118,118,0,0
54833,114,113,1,1
54834,52,59,-7,7
54835,79,78,1,1
54836,63,64,-1,1
54837,34,41,-7,7
54838,75,75,0,0
54839,66,68,-2,2
54840,165,173,-8,8
54841,140,114,26,26
54842,68,72,-4,4
54843,119,113,6,6
54844,109,111,-2,2
54845,79,78,1,1
54846,96,83,13,13
54847,96,91,5,5
54848,58,61,-3,3
54849,99,100,-1,1
54850,68,75,-7,7
54851,61,62,-1,1
54852,89,95,-6,6
54853,135,126,9,9
54854,60,65,-5,5
54855,92,93,-1,1
54856,84,77,7,7
54857,84,84,0,0
54858,94,94,0,0
54859,101,111,-10,10
54860,119,113,6,6
54861,139,150,-11,11
54862,84,82,2,2
54863,204,169,35,35
54864,97,96,1,1
54865,79,86,-7,7
54866,101,105,-4,4
54867,86,84,2,2
54868,84,80,4,4
54869,67,70,-3,3
54870,98,100,-2,2
54871,79,77,2,2
54872,90,79,11,11
54873,62,64,-2,2
54874,65,69,-4,4
54875,62,70,-8,8
54876,41,45,-4,4
54877,140,126,14,14
54878,167,155,12,12
54879,129,127,2,2
54880,170,187,-17,17
54881,76,76,0,0
54882,88,86,2,2
54883,57,60,-3,3
54884,55,62,-7,7
54885,81,77,4,4
54886,142,136,6,6
54887,118,113,5,5
54888,66,65,1,1
54889,61,69,-8,8
54890,97,100,-3,3
54891,88,86,2,2
54892,101,101,0,0
54893,64,64,0,0
54894,116,110,6,6
54895,90,82,8,8
54896,87,101,-14,14
54897,98,88,10,10
54898,111,115,-4,4
54899,67,65,2,2
54900,51,62,-11,11
54901,123,125,-2,2
54902,59,67,-8,8
54903,67,66,1,1
54904,48,56,-8,8
54905,52,67,-15,15
54906,180,186,-6,6
54907,61,66,-5,5
54908,162,154,8,8
54909,76,79,-3,3
54910,57,62,-5,5
54911,90,87,3,3
54912,55,68,-13,13
54913,103,113,-10,10
54914,72,79,-7,7
54915,70,63,7,7
54916,154,141,13,13
54917,113,115,-2,2
54918,108,109,-1,1
54919,50,67,-17,17
54920,45,65,-20,20
54921,71,66,5,5
54922,132,125,7,7
54923,164,158,6,6
54924,100,101,-1,1
54925,46,50,-4,4
54926,85,80,5,5
54927,88,81,7,7
54928,107,112,-5,5
54929,84,80,4,4
54930,48,55,-7,7
54931,98,100,-2,2
54932,154,147,7,7
54933,115,116,-1,1
54934,69,74,-5,5
54935,47,58,-11,11
54936,79,71,8,8
54937,74,71,3,3
54938,77,82,-5,5
54939,52,60,-8,8
54940,146,141,5,5
54941,74,82,-8,8
54942,122,117,5,5
54943,83,105,-22,22
54944,134,109,25,25
54945,113,114,-1,1
54946,113,108,5,5
54947,100,115,-15,15
54948,77,76,1,1
54949,91,86,5,5
54950,112,145,-33,33
54951,109,101,8,8
54952,97,95,2,2
54953,156,151,5,5
54954,128,118,10,10
54955,88,96,-8,8
54956,68,71,-3,3
54957,69,72,-3,3
54958,137,133,4,4
54959,68,79,-11,11
54960,65,69,-4,4
54961,93,88,5,5
54962,58,62,-4,4
54963,55,66,-11,11
54964,121,117,4,4
54965,133,140,-7,7
54966,50,56,-6,6
54967,228,210,18,18
54968,101,96,5,5
54969,51,56,-5,5
54970,89,86,3,3
54971,63,76,-13,13
54972,70,81,-11,11
54973,41,40,1,1
54974,114,110,4,4
54975,65,72,-7,7
54976,83,84,-1,1
54977,61,64,-3,3
54978,68,71,-3,3
54979,107,108,-1,1
54980,70,148,-78,78
54981,122,107,15,15
54982,44,54,-10,10
54983,138,138,0,0
54984,178,174,4,4
54985,94,86,8,8
54986,107,98,9,9
54987,63,67,-4,4
54988,84,98,-14,14
54989,124,117,7,7
54990,68,82,-14,14
54991,78,82,-4,4
54992,177,167,10,10
54993,49,62,-13,13
54994,60,60,0,0
54995,63,75,-12,12
54996,39,65,-26,26
54997,88,90,-2,2
54998,150,148,2,2
54999,105,101,4,4
55000,88,82,6,6
55001,58,47,11,11
55002,47,54,-7,7
55003,135,119,16,16
55004,101,95,6,6
55005,61,65,-4,4
55006,114,105,9,9
55007,75,74,1,1
55008,88,80,8,8
55009,69,68,1,1
55010,95,85,10,10
55011,120,132,-12,12
55012,148,160,-12,12
55013,80,78,2,2
55014,54,60,-6,6
55015,85,84,1,1
55016,123,99,24,24
55017,101,101,0,0
55018,108,115,-7,7
55019,62,66,-4,4
55020,68,82,-14,14
55021,55,62,-7,7
55022,103,105,-2,2
55023,115,109,6,6
55024,94,89,5,5
55025,77,77,0,0
55026,146,130,16,16
55027,62,68,-6,6
55028,57,63,-6,6
55029,204,191,13,13
55030,52,67,-15,15
55031,111,126,-15,15
55032,67,68,-1,1
55033,116,113,3,3
55034,168,167,1,1
55035,47,55,-8,8
55036,75,70,5,5
55037,92,96,-4,4
55038,139,145,-6,6
55039,130,144,-14,14
55040,118,110,8,8
55041,72,75,-3,3
55042,90,96,-6,6
55043,104,80,24,24
55044,99,104,-5,5
55045,98,100,-2,2
55046,84,87,-3,3
55047,106,90,16,16
55048,69,70,-1,1
55049,72,79,-7,7
55050,86,83,3,3
55051,122,112,10,10
55052,103,87,16,16
55053,113,116,-3,3
55054,70,65,5,5
55055,73,94,-21,21
55056,79,77,2,2
55057,102,96,6,6
55058,79,77,2,2
55059,67,70,-3,3
55060,61,65,-4,4
55061,78,83,-5,5
55062,83,80,3,3
55063,91,86,5,5
55064,49,62,-13,13
55065,64,67,-3,3
55066,76,77,-1,1
55067,155,153,2,2
55068,90,89,1,1
55069,78,112,-34,34
55070,67,73,-6,6
55071,112,110,2,2
55072,90,89,1,1
55073,98,100,-2,2
55074,93,95,-2,2
55075,103,104,-1,1
55076,64,71,-7,7
55077,94,98,-4,4
55078,58,64,-6,6
55079,76,82,-6,6
55080,153,143,10,10
55081,96,88,8,8
55082,151,151,0,0
55083,60,67,-7,7
55084,87,77,10,10
55085,30,49,-19,19
55086,83,77,6,6
55087,107,113,-6,6
55088,114,106,8,8
55089,74,74,0,0
55090,99,114,-15,15
55091,120,116,4,4
55092,89,87,2,2
55093,215,205,10,10
55094,53,56,-3,3
55095,74,76,-2,2
55096,112,104,8,8
55097,76,79,-3,3
55098,69,70,-1,1
55099,146,138,8,8
55100,92,90,2,2
55101,72,74,-2,2
55102,184,174,10,10
55103,50,57,-7,7
55104,82,77,5,5
55105,90,86,4,4
55106,152,137,15,15
55107,41,51,-10,10
55108,149,144,5,5
55109,83,80,3,3
55110,45,60,-15,15
55111,225,211,14,14
55112,169,160,9,9
55113,44,57,-13,13
55114,118,123,-5,5
55115,108,101,7,7
55116,125,119,6,6
55117,124,124,0,0
55118,65,82,-17,17
55119,164,147,17,17
55120,138,135,3,3
55121,87,87,0,0
55122,51,60,-9,9
55123,98,107,-9,9
55124,64,70,-6,6
55125,63,70,-7,7
55126,101,102,-1,1
55127,90,84,6,6
55128,104,96,8,8
55129,140,134,6,6
55130,121,113,8,8
55131,107,106,1,1
55132,85,89,-4,4
55133,116,116,0,0
55134,55,67,-12,12
55135,74,81,-7,7
55136,178,140,38,38
55137,134,125,9,9
55138,62,68,-6,6
55139,113,111,2,2
55140,75,71,4,4
55141,84,79,5,5
55142,88,81,7,7
55143,68,80,-12,12
55144,46,55,-9,9
55145,150,169,-19,19
55146,99,86,13,13
55147,108,102,6,6
55148,118,83,35,35
55149,48,61,-13,13
55150,104,90,14,14
55151,73,66,7,7
55152,109,104,5,5
55153,62,67,-5,5
55154,91,78,13,13
55155,119,118,1,1
55156,157,151,6,6
55157,117,110,7,7
55158,60,66,-6,6
55159,90,89,1,1
55160,102,103,-1,1
55161,100,97,3,3
55162,99,98,1,1
55163,108,98,10,10
55164,90,86,4,4
55165,120,117,3,3
55166,97,100,-3,3
55167,78,80,-2,2
55168,105,104,1,1
55169,160,154,6,6
55170,143,131,12,12
55171,112,115,-3,3
55172,152,149,3,3
55173,153,143,10,10
55174,65,64,1,1
55175,66,72,-6,6
55176,63,68,-5,5
55177,55,80,-25,25
55178,75,76,-1,1
55179,91,84,7,7
55180,81,77,4,4
55181,138,127,11,11
55182,120,111,9,9
55183,86,84,2,2
55184,75,73,2,2
55185,15,30,-15,15
55186,71,73,-2,2
55187,158,146,12,12
55188,102,85,17,17
55189,58,63,-5,5
55190,54,50,4,4
55191,77,89,-12,12
55192,82,76,6,6
55193,69,71,-2,2
55194,92,100,-8,8
55195,132,134,-2,2
55196,109,111,-2,2
55197,192,178,14,14
55198,62,64,-2,2
55199,41,47,-6,6
55200,120,117,3,3
55201,82,84,-2,2
55202,116,110,6,6
55203,44,58,-14,14
55204,87,83,4,4
55205,63,71,-8,8
55206,75,77,-2,2
55207,106,97,9,9
55208,198,188,10,10
55209,87,80,7,7
55210,45,45,0,0
55211,95,92,3,3
55212,128,123,5,5
55213,72,73,-1,1
55214,80,85,-5,5
55215,144,150,-6,6
55216,83,80,3,3
55217,138,135,3,3
55218,107,100,7,7
55219,42,54,-12,12
55220,105,106,-1,1
55221,129,124,5,5
55222,78,79,-1,1
55223,157,139,18,18
55224,135,127,8,8
55225,38,34,4,4
55226,174,163,11,11
55227,83,83,0,0
55228,79,73,6,6
55229,172,181,-9,9
55230,76,67,9,9
55231,106,86,20,20
55232,102,105,-3,3
55233,60,70,-10,10
55234,160,144,16,16
55235,58,64,-6,6
55236,66,70,-4,4
55237,93,91,2,2
55238,97,90,7,7
55239,99,107,-8,8
55240,232,230,2,2
55241,111,102,9,9
55242,57,66,-9,9
55243,92,104,-12,12
55244,70,68,2,2
55245,58,72,-14,14
55246,58,61,-3,3
55247,80,85,-5,5
55248,119,104,15,15
55249,111,106,5,5
55250,73,77,-4,4
55251,72,70,2,2
55252,98,91,7,7
55253,114,124,-10,10
55254,115,113,2,2
55255,180,48,132,132
55256,137,147,-10,10
55257,106,90,16,16
55258,116,115,1,1
55259,161,155,6,6
55260,53,61,-8,8
55261,160,151,9,9
55262,105,108,-3,3
55263,85,84,1,1
55264,137,135,2,2
55265,78,80,-2,2
55266,152,158,-6,6
55267,107,102,5,5
55268,61,67,-6,6
55269,113,102,11,11
55270,145,145,0,0
55271,125,114,11,11
55272,63,66,-3,3
55273,83,84,-1,1
55274,139,123,16,16
55275,79,76,3,3
55276,136,131,5,5
55277,77,79,-2,2
55278,101,91,10,10
55279,54,61,-7,7
55280,103,103,0,0
55281,84,79,5,5
55282,62,67,-5,5
55283,149,153,-4,4
55284,52,59,-7,7
55285,143,144,-1,1
55286,185,177,8,8
55287,121,109,12,12
55288,93,104,-11,11
55289,89,84,5,5
55290,71,69,2,2
55291,96,86,10,10
55292,92,81,11,11
55293,132,125,7,7
55294,110,119,-9,9
55295,81,83,-2,2
55296,138,130,8,8
55297,121,125,-4,4
55298,136,124,12,12
55299,108,115,-7,7
55300,102,100,2,2
55301,107,116,-9,9
55302,123,120,3,3
55303,78,75,3,3
55304,123,127,-4,4
55305,191,173,18,18
55306,83,76,7,7
55307,66,70,-4,4
55308,147,140,7,7
55309,75,74,1,1
55310,142,147,-5,5
55311,54,61,-7,7
55312,79,83,-4,4
55313,65,61,4,4
55314,69,69,0,0
55315,92,94,-2,2
55316,116,103,13,13
55317,138,116,22,22
55318,60,66,-6,6
55319,113,112,1,1
55320,107,108,-1,1
55321,71,79,-8,8
55322,87,80,7,7
55323,66,72,-6,6
55324,115,117,-2,2
55325,88,89,-1,1
55326,59,68,-9,9
55327,109,101,8,8
55328,101,103,-2,2
55329,99,91,8,8
55330,84,85,-1,1
55331,79,73,6,6
55332,144,124,20,20
55333,74,79,-5,5
55334,67,71,-4,4
55335,79,80,-1,1
55336,69,68,1,1
55337,64,71,-7,7
55338,74,68,6,6
55339,122,146,-24,24
55340,88,95,-7,7
55341,85,102,-17,17
55342,135,145,-10,10
55343,150,132,18,18
55344,120,115,5,5
55345,85,84,1,1
55346,87,92,-5,5
55347,69,76,-7,7
55348,136,125,11,11
55349,139,119,20,20
55350,81,79,2,2
55351,88,87,1,1
55352,117,113,4,4
55353,127,138,-11,11
55354,83,84,-1,1
55355,53,60,-7,7
55356,41,41,0,0
55357,97,99,-2,2
55358,169,163,6,6
55359,112,103,9,9
55360,38,49,-11,11
55361,84,82,2,2
55362,67,70,-3,3
55363,92,84,8,8
55364,110,107,3,3
55365,88,99,-11,11
55366,78,75,3,3
55367,84,91,-7,7
55368,69,72,-3,3
55369,99,97,2,2
55370,101,113,-12,12
55371,86,85,1,1
55372,102,105,-3,3
55373,60,61,-1,1
55374,54,62,-8,8
55375,111,117,-6,6
55376,138,129,9,9
55377,82,75,7,7
55378,96,114,-18,18
55379,62,69,-7,7
55380,161,160,1,1
55381,73,78,-5,5
55382,92,91,1,1
55383,115,113,2,2
55384,150,143,7,7
55385,78,79,-1,1
55386,93,91,2,2
55387,80,78,2,2
55388,88,84,4,4
55389,89,85,4,4
55390,107,104,3,3
55391,76,71,5,5
55392,115,119,-4,4
55393,96,99,-3,3
55394,119,116,3,3
55395,56,64,-8,8
55396,100,116,-16,16
55397,101,95,6,6
55398,89,84,5,5
55399,75,80,-5,5
55400,106,102,4,4
55401,68,73,-5,5
55402,69,67,2,2
55403,83,79,4,4
55404,85,92,-7,7
55405,130,129,1,1
55406,64,66,-2,2
55407,44,60,-16,16
55408,83,77,6,6
55409,54,95,-41,41
55410,130,114,16,16
55411,91,95,-4,4
55412,59,80,-21,21
55413,109,99,10,10
55414,145,145,0,0
55415,65,61,4,4
55416,50,54,-4,4
55417,147,136,11,11
55418,90,94,-4,4
55419,143,146,-3,3
55420,97,94,3,3
55421,111,107,4,4
55422,63,63,0,0
55423,70,83,-13,13
55424,109,97,12,12
55425,108,120,-12,12
55426,149,144,5,5
55427,98,98,0,0
55428,137,131,6,6
55429,45,54,-9,9
55430,95,94,1,1
55431,59,72,-13,13
55432,71,68,3,3
55433,117,116,1,1
55434,73,76,-3,3
55435,80,82,-2,2
55436,168,146,22,22
55437,149,155,-6,6
55438,53,58,-5,5
55439,65,74,-9,9
55440,160,148,12,12
55441,83,81,2,2
55442,88,87,1,1
55443,98,84,14,14
55444,51,61,-10,10
55445,54,65,-11,11
55446,70,76,-6,6
55447,80,83,-3,3
55448,169,146,23,23
55449,109,105,4,4
55450,57,66,-9,9
55451,119,120,-1,1
55452,238,223,15,15
55453,132,132,0,0
55454,78,83,-5,5
55455,88,83,5,5
55456,85,86,-1,1
55457,27,50,-23,23
55458,62,71,-9,9
55459,131,125,6,6
55460,138,130,8,8
55461,43,91,-48,48
55462,58,70,-12,12
55463,76,79,-3,3
55464,72,82,-10,10
55465,121,99,22,22
55466,107,103,4,4
55467,81,83,-2,2
55468,49,72,-23,23
55469,113,105,8,8
55470,71,70,1,1
55471,44,53,-9,9
55472,81,78,3,3
55473,73,70,3,3
55474,85,90,-5,5
55475,100,96,4,4
55476,126,120,6,6
55477,96,93,3,3
55478,67,70,-3,3
55479,114,121,-7,7
55480,97,81,16,16
55481,185,165,20,20
55482,55,62,-7,7
55483,177,180,-3,3
55484,85,83,2,2
55485,117,117,0,0
55486,157,144,13,13
55487,129,121,8,8
55488,94,103,-9,9
55489,87,93,-6,6
55490,139,122,17,17
55491,121,120,1,1
55492,65,62,3,3
55493,58,70,-12,12
55494,98,96,2,2
55495,37,38,-1,1
55496,63,71,-8,8
55497,193,193,0,0
55498,101,107,-6,6
55499,69,83,-14,14
55500,133,128,5,5
55501,121,113,8,8
55502,91,95,-4,4
55503,85,85,0,0
55504,67,77,-10,10
55505,117,114,3,3
55506,61,61,0,0
55507,61,64,-3,3
55508,97,107,-10,10
55509,81,84,-3,3
55510,89,92,-3,3
55511,58,69,-11,11
55512,80,72,8,8
55513,96,83,13,13
55514,87,90,-3,3
55515,69,74,-5,5
55516,116,126,-10,10
55517,138,147,-9,9
55518,65,71,-6,6
55519,90,87,3,3
55520,87,85,2,2
55521,102,100,2,2
55522,79,92,-13,13
55523,146,150,-4,4
55524,130,119,11,11
55525,127,115,12,12
55526,96,93,3,3
55527,80,79,1,1
55528,132,132,0,0
55529,115,101,14,14
55530,81,94,-13,13
55531,86,86,0,0
55532,105,99,6,6
55533,130,126,4,4
55534,84,83,1,1
55535,52,99,-47,47
55536,72,69,3,3
55537,82,81,1,1
55538,115,112,3,3
55539,100,96,4,4
55540,102,102,0,0
55541,107,110,-3,3
55542,116,115,1,1
55543,61,63,-2,2
55544,95,100,-5,5
55545,78,75,3,3
55546,78,81,-3,3
55547,79,73,6,6
55548,82,83,-1,1
55549,71,77,-6,6
55550,128,121,7,7
55551,89,95,-6,6
55552,115,135,-20,20
55553,83,74,9,9
55554,80,74,6,6
55555,79,96,-17,17
55556,69,83,-14,14
55557,123,117,6,6
55558,67,73,-6,6
55559,135,127,8,8
55560,134,158,-24,24
55561,133,126,7,7
55562,52,60,-8,8
55563,175,167,8,8
55564,95,85,10,10
55565,122,118,4,4
55566,74,72,2,2
55567,73,77,-4,4
55568,53,61,-8,8
55569,69,75,-6,6
55570,103,111,-8,8
55571,45,54,-9,9
55572,107,101,6,6
55573,49,59,-10,10
55574,132,119,13,13
55575,89,87,2,2
55576,62,67,-5,5
55577,109,110,-1,1
55578,81,80,1,1
55579,72,80,-8,8
55580,52,55,-3,3
55581,74,75,-1,1
55582,36,47,-11,11
55583,68,71,-3,3
55584,73,77,-4,4
55585,89,91,-2,2
55586,63,64,-1,1
55587,69,75,-6,6
55588,103,109,-6,6
55589,53,64,-11,11
55590,103,108,-5,5
55591,108,100,8,8
55592,109,160,-51,51
55593,187,189,-2,2
55594,69,73,-4,4
55595,124,115,9,9
55596,117,119,-2,2
55597,94,92,2,2
55598,44,37,7,7
55599,120,112,8,8
55600,140,142,-2,2
55601,131,122,9,9
55602,100,108,-8,8
55603,147,149,-2,2
55604,55,55,0,0
55605,126,131,-5,5
55606,84,87,-3,3
55607,81,83,-2,2
55608,110,93,17,17
55609,68,72,-4,4
55610,90,96,-6,6
55611,79,81,-2,2
55612,108,112,-4,4
55613,69,74,-5,5
55614,67,62,5,5
55615,151,154,-3,3
55616,121,116,5,5
55617,67,74,-7,7
55618,100,91,9,9
55619,105,107,-2,2
55620,105,115,-10,10
55621,92,99,-7,7
55622,107,111,-4,4
55623,163,157,6,6
55624,110,111,-1,1
55625,115,112,3,3
55626,93,85,8,8
55627,143,135,8,8
55628,105,84,21,21
55629,102,97,5,5
55630,54,56,-2,2
55631,117,117,0,0
55632,94,86,8,8
55633,121,107,14,14
55634,51,56,-5,5
55635,93,101,-8,8
55636,136,139,-3,3
55637,75,71,4,4
55638,83,73,10,10
55639,90,86,4,4
55640,110,107,3,3
55641,69,70,-1,1
55642,110,107,3,3
55643,78,83,-5,5
55644,85,79,6,6
55645,89,91,-2,2
55646,86,99,-13,13
55647,106,112,-6,6
55648,102,100,2,2
55649,52,60,-8,8
55650,207,208,-1,1
55651,93,85,8,8
55652,113,115,-2,2
55653,97,99,-2,2
55654,80,88,-8,8
55655,118,127,-9,9
55656,90,91,-1,1
55657,88,98,-10,10
55658,96,99,-3,3
55659,103,108,-5,5
55660,65,70,-5,5
55661,48,55,-7,7
55662,85,76,9,9
55663,104,101,3,3
55664,54,61,-7,7
55665,89,79,10,10
55666,132,132,0,0
55667,83,86,-3,3
55668,80,79,1,1
55669,76,82,-6,6
55670,67,66,1,1
55671,89,89,0,0
55672,149,148,1,1
55673,106,114,-8,8
55674,149,149,0,0
55675,52,63,-11,11
55676,58,68,-10,10
55677,70,76,-6,6
55678,78,77,1,1
55679,212,194,18,18
55680,105,98,7,7
55681,101,87,14,14
55682,107,101,6,6
55683,145,140,5,5
55684,77,78,-1,1
55685,108,97,11,11
55686,97,98,-1,1
55687,90,80,10,10
55688,104,104,0,0
55689,99,97,2,2
55690,94,87,7,7
55691,105,112,-7,7
55692,69,75,-6,6
55693,81,87,-6,6
55694,88,88,0,0
55695,112,117,-5,5
55696,93,99,-6,6
55697,130,132,-2,2
55698,145,126,19,19
55699,130,124,6,6
55700,62,75,-13,13
55701,99,101,-2,2
55702,67,69,-2,2
55703,129,117,12,12
55704,72,77,-5,5
55705,96,93,3,3
55706,76,79,-3,3
55707,102,97,5,5
55708,81,82,-1,1
55709,157,155,2,2
55710,100,105,-5,5
55711,122,116,6,6
55712,65,69,-4,4
55713,82,77,5,5
55714,95,89,6,6
55715,133,141,-8,8
55716,108,110,-2,2
55717,81,82,-1,1
55718,91,92,-1,1
55719,134,126,8,8
55720,146,140,6,6
55721,93,99,-6,6
55722,53,60,-7,7
55723,108,101,7,7
55724,93,90,3,3
55725,99,89,10,10
55726,158,148,10,10
55727,66,76,-10,10
55728,66,69,-3,3
55729,83,90,-7,7
55730,103,97,6,6
55731,54,63,-9,9
55732,144,137,7,7
55733,88,99,-11,11
55734,105,97,8,8
55735,115,106,9,9
55736,125,117,8,8
55737,67,75,-8,8
55738,193,173,20,20
55739,127,107,20,20
55740,29,29,0,0
55741,86,84,2,2
55742,121,127,-6,6
55743,94,86,8,8
55744,125,112,13,13
55745,174,174,0,0
55746,163,155,8,8
55747,128,113,15,15
55748,155,146,9,9
55749,123,128,-5,5
55750,100,101,-1,1
55751,80,85,-5,5
55752,121,116,5,5
55753,31,29,2,2
55754,96,85,11,11
55755,80,77,3,3
55756,83,80,3,3
55757,82,82,0,0
55758,97,101,-4,4
55759,72,76,-4,4
55760,69,75,-6,6
55761,86,85,1,1
55762,73,90,-17,17
55763,100,104,-4,4
55764,66,70,-4,4
55765,83,73,10,10
55766,92,101,-9,9
55767,68,65,3,3
55768,118,121,-3,3
55769,97,112,-15,15
55770,62,68,-6,6
55771,78,76,2,2
55772,48,58,-10,10
55773,98,98,0,0
55774,71,75,-4,4
55775,62,70,-8,8
55776,45,61,-16,16
55777,122,124,-2,2
55778,91,86,5,5
55779,71,140,-69,69
55780,68,69,-1,1
55781,118,119,-1,1
55782,79,84,-5,5
55783,120,124,-4,4
55784,134,144,-10,10
55785,72,76,-4,4
55786,92,85,7,7
55787,49,71,-22,22
55788,100,102,-2,2
55789,90,98,-8,8
55790,71,74,-3,3
55791,83,86,-3,3
55792,71,73,-2,2
55793,90,95,-5,5
55794,168,167,1,1
55795,68,83,-15,15
55796,50,60,-10,10
55797,59,61,-2,2
55798,52,63,-11,11
55799,104,104,0,0
55800,95,101,-6,6
55801,57,67,-10,10
55802,211,207,4,4
55803,58,61,-3,3
55804,125,119,6,6
55805,99,98,1,1
55806,88,99,-11,11
55807,182,165,17,17
55808,99,100,-1,1
55809,66,63,3,3
55810,169,160,9,9
55811,105,100,5,5
55812,92,97,-5,5
55813,110,117,-7,7
55814,111,103,8,8
55815,95,90,5,5
55816,74,73,1,1
55817,135,117,18,18
55818,51,98,-47,47
55819,78,75,3,3
55820,118,107,11,11
55821,118,119,-1,1
55822,104,102,2,2
55823,37,51,-14,14
55824,96,95,1,1
55825,93,86,7,7
55826,60,90,-30,30
55827,102,99,3,3
55828,112,114,-2,2
55829,73,83,-10,10
55830,142,130,12,12
55831,67,68,-1,1
55832,69,68,1,1
55833,103,180,-77,77
55834,42,74,-32,32
55835,99,85,14,14
55836,181,168,13,13
55837,94,87,7,7
55838,83,84,-1,1
55839,98,83,15,15
55840,151,134,17,17
55841,149,129,20,20
55842,92,98,-6,6
55843,129,136,-7,7
55844,79,75,4,4
55845,119,123,-4,4
55846,159,151,8,8
55847,63,72,-9,9
55848,74,76,-2,2
55849,141,143,-2,2
55850,133,126,7,7
55851,106,101,5,5
55852,180,172,8,8
55853,152,133,19,19
55854,85,80,5,5
55855,118,113,5,5
55856,127,122,5,5
55857,143,149,-6,6
55858,80,87,-7,7
55859,123,124,-1,1
55860,131,124,7,7
55861,53,51,2,2
55862,83,77,6,6
55863,97,88,9,9
55864,120,122,-2,2
55865,71,71,0,0
55866,127,113,14,14
55867,68,71,-3,3
55868,79,79,0,0
55869,104,116,-12,12
55870,139,145,-6,6
55871,143,153,-10,10
55872,102,112,-10,10
55873,75,72,3,3
55874,105,111,-6,6
55875,71,65,6,6
55876,52,53,-1,1
55877,73,71,2,2
55878,95,84,11,11
55879,84,76,8,8
55880,77,77,0,0
55881,63,75,-12,12
55882,80,89,-9,9
55883,111,105,6,6
55884,146,131,15,15
55885,136,147,-11,11
55886,58,59,-1,1
55887,77,74,3,3
55888,74,99,-25,25
55889,157,155,2,2
55890,113,116,-3,3
55891,88,87,1,1
55892,98,100,-2,2
55893,70,75,-5,5
55894,70,79,-9,9
55895,95,95,0,0
55896,113,101,12,12
55897,65,68,-3,3
55898,82,76,6,6
55899,89,96,-7,7
55900,90,84,6,6
55901,75,93,-18,18
55902,73,70,3,3
55903,45,58,-13,13
55904,75,86,-11,11
55905,89,84,5,5
55906,127,113,14,14
55907,189,189,0,0
55908,132,127,5,5
55909,95,92,3,3
55910,113,108,5,5
55911,81,81,0,0
55912,121,125,-4,4
55913,73,76,-3,3
55914,107,105,2,2
55915,72,70,2,2
55916,110,114,-4,4
55917,69,71,-2,2
55918,149,139,10,10
55919,63,68,-5,5
55920,115,112,3,3
55921,105,100,5,5
55922,88,90,-2,2
55923,65,71,-6,6
55924,87,93,-6,6
55925,94,102,-8,8
55926,125,123,2,2
55927,93,84,9,9
55928,112,106,6,6
55929,103,92,11,11
55930,117,114,3,3
55931,95,94,1,1
55932,76,73,3,3
55933,94,103,-9,9
55934,50,56,-6,6
55935,115,118,-3,3
55936,105,100,5,5
55937,108,100,8,8
55938,141,144,-3,3
55939,102,109,-7,7
55940,58,71,-13,13
55941,108,105,3,3
55942,89,80,9,9
55943,71,78,-7,7
55944,59,62,-3,3
55945,89,83,6,6
55946,57,62,-5,5
55947,106,99,7,7
55948,161,144,17,17
55949,92,87,5,5
55950,66,70,-4,4
55951,82,81,1,1
55952,84,75,9,9
55953,115,104,11,11
55954,110,111,-1,1
55955,135,128,7,7
55956,93,93,0,0
55957,134,152,-18,18
55958,105,94,11,11
55959,79,76,3,3
55960,25,29,-4,4
55961,124,128,-4,4
55962,29,33,-4,4
55963,96,84,12,12
55964,125,121,4,4
55965,52,59,-7,7
55966,101,101,0,0
55967,70,71,-1,1
55968,98,91,7,7
55969,77,72,5,5
55970,167,153,14,14
55971,82,80,2,2
55972,91,86,5,5
55973,70,71,-1,1
55974,74,76,-2,2
55975,121,121,0,0
55976,46,59,-13,13
55977,76,79,-3,3
55978,111,116,-5,5
55979,58,59,-1,1
55980,65,67,-2,2
55981,53,58,-5,5
55982,109,119,-10,10
55983,80,81,-1,1
55984,88,90,-2,2
55985,110,106,4,4
55986,98,91,7,7
55987,97,103,-6,6
55988,128,117,11,11
55989,144,136,8,8
55990,82,84,-2,2
55991,131,127,4,4
55992,100,95,5,5
55993,95,97,-2,2
55994,108,103,5,5
55995,82,80,2,2
55996,73,68,5,5
55997,94,98,-4,4
55998,99,111,-12,12
55999,88,85,3,3
56000,157,156,1,1
56001,75,77,-2,2
56002,95,101,-6,6
56003,82,77,5,5
56004,160,178,-18,18
56005,146,141,5,5
56006,166,175,-9,9
56007,76,76,0,0
56008,139,137,2,2
56009,110,111,-1,1
56010,118,125,-7,7
56011,122,115,7,7
56012,50,64,-14,14
56013,59,64,-5,5
56014,112,112,0,0
56015,108,124,-16,16
56016,42,46,-4,4
56017,112,115,-3,3
56018,126,116,10,10
56019,88,97,-9,9
56020,121,108,13,13
56021,83,79,4,4
56022,95,106,-11,11
56023,98,91,7,7
56024,104,109,-5,5
56025,66,70,-4,4
56026,129,126,3,3
56027,85,79,6,6
56028,101,102,-1,1
56029,68,74,-6,6
56030,86,88,-2,2
56031,79,76,3,3
56032,91,95,-4,4
56033,113,124,-11,11
56034,149,142,7,7
56035,76,77,-1,1
56036,107,110,-3,3
56037,110,112,-2,2
56038,75,80,-5,5
56039,100,103,-3,3
56040,110,116,-6,6
56041,115,112,3,3
56042,128,125,3,3
56043,177,164,13,13
56044,105,101,4,4
56045,79,146,-67,67
56046,126,126,0,0
56047,135,148,-13,13
56048,66,65,1,1
56049,148,140,8,8
56050,128,127,1,1
56051,106,98,8,8
56052,99,82,17,17
56053,73,66,7,7
56054,64,70,-6,6
56055,98,124,-26,26
56056,111,108,3,3
56057,124,127,-3,3
56058,117,112,5,5
56059,94,92,2,2
56060,86,80,6,6
56061,80,76,4,4
56062,105,111,-6,6
56063,77,82,-5,5
56064,101,101,0,0
56065,118,112,6,6
56066,130,113,17,17
56067,97,98,-1,1
56068,77,77,0,0
56069,76,80,-4,4
56070,122,128,-6,6
56071,116,140,-24,24
56072,67,77,-10,10
56073,109,103,6,6
56074,62,67,-5,5
56075,95,83,12,12
56076,130,126,4,4
56077,49,67,-18,18
56078,64,67,-3,3
56079,84,84,0,0
56080,147,129,18,18
56081,121,111,10,10
56082,158,159,-1,1
56083,105,98,7,7
56084,99,100,-1,1
56085,108,111,-3,3
56086,159,158,1,1
56087,87,84,3,3
56088,128,140,-12,12
56089,58,70,-12,12
56090,110,112,-2,2
56091,187,182,5,5
56092,87,90,-3,3
56093,143,149,-6,6
56094,84,77,7,7
56095,132,134,-2,2
56096,74,74,0,0
56097,109,111,-2,2
56098,86,104,-18,18
56099,111,108,3,3
56100,49,52,-3,3
56101,73,73,0,0
56102,125,133,-8,8
56103,75,74,1,1
56104,78,76,2,2
56105,99,99,0,0
56106,103,112,-9,9
56107,106,100,6,6
56108,57,61,-4,4
56109,139,134,5,5
56110,90,83,7,7
56111,67,66,1,1
56112,60,66,-6,6
56113,46,50,-4,4
56114,56,65,-9,9
56115,135,126,9,9
56116,52,57,-5,5
56117,102,98,4,4
56118,79,79,0,0
56119,75,77,-2,2
56120,118,119,-1,1
56121,107,112,-5,5
56122,24,30,-6,6
56123,102,96,6,6
56124,78,80,-2,2
56125,94,82,12,12
56126,109,94,15,15
56127,139,137,2,2
56128,105,111,-6,6
56129,155,150,5,5
56130,53,58,-5,5
56131,82,93,-11,11
56132,159,167,-8,8
56133,105,101,4,4
56134,102,102,0,0
56135,78,79,-1,1
56136,67,69,-2,2
56137,149,147,2,2
56138,84,86,-2,2
56139,87,97,-10,10
56140,132,143,-11,11
56141,83,79,4,4
56142,75,73,2,2
56143,99,97,2,2
56144,77,86,-9,9
56145,97,92,5,5
56146,132,108,24,24
56147,105,113,-8,8
56148,105,91,14,14
56149,59,62,-3,3
56150,69,70,-1,1
56151,120,116,4,4
56152,59,64,-5,5
56153,105,97,8,8
56154,81,80,1,1
56155,156,159,-3,3
56156,62,71,-9,9
56157,63,68,-5,5
56158,156,138,18,18
56159,48,136,-88,88
56160,81,83,-2,2
56161,78,81,-3,3
56162,72,69,3,3
56163,110,108,2,2
56164,76,81,-5,5
56165,82,82,0,0
56166,76,76,0,0
56167,106,100,6,6
56168,109,118,-9,9
56169,96,91,5,5
56170,129,138,-9,9
56171,71,70,1,1
56172,124,136,-12,12
56173,107,107,0,0
56174,97,95,2,2
56175,113,104,9,9
56176,152,144,8,8
56177,91,107,-16,16
56178,78,77,1,1
56179,158,147,11,11
56180,117,114,3,3
56181,97,101,-4,4
56182,83,80,3,3
56183,132,128,4,4
56184,79,81,-2,2
56185,101,105,-4,4
56186,135,125,10,10
56187,96,74,22,22
56188,82,75,7,7
56189,70,77,-7,7
56190,110,107,3,3
56191,141,128,13,13
56192,61,64,-3,3
56193,97,91,6,6
56194,119,99,20,20
56195,67,72,-5,5
56196,92,105,-13,13
56197,84,73,11,11
56198,65,70,-5,5
56199,84,91,-7,7
56200,124,115,9,9
56201,135,134,1,1
56202,146,134,12,12
56203,109,114,-5,5
56204,145,149,-4,4
56205,89,83,6,6
56206,136,131,5,5
56207,85,82,3,3
56208,55,64,-9,9
56209,92,101,-9,9
56210,61,66,-5,5
56211,132,124,8,8
56212,65,71,-6,6
56213,112,114,-2,2
56214,107,102,5,5
56215,48,52,-4,4
56216,55,62,-7,7
56217,109,105,4,4
56218,136,128,8,8
56219,94,99,-5,5
56220,45,50,-5,5
56221,139,129,10,10
56222,72,78,-6,6
56223,156,136,20,20
56224,58,66,-8,8
56225,96,84,12,12
56226,83,82,1,1
56227,94,90,4,4
56228,29,29,0,0
56229,124,119,5,5
56230,71,77,-6,6
56231,146,130,16,16
56232,97,88,9,9
56233,104,104,0,0
56234,32,40,-8,8
56235,140,134,6,6
56236,57,60,-3,3
56237,112,112,0,0
56238,70,76,-6,6
56239,92,85,7,7
56240,57,65,-8,8
56241,107,115,-8,8
56242,76,78,-2,2
56243,81,78,3,3
56244,115,125,-10,10
56245,22,70,-48,48
56246,96,99,-3,3
56247,84,94,-10,10
56248,103,104,-1,1
56249,126,112,14,14
56250,76,75,1,1
56251,159,145,14,14
56252,74,70,4,4
56253,87,79,8,8
56254,46,59,-13,13
56255,33,40,-7,7
56256,76,69,7,7
56257,98,95,3,3
56258,73,69,4,4
56259,105,100,5,5
56260,51,63,-12,12
56261,94,82,12,12
56262,54,69,-15,15
56263,86,90,-4,4
56264,60,68,-8,8
56265,144,137,7,7
56266,74,67,7,7
56267,90,80,10,10
56268,100,105,-5,5
56269,107,116,-9,9
56270,129,112,17,17
56271,133,124,9,9
56272,70,74,-4,4
56273,101,95,6,6
56274,60,69,-9,9
56275,200,181,19,19
56276,64,64,0,0
56277,143,136,7,7
56278,90,88,2,2
56279,72,69,3,3
56280,85,87,-2,2
56281,136,135,1,1
56282,94,105,-11,11
56283,135,121,14,14
56284,102,99,3,3
56285,71,82,-11,11
56286,74,76,-2,2
56287,122,128,-6,6
56288,86,83,3,3
56289,40,50,-10,10
56290,109,115,-6,6
56291,113,108,5,5
56292,110,107,3,3
56293,68,64,4,4
56294,130,131,-1,1
56295,89,95,-6,6
56296,106,111,-5,5
56297,98,101,-3,3
56298,71,62,9,9
56299,128,132,-4,4
56300,158,142,16,16
56301,82,81,1,1
56302,42,50,-8,8
56303,67,70,-3,3
56304,107,116,-9,9
56305,77,76,1,1
56306,113,116,-3,3
56307,73,73,0,0
56308,189,185,4,4
56309,101,101,0,0
56310,117,129,-12,12
56311,113,113,0,0
56312,81,77,4,4
56313,113,110,3,3
56314,108,104,4,4
56315,133,139,-6,6
56316,117,114,3,3
56317,119,115,4,4
56318,72,70,2,2
56319,72,84,-12,12
56320,105,108,-3,3
56321,70,70,0,0
56322,66,65,1,1
56323,152,138,14,14
56324,89,84,5,5
56325,20,30,-10,10
56326,72,75,-3,3
56327,89,84,5,5
56328,83,90,-7,7
56329,121,136,-15,15
56330,119,113,6,6
56331,101,100,1,1
56332,84,83,1,1
56333,78,85,-7,7
56334,166,155,11,11
56335,117,113,4,4
56336,141,143,-2,2
56337,123,122,1,1
56338,162,159,3,3
56339,50,58,-8,8
56340,60,60,0,0
56341,86,89,-3,3
56342,70,72,-2,2
56343,129,130,-1,1
56344,65,70,-5,5
56345,75,84,-9,9
56346,91,73,18,18
56347,55,62,-7,7
56348,82,84,-2,2
56349,102,106,-4,4
56350,74,73,1,1
56351,84,82,2,2
56352,128,119,9,9
56353,91,94,-3,3
56354,120,116,4,4
56355,85,89,-4,4
56356,108,119,-11,11
56357,72,74,-2,2
56358,90,80,10,10
56359,85,90,-5,5
56360,112,109,3,3
56361,148,153,-5,5
56362,105,112,-7,7
56363,44,40,4,4
56364,42,58,-16,16
56365,103,95,8,8
56366,93,78,15,15
56367,63,64,-1,1
56368,169,179,-10,10
56369,65,68,-3,3
56370,74,75,-1,1
56371,99,102,-3,3
56372,129,130,-1,1
56373,93,93,0,0
56374,139,133,6,6
56375,64,115,-51,51
56376,93,89,4,4
56377,53,72,-19,19
56378,110,108,2,2
56379,97,94,3,3
56380,170,162,8,8
56381,56,70,-14,14
56382,172,179,-7,7
56383,71,71,0,0
56384,161,151,10,10
56385,130,135,-5,5
56386,101,106,-5,5
56387,107,106,1,1
56388,101,102,-1,1
56389,64,71,-7,7
56390,75,74,1,1
56391,128,129,-1,1
56392,80,78,2,2
56393,129,127,2,2
56394,54,64,-10,10
56395,71,77,-6,6
56396,55,55,0,0
56397,91,93,-2,2
56398,119,116,3,3
56399,94,95,-1,1
56400,158,145,13,13
56401,60,68,-8,8
56402,158,161,-3,3
56403,56,58,-2,2
56404,121,123,-2,2
56405,79,72,7,7
56406,120,114,6,6
56407,64,72,-8,8
56408,62,80,-18,18
56409,80,77,3,3
56410,135,129,6,6
56411,102,124,-22,22
56412,115,110,5,5
56413,142,147,-5,5
56414,115,130,-15,15
56415,119,126,-7,7
56416,138,136,2,2
56417,97,91,6,6
56418,80,77,3,3
56419,97,100,-3,3
56420,111,112,-1,1
56421,91,95,-4,4
56422,95,101,-6,6
56423,91,94,-3,3
56424,101,88,13,13
56425,130,128,2,2
56426,89,91,-2,2
56427,86,95,-9,9
56428,178,165,13,13
56429,168,162,6,6
56430,63,64,-1,1
56431,69,67,2,2
56432,186,169,17,17
56433,143,132,11,11
56434,76,68,8,8
56435,87,92,-5,5
56436,46,57,-11,11
56437,81,84,-3,3
56438,43,52,-9,9
56439,125,123,2,2
56440,190,182,8,8
56441,112,99,13,13
56442,161,156,5,5
56443,119,108,11,11
56444,98,104,-6,6
56445,122,114,8,8
56446,94,92,2,2
56447,68,75,-7,7
56448,103,92,11,11
56449,126,108,18,18
56450,75,73,2,2
56451,123,112,11,11
56452,81,80,1,1
56453,144,153,-9,9
56454,53,54,-1,1
56455,164,151,13,13
56456,60,68,-8,8
56457,117,113,4,4
56458,121,120,1,1
56459,90,98,-8,8
56460,86,83,3,3
56461,63,69,-6,6
56462,147,133,14,14
56463,103,100,3,3
56464,68,72,-4,4
56465,91,84,7,7
56466,81,73,8,8
56467,71,71,0,0
56468,63,66,-3,3
56469,123,125,-2,2
56470,105,104,1,1
56471,81,83,-2,2
56472,112,120,-8,8
56473,78,77,1,1
56474,85,84,1,1
56475,118,118,0,0
56476,65,65,0,0
56477,127,135,-8,8
56478,83,82,1,1
56479,91,84,7,7
56480,62,68,-6,6
56481,75,79,-4,4
56482,88,97,-9,9
56483,163,157,6,6
56484,48,64,-16,16
56485,93,105,-12,12
56486,85,84,1,1
56487,142,143,-1,1
56488,93,100,-7,7
56489,73,73,0,0
56490,65,69,-4,4
56491,83,80,3,3
56492,77,75,2,2
56493,113,110,3,3
56494,121,116,5,5
56495,71,74,-3,3
56496,64,66,-2,2
56497,70,78,-8,8
56498,155,151,4,4
56499,59,62,-3,3
56500,80,76,4,4
56501,80,84,-4,4
56502,59,65,-6,6
56503,83,76,7,7
56504,68,65,3,3
56505,77,85,-8,8
56506,121,112,9,9
56507,63,74,-11,11
56508,82,81,1,1
56509,145,142,3,3
56510,63,71,-8,8
56511,124,126,-2,2
56512,83,95,-12,12
56513,175,175,0,0
56514,185,184,1,1
56515,65,67,-2,2
56516,61,63,-2,2
56517,76,74,2,2
56518,75,82,-7,7
56519,74,88,-14,14
56520,136,121,15,15
56521,47,48,-1,1
56522,66,59,7,7
56523,131,125,6,6
56524,123,110,13,13
56525,118,113,5,5
56526,58,62,-4,4
56527,89,85,4,4
56528,156,145,11,11
56529,55,65,-10,10
56530,115,106,9,9
56531,111,110,1,1
56532,116,128,-12,12
56533,62,72,-10,10
56534,108,99,9,9
56535,120,126,-6,6
56536,112,116,-4,4
56537,56,67,-11,11
56538,142,144,-2,2
56539,91,81,10,10
56540,86,83,3,3
56541,121,120,1,1
56542,80,76,4,4
56543,103,105,-2,2
56544,76,82,-6,6
56545,100,125,-25,25
56546,94,90,4,4
56547,117,126,-9,9
56548,84,83,1,1
56549,87,95,-8,8
56550,127,121,6,6
56551,90,96,-6,6
56552,96,89,7,7
56553,56,61,-5,5
56554,74,73,1,1
56555,98,93,5,5
56556,107,116,-9,9
56557,125,116,9,9
56558,66,65,1,1
56559,91,100,-9,9
56560,154,165,-11,11
56561,151,145,6,6
56562,77,77,0,0
56563,60,67,-7,7
56564,72,79,-7,7
56565,132,123,9,9
56566,74,75,-1,1
56567,63,67,-4,4
56568,129,128,1,1
56569,169,168,1,1
56570,88,101,-13,13
56571,129,126,3,3
56572,140,134,6,6
56573,80,89,-9,9
56574,94,99,-5,5
56575,49,62,-13,13
56576,145,146,-1,1
56577,97,100,-3,3
56578,94,99,-5,5
56579,83,82,1,1
56580,135,131,4,4
56581,103,100,3,3
56582,40,52,-12,12
56583,119,144,-25,25
56584,60,67,-7,7
56585,44,50,-6,6
56586,104,107,-3,3
56587,49,53,-4,4
56588,70,82,-12,12
56589,59,65,-6,6
56590,114,126,-12,12
56591,65,63,2,2
56592,60,66,-6,6
56593,121,130,-9,9
56594,115,112,3,3
56595,75,73,2,2
56596,74,72,2,2
56597,103,100,3,3
56598,59,60,-1,1
56599,125,130,-5,5
56600,94,92,2,2
56601,73,74,-1,1
56602,54,56,-2,2
56603,58,61,-3,3
56604,174,173,1,1
56605,46,50,-4,4
56606,79,80,-1,1
56607,108,101,7,7
56608,50,62,-12,12
56609,120,111,9,9
56610,159,150,9,9
56611,171,177,-6,6
56612,81,85,-4,4
56613,85,85,0,0
56614,118,138,-20,20
56615,73,76,-3,3
56616,114,111,3,3
56617,77,72,5,5
56618,150,132,18,18
56619,72,77,-5,5
56620,64,87,-23,23
56621,85,97,-12,12
56622,112,114,-2,2
56623,57,62,-5,5
56624,101,99,2,2
56625,83,85,-2,2
56626,74,73,1,1
56627,142,134,8,8
56628,111,101,10,10
56629,135,119,16,16
56630,64,69,-5,5
56631,75,70,5,5
56632,188,190,-2,2
56633,63,82,-19,19
56634,124,114,10,10
56635,42,56,-14,14
56636,136,124,12,12
56637,50,60,-10,10
56638,87,93,-6,6
56639,140,132,8,8
56640,94,95,-1,1
56641,94,95,-1,1
56642,61,75,-14,14
56643,86,85,1,1
56644,126,113,13,13
56645,63,65,-2,2
56646,82,78,4,4
56647,140,146,-6,6
56648,134,123,11,11
56649,79,79,0,0
56650,126,138,-12,12
56651,101,106,-5,5
56652,103,102,1,1
56653,70,70,0,0
56654,85,77,8,8
56655,84,88,-4,4
56656,58,67,-9,9
56657,139,127,12,12
56658,67,77,-10,10
56659,101,107,-6,6
56660,83,84,-1,1
56661,66,64,2,2
56662,59,63,-4,4
56663,77,81,-4,4
56664,53,64,-11,11
56665,130,126,4,4
56666,59,68,-9,9
56667,94,83,11,11
56668,120,115,5,5
56669,108,102,6,6
56670,95,90,5,5
56671,67,68,-1,1
56672,103,100,3,3
56673,68,68,0,0
56674,82,79,3,3
56675,111,113,-2,2
56676,78,77,1,1
56677,59,68,-9,9
56678,72,77,-5,5
56679,101,96,5,5
56680,77,84,-7,7
56681,65,67,-2,2
56682,64,73,-9,9
56683,57,67,-10,10
56684,95,100,-5,5
56685,68,70,-2,2
56686,137,129,8,8
56687,65,71,-6,6
56688,82,79,3,3
56689,73,79,-6,6
56690,96,109,-13,13
56691,110,106,4,4
56692,139,139,0,0
56693,87,74,13,13
56694,113,101,12,12
56695,40,38,2,2
56696,81,83,-2,2
56697,51,64,-13,13
56698,173,164,9,9
56699,72,85,-13,13
56700,107,105,2,2
56701,112,116,-4,4
56702,125,116,9,9
56703,56,62,-6,6
56704,141,128,13,13
56705,150,142,8,8
56706,136,140,-4,4
56707,127,118,9,9
56708,132,140,-8,8
56709,96,91,5,5
56710,35,54,-19,19
56711,86,84,2,2
56712,108,100,8,8
56713,149,141,8,8
56714,103,105,-2,2
56715,144,156,-12,12
56716,135,126,9,9
56717,112,104,8,8
56718,86,99,-13,13
56719,54,58,-4,4
56720,78,76,2,2
56721,72,74,-2,2
56722,87,93,-6,6
56723,79,94,-15,15
56724,109,126,-17,17
56725,120,108,12,12
56726,173,160,13,13
56727,57,67,-10,10
56728,40,45,-5,5
56729,82,85,-3,3
56730,70,78,-8,8
56731,86,89,-3,3
56732,98,100,-2,2
56733,134,144,-10,10
56734,45,50,-5,5
56735,129,123,6,6
56736,68,76,-8,8
56737,91,85,6,6
56738,113,110,3,3
56739,52,64,-12,12
56740,94,91,3,3
56741,94,103,-9,9
56742,113,112,1,1
56743,128,116,12,12
56744,99,109,-10,10
56745,105,100,5,5
56746,86,105,-19,19
56747,148,143,5,5
56748,138,121,17,17
56749,99,87,12,12
56750,94,97,-3,3
56751,73,74,-1,1
56752,153,140,13,13
56753,95,98,-3,3
56754,118,125,-7,7
56755,129,126,3,3
56756,50,68,-18,18
56757,123,114,9,9
56758,142,139,3,3
56759,123,119,4,4
56760,148,148,0,0
56761,107,104,3,3
56762,98,105,-7,7
56763,112,111,1,1
56764,137,129,8,8
56765,106,105,1,1
56766,97,91,6,6
56767,96,100,-4,4
56768,245,194,51,51
56769,115,109,6,6
56770,81,77,4,4
56771,130,115,15,15
56772,86,76,10,10
56773,128,123,5,5
56774,73,72,1,1
56775,110,106,4,4
56776,130,123,7,7
56777,97,99,-2,2
56778,80,82,-2,2
56779,91,87,4,4
56780,88,81,7,7
56781,105,109,-4,4
56782,75,60,15,15
56783,93,102,-9,9
56784,115,114,1,1
56785,133,126,7,7
56786,142,126,16,16
56787,62,73,-11,11
56788,78,80,-2,2
56789,91,84,7,7
56790,102,99,3,3
56791,109,110,-1,1
56792,102,97,5,5
56793,90,80,10,10
56794,135,121,14,14
56795,31,56,-25,25
56796,143,138,5,5
56797,123,114,9,9
56798,102,100,2,2
56799,59,63,-4,4
56800,83,86,-3,3
56801,99,95,4,4
56802,50,68,-18,18
56803,168,149,19,19
56804,80,83,-3,3
56805,104,115,-11,11
56806,117,114,3,3
56807,113,118,-5,5
56808,73,97,-24,24
56809,72,76,-4,4
56810,144,124,20,20
56811,131,130,1,1
56812,107,125,-18,18
56813,85,91,-6,6
56814,58,68,-10,10
56815,67,69,-2,2
56816,62,66,-4,4
56817,63,62,1,1
56818,148,152,-4,4
56819,139,127,12,12
56820,82,89,-7,7
56821,133,129,4,4
56822,70,77,-7,7
56823,99,102,-3,3
56824,115,111,4,4
56825,121,120,1,1
56826,107,115,-8,8
56827,113,103,10,10
56828,61,70,-9,9
56829,80,77,3,3
56830,78,76,2,2
56831,68,67,1,1
56832,122,128,-6,6
56833,109,94,15,15
56834,71,68,3,3
56835,60,69,-9,9
56836,125,119,6,6
56837,68,62,6,6
56838,114,114,0,0
56839,93,82,11,11
56840,75,78,-3,3
56841,99,103,-4,4
56842,133,128,5,5
56843,78,83,-5,5
56844,45,46,-1,1
56845,87,78,9,9
56846,72,80,-8,8
56847,129,126,3,3
56848,93,92,1,1
56849,95,98,-3,3
56850,119,121,-2,2
56851,96,84,12,12
56852,45,50,-5,5
56853,151,143,8,8
56854,75,73,2,2
56855,84,87,-3,3
56856,75,73,2,2
56857,97,140,-43,43
56858,79,80,-1,1
56859,132,129,3,3
56860,108,105,3,3
56861,115,111,4,4
56862,89,100,-11,11
56863,84,87,-3,3
56864,132,128,4,4
56865,94,87,7,7
56866,182,185,-3,3
56867,170,162,8,8
56868,93,92,1,1
56869,70,76,-6,6
56870,38,45,-7,7
56871,102,110,-8,8
56872,139,129,10,10
56873,97,107,-10,10
56874,87,84,3,3
56875,86,79,7,7
56876,76,86,-10,10
56877,91,101,-10,10
56878,81,80,1,1
56879,86,77,9,9
56880,90,84,6,6
56881,73,79,-6,6
56882,122,124,-2,2
56883,81,78,3,3
56884,182,170,12,12
56885,73,79,-6,6
56886,108,103,5,5
56887,70,69,1,1
56888,170,159,11,11
56889,98,97,1,1
56890,83,87,-4,4
56891,89,95,-6,6
56892,79,83,-4,4
56893,77,83,-6,6
56894,82,91,-9,9
56895,79,79,0,0
56896,165,150,15,15
56897,57,68,-11,11
56898,94,107,-13,13
56899,101,92,9,9
56900,170,179,-9,9
56901,68,77,-9,9
56902,121,118,3,3
56903,137,126,11,11
56904,72,71,1,1
56905,109,110,-1,1
56906,81,77,4,4
56907,71,76,-5,5
56908,135,136,-1,1
56909,105,101,4,4
56910,101,98,3,3
56911,71,80,-9,9
56912,93,96,-3,3
56913,75,76,-1,1
56914,68,135,-67,67
56915,107,102,5,5
56916,76,75,1,1
56917,127,121,6,6
56918,117,121,-4,4
56919,123,108,15,15
56920,158,162,-4,4
56921,96,98,-2,2
56922,44,47,-3,3
56923,100,99,1,1
56924,69,74,-5,5
56925,77,83,-6,6
56926,66,75,-9,9
56927,71,68,3,3
56928,117,117,0,0
56929,103,110,-7,7
56930,99,98,1,1
56931,131,129,2,2
56932,50,50,0,0
56933,39,40,-1,1
56934,74,73,1,1
56935,51,60,-9,9
56936,91,95,-4,4
56937,104,112,-8,8
56938,76,76,0,0
56939,126,126,0,0
56940,79,82,-3,3
56941,88,92,-4,4
56942,103,102,1,1
56943,156,143,13,13
56944,153,152,1,1
56945,82,79,3,3
56946,69,75,-6,6
56947,85,91,-6,6
56948,90,102,-12,12
56949,118,111,7,7
56950,113,115,-2,2
56951,63,72,-9,9
56952,39,53,-14,14
56953,125,120,5,5
56954,111,128,-17,17
56955,85,84,1,1
56956,69,76,-7,7
56957,164,158,6,6
56958,115,115,0,0
56959,100,118,-18,18
56960,97,98,-1,1
56961,76,87,-11,11
56962,109,120,-11,11
56963,122,117,5,5
56964,75,79,-4,4
56965,94,95,-1,1
56966,73,71,2,2
56967,138,128,10,10
56968,109,95,14,14
56969,84,94,-10,10
56970,65,65,0,0
56971,97,95,2,2
56972,150,145,5,5
56973,158,156,2,2
56974,74,77,-3,3
56975,64,72,-8,8
56976,102,105,-3,3
56977,83,96,-13,13
56978,181,160,21,21
56979,149,142,7,7
56980,67,66,1,1
56981,108,112,-4,4
56982,126,124,2,2
56983,129,122,7,7
56984,123,117,6,6
56985,88,82,6,6
56986,79,85,-6,6
56987,122,108,14,14
56988,88,80,8,8
56989,129,135,-6,6
56990,82,79,3,3
56991,72,77,-5,5
56992,116,109,7,7
56993,93,104,-11,11
56994,82,79,3,3
56995,153,154,-1,1
56996,169,154,15,15
56997,79,93,-14,14
56998,92,90,2,2
56999,123,115,8,8
57000,75,94,-19,19
57001,162,169,-7,7
57002,79,82,-3,3
57003,90,86,4,4
57004,74,84,-10,10
57005,130,128,2,2
57006,128,117,11,11
57007,75,85,-10,10
57008,86,85,1,1
57009,111,114,-3,3
57010,100,97,3,3
57011,57,66,-9,9
57012,126,121,5,5
57013,61,67,-6,6
57014,79,82,-3,3
57015,80,72,8,8
57016,49,62,-13,13
57017,83,86,-3,3
57018,65,71,-6,6
57019,76,77,-1,1
57020,99,99,0,0
57021,152,137,15,15
57022,74,76,-2,2
57023,90,96,-6,6
57024,116,124,-8,8
57025,150,141,9,9
57026,98,113,-15,15
57027,136,125,11,11
57028,109,110,-1,1
57029,131,151,-20,20
57030,44,54,-10,10
57031,52,57,-5,5
57032,73,72,1,1
57033,160,125,35,35
57034,104,104,0,0
57035,71,69,2,2
57036,52,59,-7,7
57037,69,69,0,0
57038,120,112,8,8
57039,51,49,2,2
57040,65,73,-8,8
57041,93,88,5,5
57042,62,79,-17,17
57043,108,104,4,4
57044,86,93,-7,7
57045,65,74,-9,9
57046,151,152,-1,1
57047,82,91,-9,9
57048,54,59,-5,5
57049,57,65,-8,8
57050,87,85,2,2
57051,75,82,-7,7
57052,76,78,-2,2
57053,144,142,2,2
57054,82,86,-4,4
57055,70,71,-1,1
57056,65,71,-6,6
57057,130,131,-1,1
57058,179,186,-7,7
57059,143,147,-4,4
57060,128,126,2,2
57061,59,65,-6,6
57062,141,133,8,8
57063,91,84,7,7
57064,117,112,5,5
57065,103,99,4,4
57066,102,107,-5,5
57067,150,124,26,26
57068,91,85,6,6
57069,82,90,-8,8
57070,72,68,4,4
57071,146,132,14,14
57072,51,58,-7,7
57073,119,124,-5,5
57074,94,100,-6,6
57075,113,102,11,11
57076,115,112,3,3
57077,50,58,-8,8
57078,72,87,-15,15
57079,127,121,6,6
57080,67,85,-18,18
57081,76,77,-1,1
57082,96,109,-13,13
57083,137,151,-14,14
57084,189,183,6,6
57085,83,85,-2,2
57086,90,92,-2,2
57087,85,84,1,1
57088,99,98,1,1
57089,88,89,-1,1
57090,163,155,8,8
57091,78,83,-5,5
57092,63,66,-3,3
57093,87,93,-6,6
57094,81,84,-3,3
57095,117,130,-13,13
57096,86,79,7,7
57097,97,98,-1,1
57098,120,116,4,4
57099,61,61,0,0
57100,109,112,-3,3
57101,82,82,0,0
57102,98,89,9,9
57103,100,94,6,6
57104,114,104,10,10
57105,61,67,-6,6
57106,88,96,-8,8
57107,75,77,-2,2
57108,96,99,-3,3
57109,125,133,-8,8
57110,216,203,13,13
57111,91,88,3,3
57112,149,176,-27,27
57113,104,97,7,7
57114,69,72,-3,3
57115,65,68,-3,3
57116,116,104,12,12
57117,66,69,-3,3
57118,53,60,-7,7
57119,61,71,-10,10
57120,106,109,-3,3
57121,118,109,9,9
57122,145,142,3,3
57123,90,86,4,4
57124,76,75,1,1
57125,48,58,-10,10
57126,38,44,-6,6
57127,65,70,-5,5
57128,98,92,6,6
57129,48,60,-12,12
57130,93,97,-4,4
57131,117,121,-4,4
57132,66,71,-5,5
57133,110,100,10,10
57134,121,119,2,2
57135,95,92,3,3
57136,81,79,2,2
57137,48,62,-14,14
57138,80,85,-5,5
57139,136,148,-12,12
57140,55,55,0,0
57141,110,104,6,6
57142,104,117,-13,13
57143,89,83,6,6
57144,90,105,-15,15
57145,111,112,-1,1
57146,85,95,-10,10
57147,113,111,2,2
57148,100,102,-2,2
57149,147,139,8,8
57150,86,93,-7,7
57151,76,80,-4,4
57152,164,144,20,20
57153,130,119,11,11
57154,99,93,6,6
57155,40,47,-7,7
57156,175,182,-7,7
57157,148,147,1,1
57158,106,111,-5,5
57159,152,152,0,0
57160,91,97,-6,6
57161,98,95,3,3
57162,51,64,-13,13
57163,88,88,0,0
57164,89,86,3,3
57165,63,63,0,0
57166,84,84,0,0
57167,75,72,3,3
57168,117,110,7,7
57169,111,113,-2,2
57170,134,151,-17,17
57171,81,86,-5,5
57172,101,109,-8,8
57173,61,62,-1,1
57174,116,114,2,2
57175,77,81,-4,4
57176,121,113,8,8
57177,101,96,5,5
57178,22,29,-7,7
57179,89,88,1,1
57180,134,133,1,1
57181,132,140,-8,8
57182,48,57,-9,9
57183,102,98,4,4
57184,90,83,7,7
57185,89,89,0,0
57186,109,112,-3,3
57187,164,152,12,12
57188,93,98,-5,5
57189,93,98,-5,5
57190,63,75,-12,12
57191,99,101,-2,2
57192,72,73,-1,1
57193,85,85,0,0
57194,76,79,-3,3
57195,85,82,3,3
57196,125,93,32,32
57197,63,66,-3,3
57198,47,61,-14,14
57199,123,125,-2,2
57200,88,100,-12,12
57201,75,72,3,3
57202,78,78,0,0
57203,73,65,8,8
57204,113,127,-14,14
57205,88,83,5,5
57206,91,80,11,11
57207,99,97,2,2
57208,92,98,-6,6
57209,102,109,-7,7
57210,84,88,-4,4
57211,153,149,4,4
57212,117,124,-7,7
57213,61,61,0,0
57214,81,77,4,4
57215,148,145,3,3
57216,88,75,13,13
57217,109,105,4,4
57218,124,116,8,8
57219,44,60,-16,16
57220,75,75,0,0
57221,107,110,-3,3
57222,74,77,-3,3
57223,75,70,5,5
57224,97,88,9,9
57225,95,91,4,4
57226,72,70,2,2
57227,71,71,0,0
57228,100,99,1,1
57229,110,100,10,10
57230,67,65,2,2
57231,59,59,0,0
57232,162,152,10,10
57233,97,104,-7,7
57234,66,75,-9,9
57235,87,83,4,4
57236,142,132,10,10
57237,77,79,-2,2
57238,61,60,1,1
57239,61,118,-57,57
57240,131,120,11,11
57241,84,81,3,3
57242,77,80,-3,3
57243,60,63,-3,3
57244,77,80,-3,3
57245,47,57,-10,10
57246,71,79,-8,8
57247,118,123,-5,5
57248,105,116,-11,11
57249,137,131,6,6
57250,48,68,-20,20
57251,81,82,-1,1
57252,105,93,12,12
57253,107,107,0,0
57254,149,145,4,4
57255,88,83,5,5
57256,104,100,4,4
57257,130,114,16,16
57258,118,116,2,2
57259,50,72,-22,22
57260,113,105,8,8
57261,48,56,-8,8
57262,105,109,-4,4
57263,63,72,-9,9
57264,63,68,-5,5
57265,65,73,-8,8
57266,105,107,-2,2
57267,38,45,-7,7
57268,57,57,0,0
57269,94,91,3,3
57270,87,79,8,8
57271,68,72,-4,4
57272,66,76,-10,10
57273,87,89,-2,2
57274,121,113,8,8
57275,104,98,6,6
57276,124,125,-1,1
57277,158,141,17,17
57278,30,33,-3,3
57279,101,121,-20,20
57280,86,75,11,11
57281,93,91,2,2
57282,123,134,-11,11
57283,102,89,13,13
57284,142,157,-15,15
57285,61,77,-16,16
57286,75,82,-7,7
57287,125,130,-5,5
57288,95,96,-1,1
57289,171,166,5,5
57290,96,128,-32,32
57291,123,123,0,0
57292,106,114,-8,8
57293,62,65,-3,3
57294,87,86,1,1
57295,57,64,-7,7
57296,56,56,0,0
57297,124,119,5,5
57298,81,79,2,2
57299,109,98,11,11
57300,165,173,-8,8
57301,171,174,-3,3
57302,104,102,2,2
57303,59,68,-9,9
57304,40,52,-12,12
57305,74,91,-17,17
57306,127,125,2,2
57307,73,84,-11,11
57308,130,122,8,8
57309,47,65,-18,18
57310,59,64,-5,5
57311,156,138,18,18
57312,101,97,4,4
57313,89,79,10,10
57314,95,95,0,0
57315,60,74,-14,14
57316,91,94,-3,3
57317,74,75,-1,1
57318,160,152,8,8
57319,114,106,8,8
57320,148,142,6,6
57321,80,75,5,5
57322,24,29,-5,5
57323,52,60,-8,8
57324,259,234,25,25
57325,44,52,-8,8
57326,149,144,5,5
57327,57,65,-8,8
57328,126,129,-3,3
57329,142,132,10,10
57330,111,114,-3,3
57331,167,158,9,9
57332,76,76,0,0
57333,69,69,0,0
57334,110,116,-6,6
57335,92,101,-9,9
57336,99,84,15,15
57337,95,99,-4,4
57338,114,107,7,7
57339,91,97,-6,6
57340,104,102,2,2
57341,84,84,0,0
57342,164,152,12,12
57343,44,56,-12,12
57344,75,71,4,4
57345,95,94,1,1
57346,27,42,-15,15
57347,81,81,0,0
57348,72,76,-4,4
57349,100,92,8,8
57350,131,116,15,15
57351,61,70,-9,9
57352,89,85,4,4
57353,65,71,-6,6
57354,53,66,-13,13
57355,103,114,-11,11
57356,129,127,2,2
57357,114,103,11,11
57358,102,102,0,0
57359,87,95,-8,8
57360,77,71,6,6
57361,72,75,-3,3
57362,71,76,-5,5
57363,67,65,2,2
57364,116,115,1,1
57365,102,96,6,6
57366,83,80,3,3
57367,55,59,-4,4
57368,71,83,-12,12
57369,84,78,6,6
57370,98,95,3,3
57371,101,92,9,9
57372,82,76,6,6
57373,117,120,-3,3
57374,126,131,-5,5
57375,66,74,-8,8
57376,81,90,-9,9
57377,189,194,-5,5
57378,90,81,9,9
57379,86,83,3,3
57380,107,103,4,4
57381,117,136,-19,19
57382,54,61,-7,7
57383,81,86,-5,5
57384,85,79,6,6
57385,88,94,-6,6
57386,57,65,-8,8
57387,103,108,-5,5
57388,103,100,3,3
57389,95,85,10,10
57390,107,104,3,3
57391,91,91,0,0
57392,111,127,-16,16
57393,200,186,14,14
57394,83,91,-8,8
57395,86,84,2,2
57396,80,84,-4,4
57397,109,114,-5,5
57398,69,68,1,1
57399,78,76,2,2
57400,70,78,-8,8
57401,77,79,-2,2
57402,69,68,1,1
57403,96,85,11,11
57404,121,145,-24,24
57405,90,98,-8,8
57406,152,145,7,7
57407,91,83,8,8
57408,89,88,1,1
57409,104,101,3,3
57410,88,73,15,15
57411,113,111,2,2
57412,81,92,-11,11
57413,92,85,7,7
57414,112,102,10,10
57415,113,116,-3,3
57416,119,112,7,7
57417,68,71,-3,3
57418,183,160,23,23
57419,154,145,9,9
57420,115,116,-1,1
57421,173,195,-22,22
57422,108,101,7,7
57423,124,129,-5,5
57424,71,69,2,2
57425,84,79,5,5
57426,80,79,1,1
57427,90,104,-14,14
57428,74,71,3,3
57429,89,77,12,12
57430,81,91,-10,10
57431,100,90,10,10
57432,136,136,0,0
57433,55,59,-4,4
57434,105,109,-4,4
57435,77,75,2,2
57436,192,188,4,4
57437,99,92,7,7
57438,90,88,2,2
57439,134,125,9,9
57440,113,108,5,5
57441,90,85,5,5
57442,150,138,12,12
57443,52,59,-7,7
57444,102,93,9,9
57445,55,57,-2,2
57446,110,112,-2,2
57447,57,62,-5,5
57448,57,65,-8,8
57449,97,95,2,2
57450,117,120,-3,3
57451,83,84,-1,1
57452,121,113,8,8
57453,58,66,-8,8
57454,101,101,0,0
57455,63,68,-5,5
57456,105,103,2,2
57457,94,90,4,4
57458,138,135,3,3
57459,62,64,-2,2
57460,113,117,-4,4
57461,50,60,-10,10
57462,90,96,-6,6
57463,135,136,-1,1
57464,68,66,2,2
57465,94,93,1,1
57466,63,65,-2,2
57467,179,164,15,15
57468,78,75,3,3
57469,197,172,25,25
57470,124,123,1,1
57471,115,125,-10,10
57472,105,100,5,5
57473,135,134,1,1
57474,59,64,-5,5
57475,75,90,-15,15
57476,131,125,6,6
57477,125,126,-1,1
57478,82,91,-9,9
57479,193,181,12,12
57480,23,29,-6,6
57481,67,68,-1,1
57482,204,193,11,11
57483,78,81,-3,3
57484,95,100,-5,5
57485,143,144,-1,1
57486,69,71,-2,2
57487,78,74,4,4
57488,185,179,6,6
57489,60,67,-7,7
57490,93,85,8,8
57491,49,56,-7,7
57492,151,132,19,19
57493,93,88,5,5
57494,109,102,7,7
57495,58,63,-5,5
57496,132,113,19,19
57497,85,77,8,8
57498,118,101,17,17
57499,69,73,-4,4
57500,76,77,-1,1
57501,68,77,-9,9
57502,68,70,-2,2
57503,103,114,-11,11
57504,116,114,2,2
57505,189,165,24,24
57506,64,73,-9,9
57507,54,57,-3,3
57508,99,102,-3,3
57509,140,129,11,11
57510,52,54,-2,2
57511,144,139,5,5
57512,96,94,2,2
57513,60,86,-26,26
57514,131,131,0,0
57515,101,115,-14,14
57516,21,29,-8,8
57517,77,78,-1,1
57518,94,93,1,1
57519,64,64,0,0
57520,77,72,5,5
57521,89,95,-6,6
57522,68,71,-3,3
57523,100,77,23,23
57524,94,96,-2,2
57525,99,97,2,2
57526,104,107,-3,3
57527,76,77,-1,1
57528,41,51,-10,10
57529,89,82,7,7
57530,159,140,19,19
57531,145,128,17,17
57532,89,83,6,6
57533,117,124,-7,7
57534,56,68,-12,12
57535,112,106,6,6
57536,59,58,1,1
57537,54,62,-8,8
57538,83,76,7,7
57539,70,75,-5,5
57540,64,69,-5,5
57541,134,129,5,5
57542,107,119,-12,12
57543,81,81,0,0
57544,117,122,-5,5
57545,123,125,-2,2
57546,114,102,12,12
57547,173,159,14,14
57548,79,74,5,5
57549,117,109,8,8
57550,32,44,-12,12
57551,87,84,3,3
57552,189,186,3,3
57553,70,78,-8,8
57554,155,137,18,18
57555,81,86,-5,5
57556,168,160,8,8
57557,114,114,0,0
57558,153,162,-9,9
57559,124,116,8,8
57560,51,50,1,1
57561,105,113,-8,8
57562,101,114,-13,13
57563,86,92,-6,6
57564,129,123,6,6
57565,122,115,7,7
57566,149,138,11,11
57567,85,80,5,5
57568,73,73,0,0
57569,66,72,-6,6
57570,180,162,18,18
57571,33,31,2,2
57572,70,76,-6,6
57573,101,120,-19,19
57574,89,99,-10,10
57575,120,119,1,1
57576,121,113,8,8
57577,91,92,-1,1
57578,90,86,4,4
57579,121,115,6,6
57580,154,160,-6,6
57581,110,105,5,5
57582,65,64,1,1
57583,107,119,-12,12
57584,141,135,6,6
57585,61,69,-8,8
57586,119,122,-3,3
57587,135,137,-2,2
57588,185,164,21,21
57589,46,53,-7,7
57590,89,87,2,2
57591,134,131,3,3
57592,102,98,4,4
57593,138,140,-2,2
57594,104,98,6,6
57595,176,165,11,11
57596,112,111,1,1
57597,135,131,4,4
57598,119,117,2,2
57599,82,77,5,5
57600,99,103,-4,4
57601,119,112,7,7
57602,98,111,-13,13
57603,96,100,-4,4
57604,90,101,-11,11
57605,81,73,8,8
57606,65,69,-4,4
57607,120,116,4,4
57608,90,85,5,5
57609,80,83,-3,3
57610,81,90,-9,9
57611,78,101,-23,23
57612,82,76,6,6
57613,155,132,23,23
57614,77,73,4,4
57615,116,121,-5,5
57616,78,81,-3,3
57617,69,69,0,0
57618,64,69,-5,5
57619,88,87,1,1
57620,56,60,-4,4
57621,62,69,-7,7
57622,49,60,-11,11
57623,120,110,10,10
57624,154,148,6,6
57625,86,87,-1,1
57626,61,69,-8,8
57627,66,68,-2,2
57628,145,122,23,23
57629,83,89,-6,6
57630,136,132,4,4
57631,88,99,-11,11
57632,71,79,-8,8
57633,93,85,8,8
57634,97,95,2,2
57635,94,84,10,10
57636,97,102,-5,5
57637,57,69,-12,12
57638,142,142,0,0
57639,119,116,3,3
57640,87,94,-7,7
57641,131,137,-6,6
57642,119,123,-4,4
57643,76,73,3,3
57644,55,57,-2,2
57645,106,101,5,5
57646,70,76,-6,6
57647,103,103,0,0
57648,96,84,12,12
57649,150,150,0,0
57650,128,129,-1,1
57651,38,44,-6,6
57652,65,76,-11,11
57653,79,74,5,5
57654,96,85,11,11
57655,88,82,6,6
57656,185,205,-20,20
57657,81,75,6,6
57658,151,138,13,13
57659,94,96,-2,2
57660,72,77,-5,5
57661,110,104,6,6
57662,109,104,5,5
57663,80,76,4,4
57664,68,74,-6,6
57665,111,100,11,11
57666,67,72,-5,5
57667,95,88,7,7
57668,114,116,-2,2
57669,51,60,-9,9
57670,111,109,2,2
57671,118,106,12,12
57672,157,132,25,25
57673,82,83,-1,1
57674,119,99,20,20
57675,73,76,-3,3
57676,88,79,9,9
57677,46,52,-6,6
57678,61,66,-5,5
57679,81,82,-1,1
57680,117,114,3,3
57681,87,84,3,3
57682,71,67,4,4
57683,70,67,3,3
57684,98,110,-12,12
57685,89,93,-4,4
57686,100,93,7,7
57687,124,114,10,10
57688,166,161,5,5
57689,90,85,5,5
57690,43,52,-9,9
57691,175,160,15,15
57692,104,108,-4,4
57693,180,173,7,7
57694,57,59,-2,2
57695,36,52,-16,16
57696,144,155,-11,11
57697,136,128,8,8
57698,56,61,-5,5
57699,93,97,-4,4
57700,91,91,0,0
57701,98,99,-1,1
57702,82,70,12,12
57703,101,114,-13,13
57704,113,116,-3,3
57705,53,65,-12,12
57706,55,62,-7,7
57707,120,114,6,6
57708,105,101,4,4
57709,71,77,-6,6
57710,78,77,1,1
57711,165,163,2,2
57712,82,85,-3,3
57713,126,118,8,8
57714,114,108,6,6
57715,143,139,4,4
57716,118,121,-3,3
57717,94,97,-3,3
57718,41,42,-1,1
57719,67,70,-3,3
57720,83,79,4,4
57721,119,101,18,18
57722,62,69,-7,7
57723,55,56,-1,1
57724,95,99,-4,4
57725,91,99,-8,8
57726,68,70,-2,2
57727,144,148,-4,4
57728,64,69,-5,5
57729,43,63,-20,20
57730,81,87,-6,6
57731,94,80,14,14
57732,77,76,1,1
57733,167,171,-4,4
57734,51,63,-12,12
57735,117,112,5,5
57736,93,94,-1,1
57737,71,73,-2,2
57738,64,71,-7,7
57739,168,158,10,10
57740,98,100,-2,2
57741,38,43,-5,5
57742,124,116,8,8
57743,104,113,-9,9
57744,45,52,-7,7
57745,36,48,-12,12
57746,82,80,2,2
57747,120,110,10,10
57748,108,116,-8,8
57749,43,56,-13,13
57750,85,77,8,8
57751,146,140,6,6
57752,82,99,-17,17
57753,115,106,9,9
57754,98,89,9,9
57755,87,83,4,4
57756,124,128,-4,4
57757,86,84,2,2
57758,92,112,-20,20
57759,109,90,19,19
57760,125,118,7,7
57761,140,149,-9,9
57762,84,103,-19,19
57763,66,68,-2,2
57764,131,120,11,11
57765,81,75,6,6
57766,88,83,5,5
57767,143,153,-10,10
57768,74,77,-3,3
57769,118,126,-8,8
57770,56,66,-10,10
57771,61,63,-2,2
57772,112,118,-6,6
57773,119,107,12,12
57774,102,94,8,8
57775,101,122,-21,21
57776,71,72,-1,1
57777,118,115,3,3
57778,119,136,-17,17
57779,83,86,-3,3
57780,133,119,14,14
57781,57,62,-5,5
57782,87,84,3,3
57783,6,30,-24,24
57784,76,79,-3,3
57785,124,117,7,7
57786,28,29,-1,1
57787,65,67,-2,2
57788,86,75,11,11
57789,111,115,-4,4
57790,59,70,-11,11
57791,94,95,-1,1
57792,97,112,-15,15
57793,115,118,-3,3
57794,75,78,-3,3
57795,144,139,5,5
57796,86,99,-13,13
57797,74,74,0,0
57798,102,106,-4,4
57799,79,76,3,3
57800,99,95,4,4
57801,140,154,-14,14
57802,101,101,0,0
57803,156,144,12,12
57804,92,90,2,2
57805,70,74,-4,4
57806,59,72,-13,13
57807,116,112,4,4
57808,138,133,5,5
57809,136,140,-4,4
57810,61,65,-4,4
57811,53,59,-6,6
57812,79,72,7,7
57813,90,84,6,6
57814,127,121,6,6
57815,177,150,27,27
57816,110,124,-14,14
57817,129,125,4,4
57818,106,125,-19,19
57819,74,77,-3,3
57820,154,158,-4,4
57821,129,128,1,1
57822,73,72,1,1
57823,77,84,-7,7
57824,84,92,-8,8
57825,103,100,3,3
57826,90,123,-33,33
57827,109,110,-1,1
57828,68,67,1,1
57829,72,70,2,2
57830,105,116,-11,11
57831,65,68,-3,3
57832,95,87,8,8
57833,133,133,0,0
57834,103,94,9,9
57835,107,116,-9,9
57836,79,74,5,5
57837,116,110,6,6
57838,91,83,8,8
57839,72,84,-12,12
57840,66,85,-19,19
57841,147,138,9,9
57842,90,100,-10,10
57843,192,213,-21,21
57844,98,112,-14,14
57845,105,101,4,4
57846,44,54,-10,10
57847,102,91,11,11
57848,82,92,-10,10
57849,107,105,2,2
57850,102,100,2,2
57851,135,126,9,9
57852,157,146,11,11
57853,61,60,1,1
57854,155,147,8,8
57855,121,128,-7,7
57856,77,75,2,2
57857,142,136,6,6
57858,95,88,7,7
57859,104,98,6,6
57860,77,78,-1,1
57861,135,130,5,5
57862,101,103,-2,2
57863,65,67,-2,2
57864,108,106,2,2
57865,46,57,-11,11
57866,196,190,6,6
57867,83,81,2,2
57868,92,84,8,8
57869,66,63,3,3
57870,87,83,4,4
57871,76,76,0,0
57872,24,29,-5,5
57873,94,103,-9,9
57874,85,73,12,12
57875,147,194,-47,47
57876,104,114,-10,10
57877,97,97,0,0
57878,159,142,17,17
57879,103,101,2,2
57880,114,119,-5,5
57881,133,133,0,0
57882,66,68,-2,2
57883,101,106,-5,5
57884,71,69,2,2
57885,85,85,0,0
57886,87,77,10,10
57887,116,92,24,24
57888,88,80,8,8
57889,64,65,-1,1
57890,48,54,-6,6
57891,55,62,-7,7
57892,61,86,-25,25
57893,86,97,-11,11
57894,56,58,-2,2
57895,58,57,1,1
57896,77,79,-2,2
57897,70,76,-6,6
57898,78,83,-5,5
57899,136,126,10,10
57900,69,71,-2,2
57901,68,66,2,2
57902,102,101,1,1
57903,67,69,-2,2
57904,82,77,5,5
57905,54,56,-2,2
57906,70,76,-6,6
57907,83,79,4,4
57908,129,119,10,10
57909,43,48,-5,5
57910,46,63,-17,17
57911,119,119,0,0
57912,50,59,-9,9
57913,76,79,-3,3
57914,168,160,8,8
57915,83,80,3,3
57916,116,105,11,11
57917,121,133,-12,12
57918,96,105,-9,9
57919,126,133,-7,7
57920,86,85,1,1
57921,85,80,5,5
57922,93,79,14,14
57923,52,60,-8,8
57924,129,125,4,4
57925,87,84,3,3
57926,38,51,-13,13
57927,61,76,-15,15
57928,77,77,0,0
57929,73,73,0,0
57930,143,149,-6,6
57931,59,68,-9,9
57932,57,62,-5,5
57933,64,68,-4,4
57934,140,135,5,5
57935,109,114,-5,5
57936,91,91,0,0
57937,64,69,-5,5
57938,105,93,12,12
57939,121,112,9,9
57940,65,63,2,2
57941,80,82,-2,2
57942,75,77,-2,2
57943,90,83,7,7
57944,93,102,-9,9
57945,60,65,-5,5
57946,75,74,1,1
57947,97,100,-3,3
57948,130,124,6,6
57949,111,104,7,7
57950,82,77,5,5
57951,102,101,1,1
57952,72,74,-2,2
57953,180,184,-4,4
57954,71,82,-11,11
57955,92,91,1,1
57956,109,105,4,4
57957,113,107,6,6
57958,117,118,-1,1
57959,105,107,-2,2
57960,85,83,2,2
57961,75,71,4,4
57962,77,77,0,0
57963,79,80,-1,1
57964,106,100,6,6
57965,52,66,-14,14
57966,107,84,23,23
57967,89,93,-4,4
57968,150,145,5,5
57969,84,84,0,0
57970,78,81,-3,3
57971,124,115,9,9
57972,58,64,-6,6
57973,110,111,-1,1
57974,108,108,0,0
57975,95,112,-17,17
57976,139,126,13,13
57977,92,91,1,1
57978,63,71,-8,8
57979,81,86,-5,5
57980,103,89,14,14
57981,75,75,0,0
57982,75,86,-11,11
57983,125,122,3,3
57984,98,113,-15,15
57985,101,100,1,1
57986,73,82,-9,9
57987,95,93,2,2
57988,120,113,7,7
57989,90,106,-16,16
57990,178,159,19,19
57991,111,114,-3,3
57992,90,88,2,2
57993,91,77,14,14
57994,92,81,11,11
57995,77,77,0,0
57996,87,84,3,3
57997,121,119,2,2
57998,99,91,8,8
57999,119,126,-7,7
58000,85,95,-10,10
58001,102,102,0,0
58002,102,100,2,2
58003,68,66,2,2
58004,159,141,18,18
58005,91,77,14,14
58006,85,89,-4,4
58007,77,85,-8,8
58008,136,135,1,1
58009,182,171,11,11
58010,101,102,-1,1
58011,63,62,1,1
58012,89,103,-14,14
58013,78,79,-1,1
58014,104,102,2,2
58015,113,108,5,5
58016,88,91,-3,3
58017,87,85,2,2
58018,182,163,19,19
58019,97,95,2,2
58020,123,119,4,4
58021,93,118,-25,25
58022,77,67,10,10
58023,87,83,4,4
58024,71,74,-3,3
58025,60,63,-3,3
58026,95,101,-6,6
58027,92,83,9,9
58028,78,75,3,3
58029,84,88,-4,4
58030,153,144,9,9
58031,140,144,-4,4
58032,99,85,14,14
58033,57,62,-5,5
58034,83,89,-6,6
58035,79,76,3,3
58036,87,88,-1,1
58037,85,103,-18,18
58038,80,83,-3,3
58039,69,76,-7,7
58040,68,72,-4,4
58041,94,98,-4,4
58042,79,84,-5,5
58043,115,112,3,3
58044,59,65,-6,6
58045,183,186,-3,3
58046,64,67,-3,3
58047,109,103,6,6
58048,54,54,0,0
58049,62,64,-2,2
58050,69,83,-14,14
58051,62,62,0,0
58052,71,73,-2,2
58053,140,135,5,5
58054,73,72,1,1
58055,124,124,0,0
58056,86,96,-10,10
58057,142,151,-9,9
58058,170,167,3,3
58059,69,70,-1,1
58060,124,124,0,0
58061,123,125,-2,2
58062,104,86,18,18
58063,65,74,-9,9
58064,110,112,-2,2
58065,80,76,4,4
58066,66,72,-6,6
58067,96,95,1,1
58068,116,119,-3,3
58069,74,73,1,1
58070,59,60,-1,1
58071,64,62,2,2
58072,115,119,-4,4
58073,89,83,6,6
58074,136,122,14,14
58075,51,55,-4,4
58076,73,73,0,0
58077,68,76,-8,8
58078,116,113,3,3
58079,135,140,-5,5
58080,29,31,-2,2
58081,96,84,12,12
58082,38,63,-25,25
58083,170,174,-4,4
58084,125,123,2,2
58085,160,145,15,15
58086,108,115,-7,7
58087,144,135,9,9
58088,70,67,3,3
58089,100,96,4,4
58090,62,67,-5,5
58091,129,127,2,2
58092,99,90,9,9
58093,93,100,-7,7
58094,108,98,10,10
58095,59,61,-2,2
58096,43,50,-7,7
58097,119,110,9,9
58098,71,66,5,5
58099,147,164,-17,17
58100,60,63,-3,3
58101,79,87,-8,8
58102,64,71,-7,7
58103,73,76,-3,3
58104,105,109,-4,4
58105,80,77,3,3
58106,79,84,-5,5
58107,90,87,3,3
58108,89,80,9,9
58109,73,70,3,3
58110,113,116,-3,3
58111,78,84,-6,6
58112,63,83,-20,20
58113,142,131,11,11
58114,145,159,-14,14
58115,95,99,-4,4
58116,101,100,1,1
58117,126,114,12,12
58118,154,142,12,12
58119,184,155,29,29
58120,116,120,-4,4
58121,84,84,0,0
58122,129,128,1,1
58123,74,74,0,0
58124,97,90,7,7
58125,88,109,-21,21
58126,102,106,-4,4
58127,69,72,-3,3
58128,73,82,-9,9
58129,77,70,7,7
58130,98,97,1,1
58131,78,79,-1,1
58132,108,90,18,18
58133,78,79,-1,1
58134,86,98,-12,12
58135,70,68,2,2
58136,70,75,-5,5
58137,78,75,3,3
58138,81,77,4,4
58139,55,67,-12,12
58140,37,44,-7,7
58141,80,80,0,0
58142,68,70,-2,2
58143,130,130,0,0
58144,100,96,4,4
58145,71,77,-6,6
58146,97,99,-2,2
58147,147,145,2,2
58148,93,99,-6,6
58149,165,166,-1,1
58150,70,75,-5,5
58151,59,70,-11,11
58152,46,53,-7,7
58153,132,114,18,18
58154,90,77,13,13
58155,208,203,5,5
58156,124,129,-5,5
58157,92,100,-8,8
58158,75,75,0,0
58159,103,101,2,2
58160,47,59,-12,12
58161,72,65,7,7
58162,65,70,-5,5
58163,107,110,-3,3
58164,131,128,3,3
58165,67,74,-7,7
58166,119,114,5,5
58167,63,67,-4,4
58168,153,137,16,16
58169,72,76,-4,4
58170,131,144,-13,13
58171,92,88,4,4
58172,70,72,-2,2
58173,93,101,-8,8
58174,48,67,-19,19
58175,75,71,4,4
58176,185,181,4,4
58177,90,88,2,2
58178,53,58,-5,5
58179,130,126,4,4
58180,139,141,-2,2
58181,92,98,-6,6
58182,77,106,-29,29
58183,130,117,13,13
58184,88,81,7,7
58185,68,76,-8,8
58186,144,121,23,23
58187,73,76,-3,3
58188,136,135,1,1
58189,115,108,7,7
58190,79,83,-4,4
58191,97,96,1,1
58192,70,70,0,0
58193,76,80,-4,4
58194,110,105,5,5
58195,103,118,-15,15
58196,106,108,-2,2
58197,82,80,2,2
58198,82,85,-3,3
58199,64,69,-5,5
58200,108,109,-1,1
58201,162,153,9,9
58202,64,69,-5,5
58203,42,53,-11,11
58204,128,126,2,2
58205,93,87,6,6
58206,83,76,7,7
58207,75,70,5,5
58208,113,108,5,5
58209,131,124,7,7
58210,70,67,3,3
58211,82,85,-3,3
58212,53,61,-8,8
58213,92,93,-1,1
58214,123,115,8,8
58215,132,125,7,7
58216,71,72,-1,1
58217,83,85,-2,2
58218,52,57,-5,5
58219,102,101,1,1
58220,51,62,-11,11
58221,90,81,9,9
58222,121,127,-6,6
58223,125,126,-1,1
58224,66,67,-1,1
58225,99,110,-11,11
58226,71,81,-10,10
58227,103,102,1,1
58228,87,91,-4,4
58229,130,131,-1,1
58230,74,73,1,1
58231,171,161,10,10
58232,146,124,22,22
58233,81,80,1,1
58234,72,68,4,4
58235,81,98,-17,17
58236,58,58,0,0
58237,111,105,6,6
58238,148,149,-1,1
58239,76,75,1,1
58240,78,74,4,4
58241,91,95,-4,4
58242,91,95,-4,4
58243,70,75,-5,5
58244,155,137,18,18
58245,89,93,-4,4
58246,55,57,-2,2
58247,97,83,14,14
58248,71,72,-1,1
58249,134,140,-6,6
58250,85,75,10,10
58251,76,71,5,5
58252,98,110,-12,12
58253,51,59,-8,8
58254,111,107,4,4
58255,59,66,-7,7
58256,112,109,3,3
58257,43,49,-6,6
58258,122,113,9,9
58259,62,77,-15,15
58260,57,59,-2,2
58261,94,107,-13,13
58262,92,91,1,1
58263,113,120,-7,7
58264,125,120,5,5
58265,98,103,-5,5
58266,58,62,-4,4
58267,110,106,4,4
58268,69,73,-4,4
58269,57,69,-12,12
58270,54,56,-2,2
58271,69,70,-1,1
58272,84,99,-15,15
58273,81,94,-13,13
58274,72,75,-3,3
58275,120,114,6,6
58276,59,66,-7,7
58277,121,115,6,6
58278,54,66,-12,12
58279,62,64,-2,2
58280,83,76,7,7
58281,85,79,6,6
58282,102,104,-2,2
58283,109,100,9,9
58284,128,140,-12,12
58285,128,115,13,13
58286,155,125,30,30
58287,75,76,-1,1
58288,44,37,7,7
58289,106,108,-2,2
58290,122,112,10,10
58291,99,95,4,4
58292,76,75,1,1
58293,93,86,7,7
58294,59,66,-7,7
58295,115,107,8,8
58296,147,138,9,9
58297,104,106,-2,2
58298,56,64,-8,8
58299,119,114,5,5
58300,92,96,-4,4
58301,55,64,-9,9
58302,70,67,3,3
58303,79,83,-4,4
58304,106,101,5,5
58305,141,127,14,14
58306,142,141,1,1
58307,100,102,-2,2
58308,71,71,0,0
58309,37,42,-5,5
58310,58,61,-3,3
58311,107,112,-5,5
58312,104,103,1,1
58313,125,123,2,2
58314,95,125,-30,30
58315,164,154,10,10
58316,45,60,-15,15
58317,86,79,7,7
58318,101,96,5,5
58319,117,110,7,7
58320,85,98,-13,13
58321,60,65,-5,5
58322,141,147,-6,6
58323,101,101,0,0
58324,113,100,13,13
58325,108,113,-5,5
58326,86,83,3,3
58327,121,110,11,11
58328,165,180,-15,15
58329,58,63,-5,5
58330,165,166,-1,1
58331,99,102,-3,3
58332,77,82,-5,5
58333,120,116,4,4
58334,132,120,12,12
58335,138,120,18,18
58336,104,125,-21,21
58337,59,60,-1,1
58338,68,66,2,2
58339,76,79,-3,3
58340,81,86,-5,5
58341,126,124,2,2
58342,125,100,25,25
58343,39,42,-3,3
58344,103,86,17,17
58345,64,71,-7,7
58346,120,112,8,8
58347,53,61,-8,8
58348,81,76,5,5
58349,128,120,8,8
58350,75,75,0,0
58351,67,64,3,3
58352,158,142,16,16
58353,77,94,-17,17
58354,140,141,-1,1
58355,75,81,-6,6
58356,114,116,-2,2
58357,82,78,4,4
58358,96,98,-2,2
58359,142,129,13,13
58360,84,97,-13,13
58361,84,70,14,14
58362,69,71,-2,2
58363,63,68,-5,5
58364,83,85,-2,2
58365,136,134,2,2
58366,107,104,3,3
58367,95,97,-2,2
58368,157,136,21,21
58369,89,88,1,1
58370,85,83,2,2
58371,102,103,-1,1
58372,103,108,-5,5
58373,88,82,6,6
58374,100,98,2,2
58375,69,71,-2,2
58376,84,75,9,9
58377,32,39,-7,7
58378,52,58,-6,6
58379,156,145,11,11
58380,71,68,3,3
58381,114,109,5,5
58382,83,83,0,0
58383,81,80,1,1
58384,164,142,22,22
58385,109,105,4,4
58386,89,97,-8,8
58387,125,108,17,17
58388,82,75,7,7
58389,73,76,-3,3
58390,117,141,-24,24
58391,69,73,-4,4
58392,98,95,3,3
58393,114,101,13,13
58394,86,83,3,3
58395,112,103,9,9
58396,96,103,-7,7
58397,113,107,6,6
58398,86,98,-12,12
58399,130,126,4,4
58400,80,77,3,3
58401,134,131,3,3
58402,158,160,-2,2
58403,59,61,-2,2
58404,55,64,-9,9
58405,87,93,-6,6
58406,42,52,-10,10
58407,76,74,2,2
58408,62,61,1,1
58409,119,114,5,5
58410,103,102,1,1
58411,172,175,-3,3
58412,134,135,-1,1
58413,68,68,0,0
58414,62,59,3,3
58415,57,67,-10,10
58416,147,136,11,11
58417,93,96,-3,3
58418,116,109,7,7
58419,161,157,4,4
58420,79,97,-18,18
58421,148,150,-2,2
58422,118,116,2,2
58423,46,62,-16,16
58424,130,134,-4,4
58425,163,151,12,12
58426,56,63,-7,7
58427,74,73,1,1
58428,66,77,-11,11
58429,84,74,10,10
58430,76,81,-5,5
58431,88,81,7,7
58432,69,70,-1,1
58433,60,67,-7,7
58434,75,75,0,0
58435,164,152,12,12
58436,71,80,-9,9
58437,125,105,20,20
58438,86,90,-4,4
58439,62,63,-1,1
58440,82,82,0,0
58441,55,60,-5,5
58442,58,74,-16,16
58443,52,65,-13,13
58444,107,101,6,6
58445,82,92,-10,10
58446,118,115,3,3
58447,104,102,2,2
58448,65,66,-1,1
58449,148,159,-11,11
58450,104,107,-3,3
58451,189,178,11,11
58452,126,132,-6,6
58453,92,91,1,1
58454,122,118,4,4
58455,75,76,-1,1
58456,99,101,-2,2
58457,99,94,5,5
58458,154,153,1,1
58459,89,99,-10,10
58460,145,148,-3,3
58461,81,72,9,9
58462,146,158,-12,12
58463,171,175,-4,4
58464,52,57,-5,5
58465,81,76,5,5
58466,102,100,2,2
58467,137,147,-10,10
58468,43,52,-9,9
58469,93,97,-4,4
58470,62,66,-4,4
58471,110,102,8,8
58472,78,73,5,5
58473,112,118,-6,6
58474,64,71,-7,7
58475,52,56,-4,4
58476,51,71,-20,20
58477,71,79,-8,8
58478,62,66,-4,4
58479,54,54,0,0
58480,81,66,15,15
58481,156,136,20,20
58482,76,78,-2,2
58483,74,70,4,4
58484,63,70,-7,7
58485,59,57,2,2
58486,45,51,-6,6
58487,127,110,17,17
58488,110,103,7,7
58489,68,71,-3,3
58490,89,91,-2,2
58491,64,66,-2,2
58492,116,124,-8,8
58493,68,74,-6,6
58494,211,213,-2,2
58495,93,88,5,5
58496,79,78,1,1
58497,84,82,2,2
58498,73,70,3,3
58499,82,77,5,5
58500,80,98,-18,18
58501,75,79,-4,4
58502,83,83,0,0
58503,123,119,4,4
58504,52,52,0,0
58505,133,126,7,7
58506,90,84,6,6
58507,70,71,-1,1
58508,74,80,-6,6
58509,84,83,1,1
58510,90,91,-1,1
58511,92,93,-1,1
58512,55,68,-13,13
58513,62,68,-6,6
58514,120,117,3,3
58515,84,84,0,0
58516,83,74,9,9
58517,95,113,-18,18
58518,79,73,6,6
58519,89,94,-5,5
58520,149,139,10,10
58521,81,113,-32,32
58522,91,97,-6,6
58523,87,75,12,12
58524,76,78,-2,2
58525,45,52,-7,7
58526,226,226,0,0
58527,125,117,8,8
58528,148,163,-15,15
58529,60,65,-5,5
58530,134,131,3,3
58531,165,157,8,8
58532,129,119,10,10
58533,65,65,0,0
58534,89,84,5,5
58535,95,102,-7,7
58536,83,82,1,1
58537,79,77,2,2
58538,111,104,7,7
58539,83,81,2,2
58540,121,118,3,3
58541,97,99,-2,2
58542,114,114,0,0
58543,55,56,-1,1
58544,118,114,4,4
58545,95,97,-2,2
58546,80,76,4,4
58547,112,113,-1,1
58548,127,118,9,9
58549,140,131,9,9
58550,100,171,-71,71
58551,50,58,-8,8
58552,130,126,4,4
58553,77,77,0,0
58554,86,96,-10,10
58555,117,103,14,14
58556,163,162,1,1
58557,78,78,0,0
58558,118,115,3,3
58559,110,115,-5,5
58560,93,82,11,11
58561,76,92,-16,16
58562,71,68,3,3
58563,85,86,-1,1
58564,39,50,-11,11
58565,77,83,-6,6
58566,57,60,-3,3
58567,68,71,-3,3
58568,74,74,0,0
58569,80,76,4,4
58570,86,90,-4,4
58571,55,59,-4,4
58572,129,117,12,12
58573,181,187,-6,6
58574,71,72,-1,1
58575,106,127,-21,21
58576,43,49,-6,6
58577,157,153,4,4
58578,68,71,-3,3
58579,134,124,10,10
58580,137,148,-11,11
58581,71,73,-2,2
58582,48,54,-6,6
58583,45,58,-13,13
58584,75,77,-2,2
58585,67,80,-13,13
58586,108,100,8,8
58587,81,79,2,2
58588,94,98,-4,4
58589,229,224,5,5
58590,58,65,-7,7
58591,75,83,-8,8
58592,97,114,-17,17
58593,142,140,2,2
58594,196,163,33,33
58595,78,79,-1,1
58596,101,111,-10,10
58597,100,95,5,5
58598,82,76,6,6
58599,100,102,-2,2
58600,81,84,-3,3
58601,81,87,-6,6
58602,106,134,-28,28
58603,74,70,4,4
58604,77,86,-9,9
58605,124,116,8,8
58606,35,44,-9,9
58607,76,81,-5,5
58608,106,104,2,2
58609,83,85,-2,2
58610,82,85,-3,3
58611,77,76,1,1
58612,113,111,2,2
58613,86,80,6,6
58614,115,112,3,3
58615,98,94,4,4
58616,69,78,-9,9
58617,90,96,-6,6
58618,99,95,4,4
58619,59,72,-13,13
58620,109,102,7,7
58621,72,77,-5,5
58622,130,125,5,5
58623,118,120,-2,2
58624,113,112,1,1
58625,98,98,0,0
58626,102,95,7,7
58627,142,128,14,14
58628,95,105,-10,10
58629,89,90,-1,1
58630,45,62,-17,17
58631,35,29,6,6
58632,54,62,-8,8
58633,102,88,14,14
58634,27,29,-2,2
58635,66,68,-2,2
58636,35,52,-17,17
58637,115,109,6,6
58638,148,145,3,3
58639,98,92,6,6
58640,115,116,-1,1
58641,79,87,-8,8
58642,84,83,1,1
58643,147,144,3,3
58644,79,74,5,5
58645,62,66,-4,4
58646,95,84,11,11
58647,71,72,-1,1
58648,66,72,-6,6
58649,84,85,-1,1
58650,142,131,11,11
58651,142,126,16,16
58652,91,90,1,1
58653,102,99,3,3
58654,105,139,-34,34
58655,66,65,1,1
58656,83,89,-6,6
58657,63,67,-4,4
58658,66,73,-7,7
58659,109,122,-13,13
58660,71,70,1,1
58661,92,91,1,1
58662,139,146,-7,7
58663,117,117,0,0
58664,120,118,2,2
58665,94,112,-18,18
58666,99,99,0,0
58667,58,60,-2,2
58668,129,127,2,2
58669,66,77,-11,11
58670,126,114,12,12
58671,111,118,-7,7
58672,54,59,-5,5
58673,153,129,24,24
58674,82,83,-1,1
58675,56,65,-9,9
58676,59,67,-8,8
58677,146,127,19,19
58678,64,68,-4,4
58679,56,60,-4,4
58680,60,63,-3,3
58681,21,51,-30,30
58682,132,134,-2,2
58683,85,84,1,1
58684,113,107,6,6
58685,81,81,0,0
58686,110,113,-3,3
58687,98,94,4,4
58688,86,89,-3,3
58689,102,101,1,1
58690,129,153,-24,24
58691,89,82,7,7
58692,121,125,-4,4
58693,104,103,1,1
58694,63,68,-5,5
58695,138,143,-5,5
58696,119,133,-14,14
58697,92,91,1,1
58698,113,108,5,5
58699,97,99,-2,2
58700,162,153,9,9
58701,41,54,-13,13
58702,112,113,-1,1
58703,124,118,6,6
58704,76,74,2,2
58705,116,116,0,0
58706,86,80,6,6
58707,69,67,2,2
58708,99,108,-9,9
58709,65,70,-5,5
58710,70,80,-10,10
58711,111,102,9,9
58712,79,74,5,5
58713,92,97,-5,5
58714,92,83,9,9
58715,126,123,3,3
58716,109,112,-3,3
58717,65,75,-10,10
58718,79,75,4,4
58719,160,156,4,4
58720,75,80,-5,5
58721,95,88,7,7
58722,97,96,1,1
58723,102,102,0,0
58724,75,72,3,3
58725,119,121,-2,2
58726,31,29,2,2
58727,137,124,13,13
58728,99,109,-10,10
58729,135,128,7,7
58730,143,145,-2,2
58731,128,124,4,4
58732,135,135,0,0
58733,56,58,-2,2
58734,79,72,7,7
58735,157,142,15,15
58736,103,114,-11,11
58737,147,141,6,6
58738,78,77,1,1
58739,124,120,4,4
58740,57,66,-9,9
58741,63,81,-18,18
58742,79,75,4,4
58743,87,94,-7,7
58744,105,100,5,5
58745,119,113,6,6
58746,41,48,-7,7
58747,62,71,-9,9
58748,148,156,-8,8
58749,113,109,4,4
58750,236,221,15,15
58751,49,59,-10,10
58752,78,83,-5,5
58753,105,108,-3,3
58754,136,127,9,9
58755,93,96,-3,3
58756,55,64,-9,9
58757,87,90,-3,3
58758,67,77,-10,10
58759,113,106,7,7
58760,52,57,-5,5
58761,102,125,-23,23
58762,149,132,17,17
58763,65,75,-10,10
58764,106,100,6,6
58765,88,84,4,4
58766,175,158,17,17
58767,116,123,-7,7
58768,128,125,3,3
58769,86,86,0,0
58770,154,153,1,1
58771,93,92,1,1
58772,65,96,-31,31
58773,119,117,2,2
58774,81,77,4,4
58775,93,116,-23,23
58776,77,81,-4,4
58777,144,119,25,25
58778,105,109,-4,4
58779,111,97,14,14
58780,143,128,15,15
58781,96,96,0,0
58782,86,99,-13,13
58783,78,75,3,3
58784,136,129,7,7
58785,82,77,5,5
58786,91,87,4,4
58787,83,85,-2,2
58788,106,110,-4,4
58789,94,99,-5,5
58790,99,104,-5,5
58791,78,74,4,4
58792,154,145,9,9
58793,77,67,10,10
58794,184,177,7,7
58795,192,181,11,11
58796,77,76,1,1
58797,105,111,-6,6
58798,62,70,-8,8
58799,103,101,2,2
58800,59,63,-4,4
58801,77,69,8,8
58802,155,160,-5,5
58803,90,83,7,7
58804,98,120,-22,22
58805,93,93,0,0
58806,132,134,-2,2
58807,115,115,0,0
58808,67,69,-2,2
58809,198,198,0,0
58810,90,84,6,6
58811,114,112,2,2
58812,108,108,0,0
58813,77,83,-6,6
58814,114,124,-10,10
58815,126,139,-13,13
58816,86,83,3,3
58817,67,70,-3,3
58818,108,106,2,2
58819,92,91,1,1
58820,123,122,1,1
58821,96,101,-5,5
58822,64,66,-2,2
58823,166,160,6,6
58824,218,217,1,1
58825,89,94,-5,5
58826,76,81,-5,5
58827,69,72,-3,3
58828,122,121,1,1
58829,115,115,0,0
58830,87,113,-26,26
58831,119,114,5,5
58832,95,90,5,5
58833,82,81,1,1
58834,57,64,-7,7
58835,100,107,-7,7
58836,86,80,6,6
58837,101,94,7,7
58838,65,60,5,5
58839,106,103,3,3
58840,75,75,0,0
58841,142,129,13,13
58842,81,75,6,6
58843,77,82,-5,5
58844,59,62,-3,3
58845,130,115,15,15
58846,100,96,4,4
58847,92,99,-7,7
58848,55,64,-9,9
58849,101,128,-27,27
58850,66,67,-1,1
58851,108,98,10,10
58852,83,85,-2,2
58853,69,68,1,1
58854,140,130,10,10
58855,87,82,5,5
58856,96,98,-2,2
58857,167,143,24,24
58858,72,72,0,0
58859,88,89,-1,1
58860,124,118,6,6
58861,91,98,-7,7
58862,51,57,-6,6
58863,87,71,16,16
58864,92,97,-5,5
58865,58,63,-5,5
58866,45,53,-8,8
58867,95,87,8,8
58868,134,122,12,12
58869,91,91,0,0
58870,121,112,9,9
58871,51,55,-4,4
58872,58,60,-2,2
58873,48,57,-9,9
58874,75,78,-3,3
58875,46,57,-11,11
58876,56,64,-8,8
58877,87,83,4,4
58878,47,67,-20,20
58879,88,95,-7,7
58880,112,103,9,9
58881,56,65,-9,9
58882,104,104,0,0
58883,61,62,-1,1
58884,96,98,-2,2
58885,113,104,9,9
58886,66,65,1,1
58887,153,155,-2,2
58888,115,120,-5,5
58889,100,103,-3,3
58890,73,72,1,1
58891,89,75,14,14
58892,101,109,-8,8
58893,82,95,-13,13
58894,89,100,-11,11
58895,94,100,-6,6
58896,93,87,6,6
58897,113,113,0,0
58898,129,126,3,3
58899,68,65,3,3
58900,68,64,4,4
58901,94,90,4,4
58902,157,147,10,10
58903,99,96,3,3
58904,54,63,-9,9
58905,123,116,7,7
58906,94,80,14,14
58907,183,180,3,3
58908,74,74,0,0
58909,59,63,-4,4
58910,173,161,12,12
58911,122,114,8,8
58912,75,73,2,2
58913,77,82,-5,5
58914,63,67,-4,4
58915,90,98,-8,8
58916,56,67,-11,11
58917,82,82,0,0
58918,86,108,-22,22
58919,149,148,1,1
58920,108,104,4,4
58921,73,73,0,0
58922,67,72,-5,5
58923,93,97,-4,4
58924,55,58,-3,3
58925,108,112,-4,4
58926,118,109,9,9
58927,30,39,-9,9
58928,70,57,13,13
58929,94,97,-3,3
58930,84,80,4,4
58931,77,75,2,2
58932,64,64,0,0
58933,103,104,-1,1
58934,93,114,-21,21
58935,91,84,7,7
58936,65,70,-5,5
58937,108,102,6,6
58938,117,107,10,10
58939,45,53,-8,8
58940,113,117,-4,4
58941,70,68,2,2
58942,75,98,-23,23
58943,79,79,0,0
58944,59,61,-2,2
58945,59,60,-1,1
58946,42,57,-15,15
58947,96,85,11,11
58948,109,101,8,8
58949,95,104,-9,9
58950,126,123,3,3
58951,89,94,-5,5
58952,99,102,-3,3
58953,145,145,0,0
58954,108,105,3,3
58955,84,84,0,0
58956,82,86,-4,4
58957,171,163,8,8
58958,103,95,8,8
58959,118,114,4,4
58960,180,162,18,18
58961,61,66,-5,5
58962,163,146,17,17
58963,135,147,-12,12
58964,152,139,13,13
58965,109,95,14,14
58966,61,68,-7,7
58967,108,113,-5,5
58968,181,191,-10,10
58969,104,108,-4,4
58970,105,101,4,4
58971,68,73,-5,5
58972,116,143,-27,27
58973,144,133,11,11
58974,85,79,6,6
58975,141,150,-9,9
58976,152,158,-6,6
58977,114,117,-3,3
58978,143,133,10,10
58979,155,149,6,6
58980,191,178,13,13
58981,102,96,6,6
58982,77,75,2,2
58983,97,104,-7,7
58984,85,96,-11,11
58985,82,76,6,6
58986,83,79,4,4
58987,64,67,-3,3
58988,135,132,3,3
58989,86,82,4,4
58990,59,59,0,0
58991,71,65,6,6
58992,65,57,8,8
58993,134,127,7,7
58994,85,86,-1,1
58995,159,154,5,5
58996,145,150,-5,5
58997,66,73,-7,7
58998,71,74,-3,3
58999,154,132,22,22
59000,159,167,-8,8
59001,50,58,-8,8
59002,95,104,-9,9
59003,81,77,4,4
59004,128,112,16,16
59005,79,76,3,3
59006,93,101,-8,8
59007,156,155,1,1
59008,107,105,2,2
59009,48,56,-8,8
59010,49,57,-8,8
59011,52,108,-56,56
59012,43,54,-11,11
59013,166,159,7,7
59014,59,63,-4,4
59015,97,93,4,4
59016,143,156,-13,13
59017,107,116,-9,9
59018,122,117,5,5
59019,77,73,4,4
59020,77,79,-2,2
59021,52,59,-7,7
59022,70,72,-2,2
59023,93,92,1,1
59024,93,109,-16,16
59025,110,116,-6,6
59026,53,60,-7,7
59027,67,66,1,1
59028,185,179,6,6
59029,90,77,13,13
59030,107,102,5,5
59031,148,153,-5,5
59032,119,124,-5,5
59033,95,107,-12,12
59034,112,100,12,12
59035,171,184,-13,13
59036,110,88,22,22
59037,76,84,-8,8
59038,99,96,3,3
59039,94,102,-8,8
59040,107,112,-5,5
59041,73,75,-2,2
59042,133,118,15,15
59043,70,77,-7,7
59044,80,69,11,11
59045,149,139,10,10
59046,78,61,17,17
59047,95,94,1,1
59048,79,85,-6,6
59049,42,59,-17,17
59050,73,69,4,4
59051,346,275,71,71
59052,70,47,23,23
59053,75,77,-2,2
59054,144,147,-3,3
59055,63,64,-1,1
59056,80,80,0,0
59057,124,112,12,12
59058,69,69,0,0
59059,99,98,1,1
59060,140,116,24,24
59061,117,114,3,3
59062,58,65,-7,7
59063,84,85,-1,1
59064,47,55,-8,8
59065,86,81,5,5
59066,52,62,-10,10
59067,77,80,-3,3
59068,69,72,-3,3
59069,107,104,3,3
59070,118,108,10,10
59071,81,95,-14,14
59072,109,101,8,8
59073,97,105,-8,8
59074,85,86,-1,1
59075,81,72,9,9
59076,65,63,2,2
59077,101,113,-12,12
59078,90,102,-12,12
59079,68,76,-8,8
59080,59,60,-1,1
59081,97,98,-1,1
59082,104,102,2,2
59083,52,56,-4,4
59084,58,64,-6,6
59085,64,72,-8,8
59086,92,89,3,3
59087,179,163,16,16
59088,112,103,9,9
59089,100,112,-12,12
59090,60,61,-1,1
59091,102,103,-1,1
59092,111,103,8,8
59093,100,95,5,5
59094,80,76,4,4
59095,89,83,6,6
59096,124,129,-5,5
59097,70,72,-2,2
59098,85,95,-10,10
59099,79,83,-4,4
59100,74,74,0,0
59101,66,69,-3,3
59102,75,79,-4,4
59103,83,86,-3,3
59104,65,73,-8,8
59105,119,119,0,0
59106,102,100,2,2
59107,81,84,-3,3
59108,77,79,-2,2
59109,81,79,2,2
59110,94,99,-5,5
59111,103,108,-5,5
59112,104,102,2,2
59113,118,104,14,14
59114,90,83,7,7
59115,71,75,-4,4
59116,114,110,4,4
59117,120,100,20,20
59118,85,80,5,5
59119,79,81,-2,2
59120,49,53,-4,4
59121,74,73,1,1
59122,99,98,1,1
59123,106,113,-7,7
59124,89,92,-3,3
59125,21,30,-9,9
59126,114,113,1,1
59127,90,103,-13,13
59128,129,123,6,6
59129,64,64,0,0
59130,44,54,-10,10
59131,150,132,18,18
59132,136,132,4,4
59133,119,122,-3,3
59134,68,76,-8,8
59135,87,98,-11,11
59136,66,72,-6,6
59137,103,105,-2,2
59138,117,115,2,2
59139,111,97,14,14
59140,112,87,25,25
59141,101,96,5,5
59142,143,144,-1,1
59143,81,80,1,1
59144,180,161,19,19
59145,61,64,-3,3
59146,131,128,3,3
59147,70,71,-1,1
59148,107,110,-3,3
59149,135,120,15,15
59150,92,87,5,5
59151,81,79,2,2
59152,108,104,4,4
59153,90,85,5,5
59154,86,76,10,10
59155,127,120,7,7
59156,47,57,-10,10
59157,130,125,5,5
59158,84,92,-8,8
59159,79,77,2,2
59160,91,92,-1,1
59161,120,114,6,6
59162,80,82,-2,2
59163,59,67,-8,8
59164,81,94,-13,13
59165,143,144,-1,1
59166,117,101,16,16
59167,143,138,5,5
59168,154,129,25,25
59169,57,65,-8,8
59170,69,67,2,2
59171,44,54,-10,10
59172,84,96,-12,12
59173,96,92,4,4
59174,80,77,3,3
59175,61,75,-14,14
59176,64,74,-10,10
59177,67,73,-6,6
59178,108,103,5,5
59179,87,90,-3,3
59180,87,86,1,1
59181,112,99,13,13
59182,147,144,3,3
59183,143,137,6,6
59184,124,113,11,11
59185,160,148,12,12
59186,109,111,-2,2
59187,71,68,3,3
59188,138,131,7,7
59189,76,75,1,1
59190,96,86,10,10
59191,94,94,0,0
59192,44,51,-7,7
59193,83,90,-7,7
59194,49,56,-7,7
59195,75,86,-11,11
59196,104,113,-9,9
59197,75,75,0,0
59198,93,94,-1,1
59199,96,102,-6,6
59200,81,91,-10,10
59201,80,77,3,3
59202,97,82,15,15
59203,65,71,-6,6
59204,46,58,-12,12
59205,79,82,-3,3
59206,88,85,3,3
59207,62,77,-15,15
59208,84,76,8,8
59209,70,72,-2,2
59210,129,131,-2,2
59211,104,77,27,27
59212,116,121,-5,5
59213,126,116,10,10
59214,95,101,-6,6
59215,66,67,-1,1
59216,81,77,4,4
59217,133,116,17,17
59218,95,99,-4,4
59219,151,139,12,12
59220,88,89,-1,1
59221,110,112,-2,2
59222,69,64,5,5
59223,106,100,6,6
59224,64,70,-6,6
59225,126,112,14,14
59226,41,52,-11,11
59227,97,97,0,0
59228,46,75,-29,29
59229,52,70,-18,18
59230,66,62,4,4
59231,81,77,4,4
59232,81,85,-4,4
59233,85,83,2,2
59234,35,36,-1,1
59235,118,110,8,8
59236,94,95,-1,1
59237,92,81,11,11
59238,55,61,-6,6
59239,99,97,2,2
59240,68,71,-3,3
59241,56,59,-3,3
59242,97,102,-5,5
59243,110,116,-6,6
59244,152,141,11,11
59245,40,53,-13,13
59246,52,66,-14,14
59247,169,175,-6,6
59248,160,145,15,15
59249,78,75,3,3
59250,77,90,-13,13
59251,40,52,-12,12
59252,93,114,-21,21
59253,115,109,6,6
59254,108,114,-6,6
59255,69,73,-4,4
59256,126,153,-27,27
59257,133,146,-13,13
59258,116,116,0,0
59259,76,89,-13,13
59260,42,52,-10,10
59261,74,79,-5,5
59262,145,139,6,6
59263,72,68,4,4
59264,103,113,-10,10
59265,67,72,-5,5
59266,139,122,17,17
59267,93,87,6,6
59268,112,111,1,1
59269,176,164,12,12
59270,70,71,-1,1
59271,158,133,25,25
59272,71,72,-1,1
59273,47,49,-2,2
59274,93,83,10,10
59275,57,70,-13,13
59276,75,72,3,3
59277,62,74,-12,12
59278,104,125,-21,21
59279,143,143,0,0
59280,83,79,4,4
59281,75,71,4,4
59282,92,90,2,2
59283,60,77,-17,17
59284,117,113,4,4
59285,64,69,-5,5
59286,61,66,-5,5
59287,87,76,11,11
59288,175,180,-5,5
59289,58,63,-5,5
59290,77,69,8,8
59291,96,79,17,17
59292,120,126,-6,6
59293,176,163,13,13
59294,132,127,5,5
59295,67,71,-4,4
59296,73,75,-2,2
59297,120,142,-22,22
59298,71,73,-2,2
59299,63,63,0,0
59300,74,71,3,3
59301,35,56,-21,21
59302,129,115,14,14
59303,132,136,-4,4
59304,75,79,-4,4
59305,122,113,9,9
59306,89,85,4,4
59307,90,83,7,7
59308,71,72,-1,1
59309,92,82,10,10
59310,184,167,17,17
59311,59,84,-25,25
59312,90,94,-4,4
59313,100,114,-14,14
59314,83,79,4,4
59315,83,85,-2,2
59316,78,78,0,0
59317,106,104,2,2
59318,107,112,-5,5
59319,45,56,-11,11
59320,82,85,-3,3
59321,85,95,-10,10
59322,109,93,16,16
59323,70,74,-4,4
59324,70,77,-7,7
59325,109,111,-2,2
59326,62,66,-4,4
59327,63,73,-10,10
59328,67,76,-9,9
59329,38,38,0,0
59330,45,47,-2,2
59331,111,101,10,10
59332,99,115,-16,16
59333,52,60,-8,8
59334,93,91,2,2
59335,103,117,-14,14
59336,86,85,1,1
59337,69,69,0,0
59338,52,79,-27,27
59339,215,186,29,29
59340,90,87,3,3
59341,54,61,-7,7
59342,110,105,5,5
59343,97,88,9,9
59344,150,119,31,31
59345,142,129,13,13
59346,57,71,-14,14
59347,116,112,4,4
59348,177,160,17,17
59349,109,110,-1,1
59350,78,77,1,1
59351,79,81,-2,2
59352,51,60,-9,9
59353,80,81,-1,1
59354,99,111,-12,12
59355,49,54,-5,5
59356,153,155,-2,2
59357,174,167,7,7
59358,100,101,-1,1
59359,147,130,17,17
59360,75,86,-11,11
59361,138,128,10,10
59362,78,76,2,2
59363,77,84,-7,7
59364,93,82,11,11
59365,148,139,9,9
59366,176,160,16,16
59367,74,73,1,1
59368,178,186,-8,8
59369,107,113,-6,6
59370,103,99,4,4
59371,125,117,8,8
59372,119,109,10,10
59373,98,99,-1,1
59374,69,65,4,4
59375,72,72,0,0
59376,81,93,-12,12
59377,54,64,-10,10
59378,110,110,0,0
59379,84,85,-1,1
59380,148,145,3,3
59381,61,59,2,2
59382,94,99,-5,5
59383,79,93,-14,14
59384,77,75,2,2
59385,83,84,-1,1
59386,102,88,14,14
59387,99,98,1,1
59388,104,101,3,3
59389,128,135,-7,7
59390,73,79,-6,6
59391,85,82,3,3
59392,123,133,-10,10
59393,87,93,-6,6
59394,135,121,14,14
59395,71,69,2,2
59396,81,98,-17,17
59397,64,63,1,1
59398,71,72,-1,1
59399,105,102,3,3
59400,59,59,0,0
59401,140,132,8,8
59402,161,157,4,4
59403,100,94,6,6
59404,89,89,0,0
59405,64,69,-5,5
59406,154,150,4,4
59407,167,131,36,36
59408,178,166,12,12
59409,88,77,11,11
59410,79,102,-23,23
59411,72,79,-7,7
59412,85,83,2,2
59413,92,95,-3,3
59414,71,80,-9,9
59415,60,70,-10,10
59416,66,64,2,2
59417,95,84,11,11
59418,82,79,3,3
59419,82,87,-5,5
59420,91,82,9,9
59421,121,109,12,12
59422,78,77,1,1
59423,148,140,8,8
59424,95,96,-1,1
59425,138,145,-7,7
59426,61,68,-7,7
59427,66,70,-4,4
59428,83,79,4,4
59429,61,70,-9,9
59430,60,62,-2,2
59431,56,58,-2,2
59432,127,122,5,5
59433,62,60,2,2
59434,133,131,2,2
59435,79,73,6,6
59436,123,103,20,20
59437,53,59,-6,6
59438,79,79,0,0
59439,126,112,14,14
59440,117,129,-12,12
59441,136,130,6,6
59442,81,104,-23,23
59443,105,126,-21,21
59444,118,124,-6,6
59445,66,70,-4,4
59446,59,57,2,2
59447,129,130,-1,1
59448,93,101,-8,8
59449,87,90,-3,3
59450,45,54,-9,9
59451,64,65,-1,1
59452,121,122,-1,1
59453,168,151,17,17
59454,81,72,9,9
59455,99,95,4,4
59456,117,104,13,13
59457,95,84,11,11
59458,66,71,-5,5
59459,122,115,7,7
59460,112,124,-12,12
59461,71,82,-11,11
59462,172,175,-3,3
59463,108,98,10,10
59464,85,84,1,1
59465,130,123,7,7
59466,64,65,-1,1
59467,74,79,-5,5
59468,63,65,-2,2
59469,145,142,3,3
59470,95,98,-3,3
59471,138,144,-6,6
59472,105,107,-2,2
59473,51,61,-10,10
59474,109,117,-8,8
59475,91,110,-19,19
59476,70,66,4,4
59477,129,125,4,4
59478,106,94,12,12
59479,82,77,5,5
59480,54,56,-2,2
59481,151,159,-8,8
59482,120,112,8,8
59483,151,149,2,2
59484,96,106,-10,10
59485,62,68,-6,6
59486,165,156,9,9
59487,138,126,12,12
59488,128,127,1,1
59489,80,72,8,8
59490,94,99,-5,5
59491,86,94,-8,8
59492,130,127,3,3
59493,154,144,10,10
59494,81,84,-3,3
59495,152,142,10,10
59496,52,68,-16,16
59497,65,67,-2,2
59498,109,91,18,18
59499,72,71,1,1
59500,103,99,4,4
59501,112,101,11,11
59502,65,75,-10,10
59503,77,84,-7,7
59504,189,191,-2,2
59505,178,170,8,8
59506,48,52,-4,4
59507,145,138,7,7
59508,47,65,-18,18
59509,146,141,5,5
59510,118,119,-1,1
59511,78,79,-1,1
59512,93,101,-8,8
59513,72,73,-1,1
59514,86,91,-5,5
59515,118,112,6,6
59516,87,85,2,2
59517,42,54,-12,12
59518,87,99,-12,12
59519,87,90,-3,3
59520,159,156,3,3
59521,96,98,-2,2
59522,50,58,-8,8
59523,76,95,-19,19
59524,111,115,-4,4
59525,140,132,8,8
59526,133,124,9,9
59527,89,101,-12,12
59528,94,98,-4,4
59529,60,59,1,1
59530,67,72,-5,5
59531,166,144,22,22
59532,74,80,-6,6
59533,88,90,-2,2
59534,113,112,1,1
59535,114,114,0,0
59536,98,90,8,8
59537,52,63,-11,11
59538,109,107,2,2
59539,51,57,-6,6
59540,92,89,3,3
59541,79,81,-2,2
59542,65,69,-4,4
59543,80,82,-2,2
59544,130,120,10,10
59545,90,95,-5,5
59546,108,97,11,11
59547,84,94,-10,10
59548,160,157,3,3
59549,53,58,-5,5
59550,62,72,-10,10
59551,65,76,-11,11
59552,65,69,-4,4
59553,61,63,-2,2
59554,35,43,-8,8
59555,113,109,4,4
59556,69,75,-6,6
59557,56,60,-4,4
59558,103,113,-10,10
59559,76,72,4,4
59560,106,114,-8,8
59561,157,154,3,3
59562,150,148,2,2
59563,79,78,1,1
59564,94,97,-3,3
59565,59,67,-8,8
59566,135,157,-22,22
59567,91,96,-5,5
59568,129,124,5,5
59569,80,84,-4,4
59570,58,59,-1,1
59571,96,84,12,12
59572,160,162,-2,2
59573,80,75,5,5
59574,55,60,-5,5
59575,101,97,4,4
59576,85,79,6,6
59577,68,74,-6,6
59578,95,112,-17,17
59579,110,112,-2,2
59580,75,73,2,2
59581,73,79,-6,6
59582,90,93,-3,3
59583,78,82,-4,4
59584,148,140,8,8
59585,94,93,1,1
59586,64,69,-5,5
59587,186,167,19,19
59588,40,51,-11,11
59589,74,75,-1,1
59590,140,132,8,8
59591,103,100,3,3
59592,179,149,30,30
59593,209,175,34,34
59594,114,116,-2,2
59595,44,61,-17,17
59596,84,79,5,5
59597,55,61,-6,6
59598,150,145,5,5
59599,64,63,1,1
59600,61,71,-10,10
59601,89,93,-4,4
59602,129,113,16,16
59603,61,66,-5,5
59604,125,113,12,12
59605,129,124,5,5
59606,94,99,-5,5
59607,86,77,9,9
59608,124,124,0,0
59609,45,50,-5,5
59610,131,121,10,10
59611,89,84,5,5
59612,140,146,-6,6
59613,85,89,-4,4
59614,178,178,0,0
59615,120,114,6,6
59616,135,126,9,9
59617,72,70,2,2
59618,45,52,-7,7
59619,63,66,-3,3
59620,62,73,-11,11
59621,87,87,0,0
59622,165,171,-6,6
59623,107,126,-19,19
59624,69,80,-11,11
59625,94,96,-2,2
59626,58,64,-6,6
59627,105,103,2,2
59628,115,113,2,2
59629,92,87,5,5
59630,80,77,3,3
59631,154,169,-15,15
59632,61,57,4,4
59633,115,112,3,3
59634,52,56,-4,4
59635,69,69,0,0
59636,58,67,-9,9
59637,92,97,-5,5
59638,56,64,-8,8
59639,94,108,-14,14
59640,70,75,-5,5
59641,126,103,23,23
59642,77,79,-2,2
59643,77,73,4,4
59644,160,159,1,1
59645,69,72,-3,3
59646,73,73,0,0
59647,72,76,-4,4
59648,72,72,0,0
59649,124,127,-3,3
59650,78,75,3,3
59651,81,80,1,1
59652,156,150,6,6
59653,67,64,3,3
59654,118,114,4,4
59655,79,73,6,6
59656,81,76,5,5
59657,87,79,8,8
59658,57,71,-14,14
59659,70,182,-112,112
59660,147,108,39,39
59661,141,130,11,11
59662,42,61,-19,19
59663,89,95,-6,6
59664,94,94,0,0
59665,103,105,-2,2
59666,100,103,-3,3
59667,56,59,-3,3
59668,85,80,5,5
59669,77,76,1,1
59670,89,88,1,1
59671,125,139,-14,14
59672,41,49,-8,8
59673,135,120,15,15
59674,70,85,-15,15
59675,51,54,-3,3
59676,86,94,-8,8
59677,100,101,-1,1
59678,103,106,-3,3
59679,62,66,-4,4
59680,153,137,16,16
59681,173,167,6,6
59682,137,149,-12,12
59683,107,98,9,9
59684,161,147,14,14
59685,139,141,-2,2
59686,62,59,3,3
59687,71,67,4,4
59688,104,127,-23,23
59689,115,112,3,3
59690,144,143,1,1
59691,76,79,-3,3
59692,168,162,6,6
59693,76,73,3,3
59694,78,83,-5,5
59695,94,123,-29,29
59696,92,88,4,4
59697,96,86,10,10
59698,131,120,11,11
59699,93,99,-6,6
59700,93,84,9,9
59701,60,70,-10,10
59702,78,68,10,10
59703,72,81,-9,9
59704,141,113,28,28
59705,116,111,5,5
59706,83,89,-6,6
59707,78,84,-6,6
59708,79,81,-2,2
59709,113,115,-2,2
59710,46,56,-10,10
59711,93,99,-6,6
59712,99,87,12,12
59713,103,115,-12,12
59714,98,84,14,14
59715,113,107,6,6
59716,121,140,-19,19
59717,58,65,-7,7
59718,92,89,3,3
59719,89,94,-5,5
59720,99,101,-2,2
59721,89,91,-2,2
59722,79,83,-4,4
59723,138,130,8,8
59724,79,78,1,1
59725,73,79,-6,6
59726,88,82,6,6
59727,73,84,-11,11
59728,95,98,-3,3
59729,104,108,-4,4
59730,77,72,5,5
59731,54,61,-7,7
59732,128,125,3,3
59733,88,90,-2,2
59734,89,84,5,5
59735,100,105,-5,5
59736,132,128,4,4
59737,73,79,-6,6
59738,69,75,-6,6
59739,88,78,10,10
59740,127,126,1,1
59741,135,136,-1,1
59742,71,72,-1,1
59743,133,129,4,4
59744,98,98,0,0
59745,96,84,12,12
59746,121,114,7,7
59747,110,100,10,10
59748,63,68,-5,5
59749,149,143,6,6
59750,75,90,-15,15
59751,61,75,-14,14
59752,203,180,23,23
59753,106,110,-4,4
59754,90,86,4,4
59755,111,97,14,14
59756,98,89,9,9
59757,70,87,-17,17
59758,77,72,5,5
59759,65,69,-4,4
59760,110,109,1,1
59761,82,93,-11,11
59762,135,129,6,6
59763,133,128,5,5
59764,93,90,3,3
59765,96,106,-10,10
59766,83,85,-2,2
59767,83,82,1,1
59768,114,103,11,11
59769,169,178,-9,9
59770,83,75,8,8
59771,87,84,3,3
59772,80,92,-12,12
59773,64,71,-7,7
59774,185,173,12,12
59775,110,101,9,9
59776,109,99,10,10
59777,52,57,-5,5
59778,103,99,4,4
59779,34,52,-18,18
59780,69,117,-48,48
59781,154,141,13,13
59782,149,145,4,4
59783,81,76,5,5
59784,81,81,0,0
59785,68,72,-4,4
59786,93,83,10,10
59787,57,59,-2,2
59788,129,126,3,3
59789,98,99,-1,1
59790,117,125,-8,8
59791,76,83,-7,7
59792,36,29,7,7
59793,130,125,5,5
59794,81,82,-1,1
59795,72,80,-8,8
59796,76,80,-4,4
59797,63,70,-7,7
59798,97,96,1,1
59799,61,67,-6,6
59800,85,83,2,2
59801,110,132,-22,22
59802,85,83,2,2
59803,77,91,-14,14
59804,127,117,10,10
59805,49,56,-7,7
59806,85,80,5,5
59807,83,92,-9,9
59808,132,137,-5,5
59809,136,138,-2,2
59810,73,72,1,1
59811,71,74,-3,3
59812,79,76,3,3
59813,88,98,-10,10
59814,70,127,-57,57
59815,75,72,3,3
59816,46,47,-1,1
59817,101,98,3,3
59818,128,141,-13,13
59819,92,84,8,8
59820,149,128,21,21
59821,122,91,31,31
59822,79,99,-20,20
59823,48,73,-25,25
59824,101,101,0,0
59825,94,90,4,4
59826,125,124,1,1
59827,91,100,-9,9
59828,78,78,0,0
59829,121,116,5,5
59830,166,147,19,19
59831,96,94,2,2
59832,124,149,-25,25
59833,159,149,10,10
59834,66,72,-6,6
59835,82,77,5,5
59836,75,76,-1,1
59837,59,58,1,1
59838,85,83,2,2
59839,99,86,13,13
59840,148,141,7,7
59841,109,100,9,9
59842,81,80,1,1
59843,99,93,6,6
59844,47,48,-1,1
59845,78,80,-2,2
59846,85,82,3,3
59847,76,84,-8,8
59848,54,51,3,3
59849,106,112,-6,6
59850,83,77,6,6
59851,66,68,-2,2
59852,47,64,-17,17
59853,60,68,-8,8
59854,109,109,0,0
59855,122,117,5,5
59856,92,87,5,5
59857,102,95,7,7
59858,130,138,-8,8
59859,104,100,4,4
59860,106,95,11,11
59861,74,75,-1,1
59862,149,149,0,0
59863,46,62,-16,16
59864,55,59,-4,4
59865,81,81,0,0
59866,86,92,-6,6
59867,159,149,10,10
59868,49,56,-7,7
59869,76,83,-7,7
59870,109,110,-1,1
59871,88,78,10,10
59872,66,70,-4,4
59873,95,96,-1,1
59874,123,114,9,9
59875,49,61,-12,12
59876,60,61,-1,1
59877,140,135,5,5
59878,72,68,4,4
59879,103,111,-8,8
59880,88,94,-6,6
59881,94,96,-2,2
59882,97,90,7,7
59883,112,112,0,0
59884,37,58,-21,21
59885,70,77,-7,7
59886,217,212,5,5
59887,159,145,14,14
59888,86,86,0,0
59889,116,117,-1,1
59890,76,72,4,4
59891,159,147,12,12
59892,102,98,4,4
59893,72,76,-4,4
59894,102,103,-1,1
59895,94,83,11,11
59896,56,58,-2,2
59897,136,141,-5,5
59898,78,76,2,2
59899,75,79,-4,4
59900,138,137,1,1
59901,79,77,2,2
59902,89,94,-5,5
59903,63,73,-10,10
59904,59,58,1,1
59905,127,125,2,2
59906,100,93,7,7
59907,60,67,-7,7
59908,100,98,2,2
59909,108,99,9,9
59910,152,144,8,8
59911,118,120,-2,2
59912,81,84,-3,3
59913,49,52,-3,3
59914,90,84,6,6
59915,97,95,2,2
59916,90,85,5,5
59917,138,131,7,7
59918,116,129,-13,13
59919,86,88,-2,2
59920,106,95,11,11
59921,155,143,12,12
59922,100,97,3,3
59923,66,69,-3,3
59924,84,81,3,3
59925,103,102,1,1
59926,56,64,-8,8
59927,100,92,8,8
59928,93,87,6,6
59929,135,136,-1,1
59930,32,38,-6,6
59931,93,106,-13,13
59932,107,129,-22,22
59933,62,70,-8,8
59934,59,64,-5,5
59935,91,92,-1,1
59936,75,82,-7,7
59937,73,73,0,0
59938,96,102,-6,6
59939,115,115,0,0
59940,63,69,-6,6
59941,85,101,-16,16
59942,72,82,-10,10
59943,158,175,-17,17
59944,91,84,7,7
59945,69,77,-8,8
59946,89,115,-26,26
59947,74,73,1,1
59948,104,254,-150,150
59949,49,60,-11,11
59950,99,95,4,4
59951,127,125,2,2
59952,73,80,-7,7
59953,49,61,-12,12
59954,87,87,0,0
59955,157,147,10,10
59956,80,88,-8,8
59957,144,122,22,22
59958,83,95,-12,12
59959,131,132,-1,1
59960,95,101,-6,6
59961,141,140,1,1
59962,89,106,-17,17
59963,59,58,1,1
59964,86,81,5,5
59965,118,117,1,1
59966,78,83,-5,5
59967,148,144,4,4
59968,59,60,-1,1
59969,104,111,-7,7
59970,85,81,4,4
59971,103,108,-5,5
59972,236,208,28,28
59973,66,80,-14,14
59974,50,69,-19,19
59975,77,72,5,5
59976,114,99,15,15
59977,85,83,2,2
59978,88,85,3,3
59979,74,73,1,1
59980,71,76,-5,5
59981,155,151,4,4
59982,62,70,-8,8
59983,100,93,7,7
59984,82,89,-7,7
59985,113,111,2,2
59986,104,103,1,1
59987,104,96,8,8
59988,105,128,-23,23
59989,153,147,6,6
59990,76,75,1,1
59991,85,76,9,9
59992,119,126,-7,7
59993,106,98,8,8
59994,73,82,-9,9
59995,137,123,14,14
59996,79,76,3,3
59997,186,184,2,2
59998,63,69,-6,6
59999,93,90,3,3
60000,126,136,-10,10
60001,70,70,0,0
60002,128,115,13,13
60003,61,66,-5,5
60004,83,76,7,7
60005,108,99,9,9
60006,87,94,-7,7
60007,97,102,-5,5
60008,62,67,-5,5
60009,129,126,3,3
60010,124,117,7,7
60011,63,68,-5,5
60012,138,129,9,9
60013,53,57,-4,4
60014,76,71,5,5
60015,138,142,-4,4
60016,123,126,-3,3
60017,57,61,-4,4
60018,83,79,4,4
60019,96,101,-5,5
60020,119,129,-10,10
60021,72,73,-1,1
60022,78,69,9,9
60023,106,99,7,7
60024,83,77,6,6
60025,71,69,2,2
60026,205,182,23,23
60027,59,68,-9,9
60028,57,58,-1,1
60029,90,87,3,3
60030,34,66,-32,32
60031,215,181,34,34
60032,85,86,-1,1
60033,158,157,1,1
60034,136,126,10,10
60035,55,52,3,3
60036,119,117,2,2
60037,109,145,-36,36
60038,57,62,-5,5
60039,92,86,6,6
60040,99,92,7,7
60041,95,96,-1,1
60042,74,69,5,5
60043,84,79,5,5
60044,107,101,6,6
60045,78,74,4,4
60046,64,69,-5,5
60047,66,75,-9,9
60048,88,83,5,5
60049,135,117,18,18
60050,139,131,8,8
60051,126,148,-22,22
60052,82,83,-1,1
60053,70,67,3,3
60054,81,86,-5,5
60055,60,65,-5,5
60056,56,59,-3,3
60057,131,127,4,4
60058,59,65,-6,6
60059,83,76,7,7
60060,145,142,3,3
60061,86,85,1,1
60062,102,103,-1,1
60063,77,80,-3,3
60064,136,121,15,15
60065,68,66,2,2
60066,81,76,5,5
60067,82,75,7,7
60068,85,81,4,4
60069,121,119,2,2
60070,69,70,-1,1
60071,56,64,-8,8
60072,170,156,14,14
60073,123,124,-1,1
60074,71,71,0,0
60075,77,79,-2,2
60076,140,134,6,6
60077,141,131,10,10
60078,98,98,0,0
60079,93,84,9,9
60080,69,79,-10,10
60081,104,102,2,2
60082,53,65,-12,12
60083,75,79,-4,4
60084,120,116,4,4
60085,86,100,-14,14
60086,98,93,5,5
60087,84,85,-1,1
60088,88,78,10,10
60089,113,112,1,1
60090,74,76,-2,2
60091,91,85,6,6
60092,149,132,17,17
60093,82,81,1,1
60094,84,77,7,7
60095,195,191,4,4
60096,117,123,-6,6
60097,120,124,-4,4
60098,180,169,11,11
60099,80,91,-11,11
60100,122,119,3,3
60101,135,128,7,7
60102,159,158,1,1
60103,107,111,-4,4
60104,76,80,-4,4
60105,85,86,-1,1
60106,87,80,7,7
60107,88,81,7,7
60108,41,51,-10,10
60109,78,77,1,1
60110,61,65,-4,4
60111,87,84,3,3
60112,129,116,13,13
60113,84,82,2,2
60114,142,130,12,12
60115,126,131,-5,5
60116,89,84,5,5
60117,74,70,4,4
60118,51,54,-3,3
60119,141,127,14,14
60120,83,78,5,5
60121,120,158,-38,38
60122,144,140,4,4
60123,67,76,-9,9
60124,82,85,-3,3
60125,67,73,-6,6
60126,85,84,1,1
60127,62,54,8,8
60128,106,101,5,5
60129,59,62,-3,3
60130,73,70,3,3
60131,145,142,3,3
60132,65,65,0,0
60133,72,71,1,1
60134,118,110,8,8
60135,105,118,-13,13
60136,71,71,0,0
60137,96,97,-1,1
60138,111,106,5,5
60139,73,92,-19,19
60140,88,80,8,8
60141,210,201,9,9
60142,104,99,5,5
60143,76,72,4,4
60144,43,57,-14,14
60145,110,101,9,9
60146,93,85,8,8
60147,114,112,2,2
60148,190,189,1,1
60149,87,88,-1,1
60150,85,77,8,8
60151,95,99,-4,4
60152,97,112,-15,15
60153,58,62,-4,4
60154,126,132,-6,6
60155,145,127,18,18
60156,61,70,-9,9
60157,113,98,15,15
60158,42,48,-6,6
60159,108,102,6,6
60160,93,84,9,9
60161,157,153,4,4
60162,75,77,-2,2
60163,59,66,-7,7
60164,101,88,13,13
60165,83,79,4,4
60166,95,92,3,3
60167,100,99,1,1
60168,69,69,0,0
60169,108,113,-5,5
60170,79,72,7,7
60171,105,102,3,3
60172,98,113,-15,15
60173,123,127,-4,4
60174,103,101,2,2
60175,158,149,9,9
60176,98,98,0,0
60177,128,123,5,5
60178,54,57,-3,3
60179,54,66,-12,12
60180,86,86,0,0
60181,119,120,-1,1
60182,67,68,-1,1
60183,114,113,1,1
60184,104,101,3,3
60185,81,83,-2,2
60186,84,79,5,5
60187,86,83,3,3
60188,93,98,-5,5
60189,75,72,3,3
60190,69,71,-2,2
60191,96,89,7,7
60192,117,118,-1,1
60193,164,152,12,12
60194,121,115,6,6
60195,93,88,5,5
60196,91,87,4,4
60197,144,138,6,6
60198,101,103,-2,2
60199,135,123,12,12
60200,102,104,-2,2
60201,83,83,0,0
60202,88,80,8,8
60203,101,108,-7,7
60204,102,105,-3,3
60205,102,112,-10,10
60206,105,100,5,5
60207,99,105,-6,6
60208,151,140,11,11
60209,67,74,-7,7
60210,164,143,21,21
60211,85,84,1,1
60212,89,95,-6,6
60213,59,62,-3,3
60214,94,84,10,10
60215,123,121,2,2
60216,79,105,-26,26
60217,74,74,0,0
60218,176,171,5,5
60219,59,69,-10,10
60220,100,101,-1,1
60221,123,126,-3,3
60222,104,108,-4,4
60223,145,150,-5,5
60224,97,102,-5,5
60225,175,163,12,12
60226,63,66,-3,3
60227,124,128,-4,4
60228,68,66,2,2
60229,139,126,13,13
60230,78,72,6,6
60231,79,75,4,4
60232,48,60,-12,12
60233,141,143,-2,2
60234,136,125,11,11
60235,123,129,-6,6
60236,85,84,1,1
60237,128,122,6,6
60238,97,94,3,3
60239,63,67,-4,4
60240,141,148,-7,7
60241,87,85,2,2
60242,93,104,-11,11
60243,54,58,-4,4
60244,133,119,14,14
60245,50,60,-10,10
60246,71,71,0,0
60247,75,76,-1,1
60248,165,162,3,3
60249,64,69,-5,5
60250,95,83,12,12
60251,65,63,2,2
60252,106,102,4,4
60253,91,79,12,12
60254,70,82,-12,12
60255,124,123,1,1
60256,48,59,-11,11
60257,74,75,-1,1
60258,64,64,0,0
60259,104,100,4,4
60260,82,81,1,1
60261,82,83,-1,1
60262,147,149,-2,2
60263,123,105,18,18
60264,81,84,-3,3
60265,146,151,-5,5
60266,88,85,3,3
60267,78,78,0,0
60268,118,125,-7,7
60269,160,157,3,3
60270,176,167,9,9
60271,133,119,14,14
60272,122,117,5,5
60273,74,77,-3,3
60274,75,77,-2,2
60275,116,122,-6,6
60276,116,115,1,1
60277,126,120,6,6
60278,53,59,-6,6
60279,58,83,-25,25
60280,169,163,6,6
60281,100,110,-10,10
60282,56,62,-6,6
60283,63,73,-10,10
60284,58,63,-5,5
60285,56,70,-14,14
60286,131,142,-11,11
60287,74,69,5,5
60288,143,135,8,8
60289,127,132,-5,5
60290,98,101,-3,3
60291,60,59,1,1
60292,65,84,-19,19
60293,76,69,7,7
60294,72,74,-2,2
60295,83,83,0,0
60296,41,50,-9,9
60297,91,84,7,7
60298,125,127,-2,2
60299,119,128,-9,9
60300,92,80,12,12
60301,100,113,-13,13
60302,125,122,3,3
60303,95,98,-3,3
60304,108,107,1,1
60305,118,114,4,4
60306,124,139,-15,15
60307,31,30,1,1
60308,175,177,-2,2
60309,122,122,0,0
60310,117,127,-10,10
60311,30,53,-23,23
60312,184,169,15,15
60313,93,87,6,6
60314,98,98,0,0
60315,82,79,3,3
60316,91,87,4,4
60317,67,76,-9,9
60318,103,79,24,24
60319,127,130,-3,3
60320,64,68,-4,4
60321,70,80,-10,10
60322,68,71,-3,3
60323,87,105,-18,18
60324,103,102,1,1
60325,91,90,1,1
60326,77,73,4,4
60327,70,66,4,4
60328,90,94,-4,4
60329,64,68,-4,4
60330,53,60,-7,7
60331,87,78,9,9
60332,112,103,9,9
60333,91,86,5,5
60334,132,130,2,2
60335,116,115,1,1
60336,99,102,-3,3
60337,80,76,4,4
60338,125,127,-2,2
60339,83,79,4,4
60340,123,127,-4,4
60341,126,122,4,4
60342,114,116,-2,2
60343,139,131,8,8
60344,135,142,-7,7
60345,61,61,0,0
60346,70,75,-5,5
60347,112,105,7,7
60348,79,81,-2,2
60349,58,69,-11,11
60350,131,143,-12,12
60351,154,148,6,6
60352,85,86,-1,1
60353,116,104,12,12
60354,71,76,-5,5
60355,62,73,-11,11
60356,72,78,-6,6
60357,137,142,-5,5
60358,152,152,0,0
60359,85,81,4,4
60360,63,69,-6,6
60361,67,62,5,5
60362,108,114,-6,6
60363,120,127,-7,7
60364,103,99,4,4
60365,96,103,-7,7
60366,108,113,-5,5
60367,49,108,-59,59
60368,83,88,-5,5
60369,91,84,7,7
60370,112,105,7,7
60371,148,140,8,8
60372,110,120,-10,10
60373,90,89,1,1
60374,71,65,6,6
60375,95,106,-11,11
60376,78,74,4,4
60377,102,108,-6,6
60378,99,95,4,4
60379,71,72,-1,1
60380,103,103,0,0
60381,75,78,-3,3
60382,128,128,0,0
60383,37,52,-15,15
60384,82,79,3,3
60385,82,92,-10,10
60386,105,110,-5,5
60387,96,92,4,4
60388,57,56,1,1
60389,135,138,-3,3
60390,87,85,2,2
60391,75,83,-8,8
60392,75,87,-12,12
60393,127,119,8,8
60394,105,106,-1,1
60395,61,63,-2,2
60396,66,97,-31,31
60397,140,134,6,6
60398,129,130,-1,1
60399,150,133,17,17
60400,109,104,5,5
60401,115,125,-10,10
60402,118,116,2,2
60403,58,60,-2,2
60404,79,71,8,8
60405,28,29,-1,1
60406,173,155,18,18
60407,89,94,-5,5
60408,95,84,11,11
60409,71,77,-6,6
60410,87,90,-3,3
60411,77,72,5,5
60412,106,107,-1,1
60413,88,95,-7,7
60414,74,77,-3,3
60415,66,83,-17,17
60416,64,79,-15,15
60417,115,119,-4,4
60418,59,63,-4,4
60419,142,129,13,13
60420,73,66,7,7
60421,138,129,9,9
60422,110,106,4,4
60423,81,86,-5,5
60424,143,161,-18,18
60425,137,124,13,13
60426,177,167,10,10
60427,100,104,-4,4
60428,112,115,-3,3
60429,136,145,-9,9
60430,48,55,-7,7
60431,112,127,-15,15
60432,115,117,-2,2
60433,134,135,-1,1
60434,97,104,-7,7
60435,86,83,3,3
60436,115,111,4,4
60437,80,76,4,4
60438,157,147,10,10
60439,59,61,-2,2
60440,118,119,-1,1
60441,64,74,-10,10
60442,123,116,7,7
60443,70,75,-5,5
60444,60,68,-8,8
60445,76,86,-10,10
60446,161,153,8,8
60447,129,142,-13,13
60448,66,68,-2,2
60449,104,95,9,9
60450,86,80,6,6
60451,53,56,-3,3
60452,76,74,2,2
60453,202,177,25,25
60454,81,76,5,5
60455,136,136,0,0
60456,80,72,8,8
60457,54,59,-5,5
60458,71,69,2,2
60459,37,45,-8,8
60460,92,91,1,1
60461,81,81,0,0
60462,94,115,-21,21
60463,116,113,3,3
60464,89,94,-5,5
60465,123,114,9,9
60466,95,88,7,7
60467,114,112,2,2
60468,134,135,-1,1
60469,153,151,2,2
60470,82,82,0,0
60471,104,98,6,6
60472,101,111,-10,10
60473,73,68,5,5
60474,121,123,-2,2
60475,147,128,19,19
60476,70,78,-8,8
60477,126,123,3,3
60478,284,251,33,33
60479,124,130,-6,6
60480,107,106,1,1
60481,78,78,0,0
60482,116,114,2,2
60483,139,129,10,10
60484,127,123,4,4
60485,61,69,-8,8
60486,56,62,-6,6
60487,105,102,3,3
60488,68,74,-6,6
60489,101,96,5,5
60490,64,63,1,1
60491,70,73,-3,3
60492,129,127,2,2
60493,86,81,5,5
60494,71,69,2,2
60495,57,132,-75,75
60496,63,80,-17,17
60497,100,94,6,6
60498,138,145,-7,7
60499,143,134,9,9
60500,123,118,5,5
60501,114,119,-5,5
60502,69,71,-2,2
60503,71,72,-1,1
60504,65,60,5,5
60505,94,104,-10,10
60506,73,78,-5,5
60507,77,79,-2,2
60508,68,71,-3,3
60509,126,138,-12,12
60510,133,126,7,7
60511,111,123,-12,12
60512,80,82,-2,2
60513,74,80,-6,6
60514,91,87,4,4
60515,111,119,-8,8
60516,100,100,0,0
60517,191,167,24,24
60518,124,113,11,11
60519,55,60,-5,5
60520,113,102,11,11
60521,34,42,-8,8
60522,108,101,7,7
60523,74,72,2,2
60524,163,146,17,17
60525,135,119,16,16
60526,86,99,-13,13
60527,122,115,7,7
60528,135,129,6,6
60529,68,79,-11,11
60530,75,74,1,1
60531,127,135,-8,8
60532,65,68,-3,3
60533,83,84,-1,1
60534,103,97,6,6
60535,79,77,2,2
60536,77,77,0,0
60537,116,119,-3,3
60538,123,118,5,5
60539,70,69,1,1
60540,66,73,-7,7
60541,102,110,-8,8
60542,108,128,-20,20
60543,64,60,4,4
60544,116,126,-10,10
60545,154,161,-7,7
60546,78,79,-1,1
60547,97,100,-3,3
60548,64,71,-7,7
60549,109,106,3,3
60550,109,102,7,7
60551,110,116,-6,6
60552,124,116,8,8
60553,50,56,-6,6
60554,75,72,3,3
60555,112,117,-5,5
60556,72,79,-7,7
60557,113,110,3,3
60558,70,80,-10,10
60559,112,85,27,27
60560,71,71,0,0
60561,117,116,1,1
60562,88,83,5,5
60563,88,80,8,8
60564,96,83,13,13
60565,114,115,-1,1
60566,46,61,-15,15
60567,82,88,-6,6
60568,77,77,0,0
60569,68,80,-12,12
60570,79,90,-11,11
60571,78,77,1,1
60572,48,56,-8,8
60573,55,64,-9,9
60574,110,112,-2,2
60575,106,102,4,4
60576,88,81,7,7
60577,90,101,-11,11
60578,84,96,-12,12
60579,78,88,-10,10
60580,108,114,-6,6
60581,52,64,-12,12
60582,162,141,21,21
60583,46,53,-7,7
60584,100,108,-8,8
60585,95,93,2,2
60586,138,139,-1,1
60587,53,59,-6,6
60588,100,93,7,7
60589,93,89,4,4
60590,90,112,-22,22
60591,103,105,-2,2
60592,92,84,8,8
60593,52,54,-2,2
60594,104,103,1,1
60595,49,58,-9,9
60596,82,78,4,4
60597,104,99,5,5
60598,167,166,1,1
60599,58,69,-11,11
60600,79,79,0,0
60601,75,69,6,6
60602,70,76,-6,6
60603,78,80,-2,2
60604,70,71,-1,1
60605,130,133,-3,3
60606,90,99,-9,9
60607,68,72,-4,4
60608,97,107,-10,10
60609,83,84,-1,1
60610,51,63,-12,12
60611,70,75,-5,5
60612,35,59,-24,24
60613,24,30,-6,6
60614,113,99,14,14
60615,133,125,8,8
60616,90,96,-6,6
60617,84,80,4,4
60618,86,83,3,3
60619,63,67,-4,4
60620,51,59,-8,8
60621,153,141,12,12
60622,113,113,0,0
60623,47,56,-9,9
60624,111,102,9,9
60625,67,65,2,2
60626,51,66,-15,15
60627,57,66,-9,9
60628,67,63,4,4
60629,149,143,6,6
60630,71,70,1,1
60631,100,114,-14,14
60632,94,101,-7,7
60633,61,62,-1,1
60634,100,91,9,9
60635,147,145,2,2
60636,92,92,0,0
60637,79,84,-5,5
60638,95,100,-5,5
60639,155,157,-2,2
60640,88,79,9,9
60641,149,163,-14,14
60642,128,126,2,2
60643,73,63,10,10
60644,124,116,8,8
60645,78,83,-5,5
60646,73,74,-1,1
60647,104,99,5,5
60648,124,111,13,13
60649,65,72,-7,7
60650,98,100,-2,2
60651,100,99,1,1
60652,79,74,5,5
60653,216,192,24,24
60654,77,79,-2,2
60655,64,77,-13,13
60656,43,46,-3,3
60657,124,114,10,10
60658,87,85,2,2
60659,98,94,4,4
60660,91,84,7,7
60661,81,80,1,1
60662,109,120,-11,11
60663,61,78,-17,17
60664,86,93,-7,7
60665,126,119,7,7
60666,85,79,6,6
60667,94,113,-19,19
60668,68,70,-2,2
60669,77,74,3,3
60670,72,72,0,0
60671,107,113,-6,6
60672,83,80,3,3
60673,116,114,2,2
60674,59,62,-3,3
60675,53,58,-5,5
60676,137,138,-1,1
60677,128,116,12,12
60678,97,98,-1,1
60679,97,100,-3,3
60680,75,74,1,1
60681,107,100,7,7
60682,96,92,4,4
60683,139,129,10,10
60684,62,64,-2,2
60685,90,84,6,6
60686,104,109,-5,5
60687,124,117,7,7
60688,107,98,9,9
60689,124,130,-6,6
60690,105,100,5,5
60691,134,139,-5,5
60692,122,114,8,8
60693,70,77,-7,7
60694,152,153,-1,1
60695,95,93,2,2
60696,67,84,-17,17
60697,109,106,3,3
60698,170,210,-40,40
60699,80,82,-2,2
60700,88,82,6,6
60701,131,103,28,28
60702,84,82,2,2
60703,97,101,-4,4
60704,149,130,19,19
60705,79,84,-5,5
60706,93,108,-15,15
60707,81,84,-3,3
60708,125,125,0,0
60709,82,79,3,3
60710,79,78,1,1
60711,65,57,8,8
60712,95,96,-1,1
60713,111,117,-6,6
60714,113,108,5,5
60715,119,122,-3,3
60716,68,72,-4,4
60717,135,111,24,24
60718,102,91,11,11
60719,96,112,-16,16
60720,107,109,-2,2
60721,86,82,4,4
60722,158,133,25,25
60723,141,130,11,11
60724,129,129,0,0
60725,49,52,-3,3
60726,149,143,6,6
60727,114,116,-2,2
60728,40,45,-5,5
60729,55,63,-8,8
60730,85,80,5,5
60731,65,67,-2,2
60732,97,107,-10,10
60733,148,142,6,6
60734,141,128,13,13
60735,69,65,4,4
60736,80,83,-3,3
60737,158,142,16,16
60738,75,80,-5,5
60739,88,86,2,2
60740,110,107,3,3
60741,82,85,-3,3
60742,58,71,-13,13
60743,76,75,1,1
60744,48,58,-10,10
60745,106,94,12,12
60746,108,108,0,0
60747,191,175,16,16
60748,100,97,3,3
60749,58,63,-5,5
60750,117,117,0,0
60751,233,192,41,41
60752,78,81,-3,3
60753,83,76,7,7
60754,66,69,-3,3
60755,55,58,-3,3
60756,77,84,-7,7
60757,102,101,1,1
60758,62,65,-3,3
60759,71,73,-2,2
60760,139,136,3,3
60761,132,133,-1,1
60762,94,100,-6,6
60763,107,113,-6,6
60764,60,73,-13,13
60765,94,111,-17,17
60766,72,64,8,8
60767,86,83,3,3
60768,75,83,-8,8
60769,87,89,-2,2
60770,148,132,16,16
60771,120,114,6,6
60772,68,72,-4,4
60773,81,76,5,5
60774,222,213,9,9
60775,68,68,0,0
60776,103,111,-8,8
60777,133,112,21,21
60778,135,115,20,20
60779,97,95,2,2
60780,56,62,-6,6
60781,73,71,2,2
60782,110,115,-5,5
60783,116,115,1,1
60784,46,43,3,3
60785,119,112,7,7
60786,42,47,-5,5
60787,71,82,-11,11
60788,80,67,13,13
60789,87,89,-2,2
60790,73,74,-1,1
60791,99,96,3,3
60792,36,47,-11,11
60793,70,71,-1,1
60794,55,59,-4,4
60795,104,100,4,4
60796,135,136,-1,1
60797,103,98,5,5
60798,83,85,-2,2
60799,87,77,10,10
60800,78,75,3,3
60801,68,76,-8,8
60802,70,78,-8,8
60803,112,104,8,8
60804,99,101,-2,2
60805,103,102,1,1
60806,87,84,3,3
60807,105,102,3,3
60808,94,95,-1,1
60809,185,173,12,12
60810,167,162,5,5
60811,67,74,-7,7
60812,98,82,16,16
60813,109,110,-1,1
60814,139,136,3,3
60815,88,83,5,5
60816,117,112,5,5
60817,101,112,-11,11
60818,124,130,-6,6
60819,182,154,28,28
60820,198,174,24,24
60821,115,114,1,1
60822,92,96,-4,4
60823,77,73,4,4
60824,104,103,1,1
60825,75,73,2,2
60826,93,79,14,14
60827,173,171,2,2
60828,121,125,-4,4
60829,141,121,20,20
60830,66,81,-15,15
60831,72,68,4,4
60832,104,111,-7,7
60833,103,100,3,3
60834,81,80,1,1
60835,122,110,12,12
60836,131,122,9,9
60837,58,63,-5,5
60838,106,110,-4,4
60839,119,109,10,10
60840,57,60,-3,3
60841,77,75,2,2
60842,67,64,3,3
60843,85,80,5,5
60844,62,69,-7,7
60845,140,134,6,6
60846,72,79,-7,7
60847,125,126,-1,1
60848,166,157,9,9
60849,133,122,11,11
60850,101,80,21,21
60851,156,147,9,9
60852,68,72,-4,4
60853,70,70,0,0
60854,127,122,5,5
60855,89,83,6,6
60856,111,98,13,13
60857,154,132,22,22
60858,91,84,7,7
60859,59,66,-7,7
60860,105,102,3,3
60861,108,127,-19,19
60862,87,101,-14,14
60863,143,136,7,7
60864,88,88,0,0
60865,83,87,-4,4
60866,105,98,7,7
60867,96,102,-6,6
60868,95,90,5,5
60869,104,113,-9,9
60870,97,114,-17,17
60871,111,115,-4,4
60872,93,87,6,6
60873,54,57,-3,3
60874,90,94,-4,4
60875,52,58,-6,6
60876,85,87,-2,2
60877,114,113,1,1
60878,152,160,-8,8
60879,79,71,8,8
60880,118,125,-7,7
60881,85,77,8,8
60882,94,89,5,5
60883,49,59,-10,10
60884,56,61,-5,5
60885,156,145,11,11
60886,55,56,-1,1
60887,116,115,1,1
60888,84,85,-1,1
60889,105,103,2,2
60890,122,116,6,6
60891,80,84,-4,4
60892,89,76,13,13
60893,117,110,7,7
60894,50,56,-6,6
60895,65,73,-8,8
60896,115,115,0,0
60897,78,76,2,2
60898,112,117,-5,5
60899,84,77,7,7
60900,144,145,-1,1
60901,95,91,4,4
60902,125,124,1,1
60903,115,129,-14,14
60904,76,74,2,2
60905,119,116,3,3
60906,133,149,-16,16
60907,90,82,8,8
60908,112,114,-2,2
60909,76,75,1,1
60910,147,141,6,6
60911,55,62,-7,7
60912,131,120,11,11
60913,116,108,8,8
60914,84,82,2,2
60915,72,74,-2,2
60916,73,75,-2,2
60917,43,54,-11,11
60918,73,74,-1,1
60919,82,91,-9,9
60920,56,64,-8,8
60921,99,92,7,7
60922,105,105,0,0
60923,79,91,-12,12
60924,138,126,12,12
60925,111,119,-8,8
60926,36,47,-11,11
60927,138,128,10,10
60928,89,96,-7,7
60929,93,83,10,10
60930,132,132,0,0
60931,108,101,7,7
60932,66,69,-3,3
60933,71,74,-3,3
60934,65,64,1,1
60935,200,186,14,14
60936,72,109,-37,37
60937,232,232,0,0
60938,75,76,-1,1
60939,186,166,20,20
60940,125,118,7,7
60941,95,107,-12,12
60942,203,154,49,49
60943,176,156,20,20
60944,129,128,1,1
60945,76,77,-1,1
60946,143,141,2,2
60947,49,54,-5,5
60948,92,90,2,2
60949,92,87,5,5
60950,75,88,-13,13
60951,105,98,7,7
60952,155,131,24,24
60953,95,103,-8,8
60954,86,95,-9,9
60955,132,123,9,9
60956,46,58,-12,12
60957,69,76,-7,7
60958,58,72,-14,14
60959,140,129,11,11
60960,70,67,3,3
60961,89,89,0,0
60962,84,71,13,13
60963,124,121,3,3
60964,71,72,-1,1
60965,127,124,3,3
60966,69,71,-2,2
60967,111,105,6,6
60968,125,125,0,0
60969,85,91,-6,6
60970,76,77,-1,1
60971,85,92,-7,7
60972,55,60,-5,5
60973,92,94,-2,2
60974,182,165,17,17
60975,89,86,3,3
60976,102,97,5,5
60977,113,114,-1,1
60978,131,137,-6,6
60979,133,145,-12,12
60980,98,95,3,3
60981,154,137,17,17
60982,99,96,3,3
60983,114,113,1,1
60984,110,104,6,6
60985,125,109,16,16
60986,52,67,-15,15
60987,42,43,-1,1
60988,80,76,4,4
60989,83,82,1,1
60990,143,136,7,7
60991,56,61,-5,5
60992,131,126,5,5
60993,112,126,-14,14
60994,110,109,1,1
60995,104,99,5,5
60996,71,72,-1,1
60997,36,35,1,1
60998,57,63,-6,6
60999,72,81,-9,9
61000,119,105,14,14
61001,194,177,17,17
61002,107,101,6,6
61003,123,121,2,2
61004,87,80,7,7
61005,157,152,5,5
61006,75,77,-2,2
61007,94,98,-4,4
61008,85,84,1,1
61009,85,87,-2,2
61010,44,55,-11,11
61011,78,83,-5,5
61012,97,80,17,17
61013,34,57,-23,23
61014,38,36,2,2
61015,93,91,2,2
61016,113,113,0,0
61017,130,120,10,10
61018,46,50,-4,4
61019,94,99,-5,5
61020,144,131,13,13
61021,60,64,-4,4
61022,110,112,-2,2
61023,78,83,-5,5
61024,172,162,10,10
61025,117,129,-12,12
61026,60,74,-14,14
61027,114,102,12,12
61028,136,147,-11,11
61029,130,137,-7,7
61030,140,129,11,11
61031,58,66,-8,8
61032,87,80,7,7
61033,154,145,9,9
61034,84,84,0,0
61035,78,74,4,4
61036,224,261,-37,37
61037,77,74,3,3
61038,114,113,1,1
61039,64,70,-6,6
61040,145,138,7,7
61041,62,65,-3,3
61042,123,126,-3,3
61043,126,125,1,1
61044,59,73,-14,14
61045,59,71,-12,12
61046,65,79,-14,14
61047,81,86,-5,5
61048,104,97,7,7
61049,94,97,-3,3
61050,131,129,2,2
61051,60,61,-1,1
61052,111,104,7,7
61053,159,143,16,16
61054,145,143,2,2
61055,67,66,1,1
61056,114,113,1,1
61057,82,77,5,5
61058,93,96,-3,3
61059,53,64,-11,11
61060,83,90,-7,7
61061,101,103,-2,2
61062,112,124,-12,12
61063,71,66,5,5
61064,86,80,6,6
61065,49,100,-51,51
61066,59,62,-3,3
61067,125,114,11,11
61068,157,156,1,1
61069,90,92,-2,2
61070,160,163,-3,3
61071,128,113,15,15
61072,78,80,-2,2
61073,153,152,1,1
61074,87,109,-22,22
61075,133,125,8,8
61076,96,102,-6,6
61077,88,99,-11,11
61078,69,77,-8,8
61079,150,161,-11,11
61080,134,123,11,11
61081,122,118,4,4
61082,91,94,-3,3
61083,156,143,13,13
61084,76,77,-1,1
61085,44,50,-6,6
61086,117,121,-4,4
61087,110,108,2,2
61088,101,84,17,17
61089,81,76,5,5
61090,52,59,-7,7
61091,164,160,4,4
61092,40,45,-5,5
61093,80,84,-4,4
61094,129,120,9,9
61095,131,119,12,12
61096,87,88,-1,1
61097,79,76,3,3
61098,110,111,-1,1
61099,120,112,8,8
61100,100,122,-22,22
61101,113,113,0,0
61102,97,118,-21,21
61103,75,71,4,4
61104,85,95,-10,10
61105,49,53,-4,4
61106,103,113,-10,10
61107,177,170,7,7
61108,94,97,-3,3
61109,130,125,5,5
61110,72,77,-5,5
61111,158,153,5,5
61112,47,58,-11,11
61113,74,86,-12,12
61114,101,108,-7,7
61115,51,62,-11,11
61116,83,83,0,0
61117,142,141,1,1
61118,58,67,-9,9
61119,83,86,-3,3
61120,45,50,-5,5
61121,138,134,4,4
61122,152,143,9,9
61123,101,109,-8,8
61124,77,72,5,5
61125,52,77,-25,25
61126,89,80,9,9
61127,149,136,13,13
61128,78,72,6,6
61129,146,144,2,2
61130,122,126,-4,4
61131,88,80,8,8
61132,131,129,2,2
61133,67,71,-4,4
61134,107,95,12,12
61135,139,146,-7,7
61136,164,153,11,11
61137,134,127,7,7
61138,71,72,-1,1
61139,87,79,8,8
61140,68,71,-3,3
61141,56,107,-51,51
61142,118,124,-6,6
61143,101,100,1,1
61144,75,77,-2,2
61145,127,137,-10,10
61146,85,85,0,0
61147,57,73,-16,16
61148,37,52,-15,15
61149,116,115,1,1
61150,108,103,5,5
61151,137,133,4,4
61152,58,64,-6,6
61153,67,88,-21,21
61154,106,108,-2,2
61155,132,119,13,13
61156,102,97,5,5
61157,115,119,-4,4
61158,85,85,0,0
61159,107,110,-3,3
61160,49,58,-9,9
61161,139,153,-14,14
61162,126,131,-5,5
61163,135,144,-9,9
61164,69,65,4,4
61165,88,78,10,10
61166,117,113,4,4
61167,77,73,4,4
61168,51,63,-12,12
61169,92,103,-11,11
61170,80,86,-6,6
61171,82,79,3,3
61172,157,155,2,2
61173,83,83,0,0
61174,136,125,11,11
61175,147,136,11,11
61176,49,56,-7,7
61177,86,84,2,2
61178,125,115,10,10
61179,73,70,3,3
61180,99,112,-13,13
61181,102,106,-4,4
61182,101,103,-2,2
61183,109,102,7,7
61184,126,124,2,2
61185,142,126,16,16
61186,62,65,-3,3
61187,113,112,1,1
61188,149,129,20,20
61189,61,61,0,0
61190,66,74,-8,8
61191,122,115,7,7
61192,89,87,2,2
61193,76,77,-1,1
61194,74,86,-12,12
61195,61,69,-8,8
61196,44,56,-12,12
61197,107,122,-15,15
61198,104,100,4,4
61199,109,109,0,0
61200,140,130,10,10
61201,43,55,-12,12
61202,40,48,-8,8
61203,223,202,21,21
61204,95,92,3,3
61205,47,58,-11,11
61206,71,69,2,2
61207,121,105,16,16
61208,119,125,-6,6
61209,135,132,3,3
61210,78,73,5,5
61211,96,85,11,11
61212,71,71,0,0
61213,71,80,-9,9
61214,108,129,-21,21
61215,64,66,-2,2
61216,169,182,-13,13
61217,80,80,0,0
61218,78,79,-1,1
61219,100,96,4,4
61220,90,85,5,5
61221,108,103,5,5
61222,84,86,-2,2
61223,150,145,5,5
61224,91,101,-10,10
61225,55,72,-17,17
61226,83,82,1,1
61227,119,158,-39,39
61228,86,85,1,1
61229,101,107,-6,6
61230,89,78,11,11
61231,80,85,-5,5
61232,116,112,4,4
61233,146,147,-1,1
61234,64,76,-12,12
61235,175,169,6,6
61236,139,137,2,2
61237,79,75,4,4
61238,120,114,6,6
61239,84,94,-10,10
61240,132,129,3,3
61241,71,73,-2,2
61242,104,96,8,8
61243,60,67,-7,7
61244,171,158,13,13
61245,93,95,-2,2
61246,132,129,3,3
61247,55,60,-5,5
61248,74,62,12,12
61249,126,115,11,11
61250,75,81,-6,6
61251,45,64,-19,19
61252,95,96,-1,1
61253,154,136,18,18
61254,143,131,12,12
61255,111,114,-3,3
61256,97,103,-6,6
61257,203,228,-25,25
61258,42,44,-2,2
61259,49,55,-6,6
61260,111,112,-1,1
61261,76,68,8,8
61262,79,76,3,3
61263,70,78,-8,8
61264,57,56,1,1
61265,60,51,9,9
61266,119,120,-1,1
61267,76,79,-3,3
61268,72,70,2,2
61269,124,106,18,18
61270,138,116,22,22
61271,118,119,-1,1
61272,119,113,6,6
61273,94,82,12,12
61274,113,129,-16,16
61275,69,84,-15,15
61276,106,101,5,5
61277,41,55,-14,14
61278,88,79,9,9
61279,124,133,-9,9
61280,51,60,-9,9
61281,70,81,-11,11
61282,112,113,-1,1
61283,100,99,1,1
61284,143,136,7,7
61285,87,98,-11,11
61286,61,67,-6,6
61287,64,70,-6,6
61288,130,140,-10,10
61289,81,80,1,1
61290,73,69,4,4
61291,47,50,-3,3
61292,99,114,-15,15
61293,95,93,2,2
61294,105,106,-1,1
61295,126,125,1,1
61296,108,101,7,7
61297,67,72,-5,5
61298,72,80,-8,8
61299,65,66,-1,1
61300,109,107,2,2
61301,52,60,-8,8
61302,122,114,8,8
61303,59,67,-8,8
61304,117,126,-9,9
61305,79,73,6,6
61306,46,53,-7,7
61307,64,74,-10,10
61308,71,82,-11,11
61309,60,65,-5,5
61310,70,72,-2,2
61311,114,113,1,1
61312,101,105,-4,4
61313,138,140,-2,2
61314,98,91,7,7
61315,92,99,-7,7
61316,196,185,11,11
61317,109,112,-3,3
61318,55,57,-2,2
61319,166,164,2,2
61320,68,73,-5,5
61321,61,66,-5,5
61322,79,80,-1,1
61323,86,79,7,7
61324,90,84,6,6
61325,128,122,6,6
61326,102,103,-1,1
61327,118,107,11,11
61328,86,83,3,3
61329,105,107,-2,2
61330,78,77,1,1
61331,96,97,-1,1
61332,38,51,-13,13
61333,96,100,-4,4
61334,123,119,4,4
61335,85,80,5,5
61336,117,107,10,10
61337,78,108,-30,30
61338,131,133,-2,2
61339,82,80,2,2
61340,87,88,-1,1
61341,81,82,-1,1
61342,59,58,1,1
61343,84,86,-2,2
61344,89,89,0,0
61345,65,69,-4,4
61346,131,133,-2,2
61347,55,61,-6,6
61348,66,54,12,12
61349,74,72,2,2
61350,84,71,13,13
61351,110,104,6,6
61352,63,77,-14,14
61353,97,84,13,13
61354,55,68,-13,13
61355,94,97,-3,3
61356,148,146,2,2
61357,110,99,11,11
61358,161,154,7,7
61359,139,130,9,9
61360,63,73,-10,10
61361,120,116,4,4
61362,79,82,-3,3
61363,131,133,-2,2
61364,150,129,21,21
61365,80,82,-2,2
61366,37,31,6,6
61367,116,116,0,0
61368,82,79,3,3
61369,130,127,3,3
61370,68,74,-6,6
61371,86,83,3,3
61372,90,80,10,10
61373,57,61,-4,4
61374,149,141,8,8
61375,79,81,-2,2
61376,126,125,1,1
61377,120,130,-10,10
61378,197,188,9,9
61379,62,63,-1,1
61380,88,85,3,3
61381,144,134,10,10
61382,99,90,9,9
61383,101,116,-15,15
61384,111,104,7,7
61385,61,67,-6,6
61386,85,83,2,2
61387,96,97,-1,1
61388,125,125,0,0
61389,107,101,6,6
61390,136,124,12,12
61391,148,144,4,4
61392,98,103,-5,5
61393,66,65,1,1
61394,95,79,16,16
61395,107,97,10,10
61396,47,60,-13,13
61397,78,80,-2,2
61398,81,76,5,5
61399,72,75,-3,3
61400,84,99,-15,15
61401,145,152,-7,7
61402,77,76,1,1
61403,90,83,7,7
61404,131,121,10,10
61405,91,81,10,10
61406,38,73,-35,35
61407,94,94,0,0
61408,111,108,3,3
61409,145,143,2,2
61410,84,84,0,0
61411,87,76,11,11
61412,115,110,5,5
61413,95,90,5,5
61414,144,130,14,14
61415,90,85,5,5
61416,101,96,5,5
61417,91,95,-4,4
61418,190,188,2,2
61419,80,82,-2,2
61420,167,154,13,13
61421,83,76,7,7
61422,66,69,-3,3
61423,50,58,-8,8
61424,111,112,-1,1
61425,83,92,-9,9
61426,72,71,1,1
61427,73,71,2,2
61428,79,85,-6,6
61429,66,73,-7,7
61430,83,83,0,0
61431,262,246,16,16
61432,108,123,-15,15
61433,117,113,4,4
61434,98,87,11,11
61435,85,86,-1,1
61436,63,65,-2,2
61437,190,182,8,8
61438,85,84,1,1
61439,123,115,8,8
61440,144,139,5,5
61441,75,77,-2,2
61442,97,96,1,1
61443,85,77,8,8
61444,69,69,0,0
61445,77,81,-4,4
61446,61,69,-8,8
61447,75,73,2,2
61448,97,123,-26,26
61449,70,71,-1,1
61450,85,80,5,5
61451,61,68,-7,7
61452,77,73,4,4
61453,58,66,-8,8
61454,83,76,7,7
61455,91,95,-4,4
61456,53,64,-11,11
61457,55,55,0,0
61458,87,91,-4,4
61459,80,84,-4,4
61460,53,62,-9,9
61461,133,125,8,8
61462,90,97,-7,7
61463,60,67,-7,7
61464,68,71,-3,3
61465,66,60,6,6
61466,112,113,-1,1
61467,139,130,9,9
61468,50,60,-10,10
61469,120,120,0,0
61470,77,80,-3,3
61471,81,71,10,10
61472,87,82,5,5
61473,43,53,-10,10
61474,68,65,3,3
61475,58,59,-1,1
61476,120,122,-2,2
61477,114,105,9,9
61478,173,163,10,10
61479,62,68,-6,6
61480,115,105,10,10
61481,213,196,17,17
61482,108,107,1,1
61483,53,70,-17,17
61484,85,77,8,8
61485,119,119,0,0
61486,74,79,-5,5
61487,93,87,6,6
61488,72,70,2,2
61489,104,88,16,16
61490,88,89,-1,1
61491,56,65,-9,9
61492,139,131,8,8
61493,110,113,-3,3
61494,93,84,9,9
61495,54,55,-1,1
61496,83,90,-7,7
61497,73,70,3,3
61498,202,182,20,20
61499,95,95,0,0
61500,51,62,-11,11
61501,141,124,17,17
61502,130,127,3,3
61503,89,97,-8,8
61504,67,68,-1,1
61505,92,94,-2,2
61506,138,145,-7,7
61507,50,57,-7,7
61508,85,76,9,9
61509,118,101,17,17
61510,84,80,4,4
61511,95,89,6,6
61512,92,100,-8,8
61513,141,150,-9,9
61514,94,101,-7,7
61515,117,120,-3,3
61516,82,72,10,10
61517,73,80,-7,7
61518,108,100,8,8
61519,93,105,-12,12
61520,156,156,0,0
61521,84,86,-2,2
61522,106,95,11,11
61523,91,95,-4,4
61524,88,91,-3,3
61525,78,73,5,5
61526,136,133,3,3
61527,59,71,-12,12
61528,94,104,-10,10
61529,100,101,-1,1
61530,144,141,3,3
61531,89,112,-23,23
61532,67,72,-5,5
61533,28,29,-1,1
61534,114,112,2,2
61535,123,129,-6,6
61536,85,75,10,10
61537,77,79,-2,2
61538,89,106,-17,17
61539,90,84,6,6
61540,80,82,-2,2
61541,114,120,-6,6
61542,46,52,-6,6
61543,123,117,6,6
61544,132,129,3,3
61545,106,118,-12,12
61546,93,98,-5,5
61547,100,124,-24,24
61548,82,77,5,5
61549,170,178,-8,8
61550,103,121,-18,18
61551,60,66,-6,6
61552,101,113,-12,12
61553,101,97,4,4
61554,106,101,5,5
61555,53,67,-14,14
61556,45,50,-5,5
61557,102,119,-17,17
61558,74,71,3,3
61559,107,114,-7,7
61560,95,96,-1,1
61561,96,96,0,0
61562,100,100,0,0
61563,40,56,-16,16
61564,85,81,4,4
61565,59,66,-7,7
61566,107,103,4,4
61567,157,149,8,8
61568,72,79,-7,7
61569,104,93,11,11
61570,53,63,-10,10
61571,131,128,3,3
61572,147,137,10,10
61573,80,76,4,4
61574,135,133,2,2
61575,119,111,8,8
61576,128,124,4,4
61577,126,122,4,4
61578,91,81,10,10
61579,102,91,11,11
61580,55,68,-13,13
61581,69,72,-3,3
61582,57,67,-10,10
61583,53,63,-10,10
61584,109,98,11,11
61585,106,91,15,15
61586,106,111,-5,5
61587,128,115,13,13
61588,84,78,6,6
61589,73,74,-1,1
61590,137,121,16,16
61591,96,98,-2,2
61592,106,106,0,0
61593,119,115,4,4
61594,113,114,-1,1
61595,138,131,7,7
61596,52,61,-9,9
61597,115,118,-3,3
61598,66,68,-2,2
61599,114,115,-1,1
61600,46,53,-7,7
61601,108,106,2,2
61602,85,80,5,5
61603,67,65,2,2
61604,66,64,2,2
61605,76,79,-3,3
61606,93,87,6,6
61607,145,153,-8,8
61608,122,114,8,8
61609,88,80,8,8
61610,59,65,-6,6
61611,77,79,-2,2
61612,84,87,-3,3
61613,71,75,-4,4
61614,93,88,5,5
61615,71,71,0,0
61616,40,53,-13,13
61617,165,153,12,12
61618,104,104,0,0
61619,54,56,-2,2
61620,46,46,0,0
61621,70,70,0,0
61622,51,58,-7,7
61623,86,85,1,1
61624,86,83,3,3
61625,90,84,6,6
61626,160,160,0,0
61627,119,115,4,4
61628,78,83,-5,5
61629,112,124,-12,12
61630,89,80,9,9
61631,96,101,-5,5
61632,96,97,-1,1
61633,96,97,-1,1
61634,33,34,-1,1
61635,78,74,4,4
61636,65,63,2,2
61637,69,74,-5,5
61638,85,87,-2,2
61639,71,67,4,4
61640,119,109,10,10
61641,100,98,2,2
61642,102,102,0,0
61643,96,87,9,9
61644,77,75,2,2
61645,91,96,-5,5
61646,175,161,14,14
61647,96,99,-3,3
61648,133,125,8,8
61649,107,125,-18,18
61650,98,95,3,3
61651,94,99,-5,5
61652,67,71,-4,4
61653,116,120,-4,4
61654,73,81,-8,8
61655,83,71,12,12
61656,75,77,-2,2
61657,109,118,-9,9
61658,143,147,-4,4
61659,84,84,0,0
61660,79,84,-5,5
61661,104,103,1,1
61662,44,50,-6,6
61663,53,51,2,2
61664,108,104,4,4
61665,86,91,-5,5
61666,119,123,-4,4
61667,56,40,16,16
61668,88,93,-5,5
61669,118,122,-4,4
61670,102,103,-1,1
61671,49,53,-4,4
61672,99,99,0,0
61673,105,182,-77,77
61674,131,115,16,16
61675,78,73,5,5
61676,99,96,3,3
61677,23,29,-6,6
61678,126,125,1,1
61679,92,87,5,5
61680,85,92,-7,7
61681,61,69,-8,8
61682,137,142,-5,5
61683,74,78,-4,4
61684,129,122,7,7
61685,156,157,-1,1
61686,72,69,3,3
61687,151,140,11,11
61688,72,69,3,3
61689,81,85,-4,4
61690,128,122,6,6
61691,136,125,11,11
61692,111,115,-4,4
61693,150,158,-8,8
61694,79,80,-1,1
61695,124,121,3,3
61696,133,120,13,13
61697,106,113,-7,7
61698,71,79,-8,8
61699,69,68,1,1
61700,105,113,-8,8
61701,60,63,-3,3
61702,97,98,-1,1
61703,129,133,-4,4
61704,70,71,-1,1
61705,137,144,-7,7
61706,110,101,9,9
61707,97,97,0,0
61708,149,166,-17,17
61709,63,69,-6,6
61710,71,75,-4,4
61711,108,103,5,5
61712,127,125,2,2
61713,92,99,-7,7
61714,41,48,-7,7
61715,87,84,3,3
61716,95,94,1,1
61717,58,65,-7,7
61718,103,112,-9,9
61719,106,104,2,2
61720,100,104,-4,4
61721,49,59,-10,10
61722,103,127,-24,24
61723,147,155,-8,8
61724,110,106,4,4
61725,121,142,-21,21
61726,66,68,-2,2
61727,66,69,-3,3
61728,75,74,1,1
61729,127,132,-5,5
61730,96,94,2,2
61731,179,167,12,12
61732,153,151,2,2
61733,89,84,5,5
61734,111,111,0,0
61735,124,106,18,18
61736,86,76,10,10
61737,98,109,-11,11
61738,82,82,0,0
61739,138,123,15,15
61740,98,89,9,9
61741,187,176,11,11
61742,141,130,11,11
61743,72,79,-7,7
61744,110,104,6,6
61745,87,95,-8,8
61746,60,64,-4,4
61747,71,72,-1,1
61748,123,126,-3,3
61749,57,64,-7,7
61750,113,118,-5,5
61751,148,148,0,0
61752,73,76,-3,3
61753,62,71,-9,9
61754,108,125,-17,17
61755,105,102,3,3
61756,152,124,28,28
61757,51,59,-8,8
61758,127,123,4,4
61759,31,29,2,2
61760,68,70,-2,2
61761,163,155,8,8
61762,160,150,10,10
61763,73,78,-5,5
61764,43,55,-12,12
61765,102,101,1,1
61766,91,108,-17,17
61767,136,125,11,11
61768,92,85,7,7
61769,60,66,-6,6
61770,45,56,-11,11
61771,111,107,4,4
61772,95,103,-8,8
61773,100,100,0,0
61774,139,146,-7,7
61775,99,99,0,0
61776,68,74,-6,6
61777,55,60,-5,5
61778,110,100,10,10
61779,67,74,-7,7
61780,103,100,3,3
61781,115,113,2,2
61782,131,143,-12,12
61783,106,113,-7,7
61784,154,150,4,4
61785,104,115,-11,11
61786,91,83,8,8
61787,139,142,-3,3
61788,56,64,-8,8
61789,139,134,5,5
61790,72,66,6,6
61791,144,141,3,3
61792,112,109,3,3
61793,68,68,0,0
61794,88,87,1,1
61795,79,95,-16,16
61796,104,111,-7,7
61797,54,57,-3,3
61798,111,103,8,8
61799,87,86,1,1
61800,185,175,10,10
61801,92,87,5,5
61802,68,74,-6,6
61803,91,88,3,3
61804,84,79,5,5
61805,82,83,-1,1
61806,126,124,2,2
61807,71,76,-5,5
61808,72,71,1,1
61809,137,137,0,0
61810,61,70,-9,9
61811,106,108,-2,2
61812,59,59,0,0
61813,77,72,5,5
61814,149,130,19,19
61815,63,67,-4,4
61816,66,72,-6,6
61817,105,101,4,4
61818,85,82,3,3
61819,109,98,11,11
61820,81,87,-6,6
61821,60,64,-4,4
61822,40,52,-12,12
61823,95,86,9,9
61824,110,99,11,11
61825,68,66,2,2
61826,67,70,-3,3
61827,76,77,-1,1
61828,188,183,5,5
61829,59,63,-4,4
61830,131,120,11,11
61831,108,106,2,2
61832,114,119,-5,5
61833,108,110,-2,2
61834,104,99,5,5
61835,94,96,-2,2
61836,47,54,-7,7
61837,77,72,5,5
61838,80,83,-3,3
61839,96,96,0,0
61840,103,103,0,0
61841,109,108,1,1
61842,66,77,-11,11
61843,98,86,12,12
61844,126,110,16,16
61845,97,109,-12,12
61846,99,97,2,2
61847,107,111,-4,4
61848,129,127,2,2
61849,87,91,-4,4
61850,69,71,-2,2
61851,115,106,9,9
61852,99,102,-3,3
61853,99,96,3,3
61854,155,164,-9,9
61855,121,117,4,4
61856,123,126,-3,3
61857,91,86,5,5
61858,68,76,-8,8
61859,118,110,8,8
61860,98,101,-3,3
61861,108,104,4,4
61862,112,110,2,2
61863,80,74,6,6
61864,92,129,-37,37
61865,116,107,9,9
61866,56,65,-9,9
61867,127,125,2,2
61868,50,60,-10,10
61869,121,114,7,7
61870,157,155,2,2
61871,78,75,3,3
61872,85,80,5,5
61873,142,140,2,2
61874,42,49,-7,7
61875,62,68,-6,6
61876,61,67,-6,6
61877,75,76,-1,1
61878,82,85,-3,3
61879,107,104,3,3
61880,130,131,-1,1
61881,64,71,-7,7
61882,75,74,1,1
61883,109,104,5,5
61884,65,77,-12,12
61885,112,114,-2,2
61886,88,96,-8,8
61887,140,137,3,3
61888,132,125,7,7
61889,108,113,-5,5
61890,92,77,15,15
61891,63,65,-2,2
61892,48,56,-8,8
61893,144,122,22,22
61894,104,105,-1,1
61895,107,102,5,5
61896,52,70,-18,18
61897,73,72,1,1
61898,44,53,-9,9
61899,120,114,6,6
61900,87,82,5,5
61901,110,115,-5,5
61902,73,73,0,0
61903,79,88,-9,9
61904,57,68,-11,11
61905,68,73,-5,5
61906,81,100,-19,19
61907,63,64,-1,1
61908,41,42,-1,1
61909,71,69,2,2
61910,106,114,-8,8
61911,105,95,10,10
61912,183,151,32,32
61913,111,118,-7,7
61914,137,130,7,7
61915,51,62,-11,11
61916,40,43,-3,3
61917,70,78,-8,8
61918,120,117,3,3
61919,57,68,-11,11
61920,66,66,0,0
61921,140,123,17,17
61922,71,78,-7,7
61923,96,93,3,3
61924,108,109,-1,1
61925,134,146,-12,12
61926,97,96,1,1
61927,44,47,-3,3
61928,49,55,-6,6
61929,63,63,0,0
61930,97,102,-5,5
61931,38,37,1,1
61932,68,68,0,0
61933,114,105,9,9
61934,105,110,-5,5
61935,36,32,4,4
61936,69,66,3,3
61937,101,101,0,0
61938,155,142,13,13
61939,53,73,-20,20
61940,151,141,10,10
61941,65,65,0,0
61942,64,70,-6,6
61943,181,165,16,16
61944,110,116,-6,6
61945,93,96,-3,3
61946,183,175,8,8
61947,94,89,5,5
61948,91,92,-1,1
61949,105,111,-6,6
61950,51,58,-7,7
61951,76,75,1,1
61952,60,72,-12,12
61953,72,73,-1,1
61954,108,103,5,5
61955,119,112,7,7
61956,98,111,-13,13
61957,119,107,12,12
61958,122,120,2,2
61959,90,90,0,0
61960,55,63,-8,8
61961,62,61,1,1
61962,41,49,-8,8
61963,86,83,3,3
61964,58,60,-2,2
61965,159,161,-2,2
61966,84,84,0,0
61967,101,101,0,0
61968,107,100,7,7
61969,150,145,5,5
61970,105,113,-8,8
61971,83,83,0,0
61972,78,84,-6,6
61973,51,57,-6,6
61974,83,93,-10,10
61975,111,113,-2,2
61976,116,124,-8,8
61977,124,106,18,18
61978,116,113,3,3
61979,133,125,8,8
61980,143,136,7,7
61981,102,104,-2,2
61982,94,99,-5,5
61983,66,69,-3,3
61984,76,83,-7,7
61985,108,102,6,6
61986,69,65,4,4
61987,90,79,11,11
61988,65,75,-10,10
61989,157,155,2,2
61990,81,75,6,6
61991,116,120,-4,4
61992,94,91,3,3
61993,98,115,-17,17
61994,149,139,10,10
61995,87,87,0,0
61996,124,126,-2,2
61997,121,120,1,1
61998,157,147,10,10
61999,100,98,2,2
62000,129,131,-2,2
62001,97,96,1,1
62002,57,61,-4,4
62003,108,104,4,4
62004,64,65,-1,1
62005,195,175,20,20
62006,81,79,2,2
62007,92,87,5,5
62008,139,147,-8,8
62009,67,68,-1,1
62010,78,87,-9,9
62011,56,60,-4,4
62012,90,86,4,4
62013,69,74,-5,5
62014,109,104,5,5
62015,67,70,-3,3
62016,65,72,-7,7
62017,67,75,-8,8
62018,128,114,14,14
62019,101,98,3,3
62020,103,102,1,1
62021,66,65,1,1
62022,78,80,-2,2
62023,121,115,6,6
62024,99,107,-8,8
62025,69,64,5,5
62026,64,70,-6,6
62027,66,66,0,0
62028,76,76,0,0
62029,91,93,-2,2
62030,49,59,-10,10
62031,222,190,32,32
62032,71,68,3,3
62033,155,153,2,2
62034,80,81,-1,1
62035,94,77,17,17
62036,70,71,-1,1
62037,106,105,1,1
62038,81,83,-2,2
62039,90,81,9,9
62040,73,75,-2,2
62041,65,64,1,1
62042,71,77,-6,6
62043,140,122,18,18
62044,109,114,-5,5
62045,72,73,-1,1
62046,95,105,-10,10
62047,92,85,7,7
62048,104,113,-9,9
62049,74,76,-2,2
62050,102,103,-1,1
62051,75,79,-4,4
62052,100,96,4,4
62053,111,115,-4,4
62054,52,57,-5,5
62055,79,73,6,6
62056,99,93,6,6
62057,140,144,-4,4
62058,181,183,-2,2
62059,106,107,-1,1
62060,59,57,2,2
62061,129,123,6,6
62062,95,115,-20,20
62063,50,60,-10,10
62064,71,70,1,1
62065,46,66,-20,20
62066,103,111,-8,8
62067,82,84,-2,2
62068,114,107,7,7
62069,114,110,4,4
62070,92,94,-2,2
62071,74,77,-3,3
62072,102,101,1,1
62073,104,103,1,1
62074,86,83,3,3
62075,51,74,-23,23
62076,86,82,4,4
62077,78,81,-3,3
62078,99,104,-5,5
62079,95,85,10,10
62080,82,84,-2,2
62081,111,118,-7,7
62082,129,116,13,13
62083,90,113,-23,23
62084,139,139,0,0
62085,72,82,-10,10
62086,55,65,-10,10
62087,165,156,9,9
62088,115,119,-4,4
62089,61,73,-12,12
62090,84,78,6,6
62091,136,136,0,0
62092,83,79,4,4
62093,27,56,-29,29
62094,108,106,2,2
62095,147,132,15,15
62096,120,121,-1,1
62097,73,92,-19,19
62098,60,70,-10,10
62099,123,127,-4,4
62100,89,92,-3,3
62101,73,70,3,3
62102,64,69,-5,5
62103,62,67,-5,5
62104,100,95,5,5
62105,100,91,9,9
62106,48,68,-20,20
62107,119,113,6,6
62108,53,60,-7,7
62109,142,146,-4,4
62110,58,63,-5,5
62111,100,113,-13,13
62112,77,74,3,3
62113,71,85,-14,14
62114,126,125,1,1
62115,50,58,-8,8
62116,205,171,34,34
62117,60,68,-8,8
62118,91,91,0,0
62119,70,78,-8,8
62120,90,96,-6,6
62121,159,153,6,6
62122,75,75,0,0
62123,116,96,20,20
62124,109,115,-6,6
62125,143,135,8,8
62126,112,105,7,7
62127,84,86,-2,2
62128,170,172,-2,2
62129,150,149,1,1
62130,109,109,0,0
62131,161,152,9,9
62132,99,106,-7,7
62133,127,114,13,13
62134,62,34,28,28
62135,133,129,4,4
62136,101,105,-4,4
62137,127,119,8,8
62138,89,86,3,3
62139,95,89,6,6
62140,150,142,8,8
62141,49,53,-4,4
62142,92,96,-4,4
62143,92,90,2,2
62144,38,55,-17,17
62145,145,151,-6,6
62146,156,163,-7,7
62147,125,125,0,0
62148,51,53,-2,2
62149,134,113,21,21
62150,92,106,-14,14
62151,85,94,-9,9
62152,60,64,-4,4
62153,67,72,-5,5
62154,99,112,-13,13
62155,159,162,-3,3
62156,86,91,-5,5
62157,75,61,14,14
62158,42,45,-3,3
62159,71,75,-4,4
62160,136,139,-3,3
62161,67,78,-11,11
62162,112,113,-1,1
62163,71,74,-3,3
62164,48,64,-16,16
62165,139,143,-4,4
62166,114,152,-38,38
62167,48,52,-4,4
62168,86,84,2,2
62169,119,113,6,6
62170,94,95,-1,1
62171,105,104,1,1
62172,104,97,7,7
62173,85,89,-4,4
62174,66,67,-1,1
62175,93,87,6,6
62176,88,92,-4,4
62177,67,69,-2,2
62178,91,100,-9,9
62179,110,113,-3,3
62180,80,75,5,5
62181,98,108,-10,10
62182,126,126,0,0
62183,52,62,-10,10
62184,63,70,-7,7
62185,91,101,-10,10
62186,103,106,-3,3
62187,68,68,0,0
62188,73,81,-8,8
62189,95,98,-3,3
62190,100,98,2,2
62191,111,100,11,11
62192,100,105,-5,5
62193,75,77,-2,2
62194,84,88,-4,4
62195,75,78,-3,3
62196,139,126,13,13
62197,105,111,-6,6
62198,84,90,-6,6
62199,137,124,13,13
62200,65,100,-35,35
62201,97,89,8,8
62202,78,80,-2,2
62203,122,126,-4,4
62204,72,76,-4,4
62205,80,101,-21,21
62206,132,121,11,11
62207,113,112,1,1
62208,121,119,2,2
62209,72,74,-2,2
62210,95,100,-5,5
62211,124,119,5,5
62212,122,120,2,2
62213,152,154,-2,2
62214,105,102,3,3
62215,103,108,-5,5
62216,111,103,8,8
62217,60,57,3,3
62218,75,96,-21,21
62219,69,74,-5,5
62220,85,78,7,7
62221,91,107,-16,16
62222,106,100,6,6
62223,76,87,-11,11
62224,43,54,-11,11
62225,65,64,1,1
62226,180,179,1,1
62227,38,60,-22,22
62228,86,85,1,1
62229,77,77,0,0
62230,110,113,-3,3
62231,111,112,-1,1
62232,134,129,5,5
62233,123,127,-4,4
62234,67,71,-4,4
62235,77,80,-3,3
62236,95,105,-10,10
62237,94,94,0,0
62238,131,134,-3,3
62239,88,100,-12,12
62240,130,128,2,2
62241,78,77,1,1
62242,98,100,-2,2
62243,66,70,-4,4
62244,63,69,-6,6
62245,85,80,5,5
62246,82,84,-2,2
62247,82,91,-9,9
62248,104,101,3,3
62249,120,119,1,1
62250,68,72,-4,4
62251,108,111,-3,3
62252,101,99,2,2
62253,102,99,3,3
62254,161,165,-4,4
62255,48,58,-10,10
62256,82,89,-7,7
62257,134,131,3,3
62258,102,99,3,3
62259,47,53,-6,6
62260,101,79,22,22
62261,103,101,2,2
62262,158,145,13,13
62263,79,84,-5,5
62264,126,122,4,4
62265,72,80,-8,8
62266,103,103,0,0
62267,86,97,-11,11
62268,73,80,-7,7
62269,150,145,5,5
62270,69,68,1,1
62271,89,84,5,5
62272,102,99,3,3
62273,89,92,-3,3
62274,92,94,-2,2
62275,91,89,2,2
62276,69,72,-3,3
62277,31,42,-11,11
62278,62,62,0,0
62279,74,80,-6,6
62280,73,69,4,4
62281,92,79,13,13
62282,68,71,-3,3
62283,121,113,8,8
62284,160,157,3,3
62285,124,122,2,2
62286,71,70,1,1
62287,98,85,13,13
62288,85,84,1,1
62289,93,89,4,4
62290,87,79,8,8
62291,210,178,32,32
62292,74,76,-2,2
62293,84,88,-4,4
62294,141,138,3,3
62295,68,72,-4,4
62296,118,116,2,2
62297,75,78,-3,3
62298,150,147,3,3
62299,162,157,5,5
62300,59,63,-4,4
62301,82,82,0,0
62302,118,112,6,6
62303,94,99,-5,5
62304,75,93,-18,18
62305,71,74,-3,3
62306,131,124,7,7
62307,120,113,7,7
62308,91,97,-6,6
62309,112,105,7,7
62310,145,142,3,3
62311,93,83,10,10
62312,93,90,3,3
62313,89,79,10,10
62314,110,105,5,5
62315,78,78,0,0
62316,80,76,4,4
62317,133,133,0,0
62318,50,51,-1,1
62319,82,82,0,0
62320,145,127,18,18
62321,126,110,16,16
62322,105,101,4,4
62323,159,157,2,2
62324,118,121,-3,3
62325,142,137,5,5
62326,108,100,8,8
62327,110,110,0,0
62328,106,98,8,8
62329,119,121,-2,2
62330,90,95,-5,5
62331,68,73,-5,5
62332,119,114,5,5
62333,162,154,8,8
62334,76,81,-5,5
62335,89,82,7,7
62336,57,64,-7,7
62337,79,78,1,1
62338,72,79,-7,7
62339,110,99,11,11
62340,82,79,3,3
62341,76,74,2,2
62342,68,76,-8,8
62343,79,103,-24,24
62344,64,71,-7,7
62345,151,138,13,13
62346,64,68,-4,4
62347,110,105,5,5
62348,78,72,6,6
62349,123,123,0,0
62350,118,117,1,1
62351,58,69,-11,11
62352,140,130,10,10
62353,128,116,12,12
62354,57,57,0,0
62355,101,106,-5,5
62356,106,101,5,5
62357,71,79,-8,8
62358,61,63,-2,2
62359,187,163,24,24
62360,123,114,9,9
62361,64,66,-2,2
62362,59,67,-8,8
62363,83,82,1,1
62364,68,74,-6,6
62365,83,77,6,6
62366,111,107,4,4
62367,86,95,-9,9
62368,87,87,0,0
62369,97,94,3,3
62370,76,76,0,0
62371,91,97,-6,6
62372,169,153,16,16
62373,51,55,-4,4
62374,57,75,-18,18
62375,168,172,-4,4
62376,93,71,22,22
62377,93,91,2,2
62378,98,85,13,13
62379,76,84,-8,8
62380,142,132,10,10
62381,60,65,-5,5
62382,118,112,6,6
62383,40,62,-22,22
62384,68,67,1,1
62385,75,71,4,4
62386,97,94,3,3
62387,124,123,1,1
62388,68,66,2,2
62389,89,80,9,9
62390,109,108,1,1
62391,53,59,-6,6
62392,112,111,1,1
62393,140,144,-4,4
62394,113,104,9,9
62395,105,117,-12,12
62396,69,69,0,0
62397,98,119,-21,21
62398,150,147,3,3
62399,93,93,0,0
62400,117,123,-6,6
62401,44,51,-7,7
62402,65,62,3,3
62403,78,73,5,5
62404,149,150,-1,1
62405,75,73,2,2
62406,82,83,-1,1
62407,93,89,4,4
62408,129,127,2,2
62409,46,59,-13,13
62410,56,54,2,2
62411,99,84,15,15
62412,31,53,-22,22
62413,113,115,-2,2
62414,167,170,-3,3
62415,113,116,-3,3
62416,171,176,-5,5
62417,71,74,-3,3
62418,103,107,-4,4
62419,76,81,-5,5
62420,64,63,1,1
62421,105,110,-5,5
62422,176,168,8,8
62423,127,117,10,10
62424,118,107,11,11
62425,88,98,-10,10
62426,133,131,2,2
62427,84,94,-10,10
62428,108,112,-4,4
62429,72,72,0,0
62430,128,123,5,5
62431,36,48,-12,12
62432,116,103,13,13
62433,105,110,-5,5
62434,85,90,-5,5
62435,48,52,-4,4
62436,142,127,15,15
62437,78,67,11,11
62438,72,79,-7,7
62439,255,243,12,12
62440,113,119,-6,6
62441,98,91,7,7
62442,143,127,16,16
62443,85,108,-23,23
62444,111,115,-4,4
62445,106,106,0,0
62446,111,115,-4,4
62447,84,79,5,5
62448,74,78,-4,4
62449,87,90,-3,3
62450,133,131,2,2
62451,111,119,-8,8
62452,78,77,1,1
62453,83,86,-3,3
62454,117,102,15,15
62455,97,96,1,1
62456,127,129,-2,2
62457,66,67,-1,1
62458,124,118,6,6
62459,72,73,-1,1
62460,108,94,14,14
62461,124,125,-1,1
62462,137,120,17,17
62463,84,86,-2,2
62464,175,175,0,0
62465,32,29,3,3
62466,127,112,15,15
62467,139,140,-1,1
62468,84,109,-25,25
62469,138,146,-8,8
62470,147,151,-4,4
62471,49,59,-10,10
62472,87,85,2,2
62473,71,74,-3,3
62474,89,77,12,12
62475,122,121,1,1
62476,110,116,-6,6
62477,112,112,0,0
62478,161,143,18,18
62479,78,90,-12,12
62480,84,86,-2,2
62481,96,86,10,10
62482,83,83,0,0
62483,166,147,19,19
62484,69,67,2,2
62485,48,51,-3,3
62486,84,74,10,10
62487,113,98,15,15
62488,89,93,-4,4
62489,51,59,-8,8
62490,101,101,0,0
62491,70,70,0,0
62492,107,101,6,6
62493,99,97,2,2
62494,142,131,11,11
62495,123,113,10,10
62496,81,79,2,2
62497,60,63,-3,3
62498,139,127,12,12
62499,93,89,4,4
62500,123,132,-9,9
62501,101,80,21,21
62502,128,128,0,0
62503,72,74,-2,2
62504,134,120,14,14
62505,89,89,0,0
62506,162,153,9,9
62507,129,114,15,15
62508,97,99,-2,2
62509,63,76,-13,13
62510,88,91,-3,3
62511,47,56,-9,9
62512,163,152,11,11
62513,169,175,-6,6
62514,88,84,4,4
62515,116,115,1,1
62516,68,72,-4,4
62517,66,72,-6,6
62518,75,79,-4,4
62519,79,84,-5,5
62520,132,130,2,2
62521,64,72,-8,8
62522,154,150,4,4
62523,159,132,27,27
62524,97,101,-4,4
62525,151,147,4,4
62526,64,66,-2,2
62527,86,78,8,8
62528,86,105,-19,19
62529,105,104,1,1
62530,135,139,-4,4
62531,78,88,-10,10
62532,180,162,18,18
62533,126,120,6,6
62534,115,116,-1,1
62535,95,110,-15,15
62536,123,113,10,10
62537,49,53,-4,4
62538,94,101,-7,7
62539,170,164,6,6
62540,92,89,3,3
62541,101,107,-6,6
62542,93,95,-2,2
62543,123,137,-14,14
62544,83,76,7,7
62545,122,115,7,7
62546,109,125,-16,16
62547,67,62,5,5
62548,59,67,-8,8
62549,79,72,7,7
62550,82,85,-3,3
62551,69,73,-4,4
62552,83,88,-5,5
62553,116,110,6,6
62554,202,179,23,23
62555,92,103,-11,11
62556,95,89,6,6
62557,104,110,-6,6
62558,124,118,6,6
62559,203,190,13,13
62560,95,94,1,1
62561,131,127,4,4
62562,42,49,-7,7
62563,106,88,18,18
62564,40,50,-10,10
62565,81,80,1,1
62566,125,115,10,10
62567,82,83,-1,1
62568,121,113,8,8
62569,85,96,-11,11
62570,104,95,9,9
62571,82,77,5,5
62572,76,73,3,3
62573,60,66,-6,6
62574,91,76,15,15
62575,96,88,8,8
62576,118,114,4,4
62577,101,94,7,7
62578,140,141,-1,1
62579,153,149,4,4
62580,115,125,-10,10
62581,38,57,-19,19
62582,74,77,-3,3
62583,28,62,-34,34
62584,65,70,-5,5
62585,113,118,-5,5
62586,109,112,-3,3
62587,93,89,4,4
62588,87,84,3,3
62589,54,62,-8,8
62590,125,121,4,4
62591,141,139,2,2
62592,114,118,-4,4
62593,122,119,3,3
62594,138,141,-3,3
62595,98,94,4,4
62596,84,81,3,3
62597,118,118,0,0
62598,114,117,-3,3
62599,69,76,-7,7
62600,47,61,-14,14
62601,72,63,9,9
62602,72,66,6,6
62603,85,87,-2,2
62604,48,55,-7,7
62605,96,94,2,2
62606,90,91,-1,1
62607,99,91,8,8
62608,122,127,-5,5
62609,60,67,-7,7
62610,80,85,-5,5
62611,79,82,-3,3
62612,54,57,-3,3
62613,90,96,-6,6
62614,84,91,-7,7
62615,98,98,0,0
62616,106,104,2,2
62617,70,77,-7,7
62618,93,85,8,8
62619,81,79,2,2
62620,108,104,4,4
62621,66,70,-4,4
62622,92,89,3,3
62623,58,59,-1,1
62624,80,80,0,0
62625,72,77,-5,5
62626,92,88,4,4
62627,114,121,-7,7
62628,149,134,15,15
62629,85,82,3,3
62630,61,59,2,2
62631,104,99,5,5
62632,100,92,8,8
62633,132,129,3,3
62634,132,125,7,7
62635,114,103,11,11
62636,89,90,-1,1
62637,52,58,-6,6
62638,51,54,-3,3
62639,109,119,-10,10
62640,112,120,-8,8
62641,80,76,4,4
62642,158,177,-19,19
62643,103,93,10,10
62644,59,67,-8,8
62645,118,112,6,6
62646,114,111,3,3
62647,101,100,1,1
62648,64,67,-3,3
62649,75,75,0,0
62650,110,99,11,11
62651,168,182,-14,14
62652,109,100,9,9
62653,106,104,2,2
62654,32,80,-48,48
62655,86,87,-1,1
62656,185,151,34,34
62657,125,141,-16,16
62658,48,56,-8,8
62659,128,129,-1,1
62660,138,144,-6,6
62661,75,69,6,6
62662,84,108,-24,24
62663,115,103,12,12
62664,58,70,-12,12
62665,97,94,3,3
62666,152,135,17,17
62667,94,99,-5,5
62668,114,112,2,2
62669,130,139,-9,9
62670,61,65,-4,4
62671,185,167,18,18
62672,110,109,1,1
62673,58,62,-4,4
62674,79,83,-4,4
62675,79,77,2,2
62676,93,89,4,4
62677,129,128,1,1
62678,134,127,7,7
62679,98,103,-5,5
62680,162,159,3,3
62681,83,83,0,0
62682,107,98,9,9
62683,98,112,-14,14
62684,131,120,11,11
62685,57,56,1,1
62686,153,139,14,14
62687,126,124,2,2
62688,89,87,2,2
62689,68,69,-1,1
62690,131,121,10,10
62691,68,78,-10,10
62692,94,87,7,7
62693,135,125,10,10
62694,96,99,-3,3
62695,95,105,-10,10
62696,90,87,3,3
62697,55,62,-7,7
62698,108,113,-5,5
62699,36,40,-4,4
62700,73,69,4,4
62701,73,83,-10,10
62702,102,99,3,3
62703,52,57,-5,5
62704,22,33,-11,11
62705,102,90,12,12
62706,136,119,17,17
62707,83,84,-1,1
62708,76,76,0,0
62709,135,135,0,0
62710,116,120,-4,4
62711,69,72,-3,3
62712,42,53,-11,11
62713,86,77,9,9
62714,131,125,6,6
62715,119,114,5,5
62716,65,67,-2,2
62717,100,106,-6,6
62718,65,71,-6,6
62719,73,75,-2,2
62720,63,67,-4,4
62721,115,151,-36,36
62722,164,153,11,11
62723,146,148,-2,2
62724,64,69,-5,5
62725,101,99,2,2
62726,124,120,4,4
62727,74,80,-6,6
62728,92,79,13,13
62729,90,85,5,5
62730,93,94,-1,1
62731,76,80,-4,4
62732,133,137,-4,4
62733,54,62,-8,8
62734,147,126,21,21
62735,107,110,-3,3
62736,132,119,13,13
62737,129,116,13,13
62738,95,90,5,5
62739,78,86,-8,8
62740,93,90,3,3
62741,85,92,-7,7
62742,138,155,-17,17
62743,106,110,-4,4
62744,45,55,-10,10
62745,50,62,-12,12
62746,55,43,12,12
62747,44,61,-17,17
62748,70,69,1,1
62749,125,118,7,7
62750,82,84,-2,2
62751,80,79,1,1
62752,120,116,4,4
62753,100,99,1,1
62754,70,68,2,2
62755,65,68,-3,3
62756,96,102,-6,6
62757,93,95,-2,2
62758,106,100,6,6
62759,168,153,15,15
62760,169,160,9,9
62761,95,86,9,9
62762,95,97,-2,2
62763,81,77,4,4
62764,65,69,-4,4
62765,64,76,-12,12
62766,62,77,-15,15
62767,119,117,2,2
62768,93,88,5,5
62769,77,76,1,1
62770,141,137,4,4
62771,66,70,-4,4
62772,76,90,-14,14
62773,148,143,5,5
62774,57,70,-13,13
62775,78,63,15,15
62776,134,114,20,20
62777,133,128,5,5
62778,66,69,-3,3
62779,75,72,3,3
62780,97,94,3,3
62781,131,121,10,10
62782,171,163,8,8
62783,222,213,9,9
62784,102,105,-3,3
62785,60,65,-5,5
62786,144,145,-1,1
62787,43,52,-9,9
62788,82,78,4,4
62789,84,84,0,0
62790,92,100,-8,8
62791,94,77,17,17
62792,179,177,2,2
62793,119,122,-3,3
62794,61,70,-9,9
62795,93,100,-7,7
62796,53,58,-5,5
62797,142,143,-1,1
62798,69,70,-1,1
62799,90,94,-4,4
62800,139,139,0,0
62801,90,112,-22,22
62802,56,61,-5,5
62803,113,117,-4,4
62804,91,87,4,4
62805,86,87,-1,1
62806,111,107,4,4
62807,74,69,5,5
62808,139,125,14,14
62809,96,88,8,8
62810,105,102,3,3
62811,139,138,1,1
62812,61,69,-8,8
62813,70,75,-5,5
62814,70,75,-5,5
62815,61,63,-2,2
62816,127,135,-8,8
62817,92,99,-7,7
62818,120,111,9,9
62819,52,57,-5,5
62820,86,85,1,1
62821,62,64,-2,2
62822,101,122,-21,21
62823,85,103,-18,18
62824,96,103,-7,7
62825,105,107,-2,2
62826,122,120,2,2
62827,116,114,2,2
62828,98,83,15,15
62829,154,144,10,10
62830,100,98,2,2
62831,164,159,5,5
62832,162,154,8,8
62833,136,137,-1,1
62834,62,71,-9,9
62835,178,175,3,3
62836,109,93,16,16
62837,121,108,13,13
62838,108,123,-15,15
62839,84,85,-1,1
62840,131,116,15,15
62841,122,114,8,8
62842,64,75,-11,11
62843,84,83,1,1
62844,72,72,0,0
62845,185,165,20,20
62846,77,74,3,3
62847,137,156,-19,19
62848,93,102,-9,9
62849,86,98,-12,12
62850,144,127,17,17
62851,78,84,-6,6
62852,61,69,-8,8
62853,129,118,11,11
62854,52,66,-14,14
62855,195,184,11,11
62856,87,89,-2,2
62857,101,103,-2,2
62858,103,110,-7,7
62859,169,161,8,8
62860,104,103,1,1
62861,80,79,1,1
62862,40,62,-22,22
62863,90,97,-7,7
62864,89,100,-11,11
62865,105,103,2,2
62866,86,94,-8,8
62867,133,126,7,7
62868,89,84,5,5
62869,64,65,-1,1
62870,94,102,-8,8
62871,86,95,-9,9
62872,128,123,5,5
62873,53,60,-7,7
62874,91,79,12,12
62875,74,73,1,1
62876,64,68,-4,4
62877,81,75,6,6
62878,66,73,-7,7
62879,76,71,5,5
62880,91,90,1,1
62881,76,74,2,2
62882,109,101,8,8
62883,77,75,2,2
62884,76,75,1,1
62885,110,101,9,9
62886,88,87,1,1
62887,120,115,5,5
62888,127,126,1,1
62889,106,113,-7,7
62890,201,191,10,10
62891,111,112,-1,1
62892,231,213,18,18
62893,59,67,-8,8
62894,150,143,7,7
62895,141,130,11,11
62896,62,62,0,0
62897,191,188,3,3
62898,119,117,2,2
62899,72,79,-7,7
62900,103,103,0,0
62901,79,85,-6,6
62902,106,107,-1,1
62903,104,120,-16,16
62904,88,95,-7,7
62905,78,89,-11,11
62906,81,94,-13,13
62907,98,101,-3,3
62908,123,120,3,3
62909,142,147,-5,5
62910,74,74,0,0
62911,163,155,8,8
62912,102,92,10,10
62913,60,66,-6,6
62914,133,116,17,17
62915,59,63,-4,4
62916,47,59,-12,12
62917,86,91,-5,5
62918,124,115,9,9
62919,28,29,-1,1
62920,59,64,-5,5
62921,124,137,-13,13
62922,105,102,3,3
62923,103,95,8,8
62924,80,82,-2,2
62925,82,77,5,5
62926,84,79,5,5
62927,128,127,1,1
62928,101,105,-4,4
62929,72,73,-1,1
62930,89,79,10,10
62931,119,120,-1,1
62932,181,174,7,7
62933,146,145,1,1
62934,58,62,-4,4
62935,80,75,5,5
62936,37,44,-7,7
62937,45,62,-17,17
62938,95,106,-11,11
62939,108,108,0,0
62940,79,73,6,6
62941,85,73,12,12
62942,53,67,-14,14
62943,211,191,20,20
62944,103,103,0,0
62945,77,75,2,2
62946,75,73,2,2
62947,95,98,-3,3
62948,102,93,9,9
62949,77,77,0,0
62950,54,57,-3,3
62951,110,105,5,5
62952,121,115,6,6
62953,89,77,12,12
62954,93,101,-8,8
62955,44,55,-11,11
62956,84,96,-12,12
62957,135,126,9,9
62958,66,66,0,0
62959,104,115,-11,11
62960,141,131,10,10
62961,98,89,9,9
62962,90,99,-9,9
62963,115,111,4,4
62964,109,113,-4,4
62965,69,77,-8,8
62966,64,65,-1,1
62967,185,173,12,12
62968,114,109,5,5
62969,191,167,24,24
62970,49,53,-4,4
62971,83,91,-8,8
62972,100,99,1,1
62973,98,89,9,9
62974,69,78,-9,9
62975,103,94,9,9
62976,148,159,-11,11
62977,81,76,5,5
62978,151,148,3,3
62979,70,63,7,7
62980,88,84,4,4
62981,93,100,-7,7
62982,60,79,-19,19
62983,88,81,7,7
62984,63,71,-8,8
62985,92,86,6,6
62986,108,112,-4,4
62987,78,91,-13,13
62988,156,142,14,14
62989,63,68,-5,5
62990,58,65,-7,7
62991,38,39,-1,1
62992,107,103,4,4
62993,101,99,2,2
62994,65,73,-8,8
62995,120,120,0,0
62996,101,97,4,4
62997,106,94,12,12
62998,72,73,-1,1
62999,127,119,8,8
63000,65,70,-5,5
63001,126,113,13,13
63002,113,112,1,1
63003,104,113,-9,9
63004,152,143,9,9
63005,57,64,-7,7
63006,83,77,6,6
63007,101,102,-1,1
63008,81,79,2,2
63009,54,67,-13,13
63010,80,80,0,0
63011,83,89,-6,6
63012,31,29,2,2
63013,64,68,-4,4
63014,159,161,-2,2
63015,133,128,5,5
63016,116,124,-8,8
63017,57,59,-2,2
63018,99,98,1,1
63019,62,61,1,1
63020,90,84,6,6
63021,117,114,3,3
63022,142,129,13,13
63023,177,163,14,14
63024,59,63,-4,4
63025,89,101,-12,12
63026,69,70,-1,1
63027,63,72,-9,9
63028,46,76,-30,30
63029,136,144,-8,8
63030,105,117,-12,12
63031,127,137,-10,10
63032,66,72,-6,6
63033,138,141,-3,3
63034,71,71,0,0
63035,97,98,-1,1
63036,112,115,-3,3
63037,77,82,-5,5
63038,57,65,-8,8
63039,84,87,-3,3
63040,85,79,6,6
63041,111,105,6,6
63042,123,117,6,6
63043,110,118,-8,8
63044,114,116,-2,2
63045,111,135,-24,24
63046,71,80,-9,9
63047,93,85,8,8
63048,343,321,22,22
63049,72,74,-2,2
63050,186,164,22,22
63051,62,64,-2,2
63052,79,79,0,0
63053,129,131,-2,2
63054,121,142,-21,21
63055,105,103,2,2
63056,157,147,10,10
63057,115,106,9,9
63058,78,76,2,2
63059,179,186,-7,7
63060,80,80,0,0
63061,113,119,-6,6
63062,87,90,-3,3
63063,95,100,-5,5
63064,95,99,-4,4
63065,104,102,2,2
63066,88,85,3,3
63067,61,68,-7,7
63068,63,61,2,2
63069,87,107,-20,20
63070,157,165,-8,8
63071,92,122,-30,30
63072,53,59,-6,6
63073,128,117,11,11
63074,114,114,0,0
63075,95,94,1,1
63076,102,102,0,0
63077,120,124,-4,4
63078,110,118,-8,8
63079,207,196,11,11
63080,103,102,1,1
63081,55,59,-4,4
63082,98,96,2,2
63083,99,103,-4,4
63084,94,97,-3,3
63085,82,87,-5,5
63086,60,87,-27,27
63087,95,102,-7,7
63088,113,106,7,7
63089,113,112,1,1
63090,105,99,6,6
63091,80,69,11,11
63092,104,115,-11,11
63093,97,98,-1,1
63094,62,68,-6,6
63095,62,73,-11,11
63096,85,90,-5,5
63097,114,109,5,5
63098,72,69,3,3
63099,82,77,5,5
63100,94,84,10,10
63101,90,94,-4,4
63102,110,99,11,11
63103,90,82,8,8
63104,80,83,-3,3
63105,109,100,9,9
63106,61,70,-9,9
63107,185,178,7,7
63108,117,115,2,2
63109,139,134,5,5
63110,56,63,-7,7
63111,74,71,3,3
63112,107,113,-6,6
63113,78,85,-7,7
63114,51,58,-7,7
63115,87,85,2,2
63116,114,109,5,5
63117,83,84,-1,1
63118,137,130,7,7
63119,117,112,5,5
63120,87,97,-10,10
63121,69,76,-7,7
63122,86,88,-2,2
63123,150,150,0,0
63124,162,155,7,7
63125,87,85,2,2
63126,68,68,0,0
63127,68,68,0,0
63128,126,109,17,17
63129,109,102,7,7
63130,106,118,-12,12
63131,114,110,4,4
63132,136,143,-7,7
63133,128,115,13,13
63134,109,114,-5,5
63135,114,118,-4,4
63136,102,104,-2,2
63137,144,132,12,12
63138,52,52,0,0
63139,73,83,-10,10
63140,116,113,3,3
63141,111,97,14,14
63142,106,109,-3,3
63143,125,125,0,0
63144,119,108,11,11
63145,77,80,-3,3
63146,78,74,4,4
63147,62,63,-1,1
63148,80,91,-11,11
63149,101,104,-3,3
63150,130,132,-2,2
63151,165,153,12,12
63152,88,79,9,9
63153,97,111,-14,14
63154,125,115,10,10
63155,55,62,-7,7
63156,76,82,-6,6
63157,124,128,-4,4
63158,82,83,-1,1
63159,60,69,-9,9
63160,107,103,4,4
63161,109,112,-3,3
63162,162,155,7,7
63163,95,111,-16,16
63164,54,59,-5,5
63165,125,122,3,3
63166,107,99,8,8
63167,74,68,6,6
63168,155,153,2,2
63169,77,82,-5,5
63170,80,76,4,4
63171,122,127,-5,5
63172,71,77,-6,6
63173,112,104,8,8
63174,61,69,-8,8
63175,88,97,-9,9
63176,171,155,16,16
63177,98,92,6,6
63178,59,64,-5,5
63179,150,151,-1,1
63180,94,98,-4,4
63181,112,112,0,0
63182,113,88,25,25
63183,92,96,-4,4
63184,121,124,-3,3
63185,101,97,4,4
63186,82,82,0,0
63187,125,112,13,13
63188,74,74,0,0
63189,68,70,-2,2
63190,104,112,-8,8
63191,80,84,-4,4
63192,101,93,8,8
63193,96,104,-8,8
63194,96,96,0,0
63195,79,85,-6,6
63196,75,75,0,0
63197,121,120,1,1
63198,173,163,10,10
63199,123,117,6,6
63200,124,119,5,5
63201,123,117,6,6
63202,129,132,-3,3
63203,119,108,11,11
63204,107,111,-4,4
63205,117,110,7,7
63206,74,77,-3,3
63207,72,82,-10,10
63208,92,102,-10,10
63209,102,96,6,6
63210,123,135,-12,12
63211,119,128,-9,9
63212,71,71,0,0
63213,64,73,-9,9
63214,108,105,3,3
63215,140,125,15,15
63216,90,90,0,0
63217,128,125,3,3
63218,99,102,-3,3
63219,82,97,-15,15
63220,156,152,4,4
63221,137,133,4,4
63222,78,70,8,8
63223,95,99,-4,4
63224,82,97,-15,15
63225,90,93,-3,3
63226,64,69,-5,5
63227,73,77,-4,4
63228,53,66,-13,13
63229,123,124,-1,1
63230,62,68,-6,6
63231,92,100,-8,8
63232,123,116,7,7
63233,125,116,9,9
63234,41,48,-7,7
63235,187,178,9,9
63236,91,89,2,2
63237,76,78,-2,2
63238,176,165,11,11
63239,93,98,-5,5
63240,87,89,-2,2
63241,89,93,-4,4
63242,88,83,5,5
63243,99,94,5,5
63244,134,119,15,15
63245,95,93,2,2
63246,105,105,0,0
63247,42,58,-16,16
63248,96,94,2,2
63249,50,66,-16,16
63250,63,66,-3,3
63251,95,106,-11,11
63252,99,96,3,3
63253,109,122,-13,13
63254,133,117,16,16
63255,90,78,12,12
63256,71,72,-1,1
63257,58,76,-18,18
63258,173,167,6,6
63259,77,73,4,4
63260,88,66,22,22
63261,72,72,0,0
63262,116,111,5,5
63263,61,68,-7,7
63264,94,84,10,10
63265,117,124,-7,7
63266,114,113,1,1
63267,147,141,6,6
63268,125,119,6,6
63269,100,99,1,1
63270,101,88,13,13
63271,112,118,-6,6
63272,94,85,9,9
63273,119,111,8,8
63274,154,151,3,3
63275,82,81,1,1
63276,58,67,-9,9
63277,131,112,19,19
63278,82,85,-3,3
63279,96,98,-2,2
63280,80,75,5,5
63281,118,120,-2,2
63282,51,68,-17,17
63283,164,160,4,4
63284,77,105,-28,28
63285,144,145,-1,1
63286,132,139,-7,7
63287,89,85,4,4
63288,78,73,5,5
63289,51,61,-10,10
63290,100,107,-7,7
63291,108,109,-1,1
63292,143,128,15,15
63293,88,83,5,5
63294,67,69,-2,2
63295,121,127,-6,6
63296,90,84,6,6
63297,65,69,-4,4
63298,79,81,-2,2
63299,144,135,9,9
63300,55,51,4,4
63301,78,80,-2,2
63302,82,92,-10,10
63303,78,77,1,1
63304,160,163,-3,3
63305,89,82,7,7
63306,101,106,-5,5
63307,114,104,10,10
63308,86,79,7,7
63309,155,154,1,1
63310,105,114,-9,9
63311,76,74,2,2
63312,149,138,11,11
63313,99,110,-11,11
63314,120,110,10,10
63315,69,70,-1,1
63316,102,101,1,1
63317,59,62,-3,3
63318,54,63,-9,9
63319,107,100,7,7
63320,60,63,-3,3
63321,70,68,2,2
63322,219,216,3,3
63323,83,83,0,0
63324,68,70,-2,2
63325,89,91,-2,2
63326,68,76,-8,8
63327,108,112,-4,4
63328,94,105,-11,11
63329,90,91,-1,1
63330,171,171,0,0
63331,35,35,0,0
63332,39,41,-2,2
63333,80,112,-32,32
63334,69,69,0,0
63335,109,108,1,1
63336,112,118,-6,6
63337,127,127,0,0
63338,87,86,1,1
63339,60,125,-65,65
63340,67,76,-9,9
63341,151,142,9,9
63342,115,111,4,4
63343,86,93,-7,7
63344,97,85,12,12
63345,128,119,9,9
63346,137,122,15,15
63347,102,106,-4,4
63348,76,78,-2,2
63349,33,29,4,4
63350,89,91,-2,2
63351,68,68,0,0
63352,55,60,-5,5
63353,104,109,-5,5
63354,98,102,-4,4
63355,67,67,0,0
63356,103,89,14,14
63357,87,87,0,0
63358,92,93,-1,1
63359,97,84,13,13
63360,144,140,4,4
63361,94,110,-16,16
63362,95,85,10,10
63363,131,118,13,13
63364,102,94,8,8
63365,132,131,1,1
63366,83,87,-4,4
63367,127,127,0,0
63368,71,72,-1,1
63369,86,84,2,2
63370,202,184,18,18
63371,181,172,9,9
63372,129,128,1,1
63373,112,106,6,6
63374,118,115,3,3
63375,46,44,2,2
63376,120,102,18,18
63377,55,68,-13,13
63378,141,134,7,7
63379,92,89,3,3
63380,137,137,0,0
63381,59,66,-7,7
63382,192,201,-9,9
63383,144,143,1,1
63384,91,96,-5,5
63385,111,113,-2,2
63386,52,57,-5,5
63387,135,127,8,8
63388,43,52,-9,9
63389,138,125,13,13
63390,159,145,14,14
63391,88,92,-4,4
63392,63,69,-6,6
63393,90,96,-6,6
63394,101,94,7,7
63395,72,74,-2,2
63396,64,64,0,0
63397,81,76,5,5
63398,94,98,-4,4
63399,125,138,-13,13
63400,64,67,-3,3
63401,68,72,-4,4
63402,77,83,-6,6
63403,125,129,-4,4
63404,68,71,-3,3
63405,131,127,4,4
63406,72,73,-1,1
63407,113,106,7,7
63408,136,138,-2,2
63409,136,127,9,9
63410,129,118,11,11
63411,118,114,4,4
63412,79,76,3,3
63413,98,94,4,4
63414,117,116,1,1
63415,98,107,-9,9
63416,30,38,-8,8
63417,76,71,5,5
63418,87,84,3,3
63419,110,107,3,3
63420,80,82,-2,2
63421,48,65,-17,17
63422,120,114,6,6
63423,98,104,-6,6
63424,43,54,-11,11
63425,84,81,3,3
63426,62,69,-7,7
63427,165,169,-4,4
63428,56,62,-6,6
63429,85,83,2,2
63430,109,100,9,9
63431,149,141,8,8
63432,55,59,-4,4
63433,89,100,-11,11
63434,68,79,-11,11
63435,68,71,-3,3
63436,146,143,3,3
63437,112,113,-1,1
63438,104,102,2,2
63439,49,52,-3,3
63440,67,66,1,1
63441,70,70,0,0
63442,109,103,6,6
63443,56,61,-5,5
63444,148,143,5,5
63445,97,101,-4,4
63446,79,81,-2,2
63447,116,104,12,12
63448,97,98,-1,1
63449,79,78,1,1
63450,74,70,4,4
63451,67,64,3,3
63452,118,113,5,5
63453,72,77,-5,5
63454,128,113,15,15
63455,113,116,-3,3
63456,103,111,-8,8
63457,86,95,-9,9
63458,59,67,-8,8
63459,114,122,-8,8
63460,125,130,-5,5
63461,105,100,5,5
63462,70,69,1,1
63463,147,134,13,13
63464,90,83,7,7
63465,81,87,-6,6
63466,65,75,-10,10
63467,63,66,-3,3
63468,110,109,1,1
63469,108,100,8,8
63470,62,78,-16,16
63471,107,107,0,0
63472,47,55,-8,8
63473,76,79,-3,3
63474,92,97,-5,5
63475,129,127,2,2
63476,87,88,-1,1
63477,90,80,10,10
63478,75,76,-1,1
63479,69,76,-7,7
63480,61,68,-7,7
63481,76,75,1,1
63482,49,57,-8,8
63483,133,125,8,8
63484,147,153,-6,6
63485,115,109,6,6
63486,88,98,-10,10
63487,70,71,-1,1
63488,77,78,-1,1
63489,64,67,-3,3
63490,182,165,17,17
63491,103,98,5,5
63492,91,95,-4,4
63493,104,102,2,2
63494,67,62,5,5
63495,90,92,-2,2
63496,81,86,-5,5
63497,140,138,2,2
63498,64,69,-5,5
63499,132,127,5,5
63500,64,66,-2,2
63501,117,116,1,1
63502,86,94,-8,8
63503,216,197,19,19
63504,129,121,8,8
63505,107,106,1,1
63506,114,112,2,2
63507,99,93,6,6
63508,232,208,24,24
63509,81,84,-3,3
63510,117,119,-2,2
63511,142,144,-2,2
63512,33,29,4,4
63513,80,82,-2,2
63514,95,88,7,7
63515,84,81,3,3
63516,111,116,-5,5
63517,53,62,-9,9
63518,47,64,-17,17
63519,80,81,-1,1
63520,81,82,-1,1
63521,74,73,1,1
63522,49,57,-8,8
63523,124,109,15,15
63524,98,95,3,3
63525,155,156,-1,1
63526,58,66,-8,8
63527,111,106,5,5
63528,99,115,-16,16
63529,124,113,11,11
63530,62,61,1,1
63531,55,60,-5,5
63532,72,74,-2,2
63533,62,66,-4,4
63534,74,71,3,3
63535,76,68,8,8
63536,102,100,2,2
63537,87,87,0,0
63538,136,129,7,7
63539,89,84,5,5
63540,68,69,-1,1
63541,67,70,-3,3
63542,97,101,-4,4
63543,123,115,8,8
63544,170,151,19,19
63545,120,123,-3,3
63546,110,118,-8,8
63547,100,99,1,1
63548,37,51,-14,14
63549,84,74,10,10
63550,62,67,-5,5
63551,145,134,11,11
63552,106,104,2,2
63553,115,110,5,5
63554,126,126,0,0
63555,141,151,-10,10
63556,92,91,1,1
63557,110,108,2,2
63558,59,73,-14,14
63559,90,83,7,7
63560,77,76,1,1
63561,70,73,-3,3
63562,77,73,4,4
63563,79,73,6,6
63564,154,147,7,7
63565,137,140,-3,3
63566,106,105,1,1
63567,116,111,5,5
63568,119,107,12,12
63569,65,63,2,2
63570,139,132,7,7
63571,145,132,13,13
63572,141,137,4,4
63573,119,111,8,8
63574,70,73,-3,3
63575,78,77,1,1
63576,75,65,10,10
63577,100,99,1,1
63578,163,153,10,10
63579,162,157,5,5
63580,153,147,6,6
63581,94,98,-4,4
63582,74,74,0,0
63583,88,88,0,0
63584,67,71,-4,4
63585,100,110,-10,10
63586,117,125,-8,8
63587,80,77,3,3
63588,95,83,12,12
63589,77,79,-2,2
63590,121,115,6,6
63591,141,132,9,9
63592,83,77,6,6
63593,55,61,-6,6
63594,87,79,8,8
63595,76,80,-4,4
63596,116,105,11,11
63597,162,196,-34,34
63598,114,113,1,1
63599,79,77,2,2
63600,117,121,-4,4
63601,54,60,-6,6
63602,87,91,-4,4
63603,124,125,-1,1
63604,101,100,1,1
63605,53,61,-8,8
63606,133,127,6,6
63607,75,89,-14,14
63608,78,89,-11,11
63609,69,81,-12,12
63610,40,45,-5,5
63611,84,80,4,4
63612,94,98,-4,4
63613,75,73,2,2
63614,95,96,-1,1
63615,82,98,-16,16
63616,75,74,1,1
63617,141,116,25,25
63618,98,104,-6,6
63619,101,112,-11,11
63620,49,54,-5,5
63621,45,49,-4,4
63622,94,98,-4,4
63623,132,113,19,19
63624,122,111,11,11
63625,96,99,-3,3
63626,89,85,4,4
63627,114,114,0,0
63628,112,106,6,6
63629,55,68,-13,13
63630,63,67,-4,4
63631,133,116,17,17
63632,71,80,-9,9
63633,81,73,8,8
63634,104,106,-2,2
63635,97,83,14,14
63636,103,108,-5,5
63637,110,100,10,10
63638,91,88,3,3
63639,60,67,-7,7
63640,58,65,-7,7
63641,91,92,-1,1
63642,69,73,-4,4
63643,75,84,-9,9
63644,175,178,-3,3
63645,62,66,-4,4
63646,121,119,2,2
63647,64,67,-3,3
63648,103,97,6,6
63649,109,76,33,33
63650,111,101,10,10
63651,87,77,10,10
63652,146,136,10,10
63653,68,73,-5,5
63654,69,70,-1,1
63655,79,85,-6,6
63656,111,121,-10,10
63657,72,72,0,0
63658,110,105,5,5
63659,106,107,-1,1
63660,112,103,9,9
63661,85,76,9,9
63662,153,159,-6,6
63663,102,86,16,16
63664,75,77,-2,2
63665,123,112,11,11
63666,80,97,-17,17
63667,81,82,-1,1
63668,76,77,-1,1
63669,107,130,-23,23
63670,163,155,8,8
63671,75,81,-6,6
63672,83,80,3,3
63673,72,69,3,3
63674,73,75,-2,2
63675,47,62,-15,15
63676,127,120,7,7
63677,31,33,-2,2
63678,88,81,7,7
63679,131,130,1,1
63680,140,155,-15,15
63681,172,170,2,2
63682,86,82,4,4
63683,137,128,9,9
63684,108,106,2,2
63685,67,70,-3,3
63686,157,173,-16,16
63687,42,57,-15,15
63688,81,81,0,0
63689,96,85,11,11
63690,189,187,2,2
63691,97,110,-13,13
63692,82,92,-10,10
63693,105,95,10,10
63694,107,101,6,6
63695,81,84,-3,3
63696,44,48,-4,4
63697,93,90,3,3
63698,63,67,-4,4
63699,46,94,-48,48
63700,128,139,-11,11
63701,133,139,-6,6
63702,40,49,-9,9
63703,119,115,4,4
63704,100,94,6,6
63705,96,94,2,2
63706,84,86,-2,2
63707,188,187,1,1
63708,66,70,-4,4
63709,145,147,-2,2
63710,50,64,-14,14
63711,74,76,-2,2
63712,82,81,1,1
63713,92,83,9,9
63714,131,129,2,2
63715,69,71,-2,2
63716,97,85,12,12
63717,137,132,5,5
63718,98,103,-5,5
63719,67,74,-7,7
63720,107,115,-8,8
63721,49,55,-6,6
63722,76,76,0,0
63723,66,69,-3,3
63724,170,158,12,12
63725,101,106,-5,5
63726,95,82,13,13
63727,76,74,2,2
63728,82,80,2,2
63729,84,81,3,3
63730,106,119,-13,13
63731,64,75,-11,11
63732,91,91,0,0
63733,86,85,1,1
63734,54,59,-5,5
63735,82,97,-15,15
63736,89,95,-6,6
63737,97,99,-2,2
63738,161,152,9,9
63739,48,48,0,0
63740,109,107,2,2
63741,159,149,10,10
63742,106,109,-3,3
63743,181,158,23,23
63744,129,136,-7,7
63745,101,107,-6,6
63746,114,111,3,3
63747,126,115,11,11
63748,168,150,18,18
63749,95,101,-6,6
63750,80,82,-2,2
63751,96,93,3,3
63752,35,43,-8,8
63753,73,75,-2,2
63754,89,86,3,3
63755,107,98,9,9
63756,88,90,-2,2
63757,92,97,-5,5
63758,91,79,12,12
63759,91,81,10,10
63760,120,132,-12,12
63761,82,79,3,3
63762,80,85,-5,5
63763,55,61,-6,6
63764,76,71,5,5
63765,72,72,0,0
63766,105,100,5,5
63767,113,109,4,4
63768,67,67,0,0
63769,101,105,-4,4
63770,80,79,1,1
63771,80,86,-6,6
63772,96,91,5,5
63773,71,75,-4,4
63774,148,156,-8,8
63775,72,70,2,2
63776,127,131,-4,4
63777,75,77,-2,2
63778,83,86,-3,3
63779,90,96,-6,6
63780,86,87,-1,1
63781,75,80,-5,5
63782,72,75,-3,3
63783,70,62,8,8
63784,105,103,2,2
63785,41,48,-7,7
63786,68,73,-5,5
63787,86,80,6,6
63788,64,61,3,3
63789,86,92,-6,6
63790,51,62,-11,11
63791,124,112,12,12
63792,88,94,-6,6
63793,93,92,1,1
63794,54,71,-17,17
63795,71,68,3,3
63796,132,134,-2,2
63797,101,98,3,3
63798,172,154,18,18
63799,176,172,4,4
63800,173,179,-6,6
63801,130,128,2,2
63802,79,77,2,2
63803,102,105,-3,3
63804,133,129,4,4
63805,90,73,17,17
63806,102,100,2,2
63807,65,69,-4,4
63808,128,125,3,3
63809,159,129,30,30
63810,57,60,-3,3
63811,171,162,9,9
63812,66,74,-8,8
63813,165,153,12,12
63814,51,54,-3,3
63815,111,111,0,0
63816,211,183,28,28
63817,89,82,7,7
63818,74,76,-2,2
63819,86,100,-14,14
63820,129,113,16,16
63821,67,65,2,2
63822,112,114,-2,2
63823,102,85,17,17
63824,76,76,0,0
63825,67,78,-11,11
63826,96,94,2,2
63827,115,118,-3,3
63828,95,99,-4,4
63829,129,124,5,5
63830,78,74,4,4
63831,58,67,-9,9
63832,93,92,1,1
63833,53,56,-3,3
63834,62,67,-5,5
63835,89,90,-1,1
63836,110,109,1,1
63837,109,117,-8,8
63838,34,66,-32,32
63839,94,84,10,10
63840,54,62,-8,8
63841,111,113,-2,2
63842,128,132,-4,4
63843,141,142,-1,1
63844,92,86,6,6
63845,102,85,17,17
63846,94,99,-5,5
63847,130,120,10,10
63848,93,98,-5,5
63849,86,74,12,12
63850,102,101,1,1
63851,137,121,16,16
63852,55,50,5,5
63853,118,114,4,4
63854,121,115,6,6
63855,155,146,9,9
63856,71,77,-6,6
63857,140,137,3,3
63858,64,75,-11,11
63859,110,118,-8,8
63860,119,121,-2,2
63861,55,66,-11,11
63862,80,84,-4,4
63863,142,127,15,15
63864,44,58,-14,14
63865,111,114,-3,3
63866,113,108,5,5
63867,146,131,15,15
63868,169,170,-1,1
63869,129,119,10,10
63870,76,80,-4,4
63871,67,67,0,0
63872,75,73,2,2
63873,68,71,-3,3
63874,74,80,-6,6
63875,80,77,3,3
63876,33,36,-3,3
63877,91,91,0,0
63878,75,73,2,2
63879,94,87,7,7
63880,142,128,14,14
63881,50,105,-55,55
63882,193,195,-2,2
63883,81,84,-3,3
63884,111,106,5,5
63885,130,128,2,2
63886,51,54,-3,3
63887,73,71,2,2
63888,136,142,-6,6
63889,94,92,2,2
63890,111,100,11,11
63891,119,114,5,5
63892,101,102,-1,1
63893,79,75,4,4
63894,92,93,-1,1
63895,84,76,8,8
63896,48,59,-11,11
63897,105,107,-2,2
63898,87,77,10,10
63899,91,97,-6,6
63900,78,84,-6,6
63901,136,148,-12,12
63902,123,125,-2,2
63903,130,127,3,3
63904,126,116,10,10
63905,84,94,-10,10
63906,122,125,-3,3
63907,124,122,2,2
63908,117,111,6,6
63909,49,53,-4,4
63910,63,66,-3,3
63911,64,67,-3,3
63912,57,65,-8,8
63913,37,50,-13,13
63914,38,52,-14,14
63915,56,58,-2,2
63916,137,129,8,8
63917,109,113,-4,4
63918,158,150,8,8
63919,112,120,-8,8
63920,96,106,-10,10
63921,99,105,-6,6
63922,68,69,-1,1
63923,94,100,-6,6
63924,118,118,0,0
63925,80,81,-1,1
63926,78,83,-5,5
63927,94,90,4,4
63928,172,168,4,4
63929,39,48,-9,9
63930,62,76,-14,14
63931,152,135,17,17
63932,120,113,7,7
63933,90,83,7,7
63934,105,99,6,6
63935,80,76,4,4
63936,58,66,-8,8
63937,51,62,-11,11
63938,90,89,1,1
63939,107,101,6,6
63940,71,74,-3,3
63941,61,69,-8,8
63942,111,129,-18,18
63943,88,98,-10,10
63944,56,65,-9,9
63945,93,88,5,5
63946,106,100,6,6
63947,96,96,0,0
63948,81,88,-7,7
63949,63,64,-1,1
63950,112,115,-3,3
63951,120,112,8,8
63952,59,59,0,0
63953,103,88,15,15
63954,50,60,-10,10
63955,115,98,17,17
63956,54,66,-12,12
63957,71,70,1,1
63958,59,62,-3,3
63959,115,114,1,1
63960,47,60,-13,13
63961,100,101,-1,1
63962,77,78,-1,1
63963,195,179,16,16
63964,118,115,3,3
63965,90,93,-3,3
63966,101,98,3,3
63967,141,136,5,5
63968,153,145,8,8
63969,72,82,-10,10
63970,76,80,-4,4
63971,141,123,18,18
63972,168,151,17,17
63973,189,165,24,24
63974,52,60,-8,8
63975,90,87,3,3
63976,81,82,-1,1
63977,54,62,-8,8
63978,128,120,8,8
63979,86,94,-8,8
63980,65,73,-8,8
63981,53,59,-6,6
63982,57,65,-8,8
63983,90,72,18,18
63984,73,79,-6,6
63985,75,85,-10,10
63986,85,81,4,4
63987,143,138,5,5
63988,44,60,-16,16
63989,81,76,5,5
63990,76,83,-7,7
63991,126,118,8,8
63992,46,58,-12,12
63993,139,123,16,16
63994,154,151,3,3
63995,161,169,-8,8
63996,59,60,-1,1
63997,78,83,-5,5
63998,85,86,-1,1
63999,48,65,-17,17
64000,71,71,0,0
64001,79,82,-3,3
64002,65,67,-2,2
64003,78,77,1,1
64004,117,117,0,0
64005,51,56,-5,5
64006,153,90,63,63
64007,118,126,-8,8
64008,66,65,1,1
64009,75,80,-5,5
64010,102,108,-6,6
64011,85,84,1,1
64012,64,69,-5,5
64013,95,102,-7,7
64014,160,149,11,11
64015,94,89,5,5
64016,68,78,-10,10
64017,180,176,4,4
64018,52,78,-26,26
64019,106,110,-4,4
64020,85,84,1,1
64021,115,130,-15,15
64022,57,54,3,3
64023,104,105,-1,1
64024,53,58,-5,5
64025,79,73,6,6
64026,68,80,-12,12
64027,86,79,7,7
64028,121,112,9,9
64029,54,57,-3,3
64030,74,73,1,1
64031,122,140,-18,18
64032,67,69,-2,2
64033,128,132,-4,4
64034,56,64,-8,8
64035,146,143,3,3
64036,111,119,-8,8
64037,86,87,-1,1
64038,96,85,11,11
64039,144,151,-7,7
64040,73,74,-1,1
64041,50,57,-7,7
64042,179,178,1,1
64043,83,86,-3,3
64044,62,65,-3,3
64045,103,105,-2,2
64046,101,100,1,1
64047,59,66,-7,7
64048,74,69,5,5
64049,72,71,1,1
64050,75,85,-10,10
64051,109,110,-1,1
64052,102,90,12,12
64053,143,138,5,5
64054,83,98,-15,15
64055,156,159,-3,3
64056,124,114,10,10
64057,80,77,3,3
64058,161,147,14,14
64059,54,67,-13,13
64060,75,92,-17,17
64061,155,137,18,18
64062,117,105,12,12
64063,130,130,0,0
64064,225,198,27,27
64065,94,91,3,3
64066,63,63,0,0
64067,72,72,0,0
64068,179,169,10,10
64069,141,138,3,3
64070,82,74,8,8
64071,62,56,6,6
64072,122,122,0,0
64073,79,74,5,5
64074,93,79,14,14
64075,137,162,-25,25
64076,110,112,-2,2
64077,137,134,3,3
64078,84,72,12,12
64079,64,68,-4,4
64080,64,62,2,2
64081,56,66,-10,10
64082,70,72,-2,2
64083,76,78,-2,2
64084,118,111,7,7
64085,88,77,11,11
64086,81,76,5,5
64087,129,124,5,5
64088,64,71,-7,7
64089,97,94,3,3
64090,123,125,-2,2
64091,86,76,10,10
64092,97,95,2,2
64093,115,117,-2,2
64094,96,103,-7,7
64095,77,77,0,0
64096,168,184,-16,16
64097,51,58,-7,7
64098,90,84,6,6
64099,56,68,-12,12
64100,71,77,-6,6
64101,107,109,-2,2
64102,94,82,12,12
64103,46,62,-16,16
64104,118,108,10,10
64105,129,118,11,11
64106,106,111,-5,5
64107,81,85,-4,4
64108,82,77,5,5
64109,56,60,-4,4
64110,79,73,6,6
64111,71,74,-3,3
64112,148,157,-9,9
64113,205,188,17,17
64114,142,127,15,15
64115,85,79,6,6
64116,47,56,-9,9
64117,91,90,1,1
64118,108,103,5,5
64119,73,69,4,4
64120,102,105,-3,3
64121,129,137,-8,8
64122,130,162,-32,32
64123,103,95,8,8
64124,70,95,-25,25
64125,90,86,4,4
64126,118,134,-16,16
64127,85,74,11,11
64128,63,72,-9,9
64129,62,61,1,1
64130,93,93,0,0
64131,66,82,-16,16
64132,57,62,-5,5
64133,43,54,-11,11
64134,104,98,6,6
64135,131,125,6,6
64136,88,81,7,7
64137,79,82,-3,3
64138,83,73,10,10
64139,77,73,4,4
64140,82,85,-3,3
64141,109,106,3,3
64142,118,112,6,6
64143,134,139,-5,5
64144,124,134,-10,10
64145,105,110,-5,5
64146,102,95,7,7
64147,109,105,4,4
64148,100,102,-2,2
64149,84,84,0,0
64150,88,83,5,5
64151,86,84,2,2
64152,92,84,8,8
64153,125,115,10,10
64154,70,68,2,2
64155,167,142,25,25
64156,151,162,-11,11
64157,80,72,8,8
64158,125,112,13,13
64159,140,150,-10,10
64160,101,101,0,0
64161,68,68,0,0
64162,48,56,-8,8
64163,105,101,4,4
64164,72,69,3,3
64165,73,76,-3,3
64166,139,137,2,2
64167,88,95,-7,7
64168,65,99,-34,34
64169,100,99,1,1
64170,150,150,0,0
64171,116,114,2,2
64172,64,66,-2,2
64173,115,105,10,10
64174,58,65,-7,7
64175,132,142,-10,10
64176,91,83,8,8
64177,75,69,6,6
64178,98,105,-7,7
64179,109,108,1,1
64180,115,105,10,10
64181,86,98,-12,12
64182,100,86,14,14
64183,77,76,1,1
64184,156,159,-3,3
64185,63,65,-2,2
64186,81,81,0,0
64187,95,90,5,5
64188,70,72,-2,2
64189,100,100,0,0
64190,92,95,-3,3
64191,150,151,-1,1
64192,99,106,-7,7
64193,133,125,8,8
64194,46,55,-9,9
64195,99,90,9,9
64196,128,119,9,9
64197,77,77,0,0
64198,77,79,-2,2
64199,62,70,-8,8
64200,175,152,23,23
64201,183,175,8,8
64202,80,83,-3,3
64203,124,124,0,0
64204,116,112,4,4
64205,140,150,-10,10
64206,74,72,2,2
64207,104,119,-15,15
64208,43,56,-13,13
64209,191,180,11,11
64210,245,249,-4,4
64211,94,88,6,6
64212,110,99,11,11
64213,86,87,-1,1
64214,49,65,-16,16
64215,116,115,1,1
64216,58,64,-6,6
64217,51,54,-3,3
64218,96,97,-1,1
64219,73,79,-6,6
64220,100,104,-4,4
64221,83,143,-60,60
64222,130,126,4,4
64223,64,72,-8,8
64224,77,77,0,0
64225,126,130,-4,4
64226,52,55,-3,3
64227,84,80,4,4
64228,69,82,-13,13
64229,107,126,-19,19
64230,104,96,8,8
64231,55,60,-5,5
64232,87,92,-5,5
64233,88,94,-6,6
64234,147,150,-3,3
64235,122,116,6,6
64236,120,112,8,8
64237,166,159,7,7
64238,80,86,-6,6
64239,122,122,0,0
64240,43,46,-3,3
64241,121,112,9,9
64242,70,76,-6,6
64243,101,100,1,1
64244,57,66,-9,9
64245,100,95,5,5
64246,52,61,-9,9
64247,69,73,-4,4
64248,52,54,-2,2
64249,60,65,-5,5
64250,74,72,2,2
64251,92,95,-3,3
64252,47,59,-12,12
64253,91,94,-3,3
64254,72,76,-4,4
64255,45,50,-5,5
64256,70,79,-9,9
64257,119,120,-1,1
64258,113,117,-4,4
64259,51,57,-6,6
64260,56,63,-7,7
64261,95,94,1,1
64262,82,91,-9,9
64263,79,79,0,0
64264,70,74,-4,4
64265,78,80,-2,2
64266,94,95,-1,1
64267,68,70,-2,2
64268,87,89,-2,2
64269,164,190,-26,26
64270,101,97,4,4
64271,145,145,0,0
64272,50,54,-4,4
64273,65,80,-15,15
64274,108,99,9,9
64275,77,74,3,3
64276,153,140,13,13
64277,113,107,6,6
64278,181,155,26,26
64279,52,58,-6,6
64280,96,101,-5,5
64281,139,129,10,10
64282,91,93,-2,2
64283,73,76,-3,3
64284,77,78,-1,1
64285,71,75,-4,4
64286,51,59,-8,8
64287,90,96,-6,6
64288,68,68,0,0
64289,73,76,-3,3
64290,94,103,-9,9
64291,69,69,0,0
64292,90,92,-2,2
64293,154,156,-2,2
64294,163,144,19,19
64295,74,77,-3,3
64296,55,65,-10,10
64297,73,77,-4,4
64298,33,29,4,4
64299,154,146,8,8
64300,70,58,12,12
64301,72,73,-1,1
64302,96,102,-6,6
64303,117,116,1,1
64304,127,126,1,1
64305,84,89,-5,5
64306,99,104,-5,5
64307,72,71,1,1
64308,144,130,14,14
64309,74,77,-3,3
64310,75,77,-2,2
64311,89,83,6,6
64312,122,113,9,9
64313,165,156,9,9
64314,45,52,-7,7
64315,82,87,-5,5
64316,84,79,5,5
64317,166,161,5,5
64318,140,130,10,10
64319,96,106,-10,10
64320,73,72,1,1
64321,200,190,10,10
64322,113,112,1,1
64323,137,129,8,8
64324,87,91,-4,4
64325,127,122,5,5
64326,74,68,6,6
64327,89,84,5,5
64328,128,135,-7,7
64329,73,77,-4,4
64330,53,58,-5,5
64331,26,48,-22,22
64332,104,103,1,1
64333,91,83,8,8
64334,157,150,7,7
64335,93,88,5,5
64336,125,129,-4,4
64337,66,65,1,1
64338,125,118,7,7
64339,144,119,25,25
64340,106,98,8,8
64341,129,119,10,10
64342,86,96,-10,10
64343,188,178,10,10
64344,142,132,10,10
64345,54,60,-6,6
64346,185,157,28,28
64347,152,148,4,4
64348,55,57,-2,2
64349,74,79,-5,5
64350,132,136,-4,4
64351,80,74,6,6
64352,77,77,0,0
64353,67,73,-6,6
64354,71,71,0,0
64355,129,115,14,14
64356,116,109,7,7
64357,97,95,2,2
64358,39,47,-8,8
64359,44,56,-12,12
64360,73,74,-1,1
64361,78,76,2,2
64362,68,68,0,0
64363,57,59,-2,2
64364,97,82,15,15
64365,77,77,0,0
64366,159,155,4,4
64367,144,130,14,14
64368,58,67,-9,9
64369,74,82,-8,8
64370,47,57,-10,10
64371,86,84,2,2
64372,95,82,13,13
64373,74,73,1,1
64374,84,97,-13,13
64375,175,169,6,6
64376,47,54,-7,7
64377,110,104,6,6
64378,181,174,7,7
64379,117,114,3,3
64380,77,68,9,9
64381,88,77,11,11
64382,84,92,-8,8
64383,56,58,-2,2
64384,49,51,-2,2
64385,75,81,-6,6
64386,58,59,-1,1
64387,110,112,-2,2
64388,80,82,-2,2
64389,120,127,-7,7
64390,79,100,-21,21
64391,107,115,-8,8
64392,79,78,1,1
64393,69,73,-4,4
64394,36,48,-12,12
64395,106,105,1,1
64396,64,67,-3,3
64397,91,99,-8,8
64398,70,76,-6,6
64399,69,71,-2,2
64400,75,81,-6,6
64401,54,59,-5,5
64402,69,78,-9,9
64403,105,114,-9,9
64404,67,73,-6,6
64405,28,34,-6,6
64406,57,63,-6,6
64407,46,38,8,8
64408,52,58,-6,6
64409,122,120,2,2
64410,101,97,4,4
64411,129,120,9,9
64412,143,155,-12,12
64413,193,181,12,12
64414,55,62,-7,7
64415,92,94,-2,2
64416,107,91,16,16
64417,137,119,18,18
64418,100,103,-3,3
64419,61,70,-9,9
64420,113,101,12,12
64421,112,109,3,3
64422,78,72,6,6
64423,82,92,-10,10
64424,58,71,-13,13
64425,65,57,8,8
64426,52,65,-13,13
64427,106,106,0,0
64428,47,59,-12,12
64429,72,79,-7,7
64430,75,79,-4,4
64431,135,144,-9,9
64432,87,92,-5,5
64433,175,170,5,5
64434,99,108,-9,9
64435,50,56,-6,6
64436,90,85,5,5
64437,83,94,-11,11
64438,68,72,-4,4
64439,85,86,-1,1
64440,73,76,-3,3
64441,58,70,-12,12
64442,78,76,2,2
64443,89,96,-7,7
64444,49,57,-8,8
64445,73,69,4,4
64446,108,85,23,23
64447,60,67,-7,7
64448,142,127,15,15
64449,217,196,21,21
64450,57,58,-1,1
64451,61,64,-3,3
64452,82,76,6,6
64453,73,75,-2,2
64454,108,106,2,2
64455,139,148,-9,9
64456,80,78,2,2
64457,218,209,9,9
64458,119,118,1,1
64459,105,103,2,2
64460,57,67,-10,10
64461,106,115,-9,9
64462,74,82,-8,8
64463,77,82,-5,5
64464,143,137,6,6
64465,103,100,3,3
64466,120,114,6,6
64467,124,112,12,12
64468,112,108,4,4
64469,105,99,6,6
64470,144,143,1,1
64471,97,88,9,9
64472,65,67,-2,2
64473,74,72,2,2
64474,55,63,-8,8
64475,80,81,-1,1
64476,115,113,2,2
64477,145,148,-3,3
64478,103,110,-7,7
64479,132,123,9,9
64480,46,29,17,17
64481,59,62,-3,3
64482,83,80,3,3
64483,150,144,6,6
64484,182,176,6,6
64485,44,54,-10,10
64486,64,76,-12,12
64487,53,60,-7,7
64488,78,87,-9,9
64489,112,117,-5,5
64490,109,105,4,4
64491,95,104,-9,9
64492,62,86,-24,24
64493,57,65,-8,8
64494,130,127,3,3
64495,101,96,5,5
64496,135,140,-5,5
64497,100,115,-15,15
64498,107,117,-10,10
64499,97,103,-6,6
64500,79,76,3,3
64501,80,85,-5,5
64502,94,74,20,20
64503,122,118,4,4
64504,57,64,-7,7
64505,58,67,-9,9
64506,76,75,1,1
64507,144,128,16,16
64508,51,54,-3,3
64509,54,64,-10,10
64510,85,86,-1,1
64511,61,67,-6,6
64512,148,128,20,20
64513,33,40,-7,7
64514,99,97,2,2
64515,117,112,5,5
64516,82,79,3,3
64517,54,79,-25,25
64518,144,131,13,13
64519,141,137,4,4
64520,80,87,-7,7
64521,203,183,20,20
64522,93,93,0,0
64523,65,67,-2,2
64524,61,62,-1,1
64525,139,130,9,9
64526,84,84,0,0
64527,72,78,-6,6
64528,68,77,-9,9
64529,56,72,-16,16
64530,101,102,-1,1
64531,63,73,-10,10
64532,94,98,-4,4
64533,120,116,4,4
64534,113,117,-4,4
64535,32,42,-10,10
64536,94,104,-10,10
64537,116,115,1,1
64538,101,98,3,3
64539,57,67,-10,10
64540,144,133,11,11
64541,76,79,-3,3
64542,94,93,1,1
64543,80,82,-2,2
64544,100,100,0,0
64545,150,136,14,14
64546,85,87,-2,2
64547,77,77,0,0
64548,75,76,-1,1
64549,170,158,12,12
64550,138,143,-5,5
64551,74,72,2,2
64552,83,82,1,1
64553,193,190,3,3
64554,95,86,9,9
64555,132,129,3,3
64556,69,72,-3,3
64557,120,130,-10,10
64558,102,101,1,1
64559,87,83,4,4
64560,133,115,18,18
64561,106,103,3,3
64562,90,95,-5,5
64563,61,67,-6,6
64564,87,87,0,0
64565,130,123,7,7
64566,77,81,-4,4
64567,80,101,-21,21
64568,95,83,12,12
64569,64,68,-4,4
64570,57,67,-10,10
64571,70,73,-3,3
64572,111,108,3,3
64573,54,59,-5,5
64574,142,165,-23,23
64575,52,61,-9,9
64576,47,59,-12,12
64577,133,137,-4,4
64578,140,145,-5,5
64579,60,67,-7,7
64580,186,162,24,24
64581,77,79,-2,2
64582,101,95,6,6
64583,59,62,-3,3
64584,121,126,-5,5
64585,104,111,-7,7
64586,155,131,24,24
64587,83,78,5,5
64588,77,76,1,1
64589,123,111,12,12
64590,59,62,-3,3
64591,105,93,12,12
64592,75,85,-10,10
64593,116,107,9,9
64594,72,76,-4,4
64595,149,155,-6,6
64596,119,113,6,6
64597,63,73,-10,10
64598,87,84,3,3
64599,137,127,10,10
64600,82,77,5,5
64601,125,121,4,4
64602,36,29,7,7
64603,67,71,-4,4
64604,116,117,-1,1
64605,155,142,13,13
64606,103,88,15,15
64607,104,98,6,6
64608,143,144,-1,1
64609,123,122,1,1
64610,121,113,8,8
64611,87,77,10,10
64612,72,76,-4,4
64613,49,67,-18,18
64614,69,84,-15,15
64615,72,89,-17,17
64616,116,94,22,22
64617,138,146,-8,8
64618,97,104,-7,7
64619,63,66,-3,3
64620,109,105,4,4
64621,80,80,0,0
64622,96,93,3,3
64623,98,86,12,12
64624,101,107,-6,6
64625,143,144,-1,1
64626,90,87,3,3
64627,85,80,5,5
64628,120,127,-7,7
64629,65,65,0,0
64630,161,143,18,18
64631,124,108,16,16
64632,103,103,0,0
64633,99,96,3,3
64634,121,126,-5,5
64635,122,120,2,2
64636,104,113,-9,9
64637,160,168,-8,8
64638,109,86,23,23
64639,63,67,-4,4
64640,112,108,4,4
64641,88,87,1,1
64642,88,86,2,2
64643,101,116,-15,15
64644,50,58,-8,8
64645,170,175,-5,5
64646,64,73,-9,9
64647,102,112,-10,10
64648,93,94,-1,1
64649,132,127,5,5
64650,75,84,-9,9
64651,84,74,10,10
64652,60,65,-5,5
64653,103,115,-12,12
64654,58,61,-3,3
64655,153,135,18,18
64656,135,124,11,11
64657,62,77,-15,15
64658,162,151,11,11
64659,74,77,-3,3
64660,90,82,8,8
64661,127,123,4,4
64662,97,100,-3,3
64663,102,98,4,4
64664,117,113,4,4
64665,38,53,-15,15
64666,114,109,5,5
64667,45,38,7,7
64668,100,98,2,2
64669,61,62,-1,1
64670,101,94,7,7
64671,120,119,1,1
64672,152,142,10,10
64673,84,87,-3,3
64674,100,91,9,9
64675,108,104,4,4
64676,124,133,-9,9
64677,148,151,-3,3
64678,46,55,-9,9
64679,119,118,1,1
64680,118,110,8,8
64681,52,61,-9,9
64682,104,110,-6,6
64683,82,101,-19,19
64684,100,91,9,9
64685,118,108,10,10
64686,70,76,-6,6
64687,104,90,14,14
64688,141,136,5,5
64689,97,98,-1,1
64690,24,29,-5,5
64691,192,167,25,25
64692,71,66,5,5
64693,78,86,-8,8
64694,46,57,-11,11
64695,79,82,-3,3
64696,153,138,15,15
64697,88,101,-13,13
64698,64,74,-10,10
64699,81,76,5,5
64700,81,79,2,2
64701,105,100,5,5
64702,88,96,-8,8
64703,120,125,-5,5
64704,68,68,0,0
64705,84,83,1,1
64706,121,114,7,7
64707,80,75,5,5
64708,138,143,-5,5
64709,90,81,9,9
64710,87,92,-5,5
64711,92,97,-5,5
64712,111,118,-7,7
64713,77,74,3,3
64714,74,76,-2,2
64715,170,145,25,25
64716,77,80,-3,3
64717,117,125,-8,8
64718,151,134,17,17
64719,84,85,-1,1
64720,108,116,-8,8
64721,69,77,-8,8
64722,121,126,-5,5
64723,94,104,-10,10
64724,41,51,-10,10
64725,140,134,6,6
64726,76,71,5,5
64727,85,77,8,8
64728,104,106,-2,2
64729,48,58,-10,10
64730,128,132,-4,4
64731,68,69,-1,1
64732,70,72,-2,2
64733,93,84,9,9
64734,69,86,-17,17
64735,56,54,2,2
64736,96,98,-2,2
64737,50,56,-6,6
64738,64,71,-7,7
64739,69,77,-8,8
64740,89,85,4,4
64741,75,80,-5,5
64742,77,76,1,1
64743,68,67,1,1
64744,59,88,-29,29
64745,140,122,18,18
64746,79,73,6,6
64747,46,51,-5,5
64748,54,56,-2,2
64749,89,97,-8,8
64750,99,102,-3,3
64751,68,70,-2,2
64752,86,95,-9,9
64753,106,96,10,10
64754,82,79,3,3
64755,97,125,-28,28
64756,29,46,-17,17
64757,99,99,0,0
64758,119,124,-5,5
64759,102,104,-2,2
64760,104,106,-2,2
64761,148,127,21,21
64762,146,140,6,6
64763,107,99,8,8
64764,49,52,-3,3
64765,45,49,-4,4
64766,133,128,5,5
64767,102,106,-4,4
64768,110,116,-6,6
64769,100,99,1,1
64770,112,105,7,7
64771,59,71,-12,12
64772,73,66,7,7
64773,115,126,-11,11
64774,88,86,2,2
64775,77,86,-9,9
64776,133,129,4,4
64777,86,85,1,1
64778,74,68,6,6
64779,125,122,3,3
64780,97,102,-5,5
64781,71,68,3,3
64782,42,52,-10,10
64783,140,141,-1,1
64784,70,70,0,0
64785,76,80,-4,4
64786,59,61,-2,2
64787,87,94,-7,7
64788,134,120,14,14
64789,173,163,10,10
64790,47,56,-9,9
64791,112,99,13,13
64792,94,103,-9,9
64793,81,79,2,2
64794,152,150,2,2
64795,56,60,-4,4
64796,72,76,-4,4
64797,82,80,2,2
64798,68,71,-3,3
64799,87,93,-6,6
64800,116,134,-18,18
64801,49,53,-4,4
64802,124,120,4,4
64803,146,155,-9,9
64804,151,139,12,12
64805,67,85,-18,18
64806,57,93,-36,36
64807,147,146,1,1
64808,104,105,-1,1
64809,124,123,1,1
64810,46,59,-13,13
64811,118,123,-5,5
64812,110,112,-2,2
64813,82,81,1,1
64814,97,89,8,8
64815,104,96,8,8
64816,46,52,-6,6
64817,76,81,-5,5
64818,66,71,-5,5
64819,51,56,-5,5
64820,63,61,2,2
64821,81,79,2,2
64822,110,110,0,0
64823,160,158,2,2
64824,65,67,-2,2
64825,43,51,-8,8
64826,67,119,-52,52
64827,104,97,7,7
64828,83,88,-5,5
64829,57,73,-16,16
64830,139,134,5,5
64831,78,78,0,0
64832,68,64,4,4
64833,91,88,3,3
64834,117,118,-1,1
64835,117,114,3,3
64836,110,115,-5,5
64837,67,72,-5,5
64838,89,93,-4,4
64839,96,104,-8,8
64840,92,102,-10,10
64841,87,86,1,1
64842,92,81,11,11
64843,59,69,-10,10
64844,66,68,-2,2
64845,160,165,-5,5
64846,188,168,20,20
64847,96,97,-1,1
64848,75,83,-8,8
64849,140,133,7,7
64850,95,94,1,1
64851,83,82,1,1
64852,103,103,0,0
64853,81,83,-2,2
64854,87,87,0,0
64855,90,91,-1,1
64856,66,68,-2,2
64857,100,94,6,6
64858,75,76,-1,1
64859,50,54,-4,4
64860,68,69,-1,1
64861,82,81,1,1
64862,72,68,4,4
64863,56,61,-5,5
64864,113,111,2,2
64865,41,56,-15,15
64866,56,64,-8,8
64867,92,89,3,3
64868,68,71,-3,3
64869,63,67,-4,4
64870,111,114,-3,3
64871,74,77,-3,3
64872,91,93,-2,2
64873,84,132,-48,48
64874,107,115,-8,8
64875,95,93,2,2
64876,80,75,5,5
64877,125,131,-6,6
64878,57,60,-3,3
64879,115,125,-10,10
64880,117,113,4,4
64881,71,77,-6,6
64882,72,72,0,0
64883,199,180,19,19
64884,100,106,-6,6
64885,75,70,5,5
64886,78,75,3,3
64887,82,78,4,4
64888,85,92,-7,7
64889,53,61,-8,8
64890,89,89,0,0
64891,111,102,9,9
64892,58,63,-5,5
64893,74,72,2,2
64894,106,119,-13,13
64895,139,138,1,1
64896,94,89,5,5
64897,66,67,-1,1
64898,140,124,16,16
64899,100,102,-2,2
64900,60,65,-5,5
64901,118,110,8,8
64902,108,98,10,10
64903,131,118,13,13
64904,141,151,-10,10
64905,107,108,-1,1
64906,65,77,-12,12
64907,104,110,-6,6
64908,121,125,-4,4
64909,93,99,-6,6
64910,85,93,-8,8
64911,77,75,2,2
64912,113,107,6,6
64913,44,52,-8,8
64914,110,124,-14,14
64915,75,71,4,4
64916,65,74,-9,9
64917,59,61,-2,2
64918,102,94,8,8
64919,93,111,-18,18
64920,85,85,0,0
64921,57,62,-5,5
64922,129,121,8,8
64923,45,62,-17,17
64924,60,77,-17,17
64925,89,99,-10,10
64926,93,99,-6,6
64927,104,103,1,1
64928,55,59,-4,4
64929,83,87,-4,4
64930,137,129,8,8
64931,109,102,7,7
64932,69,71,-2,2
64933,110,124,-14,14
64934,119,102,17,17
64935,97,93,4,4
64936,81,81,0,0
64937,104,104,0,0
64938,71,77,-6,6
64939,50,64,-14,14
64940,136,127,9,9
64941,70,69,1,1
64942,63,73,-10,10
64943,90,99,-9,9
64944,102,100,2,2
64945,50,56,-6,6
64946,138,125,13,13
64947,103,126,-23,23
64948,127,123,4,4
64949,129,133,-4,4
64950,144,142,2,2
64951,52,61,-9,9
64952,72,77,-5,5
64953,94,98,-4,4
64954,77,73,4,4
64955,62,69,-7,7
64956,91,96,-5,5
64957,58,62,-4,4
64958,78,76,2,2
64959,63,66,-3,3
64960,111,104,7,7
64961,87,91,-4,4
64962,85,81,4,4
64963,224,197,27,27
64964,99,94,5,5
64965,84,79,5,5
64966,101,99,2,2
64967,156,139,17,17
64968,50,56,-6,6
64969,82,82,0,0
64970,190,192,-2,2
64971,127,133,-6,6
64972,61,64,-3,3
64973,100,105,-5,5
64974,81,85,-4,4
64975,141,124,17,17
64976,80,76,4,4
64977,67,69,-2,2
64978,90,94,-4,4
64979,81,76,5,5
64980,55,59,-4,4
64981,85,85,0,0
64982,36,50,-14,14
64983,87,77,10,10
64984,73,84,-11,11
64985,90,89,1,1
64986,69,64,5,5
64987,88,85,3,3
64988,64,69,-5,5
64989,56,62,-6,6
64990,130,122,8,8
64991,59,61,-2,2
64992,140,144,-4,4
64993,129,118,11,11
64994,122,118,4,4
64995,69,68,1,1
64996,65,73,-8,8
64997,103,102,1,1
64998,36,29,7,7
64999,193,194,-1,1
65000,123,116,7,7
65001,77,78,-1,1
65002,75,72,3,3
65003,85,95,-10,10
65004,124,123,1,1
65005,148,148,0,0
65006,92,98,-6,6
65007,70,71,-1,1
65008,129,120,9,9
65009,51,57,-6,6
65010,98,89,9,9
65011,130,121,9,9
65012,134,129,5,5
65013,89,84,5,5
65014,83,89,-6,6
65015,89,88,1,1
65016,101,101,0,0
65017,110,100,10,10
65018,68,72,-4,4
65019,68,66,2,2
65020,72,75,-3,3
65021,77,80,-3,3
65022,147,132,15,15
65023,117,114,3,3
65024,79,99,-20,20
65025,103,108,-5,5
65026,65,74,-9,9
65027,102,102,0,0
65028,66,70,-4,4
65029,101,97,4,4
65030,77,78,-1,1
65031,58,67,-9,9
65032,75,77,-2,2
65033,50,64,-14,14
65034,116,112,4,4
65035,78,77,1,1
65036,111,101,10,10
65037,35,45,-10,10
65038,94,90,4,4
65039,136,128,8,8
65040,71,72,-1,1
65041,94,103,-9,9
65042,81,79,2,2
65043,54,57,-3,3
65044,94,86,8,8
65045,94,99,-5,5
65046,143,140,3,3
65047,82,82,0,0
65048,156,146,10,10
65049,81,89,-8,8
65050,169,164,5,5
65051,104,100,4,4
65052,107,111,-4,4
65053,69,82,-13,13
65054,123,109,14,14
65055,51,59,-8,8
65056,88,97,-9,9
65057,41,49,-8,8
65058,56,67,-11,11
65059,138,136,2,2
65060,102,99,3,3
65061,97,96,1,1
65062,124,127,-3,3
65063,124,116,8,8
65064,119,132,-13,13
65065,55,58,-3,3
65066,116,115,1,1
65067,60,62,-2,2
65068,134,118,16,16
65069,63,90,-27,27
65070,73,72,1,1
65071,145,145,0,0
65072,111,109,2,2
65073,110,117,-7,7
65074,194,177,17,17
65075,92,97,-5,5
65076,97,86,11,11
65077,116,117,-1,1
65078,61,59,2,2
65079,150,148,2,2
65080,45,51,-6,6
65081,99,90,9,9
65082,79,76,3,3
65083,118,120,-2,2
65084,74,70,4,4
65085,108,108,0,0
65086,85,82,3,3
65087,89,78,11,11
65088,107,109,-2,2
65089,165,173,-8,8
65090,84,80,4,4
65091,132,125,7,7
65092,90,86,4,4
65093,144,120,24,24
65094,87,93,-6,6
65095,103,89,14,14
65096,98,103,-5,5
65097,88,87,1,1
65098,125,121,4,4
65099,112,105,7,7
65100,51,63,-12,12
65101,105,112,-7,7
65102,149,129,20,20
65103,109,106,3,3
65104,74,76,-2,2
65105,83,83,0,0
65106,85,87,-2,2
65107,75,70,5,5
65108,78,85,-7,7
65109,67,70,-3,3
65110,48,51,-3,3
65111,109,87,22,22
65112,92,90,2,2
65113,90,96,-6,6
65114,90,85,5,5
65115,98,99,-1,1
65116,76,74,2,2
65117,83,87,-4,4
65118,148,149,-1,1
65119,99,100,-1,1
65120,68,69,-1,1
65121,79,74,5,5
65122,98,104,-6,6
65123,194,190,4,4
65124,90,85,5,5
65125,70,70,0,0
65126,88,87,1,1
65127,66,69,-3,3
65128,81,70,11,11
65129,122,122,0,0
65130,96,98,-2,2
65131,69,71,-2,2
65132,113,101,12,12
65133,61,72,-11,11
65134,101,85,16,16
65135,178,167,11,11
65136,111,105,6,6
65137,81,76,5,5
65138,147,166,-19,19
65139,121,117,4,4
65140,78,74,4,4
65141,86,84,2,2
65142,54,58,-4,4
65143,46,53,-7,7
65144,62,70,-8,8
65145,94,91,3,3
65146,101,103,-2,2
65147,60,67,-7,7
65148,72,70,2,2
65149,75,82,-7,7
65150,148,140,8,8
65151,123,113,10,10
65152,81,95,-14,14
65153,126,126,0,0
65154,163,153,10,10
65155,105,104,1,1
65156,85,82,3,3
65157,102,99,3,3
65158,89,87,2,2
65159,123,126,-3,3
65160,62,63,-1,1
65161,78,87,-9,9
65162,98,94,4,4
65163,68,71,-3,3
65164,99,102,-3,3
65165,112,109,3,3
65166,89,84,5,5
65167,89,97,-8,8
65168,83,77,6,6
65169,119,116,3,3
65170,92,101,-9,9
65171,77,82,-5,5
65172,74,72,2,2
65173,115,133,-18,18
65174,107,103,4,4
65175,98,90,8,8
65176,136,126,10,10
65177,42,52,-10,10
65178,119,120,-1,1
65179,119,123,-4,4
65180,109,104,5,5
65181,113,113,0,0
65182,164,159,5,5
65183,86,80,6,6
65184,97,98,-1,1
65185,112,113,-1,1
65186,124,121,3,3
65187,84,99,-15,15
65188,77,77,0,0
65189,87,80,7,7
65190,52,59,-7,7
65191,112,106,6,6
65192,78,77,1,1
65193,93,97,-4,4
65194,115,126,-11,11
65195,76,75,1,1
65196,209,193,16,16
65197,41,55,-14,14
65198,115,111,4,4
65199,155,140,15,15
65200,53,57,-4,4
65201,72,76,-4,4
65202,110,87,23,23
65203,91,98,-7,7
65204,99,97,2,2
65205,88,100,-12,12
65206,100,98,2,2
65207,73,87,-14,14
65208,70,68,2,2
65209,126,122,4,4
65210,102,102,0,0
65211,97,91,6,6
65212,60,68,-8,8
65213,44,50,-6,6
65214,62,71,-9,9
65215,52,61,-9,9
65216,128,125,3,3
65217,168,165,3,3
65218,101,103,-2,2
65219,106,113,-7,7
65220,191,173,18,18
65221,51,67,-16,16
65222,196,167,29,29
65223,92,100,-8,8
65224,47,51,-4,4
65225,115,104,11,11
65226,70,69,1,1
65227,84,93,-9,9
65228,145,141,4,4
65229,102,108,-6,6
65230,31,29,2,2
65231,65,67,-2,2
65232,92,89,3,3
65233,77,83,-6,6
65234,90,89,1,1
65235,30,29,1,1
65236,72,82,-10,10
65237,109,111,-2,2
65238,148,148,0,0
65239,81,77,4,4
65240,75,73,2,2
65241,60,66,-6,6
65242,147,141,6,6
65243,95,79,16,16
65244,71,77,-6,6
65245,145,150,-5,5
65246,91,98,-7,7
65247,48,73,-25,25
65248,94,95,-1,1
65249,86,101,-15,15
65250,70,72,-2,2
65251,120,123,-3,3
65252,117,115,2,2
65253,118,98,20,20
65254,66,69,-3,3
65255,70,69,1,1
65256,51,56,-5,5
65257,80,83,-3,3
65258,78,82,-4,4
65259,136,122,14,14
65260,105,110,-5,5
65261,94,84,10,10
65262,119,112,7,7
65263,119,121,-2,2
65264,66,65,1,1
65265,133,125,8,8
65266,106,104,2,2
65267,110,99,11,11
65268,109,104,5,5
65269,97,113,-16,16
65270,54,64,-10,10
65271,143,132,11,11
65272,103,106,-3,3
65273,55,57,-2,2
65274,72,73,-1,1
65275,300,241,59,59
65276,110,106,4,4
65277,120,119,1,1
65278,114,121,-7,7
65279,65,68,-3,3
65280,51,58,-7,7
65281,107,99,8,8
65282,86,90,-4,4
65283,91,91,0,0
65284,102,96,6,6
65285,72,68,4,4
65286,82,80,2,2
65287,134,129,5,5
65288,133,125,8,8
65289,79,83,-4,4
65290,146,145,1,1
65291,176,157,19,19
65292,117,114,3,3
65293,82,83,-1,1
65294,105,103,2,2
65295,89,95,-6,6
65296,72,76,-4,4
65297,71,65,6,6
65298,117,121,-4,4
65299,140,129,11,11
65300,80,83,-3,3
65301,53,59,-6,6
65302,185,183,2,2
65303,111,102,9,9
65304,92,99,-7,7
65305,91,90,1,1
65306,112,100,12,12
65307,59,63,-4,4
65308,106,101,5,5
65309,53,65,-12,12
65310,132,130,2,2
65311,80,87,-7,7
65312,163,159,4,4
65313,58,67,-9,9
65314,138,128,10,10
65315,173,168,5,5
65316,64,73,-9,9
65317,78,77,1,1
65318,101,103,-2,2
65319,103,102,1,1
65320,87,81,6,6
65321,105,102,3,3
65322,94,90,4,4
65323,89,88,1,1
65324,63,74,-11,11
65325,92,88,4,4
65326,139,134,5,5
65327,78,80,-2,2
65328,58,80,-22,22
65329,77,80,-3,3
65330,71,105,-34,34
65331,154,156,-2,2
65332,93,90,3,3
65333,61,62,-1,1
65334,168,159,9,9
65335,139,129,10,10
65336,78,80,-2,2
65337,132,126,6,6
65338,56,59,-3,3
65339,78,82,-4,4
65340,86,90,-4,4
65341,68,71,-3,3
65342,31,61,-30,30
65343,60,64,-4,4
65344,150,140,10,10
65345,117,113,4,4
65346,104,102,2,2
65347,102,104,-2,2
65348,77,84,-7,7
65349,64,70,-6,6
65350,103,104,-1,1
65351,113,110,3,3
65352,96,101,-5,5
65353,114,94,20,20
65354,126,125,1,1
65355,106,108,-2,2
65356,59,67,-8,8
65357,81,84,-3,3
65358,109,101,8,8
65359,121,130,-9,9
65360,70,70,0,0
65361,148,145,3,3
65362,94,91,3,3
65363,127,124,3,3
65364,117,121,-4,4
65365,104,99,5,5
65366,46,60,-14,14
65367,106,117,-11,11
65368,94,88,6,6
65369,124,113,11,11
65370,62,70,-8,8
65371,62,76,-14,14
65372,74,81,-7,7
65373,53,60,-7,7
65374,40,50,-10,10
65375,70,73,-3,3
65376,60,66,-6,6
65377,45,45,0,0
65378,111,115,-4,4
65379,37,54,-17,17
65380,88,101,-13,13
65381,51,110,-59,59
65382,66,71,-5,5
65383,76,74,2,2
65384,91,84,7,7
65385,121,122,-1,1
65386,135,125,10,10
65387,87,95,-8,8
65388,99,99,0,0
65389,106,105,1,1
65390,83,89,-6,6
65391,94,87,7,7
65392,76,75,1,1
65393,69,70,-1,1
65394,100,114,-14,14
65395,118,116,2,2
65396,66,83,-17,17
65397,89,90,-1,1
65398,104,119,-15,15
65399,110,99,11,11
65400,106,101,5,5
65401,118,115,3,3
65402,83,91,-8,8
65403,85,83,2,2
65404,73,87,-14,14
65405,72,69,3,3
65406,61,65,-4,4
65407,59,63,-4,4
65408,114,120,-6,6
65409,68,75,-7,7
65410,179,175,4,4
65411,70,72,-2,2
65412,91,84,7,7
65413,114,111,3,3
65414,108,107,1,1
65415,79,81,-2,2
65416,79,77,2,2
65417,125,126,-1,1
65418,117,101,16,16
65419,68,76,-8,8
65420,79,79,0,0
65421,103,112,-9,9
65422,207,187,20,20
65423,63,71,-8,8
65424,117,115,2,2
65425,63,65,-2,2
65426,71,71,0,0
65427,74,86,-12,12
65428,55,60,-5,5
65429,170,157,13,13
65430,69,70,-1,1
65431,51,63,-12,12
65432,55,60,-5,5
65433,73,74,-1,1
65434,89,110,-21,21
65435,173,158,15,15
65436,119,117,2,2
65437,85,88,-3,3
65438,94,97,-3,3
65439,104,100,4,4
65440,96,100,-4,4
65441,61,69,-8,8
65442,86,86,0,0
65443,95,96,-1,1
65444,161,152,9,9
65445,80,79,1,1
65446,112,103,9,9
65447,75,79,-4,4
65448,141,130,11,11
65449,161,158,3,3
65450,99,101,-2,2
65451,94,95,-1,1
65452,146,133,13,13
65453,72,73,-1,1
65454,105,92,13,13
65455,69,70,-1,1
65456,113,107,6,6
65457,132,110,22,22
65458,121,121,0,0
65459,91,96,-5,5
65460,70,69,1,1
65461,96,98,-2,2
65462,155,148,7,7
65463,130,141,-11,11
65464,186,164,22,22
65465,96,98,-2,2
65466,146,159,-13,13
65467,113,110,3,3
65468,86,88,-2,2
65469,104,101,3,3
65470,66,67,-1,1
65471,96,86,10,10
65472,88,79,9,9
65473,111,104,7,7
65474,146,133,13,13
65475,86,75,11,11
65476,46,54,-8,8
65477,72,74,-2,2
65478,170,154,16,16
65479,35,30,5,5
65480,90,88,2,2
65481,143,145,-2,2
65482,157,147,10,10
65483,62,70,-8,8
65484,65,66,-1,1
65485,75,73,2,2
65486,89,86,3,3
65487,82,75,7,7
65488,80,89,-9,9
65489,56,58,-2,2
65490,76,73,3,3
65491,113,114,-1,1
65492,104,113,-9,9
65493,99,95,4,4
65494,62,64,-2,2
65495,140,145,-5,5
65496,76,82,-6,6
65497,114,112,2,2
65498,108,115,-7,7
65499,81,74,7,7
65500,63,67,-4,4
65501,125,122,3,3
65502,70,63,7,7
65503,90,91,-1,1
65504,37,49,-12,12
65505,92,108,-16,16
65506,96,103,-7,7
65507,85,84,1,1
65508,106,108,-2,2
65509,86,80,6,6
65510,101,86,15,15
65511,101,101,0,0
65512,100,102,-2,2
65513,105,101,4,4
65514,71,76,-5,5
65515,58,59,-1,1
65516,179,170,9,9
65517,106,108,-2,2
65518,89,84,5,5
65519,84,78,6,6
65520,113,108,5,5
65521,129,124,5,5
65522,87,99,-12,12
65523,122,124,-2,2
65524,109,110,-1,1
65525,78,84,-6,6
65526,96,95,1,1
65527,176,153,23,23
65528,114,109,5,5
65529,89,77,12,12
65530,115,101,14,14
65531,73,68,5,5
65532,68,72,-4,4
65533,148,140,8,8
65534,70,72,-2,2
65535,108,102,6,6
65536,60,61,-1,1
65537,98,90,8,8
65538,47,53,-6,6
65539,84,87,-3,3
65540,60,58,2,2
65541,119,124,-5,5
65542,66,73,-7,7
65543,115,115,0,0
65544,172,155,17,17
65545,105,99,6,6
65546,83,79,4,4
65547,75,72,3,3
65548,48,53,-5,5
65549,100,100,0,0
65550,59,68,-9,9
65551,67,68,-1,1
65552,103,112,-9,9
65553,48,55,-7,7
65554,108,117,-9,9
65555,77,66,11,11
65556,126,124,2,2
65557,82,113,-31,31
65558,38,51,-13,13
65559,99,93,6,6
65560,56,65,-9,9
65561,131,110,21,21
65562,96,85,11,11
65563,83,85,-2,2
65564,120,112,8,8
65565,102,93,9,9
65566,93,94,-1,1
65567,127,123,4,4
65568,67,62,5,5
65569,98,95,3,3
65570,77,72,5,5
65571,84,76,8,8
65572,96,93,3,3
65573,118,115,3,3
65574,84,83,1,1
65575,70,88,-18,18
65576,100,102,-2,2
65577,118,112,6,6
65578,54,61,-7,7
65579,170,159,11,11
65580,91,93,-2,2
65581,86,82,4,4
65582,82,84,-2,2
65583,123,121,2,2
65584,94,95,-1,1
65585,86,78,8,8
65586,142,152,-10,10
65587,132,120,12,12
65588,140,133,7,7
65589,177,154,23,23
65590,54,66,-12,12
65591,51,60,-9,9
65592,130,124,6,6
65593,71,74,-3,3
65594,61,62,-1,1
65595,93,91,2,2
65596,93,100,-7,7
65597,83,75,8,8
65598,104,94,10,10
65599,93,95,-2,2
65600,88,84,4,4
65601,89,95,-6,6
65602,154,152,2,2
65603,53,58,-5,5
65604,85,83,2,2
65605,89,94,-5,5
65606,107,107,0,0
65607,102,100,2,2
65608,88,100,-12,12
65609,35,40,-5,5
65610,118,112,6,6
65611,63,64,-1,1
65612,56,65,-9,9
65613,41,44,-3,3
65614,108,114,-6,6
65615,137,134,3,3
65616,70,67,3,3
65617,131,145,-14,14
65618,83,77,6,6
65619,87,85,2,2
65620,87,96,-9,9
65621,134,128,6,6
65622,108,94,14,14
65623,73,80,-7,7
65624,110,105,5,5
65625,100,78,22,22
65626,57,76,-19,19
65627,101,100,1,1
65628,124,118,6,6
65629,100,102,-2,2
65630,116,120,-4,4
65631,124,112,12,12
65632,119,124,-5,5
65633,95,107,-12,12
65634,131,120,11,11
65635,46,55,-9,9
65636,119,112,7,7
65637,86,80,6,6
65638,148,147,1,1
65639,63,64,-1,1
65640,84,77,7,7
65641,88,83,5,5
65642,125,115,10,10
65643,180,158,22,22
65644,92,98,-6,6
65645,73,77,-4,4
65646,54,62,-8,8
65647,125,128,-3,3
65648,158,153,5,5
65649,115,112,3,3
65650,176,172,4,4
65651,71,89,-18,18
65652,109,116,-7,7
65653,115,109,6,6
65654,135,129,6,6
65655,75,74,1,1
65656,71,76,-5,5
65657,74,84,-10,10
65658,123,135,-12,12
65659,85,86,-1,1
65660,124,120,4,4
65661,51,58,-7,7
65662,53,63,-10,10
65663,97,108,-11,11
65664,92,94,-2,2
65665,122,122,0,0
65666,183,169,14,14
65667,94,106,-12,12
65668,151,139,12,12
65669,65,69,-4,4
65670,146,144,2,2
65671,68,77,-9,9
65672,186,147,39,39
65673,121,110,11,11
65674,77,77,0,0
65675,99,108,-9,9
65676,102,105,-3,3
65677,80,80,0,0
65678,123,121,2,2
65679,90,98,-8,8
65680,96,100,-4,4
65681,119,102,17,17
65682,136,130,6,6
65683,84,77,7,7
65684,135,137,-2,2
65685,84,105,-21,21
65686,56,61,-5,5
65687,81,83,-2,2
65688,69,62,7,7
65689,89,76,13,13
65690,105,101,4,4
65691,113,114,-1,1
65692,79,76,3,3
65693,167,155,12,12
65694,85,78,7,7
65695,80,83,-3,3
65696,72,74,-2,2
65697,129,131,-2,2
65698,155,133,22,22
65699,53,57,-4,4
65700,48,55,-7,7
65701,45,45,0,0
65702,55,61,-6,6
65703,99,102,-3,3
65704,91,94,-3,3
65705,75,72,3,3
65706,84,79,5,5
65707,38,52,-14,14
65708,41,49,-8,8
65709,86,85,1,1
65710,76,73,3,3
65711,53,63,-10,10
65712,63,69,-6,6
65713,79,75,4,4
65714,145,139,6,6
65715,97,101,-4,4
65716,120,120,0,0
65717,74,76,-2,2
65718,96,100,-4,4
65719,101,96,5,5
65720,94,101,-7,7
65721,92,83,9,9
65722,83,72,11,11
65723,122,106,16,16
65724,57,61,-4,4
65725,56,64,-8,8
65726,123,123,0,0
65727,104,104,0,0
65728,147,136,11,11
65729,190,194,-4,4
65730,120,114,6,6
65731,173,166,7,7
65732,52,56,-4,4
65733,134,126,8,8
65734,110,104,6,6
65735,84,79,5,5
65736,92,97,-5,5
65737,112,104,8,8
65738,60,62,-2,2
65739,76,76,0,0
65740,159,147,12,12
65741,61,68,-7,7
65742,141,134,7,7
65743,107,108,-1,1
65744,103,96,7,7
65745,129,130,-1,1
65746,61,63,-2,2
65747,77,73,4,4
65748,84,85,-1,1
65749,78,77,1,1
65750,47,53,-6,6
65751,140,128,12,12
65752,56,57,-1,1
65753,154,142,12,12
65754,77,83,-6,6
65755,85,74,11,11
65756,104,117,-13,13
65757,70,87,-17,17
65758,71,74,-3,3
65759,63,65,-2,2
65760,84,79,5,5
65761,110,99,11,11
65762,88,90,-2,2
65763,74,76,-2,2
65764,72,86,-14,14
65765,46,54,-8,8
65766,94,95,-1,1
65767,93,102,-9,9
65768,63,67,-4,4
65769,100,99,1,1
65770,71,73,-2,2
65771,113,115,-2,2
65772,88,84,4,4
65773,83,71,12,12
65774,76,87,-11,11
65775,83,75,8,8
65776,153,130,23,23
65777,134,133,1,1
65778,91,91,0,0
65779,56,61,-5,5
65780,89,92,-3,3
65781,51,59,-8,8
65782,121,118,3,3
65783,107,107,0,0
65784,97,148,-51,51
65785,79,76,3,3
65786,115,108,7,7
65787,60,67,-7,7
65788,105,102,3,3
65789,65,70,-5,5
65790,57,62,-5,5
65791,169,157,12,12
65792,92,90,2,2
65793,104,117,-13,13
65794,68,68,0,0
65795,72,71,1,1
65796,92,93,-1,1
65797,124,120,4,4
65798,85,88,-3,3
65799,123,122,1,1
65800,112,105,7,7
65801,138,147,-9,9
65802,205,197,8,8
65803,88,89,-1,1
65804,82,83,-1,1
65805,77,78,-1,1
65806,68,69,-1,1
65807,125,119,6,6
65808,87,84,3,3
65809,112,116,-4,4
65810,66,76,-10,10
65811,132,121,11,11
65812,136,120,16,16
65813,232,223,9,9
65814,63,71,-8,8
65815,77,85,-8,8
65816,121,116,5,5
65817,161,153,8,8
65818,200,162,38,38
65819,65,66,-1,1
65820,104,94,10,10
65821,129,114,15,15
65822,129,134,-5,5
65823,123,116,7,7
65824,72,79,-7,7
65825,59,63,-4,4
65826,94,105,-11,11
65827,102,114,-12,12
65828,74,75,-1,1
65829,64,68,-4,4
65830,48,57,-9,9
65831,80,81,-1,1
65832,112,99,13,13
65833,67,124,-57,57
65834,79,86,-7,7
65835,79,81,-2,2
65836,51,60,-9,9
65837,213,199,14,14
65838,116,121,-5,5
65839,82,83,-1,1
65840,88,91,-3,3
65841,154,165,-11,11
65842,93,86,7,7
65843,115,113,2,2
65844,58,59,-1,1
65845,89,99,-10,10
65846,69,69,0,0
65847,124,116,8,8
65848,87,83,4,4
65849,114,116,-2,2
65850,75,80,-5,5
65851,46,70,-24,24
65852,54,62,-8,8
65853,63,61,2,2
65854,54,57,-3,3
65855,70,71,-1,1
65856,98,93,5,5
65857,74,76,-2,2
65858,76,75,1,1
65859,80,76,4,4
65860,73,129,-56,56
65861,108,109,-1,1
65862,100,99,1,1
65863,64,62,2,2
65864,101,102,-1,1
65865,75,75,0,0
65866,66,74,-8,8
65867,142,134,8,8
65868,47,54,-7,7
65869,71,67,4,4
65870,26,29,-3,3
65871,53,64,-11,11
65872,133,131,2,2
65873,96,95,1,1
65874,91,92,-1,1
65875,83,77,6,6
65876,103,109,-6,6
65877,89,79,10,10
65878,90,94,-4,4
65879,95,104,-9,9
65880,32,29,3,3
65881,72,77,-5,5
65882,99,84,15,15
65883,115,113,2,2
65884,86,97,-11,11
65885,93,105,-12,12
65886,129,117,12,12
65887,92,89,3,3
65888,114,116,-2,2
65889,84,87,-3,3
65890,93,91,2,2
65891,89,102,-13,13
65892,59,63,-4,4
65893,63,68,-5,5
65894,59,66,-7,7
65895,115,115,0,0
65896,144,123,21,21
65897,76,80,-4,4
65898,112,111,1,1
65899,118,128,-10,10
65900,80,83,-3,3
65901,106,105,1,1
65902,92,102,-10,10
65903,65,71,-6,6
65904,130,138,-8,8
65905,108,107,1,1
65906,44,62,-18,18
65907,101,104,-3,3
65908,72,78,-6,6
65909,67,70,-3,3
65910,73,74,-1,1
65911,184,173,11,11
65912,83,81,2,2
65913,77,76,1,1
65914,113,110,3,3
65915,46,50,-4,4
65916,101,114,-13,13
65917,92,93,-1,1
65918,122,117,5,5
65919,67,68,-1,1
65920,134,123,11,11
65921,82,84,-2,2
65922,142,145,-3,3
65923,101,93,8,8
65924,119,125,-6,6
65925,44,53,-9,9
65926,105,108,-3,3
65927,99,107,-8,8
65928,127,123,4,4
65929,76,75,1,1
65930,107,94,13,13
65931,104,110,-6,6
65932,104,98,6,6
65933,100,100,0,0
65934,106,100,6,6
65935,66,63,3,3
65936,154,143,11,11
65937,124,129,-5,5
65938,118,116,2,2
65939,79,79,0,0
65940,76,76,0,0
65941,89,83,6,6
65942,67,76,-9,9
65943,104,106,-2,2
65944,108,94,14,14
65945,76,75,1,1
65946,47,56,-9,9
65947,98,108,-10,10
65948,137,145,-8,8
65949,111,105,6,6
65950,62,61,1,1
65951,37,42,-5,5
65952,69,69,0,0
65953,115,123,-8,8
65954,98,106,-8,8
65955,62,66,-4,4
65956,94,92,2,2
65957,46,63,-17,17
65958,97,87,10,10
65959,108,101,7,7
65960,124,123,1,1
65961,74,88,-14,14
65962,113,111,2,2
65963,96,102,-6,6
65964,135,130,5,5
65965,81,84,-3,3
65966,101,98,3,3
65967,109,113,-4,4
65968,121,116,5,5
65969,62,61,1,1
65970,105,111,-6,6
65971,105,93,12,12
65972,96,80,16,16
65973,90,74,16,16
65974,81,77,4,4
65975,137,126,11,11
65976,86,79,7,7
65977,86,91,-5,5
65978,105,111,-6,6
65979,120,112,8,8
65980,70,69,1,1
65981,90,84,6,6
65982,90,86,4,4
65983,79,79,0,0
65984,62,65,-3,3
65985,56,63,-7,7
65986,62,64,-2,2
65987,123,110,13,13
65988,108,115,-7,7
65989,73,79,-6,6
65990,92,84,8,8
65991,97,94,3,3
65992,94,94,0,0
65993,119,122,-3,3
65994,125,124,1,1
65995,252,229,23,23
65996,124,125,-1,1
65997,76,83,-7,7
65998,120,117,3,3
65999,83,81,2,2
66000,82,84,-2,2
66001,93,96,-3,3
66002,56,65,-9,9
66003,78,92,-14,14
66004,121,154,-33,33
66005,100,93,7,7
66006,91,80,11,11
66007,66,65,1,1
66008,62,65,-3,3
66009,72,72,0,0
66010,77,82,-5,5
66011,93,91,2,2
66012,176,161,15,15
66013,55,62,-7,7
66014,75,82,-7,7
66015,60,64,-4,4
66016,143,138,5,5
66017,117,119,-2,2
66018,36,49,-13,13
66019,45,52,-7,7
66020,96,94,2,2
66021,81,88,-7,7
66022,106,103,3,3
66023,83,87,-4,4
66024,105,98,7,7
66025,80,84,-4,4
66026,43,48,-5,5
66027,103,109,-6,6
66028,134,123,11,11
66029,53,59,-6,6
66030,115,111,4,4
66031,157,137,20,20
66032,67,75,-8,8
66033,104,120,-16,16
66034,148,148,0,0
66035,116,107,9,9
66036,100,96,4,4
66037,63,68,-5,5
66038,71,80,-9,9
66039,71,68,3,3
66040,67,77,-10,10
66041,105,112,-7,7
66042,102,100,2,2
66043,53,58,-5,5
66044,71,74,-3,3
66045,115,121,-6,6
66046,105,100,5,5
66047,62,80,-18,18
66048,119,115,4,4
66049,151,145,6,6
66050,55,66,-11,11
66051,76,80,-4,4
66052,37,42,-5,5
66053,126,104,22,22
66054,116,95,21,21
66055,119,116,3,3
66056,86,81,5,5
66057,64,73,-9,9
66058,53,65,-12,12
66059,108,102,6,6
66060,118,113,5,5
66061,126,126,0,0
66062,71,68,3,3
66063,99,102,-3,3
66064,49,61,-12,12
66065,87,89,-2,2
66066,75,73,2,2
66067,89,95,-6,6
66068,94,87,7,7
66069,100,92,8,8
66070,80,73,7,7
66071,78,77,1,1
66072,65,70,-5,5
66073,104,98,6,6
66074,111,116,-5,5
66075,182,154,28,28
66076,69,72,-3,3
66077,67,70,-3,3
66078,99,116,-17,17
66079,82,75,7,7
66080,99,84,15,15
66081,66,70,-4,4
66082,162,156,6,6
66083,142,129,13,13
66084,84,83,1,1
66085,70,84,-14,14
66086,106,102,4,4
66087,57,65,-8,8
66088,89,82,7,7
66089,119,111,8,8
66090,90,82,8,8
66091,59,69,-10,10
66092,80,77,3,3
66093,113,106,7,7
66094,47,57,-10,10
66095,72,75,-3,3
66096,178,186,-8,8
66097,76,88,-12,12
66098,96,101,-5,5
66099,83,84,-1,1
66100,63,70,-7,7
66101,144,144,0,0
66102,42,59,-17,17
66103,52,53,-1,1
66104,125,112,13,13
66105,63,69,-6,6
66106,69,64,5,5
66107,78,75,3,3
66108,63,79,-16,16
66109,80,84,-4,4
66110,101,101,0,0
66111,187,158,29,29
66112,163,149,14,14
66113,109,117,-8,8
66114,101,114,-13,13
66115,86,89,-3,3
66116,72,84,-12,12
66117,142,176,-34,34
66118,99,88,11,11
66119,64,69,-5,5
66120,79,80,-1,1
66121,85,75,10,10
66122,107,88,19,19
66123,97,95,2,2
66124,116,113,3,3
66125,67,71,-4,4
66126,89,102,-13,13
66127,122,112,10,10
66128,140,137,3,3
66129,62,64,-2,2
66130,119,131,-12,12
66131,117,109,8,8
66132,104,118,-14,14
66133,47,57,-10,10
66134,73,78,-5,5
66135,159,135,24,24
66136,101,103,-2,2
66137,77,69,8,8
66138,58,59,-1,1
66139,78,80,-2,2
66140,97,92,5,5
66141,76,76,0,0
66142,88,86,2,2
66143,64,67,-3,3
66144,81,97,-16,16
66145,69,71,-2,2
66146,115,129,-14,14
66147,65,83,-18,18
66148,76,69,7,7
66149,58,66,-8,8
66150,33,29,4,4
66151,133,127,6,6
66152,45,68,-23,23
66153,123,124,-1,1
66154,100,99,1,1
66155,82,84,-2,2
66156,83,84,-1,1
66157,117,105,12,12
66158,74,71,3,3
66159,103,104,-1,1
66160,72,73,-1,1
66161,142,129,13,13
66162,121,109,12,12
66163,82,79,3,3
66164,80,78,2,2
66165,100,102,-2,2
66166,164,160,4,4
66167,95,87,8,8
66168,57,63,-6,6
66169,81,74,7,7
66170,39,36,3,3
66171,123,118,5,5
66172,127,122,5,5
66173,82,80,2,2
66174,105,103,2,2
66175,72,72,0,0
66176,37,43,-6,6
66177,85,86,-1,1
66178,152,145,7,7
66179,80,76,4,4
66180,55,63,-8,8
66181,76,93,-17,17
66182,21,45,-24,24
66183,220,202,18,18
66184,159,144,15,15
66185,90,93,-3,3
66186,148,149,-1,1
66187,102,99,3,3
66188,83,77,6,6
66189,80,94,-14,14
66190,100,85,15,15
66191,111,100,11,11
66192,79,81,-2,2
66193,82,79,3,3
66194,82,79,3,3
66195,197,189,8,8
66196,188,170,18,18
66197,177,178,-1,1
66198,76,77,-1,1
66199,157,174,-17,17
66200,49,58,-9,9
66201,44,46,-2,2
66202,66,71,-5,5
66203,156,145,11,11
66204,111,119,-8,8
66205,69,78,-9,9
66206,188,178,10,10
66207,126,113,13,13
66208,73,72,1,1
66209,111,101,10,10
66210,94,84,10,10
66211,57,69,-12,12
66212,132,123,9,9
66213,164,160,4,4
66214,55,64,-9,9
66215,139,129,10,10
66216,77,73,4,4
66217,43,53,-10,10
66218,96,87,9,9
66219,88,85,3,3
66220,74,72,2,2
66221,81,82,-1,1
66222,84,84,0,0
66223,100,100,0,0
66224,108,97,11,11
66225,44,62,-18,18
66226,77,83,-6,6
66227,79,83,-4,4
66228,111,112,-1,1
66229,86,84,2,2
66230,61,59,2,2
66231,85,82,3,3
66232,45,52,-7,7
66233,81,74,7,7
66234,159,145,14,14
66235,80,76,4,4
66236,94,87,7,7
66237,89,91,-2,2
66238,96,92,4,4
66239,95,84,11,11
66240,127,114,13,13
66241,71,67,4,4
66242,68,68,0,0
66243,80,86,-6,6
66244,122,116,6,6
66245,136,133,3,3
66246,95,93,2,2
66247,89,86,3,3
66248,88,94,-6,6
66249,44,51,-7,7
66250,121,113,8,8
66251,47,54,-7,7
66252,72,70,2,2
66253,72,72,0,0
66254,145,162,-17,17
66255,77,79,-2,2
66256,129,139,-10,10
66257,65,72,-7,7
66258,121,113,8,8
66259,92,86,6,6
66260,100,107,-7,7
66261,36,45,-9,9
66262,122,117,5,5
66263,112,99,13,13
66264,76,72,4,4
66265,112,124,-12,12
66266,75,79,-4,4
66267,81,79,2,2
66268,102,88,14,14
66269,43,54,-11,11
66270,92,97,-5,5
66271,118,102,16,16
66272,73,73,0,0
66273,179,187,-8,8
66274,63,72,-9,9
66275,128,133,-5,5
66276,161,164,-3,3
66277,178,157,21,21
66278,90,84,6,6
66279,74,75,-1,1
66280,74,79,-5,5
66281,95,96,-1,1
66282,98,101,-3,3
66283,94,89,5,5
66284,115,121,-6,6
66285,131,134,-3,3
66286,99,79,20,20
66287,87,85,2,2
66288,74,77,-3,3
66289,56,61,-5,5
66290,58,65,-7,7
66291,77,80,-3,3
66292,122,111,11,11
66293,70,74,-4,4
66294,40,55,-15,15
66295,106,111,-5,5
66296,100,103,-3,3
66297,73,76,-3,3
66298,72,69,3,3
66299,99,104,-5,5
66300,135,139,-4,4
66301,184,164,20,20
66302,50,70,-20,20
66303,77,77,0,0
66304,48,54,-6,6
66305,76,72,4,4
66306,87,98,-11,11
66307,137,127,10,10
66308,110,117,-7,7
66309,84,88,-4,4
66310,74,79,-5,5
66311,83,78,5,5
66312,76,75,1,1
66313,107,133,-26,26
66314,78,72,6,6
66315,87,81,6,6
66316,64,68,-4,4
66317,60,66,-6,6
66318,94,100,-6,6
66319,80,76,4,4
66320,50,53,-3,3
66321,54,56,-2,2
66322,65,64,1,1
66323,101,111,-10,10
66324,89,84,5,5
66325,127,125,2,2
66326,59,71,-12,12
66327,90,98,-8,8
66328,77,79,-2,2
66329,100,108,-8,8
66330,103,101,2,2
66331,33,59,-26,26
66332,61,64,-3,3
66333,63,80,-17,17
66334,47,57,-10,10
66335,51,57,-6,6
66336,141,140,1,1
66337,74,72,2,2
66338,74,76,-2,2
66339,85,83,2,2
66340,149,133,16,16
66341,90,96,-6,6
66342,79,86,-7,7
66343,93,103,-10,10
66344,79,75,4,4
66345,146,147,-1,1
66346,81,79,2,2
66347,83,110,-27,27
66348,196,181,15,15
66349,114,102,12,12
66350,102,99,3,3
66351,140,134,6,6
66352,46,50,-4,4
66353,189,179,10,10
66354,102,109,-7,7
66355,96,92,4,4
66356,73,84,-11,11
66357,131,141,-10,10
66358,143,128,15,15
66359,94,101,-7,7
66360,95,99,-4,4
66361,131,122,9,9
66362,138,127,11,11
66363,55,66,-11,11
66364,40,44,-4,4
66365,97,92,5,5
66366,70,77,-7,7
66367,95,92,3,3
66368,86,79,7,7
66369,107,102,5,5
66370,45,57,-12,12
66371,107,105,2,2
66372,77,72,5,5
66373,75,74,1,1
66374,85,84,1,1
66375,81,86,-5,5
66376,100,100,0,0
66377,65,74,-9,9
66378,57,65,-8,8
66379,61,58,3,3
66380,79,80,-1,1
66381,104,103,1,1
66382,106,104,2,2
66383,55,61,-6,6
66384,100,97,3,3
66385,89,91,-2,2
66386,73,73,0,0
66387,77,84,-7,7
66388,59,61,-2,2
66389,71,76,-5,5
66390,52,67,-15,15
66391,58,60,-2,2
66392,72,68,4,4
66393,90,83,7,7
66394,57,63,-6,6
66395,82,98,-16,16
66396,92,89,3,3
66397,88,78,10,10
66398,49,57,-8,8
66399,91,84,7,7
66400,171,164,7,7
66401,75,87,-12,12
66402,82,80,2,2
66403,74,70,4,4
66404,116,114,2,2
66405,95,84,11,11
66406,116,105,11,11
66407,74,102,-28,28
66408,100,99,1,1
66409,81,88,-7,7
66410,141,154,-13,13
66411,113,108,5,5
66412,100,94,6,6
66413,80,73,7,7
66414,96,91,5,5
66415,83,83,0,0
66416,68,77,-9,9
66417,66,67,-1,1
66418,73,75,-2,2
66419,169,165,4,4
66420,119,104,15,15
66421,82,94,-12,12
66422,85,82,3,3
66423,92,107,-15,15
66424,92,91,1,1
66425,164,154,10,10
66426,131,131,0,0
66427,106,124,-18,18
66428,72,72,0,0
66429,54,62,-8,8
66430,75,77,-2,2
66431,62,62,0,0
66432,89,81,8,8
66433,63,62,1,1
66434,87,83,4,4
66435,136,124,12,12
66436,79,77,2,2
66437,86,92,-6,6
66438,71,76,-5,5
66439,68,68,0,0
66440,127,120,7,7
66441,78,83,-5,5
66442,43,49,-6,6
66443,82,79,3,3
66444,61,69,-8,8
66445,91,100,-9,9
66446,78,79,-1,1
66447,121,118,3,3
66448,83,82,1,1
66449,169,171,-2,2
66450,56,63,-7,7
66451,78,65,13,13
66452,73,78,-5,5
66453,66,69,-3,3
66454,67,63,4,4
66455,69,57,12,12
66456,96,95,1,1
66457,118,112,6,6
66458,67,72,-5,5
66459,58,64,-6,6
66460,77,68,9,9
66461,164,148,16,16
66462,57,65,-8,8
66463,98,99,-1,1
66464,97,92,5,5
66465,58,64,-6,6
66466,107,109,-2,2
66467,70,76,-6,6
66468,121,116,5,5
66469,144,129,15,15
66470,157,155,2,2
66471,113,115,-2,2
66472,66,66,0,0
66473,47,79,-32,32
66474,106,100,6,6
66475,77,80,-3,3
66476,180,180,0,0
66477,55,59,-4,4
66478,57,70,-13,13
66479,104,102,2,2
66480,120,116,4,4
66481,124,112,12,12
66482,157,163,-6,6
66483,185,184,1,1
66484,63,67,-4,4
66485,158,141,17,17
66486,161,165,-4,4
66487,61,67,-6,6
66488,104,105,-1,1
66489,65,69,-4,4
66490,174,168,6,6
66491,52,60,-8,8
66492,118,110,8,8
66493,89,88,1,1
66494,88,84,4,4
66495,88,88,0,0
66496,62,73,-11,11
66497,67,70,-3,3
66498,118,117,1,1
66499,113,120,-7,7
66500,99,106,-7,7
66501,68,70,-2,2
66502,50,51,-1,1
66503,123,122,1,1
66504,97,97,0,0
66505,93,108,-15,15
66506,132,110,22,22
66507,70,76,-6,6
66508,65,65,0,0
66509,80,97,-17,17
66510,79,76,3,3
66511,96,100,-4,4
66512,69,77,-8,8
66513,142,135,7,7
66514,126,122,4,4
66515,88,115,-27,27
66516,57,61,-4,4
66517,68,68,0,0
66518,97,105,-8,8
66519,128,130,-2,2
66520,129,141,-12,12
66521,92,90,2,2
66522,146,128,18,18
66523,83,83,0,0
66524,92,86,6,6
66525,207,186,21,21
66526,40,58,-18,18
66527,92,96,-4,4
66528,95,112,-17,17
66529,107,101,6,6
66530,51,59,-8,8
66531,210,188,22,22
66532,73,75,-2,2
66533,103,98,5,5
66534,120,118,2,2
66535,132,118,14,14
66536,112,106,6,6
66537,86,84,2,2
66538,195,190,5,5
66539,69,72,-3,3
66540,91,86,5,5
66541,57,74,-17,17
66542,112,108,4,4
66543,72,84,-12,12
66544,90,84,6,6
66545,99,99,0,0
66546,46,50,-4,4
66547,51,59,-8,8
66548,107,105,2,2
66549,156,157,-1,1
66550,61,66,-5,5
66551,88,80,8,8
66552,107,103,4,4
66553,121,112,9,9
66554,89,82,7,7
66555,99,103,-4,4
66556,87,94,-7,7
66557,46,59,-13,13
66558,152,154,-2,2
66559,67,71,-4,4
66560,164,165,-1,1
66561,68,71,-3,3
66562,94,96,-2,2
66563,60,67,-7,7
66564,205,179,26,26
66565,92,88,4,4
66566,95,90,5,5
66567,67,64,3,3
66568,55,62,-7,7
66569,151,136,15,15
66570,160,152,8,8
66571,29,29,0,0
66572,108,104,4,4
66573,112,123,-11,11
66574,109,164,-55,55
66575,86,82,4,4
66576,75,79,-4,4
66577,60,70,-10,10
66578,64,71,-7,7
66579,64,84,-20,20
66580,110,114,-4,4
66581,81,86,-5,5
66582,79,77,2,2
66583,124,113,11,11
66584,94,100,-6,6
66585,73,89,-16,16
66586,111,104,7,7
66587,107,105,2,2
66588,71,70,1,1
66589,125,123,2,2
66590,123,112,11,11
66591,63,64,-1,1
66592,98,100,-2,2
66593,101,93,8,8
66594,129,128,1,1
66595,96,96,0,0
66596,58,64,-6,6
66597,162,159,3,3
66598,48,54,-6,6
66599,151,143,8,8
66600,67,70,-3,3
66601,122,116,6,6
66602,100,103,-3,3
66603,135,143,-8,8
66604,213,182,31,31
66605,129,139,-10,10
66606,61,67,-6,6
66607,70,74,-4,4
66608,88,90,-2,2
66609,75,78,-3,3
66610,159,156,3,3
66611,100,108,-8,8
66612,75,72,3,3
66613,120,136,-16,16
66614,70,74,-4,4
66615,129,118,11,11
66616,124,105,19,19
66617,105,103,2,2
66618,60,61,-1,1
66619,76,70,6,6
66620,64,74,-10,10
66621,145,146,-1,1
66622,95,109,-14,14
66623,104,108,-4,4
66624,148,139,9,9
66625,126,127,-1,1
66626,142,135,7,7
66627,67,70,-3,3
66628,96,103,-7,7
66629,114,107,7,7
66630,47,62,-15,15
66631,125,131,-6,6
66632,66,72,-6,6
66633,203,233,-30,30
66634,58,66,-8,8
66635,114,110,4,4
66636,100,124,-24,24
66637,92,98,-6,6
66638,114,123,-9,9
66639,67,73,-6,6
66640,56,59,-3,3
66641,78,77,1,1
66642,62,65,-3,3
66643,77,87,-10,10
66644,104,99,5,5
66645,37,38,-1,1
66646,94,92,2,2
66647,108,99,9,9
66648,42,49,-7,7
66649,106,106,0,0
66650,74,75,-1,1
66651,116,101,15,15
66652,77,68,9,9
66653,123,131,-8,8
66654,89,97,-8,8
66655,74,73,1,1
66656,118,115,3,3
66657,73,76,-3,3
66658,69,84,-15,15
66659,79,79,0,0
66660,58,68,-10,10
66661,172,150,22,22
66662,118,112,6,6
66663,140,128,12,12
66664,124,125,-1,1
66665,111,102,9,9
66666,88,99,-11,11
66667,90,116,-26,26
66668,59,59,0,0
66669,139,136,3,3
66670,125,126,-1,1
66671,64,66,-2,2
66672,147,135,12,12
66673,50,60,-10,10
66674,81,83,-2,2
66675,105,101,4,4
66676,63,70,-7,7
66677,87,94,-7,7
66678,90,86,4,4
66679,47,54,-7,7
66680,134,128,6,6
66681,61,65,-4,4
66682,73,91,-18,18
66683,73,68,5,5
66684,78,82,-4,4
66685,134,122,12,12
66686,51,54,-3,3
66687,108,108,0,0
66688,96,95,1,1
66689,54,80,-26,26
66690,122,121,1,1
66691,129,126,3,3
66692,86,75,11,11
66693,114,114,0,0
66694,70,74,-4,4
66695,79,80,-1,1
66696,56,61,-5,5
66697,66,68,-2,2
66698,89,83,6,6
66699,106,101,5,5
66700,77,82,-5,5
66701,82,80,2,2
66702,63,81,-18,18
66703,87,85,2,2
66704,119,127,-8,8
66705,146,133,13,13
66706,71,68,3,3
66707,70,82,-12,12
66708,82,84,-2,2
66709,72,76,-4,4
66710,91,95,-4,4
66711,57,72,-15,15
66712,68,70,-2,2
66713,92,85,7,7
66714,71,72,-1,1
66715,100,95,5,5
66716,106,99,7,7
66717,64,61,3,3
66718,58,67,-9,9
66719,74,74,0,0
66720,104,114,-10,10
66721,133,124,9,9
66722,59,62,-3,3
66723,77,77,0,0
66724,90,84,6,6
66725,116,97,19,19
66726,94,88,6,6
66727,102,106,-4,4
66728,130,125,5,5
66729,115,116,-1,1
66730,79,73,6,6
66731,151,143,8,8
66732,88,95,-7,7
66733,188,174,14,14
66734,91,93,-2,2
66735,81,77,4,4
66736,74,78,-4,4
66737,80,79,1,1
66738,125,115,10,10
66739,140,133,7,7
66740,60,66,-6,6
66741,45,57,-12,12
66742,65,74,-9,9
66743,120,120,0,0
66744,105,110,-5,5
66745,136,140,-4,4
66746,31,65,-34,34
66747,77,81,-4,4
66748,79,91,-12,12
66749,96,101,-5,5
66750,40,62,-22,22
66751,54,59,-5,5
66752,94,84,10,10
66753,83,104,-21,21
66754,54,62,-8,8
66755,92,94,-2,2
66756,146,127,19,19
66757,172,162,10,10
66758,62,65,-3,3
66759,155,153,2,2
66760,111,105,6,6
66761,99,94,5,5
66762,126,115,11,11
66763,55,60,-5,5
66764,202,196,6,6
66765,60,64,-4,4
66766,97,91,6,6
66767,111,103,8,8
66768,114,115,-1,1
66769,81,76,5,5
66770,35,52,-17,17
66771,88,87,1,1
66772,62,68,-6,6
66773,84,85,-1,1
66774,96,85,11,11
66775,105,105,0,0
66776,67,71,-4,4
66777,68,77,-9,9
66778,75,76,-1,1
66779,64,71,-7,7
66780,165,145,20,20
66781,92,123,-31,31
66782,136,117,19,19
66783,93,96,-3,3
66784,58,57,1,1
66785,72,74,-2,2
66786,87,86,1,1
66787,53,64,-11,11
66788,138,131,7,7
66789,98,104,-6,6
66790,81,80,1,1
66791,82,87,-5,5
66792,140,143,-3,3
66793,92,92,0,0
66794,116,115,1,1
66795,169,163,6,6
66796,76,83,-7,7
66797,70,72,-2,2
66798,206,186,20,20
66799,118,113,5,5
66800,82,87,-5,5
66801,143,142,1,1
66802,113,104,9,9
66803,82,82,0,0
66804,72,75,-3,3
66805,53,57,-4,4
66806,38,59,-21,21
66807,102,97,5,5
66808,98,100,-2,2
66809,60,70,-10,10
66810,133,124,9,9
66811,108,103,5,5
66812,103,98,5,5
66813,58,65,-7,7
66814,80,78,2,2
66815,72,75,-3,3
66816,103,98,5,5
66817,115,124,-9,9
66818,66,76,-10,10
66819,134,128,6,6
66820,129,124,5,5
66821,82,84,-2,2
66822,92,90,2,2
66823,72,72,0,0
66824,156,151,5,5
66825,97,101,-4,4
66826,80,83,-3,3
66827,110,96,14,14
66828,112,103,9,9
66829,73,72,1,1
66830,93,99,-6,6
66831,84,98,-14,14
66832,69,66,3,3
66833,63,76,-13,13
66834,97,96,1,1
66835,51,67,-16,16
66836,117,115,2,2
66837,102,113,-11,11
66838,63,67,-4,4
66839,90,116,-26,26
66840,75,74,1,1
66841,31,80,-49,49
66842,118,120,-2,2
66843,110,124,-14,14
66844,126,123,3,3
66845,132,138,-6,6
66846,94,85,9,9
66847,55,70,-15,15
66848,119,113,6,6
66849,47,56,-9,9
66850,152,134,18,18
66851,38,53,-15,15
66852,96,110,-14,14
66853,79,72,7,7
66854,63,63,0,0
66855,120,122,-2,2
66856,97,86,11,11
66857,65,65,0,0
66858,108,105,3,3
66859,146,144,2,2
66860,99,103,-4,4
66861,50,57,-7,7
66862,98,100,-2,2
66863,61,62,-1,1
66864,67,73,-6,6
66865,102,100,2,2
66866,98,96,2,2
66867,127,120,7,7
66868,134,126,8,8
66869,107,104,3,3
66870,62,68,-6,6
66871,83,80,3,3
66872,41,39,2,2
66873,65,76,-11,11
66874,73,76,-3,3
66875,81,79,2,2
66876,85,82,3,3
66877,85,76,9,9
66878,117,113,4,4
66879,128,132,-4,4
66880,89,90,-1,1
66881,42,41,1,1
66882,125,145,-20,20
66883,68,72,-4,4
66884,72,78,-6,6
66885,96,96,0,0
66886,134,132,2,2
66887,122,121,1,1
66888,87,88,-1,1
66889,54,63,-9,9
66890,79,79,0,0
66891,148,131,17,17
66892,66,73,-7,7
66893,142,128,14,14
66894,106,98,8,8
66895,48,55,-7,7
66896,57,73,-16,16
66897,126,122,4,4
66898,51,61,-10,10
66899,109,122,-13,13
66900,106,109,-3,3
66901,102,101,1,1
66902,94,93,1,1
66903,112,110,2,2
66904,140,129,11,11
66905,117,118,-1,1
66906,112,95,17,17
66907,49,69,-20,20
66908,156,148,8,8
66909,89,85,4,4
66910,74,79,-5,5
66911,67,75,-8,8
66912,70,82,-12,12
66913,93,99,-6,6
66914,93,94,-1,1
66915,101,104,-3,3
66916,76,85,-9,9
66917,67,73,-6,6
66918,106,104,2,2
66919,72,79,-7,7
66920,65,67,-2,2
66921,87,85,2,2
66922,89,85,4,4
66923,257,288,-31,31
66924,175,174,1,1
66925,69,67,2,2
66926,76,71,5,5
66927,65,65,0,0
66928,153,148,5,5
66929,68,72,-4,4
66930,116,108,8,8
66931,114,122,-8,8
66932,76,79,-3,3
66933,65,63,2,2
66934,104,98,6,6
66935,148,135,13,13
66936,43,51,-8,8
66937,90,89,1,1
66938,99,98,1,1
66939,128,131,-3,3
66940,110,111,-1,1
66941,42,56,-14,14
66942,120,119,1,1
66943,135,112,23,23
66944,134,137,-3,3
66945,116,120,-4,4
66946,138,123,15,15
66947,125,116,9,9
66948,43,51,-8,8
66949,89,83,6,6
66950,126,113,13,13
66951,90,84,6,6
66952,77,80,-3,3
66953,91,93,-2,2
66954,120,112,8,8
66955,63,66,-3,3
66956,88,84,4,4
66957,50,60,-10,10
66958,110,111,-1,1
66959,71,69,2,2
66960,81,79,2,2
66961,120,114,6,6
66962,94,94,0,0
66963,51,62,-11,11
66964,84,88,-4,4
66965,96,99,-3,3
66966,179,165,14,14
66967,57,59,-2,2
66968,114,113,1,1
66969,111,115,-4,4
66970,111,107,4,4
66971,101,94,7,7
66972,53,55,-2,2
66973,97,98,-1,1
66974,98,97,1,1
66975,50,58,-8,8
66976,82,84,-2,2
66977,108,102,6,6
66978,59,67,-8,8
66979,69,72,-3,3
66980,68,72,-4,4
66981,69,77,-8,8
66982,73,77,-4,4
66983,28,29,-1,1
66984,75,75,0,0
66985,68,69,-1,1
66986,110,112,-2,2
66987,99,104,-5,5
66988,72,75,-3,3
66989,74,76,-2,2
66990,70,76,-6,6
66991,109,99,10,10
66992,191,185,6,6
66993,54,58,-4,4
66994,119,116,3,3
66995,76,77,-1,1
66996,174,167,7,7
66997,87,84,3,3
66998,88,85,3,3
66999,53,59,-6,6
67000,75,79,-4,4
67001,68,68,0,0
67002,118,120,-2,2
67003,114,109,5,5
67004,101,102,-1,1
67005,102,103,-1,1
67006,82,83,-1,1
67007,100,104,-4,4
67008,134,131,3,3
67009,140,145,-5,5
67010,109,116,-7,7
67011,124,122,2,2
67012,157,138,19,19
67013,67,70,-3,3
67014,117,117,0,0
67015,64,65,-1,1
67016,89,98,-9,9
67017,52,51,1,1
67018,126,122,4,4
67019,99,101,-2,2
67020,82,81,1,1
67021,96,81,15,15
67022,85,79,6,6
67023,68,86,-18,18
67024,132,121,11,11
67025,148,141,7,7
67026,56,61,-5,5
67027,173,178,-5,5
67028,115,118,-3,3
67029,99,99,0,0
67030,115,122,-7,7
67031,71,74,-3,3
67032,141,136,5,5
67033,111,106,5,5
67034,53,60,-7,7
67035,279,230,49,49
67036,101,91,10,10
67037,93,92,1,1
67038,71,69,2,2
67039,163,158,5,5
67040,52,54,-2,2
67041,109,110,-1,1
67042,80,89,-9,9
67043,72,108,-36,36
67044,72,70,2,2
67045,87,83,4,4
67046,82,85,-3,3
67047,74,75,-1,1
67048,156,147,9,9
67049,133,125,8,8
67050,123,115,8,8
67051,63,66,-3,3
67052,70,75,-5,5
67053,40,46,-6,6
67054,76,84,-8,8
67055,201,200,1,1
67056,76,84,-8,8
67057,109,114,-5,5
67058,116,118,-2,2
67059,45,50,-5,5
67060,59,62,-3,3
67061,104,93,11,11
67062,122,150,-28,28
67063,108,95,13,13
67064,59,68,-9,9
67065,111,121,-10,10
67066,47,49,-2,2
67067,123,121,2,2
67068,127,116,11,11
67069,98,94,4,4
67070,90,88,2,2
67071,70,76,-6,6
67072,102,101,1,1
67073,101,99,2,2
67074,72,89,-17,17
67075,86,103,-17,17
67076,77,79,-2,2
67077,175,153,22,22
67078,85,87,-2,2
67079,109,105,4,4
67080,143,131,12,12
67081,79,84,-5,5
67082,81,82,-1,1
67083,110,102,8,8
67084,68,78,-10,10
67085,107,108,-1,1
67086,115,112,3,3
67087,120,122,-2,2
67088,67,72,-5,5
67089,95,88,7,7
67090,116,112,4,4
67091,83,86,-3,3
67092,97,85,12,12
67093,85,89,-4,4
67094,91,101,-10,10
67095,147,140,7,7
67096,60,71,-11,11
67097,104,98,6,6
67098,99,98,1,1
67099,142,131,11,11
67100,65,69,-4,4
67101,58,63,-5,5
67102,81,88,-7,7
67103,85,82,3,3
67104,158,152,6,6
67105,57,60,-3,3
67106,32,39,-7,7
67107,161,152,9,9
67108,139,133,6,6
67109,123,121,2,2
67110,141,143,-2,2
67111,127,125,2,2
67112,65,71,-6,6
67113,177,163,14,14
67114,131,127,4,4
67115,140,133,7,7
67116,51,61,-10,10
67117,85,89,-4,4
67118,75,77,-2,2
67119,103,100,3,3
67120,155,139,16,16
67121,85,79,6,6
67122,72,73,-1,1
67123,80,71,9,9
67124,62,68,-6,6
67125,58,65,-7,7
67126,53,61,-8,8
67127,76,91,-15,15
67128,117,119,-2,2
67129,75,72,3,3
67130,138,129,9,9
67131,82,79,3,3
67132,79,80,-1,1
67133,83,93,-10,10
67134,79,75,4,4
67135,141,130,11,11
67136,76,72,4,4
67137,165,156,9,9
67138,150,152,-2,2
67139,65,66,-1,1
67140,37,45,-8,8
67141,55,61,-6,6
67142,227,215,12,12
67143,82,84,-2,2
67144,70,73,-3,3
67145,57,62,-5,5
67146,73,68,5,5
67147,78,75,3,3
67148,58,63,-5,5
67149,87,83,4,4
67150,48,60,-12,12
67151,127,128,-1,1
67152,65,62,3,3
67153,111,98,13,13
67154,74,77,-3,3
67155,103,96,7,7
67156,91,81,10,10
67157,188,205,-17,17
67158,98,113,-15,15
67159,86,86,0,0
67160,68,65,3,3
67161,99,100,-1,1
67162,68,70,-2,2
67163,87,83,4,4
67164,110,114,-4,4
67165,53,63,-10,10
67166,75,73,2,2
67167,113,110,3,3
67168,103,125,-22,22
67169,48,60,-12,12
67170,180,165,15,15
67171,67,77,-10,10
67172,69,74,-5,5
67173,114,121,-7,7
67174,82,76,6,6
67175,152,146,6,6
67176,108,110,-2,2
67177,126,123,3,3
67178,126,140,-14,14
67179,68,73,-5,5
67180,111,108,3,3
67181,127,112,15,15
67182,106,100,6,6
67183,93,103,-10,10
67184,134,136,-2,2
67185,65,72,-7,7
67186,129,118,11,11
67187,84,84,0,0
67188,64,69,-5,5
67189,147,144,3,3
67190,123,117,6,6
67191,102,100,2,2
67192,66,65,1,1
67193,56,65,-9,9
67194,99,108,-9,9
67195,92,87,5,5
67196,96,98,-2,2
67197,125,134,-9,9
67198,85,80,5,5
67199,100,97,3,3
67200,77,82,-5,5
67201,69,72,-3,3
67202,95,97,-2,2
67203,87,83,4,4
67204,112,108,4,4
67205,124,121,3,3
67206,99,94,5,5
67207,65,66,-1,1
67208,119,102,17,17
67209,66,71,-5,5
67210,89,84,5,5
67211,139,123,16,16
67212,111,101,10,10
67213,81,90,-9,9
67214,100,101,-1,1
67215,82,77,5,5
67216,145,156,-11,11
67217,91,95,-4,4
67218,187,187,0,0
67219,84,85,-1,1
67220,45,55,-10,10
67221,116,118,-2,2
67222,69,72,-3,3
67223,80,83,-3,3
67224,44,41,3,3
67225,93,103,-10,10
67226,58,60,-2,2
67227,74,79,-5,5
67228,74,75,-1,1
67229,99,111,-12,12
67230,93,97,-4,4
67231,67,65,2,2
67232,108,111,-3,3
67233,108,118,-10,10
67234,116,102,14,14
67235,127,111,16,16
67236,98,95,3,3
67237,115,126,-11,11
67238,131,132,-1,1
67239,185,180,5,5
67240,120,107,13,13
67241,75,80,-5,5
67242,165,140,25,25
67243,44,75,-31,31
67244,82,83,-1,1
67245,66,78,-12,12
67246,72,76,-4,4
67247,137,128,9,9
67248,66,71,-5,5
67249,79,97,-18,18
67250,48,58,-10,10
67251,76,77,-1,1
67252,87,83,4,4
67253,90,85,5,5
67254,67,72,-5,5
67255,139,136,3,3
67256,52,60,-8,8
67257,97,88,9,9
67258,135,127,8,8
67259,60,53,7,7
67260,65,70,-5,5
67261,61,59,2,2
67262,175,162,13,13
67263,146,130,16,16
67264,64,75,-11,11
67265,122,120,2,2
67266,66,71,-5,5
67267,62,64,-2,2
67268,97,101,-4,4
67269,117,121,-4,4
67270,72,77,-5,5
67271,66,85,-19,19
67272,147,128,19,19
67273,139,126,13,13
67274,143,150,-7,7
67275,106,107,-1,1
67276,81,95,-14,14
67277,85,77,8,8
67278,112,103,9,9
67279,74,85,-11,11
67280,157,149,8,8
67281,76,72,4,4
67282,69,70,-1,1
67283,133,125,8,8
67284,79,88,-9,9
67285,58,65,-7,7
67286,111,114,-3,3
67287,195,182,13,13
67288,129,115,14,14
67289,58,78,-20,20
67290,101,109,-8,8
67291,186,179,7,7
67292,76,70,6,6
67293,72,73,-1,1
67294,100,105,-5,5
67295,60,66,-6,6
67296,59,68,-9,9
67297,118,115,3,3
67298,195,175,20,20
67299,92,84,8,8
67300,245,249,-4,4
67301,102,113,-11,11
67302,84,86,-2,2
67303,95,95,0,0
67304,126,118,8,8
67305,101,95,6,6
67306,192,174,18,18
67307,118,117,1,1
67308,72,83,-11,11
67309,66,72,-6,6
67310,72,75,-3,3
67311,75,79,-4,4
67312,47,54,-7,7
67313,53,61,-8,8
67314,75,84,-9,9
67315,77,92,-15,15
67316,133,142,-9,9
67317,66,70,-4,4
67318,122,123,-1,1
67319,151,150,1,1
67320,95,112,-17,17
67321,70,79,-9,9
67322,66,69,-3,3
67323,101,97,4,4
67324,92,91,1,1
67325,94,88,6,6
67326,80,75,5,5
67327,86,91,-5,5
67328,99,92,7,7
67329,167,151,16,16
67330,104,99,5,5
67331,92,83,9,9
67332,82,93,-11,11
67333,93,89,4,4
67334,57,60,-3,3
67335,80,79,1,1
67336,154,133,21,21
67337,92,89,3,3
67338,121,112,9,9
67339,90,100,-10,10
67340,94,96,-2,2
67341,100,101,-1,1
67342,55,66,-11,11
67343,179,176,3,3
67344,157,145,12,12
67345,58,73,-15,15
67346,94,107,-13,13
67347,85,82,3,3
67348,55,66,-11,11
67349,72,66,6,6
67350,114,113,1,1
67351,99,99,0,0
67352,75,71,4,4
67353,45,48,-3,3
67354,58,61,-3,3
67355,110,109,1,1
67356,69,77,-8,8
67357,68,69,-1,1
67358,102,97,5,5
67359,77,84,-7,7
67360,85,81,4,4
67361,112,111,1,1
67362,40,43,-3,3
67363,73,77,-4,4
67364,76,80,-4,4
67365,65,69,-4,4
67366,72,88,-16,16
67367,89,113,-24,24
67368,110,115,-5,5
67369,91,91,0,0
67370,59,84,-25,25
67371,90,82,8,8
67372,84,86,-2,2
67373,130,121,9,9
67374,63,64,-1,1
67375,63,67,-4,4
67376,87,84,3,3
67377,106,115,-9,9
67378,145,133,12,12
67379,128,129,-1,1
67380,81,83,-2,2
67381,111,101,10,10
67382,76,83,-7,7
67383,53,67,-14,14
67384,82,79,3,3
67385,100,101,-1,1
67386,74,85,-11,11
67387,105,106,-1,1
67388,58,64,-6,6
67389,102,104,-2,2
67390,113,106,7,7
67391,99,103,-4,4
67392,113,110,3,3
67393,55,59,-4,4
67394,98,86,12,12
67395,108,112,-4,4
67396,54,58,-4,4
67397,99,97,2,2
67398,78,80,-2,2
67399,68,69,-1,1
67400,45,50,-5,5
67401,71,77,-6,6
67402,216,160,56,56
67403,103,102,1,1
67404,77,78,-1,1
67405,64,68,-4,4
67406,108,108,0,0
67407,106,86,20,20
67408,124,109,15,15
67409,71,75,-4,4
67410,91,82,9,9
67411,80,82,-2,2
67412,122,123,-1,1
67413,105,105,0,0
67414,80,83,-3,3
67415,142,123,19,19
67416,64,92,-28,28
67417,95,77,18,18
67418,112,122,-10,10
67419,83,77,6,6
67420,147,141,6,6
67421,47,57,-10,10
67422,80,83,-3,3
67423,104,109,-5,5
67424,71,77,-6,6
67425,67,68,-1,1
67426,69,77,-8,8
67427,82,83,-1,1
67428,85,80,5,5
67429,144,142,2,2
67430,81,85,-4,4
67431,141,138,3,3
67432,86,82,4,4
67433,176,176,0,0
67434,74,69,5,5
67435,91,88,3,3
67436,102,84,18,18
67437,74,71,3,3
67438,97,95,2,2
67439,60,66,-6,6
67440,97,98,-1,1
67441,119,118,1,1
67442,97,99,-2,2
67443,70,75,-5,5
67444,102,97,5,5
67445,61,71,-10,10
67446,86,76,10,10
67447,45,52,-7,7
67448,51,61,-10,10
67449,130,131,-1,1
67450,74,79,-5,5
67451,78,82,-4,4
67452,163,162,1,1
67453,52,65,-13,13
67454,99,106,-7,7
67455,84,89,-5,5
67456,109,102,7,7
67457,84,83,1,1
67458,88,99,-11,11
67459,117,112,5,5
67460,186,174,12,12
67461,55,60,-5,5
67462,65,80,-15,15
67463,119,133,-14,14
67464,71,75,-4,4
67465,87,82,5,5
67466,51,62,-11,11
67467,46,55,-9,9
67468,61,65,-4,4
67469,103,98,5,5
67470,84,81,3,3
67471,56,64,-8,8
67472,73,77,-4,4
67473,84,79,5,5
67474,127,113,14,14
67475,178,180,-2,2
67476,71,75,-4,4
67477,107,103,4,4
67478,111,102,9,9
67479,69,73,-4,4
67480,94,98,-4,4
67481,45,56,-11,11
67482,94,97,-3,3
67483,120,124,-4,4
67484,63,70,-7,7
67485,78,75,3,3
67486,40,49,-9,9
67487,114,111,3,3
67488,112,106,6,6
67489,152,148,4,4
67490,184,157,27,27
67491,84,81,3,3
67492,122,115,7,7
67493,108,102,6,6
67494,64,68,-4,4
67495,114,111,3,3
67496,143,145,-2,2
67497,97,89,8,8
67498,99,96,3,3
67499,145,151,-6,6
67500,63,67,-4,4
67501,111,113,-2,2
67502,68,74,-6,6
67503,108,119,-11,11
67504,94,83,11,11
67505,77,77,0,0
67506,49,62,-13,13
67507,82,80,2,2
67508,66,69,-3,3
67509,74,71,3,3
67510,142,149,-7,7
67511,82,86,-4,4
67512,87,82,5,5
67513,78,80,-2,2
67514,58,68,-10,10
67515,108,109,-1,1
67516,50,81,-31,31
67517,170,163,7,7
67518,74,78,-4,4
67519,102,102,0,0
67520,95,94,1,1
67521,90,84,6,6
67522,118,114,4,4
67523,70,71,-1,1
67524,111,110,1,1
67525,96,106,-10,10
67526,81,82,-1,1
67527,110,105,5,5
67528,94,88,6,6
67529,99,105,-6,6
67530,107,108,-1,1
67531,129,133,-4,4
67532,135,123,12,12
67533,123,112,11,11
67534,67,71,-4,4
67535,79,82,-3,3
67536,91,99,-8,8
67537,72,73,-1,1
67538,150,156,-6,6
67539,117,125,-8,8
67540,60,70,-10,10
67541,102,107,-5,5
67542,32,53,-21,21
67543,65,70,-5,5
67544,163,157,6,6
67545,99,95,4,4
67546,76,77,-1,1
67547,146,129,17,17
67548,137,125,12,12
67549,131,128,3,3
67550,152,142,10,10
67551,93,105,-12,12
67552,78,77,1,1
67553,83,79,4,4
67554,109,98,11,11
67555,134,143,-9,9
67556,56,74,-18,18
67557,82,77,5,5
67558,50,46,4,4
67559,104,104,0,0
67560,78,81,-3,3
67561,60,64,-4,4
67562,137,126,11,11
67563,64,64,0,0
67564,144,143,1,1
67565,49,55,-6,6
67566,104,101,3,3
67567,66,69,-3,3
67568,71,71,0,0
67569,128,124,4,4
67570,84,107,-23,23
67571,141,143,-2,2
67572,97,88,9,9
67573,52,54,-2,2
67574,74,75,-1,1
67575,98,113,-15,15
67576,71,71,0,0
67577,56,61,-5,5
67578,71,77,-6,6
67579,123,115,8,8
67580,146,128,18,18
67581,77,78,-1,1
67582,68,73,-5,5
67583,110,98,12,12
67584,85,84,1,1
67585,162,129,33,33
67586,105,96,9,9
67587,68,70,-2,2
67588,100,88,12,12
67589,103,100,3,3
67590,121,109,12,12
67591,96,84,12,12
67592,199,175,24,24
67593,83,83,0,0
67594,91,90,1,1
67595,61,70,-9,9
67596,103,109,-6,6
67597,95,97,-2,2
67598,68,71,-3,3
67599,94,89,5,5
67600,54,60,-6,6
67601,160,133,27,27
67602,123,113,10,10
67603,154,141,13,13
67604,48,59,-11,11
67605,66,72,-6,6
67606,81,79,2,2
67607,56,65,-9,9
67608,160,143,17,17
67609,121,154,-33,33
67610,103,90,13,13
67611,126,118,8,8
67612,82,80,2,2
67613,63,75,-12,12
67614,88,89,-1,1
67615,111,118,-7,7
67616,139,132,7,7
67617,103,100,3,3
67618,74,77,-3,3
67619,133,121,12,12
67620,49,59,-10,10
67621,93,92,1,1
67622,86,86,0,0
67623,77,74,3,3
67624,56,72,-16,16
67625,66,66,0,0
67626,132,124,8,8
67627,149,131,18,18
67628,39,40,-1,1
67629,117,114,3,3
67630,98,96,2,2
67631,59,62,-3,3
67632,146,144,2,2
67633,106,94,12,12
67634,63,70,-7,7
67635,90,91,-1,1
67636,73,77,-4,4
67637,80,77,3,3
67638,89,84,5,5
67639,88,85,3,3
67640,51,56,-5,5
67641,85,82,3,3
67642,106,126,-20,20
67643,136,127,9,9
67644,46,51,-5,5
67645,107,111,-4,4
67646,154,155,-1,1
67647,109,109,0,0
67648,79,77,2,2
67649,94,82,12,12
67650,64,66,-2,2
67651,63,63,0,0
67652,62,63,-1,1
67653,58,65,-7,7
67654,48,56,-8,8
67655,67,73,-6,6
67656,74,73,1,1
67657,94,93,1,1
67658,75,73,2,2
67659,158,143,15,15
67660,134,125,9,9
67661,189,172,17,17
67662,62,71,-9,9
67663,73,74,-1,1
67664,89,93,-4,4
67665,42,41,1,1
67666,129,117,12,12
67667,65,76,-11,11
67668,49,57,-8,8
67669,163,154,9,9
67670,93,91,2,2
67671,185,171,14,14
67672,91,91,0,0
67673,43,52,-9,9
67674,163,162,1,1
67675,65,70,-5,5
67676,49,39,10,10
67677,62,66,-4,4
67678,123,131,-8,8
67679,78,81,-3,3
67680,144,131,13,13
67681,75,103,-28,28
67682,83,80,3,3
67683,122,107,15,15
67684,92,91,1,1
67685,101,100,1,1
67686,75,89,-14,14
67687,130,114,16,16
67688,160,151,9,9
67689,58,64,-6,6
67690,154,147,7,7
67691,101,96,5,5
67692,54,66,-12,12
67693,177,173,4,4
67694,198,182,16,16
67695,98,112,-14,14
67696,87,99,-12,12
67697,116,118,-2,2
67698,63,62,1,1
67699,95,91,4,4
67700,57,58,-1,1
67701,64,63,1,1
67702,69,65,4,4
67703,79,78,1,1
67704,89,104,-15,15
67705,53,60,-7,7
67706,94,100,-6,6
67707,85,97,-12,12
67708,85,83,2,2
67709,80,93,-13,13
67710,80,93,-13,13
67711,95,91,4,4
67712,95,92,3,3
67713,72,76,-4,4
67714,59,66,-7,7
67715,122,107,15,15
67716,76,76,0,0
67717,103,93,10,10
67718,80,82,-2,2
67719,84,82,2,2
67720,108,106,2,2
67721,94,92,2,2
67722,128,125,3,3
67723,121,121,0,0
67724,156,141,15,15
67725,120,114,6,6
67726,97,98,-1,1
67727,87,100,-13,13
67728,116,110,6,6
67729,48,53,-5,5
67730,139,134,5,5
67731,93,86,7,7
67732,184,188,-4,4
67733,62,62,0,0
67734,116,120,-4,4
67735,114,106,8,8
67736,104,100,4,4
67737,94,100,-6,6
67738,169,164,5,5
67739,89,98,-9,9
67740,91,98,-7,7
67741,97,102,-5,5
67742,111,112,-1,1
67743,69,71,-2,2
67744,120,113,7,7
67745,105,123,-18,18
67746,99,99,0,0
67747,37,70,-33,33
67748,105,93,12,12
67749,69,72,-3,3
67750,67,69,-2,2
67751,31,30,1,1
67752,60,67,-7,7
67753,90,95,-5,5
67754,74,74,0,0
67755,123,115,8,8
67756,97,100,-3,3
67757,55,56,-1,1
67758,127,123,4,4
67759,122,120,2,2
67760,103,108,-5,5
67761,141,137,4,4
67762,67,69,-2,2
67763,113,117,-4,4
67764,135,133,2,2
67765,203,185,18,18
67766,88,87,1,1
67767,94,105,-11,11
67768,103,102,1,1
67769,86,84,2,2
67770,143,146,-3,3
67771,52,57,-5,5
67772,75,83,-8,8
67773,114,119,-5,5
67774,92,83,9,9
67775,113,111,2,2
67776,123,121,2,2
67777,68,77,-9,9
67778,86,99,-13,13
67779,27,29,-2,2
67780,126,128,-2,2
67781,89,84,5,5
67782,113,101,12,12
67783,106,100,6,6
67784,90,84,6,6
67785,82,75,7,7
67786,88,92,-4,4
67787,97,95,2,2
67788,141,128,13,13
67789,123,111,12,12
67790,188,196,-8,8
67791,108,114,-6,6
67792,73,73,0,0
67793,104,105,-1,1
67794,87,91,-4,4
67795,78,80,-2,2
67796,75,72,3,3
67797,153,145,8,8
67798,74,70,4,4
67799,129,115,14,14
67800,117,114,3,3
67801,82,84,-2,2
67802,103,99,4,4
67803,93,81,12,12
67804,89,90,-1,1
67805,44,54,-10,10
67806,76,77,-1,1
67807,79,92,-13,13
67808,87,91,-4,4
67809,38,42,-4,4
67810,120,118,2,2
67811,88,91,-3,3
67812,155,137,18,18
67813,120,110,10,10
67814,89,83,6,6
67815,100,95,5,5
67816,66,67,-1,1
67817,85,94,-9,9
67818,90,77,13,13
67819,126,123,3,3
67820,153,129,24,24
67821,83,80,3,3
67822,113,105,8,8
67823,88,96,-8,8
67824,152,154,-2,2
67825,104,98,6,6
67826,75,73,2,2
67827,48,51,-3,3
67828,127,120,7,7
67829,79,75,4,4
67830,117,116,1,1
67831,63,71,-8,8
67832,113,117,-4,4
67833,143,158,-15,15
67834,110,106,4,4
67835,75,85,-10,10
67836,48,56,-8,8
67837,64,91,-27,27
67838,99,103,-4,4
67839,91,88,3,3
67840,111,101,10,10
67841,89,87,2,2
67842,141,131,10,10
67843,101,92,9,9
67844,74,74,0,0
67845,124,111,13,13
67846,115,123,-8,8
67847,94,104,-10,10
67848,110,116,-6,6
67849,70,73,-3,3
67850,89,97,-8,8
67851,53,60,-7,7
67852,85,95,-10,10
67853,166,152,14,14
67854,77,73,4,4
67855,76,73,3,3
67856,137,146,-9,9
67857,79,86,-7,7
67858,144,123,21,21
67859,57,52,5,5
67860,102,104,-2,2
67861,77,79,-2,2
67862,105,113,-8,8
67863,99,95,4,4
67864,40,47,-7,7
67865,96,94,2,2
67866,99,101,-2,2
67867,69,68,1,1
67868,111,103,8,8
67869,119,124,-5,5
67870,152,145,7,7
67871,138,130,8,8
67872,146,156,-10,10
67873,79,100,-21,21
67874,113,107,6,6
67875,65,74,-9,9
67876,135,124,11,11
67877,58,42,16,16
67878,68,77,-9,9
67879,103,95,8,8
67880,110,113,-3,3
67881,57,63,-6,6
67882,191,179,12,12
67883,87,82,5,5
67884,130,119,11,11
67885,94,96,-2,2
67886,101,113,-12,12
67887,52,54,-2,2
67888,134,131,3,3
67889,75,74,1,1
67890,91,95,-4,4
67891,109,110,-1,1
67892,96,91,5,5
67893,55,61,-6,6
67894,114,110,4,4
67895,159,152,7,7
67896,74,73,1,1
67897,89,98,-9,9
67898,45,57,-12,12
67899,50,73,-23,23
67900,78,74,4,4
67901,136,142,-6,6
67902,81,82,-1,1
67903,104,94,10,10
67904,42,49,-7,7
67905,45,50,-5,5
67906,91,79,12,12
67907,81,81,0,0
67908,73,76,-3,3
67909,163,152,11,11
67910,62,63,-1,1
67911,62,78,-16,16
67912,117,105,12,12
67913,91,97,-6,6
67914,81,92,-11,11
67915,183,159,24,24
67916,115,116,-1,1
67917,45,47,-2,2
67918,67,73,-6,6
67919,73,70,3,3
67920,115,117,-2,2
67921,143,132,11,11
67922,122,111,11,11
67923,158,138,20,20
67924,132,126,6,6
67925,56,64,-8,8
67926,138,135,3,3
67927,128,120,8,8
67928,170,156,14,14
67929,101,99,2,2
67930,147,138,9,9
67931,116,119,-3,3
67932,97,115,-18,18
67933,116,119,-3,3
67934,73,74,-1,1
67935,58,56,2,2
67936,99,96,3,3
67937,148,150,-2,2
67938,56,60,-4,4
67939,144,146,-2,2
67940,73,73,0,0
67941,124,130,-6,6
67942,58,86,-28,28
67943,72,76,-4,4
67944,57,61,-4,4
67945,77,70,7,7
67946,93,90,3,3
67947,136,129,7,7
67948,56,62,-6,6
67949,106,96,10,10
67950,68,67,1,1
67951,107,108,-1,1
67952,137,128,9,9
67953,51,57,-6,6
67954,161,158,3,3
67955,75,76,-1,1
67956,207,183,24,24
67957,134,143,-9,9
67958,139,138,1,1
67959,85,84,1,1
67960,64,69,-5,5
67961,57,64,-7,7
67962,87,87,0,0
67963,143,135,8,8
67964,89,89,0,0
67965,78,75,3,3
67966,73,95,-22,22
67967,188,196,-8,8
67968,115,101,14,14
67969,119,97,22,22
67970,74,82,-8,8
67971,96,100,-4,4
67972,64,69,-5,5
67973,117,113,4,4
67974,127,130,-3,3
67975,70,77,-7,7
67976,97,106,-9,9
67977,163,121,42,42
67978,143,129,14,14
67979,69,79,-10,10
67980,98,106,-8,8
67981,87,85,2,2
67982,100,100,0,0
67983,111,122,-11,11
67984,129,133,-4,4
67985,94,83,11,11
67986,124,120,4,4
67987,70,77,-7,7
67988,64,67,-3,3
67989,131,121,10,10
67990,81,87,-6,6
67991,121,112,9,9
67992,139,128,11,11
67993,49,57,-8,8
67994,54,66,-12,12
67995,109,110,-1,1
67996,71,77,-6,6
67997,124,113,11,11
67998,110,101,9,9
67999,103,107,-4,4
68000,104,114,-10,10
68001,95,115,-20,20
68002,85,76,9,9
68003,83,77,6,6
68004,111,116,-5,5
68005,68,62,6,6
68006,76,73,3,3
68007,47,54,-7,7
68008,143,130,13,13
68009,64,68,-4,4
68010,102,102,0,0
68011,77,80,-3,3
68012,52,66,-14,14
68013,52,61,-9,9
68014,75,79,-4,4
68015,83,84,-1,1
68016,70,69,1,1
68017,44,53,-9,9
68018,41,50,-9,9
68019,77,75,2,2
68020,53,55,-2,2
68021,132,130,2,2
68022,112,102,10,10
68023,81,77,4,4
68024,85,83,2,2
68025,90,88,2,2
68026,51,59,-8,8
68027,55,65,-10,10
68028,45,73,-28,28
68029,52,58,-6,6
68030,98,100,-2,2
68031,72,72,0,0
68032,239,228,11,11
68033,123,110,13,13
68034,164,150,14,14
68035,75,74,1,1
68036,145,142,3,3
68037,63,70,-7,7
68038,63,100,-37,37
68039,100,107,-7,7
68040,110,114,-4,4
68041,76,87,-11,11
68042,94,102,-8,8
68043,109,99,10,10
68044,59,70,-11,11
68045,140,151,-11,11
68046,83,76,7,7
68047,136,129,7,7
68048,50,56,-6,6
68049,85,80,5,5
68050,113,104,9,9
68051,49,61,-12,12
68052,98,84,14,14
68053,80,71,9,9
68054,95,97,-2,2
68055,129,131,-2,2
68056,89,84,5,5
68057,115,110,5,5
68058,73,78,-5,5
68059,75,81,-6,6
68060,168,157,11,11
68061,52,62,-10,10
68062,76,74,2,2
68063,104,101,3,3
68064,124,111,13,13
68065,113,116,-3,3
68066,80,75,5,5
68067,79,102,-23,23
68068,89,87,2,2
68069,90,78,12,12
68070,46,58,-12,12
68071,80,75,5,5
68072,108,120,-12,12
68073,46,51,-5,5
68074,106,98,8,8
68075,139,133,6,6
68076,99,102,-3,3
68077,50,55,-5,5
68078,65,66,-1,1
68079,69,72,-3,3
68080,125,119,6,6
68081,97,99,-2,2
68082,84,86,-2,2
68083,114,119,-5,5
68084,39,30,9,9
68085,106,97,9,9
68086,88,91,-3,3
68087,80,84,-4,4
68088,178,167,11,11
68089,104,113,-9,9
68090,76,73,3,3
68091,108,100,8,8
68092,82,94,-12,12
68093,44,55,-11,11
68094,67,67,0,0
68095,69,77,-8,8
68096,69,67,2,2
68097,112,106,6,6
68098,151,132,19,19
68099,47,53,-6,6
68100,70,70,0,0
68101,86,83,3,3
68102,95,95,0,0
68103,68,75,-7,7
68104,44,49,-5,5
68105,70,75,-5,5
68106,132,124,8,8
68107,66,70,-4,4
68108,104,102,2,2
68109,155,149,6,6
68110,136,130,6,6
68111,74,75,-1,1
68112,109,109,0,0
68113,88,94,-6,6
68114,156,165,-9,9
68115,153,154,-1,1
68116,83,75,8,8
68117,88,80,8,8
68118,167,176,-9,9
68119,44,51,-7,7
68120,124,109,15,15
68121,71,71,0,0
68122,131,118,13,13
68123,94,88,6,6
68124,64,68,-4,4
68125,81,80,1,1
68126,69,69,0,0
68127,52,58,-6,6
68128,84,83,1,1
68129,59,64,-5,5
68130,117,116,1,1
68131,115,109,6,6
68132,86,87,-1,1
68133,111,106,5,5
68134,69,76,-7,7
68135,119,113,6,6
68136,73,72,1,1
68137,81,77,4,4
68138,79,90,-11,11
68139,89,102,-13,13
68140,51,58,-7,7
68141,63,68,-5,5
68142,87,91,-4,4
68143,116,111,5,5
68144,115,107,8,8
68145,111,117,-6,6
68146,38,39,-1,1
68147,130,137,-7,7
68148,100,92,8,8
68149,60,59,1,1
68150,91,84,7,7
68151,67,70,-3,3
68152,73,68,5,5
68153,152,150,2,2
68154,199,185,14,14
68155,156,146,10,10
68156,61,68,-7,7
68157,109,91,18,18
68158,69,72,-3,3
68159,87,86,1,1
68160,65,69,-4,4
68161,83,85,-2,2
68162,94,97,-3,3
68163,104,87,17,17
68164,72,77,-5,5
68165,74,87,-13,13
68166,93,81,12,12
68167,88,85,3,3
68168,88,78,10,10
68169,75,84,-9,9
68170,102,104,-2,2
68171,72,74,-2,2
68172,95,82,13,13
68173,98,97,1,1
68174,86,85,1,1
68175,91,108,-17,17
68176,67,70,-3,3
68177,73,77,-4,4
68178,129,130,-1,1
68179,64,65,-1,1
68180,94,97,-3,3
68181,123,111,12,12
68182,89,89,0,0
68183,45,57,-12,12
68184,95,95,0,0
68185,77,76,1,1
68186,61,71,-10,10
68187,151,154,-3,3
68188,53,61,-8,8
68189,109,102,7,7
68190,84,87,-3,3
68191,86,92,-6,6
68192,105,104,1,1
68193,107,119,-12,12
68194,97,104,-7,7
68195,41,47,-6,6
68196,69,74,-5,5
68197,111,86,25,25
68198,40,49,-9,9
68199,140,136,4,4
68200,65,72,-7,7
68201,149,126,23,23
68202,46,50,-4,4
68203,103,102,1,1
68204,80,80,0,0
68205,41,44,-3,3
68206,97,132,-35,35
68207,65,66,-1,1
68208,124,148,-24,24
68209,65,71,-6,6
68210,85,80,5,5
68211,151,147,4,4
68212,75,74,1,1
68213,92,97,-5,5
68214,96,93,3,3
68215,120,136,-16,16
68216,71,73,-2,2
68217,77,79,-2,2
68218,84,96,-12,12
68219,100,108,-8,8
68220,105,115,-10,10
68221,123,114,9,9
68222,53,61,-8,8
68223,178,177,1,1
68224,99,100,-1,1
68225,64,68,-4,4
68226,78,84,-6,6
68227,108,105,3,3
68228,77,76,1,1
68229,157,151,6,6
68230,72,79,-7,7
68231,68,72,-4,4
68232,87,82,5,5
68233,70,76,-6,6
68234,52,60,-8,8
68235,85,79,6,6
68236,100,107,-7,7
68237,71,70,1,1
68238,109,116,-7,7
68239,154,163,-9,9
68240,96,76,20,20
68241,78,87,-9,9
68242,82,92,-10,10
68243,114,111,3,3
68244,103,109,-6,6
68245,118,122,-4,4
68246,87,92,-5,5
68247,121,127,-6,6
68248,94,95,-1,1
68249,62,61,1,1
68250,89,87,2,2
68251,105,101,4,4
68252,85,77,8,8
68253,79,88,-9,9
68254,86,83,3,3
68255,100,101,-1,1
68256,104,100,4,4
68257,83,85,-2,2
68258,90,82,8,8
68259,112,127,-15,15
68260,69,74,-5,5
68261,121,105,16,16
68262,84,91,-7,7
68263,87,84,3,3
68264,92,94,-2,2
68265,147,145,2,2
68266,86,92,-6,6
68267,89,83,6,6
68268,52,69,-17,17
68269,110,106,4,4
68270,145,138,7,7
68271,87,84,3,3
68272,107,88,19,19
68273,145,119,26,26
68274,55,63,-8,8
68275,51,65,-14,14
68276,95,97,-2,2
68277,101,99,2,2
68278,72,70,2,2
68279,90,84,6,6
68280,91,79,12,12
68281,94,98,-4,4
68282,60,69,-9,9
68283,59,61,-2,2
68284,96,86,10,10
68285,55,59,-4,4
68286,101,91,10,10
68287,95,101,-6,6
68288,113,113,0,0
68289,77,74,3,3
68290,114,124,-10,10
68291,101,111,-10,10
68292,100,108,-8,8
68293,64,70,-6,6
68294,100,94,6,6
68295,158,140,18,18
68296,81,81,0,0
68297,62,66,-4,4
68298,136,128,8,8
68299,156,150,6,6
68300,160,151,9,9
68301,128,128,0,0
68302,49,52,-3,3
68303,135,125,10,10
68304,81,84,-3,3
68305,85,84,1,1
68306,74,71,3,3
68307,141,129,12,12
68308,98,99,-1,1
68309,140,133,7,7
68310,102,96,6,6
68311,91,103,-12,12
68312,68,69,-1,1
68313,117,108,9,9
68314,57,58,-1,1
68315,70,72,-2,2
68316,203,171,32,32
68317,96,113,-17,17
68318,128,132,-4,4
68319,81,75,6,6
68320,81,97,-16,16
68321,66,64,2,2
68322,128,124,4,4
68323,150,142,8,8
68324,79,85,-6,6
68325,68,74,-6,6
68326,57,64,-7,7
68327,63,74,-11,11
68328,110,112,-2,2
68329,84,81,3,3
68330,84,73,11,11
68331,59,65,-6,6
68332,101,89,12,12
68333,73,77,-4,4
68334,82,84,-2,2
68335,163,157,6,6
68336,113,113,0,0
68337,95,78,17,17
68338,73,76,-3,3
68339,83,82,1,1
68340,114,115,-1,1
68341,136,124,12,12
68342,86,88,-2,2
68343,81,79,2,2
68344,108,116,-8,8
68345,149,151,-2,2
68346,101,101,0,0
68347,78,84,-6,6
68348,126,113,13,13
68349,122,130,-8,8
68350,112,105,7,7
68351,67,66,1,1
68352,62,64,-2,2
68353,112,112,0,0
68354,171,157,14,14
68355,65,64,1,1
68356,97,90,7,7
68357,43,52,-9,9
68358,71,64,7,7
68359,71,71,0,0
68360,55,51,4,4
68361,72,84,-12,12
68362,85,83,2,2
68363,190,175,15,15
68364,97,99,-2,2
68365,100,99,1,1
68366,75,79,-4,4
68367,130,118,12,12
68368,60,65,-5,5
68369,105,103,2,2
68370,85,84,1,1
68371,89,92,-3,3
68372,93,94,-1,1
68373,39,73,-34,34
68374,74,68,6,6
68375,148,151,-3,3
68376,136,122,14,14
68377,61,73,-12,12
68378,181,169,12,12
68379,99,94,5,5
68380,165,156,9,9
68381,97,96,1,1
68382,116,112,4,4
68383,105,113,-8,8
68384,50,51,-1,1
68385,71,83,-12,12
68386,115,109,6,6
68387,61,62,-1,1
68388,101,105,-4,4
68389,80,80,0,0
68390,100,105,-5,5
68391,79,96,-17,17
68392,121,116,5,5
68393,85,93,-8,8
68394,87,92,-5,5
68395,61,68,-7,7
68396,125,131,-6,6
68397,85,93,-8,8
68398,87,87,0,0
68399,64,73,-9,9
68400,66,70,-4,4
68401,85,89,-4,4
68402,159,145,14,14
68403,132,138,-6,6
68404,96,101,-5,5
68405,100,111,-11,11
68406,76,74,2,2
68407,117,118,-1,1
68408,101,115,-14,14
68409,86,89,-3,3
68410,117,112,5,5
68411,96,94,2,2
68412,55,63,-8,8
68413,145,131,14,14
68414,68,77,-9,9
68415,71,71,0,0
68416,129,124,5,5
68417,121,119,2,2
68418,92,78,14,14
68419,57,63,-6,6
68420,50,48,2,2
68421,56,64,-8,8
68422,52,59,-7,7
68423,61,64,-3,3
68424,164,159,5,5
68425,119,116,3,3
68426,85,77,8,8
68427,83,77,6,6
68428,149,146,3,3
68429,103,93,10,10
68430,61,40,21,21
68431,142,142,0,0
68432,80,87,-7,7
68433,49,58,-9,9
68434,109,96,13,13
68435,101,99,2,2
68436,77,78,-1,1
68437,160,167,-7,7
68438,108,114,-6,6
68439,137,135,2,2
68440,125,121,4,4
68441,76,78,-2,2
68442,145,130,15,15
68443,86,92,-6,6
68444,131,123,8,8
68445,99,107,-8,8
68446,97,100,-3,3
68447,67,64,3,3
68448,107,129,-22,22
68449,87,83,4,4
68450,104,101,3,3
68451,77,75,2,2
68452,49,58,-9,9
68453,152,138,14,14
68454,138,131,7,7
68455,183,174,9,9
68456,53,62,-9,9
68457,100,101,-1,1
68458,71,75,-4,4
68459,73,86,-13,13
68460,108,103,5,5
68461,85,92,-7,7
68462,72,75,-3,3
68463,92,92,0,0
68464,127,124,3,3
68465,61,83,-22,22
68466,86,98,-12,12
68467,56,58,-2,2
68468,104,97,7,7
68469,86,86,0,0
68470,142,143,-1,1
68471,78,85,-7,7
68472,96,86,10,10
68473,75,80,-5,5
68474,88,85,3,3
68475,69,72,-3,3
68476,62,67,-5,5
68477,107,108,-1,1
68478,65,66,-1,1
68479,129,139,-10,10
68480,86,93,-7,7
68481,77,72,5,5
68482,115,102,13,13
68483,87,82,5,5
68484,32,29,3,3
68485,80,87,-7,7
68486,107,103,4,4
68487,112,127,-15,15
68488,83,83,0,0
68489,89,94,-5,5
68490,65,67,-2,2
68491,63,69,-6,6
68492,56,65,-9,9
68493,99,84,15,15
68494,88,88,0,0
68495,130,130,0,0
68496,59,67,-8,8
68497,157,126,31,31
68498,94,107,-13,13
68499,94,94,0,0
68500,61,68,-7,7
68501,98,102,-4,4
68502,98,96,2,2
68503,108,100,8,8
68504,122,116,6,6
68505,115,116,-1,1
68506,49,58,-9,9
68507,79,81,-2,2
68508,96,99,-3,3
68509,81,90,-9,9
68510,54,61,-7,7
68511,70,76,-6,6
68512,141,130,11,11
68513,113,204,-91,91
68514,110,112,-2,2
68515,75,81,-6,6
68516,85,98,-13,13
68517,85,79,6,6
68518,105,104,1,1
68519,62,71,-9,9
68520,39,51,-12,12
68521,83,84,-1,1
68522,103,99,4,4
68523,69,74,-5,5
68524,103,102,1,1
68525,82,77,5,5
68526,98,95,3,3
68527,134,124,10,10
68528,51,65,-14,14
68529,98,95,3,3
68530,58,66,-8,8
68531,66,76,-10,10
68532,66,68,-2,2
68533,139,126,13,13
68534,182,171,11,11
68535,118,132,-14,14
68536,69,66,3,3
68537,61,72,-11,11
68538,101,95,6,6
68539,126,96,30,30
68540,87,88,-1,1
68541,53,59,-6,6
68542,83,76,7,7
68543,113,119,-6,6
68544,109,102,7,7
68545,60,65,-5,5
68546,113,115,-2,2
68547,84,91,-7,7
68548,60,60,0,0
68549,56,57,-1,1
68550,52,56,-4,4
68551,111,106,5,5
68552,74,80,-6,6
68553,57,62,-5,5
68554,72,74,-2,2
68555,77,79,-2,2
68556,93,90,3,3
68557,167,146,21,21
68558,64,67,-3,3
68559,97,91,6,6
68560,106,110,-4,4
68561,165,152,13,13
68562,86,108,-22,22
68563,146,134,12,12
68564,98,96,2,2
68565,88,87,1,1
68566,89,88,1,1
68567,99,96,3,3
68568,86,89,-3,3
68569,95,106,-11,11
68570,70,68,2,2
68571,91,98,-7,7
68572,98,97,1,1
68573,92,92,0,0
68574,103,98,5,5
68575,91,83,8,8
68576,58,72,-14,14
68577,61,68,-7,7
68578,53,61,-8,8
68579,83,81,2,2
68580,56,62,-6,6
68581,84,84,0,0
68582,73,81,-8,8
68583,73,72,1,1
68584,81,80,1,1
68585,69,72,-3,3
68586,71,77,-6,6
68587,107,114,-7,7
68588,111,111,0,0
68589,107,101,6,6
68590,115,101,14,14
68591,75,77,-2,2
68592,129,115,14,14
68593,94,91,3,3
68594,52,57,-5,5
68595,146,143,3,3
68596,99,102,-3,3
68597,93,112,-19,19
68598,57,64,-7,7
68599,102,108,-6,6
68600,58,70,-12,12
68601,95,134,-39,39
68602,92,91,1,1
68603,99,95,4,4
68604,115,114,1,1
68605,77,76,1,1
68606,176,175,1,1
68607,97,105,-8,8
68608,153,136,17,17
68609,74,72,2,2
68610,182,164,18,18
68611,91,105,-14,14
68612,67,77,-10,10
68613,85,99,-14,14
68614,109,108,1,1
68615,113,105,8,8
68616,111,113,-2,2
68617,95,112,-17,17
68618,74,75,-1,1
68619,110,107,3,3
68620,58,59,-1,1
68621,135,127,8,8
68622,108,112,-4,4
68623,112,119,-7,7
68624,49,58,-9,9
68625,114,116,-2,2
68626,57,62,-5,5
68627,74,72,2,2
68628,99,99,0,0
68629,96,94,2,2
68630,88,84,4,4
68631,79,88,-9,9
68632,82,72,10,10
68633,99,95,4,4
68634,116,112,4,4
68635,80,80,0,0
68636,120,114,6,6
68637,70,69,1,1
68638,74,75,-1,1
68639,55,67,-12,12
68640,97,96,1,1
68641,74,77,-3,3
68642,92,99,-7,7
68643,71,75,-4,4
68644,86,83,3,3
68645,66,66,0,0
68646,74,71,3,3
68647,90,89,1,1
68648,110,108,2,2
68649,94,94,0,0
68650,101,98,3,3
68651,115,115,0,0
68652,91,95,-4,4
68653,102,102,0,0
68654,116,122,-6,6
68655,130,126,4,4
68656,45,57,-12,12
68657,77,77,0,0
68658,117,127,-10,10
68659,109,106,3,3
68660,94,95,-1,1
68661,130,124,6,6
68662,37,49,-12,12
68663,73,77,-4,4
68664,79,73,6,6
68665,80,88,-8,8
68666,143,125,18,18
68667,69,72,-3,3
68668,143,140,3,3
68669,105,104,1,1
68670,150,142,8,8
68671,94,89,5,5
68672,107,100,7,7
68673,64,66,-2,2
68674,154,132,22,22
68675,129,124,5,5
68676,118,115,3,3
68677,86,85,1,1
68678,98,101,-3,3
68679,134,140,-6,6
68680,96,98,-2,2
68681,90,90,0,0
68682,173,173,0,0
68683,83,84,-1,1
68684,168,165,3,3
68685,97,97,0,0
68686,88,86,2,2
68687,54,60,-6,6
68688,142,122,20,20
68689,152,142,10,10
68690,75,84,-9,9
68691,73,74,-1,1
68692,170,179,-9,9
68693,82,84,-2,2
68694,103,113,-10,10
68695,135,124,11,11
68696,98,100,-2,2
68697,190,177,13,13
68698,110,98,12,12
68699,56,67,-11,11
68700,160,145,15,15
68701,86,101,-15,15
68702,105,105,0,0
68703,42,46,-4,4
68704,148,157,-9,9
68705,78,72,6,6
68706,108,111,-3,3
68707,81,79,2,2
68708,135,131,4,4
68709,84,93,-9,9
68710,115,110,5,5
68711,124,117,7,7
68712,67,77,-10,10
68713,97,94,3,3
68714,90,87,3,3
68715,158,148,10,10
68716,162,153,9,9
68717,165,163,2,2
68718,76,79,-3,3
68719,174,172,2,2
68720,125,117,8,8
68721,155,149,6,6
68722,80,88,-8,8
68723,150,154,-4,4
68724,54,53,1,1
68725,119,106,13,13
68726,83,75,8,8
68727,56,65,-9,9
68728,69,77,-8,8
68729,94,97,-3,3
68730,103,109,-6,6
68731,120,113,7,7
68732,119,127,-8,8
68733,92,93,-1,1
68734,102,101,1,1
68735,75,76,-1,1
68736,64,67,-3,3
68737,175,162,13,13
68738,66,68,-2,2
68739,69,70,-1,1
68740,66,68,-2,2
68741,42,53,-11,11
68742,222,210,12,12
68743,161,157,4,4
68744,139,123,16,16
68745,88,91,-3,3
68746,81,75,6,6
68747,160,162,-2,2
68748,100,102,-2,2
68749,64,73,-9,9
68750,26,29,-3,3
68751,126,119,7,7
68752,49,54,-5,5
68753,101,101,0,0
68754,78,75,3,3
68755,82,82,0,0
68756,68,70,-2,2
68757,90,93,-3,3
68758,78,77,1,1
68759,114,115,-1,1
68760,160,152,8,8
68761,108,105,3,3
68762,93,97,-4,4
68763,52,56,-4,4
68764,142,134,8,8
68765,151,156,-5,5
68766,118,120,-2,2
68767,90,88,2,2
68768,103,95,8,8
68769,126,119,7,7
68770,121,118,3,3
68771,111,115,-4,4
68772,87,86,1,1
68773,48,57,-9,9
68774,86,76,10,10
68775,60,104,-44,44
68776,162,141,21,21
68777,98,86,12,12
68778,134,131,3,3
68779,147,145,2,2
68780,113,116,-3,3
68781,79,75,4,4
68782,76,72,4,4
68783,72,81,-9,9
68784,59,69,-10,10
68785,151,143,8,8
68786,114,112,2,2
68787,71,76,-5,5
68788,146,142,4,4
68789,83,81,2,2
68790,65,67,-2,2
68791,60,59,1,1
68792,113,99,14,14
68793,146,133,13,13
68794,103,110,-7,7
68795,123,113,10,10
68796,59,67,-8,8
68797,158,138,20,20
68798,114,103,11,11
68799,133,121,12,12
68800,151,143,8,8
68801,41,46,-5,5
68802,80,79,1,1
68803,71,70,1,1
68804,88,90,-2,2
68805,94,107,-13,13
68806,41,58,-17,17
68807,129,144,-15,15
68808,126,118,8,8
68809,132,114,18,18
68810,38,56,-18,18
68811,81,84,-3,3
68812,97,100,-3,3
68813,99,99,0,0
68814,159,154,5,5
68815,113,117,-4,4
68816,42,55,-13,13
68817,176,159,17,17
68818,96,84,12,12
68819,122,121,1,1
68820,134,137,-3,3
68821,63,68,-5,5
68822,81,79,2,2
68823,94,100,-6,6
68824,122,117,5,5
68825,99,88,11,11
68826,103,107,-4,4
68827,77,97,-20,20
68828,90,100,-10,10
68829,139,123,16,16
68830,74,68,6,6
68831,83,83,0,0
68832,84,84,0,0
68833,108,101,7,7
68834,80,85,-5,5
68835,117,115,2,2
68836,81,79,2,2
68837,73,75,-2,2
68838,146,137,9,9
68839,83,85,-2,2
68840,71,71,0,0
68841,99,107,-8,8
68842,52,56,-4,4
68843,97,107,-10,10
68844,80,76,4,4
68845,112,111,1,1
68846,57,71,-14,14
68847,105,104,1,1
68848,145,149,-4,4
68849,104,93,11,11
68850,94,86,8,8
68851,109,112,-3,3
68852,73,73,0,0
68853,54,61,-7,7
68854,99,91,8,8
68855,204,190,14,14
68856,42,54,-12,12
68857,40,43,-3,3
68858,61,59,2,2
68859,98,100,-2,2
68860,88,94,-6,6
68861,107,115,-8,8
68862,101,101,0,0
68863,156,147,9,9
68864,43,55,-12,12
68865,85,81,4,4
68866,130,120,10,10
68867,49,62,-13,13
68868,82,80,2,2
68869,105,103,2,2
68870,141,155,-14,14
68871,124,126,-2,2
68872,149,164,-15,15
68873,61,60,1,1
68874,163,164,-1,1
68875,94,98,-4,4
68876,64,73,-9,9
68877,129,143,-14,14
68878,71,75,-4,4
68879,95,103,-8,8
68880,106,113,-7,7
68881,103,82,21,21
68882,81,77,4,4
68883,89,80,9,9
68884,144,133,11,11
68885,64,72,-8,8
68886,37,123,-86,86
68887,87,79,8,8
68888,34,29,5,5
68889,94,97,-3,3
68890,84,88,-4,4
68891,76,73,3,3
68892,79,76,3,3
68893,96,105,-9,9
68894,99,94,5,5
68895,102,101,1,1
68896,66,68,-2,2
68897,96,83,13,13
68898,75,77,-2,2
68899,98,92,6,6
68900,75,73,2,2
68901,106,100,6,6
68902,85,82,3,3
68903,104,115,-11,11
68904,83,89,-6,6
68905,92,94,-2,2
68906,110,124,-14,14
68907,89,104,-15,15
68908,148,139,9,9
68909,105,101,4,4
68910,90,82,8,8
68911,42,61,-19,19
68912,102,102,0,0
68913,142,134,8,8
68914,122,122,0,0
68915,109,103,6,6
68916,101,106,-5,5
68917,89,100,-11,11
68918,118,116,2,2
68919,146,136,10,10
68920,100,106,-6,6
68921,99,96,3,3
68922,62,63,-1,1
68923,84,77,7,7
68924,62,72,-10,10
68925,190,172,18,18
68926,105,112,-7,7
68927,101,98,3,3
68928,69,77,-8,8
68929,105,101,4,4
68930,135,131,4,4
68931,162,167,-5,5
68932,96,98,-2,2
68933,80,75,5,5
68934,83,84,-1,1
68935,133,131,2,2
68936,77,76,1,1
68937,130,123,7,7
68938,143,160,-17,17
68939,83,85,-2,2
68940,77,79,-2,2
68941,148,142,6,6
68942,88,81,7,7
68943,47,50,-3,3
68944,66,62,4,4
68945,54,69,-15,15
68946,97,94,3,3
68947,80,86,-6,6
68948,51,70,-19,19
68949,122,127,-5,5
68950,134,119,15,15
68951,152,150,2,2
68952,96,102,-6,6
68953,75,79,-4,4
68954,143,142,1,1
68955,164,160,4,4
68956,99,98,1,1
68957,149,152,-3,3
68958,126,117,9,9
68959,90,84,6,6
68960,102,104,-2,2
68961,18,29,-11,11
68962,103,141,-38,38
68963,130,122,8,8
68964,67,74,-7,7
68965,69,68,1,1
68966,84,83,1,1
68967,122,124,-2,2
68968,103,97,6,6
68969,65,63,2,2
68970,111,115,-4,4
68971,177,185,-8,8
68972,64,67,-3,3
68973,159,160,-1,1
68974,123,126,-3,3
68975,67,71,-4,4
68976,138,149,-11,11
68977,88,99,-11,11
68978,94,107,-13,13
68979,114,106,8,8
68980,81,77,4,4
68981,68,69,-1,1
68982,214,198,16,16
68983,145,129,16,16
68984,54,63,-9,9
68985,100,92,8,8
68986,146,143,3,3
68987,213,191,22,22
68988,106,116,-10,10
68989,57,56,1,1
68990,128,125,3,3
68991,97,97,0,0
68992,90,99,-9,9
68993,102,101,1,1
68994,153,135,18,18
68995,84,83,1,1
68996,27,29,-2,2
68997,51,55,-4,4
68998,73,76,-3,3
68999,86,81,5,5
69000,77,74,3,3
69001,154,136,18,18
69002,107,103,4,4
69003,173,167,6,6
69004,80,80,0,0
69005,92,91,1,1
69006,86,84,2,2
69007,70,72,-2,2
69008,116,123,-7,7
69009,79,77,2,2
69010,101,100,1,1
69011,138,133,5,5
69012,125,111,14,14
69013,65,69,-4,4
69014,82,86,-4,4
69015,88,94,-6,6
69016,40,56,-16,16
69017,104,107,-3,3
69018,111,111,0,0
69019,81,79,2,2
69020,67,79,-12,12
69021,91,101,-10,10
69022,135,131,4,4
69023,155,166,-11,11
69024,89,82,7,7
69025,58,71,-13,13
69026,137,128,9,9
69027,69,71,-2,2
69028,84,84,0,0
69029,110,97,13,13
69030,68,96,-28,28
69031,126,113,13,13
69032,185,149,36,36
69033,64,60,4,4
69034,119,112,7,7
69035,133,127,6,6
69036,96,90,6,6
69037,54,60,-6,6
69038,90,87,3,3
69039,75,72,3,3
69040,123,128,-5,5
69041,91,93,-2,2
69042,114,112,2,2
69043,49,81,-32,32
69044,119,115,4,4
69045,78,74,4,4
69046,105,102,3,3
69047,113,113,0,0
69048,75,73,2,2
69049,162,159,3,3
69050,62,66,-4,4
69051,93,79,14,14
69052,67,69,-2,2
69053,118,120,-2,2
69054,76,76,0,0
69055,132,125,7,7
69056,43,49,-6,6
69057,69,77,-8,8
69058,99,103,-4,4
69059,81,77,4,4
69060,103,101,2,2
69061,87,80,7,7
69062,88,81,7,7
69063,92,90,2,2
69064,102,95,7,7
69065,53,59,-6,6
69066,80,79,1,1
69067,86,78,8,8
69068,107,110,-3,3
69069,165,169,-4,4
69070,43,53,-10,10
69071,84,79,5,5
69072,129,128,1,1
69073,135,131,4,4
69074,32,65,-33,33
69075,49,66,-17,17
69076,91,92,-1,1
69077,72,76,-4,4
69078,85,80,5,5
69079,75,80,-5,5
69080,95,113,-18,18
69081,132,124,8,8
69082,98,108,-10,10
69083,34,29,5,5
69084,114,112,2,2
69085,104,100,4,4
69086,111,103,8,8
69087,59,60,-1,1
69088,38,53,-15,15
69089,45,49,-4,4
69090,160,173,-13,13
69091,87,85,2,2
69092,78,85,-7,7
69093,180,147,33,33
69094,112,118,-6,6
69095,99,102,-3,3
69096,77,80,-3,3
69097,64,84,-20,20
69098,93,78,15,15
69099,135,154,-19,19
69100,80,81,-1,1
69101,105,93,12,12
69102,93,95,-2,2
69103,97,102,-5,5
69104,93,104,-11,11
69105,126,108,18,18
69106,100,98,2,2
69107,93,93,0,0
69108,116,117,-1,1
69109,89,88,1,1
69110,72,89,-17,17
69111,158,142,16,16
69112,107,92,15,15
69113,57,64,-7,7
69114,95,104,-9,9
69115,199,188,11,11
69116,98,99,-1,1
69117,50,54,-4,4
69118,72,71,1,1
69119,86,80,6,6
69120,36,29,7,7
69121,77,69,8,8
69122,144,147,-3,3
69123,101,117,-16,16
69124,141,142,-1,1
69125,136,127,9,9
69126,81,77,4,4
69127,96,117,-21,21
69128,92,92,0,0
69129,37,51,-14,14
69130,117,119,-2,2
69131,96,96,0,0
69132,120,136,-16,16
69133,58,64,-6,6
69134,147,125,22,22
69135,60,68,-8,8
69136,85,80,5,5
69137,71,68,3,3
69138,74,71,3,3
69139,98,100,-2,2
69140,59,61,-2,2
69141,77,80,-3,3
69142,77,82,-5,5
69143,76,77,-1,1
69144,52,61,-9,9
69145,116,113,3,3
69146,78,86,-8,8
69147,74,75,-1,1
69148,124,121,3,3
69149,58,58,0,0
69150,86,80,6,6
69151,132,123,9,9
69152,108,98,10,10
69153,38,47,-9,9
69154,138,139,-1,1
69155,74,74,0,0
69156,73,76,-3,3
69157,95,82,13,13
69158,129,135,-6,6
69159,102,99,3,3
69160,112,108,4,4
69161,141,139,2,2
69162,76,76,0,0
69163,142,138,4,4
69164,72,72,0,0
69165,163,157,6,6
69166,122,119,3,3
69167,44,46,-2,2
69168,104,102,2,2
69169,72,82,-10,10
69170,60,59,1,1
69171,69,69,0,0
69172,113,107,6,6
69173,89,86,3,3
69174,42,48,-6,6
69175,146,143,3,3
69176,147,124,23,23
69177,132,147,-15,15
69178,107,100,7,7
69179,77,83,-6,6
69180,102,102,0,0
69181,153,136,17,17
69182,56,79,-23,23
69183,105,110,-5,5
69184,129,125,4,4
69185,99,97,2,2
69186,55,62,-7,7
69187,102,113,-11,11
69188,102,96,6,6
69189,111,112,-1,1
69190,123,126,-3,3
69191,62,70,-8,8
69192,152,166,-14,14
69193,89,84,5,5
69194,94,85,9,9
69195,35,54,-19,19
69196,94,94,0,0
69197,110,116,-6,6
69198,175,176,-1,1
69199,105,100,5,5
69200,42,53,-11,11
69201,152,143,9,9
69202,149,139,10,10
69203,207,185,22,22
69204,152,158,-6,6
69205,88,99,-11,11
69206,94,92,2,2
69207,76,71,5,5
69208,84,84,0,0
69209,87,83,4,4
69210,59,52,7,7
69211,112,107,5,5
69212,110,103,7,7
69213,136,115,21,21
69214,81,92,-11,11
69215,177,161,16,16
69216,120,125,-5,5
69217,86,83,3,3
69218,57,64,-7,7
69219,100,81,19,19
69220,134,128,6,6
69221,75,73,2,2
69222,88,85,3,3
69223,82,91,-9,9
69224,54,63,-9,9
69225,74,71,3,3
69226,50,57,-7,7
69227,125,115,10,10
69228,85,87,-2,2
69229,148,144,4,4
69230,88,91,-3,3
69231,58,74,-16,16
69232,124,113,11,11
69233,129,128,1,1
69234,100,98,2,2
69235,76,76,0,0
69236,86,79,7,7
69237,57,71,-14,14
69238,84,84,0,0
69239,103,96,7,7
69240,87,84,3,3
69241,114,116,-2,2
69242,58,66,-8,8
69243,100,93,7,7
69244,92,92,0,0
69245,78,80,-2,2
69246,73,84,-11,11
69247,73,71,2,2
69248,106,109,-3,3
69249,135,132,3,3
69250,95,110,-15,15
69251,75,80,-5,5
69252,116,125,-9,9
69253,58,60,-2,2
69254,135,125,10,10
69255,75,77,-2,2
69256,51,60,-9,9
69257,69,71,-2,2
69258,97,112,-15,15
69259,73,77,-4,4
69260,91,98,-7,7
69261,156,153,3,3
69262,67,74,-7,7
69263,77,77,0,0
69264,133,136,-3,3
69265,129,147,-18,18
69266,110,110,0,0
69267,121,135,-14,14
69268,150,147,3,3
69269,89,86,3,3
69270,71,77,-6,6
69271,119,107,12,12
69272,70,78,-8,8
69273,121,128,-7,7
69274,116,120,-4,4
69275,123,129,-6,6
69276,95,88,7,7
69277,70,70,0,0
69278,111,96,15,15
69279,113,107,6,6
69280,92,79,13,13
69281,52,62,-10,10
69282,114,113,1,1
69283,106,104,2,2
69284,102,117,-15,15
69285,72,81,-9,9
69286,134,121,13,13
69287,101,99,2,2
69288,134,121,13,13
69289,111,112,-1,1
69290,99,99,0,0
69291,98,92,6,6
69292,94,98,-4,4
69293,44,53,-9,9
69294,92,96,-4,4
69295,81,79,2,2
69296,74,76,-2,2
69297,51,54,-3,3
69298,135,130,5,5
69299,34,44,-10,10
69300,151,151,0,0
69301,64,68,-4,4
69302,105,112,-7,7
69303,117,101,16,16
69304,88,87,1,1
69305,100,103,-3,3
69306,88,83,5,5
69307,84,84,0,0
69308,189,185,4,4
69309,45,55,-10,10
69310,64,70,-6,6
69311,94,96,-2,2
69312,199,184,15,15
69313,80,74,6,6
69314,105,112,-7,7
69315,112,108,4,4
69316,59,44,15,15
69317,54,63,-9,9
69318,123,114,9,9
69319,59,65,-6,6
69320,186,175,11,11
69321,110,111,-1,1
69322,117,110,7,7
69323,82,82,0,0
69324,202,174,28,28
69325,129,119,10,10
69326,91,94,-3,3
69327,131,114,17,17
69328,117,112,5,5
69329,82,75,7,7
69330,78,86,-8,8
69331,129,125,4,4
69332,46,41,5,5
69333,122,126,-4,4
69334,124,114,10,10
69335,186,193,-7,7
69336,103,101,2,2
69337,112,117,-5,5
69338,135,140,-5,5
69339,68,72,-4,4
69340,110,111,-1,1
69341,57,61,-4,4
69342,144,139,5,5
69343,115,101,14,14
69344,143,135,8,8
69345,75,83,-8,8
69346,69,68,1,1
69347,140,128,12,12
69348,93,100,-7,7
69349,74,75,-1,1
69350,165,162,3,3
69351,77,80,-3,3
69352,57,64,-7,7
69353,87,101,-14,14
69354,123,125,-2,2
69355,78,84,-6,6
69356,120,124,-4,4
69357,100,100,0,0
69358,112,113,-1,1
69359,87,90,-3,3
69360,98,84,14,14
69361,106,106,0,0
69362,91,99,-8,8
69363,107,108,-1,1
69364,67,67,0,0
69365,125,120,5,5
69366,61,57,4,4
69367,96,102,-6,6
69368,73,74,-1,1
69369,70,72,-2,2
69370,89,82,7,7
69371,114,111,3,3
69372,74,79,-5,5
69373,133,114,19,19
69374,107,113,-6,6
69375,91,90,1,1
69376,83,75,8,8
69377,76,74,2,2
69378,75,82,-7,7
69379,83,80,3,3
69380,62,66,-4,4
69381,71,81,-10,10
69382,40,44,-4,4
69383,131,121,10,10
69384,138,142,-4,4
69385,43,56,-13,13
69386,76,83,-7,7
69387,128,154,-26,26
69388,62,66,-4,4
69389,128,122,6,6
69390,79,84,-5,5
69391,140,128,12,12
69392,94,102,-8,8
69393,96,99,-3,3
69394,43,44,-1,1
69395,159,150,9,9
69396,62,61,1,1
69397,131,124,7,7
69398,65,69,-4,4
69399,63,71,-8,8
69400,116,126,-10,10
69401,65,80,-15,15
69402,70,68,2,2
69403,56,62,-6,6
69404,95,97,-2,2
69405,120,112,8,8
69406,93,100,-7,7
69407,92,91,1,1
69408,101,93,8,8
69409,106,109,-3,3
69410,151,143,8,8
69411,98,97,1,1
69412,63,67,-4,4
69413,120,124,-4,4
69414,93,89,4,4
69415,89,85,4,4
69416,47,56,-9,9
69417,92,95,-3,3
69418,95,87,8,8
69419,90,81,9,9
69420,116,108,8,8
69421,88,88,0,0
69422,107,115,-8,8
69423,168,180,-12,12
69424,49,54,-5,5
69425,111,107,4,4
69426,76,80,-4,4
69427,89,86,3,3
69428,72,76,-4,4
69429,131,129,2,2
69430,61,76,-15,15
69431,106,99,7,7
69432,65,71,-6,6
69433,76,77,-1,1
69434,62,96,-34,34
69435,63,66,-3,3
69436,77,76,1,1
69437,120,109,11,11
69438,109,113,-4,4
69439,93,91,2,2
69440,66,68,-2,2
69441,72,69,3,3
69442,94,86,8,8
69443,143,127,16,16
69444,75,78,-3,3
69445,99,101,-2,2
69446,112,116,-4,4
69447,66,71,-5,5
69448,72,69,3,3
69449,46,59,-13,13
69450,100,103,-3,3
69451,89,81,8,8
69452,101,100,1,1
69453,63,64,-1,1
69454,108,107,1,1
69455,89,95,-6,6
69456,101,98,3,3
69457,94,93,1,1
69458,73,76,-3,3
69459,148,127,21,21
69460,142,132,10,10
69461,92,90,2,2
69462,151,143,8,8
69463,119,117,2,2
69464,61,68,-7,7
69465,124,125,-1,1
69466,46,59,-13,13
69467,67,78,-11,11
69468,46,66,-20,20
69469,81,76,5,5
69470,104,108,-4,4
69471,47,54,-7,7
69472,88,88,0,0
69473,115,86,29,29
69474,92,111,-19,19
69475,100,84,16,16
69476,141,137,4,4
69477,107,105,2,2
69478,127,116,11,11
69479,117,125,-8,8
69480,72,73,-1,1
69481,81,84,-3,3
69482,100,129,-29,29
69483,84,103,-19,19
69484,70,68,2,2
69485,152,141,11,11
69486,32,41,-9,9
69487,121,123,-2,2
69488,69,71,-2,2
69489,63,68,-5,5
69490,76,77,-1,1
69491,81,84,-3,3
69492,106,103,3,3
69493,69,76,-7,7
69494,54,60,-6,6
69495,92,86,6,6
69496,61,68,-7,7
69497,141,127,14,14
69498,78,77,1,1
69499,124,145,-21,21
69500,94,95,-1,1
69501,66,72,-6,6
69502,156,159,-3,3
69503,80,102,-22,22
69504,84,87,-3,3
69505,161,161,0,0
69506,106,99,7,7
69507,98,100,-2,2
69508,108,106,2,2
69509,109,103,6,6
69510,85,82,3,3
69511,74,85,-11,11
69512,74,74,0,0
69513,88,101,-13,13
69514,128,120,8,8
69515,93,89,4,4
69516,140,139,1,1
69517,109,106,3,3
69518,58,61,-3,3
69519,73,67,6,6
69520,86,86,0,0
69521,94,92,2,2
69522,332,312,20,20
69523,112,104,8,8
69524,48,53,-5,5
69525,73,77,-4,4
69526,116,114,2,2
69527,105,93,12,12
69528,65,68,-3,3
69529,108,104,4,4
69530,83,96,-13,13
69531,81,89,-8,8
69532,155,162,-7,7
69533,110,98,12,12
69534,120,111,9,9
69535,92,83,9,9
69536,152,142,10,10
69537,131,134,-3,3
69538,48,68,-20,20
69539,68,69,-1,1
69540,74,72,2,2
69541,86,100,-14,14
69542,148,158,-10,10
69543,188,179,9,9
69544,79,86,-7,7
69545,125,120,5,5
69546,95,81,14,14
69547,63,64,-1,1
69548,78,75,3,3
69549,116,121,-5,5
69550,83,85,-2,2
69551,68,72,-4,4
69552,104,114,-10,10
69553,107,106,1,1
69554,93,86,7,7
69555,115,114,1,1
69556,105,87,18,18
69557,76,96,-20,20
69558,129,119,10,10
69559,53,55,-2,2
69560,78,92,-14,14
69561,108,109,-1,1
69562,39,47,-8,8
69563,81,75,6,6
69564,122,124,-2,2
69565,74,73,1,1
69566,63,69,-6,6
69567,115,110,5,5
69568,119,124,-5,5
69569,130,127,3,3
69570,103,126,-23,23
69571,107,111,-4,4
69572,69,78,-9,9
69573,130,121,9,9
69574,98,113,-15,15
69575,126,113,13,13
69576,119,105,14,14
69577,86,92,-6,6
69578,211,202,9,9
69579,82,82,0,0
69580,64,64,0,0
69581,96,77,19,19
69582,63,67,-4,4
69583,102,102,0,0
69584,119,124,-5,5
69585,82,88,-6,6
69586,119,112,7,7
69587,64,66,-2,2
69588,48,50,-2,2
69589,140,133,7,7
69590,112,109,3,3
69591,93,109,-16,16
69592,88,89,-1,1
69593,93,89,4,4
69594,60,61,-1,1
69595,66,69,-3,3
69596,48,52,-4,4
69597,101,93,8,8
69598,54,61,-7,7
69599,99,92,7,7
69600,81,80,1,1
69601,155,144,11,11
69602,80,75,5,5
69603,69,73,-4,4
69604,65,77,-12,12
69605,81,89,-8,8
69606,100,103,-3,3
69607,89,99,-10,10
69608,86,92,-6,6
69609,107,112,-5,5
69610,61,68,-7,7
69611,59,59,0,0
69612,51,63,-12,12
69613,147,148,-1,1
69614,127,115,12,12
69615,130,135,-5,5
69616,53,54,-1,1
69617,117,99,18,18
69618,132,128,4,4
69619,119,115,4,4
69620,107,95,12,12
69621,79,93,-14,14
69622,157,155,2,2
69623,125,108,17,17
69624,60,66,-6,6
69625,79,72,7,7
69626,80,85,-5,5
69627,151,133,18,18
69628,109,102,7,7
69629,64,67,-3,3
69630,111,101,10,10
69631,44,56,-12,12
69632,95,83,12,12
69633,137,126,11,11
69634,121,102,19,19
69635,51,62,-11,11
69636,53,65,-12,12
69637,93,91,2,2
69638,91,96,-5,5
69639,125,117,8,8
69640,59,64,-5,5
69641,63,65,-2,2
69642,111,100,11,11
69643,117,120,-3,3
69644,74,74,0,0
69645,117,117,0,0
69646,65,65,0,0
69647,100,87,13,13
69648,227,218,9,9
69649,145,178,-33,33
69650,82,85,-3,3
69651,93,77,16,16
69652,120,129,-9,9
69653,122,111,11,11
69654,121,114,7,7
69655,106,89,17,17
69656,95,102,-7,7
69657,71,72,-1,1
69658,64,73,-9,9
69659,103,101,2,2
69660,66,78,-12,12
69661,60,67,-7,7
69662,85,85,0,0
69663,110,110,0,0
69664,109,110,-1,1
69665,80,97,-17,17
69666,80,71,9,9
69667,147,150,-3,3
69668,107,115,-8,8
69669,61,64,-3,3
69670,163,160,3,3
69671,60,63,-3,3
69672,85,82,3,3
69673,152,150,2,2
69674,90,87,3,3
69675,81,78,3,3
69676,76,73,3,3
69677,95,90,5,5
69678,70,74,-4,4
69679,101,97,4,4
69680,65,65,0,0
69681,78,86,-8,8
69682,94,96,-2,2
69683,69,72,-3,3
69684,161,162,-1,1
69685,97,104,-7,7
69686,66,74,-8,8
69687,171,156,15,15
69688,93,83,10,10
69689,98,92,6,6
69690,101,105,-4,4
69691,97,99,-2,2
69692,74,79,-5,5
69693,88,76,12,12
69694,184,183,1,1
69695,74,79,-5,5
69696,65,75,-10,10
69697,193,178,15,15
69698,103,98,5,5
69699,57,64,-7,7
69700,113,133,-20,20
69701,145,174,-29,29
69702,60,67,-7,7
69703,128,140,-12,12
69704,89,87,2,2
69705,80,83,-3,3
69706,79,73,6,6
69707,114,110,4,4
69708,200,192,8,8
69709,133,128,5,5
69710,114,107,7,7
69711,125,116,9,9
69712,82,81,1,1
69713,90,82,8,8
69714,95,92,3,3
69715,140,147,-7,7
69716,96,103,-7,7
69717,186,175,11,11
69718,89,100,-11,11
69719,57,61,-4,4
69720,76,79,-3,3
69721,64,68,-4,4
69722,138,128,10,10
69723,97,91,6,6
69724,95,106,-11,11
69725,157,157,0,0
69726,76,73,3,3
69727,77,82,-5,5
69728,110,109,1,1
69729,191,176,15,15
69730,70,67,3,3
69731,100,114,-14,14
69732,98,102,-4,4
69733,64,70,-6,6
69734,106,104,2,2
69735,95,98,-3,3
69736,70,80,-10,10
69737,132,118,14,14
69738,43,36,7,7
69739,177,164,13,13
69740,59,62,-3,3
69741,42,55,-13,13
69742,40,37,3,3
69743,82,29,53,53
69744,79,84,-5,5
69745,62,74,-12,12
69746,108,102,6,6
69747,103,113,-10,10
69748,92,88,4,4
69749,63,69,-6,6
69750,65,70,-5,5
69751,144,146,-2,2
69752,92,90,2,2
69753,129,128,1,1
69754,137,139,-2,2
69755,122,126,-4,4
69756,48,68,-20,20
69757,85,72,13,13
69758,90,97,-7,7
69759,82,73,9,9
69760,112,106,6,6
69761,85,84,1,1
69762,91,83,8,8
69763,78,82,-4,4
69764,69,72,-3,3
69765,121,112,9,9
69766,68,74,-6,6
69767,131,128,3,3
69768,89,88,1,1
69769,93,89,4,4
69770,54,53,1,1
69771,136,136,0,0
69772,35,76,-41,41
69773,178,162,16,16
69774,105,102,3,3
69775,145,145,0,0
69776,75,83,-8,8
69777,117,104,13,13
69778,63,66,-3,3
69779,132,129,3,3
69780,100,100,0,0
69781,67,70,-3,3
69782,47,58,-11,11
69783,128,116,12,12
69784,119,126,-7,7
69785,119,121,-2,2
69786,93,79,14,14
69787,121,121,0,0
69788,79,75,4,4
69789,166,157,9,9
69790,87,79,8,8
69791,85,89,-4,4
69792,80,82,-2,2
69793,68,71,-3,3
69794,131,134,-3,3
69795,124,118,6,6
69796,146,152,-6,6
69797,71,68,3,3
69798,89,98,-9,9
69799,60,69,-9,9
69800,64,66,-2,2
69801,63,72,-9,9
69802,61,67,-6,6
69803,119,105,14,14
69804,83,87,-4,4
69805,96,98,-2,2
69806,116,133,-17,17
69807,122,117,5,5
69808,102,98,4,4
69809,85,87,-2,2
69810,129,131,-2,2
69811,109,101,8,8
69812,41,46,-5,5
69813,95,102,-7,7
69814,131,108,23,23
69815,98,79,19,19
69816,105,98,7,7
69817,35,53,-18,18
69818,65,67,-2,2
69819,69,69,0,0
69820,72,72,0,0
69821,101,105,-4,4
69822,86,84,2,2
69823,103,106,-3,3
69824,110,100,10,10
69825,77,70,7,7
69826,98,77,21,21
69827,107,103,4,4
69828,72,78,-6,6
69829,109,109,0,0
69830,68,66,2,2
69831,64,64,0,0
69832,158,154,4,4
69833,112,117,-5,5
69834,71,83,-12,12
69835,119,113,6,6
69836,63,67,-4,4
69837,66,68,-2,2
69838,90,84,6,6
69839,114,121,-7,7
69840,81,83,-2,2
69841,136,125,11,11
69842,92,89,3,3
69843,46,66,-20,20
69844,48,54,-6,6
69845,99,88,11,11
69846,63,70,-7,7
69847,113,112,1,1
69848,77,79,-2,2
69849,95,113,-18,18
69850,95,94,1,1
69851,92,97,-5,5
69852,77,75,2,2
69853,108,107,1,1
69854,80,79,1,1
69855,106,106,0,0
69856,193,186,7,7
69857,138,125,13,13
69858,146,146,0,0
69859,146,150,-4,4
69860,121,111,10,10
69861,134,119,15,15
69862,92,94,-2,2
69863,109,104,5,5
69864,94,101,-7,7
69865,96,104,-8,8
69866,105,118,-13,13
69867,124,127,-3,3
69868,101,97,4,4
69869,63,74,-11,11
69870,91,95,-4,4
69871,75,84,-9,9
69872,89,99,-10,10
69873,134,131,3,3
69874,130,124,6,6
69875,71,83,-12,12
69876,152,151,1,1
69877,79,67,12,12
69878,82,73,9,9
69879,80,83,-3,3
69880,51,59,-8,8
69881,134,129,5,5
69882,120,106,14,14
69883,88,85,3,3
69884,66,75,-9,9
69885,40,54,-14,14
69886,81,73,8,8
69887,125,115,10,10
69888,57,62,-5,5
69889,127,117,10,10
69890,70,66,4,4
69891,144,103,41,41
69892,100,111,-11,11
69893,190,173,17,17
69894,79,80,-1,1
69895,95,76,19,19
69896,86,76,10,10
69897,75,63,12,12
69898,108,101,7,7
69899,74,75,-1,1
69900,110,118,-8,8
69901,121,113,8,8
69902,75,77,-2,2
69903,193,172,21,21
69904,102,98,4,4
69905,83,85,-2,2
69906,161,161,0,0
69907,43,58,-15,15
69908,157,176,-19,19
69909,152,161,-9,9
69910,166,156,10,10
69911,61,63,-2,2
69912,123,118,5,5
69913,77,69,8,8
69914,76,71,5,5
69915,103,109,-6,6
69916,73,73,0,0
69917,94,99,-5,5
69918,71,77,-6,6
69919,69,80,-11,11
69920,46,51,-5,5
69921,59,63,-4,4
69922,109,102,7,7
69923,166,171,-5,5
69924,65,67,-2,2
69925,97,95,2,2
69926,170,158,12,12
69927,76,80,-4,4
69928,79,79,0,0
69929,84,90,-6,6
69930,36,29,7,7
69931,149,148,1,1
69932,61,62,-1,1
69933,109,108,1,1
69934,160,141,19,19
69935,96,91,5,5
69936,139,142,-3,3
69937,59,63,-4,4
69938,52,44,8,8
69939,148,137,11,11
69940,90,75,15,15
69941,68,64,4,4
69942,60,67,-7,7
69943,110,109,1,1
69944,80,99,-19,19
69945,37,39,-2,2
69946,75,86,-11,11
69947,62,71,-9,9
69948,66,70,-4,4
69949,99,106,-7,7
69950,105,102,3,3
69951,165,150,15,15
69952,164,157,7,7
69953,93,93,0,0
69954,58,77,-19,19
69955,93,90,3,3
69956,37,45,-8,8
69957,68,74,-6,6
69958,122,126,-4,4
69959,36,37,-1,1
69960,109,109,0,0
69961,111,105,6,6
69962,39,47,-8,8
69963,139,132,7,7
69964,109,113,-4,4
69965,169,165,4,4
69966,138,137,1,1
69967,104,123,-19,19
69968,170,181,-11,11
69969,66,70,-4,4
69970,154,153,1,1
69971,46,57,-11,11
69972,136,123,13,13
69973,81,79,2,2
69974,390,323,67,67
69975,88,85,3,3
69976,66,76,-10,10
69977,69,71,-2,2
69978,48,58,-10,10
69979,136,127,9,9
69980,85,85,0,0
69981,73,74,-1,1
69982,128,136,-8,8
69983,90,99,-9,9
69984,105,106,-1,1
69985,127,120,7,7
69986,102,105,-3,3
69987,111,106,5,5
69988,110,99,11,11
69989,92,90,2,2
69990,66,104,-38,38
69991,103,102,1,1
69992,111,103,8,8
69993,120,118,2,2
69994,96,100,-4,4
69995,141,138,3,3
69996,89,103,-14,14
69997,66,70,-4,4
69998,95,85,10,10
69999,83,90,-7,7
70000,62,65,-3,3
70001,136,135,1,1
70002,99,95,4,4
70003,78,75,3,3
70004,79,86,-7,7
70005,86,79,7,7
70006,70,72,-2,2
70007,128,127,1,1
70008,100,80,20,20
70009,116,104,12,12
70010,165,181,-16,16
70011,125,120,5,5
70012,63,72,-9,9
70013,93,103,-10,10
70014,135,122,13,13
70015,61,62,-1,1
70016,55,70,-15,15
70017,95,89,6,6
70018,98,98,0,0
70019,54,60,-6,6
70020,85,85,0,0
70021,96,87,9,9
70022,132,138,-6,6
70023,81,87,-6,6
70024,57,65,-8,8
70025,71,70,1,1
70026,92,93,-1,1
70027,99,84,15,15
70028,87,86,1,1
70029,116,101,15,15
70030,46,57,-11,11
70031,29,29,0,0
70032,163,171,-8,8
70033,110,103,7,7
70034,68,71,-3,3
70035,62,64,-2,2
70036,60,58,2,2
70037,91,98,-7,7
70038,35,36,-1,1
70039,61,69,-8,8
70040,101,86,15,15
70041,135,128,7,7
70042,169,168,1,1
70043,122,114,8,8
70044,182,173,9,9
70045,86,95,-9,9
70046,121,113,8,8
70047,65,65,0,0
70048,84,90,-6,6
70049,98,87,11,11
70050,61,68,-7,7
70051,71,76,-5,5
70052,54,63,-9,9
70053,130,121,9,9
70054,47,57,-10,10
70055,78,77,1,1
70056,83,75,8,8
70057,119,108,11,11
70058,86,79,7,7
70059,92,95,-3,3
70060,76,76,0,0
70061,80,85,-5,5
70062,103,94,9,9
70063,113,110,3,3
70064,79,85,-6,6
70065,68,72,-4,4
70066,115,111,4,4
70067,62,70,-8,8
70068,107,118,-11,11
70069,115,108,7,7
70070,138,140,-2,2
70071,115,122,-7,7
70072,117,106,11,11
70073,92,143,-51,51
70074,122,112,10,10
70075,54,62,-8,8
70076,76,79,-3,3
70077,96,92,4,4
70078,57,63,-6,6
70079,108,111,-3,3
70080,104,105,-1,1
70081,107,110,-3,3
70082,66,64,2,2
70083,57,65,-8,8
70084,72,72,0,0
70085,63,94,-31,31
70086,119,123,-4,4
70087,123,113,10,10
70088,86,84,2,2
70089,121,104,17,17
70090,72,68,4,4
70091,70,73,-3,3
70092,84,76,8,8
70093,72,76,-4,4
70094,61,60,1,1
70095,128,114,14,14
70096,90,96,-6,6
70097,138,153,-15,15
70098,80,80,0,0
70099,134,105,29,29
70100,135,137,-2,2
70101,108,108,0,0
70102,114,105,9,9
70103,87,81,6,6
70104,29,53,-24,24
70105,84,83,1,1
70106,139,135,4,4
70107,126,114,12,12
70108,61,61,0,0
70109,22,29,-7,7
70110,61,74,-13,13
70111,74,82,-8,8
70112,120,115,5,5
70113,69,71,-2,2
70114,61,70,-9,9
70115,88,92,-4,4
70116,102,110,-8,8
70117,107,105,2,2
70118,103,100,3,3
70119,89,94,-5,5
70120,134,138,-4,4
70121,52,65,-13,13
70122,63,90,-27,27
70123,116,111,5,5
70124,123,139,-16,16
70125,101,98,3,3
70126,58,64,-6,6
70127,95,99,-4,4
70128,66,68,-2,2
70129,69,70,-1,1
70130,107,103,4,4
70131,118,127,-9,9
70132,155,140,15,15
70133,75,75,0,0
70134,103,96,7,7
70135,81,76,5,5
70136,94,95,-1,1
70137,64,67,-3,3
70138,135,129,6,6
70139,116,133,-17,17
70140,213,190,23,23
70141,87,87,0,0
70142,109,125,-16,16
70143,149,146,3,3
70144,81,94,-13,13
70145,78,77,1,1
70146,62,63,-1,1
70147,73,76,-3,3
70148,68,63,5,5
70149,103,83,20,20
70150,121,107,14,14
70151,165,155,10,10
70152,105,102,3,3
70153,71,67,4,4
70154,139,145,-6,6
70155,75,103,-28,28
70156,146,156,-10,10
70157,88,93,-5,5
70158,184,184,0,0
70159,122,111,11,11
70160,50,72,-22,22
70161,98,99,-1,1
70162,28,72,-44,44
70163,68,65,3,3
70164,34,31,3,3
70165,88,77,11,11
70166,87,94,-7,7
70167,91,87,4,4
70168,97,96,1,1
70169,93,79,14,14
70170,46,49,-3,3
70171,63,65,-2,2
70172,54,64,-10,10
70173,68,73,-5,5
70174,100,114,-14,14
70175,51,57,-6,6
70176,92,98,-6,6
70177,111,112,-1,1
70178,66,63,3,3
70179,60,72,-12,12
70180,66,68,-2,2
70181,130,112,18,18
70182,125,114,11,11
70183,134,135,-1,1
70184,139,140,-1,1
70185,105,111,-6,6
70186,70,73,-3,3
70187,106,101,5,5
70188,146,129,17,17
70189,144,149,-5,5
70190,108,127,-19,19
70191,77,79,-2,2
70192,99,93,6,6
70193,79,79,0,0
70194,65,69,-4,4
70195,65,78,-13,13
70196,89,101,-12,12
70197,128,114,14,14
70198,95,118,-23,23
70199,131,144,-13,13
70200,48,52,-4,4
70201,127,114,13,13
70202,102,105,-3,3
70203,127,123,4,4
70204,53,62,-9,9
70205,148,132,16,16
70206,173,159,14,14
70207,110,110,0,0
70208,61,67,-6,6
70209,65,70,-5,5
70210,83,78,5,5
70211,125,125,0,0
70212,94,94,0,0
70213,82,79,3,3
70214,95,90,5,5
70215,48,58,-10,10
70216,112,112,0,0
70217,74,74,0,0
70218,114,105,9,9
70219,64,71,-7,7
70220,109,104,5,5
70221,163,154,9,9
70222,136,134,2,2
70223,218,195,23,23
70224,114,106,8,8
70225,152,147,5,5
70226,115,116,-1,1
70227,70,76,-6,6
70228,76,74,2,2
70229,101,102,-1,1
70230,122,112,10,10
70231,95,85,10,10
70232,112,143,-31,31
70233,114,117,-3,3
70234,93,93,0,0
70235,56,70,-14,14
70236,110,122,-12,12
70237,97,97,0,0
70238,86,99,-13,13
70239,87,84,3,3
70240,55,71,-16,16
70241,183,198,-15,15
70242,99,103,-4,4
70243,102,102,0,0
70244,113,113,0,0
70245,95,94,1,1
70246,191,172,19,19
70247,82,85,-3,3
70248,55,57,-2,2
70249,60,65,-5,5
70250,81,74,7,7
70251,87,87,0,0
70252,142,143,-1,1
70253,97,84,13,13
70254,116,102,14,14
70255,73,73,0,0
70256,87,93,-6,6
70257,102,95,7,7
70258,57,65,-8,8
70259,56,65,-9,9
70260,193,167,26,26
70261,99,100,-1,1
70262,61,70,-9,9
70263,90,85,5,5
70264,129,136,-7,7
70265,86,86,0,0
70266,68,77,-9,9
70267,106,95,11,11
70268,101,111,-10,10
70269,139,129,10,10
70270,97,106,-9,9
70271,79,89,-10,10
70272,54,63,-9,9
70273,47,59,-12,12
70274,119,111,8,8
70275,93,94,-1,1
70276,70,71,-1,1
70277,109,108,1,1
70278,55,72,-17,17
70279,127,131,-4,4
70280,76,77,-1,1
70281,35,45,-10,10
70282,66,68,-2,2
70283,72,73,-1,1
70284,91,102,-11,11
70285,128,138,-10,10
70286,123,124,-1,1
70287,129,127,2,2
70288,106,98,8,8
70289,84,93,-9,9
70290,99,85,14,14
70291,59,60,-1,1
70292,54,65,-11,11
70293,120,116,4,4
70294,188,175,13,13
70295,83,81,2,2
70296,146,130,16,16
70297,69,71,-2,2
70298,58,62,-4,4
70299,173,154,19,19
70300,131,121,10,10
70301,150,142,8,8
70302,115,109,6,6
70303,107,99,8,8
70304,131,133,-2,2
70305,101,103,-2,2
70306,105,92,13,13
70307,104,103,1,1
70308,138,126,12,12
70309,62,65,-3,3
70310,88,95,-7,7
70311,44,49,-5,5
70312,116,117,-1,1
70313,84,81,3,3
70314,80,101,-21,21
70315,112,114,-2,2
70316,85,81,4,4
70317,82,76,6,6
70318,101,105,-4,4
70319,123,128,-5,5
70320,137,128,9,9
70321,112,96,16,16
70322,72,76,-4,4
70323,100,97,3,3
70324,106,100,6,6
70325,64,58,6,6
70326,115,105,10,10
70327,44,53,-9,9
70328,112,113,-1,1
70329,113,104,9,9
70330,203,182,21,21
70331,113,106,7,7
70332,154,154,0,0
70333,88,95,-7,7
70334,88,100,-12,12
70335,56,63,-7,7
70336,116,113,3,3
70337,104,104,0,0
70338,96,91,5,5
70339,99,102,-3,3
70340,98,105,-7,7
70341,128,135,-7,7
70342,79,74,5,5
70343,97,109,-12,12
70344,68,77,-9,9
70345,93,82,11,11
70346,99,99,0,0
70347,68,71,-3,3
70348,83,79,4,4
70349,85,86,-1,1
70350,89,97,-8,8
70351,95,93,2,2
70352,133,134,-1,1
70353,86,86,0,0
70354,94,94,0,0
70355,63,73,-10,10
70356,134,127,7,7
70357,79,82,-3,3
70358,55,58,-3,3
70359,82,85,-3,3
70360,60,69,-9,9
70361,63,74,-11,11
70362,179,164,15,15
70363,127,127,0,0
70364,65,62,3,3
70365,101,103,-2,2
70366,112,105,7,7
70367,66,69,-3,3
70368,104,103,1,1
70369,80,100,-20,20
70370,84,76,8,8
70371,57,63,-6,6
70372,55,59,-4,4
70373,134,131,3,3
70374,125,117,8,8
70375,83,83,0,0
70376,66,67,-1,1
70377,59,82,-23,23
70378,117,120,-3,3
70379,103,125,-22,22
70380,101,95,6,6
70381,128,127,1,1
70382,92,97,-5,5
70383,167,156,11,11
70384,79,79,0,0
70385,121,114,7,7
70386,85,79,6,6
70387,80,66,14,14
70388,26,29,-3,3
70389,52,61,-9,9
70390,58,69,-11,11
70391,137,132,5,5
70392,48,56,-8,8
70393,138,132,6,6
70394,81,69,12,12
70395,132,129,3,3
70396,111,106,5,5
70397,115,116,-1,1
70398,129,126,3,3
70399,125,125,0,0
70400,138,166,-28,28
70401,51,62,-11,11
70402,131,144,-13,13
70403,164,171,-7,7
70404,107,93,14,14
70405,102,103,-1,1
70406,66,71,-5,5
70407,59,64,-5,5
70408,60,62,-2,2
70409,145,142,3,3
70410,143,138,5,5
70411,121,121,0,0
70412,98,106,-8,8
70413,107,93,14,14
70414,69,70,-1,1
70415,154,158,-4,4
70416,93,98,-5,5
70417,93,95,-2,2
70418,41,36,5,5
70419,103,106,-3,3
70420,81,79,2,2
70421,105,95,10,10
70422,60,60,0,0
70423,90,96,-6,6
70424,76,75,1,1
70425,98,99,-1,1
70426,70,71,-1,1
70427,49,61,-12,12
70428,113,110,3,3
70429,45,66,-21,21
70430,109,104,5,5
70431,53,62,-9,9
70432,98,85,13,13
70433,70,70,0,0
70434,91,89,2,2
70435,126,118,8,8
70436,68,60,8,8
70437,54,75,-21,21
70438,99,91,8,8
70439,85,85,0,0
70440,85,80,5,5
70441,93,97,-4,4
70442,69,71,-2,2
70443,59,62,-3,3
70444,47,61,-14,14
70445,83,83,0,0
70446,103,109,-6,6
70447,93,83,10,10
70448,125,138,-13,13
70449,97,98,-1,1
70450,103,109,-6,6
70451,79,80,-1,1
70452,103,115,-12,12
70453,132,123,9,9
70454,165,171,-6,6
70455,132,128,4,4
70456,88,84,4,4
70457,92,87,5,5
70458,75,74,1,1
70459,108,99,9,9
70460,98,96,2,2
70461,133,153,-20,20
70462,75,70,5,5
70463,187,185,2,2
70464,123,119,4,4
70465,63,84,-21,21
70466,92,102,-10,10
70467,117,117,0,0
70468,98,88,10,10
70469,247,235,12,12
70470,98,100,-2,2
70471,102,90,12,12
70472,66,74,-8,8
70473,62,60,2,2
70474,84,84,0,0
70475,52,55,-3,3
70476,107,103,4,4
70477,155,145,10,10
70478,118,118,0,0
70479,150,151,-1,1
70480,112,108,4,4
70481,106,105,1,1
70482,61,64,-3,3
70483,101,103,-2,2
70484,80,70,10,10
70485,65,80,-15,15
70486,86,83,3,3
70487,74,70,4,4
70488,163,148,15,15
70489,100,104,-4,4
70490,44,56,-12,12
70491,86,75,11,11
70492,119,114,5,5
70493,80,75,5,5
70494,57,67,-10,10
70495,136,129,7,7
70496,113,115,-2,2
70497,75,75,0,0
70498,41,53,-12,12
70499,125,139,-14,14
70500,77,76,1,1
70501,97,92,5,5
70502,159,162,-3,3
70503,43,53,-10,10
70504,47,56,-9,9
70505,53,61,-8,8
70506,141,127,14,14
70507,79,83,-4,4
70508,74,75,-1,1
70509,117,115,2,2
70510,39,53,-14,14
70511,74,80,-6,6
70512,131,131,0,0
70513,95,96,-1,1
70514,152,138,14,14
70515,80,84,-4,4
70516,125,108,17,17
70517,114,116,-2,2
70518,113,111,2,2
70519,58,71,-13,13
70520,98,91,7,7
70521,135,127,8,8
70522,88,98,-10,10
70523,147,148,-1,1
70524,83,80,3,3
70525,145,144,1,1
70526,144,148,-4,4
70527,142,130,12,12
70528,65,70,-5,5
70529,59,67,-8,8
70530,116,113,3,3
70531,51,61,-10,10
70532,48,55,-7,7
70533,113,118,-5,5
70534,87,69,18,18
70535,72,77,-5,5
70536,100,99,1,1
70537,66,71,-5,5
70538,106,110,-4,4
70539,128,115,13,13
70540,71,69,2,2
70541,69,77,-8,8
70542,117,130,-13,13
70543,125,124,1,1
70544,105,101,4,4
70545,43,45,-2,2
70546,154,157,-3,3
70547,77,80,-3,3
70548,104,104,0,0
70549,112,111,1,1
70550,84,80,4,4
70551,69,70,-1,1
70552,135,125,10,10
70553,130,119,11,11
70554,117,125,-8,8
70555,47,62,-15,15
70556,114,116,-2,2
70557,100,106,-6,6
70558,129,133,-4,4
70559,59,65,-6,6
70560,159,151,8,8
70561,61,63,-2,2
70562,51,60,-9,9
70563,92,92,0,0
70564,73,75,-2,2
70565,98,80,18,18
70566,117,113,4,4
70567,100,111,-11,11
70568,54,72,-18,18
70569,76,74,2,2
70570,132,129,3,3
70571,178,139,39,39
70572,91,96,-5,5
70573,127,115,12,12
70574,75,72,3,3
70575,70,73,-3,3
70576,124,123,1,1
70577,125,126,-1,1
70578,80,83,-3,3
70579,59,64,-5,5
70580,82,93,-11,11
70581,130,128,2,2
70582,82,88,-6,6
70583,93,83,10,10
70584,82,85,-3,3
70585,160,147,13,13
70586,83,77,6,6
70587,128,113,15,15
70588,123,112,11,11
70589,98,92,6,6
70590,104,96,8,8
70591,109,102,7,7
70592,48,54,-6,6
70593,62,64,-2,2
70594,63,62,1,1
70595,63,70,-7,7
70596,115,107,8,8
70597,94,90,4,4
70598,94,100,-6,6
70599,91,89,2,2
70600,141,147,-6,6
70601,162,157,5,5
70602,91,97,-6,6
70603,88,90,-2,2
70604,117,126,-9,9
70605,52,58,-6,6
70606,57,62,-5,5
70607,106,88,18,18
70608,77,84,-7,7
70609,58,64,-6,6
70610,85,77,8,8
70611,110,103,7,7
70612,74,83,-9,9
70613,97,85,12,12
70614,58,65,-7,7
70615,92,98,-6,6
70616,97,99,-2,2
70617,73,75,-2,2
70618,89,94,-5,5
70619,108,102,6,6
70620,129,121,8,8
70621,83,77,6,6
70622,97,91,6,6
70623,88,85,3,3
70624,88,80,8,8
70625,74,79,-5,5
70626,103,108,-5,5
70627,93,84,9,9
70628,39,48,-9,9
70629,168,155,13,13
70630,102,90,12,12
70631,77,82,-5,5
70632,209,213,-4,4
70633,88,84,4,4
70634,88,92,-4,4
70635,95,99,-4,4
70636,113,104,9,9
70637,109,112,-3,3
70638,93,97,-4,4
70639,167,155,12,12
70640,55,75,-20,20
70641,115,116,-1,1
70642,101,106,-5,5
70643,52,66,-14,14
70644,155,158,-3,3
70645,47,60,-13,13
70646,123,126,-3,3
70647,71,72,-1,1
70648,109,113,-4,4
70649,63,72,-9,9
70650,132,146,-14,14
70651,74,77,-3,3
70652,89,99,-10,10
70653,131,126,5,5
70654,71,75,-4,4
70655,100,84,16,16
70656,76,90,-14,14
70657,67,69,-2,2
70658,121,107,14,14
70659,45,63,-18,18
70660,79,70,9,9
70661,145,143,2,2
70662,242,211,31,31
70663,64,75,-11,11
70664,146,136,10,10
70665,80,77,3,3
70666,135,139,-4,4
70667,94,87,7,7
70668,88,82,6,6
70669,119,125,-6,6
70670,129,122,7,7
70671,86,85,1,1
70672,60,61,-1,1
70673,148,155,-7,7
70674,43,61,-18,18
70675,41,48,-7,7
70676,272,243,29,29
70677,116,93,23,23
70678,86,83,3,3
70679,69,75,-6,6
70680,51,58,-7,7
70681,80,81,-1,1
70682,83,80,3,3
70683,108,104,4,4
70684,66,67,-1,1
70685,178,183,-5,5
70686,138,137,1,1
70687,124,111,13,13
70688,58,60,-2,2
70689,93,92,1,1
70690,135,125,10,10
70691,98,80,18,18
70692,91,81,10,10
70693,83,76,7,7
70694,192,184,8,8
70695,119,105,14,14
70696,44,61,-17,17
70697,83,84,-1,1
70698,75,79,-4,4
70699,216,208,8,8
70700,178,172,6,6
70701,81,81,0,0
70702,56,69,-13,13
70703,85,84,1,1
70704,87,84,3,3
70705,77,76,1,1
70706,73,76,-3,3
70707,122,123,-1,1
70708,169,147,22,22
70709,155,143,12,12
70710,111,113,-2,2
70711,37,48,-11,11
70712,116,116,0,0
70713,107,104,3,3
70714,63,70,-7,7
70715,97,92,5,5
70716,108,97,11,11
70717,94,95,-1,1
70718,56,63,-7,7
70719,49,52,-3,3
70720,87,91,-4,4
70721,110,112,-2,2
70722,89,94,-5,5
70723,87,79,8,8
70724,127,126,1,1
70725,82,83,-1,1
70726,58,62,-4,4
70727,69,73,-4,4
70728,66,66,0,0
70729,62,79,-17,17
70730,80,83,-3,3
70731,62,68,-6,6
70732,46,52,-6,6
70733,48,70,-22,22
70734,77,73,4,4
70735,99,113,-14,14
70736,98,102,-4,4
70737,87,85,2,2
70738,63,71,-8,8
70739,114,115,-1,1
70740,121,127,-6,6
70741,70,72,-2,2
70742,118,108,10,10
70743,116,114,2,2
70744,89,97,-8,8
70745,100,99,1,1
70746,249,260,-11,11
70747,202,187,15,15
70748,152,145,7,7
70749,140,137,3,3
70750,162,152,10,10
70751,90,87,3,3
70752,132,117,15,15
70753,79,72,7,7
70754,73,71,2,2
70755,115,106,9,9
70756,188,178,10,10
70757,72,72,0,0
70758,112,113,-1,1
70759,131,123,8,8
70760,128,127,1,1
70761,125,125,0,0
70762,133,125,8,8
70763,159,149,10,10
70764,96,96,0,0
70765,85,86,-1,1
70766,103,100,3,3
70767,74,72,2,2
70768,139,138,1,1
70769,114,112,2,2
70770,35,38,-3,3
70771,56,62,-6,6
70772,85,91,-6,6
70773,111,99,12,12
70774,107,107,0,0
70775,138,138,0,0
70776,79,76,3,3
70777,89,90,-1,1
70778,97,90,7,7
70779,88,82,6,6
70780,77,81,-4,4
70781,83,77,6,6
70782,138,139,-1,1
70783,109,109,0,0
70784,58,70,-12,12
70785,65,71,-6,6
70786,97,102,-5,5
70787,95,94,1,1
70788,93,91,2,2
70789,80,85,-5,5
70790,88,79,9,9
70791,104,108,-4,4
70792,72,76,-4,4
70793,75,71,4,4
70794,88,86,2,2
70795,104,112,-8,8
70796,70,71,-1,1
70797,83,85,-2,2
70798,108,99,9,9
70799,84,78,6,6
70800,91,98,-7,7
70801,115,114,1,1
70802,80,83,-3,3
70803,122,127,-5,5
70804,116,115,1,1
70805,119,113,6,6
70806,105,98,7,7
70807,80,83,-3,3
70808,63,82,-19,19
70809,108,116,-8,8
70810,73,73,0,0
70811,116,119,-3,3
70812,101,88,13,13
70813,78,80,-2,2
70814,137,139,-2,2
70815,94,100,-6,6
70816,63,61,2,2
70817,122,133,-11,11
70818,145,135,10,10
70819,110,101,9,9
70820,86,79,7,7
70821,160,154,6,6
70822,149,138,11,11
70823,93,84,9,9
70824,77,73,4,4
70825,43,56,-13,13
70826,85,93,-8,8
70827,85,78,7,7
70828,71,71,0,0
70829,68,76,-8,8
70830,85,88,-3,3
70831,74,83,-9,9
70832,152,166,-14,14
70833,161,147,14,14
70834,130,132,-2,2
70835,83,78,5,5
70836,102,104,-2,2
70837,96,105,-9,9
70838,111,114,-3,3
70839,41,49,-8,8
70840,54,65,-11,11
70841,119,113,6,6
70842,89,76,13,13
70843,105,98,7,7
70844,163,154,9,9
70845,102,101,1,1
70846,90,88,2,2
70847,52,66,-14,14
70848,61,65,-4,4
70849,84,96,-12,12
70850,87,88,-1,1
70851,56,71,-15,15
70852,86,97,-11,11
70853,153,143,10,10
70854,130,121,9,9
70855,171,158,13,13
70856,81,83,-2,2
70857,76,73,3,3
70858,82,89,-7,7
70859,114,118,-4,4
70860,103,106,-3,3
70861,98,99,-1,1
70862,130,127,3,3
70863,145,126,19,19
70864,66,81,-15,15
70865,136,113,23,23
70866,96,107,-11,11
70867,35,52,-17,17
70868,77,75,2,2
70869,108,109,-1,1
70870,91,105,-14,14
70871,68,75,-7,7
70872,114,115,-1,1
70873,38,47,-9,9
70874,123,105,18,18
70875,81,81,0,0
70876,96,86,10,10
70877,89,89,0,0
70878,129,145,-16,16
70879,93,93,0,0
70880,57,62,-5,5
70881,81,76,5,5
70882,137,128,9,9
70883,83,77,6,6
70884,97,97,0,0
70885,100,99,1,1
70886,83,87,-4,4
70887,94,84,10,10
70888,87,99,-12,12
70889,154,150,4,4
70890,126,110,16,16
70891,74,73,1,1
70892,87,89,-2,2
70893,62,72,-10,10
70894,61,64,-3,3
70895,94,82,12,12
70896,91,84,7,7
70897,67,70,-3,3
70898,87,80,7,7
70899,58,66,-8,8
70900,126,121,5,5
70901,102,96,6,6
70902,97,100,-3,3
70903,60,66,-6,6
70904,84,85,-1,1
70905,168,128,40,40
70906,89,90,-1,1
70907,60,63,-3,3
70908,99,103,-4,4
70909,119,113,6,6
70910,90,88,2,2
70911,150,152,-2,2
70912,95,97,-2,2
70913,79,81,-2,2
70914,45,52,-7,7
70915,101,96,5,5
70916,123,114,9,9
70917,145,144,1,1
70918,56,64,-8,8
70919,83,84,-1,1
70920,48,57,-9,9
70921,65,66,-1,1
70922,102,106,-4,4
70923,75,76,-1,1
70924,194,211,-17,17
70925,55,63,-8,8
70926,61,65,-4,4
70927,97,95,2,2
70928,123,126,-3,3
70929,47,59,-12,12
70930,99,113,-14,14
70931,88,85,3,3
70932,65,67,-2,2
70933,71,73,-2,2
70934,140,133,7,7
70935,113,112,1,1
70936,70,73,-3,3
70937,123,119,4,4
70938,113,104,9,9
70939,170,154,16,16
70940,101,106,-5,5
70941,113,106,7,7
70942,102,97,5,5
70943,74,77,-3,3
70944,73,82,-9,9
70945,90,98,-8,8
70946,62,64,-2,2
70947,104,121,-17,17
70948,119,114,5,5
70949,71,67,4,4
70950,129,139,-10,10
70951,48,60,-12,12
70952,149,155,-6,6
70953,63,66,-3,3
70954,115,111,4,4
70955,110,112,-2,2
70956,93,121,-28,28
70957,100,102,-2,2
70958,90,93,-3,3
70959,46,58,-12,12
70960,126,120,6,6
70961,99,98,1,1
70962,65,66,-1,1
70963,77,76,1,1
70964,70,66,4,4
70965,82,93,-11,11
70966,91,93,-2,2
70967,142,132,10,10
70968,73,71,2,2
70969,146,134,12,12
70970,106,105,1,1
70971,185,184,1,1
70972,72,74,-2,2
70973,119,111,8,8
70974,56,65,-9,9
70975,110,104,6,6
70976,94,91,3,3
70977,79,86,-7,7
70978,50,56,-6,6
70979,86,84,2,2
70980,73,72,1,1
70981,81,80,1,1
70982,68,74,-6,6
70983,69,75,-6,6
70984,135,123,12,12
70985,162,145,17,17
70986,107,101,6,6
70987,74,77,-3,3
70988,61,68,-7,7
70989,101,93,8,8
70990,70,68,2,2
70991,101,124,-23,23
70992,61,67,-6,6
70993,103,102,1,1
70994,47,113,-66,66
70995,87,86,1,1
70996,73,75,-2,2
70997,100,85,15,15
70998,97,87,10,10
70999,75,80,-5,5
71000,77,77,0,0
71001,59,60,-1,1
71002,136,139,-3,3
71003,44,53,-9,9
71004,149,137,12,12
71005,85,86,-1,1
71006,132,129,3,3
71007,54,63,-9,9
71008,98,95,3,3
71009,102,109,-7,7
71010,122,118,4,4
71011,70,70,0,0
71012,121,128,-7,7
71013,86,89,-3,3
71014,99,97,2,2
71015,71,70,1,1
71016,113,110,3,3
71017,100,98,2,2
71018,61,63,-2,2
71019,69,75,-6,6
71020,103,113,-10,10
71021,122,141,-19,19
71022,90,81,9,9
71023,113,101,12,12
71024,99,108,-9,9
71025,100,87,13,13
71026,77,80,-3,3
71027,84,80,4,4
71028,101,94,7,7
71029,86,86,0,0
71030,43,51,-8,8
71031,73,78,-5,5
71032,128,122,6,6
71033,81,73,8,8
71034,67,63,4,4
71035,137,133,4,4
71036,77,76,1,1
71037,52,62,-10,10
71038,103,112,-9,9
71039,107,107,0,0
71040,101,95,6,6
71041,80,82,-2,2
71042,114,113,1,1
71043,112,116,-4,4
71044,118,104,14,14
71045,110,110,0,0
71046,88,84,4,4
71047,63,88,-25,25
71048,125,113,12,12
71049,126,114,12,12
71050,68,78,-10,10
71051,59,67,-8,8
71052,69,72,-3,3
71053,90,80,10,10
71054,108,114,-6,6
71055,80,83,-3,3
71056,63,67,-4,4
71057,52,58,-6,6
71058,72,77,-5,5
71059,76,79,-3,3
71060,92,89,3,3
71061,133,155,-22,22
71062,65,71,-6,6
71063,69,68,1,1
71064,121,109,12,12
71065,92,84,8,8
71066,67,69,-2,2
71067,134,127,7,7
71068,81,77,4,4
71069,68,80,-12,12
71070,67,72,-5,5
71071,52,59,-7,7
71072,107,110,-3,3
71073,120,112,8,8
71074,133,133,0,0
71075,150,133,17,17
71076,124,141,-17,17
71077,86,88,-2,2
71078,29,29,0,0
71079,170,153,17,17
71080,88,91,-3,3
71081,158,149,9,9
71082,58,64,-6,6
71083,129,122,7,7
71084,94,92,2,2
71085,116,113,3,3
71086,159,153,6,6
71087,86,83,3,3
71088,174,177,-3,3
71089,104,97,7,7
71090,90,79,11,11
71091,101,99,2,2
71092,107,111,-4,4
71093,133,118,15,15
71094,70,68,2,2
71095,100,99,1,1
71096,174,170,4,4
71097,41,47,-6,6
71098,85,86,-1,1
71099,76,73,3,3
71100,73,76,-3,3
71101,131,128,3,3
71102,83,81,2,2
71103,88,95,-7,7
71104,128,125,3,3
71105,86,88,-2,2
71106,163,157,6,6
71107,104,104,0,0
71108,50,57,-7,7
71109,114,95,19,19
71110,108,112,-4,4
71111,72,77,-5,5
71112,63,67,-4,4
71113,51,59,-8,8
71114,94,92,2,2
71115,76,71,5,5
71116,39,43,-4,4
71117,100,97,3,3
71118,64,65,-1,1
71119,87,84,3,3
71120,112,105,7,7
71121,105,107,-2,2
71122,84,88,-4,4
71123,135,127,8,8
71124,66,67,-1,1
71125,164,160,4,4
71126,53,62,-9,9
71127,131,118,13,13
71128,97,96,1,1
71129,44,58,-14,14
71130,85,86,-1,1
71131,58,57,1,1
71132,105,113,-8,8
71133,51,58,-7,7
71134,67,70,-3,3
71135,82,94,-12,12
71136,100,93,7,7
71137,154,137,17,17
71138,89,94,-5,5
71139,88,80,8,8
71140,104,89,15,15
71141,82,71,11,11
71142,97,95,2,2
71143,87,104,-17,17
71144,71,66,5,5
71145,87,93,-6,6
71146,71,72,-1,1
71147,168,161,7,7
71148,124,114,10,10
71149,75,71,4,4
71150,137,114,23,23
71151,131,125,6,6
71152,161,164,-3,3
71153,80,77,3,3
71154,109,106,3,3
71155,65,70,-5,5
71156,152,154,-2,2
71157,120,114,6,6
71158,116,116,0,0
71159,82,99,-17,17
71160,214,198,16,16
71161,75,74,1,1
71162,95,86,9,9
71163,120,113,7,7
71164,126,125,1,1
71165,112,108,4,4
71166,115,124,-9,9
71167,94,91,3,3
71168,84,89,-5,5
71169,99,104,-5,5
71170,69,67,2,2
71171,62,62,0,0
71172,106,108,-2,2
71173,110,104,6,6
71174,78,82,-4,4
71175,161,189,-28,28
71176,140,107,33,33
71177,83,100,-17,17
71178,110,103,7,7
71179,50,57,-7,7
71180,160,146,14,14
71181,93,86,7,7
71182,161,156,5,5
71183,37,50,-13,13
71184,58,56,2,2
71185,109,121,-12,12
71186,99,103,-4,4
71187,124,145,-21,21
71188,65,65,0,0
71189,113,108,5,5
71190,114,127,-13,13
71191,127,116,11,11
71192,99,91,8,8
71193,83,80,3,3
71194,74,79,-5,5
71195,112,115,-3,3
71196,76,77,-1,1
71197,86,83,3,3
71198,59,68,-9,9
71199,185,165,20,20
71200,113,97,16,16
71201,90,88,2,2
71202,60,68,-8,8
71203,136,119,17,17
71204,94,91,3,3
71205,100,96,4,4
71206,93,90,3,3
71207,80,82,-2,2
71208,138,120,18,18
71209,123,116,7,7
71210,84,84,0,0
71211,96,103,-7,7
71212,123,119,4,4
71213,46,86,-40,40
71214,54,57,-3,3
71215,135,133,2,2
71216,135,123,12,12
71217,79,83,-4,4
71218,127,118,9,9
71219,75,79,-4,4
71220,43,62,-19,19
71221,107,89,18,18
71222,86,77,9,9
71223,114,119,-5,5
71224,56,58,-2,2
71225,80,79,1,1
71226,86,80,6,6
71227,62,62,0,0
71228,78,71,7,7
71229,158,166,-8,8
71230,96,115,-19,19
71231,88,87,1,1
71232,62,63,-1,1
71233,116,107,9,9
71234,103,105,-2,2
71235,108,119,-11,11
71236,96,94,2,2
71237,65,70,-5,5
71238,64,71,-7,7
71239,136,126,10,10
71240,92,99,-7,7
71241,66,64,2,2
71242,106,110,-4,4
71243,168,155,13,13
71244,91,90,1,1
71245,90,99,-9,9
71246,83,83,0,0
71247,198,189,9,9
71248,98,97,1,1
71249,116,100,16,16
71250,77,80,-3,3
71251,95,89,6,6
71252,113,112,1,1
71253,102,100,2,2
71254,54,59,-5,5
71255,138,143,-5,5
71256,76,78,-2,2
71257,58,61,-3,3
71258,74,74,0,0
71259,93,93,0,0
71260,56,77,-21,21
71261,139,144,-5,5
71262,169,172,-3,3
71263,131,130,1,1
71264,64,54,10,10
71265,89,95,-6,6
71266,111,106,5,5
71267,149,143,6,6
71268,86,81,5,5
71269,67,92,-25,25
71270,54,60,-6,6
71271,47,59,-12,12
71272,43,54,-11,11
71273,90,93,-3,3
71274,139,125,14,14
71275,62,68,-6,6
71276,67,74,-7,7
71277,75,77,-2,2
71278,87,84,3,3
71279,82,79,3,3
71280,41,56,-15,15
71281,86,85,1,1
71282,151,139,12,12
71283,87,82,5,5
71284,107,109,-2,2
71285,67,69,-2,2
71286,90,102,-12,12
71287,133,128,5,5
71288,42,49,-7,7
71289,124,114,10,10
71290,66,69,-3,3
71291,74,77,-3,3
71292,54,59,-5,5
71293,123,118,5,5
71294,137,136,1,1
71295,67,68,-1,1
71296,113,118,-5,5
71297,103,94,9,9
71298,161,145,16,16
71299,114,106,8,8
71300,112,122,-10,10
71301,103,104,-1,1
71302,112,116,-4,4
71303,123,130,-7,7
71304,65,71,-6,6
71305,97,88,9,9
71306,68,65,3,3
71307,69,73,-4,4
71308,69,67,2,2
71309,143,134,9,9
71310,107,105,2,2
71311,59,78,-19,19
71312,125,116,9,9
71313,57,65,-8,8
71314,108,112,-4,4
71315,86,85,1,1
71316,98,96,2,2
71317,82,82,0,0
71318,87,118,-31,31
71319,65,70,-5,5
71320,96,87,9,9
71321,60,60,0,0
71322,77,78,-1,1
71323,81,79,2,2
71324,147,143,4,4
71325,75,70,5,5
71326,75,74,1,1
71327,85,96,-11,11
71328,94,93,1,1
71329,158,157,1,1
71330,103,80,23,23
71331,125,115,10,10
71332,119,144,-25,25
71333,109,106,3,3
71334,64,65,-1,1
71335,74,79,-5,5
71336,33,29,4,4
71337,104,101,3,3
71338,73,79,-6,6
71339,148,126,22,22
71340,57,68,-11,11
71341,62,63,-1,1
71342,143,136,7,7
71343,96,112,-16,16
71344,61,67,-6,6
71345,126,125,1,1
71346,66,82,-16,16
71347,97,104,-7,7
71348,58,66,-8,8
71349,85,84,1,1
71350,207,191,16,16
71351,114,110,4,4
71352,105,104,1,1
71353,92,93,-1,1
71354,80,79,1,1
71355,97,93,4,4
71356,93,96,-3,3
71357,55,61,-6,6
71358,89,84,5,5
71359,116,115,1,1
71360,98,101,-3,3
71361,79,75,4,4
71362,127,127,0,0
71363,112,110,2,2
71364,131,116,15,15
71365,92,97,-5,5
71366,81,79,2,2
71367,236,218,18,18
71368,110,124,-14,14
71369,66,72,-6,6
71370,100,110,-10,10
71371,98,102,-4,4
71372,118,115,3,3
71373,91,102,-11,11
71374,162,143,19,19
71375,77,74,3,3
71376,67,70,-3,3
71377,131,128,3,3
71378,103,105,-2,2
71379,57,63,-6,6
71380,93,83,10,10
71381,72,80,-8,8
71382,67,58,9,9
71383,49,63,-14,14
71384,72,73,-1,1
71385,56,59,-3,3
71386,154,180,-26,26
71387,72,79,-7,7
71388,44,55,-11,11
71389,97,99,-2,2
71390,173,142,31,31
71391,151,143,8,8
71392,92,84,8,8
71393,41,64,-23,23
71394,101,105,-4,4
71395,151,132,19,19
71396,112,102,10,10
71397,82,84,-2,2
71398,147,140,7,7
71399,104,91,13,13
71400,156,143,13,13
71401,69,68,1,1
71402,88,92,-4,4
71403,49,62,-13,13
71404,72,76,-4,4
71405,87,84,3,3
71406,83,79,4,4
71407,78,70,8,8
71408,109,112,-3,3
71409,118,128,-10,10
71410,146,196,-50,50
71411,95,89,6,6
71412,139,131,8,8
71413,112,117,-5,5
71414,74,81,-7,7
71415,101,109,-8,8
71416,69,70,-1,1
71417,60,62,-2,2
71418,52,59,-7,7
71419,70,73,-3,3
71420,52,57,-5,5
71421,93,98,-5,5
71422,75,76,-1,1
71423,50,65,-15,15
71424,64,69,-5,5
71425,167,145,22,22
71426,59,65,-6,6
71427,117,118,-1,1
71428,97,97,0,0
71429,93,98,-5,5
71430,70,76,-6,6
71431,91,82,9,9
71432,52,60,-8,8
71433,97,105,-8,8
71434,66,58,8,8
71435,91,87,4,4
71436,72,107,-35,35
71437,113,105,8,8
71438,91,85,6,6
71439,50,66,-16,16
71440,85,111,-26,26
71441,167,170,-3,3
71442,78,80,-2,2
71443,149,140,9,9
71444,102,97,5,5
71445,116,113,3,3
71446,69,79,-10,10
71447,63,67,-4,4
71448,108,115,-7,7
71449,81,79,2,2
71450,82,81,1,1
71451,113,112,1,1
71452,83,83,0,0
71453,97,93,4,4
71454,78,95,-17,17
71455,102,101,1,1
71456,109,116,-7,7
71457,64,77,-13,13
71458,98,96,2,2
71459,156,141,15,15
71460,126,126,0,0
71461,90,94,-4,4
71462,122,116,6,6
71463,67,72,-5,5
71464,60,63,-3,3
71465,60,69,-9,9
71466,73,73,0,0
71467,135,135,0,0
71468,116,112,4,4
71469,92,87,5,5
71470,116,115,1,1
71471,76,76,0,0
71472,137,135,2,2
71473,38,55,-17,17
71474,212,188,24,24
71475,115,113,2,2
71476,170,160,10,10
71477,140,158,-18,18
71478,194,165,29,29
71479,119,115,4,4
71480,46,57,-11,11
71481,67,69,-2,2
71482,114,109,5,5
71483,107,125,-18,18
71484,83,104,-21,21
71485,103,99,4,4
71486,75,84,-9,9
71487,117,156,-39,39
71488,59,61,-2,2
71489,68,92,-24,24
71490,117,119,-2,2
71491,142,128,14,14
71492,50,53,-3,3
71493,72,76,-4,4
71494,114,124,-10,10
71495,161,158,3,3
71496,104,102,2,2
71497,241,228,13,13
71498,72,74,-2,2
71499,89,95,-6,6
71500,76,76,0,0
71501,97,102,-5,5
71502,93,84,9,9
71503,73,67,6,6
71504,67,59,8,8
71505,89,93,-4,4
71506,91,95,-4,4
71507,112,112,0,0
71508,156,157,-1,1
71509,59,64,-5,5
71510,71,77,-6,6
71511,35,31,4,4
71512,60,64,-4,4
71513,151,157,-6,6
71514,83,84,-1,1
71515,114,117,-3,3
71516,66,66,0,0
71517,68,74,-6,6
71518,128,124,4,4
71519,168,145,23,23
71520,84,84,0,0
71521,87,87,0,0
71522,94,93,1,1
71523,44,60,-16,16
71524,93,98,-5,5
71525,135,126,9,9
71526,80,76,4,4
71527,105,99,6,6
71528,86,87,-1,1
71529,115,115,0,0
71530,183,167,16,16
71531,120,113,7,7
71532,25,29,-4,4
71533,53,60,-7,7
71534,131,113,18,18
71535,164,155,9,9
71536,74,76,-2,2
71537,125,121,4,4
71538,91,100,-9,9
71539,106,96,10,10
71540,95,93,2,2
71541,75,73,2,2
71542,114,107,7,7
71543,70,69,1,1
71544,89,81,8,8
71545,37,32,5,5
71546,90,84,6,6
71547,60,62,-2,2
71548,106,110,-4,4
71549,59,68,-9,9
71550,114,120,-6,6
71551,69,68,1,1
71552,96,102,-6,6
71553,90,85,5,5
71554,132,140,-8,8
71555,117,119,-2,2
71556,78,79,-1,1
71557,63,72,-9,9
71558,96,106,-10,10
71559,132,108,24,24
71560,83,80,3,3
71561,114,110,4,4
71562,109,107,2,2
71563,97,92,5,5
71564,81,81,0,0
71565,95,95,0,0
71566,82,85,-3,3
71567,127,130,-3,3
71568,108,110,-2,2
71569,91,106,-15,15
71570,87,84,3,3
71571,92,89,3,3
71572,165,157,8,8
71573,85,85,0,0
71574,50,63,-13,13
71575,62,64,-2,2
71576,97,99,-2,2
71577,87,92,-5,5
71578,66,64,2,2
71579,76,74,2,2
71580,75,80,-5,5
71581,172,171,1,1
71582,45,57,-12,12
71583,86,90,-4,4
71584,73,84,-11,11
71585,189,163,26,26
71586,65,69,-4,4
71587,76,75,1,1
71588,95,95,0,0
71589,95,90,5,5
71590,87,89,-2,2
71591,108,110,-2,2
71592,91,81,10,10
71593,69,78,-9,9
71594,141,146,-5,5
71595,75,76,-1,1
71596,82,87,-5,5
71597,55,60,-5,5
71598,55,70,-15,15
71599,121,118,3,3
71600,55,55,0,0
71601,131,118,13,13
71602,111,103,8,8
71603,52,64,-12,12
71604,141,130,11,11
71605,82,81,1,1
71606,49,58,-9,9
71607,67,82,-15,15
71608,65,69,-4,4
71609,116,118,-2,2
71610,112,114,-2,2
71611,117,112,5,5
71612,137,132,5,5
71613,95,103,-8,8
71614,59,68,-9,9
71615,84,92,-8,8
71616,89,79,10,10
71617,137,134,3,3
71618,194,168,26,26
71619,144,129,15,15
71620,106,99,7,7
71621,122,108,14,14
71622,67,77,-10,10
71623,104,107,-3,3
71624,114,111,3,3
71625,84,98,-14,14
71626,49,67,-18,18
71627,232,196,36,36
71628,79,74,5,5
71629,101,103,-2,2
71630,105,105,0,0
71631,104,106,-2,2
71632,221,193,28,28
71633,124,109,15,15
71634,154,143,11,11
71635,110,104,6,6
71636,75,77,-2,2
71637,175,167,8,8
71638,162,164,-2,2
71639,169,148,21,21
71640,82,94,-12,12
71641,69,70,-1,1
71642,63,69,-6,6
71643,101,106,-5,5
71644,59,62,-3,3
71645,123,124,-1,1
71646,105,111,-6,6
71647,99,91,8,8
71648,58,69,-11,11
71649,103,99,4,4
71650,77,85,-8,8
71651,64,63,1,1
71652,49,55,-6,6
71653,96,96,0,0
71654,78,78,0,0
71655,124,129,-5,5
71656,66,87,-21,21
71657,163,153,10,10
71658,140,149,-9,9
71659,77,80,-3,3
71660,55,66,-11,11
71661,64,64,0,0
71662,73,82,-9,9
71663,86,89,-3,3
71664,87,89,-2,2
71665,80,85,-5,5
71666,74,80,-6,6
71667,69,67,2,2
71668,118,116,2,2
71669,74,80,-6,6
71670,162,157,5,5
71671,63,70,-7,7
71672,88,86,2,2
71673,105,108,-3,3
71674,70,64,6,6
71675,86,91,-5,5
71676,82,79,3,3
71677,181,183,-2,2
71678,60,65,-5,5
71679,139,141,-2,2
71680,45,40,5,5
71681,84,84,0,0
71682,87,82,5,5
71683,94,83,11,11
71684,94,95,-1,1
71685,102,121,-19,19
71686,82,80,2,2
71687,102,88,14,14
71688,51,57,-6,6
71689,91,87,4,4
71690,92,95,-3,3
71691,119,118,1,1
71692,98,104,-6,6
71693,92,88,4,4
71694,144,138,6,6
71695,117,122,-5,5
71696,61,60,1,1
71697,55,54,1,1
71698,89,83,6,6
71699,83,86,-3,3
71700,122,113,9,9
71701,101,106,-5,5
71702,71,77,-6,6
71703,183,183,0,0
71704,79,80,-1,1
71705,68,81,-13,13
71706,124,121,3,3
71707,96,90,6,6
71708,82,78,4,4
71709,99,109,-10,10
71710,145,124,21,21
71711,143,146,-3,3
71712,131,134,-3,3
71713,83,79,4,4
71714,118,130,-12,12
71715,65,71,-6,6
71716,52,64,-12,12
71717,78,76,2,2
71718,76,77,-1,1
71719,142,128,14,14
71720,90,83,7,7
71721,64,67,-3,3
71722,70,70,0,0
71723,81,94,-13,13
71724,155,149,6,6
71725,94,111,-17,17
71726,64,65,-1,1
71727,83,79,4,4
71728,112,115,-3,3
71729,112,96,16,16
71730,132,127,5,5
71731,84,79,5,5
71732,63,69,-6,6
71733,78,83,-5,5
71734,143,132,11,11
71735,71,75,-4,4
71736,94,94,0,0
71737,75,76,-1,1
71738,54,67,-13,13
71739,81,72,9,9
71740,72,78,-6,6
71741,95,90,5,5
71742,136,127,9,9
71743,89,85,4,4
71744,66,71,-5,5
71745,95,87,8,8
71746,85,84,1,1
71747,114,114,0,0
71748,70,66,4,4
71749,70,76,-6,6
71750,115,116,-1,1
71751,139,137,2,2
71752,104,98,6,6
71753,65,68,-3,3
71754,145,132,13,13
71755,108,104,4,4
71756,81,82,-1,1
71757,85,75,10,10
71758,59,70,-11,11
71759,146,154,-8,8
71760,89,102,-13,13
71761,94,96,-2,2
71762,82,79,3,3
71763,58,67,-9,9
71764,78,77,1,1
71765,92,83,9,9
71766,65,67,-2,2
71767,100,96,4,4
71768,126,120,6,6
71769,115,105,10,10
71770,64,62,2,2
71771,67,73,-6,6
71772,114,106,8,8
71773,73,74,-1,1
71774,86,83,3,3
71775,92,83,9,9
71776,393,349,44,44
71777,121,137,-16,16
71778,77,85,-8,8
71779,106,93,13,13
71780,81,82,-1,1
71781,99,88,11,11
71782,150,152,-2,2
71783,98,99,-1,1
71784,107,110,-3,3
71785,59,61,-2,2
71786,53,50,3,3
71787,99,95,4,4
71788,138,133,5,5
71789,58,67,-9,9
71790,85,83,2,2
71791,129,121,8,8
71792,60,61,-1,1
71793,67,66,1,1
71794,107,103,4,4
71795,42,56,-14,14
71796,73,74,-1,1
71797,81,90,-9,9
71798,154,128,26,26
71799,84,82,2,2
71800,67,72,-5,5
71801,62,61,1,1
71802,93,87,6,6
71803,119,113,6,6
71804,112,106,6,6
71805,146,142,4,4
71806,45,49,-4,4
71807,127,119,8,8
71808,87,87,0,0
71809,122,121,1,1
71810,83,77,6,6
71811,116,110,6,6
71812,95,101,-6,6
71813,101,105,-4,4
71814,132,128,4,4
71815,116,111,5,5
71816,79,72,7,7
71817,94,89,5,5
71818,131,123,8,8
71819,61,63,-2,2
71820,66,69,-3,3
71821,78,84,-6,6
71822,145,157,-12,12
71823,166,163,3,3
71824,88,80,8,8
71825,99,93,6,6
71826,85,92,-7,7
71827,62,66,-4,4
71828,85,89,-4,4
71829,103,103,0,0
71830,123,149,-26,26
71831,43,56,-13,13
71832,89,100,-11,11
71833,61,66,-5,5
71834,65,68,-3,3
71835,81,82,-1,1
71836,77,73,4,4
71837,118,117,1,1
71838,53,57,-4,4
71839,90,81,9,9
71840,101,117,-16,16
71841,88,86,2,2
71842,136,136,0,0
71843,142,136,6,6
71844,79,72,7,7
71845,124,125,-1,1
71846,69,71,-2,2
71847,55,59,-4,4
71848,84,84,0,0
71849,34,39,-5,5
71850,86,77,9,9
71851,67,71,-4,4
71852,234,213,21,21
71853,175,171,4,4
71854,50,54,-4,4
71855,75,72,3,3
71856,61,64,-3,3
71857,103,100,3,3
71858,59,62,-3,3
71859,83,97,-14,14
71860,50,54,-4,4
71861,89,91,-2,2
71862,65,74,-9,9
71863,140,126,14,14
71864,158,153,5,5
71865,113,108,5,5
71866,118,120,-2,2
71867,172,154,18,18
71868,119,122,-3,3
71869,106,107,-1,1
71870,146,144,2,2
71871,72,74,-2,2
71872,84,84,0,0
71873,78,81,-3,3
71874,58,61,-3,3
71875,85,77,8,8
71876,137,128,9,9
71877,86,114,-28,28
71878,78,74,4,4
71879,88,92,-4,4
71880,108,105,3,3
71881,104,94,10,10
71882,77,90,-13,13
71883,101,102,-1,1
71884,109,107,2,2
71885,84,78,6,6
71886,70,68,2,2
71887,134,138,-4,4
71888,51,51,0,0
71889,128,127,1,1
71890,103,113,-10,10
71891,76,77,-1,1
71892,101,110,-9,9
71893,92,94,-2,2
71894,72,77,-5,5
71895,68,74,-6,6
71896,84,85,-1,1
71897,88,89,-1,1
71898,119,126,-7,7
71899,56,54,2,2
71900,31,34,-3,3
71901,91,97,-6,6
71902,163,158,5,5
71903,124,113,11,11
71904,71,67,4,4
71905,101,95,6,6
71906,112,143,-31,31
71907,103,103,0,0
71908,74,73,1,1
71909,57,66,-9,9
71910,137,133,4,4
71911,124,112,12,12
71912,77,92,-15,15
71913,83,80,3,3
71914,66,81,-15,15
71915,110,100,10,10
71916,65,70,-5,5
71917,98,104,-6,6
71918,87,84,3,3
71919,90,82,8,8
71920,140,138,2,2
71921,116,113,3,3
71922,128,116,12,12
71923,73,71,2,2
71924,155,179,-24,24
71925,96,101,-5,5
71926,115,115,0,0
71927,63,67,-4,4
71928,57,58,-1,1
71929,113,118,-5,5
71930,104,96,8,8
71931,53,61,-8,8
71932,62,69,-7,7
71933,53,62,-9,9
71934,71,69,2,2
71935,76,79,-3,3
71936,117,108,9,9
71937,57,64,-7,7
71938,79,72,7,7
71939,69,84,-15,15
71940,78,75,3,3
71941,40,67,-27,27
71942,58,75,-17,17
71943,105,95,10,10
71944,87,100,-13,13
71945,118,103,15,15
71946,101,113,-12,12
71947,32,29,3,3
71948,75,77,-2,2
71949,112,112,0,0
71950,112,101,11,11
71951,124,132,-8,8
71952,68,70,-2,2
71953,72,69,3,3
71954,52,57,-5,5
71955,84,80,4,4
71956,78,74,4,4
71957,106,90,16,16
71958,126,126,0,0
71959,103,105,-2,2
71960,110,97,13,13
71961,91,81,10,10
71962,149,137,12,12
71963,55,60,-5,5
71964,113,111,2,2
71965,72,72,0,0
71966,79,83,-4,4
71967,125,122,3,3
71968,126,116,10,10
71969,156,164,-8,8
71970,69,71,-2,2
71971,59,55,4,4
71972,92,111,-19,19
71973,65,68,-3,3
71974,94,98,-4,4
71975,76,85,-9,9
71976,145,140,5,5
71977,141,141,0,0
71978,71,76,-5,5
71979,91,87,4,4
71980,56,65,-9,9
71981,107,114,-7,7
71982,73,67,6,6
71983,120,132,-12,12
71984,109,77,32,32
71985,125,116,9,9
71986,80,79,1,1
71987,55,61,-6,6
71988,92,96,-4,4
71989,125,123,2,2
71990,74,75,-1,1
71991,65,75,-10,10
71992,85,88,-3,3
71993,41,50,-9,9
71994,73,82,-9,9
71995,133,108,25,25
71996,48,54,-6,6
71997,81,79,2,2
71998,109,119,-10,10
71999,98,98,0,0
72000,123,119,4,4
72001,103,110,-7,7
72002,79,79,0,0
72003,60,68,-8,8
72004,93,93,0,0
72005,162,132,30,30
72006,121,113,8,8
72007,113,119,-6,6
72008,64,68,-4,4
72009,61,69,-8,8
72010,110,107,3,3
72011,106,100,6,6
72012,111,104,7,7
72013,72,80,-8,8
72014,50,53,-3,3
72015,58,56,2,2
72016,112,120,-8,8
72017,86,100,-14,14
72018,77,74,3,3
72019,116,115,1,1
72020,77,80,-3,3
72021,156,141,15,15
72022,94,98,-4,4
72023,152,136,16,16
72024,153,150,3,3
72025,91,90,1,1
72026,114,109,5,5
72027,54,63,-9,9
72028,68,70,-2,2
72029,108,123,-15,15
72030,144,137,7,7
72031,122,113,9,9
72032,94,100,-6,6
72033,100,96,4,4
72034,63,69,-6,6
72035,109,103,6,6
72036,92,79,13,13
72037,104,98,6,6
72038,80,72,8,8
72039,83,83,0,0
72040,115,121,-6,6
72041,149,150,-1,1
72042,111,114,-3,3
72043,64,74,-10,10
72044,117,104,13,13
72045,68,71,-3,3
72046,98,94,4,4
72047,58,62,-4,4
72048,109,101,8,8
72049,84,79,5,5
72050,59,67,-8,8
72051,122,109,13,13
72052,67,73,-6,6
72053,74,69,5,5
72054,65,71,-6,6
72055,95,90,5,5
72056,90,94,-4,4
72057,71,73,-2,2
72058,46,47,-1,1
72059,37,62,-25,25
72060,128,123,5,5
72061,110,110,0,0
72062,98,108,-10,10
72063,55,58,-3,3
72064,118,110,8,8
72065,28,29,-1,1
72066,164,159,5,5
72067,97,100,-3,3
72068,149,132,17,17
72069,100,92,8,8
72070,102,112,-10,10
72071,99,100,-1,1
72072,170,148,22,22
72073,124,127,-3,3
72074,109,121,-12,12
72075,146,135,11,11
72076,170,170,0,0
72077,85,68,17,17
72078,106,102,4,4
72079,96,99,-3,3
72080,105,103,2,2
72081,116,103,13,13
72082,61,68,-7,7
72083,114,115,-1,1
72084,105,103,2,2
72085,163,173,-10,10
72086,50,59,-9,9
72087,141,123,18,18
72088,79,90,-11,11
72089,129,122,7,7
72090,82,82,0,0
72091,61,67,-6,6
72092,69,73,-4,4
72093,62,76,-14,14
72094,93,90,3,3
72095,92,99,-7,7
72096,91,102,-11,11
72097,45,52,-7,7
72098,167,159,8,8
72099,71,72,-1,1
72100,43,52,-9,9
72101,122,122,0,0
72102,73,67,6,6
72103,99,96,3,3
72104,82,80,2,2
72105,119,107,12,12
72106,135,119,16,16
72107,46,52,-6,6
72108,102,94,8,8
72109,66,66,0,0
72110,159,161,-2,2
72111,93,88,5,5
72112,93,83,10,10
72113,71,73,-2,2
72114,106,85,21,21
72115,99,93,6,6
72116,145,159,-14,14
72117,102,111,-9,9
72118,146,146,0,0
72119,129,128,1,1
72120,105,113,-8,8
72121,119,109,10,10
72122,49,58,-9,9
72123,114,106,8,8
72124,137,138,-1,1
72125,84,82,2,2
72126,63,66,-3,3
72127,120,112,8,8
72128,63,63,0,0
72129,153,137,16,16
72130,73,79,-6,6
72131,110,101,9,9
72132,178,170,8,8
72133,73,98,-25,25
72134,80,74,6,6
72135,98,99,-1,1
72136,122,124,-2,2
72137,122,120,2,2
72138,95,97,-2,2
72139,100,106,-6,6
72140,107,111,-4,4
72141,86,78,8,8
72142,62,63,-1,1
72143,77,76,1,1
72144,49,60,-11,11
72145,68,74,-6,6
72146,25,29,-4,4
72147,83,78,5,5
72148,54,51,3,3
72149,122,123,-1,1
72150,115,125,-10,10
72151,92,82,10,10
72152,120,129,-9,9
72153,161,154,7,7
72154,100,95,5,5
72155,127,127,0,0
72156,56,62,-6,6
72157,120,117,3,3
72158,319,290,29,29
72159,161,148,13,13
72160,120,109,11,11
72161,119,108,11,11
72162,119,103,16,16
72163,155,138,17,17
72164,90,92,-2,2
72165,43,58,-15,15
72166,67,65,2,2
72167,75,70,5,5
72168,86,83,3,3
72169,107,100,7,7
72170,109,108,1,1
72171,105,111,-6,6
72172,120,124,-4,4
72173,57,60,-3,3
72174,81,84,-3,3
72175,114,110,4,4
72176,101,101,0,0
72177,104,94,10,10
72178,105,95,10,10
72179,93,96,-3,3
72180,117,115,2,2
72181,93,88,5,5
72182,60,66,-6,6
72183,81,68,13,13
72184,96,97,-1,1
72185,99,103,-4,4
72186,88,79,9,9
72187,113,117,-4,4
72188,91,101,-10,10
72189,142,132,10,10
72190,95,95,0,0
72191,79,82,-3,3
72192,80,96,-16,16
72193,54,59,-5,5
72194,124,114,10,10
72195,86,93,-7,7
72196,154,130,24,24
72197,77,80,-3,3
72198,129,114,15,15
72199,196,176,20,20
72200,78,77,1,1
72201,63,70,-7,7
72202,176,164,12,12
72203,102,101,1,1
72204,102,104,-2,2
72205,92,92,0,0
72206,145,134,11,11
72207,64,67,-3,3
72208,100,94,6,6
72209,96,115,-19,19
72210,96,86,10,10
72211,51,57,-6,6
72212,61,72,-11,11
72213,129,124,5,5
72214,196,182,14,14
72215,61,66,-5,5
72216,86,86,0,0
72217,69,79,-10,10
72218,121,112,9,9
72219,87,93,-6,6
72220,105,98,7,7
72221,67,80,-13,13
72222,71,85,-14,14
72223,165,155,10,10
72224,132,124,8,8
72225,171,164,7,7
72226,81,76,5,5
72227,142,138,4,4
72228,75,77,-2,2
72229,102,93,9,9
72230,86,93,-7,7
72231,136,126,10,10
72232,63,65,-2,2
72233,122,123,-1,1
72234,89,95,-6,6
72235,97,107,-10,10
72236,67,71,-4,4
72237,105,101,4,4
72238,64,62,2,2
72239,85,99,-14,14
72240,99,107,-8,8
72241,80,68,12,12
72242,115,109,6,6
72243,65,68,-3,3
72244,104,94,10,10
72245,115,112,3,3
72246,147,141,6,6
72247,105,101,4,4
72248,141,138,3,3
72249,163,157,6,6
72250,129,119,10,10
72251,90,92,-2,2
72252,73,75,-2,2
72253,101,93,8,8
72254,103,106,-3,3
72255,53,64,-11,11
72256,67,72,-5,5
72257,78,83,-5,5
72258,75,72,3,3
72259,76,76,0,0
72260,105,104,1,1
72261,103,94,9,9
72262,108,112,-4,4
72263,154,135,19,19
72264,84,89,-5,5
72265,125,120,5,5
72266,71,72,-1,1
72267,84,91,-7,7
72268,81,81,0,0
72269,95,97,-2,2
72270,249,218,31,31
72271,101,102,-1,1
72272,69,74,-5,5
72273,109,116,-7,7
72274,76,78,-2,2
72275,92,97,-5,5
72276,56,66,-10,10
72277,85,98,-13,13
72278,51,59,-8,8
72279,117,105,12,12
72280,74,77,-3,3
72281,184,166,18,18
72282,82,85,-3,3
72283,93,101,-8,8
72284,87,80,7,7
72285,56,61,-5,5
72286,65,65,0,0
72287,95,91,4,4
72288,112,115,-3,3
72289,110,110,0,0
72290,137,133,4,4
72291,73,76,-3,3
72292,128,113,15,15
72293,99,86,13,13
72294,133,128,5,5
72295,109,109,0,0
72296,74,87,-13,13
72297,99,91,8,8
72298,23,31,-8,8
72299,87,97,-10,10
72300,175,167,8,8
72301,71,76,-5,5
72302,64,72,-8,8
72303,74,85,-11,11
72304,127,129,-2,2
72305,136,142,-6,6
72306,114,115,-1,1
72307,143,139,4,4
72308,115,114,1,1
72309,83,90,-7,7
72310,118,113,5,5
72311,64,70,-6,6
72312,94,98,-4,4
72313,69,63,6,6
72314,142,131,11,11
72315,75,73,2,2
72316,58,61,-3,3
72317,19,29,-10,10
72318,83,84,-1,1
72319,59,66,-7,7
72320,99,99,0,0
72321,69,74,-5,5
72322,95,90,5,5
72323,248,216,32,32
72324,129,123,6,6
72325,45,57,-12,12
72326,129,128,1,1
72327,99,92,7,7
72328,98,96,2,2
72329,115,117,-2,2
72330,136,140,-4,4
72331,111,106,5,5
72332,98,103,-5,5
72333,85,96,-11,11
72334,141,133,8,8
72335,94,101,-7,7
72336,94,95,-1,1
72337,112,120,-8,8
72338,107,112,-5,5
72339,127,125,2,2
72340,113,103,10,10
72341,131,120,11,11
72342,69,76,-7,7
72343,51,58,-7,7
72344,148,135,13,13
72345,79,71,8,8
72346,108,110,-2,2
72347,105,112,-7,7
72348,82,100,-18,18
72349,152,164,-12,12
72350,77,83,-6,6
72351,96,104,-8,8
72352,118,135,-17,17
72353,176,172,4,4
72354,161,168,-7,7
72355,74,72,2,2
72356,89,98,-9,9
72357,126,132,-6,6
72358,105,104,1,1
72359,102,101,1,1
72360,74,80,-6,6
72361,122,118,4,4
72362,80,83,-3,3
72363,75,75,0,0
72364,148,146,2,2
72365,129,125,4,4
72366,68,69,-1,1
72367,74,86,-12,12
72368,96,88,8,8
72369,88,84,4,4
72370,53,69,-16,16
72371,79,77,2,2
72372,78,76,2,2
72373,69,73,-4,4
72374,134,123,11,11
72375,77,75,2,2
72376,144,128,16,16
72377,102,105,-3,3
72378,112,126,-14,14
72379,122,116,6,6
72380,87,84,3,3
72381,111,113,-2,2
72382,102,100,2,2
72383,73,75,-2,2
72384,86,84,2,2
72385,74,74,0,0
72386,132,122,10,10
72387,128,129,-1,1
72388,130,126,4,4
72389,62,64,-2,2
72390,44,55,-11,11
72391,78,80,-2,2
72392,95,94,1,1
72393,95,84,11,11
72394,116,116,0,0
72395,80,78,2,2
72396,57,65,-8,8
72397,84,98,-14,14
72398,122,113,9,9
72399,115,115,0,0
72400,185,162,23,23
72401,144,126,18,18
72402,54,62,-8,8
72403,125,122,3,3
72404,107,115,-8,8
72405,140,146,-6,6
72406,59,63,-4,4
72407,64,70,-6,6
72408,83,85,-2,2
72409,56,61,-5,5
72410,79,73,6,6
72411,58,60,-2,2
72412,92,97,-5,5
72413,138,134,4,4
72414,110,106,4,4
72415,197,179,18,18
72416,102,100,2,2
72417,75,74,1,1
72418,127,119,8,8
72419,95,102,-7,7
72420,64,62,2,2
72421,68,75,-7,7
72422,174,166,8,8
72423,61,66,-5,5
72424,74,70,4,4
72425,106,107,-1,1
72426,60,67,-7,7
72427,73,86,-13,13
72428,92,88,4,4
72429,189,160,29,29
72430,99,95,4,4
72431,147,136,11,11
72432,120,115,5,5
72433,75,78,-3,3
72434,57,62,-5,5
72435,56,58,-2,2
72436,73,74,-1,1
72437,67,68,-1,1
72438,176,163,13,13
72439,131,128,3,3
72440,101,100,1,1
72441,77,75,2,2
72442,90,113,-23,23
72443,106,113,-7,7
72444,120,116,4,4
72445,82,79,3,3
72446,117,114,3,3
72447,57,77,-20,20
72448,57,71,-14,14
72449,104,101,3,3
72450,85,82,3,3
72451,112,114,-2,2
72452,89,93,-4,4
72453,88,103,-15,15
72454,87,79,8,8
72455,103,123,-20,20
72456,151,138,13,13
72457,92,97,-5,5
72458,98,91,7,7
72459,63,77,-14,14
72460,88,91,-3,3
72461,85,81,4,4
72462,29,29,0,0
72463,88,99,-11,11
72464,105,111,-6,6
72465,108,103,5,5
72466,69,66,3,3
72467,100,99,1,1
72468,67,75,-8,8
72469,78,70,8,8
72470,97,100,-3,3
72471,84,75,9,9
72472,57,68,-11,11
72473,124,115,9,9
72474,117,114,3,3
72475,101,98,3,3
72476,104,107,-3,3
72477,97,107,-10,10
72478,69,70,-1,1
72479,105,104,1,1
72480,78,84,-6,6
72481,75,72,3,3
72482,67,62,5,5
72483,182,161,21,21
72484,49,59,-10,10
72485,89,89,0,0
72486,72,75,-3,3
72487,97,100,-3,3
72488,72,71,1,1
72489,66,65,1,1
72490,118,124,-6,6
72491,49,61,-12,12
72492,87,81,6,6
72493,157,139,18,18
72494,63,68,-5,5
72495,69,78,-9,9
72496,163,164,-1,1
72497,221,218,3,3
72498,60,69,-9,9
72499,97,101,-4,4
72500,64,57,7,7
72501,87,102,-15,15
72502,101,103,-2,2
72503,96,95,1,1
72504,111,121,-10,10
72505,67,71,-4,4
72506,112,112,0,0
72507,92,86,6,6
72508,90,102,-12,12
72509,127,134,-7,7
72510,62,69,-7,7
72511,82,86,-4,4
72512,131,115,16,16
72513,66,66,0,0
72514,122,131,-9,9
72515,80,94,-14,14
72516,83,87,-4,4
72517,71,77,-6,6
72518,76,73,3,3
72519,130,134,-4,4
72520,72,65,7,7
72521,51,56,-5,5
72522,114,118,-4,4
72523,62,71,-9,9
72524,46,51,-5,5
72525,58,69,-11,11
72526,84,91,-7,7
72527,69,70,-1,1
72528,59,116,-57,57
72529,65,70,-5,5
72530,175,173,2,2
72531,135,132,3,3
72532,106,104,2,2
72533,72,80,-8,8
72534,124,121,3,3
72535,126,123,3,3
72536,120,119,1,1
72537,92,92,0,0
72538,68,69,-1,1
72539,109,103,6,6
72540,74,85,-11,11
72541,61,69,-8,8
72542,96,96,0,0
72543,115,125,-10,10
72544,88,96,-8,8
72545,112,109,3,3
72546,182,165,17,17
72547,156,145,11,11
72548,156,148,8,8
72549,103,91,12,12
72550,89,84,5,5
72551,114,104,10,10
72552,106,96,10,10
72553,85,76,9,9
72554,107,99,8,8
72555,75,74,1,1
72556,84,87,-3,3
72557,120,115,5,5
72558,95,85,10,10
72559,48,52,-4,4
72560,65,64,1,1
72561,59,69,-10,10
72562,85,82,3,3
72563,125,119,6,6
72564,89,84,5,5
72565,92,87,5,5
72566,131,134,-3,3
72567,83,81,2,2
72568,81,77,4,4
72569,82,77,5,5
72570,66,69,-3,3
72571,126,128,-2,2
72572,167,154,13,13
72573,103,106,-3,3
72574,119,113,6,6
72575,133,133,0,0
72576,138,139,-1,1
72577,136,130,6,6
72578,57,63,-6,6
72579,111,106,5,5
72580,75,79,-4,4
72581,64,66,-2,2
72582,111,113,-2,2
72583,126,125,1,1
72584,147,137,10,10
72585,188,163,25,25
72586,123,70,53,53
72587,87,99,-12,12
72588,77,77,0,0
72589,82,78,4,4
72590,83,83,0,0
72591,69,77,-8,8
72592,136,138,-2,2
72593,53,64,-11,11
72594,81,81,0,0
72595,124,126,-2,2
72596,111,108,3,3
72597,120,122,-2,2
72598,66,74,-8,8
72599,68,71,-3,3
72600,147,151,-4,4
72601,193,173,20,20
72602,62,66,-4,4
72603,113,117,-4,4
72604,83,82,1,1
72605,114,116,-2,2
72606,138,136,2,2
72607,63,73,-10,10
72608,153,138,15,15
72609,75,80,-5,5
72610,104,92,12,12
72611,138,150,-12,12
72612,86,77,9,9
72613,85,85,0,0
72614,132,131,1,1
72615,86,83,3,3
72616,60,69,-9,9
72617,119,114,5,5
72618,233,208,25,25
72619,125,131,-6,6
72620,128,126,2,2
72621,135,134,1,1
72622,92,86,6,6
72623,134,127,7,7
72624,108,103,5,5
72625,154,140,14,14
72626,149,147,2,2
72627,112,104,8,8
72628,117,114,3,3
72629,158,153,5,5
72630,83,79,4,4
72631,92,94,-2,2
72632,80,78,2,2
72633,86,89,-3,3
72634,23,29,-6,6
72635,90,90,0,0
72636,129,129,0,0
72637,122,120,2,2
72638,49,62,-13,13
72639,58,68,-10,10
72640,115,110,5,5
72641,92,91,1,1
72642,146,164,-18,18
72643,69,85,-16,16
72644,107,116,-9,9
72645,152,141,11,11
72646,106,94,12,12
72647,78,79,-1,1
72648,122,108,14,14
72649,97,105,-8,8
72650,62,69,-7,7
72651,125,124,1,1
72652,172,159,13,13
72653,73,76,-3,3
72654,88,87,1,1
72655,69,71,-2,2
72656,72,68,4,4
72657,87,90,-3,3
72658,53,59,-6,6
72659,65,69,-4,4
72660,117,113,4,4
72661,105,109,-4,4
72662,168,159,9,9
72663,83,95,-12,12
72664,65,71,-6,6
72665,108,104,4,4
72666,45,55,-10,10
72667,123,112,11,11
72668,62,70,-8,8
72669,69,72,-3,3
72670,65,70,-5,5
72671,88,100,-12,12
72672,70,72,-2,2
72673,115,112,3,3
72674,68,69,-1,1
72675,109,110,-1,1
72676,117,118,-1,1
72677,68,71,-3,3
72678,93,90,3,3
72679,76,73,3,3
72680,147,139,8,8
72681,124,117,7,7
72682,146,146,0,0
72683,104,114,-10,10
72684,85,88,-3,3
72685,107,97,10,10
72686,131,116,15,15
72687,71,70,1,1
72688,78,72,6,6
72689,69,74,-5,5
72690,124,132,-8,8
72691,101,91,10,10
72692,64,63,1,1
72693,69,71,-2,2
72694,60,72,-12,12
72695,97,93,4,4
72696,78,76,2,2
72697,106,127,-21,21
72698,102,96,6,6
72699,102,102,0,0
72700,135,131,4,4
72701,84,96,-12,12
72702,132,123,9,9
72703,81,73,8,8
72704,55,57,-2,2
72705,80,77,3,3
72706,89,103,-14,14
72707,218,182,36,36
72708,68,66,2,2
72709,136,114,22,22
72710,78,76,2,2
72711,66,72,-6,6
72712,115,114,1,1
72713,102,95,7,7
72714,64,71,-7,7
72715,32,29,3,3
72716,61,63,-2,2
72717,98,101,-3,3
72718,87,72,15,15
72719,75,67,8,8
72720,131,120,11,11
72721,82,92,-10,10
72722,102,98,4,4
72723,68,67,1,1
72724,129,126,3,3
72725,147,142,5,5
72726,54,60,-6,6
72727,95,97,-2,2
72728,181,175,6,6
72729,102,105,-3,3
72730,49,61,-12,12
72731,100,92,8,8
72732,72,76,-4,4
72733,137,144,-7,7
72734,57,60,-3,3
72735,85,80,5,5
72736,69,72,-3,3
72737,44,35,9,9
72738,102,102,0,0
72739,140,144,-4,4
72740,59,65,-6,6
72741,59,72,-13,13
72742,67,67,0,0
72743,96,99,-3,3
72744,54,47,7,7
72745,81,76,5,5
72746,154,150,4,4
72747,134,143,-9,9
72748,100,83,17,17
72749,104,97,7,7
72750,92,105,-13,13
72751,63,66,-3,3
72752,115,100,15,15
72753,55,61,-6,6
72754,163,155,8,8
72755,122,125,-3,3
72756,106,104,2,2
72757,90,97,-7,7
72758,97,93,4,4
72759,69,72,-3,3
72760,86,86,0,0
72761,87,88,-1,1
72762,134,121,13,13
72763,83,89,-6,6
72764,96,100,-4,4
72765,75,71,4,4
72766,91,79,12,12
72767,74,70,4,4
72768,105,105,0,0
72769,109,104,5,5
72770,50,72,-22,22
72771,83,70,13,13
72772,101,99,2,2
72773,98,102,-4,4
72774,78,79,-1,1
72775,115,104,11,11
72776,151,139,12,12
72777,50,49,1,1
72778,111,115,-4,4
72779,75,84,-9,9
72780,191,183,8,8
72781,82,77,5,5
72782,133,122,11,11
72783,131,129,2,2
72784,69,69,0,0
72785,112,106,6,6
72786,52,62,-10,10
72787,109,120,-11,11
72788,82,84,-2,2
72789,106,114,-8,8
72790,36,38,-2,2
72791,84,84,0,0
72792,103,99,4,4
72793,56,63,-7,7
72794,78,77,1,1
72795,69,71,-2,2
72796,67,70,-3,3
72797,83,91,-8,8
72798,103,107,-4,4
72799,84,82,2,2
72800,68,75,-7,7
72801,78,77,1,1
72802,118,112,6,6
72803,112,112,0,0
72804,108,109,-1,1
72805,113,111,2,2
72806,116,103,13,13
72807,67,68,-1,1
72808,110,112,-2,2
72809,100,95,5,5
72810,111,102,9,9
72811,82,87,-5,5
72812,157,153,4,4
72813,75,77,-2,2
72814,102,102,0,0
72815,90,92,-2,2
72816,60,66,-6,6
72817,88,88,0,0
72818,96,99,-3,3
72819,117,141,-24,24
72820,76,82,-6,6
72821,166,153,13,13
72822,187,165,22,22
72823,73,67,6,6
72824,91,98,-7,7
72825,125,125,0,0
72826,60,69,-9,9
72827,91,87,4,4
72828,99,115,-16,16
72829,80,73,7,7
72830,125,122,3,3
72831,111,114,-3,3
72832,54,63,-9,9
72833,192,178,14,14
72834,159,147,12,12
72835,71,71,0,0
72836,80,85,-5,5
72837,58,63,-5,5
72838,78,73,5,5
72839,146,130,16,16
72840,73,72,1,1
72841,178,156,22,22
72842,94,97,-3,3
72843,131,124,7,7
72844,70,64,6,6
72845,126,126,0,0
72846,84,81,3,3
72847,80,84,-4,4
72848,214,193,21,21
72849,111,111,0,0
72850,134,136,-2,2
72851,89,93,-4,4
72852,124,135,-11,11
72853,112,108,4,4
72854,94,103,-9,9
72855,110,106,4,4
72856,143,142,1,1
72857,70,74,-4,4
72858,112,114,-2,2
72859,88,84,4,4
72860,89,80,9,9
72861,78,74,4,4
72862,121,113,8,8
72863,69,71,-2,2
72864,82,82,0,0
72865,137,166,-29,29
72866,116,116,0,0
72867,169,157,12,12
72868,108,97,11,11
72869,62,63,-1,1
72870,66,82,-16,16
72871,126,118,8,8
72872,77,73,4,4
72873,170,163,7,7
72874,48,59,-11,11
72875,123,113,10,10
72876,135,128,7,7
72877,128,126,2,2
72878,108,107,1,1
72879,102,97,5,5
72880,89,92,-3,3
72881,68,73,-5,5
72882,83,76,7,7
72883,174,174,0,0
72884,130,107,23,23
72885,176,161,15,15
72886,87,99,-12,12
72887,69,67,2,2
72888,69,73,-4,4
72889,100,84,16,16
72890,164,155,9,9
72891,94,101,-7,7
72892,82,79,3,3
72893,191,189,2,2
72894,99,101,-2,2
72895,78,80,-2,2
72896,68,71,-3,3
72897,121,105,16,16
72898,128,118,10,10
72899,149,146,3,3
72900,164,154,10,10
72901,74,77,-3,3
72902,67,64,3,3
72903,59,68,-9,9
72904,100,118,-18,18
72905,62,74,-12,12
72906,100,101,-1,1
72907,79,82,-3,3
72908,137,153,-16,16
72909,74,75,-1,1
72910,94,95,-1,1
72911,119,103,16,16
72912,103,93,10,10
72913,95,93,2,2
72914,60,57,3,3
72915,111,107,4,4
72916,34,33,1,1
72917,78,87,-9,9
72918,97,97,0,0
72919,111,112,-1,1
72920,85,93,-8,8
72921,149,139,10,10
72922,90,84,6,6
72923,49,55,-6,6
72924,138,129,9,9
72925,69,68,1,1
72926,79,72,7,7
72927,70,69,1,1
72928,82,83,-1,1
72929,79,80,-1,1
72930,85,98,-13,13
72931,89,82,7,7
72932,67,70,-3,3
72933,106,117,-11,11
72934,70,77,-7,7
72935,74,82,-8,8
72936,55,66,-11,11
72937,164,161,3,3
72938,77,76,1,1
72939,57,62,-5,5
72940,97,108,-11,11
72941,136,144,-8,8
72942,83,82,1,1
72943,66,69,-3,3
72944,92,94,-2,2
72945,92,95,-3,3
72946,71,69,2,2
72947,67,77,-10,10
72948,150,138,12,12
72949,69,75,-6,6
72950,132,123,9,9
72951,194,182,12,12
72952,137,140,-3,3
72953,68,73,-5,5
72954,90,96,-6,6
72955,113,112,1,1
72956,61,61,0,0
72957,160,147,13,13
72958,149,147,2,2
72959,48,58,-10,10
72960,128,126,2,2
72961,102,102,0,0
72962,95,99,-4,4
72963,68,66,2,2
72964,164,157,7,7
72965,92,102,-10,10
72966,100,92,8,8
72967,68,76,-8,8
72968,81,82,-1,1
72969,87,81,6,6
72970,121,112,9,9
72971,95,101,-6,6
72972,99,83,16,16
72973,59,70,-11,11
72974,140,127,13,13
72975,109,90,19,19
72976,147,134,13,13
72977,84,84,0,0
72978,111,108,3,3
72979,85,92,-7,7
72980,63,72,-9,9
72981,64,64,0,0
72982,75,73,2,2
72983,136,119,17,17
72984,140,145,-5,5
72985,45,55,-10,10
72986,159,158,1,1
72987,110,99,11,11
72988,54,68,-14,14
72989,129,129,0,0
72990,170,183,-13,13
72991,111,108,3,3
72992,72,71,1,1
72993,129,127,2,2
72994,67,71,-4,4
72995,159,172,-13,13
72996,60,70,-10,10
72997,91,92,-1,1
72998,126,116,10,10
72999,240,201,39,39
73000,113,112,1,1
73001,85,79,6,6
73002,54,66,-12,12
73003,68,70,-2,2
73004,89,84,5,5
73005,142,130,12,12
73006,146,132,14,14
73007,87,84,3,3
73008,122,125,-3,3
73009,81,62,19,19
73010,77,77,0,0
73011,113,102,11,11
73012,182,185,-3,3
73013,111,107,4,4
73014,97,89,8,8
73015,90,86,4,4
73016,149,141,8,8
73017,62,76,-14,14
73018,121,118,3,3
73019,90,86,4,4
73020,64,63,1,1
73021,158,153,5,5
73022,89,89,0,0
73023,93,89,4,4
73024,82,75,7,7
73025,80,83,-3,3
73026,231,232,-1,1
73027,52,62,-10,10
73028,185,165,20,20
73029,125,130,-5,5
73030,116,107,9,9
73031,70,73,-3,3
73032,92,86,6,6
73033,135,136,-1,1
73034,83,90,-7,7
73035,78,80,-2,2
73036,89,89,0,0
73037,98,96,2,2
73038,74,80,-6,6
73039,117,118,-1,1
73040,65,205,-140,140
73041,80,79,1,1
73042,82,79,3,3
73043,144,149,-5,5
73044,64,66,-2,2
73045,144,137,7,7
73046,46,50,-4,4
73047,29,31,-2,2
73048,81,80,1,1
73049,115,112,3,3
73050,99,94,5,5
73051,80,75,5,5
73052,111,109,2,2
73053,113,112,1,1
73054,119,103,16,16
73055,49,45,4,4
73056,128,123,5,5
73057,168,158,10,10
73058,52,57,-5,5
73059,115,114,1,1
73060,230,204,26,26
73061,113,130,-17,17
73062,66,65,1,1
73063,102,101,1,1
73064,52,58,-6,6
73065,94,94,0,0
73066,69,74,-5,5
73067,146,157,-11,11
73068,130,125,5,5
73069,82,73,9,9
73070,51,57,-6,6
73071,114,110,4,4
73072,58,70,-12,12
73073,70,77,-7,7
73074,74,74,0,0
73075,75,71,4,4
73076,54,57,-3,3
73077,134,135,-1,1
73078,46,50,-4,4
73079,79,75,4,4
73080,66,75,-9,9
73081,114,116,-2,2
73082,76,84,-8,8
73083,149,144,5,5
73084,126,118,8,8
73085,91,100,-9,9
73086,56,55,1,1
73087,131,128,3,3
73088,119,129,-10,10
73089,119,117,2,2
73090,124,120,4,4
73091,142,139,3,3
73092,215,190,25,25
73093,59,65,-6,6
73094,60,63,-3,3
73095,76,80,-4,4
73096,54,54,0,0
73097,78,89,-11,11
73098,133,142,-9,9
73099,56,59,-3,3
73100,79,81,-2,2
73101,74,71,3,3
73102,55,68,-13,13
73103,62,61,1,1
73104,47,50,-3,3
73105,112,115,-3,3
73106,112,106,6,6
73107,122,115,7,7
73108,104,103,1,1
73109,81,101,-20,20
73110,76,84,-8,8
73111,61,63,-2,2
73112,230,183,47,47
73113,87,84,3,3
73114,94,88,6,6
73115,83,79,4,4
73116,154,132,22,22
73117,140,129,11,11
73118,81,84,-3,3
73119,78,74,4,4
73120,112,104,8,8
73121,133,120,13,13
73122,72,76,-4,4
73123,150,127,23,23
73124,133,127,6,6
73125,74,69,5,5
73126,122,119,3,3
73127,90,90,0,0
73128,69,67,2,2
73129,75,80,-5,5
73130,50,52,-2,2
73131,135,128,7,7
73132,126,120,6,6
73133,68,85,-17,17
73134,88,85,3,3
73135,78,85,-7,7
73136,55,64,-9,9
73137,94,101,-7,7
73138,57,71,-14,14
73139,70,74,-4,4
73140,150,141,9,9
73141,67,73,-6,6
73142,78,83,-5,5
73143,82,88,-6,6
73144,123,126,-3,3
73145,75,71,4,4
73146,151,152,-1,1
73147,79,75,4,4
73148,116,109,7,7
73149,89,83,6,6
73150,143,134,9,9
73151,94,97,-3,3
73152,94,100,-6,6
73153,81,84,-3,3
73154,77,85,-8,8
73155,85,87,-2,2
73156,104,112,-8,8
73157,58,66,-8,8
73158,76,83,-7,7
73159,72,73,-1,1
73160,90,86,4,4
73161,126,133,-7,7
73162,81,81,0,0
73163,113,111,2,2
73164,72,77,-5,5
73165,111,115,-4,4
73166,94,87,7,7
73167,77,74,3,3
73168,76,71,5,5
73169,91,83,8,8
73170,84,87,-3,3
73171,50,66,-16,16
73172,111,113,-2,2
73173,160,153,7,7
73174,90,82,8,8
73175,165,173,-8,8
73176,153,138,15,15
73177,38,47,-9,9
73178,76,92,-16,16
73179,73,75,-2,2
73180,99,103,-4,4
73181,64,66,-2,2
73182,148,140,8,8
73183,146,142,4,4
73184,86,85,1,1
73185,70,76,-6,6
73186,74,70,4,4
73187,102,100,2,2
73188,76,69,7,7
73189,115,101,14,14
73190,111,109,2,2
73191,67,69,-2,2
73192,120,129,-9,9
73193,72,75,-3,3
73194,93,91,2,2
73195,256,242,14,14
73196,157,152,5,5
73197,70,71,-1,1
73198,95,106,-11,11
73199,99,102,-3,3
73200,94,91,3,3
73201,81,76,5,5
73202,102,97,5,5
73203,107,109,-2,2
73204,137,125,12,12
73205,91,94,-3,3
73206,90,99,-9,9
73207,68,70,-2,2
73208,59,65,-6,6
73209,86,86,0,0
73210,118,128,-10,10
73211,197,188,9,9
73212,55,64,-9,9
73213,82,80,2,2
73214,96,101,-5,5
73215,88,98,-10,10
73216,72,84,-12,12
73217,56,65,-9,9
73218,110,109,1,1
73219,75,72,3,3
73220,107,116,-9,9
73221,100,107,-7,7
73222,137,125,12,12
73223,76,79,-3,3
73224,174,170,4,4
73225,101,107,-6,6
73226,85,84,1,1
73227,53,64,-11,11
73228,108,95,13,13
73229,82,79,3,3
73230,84,91,-7,7
73231,92,94,-2,2
73232,125,136,-11,11
73233,93,103,-10,10
73234,54,64,-10,10
73235,113,104,9,9
73236,196,194,2,2
73237,71,69,2,2
73238,75,75,0,0
73239,46,56,-10,10
73240,107,110,-3,3
73241,82,90,-8,8
73242,88,102,-14,14
73243,57,59,-2,2
73244,153,144,9,9
73245,131,135,-4,4
73246,111,125,-14,14
73247,136,137,-1,1
73248,58,66,-8,8
73249,85,84,1,1
73250,98,91,7,7
73251,80,80,0,0
73252,82,91,-9,9
73253,74,71,3,3
73254,135,121,14,14
73255,88,90,-2,2
73256,27,43,-16,16
73257,60,67,-7,7
73258,82,80,2,2
73259,176,173,3,3
73260,163,143,20,20
73261,130,134,-4,4
73262,120,116,4,4
73263,143,125,18,18
73264,138,141,-3,3
73265,88,84,4,4
73266,125,124,1,1
73267,81,78,3,3
73268,56,60,-4,4
73269,70,72,-2,2
73270,59,67,-8,8
73271,117,131,-14,14
73272,35,39,-4,4
73273,115,110,5,5
73274,59,67,-8,8
73275,88,82,6,6
73276,124,129,-5,5
73277,110,96,14,14
73278,118,112,6,6
73279,103,94,9,9
73280,121,122,-1,1
73281,78,77,1,1
73282,69,73,-4,4
73283,129,124,5,5
73284,75,70,5,5
73285,54,60,-6,6
73286,185,169,16,16
73287,105,101,4,4
73288,65,64,1,1
73289,145,128,17,17
73290,134,122,12,12
73291,102,99,3,3
73292,75,77,-2,2
73293,106,101,5,5
73294,122,120,2,2
73295,42,54,-12,12
73296,144,150,-6,6
73297,104,100,4,4
73298,117,111,6,6
73299,69,73,-4,4
73300,63,73,-10,10
73301,184,152,32,32
73302,96,96,0,0
73303,86,77,9,9
73304,98,99,-1,1
73305,78,78,0,0
73306,91,90,1,1
73307,53,57,-4,4
73308,79,79,0,0
73309,141,132,9,9
73310,82,80,2,2
73311,49,57,-8,8
73312,109,100,9,9
73313,61,67,-6,6
73314,90,95,-5,5
73315,61,60,1,1
73316,94,107,-13,13
73317,134,138,-4,4
73318,65,72,-7,7
73319,136,130,6,6
73320,164,157,7,7
73321,98,104,-6,6
73322,83,84,-1,1
73323,40,50,-10,10
73324,67,79,-12,12
73325,90,86,4,4
73326,62,60,2,2
73327,60,60,0,0
73328,115,107,8,8
73329,135,134,1,1
73330,75,75,0,0
73331,35,65,-30,30
73332,94,106,-12,12
73333,113,107,6,6
73334,133,126,7,7
73335,103,74,29,29
73336,108,101,7,7
73337,65,69,-4,4
73338,67,61,6,6
73339,121,115,6,6
73340,89,100,-11,11
73341,69,72,-3,3
73342,128,126,2,2
73343,99,92,7,7
73344,100,100,0,0
73345,88,75,13,13
73346,160,151,9,9
73347,94,90,4,4
73348,111,111,0,0
73349,83,75,8,8
73350,51,64,-13,13
73351,126,120,6,6
73352,150,134,16,16
73353,57,61,-4,4
73354,63,70,-7,7
73355,112,113,-1,1
73356,196,185,11,11
73357,71,73,-2,2
73358,152,148,4,4
73359,87,87,0,0
73360,59,61,-2,2
73361,144,139,5,5
73362,122,113,9,9
73363,61,71,-10,10
73364,99,108,-9,9
73365,74,67,7,7
73366,68,72,-4,4
73367,92,98,-6,6
73368,147,150,-3,3
73369,114,111,3,3
73370,64,67,-3,3
73371,92,79,13,13
73372,85,81,4,4
73373,100,94,6,6
73374,142,132,10,10
73375,34,29,5,5
73376,107,96,11,11
73377,110,106,4,4
73378,154,146,8,8
73379,69,71,-2,2
73380,91,100,-9,9
73381,124,114,10,10
73382,71,67,4,4
73383,61,61,0,0
73384,110,105,5,5
73385,86,97,-11,11
73386,143,130,13,13
73387,65,67,-2,2
73388,82,77,5,5
73389,90,96,-6,6
73390,156,157,-1,1
73391,177,172,5,5
73392,108,108,0,0
73393,100,110,-10,10
73394,60,70,-10,10
73395,81,95,-14,14
73396,99,103,-4,4
73397,63,85,-22,22
73398,87,103,-16,16
73399,53,55,-2,2
73400,47,54,-7,7
73401,65,74,-9,9
73402,79,75,4,4
73403,65,70,-5,5
73404,99,102,-3,3
73405,61,66,-5,5
73406,101,110,-9,9
73407,75,71,4,4
73408,99,106,-7,7
73409,84,83,1,1
73410,130,123,7,7
73411,147,131,16,16
73412,103,103,0,0
73413,48,53,-5,5
73414,88,85,3,3
73415,115,107,8,8
73416,81,84,-3,3
73417,69,78,-9,9
73418,144,146,-2,2
73419,103,95,8,8
73420,84,80,4,4
73421,175,184,-9,9
73422,133,117,16,16
73423,88,87,1,1
73424,112,111,1,1
73425,98,102,-4,4
73426,79,76,3,3
73427,65,68,-3,3
73428,75,84,-9,9
73429,101,106,-5,5
73430,44,53,-9,9
73431,89,89,0,0
73432,107,106,1,1
73433,85,84,1,1
73434,42,54,-12,12
73435,86,89,-3,3
73436,92,87,5,5
73437,70,75,-5,5
73438,79,79,0,0
73439,39,58,-19,19
73440,90,87,3,3
73441,126,118,8,8
73442,116,111,5,5
73443,69,74,-5,5
73444,51,61,-10,10
73445,107,102,5,5
73446,88,86,2,2
73447,104,97,7,7
73448,81,73,8,8
73449,78,78,0,0
73450,87,88,-1,1
73451,63,75,-12,12
73452,92,96,-4,4
73453,125,127,-2,2
73454,113,110,3,3
73455,50,55,-5,5
73456,71,71,0,0
73457,78,79,-1,1
73458,65,68,-3,3
73459,145,134,11,11
73460,64,65,-1,1
73461,83,81,2,2
73462,162,145,17,17
73463,84,85,-1,1
73464,149,148,1,1
73465,68,73,-5,5
73466,84,87,-3,3
73467,74,69,5,5
73468,106,105,1,1
73469,87,91,-4,4
73470,102,116,-14,14
73471,142,128,14,14
73472,159,152,7,7
73473,49,56,-7,7
73474,133,139,-6,6
73475,89,85,4,4
73476,47,57,-10,10
73477,111,115,-4,4
73478,79,76,3,3
73479,108,119,-11,11
73480,58,64,-6,6
73481,111,118,-7,7
73482,46,53,-7,7
73483,69,71,-2,2
73484,144,147,-3,3
73485,122,117,5,5
73486,114,111,3,3
73487,60,61,-1,1
73488,75,79,-4,4
73489,79,79,0,0
73490,97,99,-2,2
73491,177,175,2,2
73492,111,105,6,6
73493,35,43,-8,8
73494,133,119,14,14
73495,58,58,0,0
73496,114,102,12,12
73497,80,84,-4,4
73498,133,113,20,20
73499,116,118,-2,2
73500,88,76,12,12
73501,126,114,12,12
73502,135,128,7,7
73503,85,87,-2,2
73504,154,152,2,2
73505,118,113,5,5
73506,92,90,2,2
73507,146,151,-5,5
73508,63,69,-6,6
73509,77,80,-3,3
73510,113,107,6,6
73511,110,119,-9,9
73512,63,69,-6,6
73513,78,71,7,7
73514,130,121,9,9
73515,64,65,-1,1
73516,81,85,-4,4
73517,75,68,7,7
73518,41,55,-14,14
73519,139,131,8,8
73520,60,65,-5,5
73521,81,82,-1,1
73522,108,105,3,3
73523,102,97,5,5
73524,63,64,-1,1
73525,111,105,6,6
73526,42,51,-9,9
73527,93,96,-3,3
73528,106,113,-7,7
73529,92,83,9,9
73530,87,84,3,3
73531,100,102,-2,2
73532,73,75,-2,2
73533,65,65,0,0
73534,84,93,-9,9
73535,158,154,4,4
73536,73,73,0,0
73537,116,127,-11,11
73538,79,87,-8,8
73539,114,108,6,6
73540,108,108,0,0
73541,89,85,4,4
73542,65,75,-10,10
73543,123,117,6,6
73544,70,74,-4,4
73545,58,64,-6,6
73546,61,70,-9,9
73547,118,131,-13,13
73548,91,99,-8,8
73549,82,90,-8,8
73550,42,57,-15,15
73551,43,52,-9,9
73552,144,133,11,11
73553,60,73,-13,13
73554,29,47,-18,18
73555,111,96,15,15
73556,69,71,-2,2
73557,192,171,21,21
73558,88,106,-18,18
73559,64,68,-4,4
73560,131,133,-2,2
73561,107,113,-6,6
73562,95,106,-11,11
73563,70,74,-4,4
73564,51,55,-4,4
73565,195,180,15,15
73566,77,78,-1,1
73567,117,121,-4,4
73568,87,79,8,8
73569,46,51,-5,5
73570,71,71,0,0
73571,65,66,-1,1
73572,171,181,-10,10
73573,106,106,0,0
73574,82,82,0,0
73575,130,120,10,10
73576,58,68,-10,10
73577,105,111,-6,6
73578,121,123,-2,2
73579,148,156,-8,8
73580,87,85,2,2
73581,98,103,-5,5
73582,74,84,-10,10
73583,138,135,3,3
73584,95,100,-5,5
73585,104,102,2,2
73586,64,64,0,0
73587,74,77,-3,3
73588,126,105,21,21
73589,93,102,-9,9
73590,80,80,0,0
73591,62,67,-5,5
73592,56,65,-9,9
73593,91,96,-5,5
73594,202,183,19,19
73595,97,101,-4,4
73596,109,118,-9,9
73597,62,52,10,10
73598,156,153,3,3
73599,62,63,-1,1
73600,156,151,5,5
73601,60,66,-6,6
73602,67,66,1,1
73603,109,114,-5,5
73604,129,122,7,7
73605,126,117,9,9
73606,141,131,10,10
73607,117,104,13,13
73608,167,158,9,9
73609,123,129,-6,6
73610,127,117,10,10
73611,70,71,-1,1
73612,67,70,-3,3
73613,93,94,-1,1
73614,79,77,2,2
73615,80,81,-1,1
73616,81,87,-6,6
73617,77,76,1,1
73618,57,63,-6,6
73619,125,131,-6,6
73620,137,125,12,12
73621,98,103,-5,5
73622,76,74,2,2
73623,99,90,9,9
73624,88,87,1,1
73625,71,71,0,0
73626,85,82,3,3
73627,93,98,-5,5
73628,112,103,9,9
73629,63,69,-6,6
73630,79,91,-12,12
73631,90,93,-3,3
73632,71,72,-1,1
73633,67,83,-16,16
73634,147,129,18,18
73635,57,76,-19,19
73636,61,65,-4,4
73637,100,96,4,4
73638,79,75,4,4
73639,136,115,21,21
73640,88,94,-6,6
73641,67,70,-3,3
73642,173,173,0,0
73643,111,101,10,10
73644,96,82,14,14
73645,91,84,7,7
73646,90,83,7,7
73647,93,91,2,2
73648,99,101,-2,2
73649,57,61,-4,4
73650,71,69,2,2
73651,165,155,10,10
73652,91,104,-13,13
73653,59,61,-2,2
73654,103,102,1,1
73655,72,74,-2,2
73656,95,94,1,1
73657,86,79,7,7
73658,142,121,21,21
73659,92,91,1,1
73660,86,88,-2,2
73661,143,132,11,11
73662,37,47,-10,10
73663,66,70,-4,4
73664,121,115,6,6
73665,89,91,-2,2
73666,54,71,-17,17
73667,64,69,-5,5
73668,48,53,-5,5
73669,33,39,-6,6
73670,154,149,5,5
73671,55,62,-7,7
73672,85,77,8,8
73673,68,70,-2,2
73674,88,90,-2,2
73675,61,64,-3,3
73676,123,113,10,10
73677,98,100,-2,2
73678,161,156,5,5
73679,53,60,-7,7
73680,68,74,-6,6
73681,131,122,9,9
73682,100,100,0,0
73683,64,64,0,0
73684,109,117,-8,8
73685,87,86,1,1
73686,78,81,-3,3
73687,56,64,-8,8
73688,96,91,5,5
73689,104,102,2,2
73690,94,96,-2,2
73691,66,67,-1,1
73692,106,100,6,6
73693,132,143,-11,11
73694,142,120,22,22
73695,112,118,-6,6
73696,104,79,25,25
73697,129,134,-5,5
73698,107,102,5,5
73699,137,145,-8,8
73700,81,84,-3,3
73701,57,61,-4,4
73702,126,116,10,10
73703,57,71,-14,14
73704,141,127,14,14
73705,94,90,4,4
73706,56,69,-13,13
73707,100,94,6,6
73708,65,72,-7,7
73709,153,148,5,5
73710,106,111,-5,5
73711,65,68,-3,3
73712,89,94,-5,5
73713,69,65,4,4
73714,172,163,9,9
73715,74,76,-2,2
73716,55,67,-12,12
73717,95,92,3,3
73718,80,83,-3,3
73719,72,76,-4,4
73720,69,72,-3,3
73721,77,84,-7,7
73722,136,129,7,7
73723,60,61,-1,1
73724,106,105,1,1
73725,98,93,5,5
73726,113,113,0,0
73727,66,70,-4,4
73728,117,111,6,6
73729,75,75,0,0
73730,123,119,4,4
73731,54,58,-4,4
73732,157,167,-10,10
73733,100,96,4,4
73734,74,77,-3,3
73735,61,66,-5,5
73736,72,75,-3,3
73737,81,76,5,5
73738,138,146,-8,8
73739,137,141,-4,4
73740,163,144,19,19
73741,65,79,-14,14
73742,130,128,2,2
73743,68,76,-8,8
73744,97,90,7,7
73745,167,161,6,6
73746,93,79,14,14
73747,63,70,-7,7
73748,91,86,5,5
73749,174,160,14,14
73750,138,123,15,15
73751,75,78,-3,3
73752,129,134,-5,5
73753,116,105,11,11
73754,47,48,-1,1
73755,116,106,10,10
73756,103,99,4,4
73757,112,108,4,4
73758,133,124,9,9
73759,55,62,-7,7
73760,75,79,-4,4
73761,53,58,-5,5
73762,88,99,-11,11
73763,132,126,6,6
73764,35,30,5,5
73765,45,55,-10,10
73766,67,71,-4,4
73767,124,109,15,15
73768,148,138,10,10
73769,138,124,14,14
73770,98,93,5,5
73771,81,79,2,2
73772,54,59,-5,5
73773,35,29,6,6
73774,69,67,2,2
73775,66,67,-1,1
73776,116,109,7,7
73777,86,83,3,3
73778,95,100,-5,5
73779,95,99,-4,4
73780,61,65,-4,4
73781,79,81,-2,2
73782,74,97,-23,23
73783,117,117,0,0
73784,63,67,-4,4
73785,138,118,20,20
73786,125,126,-1,1
73787,95,97,-2,2
73788,66,70,-4,4
73789,53,60,-7,7
73790,83,84,-1,1
73791,60,68,-8,8
73792,52,58,-6,6
73793,55,58,-3,3
73794,100,104,-4,4
73795,91,111,-20,20
73796,87,86,1,1
73797,63,60,3,3
73798,122,100,22,22
73799,75,74,1,1
73800,57,69,-12,12
73801,55,64,-9,9
73802,110,99,11,11
73803,88,94,-6,6
73804,155,164,-9,9
73805,96,102,-6,6
73806,81,78,3,3
73807,102,99,3,3
73808,141,124,17,17
73809,105,101,4,4
73810,68,68,0,0
73811,80,76,4,4
73812,94,103,-9,9
73813,60,64,-4,4
73814,107,92,15,15
73815,112,113,-1,1
73816,92,98,-6,6
73817,86,77,9,9
73818,131,114,17,17
73819,62,62,0,0
73820,146,146,0,0
73821,67,81,-14,14
73822,77,80,-3,3
73823,101,104,-3,3
73824,80,76,4,4
73825,97,83,14,14
73826,140,129,11,11
73827,128,143,-15,15
73828,108,112,-4,4
73829,91,89,2,2
73830,91,99,-8,8
73831,87,80,7,7
73832,151,132,19,19
73833,91,97,-6,6
73834,161,149,12,12
73835,60,67,-7,7
73836,135,126,9,9
73837,73,89,-16,16
73838,88,103,-15,15
73839,71,70,1,1
73840,80,81,-1,1
73841,50,56,-6,6
73842,106,99,7,7
73843,66,68,-2,2
73844,90,98,-8,8
73845,122,132,-10,10
73846,99,98,1,1
73847,73,73,0,0
73848,60,63,-3,3
73849,63,76,-13,13
73850,105,124,-19,19
73851,34,37,-3,3
73852,74,84,-10,10
73853,122,116,6,6
73854,123,111,12,12
73855,66,65,1,1
73856,122,114,8,8
73857,114,109,5,5
73858,165,163,2,2
73859,139,152,-13,13
73860,58,52,6,6
73861,70,72,-2,2
73862,71,68,3,3
73863,158,180,-22,22
73864,66,67,-1,1
73865,166,138,28,28
73866,129,129,0,0
73867,91,92,-1,1
73868,109,129,-20,20
73869,118,131,-13,13
73870,90,94,-4,4
73871,125,121,4,4
73872,94,87,7,7
73873,107,99,8,8
73874,144,127,17,17
73875,83,79,4,4
73876,71,77,-6,6
73877,93,95,-2,2
73878,103,105,-2,2
73879,78,79,-1,1
73880,33,76,-43,43
73881,44,83,-39,39
73882,129,126,3,3
73883,210,193,17,17
73884,98,91,7,7
73885,60,76,-16,16
73886,110,101,9,9
73887,56,63,-7,7
73888,149,137,12,12
73889,86,84,2,2
73890,101,100,1,1
73891,80,74,6,6
73892,96,95,1,1
73893,66,69,-3,3
73894,73,72,1,1
73895,87,76,11,11
73896,73,69,4,4
73897,96,92,4,4
73898,36,49,-13,13
73899,171,203,-32,32
73900,125,122,3,3
73901,82,83,-1,1
73902,79,74,5,5
73903,148,140,8,8
73904,137,129,8,8
73905,82,86,-4,4
73906,72,98,-26,26
73907,57,64,-7,7
73908,162,161,1,1
73909,148,134,14,14
73910,82,76,6,6
73911,76,75,1,1
73912,72,70,2,2
73913,42,40,2,2
73914,102,107,-5,5
73915,61,68,-7,7
73916,107,107,0,0
73917,72,68,4,4
73918,117,129,-12,12
73919,70,70,0,0
73920,60,64,-4,4
73921,110,94,16,16
73922,94,97,-3,3
73923,121,127,-6,6
73924,102,101,1,1
73925,61,68,-7,7
73926,69,73,-4,4
73927,51,66,-15,15
73928,113,124,-11,11
73929,148,174,-26,26
73930,129,127,2,2
73931,60,63,-3,3
73932,82,101,-19,19
73933,149,140,9,9
73934,64,63,1,1
73935,95,99,-4,4
73936,105,100,5,5
73937,129,126,3,3
73938,140,137,3,3
73939,143,148,-5,5
73940,67,67,0,0
73941,81,82,-1,1
73942,131,119,12,12
73943,61,61,0,0
73944,95,95,0,0
73945,121,117,4,4
73946,96,84,12,12
73947,159,133,26,26
73948,51,58,-7,7
73949,72,77,-5,5
73950,83,84,-1,1
73951,114,112,2,2
73952,90,94,-4,4
73953,72,72,0,0
73954,88,82,6,6
73955,149,135,14,14
73956,69,68,1,1
73957,67,72,-5,5
73958,65,74,-9,9
73959,119,125,-6,6
73960,146,131,15,15
73961,75,83,-8,8
73962,175,158,17,17
73963,109,115,-6,6
73964,80,79,1,1
73965,99,91,8,8
73966,137,131,6,6
73967,77,95,-18,18
73968,44,72,-28,28
73969,96,94,2,2
73970,55,59,-4,4
73971,113,105,8,8
73972,108,107,1,1
73973,55,59,-4,4
73974,138,119,19,19
73975,74,75,-1,1
73976,69,73,-4,4
73977,131,127,4,4
73978,129,161,-32,32
73979,103,106,-3,3
73980,50,58,-8,8
73981,90,94,-4,4
73982,42,45,-3,3
73983,140,155,-15,15
73984,76,92,-16,16
73985,113,108,5,5
73986,43,57,-14,14
73987,73,84,-11,11
73988,116,115,1,1
73989,112,118,-6,6
73990,126,127,-1,1
73991,98,109,-11,11
73992,83,82,1,1
73993,51,64,-13,13
73994,73,93,-20,20
73995,220,189,31,31
73996,72,80,-8,8
73997,63,68,-5,5
73998,107,109,-2,2
73999,90,84,6,6
74000,50,61,-11,11
74001,100,96,4,4
74002,126,115,11,11
74003,73,75,-2,2
74004,88,93,-5,5
74005,65,77,-12,12
74006,73,71,2,2
74007,83,83,0,0
74008,118,122,-4,4
74009,77,73,4,4
74010,175,167,8,8
74011,101,97,4,4
74012,72,72,0,0
74013,84,85,-1,1
74014,320,360,-40,40
74015,86,103,-17,17
74016,48,55,-7,7
74017,82,75,7,7
74018,111,102,9,9
74019,83,84,-1,1
74020,105,122,-17,17
74021,87,93,-6,6
74022,92,93,-1,1
74023,106,107,-1,1
74024,179,172,7,7
74025,123,114,9,9
74026,68,75,-7,7
74027,52,54,-2,2
74028,155,132,23,23
74029,97,112,-15,15
74030,78,81,-3,3
74031,52,56,-4,4
74032,62,66,-4,4
74033,92,94,-2,2
74034,113,108,5,5
74035,141,133,8,8
74036,66,73,-7,7
74037,97,91,6,6
74038,80,101,-21,21
74039,71,90,-19,19
74040,117,112,5,5
74041,202,190,12,12
74042,89,83,6,6
74043,65,74,-9,9
74044,83,93,-10,10
74045,151,142,9,9
74046,68,68,0,0
74047,84,89,-5,5
74048,114,107,7,7
74049,67,70,-3,3
74050,48,49,-1,1
74051,108,109,-1,1
74052,159,141,18,18
74053,84,80,4,4
74054,153,141,12,12
74055,52,71,-19,19
74056,159,154,5,5
74057,118,119,-1,1
74058,83,87,-4,4
74059,50,56,-6,6
74060,125,118,7,7
74061,41,89,-48,48
74062,62,75,-13,13
74063,85,77,8,8
74064,133,133,0,0
74065,129,119,10,10
74066,97,99,-2,2
74067,102,104,-2,2
74068,23,29,-6,6
74069,74,79,-5,5
74070,41,58,-17,17
74071,108,113,-5,5
74072,104,103,1,1
74073,108,97,11,11
74074,97,98,-1,1
74075,74,77,-3,3
74076,94,94,0,0
74077,78,77,1,1
74078,117,121,-4,4
74079,119,119,0,0
74080,60,58,2,2
74081,86,83,3,3
74082,84,84,0,0
74083,72,74,-2,2
74084,93,101,-8,8
74085,72,73,-1,1
74086,156,142,14,14
74087,73,77,-4,4
74088,108,99,9,9
74089,126,138,-12,12
74090,93,92,1,1
74091,79,73,6,6
74092,181,153,28,28
74093,83,79,4,4
74094,119,120,-1,1
74095,71,72,-1,1
74096,77,72,5,5
74097,104,123,-19,19
74098,72,77,-5,5
74099,68,71,-3,3
74100,98,99,-1,1
74101,57,79,-22,22
74102,80,110,-30,30
74103,73,75,-2,2
74104,191,175,16,16
74105,100,93,7,7
74106,132,116,16,16
74107,40,40,0,0
74108,54,61,-7,7
74109,154,149,5,5
74110,139,132,7,7
74111,107,108,-1,1
74112,128,118,10,10
74113,133,124,9,9
74114,83,75,8,8
74115,63,87,-24,24
74116,81,79,2,2
74117,163,153,10,10
74118,109,108,1,1
74119,63,66,-3,3
74120,90,93,-3,3
74121,81,91,-10,10
74122,66,67,-1,1
74123,120,124,-4,4
74124,89,83,6,6
74125,67,72,-5,5
74126,85,87,-2,2
74127,78,79,-1,1
74128,75,79,-4,4
74129,198,187,11,11
74130,92,92,0,0
74131,118,108,10,10
74132,57,65,-8,8
74133,155,150,5,5
74134,86,84,2,2
74135,67,66,1,1
74136,178,150,28,28
74137,68,71,-3,3
74138,85,83,2,2
74139,79,83,-4,4
74140,93,83,10,10
74141,50,62,-12,12
74142,58,62,-4,4
74143,104,106,-2,2
74144,100,97,3,3
74145,201,185,16,16
74146,105,109,-4,4
74147,105,109,-4,4
74148,90,91,-1,1
74149,68,75,-7,7
74150,74,80,-6,6
74151,60,63,-3,3
74152,59,74,-15,15
74153,97,104,-7,7
74154,87,84,3,3
74155,55,68,-13,13
74156,111,105,6,6
74157,119,106,13,13
74158,115,117,-2,2
74159,59,58,1,1
74160,61,66,-5,5
74161,30,56,-26,26
74162,96,92,4,4
74163,131,112,19,19
74164,183,179,4,4
74165,161,167,-6,6
74166,146,146,0,0
74167,200,183,17,17
74168,100,102,-2,2
74169,114,111,3,3
74170,108,107,1,1
74171,73,74,-1,1
74172,75,72,3,3
74173,72,73,-1,1
74174,143,153,-10,10
74175,101,95,6,6
74176,66,71,-5,5
74177,164,146,18,18
74178,85,83,2,2
74179,88,85,3,3
74180,98,101,-3,3
74181,54,95,-41,41
74182,95,95,0,0
74183,64,70,-6,6
74184,144,141,3,3
74185,105,102,3,3
74186,102,111,-9,9
74187,114,96,18,18
74188,54,61,-7,7
74189,112,106,6,6
74190,181,164,17,17
74191,110,102,8,8
74192,75,66,9,9
74193,51,65,-14,14
74194,98,95,3,3
74195,85,85,0,0
74196,54,66,-12,12
74197,57,64,-7,7
74198,77,85,-8,8
74199,66,80,-14,14
74200,84,76,8,8
74201,102,104,-2,2
74202,124,125,-1,1
74203,129,124,5,5
74204,195,191,4,4
74205,111,113,-2,2
74206,109,118,-9,9
74207,68,69,-1,1
74208,57,60,-3,3
74209,76,88,-12,12
74210,99,96,3,3
74211,78,85,-7,7
74212,124,117,7,7
74213,83,77,6,6
74214,82,75,7,7
74215,73,71,2,2
74216,66,70,-4,4
74217,102,101,1,1
74218,107,113,-6,6
74219,101,97,4,4
74220,119,121,-2,2
74221,120,129,-9,9
74222,69,72,-3,3
74223,80,98,-18,18
74224,113,110,3,3
74225,63,71,-8,8
74226,94,82,12,12
74227,146,150,-4,4
74228,109,104,5,5
74229,117,109,8,8
74230,66,69,-3,3
74231,151,133,18,18
74232,60,60,0,0
74233,146,159,-13,13
74234,135,128,7,7
74235,90,79,11,11
74236,48,58,-10,10
74237,71,72,-1,1
74238,155,154,1,1
74239,86,77,9,9
74240,111,123,-12,12
74241,96,95,1,1
74242,137,152,-15,15
74243,81,84,-3,3
74244,60,68,-8,8
74245,83,92,-9,9
74246,106,106,0,0
74247,67,75,-8,8
74248,52,59,-7,7
74249,104,100,4,4
74250,73,80,-7,7
74251,87,84,3,3
74252,148,146,2,2
74253,77,73,4,4
74254,92,90,2,2
74255,201,190,11,11
74256,50,57,-7,7
74257,149,146,3,3
74258,150,131,19,19
74259,89,100,-11,11
74260,131,123,8,8
74261,73,69,4,4
74262,83,90,-7,7
74263,155,149,6,6
74264,80,64,16,16
74265,128,127,1,1
74266,59,62,-3,3
74267,85,94,-9,9
74268,87,103,-16,16
74269,85,80,5,5
74270,72,70,2,2
74271,72,78,-6,6
74272,56,62,-6,6
74273,127,126,1,1
74274,73,71,2,2
74275,94,80,14,14
74276,72,73,-1,1
74277,48,52,-4,4
74278,130,114,16,16
74279,103,86,17,17
74280,96,83,13,13
74281,140,144,-4,4
74282,63,71,-8,8
74283,61,62,-1,1
74284,78,76,2,2
74285,75,70,5,5
74286,81,85,-4,4
74287,79,83,-4,4
74288,94,97,-3,3
74289,117,115,2,2
74290,59,62,-3,3
74291,84,83,1,1
74292,149,145,4,4
74293,109,113,-4,4
74294,46,61,-15,15
74295,131,119,12,12
74296,118,112,6,6
74297,83,96,-13,13
74298,68,85,-17,17
74299,70,86,-16,16
74300,49,57,-8,8
74301,73,74,-1,1
74302,132,130,2,2
74303,93,83,10,10
74304,159,159,0,0
74305,107,107,0,0
74306,185,170,15,15
74307,143,143,0,0
74308,60,71,-11,11
74309,78,72,6,6
74310,106,111,-5,5
74311,98,89,9,9
74312,101,86,15,15
74313,39,62,-23,23
74314,104,108,-4,4
74315,51,68,-17,17
74316,88,80,8,8
74317,83,82,1,1
74318,116,128,-12,12
74319,59,61,-2,2
74320,88,84,4,4
74321,206,176,30,30
74322,147,126,21,21
74323,40,55,-15,15
74324,45,54,-9,9
74325,89,92,-3,3
74326,146,140,6,6
74327,76,80,-4,4
74328,92,75,17,17
74329,35,47,-12,12
74330,77,93,-16,16
74331,104,111,-7,7
74332,97,91,6,6
74333,135,128,7,7
74334,63,66,-3,3
74335,54,61,-7,7
74336,117,119,-2,2
74337,79,75,4,4
74338,64,71,-7,7
74339,63,68,-5,5
74340,63,66,-3,3
74341,80,83,-3,3
74342,136,130,6,6
74343,106,95,11,11
74344,76,74,2,2
74345,80,82,-2,2
74346,126,123,3,3
74347,96,90,6,6
74348,56,56,0,0
74349,124,125,-1,1
74350,137,132,5,5
74351,63,71,-8,8
74352,59,67,-8,8
74353,102,100,2,2
74354,41,42,-1,1
74355,84,90,-6,6
74356,99,102,-3,3
74357,108,117,-9,9
74358,125,126,-1,1
74359,115,113,2,2
74360,84,83,1,1
74361,100,106,-6,6
74362,128,127,1,1
74363,60,66,-6,6
74364,77,82,-5,5
74365,63,62,1,1
74366,90,102,-12,12
74367,64,76,-12,12
74368,61,57,4,4
74369,99,104,-5,5
74370,97,101,-4,4
74371,65,62,3,3
74372,99,104,-5,5
74373,181,167,14,14
74374,83,86,-3,3
74375,102,104,-2,2
74376,136,144,-8,8
74377,56,59,-3,3
74378,132,128,4,4
74379,76,76,0,0
74380,101,99,2,2
74381,110,94,16,16
74382,51,55,-4,4
74383,60,71,-11,11
74384,127,125,2,2
74385,81,109,-28,28
74386,59,62,-3,3
74387,82,80,2,2
74388,103,98,5,5
74389,99,97,2,2
74390,50,47,3,3
74391,85,100,-15,15
74392,67,63,4,4
74393,125,117,8,8
74394,93,92,1,1
74395,116,113,3,3
74396,68,77,-9,9
74397,77,76,1,1
74398,95,96,-1,1
74399,59,67,-8,8
74400,111,101,10,10
74401,79,83,-4,4
74402,84,90,-6,6
74403,89,95,-6,6
74404,164,155,9,9
74405,72,73,-1,1
74406,78,82,-4,4
74407,149,157,-8,8
74408,95,78,17,17
74409,85,76,9,9
74410,96,96,0,0
74411,72,68,4,4
74412,112,100,12,12
74413,77,75,2,2
74414,40,49,-9,9
74415,110,112,-2,2
74416,59,73,-14,14
74417,107,106,1,1
74418,66,77,-11,11
74419,87,83,4,4
74420,72,75,-3,3
74421,85,93,-8,8
74422,49,57,-8,8
74423,72,77,-5,5
74424,156,163,-7,7
74425,75,62,13,13
74426,83,77,6,6
74427,107,105,2,2
74428,97,93,4,4
74429,108,107,1,1
74430,89,82,7,7
74431,103,114,-11,11
74432,133,134,-1,1
74433,56,58,-2,2
74434,77,76,1,1
74435,88,85,3,3
74436,106,113,-7,7
74437,134,138,-4,4
74438,81,88,-7,7
74439,126,124,2,2
74440,69,73,-4,4
74441,120,161,-41,41
74442,121,111,10,10
74443,62,67,-5,5
74444,85,80,5,5
74445,93,86,7,7
74446,111,109,2,2
74447,99,119,-20,20
74448,50,59,-9,9
74449,98,110,-12,12
74450,83,76,7,7
74451,94,103,-9,9
74452,144,145,-1,1
74453,49,57,-8,8
74454,46,51,-5,5
74455,87,96,-9,9
74456,80,82,-2,2
74457,150,126,24,24
74458,67,75,-8,8
74459,39,38,1,1
74460,82,70,12,12
74461,76,76,0,0
74462,56,62,-6,6
74463,33,48,-15,15
74464,95,90,5,5
74465,67,61,6,6
74466,87,94,-7,7
74467,101,97,4,4
74468,62,65,-3,3
74469,62,71,-9,9
74470,93,85,8,8
74471,71,65,6,6
74472,79,82,-3,3
74473,86,80,6,6
74474,70,75,-5,5
74475,117,111,6,6
74476,51,69,-18,18
74477,168,161,7,7
74478,120,106,14,14
74479,99,98,1,1
74480,73,82,-9,9
74481,120,122,-2,2
74482,136,128,8,8
74483,57,65,-8,8
74484,89,85,4,4
74485,89,95,-6,6
74486,81,86,-5,5
74487,72,64,8,8
74488,104,103,1,1
74489,141,132,9,9
74490,79,81,-2,2
74491,167,158,9,9
74492,86,85,1,1
74493,138,124,14,14
74494,66,69,-3,3
74495,59,63,-4,4
74496,110,124,-14,14
74497,82,77,5,5
74498,92,92,0,0
74499,62,65,-3,3
74500,82,75,7,7
74501,62,70,-8,8
74502,94,88,6,6
74503,135,156,-21,21
74504,227,241,-14,14
74505,85,83,2,2
74506,74,84,-10,10
74507,106,140,-34,34
74508,52,60,-8,8
74509,96,108,-12,12
74510,97,98,-1,1
74511,143,142,1,1
74512,84,73,11,11
74513,77,71,6,6
74514,49,56,-7,7
74515,116,114,2,2
74516,67,90,-23,23
74517,74,82,-8,8
74518,83,81,2,2
74519,77,76,1,1
74520,113,112,1,1
74521,125,118,7,7
74522,59,62,-3,3
74523,62,67,-5,5
74524,148,145,3,3
74525,56,69,-13,13
74526,85,96,-11,11
74527,158,139,19,19
74528,79,86,-7,7
74529,87,79,8,8
74530,115,144,-29,29
74531,62,65,-3,3
74532,78,77,1,1
74533,107,98,9,9
74534,129,125,4,4
74535,109,101,8,8
74536,46,57,-11,11
74537,73,71,2,2
74538,47,51,-4,4
74539,57,59,-2,2
74540,136,141,-5,5
74541,74,74,0,0
74542,73,73,0,0
74543,117,113,4,4
74544,64,55,9,9
74545,65,76,-11,11
74546,61,65,-4,4
74547,40,56,-16,16
74548,84,79,5,5
74549,96,99,-3,3
74550,108,98,10,10
74551,148,146,2,2
74552,111,110,1,1
74553,131,135,-4,4
74554,55,65,-10,10
74555,132,126,6,6
74556,156,126,30,30
74557,68,69,-1,1
74558,109,96,13,13
74559,65,66,-1,1
74560,78,72,6,6
74561,136,129,7,7
74562,190,194,-4,4
74563,157,154,3,3
74564,110,114,-4,4
74565,50,60,-10,10
74566,123,129,-6,6
74567,127,125,2,2
74568,88,90,-2,2
74569,116,112,4,4
74570,85,91,-6,6
74571,116,108,8,8
74572,181,171,10,10
74573,87,91,-4,4
74574,135,140,-5,5
74575,64,76,-12,12
74576,92,88,4,4
74577,59,66,-7,7
74578,81,73,8,8
74579,71,72,-1,1
74580,130,137,-7,7
74581,96,90,6,6
74582,86,81,5,5
74583,107,126,-19,19
74584,118,113,5,5
74585,93,95,-2,2
74586,88,94,-6,6
74587,54,66,-12,12
74588,101,104,-3,3
74589,58,66,-8,8
74590,109,103,6,6
74591,106,113,-7,7
74592,139,136,3,3
74593,50,57,-7,7
74594,168,166,2,2
74595,115,118,-3,3
74596,70,75,-5,5
74597,92,87,5,5
74598,133,129,4,4
74599,74,77,-3,3
74600,159,164,-5,5
74601,120,123,-3,3
74602,84,102,-18,18
74603,103,107,-4,4
74604,183,155,28,28
74605,139,128,11,11
74606,86,82,4,4
74607,82,83,-1,1
74608,61,72,-11,11
74609,123,101,22,22
74610,87,86,1,1
74611,135,132,3,3
74612,99,94,5,5
74613,74,72,2,2
74614,74,79,-5,5
74615,139,141,-2,2
74616,85,84,1,1
74617,70,77,-7,7
74618,106,104,2,2
74619,123,122,1,1
74620,100,101,-1,1
74621,61,65,-4,4
74622,92,94,-2,2
74623,132,133,-1,1
74624,59,67,-8,8
74625,226,206,20,20
74626,84,77,7,7
74627,165,174,-9,9
74628,83,94,-11,11
74629,115,108,7,7
74630,159,145,14,14
74631,93,84,9,9
74632,126,130,-4,4
74633,51,57,-6,6
74634,118,115,3,3
74635,80,69,11,11
74636,161,144,17,17
74637,91,90,1,1
74638,83,83,0,0
74639,91,87,4,4
74640,234,223,11,11
74641,78,73,5,5
74642,101,98,3,3
74643,72,72,0,0
74644,92,76,16,16
74645,44,61,-17,17
74646,76,79,-3,3
74647,106,101,5,5
74648,119,111,8,8
74649,111,96,15,15
74650,111,115,-4,4
74651,105,100,5,5
74652,62,69,-7,7
74653,113,116,-3,3
74654,94,102,-8,8
74655,155,145,10,10
74656,59,62,-3,3
74657,86,98,-12,12
74658,61,63,-2,2
74659,198,180,18,18
74660,83,82,1,1
74661,50,63,-13,13
74662,126,121,5,5
74663,95,92,3,3
74664,95,87,8,8
74665,24,29,-5,5
74666,90,95,-5,5
74667,47,54,-7,7
74668,64,74,-10,10
74669,107,112,-5,5
74670,94,85,9,9
74671,77,77,0,0
74672,111,125,-14,14
74673,107,107,0,0
74674,33,30,3,3
74675,73,73,0,0
74676,63,69,-6,6
74677,90,95,-5,5
74678,89,127,-38,38
74679,79,74,5,5
74680,128,127,1,1
74681,91,91,0,0
74682,114,111,3,3
74683,103,97,6,6
74684,61,53,8,8
74685,122,133,-11,11
74686,114,112,2,2
74687,143,139,4,4
74688,75,75,0,0
74689,66,68,-2,2
74690,90,94,-4,4
74691,108,96,12,12
74692,74,76,-2,2
74693,137,134,3,3
74694,121,112,9,9
74695,85,105,-20,20
74696,47,58,-11,11
74697,51,64,-13,13
74698,79,72,7,7
74699,80,77,3,3
74700,111,108,3,3
74701,126,134,-8,8
74702,37,42,-5,5
74703,87,83,4,4
74704,102,102,0,0
74705,73,75,-2,2
74706,81,94,-13,13
74707,85,74,11,11
74708,127,118,9,9
74709,127,115,12,12
74710,93,105,-12,12
74711,122,123,-1,1
74712,175,156,19,19
74713,96,97,-1,1
74714,88,82,6,6
74715,162,141,21,21
74716,124,134,-10,10
74717,42,40,2,2
74718,90,94,-4,4
74719,91,96,-5,5
74720,129,125,4,4
74721,53,62,-9,9
74722,75,76,-1,1
74723,88,88,0,0
74724,70,67,3,3
74725,185,176,9,9
74726,105,100,5,5
74727,128,121,7,7
74728,103,100,3,3
74729,100,107,-7,7
74730,71,73,-2,2
74731,157,141,16,16
74732,103,109,-6,6
74733,118,118,0,0
74734,140,185,-45,45
74735,102,103,-1,1
74736,71,70,1,1
74737,143,147,-4,4
74738,58,69,-11,11
74739,96,101,-5,5
74740,112,113,-1,1
74741,85,86,-1,1
74742,92,105,-13,13
74743,81,85,-4,4
74744,102,101,1,1
74745,43,63,-20,20
74746,87,82,5,5
74747,118,119,-1,1
74748,85,76,9,9
74749,100,102,-2,2
74750,83,95,-12,12
74751,83,68,15,15
74752,89,88,1,1
74753,50,56,-6,6
74754,134,128,6,6
74755,65,62,3,3
74756,72,77,-5,5
74757,75,72,3,3
74758,78,77,1,1
74759,81,86,-5,5
74760,105,116,-11,11
74761,67,68,-1,1
74762,136,73,63,63
74763,86,101,-15,15
74764,139,134,5,5
74765,78,75,3,3
74766,38,29,9,9
74767,78,76,2,2
74768,59,61,-2,2
74769,91,84,7,7
74770,152,145,7,7
74771,148,156,-8,8
74772,108,104,4,4
74773,77,73,4,4
74774,83,75,8,8
74775,89,85,4,4
74776,104,98,6,6
74777,117,120,-3,3
74778,151,145,6,6
74779,45,57,-12,12
74780,60,60,0,0
74781,125,125,0,0
74782,41,46,-5,5
74783,49,57,-8,8
74784,140,133,7,7
74785,90,95,-5,5
74786,93,99,-6,6
74787,100,86,14,14
74788,125,117,8,8
74789,114,115,-1,1
74790,128,126,2,2
74791,60,64,-4,4
74792,191,180,11,11
74793,140,144,-4,4
74794,82,90,-8,8
74795,76,72,4,4
74796,117,116,1,1
74797,83,90,-7,7
74798,82,79,3,3
74799,122,129,-7,7
74800,60,65,-5,5
74801,117,114,3,3
74802,96,91,5,5
74803,115,113,2,2
74804,134,128,6,6
74805,109,107,2,2
74806,91,83,8,8
74807,72,75,-3,3
74808,96,88,8,8
74809,80,84,-4,4
74810,71,74,-3,3
74811,95,84,11,11
74812,101,102,-1,1
74813,67,68,-1,1
74814,87,94,-7,7
74815,89,89,0,0
74816,62,66,-4,4
74817,126,153,-27,27
74818,78,85,-7,7
74819,100,106,-6,6
74820,96,93,3,3
74821,100,101,-1,1
74822,59,66,-7,7
74823,93,92,1,1
74824,120,117,3,3
74825,70,74,-4,4
74826,46,53,-7,7
74827,153,146,7,7
74828,91,93,-2,2
74829,94,96,-2,2
74830,74,86,-12,12
74831,87,76,11,11
74832,76,77,-1,1
74833,56,65,-9,9
74834,104,120,-16,16
74835,126,126,0,0
74836,115,113,2,2
74837,107,114,-7,7
74838,41,57,-16,16
74839,75,71,4,4
74840,76,80,-4,4
74841,75,77,-2,2
74842,50,59,-9,9
74843,118,117,1,1
74844,131,126,5,5
74845,92,139,-47,47
74846,113,108,5,5
74847,126,113,13,13
74848,65,74,-9,9
74849,128,122,6,6
74850,89,91,-2,2
74851,100,90,10,10
74852,85,82,3,3
74853,166,151,15,15
74854,100,115,-15,15
74855,119,117,2,2
74856,72,71,1,1
74857,78,81,-3,3
74858,70,65,5,5
74859,84,83,1,1
74860,56,58,-2,2
74861,18,29,-11,11
74862,75,77,-2,2
74863,107,116,-9,9
74864,86,77,9,9
74865,128,126,2,2
74866,99,108,-9,9
74867,69,77,-8,8
74868,130,124,6,6
74869,127,125,2,2
74870,188,175,13,13
74871,99,104,-5,5
74872,83,80,3,3
74873,105,100,5,5
74874,56,63,-7,7
74875,84,82,2,2
74876,43,58,-15,15
74877,104,114,-10,10
74878,93,96,-3,3
74879,111,118,-7,7
74880,106,117,-11,11
74881,77,74,3,3
74882,74,72,2,2
74883,138,135,3,3
74884,47,50,-3,3
74885,158,154,4,4
74886,111,113,-2,2
74887,84,88,-4,4
74888,129,130,-1,1
74889,76,78,-2,2
74890,84,83,1,1
74891,67,68,-1,1
74892,61,57,4,4
74893,107,101,6,6
74894,79,72,7,7
74895,112,121,-9,9
74896,53,58,-5,5
74897,84,83,1,1
74898,46,49,-3,3
74899,115,109,6,6
74900,48,51,-3,3
74901,51,56,-5,5
74902,73,87,-14,14
74903,81,103,-22,22
74904,53,60,-7,7
74905,144,137,7,7
74906,93,89,4,4
74907,63,77,-14,14
74908,47,52,-5,5
74909,117,103,14,14
74910,172,131,41,41
74911,57,66,-9,9
74912,143,139,4,4
74913,108,113,-5,5
74914,140,129,11,11
74915,70,74,-4,4
74916,96,96,0,0
74917,107,111,-4,4
74918,116,112,4,4
74919,120,118,2,2
74920,60,58,2,2
74921,77,82,-5,5
74922,112,114,-2,2
74923,97,109,-12,12
74924,183,187,-4,4
74925,95,97,-2,2
74926,92,90,2,2
74927,76,90,-14,14
74928,99,103,-4,4
74929,85,78,7,7
74930,76,80,-4,4
74931,93,96,-3,3
74932,50,62,-12,12
74933,55,63,-8,8
74934,88,90,-2,2
74935,97,109,-12,12
74936,83,83,0,0
74937,54,57,-3,3
74938,86,80,6,6
74939,77,82,-5,5
74940,282,320,-38,38
74941,136,127,9,9
74942,91,80,11,11
74943,150,163,-13,13
74944,66,74,-8,8
74945,71,81,-10,10
74946,87,83,4,4
74947,87,96,-9,9
74948,119,121,-2,2
74949,148,136,12,12
74950,117,113,4,4
74951,85,89,-4,4
74952,97,97,0,0
74953,49,59,-10,10
74954,103,112,-9,9
74955,38,40,-2,2
74956,86,99,-13,13
74957,49,53,-4,4
74958,103,98,5,5
74959,103,125,-22,22
74960,45,48,-3,3
74961,103,102,1,1
74962,83,76,7,7
74963,95,90,5,5
74964,60,71,-11,11
74965,102,106,-4,4
74966,138,148,-10,10
74967,83,82,1,1
74968,95,98,-3,3
74969,96,95,1,1
74970,150,151,-1,1
74971,53,57,-4,4
74972,133,118,15,15
74973,45,57,-12,12
74974,50,53,-3,3
74975,35,84,-49,49
74976,103,95,8,8
74977,58,60,-2,2
74978,72,77,-5,5
74979,100,105,-5,5
74980,95,91,4,4
74981,109,102,7,7
74982,57,70,-13,13
74983,68,88,-20,20
74984,89,86,3,3
74985,129,125,4,4
74986,118,116,2,2
74987,114,113,1,1
74988,112,106,6,6
74989,103,99,4,4
74990,95,95,0,0
74991,130,139,-9,9
74992,95,83,12,12
74993,129,124,5,5
74994,84,81,3,3
74995,103,112,-9,9
74996,146,144,2,2
74997,84,95,-11,11
74998,143,139,4,4
74999,84,89,-5,5
75000,69,76,-7,7
75001,94,102,-8,8
75002,56,75,-19,19
75003,133,131,2,2
75004,49,62,-13,13
75005,58,58,0,0
75006,122,110,12,12
75007,117,116,1,1
75008,87,82,5,5
75009,113,114,-1,1
75010,60,65,-5,5
75011,65,68,-3,3
75012,103,102,1,1
75013,152,140,12,12
75014,121,118,3,3
75015,119,113,6,6
75016,47,57,-10,10
75017,113,105,8,8
75018,101,102,-1,1
75019,73,85,-12,12
75020,88,100,-12,12
75021,156,143,13,13
75022,99,92,7,7
75023,86,86,0,0
75024,101,108,-7,7
75025,91,87,4,4
75026,59,64,-5,5
75027,72,75,-3,3
75028,111,97,14,14
75029,108,108,0,0
75030,78,79,-1,1
75031,63,70,-7,7
75032,97,102,-5,5
75033,76,76,0,0
75034,94,109,-15,15
75035,83,81,2,2
75036,72,72,0,0
75037,113,100,13,13
75038,126,123,3,3
75039,86,99,-13,13
75040,67,64,3,3
75041,149,143,6,6
75042,89,82,7,7
75043,115,114,1,1
75044,111,100,11,11
75045,135,140,-5,5
75046,54,63,-9,9
75047,123,126,-3,3
75048,82,87,-5,5
75049,26,45,-19,19
75050,66,69,-3,3
75051,117,110,7,7
75052,135,144,-9,9
75053,70,70,0,0
75054,59,61,-2,2
75055,141,142,-1,1
75056,64,64,0,0
75057,126,129,-3,3
75058,97,97,0,0
75059,54,58,-4,4
75060,99,98,1,1
75061,138,126,12,12
75062,130,133,-3,3
75063,111,91,20,20
75064,81,80,1,1
75065,97,92,5,5
75066,146,144,2,2
75067,92,85,7,7
75068,68,61,7,7
75069,70,75,-5,5
75070,79,72,7,7
75071,57,67,-10,10
75072,70,67,3,3
75073,52,62,-10,10
75074,82,92,-10,10
75075,72,74,-2,2
75076,86,80,6,6
75077,124,113,11,11
75078,71,71,0,0
75079,75,63,12,12
75080,111,104,7,7
75081,85,75,10,10
75082,77,75,2,2
75083,116,118,-2,2
75084,121,129,-8,8
75085,63,63,0,0
75086,65,67,-2,2
75087,92,97,-5,5
75088,115,111,4,4
75089,62,64,-2,2
75090,90,86,4,4
75091,50,57,-7,7
75092,81,84,-3,3
75093,33,34,-1,1
75094,141,132,9,9
75095,51,57,-6,6
75096,32,46,-14,14
75097,89,104,-15,15
75098,117,118,-1,1
75099,97,103,-6,6
75100,92,84,8,8
75101,71,71,0,0
75102,76,77,-1,1
75103,42,45,-3,3
75104,84,92,-8,8
75105,87,96,-9,9
75106,153,144,9,9
75107,91,92,-1,1
75108,59,86,-27,27
75109,69,71,-2,2
75110,109,101,8,8
75111,115,107,8,8
75112,169,167,2,2
75113,67,71,-4,4
75114,96,97,-1,1
75115,94,97,-3,3
75116,173,144,29,29
75117,96,95,1,1
75118,127,110,17,17
75119,58,61,-3,3
75120,69,69,0,0
75121,68,71,-3,3
75122,141,141,0,0
75123,110,135,-25,25
75124,46,93,-47,47
75125,56,118,-62,62
75126,99,112,-13,13
75127,117,114,3,3
75128,53,60,-7,7
75129,92,92,0,0
75130,100,113,-13,13
75131,100,91,9,9
75132,92,100,-8,8
75133,67,63,4,4
75134,148,130,18,18
75135,122,122,0,0
75136,162,158,4,4
75137,86,89,-3,3
75138,165,150,15,15
75139,106,97,9,9
75140,84,101,-17,17
75141,97,97,0,0
75142,61,62,-1,1
75143,187,189,-2,2
75144,153,161,-8,8
75145,57,64,-7,7
75146,101,101,0,0
75147,154,128,26,26
75148,108,106,2,2
75149,55,57,-2,2
75150,113,101,12,12
75151,55,58,-3,3
75152,101,92,9,9
75153,91,98,-7,7
75154,89,91,-2,2
75155,96,92,4,4
75156,52,67,-15,15
75157,54,62,-8,8
75158,69,73,-4,4
75159,95,111,-16,16
75160,88,82,6,6
75161,126,124,2,2
75162,82,95,-13,13
75163,76,82,-6,6
75164,112,106,6,6
75165,117,111,6,6
75166,113,110,3,3
75167,97,92,5,5
75168,98,101,-3,3
75169,83,79,4,4
75170,76,74,2,2
75171,80,75,5,5
75172,111,102,9,9
75173,135,127,8,8
75174,62,69,-7,7
75175,140,136,4,4
75176,68,72,-4,4
75177,141,142,-1,1
75178,53,66,-13,13
75179,140,142,-2,2
75180,74,73,1,1
75181,70,71,-1,1
75182,78,88,-10,10
75183,103,101,2,2
75184,97,94,3,3
75185,75,75,0,0
75186,143,145,-2,2
75187,163,156,7,7
75188,71,72,-1,1
75189,58,62,-4,4
75190,69,72,-3,3
75191,72,75,-3,3
75192,158,156,2,2
75193,93,102,-9,9
75194,80,81,-1,1
75195,142,139,3,3
75196,46,66,-20,20
75197,76,71,5,5
75198,129,169,-40,40
75199,82,79,3,3
75200,146,134,12,12
75201,93,95,-2,2
75202,113,106,7,7
75203,142,147,-5,5
75204,72,72,0,0
75205,74,75,-1,1
75206,88,106,-18,18
75207,105,114,-9,9
75208,110,115,-5,5
75209,83,81,2,2
75210,27,48,-21,21
75211,136,131,5,5
75212,81,79,2,2
75213,98,94,4,4
75214,120,117,3,3
75215,92,78,14,14
75216,145,130,15,15
75217,137,133,4,4
75218,103,110,-7,7
75219,121,133,-12,12
75220,54,70,-16,16
75221,112,112,0,0
75222,76,79,-3,3
75223,89,85,4,4
75224,160,125,35,35
75225,28,48,-20,20
75226,76,71,5,5
75227,165,163,2,2
75228,100,93,7,7
75229,152,141,11,11
75230,82,82,0,0
75231,94,85,9,9
75232,60,66,-6,6
75233,125,124,1,1
75234,69,74,-5,5
75235,120,101,19,19
75236,91,85,6,6
75237,96,90,6,6
75238,45,53,-8,8
75239,56,65,-9,9
75240,76,74,2,2
75241,75,76,-1,1
75242,79,79,0,0
75243,124,115,9,9
75244,106,99,7,7
75245,122,117,5,5
75246,51,59,-8,8
75247,69,72,-3,3
75248,85,88,-3,3
75249,115,149,-34,34
75250,115,106,9,9
75251,115,111,4,4
75252,60,70,-10,10
75253,76,74,2,2
75254,32,42,-10,10
75255,79,80,-1,1
75256,44,48,-4,4
75257,58,64,-6,6
75258,130,126,4,4
75259,132,125,7,7
75260,79,79,0,0
75261,92,98,-6,6
75262,144,146,-2,2
75263,54,63,-9,9
75264,133,117,16,16
75265,64,75,-11,11
75266,92,95,-3,3
75267,156,150,6,6
75268,58,57,1,1
75269,82,74,8,8
75270,86,84,2,2
75271,173,170,3,3
75272,94,94,0,0
75273,60,70,-10,10
75274,108,104,4,4
75275,126,125,1,1
75276,56,60,-4,4
75277,98,100,-2,2
75278,92,82,10,10
75279,117,109,8,8
75280,52,51,1,1
75281,94,91,3,3
75282,78,75,3,3
75283,76,101,-25,25
75284,67,68,-1,1
75285,124,129,-5,5
75286,128,126,2,2
75287,73,70,3,3
75288,62,62,0,0
75289,100,110,-10,10
75290,130,130,0,0
75291,61,65,-4,4
75292,262,233,29,29
75293,60,62,-2,2
75294,102,112,-10,10
75295,57,62,-5,5
75296,97,107,-10,10
75297,84,85,-1,1
75298,61,88,-27,27
75299,135,125,10,10
75300,104,86,18,18
75301,79,80,-1,1
75302,187,160,27,27
75303,62,62,0,0
75304,94,92,2,2
75305,94,104,-10,10
75306,94,84,10,10
75307,126,115,11,11
75308,126,115,11,11
75309,108,99,9,9
75310,60,57,3,3
75311,93,107,-14,14
75312,53,59,-6,6
75313,61,67,-6,6
75314,79,79,0,0
75315,74,72,2,2
75316,50,52,-2,2
75317,75,63,12,12
75318,40,57,-17,17
75319,47,54,-7,7
75320,78,80,-2,2
75321,51,58,-7,7
75322,97,99,-2,2
75323,54,53,1,1
75324,100,102,-2,2
75325,91,85,6,6
75326,48,57,-9,9
75327,46,54,-8,8
75328,153,151,2,2
75329,123,123,0,0
75330,52,63,-11,11
75331,92,85,7,7
75332,71,80,-9,9
75333,141,127,14,14
75334,46,44,2,2
75335,72,77,-5,5
75336,84,81,3,3
75337,82,88,-6,6
75338,78,74,4,4
75339,77,72,5,5
75340,93,80,13,13
75341,47,56,-9,9
75342,67,69,-2,2
75343,67,70,-3,3
75344,113,105,8,8
75345,179,177,2,2
75346,95,99,-4,4
75347,164,158,6,6
75348,45,53,-8,8
75349,127,115,12,12
75350,118,125,-7,7
75351,96,90,6,6
75352,57,58,-1,1
75353,151,146,5,5
75354,69,86,-17,17
75355,79,78,1,1
75356,86,83,3,3
75357,186,179,7,7
75358,147,134,13,13
75359,109,113,-4,4
75360,97,87,10,10
75361,110,107,3,3
75362,69,69,0,0
75363,65,69,-4,4
75364,119,112,7,7
75365,58,66,-8,8
75366,77,77,0,0
75367,97,98,-1,1
75368,95,96,-1,1
75369,123,126,-3,3
75370,107,127,-20,20
75371,117,113,4,4
75372,72,83,-11,11
75373,119,111,8,8
75374,103,100,3,3
75375,129,130,-1,1
75376,83,77,6,6
75377,248,226,22,22
75378,93,83,10,10
75379,129,129,0,0
75380,68,77,-9,9
75381,117,114,3,3
75382,87,90,-3,3
75383,118,113,5,5
75384,98,94,4,4
75385,103,106,-3,3
75386,69,73,-4,4
75387,110,107,3,3
75388,125,117,8,8
75389,113,112,1,1
75390,112,108,4,4
75391,81,74,7,7
75392,86,88,-2,2
75393,148,137,11,11
75394,102,97,5,5
75395,31,34,-3,3
75396,64,69,-5,5
75397,114,118,-4,4
75398,87,90,-3,3
75399,127,124,3,3
75400,91,98,-7,7
75401,74,72,2,2
75402,175,159,16,16
75403,223,179,44,44
75404,87,76,11,11
75405,67,66,1,1
75406,59,60,-1,1
75407,104,91,13,13
75408,64,87,-23,23
75409,149,158,-9,9
75410,125,117,8,8
75411,45,51,-6,6
75412,93,99,-6,6
75413,86,85,1,1
75414,80,75,5,5
75415,73,64,9,9
75416,92,85,7,7
75417,120,143,-23,23
75418,126,115,11,11
75419,73,73,0,0
75420,54,63,-9,9
75421,65,69,-4,4
75422,100,102,-2,2
75423,105,103,2,2
75424,85,79,6,6
75425,100,94,6,6
75426,81,88,-7,7
75427,67,70,-3,3
75428,174,167,7,7
75429,132,126,6,6
75430,127,105,22,22
75431,96,106,-10,10
75432,73,70,3,3
75433,86,83,3,3
75434,73,73,0,0
75435,124,120,4,4
75436,75,73,2,2
75437,49,65,-16,16
75438,99,127,-28,28
75439,55,59,-4,4
75440,141,114,27,27
75441,62,70,-8,8
75442,75,74,1,1
75443,99,98,1,1
75444,97,96,1,1
75445,104,103,1,1
75446,96,88,8,8
75447,122,124,-2,2
75448,101,89,12,12
75449,109,112,-3,3
75450,111,109,2,2
75451,99,93,6,6
75452,77,86,-9,9
75453,118,124,-6,6
75454,89,80,9,9
75455,75,80,-5,5
75456,59,64,-5,5
75457,57,66,-9,9
75458,99,93,6,6
75459,88,76,12,12
75460,106,99,7,7
75461,101,107,-6,6
75462,131,123,8,8
75463,127,125,2,2
75464,65,65,0,0
75465,101,94,7,7
75466,140,130,10,10
75467,122,118,4,4
75468,80,80,0,0
75469,128,131,-3,3
75470,85,85,0,0
75471,111,115,-4,4
75472,78,89,-11,11
75473,93,94,-1,1
75474,42,45,-3,3
75475,66,59,7,7
75476,95,99,-4,4
75477,90,77,13,13
75478,100,107,-7,7
75479,82,82,0,0
75480,67,78,-11,11
75481,105,99,6,6
75482,110,102,8,8
75483,56,62,-6,6
75484,37,35,2,2
75485,65,71,-6,6
75486,72,75,-3,3
75487,106,110,-4,4
75488,99,93,6,6
75489,104,102,2,2
75490,87,91,-4,4
75491,76,82,-6,6
75492,53,52,1,1
75493,57,65,-8,8
75494,69,67,2,2
75495,83,77,6,6
75496,56,66,-10,10
75497,78,80,-2,2
75498,95,104,-9,9
75499,78,77,1,1
75500,74,73,1,1
75501,82,102,-20,20
75502,95,92,3,3
75503,85,79,6,6
75504,63,72,-9,9
75505,124,123,1,1
75506,67,64,3,3
75507,112,111,1,1
75508,94,94,0,0
75509,69,69,0,0
75510,121,128,-7,7
75511,82,84,-2,2
75512,111,107,4,4
75513,126,125,1,1
75514,74,70,4,4
75515,81,79,2,2
75516,100,101,-1,1
75517,148,135,13,13
75518,88,88,0,0
75519,70,72,-2,2
75520,150,131,19,19
75521,88,84,4,4
75522,28,29,-1,1
75523,93,91,2,2
75524,96,105,-9,9
75525,90,85,5,5
75526,150,162,-12,12
75527,75,81,-6,6
75528,93,103,-10,10
75529,150,147,3,3
75530,123,100,23,23
75531,133,132,1,1
75532,69,88,-19,19
75533,167,140,27,27
75534,46,37,9,9
75535,92,96,-4,4
75536,54,60,-6,6
75537,154,139,15,15
75538,45,55,-10,10
75539,137,131,6,6
75540,115,108,7,7
75541,99,90,9,9
75542,93,85,8,8
75543,83,78,5,5
75544,115,105,10,10
75545,23,60,-37,37
75546,92,95,-3,3
75547,85,90,-5,5
75548,80,76,4,4
75549,190,190,0,0
75550,95,92,3,3
75551,153,137,16,16
75552,83,91,-8,8
75553,51,56,-5,5
75554,85,83,2,2
75555,85,86,-1,1
75556,59,69,-10,10
75557,172,161,11,11
75558,53,60,-7,7
75559,128,116,12,12
75560,72,73,-1,1
75561,130,121,9,9
75562,54,64,-10,10
75563,145,121,24,24
75564,94,104,-10,10
75565,111,111,0,0
75566,35,50,-15,15
75567,74,79,-5,5
75568,85,91,-6,6
75569,129,124,5,5
75570,49,62,-13,13
75571,56,67,-11,11
75572,99,97,2,2
75573,79,98,-19,19
75574,129,124,5,5
75575,74,77,-3,3
75576,78,91,-13,13
75577,70,73,-3,3
75578,157,174,-17,17
75579,98,100,-2,2
75580,66,72,-6,6
75581,75,77,-2,2
75582,76,74,2,2
75583,94,102,-8,8
75584,100,92,8,8
75585,50,56,-6,6
75586,98,97,1,1
75587,96,102,-6,6
75588,134,134,0,0
75589,108,99,9,9
75590,212,202,10,10
75591,138,135,3,3
75592,88,84,4,4
75593,12,29,-17,17
75594,66,69,-3,3
75595,98,88,10,10
75596,110,106,4,4
75597,75,73,2,2
75598,146,146,0,0
75599,176,183,-7,7
75600,91,81,10,10
75601,88,83,5,5
75602,51,57,-6,6
75603,190,172,18,18
75604,128,126,2,2
75605,74,77,-3,3
75606,83,84,-1,1
75607,64,69,-5,5
75608,127,127,0,0
75609,130,119,11,11
75610,95,87,8,8
75611,66,131,-65,65
75612,46,33,13,13
75613,79,81,-2,2
75614,110,114,-4,4
75615,116,114,2,2
75616,68,74,-6,6
75617,70,85,-15,15
75618,59,75,-16,16
75619,107,93,14,14
75620,77,86,-9,9
75621,97,122,-25,25
75622,160,151,9,9
75623,130,141,-11,11
75624,60,64,-4,4
75625,104,101,3,3
75626,91,92,-1,1
75627,89,98,-9,9
75628,49,58,-9,9
75629,155,153,2,2
75630,94,91,3,3
75631,146,143,3,3
75632,87,97,-10,10
75633,127,124,3,3
75634,79,83,-4,4
75635,93,94,-1,1
75636,121,125,-4,4
75637,74,71,3,3
75638,113,111,2,2
75639,163,153,10,10
75640,122,107,15,15
75641,118,124,-6,6
75642,56,63,-7,7
75643,129,125,4,4
75644,128,123,5,5
75645,159,148,11,11
75646,62,66,-4,4
75647,108,110,-2,2
75648,72,72,0,0
75649,79,82,-3,3
75650,166,166,0,0
75651,62,72,-10,10
75652,144,147,-3,3
75653,129,120,9,9
75654,72,76,-4,4
75655,93,84,9,9
75656,86,98,-12,12
75657,126,120,6,6
75658,86,83,3,3
75659,87,86,1,1
75660,183,174,9,9
75661,68,68,0,0
75662,80,76,4,4
75663,63,74,-11,11
75664,61,69,-8,8
75665,103,107,-4,4
75666,46,54,-8,8
75667,107,100,7,7
75668,127,129,-2,2
75669,89,85,4,4
75670,104,106,-2,2
75671,82,87,-5,5
75672,114,117,-3,3
75673,82,81,1,1
75674,109,113,-4,4
75675,105,106,-1,1
75676,67,74,-7,7
75677,64,68,-4,4
75678,109,107,2,2
75679,50,57,-7,7
75680,49,50,-1,1
75681,89,93,-4,4
75682,163,158,5,5
75683,64,71,-7,7
75684,180,167,13,13
75685,73,119,-46,46
75686,155,147,8,8
75687,106,108,-2,2
75688,102,98,4,4
75689,142,141,1,1
75690,62,64,-2,2
75691,93,98,-5,5
75692,125,108,17,17
75693,71,73,-2,2
75694,62,73,-11,11
75695,129,123,6,6
75696,109,124,-15,15
75697,174,167,7,7
75698,103,109,-6,6
75699,124,113,11,11
75700,74,82,-8,8
75701,96,92,4,4
75702,112,112,0,0
75703,78,79,-1,1
75704,59,63,-4,4
75705,54,62,-8,8
75706,86,80,6,6
75707,99,115,-16,16
75708,120,133,-13,13
75709,134,125,9,9
75710,141,130,11,11
75711,99,102,-3,3
75712,92,96,-4,4
75713,121,120,1,1
75714,74,75,-1,1
75715,101,88,13,13
75716,14,91,-77,77
75717,80,80,0,0
75718,88,83,5,5
75719,60,67,-7,7
75720,112,112,0,0
75721,153,132,21,21
75722,108,105,3,3
75723,98,103,-5,5
75724,78,99,-21,21
75725,115,141,-26,26
75726,71,70,1,1
75727,129,129,0,0
75728,56,63,-7,7
75729,68,69,-1,1
75730,80,79,1,1
75731,110,122,-12,12
75732,86,96,-10,10
75733,139,132,7,7
75734,125,119,6,6
75735,73,74,-1,1
75736,122,113,9,9
75737,99,101,-2,2
75738,78,76,2,2
75739,150,139,11,11
75740,112,94,18,18
75741,95,101,-6,6
75742,85,80,5,5
75743,67,72,-5,5
75744,91,84,7,7
75745,110,101,9,9
75746,88,73,15,15
75747,115,129,-14,14
75748,78,79,-1,1
75749,89,99,-10,10
75750,71,70,1,1
75751,65,64,1,1
75752,67,83,-16,16
75753,144,130,14,14
75754,98,102,-4,4
75755,78,76,2,2
75756,130,131,-1,1
75757,75,76,-1,1
75758,83,81,2,2
75759,72,71,1,1
75760,106,101,5,5
75761,44,49,-5,5
75762,108,103,5,5
75763,80,73,7,7
75764,98,104,-6,6
75765,97,95,2,2
75766,124,135,-11,11
75767,96,85,11,11
75768,71,72,-1,1
75769,118,119,-1,1
75770,115,107,8,8
75771,88,88,0,0
75772,104,106,-2,2
75773,75,70,5,5
75774,115,111,4,4
75775,94,83,11,11
75776,97,100,-3,3
75777,71,75,-4,4
75778,73,85,-12,12
75779,64,70,-6,6
75780,61,68,-7,7
75781,46,52,-6,6
75782,81,82,-1,1
75783,56,66,-10,10
75784,99,99,0,0
75785,131,140,-9,9
75786,75,90,-15,15
75787,74,72,2,2
75788,111,108,3,3
75789,136,127,9,9
75790,81,80,1,1
75791,50,58,-8,8
75792,95,95,0,0
75793,108,119,-11,11
75794,62,104,-42,42
75795,78,80,-2,2
75796,92,86,6,6
75797,42,50,-8,8
75798,102,109,-7,7
75799,104,108,-4,4
75800,55,67,-12,12
75801,69,77,-8,8
75802,90,97,-7,7
75803,63,73,-10,10
75804,101,103,-2,2
75805,43,48,-5,5
75806,69,74,-5,5
75807,109,106,3,3
75808,142,144,-2,2
75809,140,134,6,6
75810,67,72,-5,5
75811,62,67,-5,5
75812,114,103,11,11
75813,107,109,-2,2
75814,85,99,-14,14
75815,167,161,6,6
75816,163,166,-3,3
75817,85,84,1,1
75818,73,81,-8,8
75819,109,105,4,4
75820,61,68,-7,7
75821,77,79,-2,2
75822,207,184,23,23
75823,99,102,-3,3
75824,182,166,16,16
75825,99,98,1,1
75826,83,84,-1,1
75827,75,77,-2,2
75828,139,138,1,1
75829,47,48,-1,1
75830,65,79,-14,14
75831,143,123,20,20
75832,73,74,-1,1
75833,79,81,-2,2
75834,85,76,9,9
75835,88,90,-2,2
75836,141,131,10,10
75837,71,93,-22,22
75838,96,94,2,2
75839,153,141,12,12
75840,133,121,12,12
75841,80,84,-4,4
75842,171,174,-3,3
75843,125,128,-3,3
75844,91,84,7,7
75845,61,66,-5,5
75846,131,121,10,10
75847,136,116,20,20
75848,58,63,-5,5
75849,93,87,6,6
75850,88,87,1,1
75851,68,72,-4,4
75852,129,125,4,4
75853,127,115,12,12
75854,98,147,-49,49
75855,87,88,-1,1
75856,84,85,-1,1
75857,51,80,-29,29
75858,72,73,-1,1
75859,144,139,5,5
75860,96,100,-4,4
75861,61,61,0,0
75862,86,80,6,6
75863,78,73,5,5
75864,51,62,-11,11
75865,151,144,7,7
75866,109,104,5,5
75867,108,118,-10,10
75868,80,75,5,5
75869,67,64,3,3
75870,125,139,-14,14
75871,75,71,4,4
75872,176,177,-1,1
75873,105,110,-5,5
75874,82,87,-5,5
75875,146,142,4,4
75876,49,89,-40,40
75877,68,84,-16,16
75878,119,121,-2,2
75879,40,40,0,0
75880,118,116,2,2
75881,65,67,-2,2
75882,92,100,-8,8
75883,69,67,2,2
75884,110,106,4,4
75885,94,93,1,1
75886,152,175,-23,23
75887,118,115,3,3
75888,72,74,-2,2
75889,141,131,10,10
75890,43,53,-10,10
75891,122,114,8,8
75892,73,75,-2,2
75893,92,84,8,8
75894,101,112,-11,11
75895,66,64,2,2
75896,70,69,1,1
75897,43,52,-9,9
75898,84,79,5,5
75899,83,97,-14,14
75900,71,71,0,0
75901,97,86,11,11
75902,116,113,3,3
75903,107,118,-11,11
75904,152,143,9,9
75905,130,148,-18,18
75906,49,50,-1,1
75907,111,106,5,5
75908,124,114,10,10
75909,75,74,1,1
75910,112,128,-16,16
75911,111,115,-4,4
75912,97,96,1,1
75913,47,44,3,3
75914,114,102,12,12
75915,107,113,-6,6
75916,93,94,-1,1
75917,107,104,3,3
75918,114,115,-1,1
75919,124,131,-7,7
75920,133,121,12,12
75921,64,64,0,0
75922,80,83,-3,3
75923,155,139,16,16
75924,98,111,-13,13
75925,82,71,11,11
75926,50,58,-8,8
75927,64,65,-1,1
75928,97,103,-6,6
75929,123,113,10,10
75930,46,55,-9,9
75931,78,73,5,5
75932,122,120,2,2
75933,181,163,18,18
75934,64,70,-6,6
75935,56,63,-7,7
75936,72,83,-11,11
75937,141,131,10,10
75938,126,120,6,6
75939,71,66,5,5
75940,81,71,10,10
75941,137,130,7,7
75942,91,91,0,0
75943,117,111,6,6
75944,160,158,2,2
75945,101,88,13,13
75946,55,68,-13,13
75947,104,106,-2,2
75948,72,73,-1,1
75949,165,158,7,7
75950,74,70,4,4
75951,72,75,-3,3
75952,138,122,16,16
75953,87,86,1,1
75954,66,67,-1,1
75955,78,83,-5,5
75956,80,75,5,5
75957,111,114,-3,3
75958,132,130,2,2
75959,70,71,-1,1
75960,96,95,1,1
75961,127,125,2,2
75962,121,120,1,1
75963,57,60,-3,3
75964,203,196,7,7
75965,94,97,-3,3
75966,81,96,-15,15
75967,52,58,-6,6
75968,150,140,10,10
75969,83,111,-28,28
75970,99,89,10,10
75971,64,69,-5,5
75972,79,79,0,0
75973,81,81,0,0
75974,47,58,-11,11
75975,54,60,-6,6
75976,152,143,9,9
75977,44,55,-11,11
75978,87,84,3,3
75979,161,152,9,9
75980,83,85,-2,2
75981,75,77,-2,2
75982,111,116,-5,5
75983,60,61,-1,1
75984,98,88,10,10
75985,74,82,-8,8
75986,81,74,7,7
75987,113,112,1,1
75988,110,101,9,9
75989,84,84,0,0
75990,57,62,-5,5
75991,70,71,-1,1
75992,175,157,18,18
75993,95,99,-4,4
75994,94,94,0,0
75995,107,105,2,2
75996,75,78,-3,3
75997,85,97,-12,12
75998,162,143,19,19
75999,93,97,-4,4
76000,73,76,-3,3
76001,86,85,1,1
76002,179,171,8,8
76003,202,194,8,8
76004,98,101,-3,3
76005,85,88,-3,3
76006,37,53,-16,16
76007,121,112,9,9
76008,128,122,6,6
76009,87,97,-10,10
76010,141,143,-2,2
76011,70,66,4,4
76012,151,157,-6,6
76013,116,115,1,1
76014,81,77,4,4
76015,81,73,8,8
76016,89,87,2,2
76017,124,111,13,13
76018,94,100,-6,6
76019,56,69,-13,13
76020,151,147,4,4
76021,157,150,7,7
76022,70,72,-2,2
76023,154,150,4,4
76024,130,125,5,5
76025,121,114,7,7
76026,119,121,-2,2
76027,94,96,-2,2
76028,62,72,-10,10
76029,99,94,5,5
76030,82,77,5,5
76031,145,145,0,0
76032,107,118,-11,11
76033,107,109,-2,2
76034,128,116,12,12
76035,52,58,-6,6
76036,103,100,3,3
76037,70,70,0,0
76038,161,163,-2,2
76039,74,76,-2,2
76040,70,67,3,3
76041,114,104,10,10
76042,150,148,2,2
76043,105,117,-12,12
76044,119,129,-10,10
76045,71,76,-5,5
76046,102,99,3,3
76047,43,58,-15,15
76048,84,85,-1,1
76049,70,76,-6,6
76050,82,83,-1,1
76051,74,66,8,8
76052,98,92,6,6
76053,55,64,-9,9
76054,110,113,-3,3
76055,145,152,-7,7
76056,80,79,1,1
76057,137,141,-4,4
76058,77,89,-12,12
76059,80,75,5,5
76060,73,69,4,4
76061,83,78,5,5
76062,100,91,9,9
76063,85,80,5,5
76064,101,102,-1,1
76065,79,80,-1,1
76066,89,97,-8,8
76067,60,66,-6,6
76068,112,97,15,15
76069,173,168,5,5
76070,60,63,-3,3
76071,41,44,-3,3
76072,57,70,-13,13
76073,88,93,-5,5
76074,101,97,4,4
76075,82,72,10,10
76076,100,100,0,0
76077,85,86,-1,1
76078,117,104,13,13
76079,83,84,-1,1
76080,162,146,16,16
76081,59,64,-5,5
76082,127,118,9,9
76083,170,153,17,17
76084,114,105,9,9
76085,111,109,2,2
76086,44,52,-8,8
76087,91,95,-4,4
76088,76,83,-7,7
76089,64,72,-8,8
76090,67,68,-1,1
76091,135,131,4,4
76092,75,76,-1,1
76093,110,107,3,3
76094,84,80,4,4
76095,77,74,3,3
76096,97,99,-2,2
76097,85,91,-6,6
76098,61,61,0,0
76099,86,88,-2,2
76100,75,74,1,1
76101,83,113,-30,30
76102,168,161,7,7
76103,97,100,-3,3
76104,64,70,-6,6
76105,126,117,9,9
76106,85,92,-7,7
76107,111,113,-2,2
76108,87,85,2,2
76109,101,112,-11,11
76110,162,111,51,51
76111,143,148,-5,5
76112,123,115,8,8
76113,82,77,5,5
76114,101,97,4,4
76115,92,101,-9,9
76116,87,102,-15,15
76117,93,79,14,14
76118,100,109,-9,9
76119,92,87,5,5
76120,85,76,9,9
76121,49,54,-5,5
76122,79,92,-13,13
76123,58,62,-4,4
76124,85,91,-6,6
76125,61,65,-4,4
76126,140,136,4,4
76127,127,130,-3,3
76128,152,149,3,3
76129,67,68,-1,1
76130,64,68,-4,4
76131,136,133,3,3
76132,74,72,2,2
76133,100,92,8,8
76134,158,146,12,12
76135,80,85,-5,5
76136,88,87,1,1
76137,110,116,-6,6
76138,74,69,5,5
76139,116,121,-5,5
76140,82,77,5,5
76141,117,110,7,7
76142,81,81,0,0
76143,74,74,0,0
76144,104,104,0,0
76145,147,130,17,17
76146,82,80,2,2
76147,50,55,-5,5
76148,180,174,6,6
76149,182,183,-1,1
76150,63,77,-14,14
76151,190,165,25,25
76152,122,138,-16,16
76153,99,99,0,0
76154,66,72,-6,6
76155,53,71,-18,18
76156,63,69,-6,6
76157,125,140,-15,15
76158,112,105,7,7
76159,85,86,-1,1
76160,56,65,-9,9
76161,85,82,3,3
76162,70,79,-9,9
76163,83,87,-4,4
76164,135,130,5,5
76165,57,62,-5,5
76166,84,83,1,1
76167,90,101,-11,11
76168,59,66,-7,7
76169,77,76,1,1
76170,64,65,-1,1
76171,99,103,-4,4
76172,109,106,3,3
76173,97,101,-4,4
76174,92,84,8,8
76175,87,94,-7,7
76176,42,48,-6,6
76177,74,81,-7,7
76178,162,177,-15,15
76179,125,117,8,8
76180,178,183,-5,5
76181,98,114,-16,16
76182,89,96,-7,7
76183,72,68,4,4
76184,78,77,1,1
76185,53,61,-8,8
76186,85,78,7,7
76187,122,116,6,6
76188,101,110,-9,9
76189,81,78,3,3
76190,128,92,36,36
76191,98,99,-1,1
76192,154,161,-7,7
76193,122,128,-6,6
76194,63,65,-2,2
76195,83,88,-5,5
76196,98,100,-2,2
76197,70,72,-2,2
76198,89,103,-14,14
76199,111,120,-9,9
76200,44,60,-16,16
76201,48,62,-14,14
76202,104,101,3,3
76203,106,107,-1,1
76204,148,130,18,18
76205,128,130,-2,2
76206,118,114,4,4
76207,105,94,11,11
76208,141,148,-7,7
76209,115,111,4,4
76210,161,156,5,5
76211,71,90,-19,19
76212,149,143,6,6
76213,77,76,1,1
76214,117,112,5,5
76215,119,113,6,6
76216,116,106,10,10
76217,88,84,4,4
76218,107,113,-6,6
76219,72,82,-10,10
76220,137,153,-16,16
76221,122,126,-4,4
76222,126,125,1,1
76223,50,62,-12,12
76224,119,106,13,13
76225,79,73,6,6
76226,124,127,-3,3
76227,128,128,0,0
76228,132,119,13,13
76229,90,85,5,5
76230,95,100,-5,5
76231,97,95,2,2
76232,63,70,-7,7
76233,109,106,3,3
76234,133,144,-11,11
76235,104,102,2,2
76236,35,78,-43,43
76237,72,75,-3,3
76238,65,73,-8,8
76239,120,111,9,9
76240,135,161,-26,26
76241,130,120,10,10
76242,137,142,-5,5
76243,81,77,4,4
76244,83,84,-1,1
76245,51,61,-10,10
76246,77,84,-7,7
76247,116,109,7,7
76248,72,80,-8,8
76249,97,103,-6,6
76250,78,73,5,5
76251,63,66,-3,3
76252,130,138,-8,8
76253,158,153,5,5
76254,75,80,-5,5
76255,76,75,1,1
76256,101,100,1,1
76257,44,58,-14,14
76258,74,73,1,1
76259,98,94,4,4
76260,134,147,-13,13
76261,104,101,3,3
76262,88,85,3,3
76263,179,167,12,12
76264,46,56,-10,10
76265,141,143,-2,2
76266,91,82,9,9
76267,72,75,-3,3
76268,82,82,0,0
76269,73,74,-1,1
76270,139,127,12,12
76271,124,119,5,5
76272,100,96,4,4
76273,98,95,3,3
76274,80,80,0,0
76275,97,115,-18,18
76276,62,70,-8,8
76277,136,133,3,3
76278,93,86,7,7
76279,104,104,0,0
76280,158,158,0,0
76281,105,100,5,5
76282,82,69,13,13
76283,150,147,3,3
76284,161,148,13,13
76285,68,71,-3,3
76286,97,100,-3,3
76287,106,101,5,5
76288,75,73,2,2
76289,95,96,-1,1
76290,84,83,1,1
76291,144,137,7,7
76292,115,115,0,0
76293,45,57,-12,12
76294,99,95,4,4
76295,91,87,4,4
76296,75,71,4,4
76297,134,115,19,19
76298,69,67,2,2
76299,74,73,1,1
76300,53,59,-6,6
76301,74,77,-3,3
76302,95,96,-1,1
76303,54,62,-8,8
76304,96,96,0,0
76305,93,95,-2,2
76306,108,105,3,3
76307,104,116,-12,12
76308,80,80,0,0
76309,87,79,8,8
76310,98,106,-8,8
76311,60,66,-6,6
76312,65,70,-5,5
76313,75,85,-10,10
76314,80,91,-11,11
76315,81,92,-11,11
76316,123,113,10,10
76317,89,96,-7,7
76318,142,140,2,2
76319,64,64,0,0
76320,100,105,-5,5
76321,45,57,-12,12
76322,118,110,8,8
76323,73,77,-4,4
76324,74,77,-3,3
76325,102,105,-3,3
76326,66,80,-14,14
76327,120,126,-6,6
76328,57,61,-4,4
76329,149,133,16,16
76330,131,132,-1,1
76331,81,77,4,4
76332,61,65,-4,4
76333,89,93,-4,4
76334,66,66,0,0
76335,64,69,-5,5
76336,76,80,-4,4
76337,124,115,9,9
76338,48,61,-13,13
76339,68,70,-2,2
76340,100,103,-3,3
76341,96,98,-2,2
76342,50,53,-3,3
76343,85,88,-3,3
76344,85,85,0,0
76345,61,67,-6,6
76346,91,80,11,11
76347,72,73,-1,1
76348,129,118,11,11
76349,104,100,4,4
76350,54,67,-13,13
76351,53,60,-7,7
76352,105,111,-6,6
76353,91,106,-15,15
76354,66,74,-8,8
76355,59,63,-4,4
76356,118,115,3,3
76357,109,117,-8,8
76358,63,65,-2,2
76359,63,59,4,4
76360,68,70,-2,2
76361,166,176,-10,10
76362,84,78,6,6
76363,66,66,0,0
76364,100,111,-11,11
76365,104,98,6,6
76366,65,68,-3,3
76367,57,63,-6,6
76368,99,98,1,1
76369,96,113,-17,17
76370,71,73,-2,2
76371,57,66,-9,9
76372,105,112,-7,7
76373,88,83,5,5
76374,54,61,-7,7
76375,181,163,18,18
76376,100,98,2,2
76377,103,103,0,0
76378,138,127,11,11
76379,65,71,-6,6
76380,71,74,-3,3
76381,70,70,0,0
76382,72,71,1,1
76383,66,65,1,1
76384,79,77,2,2
76385,169,161,8,8
76386,129,123,6,6
76387,129,110,19,19
76388,63,66,-3,3
76389,92,90,2,2
76390,109,110,-1,1
76391,58,67,-9,9
76392,108,101,7,7
76393,107,98,9,9
76394,162,161,1,1
76395,57,63,-6,6
76396,109,116,-7,7
76397,86,84,2,2
76398,91,84,7,7
76399,89,79,10,10
76400,93,100,-7,7
76401,70,70,0,0
76402,73,73,0,0
76403,71,70,1,1
76404,59,57,2,2
76405,166,165,1,1
76406,71,66,5,5
76407,71,66,5,5
76408,132,119,13,13
76409,103,109,-6,6
76410,114,105,9,9
76411,103,112,-9,9
76412,98,95,3,3
76413,92,84,8,8
76414,102,112,-10,10
76415,113,119,-6,6
76416,130,155,-25,25
76417,56,67,-11,11
76418,127,119,8,8
76419,53,68,-15,15
76420,129,125,4,4
76421,93,90,3,3
76422,133,123,10,10
76423,93,89,4,4
76424,92,94,-2,2
76425,45,60,-15,15
76426,96,85,11,11
76427,104,130,-26,26
76428,65,67,-2,2
76429,114,112,2,2
76430,52,58,-6,6
76431,80,82,-2,2
76432,135,129,6,6
76433,78,99,-21,21
76434,69,70,-1,1
76435,61,58,3,3
76436,75,71,4,4
76437,131,135,-4,4
76438,108,115,-7,7
76439,96,98,-2,2
76440,178,163,15,15
76441,171,178,-7,7
76442,81,74,7,7
76443,91,84,7,7
76444,69,75,-6,6
76445,146,135,11,11
76446,111,104,7,7
76447,65,66,-1,1
76448,86,81,5,5
76449,79,95,-16,16
76450,108,100,8,8
76451,94,94,0,0
76452,107,109,-2,2
76453,100,95,5,5
76454,121,113,8,8
76455,144,153,-9,9
76456,66,70,-4,4
76457,40,47,-7,7
76458,99,102,-3,3
76459,32,46,-14,14
76460,69,70,-1,1
76461,145,145,0,0
76462,76,82,-6,6
76463,85,83,2,2
76464,53,59,-6,6
76465,27,34,-7,7
76466,55,69,-14,14
76467,41,42,-1,1
76468,57,64,-7,7
76469,83,76,7,7
76470,77,72,5,5
76471,85,98,-13,13
76472,118,106,12,12
76473,55,62,-7,7
76474,62,64,-2,2
76475,111,109,2,2
76476,108,104,4,4
76477,89,95,-6,6
76478,97,86,11,11
76479,94,101,-7,7
76480,61,67,-6,6
76481,82,90,-8,8
76482,83,84,-1,1
76483,140,127,13,13
76484,152,133,19,19
76485,86,78,8,8
76486,33,40,-7,7
76487,88,83,5,5
76488,71,70,1,1
76489,97,112,-15,15
76490,81,85,-4,4
76491,129,119,10,10
76492,55,63,-8,8
76493,122,125,-3,3
76494,103,112,-9,9
76495,98,94,4,4
76496,89,83,6,6
76497,87,82,5,5
76498,79,84,-5,5
76499,98,106,-8,8
76500,49,65,-16,16
76501,82,81,1,1
76502,120,120,0,0
76503,108,111,-3,3
76504,169,159,10,10
76505,161,159,2,2
76506,134,132,2,2
76507,96,100,-4,4
76508,56,57,-1,1
76509,101,105,-4,4
76510,86,95,-9,9
76511,82,86,-4,4
76512,85,92,-7,7
76513,79,77,2,2
76514,78,83,-5,5
76515,105,92,13,13
76516,142,139,3,3
76517,65,74,-9,9
76518,57,65,-8,8
76519,81,82,-1,1
76520,139,112,27,27
76521,84,80,4,4
76522,81,81,0,0
76523,154,131,23,23
76524,147,135,12,12
76525,153,141,12,12
76526,73,76,-3,3
76527,141,130,11,11
76528,43,54,-11,11
76529,101,100,1,1
76530,42,56,-14,14
76531,78,79,-1,1
76532,97,112,-15,15
76533,65,71,-6,6
76534,58,63,-5,5
76535,79,88,-9,9
76536,95,96,-1,1
76537,105,118,-13,13
76538,37,49,-12,12
76539,82,83,-1,1
76540,130,127,3,3
76541,99,109,-10,10
76542,125,110,15,15
76543,51,64,-13,13
76544,87,87,0,0
76545,147,153,-6,6
76546,61,60,1,1
76547,122,122,0,0
76548,70,79,-9,9
76549,81,74,7,7
76550,93,89,4,4
76551,136,133,3,3
76552,61,67,-6,6
76553,75,84,-9,9
76554,118,106,12,12
76555,110,117,-7,7
76556,153,160,-7,7
76557,57,59,-2,2
76558,128,115,13,13
76559,118,110,8,8
76560,81,87,-6,6
76561,82,80,2,2
76562,126,121,5,5
76563,110,104,6,6
76564,91,98,-7,7
76565,106,86,20,20
76566,92,85,7,7
76567,74,82,-8,8
76568,119,115,4,4
76569,47,56,-9,9
76570,81,92,-11,11
76571,101,99,2,2
76572,91,90,1,1
76573,68,72,-4,4
76574,119,113,6,6
76575,90,87,3,3
76576,104,105,-1,1
76577,80,83,-3,3
76578,84,91,-7,7
76579,132,121,11,11
76580,32,70,-38,38
76581,139,130,9,9
76582,85,78,7,7
76583,83,84,-1,1
76584,55,61,-6,6
76585,98,113,-15,15
76586,177,172,5,5
76587,81,85,-4,4
76588,90,97,-7,7
76589,133,123,10,10
76590,85,71,14,14
76591,58,60,-2,2
76592,133,129,4,4
76593,81,79,2,2
76594,149,141,8,8
76595,107,104,3,3
76596,113,97,16,16
76597,108,101,7,7
76598,93,87,6,6
76599,100,88,12,12
76600,66,70,-4,4
76601,109,102,7,7
76602,77,88,-11,11
76603,208,182,26,26
76604,79,83,-4,4
76605,74,70,4,4
76606,74,73,1,1
76607,131,125,6,6
76608,127,114,13,13
76609,77,74,3,3
76610,100,78,22,22
76611,82,117,-35,35
76612,100,103,-3,3
76613,65,74,-9,9
76614,97,104,-7,7
76615,146,130,16,16
76616,99,83,16,16
76617,117,108,9,9
76618,71,75,-4,4
76619,60,62,-2,2
76620,75,76,-1,1
76621,46,48,-2,2
76622,121,108,13,13
76623,55,60,-5,5
76624,119,121,-2,2
76625,178,170,8,8
76626,131,127,4,4
76627,123,117,6,6
76628,99,99,0,0
76629,164,148,16,16
76630,69,72,-3,3
76631,55,61,-6,6
76632,148,152,-4,4
76633,67,67,0,0
76634,138,134,4,4
76635,115,107,8,8
76636,134,126,8,8
76637,91,98,-7,7
76638,94,93,1,1
76639,114,111,3,3
76640,92,90,2,2
76641,98,108,-10,10
76642,41,41,0,0
76643,49,59,-10,10
76644,59,72,-13,13
76645,90,84,6,6
76646,165,153,12,12
76647,53,61,-8,8
76648,67,70,-3,3
76649,77,73,4,4
76650,87,83,4,4
76651,65,66,-1,1
76652,133,126,7,7
76653,98,96,2,2
76654,103,105,-2,2
76655,85,81,4,4
76656,153,142,11,11
76657,85,77,8,8
76658,126,130,-4,4
76659,102,111,-9,9
76660,115,111,4,4
76661,78,80,-2,2
76662,152,154,-2,2
76663,72,73,-1,1
76664,65,66,-1,1
76665,71,72,-1,1
76666,134,135,-1,1
76667,104,104,0,0
76668,54,63,-9,9
76669,133,121,12,12
76670,99,85,14,14
76671,69,70,-1,1
76672,169,167,2,2
76673,94,100,-6,6
76674,106,112,-6,6
76675,86,85,1,1
76676,107,102,5,5
76677,52,62,-10,10
76678,71,76,-5,5
76679,87,83,4,4
76680,155,160,-5,5
76681,58,67,-9,9
76682,144,136,8,8
76683,111,106,5,5
76684,90,89,1,1
76685,74,64,10,10
76686,100,92,8,8
76687,112,111,1,1
76688,117,116,1,1
76689,48,92,-44,44
76690,107,93,14,14
76691,144,140,4,4
76692,86,79,7,7
76693,101,95,6,6
76694,94,96,-2,2
76695,129,113,16,16
76696,132,132,0,0
76697,61,66,-5,5
76698,103,109,-6,6
76699,104,99,5,5
76700,135,118,17,17
76701,76,82,-6,6
76702,112,116,-4,4
76703,114,100,14,14
76704,69,65,4,4
76705,92,80,12,12
76706,80,83,-3,3
76707,139,125,14,14
76708,76,75,1,1
76709,71,69,2,2
76710,100,101,-1,1
76711,106,99,7,7
76712,145,141,4,4
76713,76,85,-9,9
76714,92,100,-8,8
76715,49,54,-5,5
76716,110,106,4,4
76717,92,96,-4,4
76718,173,145,28,28
76719,98,101,-3,3
76720,175,154,21,21
76721,75,84,-9,9
76722,103,87,16,16
76723,111,124,-13,13
76724,215,211,4,4
76725,131,125,6,6
76726,67,74,-7,7
76727,127,134,-7,7
76728,72,74,-2,2
76729,43,69,-26,26
76730,65,68,-3,3
76731,69,70,-1,1
76732,149,158,-9,9
76733,75,71,4,4
76734,81,82,-1,1
76735,76,67,9,9
76736,53,67,-14,14
76737,79,86,-7,7
76738,152,140,12,12
76739,97,99,-2,2
76740,48,57,-9,9
76741,107,110,-3,3
76742,118,116,2,2
76743,78,77,1,1
76744,98,87,11,11
76745,121,112,9,9
76746,108,101,7,7
76747,59,62,-3,3
76748,95,99,-4,4
76749,98,102,-4,4
76750,71,70,1,1
76751,76,76,0,0
76752,100,107,-7,7
76753,70,69,1,1
76754,71,66,5,5
76755,94,75,19,19
76756,86,87,-1,1
76757,102,105,-3,3
76758,106,104,2,2
76759,74,81,-7,7
76760,49,61,-12,12
76761,103,99,4,4
76762,70,74,-4,4
76763,168,164,4,4
76764,66,72,-6,6
76765,128,131,-3,3
76766,110,108,2,2
76767,82,75,7,7
76768,92,83,9,9
76769,187,180,7,7
76770,101,116,-15,15
76771,47,53,-6,6
76772,72,74,-2,2
76773,77,78,-1,1
76774,30,34,-4,4
76775,124,126,-2,2
76776,218,190,28,28
76777,110,115,-5,5
76778,106,110,-4,4
76779,133,120,13,13
76780,88,77,11,11
76781,58,62,-4,4
76782,184,164,20,20
76783,152,132,20,20
76784,87,96,-9,9
76785,167,152,15,15
76786,93,99,-6,6
76787,130,108,22,22
76788,96,83,13,13
76789,119,123,-4,4
76790,81,80,1,1
76791,52,55,-3,3
76792,66,65,1,1
76793,102,109,-7,7
76794,76,73,3,3
76795,117,102,15,15
76796,98,89,9,9
76797,81,80,1,1
76798,99,104,-5,5
76799,81,76,5,5
76800,64,71,-7,7
76801,139,142,-3,3
76802,84,85,-1,1
76803,68,69,-1,1
76804,42,46,-4,4
76805,73,67,6,6
76806,158,118,40,40
76807,101,104,-3,3
76808,122,115,7,7
76809,76,84,-8,8
76810,129,157,-28,28
76811,99,89,10,10
76812,71,69,2,2
76813,80,79,1,1
76814,141,128,13,13
76815,48,53,-5,5
76816,146,134,12,12
76817,83,85,-2,2
76818,102,102,0,0
76819,87,84,3,3
76820,83,77,6,6
76821,63,77,-14,14
76822,89,88,1,1
76823,142,130,12,12
76824,90,99,-9,9
76825,97,93,4,4
76826,130,127,3,3
76827,88,84,4,4
76828,146,148,-2,2
76829,118,110,8,8
76830,124,119,5,5
76831,108,119,-11,11
76832,53,65,-12,12
76833,78,82,-4,4
76834,54,59,-5,5
76835,121,113,8,8
76836,105,117,-12,12
76837,47,62,-15,15
76838,58,61,-3,3
76839,126,114,12,12
76840,165,148,17,17
76841,118,112,6,6
76842,54,61,-7,7
76843,98,91,7,7
76844,39,29,10,10
76845,88,96,-8,8
76846,85,85,0,0
76847,92,101,-9,9
76848,101,103,-2,2
76849,69,79,-10,10
76850,70,68,2,2
76851,57,91,-34,34
76852,89,86,3,3
76853,165,157,8,8
76854,88,90,-2,2
76855,142,132,10,10
76856,109,112,-3,3
76857,105,105,0,0
76858,94,98,-4,4
76859,124,118,6,6
76860,119,113,6,6
76861,41,43,-2,2
76862,102,104,-2,2
76863,90,74,16,16
76864,126,127,-1,1
76865,59,72,-13,13
76866,74,75,-1,1
76867,104,112,-8,8
76868,101,101,0,0
76869,102,102,0,0
76870,123,126,-3,3
76871,90,90,0,0
76872,85,79,6,6
76873,85,93,-8,8
76874,57,62,-5,5
76875,73,76,-3,3
76876,73,78,-5,5
76877,106,111,-5,5
76878,47,49,-2,2
76879,91,98,-7,7
76880,93,84,9,9
76881,63,73,-10,10
76882,80,76,4,4
76883,71,71,0,0
76884,92,89,3,3
76885,125,121,4,4
76886,82,94,-12,12
76887,97,107,-10,10
76888,59,59,0,0
76889,125,137,-12,12
76890,115,105,10,10
76891,103,99,4,4
76892,97,97,0,0
76893,89,89,0,0
76894,78,79,-1,1
76895,159,144,15,15
76896,117,124,-7,7
76897,100,97,3,3
76898,104,106,-2,2
76899,97,109,-12,12
76900,114,106,8,8
76901,118,126,-8,8
76902,99,85,14,14
76903,98,90,8,8
76904,114,114,0,0
76905,99,101,-2,2
76906,95,95,0,0
76907,68,74,-6,6
76908,119,115,4,4
76909,125,116,9,9
76910,74,77,-3,3
76911,97,91,6,6
76912,101,99,2,2
76913,157,156,1,1
76914,141,133,8,8
76915,132,132,0,0
76916,104,104,0,0
76917,85,85,0,0
76918,110,112,-2,2
76919,91,101,-10,10
76920,53,57,-4,4
76921,81,81,0,0
76922,78,82,-4,4
76923,79,92,-13,13
76924,73,74,-1,1
76925,81,83,-2,2
76926,89,85,4,4
76927,78,77,1,1
76928,122,113,9,9
76929,64,70,-6,6
76930,52,58,-6,6
76931,87,92,-5,5
76932,134,132,2,2
76933,104,97,7,7
76934,116,120,-4,4
76935,102,110,-8,8
76936,160,146,14,14
76937,83,76,7,7
76938,159,167,-8,8
76939,130,134,-4,4
76940,92,88,4,4
76941,95,92,3,3
76942,179,183,-4,4
76943,132,115,17,17
76944,53,58,-5,5
76945,100,99,1,1
76946,105,98,7,7
76947,77,79,-2,2
76948,115,112,3,3
76949,126,126,0,0
76950,91,92,-1,1
76951,79,80,-1,1
76952,40,53,-13,13
76953,128,122,6,6
76954,145,138,7,7
76955,153,144,9,9
76956,81,75,6,6
76957,113,122,-9,9
76958,138,121,17,17
76959,100,104,-4,4
76960,77,70,7,7
76961,71,76,-5,5
76962,110,113,-3,3
76963,118,117,1,1
76964,137,138,-1,1
76965,94,96,-2,2
76966,65,66,-1,1
76967,52,71,-19,19
76968,74,76,-2,2
76969,68,68,0,0
76970,101,102,-1,1
76971,104,101,3,3
76972,138,130,8,8
76973,71,73,-2,2
76974,140,126,14,14
76975,83,81,2,2
76976,91,92,-1,1
76977,125,115,10,10
76978,77,84,-7,7
76979,63,62,1,1
76980,116,111,5,5
76981,102,101,1,1
76982,121,129,-8,8
76983,116,113,3,3
76984,181,177,4,4
76985,112,120,-8,8
76986,151,158,-7,7
76987,127,121,6,6
76988,87,84,3,3
76989,123,120,3,3
76990,74,85,-11,11
76991,161,154,7,7
76992,48,57,-9,9
76993,207,198,9,9
76994,124,124,0,0
76995,91,102,-11,11
76996,104,102,2,2
76997,118,123,-5,5
76998,112,108,4,4
76999,70,71,-1,1
77000,76,70,6,6
77001,133,123,10,10
77002,79,73,6,6
77003,56,69,-13,13
77004,111,137,-26,26
77005,48,61,-13,13
77006,80,70,10,10
77007,144,142,2,2
77008,39,32,7,7
77009,91,96,-5,5
77010,97,97,0,0
77011,93,83,10,10
77012,142,130,12,12
77013,116,113,3,3
77014,86,89,-3,3
77015,128,130,-2,2
77016,101,113,-12,12
77017,53,64,-11,11
77018,153,147,6,6
77019,69,78,-9,9
77020,101,96,5,5
77021,146,149,-3,3
77022,107,106,1,1
77023,86,86,0,0
77024,44,57,-13,13
77025,64,71,-7,7
77026,90,73,17,17
77027,69,74,-5,5
77028,78,86,-8,8
77029,141,137,4,4
77030,54,53,1,1
77031,61,61,0,0
77032,140,125,15,15
77033,158,131,27,27
77034,96,87,9,9
77035,159,154,5,5
77036,155,132,23,23
77037,152,143,9,9
77038,62,60,2,2
77039,84,79,5,5
77040,197,188,9,9
77041,123,121,2,2
77042,80,85,-5,5
77043,25,29,-4,4
77044,140,142,-2,2
77045,65,75,-10,10
77046,67,98,-31,31
77047,62,68,-6,6
77048,71,71,0,0
77049,138,135,3,3
77050,73,72,1,1
77051,84,93,-9,9
77052,227,205,22,22
77053,97,93,4,4
77054,47,55,-8,8
77055,74,77,-3,3
77056,75,80,-5,5
77057,64,69,-5,5
77058,107,107,0,0
77059,60,61,-1,1
77060,70,74,-4,4
77061,117,100,17,17
77062,110,119,-9,9
77063,118,118,0,0
77064,86,85,1,1
77065,61,70,-9,9
77066,72,72,0,0
77067,153,141,12,12
77068,92,98,-6,6
77069,117,116,1,1
77070,79,77,2,2
77071,111,101,10,10
77072,48,56,-8,8
77073,71,68,3,3
77074,100,100,0,0
77075,90,82,8,8
77076,67,73,-6,6
77077,111,109,2,2
77078,68,69,-1,1
77079,113,105,8,8
77080,78,95,-17,17
77081,94,95,-1,1
77082,86,94,-8,8
77083,131,130,1,1
77084,142,128,14,14
77085,83,91,-8,8
77086,62,79,-17,17
77087,74,66,8,8
77088,143,139,4,4
77089,163,162,1,1
77090,78,75,3,3
77091,42,45,-3,3
77092,69,70,-1,1
77093,68,72,-4,4
77094,132,124,8,8
77095,59,62,-3,3
77096,107,107,0,0
77097,107,109,-2,2
77098,49,55,-6,6
77099,114,112,2,2
77100,87,83,4,4
77101,103,86,17,17
77102,122,113,9,9
77103,114,114,0,0
77104,172,162,10,10
77105,69,74,-5,5
77106,57,68,-11,11
77107,108,110,-2,2
77108,80,99,-19,19
77109,70,74,-4,4
77110,126,125,1,1
77111,102,100,2,2
77112,45,53,-8,8
77113,72,70,2,2
77114,174,162,12,12
77115,101,108,-7,7
77116,53,58,-5,5
77117,71,71,0,0
77118,157,168,-11,11
77119,139,129,10,10
77120,116,101,15,15
77121,86,79,7,7
77122,96,86,10,10
77123,107,109,-2,2
77124,98,107,-9,9
77125,89,95,-6,6
77126,117,126,-9,9
77127,108,111,-3,3
77128,54,58,-4,4
77129,116,117,-1,1
77130,111,111,0,0
77131,139,145,-6,6
77132,74,72,2,2
77133,117,124,-7,7
77134,106,113,-7,7
77135,158,138,20,20
77136,97,98,-1,1
77137,70,68,2,2
77138,106,108,-2,2
77139,82,76,6,6
77140,141,127,14,14
77141,132,125,7,7
77142,114,104,10,10
77143,145,135,10,10
77144,56,65,-9,9
77145,109,100,9,9
77146,131,118,13,13
77147,154,123,31,31
77148,73,69,4,4
77149,63,70,-7,7
77150,134,148,-14,14
77151,91,83,8,8
77152,127,123,4,4
77153,42,48,-6,6
77154,101,106,-5,5
77155,52,56,-4,4
77156,143,147,-4,4
77157,92,89,3,3
77158,84,83,1,1
77159,101,116,-15,15
77160,117,117,0,0
77161,85,84,1,1
77162,52,61,-9,9
77163,74,69,5,5
77164,78,68,10,10
77165,64,66,-2,2
77166,90,95,-5,5
77167,59,71,-12,12
77168,53,67,-14,14
77169,94,98,-4,4
77170,77,78,-1,1
77171,108,94,14,14
77172,138,127,11,11
77173,83,86,-3,3
77174,150,135,15,15
77175,108,102,6,6
77176,64,69,-5,5
77177,101,113,-12,12
77178,92,84,8,8
77179,150,141,9,9
77180,133,131,2,2
77181,42,54,-12,12
77182,43,54,-11,11
77183,63,64,-1,1
77184,82,83,-1,1
77185,56,57,-1,1
77186,101,114,-13,13
77187,65,77,-12,12
77188,112,110,2,2
77189,50,57,-7,7
77190,130,124,6,6
77191,88,99,-11,11
77192,74,71,3,3
77193,129,133,-4,4
77194,57,70,-13,13
77195,110,108,2,2
77196,99,102,-3,3
77197,77,73,4,4
77198,117,117,0,0
77199,107,103,4,4
77200,62,62,0,0
77201,75,79,-4,4
77202,97,105,-8,8
77203,54,61,-7,7
77204,80,75,5,5
77205,84,80,4,4
77206,52,55,-3,3
77207,106,106,0,0
77208,99,113,-14,14
77209,92,85,7,7
77210,53,60,-7,7
77211,135,136,-1,1
77212,116,100,16,16
77213,96,102,-6,6
77214,116,111,5,5
77215,90,85,5,5
77216,187,155,32,32
77217,55,94,-39,39
77218,48,38,10,10
77219,77,80,-3,3
77220,74,79,-5,5
77221,97,106,-9,9
77222,159,153,6,6
77223,127,120,7,7
77224,83,82,1,1
77225,67,70,-3,3
77226,103,97,6,6
77227,68,64,4,4
77228,75,71,4,4
77229,88,91,-3,3
77230,82,115,-33,33
77231,128,117,11,11
77232,177,165,12,12
77233,140,129,11,11
77234,108,91,17,17
77235,59,59,0,0
77236,97,98,-1,1
77237,105,107,-2,2
77238,59,61,-2,2
77239,74,73,1,1
77240,63,63,0,0
77241,53,58,-5,5
77242,67,70,-3,3
77243,88,85,3,3
77244,116,114,2,2
77245,141,142,-1,1
77246,123,123,0,0
77247,111,113,-2,2
77248,89,89,0,0
77249,112,110,2,2
77250,118,114,4,4
77251,51,60,-9,9
77252,165,151,14,14
77253,70,75,-5,5
77254,92,83,9,9
77255,156,134,22,22
77256,160,142,18,18
77257,64,67,-3,3
77258,137,137,0,0
77259,93,85,8,8
77260,124,126,-2,2
77261,77,80,-3,3
77262,128,127,1,1
77263,79,70,9,9
77264,61,69,-8,8
77265,112,106,6,6
77266,45,51,-6,6
77267,67,67,0,0
77268,126,125,1,1
77269,92,87,5,5
77270,74,77,-3,3
77271,67,75,-8,8
77272,105,100,5,5
77273,167,166,1,1
77274,131,127,4,4
77275,84,129,-45,45
77276,110,118,-8,8
77277,72,79,-7,7
77278,71,122,-51,51
77279,115,116,-1,1
77280,159,153,6,6
77281,82,95,-13,13
77282,100,113,-13,13
77283,70,66,4,4
77284,104,106,-2,2
77285,49,53,-4,4
77286,104,107,-3,3
77287,101,109,-8,8
77288,66,73,-7,7
77289,87,85,2,2
77290,85,96,-11,11
77291,124,134,-10,10
77292,121,111,10,10
77293,97,93,4,4
77294,63,66,-3,3
77295,93,98,-5,5
77296,79,73,6,6
77297,49,52,-3,3
77298,95,97,-2,2
77299,76,80,-4,4
77300,133,130,3,3
77301,66,70,-4,4
77302,85,97,-12,12
77303,228,252,-24,24
77304,124,129,-5,5
77305,90,82,8,8
77306,95,94,1,1
77307,54,65,-11,11
77308,82,90,-8,8
77309,155,142,13,13
77310,173,168,5,5
77311,171,156,15,15
77312,42,57,-15,15
77313,141,139,2,2
77314,92,83,9,9
77315,94,87,7,7
77316,82,85,-3,3
77317,132,123,9,9
77318,124,114,10,10
77319,94,91,3,3
77320,60,63,-3,3
77321,58,69,-11,11
77322,102,111,-9,9
77323,112,110,2,2
77324,121,116,5,5
77325,133,138,-5,5
77326,54,70,-16,16
77327,105,111,-6,6
77328,82,84,-2,2
77329,104,97,7,7
77330,91,87,4,4
77331,103,111,-8,8
77332,96,106,-10,10
77333,147,160,-13,13
77334,95,98,-3,3
77335,111,120,-9,9
77336,106,108,-2,2
77337,59,62,-3,3
77338,77,74,3,3
77339,97,83,14,14
77340,73,62,11,11
77341,105,102,3,3
77342,122,113,9,9
77343,55,67,-12,12
77344,108,109,-1,1
77345,59,61,-2,2
77346,124,126,-2,2
77347,116,122,-6,6
77348,100,97,3,3
77349,76,80,-4,4
77350,102,98,4,4
77351,95,104,-9,9
77352,138,133,5,5
77353,119,118,1,1
77354,78,82,-4,4
77355,108,112,-4,4
77356,34,38,-4,4
77357,105,109,-4,4
77358,120,113,7,7
77359,91,93,-2,2
77360,103,115,-12,12
77361,75,75,0,0
77362,176,159,17,17
77363,85,79,6,6
77364,75,75,0,0
77365,103,105,-2,2
77366,81,83,-2,2
77367,105,114,-9,9
77368,50,62,-12,12
77369,118,116,2,2
77370,163,157,6,6
77371,137,129,8,8
77372,167,166,1,1
77373,116,116,0,0
77374,52,62,-10,10
77375,115,105,10,10
77376,188,191,-3,3
77377,187,171,16,16
77378,84,80,4,4
77379,124,118,6,6
77380,95,95,0,0
77381,79,89,-10,10
77382,72,69,3,3
77383,68,71,-3,3
77384,116,114,2,2
77385,83,96,-13,13
77386,94,90,4,4
77387,63,68,-5,5
77388,200,209,-9,9
77389,61,68,-7,7
77390,148,134,14,14
77391,56,62,-6,6
77392,110,113,-3,3
77393,94,99,-5,5
77394,59,72,-13,13
77395,76,72,4,4
77396,67,76,-9,9
77397,102,106,-4,4
77398,165,148,17,17
77399,79,78,1,1
77400,74,71,3,3
77401,136,127,9,9
77402,116,110,6,6
77403,95,102,-7,7
77404,112,114,-2,2
77405,65,73,-8,8
77406,43,52,-9,9
77407,92,92,0,0
77408,48,56,-8,8
77409,75,78,-3,3
77410,118,118,0,0
77411,99,92,7,7
77412,101,98,3,3
77413,41,65,-24,24
77414,78,85,-7,7
77415,129,112,17,17
77416,109,115,-6,6
77417,81,79,2,2
77418,167,156,11,11
77419,55,77,-22,22
77420,202,185,17,17
77421,118,113,5,5
77422,122,122,0,0
77423,67,70,-3,3
77424,67,69,-2,2
77425,54,59,-5,5
77426,54,62,-8,8
77427,89,94,-5,5
77428,107,103,4,4
77429,94,93,1,1
77430,72,67,5,5
77431,127,128,-1,1
77432,84,94,-10,10
77433,64,68,-4,4
77434,96,99,-3,3
77435,116,113,3,3
77436,127,126,1,1
77437,128,123,5,5
77438,118,132,-14,14
77439,62,69,-7,7
77440,73,68,5,5
77441,36,40,-4,4
77442,165,143,22,22
77443,100,107,-7,7
77444,65,70,-5,5
77445,75,79,-4,4
77446,75,88,-13,13
77447,97,103,-6,6
77448,93,110,-17,17
77449,57,63,-6,6
77450,59,63,-4,4
77451,85,80,5,5
77452,99,113,-14,14
77453,87,90,-3,3
77454,102,113,-11,11
77455,75,79,-4,4
77456,92,94,-2,2
77457,79,89,-10,10
77458,50,61,-11,11
77459,48,59,-11,11
77460,217,188,29,29
77461,132,121,11,11
77462,101,100,1,1
77463,82,82,0,0
77464,116,117,-1,1
77465,112,100,12,12
77466,66,77,-11,11
77467,81,88,-7,7
77468,56,62,-6,6
77469,97,90,7,7
77470,84,76,8,8
77471,37,47,-10,10
77472,74,74,0,0
77473,127,121,6,6
77474,54,62,-8,8
77475,80,77,3,3
77476,57,56,1,1
77477,106,84,22,22
77478,91,92,-1,1
77479,103,105,-2,2
77480,114,100,14,14
77481,131,133,-2,2
77482,85,82,3,3
77483,85,87,-2,2
77484,93,95,-2,2
77485,74,66,8,8
77486,88,90,-2,2
77487,52,54,-2,2
77488,41,38,3,3
77489,82,81,1,1
77490,112,109,3,3
77491,67,65,2,2
77492,69,75,-6,6
77493,150,139,11,11
77494,93,97,-4,4
77495,63,63,0,0
77496,95,83,12,12
77497,46,56,-10,10
77498,72,72,0,0
77499,77,83,-6,6
77500,87,93,-6,6
77501,121,122,-1,1
77502,149,138,11,11
77503,82,73,9,9
77504,57,59,-2,2
77505,127,113,14,14
77506,103,96,7,7
77507,96,94,2,2
77508,82,75,7,7
77509,161,155,6,6
77510,133,128,5,5
77511,73,72,1,1
77512,71,64,7,7
77513,168,162,6,6
77514,137,134,3,3
77515,72,73,-1,1
77516,77,78,-1,1
77517,114,114,0,0
77518,115,113,2,2
77519,70,65,5,5
77520,78,84,-6,6
77521,118,123,-5,5
77522,88,86,2,2
77523,81,76,5,5
77524,118,120,-2,2
77525,60,57,3,3
77526,98,100,-2,2
77527,99,87,12,12
77528,55,60,-5,5
77529,100,98,2,2
77530,75,80,-5,5
77531,77,72,5,5
77532,139,142,-3,3
77533,99,92,7,7
77534,106,112,-6,6
77535,92,100,-8,8
77536,87,87,0,0
77537,55,67,-12,12
77538,89,100,-11,11
77539,106,115,-9,9
77540,161,154,7,7
77541,72,73,-1,1
77542,119,104,15,15
77543,90,83,7,7
77544,110,106,4,4
77545,51,62,-11,11
77546,63,70,-7,7
77547,42,47,-5,5
77548,85,80,5,5
77549,144,140,4,4
77550,69,77,-8,8
77551,43,52,-9,9
77552,94,101,-7,7
77553,178,189,-11,11
77554,80,77,3,3
77555,65,67,-2,2
77556,62,67,-5,5
77557,62,63,-1,1
77558,144,146,-2,2
77559,102,100,2,2
77560,104,101,3,3
77561,45,55,-10,10
77562,57,59,-2,2
77563,132,111,21,21
77564,105,99,6,6
77565,99,100,-1,1
77566,60,71,-11,11
77567,72,77,-5,5
77568,122,130,-8,8
77569,141,139,2,2
77570,94,89,5,5
77571,89,99,-10,10
77572,43,56,-13,13
77573,160,150,10,10
77574,84,75,9,9
77575,84,79,5,5
77576,90,95,-5,5
77577,68,71,-3,3
77578,189,179,10,10
77579,77,85,-8,8
77580,59,65,-6,6
77581,139,141,-2,2
77582,98,99,-1,1
77583,147,136,11,11
77584,158,131,27,27
77585,97,96,1,1
77586,109,111,-2,2
77587,112,107,5,5
77588,74,74,0,0
77589,155,142,13,13
77590,75,74,1,1
77591,129,119,10,10
77592,189,186,3,3
77593,98,101,-3,3
77594,68,71,-3,3
77595,100,101,-1,1
77596,136,122,14,14
77597,144,140,4,4
77598,123,128,-5,5
77599,60,62,-2,2
77600,131,123,8,8
77601,74,83,-9,9
77602,148,120,28,28
77603,112,103,9,9
77604,60,68,-8,8
77605,89,83,6,6
77606,83,89,-6,6
77607,100,91,9,9
77608,70,74,-4,4
77609,119,127,-8,8
77610,52,62,-10,10
77611,72,74,-2,2
77612,127,125,2,2
77613,82,85,-3,3
77614,65,65,0,0
77615,75,71,4,4
77616,65,66,-1,1
77617,80,96,-16,16
77618,95,123,-28,28
77619,74,80,-6,6
77620,107,109,-2,2
77621,63,67,-4,4
77622,117,113,4,4
77623,83,73,10,10
77624,74,72,2,2
77625,56,56,0,0
77626,143,148,-5,5
77627,61,71,-10,10
77628,92,95,-3,3
77629,147,160,-13,13
77630,68,77,-9,9
77631,95,93,2,2
77632,80,85,-5,5
77633,129,117,12,12
77634,133,150,-17,17
77635,47,51,-4,4
77636,65,62,3,3
77637,85,79,6,6
77638,100,96,4,4
77639,113,112,1,1
77640,104,100,4,4
77641,70,70,0,0
77642,16,29,-13,13
77643,102,98,4,4
77644,125,116,9,9
77645,83,84,-1,1
77646,114,102,12,12
77647,150,151,-1,1
77648,164,151,13,13
77649,97,100,-3,3
77650,71,70,1,1
77651,78,77,1,1
77652,128,126,2,2
77653,111,105,6,6
77654,78,74,4,4
77655,83,83,0,0
77656,84,77,7,7
77657,81,80,1,1
77658,103,115,-12,12
77659,91,96,-5,5
77660,79,77,2,2
77661,84,83,1,1
77662,143,121,22,22
77663,97,95,2,2
77664,85,84,1,1
77665,120,111,9,9
77666,88,102,-14,14
77667,114,105,9,9
77668,116,113,3,3
77669,72,83,-11,11
77670,101,98,3,3
77671,129,126,3,3
77672,119,110,9,9
77673,86,87,-1,1
77674,75,79,-4,4
77675,76,73,3,3
77676,84,77,7,7
77677,75,77,-2,2
77678,124,119,5,5
77679,177,188,-11,11
77680,75,75,0,0
77681,117,115,2,2
77682,99,129,-30,30
77683,50,54,-4,4
77684,70,81,-11,11
77685,115,112,3,3
77686,60,65,-5,5
77687,96,91,5,5
77688,142,140,2,2
77689,87,80,7,7
77690,112,114,-2,2
77691,116,104,12,12
77692,56,61,-5,5
77693,158,159,-1,1
77694,188,181,7,7
77695,181,167,14,14
77696,104,86,18,18
77697,159,155,4,4
77698,122,129,-7,7
77699,69,74,-5,5
77700,105,101,4,4
77701,84,90,-6,6
77702,80,79,1,1
77703,62,62,0,0
77704,75,73,2,2
77705,72,80,-8,8
77706,86,81,5,5
77707,99,108,-9,9
77708,59,66,-7,7
77709,104,99,5,5
77710,78,77,1,1
77711,97,101,-4,4
77712,129,125,4,4
77713,64,72,-8,8
77714,105,101,4,4
77715,93,87,6,6
77716,92,91,1,1
77717,40,42,-2,2
77718,98,107,-9,9
77719,132,136,-4,4
77720,67,75,-8,8
77721,51,80,-29,29
77722,81,94,-13,13
77723,142,153,-11,11
77724,145,136,9,9
77725,72,71,1,1
77726,102,103,-1,1
77727,87,81,6,6
77728,111,106,5,5
77729,80,77,3,3
77730,85,83,2,2
77731,144,131,13,13
77732,66,74,-8,8
77733,98,93,5,5
77734,91,92,-1,1
77735,61,70,-9,9
77736,46,60,-14,14
77737,89,100,-11,11
77738,105,95,10,10
77739,102,94,8,8
77740,100,100,0,0
77741,58,67,-9,9
77742,116,117,-1,1
77743,73,78,-5,5
77744,96,95,1,1
77745,89,84,5,5
77746,79,82,-3,3
77747,74,76,-2,2
77748,100,86,14,14
77749,35,54,-19,19
77750,49,57,-8,8
77751,79,77,2,2
77752,102,93,9,9
77753,104,84,20,20
77754,198,177,21,21
77755,136,129,7,7
77756,62,72,-10,10
77757,100,103,-3,3
77758,89,85,4,4
77759,131,127,4,4
77760,82,81,1,1
77761,157,149,8,8
77762,71,74,-3,3
77763,54,59,-5,5
77764,115,120,-5,5
77765,80,79,1,1
77766,69,70,-1,1
77767,80,73,7,7
77768,89,88,1,1
77769,91,89,2,2
77770,171,154,17,17
77771,86,79,7,7
77772,120,120,0,0
77773,72,74,-2,2
77774,67,67,0,0
77775,122,142,-20,20
77776,71,75,-4,4
77777,119,116,3,3
77778,80,80,0,0
77779,110,102,8,8
77780,47,54,-7,7
77781,193,172,21,21
77782,80,77,3,3
77783,52,59,-7,7
77784,61,68,-7,7
77785,90,100,-10,10
77786,85,82,3,3
77787,74,74,0,0
77788,85,86,-1,1
77789,125,147,-22,22
77790,150,138,12,12
77791,89,88,1,1
77792,93,93,0,0
77793,131,133,-2,2
77794,66,74,-8,8
77795,78,72,6,6
77796,151,151,0,0
77797,91,94,-3,3
77798,75,84,-9,9
77799,39,37,2,2
77800,54,57,-3,3
77801,106,100,6,6
77802,128,130,-2,2
77803,49,61,-12,12
77804,124,120,4,4
77805,76,77,-1,1
77806,89,85,4,4
77807,48,48,0,0
77808,135,152,-17,17
77809,108,113,-5,5
77810,113,104,9,9
77811,97,100,-3,3
77812,155,155,0,0
77813,154,141,13,13
77814,118,105,13,13
77815,87,81,6,6
77816,56,64,-8,8
77817,56,75,-19,19
77818,70,77,-7,7
77819,45,57,-12,12
77820,49,75,-26,26
77821,91,82,9,9
77822,76,72,4,4
77823,81,106,-25,25
77824,121,124,-3,3
77825,109,105,4,4
77826,72,78,-6,6
77827,75,76,-1,1
77828,35,49,-14,14
77829,90,94,-4,4
77830,132,130,2,2
77831,140,146,-6,6
77832,75,79,-4,4
77833,76,76,0,0
77834,111,131,-20,20
77835,92,101,-9,9
77836,120,131,-11,11
77837,119,114,5,5
77838,78,84,-6,6
77839,86,84,2,2
77840,60,68,-8,8
77841,158,148,10,10
77842,94,89,5,5
77843,126,123,3,3
77844,112,101,11,11
77845,112,105,7,7
77846,73,76,-3,3
77847,94,100,-6,6
77848,133,131,2,2
77849,70,66,4,4
77850,83,76,7,7
77851,117,118,-1,1
77852,104,102,2,2
77853,109,108,1,1
77854,173,154,19,19
77855,55,68,-13,13
77856,46,56,-10,10
77857,36,42,-6,6
77858,76,77,-1,1
77859,136,130,6,6
77860,102,101,1,1
77861,110,110,0,0
77862,94,88,6,6
77863,80,78,2,2
77864,149,138,11,11
77865,249,229,20,20
77866,150,155,-5,5
77867,49,63,-14,14
77868,58,62,-4,4
77869,54,56,-2,2
77870,83,73,10,10
77871,119,107,12,12
77872,58,62,-4,4
77873,123,112,11,11
77874,125,121,4,4
77875,115,124,-9,9
77876,74,90,-16,16
77877,71,69,2,2
77878,162,142,20,20
77879,96,96,0,0
77880,63,64,-1,1
77881,87,91,-4,4
77882,74,64,10,10
77883,70,91,-21,21
77884,114,116,-2,2
77885,72,72,0,0
77886,58,68,-10,10
77887,117,108,9,9
77888,77,99,-22,22
77889,57,69,-12,12
77890,142,136,6,6
77891,57,68,-11,11
77892,77,74,3,3
77893,100,118,-18,18
77894,92,112,-20,20
77895,53,64,-11,11
77896,98,92,6,6
77897,96,98,-2,2
77898,67,67,0,0
77899,69,72,-3,3
77900,108,108,0,0
77901,97,90,7,7
77902,75,73,2,2
77903,97,101,-4,4
77904,127,118,9,9
77905,87,80,7,7
77906,86,84,2,2
77907,84,74,10,10
77908,86,84,2,2
77909,88,84,4,4
77910,97,97,0,0
77911,86,84,2,2
77912,79,88,-9,9
77913,183,178,5,5
77914,97,100,-3,3
77915,136,129,7,7
77916,78,77,1,1
77917,128,130,-2,2
77918,116,110,6,6
77919,167,160,7,7
77920,143,157,-14,14
77921,72,79,-7,7
77922,101,100,1,1
77923,89,87,2,2
77924,63,61,2,2
77925,136,127,9,9
77926,129,126,3,3
77927,77,79,-2,2
77928,70,78,-8,8
77929,114,109,5,5
77930,100,111,-11,11
77931,133,124,9,9
77932,130,130,0,0
77933,64,67,-3,3
77934,105,100,5,5
77935,171,156,15,15
77936,120,114,6,6
77937,95,99,-4,4
77938,72,75,-3,3
77939,75,70,5,5
77940,110,101,9,9
77941,119,111,8,8
77942,184,168,16,16
77943,132,128,4,4
77944,128,134,-6,6
77945,78,94,-16,16
77946,124,120,4,4
77947,123,126,-3,3
77948,105,94,11,11
77949,51,65,-14,14
77950,89,102,-13,13
77951,58,64,-6,6
77952,112,107,5,5
77953,97,95,2,2
77954,95,99,-4,4
77955,79,80,-1,1
77956,85,85,0,0
77957,135,121,14,14
77958,127,136,-9,9
77959,95,84,11,11
77960,141,151,-10,10
77961,76,77,-1,1
77962,63,67,-4,4
77963,106,104,2,2
77964,95,88,7,7
77965,91,90,1,1
77966,147,143,4,4
77967,124,115,9,9
77968,88,77,11,11
77969,70,73,-3,3
77970,80,94,-14,14
77971,41,52,-11,11
77972,59,63,-4,4
77973,97,108,-11,11
77974,61,65,-4,4
77975,148,129,19,19
77976,106,100,6,6
77977,102,114,-12,12
77978,66,68,-2,2
77979,75,71,4,4
77980,98,94,4,4
77981,58,58,0,0
77982,59,62,-3,3
77983,53,58,-5,5
77984,53,77,-24,24
77985,121,106,15,15
77986,101,85,16,16
77987,145,129,16,16
77988,57,64,-7,7
77989,74,72,2,2
77990,65,69,-4,4
77991,79,88,-9,9
77992,117,113,4,4
77993,65,67,-2,2
77994,64,69,-5,5
77995,81,77,4,4
77996,125,110,15,15
77997,67,70,-3,3
77998,69,73,-4,4
77999,59,57,2,2
78000,126,119,7,7
78001,106,107,-1,1
78002,63,67,-4,4
78003,89,99,-10,10
78004,120,101,19,19
78005,97,99,-2,2
78006,70,71,-1,1
78007,116,121,-5,5
78008,77,69,8,8
78009,49,59,-10,10
78010,71,69,2,2
78011,64,73,-9,9
78012,72,66,6,6
78013,128,115,13,13
78014,98,93,5,5
78015,66,71,-5,5
78016,112,115,-3,3
78017,51,57,-6,6
78018,85,83,2,2
78019,100,92,8,8
78020,92,86,6,6
78021,111,111,0,0
78022,100,119,-19,19
78023,96,94,2,2
78024,166,151,15,15
78025,137,145,-8,8
78026,72,73,-1,1
78027,115,117,-2,2
78028,88,84,4,4
78029,91,91,0,0
78030,103,101,2,2
78031,47,56,-9,9
78032,86,92,-6,6
78033,136,125,11,11
78034,157,157,0,0
78035,124,123,1,1
78036,137,135,2,2
78037,101,102,-1,1
78038,74,70,4,4
78039,85,77,8,8
78040,45,46,-1,1
78041,168,158,10,10
78042,115,102,13,13
78043,116,129,-13,13
78044,84,94,-10,10
78045,102,101,1,1
78046,59,75,-16,16
78047,106,112,-6,6
78048,60,71,-11,11
78049,123,113,10,10
78050,85,75,10,10
78051,60,69,-9,9
78052,82,72,10,10
78053,160,147,13,13
78054,82,84,-2,2
78055,83,84,-1,1
78056,73,77,-4,4
78057,113,119,-6,6
78058,95,85,10,10
78059,100,96,4,4
78060,40,50,-10,10
78061,80,81,-1,1
78062,110,105,5,5
78063,144,146,-2,2
78064,115,104,11,11
78065,64,77,-13,13
78066,119,113,6,6
78067,102,104,-2,2
78068,159,139,20,20
78069,104,100,4,4
78070,91,89,2,2
78071,133,130,3,3
78072,98,97,1,1
78073,96,103,-7,7
78074,134,126,8,8
78075,160,152,8,8
78076,59,73,-14,14
78077,74,78,-4,4
78078,106,98,8,8
78079,64,66,-2,2
78080,90,98,-8,8
78081,67,68,-1,1
78082,100,101,-1,1
78083,68,71,-3,3
78084,159,150,9,9
78085,87,86,1,1
78086,123,135,-12,12
78087,78,79,-1,1
78088,95,88,7,7
78089,56,73,-17,17
78090,102,102,0,0
78091,108,94,14,14
78092,73,71,2,2
78093,111,112,-1,1
78094,137,134,3,3
78095,84,87,-3,3
78096,89,80,9,9
78097,70,81,-11,11
78098,78,82,-4,4
78099,152,148,4,4
78100,81,81,0,0
78101,49,56,-7,7
78102,69,72,-3,3
78103,102,90,12,12
78104,62,68,-6,6
78105,91,88,3,3
78106,72,51,21,21
78107,47,51,-4,4
78108,184,161,23,23
78109,103,93,10,10
78110,69,74,-5,5
78111,51,63,-12,12
78112,120,129,-9,9
78113,105,86,19,19
78114,46,58,-12,12
78115,75,76,-1,1
78116,71,72,-1,1
78117,45,59,-14,14
78118,80,87,-7,7
78119,79,87,-8,8
78120,78,78,0,0
78121,62,73,-11,11
78122,86,81,5,5
78123,122,123,-1,1
78124,101,95,6,6
78125,72,74,-2,2
78126,141,140,1,1
78127,69,74,-5,5
78128,93,88,5,5
78129,55,58,-3,3
78130,121,114,7,7
78131,105,110,-5,5
78132,99,85,14,14
78133,195,173,22,22
78134,76,76,0,0
78135,124,115,9,9
78136,100,84,16,16
78137,152,154,-2,2
78138,108,104,4,4
78139,49,56,-7,7
78140,176,165,11,11
78141,104,194,-90,90
78142,81,68,13,13
78143,97,99,-2,2
78144,58,61,-3,3
78145,110,104,6,6
78146,55,65,-10,10
78147,69,70,-1,1
78148,107,134,-27,27
78149,71,72,-1,1
78150,88,90,-2,2
78151,43,58,-15,15
78152,117,118,-1,1
78153,81,67,14,14
78154,75,80,-5,5
78155,108,106,2,2
78156,63,68,-5,5
78157,74,78,-4,4
78158,68,72,-4,4
78159,62,65,-3,3
78160,52,56,-4,4
78161,78,84,-6,6
78162,108,115,-7,7
78163,188,164,24,24
78164,61,67,-6,6
78165,77,76,1,1
78166,97,94,3,3
78167,67,62,5,5
78168,77,104,-27,27
78169,91,94,-3,3
78170,69,73,-4,4
78171,131,133,-2,2
78172,56,61,-5,5
78173,49,61,-12,12
78174,126,123,3,3
78175,114,111,3,3
78176,90,91,-1,1
78177,75,84,-9,9
78178,83,75,8,8
78179,92,100,-8,8
78180,83,85,-2,2
78181,89,79,10,10
78182,85,85,0,0
78183,70,69,1,1
78184,108,104,4,4
78185,71,73,-2,2
78186,68,65,3,3
78187,70,74,-4,4
78188,107,114,-7,7
78189,58,64,-6,6
78190,51,59,-8,8
78191,55,67,-12,12
78192,161,160,1,1
78193,46,61,-15,15
78194,92,93,-1,1
78195,154,150,4,4
78196,83,84,-1,1
78197,128,126,2,2
78198,73,75,-2,2
78199,87,84,3,3
78200,122,114,8,8
78201,108,89,19,19
78202,76,93,-17,17
78203,59,72,-13,13
78204,83,85,-2,2
78205,92,95,-3,3
78206,96,99,-3,3
78207,105,98,7,7
78208,58,68,-10,10
78209,81,77,4,4
78210,110,101,9,9
78211,44,59,-15,15
78212,81,77,4,4
78213,63,72,-9,9
78214,78,77,1,1
78215,68,76,-8,8
78216,120,126,-6,6
78217,181,168,13,13
78218,141,133,8,8
78219,178,166,12,12
78220,64,64,0,0
78221,72,76,-4,4
78222,45,45,0,0
78223,143,129,14,14
78224,145,131,14,14
78225,111,112,-1,1
78226,86,84,2,2
78227,125,132,-7,7
78228,79,82,-3,3
78229,67,74,-7,7
78230,173,161,12,12
78231,81,84,-3,3
78232,88,96,-8,8
78233,63,68,-5,5
78234,66,88,-22,22
78235,96,92,4,4
78236,100,79,21,21
78237,57,59,-2,2
78238,125,114,11,11
78239,156,149,7,7
78240,125,118,7,7
78241,133,128,5,5
78242,66,69,-3,3
78243,159,163,-4,4
78244,44,59,-15,15
78245,67,65,2,2
78246,105,102,3,3
78247,77,78,-1,1
78248,64,72,-8,8
78249,62,86,-24,24
78250,69,69,0,0
78251,163,154,9,9
78252,62,67,-5,5
78253,50,57,-7,7
78254,100,101,-1,1
78255,108,101,7,7
78256,70,74,-4,4
78257,97,95,2,2
78258,83,76,7,7
78259,137,148,-11,11
78260,70,70,0,0
78261,122,101,21,21
78262,79,84,-5,5
78263,52,73,-21,21
78264,86,92,-6,6
78265,93,86,7,7
78266,93,111,-18,18
78267,62,66,-4,4
78268,109,98,11,11
78269,107,112,-5,5
78270,83,83,0,0
78271,57,64,-7,7
78272,61,70,-9,9
78273,43,49,-6,6
78274,156,134,22,22
78275,102,99,3,3
78276,56,69,-13,13
78277,199,190,9,9
78278,103,110,-7,7
78279,77,76,1,1
78280,147,157,-10,10
78281,99,112,-13,13
78282,74,107,-33,33
78283,71,67,4,4
78284,142,140,2,2
78285,72,68,4,4
78286,28,29,-1,1
78287,99,108,-9,9
78288,145,156,-11,11
78289,51,58,-7,7
78290,132,134,-2,2
78291,102,103,-1,1
78292,69,72,-3,3
78293,142,136,6,6
78294,52,55,-3,3
78295,87,93,-6,6
78296,122,124,-2,2
78297,93,103,-10,10
78298,85,87,-2,2
78299,101,98,3,3
78300,88,91,-3,3
78301,64,64,0,0
78302,131,127,4,4
78303,91,91,0,0
78304,174,158,16,16
78305,50,57,-7,7
78306,78,85,-7,7
78307,76,81,-5,5
78308,118,114,4,4
78309,56,64,-8,8
78310,53,57,-4,4
78311,98,104,-6,6
78312,119,124,-5,5
78313,133,129,4,4
78314,66,68,-2,2
78315,117,121,-4,4
78316,94,92,2,2
78317,79,83,-4,4
78318,114,115,-1,1
78319,96,85,11,11
78320,81,82,-1,1
78321,83,84,-1,1
78322,74,79,-5,5
78323,89,87,2,2
78324,73,80,-7,7
78325,160,155,5,5
78326,120,114,6,6
78327,52,56,-4,4
78328,127,128,-1,1
78329,93,90,3,3
78330,108,120,-12,12
78331,95,96,-1,1
78332,75,76,-1,1
78333,124,112,12,12
78334,90,91,-1,1
78335,101,107,-6,6
78336,44,54,-10,10
78337,113,108,5,5
78338,64,74,-10,10
78339,135,128,7,7
78340,147,136,11,11
78341,112,117,-5,5
78342,63,66,-3,3
78343,91,105,-14,14
78344,93,77,16,16
78345,116,112,4,4
78346,124,130,-6,6
78347,127,127,0,0
78348,114,119,-5,5
78349,137,116,21,21
78350,56,65,-9,9
78351,54,60,-6,6
78352,78,82,-4,4
78353,71,74,-3,3
78354,72,75,-3,3
78355,67,76,-9,9
78356,48,54,-6,6
78357,115,134,-19,19
78358,53,60,-7,7
78359,95,98,-3,3
78360,56,72,-16,16
78361,45,43,2,2
78362,209,195,14,14
78363,85,96,-11,11
78364,80,77,3,3
78365,139,146,-7,7
78366,64,68,-4,4
78367,83,89,-6,6
78368,121,115,6,6
78369,102,113,-11,11
78370,94,92,2,2
78371,119,113,6,6
78372,59,68,-9,9
78373,61,88,-27,27
78374,74,72,2,2
78375,76,77,-1,1
78376,91,92,-1,1
78377,132,117,15,15
78378,54,63,-9,9
78379,74,74,0,0
78380,96,88,8,8
78381,60,69,-9,9
78382,91,98,-7,7
78383,102,103,-1,1
78384,131,130,1,1
78385,95,93,2,2
78386,35,34,1,1
78387,70,79,-9,9
78388,115,105,10,10
78389,63,67,-4,4
78390,70,80,-10,10
78391,73,72,1,1
78392,79,81,-2,2
78393,114,115,-1,1
78394,75,90,-15,15
78395,103,100,3,3
78396,111,107,4,4
78397,110,115,-5,5
78398,55,57,-2,2
78399,89,95,-6,6
78400,53,68,-15,15
78401,114,102,12,12
78402,104,109,-5,5
78403,45,52,-7,7
78404,122,118,4,4
78405,72,76,-4,4
78406,140,131,9,9
78407,132,119,13,13
78408,127,158,-31,31
78409,133,127,6,6
78410,66,68,-2,2
78411,99,99,0,0
78412,112,111,1,1
78413,104,87,17,17
78414,143,138,5,5
78415,107,100,7,7
78416,122,123,-1,1
78417,166,161,5,5
78418,169,164,5,5
78419,165,168,-3,3
78420,147,127,20,20
78421,63,65,-2,2
78422,71,78,-7,7
78423,59,60,-1,1
78424,127,130,-3,3
78425,168,156,12,12
78426,43,53,-10,10
78427,103,99,4,4
78428,109,102,7,7
78429,99,106,-7,7
78430,71,75,-4,4
78431,94,97,-3,3
78432,104,102,2,2
78433,96,101,-5,5
78434,85,77,8,8
78435,122,108,14,14
78436,85,85,0,0
78437,49,59,-10,10
78438,44,67,-23,23
78439,65,66,-1,1
78440,78,80,-2,2
78441,117,113,4,4
78442,103,96,7,7
78443,106,93,13,13
78444,97,104,-7,7
78445,167,181,-14,14
78446,50,58,-8,8
78447,134,125,9,9
78448,100,109,-9,9
78449,81,82,-1,1
78450,108,114,-6,6
78451,55,61,-6,6
78452,82,87,-5,5
78453,94,112,-18,18
78454,94,85,9,9
78455,61,65,-4,4
78456,141,138,3,3
78457,79,79,0,0
78458,71,81,-10,10
78459,48,60,-12,12
78460,140,140,0,0
78461,70,73,-3,3
78462,63,64,-1,1
78463,137,125,12,12
78464,40,43,-3,3
78465,103,100,3,3
78466,67,76,-9,9
78467,82,77,5,5
78468,119,124,-5,5
78469,131,126,5,5
78470,77,91,-14,14
78471,98,92,6,6
78472,148,153,-5,5
78473,91,88,3,3
78474,95,99,-4,4
78475,60,62,-2,2
78476,72,73,-1,1
78477,123,116,7,7
78478,68,71,-3,3
78479,124,126,-2,2
78480,128,127,1,1
78481,114,120,-6,6
78482,90,87,3,3
78483,108,110,-2,2
78484,114,108,6,6
78485,33,57,-24,24
78486,95,100,-5,5
78487,113,112,1,1
78488,57,61,-4,4
78489,71,69,2,2
78490,110,106,4,4
78491,67,73,-6,6
78492,59,65,-6,6
78493,105,104,1,1
78494,132,120,12,12
78495,93,102,-9,9
78496,90,96,-6,6
78497,134,123,11,11
78498,32,41,-9,9
78499,108,146,-38,38
78500,81,76,5,5
78501,94,94,0,0
78502,116,121,-5,5
78503,131,129,2,2
78504,63,72,-9,9
78505,96,95,1,1
78506,71,65,6,6
78507,71,69,2,2
78508,79,86,-7,7
78509,115,113,2,2
78510,48,68,-20,20
78511,85,82,3,3
78512,113,107,6,6
78513,89,93,-4,4
78514,131,128,3,3
78515,91,93,-2,2
78516,72,71,1,1
78517,169,155,14,14
78518,133,135,-2,2
78519,176,154,22,22
78520,118,123,-5,5
78521,71,80,-9,9
78522,65,72,-7,7
78523,144,123,21,21
78524,72,85,-13,13
78525,70,77,-7,7
78526,70,73,-3,3
78527,117,106,11,11
78528,97,99,-2,2
78529,57,63,-6,6
78530,61,83,-22,22
78531,80,80,0,0
78532,92,87,5,5
78533,85,94,-9,9
78534,125,115,10,10
78535,90,100,-10,10
78536,80,75,5,5
78537,71,77,-6,6
78538,149,138,11,11
78539,69,66,3,3
78540,104,100,4,4
78541,95,92,3,3
78542,129,112,17,17
78543,144,123,21,21
78544,61,67,-6,6
78545,130,124,6,6
78546,144,131,13,13
78547,39,46,-7,7
78548,114,118,-4,4
78549,48,54,-6,6
78550,94,86,8,8
78551,92,85,7,7
78552,101,91,10,10
78553,79,89,-10,10
78554,113,104,9,9
78555,69,77,-8,8
78556,41,51,-10,10
78557,69,77,-8,8
78558,108,107,1,1
78559,66,69,-3,3
78560,93,83,10,10
78561,86,80,6,6
78562,79,77,2,2
78563,80,84,-4,4
78564,87,81,6,6
78565,179,166,13,13
78566,67,67,0,0
78567,71,79,-8,8
78568,86,78,8,8
78569,92,99,-7,7
78570,109,112,-3,3
78571,45,60,-15,15
78572,84,82,2,2
78573,158,154,4,4
78574,92,85,7,7
78575,75,73,2,2
78576,84,83,1,1
78577,65,76,-11,11
78578,104,95,9,9
78579,44,52,-8,8
78580,198,167,31,31
78581,124,116,8,8
78582,134,120,14,14
78583,122,111,11,11
78584,77,77,0,0
78585,103,99,4,4
78586,98,92,6,6
78587,59,60,-1,1
78588,87,69,18,18
78589,74,69,5,5
78590,67,74,-7,7
78591,85,84,1,1
78592,79,75,4,4
78593,96,100,-4,4
78594,121,122,-1,1
78595,98,112,-14,14
78596,145,129,16,16
78597,110,106,4,4
78598,144,149,-5,5
78599,85,81,4,4
78600,114,123,-9,9
78601,95,94,1,1
78602,51,63,-12,12
78603,97,91,6,6
78604,81,72,9,9
78605,81,79,2,2
78606,85,84,1,1
78607,154,154,0,0
78608,125,125,0,0
78609,97,104,-7,7
78610,161,148,13,13
78611,144,127,17,17
78612,127,117,10,10
78613,88,85,3,3
78614,180,171,9,9
78615,90,98,-8,8
78616,66,76,-10,10
78617,95,94,1,1
78618,94,101,-7,7
78619,75,77,-2,2
78620,65,74,-9,9
78621,111,119,-8,8
78622,67,66,1,1
78623,86,94,-8,8
78624,141,127,14,14
78625,102,101,1,1
78626,142,147,-5,5
78627,188,187,1,1
78628,62,58,4,4
78629,104,112,-8,8
78630,63,65,-2,2
78631,100,94,6,6
78632,148,141,7,7
78633,103,106,-3,3
78634,122,127,-5,5
78635,69,72,-3,3
78636,89,85,4,4
78637,113,94,19,19
78638,135,130,5,5
78639,158,144,14,14
78640,74,70,4,4
78641,54,60,-6,6
78642,106,103,3,3
78643,56,87,-31,31
78644,113,108,5,5
78645,95,86,9,9
78646,134,133,1,1
78647,73,76,-3,3
78648,51,58,-7,7
78649,50,50,0,0
78650,33,29,4,4
78651,130,118,12,12
78652,111,123,-12,12
78653,58,62,-4,4
78654,103,102,1,1
78655,136,142,-6,6
78656,99,99,0,0
78657,99,93,6,6
78658,116,108,8,8
78659,149,143,6,6
78660,69,74,-5,5
78661,81,97,-16,16
78662,57,62,-5,5
78663,85,82,3,3
78664,78,95,-17,17
78665,94,94,0,0
78666,112,106,6,6
78667,141,120,21,21
78668,133,119,14,14
78669,85,95,-10,10
78670,100,105,-5,5
78671,62,64,-2,2
78672,121,118,3,3
78673,54,63,-9,9
78674,154,151,3,3
78675,142,127,15,15
78676,104,118,-14,14
78677,103,100,3,3
78678,70,69,1,1
78679,118,115,3,3
78680,115,114,1,1
78681,145,145,0,0
78682,106,110,-4,4
78683,114,113,1,1
78684,87,83,4,4
78685,155,136,19,19
78686,142,129,13,13
78687,132,123,9,9
78688,94,94,0,0
78689,142,140,2,2
78690,150,146,4,4
78691,53,64,-11,11
78692,94,87,7,7
78693,85,99,-14,14
78694,62,70,-8,8
78695,53,56,-3,3
78696,81,88,-7,7
78697,175,171,4,4
78698,55,58,-3,3
78699,72,84,-12,12
78700,93,90,3,3
78701,73,82,-9,9
78702,47,60,-13,13
78703,67,72,-5,5
78704,117,113,4,4
78705,104,104,0,0
78706,76,76,0,0
78707,99,87,12,12
78708,131,121,10,10
78709,84,94,-10,10
78710,105,115,-10,10
78711,157,137,20,20
78712,111,120,-9,9
78713,91,92,-1,1
78714,74,87,-13,13
78715,79,78,1,1
78716,103,96,7,7
78717,119,113,6,6
78718,163,156,7,7
78719,69,71,-2,2
78720,112,107,5,5
78721,55,66,-11,11
78722,97,102,-5,5
78723,99,87,12,12
78724,58,70,-12,12
78725,125,114,11,11
78726,88,82,6,6
78727,81,83,-2,2
78728,158,161,-3,3
78729,55,68,-13,13
78730,114,119,-5,5
78731,95,97,-2,2
78732,87,105,-18,18
78733,139,122,17,17
78734,79,75,4,4
78735,75,69,6,6
78736,56,64,-8,8
78737,113,129,-16,16
78738,148,134,14,14
78739,160,144,16,16
78740,97,96,1,1
78741,88,89,-1,1
78742,89,84,5,5
78743,101,99,2,2
78744,53,61,-8,8
78745,97,110,-13,13
78746,67,70,-3,3
78747,117,110,7,7
78748,72,68,4,4
78749,40,53,-13,13
78750,48,53,-5,5
78751,88,83,5,5
78752,95,77,18,18
78753,132,127,5,5
78754,63,65,-2,2
78755,95,96,-1,1
78756,84,84,0,0
78757,33,37,-4,4
78758,70,72,-2,2
78759,154,152,2,2
78760,163,153,10,10
78761,175,159,16,16
78762,92,86,6,6
78763,150,148,2,2
78764,67,71,-4,4
78765,127,129,-2,2
78766,131,125,6,6
78767,194,172,22,22
78768,113,110,3,3
78769,106,104,2,2
78770,88,83,5,5
78771,75,75,0,0
78772,56,74,-18,18
78773,86,100,-14,14
78774,66,68,-2,2
78775,171,165,6,6
78776,127,124,3,3
78777,110,112,-2,2
78778,93,97,-4,4
78779,89,89,0,0
78780,72,83,-11,11
78781,98,90,8,8
78782,77,77,0,0
78783,93,91,2,2
78784,112,100,12,12
78785,68,71,-3,3
78786,104,116,-12,12
78787,78,76,2,2
78788,69,77,-8,8
78789,48,54,-6,6
78790,65,75,-10,10
78791,109,113,-4,4
78792,90,105,-15,15
78793,141,136,5,5
78794,100,104,-4,4
78795,133,139,-6,6
78796,110,103,7,7
78797,54,58,-4,4
78798,71,72,-1,1
78799,144,139,5,5
78800,57,70,-13,13
78801,88,89,-1,1
78802,107,99,8,8
78803,128,125,3,3
78804,93,98,-5,5
78805,136,140,-4,4
78806,107,94,13,13
78807,151,140,11,11
78808,114,109,5,5
78809,67,69,-2,2
78810,94,94,0,0
78811,90,80,10,10
78812,105,97,8,8
78813,132,122,10,10
78814,90,85,5,5
78815,120,126,-6,6
78816,91,96,-5,5
78817,155,153,2,2
78818,62,65,-3,3
78819,109,105,4,4
78820,100,106,-6,6
78821,160,142,18,18
78822,96,96,0,0
78823,104,113,-9,9
78824,93,92,1,1
78825,72,75,-3,3
78826,59,74,-15,15
78827,74,71,3,3
78828,83,75,8,8
78829,92,85,7,7
78830,100,108,-8,8
78831,87,83,4,4
78832,122,124,-2,2
78833,78,75,3,3
78834,79,74,5,5
78835,138,123,15,15
78836,158,152,6,6
78837,75,76,-1,1
78838,100,97,3,3
78839,134,124,10,10
78840,138,151,-13,13
78841,82,92,-10,10
78842,52,56,-4,4
78843,74,76,-2,2
78844,60,63,-3,3
78845,49,35,14,14
78846,45,51,-6,6
78847,83,78,5,5
78848,55,67,-12,12
78849,74,72,2,2
78850,96,89,7,7
78851,71,77,-6,6
78852,73,74,-1,1
78853,104,116,-12,12
78854,57,61,-4,4
78855,79,80,-1,1
78856,109,112,-3,3
78857,65,66,-1,1
78858,129,140,-11,11
78859,75,75,0,0
78860,209,189,20,20
78861,102,99,3,3
78862,102,109,-7,7
78863,142,128,14,14
78864,140,119,21,21
78865,44,50,-6,6
78866,102,106,-4,4
78867,89,81,8,8
78868,86,80,6,6
78869,85,83,2,2
78870,88,83,5,5
78871,77,83,-6,6
78872,123,129,-6,6
78873,62,76,-14,14
78874,163,162,1,1
78875,114,113,1,1
78876,55,65,-10,10
78877,112,113,-1,1
78878,125,121,4,4
78879,123,124,-1,1
78880,96,93,3,3
78881,111,106,5,5
78882,136,125,11,11
78883,75,77,-2,2
78884,134,135,-1,1
78885,77,83,-6,6
78886,98,101,-3,3
78887,94,92,2,2
78888,77,79,-2,2
78889,83,79,4,4
78890,97,86,11,11
78891,82,83,-1,1
78892,126,121,5,5
78893,159,154,5,5
78894,100,111,-11,11
78895,100,113,-13,13
78896,121,123,-2,2
78897,117,98,19,19
78898,81,86,-5,5
78899,90,87,3,3
78900,68,68,0,0
78901,110,111,-1,1
78902,118,130,-12,12
78903,97,97,0,0
78904,81,75,6,6
78905,105,105,0,0
78906,95,89,6,6
78907,66,87,-21,21
78908,109,109,0,0
78909,141,140,1,1
78910,52,55,-3,3
78911,80,75,5,5
78912,93,89,4,4
78913,76,75,1,1
78914,111,114,-3,3
78915,107,102,5,5
78916,132,124,8,8
78917,100,102,-2,2
78918,138,127,11,11
78919,122,114,8,8
78920,105,105,0,0
78921,85,84,1,1
78922,96,82,14,14
78923,60,61,-1,1
78924,106,102,4,4
78925,47,65,-18,18
78926,97,94,3,3
78927,36,40,-4,4
78928,111,99,12,12
78929,121,130,-9,9
78930,85,78,7,7
78931,95,93,2,2
78932,78,79,-1,1
78933,113,119,-6,6
78934,72,70,2,2
78935,110,117,-7,7
78936,38,52,-14,14
78937,133,128,5,5
78938,52,78,-26,26
78939,49,56,-7,7
78940,57,59,-2,2
78941,209,173,36,36
78942,93,100,-7,7
78943,62,67,-5,5
78944,51,61,-10,10
78945,82,105,-23,23
78946,77,76,1,1
78947,165,149,16,16
78948,58,63,-5,5
78949,108,102,6,6
78950,43,56,-13,13
78951,83,83,0,0
78952,92,90,2,2
78953,127,121,6,6
78954,47,55,-8,8
78955,78,75,3,3
78956,62,64,-2,2
78957,136,124,12,12
78958,121,123,-2,2
78959,79,82,-3,3
78960,83,91,-8,8
78961,100,102,-2,2
78962,86,103,-17,17
78963,89,93,-4,4
78964,74,68,6,6
78965,133,129,4,4
78966,107,106,1,1
78967,89,84,5,5
78968,72,73,-1,1
78969,78,86,-8,8
78970,52,59,-7,7
78971,94,86,8,8
78972,107,106,1,1
78973,61,62,-1,1
78974,224,199,25,25
78975,75,69,6,6
78976,53,63,-10,10
78977,95,99,-4,4
78978,63,65,-2,2
78979,133,133,0,0
78980,45,50,-5,5
78981,65,65,0,0
78982,93,92,1,1
78983,68,77,-9,9
78984,86,90,-4,4
78985,116,111,5,5
78986,112,115,-3,3
78987,79,73,6,6
78988,83,77,6,6
78989,136,149,-13,13
78990,58,65,-7,7
78991,98,94,4,4
78992,216,221,-5,5
78993,135,128,7,7
78994,87,84,3,3
78995,99,94,5,5
78996,85,80,5,5
78997,57,61,-4,4
78998,69,67,2,2
78999,72,74,-2,2
79000,42,53,-11,11
79001,50,56,-6,6
79002,120,115,5,5
79003,43,50,-7,7
79004,58,62,-4,4
79005,64,73,-9,9
79006,47,56,-9,9
79007,118,109,9,9
79008,91,114,-23,23
79009,115,116,-1,1
79010,132,136,-4,4
79011,124,117,7,7
79012,127,142,-15,15
79013,90,85,5,5
79014,142,142,0,0
79015,72,74,-2,2
79016,91,99,-8,8
79017,93,98,-5,5
79018,159,160,-1,1
79019,76,81,-5,5
79020,89,100,-11,11
79021,127,114,13,13
79022,76,76,0,0
79023,101,94,7,7
79024,95,97,-2,2
79025,82,83,-1,1
79026,109,110,-1,1
79027,108,101,7,7
79028,84,85,-1,1
79029,184,176,8,8
79030,77,76,1,1
79031,92,80,12,12
79032,57,66,-9,9
79033,104,99,5,5
79034,118,119,-1,1
79035,111,104,7,7
79036,78,69,9,9
79037,122,117,5,5
79038,72,73,-1,1
79039,106,97,9,9
79040,61,62,-1,1
79041,106,109,-3,3
79042,122,122,0,0
79043,119,117,2,2
79044,141,124,17,17
79045,114,112,2,2
79046,124,114,10,10
79047,86,79,7,7
79048,43,60,-17,17
79049,177,176,1,1
79050,169,193,-24,24
79051,100,105,-5,5
79052,70,75,-5,5
79053,80,81,-1,1
79054,82,87,-5,5
79055,97,92,5,5
79056,112,105,7,7
79057,122,115,7,7
79058,62,66,-4,4
79059,146,125,21,21
79060,77,87,-10,10
79061,95,99,-4,4
79062,167,148,19,19
79063,62,91,-29,29
79064,112,136,-24,24
79065,56,63,-7,7
79066,126,110,16,16
79067,127,118,9,9
79068,221,206,15,15
79069,180,171,9,9
79070,73,67,6,6
79071,53,61,-8,8
79072,82,91,-9,9
79073,58,63,-5,5
79074,78,76,2,2
79075,130,125,5,5
79076,39,34,5,5
79077,93,114,-21,21
79078,87,80,7,7
79079,82,75,7,7
79080,130,136,-6,6
79081,74,76,-2,2
79082,93,87,6,6
79083,69,77,-8,8
79084,57,64,-7,7
79085,79,76,3,3
79086,120,114,6,6
79087,91,79,12,12
79088,99,106,-7,7
79089,100,96,4,4
79090,93,89,4,4
79091,78,82,-4,4
79092,82,86,-4,4
79093,242,223,19,19
79094,154,149,5,5
79095,63,67,-4,4
79096,52,59,-7,7
79097,106,101,5,5
79098,87,113,-26,26
79099,106,108,-2,2
79100,36,32,4,4
79101,108,127,-19,19
79102,153,189,-36,36
79103,44,65,-21,21
79104,119,116,3,3
79105,51,57,-6,6
79106,156,139,17,17
79107,114,129,-15,15
79108,123,119,4,4
79109,149,140,9,9
79110,90,83,7,7
79111,67,70,-3,3
79112,179,175,4,4
79113,123,124,-1,1
79114,88,90,-2,2
79115,211,204,7,7
79116,149,140,9,9
79117,58,61,-3,3
79118,85,84,1,1
79119,94,94,0,0
79120,125,129,-4,4
79121,50,59,-9,9
79122,78,74,4,4
79123,91,83,8,8
79124,166,162,4,4
79125,89,82,7,7
79126,55,68,-13,13
79127,140,131,9,9
79128,122,125,-3,3
79129,92,78,14,14
79130,59,66,-7,7
79131,112,118,-6,6
79132,97,101,-4,4
79133,109,114,-5,5
79134,121,144,-23,23
79135,75,77,-2,2
79136,80,75,5,5
79137,104,104,0,0
79138,130,129,1,1
79139,148,150,-2,2
79140,54,56,-2,2
79141,121,110,11,11
79142,65,80,-15,15
79143,51,63,-12,12
79144,142,124,18,18
79145,40,40,0,0
79146,58,67,-9,9
79147,92,92,0,0
79148,71,74,-3,3
79149,96,93,3,3
79150,118,112,6,6
79151,54,63,-9,9
79152,91,100,-9,9
79153,70,72,-2,2
79154,85,84,1,1
79155,47,53,-6,6
79156,137,135,2,2
79157,88,94,-6,6
79158,73,74,-1,1
79159,99,95,4,4
79160,68,74,-6,6
79161,174,177,-3,3
79162,119,124,-5,5
79163,84,84,0,0
79164,103,119,-16,16
79165,174,170,4,4
79166,98,94,4,4
79167,86,75,11,11
79168,101,104,-3,3
79169,88,77,11,11
79170,78,73,5,5
79171,94,93,1,1
79172,131,127,4,4
79173,104,98,6,6
79174,89,94,-5,5
79175,104,118,-14,14
79176,43,57,-14,14
79177,85,84,1,1
79178,66,72,-6,6
79179,108,116,-8,8
79180,89,102,-13,13
79181,54,64,-10,10
79182,75,77,-2,2
79183,85,96,-11,11
79184,94,93,1,1
79185,58,66,-8,8
79186,191,187,4,4
79187,63,65,-2,2
79188,73,71,2,2
79189,92,95,-3,3
79190,125,114,11,11
79191,90,89,1,1
79192,128,130,-2,2
79193,38,53,-15,15
79194,84,77,7,7
79195,85,82,3,3
79196,147,139,8,8
79197,54,58,-4,4
79198,78,79,-1,1
79199,117,108,9,9
79200,78,84,-6,6
79201,83,75,8,8
79202,125,151,-26,26
79203,108,106,2,2
79204,94,95,-1,1
79205,45,53,-8,8
79206,120,118,2,2
79207,86,84,2,2
79208,85,85,0,0
79209,50,55,-5,5
79210,89,84,5,5
79211,90,84,6,6
79212,75,72,3,3
79213,110,114,-4,4
79214,82,79,3,3
79215,140,137,3,3
79216,102,103,-1,1
79217,78,81,-3,3
79218,90,93,-3,3
79219,49,57,-8,8
79220,60,64,-4,4
79221,128,146,-18,18
79222,91,93,-2,2
79223,94,93,1,1
79224,101,98,3,3
79225,90,87,3,3
79226,115,112,3,3
79227,111,97,14,14
79228,110,119,-9,9
79229,64,71,-7,7
79230,112,97,15,15
79231,88,97,-9,9
79232,108,99,9,9
79233,100,102,-2,2
79234,66,68,-2,2
79235,142,125,17,17
79236,64,69,-5,5
79237,140,136,4,4
79238,124,118,6,6
79239,66,67,-1,1
79240,99,95,4,4
79241,78,72,6,6
79242,103,109,-6,6
79243,121,115,6,6
79244,96,91,5,5
79245,30,39,-9,9
79246,69,67,2,2
79247,97,89,8,8
79248,81,77,4,4
79249,72,73,-1,1
79250,93,84,9,9
79251,84,89,-5,5
79252,84,90,-6,6
79253,98,100,-2,2
79254,57,72,-15,15
79255,81,83,-2,2
79256,88,94,-6,6
79257,98,96,2,2
79258,171,158,13,13
79259,76,77,-1,1
79260,126,131,-5,5
79261,90,88,2,2
79262,91,80,11,11
79263,94,84,10,10
79264,91,83,8,8
79265,122,119,3,3
79266,81,91,-10,10
79267,86,105,-19,19
79268,79,78,1,1
79269,76,86,-10,10
79270,97,105,-8,8
79271,125,150,-25,25
79272,125,127,-2,2
79273,62,65,-3,3
79274,63,72,-9,9
79275,81,83,-2,2
79276,115,98,17,17
79277,162,164,-2,2
79278,103,98,5,5
79279,64,69,-5,5
79280,153,137,16,16
79281,69,79,-10,10
79282,132,121,11,11
79283,76,71,5,5
79284,63,77,-14,14
79285,65,69,-4,4
79286,89,85,4,4
79287,165,144,21,21
79288,84,81,3,3
79289,89,82,7,7
79290,130,124,6,6
79291,73,69,4,4
79292,110,120,-10,10
79293,157,141,16,16
79294,82,89,-7,7
79295,100,101,-1,1
79296,128,122,6,6
79297,122,120,2,2
79298,102,103,-1,1
79299,102,96,6,6
79300,86,76,10,10
79301,124,127,-3,3
79302,157,149,8,8
79303,104,103,1,1
79304,94,97,-3,3
79305,59,61,-2,2
79306,103,100,3,3
79307,78,73,5,5
79308,73,75,-2,2
79309,76,78,-2,2
79310,112,127,-15,15
79311,103,120,-17,17
79312,159,134,25,25
79313,42,55,-13,13
79314,83,77,6,6
79315,108,110,-2,2
79316,129,121,8,8
79317,129,129,0,0
79318,145,136,9,9
79319,70,73,-3,3
79320,71,71,0,0
79321,60,65,-5,5
79322,100,98,2,2
79323,173,169,4,4
79324,156,145,11,11
79325,101,99,2,2
79326,99,102,-3,3
79327,130,125,5,5
79328,68,125,-57,57
79329,138,126,12,12
79330,138,140,-2,2
79331,126,125,1,1
79332,74,72,2,2
79333,75,73,2,2
79334,79,77,2,2
79335,67,72,-5,5
79336,80,122,-42,42
79337,86,76,10,10
79338,57,62,-5,5
79339,111,120,-9,9
79340,95,94,1,1
79341,85,82,3,3
79342,88,84,4,4
79343,72,70,2,2
79344,22,61,-39,39
79345,97,84,13,13
79346,130,118,12,12
79347,55,60,-5,5
79348,95,91,4,4
79349,86,84,2,2
79350,53,62,-9,9
79351,66,69,-3,3
79352,122,131,-9,9
79353,130,129,1,1
79354,135,128,7,7
79355,47,56,-9,9
79356,65,102,-37,37
79357,46,45,1,1
79358,155,137,18,18
79359,60,67,-7,7
79360,75,80,-5,5
79361,97,88,9,9
79362,142,120,22,22
79363,57,67,-10,10
79364,80,77,3,3
79365,44,47,-3,3
79366,107,109,-2,2
79367,39,60,-21,21
79368,163,163,0,0
79369,152,167,-15,15
79370,119,116,3,3
79371,98,84,14,14
79372,67,76,-9,9
79373,61,61,0,0
79374,99,98,1,1
79375,62,67,-5,5
79376,68,70,-2,2
79377,72,78,-6,6
79378,83,86,-3,3
79379,103,96,7,7
79380,116,128,-12,12
79381,122,123,-1,1
79382,88,94,-6,6
79383,129,121,8,8
79384,86,82,4,4
79385,82,84,-2,2
79386,83,84,-1,1
79387,71,81,-10,10
79388,77,77,0,0
79389,100,107,-7,7
79390,206,198,8,8
79391,152,174,-22,22
79392,58,62,-4,4
79393,141,138,3,3
79394,96,87,9,9
79395,149,129,20,20
79396,80,76,4,4
79397,48,53,-5,5
79398,75,77,-2,2
79399,95,90,5,5
79400,126,131,-5,5
79401,74,75,-1,1
79402,95,91,4,4
79403,59,70,-11,11
79404,164,164,0,0
79405,95,94,1,1
79406,46,52,-6,6
79407,88,83,5,5
79408,135,144,-9,9
79409,140,127,13,13
79410,103,104,-1,1
79411,69,70,-1,1
79412,144,127,17,17
79413,147,134,13,13
79414,105,112,-7,7
79415,154,125,29,29
79416,77,75,2,2
79417,74,76,-2,2
79418,132,126,6,6
79419,56,63,-7,7
79420,48,55,-7,7
79421,77,77,0,0
79422,20,31,-11,11
79423,94,100,-6,6
79424,66,72,-6,6
79425,72,72,0,0
79426,130,123,7,7
79427,282,254,28,28
79428,139,121,18,18
79429,99,112,-13,13
79430,67,71,-4,4
79431,72,76,-4,4
79432,96,112,-16,16
79433,76,80,-4,4
79434,119,111,8,8
79435,93,83,10,10
79436,61,67,-6,6
79437,79,74,5,5
79438,107,101,6,6
79439,152,161,-9,9
79440,85,77,8,8
79441,62,62,0,0
79442,103,90,13,13
79443,59,63,-4,4
79444,109,114,-5,5
79445,84,93,-9,9
79446,85,80,5,5
79447,77,92,-15,15
79448,182,175,7,7
79449,105,109,-4,4
79450,165,162,3,3
79451,101,99,2,2
79452,91,89,2,2
79453,93,91,2,2
79454,105,113,-8,8
79455,98,105,-7,7
79456,140,142,-2,2
79457,150,139,11,11
79458,168,155,13,13
79459,155,145,10,10
79460,75,70,5,5
79461,56,61,-5,5
79462,41,60,-19,19
79463,84,80,4,4
79464,46,57,-11,11
79465,168,164,4,4
79466,148,139,9,9
79467,92,94,-2,2
79468,93,92,1,1
79469,108,98,10,10
79470,52,60,-8,8
79471,100,96,4,4
79472,77,83,-6,6
79473,95,87,8,8
79474,67,71,-4,4
79475,84,75,9,9
79476,107,105,2,2
79477,80,78,2,2
79478,104,103,1,1
79479,86,84,2,2
79480,90,80,10,10
79481,70,79,-9,9
79482,125,134,-9,9
79483,68,70,-2,2
79484,125,124,1,1
79485,133,131,2,2
79486,77,73,4,4
79487,70,75,-5,5
79488,182,171,11,11
79489,114,100,14,14
79490,114,113,1,1
79491,183,178,5,5
79492,57,68,-11,11
79493,111,113,-2,2
79494,49,60,-11,11
79495,58,63,-5,5
79496,97,108,-11,11
79497,141,146,-5,5
79498,133,131,2,2
79499,115,103,12,12
79500,142,131,11,11
79501,53,58,-5,5
79502,69,69,0,0
79503,152,136,16,16
79504,52,56,-4,4
79505,145,141,4,4
79506,90,89,1,1
79507,125,114,11,11
79508,73,65,8,8
79509,72,72,0,0
79510,69,78,-9,9
79511,146,132,14,14
79512,149,150,-1,1
79513,79,78,1,1
79514,105,114,-9,9
79515,65,67,-2,2
79516,139,126,13,13
79517,123,115,8,8
79518,105,78,27,27
79519,40,50,-10,10
79520,65,69,-4,4
79521,134,130,4,4
79522,123,118,5,5
79523,127,116,11,11
79524,39,72,-33,33
79525,104,112,-8,8
79526,48,56,-8,8
79527,78,84,-6,6
79528,102,102,0,0
79529,72,64,8,8
79530,130,132,-2,2
79531,107,107,0,0
79532,90,87,3,3
79533,85,80,5,5
79534,103,104,-1,1
79535,118,112,6,6
79536,67,76,-9,9
79537,101,84,17,17
79538,108,102,6,6
79539,134,149,-15,15
79540,83,77,6,6
79541,103,103,0,0
79542,43,62,-19,19
79543,154,139,15,15
79544,137,135,2,2
79545,133,122,11,11
79546,165,143,22,22
79547,68,73,-5,5
79548,144,141,3,3
79549,112,112,0,0
79550,96,97,-1,1
79551,84,76,8,8
79552,131,113,18,18
79553,95,93,2,2
79554,166,151,15,15
79555,56,65,-9,9
79556,112,110,2,2
79557,55,58,-3,3
79558,88,86,2,2
79559,81,76,5,5
79560,79,76,3,3
79561,105,105,0,0
79562,52,60,-8,8
79563,131,126,5,5
79564,101,100,1,1
79565,98,77,21,21
79566,60,61,-1,1
79567,66,71,-5,5
79568,85,76,9,9
79569,81,77,4,4
79570,117,121,-4,4
79571,61,63,-2,2
79572,74,76,-2,2
79573,64,71,-7,7
79574,61,64,-3,3
79575,106,101,5,5
79576,82,80,2,2
79577,68,85,-17,17
79578,100,104,-4,4
79579,111,90,21,21
79580,73,79,-6,6
79581,110,110,0,0
79582,110,113,-3,3
79583,150,144,6,6
79584,119,122,-3,3
79585,140,139,1,1
79586,107,101,6,6
79587,31,43,-12,12
79588,111,107,4,4
79589,93,98,-5,5
79590,73,77,-4,4
79591,75,82,-7,7
79592,106,122,-16,16
79593,46,55,-9,9
79594,169,161,8,8
79595,128,120,8,8
79596,189,190,-1,1
79597,119,115,4,4
79598,61,58,3,3
79599,109,109,0,0
79600,129,118,11,11
79601,118,120,-2,2
79602,91,92,-1,1
79603,95,98,-3,3
79604,106,94,12,12
79605,188,177,11,11
79606,78,80,-2,2
79607,59,72,-13,13
79608,66,65,1,1
79609,62,70,-8,8
79610,137,130,7,7
79611,82,83,-1,1
79612,115,115,0,0
79613,102,115,-13,13
79614,50,75,-25,25
79615,119,116,3,3
79616,159,161,-2,2
79617,146,146,0,0
79618,62,62,0,0
79619,72,70,2,2
79620,82,82,0,0
79621,64,67,-3,3
79622,74,77,-3,3
79623,104,96,8,8
79624,169,133,36,36
79625,86,91,-5,5
79626,178,185,-7,7
79627,83,77,6,6
79628,115,117,-2,2
79629,124,124,0,0
79630,123,150,-27,27
79631,90,92,-2,2
79632,51,58,-7,7
79633,99,93,6,6
79634,99,125,-26,26
79635,108,98,10,10
79636,124,110,14,14
79637,144,146,-2,2
79638,128,133,-5,5
79639,70,73,-3,3
79640,74,83,-9,9
79641,134,138,-4,4
79642,119,126,-7,7
79643,41,51,-10,10
79644,101,111,-10,10
79645,149,141,8,8
79646,121,112,9,9
79647,56,59,-3,3
79648,108,108,0,0
79649,72,76,-4,4
79650,98,85,13,13
79651,67,69,-2,2
79652,69,72,-3,3
79653,89,85,4,4
79654,122,131,-9,9
79655,75,77,-2,2
79656,80,83,-3,3
79657,184,183,1,1
79658,80,79,1,1
79659,136,132,4,4
79660,85,86,-1,1
79661,86,83,3,3
79662,99,105,-6,6
79663,161,161,0,0
79664,106,114,-8,8
79665,86,84,2,2
79666,160,151,9,9
79667,140,146,-6,6
79668,157,157,0,0
79669,121,119,2,2
79670,61,67,-6,6
79671,108,105,3,3
79672,110,106,4,4
79673,101,91,10,10
79674,85,83,2,2
79675,125,124,1,1
79676,67,70,-3,3
79677,64,68,-4,4
79678,47,64,-17,17
79679,111,120,-9,9
79680,45,54,-9,9
79681,79,69,10,10
79682,102,98,4,4
79683,99,83,16,16
79684,121,117,4,4
79685,75,83,-8,8
79686,172,166,6,6
79687,67,74,-7,7
79688,111,102,9,9
79689,119,128,-9,9
79690,134,122,12,12
79691,139,136,3,3
79692,67,72,-5,5
79693,100,122,-22,22
79694,64,71,-7,7
79695,105,104,1,1
79696,106,107,-1,1
79697,41,49,-8,8
79698,122,114,8,8
79699,96,100,-4,4
79700,74,76,-2,2
79701,97,94,3,3
79702,106,102,4,4
79703,58,59,-1,1
79704,61,65,-4,4
79705,72,70,2,2
79706,97,100,-3,3
79707,104,106,-2,2
79708,90,90,0,0
79709,190,178,12,12
79710,113,125,-12,12
79711,72,97,-25,25
79712,102,99,3,3
79713,143,119,24,24
79714,71,73,-2,2
79715,80,86,-6,6
79716,45,52,-7,7
79717,57,63,-6,6
79718,109,108,1,1
79719,80,80,0,0
79720,54,63,-9,9
79721,75,79,-4,4
79722,80,83,-3,3
79723,73,76,-3,3
79724,216,198,18,18
79725,73,80,-7,7
79726,124,121,3,3
79727,160,128,32,32
79728,140,132,8,8
79729,136,127,9,9
79730,68,67,1,1
79731,91,91,0,0
79732,69,64,5,5
79733,93,100,-7,7
79734,103,99,4,4
79735,93,95,-2,2
79736,53,65,-12,12
79737,116,112,4,4
79738,57,70,-13,13
79739,89,87,2,2
79740,58,63,-5,5
79741,136,136,0,0
79742,95,98,-3,3
79743,59,69,-10,10
79744,169,157,12,12
79745,105,106,-1,1
79746,119,105,14,14
79747,89,89,0,0
79748,132,122,10,10
79749,81,75,6,6
79750,52,51,1,1
79751,139,122,17,17
79752,60,63,-3,3
79753,128,122,6,6
79754,54,57,-3,3
79755,123,121,2,2
79756,99,98,1,1
79757,36,48,-12,12
79758,40,46,-6,6
79759,114,114,0,0
79760,89,80,9,9
79761,68,73,-5,5
79762,96,83,13,13
79763,120,114,6,6
79764,85,83,2,2
79765,67,67,0,0
79766,90,91,-1,1
79767,59,62,-3,3
79768,86,80,6,6
79769,187,184,3,3
79770,117,112,5,5
79771,50,63,-13,13
79772,90,85,5,5
79773,92,85,7,7
79774,57,64,-7,7
79775,55,62,-7,7
79776,51,62,-11,11
79777,84,84,0,0
79778,110,112,-2,2
79779,52,71,-19,19
79780,56,71,-15,15
79781,82,83,-1,1
79782,141,143,-2,2
79783,104,101,3,3
79784,113,117,-4,4
79785,119,114,5,5
79786,124,122,2,2
79787,79,77,2,2
79788,99,94,5,5
79789,133,119,14,14
79790,53,60,-7,7
79791,88,87,1,1
79792,58,61,-3,3
79793,90,92,-2,2
79794,89,98,-9,9
79795,91,100,-9,9
79796,110,106,4,4
79797,77,78,-1,1
79798,71,74,-3,3
79799,77,80,-3,3
79800,115,118,-3,3
79801,62,75,-13,13
79802,167,166,1,1
79803,105,108,-3,3
79804,100,94,6,6
79805,100,109,-9,9
79806,111,115,-4,4
79807,92,91,1,1
79808,162,156,6,6
79809,109,112,-3,3
79810,164,158,6,6
79811,63,62,1,1
79812,67,72,-5,5
79813,158,163,-5,5
79814,82,82,0,0
79815,65,64,1,1
79816,118,109,9,9
79817,87,97,-10,10
79818,159,160,-1,1
79819,122,112,10,10
79820,102,103,-1,1
79821,63,68,-5,5
79822,94,94,0,0
79823,100,101,-1,1
79824,87,73,14,14
79825,98,93,5,5
79826,79,74,5,5
79827,104,96,8,8
79828,115,108,7,7
79829,118,136,-18,18
79830,82,81,1,1
79831,130,120,10,10
79832,98,103,-5,5
79833,141,146,-5,5
79834,197,182,15,15
79835,141,144,-3,3
79836,91,96,-5,5
79837,80,77,3,3
79838,104,93,11,11
79839,171,162,9,9
79840,292,252,40,40
79841,113,117,-4,4
79842,111,107,4,4
79843,116,115,1,1
79844,66,67,-1,1
79845,146,143,3,3
79846,62,64,-2,2
79847,105,102,3,3
79848,66,70,-4,4
79849,59,62,-3,3
79850,74,79,-5,5
79851,91,83,8,8
79852,117,114,3,3
79853,101,106,-5,5
79854,167,172,-5,5
79855,69,70,-1,1
79856,120,119,1,1
79857,119,112,7,7
79858,130,118,12,12
79859,69,67,2,2
79860,97,103,-6,6
79861,76,77,-1,1
79862,183,176,7,7
79863,65,73,-8,8
79864,155,143,12,12
79865,80,70,10,10
79866,107,110,-3,3
79867,46,66,-20,20
79868,95,88,7,7
79869,72,73,-1,1
79870,74,81,-7,7
79871,73,74,-1,1
79872,66,62,4,4
79873,76,77,-1,1
79874,75,78,-3,3
79875,36,61,-25,25
79876,82,82,0,0
79877,150,138,12,12
79878,88,95,-7,7
79879,40,48,-8,8
79880,82,84,-2,2
79881,166,157,9,9
79882,113,113,0,0
79883,120,125,-5,5
79884,136,130,6,6
79885,53,63,-10,10
79886,233,214,19,19
79887,78,75,3,3
79888,112,107,5,5
79889,103,114,-11,11
79890,100,97,3,3
79891,86,93,-7,7
79892,69,74,-5,5
79893,109,110,-1,1
79894,105,100,5,5
79895,51,87,-36,36
79896,99,109,-10,10
79897,138,142,-4,4
79898,42,92,-50,50
79899,87,83,4,4
79900,141,135,6,6
79901,75,86,-11,11
79902,96,92,4,4
79903,56,63,-7,7
79904,122,116,6,6
79905,65,69,-4,4
79906,113,102,11,11
79907,67,66,1,1
79908,83,80,3,3
79909,91,77,14,14
79910,136,138,-2,2
79911,85,78,7,7
79912,66,71,-5,5
79913,79,66,13,13
79914,73,70,3,3
79915,106,104,2,2
79916,76,76,0,0
79917,149,140,9,9
79918,38,51,-13,13
79919,108,101,7,7
79920,91,97,-6,6
79921,105,104,1,1
79922,85,89,-4,4
79923,62,72,-10,10
79924,117,133,-16,16
79925,62,71,-9,9
79926,115,106,9,9
79927,85,74,11,11
79928,150,152,-2,2
79929,132,140,-8,8
79930,74,79,-5,5
79931,44,67,-23,23
79932,152,154,-2,2
79933,142,145,-3,3
79934,106,110,-4,4
79935,97,101,-4,4
79936,97,90,7,7
79937,53,64,-11,11
79938,116,115,1,1
79939,141,140,1,1
79940,109,112,-3,3
79941,90,87,3,3
79942,111,113,-2,2
79943,186,187,-1,1
79944,133,126,7,7
79945,83,77,6,6
79946,69,79,-10,10
79947,73,76,-3,3
79948,154,139,15,15
79949,93,105,-12,12
79950,87,85,2,2
79951,126,126,0,0
79952,91,94,-3,3
79953,79,79,0,0
79954,82,86,-4,4
79955,112,94,18,18
79956,72,68,4,4
79957,179,176,3,3
79958,67,73,-6,6
79959,61,78,-17,17
79960,134,126,8,8
79961,129,117,12,12
79962,79,77,2,2
79963,95,99,-4,4
79964,147,139,8,8
79965,86,90,-4,4
79966,64,69,-5,5
79967,73,78,-5,5
79968,60,65,-5,5
79969,122,128,-6,6
79970,91,94,-3,3
79971,78,80,-2,2
79972,69,77,-8,8
79973,64,86,-22,22
79974,120,112,8,8
79975,101,100,1,1
79976,51,56,-5,5
79977,80,84,-4,4
79978,100,126,-26,26
79979,104,106,-2,2
79980,69,78,-9,9
79981,94,94,0,0
79982,110,119,-9,9
79983,157,155,2,2
79984,56,65,-9,9
79985,118,117,1,1
79986,29,29,0,0
79987,110,136,-26,26
79988,102,95,7,7
79989,78,77,1,1
79990,116,127,-11,11
79991,129,127,2,2
79992,124,131,-7,7
79993,69,87,-18,18
79994,94,97,-3,3
79995,105,99,6,6
79996,127,141,-14,14
79997,99,97,2,2
79998,106,96,10,10
79999,45,50,-5,5
80000,73,73,0,0
80001,57,55,2,2
80002,71,70,1,1
80003,84,85,-1,1
80004,91,91,0,0
80005,93,88,5,5
80006,75,80,-5,5
80007,98,93,5,5
80008,76,76,0,0
80009,87,85,2,2
80010,100,105,-5,5
80011,101,98,3,3
80012,63,74,-11,11
80013,94,88,6,6
80014,58,65,-7,7
80015,77,70,7,7
80016,136,122,14,14
80017,86,86,0,0
80018,109,105,4,4
80019,77,76,1,1
80020,146,141,5,5
80021,128,127,1,1
80022,164,157,7,7
80023,71,73,-2,2
80024,147,150,-3,3
80025,96,92,4,4
80026,65,65,0,0
80027,95,96,-1,1
80028,84,84,0,0
80029,104,101,3,3
80030,75,77,-2,2
80031,168,163,5,5
80032,200,181,19,19
80033,153,159,-6,6
80034,171,174,-3,3
80035,111,119,-8,8
80036,65,74,-9,9
80037,85,97,-12,12
80038,98,84,14,14
80039,111,112,-1,1
80040,112,113,-1,1
80041,113,110,3,3
80042,148,133,15,15
80043,115,116,-1,1
80044,63,72,-9,9
80045,95,89,6,6
80046,98,103,-5,5
80047,117,120,-3,3
80048,144,134,10,10
80049,115,121,-6,6
80050,124,118,6,6
80051,115,117,-2,2
80052,93,101,-8,8
80053,83,86,-3,3
80054,83,80,3,3
80055,106,107,-1,1
80056,104,103,1,1
80057,149,166,-17,17
80058,94,101,-7,7
80059,61,66,-5,5
80060,63,76,-13,13
80061,98,103,-5,5
80062,70,75,-5,5
80063,96,102,-6,6
80064,89,87,2,2
80065,120,140,-20,20
80066,85,77,8,8
80067,159,131,28,28
80068,144,147,-3,3
80069,63,70,-7,7
80070,102,102,0,0
80071,119,106,13,13
80072,106,109,-3,3
80073,88,75,13,13
80074,54,61,-7,7
80075,58,63,-5,5
80076,130,123,7,7
80077,168,155,13,13
80078,73,73,0,0
80079,133,136,-3,3
80080,98,104,-6,6
80081,86,77,9,9
80082,81,83,-2,2
80083,83,84,-1,1
80084,59,67,-8,8
80085,43,54,-11,11
80086,80,81,-1,1
80087,73,77,-4,4
80088,86,84,2,2
80089,89,114,-25,25
80090,77,77,0,0
80091,59,58,1,1
80092,64,101,-37,37
80093,82,77,5,5
80094,47,55,-8,8
80095,99,82,17,17
80096,104,104,0,0
80097,62,69,-7,7
80098,70,75,-5,5
80099,65,71,-6,6
80100,79,76,3,3
80101,86,87,-1,1
80102,105,103,2,2
80103,91,97,-6,6
80104,117,104,13,13
80105,43,53,-10,10
80106,171,162,9,9
80107,115,112,3,3
80108,111,114,-3,3
80109,73,75,-2,2
80110,118,112,6,6
80111,84,79,5,5
80112,96,102,-6,6
80113,115,116,-1,1
80114,172,166,6,6
80115,138,131,7,7
80116,130,119,11,11
80117,142,137,5,5
80118,92,93,-1,1
80119,71,70,1,1
80120,42,50,-8,8
80121,93,88,5,5
80122,116,105,11,11
80123,90,80,10,10
80124,74,77,-3,3
80125,56,66,-10,10
80126,139,123,16,16
80127,76,85,-9,9
80128,97,101,-4,4
80129,88,92,-4,4
80130,70,70,0,0
80131,148,141,7,7
80132,70,70,0,0
80133,112,111,1,1
80134,81,71,10,10
80135,52,59,-7,7
80136,95,100,-5,5
80137,80,81,-1,1
80138,46,56,-10,10
80139,50,58,-8,8
80140,129,126,3,3
80141,90,90,0,0
80142,132,115,17,17
80143,143,137,6,6
80144,130,151,-21,21
80145,147,136,11,11
80146,103,98,5,5
80147,61,59,2,2
80148,88,96,-8,8
80149,158,150,8,8
80150,50,57,-7,7
80151,115,116,-1,1
80152,86,92,-6,6
80153,95,91,4,4
80154,135,147,-12,12
80155,84,84,0,0
80156,116,133,-17,17
80157,31,42,-11,11
80158,86,88,-2,2
80159,87,79,8,8
80160,99,91,8,8
80161,61,70,-9,9
80162,66,67,-1,1
80163,99,99,0,0
80164,83,71,12,12
80165,63,68,-5,5
80166,85,75,10,10
80167,90,95,-5,5
80168,114,113,1,1
80169,77,77,0,0
80170,74,79,-5,5
80171,85,83,2,2
80172,49,87,-38,38
80173,29,41,-12,12
80174,77,71,6,6
80175,70,71,-1,1
80176,72,77,-5,5
80177,67,86,-19,19
80178,73,74,-1,1
80179,112,101,11,11
80180,153,156,-3,3
80181,120,120,0,0
80182,96,99,-3,3
80183,104,104,0,0
80184,74,78,-4,4
80185,50,53,-3,3
80186,74,73,1,1
80187,91,84,7,7
80188,100,103,-3,3
80189,45,59,-14,14
80190,96,101,-5,5
80191,57,62,-5,5
80192,117,106,11,11
80193,116,118,-2,2
80194,117,117,0,0
80195,85,96,-11,11
80196,90,94,-4,4
80197,120,104,16,16
80198,63,72,-9,9
80199,131,148,-17,17
80200,55,62,-7,7
80201,159,165,-6,6
80202,95,85,10,10
80203,91,87,4,4
80204,52,58,-6,6
80205,73,70,3,3
80206,107,103,4,4
80207,73,79,-6,6
80208,144,134,10,10
80209,101,111,-10,10
80210,84,77,7,7
80211,72,79,-7,7
80212,100,114,-14,14
80213,57,63,-6,6
80214,89,83,6,6
80215,85,83,2,2
80216,136,132,4,4
80217,104,106,-2,2
80218,180,165,15,15
80219,88,84,4,4
80220,81,92,-11,11
80221,98,98,0,0
80222,63,63,0,0
80223,81,93,-12,12
80224,132,140,-8,8
80225,139,138,1,1
80226,156,145,11,11
80227,94,96,-2,2
80228,113,116,-3,3
80229,155,172,-17,17
80230,106,99,7,7
80231,71,72,-1,1
80232,98,102,-4,4
80233,48,133,-85,85
80234,54,60,-6,6
80235,86,80,6,6
80236,103,102,1,1
80237,148,137,11,11
80238,73,69,4,4
80239,135,138,-3,3
80240,93,93,0,0
80241,137,138,-1,1
80242,82,79,3,3
80243,78,75,3,3
80244,95,99,-4,4
80245,74,73,1,1
80246,95,95,0,0
80247,64,68,-4,4
80248,100,106,-6,6
80249,95,101,-6,6
80250,28,45,-17,17
80251,38,47,-9,9
80252,92,90,2,2
80253,134,137,-3,3
80254,68,71,-3,3
80255,117,111,6,6
80256,118,111,7,7
80257,79,75,4,4
80258,61,67,-6,6
80259,132,120,12,12
80260,98,107,-9,9
80261,70,76,-6,6
80262,117,112,5,5
80263,61,63,-2,2
80264,69,72,-3,3
80265,76,70,6,6
80266,56,64,-8,8
80267,108,105,3,3
80268,70,67,3,3
80269,53,59,-6,6
80270,94,99,-5,5
80271,158,154,4,4
80272,146,138,8,8
80273,94,97,-3,3
80274,48,56,-8,8
80275,85,89,-4,4
80276,117,107,10,10
80277,119,111,8,8
80278,72,79,-7,7
80279,103,103,0,0
80280,85,80,5,5
80281,121,110,11,11
80282,66,77,-11,11
80283,177,191,-14,14
80284,85,83,2,2
80285,151,153,-2,2
80286,57,60,-3,3
80287,83,70,13,13
80288,68,69,-1,1
80289,118,119,-1,1
80290,70,70,0,0
80291,30,48,-18,18
80292,94,103,-9,9
80293,68,73,-5,5
80294,153,156,-3,3
80295,81,75,6,6
80296,106,105,1,1
80297,93,86,7,7
80298,152,152,0,0
80299,117,116,1,1
80300,121,114,7,7
80301,104,114,-10,10
80302,130,119,11,11
80303,113,107,6,6
80304,108,102,6,6
80305,110,101,9,9
80306,76,88,-12,12
80307,119,115,4,4
80308,79,72,7,7
80309,96,96,0,0
80310,74,92,-18,18
80311,71,71,0,0
80312,79,74,5,5
80313,62,69,-7,7
80314,67,70,-3,3
80315,149,129,20,20
80316,70,74,-4,4
80317,87,84,3,3
80318,302,258,44,44
80319,51,61,-10,10
80320,73,72,1,1
80321,47,55,-8,8
80322,138,128,10,10
80323,155,147,8,8
80324,67,75,-8,8
80325,118,124,-6,6
80326,73,74,-1,1
80327,67,73,-6,6
80328,43,59,-16,16
80329,101,109,-8,8
80330,89,79,10,10
80331,67,71,-4,4
80332,148,146,2,2
80333,131,128,3,3
80334,73,69,4,4
80335,135,143,-8,8
80336,71,76,-5,5
80337,71,71,0,0
80338,108,96,12,12
80339,131,123,8,8
80340,115,126,-11,11
80341,56,59,-3,3
80342,84,80,4,4
80343,92,100,-8,8
80344,38,41,-3,3
80345,134,120,14,14
80346,75,76,-1,1
80347,124,115,9,9
80348,126,126,0,0
80349,103,116,-13,13
80350,57,60,-3,3
80351,82,92,-10,10
80352,113,115,-2,2
80353,103,113,-10,10
80354,119,103,16,16
80355,259,268,-9,9
80356,87,85,2,2
80357,180,151,29,29
80358,84,93,-9,9
80359,110,117,-7,7
80360,116,108,8,8
80361,114,115,-1,1
80362,124,130,-6,6
80363,92,84,8,8
80364,86,92,-6,6
80365,85,88,-3,3
80366,65,68,-3,3
80367,73,73,0,0
80368,72,73,-1,1
80369,108,109,-1,1
80370,47,52,-5,5
80371,96,100,-4,4
80372,66,73,-7,7
80373,70,77,-7,7
80374,134,127,7,7
80375,47,58,-11,11
80376,50,61,-11,11
80377,69,76,-7,7
80378,82,80,2,2
80379,103,101,2,2
80380,79,79,0,0
80381,82,84,-2,2
80382,77,88,-11,11
80383,77,80,-3,3
80384,99,99,0,0
80385,99,101,-2,2
80386,156,165,-9,9
80387,82,76,6,6
80388,123,113,10,10
80389,75,70,5,5
80390,47,57,-10,10
80391,32,40,-8,8
80392,72,79,-7,7
80393,92,95,-3,3
80394,128,108,20,20
80395,100,104,-4,4
80396,78,84,-6,6
80397,141,131,10,10
80398,361,290,71,71
80399,142,132,10,10
80400,28,60,-32,32
80401,53,59,-6,6
80402,80,83,-3,3
80403,81,82,-1,1
80404,181,155,26,26
80405,55,64,-9,9
80406,81,79,2,2
80407,58,66,-8,8
80408,28,29,-1,1
80409,76,80,-4,4
80410,77,83,-6,6
80411,125,124,1,1
80412,89,99,-10,10
80413,91,95,-4,4
80414,103,107,-4,4
80415,97,97,0,0
80416,90,80,10,10
80417,69,70,-1,1
80418,140,141,-1,1
80419,59,58,1,1
80420,140,143,-3,3
80421,119,119,0,0
80422,86,95,-9,9
80423,71,73,-2,2
80424,179,172,7,7
80425,119,108,11,11
80426,115,106,9,9
80427,61,71,-10,10
80428,160,161,-1,1
80429,127,129,-2,2
80430,186,192,-6,6
80431,95,98,-3,3
80432,73,77,-4,4
80433,86,79,7,7
80434,64,71,-7,7
80435,164,157,7,7
80436,80,78,2,2
80437,107,136,-29,29
80438,138,130,8,8
80439,95,97,-2,2
80440,161,150,11,11
80441,81,76,5,5
80442,118,116,2,2
80443,102,103,-1,1
80444,79,79,0,0
80445,83,84,-1,1
80446,96,84,12,12
80447,99,103,-4,4
80448,101,100,1,1
80449,73,75,-2,2
80450,151,149,2,2
80451,86,92,-6,6
80452,107,103,4,4
80453,102,97,5,5
80454,87,85,2,2
80455,110,108,2,2
80456,75,88,-13,13
80457,68,89,-21,21
80458,88,91,-3,3
80459,84,83,1,1
80460,81,76,5,5
80461,78,78,0,0
80462,73,74,-1,1
80463,103,98,5,5
80464,175,161,14,14
80465,122,119,3,3
80466,106,103,3,3
80467,53,55,-2,2
80468,120,117,3,3
80469,135,134,1,1
80470,96,96,0,0
80471,69,71,-2,2
80472,86,84,2,2
80473,94,101,-7,7
80474,46,57,-11,11
80475,93,93,0,0
80476,111,114,-3,3
80477,54,60,-6,6
80478,63,61,2,2
80479,59,66,-7,7
80480,61,65,-4,4
80481,68,77,-9,9
80482,140,125,15,15
80483,79,72,7,7
80484,148,153,-5,5
80485,114,112,2,2
80486,77,80,-3,3
80487,95,85,10,10
80488,53,57,-4,4
80489,102,105,-3,3
80490,150,155,-5,5
80491,142,125,17,17
80492,123,130,-7,7
80493,85,79,6,6
80494,86,78,8,8
80495,106,101,5,5
80496,123,115,8,8
80497,99,98,1,1
80498,78,73,5,5
80499,74,73,1,1
80500,83,80,3,3
80501,68,94,-26,26
80502,100,104,-4,4
80503,71,65,6,6
80504,85,73,12,12
80505,105,101,4,4
80506,132,127,5,5
80507,109,98,11,11
80508,95,94,1,1
80509,101,98,3,3
80510,49,61,-12,12
80511,37,46,-9,9
80512,80,85,-5,5
80513,66,60,6,6
80514,70,72,-2,2
80515,93,86,7,7
80516,54,61,-7,7
80517,99,111,-12,12
80518,100,99,1,1
80519,143,140,3,3
80520,67,65,2,2
80521,69,72,-3,3
80522,72,94,-22,22
80523,88,94,-6,6
80524,116,91,25,25
80525,103,106,-3,3
80526,129,127,2,2
80527,112,112,0,0
80528,47,55,-8,8
80529,80,79,1,1
80530,87,83,4,4
80531,102,107,-5,5
80532,111,114,-3,3
80533,113,119,-6,6
80534,85,82,3,3
80535,57,65,-8,8
80536,110,104,6,6
80537,91,89,2,2
80538,127,123,4,4
80539,71,67,4,4
80540,110,101,9,9
80541,143,142,1,1
80542,90,92,-2,2
80543,122,114,8,8
80544,124,116,8,8
80545,53,60,-7,7
80546,77,83,-6,6
80547,35,32,3,3
80548,63,77,-14,14
80549,115,108,7,7
80550,128,125,3,3
80551,99,101,-2,2
80552,90,96,-6,6
80553,80,76,4,4
80554,98,98,0,0
80555,95,92,3,3
80556,138,134,4,4
80557,84,81,3,3
80558,129,136,-7,7
80559,101,92,9,9
80560,109,95,14,14
80561,142,143,-1,1
80562,72,62,10,10
80563,110,109,1,1
80564,52,57,-5,5
80565,66,81,-15,15
80566,69,71,-2,2
80567,79,75,4,4
80568,69,72,-3,3
80569,97,96,1,1
80570,96,94,2,2
80571,105,102,3,3
80572,144,134,10,10
80573,129,120,9,9
80574,75,77,-2,2
80575,111,103,8,8
80576,149,148,1,1
80577,110,109,1,1
80578,73,74,-1,1
80579,58,66,-8,8
80580,47,54,-7,7
80581,82,85,-3,3
80582,70,72,-2,2
80583,124,108,16,16
80584,78,77,1,1
80585,136,126,10,10
80586,147,154,-7,7
80587,84,103,-19,19
80588,121,115,6,6
80589,63,60,3,3
80590,94,93,1,1
80591,125,129,-4,4
80592,82,85,-3,3
80593,158,143,15,15
80594,67,71,-4,4
80595,61,71,-10,10
80596,119,115,4,4
80597,65,70,-5,5
80598,86,88,-2,2
80599,98,80,18,18
80600,143,140,3,3
80601,105,106,-1,1
80602,113,128,-15,15
80603,77,73,4,4
80604,107,114,-7,7
80605,58,66,-8,8
80606,145,144,1,1
80607,52,74,-22,22
80608,109,101,8,8
80609,71,71,0,0
80610,64,72,-8,8
80611,129,113,16,16
80612,83,90,-7,7
80613,40,63,-23,23
80614,102,113,-11,11
80615,65,66,-1,1
80616,100,84,16,16
80617,131,126,5,5
80618,90,83,7,7
80619,92,98,-6,6
80620,67,80,-13,13
80621,121,115,6,6
80622,126,113,13,13
80623,93,95,-2,2
80624,157,154,3,3
80625,89,85,4,4
80626,53,63,-10,10
80627,96,93,3,3
80628,111,105,6,6
80629,121,117,4,4
80630,67,79,-12,12
80631,59,63,-4,4
80632,88,88,0,0
80633,71,83,-12,12
80634,57,62,-5,5
80635,118,112,6,6
80636,78,74,4,4
80637,118,115,3,3
80638,85,83,2,2
80639,102,102,0,0
80640,69,75,-6,6
80641,179,182,-3,3
80642,94,108,-14,14
80643,100,99,1,1
80644,91,83,8,8
80645,139,147,-8,8
80646,77,83,-6,6
80647,64,69,-5,5
80648,64,67,-3,3
80649,137,133,4,4
80650,113,111,2,2
80651,93,84,9,9
80652,100,104,-4,4
80653,88,84,4,4
80654,87,84,3,3
80655,144,136,8,8
80656,41,56,-15,15
80657,51,61,-10,10
80658,78,73,5,5
80659,72,71,1,1
80660,66,70,-4,4
80661,58,68,-10,10
80662,123,125,-2,2
80663,90,85,5,5
80664,56,57,-1,1
80665,98,85,13,13
80666,91,85,6,6
80667,126,118,8,8
80668,68,55,13,13
80669,117,112,5,5
80670,46,55,-9,9
80671,71,73,-2,2
80672,111,104,7,7
80673,89,83,6,6
80674,58,68,-10,10
80675,104,103,1,1
80676,110,105,5,5
80677,101,100,1,1
80678,203,222,-19,19
80679,90,94,-4,4
80680,82,79,3,3
80681,133,117,16,16
80682,67,67,0,0
80683,75,75,0,0
80684,90,86,4,4
80685,91,84,7,7
80686,91,96,-5,5
80687,67,69,-2,2
80688,122,119,3,3
80689,59,63,-4,4
80690,40,50,-10,10
80691,104,101,3,3
80692,118,120,-2,2
80693,92,81,11,11
80694,157,166,-9,9
80695,65,71,-6,6
80696,60,66,-6,6
80697,100,98,2,2
80698,31,29,2,2
80699,94,85,9,9
80700,45,55,-10,10
80701,109,100,9,9
80702,85,76,9,9
80703,86,93,-7,7
80704,185,173,12,12
80705,97,93,4,4
80706,69,62,7,7
80707,194,185,9,9
80708,63,77,-14,14
80709,141,139,2,2
80710,87,74,13,13
80711,131,126,5,5
80712,152,139,13,13
80713,96,94,2,2
80714,111,111,0,0
80715,92,83,9,9
80716,108,103,5,5
80717,83,79,4,4
80718,52,60,-8,8
80719,103,102,1,1
80720,189,179,10,10
80721,80,70,10,10
80722,149,139,10,10
80723,146,129,17,17
80724,66,67,-1,1
80725,38,47,-9,9
80726,124,131,-7,7
80727,55,65,-10,10
80728,141,118,23,23
80729,83,117,-34,34
80730,144,151,-7,7
80731,127,129,-2,2
80732,80,72,8,8
80733,125,121,4,4
80734,115,110,5,5
80735,79,77,2,2
80736,73,73,0,0
80737,92,75,17,17
80738,84,84,0,0
80739,103,105,-2,2
80740,104,112,-8,8
80741,101,104,-3,3
80742,92,99,-7,7
80743,169,155,14,14
80744,53,59,-6,6
80745,114,105,9,9
80746,138,141,-3,3
80747,86,80,6,6
80748,85,84,1,1
80749,147,146,1,1
80750,58,68,-10,10
80751,128,126,2,2
80752,65,71,-6,6
80753,89,85,4,4
80754,95,98,-3,3
80755,84,80,4,4
80756,115,105,10,10
80757,142,136,6,6
80758,120,114,6,6
80759,102,98,4,4
80760,121,143,-22,22
80761,48,61,-13,13
80762,127,107,20,20
80763,76,73,3,3
80764,133,124,9,9
80765,108,103,5,5
80766,67,69,-2,2
80767,33,42,-9,9
80768,148,133,15,15
80769,115,106,9,9
80770,68,104,-36,36
80771,132,144,-12,12
80772,167,156,11,11
80773,145,150,-5,5
80774,126,124,2,2
80775,72,68,4,4
80776,108,113,-5,5
80777,75,82,-7,7
80778,66,74,-8,8
80779,72,71,1,1
80780,99,94,5,5
80781,67,68,-1,1
80782,113,112,1,1
80783,108,98,10,10
80784,94,89,5,5
80785,57,67,-10,10
80786,97,89,8,8
80787,64,70,-6,6
80788,127,128,-1,1
80789,90,81,9,9
80790,185,184,1,1
80791,110,101,9,9
80792,59,67,-8,8
80793,119,111,8,8
80794,88,101,-13,13
80795,196,184,12,12
80796,95,97,-2,2
80797,69,76,-7,7
80798,159,165,-6,6
80799,66,86,-20,20
80800,100,87,13,13
80801,90,98,-8,8
80802,71,71,0,0
80803,63,65,-2,2
80804,104,96,8,8
80805,64,71,-7,7
80806,67,77,-10,10
80807,71,76,-5,5
80808,155,144,11,11
80809,89,81,8,8
80810,128,122,6,6
80811,95,102,-7,7
80812,51,57,-6,6
80813,118,113,5,5
80814,102,101,1,1
80815,124,122,2,2
80816,68,73,-5,5
80817,50,58,-8,8
80818,86,90,-4,4
80819,89,93,-4,4
80820,113,100,13,13
80821,126,121,5,5
80822,64,77,-13,13
80823,120,120,0,0
80824,62,62,0,0
80825,73,90,-17,17
80826,145,142,3,3
80827,63,66,-3,3
80828,80,87,-7,7
80829,82,80,2,2
80830,41,43,-2,2
80831,93,95,-2,2
80832,107,105,2,2
80833,60,64,-4,4
80834,93,86,7,7
80835,97,98,-1,1
80836,90,91,-1,1
80837,111,117,-6,6
80838,57,62,-5,5
80839,75,73,2,2
80840,54,63,-9,9
80841,55,71,-16,16
80842,84,84,0,0
80843,95,98,-3,3
80844,101,91,10,10
80845,91,90,1,1
80846,65,68,-3,3
80847,59,65,-6,6
80848,112,106,6,6
80849,164,162,2,2
80850,61,68,-7,7
80851,75,77,-2,2
80852,149,143,6,6
80853,152,141,11,11
80854,65,71,-6,6
80855,90,89,1,1
80856,96,101,-5,5
80857,105,102,3,3
80858,75,86,-11,11
80859,61,66,-5,5
80860,102,99,3,3
80861,96,87,9,9
80862,96,84,12,12
80863,89,84,5,5
80864,100,98,2,2
80865,96,86,10,10
80866,57,65,-8,8
80867,67,75,-8,8
80868,148,143,5,5
80869,108,102,6,6
80870,50,58,-8,8
80871,151,144,7,7
80872,72,81,-9,9
80873,55,65,-10,10
80874,166,145,21,21
80875,75,80,-5,5
80876,154,140,14,14
80877,71,77,-6,6
80878,77,79,-2,2
80879,72,69,3,3
80880,79,80,-1,1
80881,166,154,12,12
80882,72,76,-4,4
80883,91,86,5,5
80884,80,83,-3,3
80885,111,86,25,25
80886,81,91,-10,10
80887,74,77,-3,3
80888,129,123,6,6
80889,120,111,9,9
80890,79,77,2,2
80891,95,79,16,16
80892,82,84,-2,2
80893,124,115,9,9
80894,73,72,1,1
80895,328,399,-71,71
80896,95,88,7,7
80897,90,85,5,5
80898,105,106,-1,1
80899,131,130,1,1
80900,96,90,6,6
80901,64,57,7,7
80902,129,113,16,16
80903,84,76,8,8
80904,126,119,7,7
80905,132,122,10,10
80906,108,111,-3,3
80907,74,74,0,0
80908,122,115,7,7
80909,96,113,-17,17
80910,172,180,-8,8
80911,150,138,12,12
80912,82,83,-1,1
80913,119,120,-1,1
80914,42,52,-10,10
80915,125,114,11,11
80916,47,50,-3,3
80917,78,72,6,6
80918,51,60,-9,9
80919,56,66,-10,10
80920,100,108,-8,8
80921,105,101,4,4
80922,241,200,41,41
80923,148,137,11,11
80924,49,55,-6,6
80925,116,112,4,4
80926,45,42,3,3
80927,89,83,6,6
80928,83,85,-2,2
80929,106,108,-2,2
80930,84,97,-13,13
80931,82,77,5,5
80932,69,73,-4,4
80933,87,88,-1,1
80934,85,103,-18,18
80935,75,70,5,5
80936,142,145,-3,3
80937,84,82,2,2
80938,112,100,12,12
80939,74,77,-3,3
80940,82,84,-2,2
80941,96,97,-1,1
80942,106,100,6,6
80943,41,58,-17,17
80944,70,64,6,6
80945,62,68,-6,6
80946,108,112,-4,4
80947,115,105,10,10
80948,79,76,3,3
80949,101,99,2,2
80950,73,71,2,2
80951,69,72,-3,3
80952,42,50,-8,8
80953,130,123,7,7
80954,74,69,5,5
80955,69,72,-3,3
80956,112,106,6,6
80957,95,100,-5,5
80958,56,60,-4,4
80959,98,96,2,2
80960,93,99,-6,6
80961,93,89,4,4
80962,99,101,-2,2
80963,137,130,7,7
80964,127,126,1,1
80965,82,79,3,3
80966,58,72,-14,14
80967,83,75,8,8
80968,130,120,10,10
80969,99,83,16,16
80970,134,132,2,2
80971,134,125,9,9
80972,73,70,3,3
80973,98,113,-15,15
80974,56,61,-5,5
80975,106,107,-1,1
80976,157,148,9,9
80977,70,72,-2,2
80978,105,101,4,4
80979,108,118,-10,10
80980,65,69,-4,4
80981,82,77,5,5
80982,75,75,0,0
80983,88,94,-6,6
80984,79,81,-2,2
80985,85,95,-10,10
80986,98,93,5,5
80987,70,70,0,0
80988,132,137,-5,5
80989,121,108,13,13
80990,120,134,-14,14
80991,131,121,10,10
80992,100,103,-3,3
80993,103,103,0,0
80994,89,88,1,1
80995,87,93,-6,6
80996,63,71,-8,8
80997,101,86,15,15
80998,80,76,4,4
80999,60,63,-3,3
81000,53,60,-7,7
81001,147,133,14,14
81002,83,84,-1,1
81003,91,92,-1,1
81004,120,116,4,4
81005,79,77,2,2
81006,66,62,4,4
81007,126,104,22,22
81008,155,139,16,16
81009,73,76,-3,3
81010,75,74,1,1
81011,110,112,-2,2
81012,87,86,1,1
81013,92,88,4,4
81014,133,135,-2,2
81015,100,94,6,6
81016,89,85,4,4
81017,73,76,-3,3
81018,56,58,-2,2
81019,117,110,7,7
81020,77,67,10,10
81021,58,60,-2,2
81022,132,136,-4,4
81023,149,127,22,22
81024,60,61,-1,1
81025,88,84,4,4
81026,118,105,13,13
81027,71,76,-5,5
81028,158,154,4,4
81029,143,129,14,14
81030,63,74,-11,11
81031,49,62,-13,13
81032,111,106,5,5
81033,121,121,0,0
81034,97,91,6,6
81035,116,113,3,3
81036,58,60,-2,2
81037,66,62,4,4
81038,63,65,-2,2
81039,54,54,0,0
81040,83,84,-1,1
81041,66,72,-6,6
81042,48,57,-9,9
81043,69,75,-6,6
81044,39,65,-26,26
81045,158,124,34,34
81046,48,57,-9,9
81047,63,64,-1,1
81048,93,97,-4,4
81049,87,90,-3,3
81050,64,60,4,4
81051,148,125,23,23
81052,58,64,-6,6
81053,51,59,-8,8
81054,53,64,-11,11
81055,138,139,-1,1
81056,75,76,-1,1
81057,94,97,-3,3
81058,49,64,-15,15
81059,132,140,-8,8
81060,98,91,7,7
81061,97,108,-11,11
81062,100,94,6,6
81063,107,101,6,6
81064,65,65,0,0
81065,67,70,-3,3
81066,54,61,-7,7
81067,123,121,2,2
81068,133,121,12,12
81069,105,126,-21,21
81070,91,92,-1,1
81071,121,123,-2,2
81072,81,85,-4,4
81073,59,70,-11,11
81074,154,139,15,15
81075,85,83,2,2
81076,80,96,-16,16
81077,181,157,24,24
81078,112,108,4,4
81079,80,79,1,1
81080,140,127,13,13
81081,92,79,13,13
81082,87,78,9,9
81083,62,77,-15,15
81084,136,126,10,10
81085,74,75,-1,1
81086,74,72,2,2
81087,45,49,-4,4
81088,87,83,4,4
81089,81,79,2,2
81090,37,36,1,1
81091,73,74,-1,1
81092,81,81,0,0
81093,119,113,6,6
81094,139,138,1,1
81095,106,109,-3,3
81096,105,104,1,1
81097,129,124,5,5
81098,97,103,-6,6
81099,94,121,-27,27
81100,89,115,-26,26
81101,84,80,4,4
81102,182,166,16,16
81103,44,55,-11,11
81104,98,94,4,4
81105,83,80,3,3
81106,159,151,8,8
81107,61,65,-4,4
81108,145,127,18,18
81109,113,134,-21,21
81110,74,75,-1,1
81111,44,38,6,6
81112,70,78,-8,8
81113,87,102,-15,15
81114,156,142,14,14
81115,78,76,2,2
81116,99,89,10,10
81117,120,111,9,9
81118,100,112,-12,12
81119,90,84,6,6
81120,90,94,-4,4
81121,126,126,0,0
81122,59,55,4,4
81123,82,80,2,2
81124,71,79,-8,8
81125,87,84,3,3
81126,72,78,-6,6
81127,112,105,7,7
81128,65,66,-1,1
81129,68,72,-4,4
81130,62,65,-3,3
81131,130,130,0,0
81132,60,65,-5,5
81133,100,106,-6,6
81134,48,59,-11,11
81135,97,96,1,1
81136,85,79,6,6
81137,143,121,22,22
81138,112,112,0,0
81139,70,75,-5,5
81140,107,120,-13,13
81141,103,101,2,2
81142,79,76,3,3
81143,65,64,1,1
81144,74,71,3,3
81145,62,69,-7,7
81146,146,146,0,0
81147,138,136,2,2
81148,109,109,0,0
81149,57,62,-5,5
81150,81,83,-2,2
81151,100,98,2,2
81152,55,64,-9,9
81153,71,75,-4,4
81154,137,124,13,13
81155,173,167,6,6
81156,53,60,-7,7
81157,69,71,-2,2
81158,115,102,13,13
81159,71,77,-6,6
81160,129,120,9,9
81161,142,129,13,13
81162,48,57,-9,9
81163,77,79,-2,2
81164,81,91,-10,10
81165,103,101,2,2
81166,75,74,1,1
81167,86,82,4,4
81168,105,107,-2,2
81169,61,61,0,0
81170,109,103,6,6
81171,98,95,3,3
81172,153,154,-1,1
81173,50,61,-11,11
81174,178,161,17,17
81175,85,80,5,5
81176,118,119,-1,1
81177,94,84,10,10
81178,116,97,19,19
81179,92,85,7,7
81180,96,93,3,3
81181,44,53,-9,9
81182,96,97,-1,1
81183,146,125,21,21
81184,90,78,12,12
81185,86,85,1,1
81186,112,114,-2,2
81187,102,114,-12,12
81188,47,54,-7,7
81189,107,102,5,5
81190,52,68,-16,16
81191,122,122,0,0
81192,84,78,6,6
81193,76,77,-1,1
81194,72,75,-3,3
81195,181,175,6,6
81196,71,75,-4,4
81197,92,98,-6,6
81198,152,146,6,6
81199,133,133,0,0
81200,97,100,-3,3
81201,135,136,-1,1
81202,75,77,-2,2
81203,99,104,-5,5
81204,92,120,-28,28
81205,113,120,-7,7
81206,65,65,0,0
81207,100,104,-4,4
81208,124,128,-4,4
81209,82,79,3,3
81210,111,118,-7,7
81211,101,97,4,4
81212,60,67,-7,7
81213,141,127,14,14
81214,69,72,-3,3
81215,141,146,-5,5
81216,111,101,10,10
81217,169,165,4,4
81218,126,121,5,5
81219,75,80,-5,5
81220,120,112,8,8
81221,141,149,-8,8
81222,104,119,-15,15
81223,48,59,-11,11
81224,93,96,-3,3
81225,140,131,9,9
81226,97,84,13,13
81227,110,103,7,7
81228,45,49,-4,4
81229,92,93,-1,1
81230,87,76,11,11
81231,90,80,10,10
81232,68,72,-4,4
81233,64,74,-10,10
81234,59,59,0,0
81235,135,130,5,5
81236,52,62,-10,10
81237,121,127,-6,6
81238,78,83,-5,5
81239,97,87,10,10
81240,64,88,-24,24
81241,113,117,-4,4
81242,83,80,3,3
81243,79,76,3,3
81244,77,80,-3,3
81245,56,66,-10,10
81246,156,152,4,4
81247,134,125,9,9
81248,66,69,-3,3
81249,113,114,-1,1
81250,89,83,6,6
81251,95,103,-8,8
81252,98,99,-1,1
81253,137,145,-8,8
81254,113,105,8,8
81255,173,161,12,12
81256,122,119,3,3
81257,92,85,7,7
81258,142,133,9,9
81259,82,78,4,4
81260,42,49,-7,7
81261,116,141,-25,25
81262,89,90,-1,1
81263,140,135,5,5
81264,130,107,23,23
81265,80,77,3,3
81266,113,116,-3,3
81267,60,65,-5,5
81268,143,175,-32,32
81269,86,82,4,4
81270,126,119,7,7
81271,75,70,5,5
81272,120,113,7,7
81273,125,118,7,7
81274,195,189,6,6
81275,71,74,-3,3
81276,131,132,-1,1
81277,111,109,2,2
81278,89,94,-5,5
81279,93,90,3,3
81280,80,80,0,0
81281,80,76,4,4
81282,46,52,-6,6
81283,134,128,6,6
81284,83,79,4,4
81285,145,142,3,3
81286,80,78,2,2
81287,82,75,7,7
81288,86,77,9,9
81289,62,72,-10,10
81290,46,58,-12,12
81291,112,108,4,4
81292,99,101,-2,2
81293,145,134,11,11
81294,166,165,1,1
81295,45,56,-11,11
81296,126,110,16,16
81297,89,85,4,4
81298,99,106,-7,7
81299,77,77,0,0
81300,119,106,13,13
81301,93,111,-18,18
81302,102,108,-6,6
81303,62,65,-3,3
81304,57,58,-1,1
81305,63,70,-7,7
81306,56,66,-10,10
81307,137,134,3,3
81308,101,101,0,0
81309,90,83,7,7
81310,136,129,7,7
81311,70,70,0,0
81312,81,80,1,1
81313,66,67,-1,1
81314,93,91,2,2
81315,73,70,3,3
81316,90,84,6,6
81317,83,83,0,0
81318,89,80,9,9
81319,103,109,-6,6
81320,105,98,7,7
81321,83,103,-20,20
81322,115,115,0,0
81323,99,101,-2,2
81324,85,88,-3,3
81325,73,78,-5,5
81326,80,85,-5,5
81327,49,64,-15,15
81328,80,78,2,2
81329,63,69,-6,6
81330,33,38,-5,5
81331,178,186,-8,8
81332,105,129,-24,24
81333,41,61,-20,20
81334,92,98,-6,6
81335,98,91,7,7
81336,71,74,-3,3
81337,30,29,1,1
81338,62,68,-6,6
81339,126,143,-17,17
81340,102,103,-1,1
81341,122,120,2,2
81342,79,82,-3,3
81343,152,144,8,8
81344,159,145,14,14
81345,161,161,0,0
81346,71,66,5,5
81347,84,88,-4,4
81348,118,107,11,11
81349,73,75,-2,2
81350,118,116,2,2
81351,102,85,17,17
81352,69,78,-9,9
81353,101,93,8,8
81354,127,120,7,7
81355,84,78,6,6
81356,40,41,-1,1
81357,70,71,-1,1
81358,135,126,9,9
81359,77,78,-1,1
81360,78,80,-2,2
81361,70,73,-3,3
81362,73,77,-4,4
81363,85,81,4,4
81364,106,101,5,5
81365,151,145,6,6
81366,153,157,-4,4
81367,133,120,13,13
81368,121,118,3,3
81369,110,107,3,3
81370,71,80,-9,9
81371,98,97,1,1
81372,126,131,-5,5
81373,86,89,-3,3
81374,77,77,0,0
81375,198,182,16,16
81376,133,130,3,3
81377,124,128,-4,4
81378,90,84,6,6
81379,60,66,-6,6
81380,80,95,-15,15
81381,47,57,-10,10
81382,82,76,6,6
81383,119,101,18,18
81384,66,71,-5,5
81385,136,122,14,14
81386,141,129,12,12
81387,50,65,-15,15
81388,71,79,-8,8
81389,98,97,1,1
81390,121,106,15,15
81391,81,91,-10,10
81392,117,117,0,0
81393,112,109,3,3
81394,94,93,1,1
81395,55,74,-19,19
81396,97,110,-13,13
81397,92,98,-6,6
81398,137,136,1,1
81399,54,57,-3,3
81400,140,136,4,4
81401,138,126,12,12
81402,85,81,4,4
81403,84,91,-7,7
81404,104,102,2,2
81405,113,112,1,1
81406,109,115,-6,6
81407,76,95,-19,19
81408,79,82,-3,3
81409,65,67,-2,2
81410,81,79,2,2
81411,131,115,16,16
81412,204,183,21,21
81413,77,73,4,4
81414,161,152,9,9
81415,97,100,-3,3
81416,110,99,11,11
81417,76,78,-2,2
81418,70,71,-1,1
81419,122,123,-1,1
81420,52,60,-8,8
81421,121,120,1,1
81422,89,92,-3,3
81423,99,85,14,14
81424,62,67,-5,5
81425,117,113,4,4
81426,92,101,-9,9
81427,169,164,5,5
81428,122,114,8,8
81429,88,95,-7,7
81430,94,90,4,4
81431,163,135,28,28
81432,72,71,1,1
81433,87,95,-8,8
81434,104,114,-10,10
81435,51,59,-8,8
81436,57,59,-2,2
81437,149,144,5,5
81438,87,85,2,2
81439,109,109,0,0
81440,120,114,6,6
81441,79,74,5,5
81442,129,125,4,4
81443,162,151,11,11
81444,133,131,2,2
81445,82,78,4,4
81446,110,110,0,0
81447,180,167,13,13
81448,104,101,3,3
81449,134,126,8,8
81450,114,107,7,7
81451,130,138,-8,8
81452,94,97,-3,3
81453,182,167,15,15
81454,93,98,-5,5
81455,74,77,-3,3
81456,66,71,-5,5
81457,164,245,-81,81
81458,125,173,-48,48
81459,74,80,-6,6
81460,148,147,1,1
81461,69,72,-3,3
81462,98,94,4,4
81463,71,75,-4,4
81464,107,101,6,6
81465,133,121,12,12
81466,72,71,1,1
81467,68,71,-3,3
81468,97,91,6,6
81469,185,159,26,26
81470,184,178,6,6
81471,106,112,-6,6
81472,143,145,-2,2
81473,82,99,-17,17
81474,47,62,-15,15
81475,82,75,7,7
81476,97,81,16,16
81477,58,64,-6,6
81478,115,107,8,8
81479,137,120,17,17
81480,112,112,0,0
81481,101,98,3,3
81482,56,59,-3,3
81483,80,76,4,4
81484,79,78,1,1
81485,186,164,22,22
81486,79,71,8,8
81487,80,73,7,7
81488,85,80,5,5
81489,123,113,10,10
81490,94,84,10,10
81491,71,83,-12,12
81492,83,84,-1,1
81493,45,54,-9,9
81494,120,145,-25,25
81495,165,157,8,8
81496,73,74,-1,1
81497,87,81,6,6
81498,80,84,-4,4
81499,132,140,-8,8
81500,82,77,5,5
81501,77,74,3,3
81502,62,70,-8,8
81503,74,76,-2,2
81504,87,97,-10,10
81505,142,133,9,9
81506,119,113,6,6
81507,62,59,3,3
