,original,predict,differ,abs
0,67,72,-5,5
1,58,62,-4,4
2,88,85,3,3
3,183,157,26,26
4,81,77,4,4
5,88,85,3,3
6,83,85,-2,2
7,183,137,46,46
8,81,77,4,4
9,117,110,7,7
10,64,57,7,7
11,59,69,-10,10
12,74,69,5,5
13,100,101,-1,1
14,103,96,7,7
15,66,68,-2,2
16,97,88,9,9
17,120,103,17,17
18,79,77,2,2
19,110,108,2,2
20,217,177,40,40
21,156,138,18,18
22,97,87,10,10
23,101,111,-10,10
24,82,75,7,7
25,127,109,18,18
26,112,103,9,9
27,191,154,37,37
28,48,43,5,5
29,106,107,-1,1
30,133,122,11,11
31,57,61,-4,4
32,108,96,12,12
33,89,79,10,10
34,50,64,-14,14
35,62,49,13,13
36,102,95,7,7
37,55,53,2,2
38,89,95,-6,6
39,96,99,-3,3
40,70,70,0,0
41,115,112,3,3
42,82,81,1,1
43,102,97,5,5
44,167,133,34,34
45,82,90,-8,8
46,118,116,2,2
47,85,79,6,6
48,93,88,5,5
49,111,91,20,20
50,77,71,6,6
51,136,119,17,17
52,109,90,19,19
53,85,90,-5,5
54,133,113,20,20
55,138,118,20,20
56,100,113,-13,13
57,130,115,15,15
58,96,97,-1,1
59,58,60,-2,2
60,115,107,8,8
61,73,75,-2,2
62,135,112,23,23
63,177,158,19,19
64,96,96,0,0
65,77,80,-3,3
66,84,81,3,3
67,105,92,13,13
68,193,170,23,23
69,143,132,11,11
70,111,97,14,14
71,104,87,17,17
72,265,230,35,35
73,88,88,0,0
74,78,78,0,0
75,58,59,-1,1
76,86,79,7,7
77,59,64,-5,5
78,139,127,12,12
79,96,87,9,9
80,90,86,4,4
81,83,81,2,2
82,133,122,11,11
83,141,126,15,15
84,72,69,3,3
85,75,72,3,3
86,43,44,-1,1
87,68,69,-1,1
88,170,125,45,45
89,92,93,-1,1
90,64,83,-19,19
91,101,101,0,0
92,82,75,7,7
93,81,73,8,8
94,75,73,2,2
95,99,92,7,7
96,45,56,-11,11
97,186,168,18,18
98,127,132,-5,5
99,100,96,4,4
100,66,65,1,1
101,129,103,26,26
102,107,106,1,1
103,128,116,12,12
104,90,80,10,10
105,68,69,-1,1
106,107,101,6,6
107,90,82,8,8
108,89,89,0,0
109,70,71,-1,1
110,174,132,42,42
111,90,78,12,12
112,76,79,-3,3
113,67,66,1,1
114,76,84,-8,8
115,168,147,21,21
116,91,83,8,8
117,103,98,5,5
118,91,85,6,6
119,67,74,-7,7
120,118,116,2,2
121,51,50,1,1
122,76,79,-3,3
123,110,110,0,0
124,99,90,9,9
125,96,94,2,2
126,169,149,20,20
127,89,89,0,0
128,94,95,-1,1
129,123,119,4,4
130,186,161,25,25
131,132,119,13,13
132,102,83,19,19
133,78,80,-2,2
134,129,109,20,20
135,116,95,21,21
136,136,117,19,19
137,131,121,10,10
138,105,101,4,4
139,69,71,-2,2
140,66,60,6,6
141,127,114,13,13
142,127,113,14,14
143,66,78,-12,12
144,112,109,3,3
145,115,102,13,13
146,98,85,13,13
147,69,61,8,8
148,93,80,13,13
149,121,117,4,4
150,92,91,1,1
151,73,71,2,2
152,139,124,15,15
153,80,82,-2,2
154,89,92,-3,3
155,67,68,-1,1
156,66,62,4,4
157,81,82,-1,1
158,59,63,-4,4
159,128,123,5,5
160,109,106,3,3
161,50,49,1,1
162,74,68,6,6
163,80,82,-2,2
164,132,127,5,5
165,51,52,-1,1
166,115,103,12,12
167,70,85,-15,15
168,159,132,27,27
169,151,142,9,9
170,94,92,2,2
171,81,90,-9,9
172,77,79,-2,2
173,42,43,-1,1
174,135,120,15,15
175,106,97,9,9
176,50,53,-3,3
177,162,129,33,33
178,130,107,23,23
179,120,100,20,20
180,84,87,-3,3
181,76,81,-5,5
182,67,69,-2,2
183,75,72,3,3
184,39,41,-2,2
185,119,98,21,21
186,55,60,-5,5
187,90,83,7,7
188,124,114,10,10
189,171,152,19,19
190,70,70,0,0
191,137,126,11,11
192,127,123,4,4
193,143,138,5,5
194,195,148,47,47
195,112,100,12,12
196,43,47,-4,4
197,114,106,8,8
198,111,97,14,14
199,80,81,-1,1
200,128,105,23,23
201,176,159,17,17
202,64,60,4,4
203,142,124,18,18
204,100,87,13,13
205,63,59,4,4
206,145,122,23,23
207,101,93,8,8
208,78,72,6,6
209,98,92,6,6
210,147,134,13,13
211,50,53,-3,3
212,70,69,1,1
213,175,152,23,23
214,87,92,-5,5
215,87,80,7,7
216,108,112,-4,4
217,67,66,1,1
218,95,95,0,0
219,89,94,-5,5
220,135,125,10,10
221,79,83,-4,4
222,43,48,-5,5
223,195,146,49,49
224,83,82,1,1
225,81,86,-5,5
226,63,69,-6,6
227,119,110,9,9
228,98,92,6,6
229,44,49,-5,5
230,47,56,-9,9
231,87,70,17,17
232,90,81,9,9
233,62,63,-1,1
234,103,95,8,8
235,140,129,11,11
236,114,108,6,6
237,57,70,-13,13
238,81,76,5,5
239,74,91,-17,17
240,61,71,-10,10
241,43,45,-2,2
242,55,62,-7,7
243,100,88,12,12
244,124,102,22,22
245,107,99,8,8
246,121,115,6,6
247,86,91,-5,5
248,146,125,21,21
249,147,136,11,11
250,47,43,4,4
251,124,106,18,18
252,89,88,1,1
253,50,59,-9,9
254,110,105,5,5
255,158,139,19,19
256,86,81,5,5
257,102,100,2,2
258,107,107,0,0
259,64,69,-5,5
260,136,121,15,15
261,125,103,22,22
262,115,97,18,18
263,71,68,3,3
264,80,80,0,0
265,82,86,-4,4
266,79,79,0,0
267,102,90,12,12
268,49,60,-11,11
269,109,101,8,8
270,52,54,-2,2
271,72,70,2,2
272,68,71,-3,3
273,151,141,10,10
274,112,105,7,7
275,97,102,-5,5
276,82,88,-6,6
277,72,74,-2,2
278,125,122,3,3
279,128,121,7,7
280,94,91,3,3
281,76,70,6,6
282,71,72,-1,1
283,112,105,7,7
284,75,72,3,3
285,77,73,4,4
286,78,70,8,8
287,89,81,8,8
288,88,79,9,9
289,97,92,5,5
290,80,74,6,6
291,67,73,-6,6
292,83,83,0,0
293,85,89,-4,4
294,76,72,4,4
295,64,65,-1,1
296,107,105,2,2
297,141,134,7,7
298,130,115,15,15
299,51,58,-7,7
300,66,60,6,6
301,75,72,3,3
302,186,148,38,38
303,86,78,8,8
304,141,129,12,12
305,83,80,3,3
306,85,81,4,4
307,148,119,29,29
308,87,81,6,6
309,77,69,8,8
310,27,35,-8,8
311,88,89,-1,1
312,92,82,10,10
313,86,88,-2,2
314,135,125,10,10
315,77,69,8,8
316,73,71,2,2
317,133,126,7,7
318,51,56,-5,5
319,125,110,15,15
320,98,104,-6,6
321,143,124,19,19
322,140,124,16,16
323,87,92,-5,5
324,89,74,15,15
325,69,72,-3,3
326,96,79,17,17
327,127,110,17,17
328,79,73,6,6
329,137,113,24,24
330,85,84,1,1
331,84,84,0,0
332,52,66,-14,14
333,77,74,3,3
334,78,82,-4,4
335,104,93,11,11
336,89,89,0,0
337,89,54,35,35
338,56,51,5,5
339,106,84,22,22
340,71,68,3,3
341,132,111,21,21
342,82,73,9,9
343,100,93,7,7
344,51,60,-9,9
345,66,64,2,2
346,85,75,10,10
347,112,104,8,8
348,34,51,-17,17
349,134,109,25,25
350,93,94,-1,1
351,114,122,-8,8
352,137,117,20,20
353,88,84,4,4
354,108,105,3,3
355,106,96,10,10
356,146,158,-12,12
357,54,67,-13,13
358,170,127,43,43
359,86,75,11,11
360,110,91,19,19
361,82,80,2,2
362,101,93,8,8
363,64,71,-7,7
364,44,52,-8,8
365,84,82,2,2
366,60,59,1,1
367,101,99,2,2
368,120,102,18,18
369,60,58,2,2
370,130,116,14,14
371,41,47,-6,6
372,116,102,14,14
373,58,59,-1,1
374,77,73,4,4
375,96,97,-1,1
376,88,88,0,0
377,103,96,7,7
378,35,40,-5,5
379,64,60,4,4
380,86,74,12,12
381,89,88,1,1
382,108,100,8,8
383,116,102,14,14
384,82,81,1,1
385,65,68,-3,3
386,64,72,-8,8
387,134,118,16,16
388,65,69,-4,4
389,77,74,3,3
390,120,111,9,9
391,54,59,-5,5
392,90,86,4,4
393,87,85,2,2
394,97,84,13,13
395,17,26,-9,9
396,69,86,-17,17
397,31,39,-8,8
398,90,87,3,3
399,104,100,4,4
400,97,91,6,6
401,52,59,-7,7
402,81,80,1,1
403,88,82,6,6
404,150,135,15,15
405,103,105,-2,2
406,47,47,0,0
407,119,107,12,12
408,107,107,0,0
409,88,65,23,23
410,85,81,4,4
411,95,93,2,2
412,89,80,9,9
413,87,90,-3,3
414,148,123,25,25
415,98,90,8,8
416,148,138,10,10
417,77,81,-4,4
418,70,73,-3,3
419,64,66,-2,2
420,110,118,-8,8
421,143,134,9,9
422,122,151,-29,29
423,82,80,2,2
424,112,102,10,10
425,128,120,8,8
426,148,134,14,14
427,80,77,3,3
428,56,66,-10,10
429,90,84,6,6
430,110,103,7,7
431,88,94,-6,6
432,91,87,4,4
433,99,95,4,4
434,122,108,14,14
435,66,66,0,0
436,106,96,10,10
437,65,61,4,4
438,164,139,25,25
439,68,66,2,2
440,48,68,-20,20
441,88,80,8,8
442,107,104,3,3
443,58,63,-5,5
444,91,84,7,7
445,113,100,13,13
446,107,95,12,12
447,101,91,10,10
448,72,82,-10,10
449,134,119,15,15
450,87,85,2,2
451,64,68,-4,4
452,72,67,5,5
453,146,136,10,10
454,110,99,11,11
455,104,96,8,8
456,129,125,4,4
457,134,129,5,5
458,123,114,9,9
459,62,59,3,3
460,71,69,2,2
461,58,64,-6,6
462,88,81,7,7
463,134,125,9,9
464,81,79,2,2
465,77,90,-13,13
466,118,108,10,10
467,131,117,14,14
468,66,65,1,1
469,61,61,0,0
470,43,40,3,3
471,121,112,9,9
472,101,104,-3,3
473,112,96,16,16
474,67,63,4,4
475,88,81,7,7
476,57,52,5,5
477,93,81,12,12
478,77,60,17,17
479,57,60,-3,3
480,55,66,-11,11
481,68,70,-2,2
482,118,105,13,13
483,63,66,-3,3
484,110,107,3,3
485,58,60,-2,2
486,119,102,17,17
487,110,129,-19,19
488,146,130,16,16
489,50,49,1,1
490,104,98,6,6
491,136,118,18,18
492,145,136,9,9
493,110,97,13,13
494,124,123,1,1
495,117,107,10,10
496,134,119,15,15
497,98,85,13,13
498,104,122,-18,18
499,78,74,4,4
500,100,88,12,12
501,45,55,-10,10
502,108,106,2,2
503,50,57,-7,7
504,69,74,-5,5
505,106,98,8,8
506,66,61,5,5
507,61,65,-4,4
508,96,90,6,6
509,96,93,3,3
510,53,57,-4,4
511,93,92,1,1
512,80,71,9,9
513,73,73,0,0
514,70,77,-7,7
515,100,87,13,13
516,137,123,14,14
517,114,106,8,8
518,70,70,0,0
519,55,67,-12,12
520,108,89,19,19
521,138,124,14,14
522,95,92,3,3
523,142,126,16,16
524,83,78,5,5
525,122,107,15,15
526,97,91,6,6
527,56,57,-1,1
528,122,107,15,15
529,73,74,-1,1
530,69,62,7,7
531,95,95,0,0
532,68,72,-4,4
533,95,85,10,10
534,78,86,-8,8
535,90,87,3,3
536,106,97,9,9
537,42,49,-7,7
538,76,79,-3,3
539,157,150,7,7
540,119,106,13,13
541,99,97,2,2
542,61,69,-8,8
543,102,93,9,9
544,92,90,2,2
545,124,105,19,19
546,82,82,0,0
547,76,80,-4,4
548,67,69,-2,2
549,148,129,19,19
550,74,76,-2,2
551,66,70,-4,4
552,108,102,6,6
553,64,64,0,0
554,102,99,3,3
555,63,65,-2,2
556,66,60,6,6
557,74,70,4,4
558,74,75,-1,1
559,67,69,-2,2
560,86,93,-7,7
561,81,87,-6,6
562,90,88,2,2
563,47,53,-6,6
564,68,75,-7,7
565,88,76,12,12
566,83,79,4,4
567,76,72,4,4
568,55,56,-1,1
569,100,104,-4,4
570,108,111,-3,3
571,178,149,29,29
572,80,75,5,5
573,82,84,-2,2
574,149,128,21,21
575,69,70,-1,1
576,70,75,-5,5
577,90,98,-8,8
578,91,85,6,6
579,75,68,7,7
580,88,83,5,5
581,134,112,22,22
582,49,57,-8,8
583,51,52,-1,1
584,113,101,12,12
585,88,84,4,4
586,53,53,0,0
587,84,73,11,11
588,105,96,9,9
589,85,79,6,6
590,105,95,10,10
591,75,73,2,2
592,139,125,14,14
593,103,93,10,10
594,87,89,-2,2
595,65,74,-9,9
596,74,71,3,3
597,98,102,-4,4
598,110,97,13,13
599,112,101,11,11
600,88,83,5,5
601,85,81,4,4
602,55,57,-2,2
603,86,82,4,4
604,124,116,8,8
605,114,107,7,7
606,57,59,-2,2
607,56,59,-3,3
608,78,70,8,8
609,122,123,-1,1
610,79,70,9,9
611,81,74,7,7
612,117,105,12,12
613,112,112,0,0
614,95,95,0,0
615,195,162,33,33
616,76,83,-7,7
617,104,93,11,11
618,112,98,14,14
619,103,101,2,2
620,91,91,0,0
621,105,92,13,13
622,127,101,26,26
623,60,64,-4,4
624,111,102,9,9
625,106,100,6,6
626,109,101,8,8
627,85,85,0,0
628,67,71,-4,4
629,81,82,-1,1
630,83,82,1,1
631,56,61,-5,5
632,92,83,9,9
633,71,80,-9,9
634,95,83,12,12
635,93,91,2,2
636,144,134,10,10
637,53,54,-1,1
638,77,83,-6,6
639,71,70,1,1
640,95,94,1,1
641,95,96,-1,1
642,61,59,2,2
643,141,117,24,24
644,133,118,15,15
645,94,84,10,10
646,112,108,4,4
647,84,82,2,2
648,92,91,1,1
649,84,81,3,3
650,94,94,0,0
651,72,73,-1,1
652,102,109,-7,7
653,61,63,-2,2
654,108,106,2,2
655,105,98,7,7
656,85,87,-2,2
657,74,78,-4,4
658,50,55,-5,5
659,101,92,9,9
660,82,73,9,9
661,108,85,23,23
662,148,128,20,20
663,126,110,16,16
664,136,136,0,0
665,75,74,1,1
666,36,38,-2,2
667,42,55,-13,13
668,69,65,4,4
669,126,115,11,11
670,109,94,15,15
671,90,83,7,7
672,116,102,14,14
673,151,169,-18,18
674,147,131,16,16
675,52,87,-35,35
676,107,107,0,0
677,90,85,5,5
678,162,137,25,25
679,103,98,5,5
680,150,123,27,27
681,62,86,-24,24
682,111,103,8,8
683,77,83,-6,6
684,166,152,14,14
685,151,143,8,8
686,116,110,6,6
687,79,78,1,1
688,94,108,-14,14
689,110,106,4,4
690,152,126,26,26
691,176,144,32,32
692,92,91,1,1
693,156,137,19,19
694,92,90,2,2
695,77,76,1,1
696,32,50,-18,18
697,87,86,1,1
698,108,104,4,4
699,104,87,17,17
700,70,69,1,1
701,66,52,14,14
702,118,106,12,12
703,65,66,-1,1
704,111,95,16,16
705,74,69,5,5
706,81,83,-2,2
707,88,79,9,9
708,87,82,5,5
709,116,114,2,2
710,47,45,2,2
711,95,95,0,0
712,44,47,-3,3
713,91,97,-6,6
714,83,81,2,2
715,137,121,16,16
716,80,79,1,1
717,147,127,20,20
718,119,118,1,1
719,137,108,29,29
720,133,131,2,2
721,89,91,-2,2
722,150,130,20,20
723,108,96,12,12
724,96,80,16,16
725,88,82,6,6
726,140,120,20,20
727,128,120,8,8
728,53,56,-3,3
729,100,106,-6,6
730,58,68,-10,10
731,110,102,8,8
732,125,109,16,16
733,124,104,20,20
734,109,115,-6,6
735,122,113,9,9
736,95,91,4,4
737,93,91,2,2
738,85,75,10,10
739,98,81,17,17
740,68,76,-8,8
741,48,47,1,1
742,97,94,3,3
743,81,80,1,1
744,88,81,7,7
745,91,104,-13,13
746,64,64,0,0
747,204,169,35,35
748,114,104,10,10
749,185,142,43,43
750,75,73,2,2
751,70,63,7,7
752,145,133,12,12
753,87,81,6,6
754,45,54,-9,9
755,73,71,2,2
756,125,121,4,4
757,60,63,-3,3
758,95,91,4,4
759,119,93,26,26
760,76,71,5,5
761,56,59,-3,3
762,44,58,-14,14
763,98,96,2,2
764,86,79,7,7
765,161,133,28,28
766,102,113,-11,11
767,103,96,7,7
768,69,74,-5,5
769,151,144,7,7
770,92,71,21,21
771,80,84,-4,4
772,87,87,0,0
773,108,96,12,12
774,51,56,-5,5
775,110,102,8,8
776,64,61,3,3
777,73,69,4,4
778,92,84,8,8
779,93,88,5,5
780,103,97,6,6
781,49,41,8,8
782,71,75,-4,4
783,70,68,2,2
784,67,65,2,2
785,100,95,5,5
786,93,95,-2,2
787,75,74,1,1
788,97,94,3,3
789,84,83,1,1
790,140,117,23,23
791,151,127,24,24
792,78,80,-2,2
793,79,82,-3,3
794,108,110,-2,2
795,95,90,5,5
796,98,89,9,9
797,119,115,4,4
798,83,93,-10,10
799,67,68,-1,1
800,64,65,-1,1
801,102,94,8,8
802,75,74,1,1
803,68,79,-11,11
804,78,75,3,3
805,53,58,-5,5
806,126,117,9,9
807,89,90,-1,1
808,85,93,-8,8
809,64,68,-4,4
810,85,80,5,5
811,74,71,3,3
812,66,65,1,1
813,79,71,8,8
814,125,101,24,24
815,119,105,14,14
816,26,42,-16,16
817,66,68,-2,2
818,88,81,7,7
819,111,92,19,19
820,86,80,6,6
821,76,83,-7,7
822,86,80,6,6
823,145,120,25,25
824,46,48,-2,2
825,107,94,13,13
826,99,84,15,15
827,63,69,-6,6
828,68,70,-2,2
829,100,88,12,12
830,110,108,2,2
831,77,75,2,2
832,66,69,-3,3
833,64,65,-1,1
834,77,82,-5,5
835,144,133,11,11
836,106,95,11,11
837,93,92,1,1
838,73,78,-5,5
839,103,102,1,1
840,105,100,5,5
841,75,74,1,1
842,83,80,3,3
843,112,103,9,9
844,156,133,23,23
845,156,132,24,24
846,77,80,-3,3
847,76,75,1,1
848,95,88,7,7
849,41,49,-8,8
850,106,109,-3,3
851,135,121,14,14
852,92,92,0,0
853,91,92,-1,1
854,112,102,10,10
855,84,84,0,0
856,77,71,6,6
857,29,58,-29,29
858,64,69,-5,5
859,143,120,23,23
860,59,58,1,1
861,155,136,19,19
862,207,154,53,53
863,129,109,20,20
864,115,103,12,12
865,108,94,14,14
866,162,134,28,28
867,69,74,-5,5
868,62,73,-11,11
869,79,90,-11,11
870,57,58,-1,1
871,90,90,0,0
872,98,91,7,7
873,108,100,8,8
874,80,95,-15,15
875,114,98,16,16
876,57,57,0,0
877,41,100,-59,59
878,90,87,3,3
879,84,71,13,13
880,87,83,4,4
881,70,80,-10,10
882,109,102,7,7
883,76,74,2,2
884,62,51,11,11
885,83,78,5,5
886,124,124,0,0
887,122,114,8,8
888,55,56,-1,1
889,108,109,-1,1
890,109,105,4,4
891,52,78,-26,26
892,134,108,26,26
893,60,53,7,7
894,71,72,-1,1
895,123,110,13,13
896,60,64,-4,4
897,140,123,17,17
898,109,91,18,18
899,150,147,3,3
900,74,76,-2,2
901,94,81,13,13
902,71,73,-2,2
903,139,116,23,23
904,87,92,-5,5
905,72,73,-1,1
906,53,52,1,1
907,163,134,29,29
908,111,91,20,20
909,70,64,6,6
910,46,43,3,3
911,138,124,14,14
912,127,114,13,13
913,70,75,-5,5
914,107,108,-1,1
915,64,62,2,2
916,69,80,-11,11
917,196,167,29,29
918,136,123,13,13
919,52,55,-3,3
920,79,82,-3,3
921,109,111,-2,2
922,78,80,-2,2
923,115,107,8,8
924,77,80,-3,3
925,110,101,9,9
926,74,70,4,4
927,49,49,0,0
928,55,58,-3,3
929,145,123,22,22
930,119,103,16,16
931,96,92,4,4
932,196,169,27,27
933,72,75,-3,3
934,90,96,-6,6
935,62,99,-37,37
936,118,97,21,21
937,137,129,8,8
938,79,79,0,0
939,152,128,24,24
940,87,90,-3,3
941,112,107,5,5
942,62,65,-3,3
943,72,75,-3,3
944,109,100,9,9
945,83,78,5,5
946,68,68,0,0
947,97,93,4,4
948,59,60,-1,1
949,173,139,34,34
950,73,70,3,3
951,85,85,0,0
952,62,63,-1,1
953,75,71,4,4
954,90,87,3,3
955,93,96,-3,3
956,98,93,5,5
957,116,107,9,9
958,50,48,2,2
959,106,100,6,6
960,114,100,14,14
961,98,87,11,11
962,184,164,20,20
963,69,72,-3,3
964,147,129,18,18
965,29,57,-28,28
966,108,109,-1,1
967,65,69,-4,4
968,96,92,4,4
969,84,86,-2,2
970,70,68,2,2
971,162,141,21,21
972,112,110,2,2
973,71,69,2,2
974,139,120,19,19
975,72,77,-5,5
976,68,70,-2,2
977,76,77,-1,1
978,87,89,-2,2
979,52,50,2,2
980,115,104,11,11
981,161,138,23,23
982,88,77,11,11
983,107,97,10,10
984,84,77,7,7
985,90,83,7,7
986,55,60,-5,5
987,138,119,19,19
988,90,86,4,4
989,114,100,14,14
990,111,114,-3,3
991,44,45,-1,1
992,111,109,2,2
993,128,104,24,24
994,98,91,7,7
995,93,82,11,11
996,74,72,2,2
997,130,120,10,10
998,82,88,-6,6
999,178,141,37,37
1000,42,46,-4,4
1001,96,87,9,9
1002,39,52,-13,13
1003,75,80,-5,5
1004,147,131,16,16
1005,102,101,1,1
1006,212,174,38,38
1007,64,65,-1,1
1008,91,86,5,5
1009,39,43,-4,4
1010,92,96,-4,4
1011,159,135,24,24
1012,119,102,17,17
1013,128,117,11,11
1014,125,114,11,11
1015,63,66,-3,3
1016,117,104,13,13
1017,117,110,7,7
1018,35,41,-6,6
1019,108,104,4,4
1020,108,98,10,10
1021,77,76,1,1
1022,88,83,5,5
1023,45,53,-8,8
1024,88,92,-4,4
1025,110,96,14,14
1026,93,87,6,6
1027,77,81,-4,4
1028,144,124,20,20
1029,63,69,-6,6
1030,56,51,5,5
1031,143,122,21,21
1032,119,119,0,0
1033,85,78,7,7
1034,94,90,4,4
1035,115,113,2,2
1036,117,110,7,7
1037,71,66,5,5
1038,79,81,-2,2
1039,119,84,35,35
1040,78,75,3,3
1041,101,104,-3,3
1042,89,93,-4,4
1043,91,93,-2,2
1044,112,100,12,12
1045,131,124,7,7
1046,43,50,-7,7
1047,162,140,22,22
1048,55,58,-3,3
1049,116,110,6,6
1050,49,50,-1,1
1051,88,80,8,8
1052,108,99,9,9
1053,72,68,4,4
1054,115,104,11,11
1055,55,58,-3,3
1056,146,124,22,22
1057,97,78,19,19
1058,81,79,2,2
1059,146,125,21,21
1060,133,116,17,17
1061,62,66,-4,4
1062,148,129,19,19
1063,98,86,12,12
1064,81,71,10,10
1065,73,74,-1,1
1066,81,73,8,8
1067,148,129,19,19
1068,141,118,23,23
1069,56,54,2,2
1070,123,110,13,13
1071,83,78,5,5
1072,117,111,6,6
1073,99,94,5,5
1074,99,99,0,0
1075,64,64,0,0
1076,92,83,9,9
1077,40,39,1,1
1078,183,148,35,35
1079,44,57,-13,13
1080,115,107,8,8
1081,49,55,-6,6
1082,127,113,14,14
1083,155,130,25,25
1084,81,86,-5,5
1085,92,87,5,5
1086,74,63,11,11
1087,108,103,5,5
1088,57,60,-3,3
1089,61,69,-8,8
1090,125,129,-4,4
1091,97,85,12,12
1092,60,92,-32,32
1093,78,76,2,2
1094,71,79,-8,8
1095,84,82,2,2
1096,177,147,30,30
1097,80,76,4,4
1098,130,125,5,5
1099,81,85,-4,4
1100,88,89,-1,1
1101,56,56,0,0
1102,149,128,21,21
1103,92,79,13,13
1104,90,85,5,5
1105,45,52,-7,7
1106,63,71,-8,8
1107,92,88,4,4
1108,124,116,8,8
1109,140,126,14,14
1110,122,122,0,0
1111,47,50,-3,3
1112,67,71,-4,4
1113,199,163,36,36
1114,110,119,-9,9
1115,78,82,-4,4
1116,42,47,-5,5
1117,51,57,-6,6
1118,183,138,45,45
1119,160,146,14,14
1120,117,107,10,10
1121,70,73,-3,3
1122,90,81,9,9
1123,101,101,0,0
1124,73,75,-2,2
1125,64,65,-1,1
1126,69,69,0,0
1127,98,95,3,3
1128,121,112,9,9
1129,83,81,2,2
1130,170,153,17,17
1131,80,80,0,0
1132,68,71,-3,3
1133,130,129,1,1
1134,66,71,-5,5
1135,65,89,-24,24
1136,95,89,6,6
1137,99,94,5,5
1138,95,108,-13,13
1139,174,150,24,24
1140,154,126,28,28
1141,121,104,17,17
1142,109,93,16,16
1143,87,97,-10,10
1144,61,53,8,8
1145,96,92,4,4
1146,96,90,6,6
1147,118,109,9,9
1148,97,87,10,10
1149,105,95,10,10
1150,87,81,6,6
1151,104,93,11,11
1152,80,88,-8,8
1153,54,61,-7,7
1154,92,87,5,5
1155,48,53,-5,5
1156,78,81,-3,3
1157,136,114,22,22
1158,139,121,18,18
1159,61,103,-42,42
1160,83,81,2,2
1161,103,105,-2,2
1162,128,117,11,11
1163,131,117,14,14
1164,76,78,-2,2
1165,74,65,9,9
1166,135,124,11,11
1167,73,76,-3,3
1168,115,112,3,3
1169,81,84,-3,3
1170,140,125,15,15
1171,69,73,-4,4
1172,46,51,-5,5
1173,109,98,11,11
1174,197,159,38,38
1175,111,111,0,0
1176,100,94,6,6
1177,77,74,3,3
1178,66,70,-4,4
1179,67,69,-2,2
1180,120,127,-7,7
1181,349,314,35,35
1182,78,72,6,6
1183,118,115,3,3
1184,51,63,-12,12
1185,82,84,-2,2
1186,49,48,1,1
1187,72,72,0,0
1188,112,215,-103,103
1189,140,110,30,30
1190,69,63,6,6
1191,94,93,1,1
1192,69,70,-1,1
1193,96,95,1,1
1194,77,105,-28,28
1195,92,97,-5,5
1196,141,132,9,9
1197,94,89,5,5
1198,92,81,11,11
1199,96,106,-10,10
1200,69,62,7,7
1201,35,48,-13,13
1202,78,74,4,4
1203,113,107,6,6
1204,99,87,12,12
1205,108,100,8,8
1206,118,103,15,15
1207,95,88,7,7
1208,106,104,2,2
1209,101,80,21,21
1210,77,85,-8,8
1211,97,86,11,11
1212,86,82,4,4
1213,60,60,0,0
1214,101,102,-1,1
1215,105,93,12,12
1216,73,74,-1,1
1217,90,82,8,8
1218,121,104,17,17
1219,80,82,-2,2
1220,85,90,-5,5
1221,158,142,16,16
1222,75,78,-3,3
1223,70,74,-4,4
1224,66,70,-4,4
1225,107,98,9,9
1226,182,161,21,21
1227,134,119,15,15
1228,103,93,10,10
1229,69,73,-4,4
1230,95,84,11,11
1231,33,39,-6,6
1232,58,58,0,0
1233,63,69,-6,6
1234,115,95,20,20
1235,111,96,15,15
1236,128,110,18,18
1237,141,119,22,22
1238,50,57,-7,7
1239,129,105,24,24
1240,49,58,-9,9
1241,91,84,7,7
1242,131,113,18,18
1243,120,104,16,16
1244,91,88,3,3
1245,108,104,4,4
1246,70,74,-4,4
1247,51,50,1,1
1248,92,96,-4,4
1249,77,75,2,2
1250,149,127,22,22
1251,117,101,16,16
1252,144,127,17,17
1253,82,72,10,10
1254,107,103,4,4
1255,51,50,1,1
1256,55,60,-5,5
1257,101,95,6,6
1258,99,88,11,11
1259,114,98,16,16
1260,55,65,-10,10
1261,83,80,3,3
1262,174,152,22,22
1263,136,121,15,15
1264,89,92,-3,3
1265,67,75,-8,8
1266,81,81,0,0
1267,122,117,5,5
1268,74,80,-6,6
1269,149,151,-2,2
1270,62,68,-6,6
1271,64,70,-6,6
1272,85,85,0,0
1273,163,130,33,33
1274,72,74,-2,2
1275,62,58,4,4
1276,50,55,-5,5
1277,57,64,-7,7
1278,82,87,-5,5
1279,58,60,-2,2
1280,51,50,1,1
1281,63,68,-5,5
1282,125,121,4,4
1283,78,82,-4,4
1284,57,58,-1,1
1285,65,65,0,0
1286,111,108,3,3
1287,90,83,7,7
1288,107,99,8,8
1289,81,76,5,5
1290,133,106,27,27
1291,111,111,0,0
1292,64,74,-10,10
1293,56,75,-19,19
1294,51,57,-6,6
1295,64,67,-3,3
1296,156,139,17,17
1297,96,99,-3,3
1298,94,85,9,9
1299,65,87,-22,22
1300,167,144,23,23
1301,44,46,-2,2
1302,255,199,56,56
1303,80,76,4,4
1304,142,122,20,20
1305,73,61,12,12
1306,114,98,16,16
1307,81,71,10,10
1308,66,67,-1,1
1309,91,90,1,1
1310,106,91,15,15
1311,84,88,-4,4
1312,120,112,8,8
1313,115,106,9,9
1314,130,114,16,16
1315,192,176,16,16
1316,150,128,22,22
1317,87,86,1,1
1318,69,70,-1,1
1319,170,158,12,12
1320,99,90,9,9
1321,72,80,-8,8
1322,106,96,10,10
1323,142,113,29,29
1324,44,48,-4,4
1325,87,90,-3,3
1326,72,77,-5,5
1327,116,102,14,14
1328,66,69,-3,3
1329,43,44,-1,1
1330,145,128,17,17
1331,92,84,8,8
1332,86,87,-1,1
1333,87,93,-6,6
1334,71,69,2,2
1335,136,117,19,19
1336,73,77,-4,4
1337,81,83,-2,2
1338,65,61,4,4
1339,97,83,14,14
1340,61,63,-2,2
1341,76,68,8,8
1342,55,50,5,5
1343,100,90,10,10
1344,120,111,9,9
1345,110,111,-1,1
1346,103,99,4,4
1347,57,59,-2,2
1348,95,81,14,14
1349,82,85,-3,3
1350,105,108,-3,3
1351,68,73,-5,5
1352,177,150,27,27
1353,97,90,7,7
1354,150,121,29,29
1355,38,44,-6,6
1356,85,79,6,6
1357,79,80,-1,1
1358,78,81,-3,3
1359,98,95,3,3
1360,138,123,15,15
1361,92,81,11,11
1362,110,102,8,8
1363,135,131,4,4
1364,96,93,3,3
1365,107,94,13,13
1366,84,85,-1,1
1367,82,79,3,3
1368,87,99,-12,12
1369,58,60,-2,2
1370,55,53,2,2
1371,69,74,-5,5
1372,193,163,30,30
1373,102,102,0,0
1374,105,94,11,11
1375,74,85,-11,11
1376,122,126,-4,4
1377,85,82,3,3
1378,103,94,9,9
1379,139,116,23,23
1380,91,82,9,9
1381,84,90,-6,6
1382,155,131,24,24
1383,73,71,2,2
1384,141,116,25,25
1385,70,65,5,5
1386,93,84,9,9
1387,100,89,11,11
1388,96,89,7,7
1389,56,60,-4,4
1390,93,111,-18,18
1391,97,109,-12,12
1392,43,45,-2,2
1393,58,59,-1,1
1394,107,96,11,11
1395,118,108,10,10
1396,64,55,9,9
1397,114,94,20,20
1398,84,79,5,5
1399,68,70,-2,2
1400,170,137,33,33
1401,121,112,9,9
1402,180,159,21,21
1403,81,81,0,0
1404,131,115,16,16
1405,166,143,23,23
1406,83,82,1,1
1407,107,90,17,17
1408,95,95,0,0
1409,88,80,8,8
1410,149,127,22,22
1411,160,142,18,18
1412,112,103,9,9
1413,145,132,13,13
1414,38,39,-1,1
1415,104,94,10,10
1416,125,121,4,4
1417,86,82,4,4
1418,105,94,11,11
1419,44,50,-6,6
1420,116,97,19,19
1421,136,117,19,19
1422,149,128,21,21
1423,135,99,36,36
1424,51,59,-8,8
1425,94,97,-3,3
1426,88,95,-7,7
1427,128,121,7,7
1428,148,131,17,17
1429,103,103,0,0
1430,59,59,0,0
1431,75,74,1,1
1432,83,81,2,2
1433,73,71,2,2
1434,75,89,-14,14
1435,74,78,-4,4
1436,85,82,3,3
1437,74,68,6,6
1438,99,94,5,5
1439,122,112,10,10
1440,130,120,10,10
1441,61,63,-2,2
1442,48,49,-1,1
1443,111,111,0,0
1444,58,54,4,4
1445,61,74,-13,13
1446,129,119,10,10
1447,55,54,1,1
1448,159,136,23,23
1449,81,80,1,1
1450,44,51,-7,7
1451,64,59,5,5
1452,105,91,14,14
1453,131,118,13,13
1454,188,160,28,28
1455,107,95,12,12
1456,74,76,-2,2
1457,155,151,4,4
1458,93,85,8,8
1459,125,114,11,11
1460,113,112,1,1
1461,81,78,3,3
1462,73,71,2,2
1463,78,75,3,3
1464,124,103,21,21
1465,68,72,-4,4
1466,90,87,3,3
1467,108,93,15,15
1468,73,72,1,1
1469,92,84,8,8
1470,118,110,8,8
1471,70,62,8,8
1472,98,95,3,3
1473,70,67,3,3
1474,72,73,-1,1
1475,107,92,15,15
1476,112,102,10,10
1477,118,108,10,10
1478,86,83,3,3
1479,114,87,27,27
1480,121,105,16,16
1481,120,100,20,20
1482,275,195,80,80
1483,98,85,13,13
1484,95,100,-5,5
1485,80,74,6,6
1486,126,118,8,8
1487,98,94,4,4
1488,133,133,0,0
1489,61,65,-4,4
1490,129,112,17,17
1491,117,107,10,10
1492,54,75,-21,21
1493,54,56,-2,2
1494,48,55,-7,7
1495,85,80,5,5
1496,56,76,-20,20
1497,77,85,-8,8
1498,140,116,24,24
1499,69,71,-2,2
1500,88,85,3,3
1501,107,101,6,6
1502,81,80,1,1
1503,134,112,22,22
1504,80,81,-1,1
1505,121,109,12,12
1506,111,101,10,10
1507,72,75,-3,3
1508,155,142,13,13
1509,61,65,-4,4
1510,70,75,-5,5
1511,55,57,-2,2
1512,74,72,2,2
1513,151,135,16,16
1514,38,45,-7,7
1515,164,168,-4,4
1516,66,74,-8,8
1517,58,57,1,1
1518,66,69,-3,3
1519,116,98,18,18
1520,71,84,-13,13
1521,99,95,4,4
1522,108,110,-2,2
1523,77,80,-3,3
1524,56,60,-4,4
1525,126,105,21,21
1526,117,107,10,10
1527,71,65,6,6
1528,80,75,5,5
1529,69,69,0,0
1530,76,69,7,7
1531,137,123,14,14
1532,184,155,29,29
1533,131,112,19,19
1534,149,128,21,21
1535,95,92,3,3
1536,122,112,10,10
1537,54,53,1,1
1538,88,88,0,0
1539,83,87,-4,4
1540,69,75,-6,6
1541,87,94,-7,7
1542,156,143,13,13
1543,118,114,4,4
1544,55,59,-4,4
1545,83,80,3,3
1546,81,90,-9,9
1547,101,104,-3,3
1548,73,72,1,1
1549,105,99,6,6
1550,82,86,-4,4
1551,65,66,-1,1
1552,78,76,2,2
1553,115,104,11,11
1554,133,112,21,21
1555,58,64,-6,6
1556,108,106,2,2
1557,128,119,9,9
1558,136,111,25,25
1559,37,43,-6,6
1560,95,97,-2,2
1561,121,108,13,13
1562,87,81,6,6
1563,100,109,-9,9
1564,89,81,8,8
1565,126,118,8,8
1566,109,114,-5,5
1567,103,96,7,7
1568,150,125,25,25
1569,94,114,-20,20
1570,148,142,6,6
1571,60,63,-3,3
1572,70,70,0,0
1573,131,123,8,8
1574,70,67,3,3
1575,95,94,1,1
1576,66,73,-7,7
1577,86,77,9,9
1578,91,82,9,9
1579,75,81,-6,6
1580,46,50,-4,4
1581,100,99,1,1
1582,98,88,10,10
1583,92,81,11,11
1584,112,98,14,14
1585,167,141,26,26
1586,90,93,-3,3
1587,109,96,13,13
1588,93,101,-8,8
1589,61,65,-4,4
1590,123,110,13,13
1591,93,91,2,2
1592,74,68,6,6
1593,36,39,-3,3
1594,89,81,8,8
1595,144,140,4,4
1596,80,78,2,2
1597,114,105,9,9
1598,106,100,6,6
1599,57,60,-3,3
1600,70,80,-10,10
1601,112,108,4,4
1602,92,82,10,10
1603,106,96,10,10
1604,122,116,6,6
1605,128,110,18,18
1606,109,101,8,8
1607,75,71,4,4
1608,120,105,15,15
1609,60,57,3,3
1610,137,115,22,22
1611,78,80,-2,2
1612,93,93,0,0
1613,91,89,2,2
1614,84,81,3,3
1615,137,120,17,17
1616,43,54,-11,11
1617,74,63,11,11
1618,77,73,4,4
1619,114,108,6,6
1620,104,88,16,16
1621,101,99,2,2
1622,43,44,-1,1
1623,106,99,7,7
1624,90,83,7,7
1625,114,111,3,3
1626,82,71,11,11
1627,62,70,-8,8
1628,112,102,10,10
1629,46,55,-9,9
1630,104,84,20,20
1631,106,97,9,9
1632,62,59,3,3
1633,123,114,9,9
1634,95,94,1,1
1635,64,70,-6,6
1636,76,80,-4,4
1637,104,95,9,9
1638,126,115,11,11
1639,144,126,18,18
1640,119,113,6,6
1641,74,70,4,4
1642,51,59,-8,8
1643,91,91,0,0
1644,86,90,-4,4
1645,95,82,13,13
1646,72,71,1,1
1647,162,135,27,27
1648,87,81,6,6
1649,91,90,1,1
1650,122,121,1,1
1651,70,71,-1,1
1652,106,106,0,0
1653,89,94,-5,5
1654,59,56,3,3
1655,44,43,1,1
1656,74,67,7,7
1657,77,79,-2,2
1658,135,119,16,16
1659,107,96,11,11
1660,64,65,-1,1
1661,52,69,-17,17
1662,61,64,-3,3
1663,74,73,1,1
1664,87,94,-7,7
1665,106,96,10,10
1666,64,64,0,0
1667,70,73,-3,3
1668,77,81,-4,4
1669,62,66,-4,4
1670,67,66,1,1
1671,109,102,7,7
1672,118,111,7,7
1673,74,81,-7,7
1674,100,94,6,6
1675,83,94,-11,11
1676,83,74,9,9
1677,121,106,15,15
1678,79,83,-4,4
1679,46,48,-2,2
1680,92,81,11,11
1681,102,93,9,9
1682,103,91,12,12
1683,64,59,5,5
1684,101,91,10,10
1685,105,95,10,10
1686,55,59,-4,4
1687,66,64,2,2
1688,60,62,-2,2
1689,62,66,-4,4
1690,150,137,13,13
1691,84,87,-3,3
1692,98,102,-4,4
1693,59,63,-4,4
1694,57,63,-6,6
1695,88,114,-26,26
1696,146,135,11,11
1697,58,59,-1,1
1698,73,68,5,5
1699,192,161,31,31
1700,58,56,2,2
1701,97,84,13,13
1702,84,81,3,3
1703,149,129,20,20
1704,162,130,32,32
1705,53,66,-13,13
1706,48,58,-10,10
1707,103,105,-2,2
1708,64,66,-2,2
1709,85,80,5,5
1710,64,67,-3,3
1711,73,70,3,3
1712,72,67,5,5
1713,136,116,20,20
1714,103,91,12,12
1715,161,139,22,22
1716,89,84,5,5
1717,102,91,11,11
1718,66,101,-35,35
1719,87,80,7,7
1720,101,95,6,6
1721,90,92,-2,2
1722,108,107,1,1
1723,59,65,-6,6
1724,118,106,12,12
1725,56,59,-3,3
1726,195,166,29,29
1727,70,69,1,1
1728,90,88,2,2
1729,108,107,1,1
1730,118,122,-4,4
1731,74,76,-2,2
1732,115,102,13,13
1733,31,38,-7,7
1734,121,113,8,8
1735,43,46,-3,3
1736,78,74,4,4
1737,63,65,-2,2
1738,57,53,4,4
1739,53,60,-7,7
1740,63,68,-5,5
1741,88,83,5,5
1742,80,83,-3,3
1743,133,127,6,6
1744,90,81,9,9
1745,130,120,10,10
1746,70,69,1,1
1747,169,133,36,36
1748,45,52,-7,7
1749,171,148,23,23
1750,84,80,4,4
1751,95,94,1,1
1752,73,77,-4,4
1753,59,61,-2,2
1754,82,85,-3,3
1755,101,92,9,9
1756,77,84,-7,7
1757,57,66,-9,9
1758,97,88,9,9
1759,69,71,-2,2
1760,82,70,12,12
1761,60,77,-17,17
1762,70,71,-1,1
1763,79,80,-1,1
1764,127,114,13,13
1765,92,100,-8,8
1766,119,111,8,8
1767,59,59,0,0
1768,66,72,-6,6
1769,44,48,-4,4
1770,46,46,0,0
1771,129,109,20,20
1772,93,81,12,12
1773,98,116,-18,18
1774,89,83,6,6
1775,74,72,2,2
1776,96,91,5,5
1777,103,90,13,13
1778,84,86,-2,2
1779,75,72,3,3
1780,167,138,29,29
1781,85,83,2,2
1782,108,105,3,3
1783,59,59,0,0
1784,101,96,5,5
1785,76,73,3,3
1786,118,111,7,7
1787,67,69,-2,2
1788,53,65,-12,12
1789,108,101,7,7
1790,103,97,6,6
1791,130,132,-2,2
1792,83,83,0,0
1793,52,63,-11,11
1794,79,84,-5,5
1795,80,82,-2,2
1796,88,68,20,20
1797,55,61,-6,6
1798,53,57,-4,4
1799,116,101,15,15
1800,103,96,7,7
1801,73,80,-7,7
1802,72,74,-2,2
1803,155,132,23,23
1804,205,182,23,23
1805,55,56,-1,1
1806,119,109,10,10
1807,93,85,8,8
1808,81,81,0,0
1809,93,86,7,7
1810,121,114,7,7
1811,62,60,2,2
1812,61,68,-7,7
1813,113,108,5,5
1814,79,76,3,3
1815,130,121,9,9
1816,68,74,-6,6
1817,81,80,1,1
1818,114,100,14,14
1819,101,82,19,19
1820,63,58,5,5
1821,87,96,-9,9
1822,117,109,8,8
1823,114,108,6,6
1824,109,99,10,10
1825,96,87,9,9
1826,54,60,-6,6
1827,132,117,15,15
1828,85,96,-11,11
1829,70,68,2,2
1830,60,55,5,5
1831,68,68,0,0
1832,48,47,1,1
1833,75,79,-4,4
1834,126,109,17,17
1835,106,96,10,10
1836,60,61,-1,1
1837,70,63,7,7
1838,52,47,5,5
1839,86,77,9,9
1840,74,69,5,5
1841,118,104,14,14
1842,43,50,-7,7
1843,207,173,34,34
1844,97,84,13,13
1845,78,75,3,3
1846,100,98,2,2
1847,108,93,15,15
1848,73,71,2,2
1849,151,130,21,21
1850,45,47,-2,2
1851,81,78,3,3
1852,68,70,-2,2
1853,140,136,4,4
1854,121,104,17,17
1855,88,97,-9,9
1856,42,47,-5,5
1857,76,78,-2,2
1858,89,82,7,7
1859,61,63,-2,2
1860,98,86,12,12
1861,78,81,-3,3
1862,54,59,-5,5
1863,128,135,-7,7
1864,160,141,19,19
1865,65,69,-4,4
1866,109,97,12,12
1867,149,143,6,6
1868,112,101,11,11
1869,78,74,4,4
1870,61,58,3,3
1871,82,77,5,5
1872,54,53,1,1
1873,45,56,-11,11
1874,102,93,9,9
1875,92,90,2,2
1876,121,112,9,9
1877,119,111,8,8
1878,84,79,5,5
1879,99,96,3,3
1880,116,112,4,4
1881,119,106,13,13
1882,157,141,16,16
1883,119,101,18,18
1884,92,82,10,10
1885,60,68,-8,8
1886,101,96,5,5
1887,90,91,-1,1
1888,132,125,7,7
1889,156,135,21,21
1890,101,94,7,7
1891,88,80,8,8
1892,141,107,34,34
1893,56,61,-5,5
1894,85,75,10,10
1895,182,150,32,32
1896,127,105,22,22
1897,76,72,4,4
1898,83,79,4,4
1899,59,60,-1,1
1900,33,44,-11,11
1901,38,46,-8,8
1902,90,80,10,10
1903,87,96,-9,9
1904,81,87,-6,6
1905,123,115,8,8
1906,111,102,9,9
1907,207,196,11,11
1908,140,125,15,15
1909,90,83,7,7
1910,67,72,-5,5
1911,102,124,-22,22
1912,65,65,0,0
1913,81,82,-1,1
1914,75,73,2,2
1915,93,93,0,0
1916,87,98,-11,11
1917,183,149,34,34
1918,95,91,4,4
1919,200,178,22,22
1920,95,91,4,4
1921,199,166,33,33
1922,87,88,-1,1
1923,56,55,1,1
1924,55,69,-14,14
1925,90,95,-5,5
1926,64,71,-7,7
1927,57,59,-2,2
1928,179,170,9,9
1929,78,76,2,2
1930,54,58,-4,4
1931,112,98,14,14
1932,69,84,-15,15
1933,73,79,-6,6
1934,64,67,-3,3
1935,65,71,-6,6
1936,63,61,2,2
1937,159,136,23,23
1938,71,74,-3,3
1939,90,82,8,8
1940,116,107,9,9
1941,110,101,9,9
1942,80,82,-2,2
1943,116,110,6,6
1944,101,99,2,2
1945,145,126,19,19
1946,144,131,13,13
1947,163,134,29,29
1948,115,119,-4,4
1949,115,112,3,3
1950,102,99,3,3
1951,105,91,14,14
1952,61,59,2,2
1953,74,77,-3,3
1954,88,85,3,3
1955,86,80,6,6
1956,98,94,4,4
1957,113,102,11,11
1958,82,72,10,10
1959,124,103,21,21
1960,76,72,4,4
1961,137,124,13,13
1962,88,96,-8,8
1963,130,113,17,17
1964,75,68,7,7
1965,97,81,16,16
1966,114,113,1,1
1967,92,84,8,8
1968,106,99,7,7
1969,89,87,2,2
1970,72,90,-18,18
1971,92,87,5,5
1972,66,67,-1,1
1973,26,26,0,0
1974,106,97,9,9
1975,82,85,-3,3
1976,112,105,7,7
1977,94,85,9,9
1978,106,100,6,6
1979,114,101,13,13
1980,85,94,-9,9
1981,144,135,9,9
1982,137,116,21,21
1983,56,63,-7,7
1984,62,52,10,10
1985,65,70,-5,5
1986,71,75,-4,4
1987,78,83,-5,5
1988,66,59,7,7
1989,106,103,3,3
1990,74,95,-21,21
1991,46,112,-66,66
1992,140,120,20,20
1993,129,115,14,14
1994,83,83,0,0
1995,81,82,-1,1
1996,49,52,-3,3
1997,124,111,13,13
1998,42,39,3,3
1999,89,82,7,7
2000,101,91,10,10
2001,184,178,6,6
2002,113,103,10,10
2003,212,179,33,33
2004,120,102,18,18
2005,95,91,4,4
2006,120,111,9,9
2007,97,90,7,7
2008,72,71,1,1
2009,80,70,10,10
2010,87,94,-7,7
2011,100,94,6,6
2012,185,161,24,24
2013,90,87,3,3
2014,77,79,-2,2
2015,67,71,-4,4
2016,63,69,-6,6
2017,74,73,1,1
2018,104,92,12,12
2019,129,119,10,10
2020,73,70,3,3
2021,128,115,13,13
2022,64,66,-2,2
2023,88,78,10,10
2024,47,57,-10,10
2025,68,63,5,5
2026,75,69,6,6
2027,75,73,2,2
2028,80,81,-1,1
2029,61,66,-5,5
2030,74,73,1,1
2031,79,81,-2,2
2032,62,70,-8,8
2033,121,117,4,4
2034,77,76,1,1
2035,104,96,8,8
2036,116,107,9,9
2037,61,76,-15,15
2038,86,80,6,6
2039,83,88,-5,5
2040,119,108,11,11
2041,109,108,1,1
2042,83,92,-9,9
2043,66,71,-5,5
2044,112,104,8,8
2045,110,104,6,6
2046,115,116,-1,1
2047,97,93,4,4
2048,115,106,9,9
2049,78,83,-5,5
2050,58,60,-2,2
2051,98,95,3,3
2052,104,94,10,10
2053,109,97,12,12
2054,143,123,20,20
2055,98,92,6,6
2056,56,64,-8,8
2057,61,61,0,0
2058,86,80,6,6
2059,73,72,1,1
2060,101,92,9,9
2061,165,139,26,26
2062,64,60,4,4
2063,62,58,4,4
2064,68,69,-1,1
2065,101,99,2,2
2066,72,80,-8,8
2067,56,58,-2,2
2068,109,94,15,15
2069,63,60,3,3
2070,48,52,-4,4
2071,134,126,8,8
2072,91,94,-3,3
2073,80,81,-1,1
2074,112,102,10,10
2075,49,53,-4,4
2076,91,82,9,9
2077,75,80,-5,5
2078,86,73,13,13
2079,142,118,24,24
2080,79,72,7,7
2081,122,120,2,2
2082,139,126,13,13
2083,79,69,10,10
2084,184,150,34,34
2085,134,148,-14,14
2086,99,89,10,10
2087,59,67,-8,8
2088,77,80,-3,3
2089,84,81,3,3
2090,116,110,6,6
2091,41,44,-3,3
2092,70,83,-13,13
2093,39,43,-4,4
2094,82,82,0,0
2095,58,61,-3,3
2096,166,137,29,29
2097,71,72,-1,1
2098,119,106,13,13
2099,92,93,-1,1
2100,116,111,5,5
2101,121,105,16,16
2102,106,98,8,8
2103,82,80,2,2
2104,137,124,13,13
2105,113,111,2,2
2106,84,89,-5,5
2107,136,116,20,20
2108,57,58,-1,1
2109,142,121,21,21
2110,55,51,4,4
2111,82,80,2,2
2112,208,175,33,33
2113,101,84,17,17
2114,156,146,10,10
2115,175,143,32,32
2116,137,109,28,28
2117,105,111,-6,6
2118,84,86,-2,2
2119,78,81,-3,3
2120,115,99,16,16
2121,74,71,3,3
2122,67,68,-1,1
2123,46,50,-4,4
2124,123,110,13,13
2125,68,66,2,2
2126,110,105,5,5
2127,95,88,7,7
2128,77,83,-6,6
2129,86,88,-2,2
2130,62,58,4,4
2131,91,82,9,9
2132,76,77,-1,1
2133,92,77,15,15
2134,98,85,13,13
2135,108,98,10,10
2136,142,128,14,14
2137,111,83,28,28
2138,96,95,1,1
2139,86,83,3,3
2140,138,121,17,17
2141,89,92,-3,3
2142,149,119,30,30
2143,82,81,1,1
2144,135,123,12,12
2145,94,87,7,7
2146,79,79,0,0
2147,84,82,2,2
2148,44,79,-35,35
2149,46,59,-13,13
2150,96,91,5,5
2151,114,101,13,13
2152,57,62,-5,5
2153,79,75,4,4
2154,78,85,-7,7
2155,117,126,-9,9
2156,98,86,12,12
2157,57,56,1,1
2158,99,89,10,10
2159,97,90,7,7
2160,98,86,12,12
2161,70,69,1,1
2162,102,101,1,1
2163,82,82,0,0
2164,81,80,1,1
2165,69,73,-4,4
2166,66,61,5,5
2167,97,82,15,15
2168,86,84,2,2
2169,58,59,-1,1
2170,83,91,-8,8
2171,78,81,-3,3
2172,64,61,3,3
2173,127,94,33,33
2174,73,59,14,14
2175,70,80,-10,10
2176,93,97,-4,4
2177,116,108,8,8
2178,103,87,16,16
2179,44,50,-6,6
2180,84,94,-10,10
2181,116,94,22,22
2182,102,101,1,1
2183,56,53,3,3
2184,117,105,12,12
2185,111,106,5,5
2186,82,87,-5,5
2187,115,101,14,14
2188,96,98,-2,2
2189,137,103,34,34
2190,111,104,7,7
2191,63,69,-6,6
2192,65,63,2,2
2193,57,56,1,1
2194,82,70,12,12
2195,64,82,-18,18
2196,100,94,6,6
2197,68,64,4,4
2198,57,63,-6,6
2199,76,69,7,7
2200,138,120,18,18
2201,61,69,-8,8
2202,80,84,-4,4
2203,98,97,1,1
2204,137,127,10,10
2205,101,91,10,10
2206,122,115,7,7
2207,75,81,-6,6
2208,118,106,12,12
2209,87,91,-4,4
2210,116,102,14,14
2211,97,93,4,4
2212,147,147,0,0
2213,74,70,4,4
2214,55,60,-5,5
2215,110,95,15,15
2216,93,88,5,5
2217,64,71,-7,7
2218,105,106,-1,1
2219,70,95,-25,25
2220,92,83,9,9
2221,63,64,-1,1
2222,93,92,1,1
2223,60,76,-16,16
2224,82,81,1,1
2225,108,98,10,10
2226,118,109,9,9
2227,167,149,18,18
2228,112,102,10,10
2229,85,84,1,1
2230,77,93,-16,16
2231,105,100,5,5
2232,144,131,13,13
2233,159,143,16,16
2234,68,67,1,1
2235,42,43,-1,1
2236,111,122,-11,11
2237,67,76,-9,9
2238,135,117,18,18
2239,45,57,-12,12
2240,79,76,3,3
2241,117,110,7,7
2242,94,86,8,8
2243,44,78,-34,34
2244,94,99,-5,5
2245,140,116,24,24
2246,98,89,9,9
2247,66,71,-5,5
2248,63,69,-6,6
2249,65,73,-8,8
2250,104,103,1,1
2251,92,91,1,1
2252,86,87,-1,1
2253,81,80,1,1
2254,77,84,-7,7
2255,78,78,0,0
2256,48,57,-9,9
2257,39,39,0,0
2258,47,44,3,3
2259,94,99,-5,5
2260,161,137,24,24
2261,72,62,10,10
2262,35,42,-7,7
2263,89,95,-6,6
2264,69,88,-19,19
2265,102,102,0,0
2266,79,93,-14,14
2267,107,93,14,14
2268,111,116,-5,5
2269,95,93,2,2
2270,102,98,4,4
2271,89,92,-3,3
2272,65,61,4,4
2273,108,100,8,8
2274,57,70,-13,13
2275,103,95,8,8
2276,151,115,36,36
2277,184,153,31,31
2278,78,75,3,3
2279,185,140,45,45
2280,63,70,-7,7
2281,131,122,9,9
2282,155,124,31,31
2283,87,80,7,7
2284,136,122,14,14
2285,104,100,4,4
2286,54,52,2,2
2287,107,101,6,6
2288,64,62,2,2
2289,68,70,-2,2
2290,90,89,1,1
2291,65,72,-7,7
2292,86,91,-5,5
2293,78,76,2,2
2294,72,65,7,7
2295,50,60,-10,10
2296,107,101,6,6
2297,101,196,-95,95
2298,104,97,7,7
2299,47,51,-4,4
2300,87,81,6,6
2301,102,99,3,3
2302,103,92,11,11
2303,62,53,9,9
2304,57,59,-2,2
2305,68,72,-4,4
2306,109,103,6,6
2307,80,86,-6,6
2308,76,80,-4,4
2309,97,94,3,3
2310,83,77,6,6
2311,116,106,10,10
2312,72,70,2,2
2313,49,57,-8,8
2314,108,104,4,4
2315,106,92,14,14
2316,135,117,18,18
2317,115,110,5,5
2318,111,99,12,12
2319,95,83,12,12
2320,56,69,-13,13
2321,154,124,30,30
2322,106,103,3,3
2323,71,73,-2,2
2324,92,82,10,10
2325,96,83,13,13
2326,75,77,-2,2
2327,127,104,23,23
2328,66,70,-4,4
2329,78,79,-1,1
2330,148,134,14,14
2331,95,88,7,7
2332,145,116,29,29
2333,80,83,-3,3
2334,48,47,1,1
2335,73,82,-9,9
2336,128,125,3,3
2337,38,49,-11,11
2338,180,157,23,23
2339,63,66,-3,3
2340,60,59,1,1
2341,149,132,17,17
2342,97,96,1,1
2343,57,64,-7,7
2344,158,128,30,30
2345,85,84,1,1
2346,83,75,8,8
2347,145,125,20,20
2348,76,74,2,2
2349,107,96,11,11
2350,177,153,24,24
2351,106,90,16,16
2352,73,76,-3,3
2353,43,46,-3,3
2354,141,113,28,28
2355,100,101,-1,1
2356,81,98,-17,17
2357,267,190,77,77
2358,69,71,-2,2
2359,114,109,5,5
2360,110,103,7,7
2361,107,103,4,4
2362,95,83,12,12
2363,92,86,6,6
2364,166,134,32,32
2365,83,84,-1,1
2366,140,115,25,25
2367,102,92,10,10
2368,82,84,-2,2
2369,88,90,-2,2
2370,129,108,21,21
2371,171,155,16,16
2372,53,58,-5,5
2373,139,113,26,26
2374,131,110,21,21
2375,137,117,20,20
2376,65,67,-2,2
2377,83,82,1,1
2378,191,167,24,24
2379,65,57,8,8
2380,197,171,26,26
2381,101,94,7,7
2382,147,131,16,16
2383,159,142,17,17
2384,46,49,-3,3
2385,151,132,19,19
2386,104,93,11,11
2387,132,125,7,7
2388,67,65,2,2
2389,80,77,3,3
2390,198,168,30,30
2391,116,120,-4,4
2392,72,102,-30,30
2393,152,129,23,23
2394,63,74,-11,11
2395,61,65,-4,4
2396,112,104,8,8
2397,96,84,12,12
2398,90,82,8,8
2399,118,110,8,8
2400,102,103,-1,1
2401,65,64,1,1
2402,93,91,2,2
2403,64,64,0,0
2404,88,107,-19,19
2405,116,104,12,12
2406,94,97,-3,3
2407,96,99,-3,3
2408,83,93,-10,10
2409,125,118,7,7
2410,71,67,4,4
2411,147,138,9,9
2412,117,111,6,6
2413,125,111,14,14
2414,65,63,2,2
2415,69,77,-8,8
2416,72,72,0,0
2417,80,82,-2,2
2418,73,70,3,3
2419,62,65,-3,3
2420,126,114,12,12
2421,56,57,-1,1
2422,90,93,-3,3
2423,95,95,0,0
2424,67,71,-4,4
2425,37,42,-5,5
2426,128,110,18,18
2427,63,61,2,2
2428,32,39,-7,7
2429,63,61,2,2
2430,42,57,-15,15
2431,90,90,0,0
2432,58,60,-2,2
2433,159,127,32,32
2434,114,115,-1,1
2435,76,78,-2,2
2436,71,71,0,0
2437,91,88,3,3
2438,144,120,24,24
2439,71,69,2,2
2440,70,73,-3,3
2441,109,106,3,3
2442,86,82,4,4
2443,114,108,6,6
2444,66,57,9,9
2445,92,81,11,11
2446,71,71,0,0
2447,92,87,5,5
2448,137,132,5,5
2449,73,84,-11,11
2450,73,78,-5,5
2451,101,89,12,12
2452,119,105,14,14
2453,97,92,5,5
2454,110,99,11,11
2455,69,66,3,3
2456,81,75,6,6
2457,67,70,-3,3
2458,139,121,18,18
2459,88,86,2,2
2460,114,104,10,10
2461,64,62,2,2
2462,86,81,5,5
2463,122,109,13,13
2464,122,106,16,16
2465,94,84,10,10
2466,128,118,10,10
2467,83,80,3,3
2468,92,86,6,6
2469,175,155,20,20
2470,141,128,13,13
2471,72,78,-6,6
2472,135,128,7,7
2473,84,80,4,4
2474,123,107,16,16
2475,113,107,6,6
2476,135,121,14,14
2477,83,81,2,2
2478,58,63,-5,5
2479,146,132,14,14
2480,123,115,8,8
2481,50,53,-3,3
2482,67,76,-9,9
2483,80,83,-3,3
2484,136,120,16,16
2485,165,144,21,21
2486,84,76,8,8
2487,107,96,11,11
2488,151,137,14,14
2489,111,106,5,5
2490,51,62,-11,11
2491,78,81,-3,3
2492,145,113,32,32
2493,54,60,-6,6
2494,86,80,6,6
2495,93,88,5,5
2496,117,100,17,17
2497,52,58,-6,6
2498,84,87,-3,3
2499,196,176,20,20
2500,70,61,9,9
2501,166,148,18,18
2502,103,87,16,16
2503,67,81,-14,14
2504,54,58,-4,4
2505,91,86,5,5
2506,124,115,9,9
2507,80,80,0,0
2508,111,105,6,6
2509,108,93,15,15
2510,134,126,8,8
2511,98,93,5,5
2512,64,83,-19,19
2513,73,74,-1,1
2514,94,93,1,1
2515,61,73,-12,12
2516,90,92,-2,2
2517,102,94,8,8
2518,150,128,22,22
2519,97,96,1,1
2520,76,72,4,4
2521,58,60,-2,2
2522,90,74,16,16
2523,70,69,1,1
2524,65,69,-4,4
2525,78,79,-1,1
2526,53,59,-6,6
2527,83,75,8,8
2528,103,74,29,29
2529,74,73,1,1
2530,173,151,22,22
2531,63,68,-5,5
2532,104,97,7,7
2533,96,95,1,1
2534,110,110,0,0
2535,83,80,3,3
2536,89,89,0,0
2537,95,100,-5,5
2538,74,82,-8,8
2539,55,55,0,0
2540,117,107,10,10
2541,32,33,-1,1
2542,64,71,-7,7
2543,103,85,18,18
2544,121,116,5,5
2545,129,108,21,21
2546,90,93,-3,3
2547,119,131,-12,12
2548,105,91,14,14
2549,78,73,5,5
2550,159,131,28,28
2551,73,75,-2,2
2552,128,117,11,11
2553,149,137,12,12
2554,129,103,26,26
2555,87,90,-3,3
2556,69,73,-4,4
2557,120,108,12,12
2558,57,57,0,0
2559,107,106,1,1
2560,56,57,-1,1
2561,128,83,45,45
2562,153,126,27,27
2563,114,115,-1,1
2564,96,96,0,0
2565,111,102,9,9
2566,130,121,9,9
2567,88,87,1,1
2568,75,75,0,0
2569,85,89,-4,4
2570,105,97,8,8
2571,48,51,-3,3
2572,98,94,4,4
2573,62,70,-8,8
2574,142,125,17,17
2575,91,72,19,19
2576,85,83,2,2
2577,67,65,2,2
2578,116,107,9,9
2579,82,86,-4,4
2580,136,126,10,10
2581,145,115,30,30
2582,76,80,-4,4
2583,46,49,-3,3
2584,112,121,-9,9
2585,119,116,3,3
2586,75,89,-14,14
2587,58,67,-9,9
2588,90,97,-7,7
2589,106,105,1,1
2590,117,108,9,9
2591,97,91,6,6
2592,142,136,6,6
2593,156,137,19,19
2594,136,89,47,47
2595,73,80,-7,7
2596,98,84,14,14
2597,79,83,-4,4
2598,130,122,8,8
2599,114,110,4,4
2600,122,108,14,14
2601,87,79,8,8
2602,136,116,20,20
2603,157,132,25,25
2604,53,58,-5,5
2605,106,100,6,6
2606,62,68,-6,6
2607,87,89,-2,2
2608,75,70,5,5
2609,71,72,-1,1
2610,87,82,5,5
2611,81,80,1,1
2612,110,98,12,12
2613,119,110,9,9
2614,103,93,10,10
2615,65,58,7,7
2616,137,112,25,25
2617,66,76,-10,10
2618,78,73,5,5
2619,93,94,-1,1
2620,117,105,12,12
2621,95,91,4,4
2622,88,80,8,8
2623,102,88,14,14
2624,49,53,-4,4
2625,82,75,7,7
2626,70,74,-4,4
2627,78,81,-3,3
2628,75,70,5,5
2629,80,90,-10,10
2630,133,115,18,18
2631,82,81,1,1
2632,147,104,43,43
2633,174,147,27,27
2634,65,69,-4,4
2635,95,89,6,6
2636,105,90,15,15
2637,72,67,5,5
2638,78,81,-3,3
2639,137,124,13,13
2640,153,132,21,21
2641,131,134,-3,3
2642,53,58,-5,5
2643,88,80,8,8
2644,74,76,-2,2
2645,62,62,0,0
2646,97,99,-2,2
2647,121,111,10,10
2648,106,101,5,5
2649,76,98,-22,22
2650,103,100,3,3
2651,87,78,9,9
2652,67,63,4,4
2653,68,87,-19,19
2654,123,103,20,20
2655,68,65,3,3
2656,115,108,7,7
2657,116,99,17,17
2658,95,85,10,10
2659,57,61,-4,4
2660,106,97,9,9
2661,85,83,2,2
2662,106,90,16,16
2663,87,80,7,7
2664,86,86,0,0
2665,84,84,0,0
2666,60,61,-1,1
2667,99,99,0,0
2668,84,103,-19,19
2669,60,61,-1,1
2670,134,111,23,23
2671,130,121,9,9
2672,78,72,6,6
2673,62,63,-1,1
2674,90,79,11,11
2675,105,104,1,1
2676,104,102,2,2
2677,102,98,4,4
2678,125,116,9,9
2679,74,66,8,8
2680,100,94,6,6
2681,103,103,0,0
2682,77,69,8,8
2683,86,82,4,4
2684,97,97,0,0
2685,81,83,-2,2
2686,88,93,-5,5
2687,52,58,-6,6
2688,59,69,-10,10
2689,89,82,7,7
2690,51,67,-16,16
2691,45,57,-12,12
2692,103,107,-4,4
2693,70,78,-8,8
2694,148,132,16,16
2695,91,95,-4,4
2696,45,46,-1,1
2697,146,136,10,10
2698,119,113,6,6
2699,107,104,3,3
2700,170,141,29,29
2701,62,63,-1,1
2702,130,102,28,28
2703,40,60,-20,20
2704,91,82,9,9
2705,61,64,-3,3
2706,72,65,7,7
2707,113,106,7,7
2708,120,97,23,23
2709,52,58,-6,6
2710,43,53,-10,10
2711,63,60,3,3
2712,106,103,3,3
2713,109,104,5,5
2714,136,126,10,10
2715,100,94,6,6
2716,58,62,-4,4
2717,64,67,-3,3
2718,135,127,8,8
2719,125,115,10,10
2720,91,103,-12,12
2721,81,82,-1,1
2722,53,52,1,1
2723,120,108,12,12
2724,96,95,1,1
2725,42,43,-1,1
2726,122,114,8,8
2727,67,61,6,6
2728,97,86,11,11
2729,65,67,-2,2
2730,86,85,1,1
2731,72,69,3,3
2732,62,59,3,3
2733,72,69,3,3
2734,83,72,11,11
2735,129,119,10,10
2736,109,101,8,8
2737,72,82,-10,10
2738,78,81,-3,3
2739,175,162,13,13
2740,125,113,12,12
2741,65,58,7,7
2742,122,111,11,11
2743,79,79,0,0
2744,35,46,-11,11
2745,86,88,-2,2
2746,120,104,16,16
2747,96,92,4,4
2748,152,138,14,14
2749,114,113,1,1
2750,94,95,-1,1
2751,67,67,0,0
2752,94,90,4,4
2753,145,116,29,29
2754,52,58,-6,6
2755,108,104,4,4
2756,86,92,-6,6
2757,91,92,-1,1
2758,132,118,14,14
2759,160,143,17,17
2760,94,83,11,11
2761,136,115,21,21
2762,46,47,-1,1
2763,76,70,6,6
2764,66,72,-6,6
2765,72,72,0,0
2766,102,97,5,5
2767,77,80,-3,3
2768,56,59,-3,3
2769,139,129,10,10
2770,217,179,38,38
2771,105,100,5,5
2772,86,80,6,6
2773,172,144,28,28
2774,131,120,11,11
2775,141,125,16,16
2776,85,91,-6,6
2777,68,62,6,6
2778,90,90,0,0
2779,75,73,2,2
2780,82,81,1,1
2781,76,70,6,6
2782,92,87,5,5
2783,76,76,0,0
2784,108,98,10,10
2785,99,92,7,7
2786,65,71,-6,6
2787,101,104,-3,3
2788,196,166,30,30
2789,80,82,-2,2
2790,130,122,8,8
2791,57,71,-14,14
2792,105,94,11,11
2793,83,82,1,1
2794,75,86,-11,11
2795,37,44,-7,7
2796,92,98,-6,6
2797,70,69,1,1
2798,35,41,-6,6
2799,120,103,17,17
2800,87,76,11,11
2801,56,52,4,4
2802,84,80,4,4
2803,185,159,26,26
2804,95,84,11,11
2805,76,73,3,3
2806,60,59,1,1
2807,84,82,2,2
2808,67,69,-2,2
2809,79,78,1,1
2810,106,96,10,10
2811,121,110,11,11
2812,81,85,-4,4
2813,93,87,6,6
2814,150,129,21,21
2815,104,105,-1,1
2816,95,91,4,4
2817,120,109,11,11
2818,140,133,7,7
2819,106,109,-3,3
2820,92,81,11,11
2821,75,74,1,1
2822,69,83,-14,14
2823,78,79,-1,1
2824,57,62,-5,5
2825,71,65,6,6
2826,110,99,11,11
2827,90,88,2,2
2828,58,59,-1,1
2829,52,58,-6,6
2830,108,105,3,3
2831,53,60,-7,7
2832,102,94,8,8
2833,89,92,-3,3
2834,158,131,27,27
2835,81,73,8,8
2836,93,97,-4,4
2837,127,114,13,13
2838,117,106,11,11
2839,105,94,11,11
2840,133,117,16,16
2841,106,93,13,13
2842,149,129,20,20
2843,117,107,10,10
2844,92,85,7,7
2845,74,74,0,0
2846,156,131,25,25
2847,90,87,3,3
2848,116,110,6,6
2849,118,107,11,11
2850,109,103,6,6
2851,110,101,9,9
2852,84,87,-3,3
2853,120,103,17,17
2854,145,129,16,16
2855,64,65,-1,1
2856,95,104,-9,9
2857,54,58,-4,4
2858,109,99,10,10
2859,81,80,1,1
2860,74,76,-2,2
2861,123,119,4,4
2862,88,84,4,4
2863,153,141,12,12
2864,119,117,2,2
2865,100,92,8,8
2866,91,85,6,6
2867,85,72,13,13
2868,72,71,1,1
2869,137,118,19,19
2870,120,133,-13,13
2871,58,62,-4,4
2872,106,100,6,6
2873,100,90,10,10
2874,75,80,-5,5
2875,71,69,2,2
2876,90,83,7,7
2877,56,57,-1,1
2878,109,100,9,9
2879,97,97,0,0
2880,95,87,8,8
2881,84,78,6,6
2882,64,63,1,1
2883,79,76,3,3
2884,66,66,0,0
2885,65,69,-4,4
2886,117,110,7,7
2887,143,126,17,17
2888,65,64,1,1
2889,80,77,3,3
2890,111,110,1,1
2891,116,109,7,7
2892,80,119,-39,39
2893,89,88,1,1
2894,181,150,31,31
2895,95,88,7,7
2896,81,79,2,2
2897,172,140,32,32
2898,137,112,25,25
2899,83,83,0,0
2900,98,95,3,3
2901,131,113,18,18
2902,75,77,-2,2
2903,160,140,20,20
2904,115,99,16,16
2905,124,120,4,4
2906,121,105,16,16
2907,113,102,11,11
2908,116,104,12,12
2909,62,66,-4,4
2910,94,88,6,6
2911,92,87,5,5
2912,144,128,16,16
2913,37,83,-46,46
2914,65,71,-6,6
2915,159,159,0,0
2916,76,71,5,5
2917,116,106,10,10
2918,79,74,5,5
2919,89,94,-5,5
2920,79,75,4,4
2921,100,100,0,0
2922,92,85,7,7
2923,90,87,3,3
2924,53,57,-4,4
2925,97,102,-5,5
2926,148,131,17,17
2927,104,104,0,0
2928,57,52,5,5
2929,71,72,-1,1
2930,116,120,-4,4
2931,191,168,23,23
2932,122,109,13,13
2933,60,64,-4,4
2934,125,138,-13,13
2935,69,75,-6,6
2936,98,96,2,2
2937,131,111,20,20
2938,105,105,0,0
2939,103,93,10,10
2940,60,69,-9,9
2941,67,69,-2,2
2942,118,108,10,10
2943,58,81,-23,23
2944,76,74,2,2
2945,109,92,17,17
2946,72,70,2,2
2947,87,83,4,4
2948,57,62,-5,5
2949,85,81,4,4
2950,78,81,-3,3
2951,88,80,8,8
2952,75,70,5,5
2953,124,108,16,16
2954,84,85,-1,1
2955,112,102,10,10
2956,98,87,11,11
2957,152,133,19,19
2958,54,56,-2,2
2959,121,115,6,6
2960,164,135,29,29
2961,58,60,-2,2
2962,164,144,20,20
2963,47,57,-10,10
2964,163,151,12,12
2965,104,94,10,10
2966,66,71,-5,5
2967,111,105,6,6
2968,60,67,-7,7
2969,45,47,-2,2
2970,98,85,13,13
2971,129,108,21,21
2972,94,90,4,4
2973,100,98,2,2
2974,88,90,-2,2
2975,79,75,4,4
2976,73,75,-2,2
2977,125,112,13,13
2978,91,90,1,1
2979,102,100,2,2
2980,137,122,15,15
2981,186,164,22,22
2982,67,72,-5,5
2983,59,63,-4,4
2984,36,44,-8,8
2985,128,109,19,19
2986,80,75,5,5
2987,102,109,-7,7
2988,137,107,30,30
2989,58,54,4,4
2990,94,93,1,1
2991,90,83,7,7
2992,110,97,13,13
2993,101,104,-3,3
2994,78,81,-3,3
2995,121,101,20,20
2996,87,83,4,4
2997,81,88,-7,7
2998,70,72,-2,2
2999,142,123,19,19
3000,93,92,1,1
3001,98,83,15,15
3002,125,113,12,12
3003,65,63,2,2
3004,126,116,10,10
3005,77,77,0,0
3006,79,85,-6,6
3007,85,83,2,2
3008,65,64,1,1
3009,74,80,-6,6
3010,124,116,8,8
3011,112,96,16,16
3012,99,98,1,1
3013,73,69,4,4
3014,97,97,0,0
3015,73,74,-1,1
3016,58,83,-25,25
3017,172,151,21,21
3018,91,85,6,6
3019,67,70,-3,3
3020,100,97,3,3
3021,110,103,7,7
3022,58,62,-4,4
3023,96,96,0,0
3024,69,79,-10,10
3025,91,89,2,2
3026,64,67,-3,3
3027,71,75,-4,4
3028,49,66,-17,17
3029,88,93,-5,5
3030,147,116,31,31
3031,71,69,2,2
3032,117,104,13,13
3033,89,93,-4,4
3034,95,85,10,10
3035,78,80,-2,2
3036,82,91,-9,9
3037,72,78,-6,6
3038,137,110,27,27
3039,122,114,8,8
3040,115,102,13,13
3041,120,105,15,15
3042,119,114,5,5
3043,84,83,1,1
3044,88,81,7,7
3045,60,61,-1,1
3046,115,106,9,9
3047,81,76,5,5
3048,136,132,4,4
3049,85,89,-4,4
3050,100,103,-3,3
3051,118,115,3,3
3052,109,99,10,10
3053,61,74,-13,13
3054,105,98,7,7
3055,206,171,35,35
3056,112,105,7,7
3057,83,80,3,3
3058,181,166,15,15
3059,151,129,22,22
3060,104,99,5,5
3061,83,93,-10,10
3062,109,98,11,11
3063,62,62,0,0
3064,76,75,1,1
3065,86,87,-1,1
3066,127,107,20,20
3067,83,81,2,2
3068,122,101,21,21
3069,103,99,4,4
3070,107,103,4,4
3071,94,87,7,7
3072,103,86,17,17
3073,72,69,3,3
3074,66,69,-3,3
3075,70,83,-13,13
3076,54,52,2,2
3077,57,69,-12,12
3078,165,147,18,18
3079,125,113,12,12
3080,125,121,4,4
3081,92,86,6,6
3082,53,47,6,6
3083,106,115,-9,9
3084,95,86,9,9
3085,94,85,9,9
3086,72,76,-4,4
3087,78,78,0,0
3088,113,103,10,10
3089,106,89,17,17
3090,101,93,8,8
3091,102,104,-2,2
3092,95,86,9,9
3093,69,72,-3,3
3094,74,66,8,8
3095,104,92,12,12
3096,78,82,-4,4
3097,86,85,1,1
3098,41,47,-6,6
3099,86,82,4,4
3100,80,73,7,7
3101,182,151,31,31
3102,83,81,2,2
3103,65,62,3,3
3104,81,72,9,9
3105,159,139,20,20
3106,103,95,8,8
3107,102,90,12,12
3108,60,54,6,6
3109,142,119,23,23
3110,62,65,-3,3
3111,129,113,16,16
3112,79,83,-4,4
3113,87,86,1,1
3114,127,107,20,20
3115,56,62,-6,6
3116,94,97,-3,3
3117,90,84,6,6
3118,62,70,-8,8
3119,60,68,-8,8
3120,110,118,-8,8
3121,98,97,1,1
3122,58,60,-2,2
3123,88,83,5,5
3124,35,38,-3,3
3125,138,123,15,15
3126,73,74,-1,1
3127,99,81,18,18
3128,87,80,7,7
3129,69,71,-2,2
3130,102,90,12,12
3131,89,90,-1,1
3132,106,95,11,11
3133,116,105,11,11
3134,69,72,-3,3
3135,75,73,2,2
3136,91,81,10,10
3137,67,70,-3,3
3138,133,128,5,5
3139,76,81,-5,5
3140,103,92,11,11
3141,71,64,7,7
3142,135,120,15,15
3143,99,99,0,0
3144,104,96,8,8
3145,146,118,28,28
3146,57,44,13,13
3147,108,107,1,1
3148,82,79,3,3
3149,106,91,15,15
3150,110,103,7,7
3151,98,96,2,2
3152,62,57,5,5
3153,102,96,6,6
3154,130,121,9,9
3155,108,95,13,13
3156,61,64,-3,3
3157,73,82,-9,9
3158,54,56,-2,2
3159,63,59,4,4
3160,140,113,27,27
3161,47,115,-68,68
3162,68,75,-7,7
3163,134,117,17,17
3164,106,97,9,9
3165,72,72,0,0
3166,107,104,3,3
3167,107,97,10,10
3168,53,55,-2,2
3169,112,100,12,12
3170,124,112,12,12
3171,103,93,10,10
3172,76,81,-5,5
3173,103,98,5,5
3174,92,98,-6,6
3175,40,47,-7,7
3176,79,77,2,2
3177,83,85,-2,2
3178,77,76,1,1
3179,75,72,3,3
3180,63,56,7,7
3181,134,117,17,17
3182,66,70,-4,4
3183,173,156,17,17
3184,100,91,9,9
3185,119,99,20,20
3186,143,131,12,12
3187,61,70,-9,9
3188,59,64,-5,5
3189,91,92,-1,1
3190,61,63,-2,2
3191,127,112,15,15
3192,164,145,19,19
3193,81,78,3,3
3194,136,121,15,15
3195,73,82,-9,9
3196,72,74,-2,2
3197,82,76,6,6
3198,79,80,-1,1
3199,70,74,-4,4
3200,95,92,3,3
3201,63,63,0,0
3202,67,73,-6,6
3203,127,118,9,9
3204,107,98,9,9
3205,58,59,-1,1
3206,91,90,1,1
3207,60,56,4,4
3208,94,100,-6,6
3209,90,77,13,13
3210,49,52,-3,3
3211,94,107,-13,13
3212,68,62,6,6
3213,86,75,11,11
3214,107,92,15,15
3215,54,55,-1,1
3216,88,82,6,6
3217,69,75,-6,6
3218,85,80,5,5
3219,99,91,8,8
3220,116,116,0,0
3221,113,103,10,10
3222,42,57,-15,15
3223,36,40,-4,4
3224,52,58,-6,6
3225,88,80,8,8
3226,62,67,-5,5
3227,87,76,11,11
3228,97,104,-7,7
3229,94,95,-1,1
3230,113,104,9,9
3231,168,135,33,33
3232,107,95,12,12
3233,130,119,11,11
3234,169,141,28,28
3235,84,87,-3,3
3236,151,114,37,37
3237,75,68,7,7
3238,73,70,3,3
3239,64,70,-6,6
3240,144,139,5,5
3241,86,85,1,1
3242,91,83,8,8
3243,76,69,7,7
3244,112,107,5,5
3245,46,67,-21,21
3246,51,68,-17,17
3247,116,100,16,16
3248,106,113,-7,7
3249,63,71,-8,8
3250,115,105,10,10
3251,151,144,7,7
3252,70,69,1,1
3253,153,138,15,15
3254,66,66,0,0
3255,95,98,-3,3
3256,71,71,0,0
3257,75,77,-2,2
3258,83,77,6,6
3259,75,72,3,3
3260,111,93,18,18
3261,95,92,3,3
3262,133,109,24,24
3263,56,50,6,6
3264,42,49,-7,7
3265,61,68,-7,7
3266,72,72,0,0
3267,60,63,-3,3
3268,95,85,10,10
3269,115,118,-3,3
3270,101,104,-3,3
3271,65,68,-3,3
3272,100,103,-3,3
3273,69,73,-4,4
3274,81,76,5,5
3275,82,81,1,1
3276,107,100,7,7
3277,112,109,3,3
3278,99,93,6,6
3279,75,72,3,3
3280,161,138,23,23
3281,76,72,4,4
3282,142,131,11,11
3283,111,97,14,14
3284,78,79,-1,1
3285,137,123,14,14
3286,40,43,-3,3
3287,65,68,-3,3
3288,88,91,-3,3
3289,103,85,18,18
3290,143,147,-4,4
3291,37,33,4,4
3292,65,58,7,7
3293,90,80,10,10
3294,97,83,14,14
3295,107,99,8,8
3296,104,103,1,1
3297,151,127,24,24
3298,98,92,6,6
3299,91,93,-2,2
3300,90,81,9,9
3301,79,81,-2,2
3302,62,57,5,5
3303,83,77,6,6
3304,102,100,2,2
3305,92,96,-4,4
3306,48,50,-2,2
3307,103,98,5,5
3308,65,58,7,7
3309,84,82,2,2
3310,57,59,-2,2
3311,108,107,1,1
3312,80,79,1,1
3313,66,80,-14,14
3314,106,105,1,1
3315,52,56,-4,4
3316,107,109,-2,2
3317,107,92,15,15
3318,57,61,-4,4
3319,137,122,15,15
3320,69,69,0,0
3321,90,81,9,9
3322,65,70,-5,5
3323,49,53,-4,4
3324,153,135,18,18
3325,119,109,10,10
3326,75,76,-1,1
3327,160,139,21,21
3328,140,128,12,12
3329,146,137,9,9
3330,104,84,20,20
3331,94,90,4,4
3332,60,56,4,4
3333,118,102,16,16
3334,71,71,0,0
3335,66,68,-2,2
3336,183,148,35,35
3337,103,90,13,13
3338,119,104,15,15
3339,107,113,-6,6
3340,92,84,8,8
3341,89,90,-1,1
3342,116,101,15,15
3343,84,80,4,4
3344,118,115,3,3
3345,52,58,-6,6
3346,75,81,-6,6
3347,163,143,20,20
3348,96,89,7,7
3349,104,104,0,0
3350,135,130,5,5
3351,78,77,1,1
3352,127,110,17,17
3353,96,91,5,5
3354,123,104,19,19
3355,119,102,17,17
3356,83,83,0,0
3357,107,102,5,5
3358,96,81,15,15
3359,105,97,8,8
3360,142,112,30,30
3361,67,75,-8,8
3362,67,73,-6,6
3363,126,111,15,15
3364,59,63,-4,4
3365,59,60,-1,1
3366,74,73,1,1
3367,87,84,3,3
3368,69,71,-2,2
3369,66,66,0,0
3370,117,99,18,18
3371,186,167,19,19
3372,63,68,-5,5
3373,125,118,7,7
3374,87,80,7,7
3375,97,94,3,3
3376,96,83,13,13
3377,49,47,2,2
3378,105,103,2,2
3379,48,49,-1,1
3380,111,102,9,9
3381,98,99,-1,1
3382,123,106,17,17
3383,74,63,11,11
3384,55,58,-3,3
3385,124,112,12,12
3386,151,130,21,21
3387,54,55,-1,1
3388,44,47,-3,3
3389,78,82,-4,4
3390,141,132,9,9
3391,85,91,-6,6
3392,40,59,-19,19
3393,77,74,3,3
3394,104,92,12,12
3395,71,66,5,5
3396,94,97,-3,3
3397,98,100,-2,2
3398,56,59,-3,3
3399,64,70,-6,6
3400,107,102,5,5
3401,58,61,-3,3
3402,40,44,-4,4
3403,107,89,18,18
3404,110,99,11,11
3405,124,105,19,19
3406,100,86,14,14
3407,88,91,-3,3
3408,131,103,28,28
3409,93,85,8,8
3410,134,119,15,15
3411,81,87,-6,6
3412,81,85,-4,4
3413,84,85,-1,1
3414,86,83,3,3
3415,152,143,9,9
3416,64,65,-1,1
3417,73,79,-6,6
3418,118,107,11,11
3419,73,69,4,4
3420,88,80,8,8
3421,112,113,-1,1
3422,141,128,13,13
3423,150,139,11,11
3424,105,100,5,5
3425,163,142,21,21
3426,29,36,-7,7
3427,94,89,5,5
3428,67,71,-4,4
3429,98,106,-8,8
3430,89,90,-1,1
3431,106,97,9,9
3432,100,95,5,5
3433,107,91,16,16
3434,64,70,-6,6
3435,45,55,-10,10
3436,77,78,-1,1
3437,144,120,24,24
3438,103,101,2,2
3439,67,100,-33,33
3440,38,38,0,0
3441,116,104,12,12
3442,102,95,7,7
3443,119,105,14,14
3444,88,87,1,1
3445,111,102,9,9
3446,48,51,-3,3
3447,131,106,25,25
3448,86,83,3,3
3449,76,76,0,0
3450,80,83,-3,3
3451,99,89,10,10
3452,132,120,12,12
3453,91,100,-9,9
3454,105,96,9,9
3455,159,148,11,11
3456,117,105,12,12
3457,142,135,7,7
3458,69,63,6,6
3459,79,89,-10,10
3460,134,128,6,6
3461,101,92,9,9
3462,94,88,6,6
3463,97,112,-15,15
3464,112,90,22,22
3465,70,68,2,2
3466,139,119,20,20
3467,120,104,16,16
3468,93,93,0,0
3469,70,73,-3,3
3470,77,72,5,5
3471,91,88,3,3
3472,57,55,2,2
3473,75,81,-6,6
3474,64,63,1,1
3475,88,88,0,0
3476,90,91,-1,1
3477,82,82,0,0
3478,54,59,-5,5
3479,101,94,7,7
3480,102,102,0,0
3481,92,86,6,6
3482,77,74,3,3
3483,76,79,-3,3
3484,109,109,0,0
3485,48,54,-6,6
3486,86,79,7,7
3487,91,87,4,4
3488,60,57,3,3
3489,117,110,7,7
3490,121,116,5,5
3491,129,123,6,6
3492,90,93,-3,3
3493,106,82,24,24
3494,80,71,9,9
3495,129,103,26,26
3496,65,65,0,0
3497,48,49,-1,1
3498,104,96,8,8
3499,72,70,2,2
3500,69,69,0,0
3501,115,105,10,10
3502,147,147,0,0
3503,83,83,0,0
3504,96,91,5,5
3505,83,80,3,3
3506,106,97,9,9
3507,83,82,1,1
3508,94,80,14,14
3509,101,81,20,20
3510,112,104,8,8
3511,56,65,-9,9
3512,106,101,5,5
3513,93,84,9,9
3514,83,87,-4,4
3515,60,60,0,0
3516,116,116,0,0
3517,127,107,20,20
3518,65,70,-5,5
3519,134,128,6,6
3520,45,58,-13,13
3521,74,78,-4,4
3522,107,101,6,6
3523,97,93,4,4
3524,145,130,15,15
3525,101,99,2,2
3526,104,86,18,18
3527,90,90,0,0
3528,98,91,7,7
3529,107,104,3,3
3530,66,69,-3,3
3531,76,83,-7,7
3532,39,39,0,0
3533,89,86,3,3
3534,47,54,-7,7
3535,68,80,-12,12
3536,47,50,-3,3
3537,194,153,41,41
3538,107,109,-2,2
3539,155,139,16,16
3540,163,143,20,20
3541,93,84,9,9
3542,124,119,5,5
3543,28,33,-5,5
3544,101,102,-1,1
3545,70,70,0,0
3546,61,65,-4,4
3547,92,84,8,8
3548,78,81,-3,3
3549,51,57,-6,6
3550,99,97,2,2
3551,95,90,5,5
3552,137,110,27,27
3553,90,84,6,6
3554,84,90,-6,6
3555,72,77,-5,5
3556,83,86,-3,3
3557,94,91,3,3
3558,86,80,6,6
3559,86,75,11,11
3560,87,87,0,0
3561,104,107,-3,3
3562,58,60,-2,2
3563,50,64,-14,14
3564,44,45,-1,1
3565,83,81,2,2
3566,97,92,5,5
3567,146,121,25,25
3568,147,120,27,27
3569,107,97,10,10
3570,117,99,18,18
3571,152,141,11,11
3572,130,104,26,26
3573,157,125,32,32
3574,268,219,49,49
3575,90,83,7,7
3576,101,98,3,3
3577,73,73,0,0
3578,120,111,9,9
3579,86,83,3,3
3580,144,118,26,26
3581,97,90,7,7
3582,93,86,7,7
3583,49,52,-3,3
3584,97,96,1,1
3585,99,85,14,14
3586,63,61,2,2
3587,135,117,18,18
3588,66,69,-3,3
3589,71,69,2,2
3590,74,72,2,2
3591,160,132,28,28
3592,52,58,-6,6
3593,84,76,8,8
3594,127,121,6,6
3595,82,80,2,2
3596,80,83,-3,3
3597,108,103,5,5
3598,104,105,-1,1
3599,106,98,8,8
3600,154,133,21,21
3601,54,60,-6,6
3602,91,95,-4,4
3603,115,121,-6,6
3604,98,98,0,0
3605,117,108,9,9
3606,46,52,-6,6
3607,93,92,1,1
3608,50,54,-4,4
3609,110,133,-23,23
3610,101,94,7,7
3611,121,111,10,10
3612,129,125,4,4
3613,123,108,15,15
3614,55,70,-15,15
3615,97,82,15,15
3616,102,97,5,5
3617,127,123,4,4
3618,66,83,-17,17
3619,75,74,1,1
3620,125,120,5,5
3621,75,70,5,5
3622,137,132,5,5
3623,76,72,4,4
3624,80,67,13,13
3625,93,91,2,2
3626,213,188,25,25
3627,73,71,2,2
3628,99,92,7,7
3629,152,135,17,17
3630,110,106,4,4
3631,53,60,-7,7
3632,83,80,3,3
3633,94,92,2,2
3634,60,63,-3,3
3635,150,132,18,18
3636,146,121,25,25
3637,156,153,3,3
3638,99,95,4,4
3639,66,66,0,0
3640,85,80,5,5
3641,68,83,-15,15
3642,174,153,21,21
3643,112,94,18,18
3644,102,99,3,3
3645,96,92,4,4
3646,123,110,13,13
3647,62,69,-7,7
3648,42,48,-6,6
3649,84,78,6,6
3650,99,106,-7,7
3651,96,97,-1,1
3652,94,83,11,11
3653,88,80,8,8
3654,113,100,13,13
3655,136,129,7,7
3656,51,59,-8,8
3657,82,90,-8,8
3658,103,91,12,12
3659,109,100,9,9
3660,39,46,-7,7
3661,66,59,7,7
3662,68,63,5,5
3663,97,84,13,13
3664,85,80,5,5
3665,123,110,13,13
3666,134,123,11,11
3667,171,148,23,23
3668,88,82,6,6
3669,83,73,10,10
3670,52,56,-4,4
3671,90,87,3,3
3672,75,72,3,3
3673,80,74,6,6
3674,85,77,8,8
3675,113,115,-2,2
3676,85,71,14,14
3677,124,110,14,14
3678,126,109,17,17
3679,136,112,24,24
3680,111,106,5,5
3681,122,103,19,19
3682,84,81,3,3
3683,53,55,-2,2
3684,83,81,2,2
3685,132,120,12,12
3686,133,124,9,9
3687,96,87,9,9
3688,53,58,-5,5
3689,87,93,-6,6
3690,63,62,1,1
3691,92,80,12,12
3692,73,80,-7,7
3693,142,122,20,20
3694,93,80,13,13
3695,69,66,3,3
3696,59,60,-1,1
3697,120,115,5,5
3698,52,49,3,3
3699,50,49,1,1
3700,80,86,-6,6
3701,68,69,-1,1
3702,73,70,3,3
3703,245,190,55,55
3704,147,136,11,11
3705,75,73,2,2
3706,59,65,-6,6
3707,84,79,5,5
3708,92,89,3,3
3709,146,126,20,20
3710,183,167,16,16
3711,64,67,-3,3
3712,101,85,16,16
3713,102,97,5,5
3714,117,107,10,10
3715,178,155,23,23
3716,143,112,31,31
3717,68,74,-6,6
3718,90,82,8,8
3719,48,48,0,0
3720,74,72,2,2
3721,63,59,4,4
3722,74,73,1,1
3723,83,82,1,1
3724,89,89,0,0
3725,112,98,14,14
3726,89,91,-2,2
3727,71,69,2,2
3728,72,74,-2,2
3729,66,63,3,3
3730,173,156,17,17
3731,139,128,11,11
3732,94,92,2,2
3733,48,53,-5,5
3734,102,97,5,5
3735,69,70,-1,1
3736,67,62,5,5
3737,91,86,5,5
3738,109,106,3,3
3739,39,42,-3,3
3740,146,126,20,20
3741,103,103,0,0
3742,149,136,13,13
3743,78,72,6,6
3744,78,79,-1,1
3745,76,69,7,7
3746,81,86,-5,5
3747,155,139,16,16
3748,76,80,-4,4
3749,113,103,10,10
3750,87,84,3,3
3751,81,70,11,11
3752,82,84,-2,2
3753,107,107,0,0
3754,148,134,14,14
3755,57,69,-12,12
3756,73,72,1,1
3757,112,99,13,13
3758,48,49,-1,1
3759,77,83,-6,6
3760,142,119,23,23
3761,142,119,23,23
3762,122,113,9,9
3763,67,68,-1,1
3764,132,107,25,25
3765,134,138,-4,4
3766,96,82,14,14
3767,70,69,1,1
3768,84,80,4,4
3769,108,93,15,15
3770,159,140,19,19
3771,114,115,-1,1
3772,71,71,0,0
3773,88,90,-2,2
3774,95,88,7,7
3775,36,38,-2,2
3776,99,95,4,4
3777,54,57,-3,3
3778,148,122,26,26
3779,75,67,8,8
3780,64,74,-10,10
3781,170,151,19,19
3782,176,143,33,33
3783,143,117,26,26
3784,108,92,16,16
3785,94,152,-58,58
3786,102,108,-6,6
3787,92,93,-1,1
3788,132,122,10,10
3789,84,82,2,2
3790,152,133,19,19
3791,94,81,13,13
3792,103,101,2,2
3793,122,110,12,12
3794,79,81,-2,2
3795,81,69,12,12
3796,81,81,0,0
3797,65,60,5,5
3798,90,78,12,12
3799,85,88,-3,3
3800,74,73,1,1
3801,110,100,10,10
3802,62,72,-10,10
3803,132,123,9,9
3804,94,90,4,4
3805,77,73,4,4
3806,69,78,-9,9
3807,90,82,8,8
3808,58,60,-2,2
3809,101,99,2,2
3810,72,74,-2,2
3811,49,66,-17,17
3812,120,112,8,8
3813,60,70,-10,10
3814,140,140,0,0
3815,53,56,-3,3
3816,66,69,-3,3
3817,60,58,2,2
3818,103,99,4,4
3819,92,91,1,1
3820,158,124,34,34
3821,71,91,-20,20
3822,73,77,-4,4
3823,66,71,-5,5
3824,149,132,17,17
3825,146,127,19,19
3826,68,61,7,7
3827,108,103,5,5
3828,54,60,-6,6
3829,70,69,1,1
3830,98,92,6,6
3831,112,104,8,8
3832,64,65,-1,1
3833,96,94,2,2
3834,124,125,-1,1
3835,73,79,-6,6
3836,75,75,0,0
3837,97,93,4,4
3838,100,96,4,4
3839,153,152,1,1
3840,145,134,11,11
3841,98,89,9,9
3842,114,95,19,19
3843,111,90,21,21
3844,68,76,-8,8
3845,60,68,-8,8
3846,87,95,-8,8
3847,74,62,12,12
3848,54,62,-8,8
3849,77,75,2,2
3850,63,60,3,3
3851,120,107,13,13
3852,107,90,17,17
3853,75,77,-2,2
3854,96,93,3,3
3855,50,44,6,6
3856,152,119,33,33
3857,133,119,14,14
3858,140,132,8,8
3859,63,67,-4,4
3860,82,88,-6,6
3861,101,104,-3,3
3862,78,74,4,4
3863,101,88,13,13
3864,74,74,0,0
3865,104,93,11,11
3866,97,93,4,4
3867,55,69,-14,14
3868,166,144,22,22
3869,110,95,15,15
3870,76,92,-16,16
3871,81,82,-1,1
3872,128,114,14,14
3873,108,102,6,6
3874,68,67,1,1
3875,86,82,4,4
3876,79,78,1,1
3877,65,66,-1,1
3878,148,132,16,16
3879,165,138,27,27
3880,96,97,-1,1
3881,61,62,-1,1
3882,86,76,10,10
3883,65,67,-2,2
3884,124,123,1,1
3885,94,86,8,8
3886,55,56,-1,1
3887,71,71,0,0
3888,132,110,22,22
3889,55,57,-2,2
3890,97,100,-3,3
3891,96,98,-2,2
3892,101,96,5,5
3893,100,82,18,18
3894,78,72,6,6
3895,132,126,6,6
3896,73,74,-1,1
3897,93,80,13,13
3898,51,46,5,5
3899,136,123,13,13
3900,80,71,9,9
3901,159,153,6,6
3902,151,131,20,20
3903,64,62,2,2
3904,75,79,-4,4
3905,151,120,31,31
3906,72,78,-6,6
3907,113,90,23,23
3908,88,85,3,3
3909,93,89,4,4
3910,62,72,-10,10
3911,59,68,-9,9
3912,104,99,5,5
3913,133,116,17,17
3914,66,74,-8,8
3915,90,95,-5,5
3916,98,93,5,5
3917,181,128,53,53
3918,68,64,4,4
3919,81,78,3,3
3920,148,131,17,17
3921,92,81,11,11
3922,109,98,11,11
3923,176,157,19,19
3924,236,190,46,46
3925,112,100,12,12
3926,74,78,-4,4
3927,82,71,11,11
3928,78,75,3,3
3929,83,82,1,1
3930,89,87,2,2
3931,95,92,3,3
3932,177,150,27,27
3933,53,63,-10,10
3934,94,99,-5,5
3935,104,95,9,9
3936,63,69,-6,6
3937,94,89,5,5
3938,95,87,8,8
3939,122,109,13,13
3940,135,116,19,19
3941,170,138,32,32
3942,104,111,-7,7
3943,153,125,28,28
3944,70,90,-20,20
3945,124,106,18,18
3946,81,76,5,5
3947,143,126,17,17
3948,86,94,-8,8
3949,87,80,7,7
3950,92,91,1,1
3951,111,102,9,9
3952,73,76,-3,3
3953,83,72,11,11
3954,117,106,11,11
3955,92,85,7,7
3956,70,76,-6,6
3957,107,96,11,11
3958,62,68,-6,6
3959,96,92,4,4
3960,93,87,6,6
3961,50,55,-5,5
3962,61,58,3,3
3963,118,113,5,5
3964,117,104,13,13
3965,116,101,15,15
3966,183,151,32,32
3967,56,62,-6,6
3968,67,66,1,1
3969,81,74,7,7
3970,117,102,15,15
3971,98,89,9,9
3972,63,61,2,2
3973,62,64,-2,2
3974,84,86,-2,2
3975,156,139,17,17
3976,105,90,15,15
3977,89,80,9,9
3978,132,125,7,7
3979,106,102,4,4
3980,111,103,8,8
3981,150,145,5,5
3982,95,97,-2,2
3983,20,38,-18,18
3984,99,94,5,5
3985,103,98,5,5
3986,73,86,-13,13
3987,83,85,-2,2
3988,69,67,2,2
3989,130,120,10,10
3990,106,101,5,5
3991,104,85,19,19
3992,125,121,4,4
3993,121,97,24,24
3994,190,166,24,24
3995,116,109,7,7
3996,87,98,-11,11
3997,71,72,-1,1
3998,71,79,-8,8
3999,146,137,9,9
4000,97,92,5,5
4001,98,90,8,8
4002,127,117,10,10
4003,74,74,0,0
4004,47,47,0,0
4005,92,87,5,5
4006,82,76,6,6
4007,118,108,10,10
4008,137,108,29,29
4009,101,93,8,8
4010,51,59,-8,8
4011,88,92,-4,4
4012,177,142,35,35
4013,82,76,6,6
4014,90,90,0,0
4015,99,89,10,10
4016,83,84,-1,1
4017,104,98,6,6
4018,83,73,10,10
4019,57,67,-10,10
4020,155,138,17,17
4021,107,98,9,9
4022,72,75,-3,3
4023,72,67,5,5
4024,102,96,6,6
4025,90,83,7,7
4026,111,99,12,12
4027,123,103,20,20
4028,46,51,-5,5
4029,81,80,1,1
4030,95,80,15,15
4031,125,109,16,16
4032,105,93,12,12
4033,74,71,3,3
4034,166,137,29,29
4035,96,95,1,1
4036,70,69,1,1
4037,56,42,14,14
4038,66,62,4,4
4039,85,82,3,3
4040,46,50,-4,4
4041,47,67,-20,20
4042,68,73,-5,5
4043,130,115,15,15
4044,141,126,15,15
4045,95,92,3,3
4046,111,95,16,16
4047,50,55,-5,5
4048,111,110,1,1
4049,100,99,1,1
4050,72,69,3,3
4051,80,82,-2,2
4052,120,100,20,20
4053,180,154,26,26
4054,39,46,-7,7
4055,103,107,-4,4
4056,95,93,2,2
4057,146,142,4,4
4058,110,101,9,9
4059,48,37,11,11
4060,83,94,-11,11
4061,66,79,-13,13
4062,86,90,-4,4
4063,79,77,2,2
4064,113,109,4,4
4065,114,101,13,13
4066,86,75,11,11
4067,165,144,21,21
4068,69,79,-10,10
4069,124,118,6,6
4070,103,103,0,0
4071,76,59,17,17
4072,118,113,5,5
4073,157,137,20,20
4074,107,98,9,9
4075,170,132,38,38
4076,58,60,-2,2
4077,59,63,-4,4
4078,124,104,20,20
4079,142,113,29,29
4080,105,109,-4,4
4081,116,107,9,9
4082,140,128,12,12
4083,92,83,9,9
4084,130,121,9,9
4085,113,105,8,8
4086,129,127,2,2
4087,73,84,-11,11
4088,100,94,6,6
4089,87,95,-8,8
4090,75,70,5,5
4091,87,89,-2,2
4092,113,96,17,17
4093,64,68,-4,4
4094,83,77,6,6
4095,75,76,-1,1
4096,124,120,4,4
4097,87,86,1,1
4098,63,68,-5,5
4099,78,73,5,5
4100,86,84,2,2
4101,104,106,-2,2
4102,95,91,4,4
4103,119,118,1,1
4104,99,99,0,0
4105,54,61,-7,7
4106,73,72,1,1
4107,71,71,0,0
4108,83,81,2,2
4109,182,140,42,42
4110,74,81,-7,7
4111,133,118,15,15
4112,80,75,5,5
4113,98,99,-1,1
4114,98,94,4,4
4115,96,88,8,8
4116,84,71,13,13
4117,199,182,17,17
4118,153,127,26,26
4119,121,123,-2,2
4120,104,105,-1,1
4121,79,81,-2,2
4122,109,90,19,19
4123,74,79,-5,5
4124,48,56,-8,8
4125,127,115,12,12
4126,77,80,-3,3
4127,57,65,-8,8
4128,88,82,6,6
4129,76,70,6,6
4130,120,110,10,10
4131,86,89,-3,3
4132,62,69,-7,7
4133,60,60,0,0
4134,83,80,3,3
4135,90,88,2,2
4136,69,71,-2,2
4137,65,69,-4,4
4138,97,92,5,5
4139,107,96,11,11
4140,131,124,7,7
4141,118,102,16,16
4142,107,114,-7,7
4143,72,78,-6,6
4144,153,137,16,16
4145,83,80,3,3
4146,55,60,-5,5
4147,106,100,6,6
4148,97,99,-2,2
4149,176,153,23,23
4150,139,118,21,21
4151,84,92,-8,8
4152,112,99,13,13
4153,58,68,-10,10
4154,119,110,9,9
4155,75,80,-5,5
4156,155,140,15,15
4157,71,63,8,8
4158,150,127,23,23
4159,94,90,4,4
4160,54,61,-7,7
4161,70,71,-1,1
4162,125,108,17,17
4163,36,34,2,2
4164,78,80,-2,2
4165,96,88,8,8
4166,100,91,9,9
4167,106,97,9,9
4168,129,109,20,20
4169,39,44,-5,5
4170,44,49,-5,5
4171,97,93,4,4
4172,80,85,-5,5
4173,52,52,0,0
4174,102,95,7,7
4175,101,89,12,12
4176,90,88,2,2
4177,151,130,21,21
4178,82,76,6,6
4179,117,106,11,11
4180,63,78,-15,15
4181,135,122,13,13
4182,71,67,4,4
4183,96,100,-4,4
4184,123,113,10,10
4185,75,71,4,4
4186,60,66,-6,6
4187,103,100,3,3
4188,59,60,-1,1
4189,116,113,3,3
4190,92,86,6,6
4191,76,67,9,9
4192,53,47,6,6
4193,107,106,1,1
4194,70,71,-1,1
4195,101,95,6,6
4196,88,80,8,8
4197,84,84,0,0
4198,26,49,-23,23
4199,107,105,2,2
4200,121,113,8,8
4201,66,70,-4,4
4202,75,81,-6,6
4203,140,137,3,3
4204,87,80,7,7
4205,57,53,4,4
4206,100,97,3,3
4207,183,149,34,34
4208,131,118,13,13
4209,98,117,-19,19
4210,70,75,-5,5
4211,80,76,4,4
4212,112,105,7,7
4213,164,155,9,9
4214,112,95,17,17
4215,49,52,-3,3
4216,69,74,-5,5
4217,64,76,-12,12
4218,78,82,-4,4
4219,116,117,-1,1
4220,113,97,16,16
4221,123,114,9,9
4222,101,103,-2,2
4223,100,102,-2,2
4224,84,81,3,3
4225,114,106,8,8
4226,109,98,11,11
4227,52,52,0,0
4228,115,99,16,16
4229,106,102,4,4
4230,93,86,7,7
4231,69,74,-5,5
4232,149,133,16,16
4233,87,81,6,6
4234,103,93,10,10
4235,106,104,2,2
4236,76,89,-13,13
4237,124,120,4,4
4238,115,112,3,3
4239,82,78,4,4
4240,152,143,9,9
4241,138,122,16,16
4242,196,165,31,31
4243,133,108,25,25
4244,146,130,16,16
4245,105,104,1,1
4246,92,94,-2,2
4247,71,69,2,2
4248,97,97,0,0
4249,70,72,-2,2
4250,107,109,-2,2
4251,80,82,-2,2
4252,63,79,-16,16
4253,75,70,5,5
4254,75,75,0,0
4255,75,75,0,0
4256,104,87,17,17
4257,152,128,24,24
4258,71,69,2,2
4259,107,96,11,11
4260,161,136,25,25
4261,71,76,-5,5
4262,91,85,6,6
4263,98,87,11,11
4264,108,103,5,5
4265,78,73,5,5
4266,116,109,7,7
4267,108,89,19,19
4268,81,80,1,1
4269,65,73,-8,8
4270,111,107,4,4
4271,70,68,2,2
4272,55,59,-4,4
4273,102,93,9,9
4274,102,97,5,5
4275,56,59,-3,3
4276,100,86,14,14
4277,47,46,1,1
4278,145,128,17,17
4279,108,98,10,10
4280,143,124,19,19
4281,123,114,9,9
4282,172,147,25,25
4283,60,68,-8,8
4284,105,96,9,9
4285,46,41,5,5
4286,80,69,11,11
4287,114,109,5,5
4288,189,167,22,22
4289,82,74,8,8
4290,126,117,9,9
4291,157,132,25,25
4292,147,154,-7,7
4293,27,57,-30,30
4294,79,77,2,2
4295,75,73,2,2
4296,65,61,4,4
4297,68,67,1,1
4298,126,115,11,11
4299,133,115,18,18
4300,101,89,12,12
4301,80,78,2,2
4302,103,90,13,13
4303,95,88,7,7
4304,103,102,1,1
4305,113,104,9,9
4306,42,38,4,4
4307,85,85,0,0
4308,82,81,1,1
4309,104,98,6,6
4310,85,74,11,11
4311,107,85,22,22
4312,78,72,6,6
4313,66,67,-1,1
4314,108,100,8,8
4315,90,94,-4,4
4316,88,88,0,0
4317,59,62,-3,3
4318,79,71,8,8
4319,69,71,-2,2
4320,135,124,11,11
4321,96,103,-7,7
4322,148,132,16,16
4323,31,38,-7,7
4324,65,82,-17,17
4325,86,83,3,3
4326,47,44,3,3
4327,83,81,2,2
4328,170,164,6,6
4329,63,67,-4,4
4330,110,100,10,10
4331,182,152,30,30
4332,141,129,12,12
4333,94,94,0,0
4334,81,80,1,1
4335,87,87,0,0
4336,131,116,15,15
4337,117,97,20,20
4338,64,60,4,4
4339,150,150,0,0
4340,93,94,-1,1
4341,88,84,4,4
4342,90,89,1,1
4343,86,84,2,2
4344,96,103,-7,7
4345,173,145,28,28
4346,104,95,9,9
4347,44,54,-10,10
4348,81,72,9,9
4349,71,65,6,6
4350,77,66,11,11
4351,82,73,9,9
4352,196,165,31,31
4353,126,111,15,15
4354,100,95,5,5
4355,159,137,22,22
4356,61,72,-11,11
4357,54,61,-7,7
4358,73,70,3,3
4359,73,77,-4,4
4360,88,81,7,7
4361,136,123,13,13
4362,94,91,3,3
4363,164,161,3,3
4364,100,98,2,2
4365,126,110,16,16
4366,50,50,0,0
4367,79,80,-1,1
4368,94,107,-13,13
4369,110,111,-1,1
4370,144,126,18,18
4371,62,58,4,4
4372,92,91,1,1
4373,59,61,-2,2
4374,279,215,64,64
4375,149,129,20,20
4376,61,74,-13,13
4377,72,84,-12,12
4378,64,64,0,0
4379,142,126,16,16
4380,56,58,-2,2
4381,140,132,8,8
4382,221,179,42,42
4383,111,92,19,19
4384,93,85,8,8
4385,110,104,6,6
4386,83,74,9,9
4387,65,72,-7,7
4388,154,136,18,18
4389,92,88,4,4
4390,144,122,22,22
4391,102,98,4,4
4392,131,115,16,16
4393,98,91,7,7
4394,104,97,7,7
4395,95,93,2,2
4396,108,108,0,0
4397,89,83,6,6
4398,139,134,5,5
4399,116,102,14,14
4400,58,61,-3,3
4401,140,128,12,12
4402,89,87,2,2
4403,103,97,6,6
4404,67,83,-16,16
4405,62,59,3,3
4406,162,146,16,16
4407,77,73,4,4
4408,99,100,-1,1
4409,92,77,15,15
4410,105,100,5,5
4411,99,90,9,9
4412,82,93,-11,11
4413,139,118,21,21
4414,99,91,8,8
4415,82,81,1,1
4416,95,96,-1,1
4417,101,93,8,8
4418,85,83,2,2
4419,102,91,11,11
4420,133,123,10,10
4421,76,72,4,4
4422,126,117,9,9
4423,101,94,7,7
4424,119,100,19,19
4425,152,142,10,10
4426,136,111,25,25
4427,87,84,3,3
4428,116,98,18,18
4429,60,66,-6,6
4430,96,92,4,4
4431,76,81,-5,5
4432,128,113,15,15
4433,85,85,0,0
4434,84,85,-1,1
4435,153,129,24,24
4436,72,64,8,8
4437,73,69,4,4
4438,108,90,18,18
4439,73,71,2,2
4440,94,88,6,6
4441,86,81,5,5
4442,89,81,8,8
4443,56,58,-2,2
4444,195,165,30,30
4445,70,70,0,0
4446,64,65,-1,1
4447,96,85,11,11
4448,103,102,1,1
4449,131,112,19,19
4450,93,91,2,2
4451,122,116,6,6
4452,54,58,-4,4
4453,67,75,-8,8
4454,66,62,4,4
4455,110,104,6,6
4456,108,100,8,8
4457,119,114,5,5
4458,80,70,10,10
4459,60,65,-5,5
4460,88,86,2,2
4461,123,104,19,19
4462,59,60,-1,1
4463,103,90,13,13
4464,93,87,6,6
4465,90,83,7,7
4466,157,138,19,19
4467,94,87,7,7
4468,79,87,-8,8
4469,131,120,11,11
4470,50,53,-3,3
4471,111,100,11,11
4472,106,101,5,5
4473,104,99,5,5
4474,94,96,-2,2
4475,71,64,7,7
4476,168,137,31,31
4477,102,109,-7,7
4478,58,64,-6,6
4479,49,53,-4,4
4480,96,89,7,7
4481,74,79,-5,5
4482,135,123,12,12
4483,171,145,26,26
4484,70,72,-2,2
4485,118,114,4,4
4486,90,79,11,11
4487,101,112,-11,11
4488,97,93,4,4
4489,107,96,11,11
4490,87,81,6,6
4491,43,47,-4,4
4492,79,74,5,5
4493,106,94,12,12
4494,39,38,1,1
4495,178,146,32,32
4496,74,80,-6,6
4497,36,43,-7,7
4498,68,70,-2,2
4499,114,102,12,12
4500,80,81,-1,1
4501,109,112,-3,3
4502,128,112,16,16
4503,87,95,-8,8
4504,110,104,6,6
4505,100,89,11,11
4506,128,123,5,5
4507,136,119,17,17
4508,129,117,12,12
4509,122,117,5,5
4510,102,93,9,9
4511,109,105,4,4
4512,58,62,-4,4
4513,122,109,13,13
4514,90,85,5,5
4515,57,50,7,7
4516,107,101,6,6
4517,168,147,21,21
4518,98,97,1,1
4519,120,104,16,16
4520,74,74,0,0
4521,88,81,7,7
4522,96,84,12,12
4523,64,75,-11,11
4524,55,60,-5,5
4525,94,91,3,3
4526,148,124,24,24
4527,92,98,-6,6
4528,95,101,-6,6
4529,110,100,10,10
4530,83,75,8,8
4531,139,119,20,20
4532,108,94,14,14
4533,78,78,0,0
4534,78,79,-1,1
4535,98,91,7,7
4536,104,95,9,9
4537,68,64,4,4
4538,103,99,4,4
4539,66,58,8,8
4540,100,95,5,5
4541,123,113,10,10
4542,74,90,-16,16
4543,136,115,21,21
4544,47,49,-2,2
4545,92,89,3,3
4546,122,106,16,16
4547,125,119,6,6
4548,122,103,19,19
4549,61,61,0,0
4550,82,96,-14,14
4551,112,102,10,10
4552,48,48,0,0
4553,146,139,7,7
4554,67,60,7,7
4555,115,106,9,9
4556,165,153,12,12
4557,87,91,-4,4
4558,40,46,-6,6
4559,55,55,0,0
4560,127,110,17,17
4561,70,72,-2,2
4562,99,99,0,0
4563,45,52,-7,7
4564,95,89,6,6
4565,80,80,0,0
4566,47,55,-8,8
4567,99,107,-8,8
4568,118,110,8,8
4569,104,103,1,1
4570,75,75,0,0
4571,90,89,1,1
4572,82,82,0,0
4573,163,135,28,28
4574,93,85,8,8
4575,166,161,5,5
4576,69,75,-6,6
4577,122,127,-5,5
4578,148,136,12,12
4579,56,57,-1,1
4580,66,61,5,5
4581,83,88,-5,5
4582,63,64,-1,1
4583,108,99,9,9
4584,123,99,24,24
4585,161,156,5,5
4586,83,99,-16,16
4587,49,48,1,1
4588,78,77,1,1
4589,101,97,4,4
4590,38,50,-12,12
4591,98,89,9,9
4592,174,141,33,33
4593,75,97,-22,22
4594,56,61,-5,5
4595,138,119,19,19
4596,38,39,-1,1
4597,51,57,-6,6
4598,69,64,5,5
4599,98,94,4,4
4600,87,84,3,3
4601,88,82,6,6
4602,156,144,12,12
4603,140,124,16,16
4604,92,91,1,1
4605,49,57,-8,8
4606,82,84,-2,2
4607,217,216,1,1
4608,99,96,3,3
4609,110,96,14,14
4610,79,81,-2,2
4611,69,62,7,7
4612,87,77,10,10
4613,84,80,4,4
4614,77,73,4,4
4615,78,73,5,5
4616,100,98,2,2
4617,112,104,8,8
4618,130,114,16,16
4619,137,113,24,24
4620,125,108,17,17
4621,86,89,-3,3
4622,152,131,21,21
4623,96,96,0,0
4624,111,105,6,6
4625,99,100,-1,1
4626,56,57,-1,1
4627,211,187,24,24
4628,109,108,1,1
4629,137,125,12,12
4630,74,76,-2,2
4631,120,114,6,6
4632,81,83,-2,2
4633,71,75,-4,4
4634,88,81,7,7
4635,111,98,13,13
4636,197,173,24,24
4637,85,81,4,4
4638,112,105,7,7
4639,44,65,-21,21
4640,86,87,-1,1
4641,72,82,-10,10
4642,59,61,-2,2
4643,82,93,-11,11
4644,69,68,1,1
4645,91,85,6,6
4646,142,128,14,14
4647,84,68,16,16
4648,81,80,1,1
4649,101,97,4,4
4650,190,152,38,38
4651,107,99,8,8
4652,119,117,2,2
4653,77,73,4,4
4654,152,136,16,16
4655,64,53,11,11
4656,77,76,1,1
4657,51,50,1,1
4658,77,79,-2,2
4659,84,92,-8,8
4660,60,61,-1,1
4661,107,98,9,9
4662,87,96,-9,9
4663,116,117,-1,1
4664,160,130,30,30
4665,116,108,8,8
4666,84,79,5,5
4667,113,111,2,2
4668,105,100,5,5
4669,55,48,7,7
4670,91,92,-1,1
4671,113,96,17,17
4672,62,58,4,4
4673,75,72,3,3
4674,45,50,-5,5
4675,177,147,30,30
4676,131,129,2,2
4677,112,104,8,8
4678,127,118,9,9
4679,146,114,32,32
4680,138,125,13,13
4681,93,94,-1,1
4682,65,70,-5,5
4683,168,157,11,11
4684,112,114,-2,2
4685,149,126,23,23
4686,140,134,6,6
4687,94,92,2,2
4688,141,124,17,17
4689,75,79,-4,4
4690,134,116,18,18
4691,95,84,11,11
4692,119,100,19,19
4693,95,95,0,0
4694,65,66,-1,1
4695,95,96,-1,1
4696,97,96,1,1
4697,132,120,12,12
4698,87,83,4,4
4699,124,109,15,15
4700,115,108,7,7
4701,45,48,-3,3
4702,110,99,11,11
4703,57,61,-4,4
4704,126,98,28,28
4705,50,50,0,0
4706,132,121,11,11
4707,71,68,3,3
4708,88,80,8,8
4709,91,98,-7,7
4710,79,79,0,0
4711,47,42,5,5
4712,103,105,-2,2
4713,38,41,-3,3
4714,68,61,7,7
4715,130,114,16,16
4716,157,141,16,16
4717,99,94,5,5
4718,62,57,5,5
4719,79,78,1,1
4720,74,73,1,1
4721,154,128,26,26
4722,36,56,-20,20
4723,81,82,-1,1
4724,69,65,4,4
4725,39,40,-1,1
4726,106,101,5,5
4727,141,122,19,19
4728,71,71,0,0
4729,108,99,9,9
4730,142,125,17,17
4731,43,46,-3,3
4732,109,110,-1,1
4733,72,71,1,1
4734,110,98,12,12
4735,84,93,-9,9
4736,88,82,6,6
4737,156,135,21,21
4738,106,107,-1,1
4739,160,142,18,18
4740,105,98,7,7
4741,231,191,40,40
4742,111,98,13,13
4743,53,60,-7,7
4744,124,121,3,3
4745,105,100,5,5
4746,144,136,8,8
4747,83,86,-3,3
4748,81,81,0,0
4749,96,94,2,2
4750,143,125,18,18
4751,118,107,11,11
4752,77,79,-2,2
4753,116,106,10,10
4754,116,80,36,36
4755,76,77,-1,1
4756,73,73,0,0
4757,92,81,11,11
4758,89,80,9,9
4759,58,58,0,0
4760,70,73,-3,3
4761,134,119,15,15
4762,73,82,-9,9
4763,139,121,18,18
4764,59,62,-3,3
4765,59,61,-2,2
4766,72,72,0,0
4767,81,80,1,1
4768,96,90,6,6
4769,190,158,32,32
4770,131,111,20,20
4771,188,170,18,18
4772,141,139,2,2
4773,103,97,6,6
4774,65,76,-11,11
4775,86,81,5,5
4776,64,67,-3,3
4777,115,111,4,4
4778,58,68,-10,10
4779,150,132,18,18
4780,70,74,-4,4
4781,91,89,2,2
4782,104,97,7,7
4783,78,80,-2,2
4784,57,57,0,0
4785,117,103,14,14
4786,82,80,2,2
4787,50,54,-4,4
4788,76,80,-4,4
4789,64,64,0,0
4790,140,127,13,13
4791,88,92,-4,4
4792,41,45,-4,4
4793,56,70,-14,14
4794,161,151,10,10
4795,107,93,14,14
4796,94,90,4,4
4797,71,65,6,6
4798,163,135,28,28
4799,99,89,10,10
4800,30,35,-5,5
4801,99,86,13,13
4802,161,130,31,31
4803,82,83,-1,1
4804,92,84,8,8
4805,152,122,30,30
4806,131,103,28,28
4807,99,91,8,8
4808,50,49,1,1
4809,80,82,-2,2
4810,99,93,6,6
4811,69,68,1,1
4812,67,75,-8,8
4813,143,113,30,30
4814,68,69,-1,1
4815,65,73,-8,8
4816,94,91,3,3
4817,55,60,-5,5
4818,94,89,5,5
4819,45,51,-6,6
4820,140,126,14,14
4821,65,63,2,2
4822,62,65,-3,3
4823,94,94,0,0
4824,129,113,16,16
4825,123,114,9,9
4826,80,80,0,0
4827,86,80,6,6
4828,112,107,5,5
4829,89,85,4,4
4830,72,72,0,0
4831,65,69,-4,4
4832,90,91,-1,1
4833,71,81,-10,10
4834,107,107,0,0
4835,140,127,13,13
4836,57,62,-5,5
4837,104,98,6,6
4838,56,66,-10,10
4839,103,99,4,4
4840,104,99,5,5
4841,78,79,-1,1
4842,126,111,15,15
4843,101,90,11,11
4844,85,89,-4,4
4845,72,67,5,5
4846,57,61,-4,4
4847,51,60,-9,9
4848,102,101,1,1
4849,85,89,-4,4
4850,71,69,2,2
4851,87,80,7,7
4852,74,73,1,1
4853,104,96,8,8
4854,102,98,4,4
4855,181,150,31,31
4856,130,118,12,12
4857,75,84,-9,9
4858,102,97,5,5
4859,56,67,-11,11
4860,72,74,-2,2
4861,90,92,-2,2
4862,66,72,-6,6
4863,82,81,1,1
4864,139,140,-1,1
4865,97,81,16,16
4866,83,81,2,2
4867,71,80,-9,9
4868,81,72,9,9
4869,80,73,7,7
4870,152,138,14,14
4871,54,57,-3,3
4872,51,53,-2,2
4873,142,115,27,27
4874,134,128,6,6
4875,253,240,13,13
4876,85,96,-11,11
4877,274,217,57,57
4878,180,147,33,33
4879,85,84,1,1
4880,68,73,-5,5
4881,126,113,13,13
4882,147,127,20,20
4883,67,69,-2,2
4884,58,64,-6,6
4885,146,131,15,15
4886,170,162,8,8
4887,80,84,-4,4
4888,117,109,8,8
4889,72,72,0,0
4890,52,57,-5,5
4891,92,91,1,1
4892,88,83,5,5
4893,106,100,6,6
4894,93,85,8,8
4895,151,138,13,13
4896,90,84,6,6
4897,71,70,1,1
4898,63,70,-7,7
4899,171,136,35,35
4900,83,71,12,12
4901,125,107,18,18
4902,123,105,18,18
4903,119,107,12,12
4904,100,91,9,9
4905,97,101,-4,4
4906,82,75,7,7
4907,104,101,3,3
4908,84,81,3,3
4909,133,122,11,11
4910,66,70,-4,4
4911,328,252,76,76
4912,66,68,-2,2
4913,129,113,16,16
4914,60,57,3,3
4915,107,113,-6,6
4916,88,80,8,8
4917,92,102,-10,10
4918,97,81,16,16
4919,95,91,4,4
4920,176,143,33,33
4921,93,91,2,2
4922,124,117,7,7
4923,80,74,6,6
4924,117,106,11,11
4925,92,82,10,10
4926,137,109,28,28
4927,160,143,17,17
4928,114,104,10,10
4929,78,70,8,8
4930,73,75,-2,2
4931,62,60,2,2
4932,85,86,-1,1
4933,52,60,-8,8
4934,53,62,-9,9
4935,98,77,21,21
4936,92,91,1,1
4937,100,97,3,3
4938,114,102,12,12
4939,139,128,11,11
4940,76,76,0,0
4941,119,107,12,12
4942,41,50,-9,9
4943,53,48,5,5
4944,268,242,26,26
4945,66,63,3,3
4946,130,111,19,19
4947,115,107,8,8
4948,157,146,11,11
4949,50,58,-8,8
4950,75,73,2,2
4951,79,72,7,7
4952,85,81,4,4
4953,42,68,-26,26
4954,85,80,5,5
4955,95,92,3,3
4956,72,80,-8,8
4957,90,94,-4,4
4958,81,77,4,4
4959,109,103,6,6
4960,146,140,6,6
4961,131,111,20,20
4962,138,119,19,19
4963,32,41,-9,9
4964,86,84,2,2
4965,76,78,-2,2
4966,73,82,-9,9
4967,132,117,15,15
4968,136,125,11,11
4969,36,42,-6,6
4970,40,49,-9,9
4971,62,62,0,0
4972,99,100,-1,1
4973,63,75,-12,12
4974,90,80,10,10
4975,63,75,-12,12
4976,63,67,-4,4
4977,73,82,-9,9
4978,73,74,-1,1
4979,120,121,-1,1
4980,161,139,22,22
4981,74,75,-1,1
4982,74,67,7,7
4983,49,57,-8,8
4984,157,131,26,26
4985,123,109,14,14
4986,91,81,10,10
4987,115,97,18,18
4988,85,84,1,1
4989,66,70,-4,4
4990,102,95,7,7
4991,98,91,7,7
4992,100,91,9,9
4993,105,111,-6,6
4994,84,91,-7,7
4995,95,85,10,10
4996,108,94,14,14
4997,62,60,2,2
4998,116,106,10,10
4999,79,72,7,7
5000,73,68,5,5
5001,50,61,-11,11
5002,97,90,7,7
5003,145,121,24,24
5004,152,128,24,24
5005,134,116,18,18
5006,110,97,13,13
5007,114,104,10,10
5008,72,67,5,5
5009,113,101,12,12
5010,58,71,-13,13
5011,50,51,-1,1
5012,29,26,3,3
5013,71,69,2,2
5014,90,91,-1,1
5015,140,124,16,16
5016,123,111,12,12
5017,131,120,11,11
5018,50,50,0,0
5019,82,80,2,2
5020,77,81,-4,4
5021,98,86,12,12
5022,83,71,12,12
5023,88,79,9,9
5024,122,101,21,21
5025,87,81,6,6
5026,107,102,5,5
5027,75,80,-5,5
5028,89,90,-1,1
5029,124,115,9,9
5030,105,98,7,7
5031,62,60,2,2
5032,125,104,21,21
5033,94,89,5,5
5034,91,91,0,0
5035,74,84,-10,10
5036,82,90,-8,8
5037,60,60,0,0
5038,69,70,-1,1
5039,132,116,16,16
5040,76,75,1,1
5041,169,152,17,17
5042,101,97,4,4
5043,167,148,19,19
5044,79,80,-1,1
5045,78,85,-7,7
5046,61,60,1,1
5047,137,112,25,25
5048,116,100,16,16
5049,77,81,-4,4
5050,76,82,-6,6
5051,157,149,8,8
5052,90,95,-5,5
5053,79,73,6,6
5054,131,108,23,23
5055,118,102,16,16
5056,110,94,16,16
5057,151,123,28,28
5058,159,145,14,14
5059,95,94,1,1
5060,78,76,2,2
5061,107,108,-1,1
5062,131,118,13,13
5063,87,90,-3,3
5064,42,46,-4,4
5065,66,69,-3,3
5066,101,96,5,5
5067,140,122,18,18
5068,66,61,5,5
5069,43,47,-4,4
5070,100,92,8,8
5071,120,99,21,21
5072,76,61,15,15
5073,121,118,3,3
5074,78,78,0,0
5075,121,109,12,12
5076,51,58,-7,7
5077,101,99,2,2
5078,136,124,12,12
5079,107,110,-3,3
5080,106,100,6,6
5081,116,102,14,14
5082,89,89,0,0
5083,65,68,-3,3
5084,154,132,22,22
5085,130,110,20,20
5086,98,84,14,14
5087,75,87,-12,12
5088,81,81,0,0
5089,82,84,-2,2
5090,86,87,-1,1
5091,93,92,1,1
5092,73,78,-5,5
5093,76,80,-4,4
5094,166,150,16,16
5095,98,90,8,8
5096,120,100,20,20
5097,67,70,-3,3
5098,81,80,1,1
5099,170,149,21,21
5100,40,51,-11,11
5101,101,95,6,6
5102,80,76,4,4
5103,121,97,24,24
5104,58,58,0,0
5105,115,101,14,14
5106,63,62,1,1
5107,87,85,2,2
5108,148,140,8,8
5109,102,97,5,5
5110,79,75,4,4
5111,118,102,16,16
5112,92,88,4,4
5113,110,104,6,6
5114,131,119,12,12
5115,139,138,1,1
5116,68,76,-8,8
5117,122,116,6,6
5118,140,122,18,18
5119,124,110,14,14
5120,103,90,13,13
5121,59,72,-13,13
5122,80,82,-2,2
5123,131,115,16,16
5124,104,94,10,10
5125,155,130,25,25
5126,89,88,1,1
5127,68,82,-14,14
5128,79,80,-1,1
5129,110,100,10,10
5130,54,57,-3,3
5131,121,123,-2,2
5132,101,99,2,2
5133,109,108,1,1
5134,100,94,6,6
5135,132,120,12,12
5136,71,74,-3,3
5137,89,86,3,3
5138,92,88,4,4
5139,91,86,5,5
5140,117,100,17,17
5141,100,92,8,8
5142,118,102,16,16
5143,160,123,37,37
5144,121,103,18,18
5145,88,93,-5,5
5146,152,133,19,19
5147,56,58,-2,2
5148,51,71,-20,20
5149,110,90,20,20
5150,79,79,0,0
5151,68,86,-18,18
5152,52,57,-5,5
5153,129,121,8,8
5154,81,74,7,7
5155,39,45,-6,6
5156,55,105,-50,50
5157,53,57,-4,4
5158,92,91,1,1
5159,72,74,-2,2
5160,103,99,4,4
5161,141,119,22,22
5162,82,84,-2,2
5163,69,71,-2,2
5164,168,148,20,20
5165,65,69,-4,4
5166,76,80,-4,4
5167,104,94,10,10
5168,89,86,3,3
5169,101,99,2,2
5170,53,61,-8,8
5171,105,95,10,10
5172,90,82,8,8
5173,116,104,12,12
5174,137,119,18,18
5175,126,107,19,19
5176,43,42,1,1
5177,65,72,-7,7
5178,76,74,2,2
5179,104,95,9,9
5180,88,80,8,8
5181,75,71,4,4
5182,82,80,2,2
5183,40,69,-29,29
5184,77,75,2,2
5185,66,68,-2,2
5186,154,126,28,28
5187,86,82,4,4
5188,112,109,3,3
5189,93,92,1,1
5190,130,133,-3,3
5191,177,151,26,26
5192,148,127,21,21
5193,80,81,-1,1
5194,58,57,1,1
5195,115,101,14,14
5196,118,103,15,15
5197,66,60,6,6
5198,161,141,20,20
5199,80,83,-3,3
5200,105,95,10,10
5201,56,55,1,1
5202,66,68,-2,2
5203,93,90,3,3
5204,105,94,11,11
5205,96,89,7,7
5206,62,62,0,0
5207,68,77,-9,9
5208,83,77,6,6
5209,110,98,12,12
5210,109,106,3,3
5211,147,124,23,23
5212,68,66,2,2
5213,121,104,17,17
5214,128,123,5,5
5215,136,125,11,11
5216,110,97,13,13
5217,84,75,9,9
5218,93,90,3,3
5219,68,72,-4,4
5220,88,87,1,1
5221,89,88,1,1
5222,134,126,8,8
5223,128,117,11,11
5224,79,80,-1,1
5225,66,68,-2,2
5226,58,52,6,6
5227,58,74,-16,16
5228,69,70,-1,1
5229,56,58,-2,2
5230,85,85,0,0
5231,73,72,1,1
5232,97,88,9,9
5233,100,83,17,17
5234,82,70,12,12
5235,65,66,-1,1
5236,90,94,-4,4
5237,66,80,-14,14
5238,58,59,-1,1
5239,62,93,-31,31
5240,50,51,-1,1
5241,84,78,6,6
5242,82,82,0,0
5243,147,140,7,7
5244,91,81,10,10
5245,95,88,7,7
5246,121,110,11,11
5247,56,59,-3,3
5248,54,49,5,5
5249,103,97,6,6
5250,86,74,12,12
5251,85,78,7,7
5252,97,81,16,16
5253,92,82,10,10
5254,59,61,-2,2
5255,115,104,11,11
5256,116,104,12,12
5257,101,98,3,3
5258,120,92,28,28
5259,164,133,31,31
5260,55,49,6,6
5261,91,90,1,1
5262,75,79,-4,4
5263,121,113,8,8
5264,57,60,-3,3
5265,38,49,-11,11
5266,92,82,10,10
5267,67,65,2,2
5268,120,109,11,11
5269,83,81,2,2
5270,138,128,10,10
5271,169,143,26,26
5272,59,67,-8,8
5273,47,56,-9,9
5274,46,45,1,1
5275,123,121,2,2
5276,142,127,15,15
5277,80,84,-4,4
5278,31,40,-9,9
5279,128,119,9,9
5280,112,97,15,15
5281,98,99,-1,1
5282,55,62,-7,7
5283,110,95,15,15
5284,91,91,0,0
5285,112,92,20,20
5286,115,102,13,13
5287,73,70,3,3
5288,106,98,8,8
5289,93,84,9,9
5290,166,148,18,18
5291,128,127,1,1
5292,112,104,8,8
5293,89,82,7,7
5294,74,72,2,2
5295,106,111,-5,5
5296,72,73,-1,1
5297,78,75,3,3
5298,92,89,3,3
5299,140,121,19,19
5300,103,91,12,12
5301,102,106,-4,4
5302,63,75,-12,12
5303,169,147,22,22
5304,78,78,0,0
5305,132,113,19,19
5306,50,44,6,6
5307,127,105,22,22
5308,138,106,32,32
5309,61,56,5,5
5310,87,87,0,0
5311,109,107,2,2
5312,77,77,0,0
5313,92,100,-8,8
5314,84,79,5,5
5315,140,114,26,26
5316,79,82,-3,3
5317,87,82,5,5
5318,76,75,1,1
5319,54,52,2,2
5320,77,86,-9,9
5321,28,60,-32,32
5322,85,68,17,17
5323,41,43,-2,2
5324,78,81,-3,3
5325,117,100,17,17
5326,99,96,3,3
5327,130,119,11,11
5328,58,61,-3,3
5329,76,71,5,5
5330,72,74,-2,2
5331,72,70,2,2
5332,130,108,22,22
5333,85,85,0,0
5334,74,76,-2,2
5335,117,96,21,21
5336,105,103,2,2
5337,114,104,10,10
5338,94,93,1,1
5339,127,114,13,13
5340,100,91,9,9
5341,100,97,3,3
5342,114,102,12,12
5343,137,135,2,2
5344,141,122,19,19
5345,186,159,27,27
5346,49,55,-6,6
5347,71,73,-2,2
5348,144,129,15,15
5349,108,85,23,23
5350,102,86,16,16
5351,129,115,14,14
5352,123,107,16,16
5353,48,54,-6,6
5354,70,68,2,2
5355,81,79,2,2
5356,72,75,-3,3
5357,76,76,0,0
5358,114,118,-4,4
5359,130,116,14,14
5360,113,113,0,0
5361,57,59,-2,2
5362,77,76,1,1
5363,117,108,9,9
5364,79,74,5,5
5365,87,90,-3,3
5366,99,94,5,5
5367,211,181,30,30
5368,92,81,11,11
5369,119,105,14,14
5370,54,61,-7,7
5371,111,97,14,14
5372,67,68,-1,1
5373,185,170,15,15
5374,68,78,-10,10
5375,190,153,37,37
5376,124,112,12,12
5377,80,87,-7,7
5378,78,73,5,5
5379,92,99,-7,7
5380,70,68,2,2
5381,51,68,-17,17
5382,89,85,4,4
5383,82,84,-2,2
5384,83,80,3,3
5385,204,170,34,34
5386,114,104,10,10
5387,62,61,1,1
5388,100,85,15,15
5389,143,146,-3,3
5390,89,84,5,5
5391,123,120,3,3
5392,150,131,19,19
5393,135,101,34,34
5394,114,109,5,5
5395,94,95,-1,1
5396,158,138,20,20
5397,58,67,-9,9
5398,94,102,-8,8
5399,59,58,1,1
5400,81,92,-11,11
5401,70,70,0,0
5402,79,79,0,0
5403,49,56,-7,7
5404,85,80,5,5
5405,85,80,5,5
5406,55,56,-1,1
5407,97,95,2,2
5408,95,93,2,2
5409,129,113,16,16
5410,53,60,-7,7
5411,109,106,3,3
5412,92,96,-4,4
5413,122,95,27,27
5414,102,99,3,3
5415,98,105,-7,7
5416,68,75,-7,7
5417,108,97,11,11
5418,92,83,9,9
5419,95,87,8,8
5420,65,65,0,0
5421,27,27,0,0
5422,62,65,-3,3
5423,109,100,9,9
5424,72,73,-1,1
5425,58,57,1,1
5426,121,100,21,21
5427,101,93,8,8
5428,63,67,-4,4
5429,38,36,2,2
5430,145,129,16,16
5431,103,100,3,3
5432,215,207,8,8
5433,122,107,15,15
5434,90,93,-3,3
5435,67,66,1,1
5436,98,100,-2,2
5437,106,106,0,0
5438,119,112,7,7
5439,93,90,3,3
5440,48,59,-11,11
5441,87,83,4,4
5442,108,108,0,0
5443,72,64,8,8
5444,124,112,12,12
5445,114,106,8,8
5446,43,46,-3,3
5447,109,100,9,9
5448,99,99,0,0
5449,116,102,14,14
5450,72,85,-13,13
5451,122,121,1,1
5452,98,93,5,5
5453,144,141,3,3
5454,78,70,8,8
5455,70,65,5,5
5456,114,99,15,15
5457,137,125,12,12
5458,113,100,13,13
5459,115,97,18,18
5460,85,81,4,4
5461,63,60,3,3
5462,114,110,4,4
5463,88,87,1,1
5464,125,105,20,20
5465,116,107,9,9
5466,150,113,37,37
5467,78,77,1,1
5468,75,71,4,4
5469,81,83,-2,2
5470,116,115,1,1
5471,64,60,4,4
5472,93,91,2,2
5473,96,86,10,10
5474,147,133,14,14
5475,77,78,-1,1
5476,139,127,12,12
5477,64,60,4,4
5478,82,77,5,5
5479,70,69,1,1
5480,142,128,14,14
5481,99,90,9,9
5482,64,69,-5,5
5483,80,84,-4,4
5484,69,61,8,8
5485,64,65,-1,1
5486,99,97,2,2
5487,120,98,22,22
5488,80,77,3,3
5489,145,133,12,12
5490,161,144,17,17
5491,86,87,-1,1
5492,123,112,11,11
5493,91,85,6,6
5494,147,129,18,18
5495,92,85,7,7
5496,79,81,-2,2
5497,144,122,22,22
5498,72,70,2,2
5499,91,98,-7,7
5500,162,143,19,19
5501,76,81,-5,5
5502,82,84,-2,2
5503,63,70,-7,7
5504,71,71,0,0
5505,74,74,0,0
5506,152,127,25,25
5507,102,98,4,4
5508,70,67,3,3
5509,46,49,-3,3
5510,85,96,-11,11
5511,81,81,0,0
5512,85,85,0,0
5513,108,94,14,14
5514,124,109,15,15
5515,81,82,-1,1
5516,97,114,-17,17
5517,137,126,11,11
5518,125,113,12,12
5519,90,92,-2,2
5520,83,80,3,3
5521,89,90,-1,1
5522,124,106,18,18
5523,101,84,17,17
5524,103,99,4,4
5525,61,61,0,0
5526,85,74,11,11
5527,102,101,1,1
5528,83,92,-9,9
5529,91,91,0,0
5530,131,101,30,30
5531,150,129,21,21
5532,107,100,7,7
5533,115,108,7,7
5534,126,112,14,14
5535,129,115,14,14
5536,95,86,9,9
5537,143,122,21,21
5538,115,108,7,7
5539,85,81,4,4
5540,164,142,22,22
5541,95,91,4,4
5542,137,132,5,5
5543,121,110,11,11
5544,83,80,3,3
5545,115,114,1,1
5546,154,143,11,11
5547,115,108,7,7
5548,88,80,8,8
5549,116,109,7,7
5550,119,93,26,26
5551,30,42,-12,12
5552,100,88,12,12
5553,132,126,6,6
5554,186,157,29,29
5555,82,82,0,0
5556,176,130,46,46
5557,107,98,9,9
5558,89,80,9,9
5559,94,90,4,4
5560,51,46,5,5
5561,138,127,11,11
5562,78,79,-1,1
5563,59,62,-3,3
5564,58,58,0,0
5565,67,67,0,0
5566,79,72,7,7
5567,54,55,-1,1
5568,62,60,2,2
5569,83,80,3,3
5570,75,80,-5,5
5571,115,104,11,11
5572,114,111,3,3
5573,126,104,22,22
5574,88,97,-9,9
5575,69,63,6,6
5576,38,53,-15,15
5577,71,70,1,1
5578,66,62,4,4
5579,62,63,-1,1
5580,75,68,7,7
5581,59,57,2,2
5582,97,98,-1,1
5583,81,88,-7,7
5584,69,81,-12,12
5585,81,75,6,6
5586,101,97,4,4
5587,97,87,10,10
5588,60,71,-11,11
5589,119,106,13,13
5590,113,127,-14,14
5591,130,106,24,24
5592,61,70,-9,9
5593,166,144,22,22
5594,51,55,-4,4
5595,140,124,16,16
5596,109,107,2,2
5597,115,111,4,4
5598,112,101,11,11
5599,89,87,2,2
5600,65,66,-1,1
5601,97,94,3,3
5602,81,88,-7,7
5603,59,59,0,0
5604,52,52,0,0
5605,74,82,-8,8
5606,76,80,-4,4
5607,111,80,31,31
5608,112,104,8,8
5609,66,69,-3,3
5610,96,87,9,9
5611,61,64,-3,3
5612,162,139,23,23
5613,120,106,14,14
5614,68,84,-16,16
5615,61,72,-11,11
5616,110,101,9,9
5617,114,112,2,2
5618,41,45,-4,4
5619,63,57,6,6
5620,77,74,3,3
5621,92,83,9,9
5622,80,75,5,5
5623,40,45,-5,5
5624,56,63,-7,7
5625,72,73,-1,1
5626,123,103,20,20
5627,77,76,1,1
5628,107,104,3,3
5629,112,104,8,8
5630,72,79,-7,7
5631,99,99,0,0
5632,118,108,10,10
5633,77,72,5,5
5634,139,124,15,15
5635,84,81,3,3
5636,62,68,-6,6
5637,100,93,7,7
5638,80,78,2,2
5639,91,91,0,0
5640,113,100,13,13
5641,45,45,0,0
5642,71,61,10,10
5643,122,101,21,21
5644,53,55,-2,2
5645,78,90,-12,12
5646,65,76,-11,11
5647,40,49,-9,9
5648,136,119,17,17
5649,120,105,15,15
5650,104,103,1,1
5651,85,81,4,4
5652,89,83,6,6
5653,84,86,-2,2
5654,80,85,-5,5
5655,119,114,5,5
5656,105,96,9,9
5657,61,72,-11,11
5658,53,60,-7,7
5659,69,73,-4,4
5660,83,80,3,3
5661,122,97,25,25
5662,88,83,5,5
5663,88,80,8,8
5664,104,101,3,3
5665,94,89,5,5
5666,133,119,14,14
5667,53,69,-16,16
5668,73,75,-2,2
5669,92,87,5,5
5670,92,85,7,7
5671,91,85,6,6
5672,82,82,0,0
5673,87,88,-1,1
5674,135,116,19,19
5675,126,112,14,14
5676,94,86,8,8
5677,55,58,-3,3
5678,104,91,13,13
5679,127,116,11,11
5680,135,122,13,13
5681,145,120,25,25
5682,99,98,1,1
5683,96,97,-1,1
5684,103,88,15,15
5685,32,37,-5,5
5686,74,75,-1,1
5687,109,92,17,17
5688,59,63,-4,4
5689,101,94,7,7
5690,69,67,2,2
5691,71,82,-11,11
5692,101,91,10,10
5693,129,120,9,9
5694,114,107,7,7
5695,73,76,-3,3
5696,179,144,35,35
5697,81,80,1,1
5698,127,109,18,18
5699,129,120,9,9
5700,57,53,4,4
5701,50,58,-8,8
5702,80,65,15,15
5703,116,107,9,9
5704,93,82,11,11
5705,164,126,38,38
5706,43,47,-4,4
5707,96,99,-3,3
5708,88,77,11,11
5709,66,61,5,5
5710,97,96,1,1
5711,86,85,1,1
5712,83,88,-5,5
5713,87,84,3,3
5714,61,66,-5,5
5715,81,81,0,0
5716,164,144,20,20
5717,138,119,19,19
5718,115,110,5,5
5719,86,83,3,3
5720,118,128,-10,10
5721,67,69,-2,2
5722,87,89,-2,2
5723,74,69,5,5
5724,51,51,0,0
5725,67,63,4,4
5726,84,80,4,4
5727,94,85,9,9
5728,69,69,0,0
5729,115,112,3,3
5730,48,46,2,2
5731,77,71,6,6
5732,81,77,4,4
5733,110,110,0,0
5734,74,87,-13,13
5735,54,62,-8,8
5736,84,81,3,3
5737,70,75,-5,5
5738,64,67,-3,3
5739,80,85,-5,5
5740,78,72,6,6
5741,83,90,-7,7
5742,81,75,6,6
5743,34,38,-4,4
5744,149,146,3,3
5745,50,51,-1,1
5746,57,58,-1,1
5747,75,74,1,1
5748,139,115,24,24
5749,48,49,-1,1
5750,61,67,-6,6
5751,96,86,10,10
5752,64,60,4,4
5753,90,92,-2,2
5754,81,79,2,2
5755,119,118,1,1
5756,129,118,11,11
5757,111,106,5,5
5758,79,81,-2,2
5759,107,97,10,10
5760,77,81,-4,4
5761,67,66,1,1
5762,103,90,13,13
5763,60,61,-1,1
5764,115,110,5,5
5765,62,58,4,4
5766,71,75,-4,4
5767,67,77,-10,10
5768,46,48,-2,2
5769,52,55,-3,3
5770,55,57,-2,2
5771,95,87,8,8
5772,119,98,21,21
5773,156,150,6,6
5774,89,80,9,9
5775,130,102,28,28
5776,149,128,21,21
5777,53,68,-15,15
5778,103,95,8,8
5779,181,145,36,36
5780,88,84,4,4
5781,91,85,6,6
5782,79,70,9,9
5783,64,79,-15,15
5784,85,89,-4,4
5785,45,47,-2,2
5786,72,70,2,2
5787,118,106,12,12
5788,54,52,2,2
5789,98,93,5,5
5790,79,81,-2,2
5791,63,63,0,0
5792,27,38,-11,11
5793,142,128,14,14
5794,67,66,1,1
5795,146,129,17,17
5796,80,84,-4,4
5797,68,81,-13,13
5798,92,93,-1,1
5799,48,49,-1,1
5800,117,95,22,22
5801,98,94,4,4
5802,73,74,-1,1
5803,84,82,2,2
5804,95,86,9,9
5805,120,114,6,6
5806,151,146,5,5
5807,50,48,2,2
5808,93,89,4,4
5809,150,136,14,14
5810,65,77,-12,12
5811,76,77,-1,1
5812,69,69,0,0
5813,91,86,5,5
5814,81,81,0,0
5815,92,85,7,7
5816,127,129,-2,2
5817,100,92,8,8
5818,98,96,2,2
5819,109,100,9,9
5820,69,73,-4,4
5821,94,96,-2,2
5822,156,129,27,27
5823,82,89,-7,7
5824,62,75,-13,13
5825,56,58,-2,2
5826,44,50,-6,6
5827,134,95,39,39
5828,75,74,1,1
5829,88,89,-1,1
5830,63,69,-6,6
5831,106,101,5,5
5832,121,103,18,18
5833,94,98,-4,4
5834,89,92,-3,3
5835,45,50,-5,5
5836,76,79,-3,3
5837,85,85,0,0
5838,129,129,0,0
5839,113,104,9,9
5840,127,112,15,15
5841,129,136,-7,7
5842,92,88,4,4
5843,60,57,3,3
5844,91,77,14,14
5845,90,81,9,9
5846,143,129,14,14
5847,79,76,3,3
5848,118,148,-30,30
5849,65,68,-3,3
5850,88,79,9,9
5851,102,100,2,2
5852,67,69,-2,2
5853,104,95,9,9
5854,164,146,18,18
5855,145,130,15,15
5856,51,47,4,4
5857,35,39,-4,4
5858,125,113,12,12
5859,78,80,-2,2
5860,110,100,10,10
5861,133,121,12,12
5862,92,90,2,2
5863,89,92,-3,3
5864,66,67,-1,1
5865,96,94,2,2
5866,74,73,1,1
5867,21,26,-5,5
5868,52,56,-4,4
5869,49,50,-1,1
5870,133,131,2,2
5871,56,61,-5,5
5872,48,51,-3,3
5873,53,44,9,9
5874,86,84,2,2
5875,81,91,-10,10
5876,139,128,11,11
5877,111,112,-1,1
5878,118,114,4,4
5879,61,62,-1,1
5880,88,92,-4,4
5881,58,61,-3,3
5882,91,82,9,9
5883,110,101,9,9
5884,118,92,26,26
5885,109,95,14,14
5886,52,55,-3,3
5887,69,71,-2,2
5888,144,119,25,25
5889,87,81,6,6
5890,153,120,33,33
5891,49,58,-9,9
5892,106,104,2,2
5893,85,82,3,3
5894,95,89,6,6
5895,99,93,6,6
5896,154,136,18,18
5897,64,79,-15,15
5898,74,73,1,1
5899,94,85,9,9
5900,83,66,17,17
5901,66,68,-2,2
5902,48,56,-8,8
5903,87,94,-7,7
5904,28,44,-16,16
5905,63,59,4,4
5906,117,108,9,9
5907,169,149,20,20
5908,54,54,0,0
5909,118,109,9,9
5910,77,71,6,6
5911,87,86,1,1
5912,259,210,49,49
5913,116,114,2,2
5914,141,122,19,19
5915,63,72,-9,9
5916,194,158,36,36
5917,58,70,-12,12
5918,117,108,9,9
5919,101,95,6,6
5920,128,117,11,11
5921,99,83,16,16
5922,122,101,21,21
5923,146,130,16,16
5924,117,99,18,18
5925,85,86,-1,1
5926,156,139,17,17
5927,85,81,4,4
5928,149,142,7,7
5929,62,67,-5,5
5930,133,124,9,9
5931,76,77,-1,1
5932,67,68,-1,1
5933,125,129,-4,4
5934,73,71,2,2
5935,106,94,12,12
5936,98,91,7,7
5937,113,104,9,9
5938,151,138,13,13
5939,91,84,7,7
5940,115,112,3,3
5941,99,99,0,0
5942,51,57,-6,6
5943,102,104,-2,2
5944,123,105,18,18
5945,71,66,5,5
5946,116,108,8,8
5947,118,109,9,9
5948,151,148,3,3
5949,93,80,13,13
5950,77,78,-1,1
5951,52,50,2,2
5952,88,82,6,6
5953,56,54,2,2
5954,152,146,6,6
5955,129,122,7,7
5956,75,81,-6,6
5957,98,93,5,5
5958,149,135,14,14
5959,73,71,2,2
5960,96,105,-9,9
5961,145,133,12,12
5962,88,81,7,7
5963,159,131,28,28
5964,178,148,30,30
5965,81,84,-3,3
5966,142,121,21,21
5967,97,86,11,11
5968,145,132,13,13
5969,91,86,5,5
5970,85,69,16,16
5971,87,76,11,11
5972,90,80,10,10
5973,68,69,-1,1
5974,94,92,2,2
5975,101,93,8,8
5976,92,79,13,13
5977,71,74,-3,3
5978,113,103,10,10
5979,102,97,5,5
5980,114,109,5,5
5981,97,92,5,5
5982,47,58,-11,11
5983,60,59,1,1
5984,135,120,15,15
5985,58,57,1,1
5986,206,165,41,41
5987,68,73,-5,5
5988,42,46,-4,4
5989,73,67,6,6
5990,83,77,6,6
5991,72,68,4,4
5992,111,80,31,31
5993,58,52,6,6
5994,130,129,1,1
5995,111,102,9,9
5996,140,135,5,5
5997,95,93,2,2
5998,96,92,4,4
5999,91,83,8,8
6000,79,78,1,1
6001,74,72,2,2
6002,169,140,29,29
6003,117,111,6,6
6004,78,60,18,18
6005,115,109,6,6
6006,44,44,0,0
6007,103,109,-6,6
6008,78,95,-17,17
6009,49,50,-1,1
6010,126,119,7,7
6011,93,83,10,10
6012,140,130,10,10
6013,85,83,2,2
6014,116,117,-1,1
6015,83,75,8,8
6016,96,96,0,0
6017,143,122,21,21
6018,74,78,-4,4
6019,92,92,0,0
6020,63,57,6,6
6021,49,56,-7,7
6022,144,131,13,13
6023,54,56,-2,2
6024,116,147,-31,31
6025,66,75,-9,9
6026,56,60,-4,4
6027,56,90,-34,34
6028,107,103,4,4
6029,140,124,16,16
6030,92,92,0,0
6031,76,79,-3,3
6032,90,92,-2,2
6033,138,127,11,11
6034,71,68,3,3
6035,89,95,-6,6
6036,66,59,7,7
6037,60,61,-1,1
6038,116,117,-1,1
6039,179,158,21,21
6040,90,76,14,14
6041,116,112,4,4
6042,89,87,2,2
6043,95,88,7,7
6044,85,80,5,5
6045,53,57,-4,4
6046,166,147,19,19
6047,43,47,-4,4
6048,119,114,5,5
6049,105,110,-5,5
6050,121,106,15,15
6051,73,72,1,1
6052,67,62,5,5
6053,119,113,6,6
6054,106,101,5,5
6055,72,62,10,10
6056,75,71,4,4
6057,70,74,-4,4
6058,143,120,23,23
6059,83,81,2,2
6060,83,80,3,3
6061,46,61,-15,15
6062,47,45,2,2
6063,119,111,8,8
6064,108,94,14,14
6065,43,56,-13,13
6066,64,60,4,4
6067,83,82,1,1
6068,141,123,18,18
6069,107,97,10,10
6070,35,52,-17,17
6071,119,110,9,9
6072,88,80,8,8
6073,77,81,-4,4
6074,75,74,1,1
6075,140,125,15,15
6076,66,69,-3,3
6077,121,120,1,1
6078,47,57,-10,10
6079,68,72,-4,4
6080,112,97,15,15
6081,178,150,28,28
6082,87,91,-4,4
6083,164,136,28,28
6084,79,80,-1,1
6085,71,69,2,2
6086,111,117,-6,6
6087,78,81,-3,3
6088,160,153,7,7
6089,98,93,5,5
6090,115,144,-29,29
6091,95,103,-8,8
6092,65,66,-1,1
6093,159,145,14,14
6094,85,82,3,3
6095,69,67,2,2
6096,116,107,9,9
6097,55,58,-3,3
6098,96,92,4,4
6099,94,83,11,11
6100,72,69,3,3
6101,94,81,13,13
6102,124,123,1,1
6103,62,62,0,0
6104,79,71,8,8
6105,146,123,23,23
6106,42,50,-8,8
6107,85,80,5,5
6108,100,84,16,16
6109,131,106,25,25
6110,72,79,-7,7
6111,49,49,0,0
6112,116,102,14,14
6113,102,95,7,7
6114,135,122,13,13
6115,138,122,16,16
6116,40,59,-19,19
6117,104,96,8,8
6118,99,92,7,7
6119,50,45,5,5
6120,108,101,7,7
6121,106,100,6,6
6122,93,84,9,9
6123,155,141,14,14
6124,127,111,16,16
6125,78,79,-1,1
6126,87,86,1,1
6127,73,72,1,1
6128,92,90,2,2
6129,86,82,4,4
6130,117,108,9,9
6131,65,60,5,5
6132,44,44,0,0
6133,142,128,14,14
6134,83,87,-4,4
6135,104,96,8,8
6136,119,96,23,23
6137,112,103,9,9
6138,96,81,15,15
6139,58,64,-6,6
6140,44,44,0,0
6141,107,103,4,4
6142,115,106,9,9
6143,87,90,-3,3
6144,102,97,5,5
6145,89,83,6,6
6146,119,106,13,13
6147,101,96,5,5
6148,55,57,-2,2
6149,92,81,11,11
6150,108,95,13,13
6151,57,57,0,0
6152,119,105,14,14
6153,133,120,13,13
6154,80,81,-1,1
6155,66,69,-3,3
6156,114,101,13,13
6157,111,107,4,4
6158,140,121,19,19
6159,108,85,23,23
6160,89,93,-4,4
6161,88,78,10,10
6162,76,82,-6,6
6163,80,80,0,0
6164,98,84,14,14
6165,73,71,2,2
6166,136,121,15,15
6167,50,49,1,1
6168,88,95,-7,7
6169,69,71,-2,2
6170,151,133,18,18
6171,66,60,6,6
6172,73,70,3,3
6173,65,62,3,3
6174,72,77,-5,5
6175,52,56,-4,4
6176,108,88,20,20
6177,86,81,5,5
6178,34,52,-18,18
6179,183,166,17,17
6180,54,48,6,6
6181,122,117,5,5
6182,64,68,-4,4
6183,75,79,-4,4
6184,105,91,14,14
6185,65,69,-4,4
6186,84,89,-5,5
6187,101,96,5,5
6188,117,103,14,14
6189,148,135,13,13
6190,66,68,-2,2
6191,106,103,3,3
6192,147,119,28,28
6193,108,107,1,1
6194,133,98,35,35
6195,42,46,-4,4
6196,67,63,4,4
6197,117,102,15,15
6198,127,124,3,3
6199,84,80,4,4
6200,72,68,4,4
6201,77,71,6,6
6202,83,78,5,5
6203,77,85,-8,8
6204,133,121,12,12
6205,61,69,-8,8
6206,75,82,-7,7
6207,81,77,4,4
6208,95,90,5,5
6209,115,103,12,12
6210,106,93,13,13
6211,85,78,7,7
6212,89,84,5,5
6213,103,99,4,4
6214,78,73,5,5
6215,83,80,3,3
6216,128,105,23,23
6217,64,69,-5,5
6218,87,81,6,6
6219,108,92,16,16
6220,108,101,7,7
6221,77,73,4,4
6222,65,73,-8,8
6223,56,57,-1,1
6224,69,62,7,7
6225,83,84,-1,1
6226,93,95,-2,2
6227,85,85,0,0
6228,177,159,18,18
6229,52,52,0,0
6230,35,41,-6,6
6231,128,109,19,19
6232,98,91,7,7
6233,83,81,2,2
6234,67,63,4,4
6235,102,97,5,5
6236,115,108,7,7
6237,103,92,11,11
6238,99,97,2,2
6239,100,96,4,4
6240,148,119,29,29
6241,67,66,1,1
6242,131,117,14,14
6243,76,75,1,1
6244,91,87,4,4
6245,110,91,19,19
6246,133,124,9,9
6247,77,98,-21,21
6248,151,137,14,14
6249,130,125,5,5
6250,80,81,-1,1
6251,86,84,2,2
6252,117,116,1,1
6253,72,69,3,3
6254,104,102,2,2
6255,108,95,13,13
6256,103,101,2,2
6257,57,60,-3,3
6258,30,40,-10,10
6259,70,71,-1,1
6260,93,99,-6,6
6261,75,71,4,4
6262,46,49,-3,3
6263,169,122,47,47
6264,88,83,5,5
6265,71,74,-3,3
6266,97,98,-1,1
6267,133,114,19,19
6268,77,80,-3,3
6269,93,92,1,1
6270,52,66,-14,14
6271,124,126,-2,2
6272,60,87,-27,27
6273,53,59,-6,6
6274,98,93,5,5
6275,105,86,19,19
6276,92,83,9,9
6277,106,95,11,11
6278,55,56,-1,1
6279,94,94,0,0
6280,94,82,12,12
6281,67,72,-5,5
6282,109,95,14,14
6283,61,67,-6,6
6284,49,57,-8,8
6285,99,89,10,10
6286,109,97,12,12
6287,73,70,3,3
6288,107,99,8,8
6289,82,80,2,2
6290,122,112,10,10
6291,50,50,0,0
6292,102,93,9,9
6293,99,91,8,8
6294,40,44,-4,4
6295,61,59,2,2
6296,94,93,1,1
6297,55,59,-4,4
6298,66,66,0,0
6299,58,66,-8,8
6300,139,137,2,2
6301,104,85,19,19
6302,74,70,4,4
6303,77,71,6,6
6304,77,74,3,3
6305,91,86,5,5
6306,74,71,3,3
6307,63,64,-1,1
6308,56,57,-1,1
6309,103,106,-3,3
6310,83,84,-1,1
6311,69,77,-8,8
6312,165,140,25,25
6313,109,103,6,6
6314,93,80,13,13
6315,123,115,8,8
6316,142,128,14,14
6317,71,68,3,3
6318,102,97,5,5
6319,81,80,1,1
6320,178,141,37,37
6321,75,69,6,6
6322,68,74,-6,6
6323,135,117,18,18
6324,103,99,4,4
6325,108,106,2,2
6326,62,78,-16,16
6327,95,96,-1,1
6328,114,98,16,16
6329,120,110,10,10
6330,124,120,4,4
6331,90,89,1,1
6332,29,37,-8,8
6333,69,73,-4,4
6334,61,72,-11,11
6335,85,80,5,5
6336,83,90,-7,7
6337,122,104,18,18
6338,148,128,20,20
6339,108,96,12,12
6340,96,96,0,0
6341,75,79,-4,4
6342,101,104,-3,3
6343,81,76,5,5
6344,98,98,0,0
6345,95,87,8,8
6346,100,93,7,7
6347,96,100,-4,4
6348,161,156,5,5
6349,84,80,4,4
6350,55,56,-1,1
6351,59,66,-7,7
6352,124,114,10,10
6353,137,124,13,13
6354,118,105,13,13
6355,144,116,28,28
6356,182,158,24,24
6357,126,112,14,14
6358,127,109,18,18
6359,111,102,9,9
6360,92,88,4,4
6361,106,96,10,10
6362,74,77,-3,3
6363,68,81,-13,13
6364,108,108,0,0
6365,95,86,9,9
6366,103,99,4,4
6367,81,83,-2,2
6368,86,84,2,2
6369,170,140,30,30
6370,50,53,-3,3
6371,51,56,-5,5
6372,94,83,11,11
6373,146,144,2,2
6374,74,75,-1,1
6375,100,87,13,13
6376,128,106,22,22
6377,74,69,5,5
6378,108,94,14,14
6379,77,80,-3,3
6380,63,69,-6,6
6381,50,47,3,3
6382,109,96,13,13
6383,52,57,-5,5
6384,68,77,-9,9
6385,90,92,-2,2
6386,80,84,-4,4
6387,55,67,-12,12
6388,103,89,14,14
6389,84,83,1,1
6390,90,80,10,10
6391,66,77,-11,11
6392,167,146,21,21
6393,82,82,0,0
6394,73,70,3,3
6395,86,88,-2,2
6396,71,74,-3,3
6397,80,82,-2,2
6398,92,90,2,2
6399,117,97,20,20
6400,51,64,-13,13
6401,94,92,2,2
6402,84,81,3,3
6403,135,127,8,8
6404,66,72,-6,6
6405,151,135,16,16
6406,92,91,1,1
6407,102,96,6,6
6408,116,99,17,17
6409,50,60,-10,10
6410,88,88,0,0
6411,119,109,10,10
6412,107,106,1,1
6413,93,96,-3,3
6414,142,124,18,18
6415,52,56,-4,4
6416,115,109,6,6
6417,52,53,-1,1
6418,56,55,1,1
6419,152,122,30,30
6420,83,74,9,9
6421,62,63,-1,1
6422,64,76,-12,12
6423,119,104,15,15
6424,157,122,35,35
6425,51,58,-7,7
6426,118,111,7,7
6427,58,68,-10,10
6428,94,87,7,7
6429,45,50,-5,5
6430,120,102,18,18
6431,88,85,3,3
6432,84,88,-4,4
6433,131,122,9,9
6434,98,90,8,8
6435,50,53,-3,3
6436,88,80,8,8
6437,101,106,-5,5
6438,78,72,6,6
6439,40,61,-21,21
6440,103,104,-1,1
6441,96,85,11,11
6442,83,80,3,3
6443,93,87,6,6
6444,82,73,9,9
6445,103,94,9,9
6446,41,60,-19,19
6447,39,46,-7,7
6448,60,55,5,5
6449,137,119,18,18
6450,46,45,1,1
6451,51,57,-6,6
6452,82,82,0,0
6453,131,110,21,21
6454,66,73,-7,7
6455,76,70,6,6
6456,204,171,33,33
6457,106,100,6,6
6458,72,69,3,3
6459,145,133,12,12
6460,80,76,4,4
6461,89,92,-3,3
6462,148,133,15,15
6463,141,115,26,26
6464,59,63,-4,4
6465,51,45,6,6
6466,88,83,5,5
6467,77,76,1,1
6468,103,103,0,0
6469,94,83,11,11
6470,92,81,11,11
6471,82,75,7,7
6472,89,95,-6,6
6473,72,75,-3,3
6474,135,118,17,17
6475,135,115,20,20
6476,85,81,4,4
6477,63,67,-4,4
6478,173,150,23,23
6479,108,101,7,7
6480,141,112,29,29
6481,85,85,0,0
6482,144,129,15,15
6483,66,67,-1,1
6484,86,86,0,0
6485,84,76,8,8
6486,107,93,14,14
6487,60,61,-1,1
6488,62,70,-8,8
6489,174,158,16,16
6490,68,64,4,4
6491,74,77,-3,3
6492,67,67,0,0
6493,72,65,7,7
6494,117,101,16,16
6495,93,109,-16,16
6496,69,78,-9,9
6497,75,77,-2,2
6498,84,80,4,4
6499,101,98,3,3
6500,78,78,0,0
6501,202,174,28,28
6502,97,102,-5,5
6503,79,80,-1,1
6504,97,100,-3,3
6505,60,69,-9,9
6506,58,56,2,2
6507,113,111,2,2
6508,63,64,-1,1
6509,79,77,2,2
6510,94,91,3,3
6511,129,117,12,12
6512,142,127,15,15
6513,96,91,5,5
6514,83,73,10,10
6515,137,121,16,16
6516,99,89,10,10
6517,92,91,1,1
6518,92,98,-6,6
6519,69,67,2,2
6520,126,129,-3,3
6521,148,143,5,5
6522,90,88,2,2
6523,94,85,9,9
6524,111,104,7,7
6525,86,90,-4,4
6526,49,59,-10,10
6527,124,107,17,17
6528,107,103,4,4
6529,129,115,14,14
6530,58,51,7,7
6531,70,70,0,0
6532,70,76,-6,6
6533,91,81,10,10
6534,86,76,10,10
6535,102,99,3,3
6536,83,83,0,0
6537,119,111,8,8
6538,76,85,-9,9
6539,49,48,1,1
6540,94,79,15,15
6541,124,98,26,26
6542,65,63,2,2
6543,96,102,-6,6
6544,170,150,20,20
6545,68,74,-6,6
6546,28,33,-5,5
6547,135,126,9,9
6548,151,120,31,31
6549,80,84,-4,4
6550,79,93,-14,14
6551,68,81,-13,13
6552,118,100,18,18
6553,73,72,1,1
6554,104,109,-5,5
6555,147,124,23,23
6556,91,98,-7,7
6557,147,121,26,26
6558,55,62,-7,7
6559,66,69,-3,3
6560,121,106,15,15
6561,70,71,-1,1
6562,107,98,9,9
6563,153,137,16,16
6564,124,116,8,8
6565,59,69,-10,10
6566,90,82,8,8
6567,57,68,-11,11
6568,129,108,21,21
6569,98,98,0,0
6570,152,129,23,23
6571,55,60,-5,5
6572,93,68,25,25
6573,61,58,3,3
6574,135,120,15,15
6575,72,68,4,4
6576,105,104,1,1
6577,65,90,-25,25
6578,91,85,6,6
6579,117,103,14,14
6580,85,89,-4,4
6581,125,110,15,15
6582,57,67,-10,10
6583,151,128,23,23
6584,68,72,-4,4
6585,104,108,-4,4
6586,53,58,-5,5
6587,88,84,4,4
6588,91,84,7,7
6589,184,139,45,45
6590,99,92,7,7
6591,189,150,39,39
6592,186,151,35,35
6593,125,108,17,17
6594,62,71,-9,9
6595,103,99,4,4
6596,183,164,19,19
6597,62,59,3,3
6598,66,67,-1,1
6599,73,70,3,3
6600,114,104,10,10
6601,123,117,6,6
6602,108,88,20,20
6603,115,103,12,12
6604,124,111,13,13
6605,66,78,-12,12
6606,104,82,22,22
6607,75,79,-4,4
6608,108,105,3,3
6609,81,81,0,0
6610,82,71,11,11
6611,80,72,8,8
6612,30,39,-9,9
6613,90,83,7,7
6614,62,64,-2,2
6615,86,80,6,6
6616,56,56,0,0
6617,95,94,1,1
6618,100,97,3,3
6619,102,94,8,8
6620,102,98,4,4
6621,59,58,1,1
6622,152,123,29,29
6623,163,149,14,14
6624,143,126,17,17
6625,162,143,19,19
6626,84,86,-2,2
6627,78,81,-3,3
6628,92,93,-1,1
6629,79,81,-2,2
6630,78,74,4,4
6631,120,103,17,17
6632,99,93,6,6
6633,103,90,13,13
6634,76,80,-4,4
6635,80,77,3,3
6636,66,69,-3,3
6637,128,117,11,11
6638,85,72,13,13
6639,100,99,1,1
6640,46,56,-10,10
6641,125,113,12,12
6642,111,109,2,2
6643,119,107,12,12
6644,59,62,-3,3
6645,55,56,-1,1
6646,158,139,19,19
6647,106,105,1,1
6648,136,127,9,9
6649,108,96,12,12
6650,124,112,12,12
6651,106,101,5,5
6652,92,81,11,11
6653,118,114,4,4
6654,108,97,11,11
6655,114,100,14,14
6656,51,57,-6,6
6657,85,81,4,4
6658,61,87,-26,26
6659,74,75,-1,1
6660,67,68,-1,1
6661,108,98,10,10
6662,132,117,15,15
6663,78,70,8,8
6664,102,103,-1,1
6665,175,134,41,41
6666,140,123,17,17
6667,93,84,9,9
6668,75,81,-6,6
6669,98,91,7,7
6670,98,89,9,9
6671,119,102,17,17
6672,121,133,-12,12
6673,94,92,2,2
6674,117,95,22,22
6675,108,106,2,2
6676,87,101,-14,14
6677,100,93,7,7
6678,88,81,7,7
6679,86,71,15,15
6680,65,68,-3,3
6681,81,79,2,2
6682,89,86,3,3
6683,114,100,14,14
6684,108,100,8,8
6685,95,83,12,12
6686,100,90,10,10
6687,98,93,5,5
6688,88,83,5,5
6689,95,100,-5,5
6690,92,87,5,5
6691,161,139,22,22
6692,57,56,1,1
6693,89,88,1,1
6694,67,55,12,12
6695,101,99,2,2
6696,102,101,1,1
6697,84,82,2,2
6698,64,60,4,4
6699,127,116,11,11
6700,97,94,3,3
6701,101,97,4,4
6702,65,70,-5,5
6703,89,82,7,7
6704,70,70,0,0
6705,67,73,-6,6
6706,169,148,21,21
6707,59,70,-11,11
6708,163,134,29,29
6709,38,46,-8,8
6710,117,105,12,12
6711,53,57,-4,4
6712,52,57,-5,5
6713,120,111,9,9
6714,80,70,10,10
6715,52,59,-7,7
6716,127,129,-2,2
6717,87,88,-1,1
6718,54,88,-34,34
6719,66,61,5,5
6720,98,89,9,9
6721,112,108,4,4
6722,56,57,-1,1
6723,114,104,10,10
6724,90,84,6,6
6725,87,86,1,1
6726,58,63,-5,5
6727,118,107,11,11
6728,96,95,1,1
6729,102,105,-3,3
6730,84,87,-3,3
6731,111,102,9,9
6732,62,65,-3,3
6733,73,71,2,2
6734,69,72,-3,3
6735,133,115,18,18
6736,87,80,7,7
6737,64,62,2,2
6738,85,85,0,0
6739,103,93,10,10
6740,86,80,6,6
6741,68,70,-2,2
6742,145,135,10,10
6743,74,66,8,8
6744,91,93,-2,2
6745,102,92,10,10
6746,128,117,11,11
6747,104,100,4,4
6748,110,109,1,1
6749,56,54,2,2
6750,83,83,0,0
6751,109,106,3,3
6752,77,72,5,5
6753,164,133,31,31
6754,137,123,14,14
6755,134,116,18,18
6756,172,151,21,21
6757,116,105,11,11
6758,80,78,2,2
6759,50,55,-5,5
6760,168,138,30,30
6761,68,72,-4,4
6762,88,90,-2,2
6763,48,46,2,2
6764,60,59,1,1
6765,135,127,8,8
6766,75,66,9,9
6767,187,160,27,27
6768,78,73,5,5
6769,117,95,22,22
6770,109,109,0,0
6771,79,71,8,8
6772,80,79,1,1
6773,72,73,-1,1
6774,105,100,5,5
6775,130,127,3,3
6776,108,107,1,1
6777,39,49,-10,10
6778,94,95,-1,1
6779,76,82,-6,6
6780,84,83,1,1
6781,110,115,-5,5
6782,79,77,2,2
6783,129,101,28,28
6784,66,68,-2,2
6785,73,77,-4,4
6786,90,81,9,9
6787,69,72,-3,3
6788,76,66,10,10
6789,96,99,-3,3
6790,113,102,11,11
6791,118,109,9,9
6792,78,74,4,4
6793,92,83,9,9
6794,96,86,10,10
6795,111,108,3,3
6796,143,139,4,4
6797,101,94,7,7
6798,99,98,1,1
6799,110,112,-2,2
6800,105,104,1,1
6801,79,80,-1,1
6802,80,88,-8,8
6803,54,54,0,0
6804,86,81,5,5
6805,66,74,-8,8
6806,96,88,8,8
6807,151,137,14,14
6808,78,94,-16,16
6809,82,87,-5,5
6810,93,86,7,7
6811,57,68,-11,11
6812,129,112,17,17
6813,89,83,6,6
6814,83,80,3,3
6815,72,80,-8,8
6816,85,84,1,1
6817,58,60,-2,2
6818,69,71,-2,2
6819,69,80,-11,11
6820,55,53,2,2
6821,114,99,15,15
6822,145,119,26,26
6823,81,86,-5,5
6824,41,56,-15,15
6825,88,98,-10,10
6826,108,106,2,2
6827,104,96,8,8
6828,74,68,6,6
6829,111,101,10,10
6830,74,73,1,1
6831,82,78,4,4
6832,129,114,15,15
6833,75,79,-4,4
6834,137,118,19,19
6835,135,119,16,16
6836,93,80,13,13
6837,73,83,-10,10
6838,125,115,10,10
6839,110,111,-1,1
6840,147,142,5,5
6841,86,88,-2,2
6842,96,89,7,7
6843,104,95,9,9
6844,110,107,3,3
6845,80,80,0,0
6846,66,72,-6,6
6847,168,151,17,17
6848,123,124,-1,1
6849,138,129,9,9
6850,66,68,-2,2
6851,66,63,3,3
6852,143,119,24,24
6853,88,77,11,11
6854,76,83,-7,7
6855,143,136,7,7
6856,108,97,11,11
6857,74,71,3,3
6858,76,72,4,4
6859,59,62,-3,3
6860,87,81,6,6
6861,113,102,11,11
6862,57,59,-2,2
6863,56,68,-12,12
6864,102,92,10,10
6865,74,77,-3,3
6866,89,88,1,1
6867,75,80,-5,5
6868,128,120,8,8
6869,106,104,2,2
6870,92,81,11,11
6871,138,129,9,9
6872,75,70,5,5
6873,103,96,7,7
6874,120,101,19,19
6875,136,115,21,21
6876,72,73,-1,1
6877,128,123,5,5
6878,128,117,11,11
6879,150,133,17,17
6880,86,80,6,6
6881,85,82,3,3
6882,62,61,1,1
6883,76,76,0,0
6884,123,113,10,10
6885,64,68,-4,4
6886,116,108,8,8
6887,62,64,-2,2
6888,81,81,0,0
6889,118,104,14,14
6890,117,108,9,9
6891,123,103,20,20
6892,144,120,24,24
6893,109,100,9,9
6894,79,77,2,2
6895,97,99,-2,2
6896,87,82,5,5
6897,55,56,-1,1
6898,65,68,-3,3
6899,103,98,5,5
6900,90,79,11,11
6901,87,82,5,5
6902,43,48,-5,5
6903,92,88,4,4
6904,147,135,12,12
6905,106,96,10,10
6906,68,76,-8,8
6907,71,66,5,5
6908,97,93,4,4
6909,93,92,1,1
6910,69,83,-14,14
6911,92,94,-2,2
6912,77,81,-4,4
6913,132,121,11,11
6914,87,85,2,2
6915,118,103,15,15
6916,58,61,-3,3
6917,43,40,3,3
6918,80,83,-3,3
6919,118,104,14,14
6920,107,113,-6,6
6921,132,120,12,12
6922,86,87,-1,1
6923,114,101,13,13
6924,85,80,5,5
6925,66,70,-4,4
6926,65,64,1,1
6927,84,85,-1,1
6928,122,110,12,12
6929,74,79,-5,5
6930,154,147,7,7
6931,93,88,5,5
6932,40,69,-29,29
6933,88,80,8,8
6934,84,84,0,0
6935,67,69,-2,2
6936,113,111,2,2
6937,110,106,4,4
6938,217,173,44,44
6939,99,99,0,0
6940,107,103,4,4
6941,120,111,9,9
6942,116,101,15,15
6943,70,80,-10,10
6944,86,81,5,5
6945,89,93,-4,4
6946,75,71,4,4
6947,72,71,1,1
6948,75,75,0,0
6949,55,65,-10,10
6950,196,176,20,20
6951,114,102,12,12
6952,142,89,53,53
6953,76,79,-3,3
6954,71,65,6,6
6955,80,83,-3,3
6956,81,77,4,4
6957,106,95,11,11
6958,126,113,13,13
6959,114,108,6,6
6960,90,87,3,3
6961,134,121,13,13
6962,112,104,8,8
6963,86,84,2,2
6964,109,107,2,2
6965,98,102,-4,4
6966,123,115,8,8
6967,48,47,1,1
6968,89,85,4,4
6969,141,131,10,10
6970,122,110,12,12
6971,65,72,-7,7
6972,163,141,22,22
6973,106,94,12,12
6974,145,135,10,10
6975,65,63,2,2
6976,111,90,21,21
6977,110,106,4,4
6978,40,43,-3,3
6979,77,75,2,2
6980,81,77,4,4
6981,136,121,15,15
6982,124,121,3,3
6983,107,102,5,5
6984,83,81,2,2
6985,137,121,16,16
6986,93,91,2,2
6987,95,90,5,5
6988,82,89,-7,7
6989,91,88,3,3
6990,139,114,25,25
6991,49,49,0,0
6992,36,38,-2,2
6993,76,68,8,8
6994,57,62,-5,5
6995,128,123,5,5
6996,77,90,-13,13
6997,86,85,1,1
6998,144,132,12,12
6999,72,76,-4,4
7000,48,54,-6,6
7001,86,79,7,7
7002,96,85,11,11
7003,67,69,-2,2
7004,65,66,-1,1
7005,132,109,23,23
7006,128,113,15,15
7007,115,104,11,11
7008,109,103,6,6
7009,63,63,0,0
7010,55,62,-7,7
7011,119,96,23,23
7012,70,64,6,6
7013,125,110,15,15
7014,146,125,21,21
7015,84,83,1,1
7016,120,116,4,4
7017,83,85,-2,2
7018,68,64,4,4
7019,106,97,9,9
7020,147,116,31,31
7021,81,80,1,1
7022,87,90,-3,3
7023,86,81,5,5
7024,67,74,-7,7
7025,100,90,10,10
7026,81,82,-1,1
7027,70,78,-8,8
7028,94,85,9,9
7029,123,105,18,18
7030,121,110,11,11
7031,71,75,-4,4
7032,73,70,3,3
7033,79,80,-1,1
7034,98,98,0,0
7035,147,110,37,37
7036,86,82,4,4
7037,83,74,9,9
7038,117,102,15,15
7039,93,93,0,0
7040,44,49,-5,5
7041,68,73,-5,5
7042,74,76,-2,2
7043,76,93,-17,17
7044,96,86,10,10
7045,80,68,12,12
7046,73,80,-7,7
7047,93,82,11,11
7048,48,53,-5,5
7049,85,81,4,4
7050,140,127,13,13
7051,81,80,1,1
7052,57,55,2,2
7053,93,87,6,6
7054,119,112,7,7
7055,129,126,3,3
7056,88,83,5,5
7057,101,93,8,8
7058,91,89,2,2
7059,59,57,2,2
7060,109,109,0,0
7061,89,80,9,9
7062,101,83,18,18
7063,116,100,16,16
7064,86,83,3,3
7065,113,103,10,10
7066,101,90,11,11
7067,110,107,3,3
7068,115,130,-15,15
7069,137,129,8,8
7070,64,74,-10,10
7071,133,113,20,20
7072,80,82,-2,2
7073,61,58,3,3
7074,116,114,2,2
7075,154,136,18,18
7076,69,69,0,0
7077,123,112,11,11
7078,63,66,-3,3
7079,99,110,-11,11
7080,52,51,1,1
7081,86,81,5,5
7082,79,75,4,4
7083,97,99,-2,2
7084,68,71,-3,3
7085,79,83,-4,4
7086,82,72,10,10
7087,66,60,6,6
7088,28,26,2,2
7089,54,66,-12,12
7090,76,73,3,3
7091,74,81,-7,7
7092,97,94,3,3
7093,82,78,4,4
7094,103,97,6,6
7095,61,57,4,4
7096,69,61,8,8
7097,60,67,-7,7
7098,61,85,-24,24
7099,100,101,-1,1
7100,100,98,2,2
7101,129,111,18,18
7102,184,152,32,32
7103,119,114,5,5
7104,91,81,10,10
7105,99,103,-4,4
7106,100,96,4,4
7107,58,65,-7,7
7108,70,70,0,0
7109,76,83,-7,7
7110,77,74,3,3
7111,70,66,4,4
7112,116,105,11,11
7113,149,131,18,18
7114,124,116,8,8
7115,139,106,33,33
7116,142,138,4,4
7117,77,80,-3,3
7118,96,84,12,12
7119,215,170,45,45
7120,70,72,-2,2
7121,118,111,7,7
7122,89,88,1,1
7123,106,93,13,13
7124,117,106,11,11
7125,60,62,-2,2
7126,67,70,-3,3
7127,149,139,10,10
7128,364,379,-15,15
7129,110,100,10,10
7130,106,94,12,12
7131,161,150,11,11
7132,119,122,-3,3
7133,113,130,-17,17
7134,100,97,3,3
7135,51,57,-6,6
7136,121,110,11,11
7137,108,101,7,7
7138,107,99,8,8
7139,62,63,-1,1
7140,84,83,1,1
7141,93,80,13,13
7142,143,129,14,14
7143,136,119,17,17
7144,53,63,-10,10
7145,97,98,-1,1
7146,139,133,6,6
7147,126,123,3,3
7148,46,57,-11,11
7149,172,156,16,16
7150,101,95,6,6
7151,89,87,2,2
7152,118,104,14,14
7153,71,72,-1,1
7154,120,113,7,7
7155,77,77,0,0
7156,145,122,23,23
7157,45,43,2,2
7158,80,76,4,4
7159,58,65,-7,7
7160,117,102,15,15
7161,91,87,4,4
7162,192,164,28,28
7163,68,64,4,4
7164,71,63,8,8
7165,82,79,3,3
7166,84,81,3,3
7167,70,77,-7,7
7168,47,58,-11,11
7169,95,85,10,10
7170,59,63,-4,4
7171,154,132,22,22
7172,131,117,14,14
7173,98,97,1,1
7174,38,45,-7,7
7175,86,88,-2,2
7176,55,57,-2,2
7177,40,41,-1,1
7178,119,107,12,12
7179,247,201,46,46
7180,96,97,-1,1
7181,69,73,-4,4
7182,87,91,-4,4
7183,93,95,-2,2
7184,84,80,4,4
7185,127,123,4,4
7186,106,97,9,9
7187,62,63,-1,1
7188,84,85,-1,1
7189,48,55,-7,7
7190,116,116,0,0
7191,83,79,4,4
7192,123,116,7,7
7193,97,85,12,12
7194,119,100,19,19
7195,113,109,4,4
7196,70,74,-4,4
7197,123,118,5,5
7198,86,80,6,6
7199,49,54,-5,5
7200,113,104,9,9
7201,100,95,5,5
7202,131,121,10,10
7203,93,90,3,3
7204,92,83,9,9
7205,73,72,1,1
7206,61,62,-1,1
7207,72,65,7,7
7208,91,85,6,6
7209,86,83,3,3
7210,82,79,3,3
7211,179,159,20,20
7212,121,101,20,20
7213,58,60,-2,2
7214,83,72,11,11
7215,100,81,19,19
7216,84,80,4,4
7217,76,72,4,4
7218,83,72,11,11
7219,81,78,3,3
7220,119,111,8,8
7221,160,136,24,24
7222,97,96,1,1
7223,143,143,0,0
7224,49,45,4,4
7225,188,156,32,32
7226,79,78,1,1
7227,62,63,-1,1
7228,71,66,5,5
7229,114,117,-3,3
7230,167,154,13,13
7231,100,85,15,15
7232,90,82,8,8
7233,106,104,2,2
7234,129,123,6,6
7235,81,75,6,6
7236,52,53,-1,1
7237,86,81,5,5
7238,92,101,-9,9
7239,59,65,-6,6
7240,98,101,-3,3
7241,94,88,6,6
7242,173,153,20,20
7243,82,87,-5,5
7244,121,108,13,13
7245,84,77,7,7
7246,44,43,1,1
7247,88,91,-3,3
7248,91,82,9,9
7249,97,88,9,9
7250,46,45,1,1
7251,114,102,12,12
7252,108,96,12,12
7253,66,65,1,1
7254,71,70,1,1
7255,76,75,1,1
7256,159,142,17,17
7257,39,33,6,6
7258,47,54,-7,7
7259,142,117,25,25
7260,124,122,2,2
7261,109,102,7,7
7262,110,107,3,3
7263,59,56,3,3
7264,107,94,13,13
7265,59,59,0,0
7266,93,89,4,4
7267,96,96,0,0
7268,40,53,-13,13
7269,124,115,9,9
7270,90,76,14,14
7271,52,55,-3,3
7272,95,84,11,11
7273,81,80,1,1
7274,171,142,29,29
7275,78,66,12,12
7276,97,81,16,16
7277,82,86,-4,4
7278,93,85,8,8
7279,106,104,2,2
7280,129,113,16,16
7281,110,112,-2,2
7282,28,55,-27,27
7283,152,142,10,10
7284,113,94,19,19
7285,62,61,1,1
7286,51,54,-3,3
7287,167,156,11,11
7288,60,55,5,5
7289,176,152,24,24
7290,139,126,13,13
7291,193,169,24,24
7292,78,80,-2,2
7293,76,71,5,5
7294,80,73,7,7
7295,86,99,-13,13
7296,102,89,13,13
7297,51,51,0,0
7298,32,34,-2,2
7299,133,104,29,29
7300,160,136,24,24
7301,75,73,2,2
7302,84,78,6,6
7303,85,84,1,1
7304,89,89,0,0
7305,69,66,3,3
7306,113,108,5,5
7307,69,66,3,3
7308,76,81,-5,5
7309,56,76,-20,20
7310,86,75,11,11
7311,92,94,-2,2
7312,54,58,-4,4
7313,100,90,10,10
7314,37,58,-21,21
7315,140,125,15,15
7316,57,71,-14,14
7317,83,86,-3,3
7318,75,66,9,9
7319,59,61,-2,2
7320,99,111,-12,12
7321,108,97,11,11
7322,93,93,0,0
7323,78,81,-3,3
7324,166,151,15,15
7325,81,81,0,0
7326,80,79,1,1
7327,166,133,33,33
7328,56,59,-3,3
7329,108,106,2,2
7330,88,83,5,5
7331,124,125,-1,1
7332,71,73,-2,2
7333,111,94,17,17
7334,77,85,-8,8
7335,84,80,4,4
7336,85,82,3,3
7337,103,90,13,13
7338,67,75,-8,8
7339,128,111,17,17
7340,54,48,6,6
7341,98,92,6,6
7342,115,123,-8,8
7343,80,75,5,5
7344,66,64,2,2
7345,84,78,6,6
7346,179,156,23,23
7347,70,73,-3,3
7348,93,92,1,1
7349,139,142,-3,3
7350,136,116,20,20
7351,173,155,18,18
7352,112,99,13,13
7353,76,81,-5,5
7354,112,109,3,3
7355,118,119,-1,1
7356,109,96,13,13
7357,101,103,-2,2
7358,105,90,15,15
7359,67,64,3,3
7360,131,115,16,16
7361,41,52,-11,11
7362,49,49,0,0
7363,113,105,8,8
7364,137,128,9,9
7365,96,96,0,0
7366,68,68,0,0
7367,110,111,-1,1
7368,70,72,-2,2
7369,155,148,7,7
7370,58,57,1,1
7371,140,140,0,0
7372,119,116,3,3
7373,67,69,-2,2
7374,79,81,-2,2
7375,68,68,0,0
7376,62,61,1,1
7377,48,51,-3,3
7378,104,101,3,3
7379,67,75,-8,8
7380,63,67,-4,4
7381,70,69,1,1
7382,83,84,-1,1
7383,66,65,1,1
7384,67,77,-10,10
7385,54,53,1,1
7386,144,135,9,9
7387,68,71,-3,3
7388,76,80,-4,4
7389,62,59,3,3
7390,147,122,25,25
7391,80,96,-16,16
7392,53,57,-4,4
7393,73,69,4,4
7394,74,71,3,3
7395,63,70,-7,7
7396,111,107,4,4
7397,199,162,37,37
7398,90,88,2,2
7399,65,66,-1,1
7400,68,63,5,5
7401,81,80,1,1
7402,95,88,7,7
7403,83,82,1,1
7404,99,83,16,16
7405,64,71,-7,7
7406,70,72,-2,2
7407,62,58,4,4
7408,60,66,-6,6
7409,84,86,-2,2
7410,63,65,-2,2
7411,91,90,1,1
7412,53,70,-17,17
7413,114,100,14,14
7414,102,95,7,7
7415,80,64,16,16
7416,85,89,-4,4
7417,112,109,3,3
7418,86,83,3,3
7419,61,66,-5,5
7420,118,103,15,15
7421,108,87,21,21
7422,179,145,34,34
7423,87,85,2,2
7424,185,151,34,34
7425,91,85,6,6
7426,73,78,-5,5
7427,63,55,8,8
7428,159,131,28,28
7429,146,135,11,11
7430,75,81,-6,6
7431,73,72,1,1
7432,107,92,15,15
7433,93,88,5,5
7434,89,93,-4,4
7435,82,95,-13,13
7436,79,74,5,5
7437,50,54,-4,4
7438,69,71,-2,2
7439,89,91,-2,2
7440,145,141,4,4
7441,84,88,-4,4
7442,115,113,2,2
7443,103,111,-8,8
7444,90,94,-4,4
7445,57,54,3,3
7446,118,96,22,22
7447,99,96,3,3
7448,124,108,16,16
7449,102,106,-4,4
7450,97,89,8,8
7451,64,65,-1,1
7452,78,72,6,6
7453,121,113,8,8
7454,163,140,23,23
7455,63,59,4,4
7456,53,61,-8,8
7457,71,72,-1,1
7458,79,80,-1,1
7459,102,99,3,3
7460,130,115,15,15
7461,114,107,7,7
7462,118,119,-1,1
7463,93,91,2,2
7464,78,71,7,7
7465,87,86,1,1
7466,107,96,11,11
7467,105,98,7,7
7468,135,117,18,18
7469,64,62,2,2
7470,80,76,4,4
7471,79,86,-7,7
7472,156,144,12,12
7473,123,118,5,5
7474,81,87,-6,6
7475,91,89,2,2
7476,184,152,32,32
7477,62,70,-8,8
7478,76,82,-6,6
7479,112,103,9,9
7480,60,65,-5,5
7481,103,92,11,11
7482,83,81,2,2
7483,69,69,0,0
7484,206,177,29,29
7485,78,80,-2,2
7486,82,73,9,9
7487,81,82,-1,1
7488,39,42,-3,3
7489,109,102,7,7
7490,32,54,-22,22
7491,65,71,-6,6
7492,88,83,5,5
7493,94,94,0,0
7494,87,91,-4,4
7495,74,70,4,4
7496,88,81,7,7
7497,103,105,-2,2
7498,72,63,9,9
7499,83,82,1,1
7500,197,180,17,17
7501,41,44,-3,3
7502,76,73,3,3
7503,129,104,25,25
7504,40,61,-21,21
7505,136,126,10,10
7506,62,60,2,2
7507,66,67,-1,1
7508,106,110,-4,4
7509,62,58,4,4
7510,109,97,12,12
7511,136,118,18,18
7512,100,92,8,8
7513,160,142,18,18
7514,105,100,5,5
7515,122,106,16,16
7516,98,95,3,3
7517,78,72,6,6
7518,75,78,-3,3
7519,67,70,-3,3
7520,56,59,-3,3
7521,60,60,0,0
7522,38,41,-3,3
7523,53,59,-6,6
7524,57,71,-14,14
7525,113,100,13,13
7526,83,76,7,7
7527,81,71,10,10
7528,136,130,6,6
7529,78,71,7,7
7530,89,85,4,4
7531,86,83,3,3
7532,68,71,-3,3
7533,156,141,15,15
7534,85,82,3,3
7535,126,114,12,12
7536,57,69,-12,12
7537,114,108,6,6
7538,113,96,17,17
7539,75,82,-7,7
7540,130,113,17,17
7541,79,66,13,13
7542,112,103,9,9
7543,120,113,7,7
7544,76,78,-2,2
7545,86,79,7,7
7546,60,60,0,0
7547,52,58,-6,6
7548,80,70,10,10
7549,136,119,17,17
7550,71,71,0,0
7551,152,142,10,10
7552,59,65,-6,6
7553,88,78,10,10
7554,71,69,2,2
7555,71,65,6,6
7556,88,89,-1,1
7557,44,53,-9,9
7558,95,96,-1,1
7559,99,90,9,9
7560,74,81,-7,7
7561,148,127,21,21
7562,74,69,5,5
7563,103,84,19,19
7564,70,65,5,5
7565,128,108,20,20
7566,70,77,-7,7
7567,69,75,-6,6
7568,95,79,16,16
7569,125,117,8,8
7570,87,90,-3,3
7571,130,120,10,10
7572,105,112,-7,7
7573,96,86,10,10
7574,90,87,3,3
7575,52,51,1,1
7576,77,88,-11,11
7577,143,129,14,14
7578,97,101,-4,4
7579,81,81,0,0
7580,55,53,2,2
7581,122,125,-3,3
7582,59,65,-6,6
7583,106,99,7,7
7584,146,124,22,22
7585,62,61,1,1
7586,122,113,9,9
7587,166,141,25,25
7588,76,70,6,6
7589,82,84,-2,2
7590,114,103,11,11
7591,113,112,1,1
7592,94,88,6,6
7593,113,108,5,5
7594,79,80,-1,1
7595,106,101,5,5
7596,123,114,9,9
7597,118,105,13,13
7598,80,75,5,5
7599,94,89,5,5
7600,89,81,8,8
7601,64,59,5,5
7602,113,108,5,5
7603,137,120,17,17
7604,53,99,-46,46
7605,133,123,10,10
7606,65,90,-25,25
7607,78,81,-3,3
7608,40,40,0,0
7609,60,62,-2,2
7610,52,56,-4,4
7611,136,120,16,16
7612,155,141,14,14
7613,94,95,-1,1
7614,75,76,-1,1
7615,36,42,-6,6
7616,132,113,19,19
7617,117,105,12,12
7618,136,134,2,2
7619,141,120,21,21
7620,65,69,-4,4
7621,96,82,14,14
7622,68,70,-2,2
7623,144,116,28,28
7624,148,134,14,14
7625,117,111,6,6
7626,60,71,-11,11
7627,98,93,5,5
7628,114,105,9,9
7629,139,115,24,24
7630,109,94,15,15
7631,69,75,-6,6
7632,105,95,10,10
7633,116,101,15,15
7634,72,70,2,2
7635,74,85,-11,11
7636,102,101,1,1
7637,62,51,11,11
7638,36,34,2,2
7639,94,87,7,7
7640,78,80,-2,2
7641,150,127,23,23
7642,81,79,2,2
7643,154,139,15,15
7644,115,111,4,4
7645,44,58,-14,14
7646,88,86,2,2
7647,80,75,5,5
7648,75,70,5,5
7649,58,57,1,1
7650,124,113,11,11
7651,90,84,6,6
7652,117,101,16,16
7653,93,83,10,10
7654,133,119,14,14
7655,71,63,8,8
7656,82,81,1,1
7657,66,68,-2,2
7658,69,70,-1,1
7659,112,100,12,12
7660,114,99,15,15
7661,81,68,13,13
7662,110,106,4,4
7663,76,71,5,5
7664,97,94,3,3
7665,83,81,2,2
7666,73,73,0,0
7667,109,100,9,9
7668,67,69,-2,2
7669,101,102,-1,1
7670,74,70,4,4
7671,122,110,12,12
7672,51,59,-8,8
7673,80,88,-8,8
7674,118,110,8,8
7675,87,79,8,8
7676,84,77,7,7
7677,135,113,22,22
7678,51,94,-43,43
7679,121,98,23,23
7680,60,60,0,0
7681,150,135,15,15
7682,41,46,-5,5
7683,55,56,-1,1
7684,149,123,26,26
7685,136,124,12,12
7686,121,98,23,23
7687,121,109,12,12
7688,50,62,-12,12
7689,61,58,3,3
7690,129,113,16,16
7691,83,90,-7,7
7692,83,92,-9,9
7693,77,72,5,5
7694,110,98,12,12
7695,110,94,16,16
7696,108,110,-2,2
7697,95,97,-2,2
7698,91,83,8,8
7699,99,88,11,11
7700,105,101,4,4
7701,104,122,-18,18
7702,82,80,2,2
7703,68,69,-1,1
7704,77,76,1,1
7705,103,95,8,8
7706,87,85,2,2
7707,55,53,2,2
7708,94,86,8,8
7709,67,68,-1,1
7710,75,88,-13,13
7711,137,127,10,10
7712,69,70,-1,1
7713,67,68,-1,1
7714,77,88,-11,11
7715,68,70,-2,2
7716,117,107,10,10
7717,109,108,1,1
7718,164,136,28,28
7719,102,107,-5,5
7720,77,83,-6,6
7721,71,91,-20,20
7722,71,76,-5,5
7723,146,118,28,28
7724,40,40,0,0
7725,121,106,15,15
7726,86,75,11,11
7727,99,94,5,5
7728,68,74,-6,6
7729,89,73,16,16
7730,71,74,-3,3
7731,72,72,0,0
7732,49,51,-2,2
7733,155,111,44,44
7734,145,134,11,11
7735,102,102,0,0
7736,131,119,12,12
7737,101,82,19,19
7738,61,68,-7,7
7739,108,107,1,1
7740,62,69,-7,7
7741,93,85,8,8
7742,84,82,2,2
7743,56,92,-36,36
7744,143,124,19,19
7745,145,126,19,19
7746,103,93,10,10
7747,88,84,4,4
7748,96,89,7,7
7749,63,67,-4,4
7750,88,91,-3,3
7751,50,60,-10,10
7752,106,104,2,2
7753,89,73,16,16
7754,101,102,-1,1
7755,134,116,18,18
7756,91,85,6,6
7757,134,132,2,2
7758,79,83,-4,4
7759,161,138,23,23
7760,127,117,10,10
7761,88,89,-1,1
7762,61,69,-8,8
7763,60,73,-13,13
7764,102,87,15,15
7765,140,129,11,11
7766,69,71,-2,2
7767,101,104,-3,3
7768,175,155,20,20
7769,129,132,-3,3
7770,115,109,6,6
7771,88,95,-7,7
7772,79,77,2,2
7773,102,102,0,0
7774,43,45,-2,2
7775,97,92,5,5
7776,132,128,4,4
7777,58,58,0,0
7778,89,92,-3,3
7779,90,92,-2,2
7780,98,99,-1,1
7781,102,97,5,5
7782,88,88,0,0
7783,106,96,10,10
7784,99,91,8,8
7785,151,134,17,17
7786,111,98,13,13
7787,65,64,1,1
7788,71,70,1,1
7789,79,94,-15,15
7790,65,65,0,0
7791,136,118,18,18
7792,151,142,9,9
7793,108,101,7,7
7794,121,102,19,19
7795,54,61,-7,7
7796,96,98,-2,2
7797,98,86,12,12
7798,62,68,-6,6
7799,78,79,-1,1
7800,97,92,5,5
7801,80,75,5,5
7802,65,69,-4,4
7803,74,72,2,2
7804,118,113,5,5
7805,109,96,13,13
7806,99,96,3,3
7807,78,85,-7,7
7808,59,69,-10,10
7809,84,95,-11,11
7810,108,106,2,2
7811,89,90,-1,1
7812,119,100,19,19
7813,182,150,32,32
7814,133,107,26,26
7815,90,93,-3,3
7816,144,143,1,1
7817,109,101,8,8
7818,154,128,26,26
7819,54,50,4,4
7820,59,63,-4,4
7821,120,112,8,8
7822,113,111,2,2
7823,90,81,9,9
7824,119,101,18,18
7825,72,73,-1,1
7826,173,149,24,24
7827,252,208,44,44
7828,123,124,-1,1
7829,178,155,23,23
7830,207,158,49,49
7831,86,88,-2,2
7832,61,55,6,6
7833,82,87,-5,5
7834,77,75,2,2
7835,90,84,6,6
7836,85,100,-15,15
7837,133,134,-1,1
7838,67,71,-4,4
7839,71,76,-5,5
7840,118,118,0,0
7841,168,150,18,18
7842,101,96,5,5
7843,126,109,17,17
7844,127,117,10,10
7845,197,168,29,29
7846,67,67,0,0
7847,59,57,2,2
7848,139,123,16,16
7849,84,82,2,2
7850,75,77,-2,2
7851,124,115,9,9
7852,61,62,-1,1
7853,78,75,3,3
7854,102,88,14,14
7855,50,47,3,3
7856,72,80,-8,8
7857,98,103,-5,5
7858,109,98,11,11
7859,97,87,10,10
7860,79,75,4,4
7861,73,75,-2,2
7862,114,103,11,11
7863,118,105,13,13
7864,101,96,5,5
7865,103,98,5,5
7866,49,54,-5,5
7867,49,59,-10,10
7868,37,48,-11,11
7869,121,110,11,11
7870,69,70,-1,1
7871,126,118,8,8
7872,91,85,6,6
7873,119,106,13,13
7874,105,98,7,7
7875,129,117,12,12
7876,83,78,5,5
7877,99,92,7,7
7878,106,105,1,1
7879,67,63,4,4
7880,132,122,10,10
7881,110,90,20,20
7882,72,68,4,4
7883,126,115,11,11
7884,129,132,-3,3
7885,74,74,0,0
7886,131,118,13,13
7887,97,94,3,3
7888,118,117,1,1
7889,124,115,9,9
7890,66,69,-3,3
7891,99,101,-2,2
7892,93,88,5,5
7893,169,151,18,18
7894,109,110,-1,1
7895,194,166,28,28
7896,131,114,17,17
7897,67,69,-2,2
7898,102,97,5,5
7899,126,114,12,12
7900,166,156,10,10
7901,52,60,-8,8
7902,129,131,-2,2
7903,175,152,23,23
7904,77,69,8,8
7905,52,47,5,5
7906,73,68,5,5
7907,97,97,0,0
7908,49,52,-3,3
7909,112,105,7,7
7910,108,106,2,2
7911,91,82,9,9
7912,84,101,-17,17
7913,35,49,-14,14
7914,182,167,15,15
7915,61,64,-3,3
7916,61,56,5,5
7917,79,79,0,0
7918,55,59,-4,4
7919,64,65,-1,1
7920,142,121,21,21
7921,66,68,-2,2
7922,74,80,-6,6
7923,150,129,21,21
7924,99,92,7,7
7925,106,107,-1,1
7926,72,79,-7,7
7927,121,111,10,10
7928,114,106,8,8
7929,75,72,3,3
7930,65,71,-6,6
7931,116,112,4,4
7932,99,90,9,9
7933,199,176,23,23
7934,60,59,1,1
7935,67,65,2,2
7936,81,80,1,1
7937,178,123,55,55
7938,70,77,-7,7
7939,131,113,18,18
7940,149,128,21,21
7941,70,71,-1,1
7942,97,100,-3,3
7943,104,87,17,17
7944,73,71,2,2
7945,74,80,-6,6
7946,87,94,-7,7
7947,112,104,8,8
7948,126,111,15,15
7949,86,97,-11,11
7950,134,122,12,12
7951,117,92,25,25
7952,61,63,-2,2
7953,71,77,-6,6
7954,80,89,-9,9
7955,63,63,0,0
7956,70,65,5,5
7957,63,76,-13,13
7958,46,52,-6,6
7959,59,63,-4,4
7960,89,88,1,1
7961,134,121,13,13
7962,113,105,8,8
7963,73,83,-10,10
7964,122,106,16,16
7965,59,64,-5,5
7966,142,134,8,8
7967,175,155,20,20
7968,61,58,3,3
7969,142,138,4,4
7970,68,59,9,9
7971,51,56,-5,5
7972,94,97,-3,3
7973,104,93,11,11
7974,85,87,-2,2
7975,155,144,11,11
7976,157,152,5,5
7977,115,105,10,10
7978,94,94,0,0
7979,86,91,-5,5
7980,115,107,8,8
7981,85,83,2,2
7982,106,96,10,10
7983,64,63,1,1
7984,38,77,-39,39
7985,51,54,-3,3
7986,106,102,4,4
7987,101,102,-1,1
7988,46,53,-7,7
7989,85,76,9,9
7990,104,96,8,8
7991,95,94,1,1
7992,130,117,13,13
7993,151,131,20,20
7994,57,57,0,0
7995,93,91,2,2
7996,69,65,4,4
7997,39,37,2,2
7998,76,82,-6,6
7999,84,76,8,8
8000,41,43,-2,2
8001,45,51,-6,6
8002,68,70,-2,2
8003,82,82,0,0
8004,68,71,-3,3
8005,73,70,3,3
8006,49,68,-19,19
8007,93,84,9,9
8008,75,71,4,4
8009,85,78,7,7
8010,103,97,6,6
8011,129,115,14,14
8012,116,107,9,9
8013,77,79,-2,2
8014,83,81,2,2
8015,104,92,12,12
8016,124,106,18,18
8017,89,86,3,3
8018,88,96,-8,8
8019,49,62,-13,13
8020,104,101,3,3
8021,107,100,7,7
8022,125,117,8,8
8023,57,62,-5,5
8024,104,93,11,11
8025,51,69,-18,18
8026,86,80,6,6
8027,96,95,1,1
8028,190,168,22,22
8029,84,84,0,0
8030,105,100,5,5
8031,94,91,3,3
8032,74,70,4,4
8033,100,92,8,8
8034,126,112,14,14
8035,73,71,2,2
8036,83,82,1,1
8037,141,121,20,20
8038,124,116,8,8
8039,79,82,-3,3
8040,135,121,14,14
8041,81,70,11,11
8042,137,128,9,9
8043,75,75,0,0
8044,54,70,-16,16
8045,102,97,5,5
8046,157,126,31,31
8047,93,92,1,1
8048,155,129,26,26
8049,71,69,2,2
8050,109,99,10,10
8051,60,66,-6,6
8052,57,70,-13,13
8053,113,107,6,6
8054,130,123,7,7
8055,71,83,-12,12
8056,92,88,4,4
8057,148,115,33,33
8058,117,101,16,16
8059,68,70,-2,2
8060,161,137,24,24
8061,85,80,5,5
8062,65,60,5,5
8063,43,44,-1,1
8064,102,95,7,7
8065,69,63,6,6
8066,185,166,19,19
8067,133,120,13,13
8068,104,99,5,5
8069,105,101,4,4
8070,120,107,13,13
8071,85,80,5,5
8072,73,61,12,12
8073,158,150,8,8
8074,76,75,1,1
8075,87,73,14,14
8076,148,115,33,33
8077,85,84,1,1
8078,98,85,13,13
8079,66,72,-6,6
8080,100,96,4,4
8081,110,105,5,5
8082,86,86,0,0
8083,119,117,2,2
8084,75,71,4,4
8085,110,116,-6,6
8086,69,72,-3,3
8087,127,103,24,24
8088,98,88,10,10
8089,116,116,0,0
8090,65,69,-4,4
8091,94,91,3,3
8092,58,59,-1,1
8093,68,84,-16,16
8094,118,105,13,13
8095,27,26,1,1
8096,74,67,7,7
8097,81,82,-1,1
8098,98,86,12,12
8099,56,57,-1,1
8100,101,95,6,6
8101,128,111,17,17
8102,104,105,-1,1
8103,69,69,0,0
8104,130,105,25,25
8105,121,115,6,6
8106,42,84,-42,42
8107,89,92,-3,3
8108,71,64,7,7
8109,129,112,17,17
8110,59,69,-10,10
8111,101,99,2,2
8112,102,97,5,5
8113,109,106,3,3
8114,94,83,11,11
8115,108,105,3,3
8116,102,93,9,9
8117,89,88,1,1
8118,121,116,5,5
8119,122,123,-1,1
8120,67,75,-8,8
8121,51,61,-10,10
8122,89,86,3,3
8123,88,91,-3,3
8124,131,106,25,25
8125,103,96,7,7
8126,151,156,-5,5
8127,134,133,1,1
8128,108,102,6,6
8129,92,85,7,7
8130,65,59,6,6
8131,81,81,0,0
8132,68,79,-11,11
8133,91,88,3,3
8134,114,103,11,11
8135,48,61,-13,13
8136,102,102,0,0
8137,149,138,11,11
8138,108,103,5,5
8139,60,62,-2,2
8140,103,101,2,2
8141,65,71,-6,6
8142,119,114,5,5
8143,104,106,-2,2
8144,64,60,4,4
8145,48,53,-5,5
8146,55,52,3,3
8147,75,76,-1,1
8148,44,55,-11,11
8149,73,78,-5,5
8150,54,56,-2,2
8151,54,60,-6,6
8152,52,56,-4,4
8153,95,83,12,12
8154,66,71,-5,5
8155,85,93,-8,8
8156,75,68,7,7
8157,95,101,-6,6
8158,95,84,11,11
8159,36,39,-3,3
8160,79,81,-2,2
8161,123,112,11,11
8162,81,71,10,10
8163,176,146,30,30
8164,60,52,8,8
8165,61,72,-11,11
8166,140,115,25,25
8167,127,113,14,14
8168,96,89,7,7
8169,99,89,10,10
8170,108,95,13,13
8171,58,62,-4,4
8172,51,63,-12,12
8173,95,84,11,11
8174,58,71,-13,13
8175,76,69,7,7
8176,116,104,12,12
8177,108,96,12,12
8178,168,141,27,27
8179,27,36,-9,9
8180,145,121,24,24
8181,53,58,-5,5
8182,67,67,0,0
8183,92,86,6,6
8184,78,73,5,5
8185,113,109,4,4
8186,141,128,13,13
8187,136,118,18,18
8188,103,103,0,0
8189,86,83,3,3
8190,195,182,13,13
8191,75,72,3,3
8192,63,69,-6,6
8193,66,69,-3,3
8194,127,120,7,7
8195,122,105,17,17
8196,54,96,-42,42
8197,101,98,3,3
8198,93,75,18,18
8199,64,68,-4,4
8200,108,103,5,5
8201,111,100,11,11
8202,77,66,11,11
8203,154,138,16,16
8204,94,84,10,10
8205,84,84,0,0
8206,76,86,-10,10
8207,87,79,8,8
8208,126,107,19,19
8209,82,79,3,3
8210,82,82,0,0
8211,80,77,3,3
8212,126,115,11,11
8213,64,65,-1,1
8214,142,114,28,28
8215,143,130,13,13
8216,127,127,0,0
8217,76,80,-4,4
8218,57,73,-16,16
8219,109,92,17,17
8220,141,124,17,17
8221,129,113,16,16
8222,114,100,14,14
8223,83,80,3,3
8224,149,134,15,15
8225,47,58,-11,11
8226,88,84,4,4
8227,88,84,4,4
8228,105,102,3,3
8229,93,96,-3,3
8230,109,90,19,19
8231,87,81,6,6
8232,43,42,1,1
8233,81,80,1,1
8234,101,80,21,21
8235,80,66,14,14
8236,112,105,7,7
8237,92,94,-2,2
8238,102,95,7,7
8239,71,69,2,2
8240,166,143,23,23
8241,98,93,5,5
8242,129,113,16,16
8243,79,82,-3,3
8244,109,97,12,12
8245,145,131,14,14
8246,166,142,24,24
8247,76,80,-4,4
8248,46,50,-4,4
8249,113,100,13,13
8250,75,81,-6,6
8251,86,75,11,11
8252,76,78,-2,2
8253,88,90,-2,2
8254,67,76,-9,9
8255,100,91,9,9
8256,71,80,-9,9
8257,59,63,-4,4
8258,181,157,24,24
8259,56,59,-3,3
8260,114,90,24,24
8261,92,91,1,1
8262,100,99,1,1
8263,75,90,-15,15
8264,188,160,28,28
8265,51,53,-2,2
8266,84,90,-6,6
8267,171,167,4,4
8268,66,62,4,4
8269,92,84,8,8
8270,122,116,6,6
8271,40,55,-15,15
8272,87,85,2,2
8273,122,112,10,10
8274,98,85,13,13
8275,96,89,7,7
8276,120,107,13,13
8277,82,83,-1,1
8278,88,80,8,8
8279,60,63,-3,3
8280,83,80,3,3
8281,81,68,13,13
8282,151,141,10,10
8283,187,164,23,23
8284,98,101,-3,3
8285,95,85,10,10
8286,77,80,-3,3
8287,144,129,15,15
8288,81,81,0,0
8289,91,89,2,2
8290,149,133,16,16
8291,99,106,-7,7
8292,96,83,13,13
8293,129,123,6,6
8294,63,63,0,0
8295,86,83,3,3
8296,64,71,-7,7
8297,74,62,12,12
8298,93,86,7,7
8299,85,78,7,7
8300,248,202,46,46
8301,91,90,1,1
8302,58,59,-1,1
8303,93,84,9,9
8304,93,92,1,1
8305,55,57,-2,2
8306,102,100,2,2
8307,107,96,11,11
8308,79,80,-1,1
8309,84,78,6,6
8310,95,89,6,6
8311,110,100,10,10
8312,80,78,2,2
8313,44,39,5,5
8314,96,91,5,5
8315,59,69,-10,10
8316,109,103,6,6
8317,198,175,23,23
8318,81,88,-7,7
8319,119,109,10,10
8320,106,104,2,2
8321,114,97,17,17
8322,51,59,-8,8
8323,110,100,10,10
8324,112,108,4,4
8325,99,98,1,1
8326,80,74,6,6
8327,59,68,-9,9
8328,110,110,0,0
8329,125,106,19,19
8330,137,116,21,21
8331,73,73,0,0
8332,190,167,23,23
8333,137,132,5,5
8334,46,48,-2,2
8335,124,116,8,8
8336,87,81,6,6
8337,114,101,13,13
8338,83,81,2,2
8339,85,83,2,2
8340,142,141,1,1
8341,108,96,12,12
8342,129,121,8,8
8343,107,95,12,12
8344,109,104,5,5
8345,144,127,17,17
8346,76,74,2,2
8347,38,57,-19,19
8348,157,143,14,14
8349,55,58,-3,3
8350,99,99,0,0
8351,153,132,21,21
8352,74,71,3,3
8353,74,75,-1,1
8354,78,75,3,3
8355,74,81,-7,7
8356,94,87,7,7
8357,112,96,16,16
8358,141,132,9,9
8359,82,73,9,9
8360,160,146,14,14
8361,103,99,4,4
8362,110,100,10,10
8363,42,49,-7,7
8364,69,70,-1,1
8365,59,53,6,6
8366,98,91,7,7
8367,75,70,5,5
8368,58,58,0,0
8369,74,68,6,6
8370,108,104,4,4
8371,66,75,-9,9
8372,105,99,6,6
8373,46,61,-15,15
8374,55,53,2,2
8375,71,66,5,5
8376,115,105,10,10
8377,88,80,8,8
8378,47,46,1,1
8379,174,145,29,29
8380,94,84,10,10
8381,74,74,0,0
8382,84,82,2,2
8383,85,76,9,9
8384,65,58,7,7
8385,39,38,1,1
8386,118,104,14,14
8387,101,91,10,10
8388,78,83,-5,5
8389,97,104,-7,7
8390,104,94,10,10
8391,98,89,9,9
8392,81,91,-10,10
8393,112,102,10,10
8394,98,93,5,5
8395,96,101,-5,5
8396,53,48,5,5
8397,67,82,-15,15
8398,70,71,-1,1
8399,114,98,16,16
8400,104,102,2,2
8401,65,69,-4,4
8402,80,75,5,5
8403,96,82,14,14
8404,70,66,4,4
8405,105,99,6,6
8406,100,85,15,15
8407,160,132,28,28
8408,91,97,-6,6
8409,100,97,3,3
8410,119,96,23,23
8411,65,69,-4,4
8412,99,99,0,0
8413,172,127,45,45
8414,83,75,8,8
8415,85,76,9,9
8416,69,67,2,2
8417,59,63,-4,4
8418,93,92,1,1
8419,81,80,1,1
8420,75,76,-1,1
8421,62,60,2,2
8422,115,103,12,12
8423,107,127,-20,20
8424,105,100,5,5
8425,51,58,-7,7
8426,76,80,-4,4
8427,88,91,-3,3
8428,145,131,14,14
8429,114,110,4,4
8430,38,40,-2,2
8431,133,115,18,18
8432,74,73,1,1
8433,119,108,11,11
8434,96,90,6,6
8435,143,117,26,26
8436,60,60,0,0
8437,130,107,23,23
8438,120,100,20,20
8439,122,127,-5,5
8440,113,102,11,11
8441,68,74,-6,6
8442,98,89,9,9
8443,143,117,26,26
8444,77,71,6,6
8445,92,91,1,1
8446,61,61,0,0
8447,74,78,-4,4
8448,94,80,14,14
8449,102,96,6,6
8450,118,107,11,11
8451,119,109,10,10
8452,193,163,30,30
8453,95,96,-1,1
8454,89,87,2,2
8455,129,116,13,13
8456,124,105,19,19
8457,84,77,7,7
8458,76,80,-4,4
8459,55,56,-1,1
8460,143,125,18,18
8461,134,110,24,24
8462,88,88,0,0
8463,132,123,9,9
8464,114,94,20,20
8465,71,70,1,1
8466,79,72,7,7
8467,101,94,7,7
8468,134,125,9,9
8469,61,27,34,34
8470,81,73,8,8
8471,107,103,4,4
8472,86,80,6,6
8473,83,82,1,1
8474,94,92,2,2
8475,102,99,3,3
8476,110,114,-4,4
8477,137,129,8,8
8478,56,67,-11,11
8479,134,115,19,19
8480,80,83,-3,3
8481,46,51,-5,5
8482,111,105,6,6
8483,112,101,11,11
8484,121,111,10,10
8485,113,103,10,10
8486,91,92,-1,1
8487,47,55,-8,8
8488,65,63,2,2
8489,56,71,-15,15
8490,83,86,-3,3
8491,85,91,-6,6
8492,102,93,9,9
8493,80,80,0,0
8494,110,100,10,10
8495,141,133,8,8
8496,90,91,-1,1
8497,73,69,4,4
8498,60,60,0,0
8499,178,132,46,46
8500,124,125,-1,1
8501,108,98,10,10
8502,100,96,4,4
8503,78,80,-2,2
8504,115,110,5,5
8505,127,124,3,3
8506,47,46,1,1
8507,58,59,-1,1
8508,151,126,25,25
8509,104,89,15,15
8510,56,65,-9,9
8511,79,84,-5,5
8512,67,70,-3,3
8513,109,104,5,5
8514,83,74,9,9
8515,101,78,23,23
8516,78,81,-3,3
8517,101,122,-21,21
8518,64,71,-7,7
8519,69,70,-1,1
8520,81,79,2,2
8521,185,166,19,19
8522,89,80,9,9
8523,137,113,24,24
8524,98,88,10,10
8525,185,157,28,28
8526,62,70,-8,8
8527,135,118,17,17
8528,140,122,18,18
8529,166,157,9,9
8530,68,72,-4,4
8531,100,101,-1,1
8532,122,125,-3,3
8533,105,97,8,8
8534,129,117,12,12
8535,117,108,9,9
8536,74,79,-5,5
8537,91,83,8,8
8538,96,93,3,3
8539,96,94,2,2
8540,76,83,-7,7
8541,106,91,15,15
8542,71,68,3,3
8543,43,49,-6,6
8544,88,81,7,7
8545,79,88,-9,9
8546,104,94,10,10
8547,82,82,0,0
8548,112,111,1,1
8549,104,101,3,3
8550,55,59,-4,4
8551,90,84,6,6
8552,47,62,-15,15
8553,111,95,16,16
8554,127,117,10,10
8555,67,74,-7,7
8556,163,137,26,26
8557,154,143,11,11
8558,63,69,-6,6
8559,50,55,-5,5
8560,56,65,-9,9
8561,104,105,-1,1
8562,80,83,-3,3
8563,83,74,9,9
8564,64,65,-1,1
8565,55,56,-1,1
8566,84,72,12,12
8567,130,114,16,16
8568,85,83,2,2
8569,109,102,7,7
8570,153,131,22,22
8571,104,101,3,3
8572,129,115,14,14
8573,106,96,10,10
8574,173,157,16,16
8575,93,90,3,3
8576,93,83,10,10
8577,99,92,7,7
8578,66,69,-3,3
8579,98,91,7,7
8580,110,126,-16,16
8581,50,61,-11,11
8582,104,99,5,5
8583,110,101,9,9
8584,60,72,-12,12
8585,102,94,8,8
8586,87,80,7,7
8587,133,125,8,8
8588,133,121,12,12
8589,122,98,24,24
8590,92,86,6,6
8591,139,121,18,18
8592,52,53,-1,1
8593,83,91,-8,8
8594,91,83,8,8
8595,65,62,3,3
8596,113,107,6,6
8597,77,78,-1,1
8598,161,132,29,29
8599,92,90,2,2
8600,180,141,39,39
8601,77,71,6,6
8602,109,101,8,8
8603,81,82,-1,1
8604,98,99,-1,1
8605,54,55,-1,1
8606,126,111,15,15
8607,91,92,-1,1
8608,77,80,-3,3
8609,124,112,12,12
8610,78,80,-2,2
8611,189,148,41,41
8612,80,78,2,2
8613,159,127,32,32
8614,73,76,-3,3
8615,90,94,-4,4
8616,62,57,5,5
8617,90,85,5,5
8618,134,128,6,6
8619,121,98,23,23
8620,87,83,4,4
8621,59,62,-3,3
8622,89,97,-8,8
8623,105,102,3,3
8624,97,88,9,9
8625,110,97,13,13
8626,141,116,25,25
8627,85,84,1,1
8628,132,120,12,12
8629,89,83,6,6
8630,75,83,-8,8
8631,81,74,7,7
8632,77,69,8,8
8633,104,95,9,9
8634,132,134,-2,2
8635,136,115,21,21
8636,82,83,-1,1
8637,85,86,-1,1
8638,76,73,3,3
8639,109,116,-7,7
8640,51,58,-7,7
8641,85,91,-6,6
8642,58,60,-2,2
8643,161,148,13,13
8644,85,87,-2,2
8645,61,60,1,1
8646,82,80,2,2
8647,114,108,6,6
8648,113,100,13,13
8649,82,77,5,5
8650,128,114,14,14
8651,113,108,5,5
8652,61,73,-12,12
8653,85,76,9,9
8654,112,100,12,12
8655,76,82,-6,6
8656,89,85,4,4
8657,142,121,21,21
8658,81,77,4,4
8659,143,141,2,2
8660,94,82,12,12
8661,134,105,29,29
8662,59,60,-1,1
8663,55,60,-5,5
8664,75,79,-4,4
8665,87,88,-1,1
8666,69,58,11,11
8667,104,99,5,5
8668,57,51,6,6
8669,68,63,5,5
8670,169,146,23,23
8671,114,111,3,3
8672,92,85,7,7
8673,97,82,15,15
8674,121,110,11,11
8675,89,77,12,12
8676,116,110,6,6
8677,93,95,-2,2
8678,116,100,16,16
8679,125,120,5,5
8680,82,104,-22,22
8681,50,49,1,1
8682,46,53,-7,7
8683,45,51,-6,6
8684,120,110,10,10
8685,93,87,6,6
8686,102,97,5,5
8687,126,112,14,14
8688,108,119,-11,11
8689,110,102,8,8
8690,101,95,6,6
8691,73,72,1,1
8692,58,58,0,0
8693,113,104,9,9
8694,136,131,5,5
8695,64,68,-4,4
8696,125,140,-15,15
8697,88,78,10,10
8698,92,86,6,6
8699,106,97,9,9
8700,90,100,-10,10
8701,85,82,3,3
8702,80,78,2,2
8703,110,99,11,11
8704,80,79,1,1
8705,117,103,14,14
8706,47,63,-16,16
8707,112,99,13,13
8708,84,83,1,1
8709,116,106,10,10
8710,61,66,-5,5
8711,82,77,5,5
8712,164,129,35,35
8713,125,112,13,13
8714,80,80,0,0
8715,66,70,-4,4
8716,61,66,-5,5
8717,82,99,-17,17
8718,81,84,-3,3
8719,143,119,24,24
8720,145,117,28,28
8721,75,71,4,4
8722,60,82,-22,22
8723,86,86,0,0
8724,99,99,0,0
8725,112,104,8,8
8726,98,91,7,7
8727,96,86,10,10
8728,64,69,-5,5
8729,62,62,0,0
8730,123,122,1,1
8731,83,87,-4,4
8732,101,95,6,6
8733,27,26,1,1
8734,167,147,20,20
8735,149,137,12,12
8736,94,87,7,7
8737,155,136,19,19
8738,39,40,-1,1
8739,62,63,-1,1
8740,81,70,11,11
8741,58,59,-1,1
8742,74,81,-7,7
8743,139,127,12,12
8744,74,74,0,0
8745,84,86,-2,2
8746,155,113,42,42
8747,114,109,5,5
8748,152,204,-52,52
8749,104,89,15,15
8750,92,96,-4,4
8751,55,62,-7,7
8752,91,86,5,5
8753,90,81,9,9
8754,86,80,6,6
8755,76,108,-32,32
8756,86,86,0,0
8757,49,46,3,3
8758,105,100,5,5
8759,67,68,-1,1
8760,96,114,-18,18
8761,105,101,4,4
8762,98,85,13,13
8763,114,106,8,8
8764,114,110,4,4
8765,103,110,-7,7
8766,128,115,13,13
8767,110,97,13,13
8768,89,78,11,11
8769,67,63,4,4
8770,136,110,26,26
8771,154,132,22,22
8772,62,84,-22,22
8773,109,102,7,7
8774,91,90,1,1
8775,63,66,-3,3
8776,172,149,23,23
8777,93,82,11,11
8778,81,79,2,2
8779,87,90,-3,3
8780,49,66,-17,17
8781,157,148,9,9
8782,87,82,5,5
8783,61,82,-21,21
8784,60,58,2,2
8785,129,115,14,14
8786,75,71,4,4
8787,86,88,-2,2
8788,37,38,-1,1
8789,110,104,6,6
8790,124,112,12,12
8791,65,70,-5,5
8792,148,143,5,5
8793,73,85,-12,12
8794,105,106,-1,1
8795,70,76,-6,6
8796,63,72,-9,9
8797,71,70,1,1
8798,71,73,-2,2
8799,68,70,-2,2
8800,96,85,11,11
8801,87,82,5,5
8802,88,89,-1,1
8803,69,66,3,3
8804,83,84,-1,1
8805,72,81,-9,9
8806,98,98,0,0
8807,126,112,14,14
8808,45,52,-7,7
8809,52,52,0,0
8810,103,100,3,3
8811,77,72,5,5
8812,83,76,7,7
8813,73,63,10,10
8814,108,100,8,8
8815,73,76,-3,3
8816,80,81,-1,1
8817,57,60,-3,3
8818,63,62,1,1
8819,24,26,-2,2
8820,89,76,13,13
8821,61,69,-8,8
8822,97,98,-1,1
8823,85,83,2,2
8824,143,132,11,11
8825,129,114,15,15
8826,75,82,-7,7
8827,71,75,-4,4
8828,92,84,8,8
8829,72,66,6,6
8830,91,81,10,10
8831,83,74,9,9
8832,75,78,-3,3
8833,66,68,-2,2
8834,43,53,-10,10
8835,127,113,14,14
8836,125,121,4,4
8837,44,48,-4,4
8838,51,59,-8,8
8839,54,58,-4,4
8840,203,202,1,1
8841,127,111,16,16
8842,102,94,8,8
8843,81,76,5,5
8844,69,69,0,0
8845,121,112,9,9
8846,85,80,5,5
8847,125,107,18,18
8848,138,116,22,22
8849,191,145,46,46
8850,92,93,-1,1
8851,94,87,7,7
8852,128,117,11,11
8853,35,48,-13,13
8854,104,98,6,6
8855,86,79,7,7
8856,132,111,21,21
8857,89,83,6,6
8858,48,53,-5,5
8859,75,65,10,10
8860,80,68,12,12
8861,100,92,8,8
8862,115,104,11,11
8863,135,121,14,14
8864,88,88,0,0
8865,108,98,10,10
8866,141,134,7,7
8867,81,79,2,2
8868,147,134,13,13
8869,94,86,8,8
8870,86,83,3,3
8871,125,114,11,11
8872,62,66,-4,4
8873,82,82,0,0
8874,123,109,14,14
8875,80,73,7,7
8876,108,98,10,10
8877,91,80,11,11
8878,124,112,12,12
8879,93,96,-3,3
8880,141,142,-1,1
8881,97,68,29,29
8882,177,149,28,28
8883,80,82,-2,2
8884,133,141,-8,8
8885,98,100,-2,2
8886,104,92,12,12
8887,64,66,-2,2
8888,170,144,26,26
8889,91,92,-1,1
8890,98,94,4,4
8891,125,109,16,16
8892,65,68,-3,3
8893,86,86,0,0
8894,75,62,13,13
8895,72,74,-2,2
8896,53,71,-18,18
8897,93,82,11,11
8898,69,68,1,1
8899,95,82,13,13
8900,76,80,-4,4
8901,73,72,1,1
8902,56,56,0,0
8903,92,90,2,2
8904,43,52,-9,9
8905,60,62,-2,2
8906,74,80,-6,6
8907,85,87,-2,2
8908,91,88,3,3
8909,92,85,7,7
8910,91,86,5,5
8911,60,70,-10,10
8912,142,135,7,7
8913,127,125,2,2
8914,87,83,4,4
8915,130,131,-1,1
8916,104,95,9,9
8917,62,62,0,0
8918,125,121,4,4
8919,96,165,-69,69
8920,170,134,36,36
8921,103,114,-11,11
8922,185,160,25,25
8923,80,78,2,2
8924,56,64,-8,8
8925,105,111,-6,6
8926,63,67,-4,4
8927,88,87,1,1
8928,79,82,-3,3
8929,60,74,-14,14
8930,84,84,0,0
8931,123,120,3,3
8932,107,100,7,7
8933,94,96,-2,2
8934,70,72,-2,2
8935,141,113,28,28
8936,56,48,8,8
8937,166,148,18,18
8938,120,102,18,18
8939,137,114,23,23
8940,88,96,-8,8
8941,127,99,28,28
8942,157,138,19,19
8943,130,125,5,5
8944,106,105,1,1
8945,131,120,11,11
8946,54,59,-5,5
8947,132,116,16,16
8948,80,76,4,4
8949,81,83,-2,2
8950,128,106,22,22
8951,36,37,-1,1
8952,106,104,2,2
8953,85,83,2,2
8954,64,67,-3,3
8955,81,81,0,0
8956,120,106,14,14
8957,130,111,19,19
8958,99,86,13,13
8959,70,67,3,3
8960,78,70,8,8
8961,112,101,11,11
8962,82,80,2,2
8963,184,148,36,36
8964,129,130,-1,1
8965,111,100,11,11
8966,99,98,1,1
8967,51,62,-11,11
8968,102,91,11,11
8969,66,70,-4,4
8970,74,74,0,0
8971,129,121,8,8
8972,54,60,-6,6
8973,117,123,-6,6
8974,120,106,14,14
8975,73,79,-6,6
8976,177,151,26,26
8977,157,138,19,19
8978,77,80,-3,3
8979,55,57,-2,2
8980,132,114,18,18
8981,180,150,30,30
8982,72,68,4,4
8983,88,91,-3,3
8984,71,74,-3,3
8985,85,80,5,5
8986,51,50,1,1
8987,61,67,-6,6
8988,76,70,6,6
8989,90,88,2,2
8990,64,71,-7,7
8991,67,85,-18,18
8992,95,90,5,5
8993,46,48,-2,2
8994,92,81,11,11
8995,121,127,-6,6
8996,93,91,2,2
8997,92,92,0,0
8998,52,54,-2,2
8999,112,110,2,2
9000,66,101,-35,35
9001,76,70,6,6
9002,157,139,18,18
9003,75,73,2,2
9004,68,69,-1,1
9005,64,69,-5,5
9006,135,112,23,23
9007,107,97,10,10
9008,79,90,-11,11
9009,82,81,1,1
9010,101,89,12,12
9011,142,151,-9,9
9012,108,101,7,7
9013,93,92,1,1
9014,111,109,2,2
9015,111,102,9,9
9016,101,87,14,14
9017,67,67,0,0
9018,58,57,1,1
9019,117,104,13,13
9020,100,92,8,8
9021,96,89,7,7
9022,106,101,5,5
9023,82,81,1,1
9024,57,61,-4,4
9025,95,84,11,11
9026,92,87,5,5
9027,78,79,-1,1
9028,85,79,6,6
9029,46,42,4,4
9030,60,69,-9,9
9031,68,72,-4,4
9032,90,86,4,4
9033,106,100,6,6
9034,72,70,2,2
9035,91,84,7,7
9036,142,128,14,14
9037,63,59,4,4
9038,55,56,-1,1
9039,112,101,11,11
9040,165,145,20,20
9041,80,78,2,2
9042,58,57,1,1
9043,96,98,-2,2
9044,69,69,0,0
9045,85,95,-10,10
9046,74,76,-2,2
9047,148,128,20,20
9048,61,58,3,3
9049,114,108,6,6
9050,117,108,9,9
9051,87,84,3,3
9052,148,133,15,15
9053,129,114,15,15
9054,100,91,9,9
9055,79,77,2,2
9056,84,81,3,3
9057,75,73,2,2
9058,101,96,5,5
9059,74,77,-3,3
9060,98,81,17,17
9061,97,94,3,3
9062,58,56,2,2
9063,104,95,9,9
9064,122,110,12,12
9065,33,43,-10,10
9066,62,57,5,5
9067,59,65,-6,6
9068,66,72,-6,6
9069,112,99,13,13
9070,109,97,12,12
9071,67,69,-2,2
9072,157,159,-2,2
9073,147,138,9,9
9074,114,106,8,8
9075,45,41,4,4
9076,71,77,-6,6
9077,135,120,15,15
9078,64,57,7,7
9079,101,102,-1,1
9080,93,95,-2,2
9081,92,82,10,10
9082,128,115,13,13
9083,90,81,9,9
9084,113,96,17,17
9085,62,63,-1,1
9086,66,61,5,5
9087,69,71,-2,2
9088,90,83,7,7
9089,69,65,4,4
9090,87,87,0,0
9091,70,83,-13,13
9092,88,84,4,4
9093,60,69,-9,9
9094,172,139,33,33
9095,94,91,3,3
9096,53,59,-6,6
9097,81,73,8,8
9098,103,96,7,7
9099,146,125,21,21
9100,93,88,5,5
9101,106,103,3,3
9102,115,100,15,15
9103,171,147,24,24
9104,80,79,1,1
9105,89,79,10,10
9106,75,82,-7,7
9107,197,166,31,31
9108,52,59,-7,7
9109,56,58,-2,2
9110,76,73,3,3
9111,136,127,9,9
9112,127,119,8,8
9113,102,97,5,5
9114,100,98,2,2
9115,154,133,21,21
9116,127,125,2,2
9117,115,100,15,15
9118,69,72,-3,3
9119,113,95,18,18
9120,116,107,9,9
9121,92,93,-1,1
9122,95,96,-1,1
9123,81,72,9,9
9124,81,81,0,0
9125,148,136,12,12
9126,94,88,6,6
9127,117,111,6,6
9128,47,52,-5,5
9129,100,87,13,13
9130,133,116,17,17
9131,79,98,-19,19
9132,147,128,19,19
9133,62,65,-3,3
9134,77,81,-4,4
9135,154,131,23,23
9136,112,109,3,3
9137,65,62,3,3
9138,42,41,1,1
9139,114,116,-2,2
9140,114,104,10,10
9141,77,72,5,5
9142,68,72,-4,4
9143,84,83,1,1
9144,120,117,3,3
9145,132,123,9,9
9146,113,114,-1,1
9147,86,82,4,4
9148,78,80,-2,2
9149,73,85,-12,12
9150,68,60,8,8
9151,93,93,0,0
9152,113,115,-2,2
9153,58,62,-4,4
9154,63,61,2,2
9155,54,49,5,5
9156,123,103,20,20
9157,43,43,0,0
9158,82,83,-1,1
9159,144,127,17,17
9160,73,97,-24,24
9161,49,53,-4,4
9162,103,91,12,12
9163,179,163,16,16
9164,106,98,8,8
9165,93,91,2,2
9166,135,133,2,2
9167,120,114,6,6
9168,130,113,17,17
9169,79,88,-9,9
9170,82,79,3,3
9171,55,56,-1,1
9172,74,68,6,6
9173,153,138,15,15
9174,93,89,4,4
9175,107,99,8,8
9176,136,136,0,0
9177,88,89,-1,1
9178,56,68,-12,12
9179,171,139,32,32
9180,115,105,10,10
9181,53,61,-8,8
9182,124,120,4,4
9183,117,103,14,14
9184,76,76,0,0
9185,168,139,29,29
9186,78,73,5,5
9187,42,42,0,0
9188,74,76,-2,2
9189,156,126,30,30
9190,81,82,-1,1
9191,88,79,9,9
9192,169,142,27,27
9193,74,73,1,1
9194,108,103,5,5
9195,98,89,9,9
9196,175,166,9,9
9197,39,43,-4,4
9198,47,56,-9,9
9199,100,82,18,18
9200,105,88,17,17
9201,103,100,3,3
9202,114,105,9,9
9203,65,69,-4,4
9204,70,69,1,1
9205,79,82,-3,3
9206,96,95,1,1
9207,123,119,4,4
9208,94,91,3,3
9209,124,118,6,6
9210,102,94,8,8
9211,108,97,11,11
9212,78,82,-4,4
9213,111,103,8,8
9214,84,90,-6,6
9215,58,49,9,9
9216,124,114,10,10
9217,92,85,7,7
9218,75,77,-2,2
9219,64,51,13,13
9220,89,83,6,6
9221,88,91,-3,3
9222,58,68,-10,10
9223,116,105,11,11
9224,57,62,-5,5
9225,98,93,5,5
9226,138,130,8,8
9227,87,89,-2,2
9228,58,58,0,0
9229,141,121,20,20
9230,72,70,2,2
9231,63,70,-7,7
9232,173,148,25,25
9233,113,101,12,12
9234,114,98,16,16
9235,95,84,11,11
9236,80,81,-1,1
9237,75,75,0,0
9238,113,107,6,6
9239,86,91,-5,5
9240,54,58,-4,4
9241,99,93,6,6
9242,149,130,19,19
9243,73,61,12,12
9244,86,80,6,6
9245,108,100,8,8
9246,74,71,3,3
9247,59,64,-5,5
9248,106,103,3,3
9249,158,125,33,33
9250,45,66,-21,21
9251,77,74,3,3
9252,116,117,-1,1
9253,52,57,-5,5
9254,93,95,-2,2
9255,129,113,16,16
9256,63,70,-7,7
9257,41,44,-3,3
9258,62,59,3,3
9259,168,147,21,21
9260,117,105,12,12
9261,142,125,17,17
9262,112,100,12,12
9263,101,97,4,4
9264,86,80,6,6
9265,77,80,-3,3
9266,141,125,16,16
9267,80,89,-9,9
9268,107,109,-2,2
9269,90,87,3,3
9270,65,70,-5,5
9271,57,55,2,2
9272,89,80,9,9
9273,63,63,0,0
9274,121,105,16,16
9275,108,99,9,9
9276,83,83,0,0
9277,116,107,9,9
9278,66,71,-5,5
9279,128,119,9,9
9280,98,92,6,6
9281,76,75,1,1
9282,130,115,15,15
9283,55,61,-6,6
9284,64,67,-3,3
9285,107,111,-4,4
9286,117,99,18,18
9287,124,110,14,14
9288,88,83,5,5
9289,44,45,-1,1
9290,89,83,6,6
9291,82,85,-3,3
9292,78,75,3,3
9293,63,68,-5,5
9294,60,56,4,4
9295,55,59,-4,4
9296,80,81,-1,1
9297,56,60,-4,4
9298,68,72,-4,4
9299,177,162,15,15
9300,69,69,0,0
9301,63,68,-5,5
9302,116,103,13,13
9303,96,95,1,1
9304,142,115,27,27
9305,85,81,4,4
9306,56,62,-6,6
9307,91,86,5,5
9308,72,73,-1,1
9309,69,80,-11,11
9310,114,98,16,16
9311,131,124,7,7
9312,70,74,-4,4
9313,138,124,14,14
9314,103,95,8,8
9315,69,72,-3,3
9316,97,93,4,4
9317,98,107,-9,9
9318,117,103,14,14
9319,95,98,-3,3
9320,130,114,16,16
9321,174,142,32,32
9322,114,113,1,1
9323,87,94,-7,7
9324,92,88,4,4
9325,57,61,-4,4
9326,93,85,8,8
9327,90,85,5,5
9328,87,90,-3,3
9329,87,87,0,0
9330,115,108,7,7
9331,103,99,4,4
9332,66,67,-1,1
9333,95,89,6,6
9334,98,91,7,7
9335,82,79,3,3
9336,63,60,3,3
9337,39,42,-3,3
9338,60,67,-7,7
9339,112,101,11,11
9340,159,140,19,19
9341,41,46,-5,5
9342,96,92,4,4
9343,117,103,14,14
9344,69,77,-8,8
9345,82,82,0,0
9346,125,110,15,15
9347,82,80,2,2
9348,65,70,-5,5
9349,92,80,12,12
9350,91,90,1,1
9351,91,83,8,8
9352,95,87,8,8
9353,28,39,-11,11
9354,64,60,4,4
9355,73,70,3,3
9356,122,103,19,19
9357,76,80,-4,4
9358,82,76,6,6
9359,134,118,16,16
9360,118,100,18,18
9361,72,76,-4,4
9362,96,114,-18,18
9363,176,145,31,31
9364,156,138,18,18
9365,64,80,-16,16
9366,99,104,-5,5
9367,94,88,6,6
9368,84,72,12,12
9369,88,87,1,1
9370,144,132,12,12
9371,123,105,18,18
9372,99,99,0,0
9373,63,82,-19,19
9374,64,68,-4,4
9375,141,117,24,24
9376,71,82,-11,11
9377,166,141,25,25
9378,118,106,12,12
9379,120,101,19,19
9380,145,124,21,21
9381,87,84,3,3
9382,90,91,-1,1
9383,80,83,-3,3
9384,125,115,10,10
9385,59,52,7,7
9386,171,145,26,26
9387,72,68,4,4
9388,121,100,21,21
9389,47,49,-2,2
9390,73,81,-8,8
9391,124,99,25,25
9392,87,91,-4,4
9393,95,92,3,3
9394,77,79,-2,2
9395,167,148,19,19
9396,53,51,2,2
9397,89,81,8,8
9398,83,77,6,6
9399,77,83,-6,6
9400,127,118,9,9
9401,94,93,1,1
9402,95,82,13,13
9403,93,92,1,1
9404,74,72,2,2
9405,112,107,5,5
9406,117,103,14,14
9407,69,70,-1,1
9408,88,94,-6,6
9409,71,75,-4,4
9410,57,51,6,6
9411,89,82,7,7
9412,98,106,-8,8
9413,123,116,7,7
9414,88,84,4,4
9415,136,113,23,23
9416,85,74,11,11
9417,93,87,6,6
9418,150,140,10,10
9419,50,53,-3,3
9420,77,80,-3,3
9421,87,87,0,0
9422,123,111,12,12
9423,71,73,-2,2
9424,142,130,12,12
9425,78,80,-2,2
9426,111,99,12,12
9427,54,69,-15,15
9428,66,69,-3,3
9429,110,99,11,11
9430,96,87,9,9
9431,56,58,-2,2
9432,17,26,-9,9
9433,84,79,5,5
9434,108,102,6,6
9435,103,85,18,18
9436,102,95,7,7
9437,81,83,-2,2
9438,125,117,8,8
9439,120,121,-1,1
9440,89,82,7,7
9441,73,69,4,4
9442,110,97,13,13
9443,86,82,4,4
9444,94,92,2,2
9445,76,71,5,5
9446,72,70,2,2
9447,41,48,-7,7
9448,129,118,11,11
9449,80,79,1,1
9450,92,82,10,10
9451,208,166,42,42
9452,170,152,18,18
9453,88,89,-1,1
9454,43,46,-3,3
9455,65,62,3,3
9456,52,56,-4,4
9457,44,45,-1,1
9458,96,93,3,3
9459,165,147,18,18
9460,92,84,8,8
9461,104,86,18,18
9462,131,116,15,15
9463,73,75,-2,2
9464,131,112,19,19
9465,51,70,-19,19
9466,63,69,-6,6
9467,107,105,2,2
9468,109,116,-7,7
9469,131,107,24,24
9470,96,88,8,8
9471,90,75,15,15
9472,60,68,-8,8
9473,106,102,4,4
9474,101,84,17,17
9475,67,67,0,0
9476,117,109,8,8
9477,76,78,-2,2
9478,78,71,7,7
9479,94,86,8,8
9480,95,91,4,4
9481,78,66,12,12
9482,133,121,12,12
9483,41,65,-24,24
9484,105,101,4,4
9485,102,91,11,11
9486,88,92,-4,4
9487,106,101,5,5
9488,89,83,6,6
9489,98,108,-10,10
9490,128,110,18,18
9491,102,99,3,3
9492,132,127,5,5
9493,101,93,8,8
9494,144,132,12,12
9495,61,66,-5,5
9496,61,64,-3,3
9497,114,111,3,3
9498,125,113,12,12
9499,70,69,1,1
9500,83,90,-7,7
9501,147,131,16,16
9502,97,94,3,3
9503,82,81,1,1
9504,87,79,8,8
9505,94,90,4,4
9506,54,64,-10,10
9507,71,80,-9,9
9508,105,92,13,13
9509,87,86,1,1
9510,95,100,-5,5
9511,71,74,-3,3
9512,76,82,-6,6
9513,123,111,12,12
9514,127,115,12,12
9515,84,90,-6,6
9516,48,53,-5,5
9517,108,88,20,20
9518,157,123,34,34
9519,54,58,-4,4
9520,100,88,12,12
9521,118,104,14,14
9522,57,61,-4,4
9523,137,120,17,17
9524,80,84,-4,4
9525,48,52,-4,4
9526,49,43,6,6
9527,94,92,2,2
9528,101,92,9,9
9529,64,67,-3,3
9530,114,116,-2,2
9531,82,76,6,6
9532,62,67,-5,5
9533,57,66,-9,9
9534,88,91,-3,3
9535,92,93,-1,1
9536,66,81,-15,15
9537,76,80,-4,4
9538,59,58,1,1
9539,89,83,6,6
9540,63,65,-2,2
9541,51,49,2,2
9542,123,113,10,10
9543,88,88,0,0
9544,59,64,-5,5
9545,66,66,0,0
9546,135,112,23,23
9547,54,60,-6,6
9548,24,26,-2,2
9549,91,78,13,13
9550,166,144,22,22
9551,45,45,0,0
9552,95,85,10,10
9553,99,95,4,4
9554,70,79,-9,9
9555,81,74,7,7
9556,97,88,9,9
9557,75,87,-12,12
9558,55,64,-9,9
9559,86,89,-3,3
9560,172,146,26,26
9561,65,78,-13,13
9562,174,140,34,34
9563,78,80,-2,2
9564,81,84,-3,3
9565,68,67,1,1
9566,74,66,8,8
9567,46,49,-3,3
9568,119,117,2,2
9569,48,54,-6,6
9570,112,108,4,4
9571,135,138,-3,3
9572,91,79,12,12
9573,103,91,12,12
9574,95,109,-14,14
9575,91,75,16,16
9576,201,161,40,40
9577,89,85,4,4
9578,71,70,1,1
9579,198,168,30,30
9580,93,81,12,12
9581,82,80,2,2
9582,132,114,18,18
9583,79,86,-7,7
9584,60,64,-4,4
9585,72,81,-9,9
9586,107,103,4,4
9587,112,109,3,3
9588,99,99,0,0
9589,104,107,-3,3
9590,68,69,-1,1
9591,57,59,-2,2
9592,47,56,-9,9
9593,96,87,9,9
9594,95,101,-6,6
9595,43,47,-4,4
9596,116,102,14,14
9597,65,70,-5,5
9598,106,85,21,21
9599,117,119,-2,2
9600,96,91,5,5
9601,67,67,0,0
9602,100,83,17,17
9603,108,102,6,6
9604,103,93,10,10
9605,58,62,-4,4
9606,88,82,6,6
9607,133,114,19,19
9608,161,144,17,17
9609,95,84,11,11
9610,99,85,14,14
9611,69,67,2,2
9612,112,99,13,13
9613,127,112,15,15
9614,66,70,-4,4
9615,116,113,3,3
9616,105,114,-9,9
9617,100,88,12,12
9618,93,91,2,2
9619,79,83,-4,4
9620,121,107,14,14
9621,86,90,-4,4
9622,88,78,10,10
9623,177,144,33,33
9624,67,60,7,7
9625,73,75,-2,2
9626,105,95,10,10
9627,115,105,10,10
9628,141,127,14,14
9629,75,77,-2,2
9630,58,61,-3,3
9631,86,84,2,2
9632,137,122,15,15
9633,113,108,5,5
9634,92,87,5,5
9635,83,88,-5,5
9636,103,104,-1,1
9637,145,118,27,27
9638,84,80,4,4
9639,123,121,2,2
9640,104,95,9,9
9641,61,60,1,1
9642,79,94,-15,15
9643,90,104,-14,14
9644,115,111,4,4
9645,138,133,5,5
9646,80,80,0,0
9647,92,92,0,0
9648,126,114,12,12
9649,62,49,13,13
9650,81,81,0,0
9651,88,82,6,6
9652,90,89,1,1
9653,70,71,-1,1
9654,113,107,6,6
9655,81,83,-2,2
9656,70,79,-9,9
9657,87,82,5,5
9658,62,69,-7,7
9659,54,58,-4,4
9660,85,81,4,4
9661,76,72,4,4
9662,44,50,-6,6
9663,106,96,10,10
9664,116,102,14,14
9665,114,133,-19,19
9666,156,136,20,20
9667,127,110,17,17
9668,61,62,-1,1
9669,57,59,-2,2
9670,128,118,10,10
9671,90,81,9,9
9672,113,104,9,9
9673,81,74,7,7
9674,48,58,-10,10
9675,47,53,-6,6
9676,139,118,21,21
9677,154,138,16,16
9678,104,105,-1,1
9679,97,91,6,6
9680,123,115,8,8
9681,68,58,10,10
9682,94,95,-1,1
9683,77,84,-7,7
9684,45,45,0,0
9685,78,76,2,2
9686,75,79,-4,4
9687,79,74,5,5
9688,175,161,14,14
9689,117,106,11,11
9690,108,99,9,9
9691,106,102,4,4
9692,82,72,10,10
9693,112,96,16,16
9694,74,73,1,1
9695,117,112,5,5
9696,94,94,0,0
9697,226,186,40,40
9698,120,103,17,17
9699,40,42,-2,2
9700,40,98,-58,58
9701,119,112,7,7
9702,51,59,-8,8
9703,61,62,-1,1
9704,119,107,12,12
9705,97,84,13,13
9706,70,78,-8,8
9707,101,90,11,11
9708,160,141,19,19
9709,88,83,5,5
9710,41,53,-12,12
9711,86,81,5,5
9712,76,81,-5,5
9713,66,71,-5,5
9714,110,104,6,6
9715,120,110,10,10
9716,97,93,4,4
9717,89,93,-4,4
9718,117,106,11,11
9719,59,69,-10,10
9720,145,131,14,14
9721,84,76,8,8
9722,78,84,-6,6
9723,65,64,1,1
9724,62,65,-3,3
9725,114,105,9,9
9726,76,80,-4,4
9727,51,57,-6,6
9728,131,128,3,3
9729,162,156,6,6
9730,90,96,-6,6
9731,95,93,2,2
9732,49,62,-13,13
9733,81,82,-1,1
9734,103,98,5,5
9735,136,128,8,8
9736,116,106,10,10
9737,74,74,0,0
9738,54,63,-9,9
9739,110,105,5,5
9740,113,97,16,16
9741,142,110,32,32
9742,130,104,26,26
9743,156,137,19,19
9744,186,170,16,16
9745,70,70,0,0
9746,115,98,17,17
9747,149,121,28,28
9748,135,111,24,24
9749,72,69,3,3
9750,143,129,14,14
9751,190,156,34,34
9752,117,117,0,0
9753,124,103,21,21
9754,78,84,-6,6
9755,90,91,-1,1
9756,49,46,3,3
9757,52,60,-8,8
9758,48,55,-7,7
9759,69,71,-2,2
9760,69,74,-5,5
9761,40,51,-11,11
9762,89,91,-2,2
9763,85,83,2,2
9764,104,101,3,3
9765,130,113,17,17
9766,110,87,23,23
9767,136,119,17,17
9768,91,79,12,12
9769,83,85,-2,2
9770,50,50,0,0
9771,104,98,6,6
9772,83,77,6,6
9773,114,108,6,6
9774,119,122,-3,3
9775,88,82,6,6
9776,68,88,-20,20
9777,84,97,-13,13
9778,93,75,18,18
9779,56,59,-3,3
9780,66,71,-5,5
9781,60,61,-1,1
9782,58,63,-5,5
9783,142,128,14,14
9784,197,163,34,34
9785,53,57,-4,4
9786,86,97,-11,11
9787,85,82,3,3
9788,153,125,28,28
9789,58,61,-3,3
9790,78,76,2,2
9791,159,138,21,21
9792,129,119,10,10
9793,115,109,6,6
9794,64,63,1,1
9795,142,128,14,14
9796,83,81,2,2
9797,171,161,10,10
9798,137,121,16,16
9799,107,103,4,4
9800,101,85,16,16
9801,75,68,7,7
9802,103,93,10,10
9803,80,79,1,1
9804,51,59,-8,8
9805,92,81,11,11
9806,88,85,3,3
9807,96,95,1,1
9808,140,120,20,20
9809,107,102,5,5
9810,59,62,-3,3
9811,128,105,23,23
9812,80,75,5,5
9813,40,42,-2,2
9814,139,124,15,15
9815,79,72,7,7
9816,89,86,3,3
9817,127,114,13,13
9818,132,113,19,19
9819,104,103,1,1
9820,100,87,13,13
9821,76,75,1,1
9822,182,137,45,45
9823,43,43,0,0
9824,56,59,-3,3
9825,140,126,14,14
9826,98,97,1,1
9827,66,75,-9,9
9828,52,49,3,3
9829,100,93,7,7
9830,131,108,23,23
9831,47,37,10,10
9832,57,60,-3,3
9833,58,61,-3,3
9834,100,92,8,8
9835,143,134,9,9
9836,81,72,9,9
9837,130,105,25,25
9838,63,72,-9,9
9839,84,96,-12,12
9840,86,83,3,3
9841,118,109,9,9
9842,109,96,13,13
9843,176,162,14,14
9844,68,71,-3,3
9845,102,99,3,3
9846,65,63,2,2
9847,88,88,0,0
9848,127,109,18,18
9849,56,56,0,0
9850,104,98,6,6
9851,105,88,17,17
9852,84,80,4,4
9853,27,64,-37,37
9854,95,93,2,2
9855,77,79,-2,2
9856,192,180,12,12
9857,78,70,8,8
9858,122,116,6,6
9859,80,82,-2,2
9860,94,81,13,13
9861,126,112,14,14
9862,44,47,-3,3
9863,73,78,-5,5
9864,104,81,23,23
9865,71,67,4,4
9866,65,74,-9,9
9867,96,82,14,14
9868,116,91,25,25
9869,103,101,2,2
9870,129,118,11,11
9871,143,126,17,17
9872,100,111,-11,11
9873,133,114,19,19
9874,64,64,0,0
9875,121,108,13,13
9876,61,67,-6,6
9877,55,63,-8,8
9878,49,49,0,0
9879,86,80,6,6
9880,85,81,4,4
9881,61,59,2,2
9882,128,123,5,5
9883,91,77,14,14
9884,99,80,19,19
9885,92,88,4,4
9886,179,157,22,22
9887,114,98,16,16
9888,66,60,6,6
9889,78,84,-6,6
9890,69,70,-1,1
9891,121,107,14,14
9892,85,74,11,11
9893,110,118,-8,8
9894,92,90,2,2
9895,117,106,11,11
9896,174,148,26,26
9897,135,122,13,13
9898,64,59,5,5
9899,75,72,3,3
9900,97,102,-5,5
9901,120,116,4,4
9902,102,93,9,9
9903,91,86,5,5
9904,70,72,-2,2
9905,64,75,-11,11
9906,49,50,-1,1
9907,94,95,-1,1
9908,71,80,-9,9
9909,136,146,-10,10
9910,68,70,-2,2
9911,122,113,9,9
9912,73,72,1,1
9913,114,109,5,5
9914,98,95,3,3
9915,104,95,9,9
9916,103,92,11,11
9917,108,96,12,12
9918,127,112,15,15
9919,130,122,8,8
9920,95,92,3,3
9921,89,80,9,9
9922,73,73,0,0
9923,157,127,30,30
9924,103,92,11,11
9925,105,96,9,9
9926,112,99,13,13
9927,109,97,12,12
9928,79,78,1,1
9929,92,107,-15,15
9930,72,66,6,6
9931,48,53,-5,5
9932,98,88,10,10
9933,111,104,7,7
9934,119,104,15,15
9935,139,113,26,26
9936,55,69,-14,14
9937,107,102,5,5
9938,135,133,2,2
9939,102,90,12,12
9940,88,88,0,0
9941,105,106,-1,1
9942,136,114,22,22
9943,82,84,-2,2
9944,67,68,-1,1
9945,123,111,12,12
9946,120,111,9,9
9947,94,96,-2,2
9948,51,54,-3,3
9949,95,85,10,10
9950,92,89,3,3
9951,154,120,34,34
9952,76,79,-3,3
9953,59,58,1,1
9954,153,129,24,24
9955,66,73,-7,7
9956,96,98,-2,2
9957,131,117,14,14
9958,81,77,4,4
9959,80,82,-2,2
9960,59,61,-2,2
9961,72,74,-2,2
9962,148,131,17,17
9963,123,125,-2,2
9964,72,71,1,1
9965,59,62,-3,3
9966,145,133,12,12
9967,95,93,2,2
9968,125,116,9,9
9969,79,80,-1,1
9970,79,80,-1,1
9971,68,71,-3,3
9972,135,125,10,10
9973,96,91,5,5
9974,64,66,-2,2
9975,62,58,4,4
9976,102,94,8,8
9977,141,123,18,18
9978,82,74,8,8
9979,84,73,11,11
9980,85,84,1,1
9981,77,79,-2,2
9982,107,96,11,11
9983,94,90,4,4
9984,84,73,11,11
9985,90,84,6,6
9986,127,117,10,10
9987,94,90,4,4
9988,142,144,-2,2
9989,88,91,-3,3
9990,104,94,10,10
9991,66,70,-4,4
9992,48,49,-1,1
9993,76,74,2,2
9994,105,98,7,7
9995,62,60,2,2
9996,82,81,1,1
9997,123,116,7,7
9998,88,91,-3,3
9999,68,65,3,3
10000,171,142,29,29
10001,134,116,18,18
10002,81,77,4,4
10003,66,70,-4,4
10004,49,53,-4,4
10005,92,93,-1,1
10006,121,107,14,14
10007,133,117,16,16
10008,147,127,20,20
10009,81,80,1,1
10010,69,71,-2,2
10011,83,82,1,1
10012,88,83,5,5
10013,59,52,7,7
10014,91,92,-1,1
10015,153,143,10,10
10016,114,103,11,11
10017,77,83,-6,6
10018,85,77,8,8
10019,80,76,4,4
10020,74,74,0,0
10021,169,144,25,25
10022,108,101,7,7
10023,121,117,4,4
10024,83,83,0,0
10025,56,54,2,2
10026,74,73,1,1
10027,53,61,-8,8
10028,80,83,-3,3
10029,79,79,0,0
10030,117,106,11,11
10031,174,147,27,27
10032,77,71,6,6
10033,114,94,20,20
10034,79,78,1,1
10035,158,135,23,23
10036,80,79,1,1
10037,90,109,-19,19
10038,111,100,11,11
10039,155,129,26,26
10040,55,60,-5,5
10041,74,74,0,0
10042,62,69,-7,7
10043,138,125,13,13
10044,143,139,4,4
10045,113,108,5,5
10046,100,97,3,3
10047,115,91,24,24
10048,49,50,-1,1
10049,139,129,10,10
10050,114,110,4,4
10051,125,121,4,4
10052,61,63,-2,2
10053,136,118,18,18
10054,77,72,5,5
10055,211,168,43,43
10056,66,60,6,6
10057,111,99,12,12
10058,122,117,5,5
10059,139,124,15,15
10060,121,105,16,16
10061,108,109,-1,1
10062,85,89,-4,4
10063,110,100,10,10
10064,62,72,-10,10
10065,107,96,11,11
10066,49,49,0,0
10067,82,83,-1,1
10068,92,87,5,5
10069,59,60,-1,1
10070,56,61,-5,5
10071,105,95,10,10
10072,61,64,-3,3
10073,95,99,-4,4
10074,56,60,-4,4
10075,148,137,11,11
10076,123,120,3,3
10077,111,109,2,2
10078,75,74,1,1
10079,139,137,2,2
10080,68,72,-4,4
10081,90,83,7,7
10082,150,141,9,9
10083,133,110,23,23
10084,49,58,-9,9
10085,62,66,-4,4
10086,111,96,15,15
10087,117,110,7,7
10088,151,137,14,14
10089,100,92,8,8
10090,42,54,-12,12
10091,78,77,1,1
10092,48,54,-6,6
10093,118,100,18,18
10094,70,67,3,3
10095,117,119,-2,2
10096,61,87,-26,26
10097,94,96,-2,2
10098,78,78,0,0
10099,170,145,25,25
10100,68,66,2,2
10101,78,72,6,6
10102,47,51,-4,4
10103,130,103,27,27
10104,80,75,5,5
10105,70,76,-6,6
10106,49,60,-11,11
10107,117,106,11,11
10108,86,86,0,0
10109,82,76,6,6
10110,54,55,-1,1
10111,160,141,19,19
10112,78,87,-9,9
10113,82,80,2,2
10114,59,55,4,4
10115,115,109,6,6
10116,86,86,0,0
10117,119,100,19,19
10118,116,111,5,5
10119,90,93,-3,3
10120,75,76,-1,1
10121,81,81,0,0
10122,87,90,-3,3
10123,108,100,8,8
10124,50,53,-3,3
10125,53,57,-4,4
10126,130,130,0,0
10127,125,110,15,15
10128,118,107,11,11
10129,112,102,10,10
10130,62,70,-8,8
10131,105,99,6,6
10132,90,96,-6,6
10133,143,132,11,11
10134,58,58,0,0
10135,64,70,-6,6
10136,108,95,13,13
10137,98,81,17,17
10138,136,119,17,17
10139,101,108,-7,7
10140,85,87,-2,2
10141,92,93,-1,1
10142,144,121,23,23
10143,80,82,-2,2
10144,110,93,17,17
10145,66,63,3,3
10146,73,70,3,3
10147,59,60,-1,1
10148,88,87,1,1
10149,74,85,-11,11
10150,61,65,-4,4
10151,125,109,16,16
10152,55,53,2,2
10153,115,106,9,9
10154,58,66,-8,8
10155,76,81,-5,5
10156,137,129,8,8
10157,81,76,5,5
10158,116,110,6,6
10159,81,79,2,2
10160,94,85,9,9
10161,78,88,-10,10
10162,80,76,4,4
10163,99,90,9,9
10164,118,105,13,13
10165,137,121,16,16
10166,98,102,-4,4
10167,71,69,2,2
10168,83,84,-1,1
10169,132,130,2,2
10170,69,71,-2,2
10171,119,106,13,13
10172,101,102,-1,1
10173,92,93,-1,1
10174,74,70,4,4
10175,95,91,4,4
10176,67,71,-4,4
10177,50,57,-7,7
10178,106,96,10,10
10179,102,92,10,10
10180,359,250,109,109
10181,58,62,-4,4
10182,94,87,7,7
10183,90,80,10,10
10184,88,82,6,6
10185,105,89,16,16
10186,75,73,2,2
10187,89,84,5,5
10188,86,83,3,3
10189,133,119,14,14
10190,35,41,-6,6
10191,88,81,7,7
10192,177,146,31,31
10193,100,91,9,9
10194,65,59,6,6
10195,104,96,8,8
10196,67,63,4,4
10197,86,83,3,3
10198,123,107,16,16
10199,108,97,11,11
10200,84,81,3,3
10201,54,63,-9,9
10202,95,90,5,5
10203,86,79,7,7
10204,70,81,-11,11
10205,84,77,7,7
10206,107,101,6,6
10207,45,51,-6,6
10208,85,87,-2,2
10209,79,80,-1,1
10210,125,115,10,10
10211,92,84,8,8
10212,74,75,-1,1
10213,139,130,9,9
10214,84,80,4,4
10215,103,110,-7,7
10216,60,70,-10,10
10217,78,81,-3,3
10218,69,53,16,16
10219,131,120,11,11
10220,102,92,10,10
10221,69,70,-1,1
10222,58,63,-5,5
10223,43,48,-5,5
10224,29,34,-5,5
10225,86,88,-2,2
10226,114,107,7,7
10227,38,49,-11,11
10228,113,115,-2,2
10229,74,83,-9,9
10230,67,67,0,0
10231,221,196,25,25
10232,103,95,8,8
10233,224,188,36,36
10234,82,92,-10,10
10235,104,94,10,10
10236,115,102,13,13
10237,70,83,-13,13
10238,92,86,6,6
10239,118,106,12,12
10240,159,130,29,29
10241,124,103,21,21
10242,165,125,40,40
10243,118,117,1,1
10244,79,70,9,9
10245,113,102,11,11
10246,61,65,-4,4
10247,112,105,7,7
10248,68,68,0,0
10249,71,77,-6,6
10250,127,111,16,16
10251,82,79,3,3
10252,63,64,-1,1
10253,189,178,11,11
10254,73,78,-5,5
10255,76,70,6,6
10256,99,100,-1,1
10257,131,120,11,11
10258,88,87,1,1
10259,61,65,-4,4
10260,135,120,15,15
10261,52,57,-5,5
10262,114,107,7,7
10263,82,78,4,4
10264,106,99,7,7
10265,102,108,-6,6
10266,105,108,-3,3
10267,77,81,-4,4
10268,66,64,2,2
10269,129,110,19,19
10270,73,75,-2,2
10271,77,74,3,3
10272,70,70,0,0
10273,40,41,-1,1
10274,55,65,-10,10
10275,130,128,2,2
10276,168,141,27,27
10277,76,67,9,9
10278,136,120,16,16
10279,104,104,0,0
10280,52,59,-7,7
10281,151,131,20,20
10282,74,76,-2,2
10283,60,69,-9,9
10284,90,84,6,6
10285,81,78,3,3
10286,118,111,7,7
10287,96,91,5,5
10288,96,90,6,6
10289,151,137,14,14
10290,125,109,16,16
10291,73,69,4,4
10292,107,98,9,9
10293,113,108,5,5
10294,118,117,1,1
10295,71,77,-6,6
10296,68,70,-2,2
10297,65,69,-4,4
10298,48,57,-9,9
10299,73,75,-2,2
10300,86,102,-16,16
10301,45,46,-1,1
10302,87,82,5,5
10303,113,105,8,8
10304,137,124,13,13
10305,114,111,3,3
10306,61,64,-3,3
10307,106,91,15,15
10308,128,116,12,12
10309,111,107,4,4
10310,100,93,7,7
10311,100,90,10,10
10312,133,128,5,5
10313,96,91,5,5
10314,133,122,11,11
10315,130,118,12,12
10316,78,81,-3,3
10317,130,105,25,25
10318,110,109,1,1
10319,75,81,-6,6
10320,144,128,16,16
10321,81,83,-2,2
10322,63,69,-6,6
10323,122,113,9,9
10324,119,118,1,1
10325,99,93,6,6
10326,111,104,7,7
10327,143,114,29,29
10328,104,109,-5,5
10329,93,84,9,9
10330,72,78,-6,6
10331,79,82,-3,3
10332,128,119,9,9
10333,99,93,6,6
10334,76,81,-5,5
10335,100,98,2,2
10336,70,70,0,0
10337,148,139,9,9
10338,68,68,0,0
10339,100,104,-4,4
10340,74,85,-11,11
10341,86,80,6,6
10342,93,82,11,11
10343,138,111,27,27
10344,149,146,3,3
10345,65,61,4,4
10346,89,91,-2,2
10347,117,83,34,34
10348,98,83,15,15
10349,127,116,11,11
10350,106,95,11,11
10351,68,63,5,5
10352,160,129,31,31
10353,83,89,-6,6
10354,129,108,21,21
10355,117,98,19,19
10356,74,84,-10,10
10357,101,93,8,8
10358,113,100,13,13
10359,121,105,16,16
10360,122,117,5,5
10361,117,106,11,11
10362,131,124,7,7
10363,68,60,8,8
10364,86,91,-5,5
10365,97,87,10,10
10366,125,111,14,14
10367,65,70,-5,5
10368,49,45,4,4
10369,81,78,3,3
10370,103,99,4,4
10371,110,98,12,12
10372,86,86,0,0
10373,103,95,8,8
10374,103,99,4,4
10375,59,60,-1,1
10376,119,102,17,17
10377,40,39,1,1
10378,102,100,2,2
10379,120,107,13,13
10380,103,100,3,3
10381,101,93,8,8
10382,106,97,9,9
10383,110,103,7,7
10384,82,77,5,5
10385,88,81,7,7
10386,174,157,17,17
10387,99,87,12,12
10388,66,68,-2,2
10389,105,102,3,3
10390,59,61,-2,2
10391,128,108,20,20
10392,53,64,-11,11
10393,123,119,4,4
10394,88,85,3,3
10395,80,76,4,4
10396,72,82,-10,10
10397,73,77,-4,4
10398,60,59,1,1
10399,88,85,3,3
10400,82,80,2,2
10401,156,133,23,23
10402,163,129,34,34
10403,73,70,3,3
10404,105,89,16,16
10405,137,113,24,24
10406,74,74,0,0
10407,85,79,6,6
10408,71,72,-1,1
10409,56,63,-7,7
10410,95,89,6,6
10411,48,48,0,0
10412,113,107,6,6
10413,96,89,7,7
10414,111,106,5,5
10415,80,104,-24,24
10416,44,49,-5,5
10417,73,71,2,2
10418,132,104,28,28
10419,100,85,15,15
10420,126,112,14,14
10421,77,81,-4,4
10422,81,88,-7,7
10423,68,62,6,6
10424,73,89,-16,16
10425,100,95,5,5
10426,98,83,15,15
10427,60,58,2,2
10428,110,103,7,7
10429,102,96,6,6
10430,75,71,4,4
10431,138,129,9,9
10432,81,75,6,6
10433,108,106,2,2
10434,148,127,21,21
10435,59,57,2,2
10436,88,89,-1,1
10437,104,83,21,21
10438,72,64,8,8
10439,82,82,0,0
10440,93,88,5,5
10441,93,83,10,10
10442,160,142,18,18
10443,129,119,10,10
10444,113,106,7,7
10445,116,93,23,23
10446,119,111,8,8
10447,86,81,5,5
10448,44,45,-1,1
10449,76,70,6,6
10450,61,67,-6,6
10451,80,88,-8,8
10452,99,84,15,15
10453,87,96,-9,9
10454,117,106,11,11
10455,50,68,-18,18
10456,150,128,22,22
10457,123,103,20,20
10458,100,78,22,22
10459,147,129,18,18
10460,185,168,17,17
10461,59,59,0,0
10462,81,74,7,7
10463,61,74,-13,13
10464,126,113,13,13
10465,82,81,1,1
10466,100,92,8,8
10467,81,73,8,8
10468,39,40,-1,1
10469,77,72,5,5
10470,51,49,2,2
10471,98,99,-1,1
10472,133,132,1,1
10473,80,79,1,1
10474,151,120,31,31
10475,88,80,8,8
10476,55,57,-2,2
10477,72,78,-6,6
10478,75,81,-6,6
10479,77,71,6,6
10480,81,70,11,11
10481,144,130,14,14
10482,121,96,25,25
10483,57,58,-1,1
10484,69,88,-19,19
10485,99,94,5,5
10486,64,71,-7,7
10487,130,105,25,25
10488,106,100,6,6
10489,72,73,-1,1
10490,67,73,-6,6
10491,68,68,0,0
10492,79,83,-4,4
10493,81,80,1,1
10494,69,70,-1,1
10495,67,67,0,0
10496,73,72,1,1
10497,39,46,-7,7
10498,112,110,2,2
10499,71,73,-2,2
10500,132,112,20,20
10501,133,126,7,7
10502,95,89,6,6
10503,112,99,13,13
10504,112,95,17,17
10505,99,106,-7,7
10506,71,77,-6,6
10507,127,130,-3,3
10508,89,91,-2,2
10509,87,83,4,4
10510,124,108,16,16
10511,66,68,-2,2
10512,92,90,2,2
10513,80,74,6,6
10514,94,91,3,3
10515,146,138,8,8
10516,139,126,13,13
10517,136,120,16,16
10518,63,62,1,1
10519,54,59,-5,5
10520,171,145,26,26
10521,91,83,8,8
10522,170,140,30,30
10523,147,128,19,19
10524,70,68,2,2
10525,140,131,9,9
10526,117,112,5,5
10527,72,70,2,2
10528,132,118,14,14
10529,63,68,-5,5
10530,102,101,1,1
10531,81,82,-1,1
10532,90,85,5,5
10533,87,88,-1,1
10534,127,111,16,16
10535,56,59,-3,3
10536,44,48,-4,4
10537,122,110,12,12
10538,111,101,10,10
10539,66,70,-4,4
10540,110,108,2,2
10541,101,95,6,6
10542,119,115,4,4
10543,75,81,-6,6
10544,65,62,3,3
10545,55,60,-5,5
10546,76,83,-7,7
10547,70,70,0,0
10548,157,162,-5,5
10549,27,26,1,1
10550,83,76,7,7
10551,125,111,14,14
10552,95,96,-1,1
10553,86,76,10,10
10554,116,108,8,8
10555,66,64,2,2
10556,144,148,-4,4
10557,96,98,-2,2
10558,94,91,3,3
10559,37,42,-5,5
10560,195,163,32,32
10561,108,101,7,7
10562,130,122,8,8
10563,78,80,-2,2
10564,57,65,-8,8
10565,72,67,5,5
10566,57,70,-13,13
10567,90,97,-7,7
10568,67,56,11,11
10569,157,143,14,14
10570,57,62,-5,5
10571,94,90,4,4
10572,69,76,-7,7
10573,86,83,3,3
10574,58,57,1,1
10575,105,98,7,7
10576,74,70,4,4
10577,116,105,11,11
10578,78,73,5,5
10579,115,103,12,12
10580,64,65,-1,1
10581,127,110,17,17
10582,77,76,1,1
10583,99,88,11,11
10584,68,71,-3,3
10585,101,107,-6,6
10586,88,81,7,7
10587,121,108,13,13
10588,100,97,3,3
10589,87,72,15,15
10590,80,71,9,9
10591,43,49,-6,6
10592,103,103,0,0
10593,149,124,25,25
10594,67,75,-8,8
10595,110,103,7,7
10596,127,104,23,23
10597,55,59,-4,4
10598,133,115,18,18
10599,82,81,1,1
10600,45,43,2,2
10601,59,58,1,1
10602,120,108,12,12
10603,103,102,1,1
10604,145,132,13,13
10605,119,115,4,4
10606,75,81,-6,6
10607,74,70,4,4
10608,109,105,4,4
10609,148,131,17,17
10610,80,80,0,0
10611,68,69,-1,1
10612,116,110,6,6
10613,114,100,14,14
10614,100,98,2,2
10615,72,74,-2,2
10616,119,123,-4,4
10617,96,86,10,10
10618,58,62,-4,4
10619,132,127,5,5
10620,169,153,16,16
10621,70,70,0,0
10622,90,82,8,8
10623,93,88,5,5
10624,107,114,-7,7
10625,124,106,18,18
10626,43,49,-6,6
10627,102,92,10,10
10628,107,100,7,7
10629,61,68,-7,7
10630,62,66,-4,4
10631,72,70,2,2
10632,129,115,14,14
10633,74,72,2,2
10634,81,76,5,5
10635,107,95,12,12
10636,79,76,3,3
10637,43,40,3,3
10638,72,75,-3,3
10639,102,84,18,18
10640,93,81,12,12
10641,90,86,4,4
10642,66,58,8,8
10643,125,111,14,14
10644,73,71,2,2
10645,78,71,7,7
10646,49,53,-4,4
10647,81,72,9,9
10648,74,77,-3,3
10649,78,74,4,4
10650,82,80,2,2
10651,92,104,-12,12
10652,110,85,25,25
10653,96,88,8,8
10654,83,85,-2,2
10655,143,130,13,13
10656,88,78,10,10
10657,111,103,8,8
10658,54,55,-1,1
10659,66,69,-3,3
10660,68,79,-11,11
10661,57,62,-5,5
10662,169,133,36,36
10663,63,74,-11,11
10664,131,128,3,3
10665,102,98,4,4
10666,47,50,-3,3
10667,58,69,-11,11
10668,127,111,16,16
10669,100,90,10,10
10670,109,104,5,5
10671,109,98,11,11
10672,92,85,7,7
10673,93,88,5,5
10674,64,65,-1,1
10675,95,92,3,3
10676,97,88,9,9
10677,87,86,1,1
10678,65,70,-5,5
10679,84,81,3,3
10680,140,112,28,28
10681,88,81,7,7
10682,56,56,0,0
10683,131,116,15,15
10684,107,99,8,8
10685,93,84,9,9
10686,125,111,14,14
10687,204,173,31,31
10688,128,113,15,15
10689,80,75,5,5
10690,161,165,-4,4
10691,114,103,11,11
10692,96,77,19,19
10693,79,80,-1,1
10694,60,61,-1,1
10695,176,151,25,25
10696,41,42,-1,1
10697,50,57,-7,7
10698,45,46,-1,1
10699,168,125,43,43
10700,65,66,-1,1
10701,57,47,10,10
10702,98,92,6,6
10703,77,76,1,1
10704,84,80,4,4
10705,76,80,-4,4
10706,75,83,-8,8
10707,93,89,4,4
10708,71,98,-27,27
10709,87,80,7,7
10710,65,69,-4,4
10711,130,110,20,20
10712,74,64,10,10
10713,34,40,-6,6
10714,129,104,25,25
10715,114,111,3,3
10716,70,68,2,2
10717,50,60,-10,10
10718,93,83,10,10
10719,55,53,2,2
10720,94,81,13,13
10721,46,40,6,6
10722,50,49,1,1
10723,104,91,13,13
10724,118,106,12,12
10725,102,95,7,7
10726,84,82,2,2
10727,165,158,7,7
10728,97,94,3,3
10729,92,89,3,3
10730,89,75,14,14
10731,76,77,-1,1
10732,75,87,-12,12
10733,142,130,12,12
10734,96,93,3,3
10735,145,132,13,13
10736,87,88,-1,1
10737,64,63,1,1
10738,48,61,-13,13
10739,94,85,9,9
10740,69,64,5,5
10741,66,60,6,6
10742,131,112,19,19
10743,98,88,10,10
10744,94,92,2,2
10745,65,68,-3,3
10746,89,87,2,2
10747,128,114,14,14
10748,144,124,20,20
10749,53,63,-10,10
10750,108,105,3,3
10751,29,40,-11,11
10752,58,59,-1,1
10753,94,98,-4,4
10754,74,72,2,2
10755,133,119,14,14
10756,75,72,3,3
10757,87,80,7,7
10758,133,120,13,13
10759,74,70,4,4
10760,80,78,2,2
10761,52,55,-3,3
10762,116,107,9,9
10763,158,140,18,18
10764,224,186,38,38
10765,97,94,3,3
10766,128,114,14,14
10767,102,96,6,6
10768,114,100,14,14
10769,41,46,-5,5
10770,86,82,4,4
10771,42,46,-4,4
10772,111,100,11,11
10773,142,132,10,10
10774,68,73,-5,5
10775,65,69,-4,4
10776,116,113,3,3
10777,91,82,9,9
10778,157,137,20,20
10779,140,125,15,15
10780,126,108,18,18
10781,77,72,5,5
10782,86,84,2,2
10783,102,100,2,2
10784,95,87,8,8
10785,64,66,-2,2
10786,103,111,-8,8
10787,55,66,-11,11
10788,77,81,-4,4
10789,160,137,23,23
10790,58,60,-2,2
10791,191,172,19,19
10792,121,116,5,5
10793,77,68,9,9
10794,161,140,21,21
10795,65,64,1,1
10796,80,91,-11,11
10797,77,81,-4,4
10798,67,77,-10,10
10799,51,57,-6,6
10800,76,74,2,2
10801,155,130,25,25
10802,96,83,13,13
10803,65,68,-3,3
10804,98,92,6,6
10805,101,95,6,6
10806,49,44,5,5
10807,112,102,10,10
10808,81,66,15,15
10809,49,53,-4,4
10810,65,64,1,1
10811,90,82,8,8
10812,126,108,18,18
10813,48,49,-1,1
10814,120,114,6,6
10815,55,61,-6,6
10816,75,84,-9,9
10817,83,96,-13,13
10818,135,117,18,18
10819,131,120,11,11
10820,117,114,3,3
10821,88,80,8,8
10822,92,88,4,4
10823,90,96,-6,6
10824,98,97,1,1
10825,101,92,9,9
10826,138,128,10,10
10827,84,84,0,0
10828,104,99,5,5
10829,98,105,-7,7
10830,87,85,2,2
10831,102,102,0,0
10832,81,82,-1,1
10833,75,79,-4,4
10834,145,126,19,19
10835,114,103,11,11
10836,63,66,-3,3
10837,51,55,-4,4
10838,109,102,7,7
10839,69,67,2,2
10840,87,97,-10,10
10841,72,67,5,5
10842,114,107,7,7
10843,96,81,15,15
10844,140,136,4,4
10845,171,150,21,21
10846,97,94,3,3
10847,77,75,2,2
10848,125,101,24,24
10849,75,75,0,0
10850,98,101,-3,3
10851,118,108,10,10
10852,120,107,13,13
10853,69,70,-1,1
10854,57,56,1,1
10855,129,108,21,21
10856,127,112,15,15
10857,81,82,-1,1
10858,102,101,1,1
10859,154,131,23,23
10860,116,105,11,11
10861,47,47,0,0
10862,124,109,15,15
10863,124,109,15,15
10864,138,118,20,20
10865,82,82,0,0
10866,120,106,14,14
10867,114,96,18,18
10868,90,86,4,4
10869,88,82,6,6
10870,53,53,0,0
10871,84,75,9,9
10872,80,80,0,0
10873,147,127,20,20
10874,79,85,-6,6
10875,115,101,14,14
10876,80,78,2,2
10877,117,107,10,10
10878,123,110,13,13
10879,54,62,-8,8
10880,93,85,8,8
10881,145,129,16,16
10882,128,122,6,6
10883,73,73,0,0
10884,51,51,0,0
10885,65,67,-2,2
10886,102,105,-3,3
10887,95,95,0,0
10888,58,58,0,0
10889,49,60,-11,11
10890,113,105,8,8
10891,121,117,4,4
10892,148,134,14,14
10893,139,130,9,9
10894,96,102,-6,6
10895,143,124,19,19
10896,92,92,0,0
10897,78,74,4,4
10898,11,26,-15,15
10899,66,70,-4,4
10900,79,77,2,2
10901,70,70,0,0
10902,67,70,-3,3
10903,77,75,2,2
10904,144,130,14,14
10905,84,82,2,2
10906,50,47,3,3
10907,79,72,7,7
10908,90,95,-5,5
10909,62,57,5,5
10910,134,134,0,0
10911,110,99,11,11
10912,78,96,-18,18
10913,142,116,26,26
10914,79,82,-3,3
10915,143,126,17,17
10916,80,83,-3,3
10917,37,40,-3,3
10918,70,66,4,4
10919,96,97,-1,1
10920,135,130,5,5
10921,76,73,3,3
10922,181,155,26,26
10923,105,103,2,2
10924,49,47,2,2
10925,65,72,-7,7
10926,139,119,20,20
10927,38,43,-5,5
10928,83,85,-2,2
10929,56,61,-5,5
10930,120,101,19,19
10931,109,105,4,4
10932,160,139,21,21
10933,117,118,-1,1
10934,92,93,-1,1
10935,99,92,7,7
10936,114,104,10,10
10937,70,63,7,7
10938,93,94,-1,1
10939,112,100,12,12
10940,118,101,17,17
10941,72,65,7,7
10942,51,59,-8,8
10943,119,100,19,19
10944,85,81,4,4
10945,101,104,-3,3
10946,78,81,-3,3
10947,75,75,0,0
10948,69,78,-9,9
10949,120,108,12,12
10950,72,72,0,0
10951,64,79,-15,15
10952,80,78,2,2
10953,80,85,-5,5
10954,75,70,5,5
10955,76,73,3,3
10956,157,130,27,27
10957,80,94,-14,14
10958,117,110,7,7
10959,103,88,15,15
10960,129,105,24,24
10961,139,124,15,15
10962,98,93,5,5
10963,87,79,8,8
10964,165,135,30,30
10965,73,75,-2,2
10966,137,124,13,13
10967,150,141,9,9
10968,74,80,-6,6
10969,157,135,22,22
10970,82,94,-12,12
10971,74,68,6,6
10972,37,49,-12,12
10973,95,90,5,5
10974,104,95,9,9
10975,124,118,6,6
10976,37,45,-8,8
10977,80,96,-16,16
10978,80,87,-7,7
10979,88,81,7,7
10980,147,115,32,32
10981,65,71,-6,6
10982,101,97,4,4
10983,93,88,5,5
10984,71,71,0,0
10985,64,59,5,5
10986,71,74,-3,3
10987,60,69,-9,9
10988,64,78,-14,14
10989,55,58,-3,3
10990,48,71,-23,23
10991,141,120,21,21
10992,95,88,7,7
10993,58,60,-2,2
10994,95,88,7,7
10995,71,76,-5,5
10996,89,83,6,6
10997,125,113,12,12
10998,170,160,10,10
10999,153,140,13,13
11000,84,83,1,1
11001,137,126,11,11
11002,81,75,6,6
11003,77,87,-10,10
11004,75,80,-5,5
11005,110,103,7,7
11006,53,56,-3,3
11007,92,83,9,9
11008,105,110,-5,5
11009,55,59,-4,4
11010,85,93,-8,8
11011,141,116,25,25
11012,126,119,7,7
11013,82,79,3,3
11014,124,109,15,15
11015,76,87,-11,11
11016,126,103,23,23
11017,56,59,-3,3
11018,65,65,0,0
11019,91,93,-2,2
11020,65,69,-4,4
11021,84,83,1,1
11022,95,92,3,3
11023,109,92,17,17
11024,74,69,5,5
11025,60,57,3,3
11026,65,60,5,5
11027,77,74,3,3
11028,79,76,3,3
11029,65,63,2,2
11030,110,102,8,8
11031,116,118,-2,2
11032,67,70,-3,3
11033,83,82,1,1
11034,120,107,13,13
11035,157,119,38,38
11036,123,113,10,10
11037,80,77,3,3
11038,99,105,-6,6
11039,88,80,8,8
11040,67,81,-14,14
11041,134,123,11,11
11042,76,71,5,5
11043,96,100,-4,4
11044,83,86,-3,3
11045,57,61,-4,4
11046,93,86,7,7
11047,60,61,-1,1
11048,85,81,4,4
11049,62,71,-9,9
11050,110,104,6,6
11051,108,103,5,5
11052,66,64,2,2
11053,67,81,-14,14
11054,71,67,4,4
11055,79,76,3,3
11056,145,136,9,9
11057,62,72,-10,10
11058,60,70,-10,10
11059,126,117,9,9
11060,120,113,7,7
11061,67,70,-3,3
11062,96,94,2,2
11063,54,54,0,0
11064,66,61,5,5
11065,101,96,5,5
11066,83,74,9,9
11067,120,104,16,16
11068,186,165,21,21
11069,72,71,1,1
11070,91,88,3,3
11071,158,134,24,24
11072,67,70,-3,3
11073,118,95,23,23
11074,63,58,5,5
11075,105,97,8,8
11076,124,104,20,20
11077,108,86,22,22
11078,121,105,16,16
11079,39,39,0,0
11080,90,89,1,1
11081,218,205,13,13
11082,71,79,-8,8
11083,81,84,-3,3
11084,61,57,4,4
11085,86,77,9,9
11086,59,57,2,2
11087,168,157,11,11
11088,86,91,-5,5
11089,104,103,1,1
11090,89,87,2,2
11091,80,77,3,3
11092,81,77,4,4
11093,87,80,7,7
11094,119,102,17,17
11095,136,117,19,19
11096,113,100,13,13
11097,68,75,-7,7
11098,86,73,13,13
11099,103,97,6,6
11100,72,79,-7,7
11101,142,136,6,6
11102,172,171,1,1
11103,166,148,18,18
11104,96,100,-4,4
11105,106,113,-7,7
11106,125,112,13,13
11107,125,111,14,14
11108,75,96,-21,21
11109,94,83,11,11
11110,103,99,4,4
11111,58,55,3,3
11112,81,74,7,7
11113,133,111,22,22
11114,122,114,8,8
11115,99,99,0,0
11116,67,69,-2,2
11117,126,112,14,14
11118,91,82,9,9
11119,73,75,-2,2
11120,89,90,-1,1
11121,124,129,-5,5
11122,68,57,11,11
11123,126,114,12,12
11124,76,78,-2,2
11125,167,137,30,30
11126,36,39,-3,3
11127,137,123,14,14
11128,93,88,5,5
11129,115,105,10,10
11130,125,110,15,15
11131,79,76,3,3
11132,59,61,-2,2
11133,90,86,4,4
11134,73,72,1,1
11135,74,70,4,4
11136,111,99,12,12
11137,129,117,12,12
11138,80,80,0,0
11139,97,89,8,8
11140,83,80,3,3
11141,129,114,15,15
11142,120,109,11,11
11143,93,82,11,11
11144,95,100,-5,5
11145,101,98,3,3
11146,93,93,0,0
11147,112,117,-5,5
11148,103,99,4,4
11149,60,64,-4,4
11150,95,103,-8,8
11151,62,59,3,3
11152,69,71,-2,2
11153,83,93,-10,10
11154,53,48,5,5
11155,98,85,13,13
11156,101,103,-2,2
11157,73,81,-8,8
11158,94,99,-5,5
11159,55,57,-2,2
11160,93,100,-7,7
11161,70,73,-3,3
11162,102,105,-3,3
11163,75,70,5,5
11164,77,67,10,10
11165,96,88,8,8
11166,93,97,-4,4
11167,78,82,-4,4
11168,155,130,25,25
11169,94,91,3,3
11170,66,67,-1,1
11171,71,82,-11,11
11172,96,87,9,9
11173,143,130,13,13
11174,60,61,-1,1
11175,79,83,-4,4
11176,93,85,8,8
11177,126,114,12,12
11178,128,110,18,18
11179,103,91,12,12
11180,95,89,6,6
11181,86,93,-7,7
11182,95,87,8,8
11183,68,67,1,1
11184,102,102,0,0
11185,74,74,0,0
11186,94,112,-18,18
11187,83,66,17,17
11188,107,102,5,5
11189,65,59,6,6
11190,66,71,-5,5
11191,113,105,8,8
11192,164,135,29,29
11193,60,63,-3,3
11194,139,139,0,0
11195,96,97,-1,1
11196,87,73,14,14
11197,113,104,9,9
11198,180,159,21,21
11199,106,97,9,9
11200,73,74,-1,1
11201,121,117,4,4
11202,125,114,11,11
11203,62,65,-3,3
11204,56,54,2,2
11205,81,78,3,3
11206,103,95,8,8
11207,107,97,10,10
11208,70,66,4,4
11209,107,94,13,13
11210,167,187,-20,20
11211,72,56,16,16
11212,123,108,15,15
11213,178,172,6,6
11214,142,139,3,3
11215,138,116,22,22
11216,148,123,25,25
11217,141,131,10,10
11218,119,119,0,0
11219,67,70,-3,3
11220,126,128,-2,2
11221,35,66,-31,31
11222,86,86,0,0
11223,82,90,-8,8
11224,135,148,-13,13
11225,111,99,12,12
11226,145,131,14,14
11227,99,80,19,19
11228,69,74,-5,5
11229,81,87,-6,6
11230,58,58,0,0
11231,58,70,-12,12
11232,141,109,32,32
11233,75,80,-5,5
11234,108,108,0,0
11235,128,124,4,4
11236,87,98,-11,11
11237,90,96,-6,6
11238,133,122,11,11
11239,73,70,3,3
11240,63,60,3,3
11241,73,75,-2,2
11242,136,131,5,5
11243,105,95,10,10
11244,60,62,-2,2
11245,102,93,9,9
11246,100,92,8,8
11247,57,60,-3,3
11248,71,73,-2,2
11249,76,72,4,4
11250,58,62,-4,4
11251,204,175,29,29
11252,96,91,5,5
11253,113,100,13,13
11254,114,93,21,21
11255,138,121,17,17
11256,79,84,-5,5
11257,142,121,21,21
11258,109,101,8,8
11259,141,126,15,15
11260,73,72,1,1
11261,89,84,5,5
11262,85,87,-2,2
11263,159,137,22,22
11264,107,100,7,7
11265,68,75,-7,7
11266,79,82,-3,3
11267,109,104,5,5
11268,78,70,8,8
11269,61,65,-4,4
11270,102,97,5,5
11271,140,132,8,8
11272,156,137,19,19
11273,155,136,19,19
11274,118,101,17,17
11275,85,80,5,5
11276,162,138,24,24
11277,105,102,3,3
11278,100,96,4,4
11279,102,88,14,14
11280,130,113,17,17
11281,55,62,-7,7
11282,69,77,-8,8
11283,89,81,8,8
11284,39,50,-11,11
11285,139,118,21,21
11286,94,90,4,4
11287,79,71,8,8
11288,171,148,23,23
11289,139,121,18,18
11290,85,84,1,1
11291,86,84,2,2
11292,114,100,14,14
11293,134,115,19,19
11294,51,53,-2,2
11295,47,58,-11,11
11296,56,63,-7,7
11297,72,71,1,1
11298,96,99,-3,3
11299,143,130,13,13
11300,115,93,22,22
11301,99,101,-2,2
11302,91,97,-6,6
11303,85,83,2,2
11304,151,124,27,27
11305,42,54,-12,12
11306,125,112,13,13
11307,41,69,-28,28
11308,137,104,33,33
11309,100,92,8,8
11310,143,116,27,27
11311,174,157,17,17
11312,81,75,6,6
11313,106,97,9,9
11314,150,125,25,25
11315,66,70,-4,4
11316,119,109,10,10
11317,133,106,27,27
11318,58,64,-6,6
11319,90,87,3,3
11320,111,104,7,7
11321,157,130,27,27
11322,106,98,8,8
11323,121,110,11,11
11324,61,64,-3,3
11325,111,104,7,7
11326,88,86,2,2
11327,81,82,-1,1
11328,93,87,6,6
11329,77,76,1,1
11330,163,130,33,33
11331,104,97,7,7
11332,76,70,6,6
11333,52,57,-5,5
11334,87,90,-3,3
11335,104,97,7,7
11336,62,58,4,4
11337,112,108,4,4
11338,76,80,-4,4
11339,129,117,12,12
11340,106,106,0,0
11341,63,66,-3,3
11342,87,86,1,1
11343,106,102,4,4
11344,86,74,12,12
11345,88,86,2,2
11346,89,88,1,1
11347,71,73,-2,2
11348,116,100,16,16
11349,55,59,-4,4
11350,83,89,-6,6
11351,64,70,-6,6
11352,71,68,3,3
11353,128,109,19,19
11354,57,58,-1,1
11355,127,121,6,6
11356,47,44,3,3
11357,94,85,9,9
11358,60,57,3,3
11359,60,68,-8,8
11360,55,65,-10,10
11361,97,95,2,2
11362,82,81,1,1
11363,109,100,9,9
11364,111,102,9,9
11365,61,62,-1,1
11366,70,74,-4,4
11367,79,77,2,2
11368,107,102,5,5
11369,89,84,5,5
11370,60,58,2,2
11371,147,133,14,14
11372,83,80,3,3
11373,104,97,7,7
11374,134,131,3,3
11375,88,86,2,2
11376,35,40,-5,5
11377,117,119,-2,2
11378,78,77,1,1
11379,149,129,20,20
11380,85,83,2,2
11381,97,92,5,5
11382,115,113,2,2
11383,109,90,19,19
11384,81,80,1,1
11385,81,86,-5,5
11386,93,96,-3,3
11387,123,118,5,5
11388,95,90,5,5
11389,102,91,11,11
11390,57,55,2,2
11391,179,164,15,15
11392,126,120,6,6
11393,62,61,1,1
11394,65,73,-8,8
11395,109,97,12,12
11396,74,75,-1,1
11397,113,106,7,7
11398,121,107,14,14
11399,114,105,9,9
11400,63,67,-4,4
11401,103,95,8,8
11402,80,73,7,7
11403,45,74,-29,29
11404,93,90,3,3
11405,121,106,15,15
11406,166,152,14,14
11407,63,76,-13,13
11408,66,58,8,8
11409,55,76,-21,21
11410,116,109,7,7
11411,96,91,5,5
11412,76,72,4,4
11413,54,61,-7,7
11414,108,102,6,6
11415,51,53,-2,2
11416,109,98,11,11
11417,75,72,3,3
11418,86,91,-5,5
11419,82,89,-7,7
11420,36,43,-7,7
11421,64,72,-8,8
11422,119,99,20,20
11423,53,61,-8,8
11424,73,73,0,0
11425,58,56,2,2
11426,41,45,-4,4
11427,58,66,-8,8
11428,118,109,9,9
11429,134,116,18,18
11430,75,77,-2,2
11431,50,57,-7,7
11432,98,95,3,3
11433,33,39,-6,6
11434,109,96,13,13
11435,79,81,-2,2
11436,60,60,0,0
11437,100,101,-1,1
11438,85,76,9,9
11439,75,77,-2,2
11440,82,79,3,3
11441,57,62,-5,5
11442,164,149,15,15
11443,157,136,21,21
11444,76,71,5,5
11445,72,76,-4,4
11446,57,81,-24,24
11447,96,103,-7,7
11448,90,85,5,5
11449,100,94,6,6
11450,129,114,15,15
11451,91,83,8,8
11452,98,91,7,7
11453,102,94,8,8
11454,198,184,14,14
11455,78,74,4,4
11456,60,60,0,0
11457,173,154,19,19
11458,98,93,5,5
11459,72,70,2,2
11460,90,112,-22,22
11461,170,145,25,25
11462,163,139,24,24
11463,77,80,-3,3
11464,66,72,-6,6
11465,67,61,6,6
11466,66,77,-11,11
11467,99,84,15,15
11468,86,82,4,4
11469,85,84,1,1
11470,71,70,1,1
11471,136,116,20,20
11472,86,80,6,6
11473,60,63,-3,3
11474,119,110,9,9
11475,132,119,13,13
11476,114,111,3,3
11477,66,66,0,0
11478,147,125,22,22
11479,90,86,4,4
11480,112,103,9,9
11481,68,61,7,7
11482,119,105,14,14
11483,121,107,14,14
11484,70,94,-24,24
11485,124,107,17,17
11486,47,52,-5,5
11487,70,79,-9,9
11488,80,72,8,8
11489,44,47,-3,3
11490,75,81,-6,6
11491,65,70,-5,5
11492,80,71,9,9
11493,95,93,2,2
11494,124,110,14,14
11495,50,60,-10,10
11496,133,114,19,19
11497,77,77,0,0
11498,105,101,4,4
11499,70,69,1,1
11500,86,83,3,3
11501,97,83,14,14
11502,80,77,3,3
11503,98,97,1,1
11504,106,103,3,3
11505,74,71,3,3
11506,66,68,-2,2
11507,118,111,7,7
11508,110,96,14,14
11509,156,136,20,20
11510,67,64,3,3
11511,170,127,43,43
11512,117,101,16,16
11513,101,95,6,6
11514,130,115,15,15
11515,93,98,-5,5
11516,105,95,10,10
11517,41,59,-18,18
11518,84,70,14,14
11519,59,62,-3,3
11520,141,125,16,16
11521,47,67,-20,20
11522,114,90,24,24
11523,137,121,16,16
11524,126,125,1,1
11525,62,62,0,0
11526,111,105,6,6
11527,74,77,-3,3
11528,81,76,5,5
11529,160,142,18,18
11530,102,96,6,6
11531,91,81,10,10
11532,83,84,-1,1
11533,72,62,10,10
11534,68,74,-6,6
11535,126,106,20,20
11536,77,81,-4,4
11537,160,129,31,31
11538,106,101,5,5
11539,81,81,0,0
11540,170,127,43,43
11541,131,115,16,16
11542,50,65,-15,15
11543,115,103,12,12
11544,70,76,-6,6
11545,109,111,-2,2
11546,72,64,8,8
11547,74,77,-3,3
11548,67,69,-2,2
11549,81,74,7,7
11550,83,82,1,1
11551,105,97,8,8
11552,95,99,-4,4
11553,133,113,20,20
11554,115,114,1,1
11555,98,91,7,7
11556,55,46,9,9
11557,109,103,6,6
11558,50,59,-9,9
11559,145,122,23,23
11560,89,78,11,11
11561,85,84,1,1
11562,85,83,2,2
11563,65,84,-19,19
11564,86,86,0,0
11565,105,91,14,14
11566,53,56,-3,3
11567,60,65,-5,5
11568,121,105,16,16
11569,52,63,-11,11
11570,53,58,-5,5
11571,164,148,16,16
11572,92,95,-3,3
11573,100,97,3,3
11574,111,100,11,11
11575,67,65,2,2
11576,169,146,23,23
11577,86,81,5,5
11578,51,46,5,5
11579,96,91,5,5
11580,97,80,17,17
11581,82,70,12,12
11582,75,75,0,0
11583,103,96,7,7
11584,91,83,8,8
11585,108,103,5,5
11586,85,87,-2,2
11587,137,124,13,13
11588,88,88,0,0
11589,167,138,29,29
11590,65,70,-5,5
11591,92,81,11,11
11592,98,85,13,13
11593,68,69,-1,1
11594,65,63,2,2
11595,60,59,1,1
11596,71,68,3,3
11597,50,51,-1,1
11598,79,80,-1,1
11599,102,94,8,8
11600,85,80,5,5
11601,69,69,0,0
11602,105,102,3,3
11603,114,102,12,12
11604,77,76,1,1
11605,70,63,7,7
11606,80,78,2,2
11607,137,133,4,4
11608,105,96,9,9
11609,83,90,-7,7
11610,95,91,4,4
11611,70,80,-10,10
11612,183,160,23,23
11613,50,58,-8,8
11614,164,144,20,20
11615,125,109,16,16
11616,90,86,4,4
11617,108,100,8,8
11618,150,131,19,19
11619,90,82,8,8
11620,73,71,2,2
11621,86,92,-6,6
11622,91,96,-5,5
11623,108,97,11,11
11624,120,106,14,14
11625,127,104,23,23
11626,65,59,6,6
11627,121,91,30,30
11628,80,73,7,7
11629,89,74,15,15
11630,81,74,7,7
11631,96,78,18,18
11632,119,108,11,11
11633,118,110,8,8
11634,128,120,8,8
11635,56,70,-14,14
11636,56,63,-7,7
11637,86,81,5,5
11638,79,74,5,5
11639,116,98,18,18
11640,69,71,-2,2
11641,111,88,23,23
11642,81,91,-10,10
11643,56,59,-3,3
11644,119,114,5,5
11645,82,74,8,8
11646,81,76,5,5
11647,136,111,25,25
11648,127,120,7,7
11649,108,108,0,0
11650,129,119,10,10
11651,74,92,-18,18
11652,63,78,-15,15
11653,168,141,27,27
11654,100,98,2,2
11655,66,70,-4,4
11656,70,77,-7,7
11657,101,94,7,7
11658,112,95,17,17
11659,102,87,15,15
11660,124,110,14,14
11661,82,80,2,2
11662,94,93,1,1
11663,70,80,-10,10
11664,72,75,-3,3
11665,67,68,-1,1
11666,117,119,-2,2
11667,47,44,3,3
11668,110,97,13,13
11669,93,88,5,5
11670,64,62,2,2
11671,134,124,10,10
11672,66,65,1,1
11673,69,60,9,9
11674,99,98,1,1
11675,137,120,17,17
11676,58,61,-3,3
11677,85,79,6,6
11678,94,87,7,7
11679,104,99,5,5
11680,108,99,9,9
11681,89,82,7,7
11682,176,150,26,26
11683,88,88,0,0
11684,46,53,-7,7
11685,94,94,0,0
11686,162,144,18,18
11687,92,86,6,6
11688,96,88,8,8
11689,124,115,9,9
11690,74,80,-6,6
11691,68,74,-6,6
11692,67,72,-5,5
11693,90,92,-2,2
11694,87,87,0,0
11695,86,80,6,6
11696,68,70,-2,2
11697,90,84,6,6
11698,77,82,-5,5
11699,126,101,25,25
11700,126,111,15,15
11701,94,97,-3,3
11702,172,151,21,21
11703,63,88,-25,25
11704,101,92,9,9
11705,148,130,18,18
11706,87,89,-2,2
11707,127,108,19,19
11708,121,98,23,23
11709,142,135,7,7
11710,73,74,-1,1
11711,71,70,1,1
11712,103,118,-15,15
11713,39,41,-2,2
11714,99,99,0,0
11715,69,68,1,1
11716,182,152,30,30
11717,138,148,-10,10
11718,142,123,19,19
11719,114,112,2,2
11720,54,61,-7,7
11721,93,85,8,8
11722,110,96,14,14
11723,38,44,-6,6
11724,133,127,6,6
11725,143,120,23,23
11726,125,120,5,5
11727,69,69,0,0
11728,120,110,10,10
11729,121,123,-2,2
11730,71,67,4,4
11731,97,93,4,4
11732,104,94,10,10
11733,97,88,9,9
11734,47,52,-5,5
11735,184,157,27,27
11736,110,112,-2,2
11737,67,68,-1,1
11738,106,103,3,3
11739,66,78,-12,12
11740,118,101,17,17
11741,81,80,1,1
11742,83,83,0,0
11743,64,74,-10,10
11744,70,60,10,10
11745,50,54,-4,4
11746,93,82,11,11
11747,157,129,28,28
11748,51,51,0,0
11749,77,74,3,3
11750,87,81,6,6
11751,119,104,15,15
11752,115,103,12,12
11753,85,73,12,12
11754,63,78,-15,15
11755,91,92,-1,1
11756,67,65,2,2
11757,64,71,-7,7
11758,127,124,3,3
11759,67,70,-3,3
11760,71,71,0,0
11761,96,87,9,9
11762,111,106,5,5
11763,62,63,-1,1
11764,77,70,7,7
11765,174,163,11,11
11766,138,116,22,22
11767,65,67,-2,2
11768,116,101,15,15
11769,47,51,-4,4
11770,119,109,10,10
11771,94,82,12,12
11772,122,110,12,12
11773,92,94,-2,2
11774,148,117,31,31
11775,67,74,-7,7
11776,101,98,3,3
11777,86,82,4,4
11778,53,51,2,2
11779,77,80,-3,3
11780,126,106,20,20
11781,74,69,5,5
11782,91,87,4,4
11783,81,82,-1,1
11784,43,48,-5,5
11785,114,101,13,13
11786,79,80,-1,1
11787,96,88,8,8
11788,106,92,14,14
11789,79,85,-6,6
11790,120,122,-2,2
11791,107,100,7,7
11792,98,93,5,5
11793,47,45,2,2
11794,76,78,-2,2
11795,85,82,3,3
11796,67,78,-11,11
11797,79,74,5,5
11798,90,99,-9,9
11799,84,76,8,8
11800,152,125,27,27
11801,152,126,26,26
11802,87,83,4,4
11803,65,65,0,0
11804,83,80,3,3
11805,205,169,36,36
11806,151,139,12,12
11807,114,97,17,17
11808,83,89,-6,6
11809,66,73,-7,7
11810,66,69,-3,3
11811,105,96,9,9
11812,176,145,31,31
11813,166,144,22,22
11814,185,151,34,34
11815,108,102,6,6
11816,95,91,4,4
11817,67,81,-14,14
11818,87,84,3,3
11819,82,83,-1,1
11820,121,106,15,15
11821,71,82,-11,11
11822,62,67,-5,5
11823,113,90,23,23
11824,104,95,9,9
11825,68,71,-3,3
11826,93,92,1,1
11827,74,67,7,7
11828,60,63,-3,3
11829,80,83,-3,3
11830,70,75,-5,5
11831,75,78,-3,3
11832,76,69,7,7
11833,75,70,5,5
11834,80,71,9,9
11835,45,56,-11,11
11836,93,99,-6,6
11837,99,101,-2,2
11838,77,82,-5,5
11839,89,82,7,7
11840,143,141,2,2
11841,83,86,-3,3
11842,102,96,6,6
11843,122,115,7,7
11844,118,102,16,16
11845,132,105,27,27
11846,102,100,2,2
11847,75,70,5,5
11848,105,102,3,3
11849,124,105,19,19
11850,75,72,3,3
11851,47,55,-8,8
11852,130,121,9,9
11853,147,126,21,21
11854,134,117,17,17
11855,71,72,-1,1
11856,72,71,1,1
11857,42,50,-8,8
11858,97,86,11,11
11859,99,100,-1,1
11860,147,140,7,7
11861,127,115,12,12
11862,65,64,1,1
11863,73,87,-14,14
11864,54,61,-7,7
11865,87,87,0,0
11866,125,123,2,2
11867,120,115,5,5
11868,75,74,1,1
11869,101,100,1,1
11870,139,123,16,16
11871,93,86,7,7
11872,85,86,-1,1
11873,162,137,25,25
11874,158,137,21,21
11875,234,182,52,52
11876,76,76,0,0
11877,68,64,4,4
11878,60,60,0,0
11879,115,103,12,12
11880,92,88,4,4
11881,99,79,20,20
11882,95,89,6,6
11883,69,82,-13,13
11884,53,61,-8,8
11885,100,91,9,9
11886,157,139,18,18
11887,103,93,10,10
11888,117,109,8,8
11889,100,91,9,9
11890,95,85,10,10
11891,146,122,24,24
11892,97,91,6,6
11893,49,49,0,0
11894,83,82,1,1
11895,89,79,10,10
11896,97,96,1,1
11897,98,97,1,1
11898,99,95,4,4
11899,52,61,-9,9
11900,92,90,2,2
11901,128,123,5,5
11902,60,59,1,1
11903,47,50,-3,3
11904,106,94,12,12
11905,78,69,9,9
11906,143,136,7,7
11907,90,83,7,7
11908,125,112,13,13
11909,80,86,-6,6
11910,114,104,10,10
11911,161,133,28,28
11912,120,109,11,11
11913,41,64,-23,23
11914,38,45,-7,7
11915,105,108,-3,3
11916,48,47,1,1
11917,58,59,-1,1
11918,112,100,12,12
11919,59,61,-2,2
11920,76,79,-3,3
11921,118,108,10,10
11922,77,72,5,5
11923,51,57,-6,6
11924,76,69,7,7
11925,56,61,-5,5
11926,40,46,-6,6
11927,69,69,0,0
11928,77,75,2,2
11929,91,88,3,3
11930,149,131,18,18
11931,110,101,9,9
11932,115,112,3,3
11933,117,106,11,11
11934,93,85,8,8
11935,31,33,-2,2
11936,111,116,-5,5
11937,79,85,-6,6
11938,72,72,0,0
11939,44,50,-6,6
11940,89,85,4,4
11941,51,56,-5,5
11942,186,171,15,15
11943,144,122,22,22
11944,98,88,10,10
11945,68,66,2,2
11946,82,80,2,2
11947,110,95,15,15
11948,101,77,24,24
11949,73,73,0,0
11950,106,102,4,4
11951,50,49,1,1
11952,128,113,15,15
11953,82,81,1,1
11954,39,65,-26,26
11955,57,58,-1,1
11956,100,95,5,5
11957,132,115,17,17
11958,58,63,-5,5
11959,65,61,4,4
11960,46,50,-4,4
11961,90,83,7,7
11962,132,118,14,14
11963,84,86,-2,2
11964,95,91,4,4
11965,152,138,14,14
11966,67,70,-3,3
11967,96,101,-5,5
11968,78,81,-3,3
11969,99,86,13,13
11970,71,77,-6,6
11971,116,102,14,14
11972,122,117,5,5
11973,81,80,1,1
11974,42,49,-7,7
11975,121,110,11,11
11976,144,130,14,14
11977,190,171,19,19
11978,132,117,15,15
11979,112,97,15,15
11980,106,89,17,17
11981,104,90,14,14
11982,79,75,4,4
11983,81,82,-1,1
11984,92,102,-10,10
11985,55,59,-4,4
11986,85,79,6,6
11987,72,72,0,0
11988,48,49,-1,1
11989,92,97,-5,5
11990,44,46,-2,2
11991,112,103,9,9
11992,118,106,12,12
11993,74,79,-5,5
11994,102,88,14,14
11995,93,95,-2,2
11996,113,100,13,13
11997,89,91,-2,2
11998,133,118,15,15
11999,45,50,-5,5
12000,53,56,-3,3
12001,139,123,16,16
12002,61,60,1,1
12003,85,97,-12,12
12004,67,66,1,1
12005,81,79,2,2
12006,33,36,-3,3
12007,74,75,-1,1
12008,81,78,3,3
12009,81,83,-2,2
12010,114,103,11,11
12011,158,144,14,14
12012,59,66,-7,7
12013,60,67,-7,7
12014,111,101,10,10
12015,102,93,9,9
12016,89,80,9,9
12017,80,76,4,4
12018,73,76,-3,3
12019,53,53,0,0
12020,124,113,11,11
12021,108,101,7,7
12022,101,86,15,15
12023,93,94,-1,1
12024,69,81,-12,12
12025,111,108,3,3
12026,74,80,-6,6
12027,80,79,1,1
12028,101,87,14,14
12029,127,132,-5,5
12030,78,74,4,4
12031,143,137,6,6
12032,114,118,-4,4
12033,49,73,-24,24
12034,115,112,3,3
12035,103,85,18,18
12036,84,86,-2,2
12037,88,86,2,2
12038,92,86,6,6
12039,108,106,2,2
12040,90,84,6,6
12041,65,69,-4,4
12042,60,59,1,1
12043,72,71,1,1
12044,129,127,2,2
12045,76,74,2,2
12046,109,107,2,2
12047,88,97,-9,9
12048,60,60,0,0
12049,47,41,6,6
12050,100,90,10,10
12051,117,114,3,3
12052,125,106,19,19
12053,113,101,12,12
12054,54,55,-1,1
12055,111,110,1,1
12056,156,130,26,26
12057,110,100,10,10
12058,82,83,-1,1
12059,114,100,14,14
12060,68,71,-3,3
12061,66,74,-8,8
12062,90,89,1,1
12063,63,63,0,0
12064,100,95,5,5
12065,66,70,-4,4
12066,141,124,17,17
12067,79,76,3,3
12068,104,88,16,16
12069,140,117,23,23
12070,72,73,-1,1
12071,39,42,-3,3
12072,118,104,14,14
12073,97,84,13,13
12074,95,100,-5,5
12075,86,85,1,1
12076,90,85,5,5
12077,86,96,-10,10
12078,95,89,6,6
12079,118,102,16,16
12080,94,85,9,9
12081,130,121,9,9
12082,58,57,1,1
12083,121,116,5,5
12084,125,116,9,9
12085,150,138,12,12
12086,102,96,6,6
12087,122,103,19,19
12088,109,101,8,8
12089,74,77,-3,3
12090,93,84,9,9
12091,53,56,-3,3
12092,117,113,4,4
12093,93,90,3,3
12094,191,180,11,11
12095,142,110,32,32
12096,123,101,22,22
12097,83,85,-2,2
12098,127,115,12,12
12099,83,83,0,0
12100,85,80,5,5
12101,83,83,0,0
12102,94,83,11,11
12103,164,139,25,25
12104,72,63,9,9
12105,76,58,18,18
12106,122,101,21,21
12107,59,39,20,20
12108,87,82,5,5
12109,88,65,23,23
12110,61,62,-1,1
12111,154,131,23,23
12112,159,136,23,23
12113,163,134,29,29
12114,104,95,9,9
12115,121,116,5,5
12116,116,100,16,16
12117,98,98,0,0
12118,84,83,1,1
12119,42,46,-4,4
12120,78,75,3,3
12121,99,106,-7,7
12122,77,89,-12,12
12123,189,156,33,33
12124,66,78,-12,12
12125,144,133,11,11
12126,196,168,28,28
12127,107,97,10,10
12128,68,73,-5,5
12129,88,82,6,6
12130,36,45,-9,9
12131,107,103,4,4
12132,123,105,18,18
12133,62,62,0,0
12134,207,178,29,29
12135,89,84,5,5
12136,74,77,-3,3
12137,87,85,2,2
12138,135,123,12,12
12139,72,69,3,3
12140,183,127,56,56
12141,118,120,-2,2
12142,110,84,26,26
12143,111,103,8,8
12144,122,103,19,19
12145,90,90,0,0
12146,121,114,7,7
12147,58,62,-4,4
12148,126,113,13,13
12149,105,91,14,14
12150,109,100,9,9
12151,71,73,-2,2
12152,148,134,14,14
12153,95,94,1,1
12154,103,97,6,6
12155,90,86,4,4
12156,77,79,-2,2
12157,126,111,15,15
12158,141,124,17,17
12159,134,113,21,21
12160,49,46,3,3
12161,99,95,4,4
12162,130,112,18,18
12163,74,70,4,4
12164,64,63,1,1
12165,196,160,36,36
12166,106,106,0,0
12167,100,98,2,2
12168,88,81,7,7
12169,116,104,12,12
12170,107,101,6,6
12171,128,117,11,11
12172,93,83,10,10
12173,150,125,25,25
12174,92,81,11,11
12175,96,86,10,10
12176,115,102,13,13
12177,111,97,14,14
12178,87,89,-2,2
12179,69,70,-1,1
12180,139,136,3,3
12181,104,101,3,3
12182,115,110,5,5
12183,114,99,15,15
12184,58,60,-2,2
12185,77,76,1,1
12186,79,82,-3,3
12187,114,109,5,5
12188,111,108,3,3
12189,102,94,8,8
12190,161,144,17,17
12191,197,170,27,27
12192,72,65,7,7
12193,142,131,11,11
12194,49,58,-9,9
12195,63,66,-3,3
12196,135,127,8,8
12197,192,159,33,33
12198,47,52,-5,5
12199,110,102,8,8
12200,71,72,-1,1
12201,108,106,2,2
12202,137,128,9,9
12203,128,111,17,17
12204,137,123,14,14
12205,148,132,16,16
12206,82,81,1,1
12207,70,80,-10,10
12208,60,55,5,5
12209,115,103,12,12
12210,76,74,2,2
12211,86,80,6,6
12212,97,93,4,4
12213,122,111,11,11
12214,104,93,11,11
12215,149,141,8,8
12216,73,73,0,0
12217,88,83,5,5
12218,93,82,11,11
12219,94,89,5,5
12220,110,98,12,12
12221,56,72,-16,16
12222,66,70,-4,4
12223,73,74,-1,1
12224,96,95,1,1
12225,121,106,15,15
12226,122,118,4,4
12227,94,91,3,3
12228,88,97,-9,9
12229,130,123,7,7
12230,63,73,-10,10
12231,141,119,22,22
12232,54,63,-9,9
12233,73,74,-1,1
12234,71,71,0,0
12235,95,85,10,10
12236,121,103,18,18
12237,73,79,-6,6
12238,125,116,9,9
12239,67,74,-7,7
12240,121,107,14,14
12241,109,104,5,5
12242,64,69,-5,5
12243,96,87,9,9
12244,119,120,-1,1
12245,93,91,2,2
12246,75,74,1,1
12247,95,89,6,6
12248,66,70,-4,4
12249,99,95,4,4
12250,47,46,1,1
12251,84,97,-13,13
12252,165,183,-18,18
12253,97,90,7,7
12254,73,74,-1,1
12255,37,46,-9,9
12256,104,91,13,13
12257,71,72,-1,1
12258,65,68,-3,3
12259,66,59,7,7
12260,63,62,1,1
12261,96,93,3,3
12262,130,112,18,18
12263,141,127,14,14
12264,86,98,-12,12
12265,108,104,4,4
12266,128,106,22,22
12267,118,105,13,13
12268,83,77,6,6
12269,68,69,-1,1
12270,84,81,3,3
12271,105,94,11,11
12272,61,74,-13,13
12273,73,75,-2,2
12274,65,67,-2,2
12275,131,101,30,30
12276,118,102,16,16
12277,93,89,4,4
12278,76,71,5,5
12279,75,73,2,2
12280,65,69,-4,4
12281,70,64,6,6
12282,140,131,9,9
12283,95,86,9,9
12284,145,115,30,30
12285,82,71,11,11
12286,185,154,31,31
12287,71,71,0,0
12288,100,100,0,0
12289,99,89,10,10
12290,64,68,-4,4
12291,65,68,-3,3
12292,51,49,2,2
12293,79,86,-7,7
12294,50,57,-7,7
12295,128,128,0,0
12296,109,97,12,12
12297,106,88,18,18
12298,50,56,-6,6
12299,126,112,14,14
12300,105,100,5,5
12301,39,49,-10,10
12302,70,70,0,0
12303,134,97,37,37
12304,46,56,-10,10
12305,81,81,0,0
12306,115,105,10,10
12307,56,65,-9,9
12308,90,83,7,7
12309,107,95,12,12
12310,38,45,-7,7
12311,112,99,13,13
12312,86,88,-2,2
12313,102,95,7,7
12314,81,85,-4,4
12315,133,117,16,16
12316,65,64,1,1
12317,67,76,-9,9
12318,63,70,-7,7
12319,105,92,13,13
12320,81,80,1,1
12321,97,98,-1,1
12322,96,98,-2,2
12323,113,117,-4,4
12324,91,90,1,1
12325,67,80,-13,13
12326,85,82,3,3
12327,102,98,4,4
12328,76,79,-3,3
12329,190,175,15,15
12330,63,69,-6,6
12331,87,72,15,15
12332,140,121,19,19
12333,113,96,17,17
12334,102,96,6,6
12335,62,58,4,4
12336,57,55,2,2
12337,48,54,-6,6
12338,62,59,3,3
12339,94,103,-9,9
12340,95,99,-4,4
12341,183,160,23,23
12342,80,78,2,2
12343,164,144,20,20
12344,66,64,2,2
12345,67,80,-13,13
12346,103,99,4,4
12347,69,80,-11,11
12348,118,108,10,10
12349,78,73,5,5
12350,66,66,0,0
12351,94,87,7,7
12352,92,88,4,4
12353,142,123,19,19
12354,55,69,-14,14
12355,101,101,0,0
12356,79,72,7,7
12357,122,116,6,6
12358,123,102,21,21
12359,38,37,1,1
12360,65,75,-10,10
12361,138,116,22,22
12362,76,74,2,2
12363,114,108,6,6
12364,79,82,-3,3
12365,114,102,12,12
12366,68,70,-2,2
12367,78,76,2,2
12368,93,95,-2,2
12369,103,98,5,5
12370,163,125,38,38
12371,101,102,-1,1
12372,126,111,15,15
12373,67,62,5,5
12374,78,74,4,4
12375,116,104,12,12
12376,128,120,8,8
12377,91,82,9,9
12378,142,122,20,20
12379,65,64,1,1
12380,145,142,3,3
12381,61,56,5,5
12382,136,103,33,33
12383,84,80,4,4
12384,98,89,9,9
12385,87,86,1,1
12386,107,103,4,4
12387,115,119,-4,4
12388,106,91,15,15
12389,93,96,-3,3
12390,80,71,9,9
12391,130,109,21,21
12392,115,99,16,16
12393,97,103,-6,6
12394,92,88,4,4
12395,88,85,3,3
12396,66,66,0,0
12397,66,66,0,0
12398,87,85,2,2
12399,106,97,9,9
12400,70,80,-10,10
12401,180,149,31,31
12402,87,91,-4,4
12403,89,80,9,9
12404,92,93,-1,1
12405,125,106,19,19
12406,88,95,-7,7
12407,109,97,12,12
12408,35,39,-4,4
12409,67,73,-6,6
12410,117,108,9,9
12411,190,159,31,31
12412,114,104,10,10
12413,137,122,15,15
12414,138,140,-2,2
12415,129,124,5,5
12416,106,89,17,17
12417,63,69,-6,6
12418,58,64,-6,6
12419,57,62,-5,5
12420,86,87,-1,1
12421,104,96,8,8
12422,97,92,5,5
12423,101,97,4,4
12424,137,117,20,20
12425,64,56,8,8
12426,176,176,0,0
12427,93,87,6,6
12428,120,110,10,10
12429,108,101,7,7
12430,70,72,-2,2
12431,97,91,6,6
12432,83,85,-2,2
12433,83,78,5,5
12434,150,144,6,6
12435,64,69,-5,5
12436,89,80,9,9
12437,96,89,7,7
12438,114,104,10,10
12439,119,117,2,2
12440,61,58,3,3
12441,96,92,4,4
12442,105,100,5,5
12443,61,59,2,2
12444,141,124,17,17
12445,86,80,6,6
12446,87,81,6,6
12447,90,81,9,9
12448,105,103,2,2
12449,91,83,8,8
12450,111,108,3,3
12451,76,77,-1,1
12452,87,87,0,0
12453,91,89,2,2
12454,107,107,0,0
12455,110,102,8,8
12456,124,119,5,5
12457,128,111,17,17
12458,109,101,8,8
12459,71,69,2,2
12460,87,80,7,7
12461,148,128,20,20
12462,107,95,12,12
12463,134,124,10,10
12464,23,26,-3,3
12465,119,126,-7,7
12466,91,81,10,10
12467,25,30,-5,5
12468,61,75,-14,14
12469,101,96,5,5
12470,72,70,2,2
12471,95,96,-1,1
12472,47,44,3,3
12473,97,91,6,6
12474,81,81,0,0
12475,59,58,1,1
12476,77,71,6,6
12477,138,113,25,25
12478,120,121,-1,1
12479,136,128,8,8
12480,79,81,-2,2
12481,63,65,-2,2
12482,102,95,7,7
12483,158,137,21,21
12484,73,77,-4,4
12485,53,50,3,3
12486,83,85,-2,2
12487,155,122,33,33
12488,139,120,19,19
12489,93,81,12,12
12490,128,123,5,5
12491,98,103,-5,5
12492,96,84,12,12
12493,153,130,23,23
12494,104,101,3,3
12495,115,96,19,19
12496,72,73,-1,1
12497,90,82,8,8
12498,127,124,3,3
12499,112,117,-5,5
12500,64,70,-6,6
12501,73,69,4,4
12502,72,76,-4,4
12503,73,84,-11,11
12504,56,60,-4,4
12505,106,95,11,11
12506,144,125,19,19
12507,47,71,-24,24
12508,147,130,17,17
12509,95,92,3,3
12510,76,81,-5,5
12511,128,119,9,9
12512,81,71,10,10
12513,79,81,-2,2
12514,86,80,6,6
12515,44,49,-5,5
12516,87,88,-1,1
12517,102,99,3,3
12518,116,110,6,6
12519,105,99,6,6
12520,113,115,-2,2
12521,152,128,24,24
12522,175,146,29,29
12523,70,70,0,0
12524,173,146,27,27
12525,87,81,6,6
12526,102,90,12,12
12527,88,87,1,1
12528,76,73,3,3
12529,110,95,15,15
12530,99,96,3,3
12531,71,72,-1,1
12532,75,75,0,0
12533,105,99,6,6
12534,153,142,11,11
12535,100,104,-4,4
12536,90,83,7,7
12537,83,95,-12,12
12538,82,85,-3,3
12539,49,55,-6,6
12540,69,72,-3,3
12541,113,105,8,8
12542,63,64,-1,1
12543,58,62,-4,4
12544,65,64,1,1
12545,145,133,12,12
12546,50,51,-1,1
12547,83,85,-2,2
12548,100,92,8,8
12549,76,72,4,4
12550,72,71,1,1
12551,71,85,-14,14
12552,106,96,10,10
12553,127,122,5,5
12554,96,86,10,10
12555,67,70,-3,3
12556,140,126,14,14
12557,56,57,-1,1
12558,108,99,9,9
12559,94,83,11,11
12560,59,59,0,0
12561,84,85,-1,1
12562,96,92,4,4
12563,92,96,-4,4
12564,186,164,22,22
12565,62,64,-2,2
12566,164,134,30,30
12567,49,51,-2,2
12568,62,61,1,1
12569,50,61,-11,11
12570,128,116,12,12
12571,57,67,-10,10
12572,69,71,-2,2
12573,48,58,-10,10
12574,132,117,15,15
12575,140,129,11,11
12576,107,99,8,8
12577,80,79,1,1
12578,78,75,3,3
12579,140,112,28,28
12580,78,79,-1,1
12581,123,107,16,16
12582,87,92,-5,5
12583,91,99,-8,8
12584,119,121,-2,2
12585,107,99,8,8
12586,52,56,-4,4
12587,61,70,-9,9
12588,102,91,11,11
12589,79,73,6,6
12590,81,77,4,4
12591,72,68,4,4
12592,74,82,-8,8
12593,73,65,8,8
12594,114,87,27,27
12595,127,114,13,13
12596,92,81,11,11
12597,118,113,5,5
12598,115,163,-48,48
12599,73,71,2,2
12600,93,89,4,4
12601,70,74,-4,4
12602,73,71,2,2
12603,107,111,-4,4
12604,96,97,-1,1
12605,101,81,20,20
12606,76,86,-10,10
12607,85,74,11,11
12608,111,97,14,14
12609,42,51,-9,9
12610,69,68,1,1
12611,97,85,12,12
12612,90,85,5,5
12613,96,87,9,9
12614,114,123,-9,9
12615,121,109,12,12
12616,68,71,-3,3
12617,45,45,0,0
12618,73,73,0,0
12619,109,98,11,11
12620,175,154,21,21
12621,90,80,10,10
12622,70,71,-1,1
12623,85,85,0,0
12624,62,68,-6,6
12625,89,91,-2,2
12626,132,117,15,15
12627,155,131,24,24
12628,99,94,5,5
12629,60,59,1,1
12630,110,97,13,13
12631,87,84,3,3
12632,98,99,-1,1
12633,80,88,-8,8
12634,127,113,14,14
12635,172,141,31,31
12636,181,153,28,28
12637,130,115,15,15
12638,76,72,4,4
12639,86,82,4,4
12640,105,95,10,10
12641,105,107,-2,2
12642,56,67,-11,11
12643,65,71,-6,6
12644,42,45,-3,3
12645,120,106,14,14
12646,65,62,3,3
12647,76,81,-5,5
12648,134,116,18,18
12649,28,67,-39,39
12650,96,89,7,7
12651,92,91,1,1
12652,53,50,3,3
12653,66,64,2,2
12654,79,75,4,4
12655,101,107,-6,6
12656,78,93,-15,15
12657,88,91,-3,3
12658,136,119,17,17
12659,142,129,13,13
12660,73,64,9,9
12661,97,86,11,11
12662,80,75,5,5
12663,51,56,-5,5
12664,69,79,-10,10
12665,52,52,0,0
12666,57,57,0,0
12667,100,105,-5,5
12668,147,132,15,15
12669,129,118,11,11
12670,92,97,-5,5
12671,107,90,17,17
12672,99,99,0,0
12673,89,90,-1,1
12674,58,59,-1,1
12675,103,84,19,19
12676,33,40,-7,7
12677,103,87,16,16
12678,88,83,5,5
12679,81,81,0,0
12680,53,54,-1,1
12681,70,79,-9,9
12682,32,38,-6,6
12683,88,84,4,4
12684,99,107,-8,8
12685,110,101,9,9
12686,78,77,1,1
12687,99,93,6,6
12688,46,50,-4,4
12689,136,112,24,24
12690,75,70,5,5
12691,117,95,22,22
12692,93,82,11,11
12693,132,122,10,10
12694,70,71,-1,1
12695,69,72,-3,3
12696,49,35,14,14
12697,71,66,5,5
12698,118,109,9,9
12699,97,93,4,4
12700,76,85,-9,9
12701,195,142,53,53
12702,128,114,14,14
12703,66,58,8,8
12704,120,109,11,11
12705,73,75,-2,2
12706,62,67,-5,5
12707,104,85,19,19
12708,94,93,1,1
12709,94,82,12,12
12710,110,95,15,15
12711,96,86,10,10
12712,107,98,9,9
12713,77,84,-7,7
12714,91,95,-4,4
12715,63,59,4,4
12716,128,106,22,22
12717,77,72,5,5
12718,67,75,-8,8
12719,124,107,17,17
12720,94,87,7,7
12721,64,65,-1,1
12722,74,77,-3,3
12723,88,86,2,2
12724,70,72,-2,2
12725,78,76,2,2
12726,66,78,-12,12
12727,104,101,3,3
12728,134,129,5,5
12729,92,83,9,9
12730,74,70,4,4
12731,93,84,9,9
12732,98,92,6,6
12733,100,90,10,10
12734,87,88,-1,1
12735,101,92,9,9
12736,49,54,-5,5
12737,121,107,14,14
12738,84,95,-11,11
12739,158,142,16,16
12740,115,100,15,15
12741,125,109,16,16
12742,53,48,5,5
12743,80,83,-3,3
12744,68,65,3,3
12745,103,93,10,10
12746,107,103,4,4
12747,77,84,-7,7
12748,100,98,2,2
12749,120,113,7,7
12750,91,86,5,5
12751,77,63,14,14
12752,132,114,18,18
12753,131,114,17,17
12754,43,62,-19,19
12755,45,47,-2,2
12756,124,109,15,15
12757,86,80,6,6
12758,107,95,12,12
12759,82,85,-3,3
12760,204,169,35,35
12761,107,95,12,12
12762,120,113,7,7
12763,140,124,16,16
12764,153,128,25,25
12765,83,83,0,0
12766,47,45,2,2
12767,91,81,10,10
12768,68,56,12,12
12769,56,57,-1,1
12770,77,80,-3,3
12771,37,46,-9,9
12772,117,103,14,14
12773,85,82,3,3
12774,101,90,11,11
12775,67,77,-10,10
12776,118,117,1,1
12777,56,64,-8,8
12778,68,68,0,0
12779,65,74,-9,9
12780,105,95,10,10
12781,102,103,-1,1
12782,116,101,15,15
12783,69,69,0,0
12784,79,76,3,3
12785,105,95,10,10
12786,101,80,21,21
12787,106,90,16,16
12788,89,81,8,8
12789,77,81,-4,4
12790,116,110,6,6
12791,111,100,11,11
12792,91,79,12,12
12793,74,71,3,3
12794,96,92,4,4
12795,119,118,1,1
12796,124,110,14,14
12797,83,77,6,6
12798,59,66,-7,7
12799,87,80,7,7
12800,55,58,-3,3
12801,121,112,9,9
12802,94,84,10,10
12803,90,87,3,3
12804,181,158,23,23
12805,93,83,10,10
12806,72,71,1,1
12807,92,93,-1,1
12808,153,132,21,21
12809,55,56,-1,1
12810,61,65,-4,4
12811,99,92,7,7
12812,82,82,0,0
12813,102,88,14,14
12814,148,131,17,17
12815,112,105,7,7
12816,172,155,17,17
12817,133,122,11,11
12818,97,93,4,4
12819,70,76,-6,6
12820,70,77,-7,7
12821,98,83,15,15
12822,96,100,-4,4
12823,69,69,0,0
12824,90,81,9,9
12825,138,118,20,20
12826,132,116,16,16
12827,153,141,12,12
12828,86,76,10,10
12829,108,96,12,12
12830,80,86,-6,6
12831,154,126,28,28
12832,116,112,4,4
12833,103,94,9,9
12834,104,103,1,1
12835,116,105,11,11
12836,107,90,17,17
12837,96,84,12,12
12838,90,89,1,1
12839,50,59,-9,9
12840,104,97,7,7
12841,72,68,4,4
12842,106,93,13,13
12843,87,84,3,3
12844,124,113,11,11
12845,27,29,-2,2
12846,133,117,16,16
12847,122,103,19,19
12848,124,126,-2,2
12849,89,91,-2,2
12850,97,114,-17,17
12851,84,86,-2,2
12852,140,133,7,7
12853,136,121,15,15
12854,20,26,-6,6
12855,93,92,1,1
12856,85,84,1,1
12857,74,76,-2,2
12858,103,90,13,13
12859,75,75,0,0
12860,46,46,0,0
12861,84,96,-12,12
12862,75,72,3,3
12863,53,50,3,3
12864,52,77,-25,25
12865,87,87,0,0
12866,109,92,17,17
12867,105,93,12,12
12868,67,69,-2,2
12869,154,122,32,32
12870,84,83,1,1
12871,128,111,17,17
12872,113,109,4,4
12873,87,79,8,8
12874,101,102,-1,1
12875,96,96,0,0
12876,39,46,-7,7
12877,133,122,11,11
12878,191,174,17,17
12879,60,61,-1,1
12880,125,112,13,13
12881,75,79,-4,4
12882,40,50,-10,10
12883,103,91,12,12
12884,79,75,4,4
12885,185,164,21,21
12886,124,107,17,17
12887,109,107,2,2
12888,89,93,-4,4
12889,67,69,-2,2
12890,47,43,4,4
12891,76,70,6,6
12892,122,117,5,5
12893,106,94,12,12
12894,142,117,25,25
12895,96,80,16,16
12896,52,53,-1,1
12897,96,91,5,5
12898,117,116,1,1
12899,69,73,-4,4
12900,89,81,8,8
12901,72,71,1,1
12902,180,156,24,24
12903,94,85,9,9
12904,53,61,-8,8
12905,93,95,-2,2
12906,161,132,29,29
12907,137,124,13,13
12908,129,121,8,8
12909,89,82,7,7
12910,102,94,8,8
12911,159,143,16,16
12912,67,69,-2,2
12913,67,75,-8,8
12914,97,94,3,3
12915,71,69,2,2
12916,153,138,15,15
12917,100,93,7,7
12918,92,94,-2,2
12919,79,82,-3,3
12920,79,81,-2,2
12921,73,69,4,4
12922,133,119,14,14
12923,51,54,-3,3
12924,139,122,17,17
12925,115,112,3,3
12926,89,84,5,5
12927,124,115,9,9
12928,90,87,3,3
12929,128,118,10,10
12930,131,110,21,21
12931,71,69,2,2
12932,113,100,13,13
12933,127,125,2,2
12934,61,68,-7,7
12935,113,105,8,8
12936,112,84,28,28
12937,75,74,1,1
12938,125,104,21,21
12939,73,74,-1,1
12940,100,105,-5,5
12941,187,158,29,29
12942,101,93,8,8
12943,103,91,12,12
12944,99,101,-2,2
12945,65,66,-1,1
12946,116,107,9,9
12947,97,103,-6,6
12948,83,85,-2,2
12949,90,98,-8,8
12950,101,95,6,6
12951,97,95,2,2
12952,107,101,6,6
12953,119,119,0,0
12954,78,71,7,7
12955,79,78,1,1
12956,74,77,-3,3
12957,150,132,18,18
12958,83,86,-3,3
12959,131,131,0,0
12960,68,74,-6,6
12961,222,171,51,51
12962,88,82,6,6
12963,109,97,12,12
12964,149,138,11,11
12965,82,86,-4,4
12966,33,35,-2,2
12967,97,100,-3,3
12968,88,87,1,1
12969,127,118,9,9
12970,70,72,-2,2
12971,86,82,4,4
12972,63,60,3,3
12973,101,92,9,9
12974,85,83,2,2
12975,97,87,10,10
12976,68,70,-2,2
12977,79,91,-12,12
12978,182,158,24,24
12979,68,73,-5,5
12980,68,69,-1,1
12981,81,76,5,5
12982,118,105,13,13
12983,93,89,4,4
12984,117,95,22,22
12985,144,129,15,15
12986,134,114,20,20
12987,69,69,0,0
12988,133,117,16,16
12989,88,86,2,2
12990,63,56,7,7
12991,116,110,6,6
12992,113,114,-1,1
12993,103,91,12,12
12994,127,112,15,15
12995,116,110,6,6
12996,114,100,14,14
12997,123,107,16,16
12998,72,66,6,6
12999,107,94,13,13
13000,121,101,20,20
13001,100,84,16,16
13002,87,87,0,0
13003,102,90,12,12
13004,155,148,7,7
13005,72,78,-6,6
13006,84,82,2,2
13007,86,88,-2,2
13008,115,111,4,4
13009,100,90,10,10
13010,81,70,11,11
13011,51,57,-6,6
13012,54,54,0,0
13013,86,81,5,5
13014,92,88,4,4
13015,60,63,-3,3
13016,112,103,9,9
13017,92,86,6,6
13018,87,82,5,5
13019,95,93,2,2
13020,80,76,4,4
13021,139,123,16,16
13022,103,91,12,12
13023,120,120,0,0
13024,75,83,-8,8
13025,51,47,4,4
13026,76,73,3,3
13027,67,74,-7,7
13028,165,141,24,24
13029,84,86,-2,2
13030,83,85,-2,2
13031,61,59,2,2
13032,159,135,24,24
13033,64,77,-13,13
13034,140,128,12,12
13035,65,75,-10,10
13036,68,70,-2,2
13037,67,60,7,7
13038,87,87,0,0
13039,109,104,5,5
13040,116,112,4,4
13041,94,101,-7,7
13042,135,117,18,18
13043,77,71,6,6
13044,55,56,-1,1
13045,61,61,0,0
13046,73,73,0,0
13047,139,111,28,28
13048,106,106,0,0
13049,78,83,-5,5
13050,74,64,10,10
13051,99,91,8,8
13052,88,88,0,0
13053,93,83,10,10
13054,69,66,3,3
13055,235,193,42,42
13056,83,83,0,0
13057,101,86,15,15
13058,66,74,-8,8
13059,58,58,0,0
13060,119,112,7,7
13061,129,120,9,9
13062,82,81,1,1
13063,168,137,31,31
13064,72,73,-1,1
13065,125,104,21,21
13066,82,74,8,8
13067,97,88,9,9
13068,56,64,-8,8
13069,123,126,-3,3
13070,79,71,8,8
13071,84,80,4,4
13072,112,104,8,8
13073,80,81,-1,1
13074,106,103,3,3
13075,60,64,-4,4
13076,72,75,-3,3
13077,96,96,0,0
13078,60,48,12,12
13079,117,94,23,23
13080,66,72,-6,6
13081,78,80,-2,2
13082,55,58,-3,3
13083,164,132,32,32
13084,184,158,26,26
13085,78,80,-2,2
13086,61,64,-3,3
13087,109,115,-6,6
13088,101,96,5,5
13089,79,75,4,4
13090,51,53,-2,2
13091,64,62,2,2
13092,62,65,-3,3
13093,144,128,16,16
13094,57,59,-2,2
13095,50,49,1,1
13096,81,76,5,5
13097,99,95,4,4
13098,97,96,1,1
13099,129,108,21,21
13100,104,95,9,9
13101,93,95,-2,2
13102,84,77,7,7
13103,90,91,-1,1
13104,112,110,2,2
13105,69,69,0,0
13106,69,74,-5,5
13107,107,83,24,24
13108,145,117,28,28
13109,84,74,10,10
13110,51,54,-3,3
13111,100,92,8,8
13112,82,85,-3,3
13113,71,82,-11,11
13114,104,91,13,13
13115,67,77,-10,10
13116,89,87,2,2
13117,61,70,-9,9
13118,74,78,-4,4
13119,101,98,3,3
13120,67,74,-7,7
13121,72,78,-6,6
13122,70,68,2,2
13123,158,149,9,9
13124,94,92,2,2
13125,84,78,6,6
13126,120,111,9,9
13127,152,141,11,11
13128,137,120,17,17
13129,82,83,-1,1
13130,116,103,13,13
13131,112,102,10,10
13132,99,86,13,13
13133,150,141,9,9
13134,66,59,7,7
13135,81,72,9,9
13136,50,55,-5,5
13137,133,122,11,11
13138,65,68,-3,3
13139,65,63,2,2
13140,80,80,0,0
13141,53,45,8,8
13142,108,94,14,14
13143,80,62,18,18
13144,126,123,3,3
13145,73,79,-6,6
13146,58,56,2,2
13147,80,78,2,2
13148,62,63,-1,1
13149,64,68,-4,4
13150,55,58,-3,3
13151,81,79,2,2
13152,97,93,4,4
13153,78,71,7,7
13154,101,92,9,9
13155,72,80,-8,8
13156,112,102,10,10
13157,84,83,1,1
13158,68,73,-5,5
13159,102,101,1,1
13160,117,117,0,0
13161,88,82,6,6
13162,127,107,20,20
13163,64,59,5,5
13164,87,86,1,1
13165,80,80,0,0
13166,101,85,16,16
13167,122,110,12,12
13168,67,62,5,5
13169,131,119,12,12
13170,97,94,3,3
13171,135,110,25,25
13172,88,84,4,4
13173,115,117,-2,2
13174,134,115,19,19
13175,116,109,7,7
13176,79,80,-1,1
13177,45,47,-2,2
13178,100,95,5,5
13179,85,98,-13,13
13180,63,68,-5,5
13181,89,85,4,4
13182,76,78,-2,2
13183,138,116,22,22
13184,123,110,13,13
13185,74,80,-6,6
13186,43,60,-17,17
13187,66,73,-7,7
13188,86,100,-14,14
13189,115,122,-7,7
13190,30,43,-13,13
13191,66,70,-4,4
13192,208,159,49,49
13193,90,83,7,7
13194,71,65,6,6
13195,94,83,11,11
13196,171,149,22,22
13197,55,56,-1,1
13198,43,39,4,4
13199,67,73,-6,6
13200,143,111,32,32
13201,98,96,2,2
13202,100,92,8,8
13203,108,97,11,11
13204,91,78,13,13
13205,131,118,13,13
13206,79,68,11,11
13207,153,142,11,11
13208,37,43,-6,6
13209,46,43,3,3
13210,241,201,40,40
13211,89,83,6,6
13212,72,69,3,3
13213,100,92,8,8
13214,83,83,0,0
13215,98,96,2,2
13216,128,114,14,14
13217,162,110,52,52
13218,81,77,4,4
13219,98,93,5,5
13220,70,77,-7,7
13221,182,152,30,30
13222,71,70,1,1
13223,173,156,17,17
13224,54,58,-4,4
13225,66,70,-4,4
13226,85,76,9,9
13227,93,89,4,4
13228,71,102,-31,31
13229,163,145,18,18
13230,86,82,4,4
13231,74,71,3,3
13232,148,132,16,16
13233,112,101,11,11
13234,90,78,12,12
13235,64,60,4,4
13236,78,92,-14,14
13237,115,111,4,4
13238,105,93,12,12
13239,90,86,4,4
13240,117,104,13,13
13241,103,86,17,17
13242,139,144,-5,5
13243,107,107,0,0
13244,118,121,-3,3
13245,94,83,11,11
13246,56,55,1,1
13247,97,89,8,8
13248,77,70,7,7
13249,117,90,27,27
13250,125,118,7,7
13251,67,71,-4,4
13252,73,73,0,0
13253,152,129,23,23
13254,73,70,3,3
13255,121,107,14,14
13256,166,147,19,19
13257,90,82,8,8
13258,96,98,-2,2
13259,149,141,8,8
13260,61,69,-8,8
13261,144,123,21,21
13262,121,113,8,8
13263,131,113,18,18
13264,58,51,7,7
13265,51,51,0,0
13266,54,68,-14,14
13267,72,72,0,0
13268,99,99,0,0
13269,124,104,20,20
13270,105,98,7,7
13271,100,90,10,10
13272,153,139,14,14
13273,76,80,-4,4
13274,120,106,14,14
13275,94,88,6,6
13276,85,79,6,6
13277,84,86,-2,2
13278,53,67,-14,14
13279,106,105,1,1
13280,108,105,3,3
13281,140,119,21,21
13282,113,102,11,11
13283,57,69,-12,12
13284,108,101,7,7
13285,123,105,18,18
13286,108,96,12,12
13287,83,81,2,2
13288,99,81,18,18
13289,78,79,-1,1
13290,96,94,2,2
13291,58,58,0,0
13292,82,78,4,4
13293,148,136,12,12
13294,86,91,-5,5
13295,81,72,9,9
13296,119,110,9,9
13297,97,98,-1,1
13298,118,110,8,8
13299,92,86,6,6
13300,102,103,-1,1
13301,72,75,-3,3
13302,64,61,3,3
13303,86,84,2,2
13304,57,67,-10,10
13305,102,99,3,3
13306,67,59,8,8
13307,88,87,1,1
13308,139,113,26,26
13309,61,65,-4,4
13310,77,78,-1,1
13311,158,145,13,13
13312,130,110,20,20
13313,132,126,6,6
13314,187,163,24,24
13315,79,74,5,5
13316,96,97,-1,1
13317,76,76,0,0
13318,71,70,1,1
13319,78,80,-2,2
13320,209,178,31,31
13321,75,75,0,0
13322,146,120,26,26
13323,100,90,10,10
13324,80,84,-4,4
13325,70,69,1,1
13326,65,69,-4,4
13327,95,99,-4,4
13328,80,80,0,0
13329,69,70,-1,1
13330,132,128,4,4
13331,77,70,7,7
13332,98,91,7,7
13333,94,90,4,4
13334,86,83,3,3
13335,90,81,9,9
13336,75,71,4,4
13337,130,100,30,30
13338,87,90,-3,3
13339,141,116,25,25
13340,161,133,28,28
13341,68,78,-10,10
13342,97,87,10,10
13343,125,109,16,16
13344,36,45,-9,9
13345,115,104,11,11
13346,68,56,12,12
13347,106,95,11,11
13348,96,102,-6,6
13349,82,80,2,2
13350,73,67,6,6
13351,89,78,11,11
13352,75,72,3,3
13353,85,90,-5,5
13354,134,131,3,3
13355,90,82,8,8
13356,83,87,-4,4
13357,129,100,29,29
13358,140,125,15,15
13359,60,70,-10,10
13360,82,76,6,6
13361,153,148,5,5
13362,80,87,-7,7
13363,119,111,8,8
13364,108,98,10,10
13365,54,58,-4,4
13366,99,98,1,1
13367,130,147,-17,17
13368,100,94,6,6
13369,59,58,1,1
13370,84,86,-2,2
13371,117,110,7,7
13372,60,61,-1,1
13373,55,56,-1,1
13374,96,91,5,5
13375,73,81,-8,8
13376,64,75,-11,11
13377,75,73,2,2
13378,55,54,1,1
13379,90,81,9,9
13380,142,135,7,7
13381,139,124,15,15
13382,118,102,16,16
13383,120,105,15,15
13384,112,105,7,7
13385,43,47,-4,4
13386,106,100,6,6
13387,187,159,28,28
13388,117,112,5,5
13389,111,107,4,4
13390,188,166,22,22
13391,156,125,31,31
13392,136,129,7,7
13393,88,89,-1,1
13394,29,36,-7,7
13395,107,91,16,16
13396,113,94,19,19
13397,93,87,6,6
13398,81,81,0,0
13399,22,30,-8,8
13400,69,69,0,0
13401,168,144,24,24
13402,147,126,21,21
13403,105,107,-2,2
13404,145,123,22,22
13405,58,66,-8,8
13406,60,67,-7,7
13407,150,140,10,10
13408,70,69,1,1
13409,69,72,-3,3
13410,140,126,14,14
13411,88,80,8,8
13412,120,110,10,10
13413,63,63,0,0
13414,81,83,-2,2
13415,66,60,6,6
13416,91,82,9,9
13417,131,126,5,5
13418,126,102,24,24
13419,138,129,9,9
13420,103,99,4,4
13421,103,95,8,8
13422,50,65,-15,15
13423,64,74,-10,10
13424,75,80,-5,5
13425,67,68,-1,1
13426,97,87,10,10
13427,109,103,6,6
13428,137,120,17,17
13429,71,70,1,1
13430,98,87,11,11
13431,82,92,-10,10
13432,65,70,-5,5
13433,117,97,20,20
13434,148,142,6,6
13435,190,154,36,36
13436,84,79,5,5
13437,110,96,14,14
13438,138,123,15,15
13439,74,75,-1,1
13440,130,109,21,21
13441,79,79,0,0
13442,92,100,-8,8
13443,137,130,7,7
13444,104,90,14,14
13445,160,128,32,32
13446,90,88,2,2
13447,101,95,6,6
13448,123,117,6,6
13449,73,72,1,1
13450,66,70,-4,4
13451,124,115,9,9
13452,173,145,28,28
13453,142,120,22,22
13454,32,40,-8,8
13455,104,96,8,8
13456,65,82,-17,17
13457,60,61,-1,1
13458,71,79,-8,8
13459,56,56,0,0
13460,122,114,8,8
13461,135,137,-2,2
13462,162,148,14,14
13463,96,101,-5,5
13464,126,123,3,3
13465,74,75,-1,1
13466,102,99,3,3
13467,80,75,5,5
13468,88,80,8,8
13469,92,80,12,12
13470,107,103,4,4
13471,87,91,-4,4
13472,58,59,-1,1
13473,80,72,8,8
13474,79,70,9,9
13475,114,114,0,0
13476,78,85,-7,7
13477,75,82,-7,7
13478,168,157,11,11
13479,114,104,10,10
13480,59,68,-9,9
13481,152,143,9,9
13482,66,68,-2,2
13483,98,88,10,10
13484,70,74,-4,4
13485,101,89,12,12
13486,130,121,9,9
13487,114,100,14,14
13488,63,68,-5,5
13489,181,156,25,25
13490,86,80,6,6
13491,107,113,-6,6
13492,59,61,-2,2
13493,74,72,2,2
13494,134,126,8,8
13495,199,154,45,45
13496,58,66,-8,8
13497,99,96,3,3
13498,103,99,4,4
13499,183,148,35,35
13500,96,93,3,3
13501,99,95,4,4
13502,113,99,14,14
13503,88,79,9,9
13504,88,89,-1,1
13505,128,114,14,14
13506,82,88,-6,6
13507,80,76,4,4
13508,53,59,-6,6
13509,47,49,-2,2
13510,102,85,17,17
13511,97,92,5,5
13512,68,69,-1,1
13513,125,106,19,19
13514,110,109,1,1
13515,77,72,5,5
13516,127,110,17,17
13517,87,86,1,1
13518,107,89,18,18
13519,105,103,2,2
13520,153,116,37,37
13521,61,68,-7,7
13522,33,75,-42,42
13523,146,125,21,21
13524,100,100,0,0
13525,170,145,25,25
13526,134,113,21,21
13527,78,93,-15,15
13528,73,65,8,8
13529,60,60,0,0
13530,64,63,1,1
13531,99,92,7,7
13532,80,85,-5,5
13533,65,66,-1,1
13534,67,61,6,6
13535,141,112,29,29
13536,60,68,-8,8
13537,138,134,4,4
13538,154,141,13,13
13539,58,59,-1,1
13540,114,115,-1,1
13541,132,113,19,19
13542,98,97,1,1
13543,80,83,-3,3
13544,105,103,2,2
13545,84,90,-6,6
13546,78,79,-1,1
13547,154,133,21,21
13548,67,72,-5,5
13549,95,98,-3,3
13550,125,108,17,17
13551,128,111,17,17
13552,42,45,-3,3
13553,204,178,26,26
13554,98,94,4,4
13555,112,105,7,7
13556,132,113,19,19
13557,139,116,23,23
13558,93,88,5,5
13559,146,128,18,18
13560,56,60,-4,4
13561,65,62,3,3
13562,124,105,19,19
13563,103,100,3,3
13564,86,77,9,9
13565,60,68,-8,8
13566,98,93,5,5
13567,80,109,-29,29
13568,89,97,-8,8
13569,148,121,27,27
13570,40,44,-4,4
13571,80,84,-4,4
13572,70,80,-10,10
13573,82,72,10,10
13574,133,133,0,0
13575,75,80,-5,5
13576,75,69,6,6
13577,120,98,22,22
13578,50,58,-8,8
13579,111,110,1,1
13580,86,84,2,2
13581,115,111,4,4
13582,63,59,4,4
13583,93,90,3,3
13584,104,91,13,13
13585,153,139,14,14
13586,51,55,-4,4
13587,128,109,19,19
13588,92,84,8,8
13589,51,61,-10,10
13590,84,80,4,4
13591,104,95,9,9
13592,101,90,11,11
13593,83,87,-4,4
13594,69,75,-6,6
13595,96,87,9,9
13596,83,83,0,0
13597,54,70,-16,16
13598,83,69,14,14
13599,54,52,2,2
13600,61,59,2,2
13601,116,98,18,18
13602,113,96,17,17
13603,76,69,7,7
13604,87,82,5,5
13605,59,58,1,1
13606,141,126,15,15
13607,97,96,1,1
13608,89,80,9,9
13609,131,120,11,11
13610,71,68,3,3
13611,60,56,4,4
13612,39,49,-10,10
13613,68,77,-9,9
13614,61,62,-1,1
13615,107,99,8,8
13616,95,90,5,5
13617,94,103,-9,9
13618,82,82,0,0
13619,110,106,4,4
13620,113,109,4,4
13621,107,95,12,12
13622,161,131,30,30
13623,180,143,37,37
13624,101,95,6,6
13625,88,81,7,7
13626,87,82,5,5
13627,115,107,8,8
13628,121,106,15,15
13629,139,126,13,13
13630,123,111,12,12
13631,63,62,1,1
13632,122,106,16,16
13633,68,70,-2,2
13634,110,95,15,15
13635,57,80,-23,23
13636,82,75,7,7
13637,95,91,4,4
13638,134,123,11,11
13639,98,82,16,16
13640,128,105,23,23
13641,95,90,5,5
13642,104,116,-12,12
13643,175,148,27,27
13644,109,92,17,17
13645,164,136,28,28
13646,118,104,14,14
13647,70,75,-5,5
13648,54,65,-11,11
13649,145,132,13,13
13650,68,67,1,1
13651,82,82,0,0
13652,61,60,1,1
13653,92,89,3,3
13654,89,85,4,4
13655,96,90,6,6
13656,122,107,15,15
13657,79,79,0,0
13658,75,74,1,1
13659,108,99,9,9
13660,43,46,-3,3
13661,67,69,-2,2
13662,75,80,-5,5
13663,67,69,-2,2
13664,88,89,-1,1
13665,55,58,-3,3
13666,96,102,-6,6
13667,60,62,-2,2
13668,125,107,18,18
13669,56,63,-7,7
13670,111,100,11,11
13671,105,110,-5,5
13672,77,94,-17,17
13673,89,88,1,1
13674,79,81,-2,2
13675,107,107,0,0
13676,124,107,17,17
13677,119,108,11,11
13678,57,80,-23,23
13679,127,118,9,9
13680,64,72,-8,8
13681,96,95,1,1
13682,89,80,9,9
13683,71,75,-4,4
13684,76,74,2,2
13685,110,105,5,5
13686,120,121,-1,1
13687,98,86,12,12
13688,84,88,-4,4
13689,233,199,34,34
13690,75,70,5,5
13691,107,86,21,21
13692,76,75,1,1
13693,84,87,-3,3
13694,86,84,2,2
13695,103,90,13,13
13696,106,91,15,15
13697,150,121,29,29
13698,73,71,2,2
13699,130,130,0,0
13700,132,111,21,21
13701,139,123,16,16
13702,115,106,9,9
13703,155,135,20,20
13704,75,81,-6,6
13705,70,74,-4,4
13706,127,108,19,19
13707,65,65,0,0
13708,100,100,0,0
13709,170,148,22,22
13710,135,119,16,16
13711,75,73,2,2
13712,164,156,8,8
13713,125,106,19,19
13714,104,102,2,2
13715,53,56,-3,3
13716,146,131,15,15
13717,102,83,19,19
13718,70,77,-7,7
13719,54,59,-5,5
13720,108,99,9,9
13721,97,93,4,4
13722,104,96,8,8
13723,140,126,14,14
13724,94,97,-3,3
13725,62,75,-13,13
13726,105,93,12,12
13727,48,48,0,0
13728,63,66,-3,3
13729,64,57,7,7
13730,51,51,0,0
13731,63,60,3,3
13732,121,110,11,11
13733,120,110,10,10
13734,86,87,-1,1
13735,91,88,3,3
13736,55,65,-10,10
13737,98,93,5,5
13738,69,61,8,8
13739,45,43,2,2
13740,126,127,-1,1
13741,169,154,15,15
13742,95,87,8,8
13743,106,105,1,1
13744,91,82,9,9
13745,126,109,17,17
13746,67,69,-2,2
13747,55,58,-3,3
13748,74,79,-5,5
13749,87,74,13,13
13750,87,82,5,5
13751,83,71,12,12
13752,114,117,-3,3
13753,125,117,8,8
13754,120,108,12,12
13755,86,78,8,8
13756,66,70,-4,4
13757,106,98,8,8
13758,62,59,3,3
13759,87,100,-13,13
13760,68,60,8,8
13761,77,76,1,1
13762,106,96,10,10
13763,101,95,6,6
13764,93,84,9,9
13765,63,80,-17,17
13766,53,62,-9,9
13767,116,111,5,5
13768,116,108,8,8
13769,92,109,-17,17
13770,80,83,-3,3
13771,93,90,3,3
13772,129,113,16,16
13773,97,93,4,4
13774,51,59,-8,8
13775,98,88,10,10
13776,80,98,-18,18
13777,74,75,-1,1
13778,157,133,24,24
13779,163,149,14,14
13780,62,67,-5,5
13781,107,101,6,6
13782,107,91,16,16
13783,107,98,9,9
13784,83,80,3,3
13785,117,98,19,19
13786,94,97,-3,3
13787,65,68,-3,3
13788,61,67,-6,6
13789,79,82,-3,3
13790,137,127,10,10
13791,141,122,19,19
13792,95,95,0,0
13793,101,95,6,6
13794,95,93,2,2
13795,142,118,24,24
13796,107,89,18,18
13797,80,75,5,5
13798,91,92,-1,1
13799,71,71,0,0
13800,81,82,-1,1
13801,96,89,7,7
13802,151,130,21,21
13803,75,82,-7,7
13804,69,70,-1,1
13805,70,71,-1,1
13806,66,71,-5,5
13807,100,96,4,4
13808,107,95,12,12
13809,116,107,9,9
13810,59,63,-4,4
13811,90,89,1,1
13812,60,59,1,1
13813,55,57,-2,2
13814,66,72,-6,6
13815,90,91,-1,1
13816,80,85,-5,5
13817,151,81,70,70
13818,91,84,7,7
13819,59,56,3,3
13820,73,74,-1,1
13821,51,58,-7,7
13822,95,91,4,4
13823,92,87,5,5
13824,61,61,0,0
13825,80,80,0,0
13826,107,114,-7,7
13827,79,80,-1,1
13828,167,138,29,29
13829,58,60,-2,2
13830,104,99,5,5
13831,106,109,-3,3
13832,61,57,4,4
13833,111,112,-1,1
13834,97,104,-7,7
13835,101,95,6,6
13836,67,73,-6,6
13837,56,64,-8,8
13838,57,58,-1,1
13839,82,67,15,15
13840,95,88,7,7
13841,69,76,-7,7
13842,58,61,-3,3
13843,105,96,9,9
13844,163,134,29,29
13845,61,69,-8,8
13846,90,76,14,14
13847,220,185,35,35
13848,96,82,14,14
13849,44,50,-6,6
13850,59,60,-1,1
13851,60,67,-7,7
13852,64,66,-2,2
13853,94,91,3,3
13854,151,126,25,25
13855,75,75,0,0
13856,75,76,-1,1
13857,79,72,7,7
13858,70,77,-7,7
13859,107,103,4,4
13860,145,128,17,17
13861,70,67,3,3
13862,75,69,6,6
13863,141,126,15,15
13864,66,70,-4,4
13865,79,71,8,8
13866,111,98,13,13
13867,112,96,16,16
13868,125,122,3,3
13869,121,117,4,4
13870,108,96,12,12
13871,74,81,-7,7
13872,106,106,0,0
13873,118,115,3,3
13874,162,132,30,30
13875,142,103,39,39
13876,65,69,-4,4
13877,59,57,2,2
13878,91,81,10,10
13879,75,70,5,5
13880,125,112,13,13
13881,146,128,18,18
13882,84,80,4,4
13883,95,90,5,5
13884,88,79,9,9
13885,95,88,7,7
13886,54,61,-7,7
13887,68,62,6,6
13888,250,226,24,24
13889,64,62,2,2
13890,89,81,8,8
13891,63,64,-1,1
13892,47,63,-16,16
13893,113,109,4,4
13894,118,107,11,11
13895,77,73,4,4
13896,175,143,32,32
13897,87,83,4,4
13898,85,82,3,3
13899,107,92,15,15
13900,77,67,10,10
13901,112,113,-1,1
13902,67,71,-4,4
13903,124,126,-2,2
13904,69,70,-1,1
13905,170,150,20,20
13906,91,79,12,12
13907,69,71,-2,2
13908,69,61,8,8
13909,102,99,3,3
13910,87,97,-10,10
13911,61,65,-4,4
13912,140,110,30,30
13913,56,59,-3,3
13914,50,54,-4,4
13915,71,65,6,6
13916,46,55,-9,9
13917,102,99,3,3
13918,72,68,4,4
13919,102,101,1,1
13920,98,94,4,4
13921,114,110,4,4
13922,83,85,-2,2
13923,75,79,-4,4
13924,92,81,11,11
13925,107,101,6,6
13926,166,141,25,25
13927,72,74,-2,2
13928,43,59,-16,16
13929,98,82,16,16
13930,141,124,17,17
13931,112,95,17,17
13932,149,126,23,23
13933,17,33,-16,16
13934,63,72,-9,9
13935,127,116,11,11
13936,128,118,10,10
13937,64,71,-7,7
13938,59,62,-3,3
13939,45,58,-13,13
13940,104,97,7,7
13941,82,80,2,2
13942,52,48,4,4
13943,96,85,11,11
13944,108,98,10,10
13945,122,114,8,8
13946,105,100,5,5
13947,72,76,-4,4
13948,75,71,4,4
13949,111,103,8,8
13950,86,80,6,6
13951,121,111,10,10
13952,86,85,1,1
13953,66,60,6,6
13954,93,89,4,4
13955,128,125,3,3
13956,142,122,20,20
13957,87,73,14,14
13958,84,83,1,1
13959,103,102,1,1
13960,113,98,15,15
13961,136,125,11,11
13962,74,69,5,5
13963,108,113,-5,5
13964,89,92,-3,3
13965,84,85,-1,1
13966,98,91,7,7
13967,51,59,-8,8
13968,53,51,2,2
13969,88,90,-2,2
13970,96,87,9,9
13971,105,109,-4,4
13972,95,83,12,12
13973,119,106,13,13
13974,79,72,7,7
13975,110,86,24,24
13976,68,64,4,4
13977,98,94,4,4
13978,162,144,18,18
13979,124,118,6,6
13980,54,52,2,2
13981,89,92,-3,3
13982,55,57,-2,2
13983,147,116,31,31
13984,118,103,15,15
13985,28,35,-7,7
13986,115,104,11,11
13987,87,87,0,0
13988,129,114,15,15
13989,100,92,8,8
13990,119,110,9,9
13991,95,92,3,3
13992,130,118,12,12
13993,57,52,5,5
13994,103,87,16,16
13995,100,95,5,5
13996,95,90,5,5
13997,61,60,1,1
13998,59,64,-5,5
13999,126,109,17,17
14000,162,156,6,6
14001,98,96,2,2
14002,134,103,31,31
14003,118,109,9,9
14004,57,62,-5,5
14005,84,90,-6,6
14006,84,80,4,4
14007,120,120,0,0
14008,163,148,15,15
14009,64,66,-2,2
14010,83,75,8,8
14011,69,81,-12,12
14012,135,95,40,40
14013,86,79,7,7
14014,60,53,7,7
14015,77,81,-4,4
14016,92,89,3,3
14017,85,80,5,5
14018,161,141,20,20
14019,126,105,21,21
14020,63,65,-2,2
14021,93,97,-4,4
14022,73,72,1,1
14023,107,102,5,5
14024,74,78,-4,4
14025,73,62,11,11
14026,108,92,16,16
14027,182,158,24,24
14028,134,114,20,20
14029,67,70,-3,3
14030,91,88,3,3
14031,131,143,-12,12
14032,146,127,19,19
14033,80,79,1,1
14034,139,121,18,18
14035,188,168,20,20
14036,150,124,26,26
14037,74,73,1,1
14038,115,111,4,4
14039,87,81,6,6
14040,83,70,13,13
14041,71,70,1,1
14042,95,92,3,3
14043,110,97,13,13
14044,91,86,5,5
14045,108,100,8,8
14046,51,54,-3,3
14047,71,75,-4,4
14048,50,56,-6,6
14049,66,69,-3,3
14050,56,68,-12,12
14051,108,104,4,4
14052,114,102,12,12
14053,86,75,11,11
14054,88,83,5,5
14055,66,58,8,8
14056,111,105,6,6
14057,53,58,-5,5
14058,94,89,5,5
14059,74,73,1,1
14060,129,122,7,7
14061,75,79,-4,4
14062,198,164,34,34
14063,76,73,3,3
14064,94,93,1,1
14065,70,67,3,3
14066,172,137,35,35
14067,61,64,-3,3
14068,80,80,0,0
14069,102,90,12,12
14070,114,108,6,6
14071,70,72,-2,2
14072,75,81,-6,6
14073,112,99,13,13
14074,44,49,-5,5
14075,145,152,-7,7
14076,68,89,-21,21
14077,148,131,17,17
14078,56,59,-3,3
14079,81,80,1,1
14080,73,73,0,0
14081,122,115,7,7
14082,75,81,-6,6
14083,121,119,2,2
14084,139,129,10,10
14085,63,61,2,2
14086,125,115,10,10
14087,85,82,3,3
14088,112,112,0,0
14089,114,102,12,12
14090,134,118,16,16
14091,98,102,-4,4
14092,75,83,-8,8
14093,135,109,26,26
14094,96,94,2,2
14095,102,95,7,7
14096,150,139,11,11
14097,186,151,35,35
14098,63,61,2,2
14099,116,100,16,16
14100,83,70,13,13
14101,110,89,21,21
14102,104,98,6,6
14103,71,70,1,1
14104,111,111,0,0
14105,106,107,-1,1
14106,147,139,8,8
14107,67,70,-3,3
14108,212,181,31,31
14109,83,84,-1,1
14110,174,138,36,36
14111,113,113,0,0
14112,68,80,-12,12
14113,159,151,8,8
14114,52,60,-8,8
14115,123,115,8,8
14116,112,106,6,6
14117,69,79,-10,10
14118,61,64,-3,3
14119,63,64,-1,1
14120,70,71,-1,1
14121,65,71,-6,6
14122,145,138,7,7
14123,121,116,5,5
14124,60,57,3,3
14125,187,154,33,33
14126,24,26,-2,2
14127,136,125,11,11
14128,65,76,-11,11
14129,67,67,0,0
14130,189,163,26,26
14131,83,97,-14,14
14132,76,77,-1,1
14133,91,86,5,5
14134,74,84,-10,10
14135,55,64,-9,9
14136,107,95,12,12
14137,160,134,26,26
14138,149,126,23,23
14139,96,84,12,12
14140,88,86,2,2
14141,118,104,14,14
14142,91,87,4,4
14143,92,93,-1,1
14144,74,73,1,1
14145,118,117,1,1
14146,81,95,-14,14
14147,95,88,7,7
14148,68,70,-2,2
14149,132,111,21,21
14150,49,46,3,3
14151,115,108,7,7
14152,148,133,15,15
14153,109,115,-6,6
14154,104,90,14,14
14155,159,148,11,11
14156,83,74,9,9
14157,47,48,-1,1
14158,92,86,6,6
14159,101,99,2,2
14160,57,56,1,1
14161,40,51,-11,11
14162,153,131,22,22
14163,163,124,39,39
14164,66,69,-3,3
14165,90,82,8,8
14166,55,54,1,1
14167,52,59,-7,7
14168,96,92,4,4
14169,115,108,7,7
14170,47,50,-3,3
14171,77,88,-11,11
14172,76,80,-4,4
14173,115,110,5,5
14174,93,93,0,0
14175,120,90,30,30
14176,83,86,-3,3
14177,119,109,10,10
14178,40,50,-10,10
14179,47,51,-4,4
14180,55,56,-1,1
14181,96,94,2,2
14182,88,92,-4,4
14183,74,85,-11,11
14184,80,84,-4,4
14185,68,64,4,4
14186,144,128,16,16
14187,101,94,7,7
14188,116,108,8,8
14189,63,64,-1,1
14190,51,53,-2,2
14191,123,119,4,4
14192,145,130,15,15
14193,107,93,14,14
14194,109,103,6,6
14195,115,111,4,4
14196,59,58,1,1
14197,63,71,-8,8
14198,190,166,24,24
14199,69,69,0,0
14200,77,77,0,0
14201,78,83,-5,5
14202,85,90,-5,5
14203,112,89,23,23
14204,82,81,1,1
14205,150,134,16,16
14206,72,74,-2,2
14207,105,104,1,1
14208,80,76,4,4
14209,39,44,-5,5
14210,102,103,-1,1
14211,68,74,-6,6
14212,95,88,7,7
14213,24,26,-2,2
14214,50,54,-4,4
14215,66,59,7,7
14216,69,76,-7,7
14217,120,106,14,14
14218,140,116,24,24
14219,69,73,-4,4
14220,187,133,54,54
14221,107,98,9,9
14222,67,68,-1,1
14223,126,120,6,6
14224,112,112,0,0
14225,93,98,-5,5
14226,89,90,-1,1
14227,93,94,-1,1
14228,48,52,-4,4
14229,153,136,17,17
14230,67,65,2,2
14231,48,53,-5,5
14232,58,69,-11,11
14233,179,150,29,29
14234,91,88,3,3
14235,123,114,9,9
14236,70,73,-3,3
14237,32,39,-7,7
14238,96,82,14,14
14239,53,56,-3,3
14240,99,98,1,1
14241,133,112,21,21
14242,77,82,-5,5
14243,47,57,-10,10
14244,55,57,-2,2
14245,85,79,6,6
14246,135,119,16,16
14247,103,93,10,10
14248,62,73,-11,11
14249,73,74,-1,1
14250,117,120,-3,3
14251,112,102,10,10
14252,34,37,-3,3
14253,46,49,-3,3
14254,68,67,1,1
14255,42,41,1,1
14256,88,96,-8,8
14257,88,85,3,3
14258,78,80,-2,2
14259,74,80,-6,6
14260,145,126,19,19
14261,144,128,16,16
14262,146,136,10,10
14263,50,54,-4,4
14264,134,113,21,21
14265,81,78,3,3
14266,81,74,7,7
14267,64,66,-2,2
14268,134,121,13,13
14269,177,159,18,18
14270,115,100,15,15
14271,105,100,5,5
14272,142,120,22,22
14273,104,100,4,4
14274,74,81,-7,7
14275,177,145,32,32
14276,47,51,-4,4
14277,127,122,5,5
14278,186,150,36,36
14279,81,91,-10,10
14280,78,76,2,2
14281,155,129,26,26
14282,170,121,49,49
14283,97,89,8,8
14284,94,88,6,6
14285,77,80,-3,3
14286,83,81,2,2
14287,109,104,5,5
14288,92,93,-1,1
14289,93,91,2,2
14290,63,82,-19,19
14291,85,82,3,3
14292,92,97,-5,5
14293,68,60,8,8
14294,111,109,2,2
14295,181,155,26,26
14296,57,55,2,2
14297,93,93,0,0
14298,68,77,-9,9
14299,95,94,1,1
14300,123,103,20,20
14301,58,60,-2,2
14302,159,131,28,28
14303,97,82,15,15
14304,82,80,2,2
14305,70,65,5,5
14306,87,73,14,14
14307,63,69,-6,6
14308,138,121,17,17
14309,124,117,7,7
14310,90,85,5,5
14311,72,70,2,2
14312,82,87,-5,5
14313,102,112,-10,10
14314,149,116,33,33
14315,127,109,18,18
14316,127,99,28,28
14317,80,77,3,3
14318,79,69,10,10
14319,126,121,5,5
14320,160,141,19,19
14321,88,82,6,6
14322,57,44,13,13
14323,117,107,10,10
14324,88,80,8,8
14325,117,109,8,8
14326,108,98,10,10
14327,122,124,-2,2
14328,126,107,19,19
14329,137,124,13,13
14330,119,97,22,22
14331,94,93,1,1
14332,89,71,18,18
14333,65,61,4,4
14334,80,78,2,2
14335,73,75,-2,2
14336,137,114,23,23
14337,112,102,10,10
14338,93,89,4,4
14339,121,96,25,25
14340,94,92,2,2
14341,74,74,0,0
14342,126,114,12,12
14343,102,88,14,14
14344,61,57,4,4
14345,107,102,5,5
14346,187,158,29,29
14347,129,114,15,15
14348,96,94,2,2
14349,85,76,9,9
14350,89,89,0,0
14351,65,59,6,6
14352,67,74,-7,7
14353,95,85,10,10
14354,90,83,7,7
14355,70,82,-12,12
14356,51,59,-8,8
14357,67,73,-6,6
14358,105,89,16,16
14359,72,85,-13,13
14360,73,66,7,7
14361,90,91,-1,1
14362,60,57,3,3
14363,125,113,12,12
14364,128,111,17,17
14365,114,102,12,12
14366,80,65,15,15
14367,130,107,23,23
14368,170,168,2,2
14369,163,154,9,9
14370,121,102,19,19
14371,65,69,-4,4
14372,110,101,9,9
14373,86,84,2,2
14374,136,123,13,13
14375,95,92,3,3
14376,82,80,2,2
14377,117,104,13,13
14378,122,114,8,8
14379,61,57,4,4
14380,49,56,-7,7
14381,188,150,38,38
14382,61,66,-5,5
14383,164,146,18,18
14384,64,68,-4,4
14385,100,88,12,12
14386,75,71,4,4
14387,90,83,7,7
14388,83,75,8,8
14389,74,79,-5,5
14390,88,84,4,4
14391,110,95,15,15
14392,104,95,9,9
14393,61,67,-6,6
14394,80,85,-5,5
14395,121,105,16,16
14396,72,73,-1,1
14397,80,80,0,0
14398,38,42,-4,4
14399,136,110,26,26
14400,85,86,-1,1
14401,86,84,2,2
14402,129,115,14,14
14403,58,61,-3,3
14404,73,79,-6,6
14405,135,126,9,9
14406,106,108,-2,2
14407,53,56,-3,3
14408,54,61,-7,7
14409,62,80,-18,18
14410,91,92,-1,1
14411,61,60,1,1
14412,56,65,-9,9
14413,53,56,-3,3
14414,67,68,-1,1
14415,81,84,-3,3
14416,77,81,-4,4
14417,92,85,7,7
14418,181,155,26,26
14419,68,72,-4,4
14420,73,74,-1,1
14421,102,93,9,9
14422,85,83,2,2
14423,78,79,-1,1
14424,85,76,9,9
14425,86,90,-4,4
14426,61,57,4,4
14427,60,60,0,0
14428,70,82,-12,12
14429,63,69,-6,6
14430,141,136,5,5
14431,82,75,7,7
14432,125,109,16,16
14433,25,28,-3,3
14434,124,106,18,18
14435,42,47,-5,5
14436,123,120,3,3
14437,50,58,-8,8
14438,94,96,-2,2
14439,175,149,26,26
14440,119,111,8,8
14441,97,93,4,4
14442,112,103,9,9
14443,105,99,6,6
14444,85,82,3,3
14445,117,114,3,3
14446,140,126,14,14
14447,117,100,17,17
14448,45,46,-1,1
14449,73,75,-2,2
14450,71,80,-9,9
14451,41,43,-2,2
14452,134,116,18,18
14453,102,97,5,5
14454,69,71,-2,2
14455,98,97,1,1
14456,113,100,13,13
14457,90,88,2,2
14458,67,68,-1,1
14459,83,85,-2,2
14460,64,66,-2,2
14461,192,152,40,40
14462,93,81,12,12
14463,111,105,6,6
14464,122,117,5,5
14465,89,96,-7,7
14466,77,92,-15,15
14467,66,68,-2,2
14468,57,59,-2,2
14469,84,84,0,0
14470,90,90,0,0
14471,103,97,6,6
14472,144,128,16,16
14473,120,102,18,18
14474,105,97,8,8
14475,121,110,11,11
14476,51,94,-43,43
14477,91,80,11,11
14478,73,81,-8,8
14479,60,64,-4,4
14480,50,50,0,0
14481,94,97,-3,3
14482,107,94,13,13
14483,62,58,4,4
14484,77,75,2,2
14485,109,98,11,11
14486,113,102,11,11
14487,95,91,4,4
14488,153,146,7,7
14489,146,118,28,28
14490,75,77,-2,2
14491,97,94,3,3
14492,96,94,2,2
14493,112,118,-6,6
14494,93,98,-5,5
14495,88,84,4,4
14496,143,118,25,25
14497,131,119,12,12
14498,92,88,4,4
14499,77,73,4,4
14500,94,89,5,5
14501,60,73,-13,13
14502,70,71,-1,1
14503,73,70,3,3
14504,115,104,11,11
14505,111,105,6,6
14506,41,45,-4,4
14507,49,52,-3,3
14508,141,127,14,14
14509,85,79,6,6
14510,89,84,5,5
14511,84,73,11,11
14512,102,96,6,6
14513,100,101,-1,1
14514,72,71,1,1
14515,99,89,10,10
14516,68,66,2,2
14517,63,59,4,4
14518,156,148,8,8
14519,113,100,13,13
14520,109,95,14,14
14521,141,124,17,17
14522,173,152,21,21
14523,95,96,-1,1
14524,89,91,-2,2
14525,103,93,10,10
14526,71,70,1,1
14527,81,77,4,4
14528,93,90,3,3
14529,138,137,1,1
14530,94,80,14,14
14531,168,137,31,31
14532,56,60,-4,4
14533,70,63,7,7
14534,143,115,28,28
14535,115,108,7,7
14536,78,73,5,5
14537,71,67,4,4
14538,61,58,3,3
14539,174,149,25,25
14540,136,126,10,10
14541,137,129,8,8
14542,64,59,5,5
14543,98,92,6,6
14544,61,66,-5,5
14545,79,75,4,4
14546,58,58,0,0
14547,88,84,4,4
14548,83,80,3,3
14549,58,62,-4,4
14550,113,96,17,17
14551,65,61,4,4
14552,98,94,4,4
14553,98,88,10,10
14554,119,102,17,17
14555,81,83,-2,2
14556,107,101,6,6
14557,69,66,3,3
14558,102,98,4,4
14559,64,69,-5,5
14560,92,93,-1,1
14561,91,76,15,15
14562,76,69,7,7
14563,120,108,12,12
14564,131,118,13,13
14565,73,64,9,9
14566,113,88,25,25
14567,46,66,-20,20
14568,31,26,5,5
14569,86,82,4,4
14570,124,121,3,3
14571,69,68,1,1
14572,103,95,8,8
14573,78,82,-4,4
14574,85,75,10,10
14575,43,41,2,2
14576,102,97,5,5
14577,64,71,-7,7
14578,112,112,0,0
14579,104,98,6,6
14580,116,109,7,7
14581,72,71,1,1
14582,86,91,-5,5
14583,45,49,-4,4
14584,90,93,-3,3
14585,204,172,32,32
14586,38,45,-7,7
14587,95,77,18,18
14588,102,104,-2,2
14589,193,169,24,24
14590,130,112,18,18
14591,47,49,-2,2
14592,132,123,9,9
14593,176,132,44,44
14594,67,70,-3,3
14595,100,100,0,0
14596,73,63,10,10
14597,44,54,-10,10
14598,65,70,-5,5
14599,34,44,-10,10
14600,56,69,-13,13
14601,87,84,3,3
14602,87,99,-12,12
14603,44,56,-12,12
14604,115,98,17,17
14605,82,80,2,2
14606,134,130,4,4
14607,161,139,22,22
14608,61,58,3,3
14609,150,130,20,20
14610,106,95,11,11
14611,68,67,1,1
14612,106,93,13,13
14613,96,88,8,8
14614,142,135,7,7
14615,74,65,9,9
14616,47,50,-3,3
14617,130,119,11,11
14618,121,114,7,7
14619,104,98,6,6
14620,79,79,0,0
14621,85,79,6,6
14622,92,89,3,3
14623,52,91,-39,39
14624,144,144,0,0
14625,92,80,12,12
14626,58,54,4,4
14627,116,114,2,2
14628,71,76,-5,5
14629,65,61,4,4
14630,86,80,6,6
14631,51,57,-6,6
14632,51,58,-7,7
14633,169,147,22,22
14634,117,114,3,3
14635,94,89,5,5
14636,77,75,2,2
14637,61,63,-2,2
14638,64,64,0,0
14639,38,44,-6,6
14640,54,52,2,2
14641,70,73,-3,3
14642,77,79,-2,2
14643,127,108,19,19
14644,58,60,-2,2
14645,84,82,2,2
14646,89,90,-1,1
14647,52,54,-2,2
14648,73,73,0,0
14649,64,72,-8,8
14650,53,64,-11,11
14651,112,98,14,14
14652,92,90,2,2
14653,90,81,9,9
14654,72,73,-1,1
14655,99,99,0,0
14656,84,78,6,6
14657,90,86,4,4
14658,135,124,11,11
14659,91,83,8,8
14660,81,86,-5,5
14661,119,105,14,14
14662,70,73,-3,3
14663,62,65,-3,3
14664,80,80,0,0
14665,69,66,3,3
14666,107,110,-3,3
14667,145,125,20,20
14668,137,120,17,17
14669,94,94,0,0
14670,158,129,29,29
14671,174,154,20,20
14672,100,99,1,1
14673,141,119,22,22
14674,131,117,14,14
14675,168,146,22,22
14676,98,92,6,6
14677,116,113,3,3
14678,101,94,7,7
14679,89,98,-9,9
14680,119,108,11,11
14681,139,125,14,14
14682,25,26,-1,1
14683,106,100,6,6
14684,161,145,16,16
14685,123,111,12,12
14686,87,83,4,4
14687,58,60,-2,2
14688,62,67,-5,5
14689,89,85,4,4
14690,81,79,2,2
14691,70,62,8,8
14692,78,75,3,3
14693,163,145,18,18
14694,46,68,-22,22
14695,57,57,0,0
14696,108,97,11,11
14697,148,108,40,40
14698,74,76,-2,2
14699,54,59,-5,5
14700,64,73,-9,9
14701,162,130,32,32
14702,124,107,17,17
14703,75,76,-1,1
14704,76,73,3,3
14705,81,87,-6,6
14706,56,62,-6,6
14707,90,83,7,7
14708,70,75,-5,5
14709,66,80,-14,14
14710,75,76,-1,1
14711,95,105,-10,10
14712,123,115,8,8
14713,125,109,16,16
14714,44,46,-2,2
14715,141,127,14,14
14716,53,58,-5,5
14717,97,92,5,5
14718,100,95,5,5
14719,78,92,-14,14
14720,199,168,31,31
14721,124,109,15,15
14722,56,70,-14,14
14723,62,59,3,3
14724,109,99,10,10
14725,149,122,27,27
14726,101,97,4,4
14727,129,113,16,16
14728,138,113,25,25
14729,118,112,6,6
14730,151,136,15,15
14731,58,57,1,1
14732,148,134,14,14
14733,89,87,2,2
14734,93,94,-1,1
14735,111,98,13,13
14736,131,118,13,13
14737,106,106,0,0
14738,123,108,15,15
14739,119,130,-11,11
14740,106,102,4,4
14741,121,109,12,12
14742,74,65,9,9
14743,94,94,0,0
14744,83,73,10,10
14745,159,137,22,22
14746,126,107,19,19
14747,71,72,-1,1
14748,52,50,2,2
14749,139,127,12,12
14750,98,91,7,7
14751,94,92,2,2
14752,58,55,3,3
14753,126,117,9,9
14754,65,66,-1,1
14755,98,83,15,15
14756,170,148,22,22
14757,71,79,-8,8
14758,63,75,-12,12
14759,74,79,-5,5
14760,119,104,15,15
14761,73,82,-9,9
14762,88,82,6,6
14763,96,93,3,3
14764,125,119,6,6
14765,119,112,7,7
14766,88,82,6,6
14767,98,88,10,10
14768,103,108,-5,5
14769,95,89,6,6
14770,80,80,0,0
14771,88,85,3,3
14772,50,53,-3,3
14773,81,76,5,5
14774,72,68,4,4
14775,56,40,16,16
14776,54,59,-5,5
14777,70,80,-10,10
14778,92,83,9,9
14779,79,78,1,1
14780,64,69,-5,5
14781,121,111,10,10
14782,55,58,-3,3
14783,110,100,10,10
14784,142,125,17,17
14785,160,140,20,20
14786,61,60,1,1
14787,59,63,-4,4
14788,102,99,3,3
14789,95,91,4,4
14790,62,68,-6,6
14791,142,123,19,19
14792,91,79,12,12
14793,114,104,10,10
14794,54,56,-2,2
14795,93,94,-1,1
14796,96,88,8,8
14797,75,73,2,2
14798,95,88,7,7
14799,59,61,-2,2
14800,87,74,13,13
14801,121,100,21,21
14802,85,85,0,0
14803,74,74,0,0
14804,94,91,3,3
14805,117,113,4,4
14806,136,124,12,12
14807,51,52,-1,1
14808,143,127,16,16
14809,110,101,9,9
14810,112,100,12,12
14811,59,55,4,4
14812,69,66,3,3
14813,92,87,5,5
14814,92,94,-2,2
14815,125,108,17,17
14816,93,83,10,10
14817,94,85,9,9
14818,183,147,36,36
14819,158,145,13,13
14820,126,117,9,9
14821,201,161,40,40
14822,96,82,14,14
14823,69,82,-13,13
14824,112,113,-1,1
14825,60,66,-6,6
14826,81,76,5,5
14827,229,189,40,40
14828,81,75,6,6
14829,49,58,-9,9
14830,98,87,11,11
14831,104,94,10,10
14832,117,105,12,12
14833,91,88,3,3
14834,96,82,14,14
14835,82,78,4,4
14836,193,151,42,42
14837,75,80,-5,5
14838,101,97,4,4
14839,128,108,20,20
14840,103,96,7,7
14841,84,80,4,4
14842,162,134,28,28
14843,117,109,8,8
14844,104,113,-9,9
14845,85,81,4,4
14846,90,86,4,4
14847,67,69,-2,2
14848,91,80,11,11
14849,152,133,19,19
14850,60,59,1,1
14851,107,99,8,8
14852,114,118,-4,4
14853,95,94,1,1
14854,85,86,-1,1
14855,72,98,-26,26
14856,66,92,-26,26
14857,81,83,-2,2
14858,112,100,12,12
14859,39,44,-5,5
14860,125,129,-4,4
14861,67,66,1,1
14862,103,89,14,14
14863,44,56,-12,12
14864,52,52,0,0
14865,58,60,-2,2
14866,105,105,0,0
14867,55,67,-12,12
14868,107,117,-10,10
14869,102,108,-6,6
14870,61,76,-15,15
14871,129,119,10,10
14872,72,71,1,1
14873,144,131,13,13
14874,67,72,-5,5
14875,131,110,21,21
14876,59,65,-6,6
14877,142,124,18,18
14878,80,80,0,0
14879,95,86,9,9
14880,62,68,-6,6
14881,99,96,3,3
14882,69,80,-11,11
14883,36,42,-6,6
14884,53,55,-2,2
14885,174,140,34,34
14886,120,110,10,10
14887,60,69,-9,9
14888,44,42,2,2
14889,104,103,1,1
14890,70,66,4,4
14891,80,74,6,6
14892,72,68,4,4
14893,114,116,-2,2
14894,110,103,7,7
14895,69,65,4,4
14896,108,98,10,10
14897,136,121,15,15
14898,62,65,-3,3
14899,170,154,16,16
14900,109,95,14,14
14901,85,84,1,1
14902,93,80,13,13
14903,117,106,11,11
14904,102,81,21,21
14905,123,111,12,12
14906,91,99,-8,8
14907,65,67,-2,2
14908,52,57,-5,5
14909,139,114,25,25
14910,88,87,1,1
14911,67,80,-13,13
14912,143,129,14,14
14913,153,140,13,13
14914,65,68,-3,3
14915,84,85,-1,1
14916,101,105,-4,4
14917,90,109,-19,19
14918,75,72,3,3
14919,95,91,4,4
14920,197,153,44,44
14921,60,59,1,1
14922,152,138,14,14
14923,69,64,5,5
14924,79,80,-1,1
14925,63,76,-13,13
14926,114,104,10,10
14927,94,85,9,9
14928,107,97,10,10
14929,94,89,5,5
14930,68,69,-1,1
14931,95,92,3,3
14932,123,106,17,17
14933,81,78,3,3
14934,141,115,26,26
14935,78,79,-1,1
14936,100,99,1,1
14937,120,108,12,12
14938,36,44,-8,8
14939,81,82,-1,1
14940,118,95,23,23
14941,122,117,5,5
14942,80,71,9,9
14943,130,110,20,20
14944,44,44,0,0
14945,170,153,17,17
14946,74,91,-17,17
14947,66,71,-5,5
14948,192,162,30,30
14949,84,82,2,2
14950,116,127,-11,11
14951,81,79,2,2
14952,43,43,0,0
14953,69,70,-1,1
14954,63,61,2,2
14955,94,88,6,6
14956,84,80,4,4
14957,56,56,0,0
14958,106,107,-1,1
14959,152,120,32,32
14960,92,90,2,2
14961,68,65,3,3
14962,87,87,0,0
14963,88,92,-4,4
14964,78,80,-2,2
14965,64,74,-10,10
14966,147,130,17,17
14967,57,57,0,0
14968,81,91,-10,10
14969,59,63,-4,4
14970,70,69,1,1
14971,87,90,-3,3
14972,90,80,10,10
14973,87,79,8,8
14974,49,52,-3,3
14975,160,126,34,34
14976,131,111,20,20
14977,83,83,0,0
14978,44,49,-5,5
14979,44,51,-7,7
14980,52,60,-8,8
14981,102,103,-1,1
14982,69,70,-1,1
14983,99,93,6,6
14984,81,86,-5,5
14985,91,96,-5,5
14986,87,85,2,2
14987,57,55,2,2
14988,82,86,-4,4
14989,56,59,-3,3
14990,76,78,-2,2
14991,79,81,-2,2
14992,78,72,6,6
14993,121,102,19,19
14994,119,98,21,21
14995,68,73,-5,5
14996,146,124,22,22
14997,106,86,20,20
14998,132,109,23,23
14999,47,47,0,0
15000,70,69,1,1
15001,114,95,19,19
15002,71,69,2,2
15003,85,93,-8,8
15004,132,113,19,19
15005,33,32,1,1
15006,16,48,-32,32
15007,68,69,-1,1
15008,62,63,-1,1
15009,84,87,-3,3
15010,50,57,-7,7
15011,91,87,4,4
15012,116,106,10,10
15013,97,90,7,7
15014,126,121,5,5
15015,102,100,2,2
15016,111,94,17,17
15017,113,101,12,12
15018,149,124,25,25
15019,87,75,12,12
15020,120,103,17,17
15021,124,115,9,9
15022,145,117,28,28
15023,78,76,2,2
15024,158,142,16,16
15025,47,56,-9,9
15026,228,182,46,46
15027,86,89,-3,3
15028,97,93,4,4
15029,105,95,10,10
15030,59,66,-7,7
15031,134,101,33,33
15032,122,117,5,5
15033,116,119,-3,3
15034,72,81,-9,9
15035,95,100,-5,5
15036,48,48,0,0
15037,71,69,2,2
15038,164,151,13,13
15039,80,79,1,1
15040,96,85,11,11
15041,133,110,23,23
15042,121,116,5,5
15043,122,115,7,7
15044,99,88,11,11
15045,96,83,13,13
15046,41,49,-8,8
15047,157,126,31,31
15048,104,82,22,22
15049,65,71,-6,6
15050,103,104,-1,1
15051,118,107,11,11
15052,99,93,6,6
15053,126,104,22,22
15054,106,97,9,9
15055,55,53,2,2
15056,75,72,3,3
15057,69,75,-6,6
15058,107,101,6,6
15059,122,109,13,13
15060,63,68,-5,5
15061,107,97,10,10
15062,96,107,-11,11
15063,62,74,-12,12
15064,72,73,-1,1
15065,152,131,21,21
15066,65,68,-3,3
15067,78,75,3,3
15068,115,107,8,8
15069,113,97,16,16
15070,113,93,20,20
15071,105,96,9,9
15072,116,108,8,8
15073,158,138,20,20
15074,57,61,-4,4
15075,141,128,13,13
15076,82,80,2,2
15077,106,101,5,5
15078,96,83,13,13
15079,104,98,6,6
15080,98,87,11,11
15081,83,91,-8,8
15082,138,119,19,19
15083,148,129,19,19
15084,71,80,-9,9
15085,90,92,-2,2
15086,134,113,21,21
15087,129,125,4,4
15088,127,119,8,8
15089,77,75,2,2
15090,69,74,-5,5
15091,102,97,5,5
15092,69,72,-3,3
15093,65,66,-1,1
15094,102,104,-2,2
15095,56,70,-14,14
15096,123,106,17,17
15097,73,68,5,5
15098,61,71,-10,10
15099,102,108,-6,6
15100,98,94,4,4
15101,80,74,6,6
15102,85,85,0,0
15103,61,68,-7,7
15104,127,115,12,12
15105,68,67,1,1
15106,127,123,4,4
15107,71,70,1,1
15108,71,57,14,14
15109,149,130,19,19
15110,91,82,9,9
15111,98,97,1,1
15112,51,60,-9,9
15113,90,82,8,8
15114,105,107,-2,2
15115,84,81,3,3
15116,98,91,7,7
15117,188,179,9,9
15118,57,56,1,1
15119,135,104,31,31
15120,107,93,14,14
15121,166,146,20,20
15122,102,94,8,8
15123,162,139,23,23
15124,74,69,5,5
15125,81,82,-1,1
15126,58,58,0,0
15127,93,78,15,15
15128,67,64,3,3
15129,136,131,5,5
15130,122,114,8,8
15131,114,106,8,8
15132,66,62,4,4
15133,121,102,19,19
15134,82,83,-1,1
15135,110,97,13,13
15136,63,67,-4,4
15137,108,99,9,9
15138,77,73,4,4
15139,86,82,4,4
15140,74,69,5,5
15141,101,97,4,4
15142,114,112,2,2
15143,105,97,8,8
15144,106,98,8,8
15145,83,78,5,5
15146,169,152,17,17
15147,71,71,0,0
15148,87,89,-2,2
15149,67,70,-3,3
15150,86,106,-20,20
15151,244,205,39,39
15152,96,80,16,16
15153,136,124,12,12
15154,64,65,-1,1
15155,131,131,0,0
15156,142,134,8,8
15157,63,74,-11,11
15158,56,62,-6,6
15159,65,63,2,2
15160,116,101,15,15
15161,57,55,2,2
15162,109,110,-1,1
15163,114,115,-1,1
15164,68,63,5,5
15165,114,106,8,8
15166,64,81,-17,17
15167,112,110,2,2
15168,47,54,-7,7
15169,66,63,3,3
15170,81,84,-3,3
15171,127,121,6,6
15172,109,102,7,7
15173,72,67,5,5
15174,94,92,2,2
15175,46,51,-5,5
15176,113,84,29,29
15177,70,72,-2,2
15178,80,81,-1,1
15179,64,68,-4,4
15180,113,97,16,16
15181,56,61,-5,5
15182,112,98,14,14
15183,50,61,-11,11
15184,101,92,9,9
15185,173,155,18,18
15186,57,52,5,5
15187,104,96,8,8
15188,90,82,8,8
15189,76,73,3,3
15190,94,88,6,6
15191,105,110,-5,5
15192,121,109,12,12
15193,126,124,2,2
15194,127,103,24,24
15195,116,109,7,7
15196,88,82,6,6
15197,62,72,-10,10
15198,190,170,20,20
15199,91,114,-23,23
15200,68,73,-5,5
15201,102,91,11,11
15202,150,111,39,39
15203,85,85,0,0
15204,45,48,-3,3
15205,106,102,4,4
15206,64,61,3,3
15207,152,139,13,13
15208,124,116,8,8
15209,77,80,-3,3
15210,80,83,-3,3
15211,68,60,8,8
15212,131,121,10,10
15213,141,121,20,20
15214,138,115,23,23
15215,139,138,1,1
15216,54,59,-5,5
15217,81,80,1,1
15218,131,118,13,13
15219,105,97,8,8
15220,88,79,9,9
15221,97,95,2,2
15222,132,117,15,15
15223,80,81,-1,1
15224,83,84,-1,1
15225,56,61,-5,5
15226,68,80,-12,12
15227,88,82,6,6
15228,101,99,2,2
15229,123,109,14,14
15230,123,121,2,2
15231,56,75,-19,19
15232,139,127,12,12
15233,102,103,-1,1
15234,53,52,1,1
15235,145,129,16,16
15236,94,93,1,1
15237,126,112,14,14
15238,92,81,11,11
15239,82,80,2,2
15240,74,81,-7,7
15241,165,123,42,42
15242,99,100,-1,1
15243,139,135,4,4
15244,84,72,12,12
15245,85,81,4,4
15246,63,68,-5,5
15247,174,138,36,36
15248,127,103,24,24
15249,93,99,-6,6
15250,106,97,9,9
15251,108,123,-15,15
15252,93,88,5,5
15253,98,81,17,17
15254,91,89,2,2
15255,68,68,0,0
15256,98,92,6,6
15257,264,215,49,49
15258,105,89,16,16
15259,71,75,-4,4
15260,57,52,5,5
15261,99,93,6,6
15262,87,80,7,7
15263,109,103,6,6
15264,132,120,12,12
15265,66,73,-7,7
15266,99,97,2,2
15267,70,65,5,5
15268,111,101,10,10
15269,124,109,15,15
15270,53,60,-7,7
15271,113,96,17,17
15272,69,60,9,9
15273,69,77,-8,8
15274,80,78,2,2
15275,87,83,4,4
15276,117,101,16,16
15277,105,93,12,12
15278,64,58,6,6
15279,41,47,-6,6
15280,60,59,1,1
15281,93,89,4,4
15282,74,69,5,5
15283,100,88,12,12
15284,75,71,4,4
15285,117,100,17,17
15286,129,122,7,7
15287,145,130,15,15
15288,102,99,3,3
15289,147,134,13,13
15290,55,60,-5,5
15291,91,82,9,9
15292,46,54,-8,8
15293,211,159,52,52
15294,125,121,4,4
15295,76,76,0,0
15296,84,80,4,4
15297,104,98,6,6
15298,62,69,-7,7
15299,77,80,-3,3
15300,100,87,13,13
15301,83,83,0,0
15302,90,88,2,2
15303,181,145,36,36
15304,132,132,0,0
15305,88,81,7,7
15306,85,84,1,1
15307,69,70,-1,1
15308,59,60,-1,1
15309,42,35,7,7
15310,138,119,19,19
15311,75,69,6,6
15312,116,111,5,5
15313,76,86,-10,10
15314,85,81,4,4
15315,60,62,-2,2
15316,101,92,9,9
15317,117,115,2,2
15318,73,82,-9,9
15319,65,72,-7,7
15320,136,127,9,9
15321,40,46,-6,6
15322,61,61,0,0
15323,138,124,14,14
15324,55,61,-6,6
15325,87,79,8,8
15326,60,58,2,2
15327,42,40,2,2
15328,184,172,12,12
15329,136,129,7,7
15330,46,70,-24,24
15331,157,114,43,43
15332,99,97,2,2
15333,64,58,6,6
15334,95,90,5,5
15335,138,127,11,11
15336,63,67,-4,4
15337,72,69,3,3
15338,52,59,-7,7
15339,90,82,8,8
15340,78,82,-4,4
15341,97,96,1,1
15342,118,103,15,15
15343,89,89,0,0
15344,55,61,-6,6
15345,109,97,12,12
15346,64,70,-6,6
15347,103,91,12,12
15348,96,92,4,4
15349,101,89,12,12
15350,130,117,13,13
15351,67,78,-11,11
15352,65,69,-4,4
15353,80,80,0,0
15354,90,84,6,6
15355,86,79,7,7
15356,62,59,3,3
15357,162,141,21,21
15358,107,105,2,2
15359,42,45,-3,3
15360,104,96,8,8
15361,125,114,11,11
15362,93,90,3,3
15363,163,163,0,0
15364,42,57,-15,15
15365,127,112,15,15
15366,94,95,-1,1
15367,88,84,4,4
15368,147,129,18,18
15369,155,135,20,20
15370,107,93,14,14
15371,65,65,0,0
15372,94,102,-8,8
15373,77,81,-4,4
15374,128,118,10,10
15375,70,72,-2,2
15376,51,59,-8,8
15377,101,102,-1,1
15378,108,92,16,16
15379,169,142,27,27
15380,56,60,-4,4
15381,114,95,19,19
15382,129,128,1,1
15383,98,94,4,4
15384,62,64,-2,2
15385,52,57,-5,5
15386,125,104,21,21
15387,123,108,15,15
15388,107,100,7,7
15389,100,97,3,3
15390,153,154,-1,1
15391,81,87,-6,6
15392,82,78,4,4
15393,97,94,3,3
15394,28,26,2,2
15395,123,117,6,6
15396,66,77,-11,11
15397,91,86,5,5
15398,95,91,4,4
15399,66,72,-6,6
15400,105,103,2,2
15401,64,62,2,2
15402,106,95,11,11
15403,136,115,21,21
15404,87,86,1,1
15405,71,65,6,6
15406,116,112,4,4
15407,88,91,-3,3
15408,53,58,-5,5
15409,126,108,18,18
15410,144,121,23,23
15411,74,80,-6,6
15412,63,65,-2,2
15413,72,72,0,0
15414,73,64,9,9
15415,76,78,-2,2
15416,88,82,6,6
15417,78,79,-1,1
15418,103,96,7,7
15419,76,68,8,8
15420,41,78,-37,37
15421,231,183,48,48
15422,134,123,11,11
15423,126,100,26,26
15424,138,119,19,19
15425,103,104,-1,1
15426,90,90,0,0
15427,73,70,3,3
15428,63,73,-10,10
15429,81,82,-1,1
15430,120,98,22,22
15431,92,92,0,0
15432,100,98,2,2
15433,51,58,-7,7
15434,116,111,5,5
15435,97,92,5,5
15436,87,72,15,15
15437,138,115,23,23
15438,52,60,-8,8
15439,36,40,-4,4
15440,167,153,14,14
15441,80,89,-9,9
15442,117,108,9,9
15443,91,80,11,11
15444,163,140,23,23
15445,112,118,-6,6
15446,75,80,-5,5
15447,119,107,12,12
15448,61,63,-2,2
15449,71,66,5,5
15450,117,111,6,6
15451,115,120,-5,5
15452,99,98,1,1
15453,125,114,11,11
15454,100,97,3,3
15455,153,125,28,28
15456,146,136,10,10
15457,157,133,24,24
15458,104,99,5,5
15459,130,112,18,18
15460,137,133,4,4
15461,105,106,-1,1
15462,101,86,15,15
15463,110,108,2,2
15464,97,88,9,9
15465,87,79,8,8
15466,107,100,7,7
15467,87,84,3,3
15468,90,76,14,14
15469,90,83,7,7
15470,118,111,7,7
15471,57,63,-6,6
15472,108,107,1,1
15473,51,58,-7,7
15474,56,76,-20,20
15475,53,69,-16,16
15476,55,60,-5,5
15477,68,80,-12,12
15478,61,65,-4,4
15479,142,126,16,16
15480,83,80,3,3
15481,56,64,-8,8
15482,60,70,-10,10
15483,59,65,-6,6
15484,119,111,8,8
15485,60,69,-9,9
15486,60,64,-4,4
15487,106,97,9,9
15488,78,80,-2,2
15489,83,79,4,4
15490,63,68,-5,5
15491,147,122,25,25
15492,182,157,25,25
15493,129,117,12,12
15494,97,96,1,1
15495,115,104,11,11
15496,105,105,0,0
15497,102,104,-2,2
15498,127,122,5,5
15499,157,135,22,22
15500,84,80,4,4
15501,152,127,25,25
15502,74,76,-2,2
15503,79,77,2,2
15504,123,119,4,4
15505,135,127,8,8
15506,82,81,1,1
15507,111,107,4,4
15508,62,83,-21,21
15509,59,65,-6,6
15510,77,83,-6,6
15511,63,70,-7,7
15512,81,81,0,0
15513,56,56,0,0
15514,69,76,-7,7
15515,65,71,-6,6
15516,82,80,2,2
15517,91,84,7,7
15518,190,145,45,45
15519,185,156,29,29
15520,131,114,17,17
15521,65,64,1,1
15522,158,135,23,23
15523,144,139,5,5
15524,73,81,-8,8
15525,80,91,-11,11
15526,152,130,22,22
15527,62,69,-7,7
15528,64,70,-6,6
15529,65,70,-5,5
15530,146,126,20,20
15531,124,112,12,12
15532,108,97,11,11
15533,131,113,18,18
15534,107,105,2,2
15535,104,98,6,6
15536,78,72,6,6
15537,115,110,5,5
15538,159,137,22,22
15539,103,102,1,1
15540,101,98,3,3
15541,63,59,4,4
15542,160,142,18,18
15543,61,67,-6,6
15544,60,58,2,2
15545,130,125,5,5
15546,96,91,5,5
15547,84,83,1,1
15548,93,86,7,7
15549,110,103,7,7
15550,66,63,3,3
15551,77,72,5,5
15552,103,98,5,5
15553,78,81,-3,3
15554,147,128,19,19
15555,87,88,-1,1
15556,84,77,7,7
15557,83,77,6,6
15558,69,65,4,4
15559,180,152,28,28
15560,140,126,14,14
15561,57,59,-2,2
15562,120,110,10,10
15563,62,63,-1,1
15564,79,75,4,4
15565,127,118,9,9
15566,64,70,-6,6
15567,81,72,9,9
15568,100,92,8,8
15569,118,110,8,8
15570,85,73,12,12
15571,77,82,-5,5
15572,104,92,12,12
15573,72,69,3,3
15574,101,93,8,8
15575,95,95,0,0
15576,98,90,8,8
15577,62,60,2,2
15578,98,89,9,9
15579,113,115,-2,2
15580,62,61,1,1
15581,52,60,-8,8
15582,112,92,20,20
15583,80,80,0,0
15584,106,109,-3,3
15585,63,67,-4,4
15586,49,63,-14,14
15587,72,75,-3,3
15588,117,97,20,20
15589,116,107,9,9
15590,94,88,6,6
15591,95,93,2,2
15592,83,91,-8,8
15593,119,114,5,5
15594,106,101,5,5
15595,92,80,12,12
15596,70,76,-6,6
15597,133,121,12,12
15598,64,64,0,0
15599,169,146,23,23
15600,93,84,9,9
15601,102,97,5,5
15602,87,79,8,8
15603,71,71,0,0
15604,62,67,-5,5
15605,59,54,5,5
15606,85,81,4,4
15607,72,72,0,0
15608,50,50,0,0
15609,92,84,8,8
15610,127,114,13,13
15611,57,57,0,0
15612,107,98,9,9
15613,65,59,6,6
15614,82,81,1,1
15615,81,83,-2,2
15616,98,93,5,5
15617,82,75,7,7
15618,110,117,-7,7
15619,166,146,20,20
15620,107,99,8,8
15621,50,58,-8,8
15622,148,127,21,21
15623,70,71,-1,1
15624,100,88,12,12
15625,108,99,9,9
15626,113,106,7,7
15627,53,65,-12,12
15628,126,115,11,11
15629,72,72,0,0
15630,197,165,32,32
15631,47,47,0,0
15632,89,84,5,5
15633,143,121,22,22
15634,119,109,10,10
15635,76,79,-3,3
15636,73,80,-7,7
15637,68,75,-7,7
15638,111,100,11,11
15639,121,101,20,20
15640,92,95,-3,3
15641,113,102,11,11
15642,98,95,3,3
15643,152,144,8,8
15644,80,81,-1,1
15645,82,75,7,7
15646,128,111,17,17
15647,49,58,-9,9
15648,128,120,8,8
15649,63,63,0,0
15650,52,58,-6,6
15651,89,85,4,4
15652,68,58,10,10
15653,109,101,8,8
15654,83,81,2,2
15655,97,93,4,4
15656,73,75,-2,2
15657,75,71,4,4
15658,127,112,15,15
15659,52,78,-26,26
15660,69,58,11,11
15661,152,132,20,20
15662,87,84,3,3
15663,130,108,22,22
15664,72,82,-10,10
15665,114,111,3,3
15666,75,73,2,2
15667,136,115,21,21
15668,77,75,2,2
15669,88,81,7,7
15670,64,71,-7,7
15671,90,79,11,11
15672,174,157,17,17
15673,57,64,-7,7
15674,56,63,-7,7
15675,78,75,3,3
15676,81,77,4,4
15677,67,62,5,5
15678,123,102,21,21
15679,146,131,15,15
15680,123,117,6,6
15681,98,98,0,0
15682,61,74,-13,13
15683,109,104,5,5
15684,76,81,-5,5
15685,121,113,8,8
15686,81,80,1,1
15687,38,54,-16,16
15688,70,73,-3,3
15689,83,75,8,8
15690,100,94,6,6
15691,79,84,-5,5
15692,98,101,-3,3
15693,79,74,5,5
15694,196,163,33,33
15695,137,126,11,11
15696,67,70,-3,3
15697,87,88,-1,1
15698,79,80,-1,1
15699,84,81,3,3
15700,104,109,-5,5
15701,105,104,1,1
15702,113,100,13,13
15703,54,59,-5,5
15704,77,73,4,4
15705,124,114,10,10
15706,103,93,10,10
15707,175,146,29,29
15708,67,61,6,6
15709,86,82,4,4
15710,65,70,-5,5
15711,74,72,2,2
15712,85,59,26,26
15713,77,74,3,3
15714,94,86,8,8
15715,163,131,32,32
15716,107,100,7,7
15717,126,117,9,9
15718,97,92,5,5
15719,80,78,2,2
15720,150,143,7,7
15721,67,73,-6,6
15722,120,99,21,21
15723,86,92,-6,6
15724,80,79,1,1
15725,79,75,4,4
15726,98,90,8,8
15727,100,99,1,1
15728,105,101,4,4
15729,140,143,-3,3
15730,110,95,15,15
15731,101,91,10,10
15732,50,52,-2,2
15733,132,119,13,13
15734,160,146,14,14
15735,119,102,17,17
15736,94,87,7,7
15737,83,79,4,4
15738,92,86,6,6
15739,76,66,10,10
15740,103,96,7,7
15741,93,94,-1,1
15742,67,73,-6,6
15743,104,107,-3,3
15744,123,113,10,10
15745,90,80,10,10
15746,75,79,-4,4
15747,120,109,11,11
15748,66,60,6,6
15749,106,104,2,2
15750,120,106,14,14
15751,98,81,17,17
15752,105,104,1,1
15753,97,94,3,3
15754,101,91,10,10
15755,80,80,0,0
15756,87,83,4,4
15757,68,63,5,5
15758,160,134,26,26
15759,77,80,-3,3
15760,65,69,-4,4
15761,90,91,-1,1
15762,34,34,0,0
15763,90,94,-4,4
15764,83,74,9,9
15765,47,46,1,1
15766,47,68,-21,21
15767,106,105,1,1
15768,63,68,-5,5
15769,96,94,2,2
15770,108,113,-5,5
15771,85,82,3,3
15772,157,131,26,26
15773,90,72,18,18
15774,116,113,3,3
15775,132,120,12,12
15776,123,113,10,10
15777,118,110,8,8
15778,45,57,-12,12
15779,60,59,1,1
15780,179,144,35,35
15781,111,103,8,8
15782,118,113,5,5
15783,87,92,-5,5
15784,51,59,-8,8
15785,37,44,-7,7
15786,91,86,5,5
15787,69,71,-2,2
15788,130,110,20,20
15789,102,102,0,0
15790,93,96,-3,3
15791,129,116,13,13
15792,54,54,0,0
15793,70,70,0,0
15794,125,105,20,20
15795,59,62,-3,3
15796,46,41,5,5
15797,64,68,-4,4
15798,113,95,18,18
15799,110,89,21,21
15800,46,51,-5,5
15801,134,129,5,5
15802,71,81,-10,10
15803,143,131,12,12
15804,63,67,-4,4
15805,120,110,10,10
15806,86,78,8,8
15807,74,81,-7,7
15808,118,114,4,4
15809,61,66,-5,5
15810,65,64,1,1
15811,136,115,21,21
15812,85,86,-1,1
15813,105,86,19,19
15814,146,128,18,18
15815,98,102,-4,4
15816,30,51,-21,21
15817,76,76,0,0
15818,148,127,21,21
15819,126,107,19,19
15820,121,109,12,12
15821,173,121,52,52
15822,68,82,-14,14
15823,100,99,1,1
15824,109,107,2,2
15825,73,77,-4,4
15826,97,93,4,4
15827,92,82,10,10
15828,97,89,8,8
15829,88,96,-8,8
15830,159,134,25,25
15831,104,97,7,7
15832,65,68,-3,3
15833,84,80,4,4
15834,82,81,1,1
15835,100,103,-3,3
15836,105,99,6,6
15837,70,78,-8,8
15838,77,70,7,7
15839,111,104,7,7
15840,96,84,12,12
15841,98,99,-1,1
15842,89,86,3,3
15843,62,69,-7,7
15844,144,118,26,26
15845,134,118,16,16
15846,96,95,1,1
15847,64,74,-10,10
15848,74,73,1,1
15849,113,99,14,14
15850,125,120,5,5
15851,122,108,14,14
15852,66,75,-9,9
15853,46,51,-5,5
15854,115,109,6,6
15855,59,70,-11,11
15856,76,73,3,3
15857,97,90,7,7
15858,125,115,10,10
15859,138,98,40,40
15860,24,26,-2,2
15861,34,40,-6,6
15862,77,75,2,2
15863,112,115,-3,3
15864,123,115,8,8
15865,88,84,4,4
15866,130,115,15,15
15867,108,99,9,9
15868,52,51,1,1
15869,112,111,1,1
15870,41,43,-2,2
15871,68,77,-9,9
15872,111,103,8,8
15873,97,101,-4,4
15874,73,74,-1,1
15875,75,72,3,3
15876,79,91,-12,12
15877,62,72,-10,10
15878,75,88,-13,13
15879,128,114,14,14
15880,113,108,5,5
15881,49,47,2,2
15882,65,58,7,7
15883,64,63,1,1
15884,97,102,-5,5
15885,117,97,20,20
15886,62,61,1,1
15887,75,89,-14,14
15888,80,81,-1,1
15889,63,69,-6,6
15890,50,58,-8,8
15891,112,106,6,6
15892,129,118,11,11
15893,78,73,5,5
15894,102,97,5,5
15895,101,89,12,12
15896,67,70,-3,3
15897,49,50,-1,1
15898,184,151,33,33
15899,81,80,1,1
15900,70,71,-1,1
15901,95,85,10,10
15902,111,98,13,13
15903,141,124,17,17
15904,105,101,4,4
15905,54,47,7,7
15906,78,76,2,2
15907,155,131,24,24
15908,134,115,19,19
15909,88,80,8,8
15910,66,74,-8,8
15911,64,69,-5,5
15912,60,70,-10,10
15913,94,86,8,8
15914,103,90,13,13
15915,146,129,17,17
15916,74,80,-6,6
15917,73,65,8,8
15918,62,68,-6,6
15919,103,98,5,5
15920,126,112,14,14
15921,96,83,13,13
15922,160,134,26,26
15923,118,106,12,12
15924,128,110,18,18
15925,191,167,24,24
15926,123,109,14,14
15927,107,99,8,8
15928,55,57,-2,2
15929,47,38,9,9
15930,55,52,3,3
15931,58,58,0,0
15932,107,99,8,8
15933,76,73,3,3
15934,96,82,14,14
15935,57,56,1,1
15936,110,111,-1,1
15937,79,73,6,6
15938,65,71,-6,6
15939,123,108,15,15
15940,61,53,8,8
15941,65,74,-9,9
15942,113,103,10,10
15943,49,49,0,0
15944,82,92,-10,10
15945,98,96,2,2
15946,75,76,-1,1
15947,112,111,1,1
15948,113,100,13,13
15949,94,91,3,3
15950,58,46,12,12
15951,64,67,-3,3
15952,105,104,1,1
15953,101,96,5,5
15954,68,71,-3,3
15955,101,89,12,12
15956,52,51,1,1
15957,70,67,3,3
15958,97,121,-24,24
15959,117,100,17,17
15960,68,69,-1,1
15961,127,103,24,24
15962,69,78,-9,9
15963,90,96,-6,6
15964,40,44,-4,4
15965,114,101,13,13
15966,98,91,7,7
15967,66,68,-2,2
15968,67,80,-13,13
15969,190,170,20,20
15970,104,94,10,10
15971,74,79,-5,5
15972,69,57,12,12
15973,86,92,-6,6
15974,102,89,13,13
15975,122,110,12,12
15976,142,119,23,23
15977,103,86,17,17
15978,164,138,26,26
15979,110,115,-5,5
15980,64,66,-2,2
15981,74,70,4,4
15982,61,61,0,0
15983,63,69,-6,6
15984,100,87,13,13
15985,107,104,3,3
15986,102,95,7,7
15987,31,43,-12,12
15988,147,127,20,20
15989,60,64,-4,4
15990,86,80,6,6
15991,114,114,0,0
15992,103,108,-5,5
15993,75,76,-1,1
15994,95,99,-4,4
15995,87,79,8,8
15996,99,82,17,17
15997,114,108,6,6
15998,76,81,-5,5
15999,120,114,6,6
16000,90,83,7,7
16001,64,59,5,5
16002,113,103,10,10
16003,66,64,2,2
16004,123,104,19,19
16005,132,112,20,20
16006,124,101,23,23
16007,56,57,-1,1
16008,125,123,2,2
16009,101,94,7,7
16010,89,84,5,5
16011,57,68,-11,11
16012,98,87,11,11
16013,101,96,5,5
16014,82,86,-4,4
16015,128,125,3,3
16016,56,58,-2,2
16017,162,147,15,15
16018,84,88,-4,4
16019,79,75,4,4
16020,53,57,-4,4
16021,55,62,-7,7
16022,62,59,3,3
16023,73,75,-2,2
16024,42,47,-5,5
16025,127,128,-1,1
16026,52,59,-7,7
16027,121,116,5,5
16028,75,82,-7,7
16029,89,82,7,7
16030,64,65,-1,1
16031,36,35,1,1
16032,89,81,8,8
16033,72,66,6,6
16034,148,133,15,15
16035,106,97,9,9
16036,158,149,9,9
16037,131,114,17,17
16038,130,121,9,9
16039,77,71,6,6
16040,136,120,16,16
16041,102,97,5,5
16042,86,82,4,4
16043,89,82,7,7
16044,101,91,10,10
16045,99,95,4,4
16046,100,91,9,9
16047,69,73,-4,4
16048,92,81,11,11
16049,69,75,-6,6
16050,128,114,14,14
16051,151,132,19,19
16052,39,40,-1,1
16053,44,52,-8,8
16054,74,88,-14,14
16055,82,76,6,6
16056,140,121,19,19
16057,120,103,17,17
16058,79,65,14,14
16059,89,85,4,4
16060,158,169,-11,11
16061,105,115,-10,10
16062,113,105,8,8
16063,58,57,1,1
16064,95,90,5,5
16065,82,85,-3,3
16066,140,122,18,18
16067,66,73,-7,7
16068,94,90,4,4
16069,116,110,6,6
16070,70,80,-10,10
16071,90,85,5,5
16072,73,82,-9,9
16073,62,97,-35,35
16074,55,57,-2,2
16075,87,86,1,1
16076,97,97,0,0
16077,75,74,1,1
16078,113,100,13,13
16079,148,120,28,28
16080,144,152,-8,8
16081,64,58,6,6
16082,117,100,17,17
16083,89,84,5,5
16084,106,96,10,10
16085,130,105,25,25
16086,91,96,-5,5
16087,52,54,-2,2
16088,54,63,-9,9
16089,117,98,19,19
16090,127,125,2,2
16091,104,84,20,20
16092,122,107,15,15
16093,67,64,3,3
16094,73,76,-3,3
16095,84,82,2,2
16096,63,64,-1,1
16097,199,173,26,26
16098,138,139,-1,1
16099,85,80,5,5
16100,112,108,4,4
16101,100,100,0,0
16102,184,171,13,13
16103,90,87,3,3
16104,55,57,-2,2
16105,142,123,19,19
16106,124,116,8,8
16107,83,92,-9,9
16108,79,85,-6,6
16109,52,74,-22,22
16110,92,91,1,1
16111,71,71,0,0
16112,47,45,2,2
16113,83,82,1,1
16114,68,69,-1,1
16115,65,71,-6,6
16116,99,90,9,9
16117,114,111,3,3
16118,98,96,2,2
16119,84,96,-12,12
16120,181,147,34,34
16121,51,54,-3,3
16122,95,80,15,15
16123,77,80,-3,3
16124,70,74,-4,4
16125,103,93,10,10
16126,106,91,15,15
16127,70,76,-6,6
16128,92,91,1,1
16129,104,117,-13,13
16130,49,58,-9,9
16131,62,70,-8,8
16132,52,56,-4,4
16133,88,81,7,7
16134,84,76,8,8
16135,80,82,-2,2
16136,55,61,-6,6
16137,84,79,5,5
16138,158,124,34,34
16139,76,70,6,6
16140,58,63,-5,5
16141,94,86,8,8
16142,44,45,-1,1
16143,96,89,7,7
16144,134,118,16,16
16145,124,113,11,11
16146,137,127,10,10
16147,139,123,16,16
16148,40,46,-6,6
16149,64,67,-3,3
16150,100,97,3,3
16151,90,88,2,2
16152,88,90,-2,2
16153,80,80,0,0
16154,67,67,0,0
16155,96,91,5,5
16156,74,65,9,9
16157,80,72,8,8
16158,54,63,-9,9
16159,133,119,14,14
16160,71,69,2,2
16161,151,130,21,21
16162,150,136,14,14
16163,107,105,2,2
16164,104,99,5,5
16165,96,91,5,5
16166,164,142,22,22
16167,61,74,-13,13
16168,95,93,2,2
16169,120,108,12,12
16170,107,103,4,4
16171,116,101,15,15
16172,89,82,7,7
16173,42,44,-2,2
16174,74,73,1,1
16175,100,98,2,2
16176,66,60,6,6
16177,105,101,4,4
16178,108,92,16,16
16179,144,131,13,13
16180,118,116,2,2
16181,82,77,5,5
16182,164,130,34,34
16183,125,118,7,7
16184,68,78,-10,10
16185,102,99,3,3
16186,109,110,-1,1
16187,111,93,18,18
16188,115,100,15,15
16189,58,56,2,2
16190,109,96,13,13
16191,90,86,4,4
16192,99,92,7,7
16193,124,124,0,0
16194,147,108,39,39
16195,67,66,1,1
16196,89,87,2,2
16197,77,70,7,7
16198,106,115,-9,9
16199,78,78,0,0
16200,58,70,-12,12
16201,119,103,16,16
16202,74,78,-4,4
16203,80,81,-1,1
16204,143,125,18,18
16205,160,126,34,34
16206,117,103,14,14
16207,79,72,7,7
16208,103,101,2,2
16209,88,73,15,15
16210,74,76,-2,2
16211,96,95,1,1
16212,94,108,-14,14
16213,66,63,3,3
16214,43,51,-8,8
16215,137,121,16,16
16216,89,82,7,7
16217,95,96,-1,1
16218,172,159,13,13
16219,37,44,-7,7
16220,75,79,-4,4
16221,112,104,8,8
16222,98,98,0,0
16223,137,122,15,15
16224,122,107,15,15
16225,55,52,3,3
16226,65,61,4,4
16227,105,101,4,4
16228,67,70,-3,3
16229,115,102,13,13
16230,35,52,-17,17
16231,95,92,3,3
16232,62,59,3,3
16233,60,58,2,2
16234,142,117,25,25
16235,74,86,-12,12
16236,100,94,6,6
16237,179,105,74,74
16238,173,143,30,30
16239,161,145,16,16
16240,76,79,-3,3
16241,79,86,-7,7
16242,116,98,18,18
16243,58,61,-3,3
16244,83,81,2,2
16245,48,51,-3,3
16246,74,70,4,4
16247,57,67,-10,10
16248,84,81,3,3
16249,114,99,15,15
16250,72,61,11,11
16251,96,96,0,0
16252,113,127,-14,14
16253,105,96,9,9
16254,149,124,25,25
16255,62,63,-1,1
16256,72,66,6,6
16257,77,74,3,3
16258,152,136,16,16
16259,94,85,9,9
16260,115,102,13,13
16261,56,53,3,3
16262,65,66,-1,1
16263,111,96,15,15
16264,73,76,-3,3
16265,75,70,5,5
16266,90,88,2,2
16267,121,119,2,2
16268,111,97,14,14
16269,179,151,28,28
16270,136,127,9,9
16271,111,106,5,5
16272,35,67,-32,32
16273,90,85,5,5
16274,58,58,0,0
16275,172,143,29,29
16276,77,75,2,2
16277,81,73,8,8
16278,31,38,-7,7
16279,87,92,-5,5
16280,63,77,-14,14
16281,114,101,13,13
16282,96,94,2,2
16283,83,80,3,3
16284,117,112,5,5
16285,121,99,22,22
16286,89,91,-2,2
16287,106,101,5,5
16288,108,97,11,11
16289,121,112,9,9
16290,160,134,26,26
16291,110,103,7,7
16292,87,78,9,9
16293,107,99,8,8
16294,117,111,6,6
16295,74,75,-1,1
16296,96,93,3,3
16297,133,118,15,15
16298,81,88,-7,7
16299,81,81,0,0
16300,76,79,-3,3
16301,57,67,-10,10
16302,131,124,7,7
16303,91,80,11,11
16304,39,45,-6,6
16305,119,104,15,15
16306,138,119,19,19
16307,105,106,-1,1
16308,77,76,1,1
16309,132,120,12,12
16310,58,63,-5,5
16311,42,44,-2,2
16312,67,66,1,1
16313,54,52,2,2
16314,74,70,4,4
16315,95,91,4,4
16316,73,68,5,5
16317,75,93,-18,18
16318,58,63,-5,5
16319,112,99,13,13
16320,114,100,14,14
16321,118,113,5,5
16322,63,65,-2,2
16323,59,71,-12,12
16324,56,56,0,0
16325,66,65,1,1
16326,64,68,-4,4
16327,100,87,13,13
16328,97,96,1,1
16329,155,131,24,24
16330,93,83,10,10
16331,123,115,8,8
16332,89,81,8,8
16333,76,81,-5,5
16334,178,157,21,21
16335,67,60,7,7
16336,112,98,14,14
16337,105,99,6,6
16338,95,84,11,11
16339,81,82,-1,1
16340,67,75,-8,8
16341,79,76,3,3
16342,117,111,6,6
16343,72,80,-8,8
16344,103,100,3,3
16345,109,101,8,8
16346,59,61,-2,2
16347,101,94,7,7
16348,112,105,7,7
16349,158,136,22,22
16350,119,114,5,5
16351,92,83,9,9
16352,38,44,-6,6
16353,66,72,-6,6
16354,69,85,-16,16
16355,51,58,-7,7
16356,200,148,52,52
16357,93,89,4,4
16358,97,92,5,5
16359,171,124,47,47
16360,65,76,-11,11
16361,102,96,6,6
16362,72,69,3,3
16363,55,59,-4,4
16364,118,94,24,24
16365,86,80,6,6
16366,135,116,19,19
16367,78,75,3,3
16368,115,110,5,5
16369,140,132,8,8
16370,61,68,-7,7
16371,48,56,-8,8
16372,78,76,2,2
16373,195,176,19,19
16374,48,57,-9,9
16375,71,68,3,3
16376,126,113,13,13
16377,207,172,35,35
16378,111,95,16,16
16379,75,82,-7,7
16380,106,98,8,8
16381,84,77,7,7
16382,140,127,13,13
16383,77,92,-15,15
16384,88,84,4,4
16385,63,60,3,3
16386,146,125,21,21
16387,43,48,-5,5
16388,87,85,2,2
16389,63,58,5,5
16390,92,97,-5,5
16391,64,69,-5,5
16392,107,95,12,12
16393,114,104,10,10
16394,76,69,7,7
16395,108,108,0,0
16396,61,61,0,0
16397,157,140,17,17
16398,161,134,27,27
16399,81,77,4,4
16400,42,47,-5,5
16401,120,90,30,30
16402,118,97,21,21
16403,99,91,8,8
16404,78,79,-1,1
16405,39,41,-2,2
16406,62,65,-3,3
16407,93,82,11,11
16408,51,58,-7,7
16409,63,83,-20,20
16410,131,130,1,1
16411,117,95,22,22
16412,96,83,13,13
16413,158,139,19,19
16414,88,85,3,3
16415,77,82,-5,5
16416,84,81,3,3
16417,123,111,12,12
16418,84,80,4,4
16419,122,112,10,10
16420,88,87,1,1
16421,73,65,8,8
16422,198,171,27,27
16423,87,75,12,12
16424,76,84,-8,8
16425,85,83,2,2
16426,86,90,-4,4
16427,161,145,16,16
16428,132,104,28,28
16429,65,56,9,9
16430,65,58,7,7
16431,155,135,20,20
16432,94,96,-2,2
16433,91,84,7,7
16434,94,98,-4,4
16435,132,118,14,14
16436,74,76,-2,2
16437,134,120,14,14
16438,186,163,23,23
16439,117,105,12,12
16440,128,117,11,11
16441,49,54,-5,5
16442,52,57,-5,5
16443,54,51,3,3
16444,49,56,-7,7
16445,61,68,-7,7
16446,87,84,3,3
16447,121,121,0,0
16448,110,102,8,8
16449,29,38,-9,9
16450,75,72,3,3
16451,119,117,2,2
16452,100,89,11,11
16453,73,87,-14,14
16454,71,74,-3,3
16455,61,81,-20,20
16456,91,100,-9,9
16457,68,79,-11,11
16458,79,79,0,0
16459,141,140,1,1
16460,89,89,0,0
16461,132,120,12,12
16462,110,102,8,8
16463,70,71,-1,1
16464,49,52,-3,3
16465,99,98,1,1
16466,60,57,3,3
16467,94,92,2,2
16468,89,85,4,4
16469,149,133,16,16
16470,78,71,7,7
16471,133,129,4,4
16472,134,130,4,4
16473,65,70,-5,5
16474,117,98,19,19
16475,96,87,9,9
16476,130,109,21,21
16477,138,126,12,12
16478,85,85,0,0
16479,128,115,13,13
16480,84,79,5,5
16481,127,109,18,18
16482,67,70,-3,3
16483,149,142,7,7
16484,77,76,1,1
16485,91,88,3,3
16486,137,117,20,20
16487,142,126,16,16
16488,68,70,-2,2
16489,129,116,13,13
16490,120,101,19,19
16491,38,44,-6,6
16492,109,102,7,7
16493,101,91,10,10
16494,66,93,-27,27
16495,61,68,-7,7
16496,107,100,7,7
16497,112,93,19,19
16498,114,120,-6,6
16499,96,94,2,2
16500,136,125,11,11
16501,60,63,-3,3
16502,108,93,15,15
16503,109,101,8,8
16504,98,90,8,8
16505,53,71,-18,18
16506,68,58,10,10
16507,114,101,13,13
16508,181,167,14,14
16509,121,104,17,17
16510,67,67,0,0
16511,78,69,9,9
16512,74,73,1,1
16513,47,46,1,1
16514,113,112,1,1
16515,41,43,-2,2
16516,57,61,-4,4
16517,68,62,6,6
16518,88,91,-3,3
16519,76,91,-15,15
16520,96,95,1,1
16521,45,52,-7,7
16522,119,108,11,11
16523,104,108,-4,4
16524,111,101,10,10
16525,62,57,5,5
16526,94,91,3,3
16527,86,80,6,6
16528,78,84,-6,6
16529,132,122,10,10
16530,105,99,6,6
16531,141,117,24,24
16532,59,61,-2,2
16533,205,154,51,51
16534,91,84,7,7
16535,87,98,-11,11
16536,87,82,5,5
16537,102,85,17,17
16538,94,82,12,12
16539,77,75,2,2
16540,61,60,1,1
16541,152,126,26,26
16542,85,84,1,1
16543,120,108,12,12
16544,83,87,-4,4
16545,135,122,13,13
16546,52,55,-3,3
16547,79,73,6,6
16548,50,59,-9,9
16549,152,130,22,22
16550,80,72,8,8
16551,83,85,-2,2
16552,163,148,15,15
16553,75,84,-9,9
16554,72,73,-1,1
16555,93,83,10,10
16556,118,102,16,16
16557,84,84,0,0
16558,72,70,2,2
16559,75,77,-2,2
16560,79,80,-1,1
16561,84,86,-2,2
16562,88,87,1,1
16563,99,92,7,7
16564,59,60,-1,1
16565,112,104,8,8
16566,128,104,24,24
16567,115,103,12,12
16568,101,106,-5,5
16569,60,59,1,1
16570,80,84,-4,4
16571,134,126,8,8
16572,72,71,1,1
16573,160,132,28,28
16574,123,111,12,12
16575,111,100,11,11
16576,61,67,-6,6
16577,68,71,-3,3
16578,131,127,4,4
16579,135,112,23,23
16580,217,202,15,15
16581,56,51,5,5
16582,86,86,0,0
16583,104,95,9,9
16584,87,92,-5,5
16585,76,75,1,1
16586,137,120,17,17
16587,86,85,1,1
16588,53,57,-4,4
16589,82,85,-3,3
16590,52,48,4,4
16591,85,81,4,4
16592,110,97,13,13
16593,58,56,2,2
16594,103,100,3,3
16595,40,40,0,0
16596,70,69,1,1
16597,50,48,2,2
16598,69,72,-3,3
16599,108,107,1,1
16600,82,74,8,8
16601,138,118,20,20
16602,103,99,4,4
16603,119,105,14,14
16604,111,96,15,15
16605,154,132,22,22
16606,131,115,16,16
16607,67,70,-3,3
16608,76,71,5,5
16609,104,100,4,4
16610,134,111,23,23
16611,41,51,-10,10
16612,54,51,3,3
16613,116,104,12,12
16614,58,57,1,1
16615,74,82,-8,8
16616,101,98,3,3
16617,62,58,4,4
16618,141,129,12,12
16619,93,83,10,10
16620,98,91,7,7
16621,88,96,-8,8
16622,33,37,-4,4
16623,115,111,4,4
16624,86,84,2,2
16625,156,131,25,25
16626,66,65,1,1
16627,93,83,10,10
16628,61,62,-1,1
16629,128,113,15,15
16630,161,128,33,33
16631,51,57,-6,6
16632,59,61,-2,2
16633,97,93,4,4
16634,157,135,22,22
16635,91,99,-8,8
16636,67,58,9,9
16637,90,91,-1,1
16638,82,78,4,4
16639,104,92,12,12
16640,96,95,1,1
16641,122,118,4,4
16642,86,80,6,6
16643,126,117,9,9
16644,87,85,2,2
16645,77,83,-6,6
16646,117,104,13,13
16647,144,121,23,23
16648,86,75,11,11
16649,61,52,9,9
16650,79,92,-13,13
16651,96,90,6,6
16652,89,91,-2,2
16653,89,93,-4,4
16654,110,98,12,12
16655,87,79,8,8
16656,39,47,-8,8
16657,98,92,6,6
16658,151,130,21,21
16659,89,86,3,3
16660,67,68,-1,1
16661,71,70,1,1
16662,119,103,16,16
16663,86,82,4,4
16664,147,128,19,19
16665,51,46,5,5
16666,83,90,-7,7
16667,83,82,1,1
16668,54,57,-3,3
16669,138,110,28,28
16670,64,68,-4,4
16671,80,80,0,0
16672,58,66,-8,8
16673,92,87,5,5
16674,56,72,-16,16
16675,114,116,-2,2
16676,58,60,-2,2
16677,51,59,-8,8
16678,111,103,8,8
16679,66,75,-9,9
16680,64,67,-3,3
16681,99,103,-4,4
16682,73,69,4,4
16683,110,94,16,16
16684,99,104,-5,5
16685,92,84,8,8
16686,57,56,1,1
16687,138,123,15,15
16688,156,142,14,14
16689,113,102,11,11
16690,37,44,-7,7
16691,119,105,14,14
16692,109,103,6,6
16693,137,121,16,16
16694,187,136,51,51
16695,77,81,-4,4
16696,78,70,8,8
16697,89,88,1,1
16698,144,134,10,10
16699,111,103,8,8
16700,46,52,-6,6
16701,119,109,10,10
16702,89,78,11,11
16703,85,87,-2,2
16704,155,124,31,31
16705,164,153,11,11
16706,176,151,25,25
16707,61,66,-5,5
16708,143,138,5,5
16709,66,55,11,11
16710,138,117,21,21
16711,107,101,6,6
16712,80,74,6,6
16713,95,91,4,4
16714,94,99,-5,5
16715,90,83,7,7
16716,65,67,-2,2
16717,75,76,-1,1
16718,54,56,-2,2
16719,84,81,3,3
16720,129,111,18,18
16721,142,117,25,25
16722,96,99,-3,3
16723,112,106,6,6
16724,93,82,11,11
16725,57,58,-1,1
16726,36,52,-16,16
16727,46,51,-5,5
16728,94,94,0,0
16729,57,63,-6,6
16730,106,105,1,1
16731,130,122,8,8
16732,62,63,-1,1
16733,89,92,-3,3
16734,137,122,15,15
16735,107,105,2,2
16736,58,57,1,1
16737,73,70,3,3
16738,86,84,2,2
16739,103,93,10,10
16740,121,112,9,9
16741,66,60,6,6
16742,87,90,-3,3
16743,59,56,3,3
16744,109,101,8,8
16745,79,88,-9,9
16746,68,69,-1,1
16747,66,69,-3,3
16748,72,76,-4,4
16749,100,96,4,4
16750,102,94,8,8
16751,55,58,-3,3
16752,98,87,11,11
16753,107,101,6,6
16754,77,67,10,10
16755,76,80,-4,4
16756,65,68,-3,3
16757,134,109,25,25
16758,39,48,-9,9
16759,123,119,4,4
16760,64,64,0,0
16761,105,97,8,8
16762,66,65,1,1
16763,203,174,29,29
16764,144,105,39,39
16765,75,79,-4,4
16766,106,96,10,10
16767,104,99,5,5
16768,73,80,-7,7
16769,83,74,9,9
16770,81,91,-10,10
16771,83,81,2,2
16772,100,100,0,0
16773,103,95,8,8
16774,76,76,0,0
16775,66,70,-4,4
16776,72,72,0,0
16777,87,94,-7,7
16778,81,99,-18,18
16779,109,99,10,10
16780,103,92,11,11
16781,112,111,1,1
16782,170,143,27,27
16783,89,84,5,5
16784,73,79,-6,6
16785,59,57,2,2
16786,135,120,15,15
16787,61,65,-4,4
16788,78,80,-2,2
16789,125,105,20,20
16790,64,72,-8,8
16791,54,59,-5,5
16792,119,106,13,13
16793,92,92,0,0
16794,117,110,7,7
16795,88,79,9,9
16796,99,95,4,4
16797,48,53,-5,5
16798,123,114,9,9
16799,113,107,6,6
16800,98,93,5,5
16801,66,64,2,2
16802,82,77,5,5
16803,38,32,6,6
16804,86,85,1,1
16805,135,131,4,4
16806,140,121,19,19
16807,73,69,4,4
16808,95,93,2,2
16809,40,44,-4,4
16810,67,85,-18,18
16811,160,141,19,19
16812,121,104,17,17
16813,104,84,20,20
16814,98,90,8,8
16815,125,109,16,16
16816,119,97,22,22
16817,109,106,3,3
16818,73,75,-2,2
16819,212,171,41,41
16820,81,76,5,5
16821,104,101,3,3
16822,44,48,-4,4
16823,82,66,16,16
16824,181,140,41,41
16825,50,47,3,3
16826,90,96,-6,6
16827,87,82,5,5
16828,76,88,-12,12
16829,211,184,27,27
16830,104,94,10,10
16831,114,104,10,10
16832,143,136,7,7
16833,142,126,16,16
16834,153,152,1,1
16835,60,57,3,3
16836,60,62,-2,2
16837,111,90,21,21
16838,143,137,6,6
16839,76,77,-1,1
16840,73,71,2,2
16841,76,70,6,6
16842,75,75,0,0
16843,58,64,-6,6
16844,57,54,3,3
16845,112,103,9,9
16846,151,132,19,19
16847,51,51,0,0
16848,64,68,-4,4
16849,80,79,1,1
16850,89,82,7,7
16851,155,133,22,22
16852,97,89,8,8
16853,82,86,-4,4
16854,122,106,16,16
16855,110,107,3,3
16856,91,83,8,8
16857,27,59,-32,32
16858,55,57,-2,2
16859,107,96,11,11
16860,61,66,-5,5
16861,67,73,-6,6
16862,111,111,0,0
16863,95,86,9,9
16864,129,119,10,10
16865,165,160,5,5
16866,139,122,17,17
16867,97,119,-22,22
16868,88,86,2,2
16869,64,73,-9,9
16870,83,79,4,4
16871,118,104,14,14
16872,81,77,4,4
16873,78,76,2,2
16874,164,148,16,16
16875,60,90,-30,30
16876,23,35,-12,12
16877,60,58,2,2
16878,58,63,-5,5
16879,102,99,3,3
16880,100,95,5,5
16881,103,98,5,5
16882,98,84,14,14
16883,136,129,7,7
16884,110,102,8,8
16885,95,92,3,3
16886,113,107,6,6
16887,143,141,2,2
16888,141,127,14,14
16889,117,103,14,14
16890,63,70,-7,7
16891,83,73,10,10
16892,52,58,-6,6
16893,95,100,-5,5
16894,85,86,-1,1
16895,75,80,-5,5
16896,137,122,15,15
16897,81,80,1,1
16898,55,55,0,0
16899,128,104,24,24
16900,135,110,25,25
16901,107,99,8,8
16902,68,71,-3,3
16903,95,92,3,3
16904,131,114,17,17
16905,106,97,9,9
16906,84,95,-11,11
16907,120,112,8,8
16908,69,69,0,0
16909,93,95,-2,2
16910,100,96,4,4
16911,152,134,18,18
16912,139,136,3,3
16913,109,101,8,8
16914,122,112,10,10
16915,70,71,-1,1
16916,89,81,8,8
16917,81,69,12,12
16918,59,61,-2,2
16919,74,79,-5,5
16920,121,100,21,21
16921,88,80,8,8
16922,72,87,-15,15
16923,107,102,5,5
16924,47,57,-10,10
16925,105,93,12,12
16926,61,70,-9,9
16927,116,107,9,9
16928,110,99,11,11
16929,63,61,2,2
16930,121,106,15,15
16931,52,53,-1,1
16932,92,82,10,10
16933,102,108,-6,6
16934,86,83,3,3
16935,171,173,-2,2
16936,97,105,-8,8
16937,105,88,17,17
16938,127,117,10,10
16939,84,86,-2,2
16940,99,86,13,13
16941,65,62,3,3
16942,86,77,9,9
16943,107,93,14,14
16944,84,82,2,2
16945,136,115,21,21
16946,82,73,9,9
16947,52,58,-6,6
16948,103,109,-6,6
16949,102,96,6,6
16950,126,110,16,16
16951,185,155,30,30
16952,143,125,18,18
16953,48,65,-17,17
16954,142,110,32,32
16955,58,67,-9,9
16956,164,148,16,16
16957,95,91,4,4
16958,191,172,19,19
16959,115,112,3,3
16960,58,61,-3,3
16961,121,104,17,17
16962,101,94,7,7
16963,79,81,-2,2
16964,84,83,1,1
16965,69,69,0,0
16966,153,140,13,13
16967,67,74,-7,7
16968,69,81,-12,12
16969,71,74,-3,3
16970,94,93,1,1
16971,110,102,8,8
16972,105,98,7,7
16973,88,90,-2,2
16974,93,95,-2,2
16975,70,66,4,4
16976,65,70,-5,5
16977,62,66,-4,4
16978,120,112,8,8
16979,55,53,2,2
16980,73,75,-2,2
16981,102,93,9,9
16982,71,71,0,0
16983,111,118,-7,7
16984,156,139,17,17
16985,89,90,-1,1
16986,67,65,2,2
16987,71,73,-2,2
16988,71,78,-7,7
16989,108,96,12,12
16990,72,71,1,1
16991,80,73,7,7
16992,104,87,17,17
16993,111,107,4,4
16994,58,56,2,2
16995,68,64,4,4
16996,92,85,7,7
16997,161,140,21,21
16998,107,94,13,13
16999,66,74,-8,8
17000,76,81,-5,5
17001,105,99,6,6
17002,140,120,20,20
17003,77,73,4,4
17004,70,73,-3,3
17005,133,117,16,16
17006,50,59,-9,9
17007,66,68,-2,2
17008,60,70,-10,10
17009,72,79,-7,7
17010,123,102,21,21
17011,88,83,5,5
17012,110,99,11,11
17013,94,88,6,6
17014,88,82,6,6
17015,82,73,9,9
17016,107,114,-7,7
17017,69,67,2,2
17018,85,85,0,0
17019,81,81,0,0
17020,57,57,0,0
17021,124,104,20,20
17022,126,118,8,8
17023,59,51,8,8
17024,78,79,-1,1
17025,112,110,2,2
17026,87,94,-7,7
17027,101,90,11,11
17028,101,94,7,7
17029,150,133,17,17
17030,135,116,19,19
17031,146,131,15,15
17032,61,62,-1,1
17033,103,96,7,7
17034,134,118,16,16
17035,68,70,-2,2
17036,84,76,8,8
17037,59,60,-1,1
17038,115,105,10,10
17039,98,81,17,17
17040,118,117,1,1
17041,97,94,3,3
17042,94,98,-4,4
17043,143,123,20,20
17044,119,108,11,11
17045,82,90,-8,8
17046,86,90,-4,4
17047,79,81,-2,2
17048,178,165,13,13
17049,151,125,26,26
17050,133,119,14,14
17051,71,78,-7,7
17052,56,50,6,6
17053,61,58,3,3
17054,69,74,-5,5
17055,95,91,4,4
17056,98,91,7,7
17057,88,88,0,0
17058,86,87,-1,1
17059,79,82,-3,3
17060,77,72,5,5
17061,88,97,-9,9
17062,110,99,11,11
17063,138,131,7,7
17064,98,100,-2,2
17065,99,90,9,9
17066,73,72,1,1
17067,143,124,19,19
17068,44,46,-2,2
17069,136,118,18,18
17070,150,129,21,21
17071,125,117,8,8
17072,134,118,16,16
17073,93,96,-3,3
17074,107,96,11,11
17075,38,45,-7,7
17076,133,135,-2,2
17077,151,135,16,16
17078,104,104,0,0
17079,83,78,5,5
17080,124,100,24,24
17081,161,146,15,15
17082,72,71,1,1
17083,77,81,-4,4
17084,111,101,10,10
17085,107,101,6,6
17086,107,105,2,2
17087,98,100,-2,2
17088,168,146,22,22
17089,100,88,12,12
17090,70,70,0,0
17091,68,67,1,1
17092,74,68,6,6
17093,129,120,9,9
17094,121,106,15,15
17095,69,65,4,4
17096,121,114,7,7
17097,103,101,2,2
17098,187,170,17,17
17099,61,62,-1,1
17100,81,76,5,5
17101,117,117,0,0
17102,46,66,-20,20
17103,77,77,0,0
17104,85,86,-1,1
17105,47,57,-10,10
17106,81,79,2,2
17107,99,86,13,13
17108,152,146,6,6
17109,58,69,-11,11
17110,45,53,-8,8
17111,87,82,5,5
17112,100,82,18,18
17113,41,41,0,0
17114,184,148,36,36
17115,72,73,-1,1
17116,38,44,-6,6
17117,79,95,-16,16
17118,98,85,13,13
17119,71,70,1,1
17120,62,65,-3,3
17121,90,80,10,10
17122,97,81,16,16
17123,52,52,0,0
17124,74,69,5,5
17125,154,135,19,19
17126,99,90,9,9
17127,44,41,3,3
17128,85,80,5,5
17129,128,114,14,14
17130,128,103,25,25
17131,78,90,-12,12
17132,62,67,-5,5
17133,112,115,-3,3
17134,63,69,-6,6
17135,88,85,3,3
17136,51,50,1,1
17137,129,116,13,13
17138,65,65,0,0
17139,56,57,-1,1
17140,102,93,9,9
17141,87,80,7,7
17142,129,116,13,13
17143,61,68,-7,7
17144,79,79,0,0
17145,57,68,-11,11
17146,171,137,34,34
17147,90,89,1,1
17148,96,90,6,6
17149,91,84,7,7
17150,47,53,-6,6
17151,87,93,-6,6
17152,86,95,-9,9
17153,133,126,7,7
17154,133,119,14,14
17155,89,93,-4,4
17156,64,57,7,7
17157,54,59,-5,5
17158,99,105,-6,6
17159,91,85,6,6
17160,76,80,-4,4
17161,75,73,2,2
17162,72,68,4,4
17163,107,103,4,4
17164,39,41,-2,2
17165,99,92,7,7
17166,121,107,14,14
17167,89,82,7,7
17168,132,122,10,10
17169,108,105,3,3
17170,84,74,10,10
17171,104,96,8,8
17172,68,69,-1,1
17173,55,57,-2,2
17174,74,70,4,4
17175,85,89,-4,4
17176,63,60,3,3
17177,77,75,2,2
17178,103,100,3,3
17179,66,66,0,0
17180,77,70,7,7
17181,112,100,12,12
17182,127,128,-1,1
17183,100,99,1,1
17184,59,65,-6,6
17185,111,98,13,13
17186,29,37,-8,8
17187,77,74,3,3
17188,98,97,1,1
17189,108,101,7,7
17190,196,175,21,21
17191,79,75,4,4
17192,150,139,11,11
17193,99,90,9,9
17194,73,70,3,3
17195,75,74,1,1
17196,62,70,-8,8
17197,77,80,-3,3
17198,100,87,13,13
17199,139,126,13,13
17200,80,75,5,5
17201,151,113,38,38
17202,125,115,10,10
17203,70,80,-10,10
17204,141,124,17,17
17205,76,79,-3,3
17206,74,80,-6,6
17207,108,94,14,14
17208,146,116,30,30
17209,65,60,5,5
17210,92,99,-7,7
17211,98,90,8,8
17212,112,111,1,1
17213,155,126,29,29
17214,109,102,7,7
17215,127,113,14,14
17216,40,52,-12,12
17217,106,108,-2,2
17218,106,110,-4,4
17219,68,68,0,0
17220,73,75,-2,2
17221,69,71,-2,2
17222,93,92,1,1
17223,95,92,3,3
17224,99,90,9,9
17225,108,99,9,9
17226,77,79,-2,2
17227,76,74,2,2
17228,102,101,1,1
17229,117,104,13,13
17230,88,82,6,6
17231,82,80,2,2
17232,99,92,7,7
17233,147,123,24,24
17234,66,65,1,1
17235,79,70,9,9
17236,62,69,-7,7
17237,175,153,22,22
17238,101,94,7,7
17239,64,69,-5,5
17240,74,74,0,0
17241,72,85,-13,13
17242,64,70,-6,6
17243,73,70,3,3
17244,48,59,-11,11
17245,186,156,30,30
17246,100,110,-10,10
17247,120,106,14,14
17248,53,67,-14,14
17249,120,101,19,19
17250,98,98,0,0
17251,34,42,-8,8
17252,97,92,5,5
17253,118,103,15,15
17254,128,108,20,20
17255,90,82,8,8
17256,63,65,-2,2
17257,160,129,31,31
17258,177,137,40,40
17259,185,163,22,22
17260,104,97,7,7
17261,68,68,0,0
17262,119,115,4,4
17263,110,96,14,14
17264,67,59,8,8
17265,56,61,-5,5
17266,160,135,25,25
17267,103,110,-7,7
17268,68,67,1,1
17269,112,106,6,6
17270,75,72,3,3
17271,101,98,3,3
17272,89,101,-12,12
17273,57,70,-13,13
17274,65,66,-1,1
17275,95,98,-3,3
17276,93,91,2,2
17277,100,91,9,9
17278,127,120,7,7
17279,105,90,15,15
17280,58,52,6,6
17281,70,72,-2,2
17282,146,131,15,15
17283,90,85,5,5
17284,75,73,2,2
17285,92,92,0,0
17286,122,111,11,11
17287,77,78,-1,1
17288,50,56,-6,6
17289,69,73,-4,4
17290,36,40,-4,4
17291,97,85,12,12
17292,81,85,-4,4
17293,127,124,3,3
17294,142,132,10,10
17295,98,96,2,2
17296,91,79,12,12
17297,84,83,1,1
17298,94,99,-5,5
17299,71,80,-9,9
17300,87,78,9,9
17301,109,101,8,8
17302,58,54,4,4
17303,63,66,-3,3
17304,65,66,-1,1
17305,45,46,-1,1
17306,87,73,14,14
17307,64,70,-6,6
17308,82,81,1,1
17309,156,142,14,14
17310,138,104,34,34
17311,76,78,-2,2
17312,134,117,17,17
17313,115,101,14,14
17314,92,90,2,2
17315,126,118,8,8
17316,103,101,2,2
17317,56,61,-5,5
17318,125,128,-3,3
17319,108,91,17,17
17320,69,70,-1,1
17321,151,131,20,20
17322,88,93,-5,5
17323,101,95,6,6
17324,165,151,14,14
17325,151,123,28,28
17326,82,77,5,5
17327,65,64,1,1
17328,93,89,4,4
17329,102,94,8,8
17330,71,74,-3,3
17331,66,70,-4,4
17332,101,98,3,3
17333,109,94,15,15
17334,67,60,7,7
17335,150,131,19,19
17336,71,54,17,17
17337,93,93,0,0
17338,106,104,2,2
17339,127,112,15,15
17340,167,151,16,16
17341,67,72,-5,5
17342,137,126,11,11
17343,90,85,5,5
17344,48,53,-5,5
17345,79,72,7,7
17346,72,76,-4,4
17347,139,124,15,15
17348,81,82,-1,1
17349,124,117,7,7
17350,114,99,15,15
17351,75,75,0,0
17352,73,71,2,2
17353,90,82,8,8
17354,156,143,13,13
17355,107,100,7,7
17356,88,84,4,4
17357,135,134,1,1
17358,120,99,21,21
17359,55,69,-14,14
17360,58,59,-1,1
17361,104,107,-3,3
17362,53,50,3,3
17363,65,58,7,7
17364,71,71,0,0
17365,36,45,-9,9
17366,135,115,20,20
17367,159,143,16,16
17368,118,98,20,20
17369,93,97,-4,4
17370,91,90,1,1
17371,66,73,-7,7
17372,68,60,8,8
17373,81,78,3,3
17374,138,132,6,6
17375,68,72,-4,4
17376,128,117,11,11
17377,97,104,-7,7
17378,83,86,-3,3
17379,194,164,30,30
17380,63,62,1,1
17381,68,59,9,9
17382,68,69,-1,1
17383,89,90,-1,1
17384,103,91,12,12
17385,113,112,1,1
17386,95,90,5,5
17387,93,81,12,12
17388,68,68,0,0
17389,57,53,4,4
17390,58,63,-5,5
17391,174,148,26,26
17392,71,72,-1,1
17393,106,95,11,11
17394,63,63,0,0
17395,63,57,6,6
17396,126,109,17,17
17397,104,94,10,10
17398,83,82,1,1
17399,80,82,-2,2
17400,175,152,23,23
17401,77,89,-12,12
17402,146,126,20,20
17403,78,74,4,4
17404,114,97,17,17
17405,86,96,-10,10
17406,149,135,14,14
17407,170,152,18,18
17408,121,110,11,11
17409,61,62,-1,1
17410,64,58,6,6
17411,67,64,3,3
17412,99,100,-1,1
17413,185,155,30,30
17414,56,69,-13,13
17415,99,91,8,8
17416,75,81,-6,6
17417,85,76,9,9
17418,92,83,9,9
17419,91,82,9,9
17420,80,71,9,9
17421,56,69,-13,13
17422,80,74,6,6
17423,135,117,18,18
17424,98,111,-13,13
17425,150,140,10,10
17426,53,60,-7,7
17427,106,97,9,9
17428,74,74,0,0
17429,196,190,6,6
17430,88,81,7,7
17431,47,55,-8,8
17432,101,101,0,0
17433,110,99,11,11
17434,116,110,6,6
17435,96,96,0,0
17436,65,59,6,6
17437,55,49,6,6
17438,140,127,13,13
17439,94,81,13,13
17440,89,80,9,9
17441,101,90,11,11
17442,80,72,8,8
17443,112,100,12,12
17444,106,105,1,1
17445,103,102,1,1
17446,60,61,-1,1
17447,95,91,4,4
17448,87,85,2,2
17449,45,46,-1,1
17450,92,93,-1,1
17451,108,96,12,12
17452,98,92,6,6
17453,62,68,-6,6
17454,107,101,6,6
17455,74,69,5,5
17456,137,113,24,24
17457,75,75,0,0
17458,66,68,-2,2
17459,100,90,10,10
17460,129,129,0,0
17461,79,76,3,3
17462,111,97,14,14
17463,88,90,-2,2
17464,63,67,-4,4
17465,95,97,-2,2
17466,74,74,0,0
17467,108,101,7,7
17468,115,100,15,15
17469,96,91,5,5
17470,146,124,22,22
17471,178,154,24,24
17472,171,148,23,23
17473,171,136,35,35
17474,151,131,20,20
17475,90,88,2,2
17476,94,86,8,8
17477,89,76,13,13
17478,71,70,1,1
17479,223,189,34,34
17480,66,70,-4,4
17481,116,106,10,10
17482,69,66,3,3
17483,153,131,22,22
17484,48,55,-7,7
17485,83,85,-2,2
17486,177,151,26,26
17487,70,86,-16,16
17488,80,82,-2,2
17489,77,78,-1,1
17490,69,66,3,3
17491,81,73,8,8
17492,115,110,5,5
17493,96,99,-3,3
17494,94,82,12,12
17495,46,50,-4,4
17496,88,99,-11,11
17497,90,77,13,13
17498,89,90,-1,1
17499,65,62,3,3
17500,78,77,1,1
17501,76,74,2,2
17502,116,100,16,16
17503,127,111,16,16
17504,146,133,13,13
17505,89,89,0,0
17506,42,61,-19,19
17507,73,68,5,5
17508,61,59,2,2
17509,79,73,6,6
17510,105,96,9,9
17511,64,67,-3,3
17512,115,112,3,3
17513,66,73,-7,7
17514,75,74,1,1
17515,82,81,1,1
17516,46,57,-11,11
17517,106,103,3,3
17518,74,79,-5,5
17519,58,81,-23,23
17520,89,89,0,0
17521,76,72,4,4
17522,90,78,12,12
17523,108,101,7,7
17524,89,96,-7,7
17525,75,73,2,2
17526,98,94,4,4
17527,87,82,5,5
17528,65,69,-4,4
17529,121,103,18,18
17530,63,66,-3,3
17531,139,133,6,6
17532,80,81,-1,1
17533,75,75,0,0
17534,64,67,-3,3
17535,48,48,0,0
17536,115,104,11,11
17537,82,80,2,2
17538,120,109,11,11
17539,141,130,11,11
17540,67,74,-7,7
17541,48,61,-13,13
17542,117,105,12,12
17543,173,151,22,22
17544,74,81,-7,7
17545,53,55,-2,2
17546,33,39,-6,6
17547,79,82,-3,3
17548,76,72,4,4
17549,119,101,18,18
17550,139,124,15,15
17551,77,73,4,4
17552,115,103,12,12
17553,67,73,-6,6
17554,105,91,14,14
17555,127,119,8,8
17556,84,80,4,4
17557,106,105,1,1
17558,79,88,-9,9
17559,96,99,-3,3
17560,82,76,6,6
17561,146,128,18,18
17562,98,95,3,3
17563,116,115,1,1
17564,42,45,-3,3
17565,82,82,0,0
17566,71,70,1,1
17567,103,93,10,10
17568,60,64,-4,4
17569,86,82,4,4
17570,137,117,20,20
17571,105,96,9,9
17572,68,74,-6,6
17573,94,93,1,1
17574,190,160,30,30
17575,61,62,-1,1
17576,112,103,9,9
17577,72,64,8,8
17578,137,117,20,20
17579,85,83,2,2
17580,190,168,22,22
17581,145,135,10,10
17582,100,98,2,2
17583,143,121,22,22
17584,81,86,-5,5
17585,58,63,-5,5
17586,79,86,-7,7
17587,119,111,8,8
17588,63,68,-5,5
17589,106,98,8,8
17590,111,99,12,12
17591,90,89,1,1
17592,134,126,8,8
17593,129,105,24,24
17594,67,67,0,0
17595,128,121,7,7
17596,43,48,-5,5
17597,58,58,0,0
17598,123,119,4,4
17599,63,60,3,3
17600,61,66,-5,5
17601,74,61,13,13
17602,117,99,18,18
17603,132,100,32,32
17604,73,61,12,12
17605,127,121,6,6
17606,170,151,19,19
17607,101,97,4,4
17608,118,102,16,16
17609,73,70,3,3
17610,82,81,1,1
17611,100,94,6,6
17612,62,66,-4,4
17613,80,71,9,9
17614,50,53,-3,3
17615,68,70,-2,2
17616,163,142,21,21
17617,49,51,-2,2
17618,75,75,0,0
17619,133,114,19,19
17620,115,111,4,4
17621,102,102,0,0
17622,74,77,-3,3
17623,161,137,24,24
17624,130,122,8,8
17625,122,109,13,13
17626,109,98,11,11
17627,120,120,0,0
17628,72,54,18,18
17629,90,92,-2,2
17630,80,88,-8,8
17631,103,103,0,0
17632,134,119,15,15
17633,93,89,4,4
17634,82,80,2,2
17635,184,152,32,32
17636,84,81,3,3
17637,62,62,0,0
17638,65,67,-2,2
17639,68,72,-4,4
17640,118,107,11,11
17641,81,81,0,0
17642,116,108,8,8
17643,116,106,10,10
17644,85,78,7,7
17645,55,60,-5,5
17646,91,90,1,1
17647,79,80,-1,1
17648,24,41,-17,17
17649,155,135,20,20
17650,97,83,14,14
17651,69,74,-5,5
17652,105,98,7,7
17653,158,143,15,15
17654,129,119,10,10
17655,115,102,13,13
17656,92,94,-2,2
17657,82,82,0,0
17658,100,99,1,1
17659,66,56,10,10
17660,46,53,-7,7
17661,141,134,7,7
17662,128,114,14,14
17663,101,81,20,20
17664,103,92,11,11
17665,75,72,3,3
17666,125,114,11,11
17667,50,49,1,1
17668,67,65,2,2
17669,91,88,3,3
17670,95,90,5,5
17671,133,114,19,19
17672,124,112,12,12
17673,59,54,5,5
17674,138,118,20,20
17675,132,120,12,12
17676,109,100,9,9
17677,72,77,-5,5
17678,84,87,-3,3
17679,107,103,4,4
17680,73,81,-8,8
17681,76,80,-4,4
17682,122,99,23,23
17683,107,103,4,4
17684,38,45,-7,7
17685,127,109,18,18
17686,82,73,9,9
17687,189,155,34,34
17688,115,103,12,12
17689,100,93,7,7
17690,70,64,6,6
17691,81,67,14,14
17692,150,148,2,2
17693,94,85,9,9
17694,88,82,6,6
17695,81,82,-1,1
17696,148,133,15,15
17697,75,82,-7,7
17698,90,85,5,5
17699,124,113,11,11
17700,46,47,-1,1
17701,103,103,0,0
17702,101,90,11,11
17703,93,91,2,2
17704,105,101,4,4
17705,91,91,0,0
17706,138,127,11,11
17707,85,82,3,3
17708,102,91,11,11
17709,72,81,-9,9
17710,81,79,2,2
17711,118,106,12,12
17712,114,114,0,0
17713,118,105,13,13
17714,79,81,-2,2
17715,149,122,27,27
17716,74,79,-5,5
17717,46,53,-7,7
17718,76,69,7,7
17719,80,77,3,3
17720,124,126,-2,2
17721,126,122,4,4
17722,57,56,1,1
17723,91,100,-9,9
17724,206,165,41,41
17725,122,102,20,20
17726,89,89,0,0
17727,108,101,7,7
17728,170,144,26,26
17729,89,84,5,5
17730,90,82,8,8
17731,85,84,1,1
17732,80,69,11,11
17733,105,88,17,17
17734,84,71,13,13
17735,97,93,4,4
17736,60,62,-2,2
17737,39,47,-8,8
17738,103,92,11,11
17739,122,114,8,8
17740,105,101,4,4
17741,72,75,-3,3
17742,72,79,-7,7
17743,126,111,15,15
17744,113,101,12,12
17745,88,81,7,7
17746,121,113,8,8
17747,88,87,1,1
17748,72,68,4,4
17749,65,73,-8,8
17750,74,81,-7,7
17751,112,112,0,0
17752,53,58,-5,5
17753,138,120,18,18
17754,108,105,3,3
17755,65,68,-3,3
17756,72,76,-4,4
17757,122,105,17,17
17758,48,59,-11,11
17759,93,83,10,10
17760,124,113,11,11
17761,92,89,3,3
17762,66,70,-4,4
17763,69,68,1,1
17764,144,140,4,4
17765,103,104,-1,1
17766,96,91,5,5
17767,107,97,10,10
17768,129,116,13,13
17769,60,60,0,0
17770,72,69,3,3
17771,53,52,1,1
17772,117,100,17,17
17773,109,104,5,5
17774,73,73,0,0
17775,121,109,12,12
17776,193,171,22,22
17777,69,76,-7,7
17778,80,68,12,12
17779,135,110,25,25
17780,47,48,-1,1
17781,75,70,5,5
17782,135,130,5,5
17783,97,92,5,5
17784,76,77,-1,1
17785,108,102,6,6
17786,110,105,5,5
17787,87,89,-2,2
17788,59,60,-1,1
17789,163,143,20,20
17790,80,81,-1,1
17791,169,140,29,29
17792,91,89,2,2
17793,122,112,10,10
17794,97,92,5,5
17795,63,71,-8,8
17796,139,130,9,9
17797,76,74,2,2
17798,80,76,4,4
17799,79,74,5,5
17800,112,109,3,3
17801,94,93,1,1
17802,103,105,-2,2
17803,53,59,-6,6
17804,70,74,-4,4
17805,156,142,14,14
17806,29,53,-24,24
17807,128,124,4,4
17808,125,118,7,7
17809,126,97,29,29
17810,50,92,-42,42
17811,152,136,16,16
17812,195,150,45,45
17813,76,80,-4,4
17814,87,83,4,4
17815,80,73,7,7
17816,66,64,2,2
17817,72,72,0,0
17818,104,105,-1,1
17819,67,66,1,1
17820,109,100,9,9
17821,146,132,14,14
17822,59,71,-12,12
17823,78,73,5,5
17824,73,70,3,3
17825,139,126,13,13
17826,103,91,12,12
17827,112,109,3,3
17828,99,86,13,13
17829,68,76,-8,8
17830,53,70,-17,17
17831,152,117,35,35
17832,55,55,0,0
17833,96,96,0,0
17834,78,80,-2,2
17835,69,88,-19,19
17836,54,54,0,0
17837,118,104,14,14
17838,120,102,18,18
17839,45,61,-16,16
17840,94,85,9,9
17841,141,128,13,13
17842,81,84,-3,3
17843,85,89,-4,4
17844,100,96,4,4
17845,104,99,5,5
17846,189,152,37,37
17847,79,73,6,6
17848,98,94,4,4
17849,53,54,-1,1
17850,139,121,18,18
17851,96,106,-10,10
17852,75,73,2,2
17853,74,75,-1,1
17854,142,128,14,14
17855,135,138,-3,3
17856,40,39,1,1
17857,176,145,31,31
17858,55,59,-4,4
17859,70,78,-8,8
17860,71,71,0,0
17861,55,64,-9,9
17862,168,149,19,19
17863,146,124,22,22
17864,111,105,6,6
17865,117,94,23,23
17866,64,65,-1,1
17867,106,96,10,10
17868,110,95,15,15
17869,79,80,-1,1
17870,95,83,12,12
17871,121,110,11,11
17872,129,119,10,10
17873,98,82,16,16
17874,60,59,1,1
17875,53,58,-5,5
17876,121,104,17,17
17877,112,122,-10,10
17878,54,58,-4,4
17879,76,79,-3,3
17880,126,125,1,1
17881,131,112,19,19
17882,45,48,-3,3
17883,135,123,12,12
17884,95,87,8,8
17885,80,73,7,7
17886,96,90,6,6
17887,143,123,20,20
17888,59,62,-3,3
17889,140,124,16,16
17890,73,74,-1,1
17891,109,105,4,4
17892,116,116,0,0
17893,42,48,-6,6
17894,44,42,2,2
17895,151,132,19,19
17896,109,105,4,4
17897,106,86,20,20
17898,131,102,29,29
17899,139,121,18,18
17900,77,71,6,6
17901,127,109,18,18
17902,79,93,-14,14
17903,140,126,14,14
17904,63,59,4,4
17905,121,112,9,9
17906,65,60,5,5
17907,146,125,21,21
17908,110,97,13,13
17909,101,100,1,1
17910,35,44,-9,9
17911,105,99,6,6
17912,154,145,9,9
17913,72,70,2,2
17914,98,96,2,2
17915,126,125,1,1
17916,142,123,19,19
17917,98,106,-8,8
17918,82,84,-2,2
17919,86,93,-7,7
17920,79,73,6,6
17921,111,93,18,18
17922,74,71,3,3
17923,58,57,1,1
17924,48,53,-5,5
17925,74,73,1,1
17926,123,111,12,12
17927,40,45,-5,5
17928,80,67,13,13
17929,63,57,6,6
17930,115,95,20,20
17931,107,103,4,4
17932,80,72,8,8
17933,85,82,3,3
17934,166,143,23,23
17935,71,80,-9,9
17936,56,63,-7,7
17937,48,56,-8,8
17938,96,88,8,8
17939,54,57,-3,3
17940,124,114,10,10
17941,92,90,2,2
17942,51,58,-7,7
17943,62,69,-7,7
17944,89,82,7,7
17945,141,123,18,18
17946,87,72,15,15
17947,75,82,-7,7
17948,81,78,3,3
17949,65,80,-15,15
17950,90,80,10,10
17951,85,80,5,5
17952,71,76,-5,5
17953,61,68,-7,7
17954,104,97,7,7
17955,98,99,-1,1
17956,68,69,-1,1
17957,77,71,6,6
17958,90,85,5,5
17959,71,82,-11,11
17960,59,71,-12,12
17961,109,92,17,17
17962,105,102,3,3
17963,175,148,27,27
17964,83,86,-3,3
17965,139,119,20,20
17966,68,70,-2,2
17967,88,88,0,0
17968,75,70,5,5
17969,104,103,1,1
17970,126,107,19,19
17971,91,91,0,0
17972,94,95,-1,1
17973,89,86,3,3
17974,41,46,-5,5
17975,91,106,-15,15
17976,81,83,-2,2
17977,72,71,1,1
17978,146,121,25,25
17979,80,79,1,1
17980,141,107,34,34
17981,104,93,11,11
17982,111,96,15,15
17983,115,105,10,10
17984,67,66,1,1
17985,132,116,16,16
17986,118,108,10,10
17987,79,72,7,7
17988,67,76,-9,9
17989,158,126,32,32
17990,90,81,9,9
17991,78,80,-2,2
17992,52,54,-2,2
17993,67,68,-1,1
17994,57,71,-14,14
17995,93,91,2,2
17996,73,72,1,1
17997,100,100,0,0
17998,150,125,25,25
17999,68,70,-2,2
18000,74,76,-2,2
18001,100,96,4,4
18002,92,95,-3,3
18003,101,104,-3,3
18004,96,88,8,8
18005,161,138,23,23
18006,71,74,-3,3
18007,97,92,5,5
18008,62,61,1,1
18009,70,71,-1,1
18010,106,95,11,11
18011,67,72,-5,5
18012,56,67,-11,11
18013,75,70,5,5
18014,47,46,1,1
18015,78,75,3,3
18016,62,60,2,2
18017,68,68,0,0
18018,106,95,11,11
18019,125,107,18,18
18020,84,92,-8,8
18021,107,96,11,11
18022,63,61,2,2
18023,76,82,-6,6
18024,98,88,10,10
18025,139,105,34,34
18026,94,91,3,3
18027,142,130,12,12
18028,121,111,10,10
18029,79,78,1,1
18030,123,115,8,8
18031,82,81,1,1
18032,174,153,21,21
18033,116,112,4,4
18034,51,56,-5,5
18035,157,132,25,25
18036,57,61,-4,4
18037,71,66,5,5
18038,30,38,-8,8
18039,102,98,4,4
18040,140,120,20,20
18041,156,144,12,12
18042,44,45,-1,1
18043,157,137,20,20
18044,91,90,1,1
18045,111,116,-5,5
18046,107,112,-5,5
18047,83,85,-2,2
18048,83,79,4,4
18049,103,94,9,9
18050,84,72,12,12
18051,79,74,5,5
18052,119,100,19,19
18053,66,73,-7,7
18054,34,53,-19,19
18055,134,118,16,16
18056,108,99,9,9
18057,60,69,-9,9
18058,33,37,-4,4
18059,105,106,-1,1
18060,71,73,-2,2
18061,92,93,-1,1
18062,62,64,-2,2
18063,54,58,-4,4
18064,85,83,2,2
18065,154,126,28,28
18066,109,99,10,10
18067,120,122,-2,2
18068,55,54,1,1
18069,102,103,-1,1
18070,58,57,1,1
18071,34,41,-7,7
18072,91,86,5,5
18073,110,99,11,11
18074,117,101,16,16
18075,102,116,-14,14
18076,95,85,10,10
18077,38,45,-7,7
18078,88,80,8,8
18079,107,93,14,14
18080,113,104,9,9
18081,58,59,-1,1
18082,56,64,-8,8
18083,68,71,-3,3
18084,59,59,0,0
18085,169,157,12,12
18086,70,64,6,6
18087,117,103,14,14
18088,84,80,4,4
18089,150,143,7,7
18090,123,121,2,2
18091,72,72,0,0
18092,108,102,6,6
18093,87,86,1,1
18094,123,133,-10,10
18095,79,79,0,0
18096,112,116,-4,4
18097,77,73,4,4
18098,123,108,15,15
18099,109,110,-1,1
18100,82,72,10,10
18101,57,72,-15,15
18102,120,104,16,16
18103,117,114,3,3
18104,53,53,0,0
18105,72,74,-2,2
18106,90,81,9,9
18107,92,102,-10,10
18108,88,80,8,8
18109,55,72,-17,17
18110,62,56,6,6
18111,108,106,2,2
18112,85,76,9,9
18113,66,83,-17,17
18114,165,153,12,12
18115,124,117,7,7
18116,75,80,-5,5
18117,54,56,-2,2
18118,141,126,15,15
18119,67,69,-2,2
18120,94,92,2,2
18121,102,106,-4,4
18122,119,111,8,8
18123,53,60,-7,7
18124,122,126,-4,4
18125,60,61,-1,1
18126,88,86,2,2
18127,101,98,3,3
18128,64,68,-4,4
18129,48,69,-21,21
18130,75,71,4,4
18131,53,69,-16,16
18132,123,101,22,22
18133,90,85,5,5
18134,137,132,5,5
18135,95,94,1,1
18136,88,102,-14,14
18137,106,101,5,5
18138,155,135,20,20
18139,75,68,7,7
18140,62,65,-3,3
18141,91,82,9,9
18142,58,51,7,7
18143,51,60,-9,9
18144,120,110,10,10
18145,94,96,-2,2
18146,112,102,10,10
18147,84,96,-12,12
18148,67,71,-4,4
18149,83,79,4,4
18150,162,139,23,23
18151,122,113,9,9
18152,36,42,-6,6
18153,127,113,14,14
18154,75,89,-14,14
18155,119,99,20,20
18156,147,126,21,21
18157,105,99,6,6
18158,55,55,0,0
18159,90,81,9,9
18160,57,60,-3,3
18161,100,97,3,3
18162,63,59,4,4
18163,58,64,-6,6
18164,140,135,5,5
18165,107,99,8,8
18166,71,79,-8,8
18167,145,134,11,11
18168,64,70,-6,6
18169,94,84,10,10
18170,71,66,5,5
18171,68,71,-3,3
18172,109,94,15,15
18173,67,69,-2,2
18174,81,81,0,0
18175,101,89,12,12
18176,135,116,19,19
18177,60,56,4,4
18178,154,128,26,26
18179,131,112,19,19
18180,97,85,12,12
18181,65,66,-1,1
18182,132,119,13,13
18183,95,93,2,2
18184,97,89,8,8
18185,122,103,19,19
18186,80,83,-3,3
18187,89,81,8,8
18188,97,82,15,15
18189,106,101,5,5
18190,101,99,2,2
18191,116,118,-2,2
18192,70,84,-14,14
18193,44,46,-2,2
18194,149,131,18,18
18195,95,91,4,4
18196,79,74,5,5
18197,114,108,6,6
18198,77,69,8,8
18199,121,106,15,15
18200,80,81,-1,1
18201,117,101,16,16
18202,150,128,22,22
18203,85,79,6,6
18204,72,80,-8,8
18205,112,100,12,12
18206,91,82,9,9
18207,61,59,2,2
18208,126,107,19,19
18209,78,75,3,3
18210,129,115,14,14
18211,71,72,-1,1
18212,72,74,-2,2
18213,166,148,18,18
18214,134,119,15,15
18215,36,33,3,3
18216,63,67,-4,4
18217,73,71,2,2
18218,88,89,-1,1
18219,88,91,-3,3
18220,113,112,1,1
18221,138,121,17,17
18222,88,70,18,18
18223,127,114,13,13
18224,216,189,27,27
18225,108,98,10,10
18226,137,124,13,13
18227,66,80,-14,14
18228,68,74,-6,6
18229,100,93,7,7
18230,50,54,-4,4
18231,130,122,8,8
18232,100,100,0,0
18233,201,151,50,50
18234,53,56,-3,3
18235,65,67,-2,2
18236,60,59,1,1
18237,177,158,19,19
18238,88,79,9,9
18239,64,69,-5,5
18240,141,131,10,10
18241,87,86,1,1
18242,144,125,19,19
18243,118,102,16,16
18244,84,85,-1,1
18245,80,83,-3,3
18246,131,124,7,7
18247,61,64,-3,3
18248,93,87,6,6
18249,78,86,-8,8
18250,58,59,-1,1
18251,99,85,14,14
18252,107,98,9,9
18253,119,110,9,9
18254,104,105,-1,1
18255,87,90,-3,3
18256,88,81,7,7
18257,131,121,10,10
18258,126,112,14,14
18259,125,107,18,18
18260,99,100,-1,1
18261,127,114,13,13
18262,34,54,-20,20
18263,77,71,6,6
18264,88,85,3,3
18265,106,112,-6,6
18266,104,94,10,10
18267,78,83,-5,5
18268,78,74,4,4
18269,211,172,39,39
18270,68,53,15,15
18271,110,104,6,6
18272,86,85,1,1
18273,102,96,6,6
18274,82,77,5,5
18275,57,57,0,0
18276,106,102,4,4
18277,52,60,-8,8
18278,60,57,3,3
18279,78,80,-2,2
18280,66,60,6,6
18281,134,118,16,16
18282,61,67,-6,6
18283,88,82,6,6
18284,95,95,0,0
18285,79,78,1,1
18286,109,103,6,6
18287,74,79,-5,5
18288,82,74,8,8
18289,77,75,2,2
18290,89,83,6,6
18291,115,101,14,14
18292,64,67,-3,3
18293,143,124,19,19
18294,189,164,25,25
18295,27,35,-8,8
18296,82,88,-6,6
18297,127,125,2,2
18298,121,99,22,22
18299,103,96,7,7
18300,55,57,-2,2
18301,163,148,15,15
18302,93,90,3,3
18303,95,91,4,4
18304,123,114,9,9
18305,59,62,-3,3
18306,112,100,12,12
18307,76,75,1,1
18308,77,83,-6,6
18309,62,64,-2,2
18310,71,73,-2,2
18311,60,61,-1,1
18312,141,132,9,9
18313,91,92,-1,1
18314,96,89,7,7
18315,58,60,-2,2
18316,93,89,4,4
18317,165,150,15,15
18318,199,176,23,23
18319,98,92,6,6
18320,152,143,9,9
18321,81,71,10,10
18322,93,82,11,11
18323,122,108,14,14
18324,83,83,0,0
18325,82,84,-2,2
18326,61,64,-3,3
18327,87,88,-1,1
18328,44,49,-5,5
18329,90,96,-6,6
18330,50,56,-6,6
18331,122,108,14,14
18332,82,80,2,2
18333,101,100,1,1
18334,93,93,0,0
18335,132,112,20,20
18336,111,110,1,1
18337,96,81,15,15
18338,47,48,-1,1
18339,113,105,8,8
18340,182,161,21,21
18341,107,118,-11,11
18342,99,102,-3,3
18343,72,80,-8,8
18344,84,85,-1,1
18345,55,56,-1,1
18346,154,143,11,11
18347,39,45,-6,6
18348,107,99,8,8
18349,89,91,-2,2
18350,114,115,-1,1
18351,99,95,4,4
18352,76,79,-3,3
18353,61,68,-7,7
18354,112,94,18,18
18355,79,78,1,1
18356,81,78,3,3
18357,80,82,-2,2
18358,49,63,-14,14
18359,48,38,10,10
18360,113,101,12,12
18361,91,92,-1,1
18362,76,75,1,1
18363,144,134,10,10
18364,67,68,-1,1
18365,81,71,10,10
18366,111,101,10,10
18367,78,79,-1,1
18368,53,60,-7,7
18369,77,81,-4,4
18370,71,87,-16,16
18371,76,69,7,7
18372,65,66,-1,1
18373,90,86,4,4
18374,165,142,23,23
18375,188,169,19,19
18376,58,147,-89,89
18377,81,80,1,1
18378,65,68,-3,3
18379,91,88,3,3
18380,116,108,8,8
18381,145,126,19,19
18382,111,115,-4,4
18383,146,129,17,17
18384,119,99,20,20
18385,91,91,0,0
18386,116,110,6,6
18387,48,50,-2,2
18388,107,110,-3,3
18389,63,64,-1,1
18390,120,104,16,16
18391,86,81,5,5
18392,93,90,3,3
18393,89,89,0,0
18394,95,96,-1,1
18395,90,81,9,9
18396,104,97,7,7
18397,144,132,12,12
18398,119,103,16,16
18399,82,82,0,0
18400,61,74,-13,13
18401,93,98,-5,5
18402,142,121,21,21
18403,73,70,3,3
18404,133,110,23,23
18405,128,126,2,2
18406,104,97,7,7
18407,90,84,6,6
18408,88,93,-5,5
18409,65,80,-15,15
18410,102,93,9,9
18411,176,143,33,33
18412,90,89,1,1
18413,241,198,43,43
18414,115,95,20,20
18415,69,70,-1,1
18416,94,84,10,10
18417,123,109,14,14
18418,96,102,-6,6
18419,90,91,-1,1
18420,59,60,-1,1
18421,76,74,2,2
18422,72,70,2,2
18423,70,74,-4,4
18424,67,65,2,2
18425,83,82,1,1
18426,205,168,37,37
18427,62,69,-7,7
18428,214,191,23,23
18429,79,71,8,8
18430,142,122,20,20
18431,88,81,7,7
18432,107,104,3,3
18433,120,104,16,16
18434,108,101,7,7
18435,102,92,10,10
18436,64,69,-5,5
18437,86,91,-5,5
18438,70,72,-2,2
18439,130,100,30,30
18440,97,85,12,12
18441,85,84,1,1
18442,67,61,6,6
18443,142,109,33,33
18444,48,54,-6,6
18445,88,80,8,8
18446,123,118,5,5
18447,69,80,-11,11
18448,92,86,6,6
18449,69,72,-3,3
18450,45,51,-6,6
18451,64,63,1,1
18452,84,76,8,8
18453,131,117,14,14
18454,78,79,-1,1
18455,32,38,-6,6
18456,85,79,6,6
18457,100,91,9,9
18458,99,81,18,18
18459,125,112,13,13
18460,91,80,11,11
18461,196,167,29,29
18462,94,111,-17,17
18463,54,54,0,0
18464,134,118,16,16
18465,168,138,30,30
18466,64,61,3,3
18467,73,76,-3,3
18468,96,85,11,11
18469,82,72,10,10
18470,48,54,-6,6
18471,65,70,-5,5
18472,121,112,9,9
18473,102,100,2,2
18474,69,69,0,0
18475,92,88,4,4
18476,79,80,-1,1
18477,107,104,3,3
18478,76,87,-11,11
18479,73,76,-3,3
18480,75,70,5,5
18481,150,141,9,9
18482,149,132,17,17
18483,144,124,20,20
18484,113,103,10,10
18485,62,68,-6,6
18486,108,102,6,6
18487,103,98,5,5
18488,58,98,-40,40
18489,42,57,-15,15
18490,115,95,20,20
18491,58,87,-29,29
18492,115,96,19,19
18493,109,97,12,12
18494,51,44,7,7
18495,70,68,2,2
18496,68,84,-16,16
18497,143,133,10,10
18498,83,73,10,10
18499,116,105,11,11
18500,45,47,-2,2
18501,90,85,5,5
18502,67,65,2,2
18503,100,98,2,2
18504,113,110,3,3
18505,30,42,-12,12
18506,98,95,3,3
18507,67,71,-4,4
18508,53,59,-6,6
18509,105,98,7,7
18510,123,120,3,3
18511,57,58,-1,1
18512,125,106,19,19
18513,98,92,6,6
18514,111,107,4,4
18515,122,111,11,11
18516,117,113,4,4
18517,74,78,-4,4
18518,84,79,5,5
18519,143,130,13,13
18520,121,107,14,14
18521,121,110,11,11
18522,99,91,8,8
18523,103,92,11,11
18524,104,85,19,19
18525,63,59,4,4
18526,222,173,49,49
18527,113,98,15,15
18528,88,88,0,0
18529,122,101,21,21
18530,109,112,-3,3
18531,72,69,3,3
18532,64,64,0,0
18533,144,124,20,20
18534,82,81,1,1
18535,82,84,-2,2
18536,162,142,20,20
18537,112,113,-1,1
18538,62,65,-3,3
18539,78,90,-12,12
18540,48,47,1,1
18541,90,85,5,5
18542,130,109,21,21
18543,70,71,-1,1
18544,141,140,1,1
18545,138,125,13,13
18546,126,92,34,34
18547,71,70,1,1
18548,89,92,-3,3
18549,138,126,12,12
18550,70,65,5,5
18551,123,106,17,17
18552,72,73,-1,1
18553,107,102,5,5
18554,58,57,1,1
18555,90,81,9,9
18556,136,130,6,6
18557,163,146,17,17
18558,108,96,12,12
18559,83,71,12,12
18560,117,108,9,9
18561,142,127,15,15
18562,69,69,0,0
18563,100,87,13,13
18564,211,172,39,39
18565,148,135,13,13
18566,82,79,3,3
18567,86,85,1,1
18568,201,177,24,24
18569,113,113,0,0
18570,126,118,8,8
18571,64,59,5,5
18572,98,91,7,7
18573,51,50,1,1
18574,93,99,-6,6
18575,60,62,-2,2
18576,82,79,3,3
18577,95,107,-12,12
18578,94,81,13,13
18579,81,80,1,1
18580,111,103,8,8
18581,63,69,-6,6
18582,55,58,-3,3
18583,142,130,12,12
18584,139,117,22,22
18585,118,106,12,12
18586,209,157,52,52
18587,73,69,4,4
18588,103,103,0,0
18589,118,113,5,5
18590,124,110,14,14
18591,79,90,-11,11
18592,124,111,13,13
18593,129,118,11,11
18594,91,83,8,8
18595,83,89,-6,6
18596,120,100,20,20
18597,91,81,10,10
18598,101,92,9,9
18599,117,103,14,14
18600,154,130,24,24
18601,83,81,2,2
18602,113,105,8,8
18603,83,82,1,1
18604,106,107,-1,1
18605,47,50,-3,3
18606,63,63,0,0
18607,99,91,8,8
18608,47,66,-19,19
18609,111,99,12,12
18610,111,100,11,11
18611,152,131,21,21
18612,91,94,-3,3
18613,111,103,8,8
18614,103,110,-7,7
18615,80,83,-3,3
18616,133,119,14,14
18617,83,77,6,6
18618,67,64,3,3
18619,124,120,4,4
18620,93,97,-4,4
18621,80,80,0,0
18622,64,70,-6,6
18623,74,85,-11,11
18624,92,90,2,2
18625,122,107,15,15
18626,92,97,-5,5
18627,111,107,4,4
18628,148,118,30,30
18629,102,93,9,9
18630,101,93,8,8
18631,89,87,2,2
18632,94,98,-4,4
18633,78,77,1,1
18634,88,76,12,12
18635,87,90,-3,3
18636,59,53,6,6
18637,75,80,-5,5
18638,101,99,2,2
18639,96,97,-1,1
18640,64,66,-2,2
18641,106,92,14,14
18642,90,90,0,0
18643,95,95,0,0
18644,107,105,2,2
18645,95,92,3,3
18646,78,82,-4,4
18647,124,146,-22,22
18648,142,132,10,10
18649,73,69,4,4
18650,111,104,7,7
18651,92,78,14,14
18652,205,166,39,39
18653,93,86,7,7
18654,87,96,-9,9
18655,43,43,0,0
18656,51,56,-5,5
18657,102,98,4,4
18658,85,94,-9,9
18659,152,135,17,17
18660,69,72,-3,3
18661,47,51,-4,4
18662,52,58,-6,6
18663,94,96,-2,2
18664,149,130,19,19
18665,81,69,12,12
18666,96,85,11,11
18667,88,83,5,5
18668,81,76,5,5
18669,129,116,13,13
18670,107,119,-12,12
18671,93,83,10,10
18672,90,91,-1,1
18673,72,76,-4,4
18674,82,81,1,1
18675,73,72,1,1
18676,102,98,4,4
18677,52,58,-6,6
18678,79,85,-6,6
18679,131,113,18,18
18680,56,56,0,0
18681,58,55,3,3
18682,66,65,1,1
18683,58,63,-5,5
18684,76,79,-3,3
18685,83,80,3,3
18686,84,80,4,4
18687,100,100,0,0
18688,114,98,16,16
18689,112,107,5,5
18690,104,94,10,10
18691,110,104,6,6
18692,160,148,12,12
18693,98,91,7,7
18694,122,109,13,13
18695,39,43,-4,4
18696,120,113,7,7
18697,84,82,2,2
18698,64,84,-20,20
18699,87,92,-5,5
18700,102,99,3,3
18701,87,84,3,3
18702,76,69,7,7
18703,132,119,13,13
18704,65,61,4,4
18705,136,115,21,21
18706,87,73,14,14
18707,93,86,7,7
18708,130,114,16,16
18709,96,91,5,5
18710,93,87,6,6
18711,67,74,-7,7
18712,116,109,7,7
18713,81,85,-4,4
18714,107,103,4,4
18715,70,65,5,5
18716,113,104,9,9
18717,78,80,-2,2
18718,93,85,8,8
18719,62,70,-8,8
18720,43,46,-3,3
18721,81,76,5,5
18722,85,83,2,2
18723,128,111,17,17
18724,110,108,2,2
18725,37,37,0,0
18726,66,73,-7,7
18727,56,54,2,2
18728,95,89,6,6
18729,95,93,2,2
18730,92,88,4,4
18731,99,99,0,0
18732,75,80,-5,5
18733,186,147,39,39
18734,30,35,-5,5
18735,63,64,-1,1
18736,60,53,7,7
18737,38,44,-6,6
18738,70,76,-6,6
18739,85,83,2,2
18740,71,61,10,10
18741,122,119,3,3
18742,45,43,2,2
18743,94,87,7,7
18744,133,120,13,13
18745,89,82,7,7
18746,85,77,8,8
18747,80,79,1,1
18748,141,120,21,21
18749,108,100,8,8
18750,39,52,-13,13
18751,85,96,-11,11
18752,99,96,3,3
18753,81,74,7,7
18754,123,116,7,7
18755,98,94,4,4
18756,81,83,-2,2
18757,110,107,3,3
18758,64,73,-9,9
18759,75,81,-6,6
18760,59,58,1,1
18761,66,72,-6,6
18762,81,67,14,14
18763,92,87,5,5
18764,115,107,8,8
18765,129,123,6,6
18766,99,92,7,7
18767,72,76,-4,4
18768,91,85,6,6
18769,69,71,-2,2
18770,80,72,8,8
18771,89,92,-3,3
18772,92,99,-7,7
18773,95,91,4,4
18774,166,138,28,28
18775,61,60,1,1
18776,59,52,7,7
18777,42,54,-12,12
18778,53,60,-7,7
18779,101,96,5,5
18780,90,82,8,8
18781,116,105,11,11
18782,83,75,8,8
18783,89,86,3,3
18784,121,109,12,12
18785,74,58,16,16
18786,113,97,16,16
18787,85,84,1,1
18788,137,127,10,10
18789,72,83,-11,11
18790,78,68,10,10
18791,113,112,1,1
18792,144,112,32,32
18793,54,56,-2,2
18794,74,71,3,3
18795,72,73,-1,1
18796,73,75,-2,2
18797,163,130,33,33
18798,96,93,3,3
18799,90,86,4,4
18800,64,62,2,2
18801,61,63,-2,2
18802,79,77,2,2
18803,118,115,3,3
18804,70,71,-1,1
18805,108,100,8,8
18806,83,101,-18,18
18807,55,60,-5,5
18808,139,126,13,13
18809,49,52,-3,3
18810,159,134,25,25
18811,30,37,-7,7
18812,111,108,3,3
18813,112,105,7,7
18814,149,140,9,9
18815,104,96,8,8
18816,166,126,40,40
18817,76,72,4,4
18818,128,126,2,2
18819,54,63,-9,9
18820,99,95,4,4
18821,53,54,-1,1
18822,98,91,7,7
18823,94,94,0,0
18824,144,136,8,8
18825,47,44,3,3
18826,124,120,4,4
18827,137,137,0,0
18828,55,51,4,4
18829,79,70,9,9
18830,103,99,4,4
18831,67,73,-6,6
18832,45,44,1,1
18833,129,109,20,20
18834,33,54,-21,21
18835,108,100,8,8
18836,68,68,0,0
18837,165,140,25,25
18838,108,94,14,14
18839,142,110,32,32
18840,108,102,6,6
18841,56,62,-6,6
18842,73,77,-4,4
18843,121,108,13,13
18844,139,133,6,6
18845,124,110,14,14
18846,59,59,0,0
18847,98,105,-7,7
18848,42,40,2,2
18849,94,95,-1,1
18850,120,105,15,15
18851,64,69,-5,5
18852,52,60,-8,8
18853,193,164,29,29
18854,99,93,6,6
18855,73,81,-8,8
18856,166,124,42,42
18857,116,108,8,8
18858,69,83,-14,14
18859,67,67,0,0
18860,81,71,10,10
18861,112,96,16,16
18862,120,101,19,19
18863,67,59,8,8
18864,105,87,18,18
18865,146,126,20,20
18866,110,96,14,14
18867,90,86,4,4
18868,94,82,12,12
18869,106,116,-10,10
18870,95,90,5,5
18871,112,104,8,8
18872,104,89,15,15
18873,60,68,-8,8
18874,93,76,17,17
18875,171,155,16,16
18876,57,55,2,2
18877,106,93,13,13
18878,83,85,-2,2
18879,65,56,9,9
18880,111,103,8,8
18881,117,109,8,8
18882,71,76,-5,5
18883,46,63,-17,17
18884,87,96,-9,9
18885,80,76,4,4
18886,58,60,-2,2
18887,47,29,18,18
18888,196,161,35,35
18889,100,99,1,1
18890,122,119,3,3
18891,126,115,11,11
18892,61,63,-2,2
18893,68,73,-5,5
18894,90,93,-3,3
18895,96,97,-1,1
18896,154,146,8,8
18897,153,138,15,15
18898,83,80,3,3
18899,130,118,12,12
18900,110,97,13,13
18901,122,114,8,8
18902,85,78,7,7
18903,55,59,-4,4
18904,85,78,7,7
18905,122,110,12,12
18906,71,68,3,3
18907,149,127,22,22
18908,101,96,5,5
18909,81,86,-5,5
18910,95,91,4,4
18911,120,110,10,10
18912,137,130,7,7
18913,132,131,1,1
18914,83,75,8,8
18915,121,110,11,11
18916,121,109,12,12
18917,125,131,-6,6
18918,81,81,0,0
18919,137,130,7,7
18920,89,83,6,6
18921,113,102,11,11
18922,23,37,-14,14
18923,123,97,26,26
18924,172,155,17,17
18925,64,64,0,0
18926,122,122,0,0
18927,67,66,1,1
18928,86,82,4,4
18929,42,51,-9,9
18930,126,112,14,14
18931,148,120,28,28
18932,81,73,8,8
18933,78,80,-2,2
18934,74,71,3,3
18935,52,58,-6,6
18936,67,68,-1,1
18937,69,69,0,0
18938,76,81,-5,5
18939,56,59,-3,3
18940,103,110,-7,7
18941,86,94,-8,8
18942,67,77,-10,10
18943,74,80,-6,6
18944,61,58,3,3
18945,42,59,-17,17
18946,106,98,8,8
18947,59,60,-1,1
18948,65,62,3,3
18949,148,140,8,8
18950,161,138,23,23
18951,140,124,16,16
18952,140,125,15,15
18953,70,75,-5,5
18954,157,134,23,23
18955,70,79,-9,9
18956,110,111,-1,1
18957,132,140,-8,8
18958,40,55,-15,15
18959,115,102,13,13
18960,165,145,20,20
18961,46,59,-13,13
18962,108,112,-4,4
18963,145,131,14,14
18964,153,124,29,29
18965,64,64,0,0
18966,104,100,4,4
18967,104,86,18,18
18968,103,91,12,12
18969,99,103,-4,4
18970,58,63,-5,5
18971,78,73,5,5
18972,116,112,4,4
18973,95,104,-9,9
18974,77,73,4,4
18975,100,92,8,8
18976,147,130,17,17
18977,73,71,2,2
18978,90,90,0,0
18979,91,89,2,2
18980,136,121,15,15
18981,156,130,26,26
18982,71,71,0,0
18983,65,64,1,1
18984,82,79,3,3
18985,116,106,10,10
18986,134,115,19,19
18987,70,72,-2,2
18988,98,92,6,6
18989,194,163,31,31
18990,58,62,-4,4
18991,111,134,-23,23
18992,55,58,-3,3
18993,105,99,6,6
18994,85,85,0,0
18995,105,93,12,12
18996,83,86,-3,3
18997,96,86,10,10
18998,83,76,7,7
18999,153,139,14,14
19000,81,81,0,0
19001,60,62,-2,2
19002,137,127,10,10
19003,140,123,17,17
19004,88,91,-3,3
19005,124,115,9,9
19006,101,91,10,10
19007,84,75,9,9
19008,99,95,4,4
19009,59,52,7,7
19010,83,92,-9,9
19011,113,110,3,3
19012,83,85,-2,2
19013,65,69,-4,4
19014,52,59,-7,7
19015,120,116,4,4
19016,102,89,13,13
19017,50,76,-26,26
19018,134,125,9,9
19019,90,86,4,4
19020,79,72,7,7
19021,78,81,-3,3
19022,122,106,16,16
19023,69,72,-3,3
19024,72,71,1,1
19025,71,74,-3,3
19026,112,94,18,18
19027,111,94,17,17
19028,96,98,-2,2
19029,96,90,6,6
19030,67,68,-1,1
19031,102,99,3,3
19032,71,80,-9,9
19033,147,135,12,12
19034,123,118,5,5
19035,89,77,12,12
19036,72,79,-7,7
19037,81,83,-2,2
19038,61,59,2,2
19039,79,78,1,1
19040,112,97,15,15
19041,167,155,12,12
19042,74,76,-2,2
19043,122,106,16,16
19044,78,84,-6,6
19045,64,70,-6,6
19046,72,73,-1,1
19047,90,81,9,9
19048,86,77,9,9
19049,122,108,14,14
19050,70,62,8,8
19051,80,80,0,0
19052,55,58,-3,3
19053,86,75,11,11
19054,117,107,10,10
19055,95,91,4,4
19056,88,85,3,3
19057,123,103,20,20
19058,102,93,9,9
19059,73,69,4,4
19060,33,35,-2,2
19061,133,113,20,20
19062,65,71,-6,6
19063,75,61,14,14
19064,39,41,-2,2
19065,119,103,16,16
19066,88,87,1,1
19067,110,94,16,16
19068,59,62,-3,3
19069,94,98,-4,4
19070,90,84,6,6
19071,64,64,0,0
19072,111,103,8,8
19073,95,93,2,2
19074,77,77,0,0
19075,60,61,-1,1
19076,151,133,18,18
19077,90,80,10,10
19078,65,69,-4,4
19079,100,107,-7,7
19080,59,62,-3,3
19081,89,87,2,2
19082,91,96,-5,5
19083,152,134,18,18
19084,58,57,1,1
19085,98,102,-4,4
19086,111,101,10,10
19087,94,86,8,8
19088,98,98,0,0
19089,99,89,10,10
19090,132,120,12,12
19091,99,112,-13,13
19092,163,158,5,5
19093,105,99,6,6
19094,109,106,3,3
19095,49,51,-2,2
19096,97,104,-7,7
19097,153,129,24,24
19098,73,94,-21,21
19099,71,74,-3,3
19100,89,80,9,9
19101,110,92,18,18
19102,73,72,1,1
19103,151,119,32,32
19104,146,127,19,19
19105,74,71,3,3
19106,76,69,7,7
19107,57,119,-62,62
19108,96,84,12,12
19109,143,115,28,28
19110,98,81,17,17
19111,74,75,-1,1
19112,78,73,5,5
19113,139,139,0,0
19114,81,82,-1,1
19115,74,81,-7,7
19116,81,79,2,2
19117,149,146,3,3
19118,59,68,-9,9
19119,92,95,-3,3
19120,88,82,6,6
19121,94,93,1,1
19122,106,101,5,5
19123,143,113,30,30
19124,61,68,-7,7
19125,84,79,5,5
19126,107,106,1,1
19127,129,121,8,8
19128,80,78,2,2
19129,89,88,1,1
19130,159,141,18,18
19131,44,50,-6,6
19132,116,111,5,5
19133,79,80,-1,1
19134,82,73,9,9
19135,77,76,1,1
19136,124,104,20,20
19137,97,95,2,2
19138,62,67,-5,5
19139,65,70,-5,5
19140,78,71,7,7
19141,105,98,7,7
19142,107,106,1,1
19143,60,66,-6,6
19144,63,61,2,2
19145,71,70,1,1
19146,122,116,6,6
19147,76,75,1,1
19148,137,129,8,8
19149,89,86,3,3
19150,87,89,-2,2
19151,147,133,14,14
19152,121,125,-4,4
19153,91,82,9,9
19154,62,62,0,0
19155,77,82,-5,5
19156,95,90,5,5
19157,71,71,0,0
19158,129,129,0,0
19159,114,108,6,6
19160,196,170,26,26
19161,113,106,7,7
19162,122,103,19,19
19163,120,102,18,18
19164,104,111,-7,7
19165,99,93,6,6
19166,80,79,1,1
19167,69,80,-11,11
19168,100,101,-1,1
19169,63,65,-2,2
19170,145,123,22,22
19171,55,53,2,2
19172,91,84,7,7
19173,148,127,21,21
19174,75,70,5,5
19175,106,99,7,7
19176,179,150,29,29
19177,86,92,-6,6
19178,72,71,1,1
19179,127,118,9,9
19180,68,63,5,5
19181,69,82,-13,13
19182,136,128,8,8
19183,91,90,1,1
19184,102,102,0,0
19185,128,111,17,17
19186,94,90,4,4
19187,105,98,7,7
19188,146,124,22,22
19189,72,67,5,5
19190,105,98,7,7
19191,137,118,19,19
19192,169,146,23,23
19193,130,141,-11,11
19194,126,117,9,9
19195,125,107,18,18
19196,102,100,2,2
19197,74,72,2,2
19198,74,87,-13,13
19199,97,91,6,6
19200,113,105,8,8
19201,54,56,-2,2
19202,127,105,22,22
19203,73,80,-7,7
19204,145,140,5,5
19205,117,108,9,9
19206,123,109,14,14
19207,188,149,39,39
19208,75,80,-5,5
19209,76,83,-7,7
19210,45,51,-6,6
19211,86,83,3,3
19212,74,79,-5,5
19213,103,106,-3,3
19214,140,118,22,22
19215,95,91,4,4
19216,102,100,2,2
19217,34,43,-9,9
19218,101,94,7,7
19219,62,73,-11,11
19220,81,84,-3,3
19221,84,83,1,1
19222,114,116,-2,2
19223,90,81,9,9
19224,66,90,-24,24
19225,98,93,5,5
19226,68,73,-5,5
19227,115,101,14,14
19228,101,76,25,25
19229,137,114,23,23
19230,125,116,9,9
19231,84,84,0,0
19232,43,57,-14,14
19233,99,93,6,6
19234,126,120,6,6
19235,97,93,4,4
19236,105,95,10,10
19237,74,80,-6,6
19238,108,101,7,7
19239,70,69,1,1
19240,49,55,-6,6
19241,133,119,14,14
19242,105,94,11,11
19243,147,136,11,11
19244,98,94,4,4
19245,124,107,17,17
19246,73,73,0,0
19247,78,72,6,6
19248,106,106,0,0
19249,63,60,3,3
19250,87,85,2,2
19251,80,74,6,6
19252,101,95,6,6
19253,80,77,3,3
19254,107,91,16,16
19255,65,71,-6,6
19256,62,58,4,4
19257,124,116,8,8
19258,37,40,-3,3
19259,109,102,7,7
19260,48,58,-10,10
19261,152,127,25,25
19262,163,146,17,17
19263,126,115,11,11
19264,62,84,-22,22
19265,128,125,3,3
19266,104,97,7,7
19267,110,116,-6,6
19268,79,81,-2,2
19269,79,80,-1,1
19270,145,128,17,17
19271,74,78,-4,4
19272,59,62,-3,3
19273,107,102,5,5
19274,88,90,-2,2
19275,47,60,-13,13
19276,111,107,4,4
19277,108,97,11,11
19278,133,108,25,25
19279,155,143,12,12
19280,85,82,3,3
19281,135,112,23,23
19282,104,96,8,8
19283,149,140,9,9
19284,78,79,-1,1
19285,76,74,2,2
19286,96,96,0,0
19287,130,109,21,21
19288,90,84,6,6
19289,55,82,-27,27
19290,123,121,2,2
19291,65,65,0,0
19292,69,60,9,9
19293,50,56,-6,6
19294,51,59,-8,8
19295,81,72,9,9
19296,108,101,7,7
19297,81,79,2,2
19298,42,44,-2,2
19299,141,109,32,32
19300,66,73,-7,7
19301,103,94,9,9
19302,147,128,19,19
19303,105,88,17,17
19304,136,107,29,29
19305,58,65,-7,7
19306,108,91,17,17
19307,63,62,1,1
19308,116,112,4,4
19309,147,130,17,17
19310,73,71,2,2
19311,92,90,2,2
19312,63,68,-5,5
19313,98,95,3,3
19314,153,136,17,17
19315,98,92,6,6
19316,68,75,-7,7
19317,70,57,13,13
19318,69,119,-50,50
19319,68,65,3,3
19320,66,65,1,1
19321,83,80,3,3
19322,113,99,14,14
19323,123,104,19,19
19324,39,43,-4,4
19325,127,106,21,21
19326,119,114,5,5
19327,80,78,2,2
19328,202,195,7,7
19329,71,79,-8,8
19330,49,51,-2,2
19331,73,80,-7,7
19332,90,95,-5,5
19333,86,81,5,5
19334,71,81,-10,10
19335,62,68,-6,6
19336,89,85,4,4
19337,205,166,39,39
19338,157,116,41,41
19339,95,101,-6,6
19340,54,66,-12,12
19341,86,83,3,3
19342,105,100,5,5
19343,51,61,-10,10
19344,56,72,-16,16
19345,142,133,9,9
19346,151,127,24,24
19347,72,70,2,2
19348,71,82,-11,11
19349,73,71,2,2
19350,58,61,-3,3
19351,175,177,-2,2
19352,132,116,16,16
19353,102,99,3,3
19354,115,105,10,10
19355,92,96,-4,4
19356,77,76,1,1
19357,113,104,9,9
19358,103,100,3,3
19359,147,145,2,2
19360,93,101,-8,8
19361,105,103,2,2
19362,95,88,7,7
19363,158,137,21,21
19364,117,109,8,8
19365,113,109,4,4
19366,84,76,8,8
19367,64,71,-7,7
19368,98,94,4,4
19369,91,95,-4,4
19370,106,92,14,14
19371,57,63,-6,6
19372,130,119,11,11
19373,67,75,-8,8
19374,60,66,-6,6
19375,80,73,7,7
19376,109,103,6,6
19377,56,81,-25,25
19378,61,72,-11,11
19379,162,142,20,20
19380,105,99,6,6
19381,118,107,11,11
19382,88,81,7,7
19383,61,56,5,5
19384,101,95,6,6
19385,130,122,8,8
19386,116,101,15,15
19387,66,80,-14,14
19388,67,83,-16,16
19389,68,76,-8,8
19390,54,53,1,1
19391,76,77,-1,1
19392,91,88,3,3
19393,48,48,0,0
19394,108,103,5,5
19395,50,52,-2,2
19396,121,119,2,2
19397,55,51,4,4
19398,99,86,13,13
19399,109,102,7,7
19400,129,114,15,15
19401,59,57,2,2
19402,193,168,25,25
19403,115,105,10,10
19404,168,154,14,14
19405,109,102,7,7
19406,79,87,-8,8
19407,69,68,1,1
19408,124,114,10,10
19409,86,93,-7,7
19410,108,99,9,9
19411,57,60,-3,3
19412,69,59,10,10
19413,73,80,-7,7
19414,93,96,-3,3
19415,108,97,11,11
19416,47,48,-1,1
19417,96,90,6,6
19418,136,130,6,6
19419,62,51,11,11
19420,35,47,-12,12
19421,168,157,11,11
19422,72,64,8,8
19423,53,56,-3,3
19424,181,154,27,27
19425,106,96,10,10
19426,110,112,-2,2
19427,71,72,-1,1
19428,81,86,-5,5
19429,66,67,-1,1
19430,96,99,-3,3
19431,94,86,8,8
19432,101,89,12,12
19433,56,59,-3,3
19434,161,138,23,23
19435,120,106,14,14
19436,90,89,1,1
19437,74,78,-4,4
19438,119,106,13,13
19439,120,110,10,10
19440,116,127,-11,11
19441,72,71,1,1
19442,100,88,12,12
19443,72,73,-1,1
19444,152,138,14,14
19445,65,71,-6,6
19446,84,81,3,3
19447,100,93,7,7
19448,116,98,18,18
19449,88,86,2,2
19450,94,101,-7,7
19451,76,74,2,2
19452,70,75,-5,5
19453,72,87,-15,15
19454,114,105,9,9
19455,95,94,1,1
19456,88,80,8,8
19457,103,111,-8,8
19458,82,81,1,1
19459,66,76,-10,10
19460,126,106,20,20
19461,215,201,14,14
19462,127,116,11,11
19463,71,69,2,2
19464,106,91,15,15
19465,125,117,8,8
19466,98,88,10,10
19467,80,94,-14,14
19468,76,79,-3,3
19469,126,115,11,11
19470,45,51,-6,6
19471,98,93,5,5
19472,75,73,2,2
19473,76,67,9,9
19474,103,101,2,2
19475,149,125,24,24
19476,110,105,5,5
19477,71,71,0,0
19478,121,129,-8,8
19479,86,84,2,2
19480,44,41,3,3
19481,126,116,10,10
19482,145,119,26,26
19483,94,99,-5,5
19484,49,58,-9,9
19485,99,93,6,6
19486,75,85,-10,10
19487,77,92,-15,15
19488,65,72,-7,7
19489,117,106,11,11
19490,87,82,5,5
19491,87,96,-9,9
19492,138,128,10,10
19493,66,69,-3,3
19494,100,86,14,14
19495,107,96,11,11
19496,82,102,-20,20
19497,76,83,-7,7
19498,67,74,-7,7
19499,40,47,-7,7
19500,88,91,-3,3
19501,184,153,31,31
19502,92,80,12,12
19503,134,126,8,8
19504,105,98,7,7
19505,112,107,5,5
19506,70,70,0,0
19507,70,73,-3,3
19508,57,61,-4,4
19509,120,110,10,10
19510,98,99,-1,1
19511,115,104,11,11
19512,84,94,-10,10
19513,97,93,4,4
19514,85,83,2,2
19515,67,71,-4,4
19516,93,82,11,11
19517,123,112,11,11
19518,52,99,-47,47
19519,113,104,9,9
19520,63,64,-1,1
19521,97,87,10,10
19522,103,95,8,8
19523,91,92,-1,1
19524,74,76,-2,2
19525,110,109,1,1
19526,162,140,22,22
19527,98,92,6,6
19528,103,94,9,9
19529,96,103,-7,7
19530,35,37,-2,2
19531,85,90,-5,5
19532,69,70,-1,1
19533,80,72,8,8
19534,60,61,-1,1
19535,87,98,-11,11
19536,77,76,1,1
19537,139,123,16,16
19538,51,59,-8,8
19539,122,105,17,17
19540,125,112,13,13
19541,63,57,6,6
19542,125,108,17,17
19543,85,94,-9,9
19544,112,104,8,8
19545,58,66,-8,8
19546,104,97,7,7
19547,120,106,14,14
19548,43,49,-6,6
19549,90,98,-8,8
19550,29,27,2,2
19551,92,82,10,10
19552,99,82,17,17
19553,55,61,-6,6
19554,66,64,2,2
19555,78,76,2,2
19556,67,60,7,7
19557,91,80,11,11
19558,143,120,23,23
19559,86,92,-6,6
19560,57,69,-12,12
19561,96,88,8,8
19562,101,105,-4,4
19563,58,54,4,4
19564,113,101,12,12
19565,44,41,3,3
19566,140,113,27,27
19567,150,137,13,13
19568,117,116,1,1
19569,86,87,-1,1
19570,99,92,7,7
19571,114,98,16,16
19572,81,80,1,1
19573,64,59,5,5
19574,132,120,12,12
19575,82,82,0,0
19576,141,125,16,16
19577,68,82,-14,14
19578,137,119,18,18
19579,75,71,4,4
19580,71,70,1,1
19581,59,40,19,19
19582,45,41,4,4
19583,70,68,2,2
19584,107,100,7,7
19585,59,59,0,0
19586,41,47,-6,6
19587,65,70,-5,5
19588,50,50,0,0
19589,88,88,0,0
19590,114,106,8,8
19591,64,58,6,6
19592,154,143,11,11
19593,64,71,-7,7
19594,46,67,-21,21
19595,120,110,10,10
19596,80,79,1,1
19597,52,54,-2,2
19598,88,101,-13,13
19599,65,88,-23,23
19600,49,59,-10,10
19601,82,91,-9,9
19602,108,106,2,2
19603,59,69,-10,10
19604,68,69,-1,1
19605,99,85,14,14
19606,100,95,5,5
19607,100,92,8,8
19608,156,137,19,19
19609,91,94,-3,3
19610,152,135,17,17
19611,125,109,16,16
19612,60,61,-1,1
19613,43,49,-6,6
19614,48,48,0,0
19615,94,96,-2,2
19616,70,67,3,3
19617,52,52,0,0
19618,70,69,1,1
19619,154,130,24,24
19620,133,124,9,9
19621,72,70,2,2
19622,79,87,-8,8
19623,111,111,0,0
19624,72,70,2,2
19625,147,141,6,6
19626,94,88,6,6
19627,41,44,-3,3
19628,79,84,-5,5
19629,61,60,1,1
19630,68,72,-4,4
19631,70,69,1,1
19632,80,84,-4,4
19633,58,67,-9,9
19634,45,47,-2,2
19635,187,157,30,30
19636,84,81,3,3
19637,76,71,5,5
19638,154,133,21,21
19639,139,118,21,21
19640,173,147,26,26
19641,75,68,7,7
19642,148,129,19,19
19643,174,155,19,19
19644,100,104,-4,4
19645,29,32,-3,3
19646,102,94,8,8
19647,67,71,-4,4
19648,51,53,-2,2
19649,133,105,28,28
19650,36,39,-3,3
19651,66,61,5,5
19652,65,59,6,6
19653,73,76,-3,3
19654,151,122,29,29
19655,87,78,9,9
19656,138,133,5,5
19657,65,65,0,0
19658,97,90,7,7
19659,84,88,-4,4
19660,171,150,21,21
19661,110,101,9,9
19662,120,106,14,14
19663,99,90,9,9
19664,135,132,3,3
19665,90,87,3,3
19666,70,69,1,1
19667,99,100,-1,1
19668,58,59,-1,1
19669,109,123,-14,14
19670,77,76,1,1
19671,74,72,2,2
19672,134,123,11,11
19673,130,108,22,22
19674,65,67,-2,2
19675,109,98,11,11
19676,75,80,-5,5
19677,125,118,7,7
19678,99,92,7,7
19679,147,136,11,11
19680,160,138,22,22
19681,49,46,3,3
19682,62,69,-7,7
19683,332,282,50,50
19684,127,113,14,14
19685,34,38,-4,4
19686,145,130,15,15
19687,108,97,11,11
19688,66,70,-4,4
19689,65,69,-4,4
19690,157,131,26,26
19691,89,83,6,6
19692,97,99,-2,2
19693,116,105,11,11
19694,102,97,5,5
19695,118,117,1,1
19696,161,139,22,22
19697,97,99,-2,2
19698,40,42,-2,2
19699,63,62,1,1
19700,70,78,-8,8
19701,83,80,3,3
19702,100,97,3,3
19703,76,74,2,2
19704,105,99,6,6
19705,72,84,-12,12
19706,69,80,-11,11
19707,136,125,11,11
19708,126,101,25,25
19709,130,126,4,4
19710,116,107,9,9
19711,87,81,6,6
19712,100,98,2,2
19713,100,90,10,10
19714,55,60,-5,5
19715,92,91,1,1
19716,101,92,9,9
19717,149,141,8,8
19718,98,83,15,15
19719,89,89,0,0
19720,40,48,-8,8
19721,91,85,6,6
19722,103,100,3,3
19723,88,82,6,6
19724,76,86,-10,10
19725,43,56,-13,13
19726,60,62,-2,2
19727,165,139,26,26
19728,148,134,14,14
19729,114,102,12,12
19730,97,82,15,15
19731,141,129,12,12
19732,82,89,-7,7
19733,89,85,4,4
19734,141,131,10,10
19735,31,45,-14,14
19736,87,94,-7,7
19737,83,86,-3,3
19738,64,68,-4,4
19739,68,74,-6,6
19740,75,69,6,6
19741,102,98,4,4
19742,54,59,-5,5
19743,108,106,2,2
19744,104,92,12,12
19745,132,122,10,10
19746,77,73,4,4
19747,130,118,12,12
19748,46,44,2,2
19749,83,28,55,55
19750,79,81,-2,2
19751,180,149,31,31
19752,118,116,2,2
19753,105,109,-4,4
19754,93,91,2,2
19755,81,75,6,6
19756,61,65,-4,4
19757,142,131,11,11
19758,93,92,1,1
19759,100,96,4,4
19760,146,123,23,23
19761,64,69,-5,5
19762,116,105,11,11
19763,55,55,0,0
19764,55,61,-6,6
19765,86,95,-9,9
19766,90,87,3,3
19767,146,131,15,15
19768,55,55,0,0
19769,76,76,0,0
19770,48,58,-10,10
19771,84,70,14,14
19772,62,59,3,3
19773,93,86,7,7
19774,104,96,8,8
19775,108,99,9,9
19776,83,87,-4,4
19777,57,53,4,4
19778,76,74,2,2
19779,100,116,-16,16
19780,96,94,2,2
19781,124,91,33,33
19782,55,69,-14,14
19783,61,63,-2,2
19784,104,96,8,8
19785,70,73,-3,3
19786,94,83,11,11
19787,64,68,-4,4
19788,113,108,5,5
19789,92,90,2,2
19790,136,131,5,5
19791,115,100,15,15
19792,103,107,-4,4
19793,84,85,-1,1
19794,60,64,-4,4
19795,83,105,-22,22
19796,127,118,9,9
19797,137,120,17,17
19798,64,57,7,7
19799,180,156,24,24
19800,144,120,24,24
19801,82,75,7,7
19802,89,81,8,8
19803,122,123,-1,1
19804,85,82,3,3
19805,127,109,18,18
19806,86,81,5,5
19807,81,86,-5,5
19808,102,88,14,14
19809,104,79,25,25
19810,47,48,-1,1
19811,163,134,29,29
19812,102,94,8,8
19813,152,129,23,23
19814,139,121,18,18
19815,88,77,11,11
19816,57,54,3,3
19817,79,73,6,6
19818,60,51,9,9
19819,104,93,11,11
19820,92,84,8,8
19821,74,71,3,3
19822,94,86,8,8
19823,102,104,-2,2
19824,109,98,11,11
19825,86,81,5,5
19826,85,75,10,10
19827,86,80,6,6
19828,158,130,28,28
19829,78,80,-2,2
19830,72,70,2,2
19831,127,115,12,12
19832,81,82,-1,1
19833,99,96,3,3
19834,64,70,-6,6
19835,137,131,6,6
19836,99,99,0,0
19837,74,80,-6,6
19838,80,87,-7,7
19839,99,110,-11,11
19840,95,93,2,2
19841,48,53,-5,5
19842,77,77,0,0
19843,88,92,-4,4
19844,99,92,7,7
19845,87,81,6,6
19846,75,80,-5,5
19847,103,100,3,3
19848,190,164,26,26
19849,88,59,29,29
19850,85,85,0,0
19851,59,54,5,5
19852,63,79,-16,16
19853,85,83,2,2
19854,67,83,-16,16
19855,76,79,-3,3
19856,115,104,11,11
19857,62,63,-1,1
19858,61,71,-10,10
19859,147,132,15,15
19860,153,134,19,19
19861,68,61,7,7
19862,106,106,0,0
19863,79,80,-1,1
19864,165,142,23,23
19865,63,63,0,0
19866,106,103,3,3
19867,74,76,-2,2
19868,135,120,15,15
19869,76,82,-6,6
19870,113,114,-1,1
19871,77,75,2,2
19872,67,71,-4,4
19873,93,104,-11,11
19874,170,153,17,17
19875,77,80,-3,3
19876,88,82,6,6
19877,103,93,10,10
19878,85,83,2,2
19879,82,71,11,11
19880,70,76,-6,6
19881,94,99,-5,5
19882,44,57,-13,13
19883,103,90,13,13
19884,99,94,5,5
19885,67,66,1,1
19886,56,61,-5,5
19887,94,94,0,0
19888,77,77,0,0
19889,68,70,-2,2
19890,125,107,18,18
19891,110,101,9,9
19892,102,90,12,12
19893,57,50,7,7
19894,68,83,-15,15
19895,75,76,-1,1
19896,101,91,10,10
19897,57,54,3,3
19898,93,102,-9,9
19899,52,42,10,10
19900,57,63,-6,6
19901,123,104,19,19
19902,111,110,1,1
19903,62,66,-4,4
19904,89,96,-7,7
19905,114,99,15,15
19906,45,53,-8,8
19907,79,75,4,4
19908,134,114,20,20
19909,101,91,10,10
19910,92,86,6,6
19911,74,71,3,3
19912,95,89,6,6
19913,49,58,-9,9
19914,86,79,7,7
19915,50,67,-17,17
19916,55,61,-6,6
19917,49,47,2,2
19918,87,89,-2,2
19919,59,69,-10,10
19920,108,105,3,3
19921,88,88,0,0
19922,118,119,-1,1
19923,108,96,12,12
19924,38,69,-31,31
19925,94,85,9,9
19926,35,35,0,0
19927,114,109,5,5
19928,124,107,17,17
19929,108,105,3,3
19930,129,127,2,2
19931,69,71,-2,2
19932,108,109,-1,1
19933,66,71,-5,5
19934,62,59,3,3
19935,107,103,4,4
19936,65,64,1,1
19937,169,135,34,34
19938,115,101,14,14
19939,116,109,7,7
19940,87,85,2,2
19941,62,69,-7,7
19942,128,113,15,15
19943,126,122,4,4
19944,139,128,11,11
19945,217,172,45,45
19946,147,136,11,11
19947,117,103,14,14
19948,181,167,14,14
19949,101,115,-14,14
19950,66,71,-5,5
19951,77,72,5,5
19952,110,103,7,7
19953,186,167,19,19
19954,60,61,-1,1
19955,68,69,-1,1
19956,125,116,9,9
19957,52,57,-5,5
19958,75,74,1,1
19959,109,105,4,4
19960,44,53,-9,9
19961,123,116,7,7
19962,123,107,16,16
19963,69,69,0,0
19964,51,57,-6,6
19965,148,123,25,25
19966,104,88,16,16
19967,64,65,-1,1
19968,82,85,-3,3
19969,82,75,7,7
19970,135,130,5,5
19971,54,60,-6,6
19972,88,77,11,11
19973,88,80,8,8
19974,102,99,3,3
19975,45,52,-7,7
19976,85,80,5,5
19977,117,101,16,16
19978,124,109,15,15
19979,60,70,-10,10
19980,40,60,-20,20
19981,133,120,13,13
19982,101,96,5,5
19983,80,78,2,2
19984,90,104,-14,14
19985,85,86,-1,1
19986,68,71,-3,3
19987,150,141,9,9
19988,86,80,6,6
19989,105,101,4,4
19990,45,51,-6,6
19991,149,149,0,0
19992,74,77,-3,3
19993,40,42,-2,2
19994,75,80,-5,5
19995,47,53,-6,6
19996,70,75,-5,5
19997,56,58,-2,2
19998,46,52,-6,6
19999,98,98,0,0
20000,107,99,8,8
20001,121,104,17,17
20002,192,170,22,22
20003,50,55,-5,5
20004,62,77,-15,15
20005,93,90,3,3
20006,96,87,9,9
20007,72,71,1,1
20008,134,125,9,9
20009,98,95,3,3
20010,159,129,30,30
20011,115,104,11,11
20012,54,59,-5,5
20013,60,63,-3,3
20014,80,77,3,3
20015,103,100,3,3
20016,89,80,9,9
20017,118,112,6,6
20018,109,100,9,9
20019,65,72,-7,7
20020,62,69,-7,7
20021,100,94,6,6
20022,127,124,3,3
20023,54,61,-7,7
20024,113,98,15,15
20025,122,110,12,12
20026,140,115,25,25
20027,71,67,4,4
20028,86,90,-4,4
20029,94,95,-1,1
20030,124,108,16,16
20031,59,61,-2,2
20032,115,101,14,14
20033,61,61,0,0
20034,65,61,4,4
20035,79,82,-3,3
20036,122,104,18,18
20037,97,99,-2,2
20038,64,71,-7,7
20039,107,96,11,11
20040,109,106,3,3
20041,70,70,0,0
20042,63,64,-1,1
20043,104,96,8,8
20044,88,77,11,11
20045,91,91,0,0
20046,136,127,9,9
20047,67,67,0,0
20048,65,62,3,3
20049,97,94,3,3
20050,114,111,3,3
20051,122,121,1,1
20052,76,70,6,6
20053,96,98,-2,2
20054,90,83,7,7
20055,68,68,0,0
20056,78,80,-2,2
20057,158,131,27,27
20058,77,80,-3,3
20059,65,64,1,1
20060,126,112,14,14
20061,102,90,12,12
20062,96,83,13,13
20063,120,117,3,3
20064,44,52,-8,8
20065,68,74,-6,6
20066,170,152,18,18
20067,40,44,-4,4
20068,43,52,-9,9
20069,95,85,10,10
20070,114,100,14,14
20071,60,65,-5,5
20072,35,48,-13,13
20073,70,69,1,1
20074,126,113,13,13
20075,68,70,-2,2
20076,137,131,6,6
20077,154,118,36,36
20078,139,128,11,11
20079,103,93,10,10
20080,82,72,10,10
20081,94,99,-5,5
20082,136,119,17,17
20083,81,75,6,6
20084,51,46,5,5
20085,126,115,11,11
20086,89,113,-24,24
20087,88,91,-3,3
20088,77,68,9,9
20089,83,83,0,0
20090,77,69,8,8
20091,84,82,2,2
20092,82,74,8,8
20093,65,69,-4,4
20094,113,96,17,17
20095,78,83,-5,5
20096,54,57,-3,3
20097,94,96,-2,2
20098,59,69,-10,10
20099,117,114,3,3
20100,78,67,11,11
20101,48,42,6,6
20102,54,66,-12,12
20103,99,97,2,2
20104,71,72,-1,1
20105,136,121,15,15
20106,45,49,-4,4
20107,84,89,-5,5
20108,82,84,-2,2
20109,45,51,-6,6
20110,125,100,25,25
20111,50,56,-6,6
20112,71,74,-3,3
20113,89,80,9,9
20114,61,69,-8,8
20115,105,94,11,11
20116,143,130,13,13
20117,185,152,33,33
20118,48,50,-2,2
20119,98,95,3,3
20120,38,49,-11,11
20121,92,87,5,5
20122,139,126,13,13
20123,99,90,9,9
20124,106,102,4,4
20125,60,76,-16,16
20126,96,79,17,17
20127,138,132,6,6
20128,83,84,-1,1
20129,152,112,40,40
20130,115,110,5,5
20131,84,90,-6,6
20132,133,117,16,16
20133,128,119,9,9
20134,78,79,-1,1
20135,93,90,3,3
20136,105,98,7,7
20137,90,87,3,3
20138,205,157,48,48
20139,80,80,0,0
20140,80,77,3,3
20141,118,99,19,19
20142,60,69,-9,9
20143,101,97,4,4
20144,95,88,7,7
20145,130,130,0,0
20146,113,103,10,10
20147,79,84,-5,5
20148,88,82,6,6
20149,109,101,8,8
20150,98,96,2,2
20151,70,69,1,1
20152,92,83,9,9
20153,157,148,9,9
20154,44,53,-9,9
20155,95,83,12,12
20156,87,80,7,7
20157,109,88,21,21
20158,111,104,7,7
20159,86,80,6,6
20160,149,139,10,10
20161,111,100,11,11
20162,45,46,-1,1
20163,150,137,13,13
20164,89,81,8,8
20165,67,73,-6,6
20166,87,86,1,1
20167,150,126,24,24
20168,124,101,23,23
20169,96,87,9,9
20170,125,120,5,5
20171,116,119,-3,3
20172,80,80,0,0
20173,156,125,31,31
20174,159,147,12,12
20175,108,99,9,9
20176,90,85,5,5
20177,117,100,17,17
20178,139,118,21,21
20179,87,82,5,5
20180,79,70,9,9
20181,103,97,6,6
20182,157,129,28,28
20183,159,154,5,5
20184,46,78,-32,32
20185,84,82,2,2
20186,62,70,-8,8
20187,99,99,0,0
20188,62,64,-2,2
20189,87,97,-10,10
20190,186,168,18,18
20191,104,92,12,12
20192,83,80,3,3
20193,82,80,2,2
20194,82,82,0,0
20195,116,110,6,6
20196,48,46,2,2
20197,72,80,-8,8
20198,81,79,2,2
20199,89,92,-3,3
20200,66,69,-3,3
20201,99,96,3,3
20202,97,89,8,8
20203,83,82,1,1
20204,57,57,0,0
20205,95,93,2,2
20206,81,79,2,2
20207,77,83,-6,6
20208,65,68,-3,3
20209,109,102,7,7
20210,58,57,1,1
20211,38,44,-6,6
20212,109,102,7,7
20213,128,115,13,13
20214,68,63,5,5
20215,134,123,11,11
20216,80,81,-1,1
20217,197,168,29,29
20218,105,100,5,5
20219,78,78,0,0
20220,99,107,-8,8
20221,88,81,7,7
20222,105,98,7,7
20223,63,74,-11,11
20224,76,98,-22,22
20225,80,79,1,1
20226,68,72,-4,4
20227,97,94,3,3
20228,107,97,10,10
20229,96,75,21,21
20230,120,117,3,3
20231,110,99,11,11
20232,67,71,-4,4
20233,154,128,26,26
20234,133,108,25,25
20235,98,89,9,9
20236,93,87,6,6
20237,93,91,2,2
20238,95,93,2,2
20239,96,87,9,9
20240,66,69,-3,3
20241,54,58,-4,4
20242,89,85,4,4
20243,165,140,25,25
20244,189,159,30,30
20245,62,69,-7,7
20246,49,56,-7,7
20247,59,59,0,0
20248,82,79,3,3
20249,75,76,-1,1
20250,121,106,15,15
20251,116,103,13,13
20252,185,172,13,13
20253,139,126,13,13
20254,73,78,-5,5
20255,147,132,15,15
20256,109,110,-1,1
20257,119,109,10,10
20258,83,80,3,3
20259,122,118,4,4
20260,84,89,-5,5
20261,130,114,16,16
20262,137,132,5,5
20263,96,95,1,1
20264,81,80,1,1
20265,123,108,15,15
20266,83,71,12,12
20267,104,97,7,7
20268,121,101,20,20
20269,130,110,20,20
20270,104,91,13,13
20271,107,94,13,13
20272,121,103,18,18
20273,76,78,-2,2
20274,59,64,-5,5
20275,127,119,8,8
20276,179,165,14,14
20277,70,73,-3,3
20278,83,81,2,2
20279,83,87,-4,4
20280,52,68,-16,16
20281,58,68,-10,10
20282,116,114,2,2
20283,57,64,-7,7
20284,107,102,5,5
20285,164,147,17,17
20286,110,100,10,10
20287,101,96,5,5
20288,159,136,23,23
20289,103,106,-3,3
20290,133,127,6,6
20291,59,76,-17,17
20292,93,97,-4,4
20293,129,112,17,17
20294,49,63,-14,14
20295,98,90,8,8
20296,100,94,6,6
20297,131,121,10,10
20298,140,130,10,10
20299,87,83,4,4
20300,138,117,21,21
20301,145,134,11,11
20302,124,106,18,18
20303,111,104,7,7
20304,128,113,15,15
20305,83,74,9,9
20306,90,96,-6,6
20307,96,95,1,1
20308,160,140,20,20
20309,75,79,-4,4
20310,83,86,-3,3
20311,115,104,11,11
20312,78,82,-4,4
20313,91,88,3,3
20314,60,56,4,4
20315,92,85,7,7
20316,107,93,14,14
20317,94,99,-5,5
20318,75,102,-27,27
20319,60,62,-2,2
20320,58,68,-10,10
20321,103,98,5,5
20322,68,67,1,1
20323,141,119,22,22
20324,89,93,-4,4
20325,172,145,27,27
20326,147,135,12,12
20327,94,83,11,11
20328,128,118,10,10
20329,76,78,-2,2
20330,97,89,8,8
20331,110,105,5,5
20332,89,83,6,6
20333,72,66,6,6
20334,104,105,-1,1
20335,82,97,-15,15
20336,87,82,5,5
20337,96,91,5,5
20338,94,101,-7,7
20339,158,131,27,27
20340,102,95,7,7
20341,62,69,-7,7
20342,53,61,-8,8
20343,98,92,6,6
20344,96,91,5,5
20345,79,82,-3,3
20346,131,114,17,17
20347,44,56,-12,12
20348,102,88,14,14
20349,69,73,-4,4
20350,106,105,1,1
20351,128,123,5,5
20352,49,59,-10,10
20353,123,107,16,16
20354,191,153,38,38
20355,116,98,18,18
20356,127,114,13,13
20357,42,47,-5,5
20358,124,97,27,27
20359,92,93,-1,1
20360,143,121,22,22
20361,68,70,-2,2
20362,111,102,9,9
20363,120,122,-2,2
20364,93,87,6,6
20365,46,55,-9,9
20366,116,109,7,7
20367,84,84,0,0
20368,39,45,-6,6
20369,70,59,11,11
20370,59,73,-14,14
20371,107,116,-9,9
20372,59,59,0,0
20373,115,104,11,11
20374,92,95,-3,3
20375,105,109,-4,4
20376,110,99,11,11
20377,60,58,2,2
20378,119,101,18,18
20379,106,103,3,3
20380,90,88,2,2
20381,63,68,-5,5
20382,103,94,9,9
20383,105,105,0,0
20384,98,99,-1,1
20385,48,50,-2,2
20386,110,125,-15,15
20387,119,99,20,20
20388,86,88,-2,2
20389,82,94,-12,12
20390,65,68,-3,3
20391,89,84,5,5
20392,118,115,3,3
20393,146,123,23,23
20394,65,73,-8,8
20395,125,117,8,8
20396,87,86,1,1
20397,89,93,-4,4
20398,75,72,3,3
20399,87,81,6,6
20400,130,121,9,9
20401,51,54,-3,3
20402,129,119,10,10
20403,81,77,4,4
20404,80,75,5,5
20405,66,73,-7,7
20406,47,53,-6,6
20407,103,100,3,3
20408,77,88,-11,11
20409,60,71,-11,11
20410,133,121,12,12
20411,66,68,-2,2
20412,161,138,23,23
20413,101,100,1,1
20414,80,88,-8,8
20415,124,119,5,5
20416,140,125,15,15
20417,120,104,16,16
20418,141,123,18,18
20419,90,89,1,1
20420,54,59,-5,5
20421,63,61,2,2
20422,115,110,5,5
20423,59,69,-10,10
20424,68,73,-5,5
20425,51,55,-4,4
20426,56,59,-3,3
20427,69,80,-11,11
20428,71,73,-2,2
20429,103,101,2,2
20430,94,94,0,0
20431,157,154,3,3
20432,122,107,15,15
20433,111,107,4,4
20434,120,117,3,3
20435,103,92,11,11
20436,62,70,-8,8
20437,130,121,9,9
20438,81,81,0,0
20439,166,130,36,36
20440,79,82,-3,3
20441,90,92,-2,2
20442,91,91,0,0
20443,44,46,-2,2
20444,87,91,-4,4
20445,117,108,9,9
20446,101,104,-3,3
20447,106,106,0,0
20448,102,90,12,12
20449,74,70,4,4
20450,175,147,28,28
20451,71,80,-9,9
20452,122,110,12,12
20453,165,143,22,22
20454,134,116,18,18
20455,192,160,32,32
20456,80,70,10,10
20457,65,64,1,1
20458,105,105,0,0
20459,121,107,14,14
20460,84,83,1,1
20461,106,101,5,5
20462,91,85,6,6
20463,174,159,15,15
20464,64,61,3,3
20465,58,65,-7,7
20466,76,67,9,9
20467,70,71,-1,1
20468,143,127,16,16
20469,92,84,8,8
20470,94,96,-2,2
20471,95,86,9,9
20472,119,106,13,13
20473,101,93,8,8
20474,110,101,9,9
20475,144,140,4,4
20476,129,128,1,1
20477,79,77,2,2
20478,99,101,-2,2
20479,85,82,3,3
20480,142,124,18,18
20481,77,81,-4,4
20482,62,66,-4,4
20483,122,119,3,3
20484,106,104,2,2
20485,52,48,4,4
20486,79,88,-9,9
20487,95,81,14,14
20488,77,80,-3,3
20489,89,86,3,3
20490,70,76,-6,6
20491,97,91,6,6
20492,100,104,-4,4
20493,79,73,6,6
20494,138,125,13,13
20495,123,107,16,16
20496,152,122,30,30
20497,135,124,11,11
20498,83,82,1,1
20499,118,100,18,18
20500,91,82,9,9
20501,83,82,1,1
20502,77,78,-1,1
20503,69,71,-2,2
20504,68,69,-1,1
20505,139,124,15,15
20506,171,151,20,20
20507,80,78,2,2
20508,83,80,3,3
20509,108,101,7,7
20510,92,89,3,3
20511,59,62,-3,3
20512,74,72,2,2
20513,62,62,0,0
20514,138,124,14,14
20515,55,54,1,1
20516,85,80,5,5
20517,77,78,-1,1
20518,39,42,-3,3
20519,65,68,-3,3
20520,109,109,0,0
20521,91,88,3,3
20522,74,71,3,3
20523,74,80,-6,6
20524,154,136,18,18
20525,153,135,18,18
20526,40,39,1,1
20527,110,102,8,8
20528,63,64,-1,1
20529,114,102,12,12
20530,114,118,-4,4
20531,62,72,-10,10
20532,81,71,10,10
20533,49,55,-6,6
20534,63,62,1,1
20535,93,86,7,7
20536,76,70,6,6
20537,146,131,15,15
20538,87,79,8,8
20539,162,137,25,25
20540,91,93,-2,2
20541,107,117,-10,10
20542,82,87,-5,5
20543,97,92,5,5
20544,42,46,-4,4
20545,81,79,2,2
20546,115,106,9,9
20547,120,109,11,11
20548,62,70,-8,8
20549,131,127,4,4
20550,82,80,2,2
20551,59,65,-6,6
20552,127,121,6,6
20553,100,89,11,11
20554,92,83,9,9
20555,55,61,-6,6
20556,111,105,6,6
20557,92,90,2,2
20558,111,107,4,4
20559,189,149,40,40
20560,93,81,12,12
20561,61,60,1,1
20562,50,49,1,1
20563,62,63,-1,1
20564,46,55,-9,9
20565,145,132,13,13
20566,82,83,-1,1
20567,83,81,2,2
20568,78,77,1,1
20569,69,68,1,1
20570,117,98,19,19
20571,142,124,18,18
20572,111,105,6,6
20573,72,71,1,1
20574,95,91,4,4
20575,141,118,23,23
20576,179,151,28,28
20577,85,86,-1,1
20578,286,226,60,60
20579,87,80,7,7
20580,93,89,4,4
20581,87,81,6,6
20582,49,53,-4,4
20583,87,84,3,3
20584,143,108,35,35
20585,98,101,-3,3
20586,70,70,0,0
20587,112,102,10,10
20588,53,58,-5,5
20589,55,59,-4,4
20590,88,82,6,6
20591,113,108,5,5
20592,86,84,2,2
20593,59,52,7,7
20594,62,60,2,2
20595,71,81,-10,10
20596,102,114,-12,12
20597,69,72,-3,3
20598,117,108,9,9
20599,79,80,-1,1
20600,131,124,7,7
20601,45,46,-1,1
20602,81,83,-2,2
20603,62,72,-10,10
20604,82,83,-1,1
20605,86,86,0,0
20606,52,48,4,4
20607,79,82,-3,3
20608,108,94,14,14
20609,62,67,-5,5
20610,94,91,3,3
20611,74,83,-9,9
20612,136,117,19,19
20613,151,126,25,25
20614,145,139,6,6
20615,99,92,7,7
20616,169,162,7,7
20617,69,72,-3,3
20618,54,54,0,0
20619,93,81,12,12
20620,106,100,6,6
20621,77,77,0,0
20622,100,104,-4,4
20623,96,102,-6,6
20624,56,59,-3,3
20625,99,87,12,12
20626,115,108,7,7
20627,90,83,7,7
20628,56,64,-8,8
20629,83,73,10,10
20630,117,105,12,12
20631,75,77,-2,2
20632,88,84,4,4
20633,80,78,2,2
20634,150,120,30,30
20635,126,106,20,20
20636,92,89,3,3
20637,117,105,12,12
20638,75,79,-4,4
20639,92,80,12,12
20640,72,73,-1,1
20641,45,54,-9,9
20642,55,69,-14,14
20643,123,118,5,5
20644,127,111,16,16
20645,128,121,7,7
20646,161,141,20,20
20647,130,115,15,15
20648,87,80,7,7
20649,223,166,57,57
20650,79,81,-2,2
20651,155,132,23,23
20652,77,80,-3,3
20653,82,73,9,9
20654,101,102,-1,1
20655,89,93,-4,4
20656,106,101,5,5
20657,68,58,10,10
20658,98,93,5,5
20659,102,102,0,0
20660,88,78,10,10
20661,102,95,7,7
20662,173,142,31,31
20663,52,66,-14,14
20664,114,106,8,8
20665,85,74,11,11
20666,86,83,3,3
20667,77,75,2,2
20668,81,79,2,2
20669,89,84,5,5
20670,149,126,23,23
20671,68,77,-9,9
20672,77,73,4,4
20673,83,81,2,2
20674,71,72,-1,1
20675,71,72,-1,1
20676,91,93,-2,2
20677,56,70,-14,14
20678,80,83,-3,3
20679,129,115,14,14
20680,95,94,1,1
20681,114,99,15,15
20682,149,125,24,24
20683,74,72,2,2
20684,84,76,8,8
20685,72,69,3,3
20686,119,108,11,11
20687,82,73,9,9
20688,94,110,-16,16
20689,89,96,-7,7
20690,45,50,-5,5
20691,77,67,10,10
20692,169,151,18,18
20693,100,86,14,14
20694,114,102,12,12
20695,95,87,8,8
20696,97,107,-10,10
20697,224,193,31,31
20698,96,97,-1,1
20699,66,71,-5,5
20700,97,93,4,4
20701,113,103,10,10
20702,107,103,4,4
20703,59,73,-14,14
20704,148,140,8,8
20705,66,56,10,10
20706,151,143,8,8
20707,87,80,7,7
20708,119,105,14,14
20709,63,59,4,4
20710,122,104,18,18
20711,75,71,4,4
20712,142,128,14,14
20713,33,38,-5,5
20714,86,82,4,4
20715,33,39,-6,6
20716,144,114,30,30
20717,124,111,13,13
20718,77,79,-2,2
20719,144,131,13,13
20720,88,92,-4,4
20721,87,88,-1,1
20722,45,52,-7,7
20723,104,89,15,15
20724,70,73,-3,3
20725,87,81,6,6
20726,139,126,13,13
20727,136,125,11,11
20728,85,76,9,9
20729,106,103,3,3
20730,134,118,16,16
20731,98,91,7,7
20732,77,79,-2,2
20733,131,124,7,7
20734,125,131,-6,6
20735,76,79,-3,3
20736,110,97,13,13
20737,123,104,19,19
20738,56,51,5,5
20739,62,64,-2,2
20740,59,60,-1,1
20741,96,99,-3,3
20742,107,96,11,11
20743,126,123,3,3
20744,114,110,4,4
20745,85,88,-3,3
20746,63,60,3,3
20747,59,75,-16,16
20748,80,74,6,6
20749,93,86,7,7
20750,82,87,-5,5
20751,73,68,5,5
20752,133,115,18,18
20753,145,120,25,25
20754,78,77,1,1
20755,89,86,3,3
20756,81,82,-1,1
20757,100,95,5,5
20758,129,128,1,1
20759,80,81,-1,1
20760,122,109,13,13
20761,26,46,-20,20
20762,151,130,21,21
20763,118,118,0,0
20764,146,125,21,21
20765,75,73,2,2
20766,80,95,-15,15
20767,52,64,-12,12
20768,128,106,22,22
20769,76,89,-13,13
20770,73,75,-2,2
20771,55,64,-9,9
20772,94,94,0,0
20773,115,102,13,13
20774,70,71,-1,1
20775,125,106,19,19
20776,50,49,1,1
20777,90,89,1,1
20778,110,100,10,10
20779,120,113,7,7
20780,62,66,-4,4
20781,78,86,-8,8
20782,132,119,13,13
20783,46,52,-6,6
20784,140,136,4,4
20785,97,93,4,4
20786,53,56,-3,3
20787,93,90,3,3
20788,145,124,21,21
20789,84,86,-2,2
20790,121,117,4,4
20791,124,118,6,6
20792,65,60,5,5
20793,129,128,1,1
20794,111,101,10,10
20795,81,69,12,12
20796,87,72,15,15
20797,64,70,-6,6
20798,92,84,8,8
20799,74,74,0,0
20800,78,76,2,2
20801,72,79,-7,7
20802,101,97,4,4
20803,35,45,-10,10
20804,171,145,26,26
20805,54,50,4,4
20806,155,153,2,2
20807,151,135,16,16
20808,45,45,0,0
20809,87,83,4,4
20810,115,103,12,12
20811,75,69,6,6
20812,89,88,1,1
20813,134,113,21,21
20814,65,68,-3,3
20815,51,56,-5,5
20816,33,39,-6,6
20817,85,94,-9,9
20818,114,108,6,6
20819,120,108,12,12
20820,83,82,1,1
20821,106,105,1,1
20822,41,49,-8,8
20823,101,110,-9,9
20824,134,114,20,20
20825,132,124,8,8
20826,53,48,5,5
20827,89,83,6,6
20828,120,118,2,2
20829,106,107,-1,1
20830,165,132,33,33
20831,59,71,-12,12
20832,77,79,-2,2
20833,105,96,9,9
20834,113,106,7,7
20835,85,82,3,3
20836,57,59,-2,2
20837,101,104,-3,3
20838,109,101,8,8
20839,129,126,3,3
20840,75,89,-14,14
20841,143,127,16,16
20842,48,53,-5,5
20843,115,116,-1,1
20844,57,104,-47,47
20845,76,78,-2,2
20846,79,75,4,4
20847,107,97,10,10
20848,61,67,-6,6
20849,134,124,10,10
20850,93,90,3,3
20851,141,127,14,14
20852,81,73,8,8
20853,65,76,-11,11
20854,148,128,20,20
20855,70,77,-7,7
20856,78,88,-10,10
20857,46,48,-2,2
20858,108,106,2,2
20859,94,91,3,3
20860,165,151,14,14
20861,83,92,-9,9
20862,131,118,13,13
20863,91,81,10,10
20864,86,113,-27,27
20865,99,97,2,2
20866,111,92,19,19
20867,93,89,4,4
20868,82,86,-4,4
20869,60,74,-14,14
20870,89,82,7,7
20871,153,137,16,16
20872,102,97,5,5
20873,92,97,-5,5
20874,102,95,7,7
20875,118,118,0,0
20876,75,71,4,4
20877,176,152,24,24
20878,129,111,18,18
20879,69,83,-14,14
20880,83,77,6,6
20881,124,114,10,10
20882,68,64,4,4
20883,102,97,5,5
20884,63,63,0,0
20885,96,105,-9,9
20886,120,120,0,0
20887,75,81,-6,6
20888,111,108,3,3
20889,181,149,32,32
20890,82,82,0,0
20891,132,117,15,15
20892,48,72,-24,24
20893,75,77,-2,2
20894,64,64,0,0
20895,41,46,-5,5
20896,64,80,-16,16
20897,97,94,3,3
20898,77,81,-4,4
20899,91,83,8,8
20900,51,52,-1,1
20901,68,70,-2,2
20902,121,121,0,0
20903,86,84,2,2
20904,59,66,-7,7
20905,107,101,6,6
20906,84,88,-4,4
20907,55,55,0,0
20908,76,91,-15,15
20909,93,81,12,12
20910,40,41,-1,1
20911,118,98,20,20
20912,156,145,11,11
20913,126,112,14,14
20914,74,71,3,3
20915,96,94,2,2
20916,121,109,12,12
20917,76,69,7,7
20918,122,125,-3,3
20919,89,81,8,8
20920,59,59,0,0
20921,84,76,8,8
20922,83,79,4,4
20923,73,70,3,3
20924,63,59,4,4
20925,64,71,-7,7
20926,125,106,19,19
20927,101,87,14,14
20928,122,124,-2,2
20929,63,66,-3,3
20930,107,104,3,3
20931,68,70,-2,2
20932,74,76,-2,2
20933,102,95,7,7
20934,119,116,3,3
20935,106,95,11,11
20936,66,69,-3,3
20937,87,85,2,2
20938,85,82,3,3
20939,66,60,6,6
20940,145,132,13,13
20941,180,145,35,35
20942,75,78,-3,3
20943,63,73,-10,10
20944,144,133,11,11
20945,66,68,-2,2
20946,49,44,5,5
20947,98,96,2,2
20948,77,69,8,8
20949,105,99,6,6
20950,81,93,-12,12
20951,92,81,11,11
20952,104,103,1,1
20953,151,137,14,14
20954,51,57,-6,6
20955,124,119,5,5
20956,84,81,3,3
20957,58,61,-3,3
20958,108,98,10,10
20959,41,47,-6,6
20960,151,129,22,22
20961,113,96,17,17
20962,138,120,18,18
20963,70,77,-7,7
20964,106,104,2,2
20965,95,96,-1,1
20966,121,114,7,7
20967,66,68,-2,2
20968,98,91,7,7
20969,70,73,-3,3
20970,142,126,16,16
20971,139,130,9,9
20972,62,68,-6,6
20973,138,133,5,5
20974,70,71,-1,1
20975,138,105,33,33
20976,105,97,8,8
20977,61,62,-1,1
20978,113,113,0,0
20979,173,138,35,35
20980,94,91,3,3
20981,90,82,8,8
20982,112,105,7,7
20983,43,45,-2,2
20984,140,131,9,9
20985,197,183,14,14
20986,116,103,13,13
20987,229,190,39,39
20988,119,108,11,11
20989,80,66,14,14
20990,115,111,4,4
20991,61,69,-8,8
20992,41,49,-8,8
20993,101,89,12,12
20994,185,168,17,17
20995,46,47,-1,1
20996,221,182,39,39
20997,113,103,10,10
20998,60,60,0,0
20999,116,97,19,19
21000,125,111,14,14
21001,99,93,6,6
21002,97,104,-7,7
21003,171,141,30,30
21004,79,79,0,0
21005,73,74,-1,1
21006,80,86,-6,6
21007,148,123,25,25
21008,111,116,-5,5
21009,110,107,3,3
21010,84,89,-5,5
21011,60,70,-10,10
21012,94,90,4,4
21013,57,59,-2,2
21014,118,112,6,6
21015,115,109,6,6
21016,118,119,-1,1
21017,133,115,18,18
21018,67,70,-3,3
21019,148,133,15,15
21020,34,88,-54,54
21021,59,59,0,0
21022,71,69,2,2
21023,59,57,2,2
21024,58,68,-10,10
21025,61,58,3,3
21026,105,97,8,8
21027,144,130,14,14
21028,135,120,15,15
21029,120,109,11,11
21030,180,159,21,21
21031,177,141,36,36
21032,115,120,-5,5
21033,138,119,19,19
21034,113,94,19,19
21035,97,92,5,5
21036,88,81,7,7
21037,108,110,-2,2
21038,106,96,10,10
21039,81,79,2,2
21040,105,97,8,8
21041,30,36,-6,6
21042,97,96,1,1
21043,39,36,3,3
21044,57,59,-2,2
21045,92,106,-14,14
21046,85,81,4,4
21047,94,84,10,10
21048,165,134,31,31
21049,119,113,6,6
21050,120,109,11,11
21051,139,118,21,21
21052,42,46,-4,4
21053,78,80,-2,2
21054,78,82,-4,4
21055,73,69,4,4
21056,84,82,2,2
21057,159,136,23,23
21058,84,86,-2,2
21059,133,120,13,13
21060,87,89,-2,2
21061,147,121,26,26
21062,83,81,2,2
21063,51,67,-16,16
21064,107,99,8,8
21065,62,62,0,0
21066,94,85,9,9
21067,62,65,-3,3
21068,79,79,0,0
21069,177,138,39,39
21070,104,83,21,21
21071,85,91,-6,6
21072,100,92,8,8
21073,69,69,0,0
21074,119,113,6,6
21075,90,77,13,13
21076,82,77,5,5
21077,54,53,1,1
21078,115,96,19,19
21079,74,72,2,2
21080,113,102,11,11
21081,56,60,-4,4
21082,68,74,-6,6
21083,195,165,30,30
21084,150,122,28,28
21085,62,70,-8,8
21086,71,71,0,0
21087,81,80,1,1
21088,131,122,9,9
21089,90,82,8,8
21090,86,90,-4,4
21091,168,159,9,9
21092,101,94,7,7
21093,109,100,9,9
21094,71,102,-31,31
21095,67,70,-3,3
21096,115,102,13,13
21097,95,98,-3,3
21098,84,81,3,3
21099,74,82,-8,8
21100,69,68,1,1
21101,63,71,-8,8
21102,127,111,16,16
21103,82,89,-7,7
21104,78,75,3,3
21105,78,81,-3,3
21106,147,126,21,21
21107,96,92,4,4
21108,72,82,-10,10
21109,65,63,2,2
21110,107,101,6,6
21111,119,101,18,18
21112,101,95,6,6
21113,162,135,27,27
21114,119,111,8,8
21115,93,94,-1,1
21116,102,97,5,5
21117,145,131,14,14
21118,94,89,5,5
21119,83,81,2,2
21120,166,143,23,23
21121,63,68,-5,5
21122,90,85,5,5
21123,53,57,-4,4
21124,103,99,4,4
21125,117,104,13,13
21126,99,95,4,4
21127,44,35,9,9
21128,149,128,21,21
21129,104,96,8,8
21130,225,197,28,28
21131,101,95,6,6
21132,101,94,7,7
21133,76,69,7,7
21134,80,78,2,2
21135,70,66,4,4
21136,130,101,29,29
21137,148,127,21,21
21138,70,84,-14,14
21139,137,133,4,4
21140,59,58,1,1
21141,71,74,-3,3
21142,134,119,15,15
21143,116,99,17,17
21144,104,96,8,8
21145,63,71,-8,8
21146,61,62,-1,1
21147,89,106,-17,17
21148,61,59,2,2
21149,97,94,3,3
21150,102,95,7,7
21151,63,65,-2,2
21152,165,146,19,19
21153,88,95,-7,7
21154,112,94,18,18
21155,90,85,5,5
21156,179,156,23,23
21157,89,95,-6,6
21158,19,26,-7,7
21159,123,107,16,16
21160,111,126,-15,15
21161,89,83,6,6
21162,86,94,-8,8
21163,92,93,-1,1
21164,93,85,8,8
21165,91,87,4,4
21166,70,71,-1,1
21167,105,99,6,6
21168,85,79,6,6
21169,78,72,6,6
21170,112,107,5,5
21171,96,93,3,3
21172,54,61,-7,7
21173,121,105,16,16
21174,131,118,13,13
21175,66,70,-4,4
21176,61,67,-6,6
21177,80,81,-1,1
21178,89,82,7,7
21179,74,66,8,8
21180,65,80,-15,15
21181,101,102,-1,1
21182,97,84,13,13
21183,108,104,4,4
21184,96,96,0,0
21185,132,119,13,13
21186,62,60,2,2
21187,82,78,4,4
21188,154,128,26,26
21189,82,85,-3,3
21190,50,56,-6,6
21191,68,60,8,8
21192,124,119,5,5
21193,74,71,3,3
21194,149,139,10,10
21195,59,59,0,0
21196,56,59,-3,3
21197,58,63,-5,5
21198,151,142,9,9
21199,113,102,11,11
21200,74,96,-22,22
21201,71,68,3,3
21202,86,81,5,5
21203,65,64,1,1
21204,69,71,-2,2
21205,161,144,17,17
21206,89,87,2,2
21207,36,40,-4,4
21208,55,54,1,1
21209,97,90,7,7
21210,89,80,9,9
21211,64,63,1,1
21212,98,95,3,3
21213,89,80,9,9
21214,44,46,-2,2
21215,162,143,19,19
21216,126,122,4,4
21217,82,81,1,1
21218,77,83,-6,6
21219,81,81,0,0
21220,137,124,13,13
21221,69,69,0,0
21222,86,83,3,3
21223,67,72,-5,5
21224,101,92,9,9
21225,74,79,-5,5
21226,71,71,0,0
21227,66,67,-1,1
21228,104,100,4,4
21229,111,116,-5,5
21230,86,87,-1,1
21231,96,92,4,4
21232,79,76,3,3
21233,183,169,14,14
21234,89,82,7,7
21235,133,114,19,19
21236,80,77,3,3
21237,72,71,1,1
21238,109,95,14,14
21239,107,99,8,8
21240,84,78,6,6
21241,67,62,5,5
21242,102,93,9,9
21243,66,167,-101,101
21244,132,125,7,7
21245,103,101,2,2
21246,91,91,0,0
21247,111,106,5,5
21248,110,98,12,12
21249,156,144,12,12
21250,44,41,3,3
21251,48,50,-2,2
21252,79,87,-8,8
21253,58,54,4,4
21254,134,115,19,19
21255,105,101,4,4
21256,79,73,6,6
21257,124,150,-26,26
21258,109,94,15,15
21259,79,74,5,5
21260,66,71,-5,5
21261,93,88,5,5
21262,93,91,2,2
21263,85,92,-7,7
21264,92,86,6,6
21265,103,101,2,2
21266,104,97,7,7
21267,108,101,7,7
21268,82,78,4,4
21269,92,92,0,0
21270,41,44,-3,3
21271,47,49,-2,2
21272,79,77,2,2
21273,101,105,-4,4
21274,66,72,-6,6
21275,83,80,3,3
21276,89,74,15,15
21277,55,59,-4,4
21278,137,123,14,14
21279,92,85,7,7
21280,131,120,11,11
21281,99,89,10,10
21282,100,100,0,0
21283,82,77,5,5
21284,57,62,-5,5
21285,74,76,-2,2
21286,79,80,-1,1
21287,83,80,3,3
21288,118,107,11,11
21289,133,145,-12,12
21290,129,119,10,10
21291,70,85,-15,15
21292,145,128,17,17
21293,149,110,39,39
21294,113,111,2,2
21295,56,67,-11,11
21296,44,45,-1,1
21297,89,95,-6,6
21298,90,92,-2,2
21299,74,69,5,5
21300,117,105,12,12
21301,65,59,6,6
21302,48,56,-8,8
21303,92,86,6,6
21304,72,72,0,0
21305,83,77,6,6
21306,63,68,-5,5
21307,135,113,22,22
21308,147,138,9,9
21309,142,134,8,8
21310,122,103,19,19
21311,77,74,3,3
21312,106,97,9,9
21313,65,70,-5,5
21314,70,68,2,2
21315,124,108,16,16
21316,100,91,9,9
21317,56,57,-1,1
21318,72,70,2,2
21319,83,81,2,2
21320,66,64,2,2
21321,45,51,-6,6
21322,162,147,15,15
21323,85,88,-3,3
21324,115,111,4,4
21325,122,113,9,9
21326,72,71,1,1
21327,68,71,-3,3
21328,65,67,-2,2
21329,84,80,4,4
21330,161,132,29,29
21331,149,130,19,19
21332,109,101,8,8
21333,57,67,-10,10
21334,85,80,5,5
21335,100,91,9,9
21336,171,121,50,50
21337,73,76,-3,3
21338,78,80,-2,2
21339,67,80,-13,13
21340,122,120,2,2
21341,84,75,9,9
21342,171,143,28,28
21343,87,82,5,5
21344,140,115,25,25
21345,86,94,-8,8
21346,85,90,-5,5
21347,50,49,1,1
21348,78,80,-2,2
21349,67,60,7,7
21350,81,77,4,4
21351,75,75,0,0
21352,91,88,3,3
21353,119,111,8,8
21354,138,120,18,18
21355,58,60,-2,2
21356,137,120,17,17
21357,88,93,-5,5
21358,122,109,13,13
21359,106,96,10,10
21360,101,99,2,2
21361,88,86,2,2
21362,83,74,9,9
21363,80,80,0,0
21364,111,105,6,6
21365,183,161,22,22
21366,73,71,2,2
21367,97,89,8,8
21368,55,62,-7,7
21369,116,114,2,2
21370,78,79,-1,1
21371,99,95,4,4
21372,141,121,20,20
21373,56,58,-2,2
21374,65,65,0,0
21375,72,71,1,1
21376,99,74,25,25
21377,96,86,10,10
21378,69,74,-5,5
21379,94,100,-6,6
21380,98,84,14,14
21381,55,64,-9,9
21382,107,100,7,7
21383,68,68,0,0
21384,84,83,1,1
21385,65,64,1,1
21386,177,141,36,36
21387,62,60,2,2
21388,182,148,34,34
21389,72,54,18,18
21390,151,135,16,16
21391,80,74,6,6
21392,122,116,6,6
21393,136,114,22,22
21394,141,128,13,13
21395,88,81,7,7
21396,88,80,8,8
21397,127,117,10,10
21398,92,94,-2,2
21399,74,69,5,5
21400,111,102,9,9
21401,204,182,22,22
21402,111,98,13,13
21403,59,57,2,2
21404,129,108,21,21
21405,107,99,8,8
21406,104,95,9,9
21407,76,80,-4,4
21408,113,114,-1,1
21409,110,103,7,7
21410,69,65,4,4
21411,67,69,-2,2
21412,85,80,5,5
21413,94,92,2,2
21414,93,84,9,9
21415,90,89,1,1
21416,61,52,9,9
21417,56,53,3,3
21418,114,102,12,12
21419,71,67,4,4
21420,86,87,-1,1
21421,114,112,2,2
21422,50,51,-1,1
21423,155,138,17,17
21424,108,110,-2,2
21425,104,84,20,20
21426,89,82,7,7
21427,75,72,3,3
21428,149,137,12,12
21429,94,84,10,10
21430,63,76,-13,13
21431,127,127,0,0
21432,103,97,6,6
21433,90,81,9,9
21434,64,70,-6,6
21435,144,124,20,20
21436,119,106,13,13
21437,45,56,-11,11
21438,78,76,2,2
21439,45,58,-13,13
21440,113,108,5,5
21441,89,89,0,0
21442,122,115,7,7
21443,93,90,3,3
21444,54,57,-3,3
21445,89,80,9,9
21446,85,81,4,4
21447,101,93,8,8
21448,132,131,1,1
21449,47,44,3,3
21450,83,81,2,2
21451,89,79,10,10
21452,77,73,4,4
21453,150,125,25,25
21454,130,107,23,23
21455,85,83,2,2
21456,114,104,10,10
21457,155,139,16,16
21458,63,62,1,1
21459,94,93,1,1
21460,42,43,-1,1
21461,138,129,9,9
21462,78,81,-3,3
21463,79,79,0,0
21464,95,90,5,5
21465,80,71,9,9
21466,80,88,-8,8
21467,39,44,-5,5
21468,143,120,23,23
21469,88,83,5,5
21470,47,51,-4,4
21471,70,69,1,1
21472,174,151,23,23
21473,148,130,18,18
21474,185,149,36,36
21475,122,124,-2,2
21476,138,126,12,12
21477,99,90,9,9
21478,50,57,-7,7
21479,104,90,14,14
21480,69,70,-1,1
21481,127,114,13,13
21482,59,66,-7,7
21483,89,85,4,4
21484,81,82,-1,1
21485,64,72,-8,8
21486,124,117,7,7
21487,75,81,-6,6
21488,102,93,9,9
21489,156,134,22,22
21490,81,80,1,1
21491,90,82,8,8
21492,58,75,-17,17
21493,153,128,25,25
21494,100,91,9,9
21495,133,114,19,19
21496,133,116,17,17
21497,68,72,-4,4
21498,104,97,7,7
21499,74,71,3,3
21500,138,118,20,20
21501,83,82,1,1
21502,125,129,-4,4
21503,98,96,2,2
21504,92,87,5,5
21505,39,44,-5,5
21506,93,90,3,3
21507,47,58,-11,11
21508,72,78,-6,6
21509,138,121,17,17
21510,81,81,0,0
21511,102,99,3,3
21512,146,129,17,17
21513,80,75,5,5
21514,76,72,4,4
21515,130,130,0,0
21516,138,119,19,19
21517,69,75,-6,6
21518,134,112,22,22
21519,73,75,-2,2
21520,55,61,-6,6
21521,68,72,-4,4
21522,78,87,-9,9
21523,85,81,4,4
21524,118,109,9,9
21525,80,79,1,1
21526,153,145,8,8
21527,81,70,11,11
21528,85,82,3,3
21529,117,110,7,7
21530,126,118,8,8
21531,34,38,-4,4
21532,72,67,5,5
21533,138,119,19,19
21534,82,83,-1,1
21535,113,109,4,4
21536,63,69,-6,6
21537,80,69,11,11
21538,67,67,0,0
21539,117,121,-4,4
21540,120,107,13,13
21541,75,70,5,5
21542,117,106,11,11
21543,103,104,-1,1
21544,149,144,5,5
21545,169,154,15,15
21546,85,94,-9,9
21547,91,85,6,6
21548,121,117,4,4
21549,95,104,-9,9
21550,123,119,4,4
21551,36,47,-11,11
21552,71,71,0,0
21553,106,99,7,7
21554,101,86,15,15
21555,60,77,-17,17
21556,68,66,2,2
21557,76,73,3,3
21558,91,82,9,9
21559,84,83,1,1
21560,97,98,-1,1
21561,75,81,-6,6
21562,44,46,-2,2
21563,78,67,11,11
21564,55,56,-1,1
21565,106,106,0,0
21566,125,113,12,12
21567,185,154,31,31
21568,148,150,-2,2
21569,156,133,23,23
21570,128,115,13,13
21571,96,89,7,7
21572,99,89,10,10
21573,63,73,-10,10
21574,78,83,-5,5
21575,162,125,37,37
21576,75,77,-2,2
21577,103,95,8,8
21578,110,96,14,14
21579,116,104,12,12
21580,51,59,-8,8
21581,126,114,12,12
21582,37,47,-10,10
21583,109,102,7,7
21584,115,110,5,5
21585,70,67,3,3
21586,94,99,-5,5
21587,113,103,10,10
21588,91,86,5,5
21589,71,72,-1,1
21590,55,58,-3,3
21591,63,71,-8,8
21592,59,60,-1,1
21593,81,77,4,4
21594,135,127,8,8
21595,95,84,11,11
21596,67,74,-7,7
21597,80,80,0,0
21598,73,83,-10,10
21599,98,86,12,12
21600,104,93,11,11
21601,63,56,7,7
21602,60,57,3,3
21603,117,103,14,14
21604,60,60,0,0
21605,127,115,12,12
21606,121,100,21,21
21607,118,110,8,8
21608,80,77,3,3
21609,77,76,1,1
21610,104,94,10,10
21611,182,185,-3,3
21612,90,88,2,2
21613,49,50,-1,1
21614,86,82,4,4
21615,88,84,4,4
21616,114,99,15,15
21617,56,57,-1,1
21618,66,60,6,6
21619,68,82,-14,14
21620,88,85,3,3
21621,45,71,-26,26
21622,231,198,33,33
21623,136,118,18,18
21624,69,68,1,1
21625,123,121,2,2
21626,60,58,2,2
21627,72,71,1,1
21628,84,86,-2,2
21629,123,116,7,7
21630,58,71,-13,13
21631,58,60,-2,2
21632,71,66,5,5
21633,97,87,10,10
21634,61,61,0,0
21635,57,60,-3,3
21636,172,150,22,22
21637,62,68,-6,6
21638,112,110,2,2
21639,126,112,14,14
21640,85,82,3,3
21641,105,109,-4,4
21642,100,96,4,4
21643,117,121,-4,4
21644,76,84,-8,8
21645,85,82,3,3
21646,187,146,41,41
21647,145,129,16,16
21648,64,73,-9,9
21649,107,97,10,10
21650,140,126,14,14
21651,46,54,-8,8
21652,63,60,3,3
21653,93,88,5,5
21654,111,105,6,6
21655,60,61,-1,1
21656,120,109,11,11
21657,67,71,-4,4
21658,157,136,21,21
21659,133,123,10,10
21660,112,109,3,3
21661,119,118,1,1
21662,86,81,5,5
21663,128,120,8,8
21664,109,99,10,10
21665,133,119,14,14
21666,62,59,3,3
21667,167,143,24,24
21668,122,105,17,17
21669,42,44,-2,2
21670,66,65,1,1
21671,110,103,7,7
21672,84,91,-7,7
21673,115,105,10,10
21674,174,148,26,26
21675,85,83,2,2
21676,100,93,7,7
21677,56,61,-5,5
21678,72,70,2,2
21679,87,89,-2,2
21680,70,85,-15,15
21681,76,73,3,3
21682,89,83,6,6
21683,69,68,1,1
21684,175,146,29,29
21685,191,157,34,34
21686,66,62,4,4
21687,145,129,16,16
21688,127,108,19,19
21689,54,50,4,4
21690,70,66,4,4
21691,67,65,2,2
21692,77,74,3,3
21693,119,118,1,1
21694,38,48,-10,10
21695,77,76,1,1
21696,49,51,-2,2
21697,63,77,-14,14
21698,40,43,-3,3
21699,69,84,-15,15
21700,35,43,-8,8
21701,93,85,8,8
21702,61,75,-14,14
21703,50,50,0,0
21704,113,109,4,4
21705,123,104,19,19
21706,75,75,0,0
21707,94,87,7,7
21708,71,75,-4,4
21709,114,109,5,5
21710,68,63,5,5
21711,129,126,3,3
21712,61,54,7,7
21713,92,82,10,10
21714,76,68,8,8
21715,106,91,15,15
21716,123,110,13,13
21717,89,89,0,0
21718,88,88,0,0
21719,48,56,-8,8
21720,87,88,-1,1
21721,53,58,-5,5
21722,120,104,16,16
21723,105,104,1,1
21724,117,105,12,12
21725,128,113,15,15
21726,173,143,30,30
21727,85,83,2,2
21728,97,86,11,11
21729,101,92,9,9
21730,67,70,-3,3
21731,71,73,-2,2
21732,89,80,9,9
21733,85,91,-6,6
21734,83,80,3,3
21735,78,73,5,5
21736,76,74,2,2
21737,115,106,9,9
21738,68,65,3,3
21739,75,71,4,4
21740,106,93,13,13
21741,76,72,4,4
21742,123,109,14,14
21743,82,82,0,0
21744,82,82,0,0
21745,162,144,18,18
21746,64,70,-6,6
21747,66,57,9,9
21748,48,46,2,2
21749,86,90,-4,4
21750,59,68,-9,9
21751,118,104,14,14
21752,75,73,2,2
21753,138,116,22,22
21754,50,48,2,2
21755,96,82,14,14
21756,68,69,-1,1
21757,83,82,1,1
21758,93,104,-11,11
21759,78,81,-3,3
21760,45,45,0,0
21761,85,81,4,4
21762,123,106,17,17
21763,42,51,-9,9
21764,84,80,4,4
21765,123,110,13,13
21766,45,56,-11,11
21767,88,85,3,3
21768,85,82,3,3
21769,79,69,10,10
21770,75,74,1,1
21771,125,116,9,9
21772,33,45,-12,12
21773,84,85,-1,1
21774,117,114,3,3
21775,79,80,-1,1
21776,190,170,20,20
21777,112,105,7,7
21778,86,87,-1,1
21779,115,101,14,14
21780,74,71,3,3
21781,85,85,0,0
21782,28,26,2,2
21783,45,51,-6,6
21784,115,105,10,10
21785,92,82,10,10
21786,78,72,6,6
21787,129,118,11,11
21788,119,104,15,15
21789,78,75,3,3
21790,78,63,15,15
21791,211,172,39,39
21792,95,99,-4,4
21793,101,97,4,4
21794,163,140,23,23
21795,168,143,25,25
21796,109,101,8,8
21797,98,100,-2,2
21798,61,61,0,0
21799,131,124,7,7
21800,74,72,2,2
21801,66,73,-7,7
21802,130,114,16,16
21803,71,69,2,2
21804,135,127,8,8
21805,88,81,7,7
21806,150,155,-5,5
21807,152,119,33,33
21808,117,92,25,25
21809,133,122,11,11
21810,77,78,-1,1
21811,75,68,7,7
21812,63,62,1,1
21813,73,70,3,3
21814,72,72,0,0
21815,62,76,-14,14
21816,98,97,1,1
21817,103,91,12,12
21818,167,167,0,0
21819,73,80,-7,7
21820,68,63,5,5
21821,104,97,7,7
21822,96,91,5,5
21823,165,149,16,16
21824,128,119,9,9
21825,147,128,19,19
21826,139,127,12,12
21827,156,129,27,27
21828,86,87,-1,1
21829,78,76,2,2
21830,78,72,6,6
21831,89,82,7,7
21832,115,100,15,15
21833,122,112,10,10
21834,47,57,-10,10
21835,60,72,-12,12
21836,87,94,-7,7
21837,77,76,1,1
21838,115,98,17,17
21839,105,90,15,15
21840,120,111,9,9
21841,95,90,5,5
21842,103,92,11,11
21843,57,58,-1,1
21844,132,114,18,18
21845,118,100,18,18
21846,134,110,24,24
21847,85,91,-6,6
21848,130,127,3,3
21849,107,108,-1,1
21850,112,100,12,12
21851,63,62,1,1
21852,176,152,24,24
21853,83,80,3,3
21854,88,94,-6,6
21855,141,117,24,24
21856,121,108,13,13
21857,119,106,13,13
21858,51,58,-7,7
21859,60,65,-5,5
21860,103,83,20,20
21861,122,108,14,14
21862,79,80,-1,1
21863,103,93,10,10
21864,86,80,6,6
21865,58,66,-8,8
21866,103,100,3,3
21867,89,80,9,9
21868,94,84,10,10
21869,115,109,6,6
21870,151,153,-2,2
21871,97,93,4,4
21872,88,82,6,6
21873,78,75,3,3
21874,79,75,4,4
21875,51,48,3,3
21876,77,86,-9,9
21877,98,83,15,15
21878,160,129,31,31
21879,114,110,4,4
21880,95,97,-2,2
21881,77,80,-3,3
21882,75,76,-1,1
21883,142,124,18,18
21884,72,73,-1,1
21885,150,125,25,25
21886,67,72,-5,5
21887,104,101,3,3
21888,95,95,0,0
21889,116,102,14,14
21890,43,74,-31,31
21891,98,97,1,1
21892,85,75,10,10
21893,93,83,10,10
21894,106,99,7,7
21895,99,94,5,5
21896,179,153,26,26
21897,61,76,-15,15
21898,77,78,-1,1
21899,64,65,-1,1
21900,90,88,2,2
21901,106,106,0,0
21902,67,64,3,3
21903,102,93,9,9
21904,94,51,43,43
21905,92,85,7,7
21906,81,76,5,5
21907,84,79,5,5
21908,131,128,3,3
21909,96,93,3,3
21910,89,83,6,6
21911,107,96,11,11
21912,73,77,-4,4
21913,81,72,9,9
21914,69,75,-6,6
21915,73,74,-1,1
21916,150,138,12,12
21917,115,98,17,17
21918,90,81,9,9
21919,63,76,-13,13
21920,138,118,20,20
21921,125,119,6,6
21922,111,101,10,10
21923,124,104,20,20
21924,37,44,-7,7
21925,114,106,8,8
21926,67,69,-2,2
21927,116,106,10,10
21928,134,133,1,1
21929,58,62,-4,4
21930,75,70,5,5
21931,119,110,9,9
21932,94,83,11,11
21933,72,68,4,4
21934,144,131,13,13
21935,86,83,3,3
21936,112,103,9,9
21937,57,57,0,0
21938,121,121,0,0
21939,118,105,13,13
21940,79,77,2,2
21941,53,53,0,0
21942,61,52,9,9
21943,90,94,-4,4
21944,114,110,4,4
21945,101,99,2,2
21946,180,160,20,20
21947,136,136,0,0
21948,100,98,2,2
21949,107,102,5,5
21950,95,95,0,0
21951,75,76,-1,1
21952,86,88,-2,2
21953,71,78,-7,7
21954,126,119,7,7
21955,125,114,11,11
21956,162,140,22,22
21957,71,73,-2,2
21958,60,58,2,2
21959,118,115,3,3
21960,104,79,25,25
21961,117,107,10,10
21962,144,125,19,19
21963,78,82,-4,4
21964,95,90,5,5
21965,157,135,22,22
21966,70,71,-1,1
21967,68,70,-2,2
21968,125,112,13,13
21969,111,90,21,21
21970,112,100,12,12
21971,118,100,18,18
21972,71,62,9,9
21973,126,106,20,20
21974,96,89,7,7
21975,59,72,-13,13
21976,82,87,-5,5
21977,101,102,-1,1
21978,80,83,-3,3
21979,61,59,2,2
21980,89,91,-2,2
21981,107,88,19,19
21982,55,58,-3,3
21983,99,94,5,5
21984,131,125,6,6
21985,80,73,7,7
21986,110,90,20,20
21987,94,90,4,4
21988,32,26,6,6
21989,105,99,6,6
21990,103,100,3,3
21991,152,142,10,10
21992,136,113,23,23
21993,78,72,6,6
21994,68,65,3,3
21995,68,78,-10,10
21996,36,40,-4,4
21997,111,109,2,2
21998,64,58,6,6
21999,70,72,-2,2
22000,89,82,7,7
22001,103,91,12,12
22002,79,79,0,0
22003,175,159,16,16
22004,103,101,2,2
22005,84,79,5,5
22006,79,75,4,4
22007,93,95,-2,2
22008,124,114,10,10
22009,106,101,5,5
22010,144,119,25,25
22011,100,95,5,5
22012,70,73,-3,3
22013,122,118,4,4
22014,101,98,3,3
22015,125,113,12,12
22016,94,85,9,9
22017,134,132,2,2
22018,69,71,-2,2
22019,119,101,18,18
22020,106,95,11,11
22021,122,115,7,7
22022,54,57,-3,3
22023,89,84,5,5
22024,76,89,-13,13
22025,86,82,4,4
22026,144,120,24,24
22027,93,80,13,13
22028,105,105,0,0
22029,101,98,3,3
22030,81,88,-7,7
22031,85,83,2,2
22032,157,122,35,35
22033,112,112,0,0
22034,76,78,-2,2
22035,85,89,-4,4
22036,141,114,27,27
22037,87,91,-4,4
22038,71,79,-8,8
22039,104,102,2,2
22040,73,76,-3,3
22041,143,125,18,18
22042,92,95,-3,3
22043,80,82,-2,2
22044,98,96,2,2
22045,80,74,6,6
22046,54,62,-8,8
22047,134,124,10,10
22048,70,69,1,1
22049,114,108,6,6
22050,80,69,11,11
22051,90,82,8,8
22052,82,86,-4,4
22053,103,96,7,7
22054,82,78,4,4
22055,92,85,7,7
22056,82,80,2,2
22057,66,70,-4,4
22058,124,143,-19,19
22059,61,68,-7,7
22060,63,70,-7,7
22061,91,92,-1,1
22062,72,70,2,2
22063,54,67,-13,13
22064,87,81,6,6
22065,104,106,-2,2
22066,61,66,-5,5
22067,125,103,22,22
22068,129,121,8,8
22069,33,43,-10,10
22070,97,95,2,2
22071,73,86,-13,13
22072,154,129,25,25
22073,74,71,3,3
22074,125,117,8,8
22075,54,57,-3,3
22076,68,74,-6,6
22077,91,85,6,6
22078,68,69,-1,1
22079,92,100,-8,8
22080,117,98,19,19
22081,98,103,-5,5
22082,124,106,18,18
22083,71,74,-3,3
22084,66,66,0,0
22085,37,43,-6,6
22086,108,98,10,10
22087,59,60,-1,1
22088,84,81,3,3
22089,162,136,26,26
22090,108,107,1,1
22091,120,105,15,15
22092,102,103,-1,1
22093,68,80,-12,12
22094,146,118,28,28
22095,116,112,4,4
22096,66,70,-4,4
22097,67,70,-3,3
22098,46,56,-10,10
22099,92,81,11,11
22100,150,125,25,25
22101,58,51,7,7
22102,103,107,-4,4
22103,112,100,12,12
22104,90,95,-5,5
22105,98,94,4,4
22106,54,61,-7,7
22107,76,78,-2,2
22108,77,81,-4,4
22109,111,100,11,11
22110,118,115,3,3
22111,125,113,12,12
22112,94,95,-1,1
22113,73,77,-4,4
22114,173,156,17,17
22115,155,143,12,12
22116,120,118,2,2
22117,86,75,11,11
22118,115,104,11,11
22119,149,128,21,21
22120,68,83,-15,15
22121,130,106,24,24
22122,65,71,-6,6
22123,63,54,9,9
22124,39,43,-4,4
22125,82,78,4,4
22126,74,66,8,8
22127,57,71,-14,14
22128,105,106,-1,1
22129,106,101,5,5
22130,126,136,-10,10
22131,113,102,11,11
22132,109,104,5,5
22133,95,96,-1,1
22134,86,75,11,11
22135,99,91,8,8
22136,65,75,-10,10
22137,70,70,0,0
22138,66,64,2,2
22139,45,44,1,1
22140,77,77,0,0
22141,50,57,-7,7
22142,105,99,6,6
22143,101,106,-5,5
22144,62,70,-8,8
22145,82,90,-8,8
22146,69,61,8,8
22147,122,127,-5,5
22148,147,130,17,17
22149,220,189,31,31
22150,69,69,0,0
22151,93,85,8,8
22152,111,104,7,7
22153,152,140,12,12
22154,124,119,5,5
22155,43,44,-1,1
22156,112,93,19,19
22157,83,80,3,3
22158,140,125,15,15
22159,110,103,7,7
22160,71,82,-11,11
22161,96,103,-7,7
22162,148,135,13,13
22163,53,46,7,7
22164,120,102,18,18
22165,188,167,21,21
22166,29,38,-9,9
22167,117,107,10,10
22168,104,98,6,6
22169,81,76,5,5
22170,124,120,4,4
22171,103,109,-6,6
22172,139,126,13,13
22173,79,69,10,10
22174,133,113,20,20
22175,112,109,3,3
22176,99,100,-1,1
22177,101,92,9,9
22178,75,69,6,6
22179,110,102,8,8
22180,121,112,9,9
22181,110,105,5,5
22182,68,83,-15,15
22183,99,90,9,9
22184,67,74,-7,7
22185,72,78,-6,6
22186,151,125,26,26
22187,87,91,-4,4
22188,83,85,-2,2
22189,58,69,-11,11
22190,56,57,-1,1
22191,72,69,3,3
22192,91,83,8,8
22193,61,58,3,3
22194,95,80,15,15
22195,101,95,6,6
22196,98,87,11,11
22197,128,124,4,4
22198,183,157,26,26
22199,68,71,-3,3
22200,97,91,6,6
22201,74,74,0,0
22202,127,117,10,10
22203,91,84,7,7
22204,95,88,7,7
22205,83,80,3,3
22206,130,119,11,11
22207,143,87,56,56
22208,68,73,-5,5
22209,72,69,3,3
22210,81,80,1,1
22211,63,67,-4,4
22212,92,82,10,10
22213,70,80,-10,10
22214,114,111,3,3
22215,119,98,21,21
22216,130,120,10,10
22217,94,95,-1,1
22218,104,103,1,1
22219,99,99,0,0
22220,55,67,-12,12
22221,111,107,4,4
22222,101,87,14,14
22223,86,83,3,3
22224,89,87,2,2
22225,91,103,-12,12
22226,140,130,10,10
22227,74,76,-2,2
22228,82,81,1,1
22229,103,82,21,21
22230,104,87,17,17
22231,75,81,-6,6
22232,92,99,-7,7
22233,53,58,-5,5
22234,74,81,-7,7
22235,38,40,-2,2
22236,141,120,21,21
22237,91,98,-7,7
22238,97,87,10,10
22239,115,103,12,12
22240,141,130,11,11
22241,72,80,-8,8
22242,87,86,1,1
22243,114,107,7,7
22244,96,84,12,12
22245,68,80,-12,12
22246,123,114,9,9
22247,91,84,7,7
22248,91,83,8,8
22249,116,114,2,2
22250,49,72,-23,23
22251,57,59,-2,2
22252,124,117,7,7
22253,88,94,-6,6
22254,129,119,10,10
22255,55,55,0,0
22256,188,155,33,33
22257,64,67,-3,3
22258,71,71,0,0
22259,45,48,-3,3
22260,93,100,-7,7
22261,68,68,0,0
22262,161,155,6,6
22263,69,79,-10,10
22264,113,109,4,4
22265,74,82,-8,8
22266,58,62,-4,4
22267,149,139,10,10
22268,49,50,-1,1
22269,96,90,6,6
22270,122,108,14,14
22271,92,81,11,11
22272,124,116,8,8
22273,93,88,5,5
22274,149,139,10,10
22275,179,154,25,25
22276,147,137,10,10
22277,121,110,11,11
22278,62,61,1,1
22279,50,50,0,0
22280,54,54,0,0
22281,104,95,9,9
22282,73,70,3,3
22283,101,98,3,3
22284,71,78,-7,7
22285,90,86,4,4
22286,71,70,1,1
22287,72,73,-1,1
22288,61,82,-21,21
22289,65,60,5,5
22290,81,80,1,1
22291,37,51,-14,14
22292,65,70,-5,5
22293,128,114,14,14
22294,55,82,-27,27
22295,55,66,-11,11
22296,131,108,23,23
22297,67,60,7,7
22298,138,124,14,14
22299,66,65,1,1
22300,62,61,1,1
22301,187,165,22,22
22302,127,110,17,17
22303,105,104,1,1
22304,78,76,2,2
22305,94,89,5,5
22306,94,88,6,6
22307,108,101,7,7
22308,135,118,17,17
22309,78,73,5,5
22310,87,85,2,2
22311,59,59,0,0
22312,134,130,4,4
22313,89,83,6,6
22314,79,81,-2,2
22315,27,43,-16,16
22316,74,66,8,8
22317,56,61,-5,5
22318,121,117,4,4
22319,88,90,-2,2
22320,145,136,9,9
22321,99,97,2,2
22322,127,110,17,17
22323,85,81,4,4
22324,91,79,12,12
22325,184,171,13,13
22326,76,73,3,3
22327,86,88,-2,2
22328,88,80,8,8
22329,156,139,17,17
22330,106,101,5,5
22331,102,91,11,11
22332,106,98,8,8
22333,87,85,2,2
22334,60,65,-5,5
22335,82,80,2,2
22336,112,100,12,12
22337,118,113,5,5
22338,75,66,9,9
22339,94,95,-1,1
22340,57,64,-7,7
22341,96,91,5,5
22342,67,68,-1,1
22343,78,88,-10,10
22344,114,98,16,16
22345,70,69,1,1
22346,60,65,-5,5
22347,91,86,5,5
22348,86,79,7,7
22349,84,82,2,2
22350,75,73,2,2
22351,133,129,4,4
22352,193,159,34,34
22353,68,70,-2,2
22354,139,125,14,14
22355,57,74,-17,17
22356,110,106,4,4
22357,83,90,-7,7
22358,159,123,36,36
22359,110,100,10,10
22360,150,124,26,26
22361,95,98,-3,3
22362,139,118,21,21
22363,72,69,3,3
22364,147,123,24,24
22365,89,81,8,8
22366,136,123,13,13
22367,47,45,2,2
22368,158,144,14,14
22369,111,109,2,2
22370,99,89,10,10
22371,112,102,10,10
22372,82,85,-3,3
22373,38,40,-2,2
22374,82,77,5,5
22375,80,80,0,0
22376,119,100,19,19
22377,68,75,-7,7
22378,117,109,8,8
22379,76,72,4,4
22380,94,91,3,3
22381,68,71,-3,3
22382,49,46,3,3
22383,59,62,-3,3
22384,135,130,5,5
22385,111,104,7,7
22386,102,88,14,14
22387,118,113,5,5
22388,90,84,6,6
22389,62,69,-7,7
22390,104,94,10,10
22391,120,107,13,13
22392,105,101,4,4
22393,131,119,12,12
22394,103,105,-2,2
22395,117,108,9,9
22396,92,86,6,6
22397,70,71,-1,1
22398,108,105,3,3
22399,71,69,2,2
22400,58,65,-7,7
22401,91,77,14,14
22402,98,87,11,11
22403,40,51,-11,11
22404,92,81,11,11
22405,100,97,3,3
22406,138,133,5,5
22407,132,112,20,20
22408,101,99,2,2
22409,71,76,-5,5
22410,86,81,5,5
22411,107,100,7,7
22412,85,81,4,4
22413,68,71,-3,3
22414,80,81,-1,1
22415,125,112,13,13
22416,99,88,11,11
22417,122,109,13,13
22418,190,154,36,36
22419,109,89,20,20
22420,83,74,9,9
22421,121,127,-6,6
22422,79,87,-8,8
22423,142,144,-2,2
22424,63,63,0,0
22425,66,67,-1,1
22426,114,93,21,21
22427,80,76,4,4
22428,72,72,0,0
22429,190,165,25,25
22430,91,86,5,5
22431,152,131,21,21
22432,74,62,12,12
22433,88,88,0,0
22434,181,168,13,13
22435,118,109,9,9
22436,131,117,14,14
22437,64,101,-37,37
22438,86,82,4,4
22439,74,82,-8,8
22440,79,79,0,0
22441,99,95,4,4
22442,169,150,19,19
22443,68,61,7,7
22444,79,77,2,2
22445,181,150,31,31
22446,119,104,15,15
22447,120,107,13,13
22448,67,74,-7,7
22449,67,77,-10,10
22450,76,72,4,4
22451,87,81,6,6
22452,91,98,-7,7
22453,161,138,23,23
22454,58,58,0,0
22455,57,62,-5,5
22456,95,97,-2,2
22457,63,69,-6,6
22458,64,64,0,0
22459,55,58,-3,3
22460,136,135,1,1
22461,107,101,6,6
22462,83,88,-5,5
22463,52,62,-10,10
22464,127,126,1,1
22465,90,89,1,1
22466,141,121,20,20
22467,87,91,-4,4
22468,99,94,5,5
22469,67,68,-1,1
22470,79,79,0,0
22471,102,100,2,2
22472,168,156,12,12
22473,154,140,14,14
22474,118,110,8,8
22475,68,79,-11,11
22476,109,101,8,8
22477,41,47,-6,6
22478,65,72,-7,7
22479,108,98,10,10
22480,26,35,-9,9
22481,99,104,-5,5
22482,137,125,12,12
22483,180,160,20,20
22484,223,163,60,60
22485,103,100,3,3
22486,91,88,3,3
22487,120,106,14,14
22488,73,73,0,0
22489,69,76,-7,7
22490,76,83,-7,7
22491,73,63,10,10
22492,41,40,1,1
22493,143,133,10,10
22494,121,125,-4,4
22495,97,104,-7,7
22496,86,87,-1,1
22497,80,82,-2,2
22498,105,109,-4,4
22499,111,94,17,17
22500,133,128,5,5
22501,120,110,10,10
22502,156,150,6,6
22503,100,97,3,3
22504,41,44,-3,3
22505,94,97,-3,3
22506,59,59,0,0
22507,71,69,2,2
22508,68,69,-1,1
22509,102,89,13,13
22510,134,121,13,13
22511,60,54,6,6
22512,169,131,38,38
22513,80,82,-2,2
22514,126,135,-9,9
22515,146,122,24,24
22516,128,126,2,2
22517,67,65,2,2
22518,92,96,-4,4
22519,72,73,-1,1
22520,79,79,0,0
22521,102,90,12,12
22522,62,65,-3,3
22523,59,60,-1,1
22524,116,100,16,16
22525,96,89,7,7
22526,86,85,1,1
22527,68,78,-10,10
22528,90,89,1,1
22529,90,81,9,9
22530,141,122,19,19
22531,109,104,5,5
22532,51,70,-19,19
22533,107,96,11,11
22534,130,116,14,14
22535,103,97,6,6
22536,49,59,-10,10
22537,106,91,15,15
22538,87,86,1,1
22539,68,68,0,0
22540,88,86,2,2
22541,79,84,-5,5
22542,104,91,13,13
22543,94,89,5,5
22544,123,106,17,17
22545,98,87,11,11
22546,123,111,12,12
22547,104,100,4,4
22548,60,69,-9,9
22549,70,76,-6,6
22550,89,83,6,6
22551,122,104,18,18
22552,55,56,-1,1
22553,141,123,18,18
22554,80,79,1,1
22555,97,95,2,2
22556,126,107,19,19
22557,73,78,-5,5
22558,63,73,-10,10
22559,151,126,25,25
22560,109,98,11,11
22561,161,145,16,16
22562,80,78,2,2
22563,126,106,20,20
22564,89,84,5,5
22565,95,84,11,11
22566,163,135,28,28
22567,121,104,17,17
22568,80,80,0,0
22569,79,68,11,11
22570,94,87,7,7
22571,143,122,21,21
22572,95,88,7,7
22573,108,99,9,9
22574,94,95,-1,1
22575,102,91,11,11
22576,84,85,-1,1
22577,80,78,2,2
22578,135,119,16,16
22579,98,82,16,16
22580,113,110,3,3
22581,85,106,-21,21
22582,97,89,8,8
22583,67,66,1,1
22584,135,123,12,12
22585,31,30,1,1
22586,154,138,16,16
22587,136,126,10,10
22588,35,38,-3,3
22589,145,125,20,20
22590,76,70,6,6
22591,89,91,-2,2
22592,84,90,-6,6
22593,82,92,-10,10
22594,76,74,2,2
22595,88,88,0,0
22596,85,77,8,8
22597,109,111,-2,2
22598,165,145,20,20
22599,88,91,-3,3
22600,54,58,-4,4
22601,93,81,12,12
22602,66,68,-2,2
22603,75,79,-4,4
22604,55,57,-2,2
22605,72,75,-3,3
22606,113,103,10,10
22607,127,116,11,11
22608,53,53,0,0
22609,94,93,1,1
22610,90,86,4,4
22611,65,75,-10,10
22612,60,68,-8,8
22613,59,49,10,10
22614,107,98,9,9
22615,93,99,-6,6
22616,128,112,16,16
22617,55,60,-5,5
22618,93,90,3,3
22619,79,75,4,4
22620,148,124,24,24
22621,129,118,11,11
22622,51,60,-9,9
22623,92,93,-1,1
22624,93,103,-10,10
22625,114,112,2,2
22626,72,75,-3,3
22627,92,94,-2,2
22628,81,76,5,5
22629,69,79,-10,10
22630,93,85,8,8
22631,189,166,23,23
22632,71,71,0,0
22633,87,83,4,4
22634,48,89,-41,41
22635,94,91,3,3
22636,116,123,-7,7
22637,62,70,-8,8
22638,240,196,44,44
22639,104,95,9,9
22640,80,84,-4,4
22641,66,56,10,10
22642,100,92,8,8
22643,133,121,12,12
22644,103,94,9,9
22645,137,130,7,7
22646,165,139,26,26
22647,125,113,12,12
22648,86,80,6,6
22649,95,87,8,8
22650,103,107,-4,4
22651,140,114,26,26
22652,95,95,0,0
22653,68,74,-6,6
22654,52,58,-6,6
22655,77,73,4,4
22656,121,107,14,14
22657,107,102,5,5
22658,98,92,6,6
22659,100,94,6,6
22660,81,80,1,1
22661,46,46,0,0
22662,162,148,14,14
22663,136,120,16,16
22664,85,86,-1,1
22665,83,75,8,8
22666,135,118,17,17
22667,39,40,-1,1
22668,61,62,-1,1
22669,73,60,13,13
22670,87,76,11,11
22671,76,79,-3,3
22672,84,95,-11,11
22673,94,82,12,12
22674,163,152,11,11
22675,80,86,-6,6
22676,86,98,-12,12
22677,152,128,24,24
22678,100,105,-5,5
22679,75,70,5,5
22680,92,85,7,7
22681,84,81,3,3
22682,144,124,20,20
22683,69,68,1,1
22684,109,106,3,3
22685,109,93,16,16
22686,88,71,17,17
22687,67,69,-2,2
22688,115,102,13,13
22689,125,123,2,2
22690,95,95,0,0
22691,87,82,5,5
22692,98,90,8,8
22693,83,93,-10,10
22694,101,95,6,6
22695,51,47,4,4
22696,108,98,10,10
22697,136,128,8,8
22698,208,190,18,18
22699,121,110,11,11
22700,84,79,5,5
22701,86,80,6,6
22702,148,142,6,6
22703,110,107,3,3
22704,117,111,6,6
22705,96,92,4,4
22706,69,69,0,0
22707,137,122,15,15
22708,66,60,6,6
22709,89,74,15,15
22710,44,51,-7,7
22711,136,118,18,18
22712,128,108,20,20
22713,73,72,1,1
22714,155,144,11,11
22715,89,74,15,15
22716,87,73,14,14
22717,147,125,22,22
22718,64,63,1,1
22719,37,40,-3,3
22720,122,112,10,10
22721,44,49,-5,5
22722,126,117,9,9
22723,60,69,-9,9
22724,148,135,13,13
22725,134,119,15,15
22726,87,78,9,9
22727,135,128,7,7
22728,90,85,5,5
22729,60,57,3,3
22730,86,74,12,12
22731,150,139,11,11
22732,59,71,-12,12
22733,111,97,14,14
22734,54,52,2,2
22735,158,132,26,26
22736,135,111,24,24
22737,32,36,-4,4
22738,63,64,-1,1
22739,117,93,24,24
22740,83,85,-2,2
22741,54,60,-6,6
22742,151,137,14,14
22743,64,68,-4,4
22744,44,47,-3,3
22745,138,123,15,15
22746,48,63,-15,15
22747,123,106,17,17
22748,97,96,1,1
22749,59,60,-1,1
22750,96,93,3,3
22751,19,26,-7,7
22752,112,105,7,7
22753,131,132,-1,1
22754,153,140,13,13
22755,100,97,3,3
22756,183,161,22,22
22757,121,106,15,15
22758,129,117,12,12
22759,93,98,-5,5
22760,89,89,0,0
22761,92,90,2,2
22762,81,94,-13,13
22763,133,117,16,16
22764,77,81,-4,4
22765,63,68,-5,5
22766,66,61,5,5
22767,74,82,-8,8
22768,150,141,9,9
22769,76,85,-9,9
22770,68,62,6,6
22771,73,71,2,2
22772,93,89,4,4
22773,90,78,12,12
22774,81,91,-10,10
22775,59,55,4,4
22776,160,132,28,28
22777,47,46,1,1
22778,109,119,-10,10
22779,133,118,15,15
22780,114,111,3,3
22781,89,79,10,10
22782,86,80,6,6
22783,95,83,12,12
22784,149,144,5,5
22785,86,80,6,6
22786,112,106,6,6
22787,61,100,-39,39
22788,32,39,-7,7
22789,141,130,11,11
22790,106,96,10,10
22791,62,70,-8,8
22792,98,94,4,4
22793,169,128,41,41
22794,75,86,-11,11
22795,113,102,11,11
22796,69,71,-2,2
22797,54,60,-6,6
22798,72,79,-7,7
22799,140,135,5,5
22800,86,88,-2,2
22801,106,97,9,9
22802,81,80,1,1
22803,109,96,13,13
22804,120,100,20,20
22805,103,87,16,16
22806,201,160,41,41
22807,115,123,-8,8
22808,94,81,13,13
22809,110,113,-3,3
22810,90,88,2,2
22811,117,102,15,15
22812,80,73,7,7
22813,136,118,18,18
22814,95,94,1,1
22815,121,103,18,18
22816,38,42,-4,4
22817,100,89,11,11
22818,83,85,-2,2
22819,102,96,6,6
22820,100,94,6,6
22821,67,70,-3,3
22822,88,109,-21,21
22823,68,65,3,3
22824,145,133,12,12
22825,86,80,6,6
22826,107,97,10,10
22827,85,94,-9,9
22828,102,100,2,2
22829,132,122,10,10
22830,61,61,0,0
22831,70,64,6,6
22832,91,91,0,0
22833,139,129,10,10
22834,51,51,0,0
22835,39,44,-5,5
22836,100,83,17,17
22837,93,91,2,2
22838,89,92,-3,3
22839,92,95,-3,3
22840,35,37,-2,2
22841,93,82,11,11
22842,64,72,-8,8
22843,62,57,5,5
22844,102,82,20,20
22845,101,95,6,6
22846,93,90,3,3
22847,63,64,-1,1
22848,88,83,5,5
22849,80,81,-1,1
22850,134,94,40,40
22851,77,76,1,1
22852,73,73,0,0
22853,57,61,-4,4
22854,118,84,34,34
22855,134,127,7,7
22856,127,117,10,10
22857,88,84,4,4
22858,91,84,7,7
22859,110,104,6,6
22860,46,50,-4,4
22861,105,98,7,7
22862,103,102,1,1
22863,108,95,13,13
22864,93,96,-3,3
22865,75,80,-5,5
22866,131,121,10,10
22867,130,123,7,7
22868,89,86,3,3
22869,49,98,-49,49
22870,120,114,6,6
22871,151,147,4,4
22872,92,87,5,5
22873,77,84,-7,7
22874,126,124,2,2
22875,100,96,4,4
22876,54,58,-4,4
22877,110,96,14,14
22878,133,121,12,12
22879,119,113,6,6
22880,126,109,17,17
22881,42,44,-2,2
22882,63,67,-4,4
22883,170,155,15,15
22884,68,80,-12,12
22885,114,103,11,11
22886,115,100,15,15
22887,64,70,-6,6
22888,90,88,2,2
22889,126,107,19,19
22890,72,84,-12,12
22891,116,125,-9,9
22892,151,144,7,7
22893,98,81,17,17
22894,135,119,16,16
22895,132,112,20,20
22896,166,138,28,28
22897,109,100,9,9
22898,73,69,4,4
22899,43,47,-4,4
22900,60,59,1,1
22901,95,96,-1,1
22902,185,156,29,29
22903,116,107,9,9
22904,120,110,10,10
22905,117,104,13,13
22906,80,83,-3,3
22907,54,58,-4,4
22908,94,91,3,3
22909,104,103,1,1
22910,167,158,9,9
22911,183,161,22,22
22912,125,122,3,3
22913,67,68,-1,1
22914,127,108,19,19
22915,108,99,9,9
22916,110,100,10,10
22917,72,71,1,1
22918,76,76,0,0
22919,60,57,3,3
22920,127,106,21,21
22921,60,56,4,4
22922,117,105,12,12
22923,62,64,-2,2
22924,98,88,10,10
22925,64,67,-3,3
22926,90,82,8,8
22927,155,142,13,13
22928,69,69,0,0
22929,91,82,9,9
22930,91,81,10,10
22931,97,88,9,9
22932,116,102,14,14
22933,100,95,5,5
22934,81,85,-4,4
22935,77,73,4,4
22936,46,43,3,3
22937,86,93,-7,7
22938,98,88,10,10
22939,128,96,32,32
22940,53,58,-5,5
22941,86,83,3,3
22942,106,103,3,3
22943,118,108,10,10
22944,132,125,7,7
22945,179,165,14,14
22946,72,69,3,3
22947,57,57,0,0
22948,159,140,19,19
22949,56,62,-6,6
22950,90,94,-4,4
22951,84,83,1,1
22952,120,116,4,4
22953,99,84,15,15
22954,121,104,17,17
22955,96,97,-1,1
22956,46,57,-11,11
22957,84,88,-4,4
22958,79,80,-1,1
22959,165,143,22,22
22960,72,75,-3,3
22961,75,75,0,0
22962,116,109,7,7
22963,117,111,6,6
22964,95,84,11,11
22965,138,129,9,9
22966,64,68,-4,4
22967,70,72,-2,2
22968,51,50,1,1
22969,74,82,-8,8
22970,105,97,8,8
22971,137,125,12,12
22972,93,89,4,4
22973,72,76,-4,4
22974,83,77,6,6
22975,113,99,14,14
22976,97,91,6,6
22977,76,76,0,0
22978,65,66,-1,1
22979,159,139,20,20
22980,72,70,2,2
22981,127,109,18,18
22982,94,88,6,6
22983,83,81,2,2
22984,84,85,-1,1
22985,60,64,-4,4
22986,100,100,0,0
22987,108,102,6,6
22988,118,105,13,13
22989,76,75,1,1
22990,87,79,8,8
22991,50,52,-2,2
22992,38,43,-5,5
22993,146,121,25,25
22994,114,105,9,9
22995,52,52,0,0
22996,84,85,-1,1
22997,122,118,4,4
22998,102,91,11,11
22999,181,154,27,27
23000,98,88,10,10
23001,39,47,-8,8
23002,84,70,14,14
23003,145,105,40,40
23004,124,119,5,5
23005,110,110,0,0
23006,57,58,-1,1
23007,88,82,6,6
23008,64,64,0,0
23009,195,167,28,28
23010,131,127,4,4
23011,124,113,11,11
23012,79,93,-14,14
23013,66,66,0,0
23014,100,102,-2,2
23015,82,76,6,6
23016,81,84,-3,3
23017,85,79,6,6
23018,192,172,20,20
23019,112,104,8,8
23020,166,144,22,22
23021,101,94,7,7
23022,82,73,9,9
23023,89,76,13,13
23024,94,82,12,12
23025,79,85,-6,6
23026,108,107,1,1
23027,117,104,13,13
23028,123,110,13,13
23029,81,78,3,3
23030,87,80,7,7
23031,66,65,1,1
23032,35,41,-6,6
23033,102,91,11,11
23034,145,125,20,20
23035,62,60,2,2
23036,121,107,14,14
23037,69,69,0,0
23038,142,122,20,20
23039,74,69,5,5
23040,92,83,9,9
23041,63,58,5,5
23042,71,74,-3,3
23043,148,121,27,27
23044,72,81,-9,9
23045,75,77,-2,2
23046,118,111,7,7
23047,103,102,1,1
23048,136,113,23,23
23049,126,121,5,5
23050,93,95,-2,2
23051,101,98,3,3
23052,133,116,17,17
23053,83,85,-2,2
23054,91,91,0,0
23055,52,50,2,2
23056,100,95,5,5
23057,88,82,6,6
23058,80,84,-4,4
23059,83,89,-6,6
23060,90,83,7,7
23061,69,93,-24,24
23062,85,75,10,10
23063,107,93,14,14
23064,103,92,11,11
23065,60,61,-1,1
23066,152,140,12,12
23067,40,43,-3,3
23068,87,83,4,4
23069,78,75,3,3
23070,145,134,11,11
23071,47,49,-2,2
23072,139,114,25,25
23073,94,85,9,9
23074,138,138,0,0
23075,115,96,19,19
23076,94,93,1,1
23077,106,100,6,6
23078,85,87,-2,2
23079,82,78,4,4
23080,61,60,1,1
23081,160,138,22,22
23082,157,147,10,10
23083,87,88,-1,1
23084,135,116,19,19
23085,120,103,17,17
23086,104,96,8,8
23087,165,132,33,33
23088,88,84,4,4
23089,67,72,-5,5
23090,87,80,7,7
23091,66,70,-4,4
23092,74,72,2,2
23093,76,76,0,0
23094,62,65,-3,3
23095,79,80,-1,1
23096,91,87,4,4
23097,70,64,6,6
23098,148,126,22,22
23099,135,114,21,21
23100,74,80,-6,6
23101,78,75,3,3
23102,93,91,2,2
23103,124,109,15,15
23104,129,122,7,7
23105,98,90,8,8
23106,72,70,2,2
23107,53,61,-8,8
23108,138,126,12,12
23109,184,146,38,38
23110,85,83,2,2
23111,82,86,-4,4
23112,105,105,0,0
23113,99,92,7,7
23114,65,68,-3,3
23115,73,68,5,5
23116,66,61,5,5
23117,102,98,4,4
23118,85,77,8,8
23119,188,173,15,15
23120,81,198,-117,117
23121,124,110,14,14
23122,59,64,-5,5
23123,108,98,10,10
23124,92,92,0,0
23125,100,93,7,7
23126,105,99,6,6
23127,93,91,2,2
23128,155,139,16,16
23129,71,69,2,2
23130,65,56,9,9
23131,94,89,5,5
23132,122,118,4,4
23133,70,71,-1,1
23134,65,67,-2,2
23135,160,140,20,20
23136,115,109,6,6
23137,134,124,10,10
23138,101,101,0,0
23139,105,97,8,8
23140,93,92,1,1
23141,94,82,12,12
23142,82,76,6,6
23143,90,84,6,6
23144,78,69,9,9
23145,145,130,15,15
23146,120,111,9,9
23147,94,92,2,2
23148,95,83,12,12
23149,115,123,-8,8
23150,49,49,0,0
23151,134,123,11,11
23152,88,83,5,5
23153,82,85,-3,3
23154,67,65,2,2
23155,71,61,10,10
23156,56,69,-13,13
23157,88,81,7,7
23158,34,40,-6,6
23159,62,74,-12,12
23160,82,82,0,0
23161,111,113,-2,2
23162,48,50,-2,2
23163,102,100,2,2
23164,143,126,17,17
23165,47,53,-6,6
23166,76,73,3,3
23167,119,107,12,12
23168,64,63,1,1
23169,72,68,4,4
23170,141,124,17,17
23171,64,59,5,5
23172,127,105,22,22
23173,72,71,1,1
23174,111,103,8,8
23175,104,83,21,21
23176,77,83,-6,6
23177,133,130,3,3
23178,113,102,11,11
23179,110,104,6,6
23180,89,83,6,6
23181,125,115,10,10
23182,127,106,21,21
23183,68,62,6,6
23184,99,99,0,0
23185,86,88,-2,2
23186,111,103,8,8
23187,118,101,17,17
23188,74,79,-5,5
23189,132,112,20,20
23190,99,88,11,11
23191,139,128,11,11
23192,107,100,7,7
23193,70,75,-5,5
23194,77,69,8,8
23195,101,100,1,1
23196,103,99,4,4
23197,86,89,-3,3
23198,104,89,15,15
23199,100,99,1,1
23200,150,131,19,19
23201,69,69,0,0
23202,129,116,13,13
23203,162,148,14,14
23204,111,111,0,0
23205,133,117,16,16
23206,87,81,6,6
23207,74,80,-6,6
23208,95,97,-2,2
23209,110,113,-3,3
23210,124,118,6,6
23211,155,136,19,19
23212,74,61,13,13
23213,80,76,4,4
23214,90,83,7,7
23215,100,97,3,3
23216,112,94,18,18
23217,81,69,12,12
23218,73,80,-7,7
23219,122,110,12,12
23220,130,115,15,15
23221,129,113,16,16
23222,123,108,15,15
23223,84,85,-1,1
23224,63,68,-5,5
23225,144,123,21,21
23226,91,145,-54,54
23227,66,75,-9,9
23228,95,90,5,5
23229,129,115,14,14
23230,75,74,1,1
23231,152,163,-11,11
23232,119,99,20,20
23233,107,104,3,3
23234,184,157,27,27
23235,84,85,-1,1
23236,123,112,11,11
23237,167,133,34,34
23238,59,53,6,6
23239,68,73,-5,5
23240,119,103,16,16
23241,77,68,9,9
23242,70,79,-9,9
23243,79,72,7,7
23244,114,107,7,7
23245,75,76,-1,1
23246,64,55,9,9
23247,127,109,18,18
23248,52,58,-6,6
23249,67,60,7,7
23250,73,77,-4,4
23251,85,77,8,8
23252,63,66,-3,3
23253,88,79,9,9
23254,89,98,-9,9
23255,133,107,26,26
23256,82,81,1,1
23257,115,99,16,16
23258,97,95,2,2
23259,81,91,-10,10
23260,102,92,10,10
23261,68,60,8,8
23262,64,61,3,3
23263,70,71,-1,1
23264,73,76,-3,3
23265,59,65,-6,6
23266,136,123,13,13
23267,103,104,-1,1
23268,137,111,26,26
23269,73,72,1,1
23270,83,83,0,0
23271,95,84,11,11
23272,138,114,24,24
23273,86,80,6,6
23274,66,84,-18,18
23275,134,147,-13,13
23276,116,103,13,13
23277,70,71,-1,1
23278,118,106,12,12
23279,131,118,13,13
23280,40,61,-21,21
23281,82,80,2,2
23282,78,76,2,2
23283,97,85,12,12
23284,89,92,-3,3
23285,133,116,17,17
23286,76,72,4,4
23287,152,124,28,28
23288,92,84,8,8
23289,62,63,-1,1
23290,179,142,37,37
23291,127,105,22,22
23292,115,105,10,10
23293,54,64,-10,10
23294,136,112,24,24
23295,76,82,-6,6
23296,62,70,-8,8
23297,78,79,-1,1
23298,182,149,33,33
23299,67,66,1,1
23300,110,96,14,14
23301,92,81,11,11
23302,150,127,23,23
23303,122,117,5,5
23304,62,70,-8,8
23305,109,98,11,11
23306,123,106,17,17
23307,107,102,5,5
23308,50,58,-8,8
23309,62,66,-4,4
23310,115,105,10,10
23311,41,49,-8,8
23312,106,97,9,9
23313,58,62,-4,4
23314,67,64,3,3
23315,64,59,5,5
23316,71,87,-16,16
23317,83,86,-3,3
23318,157,159,-2,2
23319,90,91,-1,1
23320,100,105,-5,5
23321,92,92,0,0
23322,87,97,-10,10
23323,76,88,-12,12
23324,101,99,2,2
23325,56,52,4,4
23326,65,69,-4,4
23327,70,73,-3,3
23328,57,60,-3,3
23329,112,129,-17,17
23330,50,68,-18,18
23331,47,57,-10,10
23332,140,143,-3,3
23333,51,50,1,1
23334,61,73,-12,12
23335,78,77,1,1
23336,70,64,6,6
23337,98,85,13,13
23338,152,130,22,22
23339,99,98,1,1
23340,93,93,0,0
23341,90,85,5,5
23342,51,54,-3,3
23343,94,84,10,10
23344,82,84,-2,2
23345,137,132,5,5
23346,85,86,-1,1
23347,131,127,4,4
23348,110,98,12,12
23349,70,68,2,2
23350,99,101,-2,2
23351,146,124,22,22
23352,37,43,-6,6
23353,94,85,9,9
23354,124,113,11,11
23355,91,101,-10,10
23356,85,85,0,0
23357,58,63,-5,5
23358,78,83,-5,5
23359,62,68,-6,6
23360,51,57,-6,6
23361,85,89,-4,4
23362,64,68,-4,4
23363,108,110,-2,2
23364,89,87,2,2
23365,120,110,10,10
23366,131,109,22,22
23367,50,57,-7,7
23368,109,99,10,10
23369,82,80,2,2
23370,115,104,11,11
23371,121,106,15,15
23372,193,166,27,27
23373,66,69,-3,3
23374,125,108,17,17
23375,64,67,-3,3
23376,105,93,12,12
23377,47,54,-7,7
23378,57,72,-15,15
23379,105,94,11,11
23380,124,115,9,9
23381,90,96,-6,6
23382,126,108,18,18
23383,89,93,-4,4
23384,122,107,15,15
23385,116,105,11,11
23386,80,74,6,6
23387,92,86,6,6
23388,62,86,-24,24
23389,144,134,10,10
23390,45,54,-9,9
23391,139,127,12,12
23392,117,104,13,13
23393,99,98,1,1
23394,98,92,6,6
23395,87,88,-1,1
23396,171,133,38,38
23397,127,100,27,27
23398,114,103,11,11
23399,100,98,2,2
23400,71,80,-9,9
23401,143,119,24,24
23402,84,80,4,4
23403,89,81,8,8
23404,85,81,4,4
23405,69,69,0,0
23406,145,141,4,4
23407,115,107,8,8
23408,116,113,3,3
23409,114,107,7,7
23410,58,55,3,3
23411,79,75,4,4
23412,73,72,1,1
23413,114,112,2,2
23414,140,132,8,8
23415,92,95,-3,3
23416,111,105,6,6
23417,131,126,5,5
23418,76,80,-4,4
23419,94,93,1,1
23420,91,94,-3,3
23421,76,73,3,3
23422,115,102,13,13
23423,65,61,4,4
23424,113,112,1,1
23425,85,87,-2,2
23426,214,202,12,12
23427,211,180,31,31
23428,41,45,-4,4
23429,78,74,4,4
23430,161,141,20,20
23431,79,73,6,6
23432,51,58,-7,7
23433,103,103,0,0
23434,73,75,-2,2
23435,55,62,-7,7
23436,136,109,27,27
23437,131,125,6,6
23438,77,79,-2,2
23439,80,75,5,5
23440,110,101,9,9
23441,54,60,-6,6
23442,111,106,5,5
23443,84,83,1,1
23444,70,67,3,3
23445,70,67,3,3
23446,106,98,8,8
23447,97,94,3,3
23448,100,89,11,11
23449,135,122,13,13
23450,86,83,3,3
23451,42,40,2,2
23452,132,128,4,4
23453,73,74,-1,1
23454,125,116,9,9
23455,83,81,2,2
23456,125,116,9,9
23457,120,109,11,11
23458,110,99,11,11
23459,197,164,33,33
23460,111,99,12,12
23461,86,89,-3,3
23462,76,73,3,3
23463,150,130,20,20
23464,115,107,8,8
23465,89,92,-3,3
23466,176,161,15,15
23467,64,70,-6,6
23468,120,105,15,15
23469,121,107,14,14
23470,64,74,-10,10
23471,49,68,-19,19
23472,70,67,3,3
23473,112,103,9,9
23474,89,88,1,1
23475,107,99,8,8
23476,155,142,13,13
23477,73,78,-5,5
23478,129,125,4,4
23479,161,138,23,23
23480,89,84,5,5
23481,113,106,7,7
23482,99,88,11,11
23483,127,119,8,8
23484,115,109,6,6
23485,78,75,3,3
23486,155,149,6,6
23487,54,52,2,2
23488,89,86,3,3
23489,115,104,11,11
23490,82,80,2,2
23491,165,144,21,21
23492,90,84,6,6
23493,87,87,0,0
23494,115,101,14,14
23495,70,71,-1,1
23496,85,75,10,10
23497,101,96,5,5
23498,118,119,-1,1
23499,135,107,28,28
23500,74,75,-1,1
23501,108,107,1,1
23502,134,119,15,15
23503,109,102,7,7
23504,77,75,2,2
23505,71,66,5,5
23506,78,71,7,7
23507,125,102,23,23
23508,90,88,2,2
23509,47,42,5,5
23510,89,84,5,5
23511,102,91,11,11
23512,94,89,5,5
23513,137,127,10,10
23514,110,97,13,13
23515,100,95,5,5
23516,125,104,21,21
23517,57,89,-32,32
23518,120,113,7,7
23519,149,128,21,21
23520,69,75,-6,6
23521,91,93,-2,2
23522,69,70,-1,1
23523,143,124,19,19
23524,112,99,13,13
23525,108,94,14,14
23526,83,91,-8,8
23527,102,101,1,1
23528,55,52,3,3
23529,101,94,7,7
23530,39,44,-5,5
23531,173,159,14,14
23532,98,90,8,8
23533,136,121,15,15
23534,62,63,-1,1
23535,188,144,44,44
23536,98,93,5,5
23537,132,115,17,17
23538,89,95,-6,6
23539,106,101,5,5
23540,101,100,1,1
23541,150,125,25,25
23542,194,162,32,32
23543,108,105,3,3
23544,78,87,-9,9
23545,70,69,1,1
23546,93,96,-3,3
23547,65,73,-8,8
23548,113,98,15,15
23549,129,115,14,14
23550,94,93,1,1
23551,108,97,11,11
23552,90,92,-2,2
23553,68,70,-2,2
23554,98,96,2,2
23555,96,102,-6,6
23556,85,93,-8,8
23557,137,129,8,8
23558,112,106,6,6
23559,168,140,28,28
23560,87,92,-5,5
23561,134,114,20,20
23562,75,82,-7,7
23563,135,118,17,17
23564,81,79,2,2
23565,96,100,-4,4
23566,91,92,-1,1
23567,104,88,16,16
23568,105,94,11,11
23569,56,59,-3,3
23570,111,99,12,12
23571,56,68,-12,12
23572,62,63,-1,1
23573,103,99,4,4
23574,144,134,10,10
23575,101,94,7,7
23576,79,77,2,2
23577,102,90,12,12
23578,121,114,7,7
23579,140,126,14,14
23580,135,123,12,12
23581,80,75,5,5
23582,51,61,-10,10
23583,152,120,32,32
23584,94,92,2,2
23585,52,46,6,6
23586,78,80,-2,2
23587,82,84,-2,2
23588,75,71,4,4
23589,117,106,11,11
23590,136,124,12,12
23591,92,90,2,2
23592,55,50,5,5
23593,126,108,18,18
23594,55,60,-5,5
23595,43,44,-1,1
23596,83,85,-2,2
23597,116,116,0,0
23598,113,106,7,7
23599,60,62,-2,2
23600,100,99,1,1
23601,100,101,-1,1
23602,113,103,10,10
23603,123,131,-8,8
23604,69,72,-3,3
23605,113,121,-8,8
23606,71,74,-3,3
23607,132,114,18,18
23608,151,133,18,18
23609,57,57,0,0
23610,105,100,5,5
23611,188,162,26,26
23612,79,75,4,4
23613,151,135,16,16
23614,137,131,6,6
23615,42,53,-11,11
23616,144,130,14,14
23617,41,48,-7,7
23618,82,81,1,1
23619,91,83,8,8
23620,65,69,-4,4
23621,65,67,-2,2
23622,103,98,5,5
23623,116,104,12,12
23624,149,136,13,13
23625,202,168,34,34
23626,61,62,-1,1
23627,78,80,-2,2
23628,154,129,25,25
23629,87,88,-1,1
23630,93,84,9,9
23631,134,127,7,7
23632,116,110,6,6
23633,124,120,4,4
23634,148,132,16,16
23635,140,131,9,9
23636,69,66,3,3
23637,107,102,5,5
23638,99,93,6,6
23639,137,119,18,18
23640,165,130,35,35
23641,102,90,12,12
23642,116,103,13,13
23643,95,76,19,19
23644,86,99,-13,13
23645,88,95,-7,7
23646,108,99,9,9
23647,153,142,11,11
23648,69,65,4,4
23649,76,71,5,5
23650,103,98,5,5
23651,79,85,-6,6
23652,129,106,23,23
23653,87,84,3,3
23654,67,70,-3,3
23655,81,80,1,1
23656,118,108,10,10
23657,69,64,5,5
23658,63,70,-7,7
23659,77,77,0,0
23660,113,103,10,10
23661,143,129,14,14
23662,57,59,-2,2
23663,86,84,2,2
23664,36,55,-19,19
23665,128,102,26,26
23666,111,102,9,9
23667,68,71,-3,3
23668,60,69,-9,9
23669,90,87,3,3
23670,99,90,9,9
23671,80,79,1,1
23672,79,85,-6,6
23673,84,84,0,0
23674,77,68,9,9
23675,132,119,13,13
23676,94,69,25,25
23677,95,93,2,2
23678,67,68,-1,1
23679,134,114,20,20
23680,148,134,14,14
23681,92,89,3,3
23682,85,73,12,12
23683,69,80,-11,11
23684,107,108,-1,1
23685,113,119,-6,6
23686,49,52,-3,3
23687,31,38,-7,7
23688,72,77,-5,5
23689,135,124,11,11
23690,126,109,17,17
23691,67,70,-3,3
23692,70,79,-9,9
23693,64,66,-2,2
23694,70,96,-26,26
23695,88,81,7,7
23696,66,72,-6,6
23697,80,86,-6,6
23698,82,94,-12,12
23699,85,84,1,1
23700,128,117,11,11
23701,116,106,10,10
23702,74,64,10,10
23703,107,100,7,7
23704,74,73,1,1
23705,133,108,25,25
23706,91,84,7,7
23707,100,96,4,4
23708,90,80,10,10
23709,41,47,-6,6
23710,117,104,13,13
23711,91,93,-2,2
23712,108,114,-6,6
23713,61,69,-8,8
23714,201,171,30,30
23715,112,102,10,10
23716,62,60,2,2
23717,70,70,0,0
23718,79,76,3,3
23719,85,79,6,6
23720,138,119,19,19
23721,132,118,14,14
23722,46,57,-11,11
23723,172,155,17,17
23724,120,105,15,15
23725,120,106,14,14
23726,96,96,0,0
23727,108,99,9,9
23728,125,122,3,3
23729,72,79,-7,7
23730,110,94,16,16
23731,51,60,-9,9
23732,127,116,11,11
23733,109,102,7,7
23734,70,69,1,1
23735,91,87,4,4
23736,53,66,-13,13
23737,195,169,26,26
23738,63,68,-5,5
23739,97,95,2,2
23740,109,97,12,12
23741,116,108,8,8
23742,52,60,-8,8
23743,66,76,-10,10
23744,70,70,0,0
23745,143,129,14,14
23746,61,103,-42,42
23747,105,92,13,13
23748,58,58,0,0
23749,141,130,11,11
23750,64,60,4,4
23751,126,114,12,12
23752,154,139,15,15
23753,103,90,13,13
23754,54,56,-2,2
23755,100,98,2,2
23756,99,100,-1,1
23757,84,85,-1,1
23758,67,70,-3,3
23759,51,63,-12,12
23760,118,115,3,3
23761,139,116,23,23
23762,83,81,2,2
23763,127,119,8,8
23764,98,89,9,9
23765,86,81,5,5
23766,53,56,-3,3
23767,111,109,2,2
23768,82,82,0,0
23769,101,90,11,11
23770,79,80,-1,1
23771,82,87,-5,5
23772,101,87,14,14
23773,172,143,29,29
23774,49,60,-11,11
23775,144,123,21,21
23776,79,79,0,0
23777,71,74,-3,3
23778,109,102,7,7
23779,97,90,7,7
23780,134,118,16,16
23781,139,144,-5,5
23782,103,93,10,10
23783,104,94,10,10
23784,45,57,-12,12
23785,124,122,2,2
23786,77,81,-4,4
23787,92,93,-1,1
23788,54,56,-2,2
23789,96,93,3,3
23790,77,69,8,8
23791,99,87,12,12
23792,46,47,-1,1
23793,128,121,7,7
23794,114,112,2,2
23795,183,156,27,27
23796,74,78,-4,4
23797,152,127,25,25
23798,95,86,9,9
23799,84,72,12,12
23800,103,97,6,6
23801,118,106,12,12
23802,82,94,-12,12
23803,161,154,7,7
23804,93,83,10,10
23805,91,81,10,10
23806,106,95,11,11
23807,91,82,9,9
23808,52,58,-6,6
23809,89,85,4,4
23810,80,81,-1,1
23811,112,112,0,0
23812,69,64,5,5
23813,68,65,3,3
23814,219,189,30,30
23815,89,93,-4,4
23816,127,112,15,15
23817,84,90,-6,6
23818,85,80,5,5
23819,28,41,-13,13
23820,141,123,18,18
23821,92,93,-1,1
23822,130,111,19,19
23823,59,64,-5,5
23824,143,123,20,20
23825,145,124,21,21
23826,73,75,-2,2
23827,177,157,20,20
23828,169,140,29,29
23829,54,54,0,0
23830,128,108,20,20
23831,52,61,-9,9
23832,129,120,9,9
23833,99,96,3,3
23834,119,98,21,21
23835,75,80,-5,5
23836,119,104,15,15
23837,103,93,10,10
23838,130,120,10,10
23839,119,107,12,12
23840,100,91,9,9
23841,159,150,9,9
23842,75,71,4,4
23843,86,84,2,2
23844,123,113,10,10
23845,74,78,-4,4
23846,50,61,-11,11
23847,57,49,8,8
23848,50,53,-3,3
23849,71,75,-4,4
23850,96,84,12,12
23851,76,78,-2,2
23852,130,115,15,15
23853,62,72,-10,10
23854,92,88,4,4
23855,98,99,-1,1
23856,67,58,9,9
23857,231,199,32,32
23858,68,58,10,10
23859,59,59,0,0
23860,82,71,11,11
23861,67,72,-5,5
23862,88,80,8,8
23863,138,107,31,31
23864,81,72,9,9
23865,117,108,9,9
23866,67,71,-4,4
23867,57,64,-7,7
23868,53,57,-4,4
23869,87,84,3,3
23870,123,117,6,6
23871,128,117,11,11
23872,80,83,-3,3
23873,95,88,7,7
23874,105,101,4,4
23875,92,88,4,4
23876,97,89,8,8
23877,96,99,-3,3
23878,114,98,16,16
23879,57,61,-4,4
23880,174,145,29,29
23881,98,91,7,7
23882,96,87,9,9
23883,34,55,-21,21
23884,53,57,-4,4
23885,70,70,0,0
23886,100,99,1,1
23887,112,108,4,4
23888,86,90,-4,4
23889,106,93,13,13
23890,75,77,-2,2
23891,97,104,-7,7
23892,93,95,-2,2
23893,105,84,21,21
23894,108,100,8,8
23895,137,125,12,12
23896,99,98,1,1
23897,71,71,0,0
23898,157,147,10,10
23899,111,103,8,8
23900,102,89,13,13
23901,144,126,18,18
23902,86,81,5,5
23903,63,73,-10,10
23904,97,83,14,14
23905,30,37,-7,7
23906,77,79,-2,2
23907,111,97,14,14
23908,77,72,5,5
23909,41,43,-2,2
23910,82,84,-2,2
23911,144,123,21,21
23912,117,106,11,11
23913,94,83,11,11
23914,58,57,1,1
23915,101,94,7,7
23916,105,93,12,12
23917,99,103,-4,4
23918,88,81,7,7
23919,69,75,-6,6
23920,67,60,7,7
23921,51,64,-13,13
23922,120,109,11,11
23923,60,63,-3,3
23924,90,87,3,3
23925,81,77,4,4
23926,163,156,7,7
23927,142,119,23,23
23928,65,67,-2,2
23929,156,141,15,15
23930,52,50,2,2
23931,74,69,5,5
23932,115,105,10,10
23933,126,125,1,1
23934,48,45,3,3
23935,129,120,9,9
23936,160,135,25,25
23937,110,108,2,2
23938,121,118,3,3
23939,97,87,10,10
23940,110,125,-15,15
23941,135,123,12,12
23942,153,140,13,13
23943,103,118,-15,15
23944,103,95,8,8
23945,119,105,14,14
23946,76,82,-6,6
23947,195,182,13,13
23948,57,61,-4,4
23949,59,70,-11,11
23950,146,134,12,12
23951,91,80,11,11
23952,101,94,7,7
23953,240,182,58,58
23954,88,91,-3,3
23955,83,72,11,11
23956,77,80,-3,3
23957,82,91,-9,9
23958,82,91,-9,9
23959,119,103,16,16
23960,106,96,10,10
23961,101,104,-3,3
23962,78,80,-2,2
23963,82,78,4,4
23964,82,81,1,1
23965,126,104,22,22
23966,87,92,-5,5
23967,96,91,5,5
23968,68,69,-1,1
23969,100,92,8,8
23970,71,78,-7,7
23971,91,98,-7,7
23972,118,108,10,10
23973,93,91,2,2
23974,87,85,2,2
23975,75,80,-5,5
23976,64,62,2,2
23977,94,89,5,5
23978,45,52,-7,7
23979,97,84,13,13
23980,115,102,13,13
23981,84,72,12,12
23982,139,118,21,21
23983,155,150,5,5
23984,65,66,-1,1
23985,72,75,-3,3
23986,65,71,-6,6
23987,45,45,0,0
23988,92,92,0,0
23989,148,127,21,21
23990,163,131,32,32
23991,80,74,6,6
23992,131,110,21,21
23993,74,77,-3,3
23994,62,64,-2,2
23995,65,61,4,4
23996,110,93,17,17
23997,119,89,30,30
23998,110,100,10,10
23999,89,92,-3,3
24000,104,105,-1,1
24001,110,109,1,1
24002,83,78,5,5
24003,134,121,13,13
24004,110,108,2,2
24005,74,80,-6,6
24006,152,136,16,16
24007,103,97,6,6
24008,47,53,-6,6
24009,104,96,8,8
24010,59,63,-4,4
24011,76,68,8,8
24012,82,83,-1,1
24013,100,98,2,2
24014,127,117,10,10
24015,70,67,3,3
24016,71,74,-3,3
24017,83,92,-9,9
24018,80,78,2,2
24019,102,99,3,3
24020,70,80,-10,10
24021,89,83,6,6
24022,75,74,1,1
24023,104,96,8,8
24024,84,71,13,13
24025,56,58,-2,2
24026,55,63,-8,8
24027,141,140,1,1
24028,82,81,1,1
24029,182,153,29,29
24030,154,144,10,10
24031,86,84,2,2
24032,78,76,2,2
24033,91,88,3,3
24034,115,110,5,5
24035,112,112,0,0
24036,98,108,-10,10
24037,83,76,7,7
24038,58,60,-2,2
24039,72,71,1,1
24040,46,54,-8,8
24041,54,57,-3,3
24042,99,94,5,5
24043,100,117,-17,17
24044,114,109,5,5
24045,56,52,4,4
24046,49,57,-8,8
24047,63,61,2,2
24048,63,63,0,0
24049,72,73,-1,1
24050,97,92,5,5
24051,59,60,-1,1
24052,123,118,5,5
24053,109,108,1,1
24054,108,100,8,8
24055,95,97,-2,2
24056,94,86,8,8
24057,59,63,-4,4
24058,80,83,-3,3
24059,140,127,13,13
24060,102,99,3,3
24061,65,71,-6,6
24062,117,105,12,12
24063,63,59,4,4
24064,77,82,-5,5
24065,137,92,45,45
24066,114,109,5,5
24067,78,69,9,9
24068,45,50,-5,5
24069,84,86,-2,2
24070,96,106,-10,10
24071,62,67,-5,5
24072,67,74,-7,7
24073,178,144,34,34
24074,78,83,-5,5
24075,112,103,9,9
24076,99,82,17,17
24077,94,92,2,2
24078,86,73,13,13
24079,116,104,12,12
24080,64,62,2,2
24081,51,48,3,3
24082,176,135,41,41
24083,120,104,16,16
24084,121,97,24,24
24085,84,81,3,3
24086,108,99,9,9
24087,97,90,7,7
24088,91,89,2,2
24089,117,110,7,7
24090,102,89,13,13
24091,53,50,3,3
24092,82,80,2,2
24093,63,66,-3,3
24094,50,87,-37,37
24095,121,104,17,17
24096,33,48,-15,15
24097,75,73,2,2
24098,98,96,2,2
24099,95,88,7,7
24100,94,92,2,2
24101,43,49,-6,6
24102,88,96,-8,8
24103,72,72,0,0
24104,118,101,17,17
24105,76,80,-4,4
24106,58,58,0,0
24107,104,87,17,17
24108,115,104,11,11
24109,63,58,5,5
24110,105,103,2,2
24111,59,58,1,1
24112,58,56,2,2
24113,146,125,21,21
24114,82,85,-3,3
24115,114,111,3,3
24116,95,83,12,12
24117,46,54,-8,8
24118,122,104,18,18
24119,78,79,-1,1
24120,97,90,7,7
24121,111,106,5,5
24122,161,135,26,26
24123,157,144,13,13
24124,90,95,-5,5
24125,69,70,-1,1
24126,78,74,4,4
24127,111,100,11,11
24128,56,51,5,5
24129,83,71,12,12
24130,186,160,26,26
24131,76,81,-5,5
24132,76,79,-3,3
24133,136,123,13,13
24134,87,83,4,4
24135,87,80,7,7
24136,72,54,18,18
24137,64,73,-9,9
24138,162,146,16,16
24139,59,64,-5,5
24140,77,71,6,6
24141,58,59,-1,1
24142,65,59,6,6
24143,103,90,13,13
24144,74,73,1,1
24145,83,70,13,13
24146,62,63,-1,1
24147,115,98,17,17
24148,88,90,-2,2
24149,79,82,-3,3
24150,102,96,6,6
24151,76,72,4,4
24152,72,74,-2,2
24153,127,124,3,3
24154,57,60,-3,3
24155,123,112,11,11
24156,108,100,8,8
24157,179,146,33,33
24158,56,80,-24,24
24159,129,126,3,3
24160,76,81,-5,5
24161,160,128,32,32
24162,108,95,13,13
24163,65,68,-3,3
24164,80,76,4,4
24165,68,81,-13,13
24166,125,139,-14,14
24167,55,58,-3,3
24168,101,100,1,1
24169,102,93,9,9
24170,151,142,9,9
24171,98,114,-16,16
24172,72,81,-9,9
24173,124,114,10,10
24174,113,98,15,15
24175,84,76,8,8
24176,51,61,-10,10
24177,73,71,2,2
24178,58,51,7,7
24179,103,95,8,8
24180,89,73,16,16
24181,103,102,1,1
24182,122,113,9,9
24183,62,66,-4,4
24184,152,129,23,23
24185,49,57,-8,8
24186,76,78,-2,2
24187,107,97,10,10
24188,63,80,-17,17
24189,132,123,9,9
24190,167,102,65,65
24191,105,95,10,10
24192,160,144,16,16
24193,86,82,4,4
24194,105,92,13,13
24195,88,87,1,1
24196,102,94,8,8
24197,102,108,-6,6
24198,101,104,-3,3
24199,48,58,-10,10
24200,131,123,8,8
24201,45,43,2,2
24202,100,94,6,6
24203,77,72,5,5
24204,131,126,5,5
24205,106,99,7,7
24206,115,105,10,10
24207,140,119,21,21
24208,111,112,-1,1
24209,100,94,6,6
24210,55,59,-4,4
24211,80,74,6,6
24212,98,94,4,4
24213,61,57,4,4
24214,106,93,13,13
24215,91,88,3,3
24216,96,89,7,7
24217,88,81,7,7
24218,79,81,-2,2
24219,108,111,-3,3
24220,108,105,3,3
24221,137,114,23,23
24222,110,100,10,10
24223,67,68,-1,1
24224,81,75,6,6
24225,74,76,-2,2
24226,95,99,-4,4
24227,36,33,3,3
24228,96,91,5,5
24229,80,83,-3,3
24230,86,80,6,6
24231,145,142,3,3
24232,163,150,13,13
24233,57,56,1,1
24234,91,94,-3,3
24235,100,98,2,2
24236,55,50,5,5
24237,118,105,13,13
24238,183,162,21,21
24239,79,83,-4,4
24240,82,69,13,13
24241,107,102,5,5
24242,47,50,-3,3
24243,103,103,0,0
24244,78,79,-1,1
24245,114,107,7,7
24246,127,110,17,17
24247,65,73,-8,8
24248,149,145,4,4
24249,72,70,2,2
24250,75,75,0,0
24251,99,93,6,6
24252,91,86,5,5
24253,50,61,-11,11
24254,116,105,11,11
24255,150,126,24,24
24256,136,131,5,5
24257,145,104,41,41
24258,64,70,-6,6
24259,81,79,2,2
24260,76,71,5,5
24261,91,80,11,11
24262,64,60,4,4
24263,52,67,-15,15
24264,85,85,0,0
24265,93,92,1,1
24266,80,84,-4,4
24267,84,87,-3,3
24268,71,70,1,1
24269,73,70,3,3
24270,54,61,-7,7
24271,87,80,7,7
24272,88,91,-3,3
24273,50,57,-7,7
24274,122,109,13,13
24275,98,93,5,5
24276,82,75,7,7
24277,173,147,26,26
24278,78,75,3,3
24279,106,93,13,13
24280,103,105,-2,2
24281,78,76,2,2
24282,57,60,-3,3
24283,125,123,2,2
24284,103,102,1,1
24285,100,93,7,7
24286,78,80,-2,2
24287,122,105,17,17
24288,122,120,2,2
24289,135,119,16,16
24290,110,90,20,20
24291,174,146,28,28
24292,54,58,-4,4
24293,43,44,-1,1
24294,82,76,6,6
24295,91,79,12,12
24296,104,89,15,15
24297,148,125,23,23
24298,30,31,-1,1
24299,115,99,16,16
24300,122,108,14,14
24301,126,110,16,16
24302,68,72,-4,4
24303,119,93,26,26
24304,124,123,1,1
24305,81,72,9,9
24306,74,70,4,4
24307,75,73,2,2
24308,57,67,-10,10
24309,92,75,17,17
24310,79,76,3,3
24311,118,115,3,3
24312,62,69,-7,7
24313,86,79,7,7
24314,57,53,4,4
24315,93,102,-9,9
24316,111,96,15,15
24317,77,76,1,1
24318,66,73,-7,7
24319,142,101,41,41
24320,117,96,21,21
24321,48,53,-5,5
24322,195,161,34,34
24323,100,96,4,4
24324,103,85,18,18
24325,59,71,-12,12
24326,76,72,4,4
24327,108,104,4,4
24328,127,118,9,9
24329,91,83,8,8
24330,67,71,-4,4
24331,157,135,22,22
24332,120,121,-1,1
24333,79,79,0,0
24334,95,92,3,3
24335,103,101,2,2
24336,126,111,15,15
24337,73,92,-19,19
24338,53,62,-9,9
24339,126,117,9,9
24340,78,73,5,5
24341,128,121,7,7
24342,51,58,-7,7
24343,76,74,2,2
24344,130,120,10,10
24345,87,88,-1,1
24346,76,80,-4,4
24347,71,67,4,4
24348,115,104,11,11
24349,119,108,11,11
24350,75,71,4,4
24351,75,85,-10,10
24352,93,89,4,4
24353,128,125,3,3
24354,127,139,-12,12
24355,94,92,2,2
24356,133,114,19,19
24357,53,44,9,9
24358,146,120,26,26
24359,117,120,-3,3
24360,74,72,2,2
24361,126,114,12,12
24362,41,49,-8,8
24363,143,131,12,12
24364,90,84,6,6
24365,73,80,-7,7
24366,156,137,19,19
24367,72,70,2,2
24368,59,60,-1,1
24369,27,32,-5,5
24370,93,91,2,2
24371,87,86,1,1
24372,44,53,-9,9
24373,182,162,20,20
24374,90,89,1,1
24375,170,138,32,32
24376,128,117,11,11
24377,102,99,3,3
24378,99,90,9,9
24379,106,96,10,10
24380,86,81,5,5
24381,127,105,22,22
24382,99,87,12,12
24383,101,99,2,2
24384,155,136,19,19
24385,184,146,38,38
24386,98,92,6,6
24387,95,94,1,1
24388,108,124,-16,16
24389,103,104,-1,1
24390,147,131,16,16
24391,100,90,10,10
24392,76,94,-18,18
24393,308,208,100,100
24394,71,57,14,14
24395,80,83,-3,3
24396,88,78,10,10
24397,92,98,-6,6
24398,105,105,0,0
24399,63,74,-11,11
24400,89,86,3,3
24401,77,88,-11,11
24402,94,92,2,2
24403,72,82,-10,10
24404,65,64,1,1
24405,132,117,15,15
24406,90,84,6,6
24407,83,83,0,0
24408,35,71,-36,36
24409,163,144,19,19
24410,73,73,0,0
24411,117,107,10,10
24412,87,81,6,6
24413,70,72,-2,2
24414,189,160,29,29
24415,81,74,7,7
24416,59,67,-8,8
24417,110,111,-1,1
24418,103,103,0,0
24419,89,90,-1,1
24420,90,80,10,10
24421,475,447,28,28
24422,66,60,6,6
24423,97,96,1,1
24424,89,80,9,9
24425,106,100,6,6
24426,81,79,2,2
24427,143,132,11,11
24428,113,104,9,9
24429,83,86,-3,3
24430,276,226,50,50
24431,88,84,4,4
24432,91,92,-1,1
24433,179,141,38,38
24434,175,119,56,56
24435,86,83,3,3
24436,60,62,-2,2
24437,86,85,1,1
24438,104,96,8,8
24439,144,128,16,16
24440,93,86,7,7
24441,98,94,4,4
24442,59,65,-6,6
24443,112,136,-24,24
24444,98,102,-4,4
24445,60,64,-4,4
24446,72,68,4,4
24447,42,51,-9,9
24448,57,57,0,0
24449,138,119,19,19
24450,99,93,6,6
24451,134,124,10,10
24452,96,82,14,14
24453,101,98,3,3
24454,88,91,-3,3
24455,79,82,-3,3
24456,61,54,7,7
24457,77,68,9,9
24458,119,111,8,8
24459,124,107,17,17
24460,77,80,-3,3
24461,81,80,1,1
24462,70,69,1,1
24463,120,122,-2,2
24464,90,94,-4,4
24465,88,91,-3,3
24466,49,48,1,1
24467,70,70,0,0
24468,90,83,7,7
24469,70,67,3,3
24470,119,100,19,19
24471,99,95,4,4
24472,79,83,-4,4
24473,112,101,11,11
24474,63,66,-3,3
24475,40,48,-8,8
24476,145,127,18,18
24477,82,79,3,3
24478,87,84,3,3
24479,75,72,3,3
24480,71,69,2,2
24481,84,79,5,5
24482,85,80,5,5
24483,101,86,15,15
24484,111,93,18,18
24485,90,89,1,1
24486,63,62,1,1
24487,174,160,14,14
24488,106,96,10,10
24489,64,70,-6,6
24490,33,38,-5,5
24491,100,106,-6,6
24492,185,146,39,39
24493,68,69,-1,1
24494,29,26,3,3
24495,45,52,-7,7
24496,58,62,-4,4
24497,120,104,16,16
24498,124,106,18,18
24499,70,67,3,3
24500,104,105,-1,1
24501,101,94,7,7
24502,92,90,2,2
24503,81,76,5,5
24504,59,59,0,0
24505,84,82,2,2
24506,67,71,-4,4
24507,105,95,10,10
24508,81,80,1,1
24509,56,58,-2,2
24510,115,109,6,6
24511,117,109,8,8
24512,95,88,7,7
24513,134,115,19,19
24514,89,89,0,0
24515,136,123,13,13
24516,100,95,5,5
24517,95,100,-5,5
24518,73,74,-1,1
24519,58,67,-9,9
24520,157,134,23,23
24521,77,74,3,3
24522,54,45,9,9
24523,90,99,-9,9
24524,85,89,-4,4
24525,71,70,1,1
24526,73,71,2,2
24527,87,87,0,0
24528,57,60,-3,3
24529,64,67,-3,3
24530,72,72,0,0
24531,184,145,39,39
24532,152,112,40,40
24533,88,87,1,1
24534,90,83,7,7
24535,96,98,-2,2
24536,117,100,17,17
24537,65,65,0,0
24538,101,87,14,14
24539,130,121,9,9
24540,189,154,35,35
24541,80,81,-1,1
24542,72,78,-6,6
24543,99,97,2,2
24544,131,115,16,16
24545,120,120,0,0
24546,64,66,-2,2
24547,59,49,10,10
24548,69,70,-1,1
24549,44,56,-12,12
24550,85,93,-8,8
24551,51,67,-16,16
24552,70,75,-5,5
24553,61,70,-9,9
24554,110,116,-6,6
24555,69,73,-4,4
24556,56,59,-3,3
24557,125,129,-4,4
24558,91,81,10,10
24559,53,62,-9,9
24560,91,88,3,3
24561,42,46,-4,4
24562,85,85,0,0
24563,33,39,-6,6
24564,94,81,13,13
24565,143,128,15,15
24566,72,61,11,11
24567,85,82,3,3
24568,132,123,9,9
24569,103,96,7,7
24570,131,105,26,26
24571,72,74,-2,2
24572,109,105,4,4
24573,104,99,5,5
24574,128,111,17,17
24575,147,131,16,16
24576,90,86,4,4
24577,44,53,-9,9
24578,84,82,2,2
24579,129,122,7,7
24580,76,86,-10,10
24581,82,91,-9,9
24582,155,121,34,34
24583,141,120,21,21
24584,110,107,3,3
24585,117,112,5,5
24586,112,106,6,6
24587,109,106,3,3
24588,63,51,12,12
24589,68,69,-1,1
24590,140,120,20,20
24591,42,47,-5,5
24592,97,102,-5,5
24593,73,69,4,4
24594,49,41,8,8
24595,163,128,35,35
24596,116,109,7,7
24597,98,105,-7,7
24598,97,92,5,5
24599,76,76,0,0
24600,84,80,4,4
24601,52,44,8,8
24602,134,119,15,15
24603,62,57,5,5
24604,123,113,10,10
24605,55,53,2,2
24606,80,81,-1,1
24607,77,76,1,1
24608,121,121,0,0
24609,45,53,-8,8
24610,66,70,-4,4
24611,59,54,5,5
24612,45,57,-12,12
24613,63,60,3,3
24614,65,76,-11,11
24615,95,87,8,8
24616,84,77,7,7
24617,110,116,-6,6
24618,83,83,0,0
24619,133,109,24,24
24620,111,101,10,10
24621,69,70,-1,1
24622,43,43,0,0
24623,97,98,-1,1
24624,78,86,-8,8
24625,75,74,1,1
24626,130,110,20,20
24627,73,74,-1,1
24628,156,140,16,16
24629,110,94,16,16
24630,132,121,11,11
24631,108,104,4,4
24632,97,94,3,3
24633,139,121,18,18
24634,88,81,7,7
24635,136,115,21,21
24636,115,101,14,14
24637,141,122,19,19
24638,125,111,14,14
24639,114,103,11,11
24640,127,112,15,15
24641,87,88,-1,1
24642,126,116,10,10
24643,83,88,-5,5
24644,68,64,4,4
24645,100,93,7,7
24646,67,70,-3,3
24647,79,70,9,9
24648,123,105,18,18
24649,49,50,-1,1
24650,73,84,-11,11
24651,105,93,12,12
24652,86,81,5,5
24653,78,86,-8,8
24654,97,87,10,10
24655,95,98,-3,3
24656,46,53,-7,7
24657,105,109,-4,4
24658,157,136,21,21
24659,97,104,-7,7
24660,130,113,17,17
24661,114,117,-3,3
24662,56,59,-3,3
24663,37,45,-8,8
24664,133,121,12,12
24665,80,93,-13,13
24666,56,58,-2,2
24667,64,65,-1,1
24668,78,80,-2,2
24669,96,86,10,10
24670,90,81,9,9
24671,126,110,16,16
24672,85,87,-2,2
24673,60,57,3,3
24674,92,85,7,7
24675,105,99,6,6
24676,92,91,1,1
24677,85,80,5,5
24678,187,150,37,37
24679,108,107,1,1
24680,64,58,6,6
24681,99,89,10,10
24682,92,93,-1,1
24683,111,103,8,8
24684,83,75,8,8
24685,92,83,9,9
24686,68,61,7,7
24687,158,127,31,31
24688,54,56,-2,2
24689,86,79,7,7
24690,94,91,3,3
24691,102,93,9,9
24692,55,57,-2,2
24693,52,62,-10,10
24694,69,76,-7,7
24695,97,90,7,7
24696,59,64,-5,5
24697,86,82,4,4
24698,104,101,3,3
24699,119,118,1,1
24700,124,102,22,22
24701,99,94,5,5
24702,94,88,6,6
24703,129,120,9,9
24704,134,111,23,23
24705,58,67,-9,9
24706,131,109,22,22
24707,100,88,12,12
24708,97,86,11,11
24709,75,70,5,5
24710,133,121,12,12
24711,87,81,6,6
24712,76,75,1,1
24713,55,56,-1,1
24714,167,152,15,15
24715,108,109,-1,1
24716,64,65,-1,1
24717,56,67,-11,11
24718,49,72,-23,23
24719,55,51,4,4
24720,80,93,-13,13
24721,55,57,-2,2
24722,169,146,23,23
24723,156,137,19,19
24724,102,91,11,11
24725,94,88,6,6
24726,92,91,1,1
24727,116,119,-3,3
24728,120,114,6,6
24729,107,101,6,6
24730,113,101,12,12
24731,75,75,0,0
24732,67,63,4,4
24733,98,83,15,15
24734,193,160,33,33
24735,165,147,18,18
24736,92,80,12,12
24737,53,52,1,1
24738,82,88,-6,6
24739,113,113,0,0
24740,89,92,-3,3
24741,93,83,10,10
24742,94,93,1,1
24743,87,81,6,6
24744,145,120,25,25
24745,142,121,21,21
24746,115,104,11,11
24747,82,86,-4,4
24748,87,89,-2,2
24749,74,71,3,3
24750,61,67,-6,6
24751,125,110,15,15
24752,74,74,0,0
24753,129,116,13,13
24754,88,80,8,8
24755,93,90,3,3
24756,83,81,2,2
24757,123,108,15,15
24758,103,92,11,11
24759,136,127,9,9
24760,88,82,6,6
24761,94,87,7,7
24762,71,77,-6,6
24763,80,82,-2,2
24764,73,75,-2,2
24765,90,82,8,8
24766,81,80,1,1
24767,85,89,-4,4
24768,48,58,-10,10
24769,122,122,0,0
24770,120,106,14,14
24771,100,97,3,3
24772,123,107,16,16
24773,154,128,26,26
24774,49,59,-10,10
24775,110,91,19,19
24776,90,90,0,0
24777,103,95,8,8
24778,69,75,-6,6
24779,113,103,10,10
24780,102,97,5,5
24781,80,99,-19,19
24782,45,51,-6,6
24783,154,135,19,19
24784,116,99,17,17
24785,125,110,15,15
24786,182,150,32,32
24787,68,63,5,5
24788,82,71,11,11
24789,78,78,0,0
24790,60,74,-14,14
24791,119,104,15,15
24792,76,77,-1,1
24793,102,97,5,5
24794,94,103,-9,9
24795,76,80,-4,4
24796,52,54,-2,2
24797,82,70,12,12
24798,117,110,7,7
24799,110,98,12,12
24800,165,139,26,26
24801,79,70,9,9
24802,132,115,17,17
24803,118,100,18,18
24804,95,87,8,8
24805,74,77,-3,3
24806,52,69,-17,17
24807,104,100,4,4
24808,103,119,-16,16
24809,119,106,13,13
24810,99,98,1,1
24811,141,120,21,21
24812,62,60,2,2
24813,95,93,2,2
24814,115,105,10,10
24815,97,103,-6,6
24816,46,58,-12,12
24817,122,119,3,3
24818,121,115,6,6
24819,102,99,3,3
24820,148,129,19,19
24821,71,69,2,2
24822,114,97,17,17
24823,126,110,16,16
24824,84,81,3,3
24825,83,81,2,2
24826,101,85,16,16
24827,98,92,6,6
24828,121,107,14,14
24829,84,90,-6,6
24830,56,66,-10,10
24831,90,78,12,12
24832,85,77,8,8
24833,87,82,5,5
24834,113,109,4,4
24835,140,127,13,13
24836,116,110,6,6
24837,120,119,1,1
24838,82,77,5,5
24839,150,125,25,25
24840,89,82,7,7
24841,72,70,2,2
24842,106,101,5,5
24843,66,72,-6,6
24844,67,70,-3,3
24845,78,75,3,3
24846,118,105,13,13
24847,83,94,-11,11
24848,133,124,9,9
24849,127,117,10,10
24850,178,151,27,27
24851,70,69,1,1
24852,50,52,-2,2
24853,121,107,14,14
24854,127,114,13,13
24855,62,57,5,5
24856,74,73,1,1
24857,79,79,0,0
24858,95,87,8,8
24859,103,100,3,3
24860,113,99,14,14
24861,58,76,-18,18
24862,162,116,46,46
24863,43,48,-5,5
24864,73,70,3,3
24865,60,61,-1,1
24866,134,117,17,17
24867,66,68,-2,2
24868,42,59,-17,17
24869,89,81,8,8
24870,82,71,11,11
24871,133,121,12,12
24872,28,35,-7,7
24873,120,98,22,22
24874,60,58,2,2
24875,59,68,-9,9
24876,54,52,2,2
24877,81,83,-2,2
24878,102,98,4,4
24879,47,49,-2,2
24880,90,77,13,13
24881,123,108,15,15
24882,83,80,3,3
24883,92,98,-6,6
24884,105,96,9,9
24885,108,88,20,20
24886,114,113,1,1
24887,57,60,-3,3
24888,67,65,2,2
24889,85,91,-6,6
24890,68,69,-1,1
24891,55,51,4,4
24892,93,88,5,5
24893,61,65,-4,4
24894,61,62,-1,1
24895,87,84,3,3
24896,85,81,4,4
24897,88,85,3,3
24898,57,55,2,2
24899,65,65,0,0
24900,58,61,-3,3
24901,118,106,12,12
24902,94,91,3,3
24903,164,145,19,19
24904,74,79,-5,5
24905,106,140,-34,34
24906,97,104,-7,7
24907,117,105,12,12
24908,123,111,12,12
24909,72,80,-8,8
24910,73,69,4,4
24911,105,134,-29,29
24912,53,58,-5,5
24913,63,67,-4,4
24914,85,78,7,7
24915,136,133,3,3
24916,113,97,16,16
24917,92,97,-5,5
24918,97,94,3,3
24919,95,100,-5,5
24920,106,96,10,10
24921,167,142,25,25
24922,121,122,-1,1
24923,42,44,-2,2
24924,80,85,-5,5
24925,48,61,-13,13
24926,116,105,11,11
24927,117,104,13,13
24928,67,66,1,1
24929,69,68,1,1
24930,114,99,15,15
24931,134,115,19,19
24932,91,86,5,5
24933,88,81,7,7
24934,130,118,12,12
24935,187,163,24,24
24936,99,96,3,3
24937,95,99,-4,4
24938,151,135,16,16
24939,97,92,5,5
24940,66,68,-2,2
24941,39,42,-3,3
24942,114,107,7,7
24943,124,109,15,15
24944,109,102,7,7
24945,92,104,-12,12
24946,50,55,-5,5
24947,139,120,19,19
24948,116,110,6,6
24949,79,77,2,2
24950,69,81,-12,12
24951,95,95,0,0
24952,112,108,4,4
24953,57,68,-11,11
24954,57,61,-4,4
24955,112,112,0,0
24956,77,79,-2,2
24957,79,83,-4,4
24958,115,104,11,11
24959,52,60,-8,8
24960,121,98,23,23
24961,93,89,4,4
24962,51,48,3,3
24963,71,73,-2,2
24964,126,119,7,7
24965,149,127,22,22
24966,91,101,-10,10
24967,142,128,14,14
24968,55,66,-11,11
24969,110,104,6,6
24970,197,182,15,15
24971,85,82,3,3
24972,115,106,9,9
24973,111,98,13,13
24974,136,116,20,20
24975,57,62,-5,5
24976,100,85,15,15
24977,121,104,17,17
24978,105,94,11,11
24979,145,139,6,6
24980,93,91,2,2
24981,104,99,5,5
24982,104,93,11,11
24983,89,81,8,8
24984,82,79,3,3
24985,137,111,26,26
24986,112,94,18,18
24987,99,89,10,10
24988,94,92,2,2
24989,140,119,21,21
24990,75,82,-7,7
24991,114,111,3,3
24992,71,68,3,3
24993,155,121,34,34
24994,71,71,0,0
24995,61,59,2,2
24996,84,91,-7,7
24997,75,72,3,3
24998,128,126,2,2
24999,247,226,21,21
25000,101,99,2,2
25001,113,97,16,16
25002,116,103,13,13
25003,112,102,10,10
25004,83,88,-5,5
25005,52,59,-7,7
25006,73,59,14,14
25007,43,55,-12,12
25008,96,92,4,4
25009,49,57,-8,8
25010,57,64,-7,7
25011,104,111,-7,7
25012,86,85,1,1
25013,66,70,-4,4
25014,69,77,-8,8
25015,92,93,-1,1
25016,120,112,8,8
25017,124,117,7,7
25018,109,97,12,12
25019,90,96,-6,6
25020,88,87,1,1
25021,60,60,0,0
25022,100,101,-1,1
25023,171,183,-12,12
25024,55,60,-5,5
25025,143,126,17,17
25026,104,96,8,8
25027,120,112,8,8
25028,132,118,14,14
25029,142,133,9,9
25030,68,69,-1,1
25031,74,68,6,6
25032,107,94,13,13
25033,82,78,4,4
25034,48,50,-2,2
25035,83,78,5,5
25036,66,69,-3,3
25037,90,85,5,5
25038,114,110,4,4
25039,123,100,23,23
25040,140,118,22,22
25041,71,65,6,6
25042,112,101,11,11
25043,175,163,12,12
25044,148,121,27,27
25045,87,82,5,5
25046,156,140,16,16
25047,44,43,1,1
25048,105,100,5,5
25049,120,115,5,5
25050,65,67,-2,2
25051,120,109,11,11
25052,69,70,-1,1
25053,91,96,-5,5
25054,135,106,29,29
25055,133,124,9,9
25056,81,81,0,0
25057,74,64,10,10
25058,144,130,14,14
25059,146,127,19,19
25060,95,81,14,14
25061,223,171,52,52
25062,126,100,26,26
25063,49,52,-3,3
25064,102,96,6,6
25065,116,103,13,13
25066,60,60,0,0
25067,154,131,23,23
25068,134,103,31,31
25069,100,95,5,5
25070,76,68,8,8
25071,74,72,2,2
25072,77,66,11,11
25073,88,89,-1,1
25074,76,82,-6,6
25075,81,77,4,4
25076,165,143,22,22
25077,108,102,6,6
25078,53,26,27,27
25079,59,62,-3,3
25080,85,101,-16,16
25081,98,91,7,7
25082,58,59,-1,1
25083,105,101,4,4
25084,148,126,22,22
25085,159,127,32,32
25086,163,150,13,13
25087,102,93,9,9
25088,71,91,-20,20
25089,156,130,26,26
25090,97,91,6,6
25091,97,89,8,8
25092,72,70,2,2
25093,83,101,-18,18
25094,81,68,13,13
25095,103,95,8,8
25096,95,92,3,3
25097,82,92,-10,10
25098,121,109,12,12
25099,78,82,-4,4
25100,98,92,6,6
25101,145,134,11,11
25102,122,111,11,11
25103,123,103,20,20
25104,76,73,3,3
25105,195,161,34,34
25106,48,41,7,7
25107,59,71,-12,12
25108,73,72,1,1
25109,73,75,-2,2
25110,63,60,3,3
25111,178,141,37,37
25112,69,66,3,3
25113,96,92,4,4
25114,67,69,-2,2
25115,46,46,0,0
25116,88,86,2,2
25117,47,56,-9,9
25118,45,48,-3,3
25119,47,44,3,3
25120,123,111,12,12
25121,124,113,11,11
25122,167,142,25,25
25123,136,117,19,19
25124,72,75,-3,3
25125,109,100,9,9
25126,74,73,1,1
25127,80,71,9,9
25128,126,117,9,9
25129,119,103,16,16
25130,60,63,-3,3
25131,98,95,3,3
25132,128,109,19,19
25133,96,89,7,7
25134,109,99,10,10
25135,135,118,17,17
25136,86,77,9,9
25137,125,116,9,9
25138,71,79,-8,8
25139,137,123,14,14
25140,86,87,-1,1
25141,150,139,11,11
25142,83,88,-5,5
25143,57,58,-1,1
25144,87,85,2,2
25145,58,70,-12,12
25146,74,80,-6,6
25147,168,134,34,34
25148,145,123,22,22
25149,65,67,-2,2
25150,76,76,0,0
25151,114,105,9,9
25152,151,139,12,12
25153,146,145,1,1
25154,65,65,0,0
25155,77,83,-6,6
25156,165,139,26,26
25157,89,103,-14,14
25158,107,96,11,11
25159,96,105,-9,9
25160,115,109,6,6
25161,74,69,5,5
25162,160,141,19,19
25163,82,82,0,0
25164,80,77,3,3
25165,94,95,-1,1
25166,97,93,4,4
25167,48,68,-20,20
25168,79,71,8,8
25169,16,26,-10,10
25170,100,95,5,5
25171,51,72,-21,21
25172,86,81,5,5
25173,108,102,6,6
25174,46,45,1,1
25175,55,55,0,0
25176,112,117,-5,5
25177,84,81,3,3
25178,100,95,5,5
25179,150,128,22,22
25180,138,123,15,15
25181,92,83,9,9
25182,66,68,-2,2
25183,103,95,8,8
25184,96,93,3,3
25185,148,136,12,12
25186,81,81,0,0
25187,45,67,-22,22
25188,126,114,12,12
25189,168,147,21,21
25190,76,78,-2,2
25191,134,130,4,4
25192,83,85,-2,2
25193,118,105,13,13
25194,117,100,17,17
25195,100,101,-1,1
25196,96,96,0,0
25197,122,109,13,13
25198,76,81,-5,5
25199,96,100,-4,4
25200,103,92,11,11
25201,70,70,0,0
25202,209,167,42,42
25203,75,73,2,2
25204,54,69,-15,15
25205,111,102,9,9
25206,70,67,3,3
25207,100,99,1,1
25208,108,94,14,14
25209,56,62,-6,6
25210,172,162,10,10
25211,67,70,-3,3
25212,118,97,21,21
25213,47,54,-7,7
25214,69,68,1,1
25215,85,87,-2,2
25216,63,57,6,6
25217,267,218,49,49
25218,101,93,8,8
25219,126,108,18,18
25220,99,96,3,3
25221,124,120,4,4
25222,145,121,24,24
25223,83,80,3,3
25224,96,86,10,10
25225,149,146,3,3
25226,65,66,-1,1
25227,83,79,4,4
25228,51,50,1,1
25229,73,83,-10,10
25230,164,140,24,24
25231,76,80,-4,4
25232,86,83,3,3
25233,128,108,20,20
25234,126,105,21,21
25235,75,72,3,3
25236,85,84,1,1
25237,59,58,1,1
25238,80,73,7,7
25239,115,101,14,14
25240,96,87,9,9
25241,57,60,-3,3
25242,78,70,8,8
25243,92,82,10,10
25244,114,103,11,11
25245,97,83,14,14
25246,67,67,0,0
25247,68,88,-20,20
25248,88,82,6,6
25249,58,61,-3,3
25250,86,91,-5,5
25251,81,75,6,6
25252,80,81,-1,1
25253,107,103,4,4
25254,65,66,-1,1
25255,77,72,5,5
25256,30,35,-5,5
25257,81,85,-4,4
25258,91,97,-6,6
25259,62,70,-8,8
25260,78,88,-10,10
25261,103,98,5,5
25262,113,101,12,12
25263,121,110,11,11
25264,75,74,1,1
25265,113,105,8,8
25266,52,59,-7,7
25267,93,95,-2,2
25268,51,61,-10,10
25269,128,108,20,20
25270,86,77,9,9
25271,107,101,6,6
25272,105,102,3,3
25273,195,164,31,31
25274,64,60,4,4
25275,56,72,-16,16
25276,38,77,-39,39
25277,111,122,-11,11
25278,72,75,-3,3
25279,103,97,6,6
25280,93,87,6,6
25281,90,92,-2,2
25282,64,75,-11,11
25283,142,122,20,20
25284,96,102,-6,6
25285,85,83,2,2
25286,99,95,4,4
25287,52,53,-1,1
25288,117,125,-8,8
25289,76,75,1,1
25290,80,79,1,1
25291,99,85,14,14
25292,103,91,12,12
25293,60,68,-8,8
25294,96,93,3,3
25295,112,101,11,11
25296,77,70,7,7
25297,126,104,22,22
25298,125,114,11,11
25299,132,125,7,7
25300,79,81,-2,2
25301,106,102,4,4
25302,35,44,-9,9
25303,85,79,6,6
25304,63,61,2,2
25305,65,75,-10,10
25306,23,52,-29,29
25307,73,75,-2,2
25308,103,100,3,3
25309,79,74,5,5
25310,81,82,-1,1
25311,54,49,5,5
25312,77,79,-2,2
25313,90,84,6,6
25314,92,88,4,4
25315,54,60,-6,6
25316,101,98,3,3
25317,102,90,12,12
25318,77,81,-4,4
25319,113,115,-2,2
25320,166,140,26,26
25321,74,80,-6,6
25322,116,107,9,9
25323,127,124,3,3
25324,89,82,7,7
25325,101,96,5,5
25326,103,100,3,3
25327,127,114,13,13
25328,83,77,6,6
25329,123,118,5,5
25330,118,115,3,3
25331,160,141,19,19
25332,79,79,0,0
25333,76,70,6,6
25334,51,47,4,4
25335,110,107,3,3
25336,112,119,-7,7
25337,73,70,3,3
25338,90,81,9,9
25339,87,87,0,0
25340,97,93,4,4
25341,51,52,-1,1
25342,175,154,21,21
25343,51,57,-6,6
25344,96,91,5,5
25345,96,80,16,16
25346,87,89,-2,2
25347,98,90,8,8
25348,195,162,33,33
25349,74,71,3,3
25350,111,98,13,13
25351,62,61,1,1
25352,62,70,-8,8
25353,50,56,-6,6
25354,77,77,0,0
25355,68,58,10,10
25356,72,77,-5,5
25357,82,72,10,10
25358,69,70,-1,1
25359,133,122,11,11
25360,57,59,-2,2
25361,87,95,-8,8
25362,86,78,8,8
25363,53,81,-28,28
25364,111,122,-11,11
25365,85,91,-6,6
25366,68,69,-1,1
25367,82,85,-3,3
25368,125,107,18,18
25369,127,108,19,19
25370,46,82,-36,36
25371,125,121,4,4
25372,133,116,17,17
25373,84,85,-1,1
25374,70,68,2,2
25375,130,111,19,19
25376,86,84,2,2
25377,161,141,20,20
25378,100,112,-12,12
25379,107,101,6,6
25380,89,92,-3,3
25381,62,50,12,12
25382,75,76,-1,1
25383,82,81,1,1
25384,104,102,2,2
25385,83,91,-8,8
25386,109,95,14,14
25387,57,52,5,5
25388,125,115,10,10
25389,87,76,11,11
25390,201,154,47,47
25391,75,76,-1,1
25392,80,79,1,1
25393,143,139,4,4
25394,120,110,10,10
25395,146,133,13,13
25396,70,64,6,6
25397,93,92,1,1
25398,110,104,6,6
25399,43,49,-6,6
25400,97,88,9,9
25401,70,65,5,5
25402,85,79,6,6
25403,91,96,-5,5
25404,85,85,0,0
25405,120,108,12,12
25406,70,73,-3,3
25407,61,69,-8,8
25408,67,69,-2,2
25409,156,135,21,21
25410,45,42,3,3
25411,121,118,3,3
25412,93,99,-6,6
25413,111,111,0,0
25414,72,80,-8,8
25415,44,47,-3,3
25416,140,135,5,5
25417,52,59,-7,7
25418,70,70,0,0
25419,117,112,5,5
25420,60,62,-2,2
25421,73,83,-10,10
25422,107,95,12,12
25423,90,97,-7,7
25424,59,70,-11,11
25425,102,100,2,2
25426,73,73,0,0
25427,86,87,-1,1
25428,58,60,-2,2
25429,66,67,-1,1
25430,62,94,-32,32
25431,130,114,16,16
25432,121,100,21,21
25433,114,100,14,14
25434,128,118,10,10
25435,106,103,3,3
25436,94,84,10,10
25437,139,127,12,12
25438,57,54,3,3
25439,62,76,-14,14
25440,59,63,-4,4
25441,134,113,21,21
25442,88,84,4,4
25443,67,71,-4,4
25444,91,88,3,3
25445,79,72,7,7
25446,99,96,3,3
25447,135,135,0,0
25448,118,111,7,7
25449,97,92,5,5
25450,96,83,13,13
25451,81,81,0,0
25452,93,92,1,1
25453,108,105,3,3
25454,69,66,3,3
25455,106,103,3,3
25456,80,82,-2,2
25457,108,100,8,8
25458,95,85,10,10
25459,41,44,-3,3
25460,97,91,6,6
25461,161,123,38,38
25462,96,88,8,8
25463,86,91,-5,5
25464,123,103,20,20
25465,84,79,5,5
25466,81,84,-3,3
25467,99,94,5,5
25468,108,95,13,13
25469,57,64,-7,7
25470,82,83,-1,1
25471,117,128,-11,11
25472,78,86,-8,8
25473,206,176,30,30
25474,70,70,0,0
25475,66,71,-5,5
25476,132,111,21,21
25477,73,69,4,4
25478,53,59,-6,6
25479,47,58,-11,11
25480,73,80,-7,7
25481,72,71,1,1
25482,96,87,9,9
25483,182,160,22,22
25484,80,76,4,4
25485,98,89,9,9
25486,103,101,2,2
25487,182,164,18,18
25488,136,135,1,1
25489,101,93,8,8
25490,81,74,7,7
25491,161,136,25,25
25492,83,85,-2,2
25493,57,70,-13,13
25494,119,102,17,17
25495,103,95,8,8
25496,143,120,23,23
25497,61,96,-35,35
25498,117,104,13,13
25499,113,104,9,9
25500,94,93,1,1
25501,70,74,-4,4
25502,116,110,6,6
25503,102,87,15,15
25504,154,136,18,18
25505,91,83,8,8
25506,105,102,3,3
25507,114,115,-1,1
25508,160,149,11,11
25509,94,85,9,9
25510,151,124,27,27
25511,170,149,21,21
25512,76,71,5,5
25513,74,71,3,3
25514,101,97,4,4
25515,62,58,4,4
25516,84,83,1,1
25517,109,104,5,5
25518,106,99,7,7
25519,119,100,19,19
25520,89,90,-1,1
25521,53,55,-2,2
25522,37,37,0,0
25523,97,92,5,5
25524,91,84,7,7
25525,94,84,10,10
25526,111,94,17,17
25527,203,179,24,24
25528,71,69,2,2
25529,63,67,-4,4
25530,55,61,-6,6
25531,87,81,6,6
25532,125,128,-3,3
25533,101,98,3,3
25534,98,85,13,13
25535,116,114,2,2
25536,79,80,-1,1
25537,206,176,30,30
25538,102,106,-4,4
25539,153,128,25,25
25540,86,88,-2,2
25541,60,60,0,0
25542,95,104,-9,9
25543,156,130,26,26
25544,90,82,8,8
25545,131,115,16,16
25546,107,95,12,12
25547,56,58,-2,2
25548,96,94,2,2
25549,67,79,-12,12
25550,66,67,-1,1
25551,116,112,4,4
25552,97,98,-1,1
25553,132,115,17,17
25554,87,90,-3,3
25555,94,92,2,2
25556,50,56,-6,6
25557,104,92,12,12
25558,179,165,14,14
25559,121,100,21,21
25560,54,58,-4,4
25561,86,77,9,9
25562,29,26,3,3
25563,109,103,6,6
25564,81,86,-5,5
25565,75,81,-6,6
25566,179,149,30,30
25567,59,53,6,6
25568,122,107,15,15
25569,209,173,36,36
25570,53,59,-6,6
25571,79,70,9,9
25572,97,89,8,8
25573,99,99,0,0
25574,50,49,1,1
25575,81,85,-4,4
25576,77,73,4,4
25577,179,150,29,29
25578,100,99,1,1
25579,57,67,-10,10
25580,88,87,1,1
25581,47,55,-8,8
25582,92,88,4,4
25583,94,83,11,11
25584,49,71,-22,22
25585,155,122,33,33
25586,93,94,-1,1
25587,160,133,27,27
25588,34,38,-4,4
25589,109,102,7,7
25590,112,103,9,9
25591,65,61,4,4
25592,76,70,6,6
25593,82,87,-5,5
25594,97,81,16,16
25595,72,75,-3,3
25596,95,96,-1,1
25597,59,66,-7,7
25598,52,56,-4,4
25599,81,74,7,7
25600,87,81,6,6
25601,129,114,15,15
25602,57,88,-31,31
25603,54,59,-5,5
25604,122,101,21,21
25605,90,88,2,2
25606,136,119,17,17
25607,55,55,0,0
25608,69,74,-5,5
25609,118,104,14,14
25610,103,101,2,2
25611,70,69,1,1
25612,43,49,-6,6
25613,66,71,-5,5
25614,140,128,12,12
25615,89,92,-3,3
25616,147,111,36,36
25617,112,103,9,9
25618,78,68,10,10
25619,40,43,-3,3
25620,55,60,-5,5
25621,77,77,0,0
25622,80,90,-10,10
25623,71,72,-1,1
25624,82,82,0,0
25625,82,86,-4,4
25626,93,97,-4,4
25627,68,67,1,1
25628,96,83,13,13
25629,116,107,9,9
25630,53,69,-16,16
25631,87,80,7,7
25632,116,108,8,8
25633,102,90,12,12
25634,89,80,9,9
25635,121,108,13,13
25636,92,84,8,8
25637,29,55,-26,26
25638,98,86,12,12
25639,70,59,11,11
25640,127,109,18,18
25641,208,175,33,33
25642,85,78,7,7
25643,84,89,-5,5
25644,92,92,0,0
25645,118,122,-4,4
25646,66,70,-4,4
25647,79,80,-1,1
25648,167,139,28,28
25649,174,155,19,19
25650,92,86,6,6
25651,90,94,-4,4
25652,103,93,10,10
25653,85,81,4,4
25654,43,47,-4,4
25655,144,129,15,15
25656,66,65,1,1
25657,33,54,-21,21
25658,50,59,-9,9
25659,68,67,1,1
25660,152,148,4,4
25661,102,93,9,9
25662,45,47,-2,2
25663,67,64,3,3
25664,59,62,-3,3
25665,92,97,-5,5
25666,138,126,12,12
25667,152,134,18,18
25668,79,74,5,5
25669,122,114,8,8
25670,122,107,15,15
25671,59,68,-9,9
25672,164,135,29,29
25673,93,134,-41,41
25674,86,91,-5,5
25675,133,113,20,20
25676,95,104,-9,9
25677,86,88,-2,2
25678,76,72,4,4
25679,152,132,20,20
25680,99,88,11,11
25681,62,60,2,2
25682,92,92,0,0
25683,105,94,11,11
25684,95,89,6,6
25685,103,81,22,22
25686,64,68,-4,4
25687,113,116,-3,3
25688,139,130,9,9
25689,116,103,13,13
25690,109,106,3,3
25691,110,105,5,5
25692,102,98,4,4
25693,108,106,2,2
25694,83,73,10,10
25695,151,134,17,17
25696,84,86,-2,2
25697,109,98,11,11
25698,136,117,19,19
25699,109,98,11,11
25700,136,107,29,29
25701,109,99,10,10
25702,68,73,-5,5
25703,76,71,5,5
25704,81,80,1,1
25705,102,94,8,8
25706,139,123,16,16
25707,86,85,1,1
25708,105,92,13,13
25709,58,65,-7,7
25710,35,48,-13,13
25711,49,58,-9,9
25712,82,77,5,5
25713,70,75,-5,5
25714,79,80,-1,1
25715,66,62,4,4
25716,122,112,10,10
25717,77,73,4,4
25718,120,109,11,11
25719,155,126,29,29
25720,123,114,9,9
25721,74,79,-5,5
25722,88,83,5,5
25723,143,130,13,13
25724,88,74,14,14
25725,57,62,-5,5
25726,130,111,19,19
25727,81,87,-6,6
25728,83,87,-4,4
25729,173,137,36,36
25730,66,69,-3,3
25731,91,86,5,5
25732,70,67,3,3
25733,73,62,11,11
25734,72,77,-5,5
25735,73,72,1,1
25736,109,109,0,0
25737,106,68,38,38
25738,72,70,2,2
25739,80,83,-3,3
25740,188,159,29,29
25741,112,103,9,9
25742,116,104,12,12
25743,115,97,18,18
25744,97,94,3,3
25745,171,154,17,17
25746,96,95,1,1
25747,97,89,8,8
25748,60,65,-5,5
25749,119,99,20,20
25750,144,126,18,18
25751,64,65,-1,1
25752,55,62,-7,7
25753,92,85,7,7
25754,92,85,7,7
25755,133,124,9,9
25756,62,65,-3,3
25757,143,129,14,14
25758,92,93,-1,1
25759,95,109,-14,14
25760,43,45,-2,2
25761,110,103,7,7
25762,94,81,13,13
25763,68,70,-2,2
25764,81,80,1,1
25765,150,123,27,27
25766,129,118,11,11
25767,133,114,19,19
25768,105,100,5,5
25769,66,81,-15,15
25770,91,89,2,2
25771,90,77,13,13
25772,117,95,22,22
25773,140,122,18,18
25774,165,142,23,23
25775,95,91,4,4
25776,85,80,5,5
25777,158,130,28,28
25778,138,127,11,11
25779,96,93,3,3
25780,122,111,11,11
25781,65,61,4,4
25782,63,62,1,1
25783,111,103,8,8
25784,80,96,-16,16
25785,79,80,-1,1
25786,100,88,12,12
25787,81,81,0,0
25788,92,88,4,4
25789,75,89,-14,14
25790,82,81,1,1
25791,79,85,-6,6
25792,57,69,-12,12
25793,148,112,36,36
25794,79,78,1,1
25795,122,108,14,14
25796,82,81,1,1
25797,61,62,-1,1
25798,38,45,-7,7
25799,94,95,-1,1
25800,101,83,18,18
25801,89,82,7,7
25802,68,65,3,3
25803,47,60,-13,13
25804,90,82,8,8
25805,60,64,-4,4
25806,114,103,11,11
25807,80,85,-5,5
25808,127,104,23,23
25809,102,104,-2,2
25810,69,68,1,1
25811,53,67,-14,14
25812,59,68,-9,9
25813,95,95,0,0
25814,64,65,-1,1
25815,144,139,5,5
25816,71,59,12,12
25817,100,100,0,0
25818,116,110,6,6
25819,104,94,10,10
25820,177,168,9,9
25821,108,98,10,10
25822,132,115,17,17
25823,118,101,17,17
25824,135,135,0,0
25825,115,106,9,9
25826,73,73,0,0
25827,133,114,19,19
25828,95,92,3,3
25829,80,80,0,0
25830,48,73,-25,25
25831,158,139,19,19
25832,73,75,-2,2
25833,94,85,9,9
25834,74,93,-19,19
25835,154,143,11,11
25836,127,118,9,9
25837,73,71,2,2
25838,89,82,7,7
25839,61,66,-5,5
25840,87,79,8,8
25841,65,80,-15,15
25842,81,85,-4,4
25843,99,93,6,6
25844,83,87,-4,4
25845,90,92,-2,2
25846,82,80,2,2
25847,115,99,16,16
25848,137,129,8,8
25849,78,78,0,0
25850,94,82,12,12
25851,101,95,6,6
25852,96,90,6,6
25853,77,73,4,4
25854,112,100,12,12
25855,138,126,12,12
25856,98,92,6,6
25857,91,93,-2,2
25858,143,126,17,17
25859,153,138,15,15
25860,40,42,-2,2
25861,69,65,4,4
25862,67,69,-2,2
25863,43,51,-8,8
25864,104,101,3,3
25865,117,104,13,13
25866,84,76,8,8
25867,84,84,0,0
25868,74,68,6,6
25869,75,73,2,2
25870,147,141,6,6
25871,94,92,2,2
25872,92,86,6,6
25873,71,71,0,0
25874,84,79,5,5
25875,78,95,-17,17
25876,83,80,3,3
25877,84,88,-4,4
25878,42,53,-11,11
25879,149,137,12,12
25880,95,96,-1,1
25881,132,111,21,21
25882,83,91,-8,8
25883,131,122,9,9
25884,62,68,-6,6
25885,87,84,3,3
25886,91,81,10,10
25887,155,155,0,0
25888,73,80,-7,7
25889,98,95,3,3
25890,72,70,2,2
25891,75,81,-6,6
25892,147,131,16,16
25893,54,64,-10,10
25894,128,115,13,13
25895,98,93,5,5
25896,111,103,8,8
25897,81,82,-1,1
25898,87,78,9,9
25899,28,65,-37,37
25900,123,114,9,9
25901,82,77,5,5
25902,82,72,10,10
25903,113,101,12,12
25904,121,124,-3,3
25905,124,114,10,10
25906,85,80,5,5
25907,82,82,0,0
25908,107,105,2,2
25909,113,107,6,6
25910,74,82,-8,8
25911,97,88,9,9
25912,56,64,-8,8
25913,89,84,5,5
25914,132,115,17,17
25915,134,117,17,17
25916,93,93,0,0
25917,128,123,5,5
25918,121,115,6,6
25919,132,128,4,4
25920,114,107,7,7
25921,93,85,8,8
25922,132,117,15,15
25923,139,109,30,30
25924,59,59,0,0
25925,185,150,35,35
25926,47,55,-8,8
25927,68,70,-2,2
25928,122,120,2,2
25929,130,127,3,3
25930,98,96,2,2
25931,42,44,-2,2
25932,125,115,10,10
25933,56,58,-2,2
25934,129,117,12,12
25935,60,82,-22,22
25936,51,55,-4,4
25937,78,81,-3,3
25938,62,70,-8,8
25939,80,89,-9,9
25940,39,48,-9,9
25941,120,112,8,8
25942,100,87,13,13
25943,112,110,2,2
25944,85,82,3,3
25945,118,105,13,13
25946,124,123,1,1
25947,56,58,-2,2
25948,97,95,2,2
25949,83,88,-5,5
25950,91,89,2,2
25951,68,69,-1,1
25952,108,105,3,3
25953,87,90,-3,3
25954,57,64,-7,7
25955,70,67,3,3
25956,87,84,3,3
25957,111,100,11,11
25958,79,81,-2,2
25959,117,103,14,14
25960,95,95,0,0
25961,139,121,18,18
25962,52,49,3,3
25963,47,93,-46,46
25964,104,97,7,7
25965,89,81,8,8
25966,86,89,-3,3
25967,90,81,9,9
25968,113,101,12,12
25969,89,87,2,2
25970,94,96,-2,2
25971,134,117,17,17
25972,63,60,3,3
25973,102,97,5,5
25974,146,124,22,22
25975,140,128,12,12
25976,73,73,0,0
25977,127,117,10,10
25978,47,58,-11,11
25979,90,99,-9,9
25980,77,76,1,1
25981,136,116,20,20
25982,121,114,7,7
25983,82,76,6,6
25984,114,116,-2,2
25985,114,102,12,12
25986,80,77,3,3
25987,82,77,5,5
25988,79,77,2,2
25989,107,104,3,3
25990,113,95,18,18
25991,114,103,11,11
25992,52,59,-7,7
25993,67,67,0,0
25994,74,76,-2,2
25995,113,106,7,7
25996,77,74,3,3
25997,125,117,8,8
25998,60,58,2,2
25999,78,76,2,2
26000,94,92,2,2
26001,102,96,6,6
26002,115,102,13,13
26003,114,103,11,11
26004,115,113,2,2
26005,109,101,8,8
26006,107,107,0,0
26007,80,77,3,3
26008,111,98,13,13
26009,36,55,-19,19
26010,78,79,-1,1
26011,87,82,5,5
26012,74,74,0,0
26013,70,75,-5,5
26014,64,67,-3,3
26015,51,53,-2,2
26016,97,94,3,3
26017,106,98,8,8
26018,150,132,18,18
26019,105,93,12,12
26020,80,82,-2,2
26021,81,81,0,0
26022,78,82,-4,4
26023,103,101,2,2
26024,68,69,-1,1
26025,69,70,-1,1
26026,100,110,-10,10
26027,100,83,17,17
26028,171,150,21,21
26029,102,92,10,10
26030,98,85,13,13
26031,81,84,-3,3
26032,86,80,6,6
26033,47,57,-10,10
26034,83,85,-2,2
26035,139,125,14,14
26036,71,73,-2,2
26037,142,126,16,16
26038,65,61,4,4
26039,68,67,1,1
26040,63,66,-3,3
26041,105,91,14,14
26042,53,59,-6,6
26043,126,111,15,15
26044,137,129,8,8
26045,64,61,3,3
26046,126,125,1,1
26047,117,104,13,13
26048,65,87,-22,22
26049,133,125,8,8
26050,64,62,2,2
26051,96,85,11,11
26052,92,88,4,4
26053,99,99,0,0
26054,148,137,11,11
26055,54,57,-3,3
26056,99,81,18,18
26057,89,93,-4,4
26058,63,61,2,2
26059,90,84,6,6
26060,71,78,-7,7
26061,82,71,11,11
26062,89,84,5,5
26063,58,60,-2,2
26064,88,91,-3,3
26065,91,88,3,3
26066,29,36,-7,7
26067,63,74,-11,11
26068,73,75,-2,2
26069,68,64,4,4
26070,76,82,-6,6
26071,73,65,8,8
26072,152,129,23,23
26073,113,96,17,17
26074,57,51,6,6
26075,81,79,2,2
26076,102,102,0,0
26077,87,107,-20,20
26078,106,103,3,3
26079,83,86,-3,3
26080,164,142,22,22
26081,122,101,21,21
26082,68,74,-6,6
26083,79,74,5,5
26084,57,60,-3,3
26085,116,111,5,5
26086,57,61,-4,4
26087,105,88,17,17
26088,95,82,13,13
26089,164,147,17,17
26090,159,151,8,8
26091,92,80,12,12
26092,100,104,-4,4
26093,64,60,4,4
26094,121,145,-24,24
26095,157,132,25,25
26096,116,108,8,8
26097,46,52,-6,6
26098,106,95,11,11
26099,67,72,-5,5
26100,83,86,-3,3
26101,66,61,5,5
26102,105,102,3,3
26103,166,155,11,11
26104,109,88,21,21
26105,75,75,0,0
26106,86,81,5,5
26107,91,82,9,9
26108,76,73,3,3
26109,149,144,5,5
26110,102,90,12,12
26111,76,78,-2,2
26112,64,62,2,2
26113,108,97,11,11
26114,99,93,6,6
26115,104,99,5,5
26116,136,129,7,7
26117,72,85,-13,13
26118,92,80,12,12
26119,70,71,-1,1
26120,69,70,-1,1
26121,154,135,19,19
26122,129,111,18,18
26123,102,92,10,10
26124,107,99,8,8
26125,107,105,2,2
26126,75,70,5,5
26127,108,98,10,10
26128,96,86,10,10
26129,80,81,-1,1
26130,73,74,-1,1
26131,129,117,12,12
26132,57,59,-2,2
26133,92,87,5,5
26134,70,80,-10,10
26135,61,68,-7,7
26136,52,69,-17,17
26137,145,123,22,22
26138,74,76,-2,2
26139,75,69,6,6
26140,134,123,11,11
26141,105,105,0,0
26142,108,96,12,12
26143,98,97,1,1
26144,96,87,9,9
26145,135,122,13,13
26146,103,100,3,3
26147,84,80,4,4
26148,132,113,19,19
26149,114,93,21,21
26150,87,80,7,7
26151,55,58,-3,3
26152,65,59,6,6
26153,48,57,-9,9
26154,64,65,-1,1
26155,113,94,19,19
26156,137,117,20,20
26157,124,114,10,10
26158,47,54,-7,7
26159,103,92,11,11
26160,136,122,14,14
26161,80,77,3,3
26162,65,93,-28,28
26163,117,100,17,17
26164,113,109,4,4
26165,71,66,5,5
26166,132,130,2,2
26167,102,84,18,18
26168,191,164,27,27
26169,127,109,18,18
26170,102,97,5,5
26171,104,94,10,10
26172,113,105,8,8
26173,74,87,-13,13
26174,143,130,13,13
26175,73,68,5,5
26176,143,127,16,16
26177,120,106,14,14
26178,95,88,7,7
26179,84,87,-3,3
26180,146,132,14,14
26181,70,66,4,4
26182,125,102,23,23
26183,79,78,1,1
26184,77,83,-6,6
26185,69,65,4,4
26186,100,93,7,7
26187,190,155,35,35
26188,90,87,3,3
26189,67,80,-13,13
26190,179,159,20,20
26191,68,76,-8,8
26192,79,89,-10,10
26193,149,124,25,25
26194,87,70,17,17
26195,58,87,-29,29
26196,176,166,10,10
26197,67,66,1,1
26198,76,77,-1,1
26199,127,114,13,13
26200,73,69,4,4
26201,68,69,-1,1
26202,70,70,0,0
26203,101,88,13,13
26204,122,118,4,4
26205,95,86,9,9
26206,90,85,5,5
26207,85,86,-1,1
26208,138,124,14,14
26209,115,109,6,6
26210,122,109,13,13
26211,59,57,2,2
26212,51,55,-4,4
26213,106,95,11,11
26214,110,106,4,4
26215,111,107,4,4
26216,62,81,-19,19
26217,93,79,14,14
26218,46,49,-3,3
26219,107,105,2,2
26220,144,120,24,24
26221,92,80,12,12
26222,92,87,5,5
26223,95,100,-5,5
26224,154,136,18,18
26225,54,55,-1,1
26226,102,95,7,7
26227,61,68,-7,7
26228,109,109,0,0
26229,155,121,34,34
26230,83,74,9,9
26231,79,79,0,0
26232,102,94,8,8
26233,133,109,24,24
26234,134,130,4,4
26235,81,77,4,4
26236,151,134,17,17
26237,46,50,-4,4
26238,97,92,5,5
26239,62,60,2,2
26240,114,107,7,7
26241,83,83,0,0
26242,114,103,11,11
26243,87,93,-6,6
26244,110,95,15,15
26245,232,210,22,22
26246,35,42,-7,7
26247,96,90,6,6
26248,87,87,0,0
26249,52,57,-5,5
26250,89,81,8,8
26251,84,73,11,11
26252,84,84,0,0
26253,151,133,18,18
26254,51,58,-7,7
26255,112,97,15,15
26256,189,163,26,26
26257,68,66,2,2
26258,77,74,3,3
26259,62,68,-6,6
26260,112,104,8,8
26261,95,91,4,4
26262,81,86,-5,5
26263,108,91,17,17
26264,96,89,7,7
26265,58,57,1,1
26266,84,81,3,3
26267,116,98,18,18
26268,97,94,3,3
26269,92,87,5,5
26270,101,102,-1,1
26271,56,53,3,3
26272,74,76,-2,2
26273,115,103,12,12
26274,74,78,-4,4
26275,58,58,0,0
26276,129,122,7,7
26277,91,87,4,4
26278,59,58,1,1
26279,52,53,-1,1
26280,73,78,-5,5
26281,69,62,7,7
26282,119,93,26,26
26283,126,112,14,14
26284,114,88,26,26
26285,100,103,-3,3
26286,86,82,4,4
26287,116,120,-4,4
26288,72,70,2,2
26289,61,66,-5,5
26290,83,73,10,10
26291,94,92,2,2
26292,90,91,-1,1
26293,93,94,-1,1
26294,31,40,-9,9
26295,163,140,23,23
26296,99,92,7,7
26297,46,53,-7,7
26298,55,58,-3,3
26299,75,80,-5,5
26300,72,75,-3,3
26301,107,91,16,16
26302,89,93,-4,4
26303,66,56,10,10
26304,67,74,-7,7
26305,145,133,12,12
26306,151,133,18,18
26307,153,123,30,30
26308,56,52,4,4
26309,97,96,1,1
26310,162,140,22,22
26311,90,84,6,6
26312,106,95,11,11
26313,27,34,-7,7
26314,93,82,11,11
26315,105,97,8,8
26316,123,126,-3,3
26317,61,67,-6,6
26318,64,60,4,4
26319,109,107,2,2
26320,153,138,15,15
26321,81,78,3,3
26322,167,133,34,34
26323,100,90,10,10
26324,40,54,-14,14
26325,84,91,-7,7
26326,126,116,10,10
26327,69,71,-2,2
26328,54,44,10,10
26329,41,46,-5,5
26330,86,89,-3,3
26331,71,64,7,7
26332,97,90,7,7
26333,131,123,8,8
26334,42,44,-2,2
26335,102,96,6,6
26336,83,85,-2,2
26337,187,156,31,31
26338,180,160,20,20
26339,73,75,-2,2
26340,108,117,-9,9
26341,57,63,-6,6
26342,121,110,11,11
26343,88,89,-1,1
26344,105,101,4,4
26345,80,86,-6,6
26346,86,93,-7,7
26347,124,112,12,12
26348,117,106,11,11
26349,112,101,11,11
26350,66,63,3,3
26351,94,98,-4,4
26352,107,101,6,6
26353,45,46,-1,1
26354,121,110,11,11
26355,82,77,5,5
26356,69,71,-2,2
26357,160,134,26,26
26358,119,103,16,16
26359,58,59,-1,1
26360,100,93,7,7
26361,72,71,1,1
26362,67,67,0,0
26363,66,67,-1,1
26364,119,107,12,12
26365,138,130,8,8
26366,65,63,2,2
26367,105,104,1,1
26368,36,52,-16,16
26369,69,71,-2,2
26370,78,73,5,5
26371,131,111,20,20
26372,109,111,-2,2
26373,75,71,4,4
26374,63,58,5,5
26375,53,61,-8,8
26376,105,101,4,4
26377,64,71,-7,7
26378,70,73,-3,3
26379,26,38,-12,12
26380,181,159,22,22
26381,66,69,-3,3
26382,130,128,2,2
26383,122,115,7,7
26384,94,87,7,7
26385,124,114,10,10
26386,70,73,-3,3
26387,114,111,3,3
26388,93,83,10,10
26389,106,107,-1,1
26390,96,89,7,7
26391,90,90,0,0
26392,118,111,7,7
26393,63,83,-20,20
26394,79,82,-3,3
26395,43,53,-10,10
26396,112,107,5,5
26397,45,52,-7,7
26398,114,112,2,2
26399,107,93,14,14
26400,83,78,5,5
26401,40,45,-5,5
26402,98,97,1,1
26403,115,106,9,9
26404,92,93,-1,1
26405,131,126,5,5
26406,106,87,19,19
26407,99,91,8,8
26408,67,67,0,0
26409,171,147,24,24
26410,128,102,26,26
26411,88,81,7,7
26412,56,61,-5,5
26413,113,101,12,12
26414,62,52,10,10
26415,81,72,9,9
26416,83,87,-4,4
26417,113,97,16,16
26418,100,99,1,1
26419,91,82,9,9
26420,79,85,-6,6
26421,156,137,19,19
26422,113,108,5,5
26423,67,80,-13,13
26424,129,115,14,14
26425,89,87,2,2
26426,66,66,0,0
26427,102,101,1,1
26428,131,122,9,9
26429,111,103,8,8
26430,47,45,2,2
26431,37,46,-9,9
26432,92,91,1,1
26433,91,88,3,3
26434,101,94,7,7
26435,43,56,-13,13
26436,78,71,7,7
26437,102,98,4,4
26438,92,88,4,4
26439,96,99,-3,3
26440,109,105,4,4
26441,98,96,2,2
26442,131,111,20,20
26443,104,102,2,2
26444,96,113,-17,17
26445,98,93,5,5
26446,66,67,-1,1
26447,75,74,1,1
26448,70,70,0,0
26449,49,53,-4,4
26450,110,93,17,17
26451,128,108,20,20
26452,50,50,0,0
26453,85,85,0,0
26454,59,56,3,3
26455,41,46,-5,5
26456,71,71,0,0
26457,117,103,14,14
26458,91,92,-1,1
26459,64,67,-3,3
26460,118,112,6,6
26461,43,48,-5,5
26462,134,123,11,11
26463,101,89,12,12
26464,109,90,19,19
26465,114,116,-2,2
26466,118,120,-2,2
26467,70,79,-9,9
26468,102,95,7,7
26469,157,144,13,13
26470,308,256,52,52
26471,104,109,-5,5
26472,106,91,15,15
26473,74,72,2,2
26474,148,127,21,21
26475,106,102,4,4
26476,74,74,0,0
26477,118,104,14,14
26478,114,108,6,6
26479,60,59,1,1
26480,135,111,24,24
26481,60,60,0,0
26482,62,65,-3,3
26483,120,116,4,4
26484,150,150,0,0
26485,112,97,15,15
26486,87,87,0,0
26487,100,97,3,3
26488,52,58,-6,6
26489,82,81,1,1
26490,136,131,5,5
26491,65,69,-4,4
26492,104,92,12,12
26493,134,115,19,19
26494,104,91,13,13
26495,119,109,10,10
26496,119,103,16,16
26497,60,72,-12,12
26498,155,139,16,16
26499,129,121,8,8
26500,46,56,-10,10
26501,58,64,-6,6
26502,73,62,11,11
26503,114,96,18,18
26504,85,92,-7,7
26505,77,74,3,3
26506,89,81,8,8
26507,186,154,32,32
26508,74,72,2,2
26509,80,70,10,10
26510,108,104,4,4
26511,112,84,28,28
26512,38,42,-4,4
26513,61,56,5,5
26514,109,97,12,12
26515,46,42,4,4
26516,139,118,21,21
26517,85,84,1,1
26518,97,87,10,10
26519,60,71,-11,11
26520,36,42,-6,6
26521,89,96,-7,7
26522,147,131,16,16
26523,94,81,13,13
26524,88,80,8,8
26525,120,104,16,16
26526,75,83,-8,8
26527,95,93,2,2
26528,90,83,7,7
26529,46,56,-10,10
26530,49,52,-3,3
26531,145,129,16,16
26532,93,81,12,12
26533,48,45,3,3
26534,93,87,6,6
26535,76,69,7,7
26536,51,51,0,0
26537,102,91,11,11
26538,86,83,3,3
26539,88,81,7,7
26540,97,95,2,2
26541,139,120,19,19
26542,163,140,23,23
26543,91,97,-6,6
26544,139,117,22,22
26545,56,68,-12,12
26546,56,70,-14,14
26547,84,81,3,3
26548,85,85,0,0
26549,55,58,-3,3
26550,82,82,0,0
26551,90,83,7,7
26552,102,87,15,15
26553,46,53,-7,7
26554,151,136,15,15
26555,90,83,7,7
26556,78,103,-25,25
26557,70,63,7,7
26558,126,109,17,17
26559,114,107,7,7
26560,135,110,25,25
26561,209,168,41,41
26562,163,141,22,22
26563,62,63,-1,1
26564,79,90,-11,11
26565,90,83,7,7
26566,126,111,15,15
26567,161,131,30,30
26568,119,106,13,13
26569,65,75,-10,10
26570,75,98,-23,23
26571,94,82,12,12
26572,57,56,1,1
26573,60,60,0,0
26574,62,62,0,0
26575,61,65,-4,4
26576,174,151,23,23
26577,65,69,-4,4
26578,122,109,13,13
26579,103,110,-7,7
26580,66,69,-3,3
26581,110,97,13,13
26582,59,61,-2,2
26583,120,104,16,16
26584,101,96,5,5
26585,94,89,5,5
26586,125,114,11,11
26587,76,74,2,2
26588,66,70,-4,4
26589,85,87,-2,2
26590,101,98,3,3
26591,79,75,4,4
26592,179,145,34,34
26593,73,80,-7,7
26594,97,95,2,2
26595,40,61,-21,21
26596,75,74,1,1
26597,157,141,16,16
26598,77,77,0,0
26599,108,108,0,0
26600,129,111,18,18
26601,100,95,5,5
26602,76,89,-13,13
26603,40,44,-4,4
26604,72,73,-1,1
26605,81,77,4,4
26606,122,107,15,15
26607,77,70,7,7
26608,162,143,19,19
26609,52,55,-3,3
26610,86,78,8,8
26611,61,54,7,7
26612,139,122,17,17
26613,122,109,13,13
26614,129,121,8,8
26615,64,63,1,1
26616,53,57,-4,4
26617,163,139,24,24
26618,76,84,-8,8
26619,47,49,-2,2
26620,57,62,-5,5
26621,142,123,19,19
26622,89,78,11,11
26623,100,99,1,1
26624,126,124,2,2
26625,149,126,23,23
26626,102,90,12,12
26627,51,58,-7,7
26628,131,106,25,25
26629,113,106,7,7
26630,128,111,17,17
26631,84,73,11,11
26632,88,82,6,6
26633,96,87,9,9
26634,131,107,24,24
26635,142,125,17,17
26636,139,121,18,18
26637,62,66,-4,4
26638,162,153,9,9
26639,100,96,4,4
26640,94,87,7,7
26641,118,104,14,14
26642,140,114,26,26
26643,105,96,9,9
26644,54,61,-7,7
26645,80,80,0,0
26646,54,55,-1,1
26647,82,85,-3,3
26648,78,79,-1,1
26649,81,79,2,2
26650,55,58,-3,3
26651,142,134,8,8
26652,152,129,23,23
26653,121,107,14,14
26654,109,100,9,9
26655,80,85,-5,5
26656,73,73,0,0
26657,154,113,41,41
26658,122,113,9,9
26659,85,81,4,4
26660,65,70,-5,5
26661,127,109,18,18
26662,44,46,-2,2
26663,90,94,-4,4
26664,115,106,9,9
26665,124,112,12,12
26666,148,138,10,10
26667,49,46,3,3
26668,77,78,-1,1
26669,173,151,22,22
26670,68,71,-3,3
26671,149,137,12,12
26672,73,71,2,2
26673,54,55,-1,1
26674,90,80,10,10
26675,73,74,-1,1
26676,74,79,-5,5
26677,49,47,2,2
26678,79,74,5,5
26679,117,109,8,8
26680,57,68,-11,11
26681,123,102,21,21
26682,94,89,5,5
26683,124,97,27,27
26684,74,77,-3,3
26685,63,64,-1,1
26686,116,101,15,15
26687,93,84,9,9
26688,115,113,2,2
26689,64,64,0,0
26690,117,113,4,4
26691,74,75,-1,1
26692,49,47,2,2
26693,72,67,5,5
26694,86,88,-2,2
26695,52,54,-2,2
26696,87,84,3,3
26697,152,138,14,14
26698,61,68,-7,7
26699,67,71,-4,4
26700,64,70,-6,6
26701,100,94,6,6
26702,135,109,26,26
26703,120,115,5,5
26704,124,104,20,20
26705,105,105,0,0
26706,144,134,10,10
26707,100,95,5,5
26708,80,80,0,0
26709,73,84,-11,11
26710,82,82,0,0
26711,76,70,6,6
26712,115,106,9,9
26713,106,101,5,5
26714,125,116,9,9
26715,86,80,6,6
26716,94,87,7,7
26717,80,82,-2,2
26718,145,121,24,24
26719,122,106,16,16
26720,122,112,10,10
26721,115,99,16,16
26722,66,65,1,1
26723,85,78,7,7
26724,95,99,-4,4
26725,110,95,15,15
26726,49,64,-15,15
26727,80,90,-10,10
26728,101,90,11,11
26729,77,74,3,3
26730,89,95,-6,6
26731,130,110,20,20
26732,106,111,-5,5
26733,56,53,3,3
26734,68,62,6,6
26735,152,132,20,20
26736,113,109,4,4
26737,98,92,6,6
26738,125,110,15,15
26739,71,70,1,1
26740,123,108,15,15
26741,97,79,18,18
26742,77,75,2,2
26743,56,63,-7,7
26744,127,113,14,14
26745,49,59,-10,10
26746,115,102,13,13
26747,61,61,0,0
26748,97,89,8,8
26749,101,98,3,3
26750,77,81,-4,4
26751,117,116,1,1
26752,90,94,-4,4
26753,120,106,14,14
26754,80,80,0,0
26755,71,66,5,5
26756,54,59,-5,5
26757,80,82,-2,2
26758,110,103,7,7
26759,71,86,-15,15
26760,82,83,-1,1
26761,68,76,-8,8
26762,78,83,-5,5
26763,69,64,5,5
26764,87,92,-5,5
26765,94,83,11,11
26766,137,119,18,18
26767,57,59,-2,2
26768,56,55,1,1
26769,57,68,-11,11
26770,62,60,2,2
26771,63,73,-10,10
26772,165,140,25,25
26773,115,103,12,12
26774,133,119,14,14
26775,94,82,12,12
26776,107,104,3,3
26777,106,96,10,10
26778,112,110,2,2
26779,93,91,2,2
26780,55,61,-6,6
26781,85,84,1,1
26782,41,47,-6,6
26783,120,103,17,17
26784,99,92,7,7
26785,83,72,11,11
26786,84,81,3,3
26787,110,99,11,11
26788,124,139,-15,15
26789,122,108,14,14
26790,38,43,-5,5
26791,120,106,14,14
26792,97,93,4,4
26793,61,64,-3,3
26794,113,112,1,1
26795,74,69,5,5
26796,79,74,5,5
26797,125,103,22,22
26798,81,80,1,1
26799,125,111,14,14
26800,123,114,9,9
26801,90,93,-3,3
26802,48,56,-8,8
26803,55,61,-6,6
26804,62,74,-12,12
26805,64,75,-11,11
26806,91,88,3,3
26807,145,136,9,9
26808,86,80,6,6
26809,66,71,-5,5
26810,116,121,-5,5
26811,76,75,1,1
26812,88,93,-5,5
26813,103,104,-1,1
26814,97,97,0,0
26815,138,119,19,19
26816,75,77,-2,2
26817,92,82,10,10
26818,149,136,13,13
26819,60,63,-3,3
26820,108,106,2,2
26821,30,37,-7,7
26822,89,80,9,9
26823,49,60,-11,11
26824,97,88,9,9
26825,128,107,21,21
26826,96,93,3,3
26827,96,88,8,8
26828,63,57,6,6
26829,76,76,0,0
26830,106,103,3,3
26831,79,86,-7,7
26832,127,112,15,15
26833,45,51,-6,6
26834,105,105,0,0
26835,90,85,5,5
26836,43,51,-8,8
26837,235,149,86,86
26838,50,59,-9,9
26839,111,100,11,11
26840,69,64,5,5
26841,52,125,-73,73
26842,105,99,6,6
26843,49,50,-1,1
26844,66,69,-3,3
26845,64,67,-3,3
26846,75,70,5,5
26847,70,74,-4,4
26848,96,89,7,7
26849,86,87,-1,1
26850,109,101,8,8
26851,357,222,135,135
26852,74,71,3,3
26853,96,96,0,0
26854,101,101,0,0
26855,86,85,1,1
26856,97,85,12,12
26857,47,43,4,4
26858,76,87,-11,11
26859,139,122,17,17
26860,127,115,12,12
26861,119,107,12,12
26862,133,117,16,16
26863,190,174,16,16
26864,119,104,15,15
26865,96,88,8,8
26866,31,36,-5,5
26867,94,102,-8,8
26868,112,120,-8,8
26869,104,94,10,10
26870,162,135,27,27
26871,128,114,14,14
26872,142,133,9,9
26873,107,78,29,29
26874,120,102,18,18
26875,57,63,-6,6
26876,157,136,21,21
26877,94,87,7,7
26878,109,111,-2,2
26879,58,66,-8,8
26880,108,88,20,20
26881,88,80,8,8
26882,123,117,6,6
26883,85,84,1,1
26884,136,137,-1,1
26885,72,80,-8,8
26886,77,74,3,3
26887,59,58,1,1
26888,154,131,23,23
26889,63,77,-14,14
26890,40,43,-3,3
26891,142,140,2,2
26892,160,136,24,24
26893,68,63,5,5
26894,91,81,10,10
26895,77,81,-4,4
26896,135,121,14,14
26897,134,179,-45,45
26898,172,158,14,14
26899,131,145,-14,14
26900,86,90,-4,4
26901,67,72,-5,5
26902,55,56,-1,1
26903,148,130,18,18
26904,66,70,-4,4
26905,120,101,19,19
26906,83,82,1,1
26907,101,88,13,13
26908,83,75,8,8
26909,106,116,-10,10
26910,99,93,6,6
26911,67,68,-1,1
26912,130,118,12,12
26913,79,80,-1,1
26914,43,52,-9,9
26915,146,126,20,20
26916,57,60,-3,3
26917,100,106,-6,6
26918,139,113,26,26
26919,114,96,18,18
26920,61,63,-2,2
26921,77,89,-12,12
26922,102,103,-1,1
26923,104,94,10,10
26924,145,138,7,7
26925,81,86,-5,5
26926,87,91,-4,4
26927,135,131,4,4
26928,117,107,10,10
26929,82,75,7,7
26930,118,109,9,9
26931,106,106,0,0
26932,123,115,8,8
26933,109,103,6,6
26934,66,66,0,0
26935,86,88,-2,2
26936,104,103,1,1
26937,61,74,-13,13
26938,59,81,-22,22
26939,68,69,-1,1
26940,68,69,-1,1
26941,63,67,-4,4
26942,85,80,5,5
26943,135,124,11,11
26944,117,114,3,3
26945,134,116,18,18
26946,104,98,6,6
26947,73,72,1,1
26948,79,77,2,2
26949,137,122,15,15
26950,106,88,18,18
26951,80,69,11,11
26952,175,143,32,32
26953,96,95,1,1
26954,137,117,20,20
26955,119,108,11,11
26956,118,103,15,15
26957,135,123,12,12
26958,127,97,30,30
26959,103,100,3,3
26960,87,85,2,2
26961,90,72,18,18
26962,50,57,-7,7
26963,68,70,-2,2
26964,75,75,0,0
26965,150,140,10,10
26966,107,94,13,13
26967,122,111,11,11
26968,48,48,0,0
26969,141,131,10,10
26970,96,87,9,9
26971,93,89,4,4
26972,85,80,5,5
26973,55,57,-2,2
26974,51,56,-5,5
26975,99,93,6,6
26976,52,62,-10,10
26977,79,69,10,10
26978,110,104,6,6
26979,121,107,14,14
26980,37,39,-2,2
26981,92,93,-1,1
26982,66,56,10,10
26983,148,111,37,37
26984,83,80,3,3
26985,175,151,24,24
26986,88,79,9,9
26987,110,98,12,12
26988,79,85,-6,6
26989,64,58,6,6
26990,124,106,18,18
26991,129,114,15,15
26992,91,88,3,3
26993,59,58,1,1
26994,49,68,-19,19
26995,132,120,12,12
26996,76,102,-26,26
26997,110,97,13,13
26998,61,60,1,1
26999,90,88,2,2
27000,126,116,10,10
27001,98,92,6,6
27002,59,57,2,2
27003,93,92,1,1
27004,76,67,9,9
27005,75,69,6,6
27006,85,86,-1,1
27007,149,126,23,23
27008,89,82,7,7
27009,112,105,7,7
27010,88,80,8,8
27011,65,63,2,2
27012,86,86,0,0
27013,64,60,4,4
27014,81,90,-9,9
27015,86,85,1,1
27016,70,69,1,1
27017,150,115,35,35
27018,102,91,11,11
27019,92,81,11,11
27020,47,57,-10,10
27021,92,92,0,0
27022,108,98,10,10
27023,85,85,0,0
27024,127,114,13,13
27025,114,104,10,10
27026,89,78,11,11
27027,98,97,1,1
27028,47,45,2,2
27029,95,99,-4,4
27030,174,159,15,15
27031,74,72,2,2
27032,214,184,30,30
27033,35,42,-7,7
27034,202,184,18,18
27035,83,79,4,4
27036,125,107,18,18
27037,109,91,18,18
27038,54,62,-8,8
27039,56,60,-4,4
27040,71,75,-4,4
27041,81,78,3,3
27042,78,78,0,0
27043,61,58,3,3
27044,77,74,3,3
27045,114,101,13,13
27046,59,60,-1,1
27047,116,113,3,3
27048,49,60,-11,11
27049,66,80,-14,14
27050,91,79,12,12
27051,98,94,4,4
27052,73,75,-2,2
27053,78,77,1,1
27054,105,102,3,3
27055,112,101,11,11
27056,84,87,-3,3
27057,78,68,10,10
27058,112,109,3,3
27059,178,136,42,42
27060,134,124,10,10
27061,93,88,5,5
27062,99,93,6,6
27063,67,69,-2,2
27064,76,78,-2,2
27065,80,73,7,7
27066,74,70,4,4
27067,83,84,-1,1
27068,99,104,-5,5
27069,70,62,8,8
27070,64,69,-5,5
27071,128,110,18,18
27072,93,82,11,11
27073,65,64,1,1
27074,40,45,-5,5
27075,133,117,16,16
27076,97,95,2,2
27077,89,90,-1,1
27078,73,74,-1,1
27079,102,90,12,12
27080,62,61,1,1
27081,91,89,2,2
27082,147,128,19,19
27083,70,67,3,3
27084,71,70,1,1
27085,86,85,1,1
27086,62,65,-3,3
27087,104,88,16,16
27088,72,68,4,4
27089,52,57,-5,5
27090,38,43,-5,5
27091,67,73,-6,6
27092,196,167,29,29
27093,47,45,2,2
27094,51,57,-6,6
27095,88,84,4,4
27096,96,93,3,3
27097,42,45,-3,3
27098,101,101,0,0
27099,105,94,11,11
27100,70,67,3,3
27101,87,97,-10,10
27102,120,112,8,8
27103,71,69,2,2
27104,118,104,14,14
27105,71,80,-9,9
27106,101,104,-3,3
27107,80,75,5,5
27108,107,94,13,13
27109,87,77,10,10
27110,60,77,-17,17
27111,56,52,4,4
27112,79,83,-4,4
27113,148,132,16,16
27114,75,72,3,3
27115,53,55,-2,2
27116,88,83,5,5
27117,104,116,-12,12
27118,77,70,7,7
27119,53,55,-2,2
27120,114,105,9,9
27121,74,69,5,5
27122,73,84,-11,11
27123,127,112,15,15
27124,81,75,6,6
27125,127,118,9,9
27126,139,118,21,21
27127,78,76,2,2
27128,79,74,5,5
27129,115,100,15,15
27130,125,106,19,19
27131,141,127,14,14
27132,127,103,24,24
27133,105,102,3,3
27134,57,65,-8,8
27135,99,97,2,2
27136,91,83,8,8
27137,98,87,11,11
27138,114,118,-4,4
27139,74,72,2,2
27140,143,117,26,26
27141,68,70,-2,2
27142,159,137,22,22
27143,69,66,3,3
27144,72,69,3,3
27145,48,55,-7,7
27146,110,103,7,7
27147,86,81,5,5
27148,72,72,0,0
27149,80,73,7,7
27150,70,74,-4,4
27151,37,45,-8,8
27152,79,77,2,2
27153,53,49,4,4
27154,82,79,3,3
27155,55,60,-5,5
27156,72,79,-7,7
27157,104,100,4,4
27158,81,80,1,1
27159,131,125,6,6
27160,110,114,-4,4
27161,70,76,-6,6
27162,96,95,1,1
27163,56,68,-12,12
27164,76,84,-8,8
27165,87,88,-1,1
27166,100,91,9,9
27167,51,57,-6,6
27168,67,64,3,3
27169,50,56,-6,6
27170,72,89,-17,17
27171,69,70,-1,1
27172,96,95,1,1
27173,90,81,9,9
27174,84,84,0,0
27175,136,128,8,8
27176,83,80,3,3
27177,93,93,0,0
27178,130,134,-4,4
27179,111,104,7,7
27180,107,108,-1,1
27181,112,113,-1,1
27182,27,26,1,1
27183,156,131,25,25
27184,102,90,12,12
27185,122,114,8,8
27186,114,100,14,14
27187,39,47,-8,8
27188,137,119,18,18
27189,86,82,4,4
27190,83,75,8,8
27191,148,130,18,18
27192,108,103,5,5
27193,102,95,7,7
27194,95,92,3,3
27195,52,60,-8,8
27196,78,80,-2,2
27197,99,95,4,4
27198,124,117,7,7
27199,94,99,-5,5
27200,120,114,6,6
27201,102,100,2,2
27202,128,120,8,8
27203,64,59,5,5
27204,78,77,1,1
27205,65,73,-8,8
27206,128,121,7,7
27207,88,78,10,10
27208,63,72,-9,9
27209,86,90,-4,4
27210,102,101,1,1
27211,120,96,24,24
27212,95,99,-4,4
27213,83,80,3,3
27214,96,101,-5,5
27215,75,75,0,0
27216,50,57,-7,7
27217,69,68,1,1
27218,118,101,17,17
27219,103,103,0,0
27220,88,91,-3,3
27221,83,81,2,2
27222,113,98,15,15
27223,89,81,8,8
27224,92,86,6,6
27225,96,97,-1,1
27226,97,109,-12,12
27227,57,57,0,0
27228,70,71,-1,1
27229,79,84,-5,5
27230,81,81,0,0
27231,106,97,9,9
27232,178,150,28,28
27233,141,130,11,11
27234,97,91,6,6
27235,152,141,11,11
27236,82,81,1,1
27237,62,61,1,1
27238,69,73,-4,4
27239,145,130,15,15
27240,80,75,5,5
27241,124,111,13,13
27242,128,114,14,14
27243,147,125,22,22
27244,181,167,14,14
27245,92,94,-2,2
27246,48,50,-2,2
27247,144,131,13,13
27248,54,63,-9,9
27249,116,103,13,13
27250,106,94,12,12
27251,72,70,2,2
27252,139,118,21,21
27253,153,139,14,14
27254,105,94,11,11
27255,152,131,21,21
27256,137,112,25,25
27257,123,118,5,5
27258,49,58,-9,9
27259,80,76,4,4
27260,63,56,7,7
27261,35,61,-26,26
27262,53,58,-5,5
27263,80,81,-1,1
27264,56,54,2,2
27265,143,135,8,8
27266,160,136,24,24
27267,98,92,6,6
27268,98,88,10,10
27269,83,83,0,0
27270,117,118,-1,1
27271,143,133,10,10
27272,91,92,-1,1
27273,60,67,-7,7
27274,106,95,11,11
27275,33,41,-8,8
27276,65,62,3,3
27277,79,74,5,5
27278,47,44,3,3
27279,78,78,0,0
27280,108,106,2,2
27281,59,67,-8,8
27282,75,81,-6,6
27283,130,118,12,12
27284,75,82,-7,7
27285,89,87,2,2
27286,85,80,5,5
27287,127,112,15,15
27288,71,81,-10,10
27289,103,96,7,7
27290,40,41,-1,1
27291,57,72,-15,15
27292,142,126,16,16
27293,61,72,-11,11
27294,77,71,6,6
27295,95,94,1,1
27296,90,72,18,18
27297,101,97,4,4
27298,64,60,4,4
27299,154,119,35,35
27300,90,85,5,5
27301,103,96,7,7
27302,134,119,15,15
27303,96,75,21,21
27304,48,52,-4,4
27305,88,80,8,8
27306,126,111,15,15
27307,80,72,8,8
27308,66,65,1,1
27309,43,43,0,0
27310,71,69,2,2
27311,102,97,5,5
27312,78,74,4,4
27313,99,93,6,6
27314,110,99,11,11
27315,105,98,7,7
27316,103,105,-2,2
27317,103,97,6,6
27318,62,84,-22,22
27319,92,90,2,2
27320,68,73,-5,5
27321,94,91,3,3
27322,97,94,3,3
27323,50,63,-13,13
27324,46,65,-19,19
27325,76,71,5,5
27326,127,103,24,24
27327,55,57,-2,2
27328,62,61,1,1
27329,114,110,4,4
27330,70,67,3,3
27331,110,102,8,8
27332,115,106,9,9
27333,102,88,14,14
27334,105,104,1,1
27335,99,91,8,8
27336,122,113,9,9
27337,69,73,-4,4
27338,69,60,9,9
27339,79,76,3,3
27340,67,73,-6,6
27341,76,70,6,6
27342,54,55,-1,1
27343,96,89,7,7
27344,90,85,5,5
27345,73,69,4,4
27346,76,78,-2,2
27347,48,52,-4,4
27348,104,102,2,2
27349,64,67,-3,3
27350,76,76,0,0
27351,106,100,6,6
27352,58,58,0,0
27353,118,117,1,1
27354,78,80,-2,2
27355,119,109,10,10
27356,64,69,-5,5
27357,144,108,36,36
27358,112,93,19,19
27359,60,61,-1,1
27360,58,81,-23,23
27361,148,151,-3,3
27362,70,64,6,6
27363,193,159,34,34
27364,90,89,1,1
27365,50,54,-4,4
27366,94,84,10,10
27367,114,101,13,13
27368,57,63,-6,6
27369,72,83,-11,11
27370,97,81,16,16
27371,121,108,13,13
27372,96,90,6,6
27373,78,80,-2,2
27374,124,120,4,4
27375,156,140,16,16
27376,103,91,12,12
27377,117,108,9,9
27378,75,63,12,12
27379,101,100,1,1
27380,45,45,0,0
27381,60,58,2,2
27382,124,117,7,7
27383,129,114,15,15
27384,90,90,0,0
27385,79,81,-2,2
27386,64,66,-2,2
27387,87,93,-6,6
27388,138,125,13,13
27389,106,100,6,6
27390,96,94,2,2
27391,124,113,11,11
27392,78,76,2,2
27393,99,92,7,7
27394,208,159,49,49
27395,111,102,9,9
27396,107,97,10,10
27397,92,81,11,11
27398,87,80,7,7
27399,108,111,-3,3
27400,70,61,9,9
27401,115,107,8,8
27402,86,90,-4,4
27403,86,80,6,6
27404,165,150,15,15
27405,59,92,-33,33
27406,111,111,0,0
27407,196,159,37,37
27408,99,94,5,5
27409,121,91,30,30
27410,57,56,1,1
27411,78,74,4,4
27412,98,95,3,3
27413,90,80,10,10
27414,89,91,-2,2
27415,97,90,7,7
27416,77,76,1,1
27417,78,75,3,3
27418,95,103,-8,8
27419,98,92,6,6
27420,126,108,18,18
27421,107,103,4,4
27422,83,81,2,2
27423,129,122,7,7
27424,93,91,2,2
27425,210,165,45,45
27426,112,106,6,6
27427,51,55,-4,4
27428,93,80,13,13
27429,61,70,-9,9
27430,76,81,-5,5
27431,107,101,6,6
27432,115,93,22,22
27433,106,101,5,5
27434,77,79,-2,2
27435,102,99,3,3
27436,54,63,-9,9
27437,81,74,7,7
27438,64,75,-11,11
27439,134,123,11,11
27440,124,105,19,19
27441,49,58,-9,9
27442,90,95,-5,5
27443,72,64,8,8
27444,76,80,-4,4
27445,114,100,14,14
27446,59,70,-11,11
27447,97,107,-10,10
27448,96,89,7,7
27449,177,132,45,45
27450,111,101,10,10
27451,105,107,-2,2
27452,78,85,-7,7
27453,85,92,-7,7
27454,71,70,1,1
27455,114,107,7,7
27456,78,81,-3,3
27457,164,142,22,22
27458,75,79,-4,4
27459,128,114,14,14
27460,105,110,-5,5
27461,75,71,4,4
27462,87,84,3,3
27463,104,93,11,11
27464,130,114,16,16
27465,101,100,1,1
27466,81,79,2,2
27467,75,74,1,1
27468,115,104,11,11
27469,80,74,6,6
27470,54,69,-15,15
27471,93,92,1,1
27472,142,108,34,34
27473,41,47,-6,6
27474,78,79,-1,1
27475,62,65,-3,3
27476,68,79,-11,11
27477,45,53,-8,8
27478,99,93,6,6
27479,92,84,8,8
27480,88,79,9,9
27481,134,126,8,8
27482,112,101,11,11
27483,97,98,-1,1
27484,131,126,5,5
27485,71,70,1,1
27486,39,44,-5,5
27487,68,71,-3,3
27488,47,48,-1,1
27489,60,58,2,2
27490,151,116,35,35
27491,81,72,9,9
27492,104,94,10,10
27493,99,100,-1,1
27494,103,96,7,7
27495,84,83,1,1
27496,92,88,4,4
27497,108,103,5,5
27498,124,111,13,13
27499,68,73,-5,5
27500,107,101,6,6
27501,97,82,15,15
27502,108,99,9,9
27503,54,60,-6,6
27504,75,73,2,2
27505,43,49,-6,6
27506,105,102,3,3
27507,103,105,-2,2
27508,85,88,-3,3
27509,121,112,9,9
27510,85,83,2,2
27511,102,91,11,11
27512,113,114,-1,1
27513,70,72,-2,2
27514,120,104,16,16
27515,106,93,13,13
27516,72,75,-3,3
27517,89,87,2,2
27518,90,86,4,4
27519,52,50,2,2
27520,78,80,-2,2
27521,88,91,-3,3
27522,290,221,69,69
27523,98,91,7,7
27524,94,95,-1,1
27525,130,109,21,21
27526,50,68,-18,18
27527,102,92,10,10
27528,72,72,0,0
27529,79,75,4,4
27530,101,97,4,4
27531,88,78,10,10
27532,75,76,-1,1
27533,109,112,-3,3
27534,68,68,0,0
27535,117,106,11,11
27536,112,106,6,6
27537,149,131,18,18
27538,94,97,-3,3
27539,73,72,1,1
27540,86,81,5,5
27541,68,74,-6,6
27542,94,90,4,4
27543,96,95,1,1
27544,86,103,-17,17
27545,84,84,0,0
27546,98,87,11,11
27547,149,129,20,20
27548,92,89,3,3
27549,72,67,5,5
27550,108,102,6,6
27551,85,93,-8,8
27552,92,89,3,3
27553,72,76,-4,4
27554,73,77,-4,4
27555,91,90,1,1
27556,167,155,12,12
27557,78,84,-6,6
27558,50,63,-13,13
27559,96,81,15,15
27560,105,101,4,4
27561,102,97,5,5
27562,106,92,14,14
27563,138,120,18,18
27564,123,118,5,5
27565,76,73,3,3
27566,95,88,7,7
27567,87,84,3,3
27568,154,136,18,18
27569,75,72,3,3
27570,137,117,20,20
27571,98,83,15,15
27572,96,93,3,3
27573,68,71,-3,3
27574,66,79,-13,13
27575,96,94,2,2
27576,99,96,3,3
27577,53,66,-13,13
27578,36,62,-26,26
27579,79,90,-11,11
27580,108,103,5,5
27581,20,26,-6,6
27582,95,93,2,2
27583,78,80,-2,2
27584,114,109,5,5
27585,89,97,-8,8
27586,118,126,-8,8
27587,163,136,27,27
27588,64,63,1,1
27589,50,46,4,4
27590,65,66,-1,1
27591,91,84,7,7
27592,126,119,7,7
27593,96,94,2,2
27594,115,102,13,13
27595,114,105,9,9
27596,139,109,30,30
27597,45,60,-15,15
27598,155,142,13,13
27599,77,71,6,6
27600,105,86,19,19
27601,156,121,35,35
27602,90,85,5,5
27603,105,92,13,13
27604,36,42,-6,6
27605,134,130,4,4
27606,111,113,-2,2
27607,61,56,5,5
27608,97,94,3,3
27609,76,75,1,1
27610,81,85,-4,4
27611,71,68,3,3
27612,99,91,8,8
27613,98,96,2,2
27614,89,82,7,7
27615,153,136,17,17
27616,110,106,4,4
27617,61,61,0,0
27618,72,77,-5,5
27619,107,99,8,8
27620,107,99,8,8
27621,116,104,12,12
27622,116,103,13,13
27623,71,72,-1,1
27624,95,90,5,5
27625,99,97,2,2
27626,59,58,1,1
27627,107,118,-11,11
27628,130,116,14,14
27629,95,79,16,16
27630,165,133,32,32
27631,171,139,32,32
27632,93,96,-3,3
27633,79,83,-4,4
27634,175,147,28,28
27635,121,110,11,11
27636,155,139,16,16
27637,174,156,18,18
27638,81,71,10,10
27639,57,58,-1,1
27640,180,138,42,42
27641,116,105,11,11
27642,162,144,18,18
27643,77,73,4,4
27644,78,74,4,4
27645,111,102,9,9
27646,87,78,9,9
27647,37,42,-5,5
27648,176,151,25,25
27649,69,75,-6,6
27650,72,74,-2,2
27651,91,91,0,0
27652,102,96,6,6
27653,81,80,1,1
27654,142,126,16,16
27655,189,152,37,37
27656,200,165,35,35
27657,61,66,-5,5
27658,89,85,4,4
27659,94,94,0,0
27660,88,83,5,5
27661,85,80,5,5
27662,88,85,3,3
27663,52,54,-2,2
27664,61,80,-19,19
27665,79,77,2,2
27666,141,122,19,19
27667,83,80,3,3
27668,112,131,-19,19
27669,123,112,11,11
27670,54,53,1,1
27671,66,64,2,2
27672,117,108,9,9
27673,73,74,-1,1
27674,70,81,-11,11
27675,66,64,2,2
27676,105,110,-5,5
27677,77,80,-3,3
27678,100,94,6,6
27679,167,135,32,32
27680,73,70,3,3
27681,130,116,14,14
27682,87,71,16,16
27683,85,80,5,5
27684,69,70,-1,1
27685,73,73,0,0
27686,77,80,-3,3
27687,138,125,13,13
27688,80,86,-6,6
27689,55,57,-2,2
27690,117,99,18,18
27691,110,101,9,9
27692,60,58,2,2
27693,96,88,8,8
27694,85,77,8,8
27695,106,105,1,1
27696,94,88,6,6
27697,69,75,-6,6
27698,125,119,6,6
27699,179,147,32,32
27700,86,83,3,3
27701,129,115,14,14
27702,82,82,0,0
27703,91,80,11,11
27704,150,135,15,15
27705,57,64,-7,7
27706,70,69,1,1
27707,134,120,14,14
27708,71,72,-1,1
27709,74,80,-6,6
27710,83,81,2,2
27711,82,94,-12,12
27712,70,70,0,0
27713,82,87,-5,5
27714,52,56,-4,4
27715,93,81,12,12
27716,54,60,-6,6
27717,136,128,8,8
27718,72,70,2,2
27719,86,103,-17,17
27720,108,107,1,1
27721,93,83,10,10
27722,57,73,-16,16
27723,78,76,2,2
27724,130,111,19,19
27725,83,85,-2,2
27726,116,97,19,19
27727,103,90,13,13
27728,79,80,-1,1
27729,43,47,-4,4
27730,100,97,3,3
27731,77,76,1,1
27732,127,115,12,12
27733,83,79,4,4
27734,134,136,-2,2
27735,108,90,18,18
27736,122,107,15,15
27737,86,85,1,1
27738,71,70,1,1
27739,111,101,10,10
27740,132,112,20,20
27741,200,174,26,26
27742,77,72,5,5
27743,131,108,23,23
27744,75,76,-1,1
27745,66,63,3,3
27746,83,80,3,3
27747,155,131,24,24
27748,104,87,17,17
27749,85,80,5,5
27750,149,121,28,28
27751,198,224,-26,26
27752,68,79,-11,11
27753,143,103,40,40
27754,118,99,19,19
27755,75,76,-1,1
27756,150,157,-7,7
27757,52,54,-2,2
27758,153,139,14,14
27759,88,96,-8,8
27760,101,106,-5,5
27761,74,70,4,4
27762,102,98,4,4
27763,140,121,19,19
27764,71,65,6,6
27765,110,92,18,18
27766,110,105,5,5
27767,63,64,-1,1
27768,66,70,-4,4
27769,49,54,-5,5
27770,54,55,-1,1
27771,86,84,2,2
27772,58,58,0,0
27773,54,58,-4,4
27774,60,68,-8,8
27775,77,75,2,2
27776,70,76,-6,6
27777,91,84,7,7
27778,112,106,6,6
27779,89,87,2,2
27780,80,74,6,6
27781,95,91,4,4
27782,98,88,10,10
27783,91,87,4,4
27784,117,107,10,10
27785,76,80,-4,4
27786,126,139,-13,13
27787,131,110,21,21
27788,65,69,-4,4
27789,90,81,9,9
27790,77,75,2,2
27791,114,107,7,7
27792,88,81,7,7
27793,90,88,2,2
27794,84,88,-4,4
27795,135,113,22,22
27796,95,86,9,9
27797,94,99,-5,5
27798,106,100,6,6
27799,75,74,1,1
27800,115,104,11,11
27801,143,132,11,11
27802,60,55,5,5
27803,68,66,2,2
27804,73,70,3,3
27805,168,134,34,34
27806,99,99,0,0
27807,108,100,8,8
27808,77,82,-5,5
27809,60,55,5,5
27810,79,73,6,6
27811,103,108,-5,5
27812,120,115,5,5
27813,137,135,2,2
27814,80,88,-8,8
27815,78,77,1,1
27816,49,58,-9,9
27817,97,101,-4,4
27818,104,99,5,5
27819,172,147,25,25
27820,154,136,18,18
27821,93,93,0,0
27822,103,91,12,12
27823,51,55,-4,4
27824,72,72,0,0
27825,81,81,0,0
27826,69,61,8,8
27827,111,97,14,14
27828,106,100,6,6
27829,143,120,23,23
27830,46,43,3,3
27831,118,114,4,4
27832,136,113,23,23
27833,103,90,13,13
27834,115,113,2,2
27835,100,93,7,7
27836,130,113,17,17
27837,146,123,23,23
27838,106,99,7,7
27839,160,143,17,17
27840,151,109,42,42
27841,111,103,8,8
27842,132,109,23,23
27843,70,62,8,8
27844,95,91,4,4
27845,113,102,11,11
27846,100,121,-21,21
27847,84,81,3,3
27848,144,120,24,24
27849,75,80,-5,5
27850,127,119,8,8
27851,35,41,-6,6
27852,48,60,-12,12
27853,52,55,-3,3
27854,110,104,6,6
27855,109,100,9,9
27856,72,75,-3,3
27857,99,92,7,7
27858,58,54,4,4
27859,81,71,10,10
27860,96,80,16,16
27861,71,70,1,1
27862,122,97,25,25
27863,151,130,21,21
27864,92,85,7,7
27865,69,70,-1,1
27866,111,100,11,11
27867,106,94,12,12
27868,122,112,10,10
27869,100,81,19,19
27870,62,66,-4,4
27871,77,73,4,4
27872,111,103,8,8
27873,68,74,-6,6
27874,97,88,9,9
27875,118,85,33,33
27876,118,110,8,8
27877,97,100,-3,3
27878,78,79,-1,1
27879,146,133,13,13
27880,99,95,4,4
27881,76,73,3,3
27882,64,59,5,5
27883,48,53,-5,5
27884,89,84,5,5
27885,59,61,-2,2
27886,74,76,-2,2
27887,72,76,-4,4
27888,83,77,6,6
27889,83,67,16,16
27890,97,98,-1,1
27891,100,89,11,11
27892,181,166,15,15
27893,37,39,-2,2
27894,64,67,-3,3
27895,84,72,12,12
27896,68,64,4,4
27897,54,58,-4,4
27898,85,80,5,5
27899,75,77,-2,2
27900,98,90,8,8
27901,147,126,21,21
27902,138,124,14,14
27903,61,59,2,2
27904,83,87,-4,4
27905,158,130,28,28
27906,119,103,16,16
27907,88,80,8,8
27908,119,108,11,11
27909,118,101,17,17
27910,68,69,-1,1
27911,49,55,-6,6
27912,112,100,12,12
27913,113,100,13,13
27914,83,88,-5,5
27915,81,84,-3,3
27916,31,39,-8,8
27917,87,76,11,11
27918,144,128,16,16
27919,133,130,3,3
27920,137,125,12,12
27921,95,94,1,1
27922,80,80,0,0
27923,109,102,7,7
27924,90,91,-1,1
27925,70,69,1,1
27926,66,71,-5,5
27927,81,71,10,10
27928,156,138,18,18
27929,70,79,-9,9
27930,95,98,-3,3
27931,109,92,17,17
27932,61,104,-43,43
27933,40,38,2,2
27934,138,134,4,4
27935,96,85,11,11
27936,53,65,-12,12
27937,85,89,-4,4
27938,137,116,21,21
27939,113,103,10,10
27940,127,115,12,12
27941,77,69,8,8
27942,66,73,-7,7
27943,36,39,-3,3
27944,83,82,1,1
27945,120,101,19,19
27946,55,63,-8,8
27947,61,69,-8,8
27948,68,65,3,3
27949,93,91,2,2
27950,173,154,19,19
27951,58,61,-3,3
27952,75,75,0,0
27953,83,71,12,12
27954,141,133,8,8
27955,67,68,-1,1
27956,35,43,-8,8
27957,63,69,-6,6
27958,52,54,-2,2
27959,183,155,28,28
27960,52,51,1,1
27961,72,70,2,2
27962,77,78,-1,1
27963,61,56,5,5
27964,124,104,20,20
27965,78,80,-2,2
27966,123,114,9,9
27967,122,114,8,8
27968,88,87,1,1
27969,74,77,-3,3
27970,66,72,-6,6
27971,69,76,-7,7
27972,92,90,2,2
27973,79,74,5,5
27974,45,67,-22,22
27975,115,107,8,8
27976,143,130,13,13
27977,99,100,-1,1
27978,129,126,3,3
27979,103,98,5,5
27980,90,96,-6,6
27981,88,85,3,3
27982,123,119,4,4
27983,175,140,35,35
27984,95,87,8,8
27985,105,101,4,4
27986,65,71,-6,6
27987,66,59,7,7
27988,137,115,22,22
27989,84,87,-3,3
27990,110,99,11,11
27991,118,100,18,18
27992,114,107,7,7
27993,97,104,-7,7
27994,90,82,8,8
27995,124,119,5,5
27996,158,144,14,14
27997,67,88,-21,21
27998,96,87,9,9
27999,97,92,5,5
28000,108,99,9,9
28001,106,98,8,8
28002,56,55,1,1
28003,69,71,-2,2
28004,41,48,-7,7
28005,67,65,2,2
28006,172,153,19,19
28007,53,57,-4,4
28008,94,84,10,10
28009,121,108,13,13
28010,97,83,14,14
28011,91,96,-5,5
28012,117,93,24,24
28013,125,133,-8,8
28014,59,59,0,0
28015,114,100,14,14
28016,87,80,7,7
28017,106,102,4,4
28018,77,77,0,0
28019,135,109,26,26
28020,145,117,28,28
28021,72,71,1,1
28022,53,63,-10,10
28023,149,129,20,20
28024,101,99,2,2
28025,76,59,17,17
28026,87,94,-7,7
28027,73,69,4,4
28028,107,99,8,8
28029,67,63,4,4
28030,67,75,-8,8
28031,80,80,0,0
28032,91,87,4,4
28033,91,87,4,4
28034,104,105,-1,1
28035,66,57,9,9
28036,90,86,4,4
28037,71,80,-9,9
28038,118,96,22,22
28039,87,90,-3,3
28040,68,69,-1,1
28041,114,110,4,4
28042,117,111,6,6
28043,130,112,18,18
28044,134,132,2,2
28045,125,116,9,9
28046,74,71,3,3
28047,88,81,7,7
28048,56,71,-15,15
28049,116,107,9,9
28050,145,129,16,16
28051,75,67,8,8
28052,71,82,-11,11
28053,50,54,-4,4
28054,97,94,3,3
28055,55,52,3,3
28056,52,49,3,3
28057,154,116,38,38
28058,132,117,15,15
28059,180,146,34,34
28060,68,70,-2,2
28061,86,84,2,2
28062,147,135,12,12
28063,68,81,-13,13
28064,80,79,1,1
28065,98,87,11,11
28066,109,109,0,0
28067,88,88,0,0
28068,78,82,-4,4
28069,86,74,12,12
28070,42,46,-4,4
28071,74,82,-8,8
28072,137,123,14,14
28073,110,102,8,8
28074,76,84,-8,8
28075,64,64,0,0
28076,150,127,23,23
28077,116,101,15,15
28078,74,77,-3,3
28079,69,65,4,4
28080,55,54,1,1
28081,114,115,-1,1
28082,178,167,11,11
28083,78,74,4,4
28084,71,70,1,1
28085,80,84,-4,4
28086,119,123,-4,4
28087,59,63,-4,4
28088,75,67,8,8
28089,77,86,-9,9
28090,64,72,-8,8
28091,118,104,14,14
28092,141,126,15,15
28093,144,135,9,9
28094,118,108,10,10
28095,90,74,16,16
28096,96,92,4,4
28097,107,99,8,8
28098,141,139,2,2
28099,71,58,13,13
28100,94,82,12,12
28101,196,162,34,34
28102,93,98,-5,5
28103,122,97,25,25
28104,78,78,0,0
28105,83,96,-13,13
28106,84,78,6,6
28107,65,60,5,5
28108,165,149,16,16
28109,116,117,-1,1
28110,91,78,13,13
28111,69,65,4,4
28112,87,76,11,11
28113,94,96,-2,2
28114,113,103,10,10
28115,169,153,16,16
28116,112,95,17,17
28117,85,83,2,2
28118,113,99,14,14
28119,145,121,24,24
28120,53,58,-5,5
28121,97,93,4,4
28122,102,102,0,0
28123,107,110,-3,3
28124,88,81,7,7
28125,76,75,1,1
28126,46,51,-5,5
28127,83,82,1,1
28128,99,90,9,9
28129,118,109,9,9
28130,85,75,10,10
28131,112,109,3,3
28132,120,103,17,17
28133,246,195,51,51
28134,124,106,18,18
28135,64,70,-6,6
28136,118,102,16,16
28137,118,106,12,12
28138,78,78,0,0
28139,74,80,-6,6
28140,86,81,5,5
28141,90,77,13,13
28142,132,129,3,3
28143,125,113,12,12
28144,70,69,1,1
28145,69,66,3,3
28146,119,107,12,12
28147,144,122,22,22
28148,172,146,26,26
28149,83,81,2,2
28150,99,89,10,10
28151,104,97,7,7
28152,127,111,16,16
28153,78,72,6,6
28154,110,95,15,15
28155,53,56,-3,3
28156,79,82,-3,3
28157,47,43,4,4
28158,123,116,7,7
28159,132,117,15,15
28160,104,101,3,3
28161,127,117,10,10
28162,105,87,18,18
28163,65,72,-7,7
28164,100,98,2,2
28165,192,150,42,42
28166,61,85,-24,24
28167,106,105,1,1
28168,38,74,-36,36
28169,186,147,39,39
28170,166,137,29,29
28171,122,108,14,14
28172,141,130,11,11
28173,122,121,1,1
28174,39,59,-20,20
28175,117,112,5,5
28176,128,116,12,12
28177,148,132,16,16
28178,118,107,11,11
28179,96,92,4,4
28180,72,79,-7,7
28181,76,69,7,7
28182,63,63,0,0
28183,84,90,-6,6
28184,102,95,7,7
28185,75,75,0,0
28186,92,90,2,2
28187,69,68,1,1
28188,94,81,13,13
28189,70,67,3,3
28190,112,98,14,14
28191,87,77,10,10
28192,68,69,-1,1
28193,123,129,-6,6
28194,81,71,10,10
28195,116,118,-2,2
28196,82,84,-2,2
28197,149,122,27,27
28198,60,72,-12,12
28199,59,67,-8,8
28200,110,92,18,18
28201,89,116,-27,27
28202,114,106,8,8
28203,128,112,16,16
28204,57,64,-7,7
28205,77,80,-3,3
28206,85,81,4,4
28207,194,177,17,17
28208,72,86,-14,14
28209,75,80,-5,5
28210,57,81,-24,24
28211,165,139,26,26
28212,99,94,5,5
28213,84,80,4,4
28214,89,87,2,2
28215,64,66,-2,2
28216,115,115,0,0
28217,81,83,-2,2
28218,96,100,-4,4
28219,134,126,8,8
28220,74,71,3,3
28221,121,126,-5,5
28222,81,88,-7,7
28223,58,59,-1,1
28224,77,69,8,8
28225,97,92,5,5
28226,66,60,6,6
28227,104,101,3,3
28228,112,107,5,5
28229,59,60,-1,1
28230,151,127,24,24
28231,111,96,15,15
28232,133,119,14,14
28233,76,77,-1,1
28234,93,93,0,0
28235,76,75,1,1
28236,85,78,7,7
28237,151,139,12,12
28238,76,78,-2,2
28239,79,73,6,6
28240,172,169,3,3
28241,148,124,24,24
28242,89,87,2,2
28243,87,79,8,8
28244,128,114,14,14
28245,71,67,4,4
28246,72,68,4,4
28247,77,78,-1,1
28248,100,91,9,9
28249,107,103,4,4
28250,86,81,5,5
28251,81,71,10,10
28252,93,87,6,6
28253,56,57,-1,1
28254,138,115,23,23
28255,77,79,-2,2
28256,175,153,22,22
28257,72,72,0,0
28258,93,88,5,5
28259,92,83,9,9
28260,104,110,-6,6
28261,132,108,24,24
28262,81,82,-1,1
28263,71,74,-3,3
28264,140,135,5,5
28265,102,91,11,11
28266,53,56,-3,3
28267,87,87,0,0
28268,147,129,18,18
28269,93,98,-5,5
28270,65,65,0,0
28271,154,132,22,22
28272,222,183,39,39
28273,107,96,11,11
28274,81,74,7,7
28275,59,62,-3,3
28276,63,63,0,0
28277,100,97,3,3
28278,89,80,9,9
28279,70,66,4,4
28280,90,90,0,0
28281,135,128,7,7
28282,112,101,11,11
28283,102,96,6,6
28284,126,119,7,7
28285,87,87,0,0
28286,98,92,6,6
28287,128,104,24,24
28288,54,57,-3,3
28289,88,87,1,1
28290,79,79,0,0
28291,177,150,27,27
28292,110,101,9,9
28293,68,74,-6,6
28294,126,117,9,9
28295,115,104,11,11
28296,105,106,-1,1
28297,86,82,4,4
28298,66,94,-28,28
28299,65,61,4,4
28300,78,84,-6,6
28301,87,82,5,5
28302,108,105,3,3
28303,46,57,-11,11
28304,106,101,5,5
28305,127,109,18,18
28306,137,126,11,11
28307,84,76,8,8
28308,73,80,-7,7
28309,70,69,1,1
28310,76,72,4,4
28311,84,81,3,3
28312,125,92,33,33
28313,73,76,-3,3
28314,176,156,20,20
28315,97,88,9,9
28316,128,112,16,16
28317,74,75,-1,1
28318,145,125,20,20
28319,93,92,1,1
28320,70,71,-1,1
28321,67,78,-11,11
28322,84,82,2,2
28323,59,61,-2,2
28324,92,89,3,3
28325,112,102,10,10
28326,51,52,-1,1
28327,56,58,-2,2
28328,92,91,1,1
28329,49,56,-7,7
28330,98,97,1,1
28331,71,75,-4,4
28332,72,75,-3,3
28333,68,76,-8,8
28334,87,91,-4,4
28335,121,110,11,11
28336,94,91,3,3
28337,76,84,-8,8
28338,112,100,12,12
28339,69,61,8,8
28340,113,106,7,7
28341,129,120,9,9
28342,105,103,2,2
28343,99,101,-2,2
28344,58,60,-2,2
28345,130,112,18,18
28346,85,81,4,4
28347,73,66,7,7
28348,56,51,5,5
28349,97,100,-3,3
28350,104,102,2,2
28351,73,74,-1,1
28352,111,99,12,12
28353,73,66,7,7
28354,98,89,9,9
28355,102,100,2,2
28356,80,74,6,6
28357,47,49,-2,2
28358,102,106,-4,4
28359,76,75,1,1
28360,69,81,-12,12
28361,85,86,-1,1
28362,111,108,3,3
28363,34,39,-5,5
28364,137,124,13,13
28365,79,79,0,0
28366,72,78,-6,6
28367,62,69,-7,7
28368,91,87,4,4
28369,82,82,0,0
28370,120,124,-4,4
28371,92,93,-1,1
28372,110,106,4,4
28373,122,108,14,14
28374,119,108,11,11
28375,183,159,24,24
28376,61,66,-5,5
28377,97,84,13,13
28378,117,110,7,7
28379,71,75,-4,4
28380,100,86,14,14
28381,119,105,14,14
28382,94,81,13,13
28383,94,94,0,0
28384,97,82,15,15
28385,62,56,6,6
28386,74,75,-1,1
28387,104,101,3,3
28388,143,131,12,12
28389,74,77,-3,3
28390,126,112,14,14
28391,64,72,-8,8
28392,97,86,11,11
28393,82,79,3,3
28394,56,66,-10,10
28395,98,94,4,4
28396,139,124,15,15
28397,102,95,7,7
28398,100,96,4,4
28399,115,95,20,20
28400,138,111,27,27
28401,39,44,-5,5
28402,132,122,10,10
28403,127,121,6,6
28404,98,88,10,10
28405,83,72,11,11
28406,106,103,3,3
28407,161,138,23,23
28408,77,64,13,13
28409,76,84,-8,8
28410,96,88,8,8
28411,107,104,3,3
28412,85,217,-132,132
28413,79,80,-1,1
28414,102,93,9,9
28415,57,49,8,8
28416,79,82,-3,3
28417,76,84,-8,8
28418,82,84,-2,2
28419,56,59,-3,3
28420,84,80,4,4
28421,110,98,12,12
28422,183,150,33,33
28423,118,116,2,2
28424,100,93,7,7
28425,109,94,15,15
28426,101,90,11,11
28427,57,64,-7,7
28428,89,102,-13,13
28429,148,125,23,23
28430,202,180,22,22
28431,137,132,5,5
28432,91,84,7,7
28433,112,102,10,10
28434,68,71,-3,3
28435,83,80,3,3
28436,72,70,2,2
28437,79,76,3,3
28438,116,106,10,10
28439,54,57,-3,3
28440,87,88,-1,1
28441,82,82,0,0
28442,104,94,10,10
28443,126,113,13,13
28444,106,106,0,0
28445,116,101,15,15
28446,91,87,4,4
28447,77,71,6,6
28448,123,130,-7,7
28449,145,128,17,17
28450,88,80,8,8
28451,95,102,-7,7
28452,79,82,-3,3
28453,91,93,-2,2
28454,133,116,17,17
28455,165,161,4,4
28456,61,62,-1,1
28457,63,68,-5,5
28458,120,110,10,10
28459,54,51,3,3
28460,145,130,15,15
28461,130,120,10,10
28462,68,73,-5,5
28463,55,57,-2,2
28464,90,84,6,6
28465,102,89,13,13
28466,52,53,-1,1
28467,102,98,4,4
28468,162,146,16,16
28469,85,91,-6,6
28470,81,81,0,0
28471,57,52,5,5
28472,82,76,6,6
28473,135,91,44,44
28474,43,47,-4,4
28475,82,78,4,4
28476,66,72,-6,6
28477,102,96,6,6
28478,70,70,0,0
28479,151,132,19,19
28480,127,117,10,10
28481,77,64,13,13
28482,137,113,24,24
28483,83,74,9,9
28484,183,154,29,29
28485,43,41,2,2
28486,129,121,8,8
28487,58,57,1,1
28488,73,77,-4,4
28489,67,60,7,7
28490,57,61,-4,4
28491,133,130,3,3
28492,76,79,-3,3
28493,87,84,3,3
28494,76,76,0,0
28495,99,84,15,15
28496,95,91,4,4
28497,56,61,-5,5
28498,146,127,19,19
28499,123,106,17,17
28500,93,108,-15,15
28501,71,72,-1,1
28502,97,91,6,6
28503,122,106,16,16
28504,97,95,2,2
28505,86,80,6,6
28506,87,85,2,2
28507,134,112,22,22
28508,99,97,2,2
28509,135,117,18,18
28510,85,81,4,4
28511,132,121,11,11
28512,54,57,-3,3
28513,77,81,-4,4
28514,63,69,-6,6
28515,138,127,11,11
28516,58,60,-2,2
28517,141,121,20,20
28518,161,144,17,17
28519,105,105,0,0
28520,107,106,1,1
28521,153,146,7,7
28522,90,90,0,0
28523,147,136,11,11
28524,92,92,0,0
28525,34,35,-1,1
28526,90,90,0,0
28527,50,56,-6,6
28528,83,78,5,5
28529,127,126,1,1
28530,59,56,3,3
28531,57,61,-4,4
28532,115,109,6,6
28533,91,93,-2,2
28534,143,121,22,22
28535,119,105,14,14
28536,97,96,1,1
28537,155,137,18,18
28538,128,114,14,14
28539,67,68,-1,1
28540,60,64,-4,4
28541,103,93,10,10
28542,128,111,17,17
28543,100,90,10,10
28544,71,71,0,0
28545,85,83,2,2
28546,74,72,2,2
28547,172,128,44,44
28548,73,71,2,2
28549,51,56,-5,5
28550,76,80,-4,4
28551,110,104,6,6
28552,125,99,26,26
28553,49,58,-9,9
28554,145,123,22,22
28555,81,75,6,6
28556,79,95,-16,16
28557,108,100,8,8
28558,95,88,7,7
28559,66,59,7,7
28560,78,75,3,3
28561,41,49,-8,8
28562,89,80,9,9
28563,60,65,-5,5
28564,88,79,9,9
28565,54,63,-9,9
28566,112,99,13,13
28567,135,114,21,21
28568,123,114,9,9
28569,76,90,-14,14
28570,82,79,3,3
28571,38,42,-4,4
28572,51,54,-3,3
28573,33,46,-13,13
28574,100,94,6,6
28575,64,71,-7,7
28576,98,94,4,4
28577,104,93,11,11
28578,108,102,6,6
28579,112,103,9,9
28580,54,60,-6,6
28581,75,73,2,2
28582,89,93,-4,4
28583,137,117,20,20
28584,66,60,6,6
28585,81,85,-4,4
28586,91,91,0,0
28587,84,84,0,0
28588,52,50,2,2
28589,64,71,-7,7
28590,176,157,19,19
28591,59,64,-5,5
28592,70,67,3,3
28593,69,66,3,3
28594,83,100,-17,17
28595,71,72,-1,1
28596,61,62,-1,1
28597,65,59,6,6
28598,94,104,-10,10
28599,53,54,-1,1
28600,66,58,8,8
28601,93,89,4,4
28602,66,64,2,2
28603,75,71,4,4
28604,96,99,-3,3
28605,66,61,5,5
28606,158,111,47,47
28607,80,71,9,9
28608,67,65,2,2
28609,67,68,-1,1
28610,79,79,0,0
28611,57,61,-4,4
28612,66,71,-5,5
28613,44,46,-2,2
28614,59,60,-1,1
28615,150,130,20,20
28616,128,114,14,14
28617,74,75,-1,1
28618,38,55,-17,17
28619,51,52,-1,1
28620,123,114,9,9
28621,61,56,5,5
28622,77,66,11,11
28623,61,63,-2,2
28624,94,89,5,5
28625,104,104,0,0
28626,62,71,-9,9
28627,115,101,14,14
28628,122,100,22,22
28629,96,93,3,3
28630,84,80,4,4
28631,119,107,12,12
28632,99,91,8,8
28633,85,82,3,3
28634,118,104,14,14
28635,144,117,27,27
28636,54,56,-2,2
28637,152,126,26,26
28638,47,53,-6,6
28639,67,65,2,2
28640,81,79,2,2
28641,125,112,13,13
28642,104,93,11,11
28643,63,71,-8,8
28644,71,62,9,9
28645,56,63,-7,7
28646,144,133,11,11
28647,125,126,-1,1
28648,64,59,5,5
28649,108,91,17,17
28650,87,80,7,7
28651,66,74,-8,8
28652,83,85,-2,2
28653,102,93,9,9
28654,120,113,7,7
28655,114,106,8,8
28656,114,104,10,10
28657,148,134,14,14
28658,100,94,6,6
28659,76,71,5,5
28660,53,58,-5,5
28661,104,101,3,3
28662,101,102,-1,1
28663,93,91,2,2
28664,50,53,-3,3
28665,47,51,-4,4
28666,137,123,14,14
28667,109,97,12,12
28668,83,91,-8,8
28669,32,34,-2,2
28670,69,66,3,3
28671,92,85,7,7
28672,78,80,-2,2
28673,96,105,-9,9
28674,92,84,8,8
28675,53,51,2,2
28676,144,130,14,14
28677,107,95,12,12
28678,112,103,9,9
28679,72,66,6,6
28680,108,95,13,13
28681,84,76,8,8
28682,54,59,-5,5
28683,82,103,-21,21
28684,98,84,14,14
28685,73,78,-5,5
28686,50,57,-7,7
28687,89,87,2,2
28688,66,65,1,1
28689,140,132,8,8
28690,97,92,5,5
28691,77,81,-4,4
28692,106,84,22,22
28693,73,74,-1,1
28694,122,110,12,12
28695,80,80,0,0
28696,60,63,-3,3
28697,90,80,10,10
28698,83,84,-1,1
28699,86,87,-1,1
28700,33,34,-1,1
28701,134,121,13,13
28702,117,111,6,6
28703,60,60,0,0
28704,116,106,10,10
28705,110,110,0,0
28706,129,119,10,10
28707,88,82,6,6
28708,76,74,2,2
28709,171,149,22,22
28710,98,84,14,14
28711,100,92,8,8
28712,66,57,9,9
28713,140,119,21,21
28714,101,85,16,16
28715,61,58,3,3
28716,89,84,5,5
28717,93,89,4,4
28718,101,93,8,8
28719,63,71,-8,8
28720,85,85,0,0
28721,94,93,1,1
28722,114,124,-10,10
28723,104,104,0,0
28724,78,75,3,3
28725,108,115,-7,7
28726,57,58,-1,1
28727,38,51,-13,13
28728,69,76,-7,7
28729,106,100,6,6
28730,77,78,-1,1
28731,235,212,23,23
28732,98,96,2,2
28733,111,101,10,10
28734,70,87,-17,17
28735,102,93,9,9
28736,92,91,1,1
28737,67,76,-9,9
28738,83,87,-4,4
28739,71,69,2,2
28740,92,72,20,20
28741,59,61,-2,2
28742,90,86,4,4
28743,71,68,3,3
28744,52,59,-7,7
28745,109,89,20,20
28746,105,107,-2,2
28747,79,79,0,0
28748,81,79,2,2
28749,84,83,1,1
28750,80,73,7,7
28751,56,63,-7,7
28752,84,79,5,5
28753,44,52,-8,8
28754,85,83,2,2
28755,62,67,-5,5
28756,83,78,5,5
28757,59,75,-16,16
28758,92,83,9,9
28759,99,99,0,0
28760,131,133,-2,2
28761,58,59,-1,1
28762,164,136,28,28
28763,132,109,23,23
28764,73,69,4,4
28765,82,80,2,2
28766,57,63,-6,6
28767,97,101,-4,4
28768,26,36,-10,10
28769,107,95,12,12
28770,88,78,10,10
28771,84,84,0,0
28772,82,82,0,0
28773,141,137,4,4
28774,78,77,1,1
28775,146,130,16,16
28776,84,80,4,4
28777,93,82,11,11
28778,74,74,0,0
28779,139,121,18,18
28780,125,119,6,6
28781,65,69,-4,4
28782,101,100,1,1
28783,114,111,3,3
28784,54,59,-5,5
28785,99,92,7,7
28786,83,86,-3,3
28787,128,113,15,15
28788,90,93,-3,3
28789,77,74,3,3
28790,68,58,10,10
28791,78,89,-11,11
28792,76,78,-2,2
28793,85,82,3,3
28794,106,102,4,4
28795,207,161,46,46
28796,105,99,6,6
28797,110,109,1,1
28798,86,79,7,7
28799,166,124,42,42
28800,118,106,12,12
28801,99,93,6,6
28802,80,85,-5,5
28803,27,44,-17,17
28804,125,103,22,22
28805,92,88,4,4
28806,85,79,6,6
28807,91,93,-2,2
28808,61,58,3,3
28809,86,80,6,6
28810,50,55,-5,5
28811,101,97,4,4
28812,79,69,10,10
28813,82,95,-13,13
28814,63,57,6,6
28815,100,90,10,10
28816,103,83,20,20
28817,150,130,20,20
28818,86,77,9,9
28819,72,79,-7,7
28820,54,57,-3,3
28821,136,125,11,11
28822,60,59,1,1
28823,118,104,14,14
28824,64,59,5,5
28825,78,74,4,4
28826,76,70,6,6
28827,145,130,15,15
28828,62,70,-8,8
28829,98,97,1,1
28830,100,96,4,4
28831,142,125,17,17
28832,77,87,-10,10
28833,81,92,-11,11
28834,79,78,1,1
28835,78,75,3,3
28836,84,85,-1,1
28837,63,57,6,6
28838,94,89,5,5
28839,89,82,7,7
28840,78,79,-1,1
28841,132,128,4,4
28842,151,130,21,21
28843,156,137,19,19
28844,41,58,-17,17
28845,106,100,6,6
28846,99,96,3,3
28847,42,47,-5,5
28848,79,73,6,6
28849,60,71,-11,11
28850,136,128,8,8
28851,130,119,11,11
28852,136,131,5,5
28853,81,75,6,6
28854,112,101,11,11
28855,60,61,-1,1
28856,93,80,13,13
28857,103,105,-2,2
28858,180,153,27,27
28859,93,85,8,8
28860,172,148,24,24
28861,95,100,-5,5
28862,79,86,-7,7
28863,55,60,-5,5
28864,105,100,5,5
28865,118,106,12,12
28866,111,102,9,9
28867,66,71,-5,5
28868,146,116,30,30
28869,81,108,-27,27
28870,75,72,3,3
28871,79,81,-2,2
28872,64,62,2,2
28873,97,97,0,0
28874,103,96,7,7
28875,68,71,-3,3
28876,74,80,-6,6
28877,80,74,6,6
28878,90,74,16,16
28879,59,56,3,3
28880,109,106,3,3
28881,90,83,7,7
28882,71,78,-7,7
28883,108,100,8,8
28884,83,73,10,10
28885,130,116,14,14
28886,85,89,-4,4
28887,49,58,-9,9
28888,73,75,-2,2
28889,104,100,4,4
28890,131,120,11,11
28891,69,69,0,0
28892,102,93,9,9
28893,74,71,3,3
28894,58,60,-2,2
28895,167,142,25,25
28896,144,136,8,8
28897,108,107,1,1
28898,70,70,0,0
28899,84,83,1,1
28900,50,52,-2,2
28901,68,73,-5,5
28902,128,124,4,4
28903,106,108,-2,2
28904,63,67,-4,4
28905,61,99,-38,38
28906,82,75,7,7
28907,100,100,0,0
28908,92,92,0,0
28909,75,80,-5,5
28910,132,119,13,13
28911,85,90,-5,5
28912,183,154,29,29
28913,115,102,13,13
28914,125,111,14,14
28915,99,93,6,6
28916,102,96,6,6
28917,125,120,5,5
28918,75,75,0,0
28919,173,152,21,21
28920,66,71,-5,5
28921,90,79,11,11
28922,88,85,3,3
28923,124,113,11,11
28924,70,66,4,4
28925,93,86,7,7
28926,64,58,6,6
28927,60,54,6,6
28928,134,125,9,9
28929,104,93,11,11
28930,44,49,-5,5
28931,109,91,18,18
28932,68,62,6,6
28933,81,83,-2,2
28934,103,100,3,3
28935,99,98,1,1
28936,80,79,1,1
28937,104,100,4,4
28938,67,71,-4,4
28939,126,112,14,14
28940,53,52,1,1
28941,135,121,14,14
28942,95,84,11,11
28943,95,98,-3,3
28944,63,67,-4,4
28945,140,116,24,24
28946,71,81,-10,10
28947,79,76,3,3
28948,47,76,-29,29
28949,87,92,-5,5
28950,57,61,-4,4
28951,81,80,1,1
28952,53,57,-4,4
28953,88,92,-4,4
28954,109,104,5,5
28955,85,85,0,0
28956,114,102,12,12
28957,81,81,0,0
28958,85,91,-6,6
28959,95,93,2,2
28960,61,70,-9,9
28961,65,64,1,1
28962,47,59,-12,12
28963,57,58,-1,1
28964,66,74,-8,8
28965,86,88,-2,2
28966,76,74,2,2
28967,143,121,22,22
28968,79,91,-12,12
28969,87,77,10,10
28970,99,93,6,6
28971,103,109,-6,6
28972,83,74,9,9
28973,116,106,10,10
28974,128,118,10,10
28975,159,143,16,16
28976,113,99,14,14
28977,124,109,15,15
28978,81,83,-2,2
28979,66,56,10,10
28980,82,67,15,15
28981,58,69,-11,11
28982,101,102,-1,1
28983,67,74,-7,7
28984,97,84,13,13
28985,78,82,-4,4
28986,104,99,5,5
28987,117,111,6,6
28988,82,88,-6,6
28989,125,119,6,6
28990,152,134,18,18
28991,92,95,-3,3
28992,128,112,16,16
28993,68,70,-2,2
28994,101,93,8,8
28995,96,94,2,2
28996,98,95,3,3
28997,134,113,21,21
28998,106,106,0,0
28999,54,57,-3,3
29000,88,91,-3,3
29001,66,62,4,4
29002,99,95,4,4
29003,82,82,0,0
29004,118,111,7,7
29005,66,63,3,3
29006,96,91,5,5
29007,139,125,14,14
29008,25,33,-8,8
29009,123,106,17,17
29010,130,112,18,18
29011,92,82,10,10
29012,80,82,-2,2
29013,67,60,7,7
29014,71,68,3,3
29015,92,91,1,1
29016,113,95,18,18
29017,67,78,-11,11
29018,58,60,-2,2
29019,39,83,-44,44
29020,78,81,-3,3
29021,113,95,18,18
29022,50,56,-6,6
29023,66,66,0,0
29024,88,90,-2,2
29025,88,91,-3,3
29026,131,114,17,17
29027,64,80,-16,16
29028,91,84,7,7
29029,101,90,11,11
29030,110,100,10,10
29031,56,63,-7,7
29032,77,76,1,1
29033,129,117,12,12
29034,91,97,-6,6
29035,97,96,1,1
29036,98,94,4,4
29037,75,77,-2,2
29038,109,88,21,21
29039,64,73,-9,9
29040,71,73,-2,2
29041,54,57,-3,3
29042,59,63,-4,4
29043,145,126,19,19
29044,86,75,11,11
29045,56,56,0,0
29046,79,85,-6,6
29047,114,110,4,4
29048,65,72,-7,7
29049,104,88,16,16
29050,61,69,-8,8
29051,155,143,12,12
29052,106,100,6,6
29053,48,61,-13,13
29054,173,129,44,44
29055,31,42,-11,11
29056,87,88,-1,1
29057,147,133,14,14
29058,79,78,1,1
29059,92,99,-7,7
29060,100,89,11,11
29061,118,120,-2,2
29062,83,81,2,2
29063,72,72,0,0
29064,101,91,10,10
29065,83,84,-1,1
29066,94,88,6,6
29067,103,101,2,2
29068,73,74,-1,1
29069,179,155,24,24
29070,115,99,16,16
29071,85,76,9,9
29072,101,94,7,7
29073,130,120,10,10
29074,155,147,8,8
29075,65,67,-2,2
29076,116,114,2,2
29077,71,72,-1,1
29078,78,81,-3,3
29079,129,119,10,10
29080,78,71,7,7
29081,141,118,23,23
29082,139,116,23,23
29083,90,81,9,9
29084,174,150,24,24
29085,92,87,5,5
29086,76,75,1,1
29087,40,48,-8,8
29088,36,36,0,0
29089,78,77,1,1
29090,89,92,-3,3
29091,63,69,-6,6
29092,79,73,6,6
29093,127,108,19,19
29094,61,69,-8,8
29095,118,75,43,43
29096,112,97,15,15
29097,131,117,14,14
29098,78,75,3,3
29099,95,88,7,7
29100,75,72,3,3
29101,170,147,23,23
29102,97,98,-1,1
29103,62,63,-1,1
29104,130,112,18,18
29105,116,124,-8,8
29106,72,80,-8,8
29107,89,81,8,8
29108,95,97,-2,2
29109,82,80,2,2
29110,54,62,-8,8
29111,102,95,7,7
29112,106,97,9,9
29113,138,120,18,18
29114,90,90,0,0
29115,53,61,-8,8
29116,111,95,16,16
29117,91,86,5,5
29118,84,85,-1,1
29119,116,100,16,16
29120,119,107,12,12
29121,82,82,0,0
29122,102,91,11,11
29123,64,66,-2,2
29124,40,55,-15,15
29125,104,101,3,3
29126,73,71,2,2
29127,92,90,2,2
29128,127,106,21,21
29129,155,135,20,20
29130,82,82,0,0
29131,86,83,3,3
29132,61,56,5,5
29133,136,118,18,18
29134,123,120,3,3
29135,40,50,-10,10
29136,103,92,11,11
29137,145,133,12,12
29138,92,91,1,1
29139,60,79,-19,19
29140,71,69,2,2
29141,63,65,-2,2
29142,51,57,-6,6
29143,92,88,4,4
29144,48,52,-4,4
29145,66,54,12,12
29146,165,137,28,28
29147,114,102,12,12
29148,48,50,-2,2
29149,121,105,16,16
29150,134,119,15,15
29151,68,65,3,3
29152,34,52,-18,18
29153,68,68,0,0
29154,72,74,-2,2
29155,63,65,-2,2
29156,59,66,-7,7
29157,94,94,0,0
29158,59,59,0,0
29159,77,85,-8,8
29160,119,105,14,14
29161,134,123,11,11
29162,120,113,7,7
29163,90,81,9,9
29164,79,78,1,1
29165,70,70,0,0
29166,103,94,9,9
29167,111,94,17,17
29168,62,63,-1,1
29169,139,113,26,26
29170,138,128,10,10
29171,213,190,23,23
29172,73,74,-1,1
29173,116,107,9,9
29174,135,124,11,11
29175,77,73,4,4
29176,89,80,9,9
29177,40,39,1,1
29178,82,78,4,4
29179,101,102,-1,1
29180,81,92,-11,11
29181,159,141,18,18
29182,89,88,1,1
29183,74,80,-6,6
29184,106,98,8,8
29185,53,61,-8,8
29186,98,110,-12,12
29187,96,86,10,10
29188,116,113,3,3
29189,68,69,-1,1
29190,74,76,-2,2
29191,167,153,14,14
29192,90,95,-5,5
29193,106,98,8,8
29194,62,57,5,5
29195,46,49,-3,3
29196,68,76,-8,8
29197,73,72,1,1
29198,78,80,-2,2
29199,58,59,-1,1
29200,129,114,15,15
29201,79,86,-7,7
29202,92,82,10,10
29203,34,47,-13,13
29204,81,58,23,23
29205,73,68,5,5
29206,171,155,16,16
29207,90,96,-6,6
29208,70,79,-9,9
29209,199,181,18,18
29210,68,66,2,2
29211,161,143,18,18
29212,46,44,2,2
29213,61,63,-2,2
29214,112,103,9,9
29215,133,111,22,22
29216,91,81,10,10
29217,80,86,-6,6
29218,160,120,40,40
29219,90,84,6,6
29220,103,91,12,12
29221,87,75,12,12
29222,148,126,22,22
29223,183,117,66,66
29224,87,81,6,6
29225,161,134,27,27
29226,80,74,6,6
29227,128,122,6,6
29228,123,112,11,11
29229,159,133,26,26
29230,48,48,0,0
29231,77,80,-3,3
29232,87,83,4,4
29233,53,50,3,3
29234,118,107,11,11
29235,89,67,22,22
29236,76,76,0,0
29237,145,123,22,22
29238,125,103,22,22
29239,97,101,-4,4
29240,49,54,-5,5
29241,62,77,-15,15
29242,81,82,-1,1
29243,136,127,9,9
29244,100,99,1,1
29245,187,180,7,7
29246,105,105,0,0
29247,176,145,31,31
29248,113,105,8,8
29249,115,109,6,6
29250,86,87,-1,1
29251,120,103,17,17
29252,74,79,-5,5
29253,86,92,-6,6
29254,99,103,-4,4
29255,70,67,3,3
29256,109,108,1,1
29257,110,99,11,11
29258,102,98,4,4
29259,156,136,20,20
29260,107,103,4,4
29261,53,58,-5,5
29262,121,108,13,13
29263,97,94,3,3
29264,103,106,-3,3
29265,66,64,2,2
29266,108,117,-9,9
29267,59,66,-7,7
29268,64,70,-6,6
29269,70,71,-1,1
29270,86,80,6,6
29271,118,102,16,16
29272,61,66,-5,5
29273,120,104,16,16
29274,112,102,10,10
29275,176,137,39,39
29276,61,64,-3,3
29277,89,95,-6,6
29278,115,96,19,19
29279,112,95,17,17
29280,110,100,10,10
29281,92,87,5,5
29282,124,105,19,19
29283,60,59,1,1
29284,70,68,2,2
29285,98,90,8,8
29286,77,80,-3,3
29287,60,57,3,3
29288,149,134,15,15
29289,135,119,16,16
29290,71,70,1,1
29291,47,58,-11,11
29292,141,119,22,22
29293,76,81,-5,5
29294,85,78,7,7
29295,66,68,-2,2
29296,86,86,0,0
29297,144,127,17,17
29298,74,76,-2,2
29299,181,151,30,30
29300,79,81,-2,2
29301,106,95,11,11
29302,138,118,20,20
29303,91,73,18,18
29304,76,73,3,3
29305,140,120,20,20
29306,77,77,0,0
29307,54,64,-10,10
29308,71,72,-1,1
29309,110,93,17,17
29310,90,82,8,8
29311,116,113,3,3
29312,83,81,2,2
29313,59,64,-5,5
29314,92,89,3,3
29315,144,124,20,20
29316,67,59,8,8
29317,105,96,9,9
29318,62,61,1,1
29319,136,117,19,19
29320,111,106,5,5
29321,64,71,-7,7
29322,73,62,11,11
29323,86,90,-4,4
29324,84,81,3,3
29325,74,79,-5,5
29326,135,120,15,15
29327,119,107,12,12
29328,83,84,-1,1
29329,102,96,6,6
29330,84,87,-3,3
29331,66,110,-44,44
29332,47,48,-1,1
29333,97,89,8,8
29334,106,99,7,7
29335,75,72,3,3
29336,108,110,-2,2
29337,154,136,18,18
29338,91,82,9,9
29339,75,81,-6,6
29340,155,130,25,25
29341,75,84,-9,9
29342,211,170,41,41
29343,69,65,4,4
29344,52,57,-5,5
29345,84,69,15,15
29346,89,90,-1,1
29347,79,76,3,3
29348,78,80,-2,2
29349,90,82,8,8
29350,305,243,62,62
29351,83,84,-1,1
29352,193,173,20,20
29353,124,119,5,5
29354,46,48,-2,2
29355,85,75,10,10
29356,84,84,0,0
29357,98,94,4,4
29358,72,77,-5,5
29359,60,68,-8,8
29360,102,95,7,7
29361,92,84,8,8
29362,102,98,4,4
29363,74,85,-11,11
29364,114,100,14,14
29365,86,92,-6,6
29366,114,106,8,8
29367,151,147,4,4
29368,91,84,7,7
29369,78,69,9,9
29370,153,135,18,18
29371,80,89,-9,9
29372,108,105,3,3
29373,88,77,11,11
29374,153,128,25,25
29375,71,80,-9,9
29376,95,95,0,0
29377,127,113,14,14
29378,139,132,7,7
29379,46,51,-5,5
29380,124,112,12,12
29381,93,93,0,0
29382,114,99,15,15
29383,93,84,9,9
29384,67,65,2,2
29385,110,102,8,8
29386,63,67,-4,4
29387,70,65,5,5
29388,87,82,5,5
29389,122,110,12,12
29390,107,107,0,0
29391,153,132,21,21
29392,94,94,0,0
29393,101,96,5,5
29394,78,80,-2,2
29395,82,89,-7,7
29396,88,86,2,2
29397,94,84,10,10
29398,37,50,-13,13
29399,67,67,0,0
29400,85,81,4,4
29401,105,90,15,15
29402,40,56,-16,16
29403,194,158,36,36
29404,123,116,7,7
29405,87,80,7,7
29406,102,94,8,8
29407,145,126,19,19
29408,68,65,3,3
29409,159,131,28,28
29410,82,82,0,0
29411,83,71,12,12
29412,82,79,3,3
29413,69,60,9,9
29414,103,97,6,6
29415,105,102,3,3
29416,100,105,-5,5
29417,55,57,-2,2
29418,80,80,0,0
29419,73,78,-5,5
29420,51,36,15,15
29421,124,112,12,12
29422,52,56,-4,4
29423,115,120,-5,5
29424,116,104,12,12
29425,101,97,4,4
29426,63,54,9,9
29427,52,58,-6,6
29428,84,77,7,7
29429,142,125,17,17
29430,71,75,-4,4
29431,82,93,-11,11
29432,85,91,-6,6
29433,74,72,2,2
29434,61,53,8,8
29435,107,105,2,2
29436,98,96,2,2
29437,80,81,-1,1
29438,69,75,-6,6
29439,64,68,-4,4
29440,137,119,18,18
29441,77,74,3,3
29442,94,102,-8,8
29443,86,79,7,7
29444,60,64,-4,4
29445,54,69,-15,15
29446,62,62,0,0
29447,86,95,-9,9
29448,60,58,2,2
29449,64,64,0,0
29450,91,89,2,2
29451,71,69,2,2
29452,78,84,-6,6
29453,104,95,9,9
29454,103,100,3,3
29455,167,155,12,12
29456,129,105,24,24
29457,125,133,-8,8
29458,108,106,2,2
29459,77,79,-2,2
29460,121,117,4,4
29461,77,73,4,4
29462,61,68,-7,7
29463,67,65,2,2
29464,96,89,7,7
29465,113,113,0,0
29466,70,69,1,1
29467,79,73,6,6
29468,91,88,3,3
29469,86,92,-6,6
29470,74,71,3,3
29471,78,81,-3,3
29472,117,94,23,23
29473,82,70,12,12
29474,79,81,-2,2
29475,138,138,0,0
29476,92,85,7,7
29477,69,68,1,1
29478,81,88,-7,7
29479,73,77,-4,4
29480,100,98,2,2
29481,51,49,2,2
29482,60,62,-2,2
29483,109,99,10,10
29484,131,120,11,11
29485,71,73,-2,2
29486,77,83,-6,6
29487,97,102,-5,5
29488,69,69,0,0
29489,124,112,12,12
29490,69,69,0,0
29491,131,116,15,15
29492,87,88,-1,1
29493,178,161,17,17
29494,111,104,7,7
29495,122,101,21,21
29496,155,131,24,24
29497,136,108,28,28
29498,113,113,0,0
29499,64,69,-5,5
29500,111,103,8,8
29501,94,93,1,1
29502,58,63,-5,5
29503,89,80,9,9
29504,82,76,6,6
29505,87,93,-6,6
29506,50,61,-11,11
29507,79,75,4,4
29508,140,117,23,23
29509,134,187,-53,53
29510,119,103,16,16
29511,140,128,12,12
29512,119,111,8,8
29513,52,58,-6,6
29514,124,123,1,1
29515,131,101,30,30
29516,45,50,-5,5
29517,70,69,1,1
29518,99,95,4,4
29519,82,76,6,6
29520,73,69,4,4
29521,120,121,-1,1
29522,107,105,2,2
29523,88,84,4,4
29524,82,80,2,2
29525,59,57,2,2
29526,90,93,-3,3
29527,56,67,-11,11
29528,113,107,6,6
29529,78,68,10,10
29530,61,70,-9,9
29531,89,85,4,4
29532,44,51,-7,7
29533,62,60,2,2
29534,111,105,6,6
29535,75,76,-1,1
29536,74,73,1,1
29537,79,71,8,8
29538,89,88,1,1
29539,94,92,2,2
29540,116,102,14,14
29541,120,105,15,15
29542,180,155,25,25
29543,48,48,0,0
29544,85,82,3,3
29545,112,99,13,13
29546,114,100,14,14
29547,78,80,-2,2
29548,111,115,-4,4
29549,71,72,-1,1
29550,64,69,-5,5
29551,47,47,0,0
29552,85,88,-3,3
29553,90,94,-4,4
29554,137,114,23,23
29555,138,129,9,9
29556,64,57,7,7
29557,78,75,3,3
29558,42,40,2,2
29559,98,95,3,3
29560,59,55,4,4
29561,76,83,-7,7
29562,106,95,11,11
29563,33,37,-4,4
29564,121,116,5,5
29565,108,93,15,15
29566,76,78,-2,2
29567,64,60,4,4
29568,73,63,10,10
29569,112,101,11,11
29570,105,96,9,9
29571,59,69,-10,10
29572,205,162,43,43
29573,78,82,-4,4
29574,79,85,-6,6
29575,123,117,6,6
29576,83,82,1,1
29577,115,109,6,6
29578,75,73,2,2
29579,86,86,0,0
29580,111,117,-6,6
29581,82,102,-20,20
29582,157,142,15,15
29583,58,60,-2,2
29584,101,95,6,6
29585,99,94,5,5
29586,96,92,4,4
29587,133,131,2,2
29588,93,91,2,2
29589,79,72,7,7
29590,87,72,15,15
29591,101,102,-1,1
29592,73,74,-1,1
29593,76,78,-2,2
29594,110,92,18,18
29595,100,93,7,7
29596,87,86,1,1
29597,126,120,6,6
29598,81,73,8,8
29599,70,80,-10,10
29600,139,128,11,11
29601,74,73,1,1
29602,147,113,34,34
29603,92,81,11,11
29604,133,107,26,26
29605,87,84,3,3
29606,96,96,0,0
29607,70,94,-24,24
29608,75,80,-5,5
29609,121,109,12,12
29610,88,85,3,3
29611,96,95,1,1
29612,196,128,68,68
29613,90,90,0,0
29614,110,101,9,9
29615,59,60,-1,1
29616,131,115,16,16
29617,56,56,0,0
29618,98,98,0,0
29619,94,87,7,7
29620,73,80,-7,7
29621,52,46,6,6
29622,97,84,13,13
29623,119,105,14,14
29624,94,81,13,13
29625,144,126,18,18
29626,128,111,17,17
29627,81,76,5,5
29628,101,90,11,11
29629,138,121,17,17
29630,68,68,0,0
29631,124,99,25,25
29632,61,77,-16,16
29633,118,100,18,18
29634,69,74,-5,5
29635,84,83,1,1
29636,175,147,28,28
29637,54,57,-3,3
29638,72,80,-8,8
29639,82,75,7,7
29640,102,92,10,10
29641,107,99,8,8
29642,110,103,7,7
29643,128,114,14,14
29644,132,125,7,7
29645,80,79,1,1
29646,60,65,-5,5
29647,54,60,-6,6
29648,89,91,-2,2
29649,90,92,-2,2
29650,62,81,-19,19
29651,64,79,-15,15
29652,74,68,6,6
29653,123,189,-66,66
29654,77,77,0,0
29655,79,73,6,6
29656,88,84,4,4
29657,77,84,-7,7
29658,96,99,-3,3
29659,80,80,0,0
29660,104,99,5,5
29661,46,46,0,0
29662,70,76,-6,6
29663,93,97,-4,4
29664,103,95,8,8
29665,117,101,16,16
29666,80,81,-1,1
29667,93,90,3,3
29668,88,87,1,1
29669,101,95,6,6
29670,69,73,-4,4
29671,97,90,7,7
29672,56,60,-4,4
29673,101,92,9,9
29674,122,110,12,12
29675,95,94,1,1
29676,113,104,9,9
29677,150,124,26,26
29678,164,154,10,10
29679,87,85,2,2
29680,128,114,14,14
29681,66,70,-4,4
29682,68,61,7,7
29683,120,107,13,13
29684,151,139,12,12
29685,72,63,9,9
29686,89,92,-3,3
29687,231,194,37,37
29688,49,66,-17,17
29689,68,63,5,5
29690,81,78,3,3
29691,96,92,4,4
29692,123,105,18,18
29693,88,83,5,5
29694,188,164,24,24
29695,78,69,9,9
29696,78,80,-2,2
29697,105,104,1,1
29698,102,94,8,8
29699,74,81,-7,7
29700,74,80,-6,6
29701,63,66,-3,3
29702,106,100,6,6
29703,90,82,8,8
29704,100,94,6,6
29705,106,98,8,8
29706,74,74,0,0
29707,75,79,-4,4
29708,119,120,-1,1
29709,115,107,8,8
29710,125,104,21,21
29711,106,100,6,6
29712,113,108,5,5
29713,81,78,3,3
29714,84,79,5,5
29715,79,85,-6,6
29716,129,113,16,16
29717,55,53,2,2
29718,99,98,1,1
29719,88,91,-3,3
29720,129,105,24,24
29721,92,90,2,2
29722,113,107,6,6
29723,67,67,0,0
29724,96,104,-8,8
29725,64,70,-6,6
29726,132,131,1,1
29727,172,141,31,31
29728,104,99,5,5
29729,83,78,5,5
29730,70,82,-12,12
29731,104,96,8,8
29732,78,71,7,7
29733,66,81,-15,15
29734,81,80,1,1
29735,63,68,-5,5
29736,74,78,-4,4
29737,109,90,19,19
29738,70,70,0,0
29739,91,81,10,10
29740,95,93,2,2
29741,76,80,-4,4
29742,68,66,2,2
29743,92,85,7,7
29744,65,67,-2,2
29745,36,43,-7,7
29746,105,102,3,3
29747,110,101,9,9
29748,121,108,13,13
29749,49,48,1,1
29750,98,81,17,17
29751,117,104,13,13
29752,52,94,-42,42
29753,84,84,0,0
29754,148,130,18,18
29755,63,60,3,3
29756,63,71,-8,8
29757,92,93,-1,1
29758,85,79,6,6
29759,93,88,5,5
29760,88,75,13,13
29761,80,82,-2,2
29762,83,81,2,2
29763,61,68,-7,7
29764,76,73,3,3
29765,81,84,-3,3
29766,75,68,7,7
29767,61,55,6,6
29768,110,103,7,7
29769,91,83,8,8
29770,63,57,6,6
29771,126,117,9,9
29772,102,87,15,15
29773,102,93,9,9
29774,107,97,10,10
29775,49,52,-3,3
29776,71,77,-6,6
29777,70,82,-12,12
29778,94,93,1,1
29779,201,176,25,25
29780,80,84,-4,4
29781,62,59,3,3
29782,97,92,5,5
29783,77,78,-1,1
29784,74,96,-22,22
29785,55,61,-6,6
29786,88,81,7,7
29787,27,48,-21,21
29788,64,60,4,4
29789,95,102,-7,7
29790,74,75,-1,1
29791,99,101,-2,2
29792,68,67,1,1
29793,65,71,-6,6
29794,97,99,-2,2
29795,73,74,-1,1
29796,88,97,-9,9
29797,121,120,1,1
29798,102,90,12,12
29799,101,99,2,2
29800,78,81,-3,3
29801,156,134,22,22
29802,76,83,-7,7
29803,66,61,5,5
29804,91,97,-6,6
29805,82,73,9,9
29806,150,135,15,15
29807,46,50,-4,4
29808,164,148,16,16
29809,134,120,14,14
29810,124,115,9,9
29811,75,74,1,1
29812,64,74,-10,10
29813,207,177,30,30
29814,125,122,3,3
29815,143,119,24,24
29816,79,72,7,7
29817,62,62,0,0
29818,149,139,10,10
29819,136,119,17,17
29820,48,51,-3,3
29821,117,101,16,16
29822,50,56,-6,6
29823,88,82,6,6
29824,62,64,-2,2
29825,37,43,-6,6
29826,142,117,25,25
29827,59,60,-1,1
29828,123,111,12,12
29829,78,76,2,2
29830,117,104,13,13
29831,84,87,-3,3
29832,191,159,32,32
29833,176,143,33,33
29834,68,58,10,10
29835,58,59,-1,1
29836,74,73,1,1
29837,166,146,20,20
29838,178,154,24,24
29839,102,99,3,3
29840,106,97,9,9
29841,121,113,8,8
29842,157,141,16,16
29843,60,59,1,1
29844,116,107,9,9
29845,133,120,13,13
29846,50,51,-1,1
29847,90,85,5,5
29848,138,117,21,21
29849,216,189,27,27
29850,114,104,10,10
29851,107,102,5,5
29852,68,61,7,7
29853,52,59,-7,7
29854,139,120,19,19
29855,98,83,15,15
29856,143,124,19,19
29857,97,85,12,12
29858,80,84,-4,4
29859,60,55,5,5
29860,104,98,6,6
29861,102,102,0,0
29862,155,140,15,15
29863,157,133,24,24
29864,122,98,24,24
29865,89,86,3,3
29866,68,68,0,0
29867,68,69,-1,1
29868,102,101,1,1
29869,107,106,1,1
29870,62,61,1,1
29871,145,139,6,6
29872,92,89,3,3
29873,113,100,13,13
29874,72,66,6,6
29875,67,68,-1,1
29876,86,82,4,4
29877,78,81,-3,3
29878,94,92,2,2
29879,103,86,17,17
29880,145,137,8,8
29881,74,81,-7,7
29882,128,126,2,2
29883,146,115,31,31
29884,54,57,-3,3
29885,162,138,24,24
29886,150,139,11,11
29887,57,64,-7,7
29888,118,113,5,5
29889,37,44,-7,7
29890,121,106,15,15
29891,130,109,21,21
29892,62,67,-5,5
29893,66,69,-3,3
29894,119,92,27,27
29895,120,103,17,17
29896,100,99,1,1
29897,121,117,4,4
29898,85,90,-5,5
29899,99,92,7,7
29900,63,69,-6,6
29901,98,84,14,14
29902,62,60,2,2
29903,78,76,2,2
29904,61,60,1,1
29905,110,95,15,15
29906,90,87,3,3
29907,125,94,31,31
29908,59,57,2,2
29909,83,76,7,7
29910,103,107,-4,4
29911,66,67,-1,1
29912,131,123,8,8
29913,72,76,-4,4
29914,56,61,-5,5
29915,110,103,7,7
29916,72,76,-4,4
29917,120,114,6,6
29918,82,83,-1,1
29919,79,81,-2,2
29920,169,148,21,21
29921,140,137,3,3
29922,139,134,5,5
29923,53,58,-5,5
29924,93,97,-4,4
29925,95,85,10,10
29926,91,84,7,7
29927,96,87,9,9
29928,115,107,8,8
29929,80,71,9,9
29930,61,67,-6,6
29931,125,123,2,2
29932,79,72,7,7
29933,113,101,12,12
29934,113,109,4,4
29935,79,79,0,0
29936,143,121,22,22
29937,69,84,-15,15
29938,71,93,-22,22
29939,67,69,-2,2
29940,53,52,1,1
29941,132,129,3,3
29942,129,115,14,14
29943,85,80,5,5
29944,107,101,6,6
29945,143,127,16,16
29946,57,49,8,8
29947,99,93,6,6
29948,54,61,-7,7
29949,102,102,0,0
29950,64,64,0,0
29951,86,94,-8,8
29952,88,82,6,6
29953,170,141,29,29
29954,71,75,-4,4
29955,127,115,12,12
29956,61,63,-2,2
29957,63,70,-7,7
29958,46,52,-6,6
29959,78,74,4,4
29960,85,88,-3,3
29961,86,73,13,13
29962,91,81,10,10
29963,75,70,5,5
29964,75,74,1,1
29965,73,94,-21,21
29966,74,71,3,3
29967,69,74,-5,5
29968,77,70,7,7
29969,119,113,6,6
29970,77,84,-7,7
29971,143,130,13,13
29972,132,125,7,7
29973,89,90,-1,1
29974,60,58,2,2
29975,131,128,3,3
29976,83,79,4,4
29977,80,76,4,4
29978,92,84,8,8
29979,187,168,19,19
29980,128,117,11,11
29981,151,132,19,19
29982,44,44,0,0
29983,83,84,-1,1
29984,78,73,5,5
29985,81,81,0,0
29986,73,77,-4,4
29987,138,127,11,11
29988,45,47,-2,2
29989,58,61,-3,3
29990,105,100,5,5
29991,103,96,7,7
29992,91,85,6,6
29993,48,53,-5,5
29994,74,80,-6,6
29995,104,89,15,15
29996,69,73,-4,4
29997,62,65,-3,3
29998,140,142,-2,2
29999,129,137,-8,8
30000,98,89,9,9
30001,99,92,7,7
30002,71,69,2,2
30003,149,146,3,3
30004,101,101,0,0
30005,114,116,-2,2
30006,181,155,26,26
30007,112,113,-1,1
30008,112,103,9,9
30009,95,89,6,6
30010,133,119,14,14
30011,168,139,29,29
30012,24,45,-21,21
30013,119,106,13,13
30014,102,95,7,7
30015,84,79,5,5
30016,134,118,16,16
30017,69,65,4,4
30018,66,63,3,3
30019,74,68,6,6
30020,113,103,10,10
30021,64,69,-5,5
30022,79,75,4,4
30023,103,83,20,20
30024,107,101,6,6
30025,66,72,-6,6
30026,88,83,5,5
30027,158,150,8,8
30028,123,105,18,18
30029,73,79,-6,6
30030,105,99,6,6
30031,65,69,-4,4
30032,119,113,6,6
30033,68,65,3,3
30034,64,62,2,2
30035,74,73,1,1
30036,23,26,-3,3
30037,97,92,5,5
30038,124,109,15,15
30039,72,73,-1,1
30040,132,118,14,14
30041,42,56,-14,14
30042,121,106,15,15
30043,89,81,8,8
30044,113,100,13,13
30045,114,103,11,11
30046,57,58,-1,1
30047,63,63,0,0
30048,121,112,9,9
30049,144,121,23,23
30050,118,111,7,7
30051,64,65,-1,1
30052,121,111,10,10
30053,135,119,16,16
30054,80,85,-5,5
30055,110,101,9,9
30056,100,94,6,6
30057,94,97,-3,3
30058,83,78,5,5
30059,87,88,-1,1
30060,67,69,-2,2
30061,95,97,-2,2
30062,88,80,8,8
30063,93,93,0,0
30064,91,79,12,12
30065,133,115,18,18
30066,77,92,-15,15
30067,106,104,2,2
30068,53,60,-7,7
30069,89,88,1,1
30070,154,118,36,36
30071,98,100,-2,2
30072,54,58,-4,4
30073,79,80,-1,1
30074,115,105,10,10
30075,135,125,10,10
30076,81,79,2,2
30077,56,64,-8,8
30078,54,64,-10,10
30079,73,65,8,8
30080,80,83,-3,3
30081,114,100,14,14
30082,170,154,16,16
30083,124,112,12,12
30084,63,62,1,1
30085,93,102,-9,9
30086,77,75,2,2
30087,178,155,23,23
30088,67,63,4,4
30089,72,65,7,7
30090,60,57,3,3
30091,64,66,-2,2
30092,85,79,6,6
30093,158,137,21,21
30094,124,105,19,19
30095,70,106,-36,36
30096,61,69,-8,8
30097,110,110,0,0
30098,94,97,-3,3
30099,161,135,26,26
30100,98,97,1,1
30101,165,138,27,27
30102,82,83,-1,1
30103,102,103,-1,1
30104,105,97,8,8
30105,85,91,-6,6
30106,106,104,2,2
30107,91,80,11,11
30108,86,86,0,0
30109,44,44,0,0
30110,96,97,-1,1
30111,114,99,15,15
30112,83,81,2,2
30113,24,25,-1,1
30114,75,80,-5,5
30115,140,134,6,6
30116,46,48,-2,2
30117,80,76,4,4
30118,82,95,-13,13
30119,125,111,14,14
30120,56,59,-3,3
30121,76,77,-1,1
30122,44,48,-4,4
30123,102,91,11,11
30124,146,133,13,13
30125,46,47,-1,1
30126,80,81,-1,1
30127,117,114,3,3
30128,85,76,9,9
30129,60,58,2,2
30130,81,87,-6,6
30131,42,40,2,2
30132,79,87,-8,8
30133,98,86,12,12
30134,110,102,8,8
30135,74,71,3,3
30136,54,56,-2,2
30137,113,111,2,2
30138,78,87,-9,9
30139,52,50,2,2
30140,449,423,26,26
30141,121,113,8,8
30142,68,68,0,0
30143,35,42,-7,7
30144,36,40,-4,4
30145,81,84,-3,3
30146,155,135,20,20
30147,207,166,41,41
30148,105,105,0,0
30149,66,73,-7,7
30150,105,89,16,16
30151,63,58,5,5
30152,97,90,7,7
30153,114,99,15,15
30154,69,69,0,0
30155,181,161,20,20
30156,58,66,-8,8
30157,56,59,-3,3
30158,41,45,-4,4
30159,61,66,-5,5
30160,108,111,-3,3
30161,113,97,16,16
30162,46,39,7,7
30163,85,79,6,6
30164,109,106,3,3
30165,144,133,11,11
30166,45,77,-32,32
30167,56,50,6,6
30168,71,66,5,5
30169,83,73,10,10
30170,72,75,-3,3
30171,92,82,10,10
30172,97,105,-8,8
30173,52,56,-4,4
30174,135,127,8,8
30175,69,71,-2,2
30176,88,89,-1,1
30177,79,73,6,6
30178,74,73,1,1
30179,74,77,-3,3
30180,102,104,-2,2
30181,154,126,28,28
30182,225,197,28,28
30183,98,101,-3,3
30184,77,80,-3,3
30185,164,132,32,32
30186,144,107,37,37
30187,75,71,4,4
30188,142,136,6,6
30189,115,108,7,7
30190,81,80,1,1
30191,103,102,1,1
30192,94,96,-2,2
30193,76,92,-16,16
30194,50,56,-6,6
30195,108,114,-6,6
30196,146,126,20,20
30197,90,87,3,3
30198,129,116,13,13
30199,74,84,-10,10
30200,105,95,10,10
30201,91,88,3,3
30202,121,117,4,4
30203,109,90,19,19
30204,85,96,-11,11
30205,111,111,0,0
30206,136,121,15,15
30207,74,72,2,2
30208,89,96,-7,7
30209,102,94,8,8
30210,63,58,5,5
30211,113,109,4,4
30212,92,80,12,12
30213,87,90,-3,3
30214,98,92,6,6
30215,111,106,5,5
30216,116,98,18,18
30217,133,128,5,5
30218,160,141,19,19
30219,86,84,2,2
30220,132,123,9,9
30221,110,102,8,8
30222,53,58,-5,5
30223,95,92,3,3
30224,88,87,1,1
30225,56,57,-1,1
30226,75,80,-5,5
30227,76,74,2,2
30228,47,50,-3,3
30229,96,88,8,8
30230,39,59,-20,20
30231,159,131,28,28
30232,61,63,-2,2
30233,53,51,2,2
30234,84,81,3,3
30235,85,80,5,5
30236,82,85,-3,3
30237,88,90,-2,2
30238,87,80,7,7
30239,111,103,8,8
30240,161,134,27,27
30241,131,125,6,6
30242,89,79,10,10
30243,156,137,19,19
30244,61,60,1,1
30245,94,96,-2,2
30246,102,84,18,18
30247,167,156,11,11
30248,182,151,31,31
30249,59,55,4,4
30250,162,133,29,29
30251,132,120,12,12
30252,66,63,3,3
30253,88,84,4,4
30254,106,87,19,19
30255,59,61,-2,2
30256,86,86,0,0
30257,45,52,-7,7
30258,42,53,-11,11
30259,54,53,1,1
30260,79,81,-2,2
30261,139,130,9,9
30262,98,97,1,1
30263,113,104,9,9
30264,87,84,3,3
30265,55,60,-5,5
30266,47,52,-5,5
30267,93,95,-2,2
30268,55,59,-4,4
30269,113,128,-15,15
30270,87,80,7,7
30271,138,125,13,13
30272,106,95,11,11
30273,76,79,-3,3
30274,89,87,2,2
30275,90,81,9,9
30276,119,109,10,10
30277,106,101,5,5
30278,89,83,6,6
30279,80,83,-3,3
30280,77,76,1,1
30281,138,114,24,24
30282,99,91,8,8
30283,70,78,-8,8
30284,107,99,8,8
30285,64,66,-2,2
30286,123,113,10,10
30287,75,79,-4,4
30288,46,55,-9,9
30289,94,90,4,4
30290,68,67,1,1
30291,116,114,2,2
30292,68,75,-7,7
30293,42,35,7,7
30294,74,61,13,13
30295,102,99,3,3
30296,111,100,11,11
30297,102,103,-1,1
30298,155,156,-1,1
30299,97,95,2,2
30300,75,70,5,5
30301,158,153,5,5
30302,66,57,9,9
30303,72,69,3,3
30304,197,150,47,47
30305,133,111,22,22
30306,103,100,3,3
30307,119,108,11,11
30308,88,91,-3,3
30309,56,63,-7,7
30310,59,67,-8,8
30311,73,84,-11,11
30312,100,91,9,9
30313,83,76,7,7
30314,104,97,7,7
30315,91,94,-3,3
30316,86,86,0,0
30317,62,59,3,3
30318,90,95,-5,5
30319,79,74,5,5
30320,127,116,11,11
30321,108,112,-4,4
30322,38,66,-28,28
30323,63,73,-10,10
30324,55,59,-4,4
30325,111,89,22,22
30326,53,63,-10,10
30327,77,71,6,6
30328,143,133,10,10
30329,136,122,14,14
30330,47,56,-9,9
30331,85,79,6,6
30332,96,87,9,9
30333,87,81,6,6
30334,87,83,4,4
30335,144,123,21,21
30336,105,94,11,11
30337,96,96,0,0
30338,78,80,-2,2
30339,140,140,0,0
30340,69,65,4,4
30341,41,48,-7,7
30342,73,81,-8,8
30343,75,76,-1,1
30344,54,64,-10,10
30345,71,72,-1,1
30346,92,93,-1,1
30347,78,76,2,2
30348,106,99,7,7
30349,77,80,-3,3
30350,74,78,-4,4
30351,59,58,1,1
30352,94,102,-8,8
30353,86,80,6,6
30354,102,104,-2,2
30355,87,91,-4,4
30356,121,113,8,8
30357,75,69,6,6
30358,108,98,10,10
30359,174,146,28,28
30360,119,109,10,10
30361,84,89,-5,5
30362,98,92,6,6
30363,84,86,-2,2
30364,89,81,8,8
30365,87,76,11,11
30366,43,48,-5,5
30367,95,96,-1,1
30368,62,63,-1,1
30369,97,98,-1,1
30370,110,100,10,10
30371,102,102,0,0
30372,95,94,1,1
30373,84,84,0,0
30374,88,92,-4,4
30375,101,96,5,5
30376,154,141,13,13
30377,159,136,23,23
30378,103,92,11,11
30379,75,75,0,0
30380,119,104,15,15
30381,27,26,1,1
30382,77,81,-4,4
30383,169,136,33,33
30384,151,143,8,8
30385,72,66,6,6
30386,145,119,26,26
30387,62,69,-7,7
30388,52,67,-15,15
30389,69,77,-8,8
30390,74,75,-1,1
30391,102,83,19,19
30392,91,93,-2,2
30393,93,84,9,9
30394,81,81,0,0
30395,137,120,17,17
30396,157,142,15,15
30397,48,52,-4,4
30398,122,116,6,6
30399,64,69,-5,5
30400,175,150,25,25
30401,74,62,12,12
30402,47,50,-3,3
30403,103,95,8,8
30404,88,91,-3,3
30405,64,76,-12,12
30406,94,91,3,3
30407,111,102,9,9
30408,209,167,42,42
30409,80,79,1,1
30410,108,105,3,3
30411,103,96,7,7
30412,93,111,-18,18
30413,86,87,-1,1
30414,105,97,8,8
30415,110,102,8,8
30416,82,83,-1,1
30417,69,63,6,6
30418,43,43,0,0
30419,74,80,-6,6
30420,131,107,24,24
30421,137,129,8,8
30422,110,114,-4,4
30423,61,65,-4,4
30424,90,84,6,6
30425,78,71,7,7
30426,82,84,-2,2
30427,82,82,0,0
30428,66,63,3,3
30429,136,129,7,7
30430,112,97,15,15
30431,71,73,-2,2
30432,114,107,7,7
30433,105,141,-36,36
30434,93,81,12,12
30435,122,113,9,9
30436,167,154,13,13
30437,67,64,3,3
30438,62,77,-15,15
30439,116,105,11,11
30440,120,102,18,18
30441,126,115,11,11
30442,110,98,12,12
30443,85,83,2,2
30444,124,106,18,18
30445,129,124,5,5
30446,99,105,-6,6
30447,172,148,24,24
30448,76,80,-4,4
30449,64,66,-2,2
30450,138,117,21,21
30451,59,60,-1,1
30452,123,107,16,16
30453,140,100,40,40
30454,67,66,1,1
30455,211,176,35,35
30456,155,132,23,23
30457,84,92,-8,8
30458,125,118,7,7
30459,72,75,-3,3
30460,121,117,4,4
30461,121,113,8,8
30462,141,134,7,7
30463,67,68,-1,1
30464,73,93,-20,20
30465,107,102,5,5
30466,72,67,5,5
30467,65,69,-4,4
30468,82,79,3,3
30469,87,80,7,7
30470,87,80,7,7
30471,52,59,-7,7
30472,84,80,4,4
30473,81,75,6,6
30474,75,77,-2,2
30475,126,119,7,7
30476,45,48,-3,3
30477,48,54,-6,6
30478,77,77,0,0
30479,150,122,28,28
30480,100,95,5,5
30481,128,122,6,6
30482,86,83,3,3
30483,72,67,5,5
30484,108,101,7,7
30485,61,43,18,18
30486,121,115,6,6
30487,132,124,8,8
30488,112,107,5,5
30489,148,131,17,17
30490,89,96,-7,7
30491,47,58,-11,11
30492,75,79,-4,4
30493,113,116,-3,3
30494,82,89,-7,7
30495,82,81,1,1
30496,155,128,27,27
30497,114,103,11,11
30498,85,90,-5,5
30499,97,96,1,1
30500,117,100,17,17
30501,57,57,0,0
30502,121,111,10,10
30503,50,51,-1,1
30504,32,38,-6,6
30505,126,110,16,16
30506,85,83,2,2
30507,45,55,-10,10
30508,105,93,12,12
30509,84,85,-1,1
30510,99,87,12,12
30511,129,91,38,38
30512,115,102,13,13
30513,127,118,9,9
30514,42,63,-21,21
30515,86,88,-2,2
30516,106,99,7,7
30517,108,98,10,10
30518,143,130,13,13
30519,98,98,0,0
30520,131,103,28,28
30521,117,106,11,11
30522,82,74,8,8
30523,79,78,1,1
30524,58,57,1,1
30525,96,88,8,8
30526,105,90,15,15
30527,103,98,5,5
30528,72,83,-11,11
30529,108,110,-2,2
30530,155,136,19,19
30531,164,138,26,26
30532,60,59,1,1
30533,130,113,17,17
30534,123,110,13,13
30535,104,100,4,4
30536,79,72,7,7
30537,136,123,13,13
30538,130,118,12,12
30539,135,115,20,20
30540,77,76,1,1
30541,136,118,18,18
30542,107,89,18,18
30543,127,108,19,19
30544,116,110,6,6
30545,132,119,13,13
30546,88,81,7,7
30547,74,71,3,3
30548,71,81,-10,10
30549,53,50,3,3
30550,57,57,0,0
30551,189,163,26,26
30552,49,47,2,2
30553,124,121,3,3
30554,127,112,15,15
30555,45,64,-19,19
30556,110,108,2,2
30557,104,102,2,2
30558,82,82,0,0
30559,133,119,14,14
30560,229,190,39,39
30561,64,69,-5,5
30562,107,94,13,13
30563,109,103,6,6
30564,174,148,26,26
30565,176,155,21,21
30566,101,87,14,14
30567,113,104,9,9
30568,139,119,20,20
30569,56,58,-2,2
30570,75,73,2,2
30571,89,86,3,3
30572,34,38,-4,4
30573,130,120,10,10
30574,81,74,7,7
30575,103,111,-8,8
30576,99,96,3,3
30577,136,128,8,8
30578,37,46,-9,9
30579,82,75,7,7
30580,125,115,10,10
30581,121,111,10,10
30582,94,86,8,8
30583,67,66,1,1
30584,110,112,-2,2
30585,82,81,1,1
30586,106,110,-4,4
30587,154,133,21,21
30588,97,96,1,1
30589,65,66,-1,1
30590,81,85,-4,4
30591,53,56,-3,3
30592,123,106,17,17
30593,123,108,15,15
30594,60,52,8,8
30595,59,65,-6,6
30596,71,94,-23,23
30597,154,136,18,18
30598,89,84,5,5
30599,89,81,8,8
30600,95,85,10,10
30601,78,80,-2,2
30602,79,81,-2,2
30603,132,123,9,9
30604,124,113,11,11
30605,125,112,13,13
30606,73,72,1,1
30607,109,105,4,4
30608,84,81,3,3
30609,114,110,4,4
30610,98,96,2,2
30611,229,196,33,33
30612,118,112,6,6
30613,105,101,4,4
30614,56,64,-8,8
30615,86,82,4,4
30616,72,75,-3,3
30617,144,155,-11,11
30618,151,131,20,20
30619,91,84,7,7
30620,134,124,10,10
30621,142,125,17,17
30622,119,112,7,7
30623,115,102,13,13
30624,122,116,6,6
30625,121,102,19,19
30626,145,142,3,3
30627,151,135,16,16
30628,99,81,18,18
30629,90,88,2,2
30630,115,128,-13,13
30631,65,82,-17,17
30632,90,85,5,5
30633,78,79,-1,1
30634,65,72,-7,7
30635,77,75,2,2
30636,64,67,-3,3
30637,204,172,32,32
30638,134,130,4,4
30639,144,123,21,21
30640,127,119,8,8
30641,88,80,8,8
30642,61,64,-3,3
30643,118,115,3,3
30644,91,86,5,5
30645,143,114,29,29
30646,166,136,30,30
30647,77,74,3,3
30648,97,86,11,11
30649,97,96,1,1
30650,98,83,15,15
30651,71,71,0,0
30652,77,71,6,6
30653,145,126,19,19
30654,127,115,12,12
30655,144,129,15,15
30656,128,111,17,17
30657,148,132,16,16
30658,67,66,1,1
30659,147,137,10,10
30660,85,88,-3,3
30661,98,95,3,3
30662,72,71,1,1
30663,74,78,-4,4
30664,111,108,3,3
30665,80,78,2,2
30666,73,70,3,3
30667,79,81,-2,2
30668,90,78,12,12
30669,104,94,10,10
30670,70,72,-2,2
30671,99,97,2,2
30672,64,65,-1,1
30673,68,70,-2,2
30674,96,86,10,10
30675,44,47,-3,3
30676,84,84,0,0
30677,81,75,6,6
30678,152,135,17,17
30679,69,71,-2,2
30680,86,98,-12,12
30681,89,93,-4,4
30682,151,133,18,18
30683,80,83,-3,3
30684,97,96,1,1
30685,55,57,-2,2
30686,126,110,16,16
30687,110,110,0,0
30688,112,114,-2,2
30689,156,128,28,28
30690,52,67,-15,15
30691,88,85,3,3
30692,98,101,-3,3
30693,131,116,15,15
30694,114,103,11,11
30695,154,143,11,11
30696,52,57,-5,5
30697,134,122,12,12
30698,60,60,0,0
30699,68,69,-1,1
30700,119,111,8,8
30701,61,69,-8,8
30702,94,98,-4,4
30703,98,100,-2,2
30704,103,107,-4,4
30705,120,114,6,6
30706,97,93,4,4
30707,126,110,16,16
30708,103,95,8,8
30709,97,95,2,2
30710,89,83,6,6
30711,69,67,2,2
30712,58,58,0,0
30713,109,97,12,12
30714,91,80,11,11
30715,76,72,4,4
30716,206,178,28,28
30717,109,92,17,17
30718,167,147,20,20
30719,124,110,14,14
30720,68,68,0,0
30721,162,127,35,35
30722,92,86,6,6
30723,160,146,14,14
30724,107,100,7,7
30725,104,89,15,15
30726,72,69,3,3
30727,59,62,-3,3
30728,102,88,14,14
30729,110,112,-2,2
30730,71,71,0,0
30731,96,84,12,12
30732,117,106,11,11
30733,67,69,-2,2
30734,64,70,-6,6
30735,111,97,14,14
30736,54,48,6,6
30737,70,71,-1,1
30738,89,81,8,8
30739,125,124,1,1
30740,81,86,-5,5
30741,132,111,21,21
30742,122,117,5,5
30743,83,84,-1,1
30744,49,59,-10,10
30745,134,107,27,27
30746,86,82,4,4
30747,87,82,5,5
30748,113,107,6,6
30749,147,135,12,12
30750,57,69,-12,12
30751,81,77,4,4
30752,84,89,-5,5
30753,130,116,14,14
30754,103,92,11,11
30755,57,60,-3,3
30756,58,60,-2,2
30757,147,119,28,28
30758,136,126,10,10
30759,78,80,-2,2
30760,92,92,0,0
30761,69,73,-4,4
30762,151,129,22,22
30763,155,144,11,11
30764,80,84,-4,4
30765,71,66,5,5
30766,113,141,-28,28
30767,129,109,20,20
30768,113,105,8,8
30769,82,85,-3,3
30770,69,57,12,12
30771,95,87,8,8
30772,86,84,2,2
30773,86,80,6,6
30774,73,69,4,4
30775,84,84,0,0
30776,99,92,7,7
30777,159,131,28,28
30778,94,94,0,0
30779,93,94,-1,1
30780,52,52,0,0
30781,92,90,2,2
30782,77,84,-7,7
30783,83,84,-1,1
30784,145,128,17,17
30785,89,83,6,6
30786,98,90,8,8
30787,128,121,7,7
30788,70,80,-10,10
30789,85,82,3,3
30790,94,89,5,5
30791,63,71,-8,8
30792,120,101,19,19
30793,93,98,-5,5
30794,113,102,11,11
30795,164,154,10,10
30796,121,112,9,9
30797,61,57,4,4
30798,100,123,-23,23
30799,67,60,7,7
30800,107,99,8,8
30801,56,48,8,8
30802,79,80,-1,1
30803,116,133,-17,17
30804,139,124,15,15
30805,112,114,-2,2
30806,92,86,6,6
30807,108,99,9,9
30808,124,118,6,6
30809,158,148,10,10
30810,106,95,11,11
30811,132,117,15,15
30812,100,92,8,8
30813,64,93,-29,29
30814,128,115,13,13
30815,53,53,0,0
30816,54,58,-4,4
30817,81,80,1,1
30818,67,69,-2,2
30819,97,104,-7,7
30820,129,107,22,22
30821,122,99,23,23
30822,139,124,15,15
30823,44,42,2,2
30824,131,121,10,10
30825,67,72,-5,5
30826,115,102,13,13
30827,53,49,4,4
30828,84,81,3,3
30829,124,115,9,9
30830,74,67,7,7
30831,104,107,-3,3
30832,70,75,-5,5
30833,112,101,11,11
30834,90,75,15,15
30835,83,93,-10,10
30836,71,73,-2,2
30837,81,79,2,2
30838,124,131,-7,7
30839,161,149,12,12
30840,52,59,-7,7
30841,78,82,-4,4
30842,57,53,4,4
30843,113,107,6,6
30844,105,92,13,13
30845,119,101,18,18
30846,48,54,-6,6
30847,123,110,13,13
30848,96,88,8,8
30849,124,107,17,17
30850,129,120,9,9
30851,125,114,11,11
30852,104,101,3,3
30853,117,107,10,10
30854,151,137,14,14
30855,125,111,14,14
30856,87,92,-5,5
30857,71,71,0,0
30858,58,57,1,1
30859,127,119,8,8
30860,143,118,25,25
30861,78,75,3,3
30862,114,114,0,0
30863,49,52,-3,3
30864,86,85,1,1
30865,81,87,-6,6
30866,85,83,2,2
30867,158,125,33,33
30868,57,53,4,4
30869,109,103,6,6
30870,95,87,8,8
30871,45,49,-4,4
30872,76,83,-7,7
30873,83,79,4,4
30874,100,107,-7,7
30875,65,78,-13,13
30876,76,80,-4,4
30877,47,59,-12,12
30878,70,71,-1,1
30879,157,143,14,14
30880,204,161,43,43
30881,88,82,6,6
30882,93,84,9,9
30883,53,60,-7,7
30884,97,95,2,2
30885,84,80,4,4
30886,66,74,-8,8
30887,73,75,-2,2
30888,64,69,-5,5
30889,102,90,12,12
30890,56,60,-4,4
30891,73,75,-2,2
30892,78,84,-6,6
30893,64,73,-9,9
30894,89,88,1,1
30895,108,104,4,4
30896,79,70,9,9
30897,99,98,1,1
30898,104,98,6,6
30899,174,144,30,30
30900,76,80,-4,4
30901,67,75,-8,8
30902,103,96,7,7
30903,72,70,2,2
30904,65,77,-12,12
30905,79,81,-2,2
30906,39,69,-30,30
30907,42,41,1,1
30908,43,48,-5,5
30909,130,121,9,9
30910,56,57,-1,1
30911,67,70,-3,3
30912,61,63,-2,2
30913,79,70,9,9
30914,122,98,24,24
30915,121,109,12,12
30916,87,79,8,8
30917,95,96,-1,1
30918,76,74,2,2
30919,98,84,14,14
30920,149,138,11,11
30921,37,43,-6,6
30922,91,77,14,14
30923,99,96,3,3
30924,64,71,-7,7
30925,113,101,12,12
30926,82,81,1,1
30927,71,73,-2,2
30928,103,102,1,1
30929,58,65,-7,7
30930,112,102,10,10
30931,61,61,0,0
30932,60,69,-9,9
30933,118,114,4,4
30934,48,52,-4,4
30935,86,75,11,11
30936,61,69,-8,8
30937,123,103,20,20
30938,151,134,17,17
30939,50,49,1,1
30940,123,122,1,1
30941,186,162,24,24
30942,59,63,-4,4
30943,141,128,13,13
30944,130,137,-7,7
30945,83,74,9,9
30946,63,65,-2,2
30947,168,137,31,31
30948,88,86,2,2
30949,49,54,-5,5
30950,47,54,-7,7
30951,81,82,-1,1
30952,176,142,34,34
30953,58,60,-2,2
30954,48,43,5,5
30955,117,107,10,10
30956,115,98,17,17
30957,120,107,13,13
30958,90,86,4,4
30959,46,54,-8,8
30960,113,118,-5,5
30961,64,69,-5,5
30962,126,109,17,17
30963,153,126,27,27
30964,114,100,14,14
30965,182,164,18,18
30966,114,109,5,5
30967,91,91,0,0
30968,116,99,17,17
30969,135,117,18,18
30970,70,70,0,0
30971,80,71,9,9
30972,50,63,-13,13
30973,90,88,2,2
30974,50,59,-9,9
30975,144,116,28,28
30976,77,81,-4,4
30977,81,75,6,6
30978,41,40,1,1
30979,80,81,-1,1
30980,97,90,7,7
30981,65,67,-2,2
30982,70,71,-1,1
30983,176,165,11,11
30984,143,128,15,15
30985,79,76,3,3
30986,122,111,11,11
30987,135,121,14,14
30988,85,90,-5,5
30989,50,58,-8,8
30990,88,83,5,5
30991,120,104,16,16
30992,134,122,12,12
30993,74,78,-4,4
30994,86,87,-1,1
30995,95,91,4,4
30996,56,61,-5,5
30997,92,84,8,8
30998,86,83,3,3
30999,70,85,-15,15
31000,81,76,5,5
31001,113,108,5,5
31002,99,93,6,6
31003,77,78,-1,1
31004,31,28,3,3
31005,99,91,8,8
31006,85,81,4,4
31007,80,84,-4,4
31008,92,91,1,1
31009,56,59,-3,3
31010,139,136,3,3
31011,51,49,2,2
31012,36,31,5,5
31013,126,110,16,16
31014,76,73,3,3
31015,96,103,-7,7
31016,87,89,-2,2
31017,117,105,12,12
31018,102,100,2,2
31019,89,91,-2,2
31020,107,86,21,21
31021,79,78,1,1
31022,89,84,5,5
31023,67,61,6,6
31024,114,107,7,7
31025,69,71,-2,2
31026,115,95,20,20
31027,168,157,11,11
31028,84,98,-14,14
31029,79,60,19,19
31030,133,126,7,7
31031,123,101,22,22
31032,102,106,-4,4
31033,123,108,15,15
31034,97,87,10,10
31035,89,88,1,1
31036,92,93,-1,1
31037,171,140,31,31
31038,72,66,6,6
31039,92,96,-4,4
31040,54,63,-9,9
31041,113,110,3,3
31042,110,94,16,16
31043,64,65,-1,1
31044,64,66,-2,2
31045,69,62,7,7
31046,81,80,1,1
31047,101,96,5,5
31048,92,96,-4,4
31049,85,90,-5,5
31050,58,58,0,0
31051,124,110,14,14
31052,81,77,4,4
31053,108,94,14,14
31054,93,85,8,8
31055,70,59,11,11
31056,119,93,26,26
31057,65,66,-1,1
31058,90,81,9,9
31059,53,56,-3,3
31060,73,76,-3,3
31061,52,58,-6,6
31062,97,96,1,1
31063,118,96,22,22
31064,95,89,6,6
31065,89,84,5,5
31066,66,67,-1,1
31067,75,78,-3,3
31068,107,96,11,11
31069,63,60,3,3
31070,148,125,23,23
31071,110,100,10,10
31072,96,102,-6,6
31073,123,113,10,10
31074,123,104,19,19
31075,106,88,18,18
31076,101,92,9,9
31077,105,101,4,4
31078,94,96,-2,2
31079,53,67,-14,14
31080,53,64,-11,11
31081,116,108,8,8
31082,122,118,4,4
31083,96,98,-2,2
31084,117,105,12,12
31085,105,96,9,9
31086,74,73,1,1
31087,43,52,-9,9
31088,110,106,4,4
31089,71,71,0,0
31090,72,69,3,3
31091,109,100,9,9
31092,142,130,12,12
31093,69,61,8,8
31094,127,127,0,0
31095,113,113,0,0
31096,61,61,0,0
31097,108,98,10,10
31098,83,78,5,5
31099,58,61,-3,3
31100,107,101,6,6
31101,108,118,-10,10
31102,97,88,9,9
31103,101,88,13,13
31104,101,100,1,1
31105,123,107,16,16
31106,68,70,-2,2
31107,89,83,6,6
31108,47,52,-5,5
31109,128,110,18,18
31110,117,110,7,7
31111,94,84,10,10
31112,111,101,10,10
31113,51,53,-2,2
31114,65,75,-10,10
31115,79,95,-16,16
31116,140,129,11,11
31117,152,122,30,30
31118,108,103,5,5
31119,115,103,12,12
31120,78,84,-6,6
31121,100,97,3,3
31122,69,73,-4,4
31123,127,115,12,12
31124,64,59,5,5
31125,148,132,16,16
31126,105,96,9,9
31127,123,109,14,14
31128,56,57,-1,1
31129,60,72,-12,12
31130,100,92,8,8
31131,77,92,-15,15
31132,89,105,-16,16
31133,63,69,-6,6
31134,70,69,1,1
31135,74,70,4,4
31136,74,80,-6,6
31137,149,119,30,30
31138,60,65,-5,5
31139,115,144,-29,29
31140,65,70,-5,5
31141,95,86,9,9
31142,126,131,-5,5
31143,84,91,-7,7
31144,114,98,16,16
31145,130,114,16,16
31146,117,104,13,13
31147,135,127,8,8
31148,110,107,3,3
31149,74,69,5,5
31150,91,96,-5,5
31151,102,93,9,9
31152,76,81,-5,5
31153,81,96,-15,15
31154,117,103,14,14
31155,58,62,-4,4
31156,52,70,-18,18
31157,44,59,-15,15
31158,126,120,6,6
31159,102,96,6,6
31160,68,61,7,7
31161,96,105,-9,9
31162,116,98,18,18
31163,96,84,12,12
31164,44,53,-9,9
31165,49,47,2,2
31166,109,102,7,7
31167,40,49,-9,9
31168,84,106,-22,22
31169,57,58,-1,1
31170,85,87,-2,2
31171,44,48,-4,4
31172,77,75,2,2
31173,70,80,-10,10
31174,63,70,-7,7
31175,75,73,2,2
31176,88,86,2,2
31177,98,91,7,7
31178,66,81,-15,15
31179,78,73,5,5
31180,95,96,-1,1
31181,99,115,-16,16
31182,20,88,-68,68
31183,88,87,1,1
31184,165,140,25,25
31185,127,115,12,12
31186,55,58,-3,3
31187,145,129,16,16
31188,72,69,3,3
31189,84,76,8,8
31190,62,63,-1,1
31191,107,93,14,14
31192,113,90,23,23
31193,64,67,-3,3
31194,132,108,24,24
31195,80,80,0,0
31196,64,70,-6,6
31197,58,68,-10,10
31198,53,67,-14,14
31199,101,97,4,4
31200,97,89,8,8
31201,93,91,2,2
31202,87,74,13,13
31203,78,76,2,2
31204,70,62,8,8
31205,119,82,37,37
31206,66,69,-3,3
31207,82,90,-8,8
31208,117,95,22,22
31209,106,98,8,8
31210,79,76,3,3
31211,129,145,-16,16
31212,95,82,13,13
31213,66,70,-4,4
31214,63,61,2,2
31215,128,135,-7,7
31216,86,78,8,8
31217,87,87,0,0
31218,115,108,7,7
31219,126,116,10,10
31220,66,98,-32,32
31221,138,127,11,11
31222,118,99,19,19
31223,105,99,6,6
31224,59,66,-7,7
31225,51,58,-7,7
31226,45,63,-18,18
31227,79,79,0,0
31228,103,86,17,17
31229,86,101,-15,15
31230,63,62,1,1
31231,104,99,5,5
31232,144,127,17,17
31233,160,133,27,27
31234,55,57,-2,2
31235,83,82,1,1
31236,104,99,5,5
31237,61,62,-1,1
31238,92,96,-4,4
31239,72,75,-3,3
31240,103,95,8,8
31241,192,151,41,41
31242,89,81,8,8
31243,76,71,5,5
31244,70,79,-9,9
31245,81,72,9,9
31246,96,92,4,4
31247,120,108,12,12
31248,88,85,3,3
31249,81,71,10,10
31250,91,86,5,5
31251,104,91,13,13
31252,71,70,1,1
31253,51,50,1,1
31254,138,120,18,18
31255,88,73,15,15
31256,64,74,-10,10
31257,108,105,3,3
31258,120,109,11,11
31259,78,97,-19,19
31260,158,129,29,29
31261,185,152,33,33
31262,168,159,9,9
31263,96,99,-3,3
31264,100,79,21,21
31265,48,100,-52,52
31266,80,79,1,1
31267,49,55,-6,6
31268,108,101,7,7
31269,71,74,-3,3
31270,111,105,6,6
31271,75,72,3,3
31272,117,110,7,7
31273,156,130,26,26
31274,111,98,13,13
31275,108,103,5,5
31276,54,59,-5,5
31277,83,87,-4,4
31278,91,81,10,10
31279,53,60,-7,7
31280,46,49,-3,3
31281,39,49,-10,10
31282,97,104,-7,7
31283,97,102,-5,5
31284,93,84,9,9
31285,173,145,28,28
31286,76,73,3,3
31287,146,127,19,19
31288,128,125,3,3
31289,81,73,8,8
31290,90,88,2,2
31291,109,106,3,3
31292,123,104,19,19
31293,100,94,6,6
31294,77,80,-3,3
31295,77,77,0,0
31296,109,111,-2,2
31297,85,81,4,4
31298,94,90,4,4
31299,57,57,0,0
31300,51,58,-7,7
31301,50,58,-8,8
31302,80,75,5,5
31303,73,69,4,4
31304,68,74,-6,6
31305,153,128,25,25
31306,120,117,3,3
31307,99,95,4,4
31308,97,92,5,5
31309,82,77,5,5
31310,85,90,-5,5
31311,84,79,5,5
31312,93,100,-7,7
31313,55,59,-4,4
31314,53,58,-5,5
31315,148,127,21,21
31316,115,113,2,2
31317,116,109,7,7
31318,109,93,16,16
31319,72,77,-5,5
31320,85,83,2,2
31321,78,67,11,11
31322,133,114,19,19
31323,89,85,4,4
31324,53,63,-10,10
31325,145,141,4,4
31326,75,71,4,4
31327,60,62,-2,2
31328,71,72,-1,1
31329,62,67,-5,5
31330,165,141,24,24
31331,51,71,-20,20
31332,146,138,8,8
31333,64,63,1,1
31334,75,81,-6,6
31335,79,73,6,6
31336,85,84,1,1
31337,100,96,4,4
31338,119,107,12,12
31339,106,108,-2,2
31340,79,79,0,0
31341,163,143,20,20
31342,121,114,7,7
31343,66,71,-5,5
31344,114,106,8,8
31345,77,80,-3,3
31346,57,61,-4,4
31347,87,91,-4,4
31348,86,81,5,5
31349,71,76,-5,5
31350,124,109,15,15
31351,65,61,4,4
31352,111,99,12,12
31353,62,68,-6,6
31354,94,82,12,12
31355,76,75,1,1
31356,122,124,-2,2
31357,136,135,1,1
31358,76,72,4,4
31359,82,93,-11,11
31360,62,59,3,3
31361,65,60,5,5
31362,63,71,-8,8
31363,50,50,0,0
31364,56,68,-12,12
31365,80,84,-4,4
31366,95,82,13,13
31367,94,96,-2,2
31368,90,79,11,11
31369,116,94,22,22
31370,113,99,14,14
31371,70,67,3,3
31372,31,38,-7,7
31373,70,75,-5,5
31374,72,66,6,6
31375,92,83,9,9
31376,82,77,5,5
31377,58,65,-7,7
31378,104,100,4,4
31379,75,74,1,1
31380,90,92,-2,2
31381,130,114,16,16
31382,126,118,8,8
31383,89,81,8,8
31384,108,102,6,6
31385,51,58,-7,7
31386,132,120,12,12
31387,91,89,2,2
31388,109,108,1,1
31389,103,113,-10,10
31390,87,81,6,6
31391,123,114,9,9
31392,109,97,12,12
31393,77,88,-11,11
31394,96,93,3,3
31395,82,81,1,1
31396,111,105,6,6
31397,72,70,2,2
31398,117,103,14,14
31399,117,109,8,8
31400,137,124,13,13
31401,107,92,15,15
31402,91,88,3,3
31403,110,101,9,9
31404,76,82,-6,6
31405,83,75,8,8
31406,142,132,10,10
31407,97,91,6,6
31408,54,56,-2,2
31409,71,75,-4,4
31410,91,94,-3,3
31411,100,97,3,3
31412,47,51,-4,4
31413,114,99,15,15
31414,65,56,9,9
31415,33,38,-5,5
31416,88,81,7,7
31417,102,98,4,4
31418,72,84,-12,12
31419,95,93,2,2
31420,100,94,6,6
31421,200,174,26,26
31422,147,124,23,23
31423,98,100,-2,2
31424,111,103,8,8
31425,105,103,2,2
31426,89,88,1,1
31427,108,101,7,7
31428,35,65,-30,30
31429,54,59,-5,5
31430,124,109,15,15
31431,90,79,11,11
31432,130,120,10,10
31433,138,119,19,19
31434,143,122,21,21
31435,74,73,1,1
31436,47,59,-12,12
31437,64,67,-3,3
31438,174,160,14,14
31439,96,87,9,9
31440,132,123,9,9
31441,66,72,-6,6
31442,105,99,6,6
31443,128,119,9,9
31444,99,95,4,4
31445,70,70,0,0
31446,62,58,4,4
31447,78,75,3,3
31448,93,91,2,2
31449,89,72,17,17
31450,104,104,0,0
31451,74,70,4,4
31452,102,83,19,19
31453,58,58,0,0
31454,89,85,4,4
31455,84,77,7,7
31456,128,108,20,20
31457,91,91,0,0
31458,80,71,9,9
31459,84,92,-8,8
31460,100,101,-1,1
31461,115,103,12,12
31462,92,93,-1,1
31463,155,138,17,17
31464,175,138,37,37
31465,79,74,5,5
31466,70,65,5,5
31467,64,73,-9,9
31468,111,106,5,5
31469,83,80,3,3
31470,92,91,1,1
31471,153,135,18,18
31472,138,123,15,15
31473,90,100,-10,10
31474,104,104,0,0
31475,52,51,1,1
31476,72,76,-4,4
31477,76,80,-4,4
31478,69,69,0,0
31479,145,126,19,19
31480,67,66,1,1
31481,79,75,4,4
31482,103,92,11,11
31483,145,138,7,7
31484,86,86,0,0
31485,112,101,11,11
31486,130,118,12,12
31487,173,148,25,25
31488,75,75,0,0
31489,195,152,43,43
31490,93,88,5,5
31491,102,89,13,13
31492,64,58,6,6
31493,68,68,0,0
31494,58,67,-9,9
31495,93,80,13,13
31496,119,96,23,23
31497,54,52,2,2
31498,72,90,-18,18
31499,82,83,-1,1
31500,130,118,12,12
31501,75,80,-5,5
31502,73,76,-3,3
31503,72,75,-3,3
31504,243,239,4,4
31505,62,79,-17,17
31506,79,74,5,5
31507,129,124,5,5
31508,119,103,16,16
31509,121,115,6,6
31510,135,122,13,13
31511,64,59,5,5
31512,84,82,2,2
31513,68,72,-4,4
31514,89,81,8,8
31515,59,56,3,3
31516,67,72,-5,5
31517,108,108,0,0
31518,55,59,-4,4
31519,161,129,32,32
31520,75,76,-1,1
31521,113,101,12,12
31522,102,95,7,7
31523,116,103,13,13
31524,134,122,12,12
31525,161,125,36,36
31526,122,101,21,21
31527,103,95,8,8
31528,75,75,0,0
31529,162,131,31,31
31530,76,81,-5,5
31531,57,60,-3,3
31532,74,78,-4,4
31533,78,72,6,6
31534,68,69,-1,1
31535,101,93,8,8
31536,66,70,-4,4
31537,61,68,-7,7
31538,120,105,15,15
31539,62,63,-1,1
31540,149,122,27,27
31541,85,90,-5,5
31542,126,107,19,19
31543,192,171,21,21
31544,94,89,5,5
31545,69,72,-3,3
31546,99,87,12,12
31547,114,103,11,11
31548,75,77,-2,2
31549,113,113,0,0
31550,165,134,31,31
31551,133,115,18,18
31552,86,93,-7,7
31553,72,67,5,5
31554,97,96,1,1
31555,113,142,-29,29
31556,110,104,6,6
31557,119,116,3,3
31558,60,63,-3,3
31559,72,82,-10,10
31560,110,101,9,9
31561,151,128,23,23
31562,70,78,-8,8
31563,89,87,2,2
31564,112,101,11,11
31565,70,73,-3,3
31566,64,68,-4,4
31567,155,144,11,11
31568,103,95,8,8
31569,115,105,10,10
31570,57,56,1,1
31571,92,93,-1,1
31572,96,88,8,8
31573,61,63,-2,2
31574,144,121,23,23
31575,75,79,-4,4
31576,138,121,17,17
31577,103,102,1,1
31578,118,103,15,15
31579,80,82,-2,2
31580,107,96,11,11
31581,84,82,2,2
31582,87,82,5,5
31583,56,53,3,3
31584,129,133,-4,4
31585,94,91,3,3
31586,72,80,-8,8
31587,193,159,34,34
31588,141,113,28,28
31589,98,95,3,3
31590,116,114,2,2
31591,154,136,18,18
31592,116,115,1,1
31593,75,81,-6,6
31594,107,93,14,14
31595,83,75,8,8
31596,103,103,0,0
31597,99,93,6,6
31598,109,103,6,6
31599,95,88,7,7
31600,85,74,11,11
31601,81,80,1,1
31602,112,90,22,22
31603,82,76,6,6
31604,56,58,-2,2
31605,64,66,-2,2
31606,105,111,-6,6
31607,118,109,9,9
31608,82,81,1,1
31609,96,92,4,4
31610,69,63,6,6
31611,128,119,9,9
31612,88,90,-2,2
31613,90,82,8,8
31614,141,124,17,17
31615,75,83,-8,8
31616,108,103,5,5
31617,153,131,22,22
31618,101,95,6,6
31619,76,79,-3,3
31620,86,91,-5,5
31621,49,48,1,1
31622,130,118,12,12
31623,95,88,7,7
31624,33,45,-12,12
31625,156,144,12,12
31626,49,46,3,3
31627,89,82,7,7
31628,86,75,11,11
31629,80,76,4,4
31630,97,92,5,5
31631,59,65,-6,6
31632,153,134,19,19
31633,51,58,-7,7
31634,88,77,11,11
31635,145,143,2,2
31636,165,161,4,4
31637,74,80,-6,6
31638,80,87,-7,7
31639,101,92,9,9
31640,46,52,-6,6
31641,62,63,-1,1
31642,107,94,13,13
31643,66,69,-3,3
31644,153,135,18,18
31645,75,72,3,3
31646,49,50,-1,1
31647,120,116,4,4
31648,131,116,15,15
31649,106,103,3,3
31650,147,128,19,19
31651,81,80,1,1
31652,94,94,0,0
31653,57,74,-17,17
31654,61,72,-11,11
31655,47,49,-2,2
31656,53,52,1,1
31657,117,102,15,15
31658,98,79,19,19
31659,48,48,0,0
31660,190,170,20,20
31661,68,70,-2,2
31662,106,96,10,10
31663,57,65,-8,8
31664,131,126,5,5
31665,132,119,13,13
31666,74,76,-2,2
31667,125,116,9,9
31668,86,86,0,0
31669,49,49,0,0
31670,95,81,14,14
31671,67,63,4,4
31672,82,83,-1,1
31673,93,97,-4,4
31674,52,60,-8,8
31675,55,58,-3,3
31676,111,103,8,8
31677,73,72,1,1
31678,72,80,-8,8
31679,160,140,20,20
31680,97,96,1,1
31681,95,84,11,11
31682,117,89,28,28
31683,67,59,8,8
31684,55,60,-5,5
31685,103,93,10,10
31686,108,104,4,4
31687,82,76,6,6
31688,155,132,23,23
31689,87,86,1,1
31690,88,82,6,6
31691,84,93,-9,9
31692,66,79,-13,13
31693,59,59,0,0
31694,80,75,5,5
31695,120,116,4,4
31696,92,90,2,2
31697,36,38,-2,2
31698,89,80,9,9
31699,113,96,17,17
31700,86,88,-2,2
31701,117,127,-10,10
31702,78,71,7,7
31703,72,79,-7,7
31704,76,68,8,8
31705,76,76,0,0
31706,87,84,3,3
31707,76,92,-16,16
31708,79,63,16,16
31709,51,45,6,6
31710,121,118,3,3
31711,100,89,11,11
31712,83,81,2,2
31713,84,76,8,8
31714,100,99,1,1
31715,125,110,15,15
31716,73,69,4,4
31717,59,62,-3,3
31718,79,80,-1,1
31719,76,84,-8,8
31720,108,105,3,3
31721,64,75,-11,11
31722,101,92,9,9
31723,140,115,25,25
31724,89,89,0,0
31725,72,69,3,3
31726,82,83,-1,1
31727,68,70,-2,2
31728,41,55,-14,14
31729,77,78,-1,1
31730,150,130,20,20
31731,121,107,14,14
31732,96,108,-12,12
31733,50,52,-2,2
31734,45,49,-4,4
31735,118,118,0,0
31736,108,101,7,7
31737,74,70,4,4
31738,148,124,24,24
31739,109,99,10,10
31740,53,55,-2,2
31741,69,66,3,3
31742,75,76,-1,1
31743,75,84,-9,9
31744,93,87,6,6
31745,36,38,-2,2
31746,62,69,-7,7
31747,139,126,13,13
31748,67,69,-2,2
31749,199,177,22,22
31750,61,59,2,2
31751,66,69,-3,3
31752,58,59,-1,1
31753,58,61,-3,3
31754,98,100,-2,2
31755,65,61,4,4
31756,96,93,3,3
31757,105,104,1,1
31758,44,47,-3,3
31759,116,105,11,11
31760,87,79,8,8
31761,94,95,-1,1
31762,130,124,6,6
31763,103,99,4,4
31764,85,80,5,5
31765,94,97,-3,3
31766,78,76,2,2
31767,120,108,12,12
31768,48,55,-7,7
31769,107,94,13,13
31770,87,88,-1,1
31771,115,110,5,5
31772,122,112,10,10
31773,137,116,21,21
31774,19,26,-7,7
31775,90,89,1,1
31776,45,46,-1,1
31777,53,61,-8,8
31778,132,113,19,19
31779,54,51,3,3
31780,123,121,2,2
31781,88,98,-10,10
31782,90,81,9,9
31783,112,105,7,7
31784,67,65,2,2
31785,50,61,-11,11
31786,65,65,0,0
31787,44,49,-5,5
31788,86,92,-6,6
31789,65,69,-4,4
31790,80,93,-13,13
31791,128,113,15,15
31792,166,125,41,41
31793,105,87,18,18
31794,77,76,1,1
31795,113,110,3,3
31796,82,80,2,2
31797,94,96,-2,2
31798,123,110,13,13
31799,118,111,7,7
31800,159,136,23,23
31801,100,82,18,18
31802,95,84,11,11
31803,128,122,6,6
31804,67,78,-11,11
31805,131,111,20,20
31806,78,78,0,0
31807,58,63,-5,5
31808,126,109,17,17
31809,136,131,5,5
31810,75,71,4,4
31811,100,97,3,3
31812,52,52,0,0
31813,94,91,3,3
31814,64,72,-8,8
31815,65,66,-1,1
31816,85,82,3,3
31817,100,94,6,6
31818,134,122,12,12
31819,88,83,5,5
31820,87,85,2,2
31821,112,102,10,10
31822,222,187,35,35
31823,103,93,10,10
31824,131,141,-10,10
31825,143,138,5,5
31826,89,88,1,1
31827,144,119,25,25
31828,90,84,6,6
31829,117,104,13,13
31830,41,45,-4,4
31831,161,143,18,18
31832,87,90,-3,3
31833,67,69,-2,2
31834,89,99,-10,10
31835,58,53,5,5
31836,54,51,3,3
31837,66,62,4,4
31838,62,71,-9,9
31839,46,49,-3,3
31840,116,107,9,9
31841,146,134,12,12
31842,153,145,8,8
31843,110,92,18,18
31844,83,72,11,11
31845,138,116,22,22
31846,117,105,12,12
31847,86,81,5,5
31848,170,148,22,22
31849,96,97,-1,1
31850,57,54,3,3
31851,102,88,14,14
31852,96,93,3,3
31853,88,82,6,6
31854,117,112,5,5
31855,83,92,-9,9
31856,94,100,-6,6
31857,68,76,-8,8
31858,81,75,6,6
31859,165,148,17,17
31860,93,81,12,12
31861,169,150,19,19
31862,79,82,-3,3
31863,91,83,8,8
31864,96,90,6,6
31865,107,88,19,19
31866,98,91,7,7
31867,81,77,4,4
31868,125,118,7,7
31869,111,103,8,8
31870,50,57,-7,7
31871,102,97,5,5
31872,94,83,11,11
31873,57,59,-2,2
31874,110,103,7,7
31875,89,82,7,7
31876,69,68,1,1
31877,116,112,4,4
31878,135,113,22,22
31879,76,70,6,6
31880,98,84,14,14
31881,72,70,2,2
31882,68,73,-5,5
31883,77,77,0,0
31884,125,129,-4,4
31885,115,101,14,14
31886,136,112,24,24
31887,80,75,5,5
31888,82,81,1,1
31889,76,80,-4,4
31890,82,77,5,5
31891,138,121,17,17
31892,108,95,13,13
31893,153,134,19,19
31894,76,75,1,1
31895,100,87,13,13
31896,97,97,0,0
31897,119,108,11,11
31898,35,45,-10,10
31899,39,42,-3,3
31900,102,92,10,10
31901,93,103,-10,10
31902,122,111,11,11
31903,88,81,7,7
31904,84,83,1,1
31905,207,173,34,34
31906,67,69,-2,2
31907,111,107,4,4
31908,75,75,0,0
31909,112,95,17,17
31910,59,59,0,0
31911,66,65,1,1
31912,161,145,16,16
31913,80,85,-5,5
31914,64,71,-7,7
31915,123,84,39,39
31916,123,109,14,14
31917,144,129,15,15
31918,61,63,-2,2
31919,85,74,11,11
31920,100,91,9,9
31921,100,92,8,8
31922,65,59,6,6
31923,75,71,4,4
31924,104,89,15,15
31925,112,110,2,2
31926,93,86,7,7
31927,69,63,6,6
31928,58,58,0,0
31929,120,99,21,21
31930,131,110,21,21
31931,101,91,10,10
31932,156,142,14,14
31933,83,80,3,3
31934,62,65,-3,3
31935,94,92,2,2
31936,87,90,-3,3
31937,182,154,28,28
31938,132,119,13,13
31939,100,101,-1,1
31940,74,73,1,1
31941,57,63,-6,6
31942,95,90,5,5
31943,64,57,7,7
31944,99,93,6,6
31945,102,107,-5,5
31946,144,120,24,24
31947,152,127,25,25
31948,66,64,2,2
31949,57,60,-3,3
31950,73,79,-6,6
31951,85,80,5,5
31952,111,96,15,15
31953,78,80,-2,2
31954,87,82,5,5
31955,58,63,-5,5
31956,125,113,12,12
31957,98,91,7,7
31958,127,113,14,14
31959,125,107,18,18
31960,107,102,5,5
31961,57,65,-8,8
31962,161,136,25,25
31963,109,99,10,10
31964,110,95,15,15
31965,64,64,0,0
31966,304,279,25,25
31967,75,72,3,3
31968,161,147,14,14
31969,85,94,-9,9
31970,124,102,22,22
31971,53,57,-4,4
31972,98,99,-1,1
31973,124,116,8,8
31974,67,63,4,4
31975,59,65,-6,6
31976,115,101,14,14
31977,91,82,9,9
31978,108,103,5,5
31979,82,83,-1,1
31980,104,91,13,13
31981,65,74,-9,9
31982,107,98,9,9
31983,140,132,8,8
31984,83,81,2,2
31985,128,128,0,0
31986,65,59,6,6
31987,70,73,-3,3
31988,160,147,13,13
31989,94,91,3,3
31990,74,69,5,5
31991,99,95,4,4
31992,105,95,10,10
31993,65,70,-5,5
31994,46,48,-2,2
31995,72,70,2,2
31996,53,48,5,5
31997,110,102,8,8
31998,100,89,11,11
31999,65,70,-5,5
32000,102,92,10,10
32001,128,113,15,15
32002,90,82,8,8
32003,139,136,3,3
32004,145,117,28,28
32005,89,81,8,8
32006,68,76,-8,8
32007,64,66,-2,2
32008,79,84,-5,5
32009,86,74,12,12
32010,60,69,-9,9
32011,101,87,14,14
32012,36,44,-8,8
32013,103,98,5,5
32014,52,52,0,0
32015,152,136,16,16
32016,80,87,-7,7
32017,142,117,25,25
32018,129,107,22,22
32019,140,110,30,30
32020,49,54,-5,5
32021,147,134,13,13
32022,100,86,14,14
32023,59,68,-9,9
32024,106,104,2,2
32025,88,85,3,3
32026,86,85,1,1
32027,106,90,16,16
32028,110,104,6,6
32029,43,42,1,1
32030,114,111,3,3
32031,77,72,5,5
32032,103,99,4,4
32033,125,113,12,12
32034,65,66,-1,1
32035,105,98,7,7
32036,98,109,-11,11
32037,132,133,-1,1
32038,119,104,15,15
32039,80,80,0,0
32040,107,101,6,6
32041,94,83,11,11
32042,59,81,-22,22
32043,109,108,1,1
32044,144,135,9,9
32045,45,49,-4,4
32046,66,45,21,21
32047,122,116,6,6
32048,88,84,4,4
32049,53,47,6,6
32050,58,67,-9,9
32051,68,70,-2,2
32052,104,94,10,10
32053,129,123,6,6
32054,55,57,-2,2
32055,80,69,11,11
32056,100,102,-2,2
32057,64,75,-11,11
32058,150,134,16,16
32059,80,77,3,3
32060,96,85,11,11
32061,83,83,0,0
32062,39,43,-4,4
32063,112,94,18,18
32064,146,129,17,17
32065,91,95,-4,4
32066,77,85,-8,8
32067,121,113,8,8
32068,113,104,9,9
32069,132,127,5,5
32070,102,97,5,5
32071,71,66,5,5
32072,81,77,4,4
32073,60,71,-11,11
32074,112,96,16,16
32075,95,85,10,10
32076,116,103,13,13
32077,85,87,-2,2
32078,116,117,-1,1
32079,107,99,8,8
32080,156,128,28,28
32081,84,83,1,1
32082,77,76,1,1
32083,111,97,14,14
32084,61,82,-21,21
32085,124,118,6,6
32086,106,93,13,13
32087,116,106,10,10
32088,64,76,-12,12
32089,108,101,7,7
32090,76,73,3,3
32091,72,73,-1,1
32092,75,76,-1,1
32093,66,67,-1,1
32094,128,126,2,2
32095,189,153,36,36
32096,120,114,6,6
32097,64,64,0,0
32098,141,130,11,11
32099,96,91,5,5
32100,170,151,19,19
32101,83,81,2,2
32102,101,98,3,3
32103,81,85,-4,4
32104,43,49,-6,6
32105,150,129,21,21
32106,70,67,3,3
32107,89,79,10,10
32108,115,102,13,13
32109,103,96,7,7
32110,54,60,-6,6
32111,63,62,1,1
32112,127,126,1,1
32113,96,81,15,15
32114,79,91,-12,12
32115,83,82,1,1
32116,108,97,11,11
32117,116,102,14,14
32118,121,108,13,13
32119,127,105,22,22
32120,109,106,3,3
32121,96,92,4,4
32122,82,80,2,2
32123,103,116,-13,13
32124,142,132,10,10
32125,161,137,24,24
32126,126,117,9,9
32127,78,71,7,7
32128,157,140,17,17
32129,63,67,-4,4
32130,64,66,-2,2
32131,90,82,8,8
32132,95,95,0,0
32133,146,131,15,15
32134,56,55,1,1
32135,48,47,1,1
32136,68,69,-1,1
32137,94,94,0,0
32138,87,82,5,5
32139,122,106,16,16
32140,126,106,20,20
32141,55,73,-18,18
32142,61,62,-1,1
32143,89,93,-4,4
32144,62,70,-8,8
32145,71,70,1,1
32146,87,84,3,3
32147,39,41,-2,2
32148,123,106,17,17
32149,79,85,-6,6
32150,109,98,11,11
32151,101,99,2,2
32152,107,98,9,9
32153,114,105,9,9
32154,81,87,-6,6
32155,167,145,22,22
32156,71,71,0,0
32157,65,71,-6,6
32158,76,70,6,6
32159,94,88,6,6
32160,162,138,24,24
32161,86,95,-9,9
32162,162,145,17,17
32163,50,52,-2,2
32164,109,97,12,12
32165,70,67,3,3
32166,69,70,-1,1
32167,36,31,5,5
32168,117,102,15,15
32169,104,86,18,18
32170,107,103,4,4
32171,66,69,-3,3
32172,98,94,4,4
32173,113,110,3,3
32174,57,60,-3,3
32175,117,108,9,9
32176,79,87,-8,8
32177,88,85,3,3
32178,101,95,6,6
32179,98,95,3,3
32180,164,158,6,6
32181,108,101,7,7
32182,79,74,5,5
32183,77,83,-6,6
32184,81,80,1,1
32185,111,100,11,11
32186,108,100,8,8
32187,104,99,5,5
32188,51,46,5,5
32189,79,78,1,1
32190,141,123,18,18
32191,105,97,8,8
32192,79,81,-2,2
32193,121,105,16,16
32194,85,88,-3,3
32195,60,60,0,0
32196,76,73,3,3
32197,66,63,3,3
32198,140,118,22,22
32199,115,95,20,20
32200,135,113,22,22
32201,137,134,3,3
32202,108,107,1,1
32203,56,60,-4,4
32204,145,129,16,16
32205,107,96,11,11
32206,75,71,4,4
32207,73,77,-4,4
32208,58,59,-1,1
32209,73,69,4,4
32210,100,93,7,7
32211,154,131,23,23
32212,89,83,6,6
32213,86,76,10,10
32214,218,175,43,43
32215,96,90,6,6
32216,72,74,-2,2
32217,136,135,1,1
32218,197,168,29,29
32219,75,80,-5,5
32220,138,121,17,17
32221,112,109,3,3
32222,97,99,-2,2
32223,50,57,-7,7
32224,144,124,20,20
32225,62,65,-3,3
32226,91,95,-4,4
32227,108,103,5,5
32228,111,103,8,8
32229,154,134,20,20
32230,84,84,0,0
32231,181,160,21,21
32232,80,81,-1,1
32233,134,120,14,14
32234,78,86,-8,8
32235,243,199,44,44
32236,59,54,5,5
32237,83,71,12,12
32238,76,66,10,10
32239,88,83,5,5
32240,62,62,0,0
32241,81,80,1,1
32242,127,118,9,9
32243,119,106,13,13
32244,70,76,-6,6
32245,114,95,19,19
32246,91,87,4,4
32247,120,101,19,19
32248,61,59,2,2
32249,73,72,1,1
32250,77,83,-6,6
32251,175,160,15,15
32252,86,82,4,4
32253,125,112,13,13
32254,109,96,13,13
32255,90,93,-3,3
32256,71,73,-2,2
32257,64,67,-3,3
32258,91,82,9,9
32259,116,105,11,11
32260,63,60,3,3
32261,79,77,2,2
32262,56,53,3,3
32263,144,127,17,17
32264,130,107,23,23
32265,73,76,-3,3
32266,64,56,8,8
32267,146,118,28,28
32268,30,49,-19,19
32269,107,102,5,5
32270,80,82,-2,2
32271,94,105,-11,11
32272,57,58,-1,1
32273,85,87,-2,2
32274,157,135,22,22
32275,131,122,9,9
32276,170,135,35,35
32277,115,113,2,2
32278,124,102,22,22
32279,83,81,2,2
32280,139,123,16,16
32281,104,102,2,2
32282,54,56,-2,2
32283,117,103,14,14
32284,84,91,-7,7
32285,97,85,12,12
32286,50,45,5,5
32287,57,70,-13,13
32288,84,80,4,4
32289,70,74,-4,4
32290,75,79,-4,4
32291,33,56,-23,23
32292,110,118,-8,8
32293,60,61,-1,1
32294,66,69,-3,3
32295,121,106,15,15
32296,97,93,4,4
32297,128,109,19,19
32298,82,78,4,4
32299,110,101,9,9
32300,135,125,10,10
32301,96,92,4,4
32302,79,71,8,8
32303,82,74,8,8
32304,112,97,15,15
32305,119,112,7,7
32306,113,86,27,27
32307,129,119,10,10
32308,30,36,-6,6
32309,143,131,12,12
32310,48,50,-2,2
32311,70,72,-2,2
32312,66,91,-25,25
32313,117,116,1,1
32314,49,52,-3,3
32315,73,73,0,0
32316,104,106,-2,2
32317,78,88,-10,10
32318,94,94,0,0
32319,39,42,-3,3
32320,163,140,23,23
32321,131,122,9,9
32322,78,85,-7,7
32323,107,106,1,1
32324,40,46,-6,6
32325,83,81,2,2
32326,88,97,-9,9
32327,104,96,8,8
32328,116,100,16,16
32329,144,122,22,22
32330,93,91,2,2
32331,89,84,5,5
32332,110,99,11,11
32333,62,85,-23,23
32334,100,95,5,5
32335,79,80,-1,1
32336,80,77,3,3
32337,120,113,7,7
32338,84,95,-11,11
32339,88,89,-1,1
32340,132,135,-3,3
32341,93,88,5,5
32342,79,86,-7,7
32343,27,37,-10,10
32344,97,94,3,3
32345,167,140,27,27
32346,146,142,4,4
32347,45,44,1,1
32348,53,51,2,2
32349,57,58,-1,1
32350,40,46,-6,6
32351,77,85,-8,8
32352,120,110,10,10
32353,87,94,-7,7
32354,189,156,33,33
32355,84,89,-5,5
32356,68,68,0,0
32357,85,89,-4,4
32358,75,80,-5,5
32359,58,60,-2,2
32360,67,69,-2,2
32361,58,58,0,0
32362,38,43,-5,5
32363,63,68,-5,5
32364,82,86,-4,4
32365,111,117,-6,6
32366,168,139,29,29
32367,67,67,0,0
32368,92,90,2,2
32369,43,41,2,2
32370,126,108,18,18
32371,94,91,3,3
32372,108,111,-3,3
32373,80,86,-6,6
32374,159,134,25,25
32375,101,81,20,20
32376,71,68,3,3
32377,77,81,-4,4
32378,53,56,-3,3
32379,96,95,1,1
32380,144,121,23,23
32381,96,94,2,2
32382,120,114,6,6
32383,91,84,7,7
32384,57,66,-9,9
32385,95,95,0,0
32386,114,111,3,3
32387,115,111,4,4
32388,63,57,6,6
32389,103,87,16,16
32390,213,180,33,33
32391,82,88,-6,6
32392,113,99,14,14
32393,75,77,-2,2
32394,122,118,4,4
32395,82,70,12,12
32396,112,97,15,15
32397,114,106,8,8
32398,62,52,10,10
32399,145,119,26,26
32400,153,143,10,10
32401,102,76,26,26
32402,65,69,-4,4
32403,79,68,11,11
32404,85,85,0,0
32405,69,65,4,4
32406,69,74,-5,5
32407,106,98,8,8
32408,73,71,2,2
32409,95,84,11,11
32410,68,73,-5,5
32411,72,76,-4,4
32412,71,79,-8,8
32413,135,119,16,16
32414,115,103,12,12
32415,75,77,-2,2
32416,57,60,-3,3
32417,33,38,-5,5
32418,73,72,1,1
32419,147,135,12,12
32420,100,96,4,4
32421,81,80,1,1
32422,130,120,10,10
32423,63,62,1,1
32424,75,76,-1,1
32425,97,99,-2,2
32426,80,85,-5,5
32427,67,69,-2,2
32428,135,124,11,11
32429,48,49,-1,1
32430,113,109,4,4
32431,62,60,2,2
32432,66,63,3,3
32433,62,56,6,6
32434,140,139,1,1
32435,82,83,-1,1
32436,86,86,0,0
32437,123,114,9,9
32438,134,120,14,14
32439,63,69,-6,6
32440,142,126,16,16
32441,63,64,-1,1
32442,94,82,12,12
32443,72,77,-5,5
32444,146,126,20,20
32445,90,73,17,17
32446,57,60,-3,3
32447,51,61,-10,10
32448,64,67,-3,3
32449,80,83,-3,3
32450,105,101,4,4
32451,109,102,7,7
32452,99,103,-4,4
32453,209,174,35,35
32454,82,74,8,8
32455,49,58,-9,9
32456,72,69,3,3
32457,62,62,0,0
32458,50,56,-6,6
32459,153,140,13,13
32460,140,114,26,26
32461,95,86,9,9
32462,81,78,3,3
32463,114,99,15,15
32464,130,118,12,12
32465,31,39,-8,8
32466,86,89,-3,3
32467,100,102,-2,2
32468,58,59,-1,1
32469,58,57,1,1
32470,95,82,13,13
32471,121,116,5,5
32472,83,82,1,1
32473,152,129,23,23
32474,138,131,7,7
32475,128,121,7,7
32476,92,99,-7,7
32477,64,70,-6,6
32478,72,77,-5,5
32479,110,108,2,2
32480,57,57,0,0
32481,99,91,8,8
32482,98,90,8,8
32483,73,82,-9,9
32484,53,58,-5,5
32485,55,66,-11,11
32486,61,61,0,0
32487,239,189,50,50
32488,86,83,3,3
32489,133,110,23,23
32490,80,82,-2,2
32491,76,71,5,5
32492,79,72,7,7
32493,140,116,24,24
32494,97,96,1,1
32495,74,62,12,12
32496,142,124,18,18
32497,82,80,2,2
32498,62,62,0,0
32499,101,104,-3,3
32500,69,82,-13,13
32501,171,158,13,13
32502,69,76,-7,7
32503,72,71,1,1
32504,93,89,4,4
32505,78,83,-5,5
32506,68,70,-2,2
32507,54,57,-3,3
32508,110,106,4,4
32509,69,80,-11,11
32510,92,83,9,9
32511,65,64,1,1
32512,28,29,-1,1
32513,65,68,-3,3
32514,69,62,7,7
32515,119,100,19,19
32516,78,74,4,4
32517,75,74,1,1
32518,70,68,2,2
32519,57,66,-9,9
32520,88,87,1,1
32521,80,71,9,9
32522,113,106,7,7
32523,63,68,-5,5
32524,91,84,7,7
32525,141,114,27,27
32526,88,85,3,3
32527,46,55,-9,9
32528,109,97,12,12
32529,98,97,1,1
32530,177,151,26,26
32531,142,125,17,17
32532,56,62,-6,6
32533,166,129,37,37
32534,70,69,1,1
32535,64,67,-3,3
32536,70,72,-2,2
32537,66,73,-7,7
32538,104,91,13,13
32539,131,113,18,18
32540,82,82,0,0
32541,65,64,1,1
32542,95,91,4,4
32543,79,72,7,7
32544,86,82,4,4
32545,84,81,3,3
32546,103,87,16,16
32547,77,76,1,1
32548,125,109,16,16
32549,122,113,9,9
32550,64,60,4,4
32551,95,101,-6,6
32552,79,81,-2,2
32553,67,65,2,2
32554,160,138,22,22
32555,103,97,6,6
32556,114,102,12,12
32557,74,79,-5,5
32558,123,113,10,10
32559,50,59,-9,9
32560,53,59,-6,6
32561,195,178,17,17
32562,71,72,-1,1
32563,171,135,36,36
32564,90,93,-3,3
32565,75,75,0,0
32566,84,86,-2,2
32567,86,99,-13,13
32568,101,98,3,3
32569,131,111,20,20
32570,159,131,28,28
32571,52,62,-10,10
32572,119,107,12,12
32573,85,81,4,4
32574,97,92,5,5
32575,73,78,-5,5
32576,54,62,-8,8
32577,73,70,3,3
32578,127,114,13,13
32579,164,148,16,16
32580,104,90,14,14
32581,57,58,-1,1
32582,40,48,-8,8
32583,103,100,3,3
32584,149,125,24,24
32585,105,95,10,10
32586,184,152,32,32
32587,74,71,3,3
32588,145,120,25,25
32589,74,80,-6,6
32590,83,93,-10,10
32591,82,75,7,7
32592,85,87,-2,2
32593,133,126,7,7
32594,68,69,-1,1
32595,56,81,-25,25
32596,183,159,24,24
32597,66,66,0,0
32598,115,117,-2,2
32599,86,82,4,4
32600,64,70,-6,6
32601,41,47,-6,6
32602,97,107,-10,10
32603,76,74,2,2
32604,64,67,-3,3
32605,67,67,0,0
32606,92,83,9,9
32607,86,84,2,2
32608,86,85,1,1
32609,114,105,9,9
32610,134,113,21,21
32611,80,72,8,8
32612,151,152,-1,1
32613,99,92,7,7
32614,144,130,14,14
32615,118,100,18,18
32616,74,76,-2,2
32617,85,77,8,8
32618,51,61,-10,10
32619,57,62,-5,5
32620,152,133,19,19
32621,80,81,-1,1
32622,83,75,8,8
32623,69,64,5,5
32624,126,131,-5,5
32625,178,150,28,28
32626,101,101,0,0
32627,110,103,7,7
32628,53,61,-8,8
32629,89,94,-5,5
32630,97,94,3,3
32631,81,79,2,2
32632,87,82,5,5
32633,52,51,1,1
32634,98,92,6,6
32635,109,98,11,11
32636,103,97,6,6
32637,90,74,16,16
32638,73,70,3,3
32639,157,140,17,17
32640,106,93,13,13
32641,144,128,16,16
32642,105,103,2,2
32643,191,160,31,31
32644,79,73,6,6
32645,113,102,11,11
32646,66,65,1,1
32647,62,80,-18,18
32648,71,80,-9,9
32649,93,91,2,2
32650,90,76,14,14
32651,81,78,3,3
32652,97,101,-4,4
32653,43,59,-16,16
32654,150,123,27,27
32655,78,74,4,4
32656,122,101,21,21
32657,76,74,2,2
32658,50,60,-10,10
32659,78,87,-9,9
32660,68,79,-11,11
32661,92,81,11,11
32662,65,73,-8,8
32663,112,99,13,13
32664,69,70,-1,1
32665,86,83,3,3
32666,73,71,2,2
32667,99,92,7,7
32668,99,95,4,4
32669,70,78,-8,8
32670,88,81,7,7
32671,66,66,0,0
32672,123,107,16,16
32673,72,61,11,11
32674,120,119,1,1
32675,51,61,-10,10
32676,68,60,8,8
32677,103,103,0,0
32678,76,74,2,2
32679,77,85,-8,8
32680,143,141,2,2
32681,128,120,8,8
32682,87,77,10,10
32683,47,44,3,3
32684,119,107,12,12
32685,119,108,11,11
32686,52,60,-8,8
32687,123,97,26,26
32688,78,80,-2,2
32689,135,126,9,9
32690,65,65,0,0
32691,50,57,-7,7
32692,59,79,-20,20
32693,95,83,12,12
32694,74,84,-10,10
32695,127,106,21,21
32696,135,103,32,32
32697,80,78,2,2
32698,81,82,-1,1
32699,102,96,6,6
32700,131,116,15,15
32701,96,84,12,12
32702,100,98,2,2
32703,104,100,4,4
32704,112,103,9,9
32705,103,88,15,15
32706,96,92,4,4
32707,86,80,6,6
32708,130,122,8,8
32709,47,49,-2,2
32710,118,105,13,13
32711,81,80,1,1
32712,117,87,30,30
32713,77,78,-1,1
32714,129,113,16,16
32715,111,87,24,24
32716,131,115,16,16
32717,67,71,-4,4
32718,66,66,0,0
32719,111,112,-1,1
32720,71,81,-10,10
32721,58,56,2,2
32722,61,77,-16,16
32723,65,66,-1,1
32724,91,93,-2,2
32725,126,113,13,13
32726,79,69,10,10
32727,98,87,11,11
32728,83,99,-16,16
32729,46,49,-3,3
32730,71,72,-1,1
32731,56,68,-12,12
32732,74,68,6,6
32733,86,80,6,6
32734,125,113,12,12
32735,71,66,5,5
32736,62,65,-3,3
32737,96,63,33,33
32738,145,116,29,29
32739,73,70,3,3
32740,67,69,-2,2
32741,87,86,1,1
32742,79,70,9,9
32743,93,91,2,2
32744,72,72,0,0
32745,68,63,5,5
32746,72,71,1,1
32747,132,114,18,18
32748,75,72,3,3
32749,86,84,2,2
32750,101,92,9,9
32751,193,174,19,19
32752,124,110,14,14
32753,96,86,10,10
32754,102,100,2,2
32755,48,44,4,4
32756,95,83,12,12
32757,172,155,17,17
32758,174,155,19,19
32759,171,138,33,33
32760,64,61,3,3
32761,90,90,0,0
32762,77,77,0,0
32763,79,78,1,1
32764,82,80,2,2
32765,128,114,14,14
32766,96,92,4,4
32767,88,85,3,3
32768,78,79,-1,1
32769,115,110,5,5
32770,75,81,-6,6
32771,132,117,15,15
32772,161,136,25,25
32773,117,104,13,13
32774,61,57,4,4
32775,84,72,12,12
32776,102,101,1,1
32777,108,101,7,7
32778,108,113,-5,5
32779,156,132,24,24
32780,107,99,8,8
32781,74,70,4,4
32782,185,178,7,7
32783,61,73,-12,12
32784,106,97,9,9
32785,73,75,-2,2
32786,83,73,10,10
32787,53,56,-3,3
32788,216,181,35,35
32789,90,85,5,5
32790,94,100,-6,6
32791,113,111,2,2
32792,48,49,-1,1
32793,125,129,-4,4
32794,58,59,-1,1
32795,112,105,7,7
32796,91,80,11,11
32797,90,95,-5,5
32798,104,93,11,11
32799,59,63,-4,4
32800,74,78,-4,4
32801,99,101,-2,2
32802,76,83,-7,7
32803,101,96,5,5
32804,143,126,17,17
32805,66,69,-3,3
32806,108,96,12,12
32807,126,113,13,13
32808,102,92,10,10
32809,106,103,3,3
32810,84,81,3,3
32811,133,120,13,13
32812,68,68,0,0
32813,133,120,13,13
32814,91,88,3,3
32815,148,132,16,16
32816,131,118,13,13
32817,105,92,13,13
32818,111,112,-1,1
32819,50,53,-3,3
32820,118,101,17,17
32821,56,65,-9,9
32822,76,77,-1,1
32823,141,118,23,23
32824,162,142,20,20
32825,144,133,11,11
32826,131,129,2,2
32827,57,48,9,9
32828,105,113,-8,8
32829,74,70,4,4
32830,118,131,-13,13
32831,157,138,19,19
32832,105,97,8,8
32833,90,82,8,8
32834,96,96,0,0
32835,161,143,18,18
32836,83,79,4,4
32837,145,126,19,19
32838,55,57,-2,2
32839,113,116,-3,3
32840,72,75,-3,3
32841,199,173,26,26
32842,57,70,-13,13
32843,86,86,0,0
32844,124,108,16,16
32845,59,72,-13,13
32846,65,56,9,9
32847,82,80,2,2
32848,127,118,9,9
32849,82,86,-4,4
32850,101,89,12,12
32851,105,95,10,10
32852,94,92,2,2
32853,125,109,16,16
32854,96,80,16,16
32855,48,54,-6,6
32856,68,71,-3,3
32857,98,96,2,2
32858,152,132,20,20
32859,139,109,30,30
32860,80,83,-3,3
32861,113,103,10,10
32862,102,107,-5,5
32863,94,87,7,7
32864,56,64,-8,8
32865,112,105,7,7
32866,71,70,1,1
32867,163,148,15,15
32868,95,97,-2,2
32869,165,148,17,17
32870,100,99,1,1
32871,104,95,9,9
32872,68,80,-12,12
32873,152,134,18,18
32874,62,70,-8,8
32875,56,59,-3,3
32876,87,88,-1,1
32877,48,49,-1,1
32878,85,80,5,5
32879,82,96,-14,14
32880,70,84,-14,14
32881,80,80,0,0
32882,100,101,-1,1
32883,158,137,21,21
32884,143,123,20,20
32885,76,72,4,4
32886,64,69,-5,5
32887,121,107,14,14
32888,72,74,-2,2
32889,53,54,-1,1
32890,202,170,32,32
32891,54,57,-3,3
32892,58,59,-1,1
32893,125,114,11,11
32894,74,65,9,9
32895,58,96,-38,38
32896,144,133,11,11
32897,124,115,9,9
32898,84,83,1,1
32899,27,61,-34,34
32900,84,76,8,8
32901,176,140,36,36
32902,44,51,-7,7
32903,66,70,-4,4
32904,73,82,-9,9
32905,71,84,-13,13
32906,42,71,-29,29
32907,61,81,-20,20
32908,71,69,2,2
32909,90,95,-5,5
32910,74,69,5,5
32911,109,95,14,14
32912,124,110,14,14
32913,94,90,4,4
32914,158,153,5,5
32915,97,86,11,11
32916,73,68,5,5
32917,90,94,-4,4
32918,64,61,3,3
32919,144,136,8,8
32920,104,105,-1,1
32921,186,154,32,32
32922,102,91,11,11
32923,85,81,4,4
32924,96,96,0,0
32925,122,108,14,14
32926,97,90,7,7
32927,96,88,8,8
32928,50,46,4,4
32929,110,118,-8,8
32930,89,84,5,5
32931,98,90,8,8
32932,123,124,-1,1
32933,53,60,-7,7
32934,114,104,10,10
32935,152,141,11,11
32936,146,141,5,5
32937,134,117,17,17
32938,105,106,-1,1
32939,38,86,-48,48
32940,99,92,7,7
32941,107,97,10,10
32942,92,81,11,11
32943,120,112,8,8
32944,129,119,10,10
32945,95,87,8,8
32946,90,85,5,5
32947,103,99,4,4
32948,114,104,10,10
32949,59,61,-2,2
32950,36,33,3,3
32951,99,95,4,4
32952,76,73,3,3
32953,149,116,33,33
32954,106,85,21,21
32955,61,71,-10,10
32956,47,66,-19,19
32957,158,155,3,3
32958,54,54,0,0
32959,50,55,-5,5
32960,98,89,9,9
32961,94,84,10,10
32962,67,69,-2,2
32963,49,51,-2,2
32964,146,130,16,16
32965,135,113,22,22
32966,87,79,8,8
32967,98,99,-1,1
32968,59,59,0,0
32969,86,80,6,6
32970,62,65,-3,3
32971,113,101,12,12
32972,93,89,4,4
32973,75,81,-6,6
32974,83,80,3,3
32975,138,123,15,15
32976,67,70,-3,3
32977,84,75,9,9
32978,117,111,6,6
32979,64,66,-2,2
32980,80,77,3,3
32981,85,82,3,3
32982,67,68,-1,1
32983,96,92,4,4
32984,72,74,-2,2
32985,63,74,-11,11
32986,151,121,30,30
32987,49,55,-6,6
32988,103,83,20,20
32989,32,39,-7,7
32990,70,65,5,5
32991,135,125,10,10
32992,55,60,-5,5
32993,99,96,3,3
32994,114,109,5,5
32995,82,76,6,6
32996,119,114,5,5
32997,104,100,4,4
32998,123,107,16,16
32999,113,112,1,1
33000,153,139,14,14
33001,89,89,0,0
33002,48,71,-23,23
33003,113,99,14,14
33004,83,82,1,1
33005,129,109,20,20
33006,67,74,-7,7
33007,96,90,6,6
33008,92,90,2,2
33009,103,90,13,13
33010,121,103,18,18
33011,48,56,-8,8
33012,98,85,13,13
33013,112,103,9,9
33014,107,104,3,3
33015,92,80,12,12
33016,72,77,-5,5
33017,86,83,3,3
33018,86,83,3,3
33019,120,103,17,17
33020,65,70,-5,5
33021,86,80,6,6
33022,138,118,20,20
33023,74,81,-7,7
33024,60,63,-3,3
33025,125,105,20,20
33026,61,66,-5,5
33027,99,93,6,6
33028,150,129,21,21
33029,69,65,4,4
33030,41,40,1,1
33031,108,96,12,12
33032,163,153,10,10
33033,121,105,16,16
33034,72,74,-2,2
33035,109,98,11,11
33036,133,126,7,7
33037,74,79,-5,5
33038,119,114,5,5
33039,77,77,0,0
33040,97,102,-5,5
33041,76,79,-3,3
33042,102,91,11,11
33043,88,80,8,8
33044,139,124,15,15
33045,93,87,6,6
33046,171,148,23,23
33047,115,119,-4,4
33048,73,71,2,2
33049,102,93,9,9
33050,97,95,2,2
33051,107,105,2,2
33052,180,163,17,17
33053,78,77,1,1
33054,279,239,40,40
33055,86,89,-3,3
33056,80,80,0,0
33057,131,130,1,1
33058,49,56,-7,7
33059,100,90,10,10
33060,53,61,-8,8
33061,116,103,13,13
33062,61,59,2,2
33063,73,64,9,9
33064,70,63,7,7
33065,56,57,-1,1
33066,69,67,2,2
33067,76,71,5,5
33068,57,63,-6,6
33069,36,38,-2,2
33070,75,81,-6,6
33071,62,59,3,3
33072,78,74,4,4
33073,112,105,7,7
33074,85,80,5,5
33075,164,134,30,30
33076,52,64,-12,12
33077,102,96,6,6
33078,34,44,-10,10
33079,52,57,-5,5
33080,63,76,-13,13
33081,60,62,-2,2
33082,145,129,16,16
33083,74,78,-4,4
33084,106,105,1,1
33085,53,53,0,0
33086,114,111,3,3
33087,135,130,5,5
33088,119,109,10,10
33089,84,97,-13,13
33090,62,64,-2,2
33091,150,136,14,14
33092,178,177,1,1
33093,125,118,7,7
33094,125,116,9,9
33095,56,61,-5,5
33096,83,85,-2,2
33097,79,87,-8,8
33098,66,68,-2,2
33099,62,63,-1,1
33100,77,80,-3,3
33101,113,109,4,4
33102,119,114,5,5
33103,100,85,15,15
33104,121,114,7,7
33105,102,92,10,10
33106,106,110,-4,4
33107,67,64,3,3
33108,104,91,13,13
33109,133,124,9,9
33110,138,119,19,19
33111,62,71,-9,9
33112,110,111,-1,1
33113,140,123,17,17
33114,80,76,4,4
33115,103,100,3,3
33116,114,102,12,12
33117,55,57,-2,2
33118,91,86,5,5
33119,38,49,-11,11
33120,89,76,13,13
33121,129,117,12,12
33122,30,63,-33,33
33123,103,93,10,10
33124,100,99,1,1
33125,87,91,-4,4
33126,99,91,8,8
33127,87,82,5,5
33128,91,94,-3,3
33129,105,94,11,11
33130,104,96,8,8
33131,46,50,-4,4
33132,86,78,8,8
33133,59,74,-15,15
33134,135,129,6,6
33135,47,53,-6,6
33136,108,90,18,18
33137,108,95,13,13
33138,120,114,6,6
33139,50,75,-25,25
33140,102,111,-9,9
33141,129,128,1,1
33142,82,111,-29,29
33143,141,118,23,23
33144,87,81,6,6
33145,108,101,7,7
33146,113,117,-4,4
33147,166,146,20,20
33148,82,80,2,2
33149,34,59,-25,25
33150,57,58,-1,1
33151,128,126,2,2
33152,86,90,-4,4
33153,70,67,3,3
33154,106,99,7,7
33155,111,105,6,6
33156,89,94,-5,5
33157,28,26,2,2
33158,102,99,3,3
33159,159,128,31,31
33160,170,142,28,28
33161,98,95,3,3
33162,77,80,-3,3
33163,118,113,5,5
33164,96,89,7,7
33165,51,61,-10,10
33166,63,58,5,5
33167,70,70,0,0
33168,99,106,-7,7
33169,58,57,1,1
33170,60,60,0,0
33171,78,80,-2,2
33172,45,58,-13,13
33173,89,96,-7,7
33174,69,71,-2,2
33175,84,87,-3,3
33176,73,70,3,3
33177,178,148,30,30
33178,63,70,-7,7
33179,108,98,10,10
33180,105,101,4,4
33181,43,49,-6,6
33182,82,80,2,2
33183,76,80,-4,4
33184,143,117,26,26
33185,91,83,8,8
33186,63,65,-2,2
33187,136,120,16,16
33188,83,79,4,4
33189,128,112,16,16
33190,63,67,-4,4
33191,72,76,-4,4
33192,96,96,0,0
33193,66,70,-4,4
33194,89,99,-10,10
33195,74,69,5,5
33196,69,69,0,0
33197,86,82,4,4
33198,105,95,10,10
33199,92,92,0,0
33200,49,59,-10,10
33201,151,121,30,30
33202,87,91,-4,4
33203,86,82,4,4
33204,55,55,0,0
33205,113,119,-6,6
33206,96,94,2,2
33207,84,81,3,3
33208,102,95,7,7
33209,85,88,-3,3
33210,141,128,13,13
33211,90,75,15,15
33212,57,59,-2,2
33213,80,84,-4,4
33214,111,101,10,10
33215,82,112,-30,30
33216,85,85,0,0
33217,85,78,7,7
33218,67,68,-1,1
33219,86,79,7,7
33220,102,92,10,10
33221,71,71,0,0
33222,130,142,-12,12
33223,76,80,-4,4
33224,70,72,-2,2
33225,86,89,-3,3
33226,55,47,8,8
33227,97,94,3,3
33228,98,109,-11,11
33229,70,62,8,8
33230,102,93,9,9
33231,79,71,8,8
33232,104,96,8,8
33233,70,62,8,8
33234,94,85,9,9
33235,103,100,3,3
33236,102,100,2,2
33237,102,93,9,9
33238,67,66,1,1
33239,165,148,17,17
33240,73,88,-15,15
33241,149,122,27,27
33242,92,86,6,6
33243,57,67,-10,10
33244,76,65,11,11
33245,129,114,15,15
33246,66,70,-4,4
33247,132,117,15,15
33248,108,96,12,12
33249,162,159,3,3
33250,104,95,9,9
33251,98,102,-4,4
33252,81,78,3,3
33253,106,103,3,3
33254,134,130,4,4
33255,118,112,6,6
33256,156,127,29,29
33257,73,71,2,2
33258,106,101,5,5
33259,64,61,3,3
33260,66,64,2,2
33261,126,106,20,20
33262,103,103,0,0
33263,57,60,-3,3
33264,158,151,7,7
33265,103,97,6,6
33266,103,98,5,5
33267,172,145,27,27
33268,137,127,10,10
33269,95,87,8,8
33270,127,111,16,16
33271,87,82,5,5
33272,136,108,28,28
33273,51,55,-4,4
33274,95,86,9,9
33275,100,97,3,3
33276,140,124,16,16
33277,102,103,-1,1
33278,69,69,0,0
33279,148,131,17,17
33280,121,126,-5,5
33281,133,122,11,11
33282,106,105,1,1
33283,95,89,6,6
33284,71,82,-11,11
33285,148,138,10,10
33286,188,163,25,25
33287,111,102,9,9
33288,88,89,-1,1
33289,71,83,-12,12
33290,83,83,0,0
33291,44,51,-7,7
33292,69,69,0,0
33293,44,46,-2,2
33294,111,102,9,9
33295,105,105,0,0
33296,76,79,-3,3
33297,95,93,2,2
33298,181,160,21,21
33299,128,110,18,18
33300,81,75,6,6
33301,175,143,32,32
33302,57,59,-2,2
33303,70,68,2,2
33304,77,71,6,6
33305,61,64,-3,3
33306,108,104,4,4
33307,69,73,-4,4
33308,61,63,-2,2
33309,116,105,11,11
33310,50,53,-3,3
33311,95,82,13,13
33312,62,70,-8,8
33313,161,138,23,23
33314,101,97,4,4
33315,84,81,3,3
33316,87,89,-2,2
33317,71,73,-2,2
33318,56,63,-7,7
33319,77,76,1,1
33320,100,109,-9,9
33321,74,76,-2,2
33322,59,69,-10,10
33323,117,108,9,9
33324,102,95,7,7
33325,97,93,4,4
33326,77,80,-3,3
33327,128,125,3,3
33328,89,89,0,0
33329,67,69,-2,2
33330,69,75,-6,6
33331,104,100,4,4
33332,55,60,-5,5
33333,62,65,-3,3
33334,101,94,7,7
33335,78,81,-3,3
33336,86,73,13,13
33337,81,81,0,0
33338,104,91,13,13
33339,57,55,2,2
33340,101,89,12,12
33341,84,79,5,5
33342,73,80,-7,7
33343,106,103,3,3
33344,102,101,1,1
33345,71,78,-7,7
33346,144,132,12,12
33347,131,111,20,20
33348,82,72,10,10
33349,83,75,8,8
33350,169,148,21,21
33351,70,69,1,1
33352,158,137,21,21
33353,162,123,39,39
33354,104,95,9,9
33355,52,43,9,9
33356,59,60,-1,1
33357,70,72,-2,2
33358,112,113,-1,1
33359,106,94,12,12
33360,130,114,16,16
33361,111,95,16,16
33362,117,103,14,14
33363,118,118,0,0
33364,74,81,-7,7
33365,52,54,-2,2
33366,97,100,-3,3
33367,72,73,-1,1
33368,84,77,7,7
33369,50,55,-5,5
33370,101,98,3,3
33371,52,58,-6,6
33372,85,83,2,2
33373,90,86,4,4
33374,66,72,-6,6
33375,132,110,22,22
33376,91,91,0,0
33377,46,56,-10,10
33378,36,43,-7,7
33379,94,89,5,5
33380,65,65,0,0
33381,85,83,2,2
33382,78,76,2,2
33383,140,134,6,6
33384,79,80,-1,1
33385,108,101,7,7
33386,84,81,3,3
33387,89,85,4,4
33388,119,102,17,17
33389,52,51,1,1
33390,130,108,22,22
33391,57,52,5,5
33392,128,113,15,15
33393,106,92,14,14
33394,65,59,6,6
33395,75,80,-5,5
33396,153,143,10,10
33397,42,44,-2,2
33398,70,69,1,1
33399,157,140,17,17
33400,153,135,18,18
33401,93,82,11,11
33402,85,81,4,4
33403,70,78,-8,8
33404,84,86,-2,2
33405,61,61,0,0
33406,80,80,0,0
33407,60,58,2,2
33408,60,62,-2,2
33409,122,109,13,13
33410,87,86,1,1
33411,207,149,58,58
33412,102,99,3,3
33413,52,60,-8,8
33414,75,78,-3,3
33415,62,61,1,1
33416,82,87,-5,5
33417,144,115,29,29
33418,130,126,4,4
33419,90,77,13,13
33420,71,75,-4,4
33421,77,70,7,7
33422,72,71,1,1
33423,46,49,-3,3
33424,55,63,-8,8
33425,64,98,-34,34
33426,73,70,3,3
33427,76,81,-5,5
33428,100,97,3,3
33429,108,93,15,15
33430,130,114,16,16
33431,136,120,16,16
33432,89,86,3,3
33433,79,83,-4,4
33434,110,96,14,14
33435,125,120,5,5
33436,79,86,-7,7
33437,32,26,6,6
33438,97,118,-21,21
33439,135,121,14,14
33440,93,92,1,1
33441,111,106,5,5
33442,87,93,-6,6
33443,131,111,20,20
33444,72,71,1,1
33445,72,80,-8,8
33446,192,152,40,40
33447,129,110,19,19
33448,102,95,7,7
33449,86,75,11,11
33450,134,114,20,20
33451,157,141,16,16
33452,75,77,-2,2
33453,93,92,1,1
33454,96,91,5,5
33455,105,100,5,5
33456,110,101,9,9
33457,137,120,17,17
33458,194,176,18,18
33459,82,80,2,2
33460,102,104,-2,2
33461,92,92,0,0
33462,119,95,24,24
33463,113,101,12,12
33464,85,83,2,2
33465,66,71,-5,5
33466,145,130,15,15
33467,112,105,7,7
33468,133,124,9,9
33469,113,97,16,16
33470,175,135,40,40
33471,113,110,3,3
33472,59,59,0,0
33473,97,96,1,1
33474,74,72,2,2
33475,53,53,0,0
33476,108,103,5,5
33477,133,110,23,23
33478,46,48,-2,2
33479,135,111,24,24
33480,111,99,12,12
33481,117,102,15,15
33482,69,71,-2,2
33483,175,145,30,30
33484,83,80,3,3
33485,80,81,-1,1
33486,95,100,-5,5
33487,80,80,0,0
33488,71,71,0,0
33489,61,61,0,0
33490,83,83,0,0
33491,168,143,25,25
33492,78,75,3,3
33493,79,85,-6,6
33494,112,113,-1,1
33495,73,73,0,0
33496,71,83,-12,12
33497,86,83,3,3
33498,105,105,0,0
33499,103,95,8,8
33500,81,79,2,2
33501,70,71,-1,1
33502,107,92,15,15
33503,150,139,11,11
33504,70,64,6,6
33505,80,83,-3,3
33506,48,59,-11,11
33507,100,102,-2,2
33508,52,61,-9,9
33509,97,93,4,4
33510,172,151,21,21
33511,28,29,-1,1
33512,42,75,-33,33
33513,120,109,11,11
33514,60,65,-5,5
33515,118,103,15,15
33516,175,145,30,30
33517,69,71,-2,2
33518,50,55,-5,5
33519,90,87,3,3
33520,109,101,8,8
33521,63,73,-10,10
33522,63,67,-4,4
33523,54,58,-4,4
33524,115,106,9,9
33525,61,62,-1,1
33526,91,91,0,0
33527,76,89,-13,13
33528,72,78,-6,6
33529,64,66,-2,2
33530,47,46,1,1
33531,67,64,3,3
33532,111,101,10,10
33533,102,121,-19,19
33534,68,64,4,4
33535,101,85,16,16
33536,154,124,30,30
33537,71,74,-3,3
33538,77,73,4,4
33539,74,71,3,3
33540,95,95,0,0
33541,98,94,4,4
33542,87,80,7,7
33543,134,122,12,12
33544,118,109,9,9
33545,146,131,15,15
33546,82,91,-9,9
33547,85,70,15,15
33548,68,87,-19,19
33549,62,60,2,2
33550,79,67,12,12
33551,33,36,-3,3
33552,130,110,20,20
33553,88,76,12,12
33554,132,121,11,11
33555,69,75,-6,6
33556,98,87,11,11
33557,113,93,20,20
33558,84,85,-1,1
33559,78,74,4,4
33560,121,108,13,13
33561,69,71,-2,2
33562,70,82,-12,12
33563,89,91,-2,2
33564,97,92,5,5
33565,89,87,2,2
33566,128,117,11,11
33567,149,134,15,15
33568,115,101,14,14
33569,68,83,-15,15
33570,44,38,6,6
33571,36,41,-5,5
33572,64,80,-16,16
33573,75,69,6,6
33574,85,82,3,3
33575,90,91,-1,1
33576,98,104,-6,6
33577,110,94,16,16
33578,91,92,-1,1
33579,179,150,29,29
33580,97,81,16,16
33581,65,70,-5,5
33582,111,109,2,2
33583,191,149,42,42
33584,181,145,36,36
33585,58,67,-9,9
33586,90,75,15,15
33587,101,90,11,11
33588,164,132,32,32
33589,117,100,17,17
33590,84,87,-3,3
33591,112,101,11,11
33592,117,101,16,16
33593,80,80,0,0
33594,150,129,21,21
33595,94,93,1,1
33596,115,110,5,5
33597,157,127,30,30
33598,69,74,-5,5
33599,61,63,-2,2
33600,97,94,3,3
33601,74,77,-3,3
33602,90,88,2,2
33603,59,59,0,0
33604,121,101,20,20
33605,102,91,11,11
33606,107,107,0,0
33607,102,104,-2,2
33608,256,231,25,25
33609,75,79,-4,4
33610,80,80,0,0
33611,67,71,-4,4
33612,122,109,13,13
33613,65,60,5,5
33614,74,80,-6,6
33615,86,82,4,4
33616,206,179,27,27
33617,139,132,7,7
33618,76,74,2,2
33619,186,159,27,27
33620,111,105,6,6
33621,80,71,9,9
33622,148,134,14,14
33623,76,81,-5,5
33624,123,129,-6,6
33625,79,92,-13,13
33626,118,105,13,13
33627,51,54,-3,3
33628,88,99,-11,11
33629,157,141,16,16
33630,84,84,0,0
33631,129,111,18,18
33632,131,110,21,21
33633,74,90,-16,16
33634,93,90,3,3
33635,88,86,2,2
33636,74,81,-7,7
33637,102,95,7,7
33638,143,126,17,17
33639,67,67,0,0
33640,197,164,33,33
33641,98,85,13,13
33642,117,101,16,16
33643,120,114,6,6
33644,118,116,2,2
33645,63,50,13,13
33646,139,129,10,10
33647,144,136,8,8
33648,96,91,5,5
33649,110,88,22,22
33650,121,114,7,7
33651,68,77,-9,9
33652,84,98,-14,14
33653,118,107,11,11
33654,96,92,4,4
33655,78,81,-3,3
33656,27,26,1,1
33657,157,134,23,23
33658,137,117,20,20
33659,107,104,3,3
33660,95,92,3,3
33661,45,58,-13,13
33662,69,99,-30,30
33663,196,161,35,35
33664,108,90,18,18
33665,88,80,8,8
33666,199,164,35,35
33667,111,107,4,4
33668,179,146,33,33
33669,157,140,17,17
33670,82,71,11,11
33671,77,71,6,6
33672,56,51,5,5
33673,63,69,-6,6
33674,196,166,30,30
33675,89,93,-4,4
33676,126,113,13,13
33677,39,40,-1,1
33678,80,85,-5,5
33679,97,92,5,5
33680,85,80,5,5
33681,58,56,2,2
33682,132,113,19,19
33683,54,69,-15,15
33684,99,95,4,4
33685,91,93,-2,2
33686,75,69,6,6
33687,57,69,-12,12
33688,66,71,-5,5
33689,105,105,0,0
33690,51,56,-5,5
33691,134,113,21,21
33692,27,31,-4,4
33693,71,67,4,4
33694,65,60,5,5
33695,112,89,23,23
33696,100,101,-1,1
33697,56,56,0,0
33698,74,75,-1,1
33699,137,120,17,17
33700,96,96,0,0
33701,113,114,-1,1
33702,56,59,-3,3
33703,91,94,-3,3
33704,179,160,19,19
33705,54,51,3,3
33706,90,93,-3,3
33707,92,89,3,3
33708,87,80,7,7
33709,122,104,18,18
33710,150,126,24,24
33711,90,85,5,5
33712,98,90,8,8
33713,59,66,-7,7
33714,122,112,10,10
33715,150,139,11,11
33716,74,70,4,4
33717,65,70,-5,5
33718,53,59,-6,6
33719,93,87,6,6
33720,108,97,11,11
33721,70,78,-8,8
33722,135,118,17,17
33723,87,94,-7,7
33724,65,76,-11,11
33725,55,47,8,8
33726,40,44,-4,4
33727,88,81,7,7
33728,168,140,28,28
33729,37,39,-2,2
33730,80,71,9,9
33731,92,81,11,11
33732,157,132,25,25
33733,121,114,7,7
33734,119,116,3,3
33735,131,104,27,27
33736,112,95,17,17
33737,71,81,-10,10
33738,73,72,1,1
33739,99,92,7,7
33740,81,73,8,8
33741,70,72,-2,2
33742,91,84,7,7
33743,63,64,-1,1
33744,65,65,0,0
33745,92,95,-3,3
33746,83,75,8,8
33747,62,68,-6,6
33748,137,122,15,15
33749,194,161,33,33
33750,104,93,11,11
33751,136,123,13,13
33752,149,132,17,17
33753,109,104,5,5
33754,70,69,1,1
33755,121,110,11,11
33756,73,73,0,0
33757,97,88,9,9
33758,105,94,11,11
33759,131,114,17,17
33760,118,103,15,15
33761,97,88,9,9
33762,49,48,1,1
33763,110,103,7,7
33764,87,93,-6,6
33765,107,100,7,7
33766,72,69,3,3
33767,173,149,24,24
33768,117,110,7,7
33769,91,93,-2,2
33770,93,80,13,13
33771,34,26,8,8
33772,75,70,5,5
33773,110,109,1,1
33774,76,84,-8,8
33775,122,140,-18,18
33776,94,94,0,0
33777,60,61,-1,1
33778,96,96,0,0
33779,92,94,-2,2
33780,155,134,21,21
33781,116,101,15,15
33782,113,105,8,8
33783,70,66,4,4
33784,127,122,5,5
33785,104,105,-1,1
33786,103,100,3,3
33787,66,59,7,7
33788,58,63,-5,5
33789,47,58,-11,11
33790,124,119,5,5
33791,47,42,5,5
33792,134,115,19,19
33793,126,105,21,21
33794,133,124,9,9
33795,101,99,2,2
33796,48,50,-2,2
33797,69,81,-12,12
33798,62,60,2,2
33799,112,96,16,16
33800,124,120,4,4
33801,68,66,2,2
33802,70,67,3,3
33803,98,95,3,3
33804,61,75,-14,14
33805,98,101,-3,3
33806,128,108,20,20
33807,112,101,11,11
33808,62,67,-5,5
33809,106,93,13,13
33810,90,81,9,9
33811,57,60,-3,3
33812,127,115,12,12
33813,83,77,6,6
33814,123,114,9,9
33815,99,92,7,7
33816,114,110,4,4
33817,124,120,4,4
33818,63,67,-4,4
33819,169,147,22,22
33820,86,83,3,3
33821,97,93,4,4
33822,95,88,7,7
33823,97,91,6,6
33824,120,103,17,17
33825,100,94,6,6
33826,127,124,3,3
33827,65,69,-4,4
33828,74,75,-1,1
33829,146,130,16,16
33830,93,91,2,2
33831,76,75,1,1
33832,127,112,15,15
33833,61,61,0,0
33834,81,83,-2,2
33835,132,98,34,34
33836,69,60,9,9
33837,56,69,-13,13
33838,103,95,8,8
33839,110,108,2,2
33840,102,94,8,8
33841,74,69,5,5
33842,111,107,4,4
33843,74,71,3,3
33844,58,60,-2,2
33845,96,96,0,0
33846,67,71,-4,4
33847,57,59,-2,2
33848,104,95,9,9
33849,60,71,-11,11
33850,50,58,-8,8
33851,120,111,9,9
33852,73,72,1,1
33853,45,46,-1,1
33854,95,92,3,3
33855,125,120,5,5
33856,106,102,4,4
33857,80,74,6,6
33858,138,124,14,14
33859,105,102,3,3
33860,100,93,7,7
33861,89,83,6,6
33862,161,127,34,34
33863,115,111,4,4
33864,109,96,13,13
33865,120,107,13,13
33866,64,61,3,3
33867,85,83,2,2
33868,139,127,12,12
33869,56,63,-7,7
33870,100,100,0,0
33871,61,65,-4,4
33872,87,88,-1,1
33873,78,71,7,7
33874,135,117,18,18
33875,149,137,12,12
33876,123,108,15,15
33877,114,94,20,20
33878,106,102,4,4
33879,121,99,22,22
33880,103,110,-7,7
33881,133,124,9,9
33882,83,80,3,3
33883,90,81,9,9
33884,43,43,0,0
33885,195,163,32,32
33886,82,77,5,5
33887,121,107,14,14
33888,77,77,0,0
33889,80,82,-2,2
33890,56,60,-4,4
33891,70,65,5,5
33892,57,58,-1,1
33893,98,97,1,1
33894,85,83,2,2
33895,102,95,7,7
33896,114,96,18,18
33897,153,129,24,24
33898,61,59,2,2
33899,99,93,6,6
33900,77,73,4,4
33901,89,77,12,12
33902,79,71,8,8
33903,108,108,0,0
33904,102,81,21,21
33905,54,61,-7,7
33906,101,90,11,11
33907,131,111,20,20
33908,56,63,-7,7
33909,110,98,12,12
33910,78,72,6,6
33911,153,131,22,22
33912,73,77,-4,4
33913,105,96,9,9
33914,57,70,-13,13
33915,95,102,-7,7
33916,56,67,-11,11
33917,107,96,11,11
33918,62,79,-17,17
33919,157,139,18,18
33920,94,84,10,10
33921,84,71,13,13
33922,131,117,14,14
33923,75,72,3,3
33924,122,109,13,13
33925,114,114,0,0
33926,61,60,1,1
33927,137,131,6,6
33928,72,71,1,1
33929,115,94,21,21
33930,49,82,-33,33
33931,98,87,11,11
33932,114,110,4,4
33933,79,80,-1,1
33934,75,71,4,4
33935,111,87,24,24
33936,84,82,2,2
33937,61,59,2,2
33938,70,76,-6,6
33939,103,103,0,0
33940,119,100,19,19
33941,62,66,-4,4
33942,94,81,13,13
33943,161,138,23,23
33944,253,204,49,49
33945,112,105,7,7
33946,63,71,-8,8
33947,90,84,6,6
33948,124,114,10,10
33949,85,72,13,13
33950,167,148,19,19
33951,115,92,23,23
33952,113,97,16,16
33953,95,94,1,1
33954,93,87,6,6
33955,138,115,23,23
33956,74,75,-1,1
33957,52,57,-5,5
33958,104,97,7,7
33959,143,123,20,20
33960,74,80,-6,6
33961,69,70,-1,1
33962,133,119,14,14
33963,82,79,3,3
33964,98,90,8,8
33965,77,75,2,2
33966,142,130,12,12
33967,84,84,0,0
33968,95,96,-1,1
33969,83,78,5,5
33970,114,96,18,18
33971,53,77,-24,24
33972,91,82,9,9
33973,122,121,1,1
33974,89,106,-17,17
33975,81,83,-2,2
33976,110,106,4,4
33977,96,86,10,10
33978,119,105,14,14
33979,80,82,-2,2
33980,108,97,11,11
33981,71,68,3,3
33982,80,78,2,2
33983,157,145,12,12
33984,85,72,13,13
33985,47,54,-7,7
33986,68,60,8,8
33987,86,74,12,12
33988,71,70,1,1
33989,64,61,3,3
33990,65,66,-1,1
33991,155,146,9,9
33992,108,111,-3,3
33993,188,156,32,32
33994,109,105,4,4
33995,64,69,-5,5
33996,120,129,-9,9
33997,72,76,-4,4
33998,55,59,-4,4
33999,69,66,3,3
34000,186,151,35,35
34001,96,107,-11,11
34002,77,81,-4,4
34003,83,83,0,0
34004,79,73,6,6
34005,55,68,-13,13
34006,155,136,19,19
34007,91,88,3,3
34008,48,59,-11,11
34009,122,113,9,9
34010,75,85,-10,10
34011,109,104,5,5
34012,110,100,10,10
34013,79,73,6,6
34014,69,69,0,0
34015,78,81,-3,3
34016,129,119,10,10
34017,131,119,12,12
34018,45,48,-3,3
34019,96,87,9,9
34020,105,116,-11,11
34021,128,121,7,7
34022,139,128,11,11
34023,116,99,17,17
34024,81,79,2,2
34025,77,80,-3,3
34026,100,94,6,6
34027,68,67,1,1
34028,70,75,-5,5
34029,222,210,12,12
34030,22,34,-12,12
34031,121,111,10,10
34032,67,70,-3,3
34033,87,80,7,7
34034,58,56,2,2
34035,69,80,-11,11
34036,71,81,-10,10
34037,54,66,-12,12
34038,60,56,4,4
34039,87,84,3,3
34040,101,92,9,9
34041,61,60,1,1
34042,141,115,26,26
34043,121,118,3,3
34044,102,91,11,11
34045,78,80,-2,2
34046,96,102,-6,6
34047,56,53,3,3
34048,101,86,15,15
34049,64,66,-2,2
34050,55,61,-6,6
34051,89,78,11,11
34052,84,77,7,7
34053,90,85,5,5
34054,166,139,27,27
34055,85,103,-18,18
34056,94,90,4,4
34057,130,126,4,4
34058,146,137,9,9
34059,77,89,-12,12
34060,97,87,10,10
34061,102,93,9,9
34062,150,138,12,12
34063,104,96,8,8
34064,90,84,6,6
34065,70,70,0,0
34066,45,47,-2,2
34067,76,70,6,6
34068,90,102,-12,12
34069,63,58,5,5
34070,123,110,13,13
34071,91,78,13,13
34072,102,86,16,16
34073,120,108,12,12
34074,48,69,-21,21
34075,42,50,-8,8
34076,85,83,2,2
34077,67,64,3,3
34078,73,61,12,12
34079,67,68,-1,1
34080,87,85,2,2
34081,172,135,37,37
34082,128,127,1,1
34083,116,110,6,6
34084,102,92,10,10
34085,134,124,10,10
34086,94,99,-5,5
34087,55,59,-4,4
34088,175,163,12,12
34089,71,70,1,1
34090,53,60,-7,7
34091,92,96,-4,4
34092,111,100,11,11
34093,120,118,2,2
34094,107,107,0,0
34095,48,47,1,1
34096,85,77,8,8
34097,122,132,-10,10
34098,90,90,0,0
34099,70,67,3,3
34100,63,63,0,0
34101,110,100,10,10
34102,56,60,-4,4
34103,96,95,1,1
34104,79,81,-2,2
34105,56,59,-3,3
34106,115,98,17,17
34107,60,70,-10,10
34108,59,58,1,1
34109,74,71,3,3
34110,110,107,3,3
34111,99,104,-5,5
34112,106,100,6,6
34113,62,53,9,9
34114,93,91,2,2
34115,59,59,0,0
34116,88,78,10,10
34117,75,84,-9,9
34118,78,71,7,7
34119,67,72,-5,5
34120,118,105,13,13
34121,66,62,4,4
34122,69,70,-1,1
34123,110,92,18,18
34124,102,96,6,6
34125,127,117,10,10
34126,99,94,5,5
34127,127,122,5,5
34128,97,81,16,16
34129,52,49,3,3
34130,56,63,-7,7
34131,64,60,4,4
34132,111,97,14,14
34133,114,105,9,9
34134,162,135,27,27
34135,56,70,-14,14
34136,35,39,-4,4
34137,83,81,2,2
34138,151,141,10,10
34139,77,79,-2,2
34140,65,71,-6,6
34141,67,69,-2,2
34142,81,79,2,2
34143,56,58,-2,2
34144,67,65,2,2
34145,59,57,2,2
34146,142,114,28,28
34147,79,78,1,1
34148,104,99,5,5
34149,68,71,-3,3
34150,67,74,-7,7
34151,56,61,-5,5
34152,66,67,-1,1
34153,31,28,3,3
34154,121,105,16,16
34155,115,105,10,10
34156,68,65,3,3
34157,103,98,5,5
34158,71,75,-4,4
34159,115,115,0,0
34160,122,102,20,20
34161,99,90,9,9
34162,112,103,9,9
34163,215,198,17,17
34164,68,72,-4,4
34165,84,80,4,4
34166,82,80,2,2
34167,82,82,0,0
34168,95,86,9,9
34169,80,80,0,0
34170,121,104,17,17
34171,103,90,13,13
34172,74,78,-4,4
34173,59,60,-1,1
34174,106,95,11,11
34175,62,57,5,5
34176,49,51,-2,2
34177,62,66,-4,4
34178,151,135,16,16
34179,178,141,37,37
34180,96,93,3,3
34181,91,91,0,0
34182,74,71,3,3
34183,78,84,-6,6
34184,95,110,-15,15
34185,109,101,8,8
34186,59,61,-2,2
34187,64,58,6,6
34188,122,102,20,20
34189,106,102,4,4
34190,137,123,14,14
34191,79,73,6,6
34192,45,53,-8,8
34193,96,86,10,10
34194,53,52,1,1
34195,121,105,16,16
34196,138,126,12,12
34197,107,94,13,13
34198,90,85,5,5
34199,83,81,2,2
34200,65,65,0,0
34201,68,76,-8,8
34202,50,51,-1,1
34203,44,70,-26,26
34204,78,81,-3,3
34205,74,74,0,0
34206,67,67,0,0
34207,116,97,19,19
34208,50,48,2,2
34209,100,92,8,8
34210,52,56,-4,4
34211,70,66,4,4
34212,92,90,2,2
34213,130,112,18,18
34214,139,133,6,6
34215,96,87,9,9
34216,98,91,7,7
34217,49,48,1,1
34218,90,81,9,9
34219,103,108,-5,5
34220,39,49,-10,10
34221,172,138,34,34
34222,104,90,14,14
34223,63,65,-2,2
34224,78,72,6,6
34225,65,69,-4,4
34226,58,59,-1,1
34227,140,131,9,9
34228,95,98,-3,3
34229,77,72,5,5
34230,122,105,17,17
34231,63,51,12,12
34232,26,30,-4,4
34233,78,78,0,0
34234,60,65,-5,5
34235,80,79,1,1
34236,96,92,4,4
34237,62,63,-1,1
34238,77,81,-4,4
34239,101,93,8,8
34240,103,100,3,3
34241,87,88,-1,1
34242,132,117,15,15
34243,223,176,47,47
34244,117,103,14,14
34245,151,130,21,21
34246,87,91,-4,4
34247,103,95,8,8
34248,59,66,-7,7
34249,150,117,33,33
34250,100,89,11,11
34251,92,81,11,11
34252,65,76,-11,11
34253,72,71,1,1
34254,48,48,0,0
34255,114,104,10,10
34256,63,56,7,7
34257,139,125,14,14
34258,86,83,3,3
34259,96,83,13,13
34260,80,80,0,0
34261,126,107,19,19
34262,112,104,8,8
34263,99,104,-5,5
34264,83,73,10,10
34265,62,61,1,1
34266,53,67,-14,14
34267,40,46,-6,6
34268,103,96,7,7
34269,87,96,-9,9
34270,66,69,-3,3
34271,116,99,17,17
34272,107,93,14,14
34273,121,113,8,8
34274,114,95,19,19
34275,111,102,9,9
34276,105,99,6,6
34277,103,99,4,4
34278,106,89,17,17
34279,126,114,12,12
34280,104,96,8,8
34281,77,71,6,6
34282,114,109,5,5
34283,77,79,-2,2
34284,83,81,2,2
34285,78,86,-8,8
34286,81,84,-3,3
34287,64,65,-1,1
34288,134,118,16,16
34289,78,79,-1,1
34290,137,122,15,15
34291,80,74,6,6
34292,145,120,25,25
34293,103,105,-2,2
34294,101,96,5,5
34295,87,81,6,6
34296,83,81,2,2
34297,98,86,12,12
34298,133,124,9,9
34299,114,108,6,6
34300,119,101,18,18
34301,94,89,5,5
34302,85,86,-1,1
34303,162,145,17,17
34304,85,72,13,13
34305,62,59,3,3
34306,83,79,4,4
34307,99,92,7,7
34308,79,81,-2,2
34309,95,93,2,2
34310,140,128,12,12
34311,165,140,25,25
34312,104,95,9,9
34313,110,117,-7,7
34314,138,161,-23,23
34315,117,120,-3,3
34316,120,105,15,15
34317,67,75,-8,8
34318,82,81,1,1
34319,110,95,15,15
34320,110,96,14,14
34321,63,71,-8,8
34322,54,56,-2,2
34323,128,120,8,8
34324,90,80,10,10
34325,99,95,4,4
34326,121,130,-9,9
34327,47,59,-12,12
34328,88,80,8,8
34329,96,84,12,12
34330,83,99,-16,16
34331,91,79,12,12
34332,100,100,0,0
34333,68,76,-8,8
34334,44,46,-2,2
34335,94,87,7,7
34336,48,52,-4,4
34337,63,61,2,2
34338,114,103,11,11
34339,88,79,9,9
34340,105,93,12,12
34341,67,69,-2,2
34342,61,53,8,8
34343,120,110,10,10
34344,111,95,16,16
34345,102,90,12,12
34346,111,99,12,12
34347,48,47,1,1
34348,102,99,3,3
34349,101,96,5,5
34350,88,87,1,1
34351,58,66,-8,8
34352,64,67,-3,3
34353,65,68,-3,3
34354,156,138,18,18
34355,84,80,4,4
34356,169,138,31,31
34357,130,105,25,25
34358,51,59,-8,8
34359,60,60,0,0
34360,109,95,14,14
34361,107,103,4,4
34362,133,133,0,0
34363,73,70,3,3
34364,117,104,13,13
34365,105,97,8,8
34366,118,127,-9,9
34367,107,101,6,6
34368,89,90,-1,1
34369,130,114,16,16
34370,107,106,1,1
34371,86,84,2,2
34372,87,88,-1,1
34373,166,143,23,23
34374,91,90,1,1
34375,83,77,6,6
34376,90,105,-15,15
34377,60,69,-9,9
34378,73,78,-5,5
34379,133,111,22,22
34380,131,117,14,14
34381,128,138,-10,10
34382,93,86,7,7
34383,48,50,-2,2
34384,126,101,25,25
34385,62,71,-9,9
34386,50,59,-9,9
34387,70,70,0,0
34388,111,107,4,4
34389,89,82,7,7
34390,94,93,1,1
34391,38,45,-7,7
34392,76,84,-8,8
34393,92,87,5,5
34394,66,66,0,0
34395,84,81,3,3
34396,72,72,0,0
34397,79,74,5,5
34398,78,77,1,1
34399,61,59,2,2
34400,68,68,0,0
34401,114,98,16,16
34402,84,81,3,3
34403,51,62,-11,11
34404,96,86,10,10
34405,74,71,3,3
34406,64,75,-11,11
34407,79,81,-2,2
34408,89,79,10,10
34409,150,136,14,14
34410,137,112,25,25
34411,62,62,0,0
34412,120,104,16,16
34413,75,67,8,8
34414,63,69,-6,6
34415,144,135,9,9
34416,83,74,9,9
34417,71,96,-25,25
34418,125,119,6,6
34419,71,72,-1,1
34420,90,87,3,3
34421,57,56,1,1
34422,68,74,-6,6
34423,117,101,16,16
34424,142,127,15,15
34425,95,82,13,13
34426,91,92,-1,1
34427,86,86,0,0
34428,119,115,4,4
34429,71,84,-13,13
34430,97,86,11,11
34431,92,95,-3,3
34432,86,93,-7,7
34433,48,60,-12,12
34434,50,41,9,9
34435,105,128,-23,23
34436,105,105,0,0
34437,127,109,18,18
34438,108,100,8,8
34439,71,70,1,1
34440,73,75,-2,2
34441,68,76,-8,8
34442,147,125,22,22
34443,142,134,8,8
34444,39,47,-8,8
34445,91,80,11,11
34446,79,81,-2,2
34447,84,78,6,6
34448,123,121,2,2
34449,63,74,-11,11
34450,196,167,29,29
34451,161,148,13,13
34452,152,115,37,37
34453,144,124,20,20
34454,96,97,-1,1
34455,125,118,7,7
34456,82,75,7,7
34457,128,111,17,17
34458,160,147,13,13
34459,43,47,-4,4
34460,68,70,-2,2
34461,108,83,25,25
34462,74,71,3,3
34463,52,56,-4,4
34464,107,109,-2,2
34465,64,71,-7,7
34466,89,83,6,6
34467,85,77,8,8
34468,73,77,-4,4
34469,177,167,10,10
34470,111,100,11,11
34471,67,75,-8,8
34472,76,70,6,6
34473,152,128,24,24
34474,90,88,2,2
34475,79,77,2,2
34476,99,97,2,2
34477,78,74,4,4
34478,131,118,13,13
34479,100,93,7,7
34480,74,80,-6,6
34481,99,94,5,5
34482,135,122,13,13
34483,104,100,4,4
34484,67,65,2,2
34485,102,89,13,13
34486,48,53,-5,5
34487,243,213,30,30
34488,97,93,4,4
34489,112,101,11,11
34490,118,114,4,4
34491,77,79,-2,2
34492,73,62,11,11
34493,99,98,1,1
34494,60,79,-19,19
34495,155,139,16,16
34496,125,113,12,12
34497,202,152,50,50
34498,82,86,-4,4
34499,100,90,10,10
34500,78,74,4,4
34501,59,69,-10,10
34502,48,56,-8,8
34503,121,117,4,4
34504,128,112,16,16
34505,96,99,-3,3
34506,133,110,23,23
34507,107,100,7,7
34508,106,96,10,10
34509,111,117,-6,6
34510,48,70,-22,22
34511,79,86,-7,7
34512,121,102,19,19
34513,147,130,17,17
34514,113,101,12,12
34515,58,59,-1,1
34516,93,81,12,12
34517,109,100,9,9
34518,85,86,-1,1
34519,69,79,-10,10
34520,70,70,0,0
34521,81,89,-8,8
34522,47,50,-3,3
34523,121,105,16,16
34524,151,121,30,30
34525,80,80,0,0
34526,60,58,2,2
34527,133,119,14,14
34528,65,68,-3,3
34529,162,145,17,17
34530,73,70,3,3
34531,108,98,10,10
34532,87,81,6,6
34533,101,100,1,1
34534,90,87,3,3
34535,130,134,-4,4
34536,133,114,19,19
34537,139,124,15,15
34538,95,95,0,0
34539,96,91,5,5
34540,66,68,-2,2
34541,69,75,-6,6
34542,69,69,0,0
34543,86,81,5,5
34544,95,91,4,4
34545,91,82,9,9
34546,189,150,39,39
34547,109,101,8,8
34548,63,63,0,0
34549,156,142,14,14
34550,64,62,2,2
34551,117,102,15,15
34552,55,52,3,3
34553,115,111,4,4
34554,103,93,10,10
34555,155,135,20,20
34556,78,80,-2,2
34557,159,150,9,9
34558,73,67,6,6
34559,188,161,27,27
34560,150,139,11,11
34561,103,91,12,12
34562,80,81,-1,1
34563,92,90,2,2
34564,121,112,9,9
34565,113,109,4,4
34566,106,97,9,9
34567,72,66,6,6
34568,120,110,10,10
34569,49,57,-8,8
34570,124,120,4,4
34571,82,80,2,2
34572,145,142,3,3
34573,61,61,0,0
34574,108,102,6,6
34575,53,56,-3,3
34576,117,104,13,13
34577,88,86,2,2
34578,122,94,28,28
34579,56,59,-3,3
34580,161,135,26,26
34581,115,104,11,11
34582,100,96,4,4
34583,149,138,11,11
34584,126,108,18,18
34585,74,74,0,0
34586,124,109,15,15
34587,101,94,7,7
34588,83,96,-13,13
34589,105,96,9,9
34590,143,125,18,18
34591,153,135,18,18
34592,54,59,-5,5
34593,52,49,3,3
34594,87,82,5,5
34595,63,64,-1,1
34596,84,88,-4,4
34597,96,95,1,1
34598,59,67,-8,8
34599,141,122,19,19
34600,121,103,18,18
34601,21,26,-5,5
34602,93,82,11,11
34603,126,119,7,7
34604,91,85,6,6
34605,126,115,11,11
34606,79,73,6,6
34607,133,125,8,8
34608,72,75,-3,3
34609,117,95,22,22
34610,51,59,-8,8
34611,92,86,6,6
34612,78,81,-3,3
34613,70,72,-2,2
34614,77,79,-2,2
34615,94,82,12,12
34616,75,76,-1,1
34617,93,93,0,0
34618,75,66,9,9
34619,149,135,14,14
34620,99,94,5,5
34621,94,101,-7,7
34622,98,87,11,11
34623,68,70,-2,2
34624,101,130,-29,29
34625,115,99,16,16
34626,87,80,7,7
34627,100,104,-4,4
34628,80,87,-7,7
34629,133,112,21,21
34630,54,57,-3,3
34631,164,144,20,20
34632,98,90,8,8
34633,75,75,0,0
34634,77,71,6,6
34635,126,112,14,14
34636,124,111,13,13
34637,89,85,4,4
34638,77,77,0,0
34639,162,135,27,27
34640,129,108,21,21
34641,126,116,10,10
34642,90,80,10,10
34643,145,128,17,17
34644,59,69,-10,10
34645,79,73,6,6
34646,100,85,15,15
34647,136,117,19,19
34648,53,65,-12,12
34649,109,97,12,12
34650,79,75,4,4
34651,111,99,12,12
34652,172,129,43,43
34653,142,134,8,8
34654,81,77,4,4
34655,100,94,6,6
34656,71,71,0,0
34657,37,46,-9,9
34658,91,83,8,8
34659,85,81,4,4
34660,96,93,3,3
34661,96,92,4,4
34662,72,69,3,3
34663,58,59,-1,1
34664,128,126,2,2
34665,90,79,11,11
34666,79,78,1,1
34667,57,52,5,5
34668,164,130,34,34
34669,147,105,42,42
34670,42,53,-11,11
34671,92,99,-7,7
34672,73,74,-1,1
34673,80,79,1,1
34674,82,78,4,4
34675,82,82,0,0
34676,124,111,13,13
34677,87,91,-4,4
34678,93,91,2,2
34679,151,123,28,28
34680,88,85,3,3
34681,99,88,11,11
34682,104,99,5,5
34683,80,80,0,0
34684,91,80,11,11
34685,116,124,-8,8
34686,136,115,21,21
34687,76,104,-28,28
34688,125,122,3,3
34689,99,85,14,14
34690,112,110,2,2
34691,103,106,-3,3
34692,152,135,17,17
34693,122,110,12,12
34694,74,71,3,3
34695,106,100,6,6
34696,76,73,3,3
34697,59,66,-7,7
34698,100,114,-14,14
34699,58,60,-2,2
34700,69,70,-1,1
34701,120,117,3,3
34702,74,73,1,1
34703,55,58,-3,3
34704,89,85,4,4
34705,79,76,3,3
34706,137,129,8,8
34707,81,82,-1,1
34708,64,76,-12,12
34709,170,150,20,20
34710,69,70,-1,1
34711,72,68,4,4
34712,73,71,2,2
34713,66,75,-9,9
34714,114,106,8,8
34715,96,102,-6,6
34716,67,70,-3,3
34717,83,81,2,2
34718,72,70,2,2
34719,150,132,18,18
34720,56,54,2,2
34721,66,69,-3,3
34722,53,61,-8,8
34723,169,140,29,29
34724,66,70,-4,4
34725,105,107,-2,2
34726,101,95,6,6
34727,78,80,-2,2
34728,130,115,15,15
34729,140,122,18,18
34730,91,100,-9,9
34731,89,79,10,10
34732,73,72,1,1
34733,111,102,9,9
34734,111,107,4,4
34735,154,129,25,25
34736,56,59,-3,3
34737,136,121,15,15
34738,101,85,16,16
34739,120,114,6,6
34740,62,58,4,4
34741,105,98,7,7
34742,76,79,-3,3
34743,161,147,14,14
34744,88,90,-2,2
34745,51,54,-3,3
34746,108,102,6,6
34747,101,94,7,7
34748,74,72,2,2
34749,189,151,38,38
34750,46,49,-3,3
34751,58,61,-3,3
34752,100,83,17,17
34753,171,132,39,39
34754,45,47,-2,2
34755,87,73,14,14
34756,57,57,0,0
34757,137,111,26,26
34758,72,72,0,0
34759,115,105,10,10
34760,98,92,6,6
34761,58,65,-7,7
34762,87,101,-14,14
34763,79,77,2,2
34764,79,76,3,3
34765,67,67,0,0
34766,32,40,-8,8
34767,76,74,2,2
34768,80,70,10,10
34769,106,91,15,15
34770,54,64,-10,10
34771,75,77,-2,2
34772,149,127,22,22
34773,110,94,16,16
34774,106,103,3,3
34775,130,120,10,10
34776,49,54,-5,5
34777,119,113,6,6
34778,75,76,-1,1
34779,89,85,4,4
34780,63,59,4,4
34781,64,52,12,12
34782,116,108,8,8
34783,79,72,7,7
34784,92,92,0,0
34785,70,74,-4,4
34786,120,111,9,9
34787,165,143,22,22
34788,187,176,11,11
34789,82,81,1,1
34790,53,67,-14,14
34791,88,83,5,5
34792,75,72,3,3
34793,66,61,5,5
34794,80,77,3,3
34795,113,96,17,17
34796,48,41,7,7
34797,52,46,6,6
34798,169,146,23,23
34799,100,100,0,0
34800,71,81,-10,10
34801,103,107,-4,4
34802,127,115,12,12
34803,132,127,5,5
34804,136,124,12,12
34805,67,59,8,8
34806,127,120,7,7
34807,142,131,11,11
34808,114,111,3,3
34809,71,74,-3,3
34810,77,76,1,1
34811,86,92,-6,6
34812,166,133,33,33
34813,116,103,13,13
34814,42,43,-1,1
34815,91,81,10,10
34816,81,77,4,4
34817,109,99,10,10
34818,164,150,14,14
34819,119,114,5,5
34820,79,71,8,8
34821,122,111,11,11
34822,67,69,-2,2
34823,96,88,8,8
34824,81,80,1,1
34825,110,78,32,32
34826,142,128,14,14
34827,30,37,-7,7
34828,102,101,1,1
34829,128,111,17,17
34830,127,124,3,3
34831,55,86,-31,31
34832,125,140,-15,15
34833,85,82,3,3
34834,82,82,0,0
34835,99,99,0,0
34836,142,134,8,8
34837,99,102,-3,3
34838,96,98,-2,2
34839,87,95,-8,8
34840,76,73,3,3
34841,95,95,0,0
34842,61,63,-2,2
34843,58,67,-9,9
34844,88,87,1,1
34845,87,93,-6,6
34846,89,83,6,6
34847,100,87,13,13
34848,87,85,2,2
34849,86,82,4,4
34850,43,54,-11,11
34851,33,37,-4,4
34852,97,90,7,7
34853,130,111,19,19
34854,149,126,23,23
34855,139,112,27,27
34856,71,73,-2,2
34857,53,65,-12,12
34858,69,62,7,7
34859,114,97,17,17
34860,60,69,-9,9
34861,53,58,-5,5
34862,80,75,5,5
34863,75,63,12,12
34864,101,110,-9,9
34865,147,134,13,13
34866,100,87,13,13
34867,112,113,-1,1
34868,61,63,-2,2
34869,68,68,0,0
34870,41,59,-18,18
34871,72,80,-8,8
34872,69,79,-10,10
34873,135,116,19,19
34874,112,106,6,6
34875,63,59,4,4
34876,83,79,4,4
34877,74,74,0,0
34878,85,91,-6,6
34879,91,80,11,11
34880,150,138,12,12
34881,96,88,8,8
34882,61,83,-22,22
34883,51,70,-19,19
34884,61,62,-1,1
34885,143,147,-4,4
34886,64,68,-4,4
34887,59,59,0,0
34888,67,79,-12,12
34889,65,89,-24,24
34890,142,120,22,22
34891,66,66,0,0
34892,73,77,-4,4
34893,107,103,4,4
34894,112,92,20,20
34895,104,98,6,6
34896,46,50,-4,4
34897,83,73,10,10
34898,89,84,5,5
34899,73,63,10,10
34900,59,58,1,1
34901,59,60,-1,1
34902,112,103,9,9
34903,75,79,-4,4
34904,68,74,-6,6
34905,80,88,-8,8
34906,70,79,-9,9
34907,77,77,0,0
34908,49,52,-3,3
34909,91,83,8,8
34910,65,61,4,4
34911,77,72,5,5
34912,130,108,22,22
34913,77,79,-2,2
34914,175,159,16,16
34915,103,102,1,1
34916,79,75,4,4
34917,74,71,3,3
34918,98,100,-2,2
34919,111,105,6,6
34920,105,111,-6,6
34921,106,102,4,4
34922,43,46,-3,3
34923,91,96,-5,5
34924,88,84,4,4
34925,121,109,12,12
34926,111,101,10,10
34927,65,71,-6,6
34928,63,58,5,5
34929,91,94,-3,3
34930,70,72,-2,2
34931,117,102,15,15
34932,56,62,-6,6
34933,153,140,13,13
34934,135,123,12,12
34935,66,66,0,0
34936,97,94,3,3
34937,94,98,-4,4
34938,79,79,0,0
34939,89,80,9,9
34940,117,104,13,13
34941,50,52,-2,2
34942,172,161,11,11
34943,71,79,-8,8
34944,94,89,5,5
34945,146,135,11,11
34946,57,59,-2,2
34947,91,91,0,0
34948,44,48,-4,4
34949,124,112,12,12
34950,117,95,22,22
34951,93,85,8,8
34952,100,100,0,0
34953,167,144,23,23
34954,97,92,5,5
34955,117,106,11,11
34956,142,126,16,16
34957,62,62,0,0
34958,99,99,0,0
34959,83,80,3,3
34960,61,70,-9,9
34961,80,83,-3,3
34962,85,80,5,5
34963,102,98,4,4
34964,127,123,4,4
34965,123,120,3,3
34966,117,108,9,9
34967,102,109,-7,7
34968,100,94,6,6
34969,105,97,8,8
34970,116,99,17,17
34971,104,103,1,1
34972,70,69,1,1
34973,71,73,-2,2
34974,59,71,-12,12
34975,86,81,5,5
34976,121,98,23,23
34977,104,91,13,13
34978,93,84,9,9
34979,78,78,0,0
34980,124,108,16,16
34981,83,85,-2,2
34982,126,115,11,11
34983,91,87,4,4
34984,89,96,-7,7
34985,79,73,6,6
34986,110,101,9,9
34987,80,79,1,1
34988,116,106,10,10
34989,133,108,25,25
34990,91,96,-5,5
34991,94,83,11,11
34992,160,135,25,25
34993,107,105,2,2
34994,61,68,-7,7
34995,74,67,7,7
34996,80,79,1,1
34997,50,58,-8,8
34998,98,93,5,5
34999,47,51,-4,4
35000,63,80,-17,17
35001,92,95,-3,3
35002,97,93,4,4
35003,101,100,1,1
35004,48,56,-8,8
35005,114,106,8,8
35006,106,97,9,9
35007,98,91,7,7
35008,133,121,12,12
35009,98,82,16,16
35010,41,43,-2,2
35011,85,82,3,3
35012,102,99,3,3
35013,97,88,9,9
35014,49,52,-3,3
35015,50,58,-8,8
35016,86,85,1,1
35017,96,102,-6,6
35018,110,95,15,15
35019,95,96,-1,1
35020,89,79,10,10
35021,92,87,5,5
35022,109,98,11,11
35023,75,75,0,0
35024,61,57,4,4
35025,82,92,-10,10
35026,88,90,-2,2
35027,139,124,15,15
35028,67,81,-14,14
35029,106,100,6,6
35030,108,101,7,7
35031,80,85,-5,5
35032,78,81,-3,3
35033,87,85,2,2
35034,57,60,-3,3
35035,63,63,0,0
35036,105,88,17,17
35037,129,106,23,23
35038,65,63,2,2
35039,93,89,4,4
35040,50,50,0,0
35041,30,41,-11,11
35042,81,75,6,6
35043,55,67,-12,12
35044,76,72,4,4
35045,135,114,21,21
35046,55,61,-6,6
35047,140,129,11,11
35048,92,81,11,11
35049,124,115,9,9
35050,100,95,5,5
35051,40,44,-4,4
35052,50,49,1,1
35053,85,88,-3,3
35054,87,93,-6,6
35055,136,117,19,19
35056,65,69,-4,4
35057,97,75,22,22
35058,80,77,3,3
35059,99,93,6,6
35060,69,72,-3,3
35061,97,99,-2,2
35062,65,64,1,1
35063,67,70,-3,3
35064,108,101,7,7
35065,105,104,1,1
35066,98,86,12,12
35067,73,71,2,2
35068,87,83,4,4
35069,80,71,9,9
35070,115,108,7,7
35071,129,107,22,22
35072,62,64,-2,2
35073,141,121,20,20
35074,165,144,21,21
35075,167,147,20,20
35076,128,110,18,18
35077,163,133,30,30
35078,49,66,-17,17
35079,73,81,-8,8
35080,117,143,-26,26
35081,182,150,32,32
35082,91,81,10,10
35083,73,79,-6,6
35084,130,120,10,10
35085,92,88,4,4
35086,164,129,35,35
35087,100,105,-5,5
35088,106,104,2,2
35089,155,145,10,10
35090,84,83,1,1
35091,115,111,4,4
35092,74,76,-2,2
35093,62,59,3,3
35094,76,77,-1,1
35095,82,87,-5,5
35096,116,103,13,13
35097,84,81,3,3
35098,61,69,-8,8
35099,155,130,25,25
35100,87,132,-45,45
35101,118,113,5,5
35102,126,120,6,6
35103,123,114,9,9
35104,72,77,-5,5
35105,106,98,8,8
35106,119,102,17,17
35107,79,78,1,1
35108,70,82,-12,12
35109,129,108,21,21
35110,93,81,12,12
35111,98,84,14,14
35112,164,151,13,13
35113,110,106,4,4
35114,108,99,9,9
35115,79,75,4,4
35116,140,130,10,10
35117,81,84,-3,3
35118,84,92,-8,8
35119,64,62,2,2
35120,101,96,5,5
35121,65,70,-5,5
35122,71,80,-9,9
35123,66,70,-4,4
35124,81,80,1,1
35125,82,93,-11,11
35126,101,103,-2,2
35127,95,91,4,4
35128,95,95,0,0
35129,177,159,18,18
35130,148,143,5,5
35131,83,86,-3,3
35132,79,75,4,4
35133,87,79,8,8
35134,120,109,11,11
35135,140,145,-5,5
35136,117,105,12,12
35137,88,84,4,4
35138,79,70,9,9
35139,89,88,1,1
35140,83,76,7,7
35141,79,89,-10,10
35142,118,108,10,10
35143,79,82,-3,3
35144,95,88,7,7
35145,62,64,-2,2
35146,67,71,-4,4
35147,63,69,-6,6
35148,99,84,15,15
35149,164,150,14,14
35150,71,63,8,8
35151,49,47,2,2
35152,88,86,2,2
35153,93,84,9,9
35154,90,86,4,4
35155,96,80,16,16
35156,91,88,3,3
35157,41,42,-1,1
35158,94,92,2,2
35159,58,57,1,1
35160,87,86,1,1
35161,100,94,6,6
35162,117,110,7,7
35163,106,96,10,10
35164,65,76,-11,11
35165,126,119,7,7
35166,92,89,3,3
35167,78,84,-6,6
35168,98,92,6,6
35169,102,109,-7,7
35170,115,99,16,16
35171,93,84,9,9
35172,48,59,-11,11
35173,64,69,-5,5
35174,168,157,11,11
35175,95,82,13,13
35176,125,110,15,15
35177,128,127,1,1
35178,137,107,30,30
35179,62,58,4,4
35180,76,73,3,3
35181,66,64,2,2
35182,50,56,-6,6
35183,98,89,9,9
35184,101,99,2,2
35185,77,78,-1,1
35186,97,96,1,1
35187,116,103,13,13
35188,118,103,15,15
35189,157,143,14,14
35190,48,56,-8,8
35191,86,87,-1,1
35192,79,92,-13,13
35193,93,83,10,10
35194,58,61,-3,3
35195,65,68,-3,3
35196,203,167,36,36
35197,59,59,0,0
35198,103,94,9,9
35199,35,37,-2,2
35200,95,97,-2,2
35201,89,91,-2,2
35202,122,106,16,16
35203,97,89,8,8
35204,84,81,3,3
35205,146,119,27,27
35206,129,109,20,20
35207,76,81,-5,5
35208,79,78,1,1
35209,92,91,1,1
35210,82,73,9,9
35211,111,98,13,13
35212,88,80,8,8
35213,155,135,20,20
35214,75,69,6,6
35215,109,100,9,9
35216,64,60,4,4
35217,76,72,4,4
35218,114,110,4,4
35219,84,78,6,6
35220,90,84,6,6
35221,49,52,-3,3
35222,103,100,3,3
35223,140,125,15,15
35224,64,65,-1,1
35225,171,156,15,15
35226,89,85,4,4
35227,57,62,-5,5
35228,99,74,25,25
35229,62,67,-5,5
35230,191,160,31,31
35231,108,95,13,13
35232,116,106,10,10
35233,157,133,24,24
35234,98,107,-9,9
35235,167,155,12,12
35236,89,80,9,9
35237,65,70,-5,5
35238,103,97,6,6
35239,107,98,9,9
35240,66,61,5,5
35241,137,121,16,16
35242,68,64,4,4
35243,64,59,5,5
35244,137,119,18,18
35245,101,94,7,7
35246,120,107,13,13
35247,99,96,3,3
35248,58,64,-6,6
35249,93,94,-1,1
35250,48,69,-21,21
35251,96,108,-12,12
35252,68,70,-2,2
35253,95,92,3,3
35254,117,100,17,17
35255,61,71,-10,10
35256,122,113,9,9
35257,77,86,-9,9
35258,69,74,-5,5
35259,105,94,11,11
35260,126,115,11,11
35261,67,59,8,8
35262,122,112,10,10
35263,96,86,10,10
35264,188,153,35,35
35265,72,62,10,10
35266,122,106,16,16
35267,53,60,-7,7
35268,49,58,-9,9
35269,131,109,22,22
35270,118,98,20,20
35271,68,63,5,5
35272,84,86,-2,2
35273,80,82,-2,2
35274,95,100,-5,5
35275,54,57,-3,3
35276,80,81,-1,1
35277,55,61,-6,6
35278,50,46,4,4
35279,141,126,15,15
35280,118,105,13,13
35281,64,69,-5,5
35282,132,111,21,21
35283,81,77,4,4
35284,49,47,2,2
35285,86,81,5,5
35286,107,99,8,8
35287,123,114,9,9
35288,109,94,15,15
35289,121,111,10,10
35290,89,92,-3,3
35291,57,63,-6,6
35292,123,109,14,14
35293,102,102,0,0
35294,143,119,24,24
35295,57,59,-2,2
35296,84,77,7,7
35297,73,70,3,3
35298,124,114,10,10
35299,86,79,7,7
35300,128,114,14,14
35301,146,122,24,24
35302,92,85,7,7
35303,68,78,-10,10
35304,88,85,3,3
35305,147,135,12,12
35306,134,126,8,8
35307,91,91,0,0
35308,137,121,16,16
35309,130,121,9,9
35310,103,93,10,10
35311,78,86,-8,8
35312,85,77,8,8
35313,57,59,-2,2
35314,159,134,25,25
35315,80,84,-4,4
35316,113,116,-3,3
35317,152,127,25,25
35318,163,139,24,24
35319,137,108,29,29
35320,116,109,7,7
35321,144,128,16,16
35322,61,68,-7,7
35323,158,138,20,20
35324,120,137,-17,17
35325,64,68,-4,4
35326,106,97,9,9
35327,60,65,-5,5
35328,87,88,-1,1
35329,72,66,6,6
35330,92,89,3,3
35331,164,138,26,26
35332,121,119,2,2
35333,63,66,-3,3
35334,108,104,4,4
35335,70,68,2,2
35336,66,71,-5,5
35337,81,120,-39,39
35338,84,81,3,3
35339,69,72,-3,3
35340,161,147,14,14
35341,73,70,3,3
35342,62,59,3,3
35343,66,69,-3,3
35344,80,83,-3,3
35345,110,118,-8,8
35346,145,123,22,22
35347,32,57,-25,25
35348,62,68,-6,6
35349,191,169,22,22
35350,84,82,2,2
35351,96,89,7,7
35352,87,77,10,10
35353,54,61,-7,7
35354,85,82,3,3
35355,118,103,15,15
35356,52,50,2,2
35357,102,83,19,19
35358,66,70,-4,4
35359,151,141,10,10
35360,129,129,0,0
35361,61,57,4,4
35362,102,104,-2,2
35363,88,89,-1,1
35364,61,69,-8,8
35365,77,82,-5,5
35366,79,79,0,0
35367,110,98,12,12
35368,96,86,10,10
35369,74,69,5,5
35370,120,112,8,8
35371,134,118,16,16
35372,66,67,-1,1
35373,61,58,3,3
35374,130,111,19,19
35375,60,65,-5,5
35376,66,69,-3,3
35377,115,106,9,9
35378,99,92,7,7
35379,55,57,-2,2
35380,104,91,13,13
35381,104,97,7,7
35382,97,97,0,0
35383,48,51,-3,3
35384,51,58,-7,7
35385,51,44,7,7
35386,80,80,0,0
35387,57,59,-2,2
35388,77,59,18,18
35389,128,112,16,16
35390,141,130,11,11
35391,77,76,1,1
35392,132,120,12,12
35393,110,103,7,7
35394,43,38,5,5
35395,110,108,2,2
35396,85,75,10,10
35397,92,94,-2,2
35398,49,51,-2,2
35399,69,68,1,1
35400,64,66,-2,2
35401,82,75,7,7
35402,59,68,-9,9
35403,69,68,1,1
35404,66,68,-2,2
35405,92,89,3,3
35406,101,85,16,16
35407,62,72,-10,10
35408,126,105,21,21
35409,119,111,8,8
35410,117,97,20,20
35411,162,140,22,22
35412,100,94,6,6
35413,107,108,-1,1
35414,49,58,-9,9
35415,75,76,-1,1
35416,85,81,4,4
35417,87,72,15,15
35418,58,55,3,3
35419,86,101,-15,15
35420,54,57,-3,3
35421,149,136,13,13
35422,99,91,8,8
35423,118,109,9,9
35424,88,86,2,2
35425,128,132,-4,4
35426,121,112,9,9
35427,62,64,-2,2
35428,32,32,0,0
35429,152,126,26,26
35430,58,57,1,1
35431,77,82,-5,5
35432,127,106,21,21
35433,109,97,12,12
35434,116,109,7,7
35435,83,82,1,1
35436,70,81,-11,11
35437,101,87,14,14
35438,70,69,1,1
35439,117,102,15,15
35440,93,94,-1,1
35441,72,79,-7,7
35442,131,124,7,7
35443,64,69,-5,5
35444,160,141,19,19
35445,86,76,10,10
35446,84,88,-4,4
35447,56,59,-3,3
35448,94,84,10,10
35449,149,126,23,23
35450,128,110,18,18
35451,97,101,-4,4
35452,178,152,26,26
35453,102,95,7,7
35454,53,56,-3,3
35455,124,106,18,18
35456,79,82,-3,3
35457,136,135,1,1
35458,71,80,-9,9
35459,54,54,0,0
35460,97,84,13,13
35461,72,75,-3,3
35462,169,136,33,33
35463,80,76,4,4
35464,53,59,-6,6
35465,64,59,5,5
35466,52,57,-5,5
35467,38,50,-12,12
35468,78,78,0,0
35469,160,79,81,81
35470,113,100,13,13
35471,90,93,-3,3
35472,63,60,3,3
35473,79,81,-2,2
35474,56,60,-4,4
35475,241,217,24,24
35476,68,71,-3,3
35477,145,131,14,14
35478,69,68,1,1
35479,107,99,8,8
35480,79,81,-2,2
35481,123,117,6,6
35482,97,86,11,11
35483,77,72,5,5
35484,66,124,-58,58
35485,83,80,3,3
35486,82,84,-2,2
35487,78,79,-1,1
35488,89,81,8,8
35489,76,68,8,8
35490,61,63,-2,2
35491,116,104,12,12
35492,128,124,4,4
35493,130,121,9,9
35494,46,50,-4,4
35495,105,96,9,9
35496,150,117,33,33
35497,156,144,12,12
35498,69,69,0,0
35499,89,81,8,8
35500,77,71,6,6
35501,123,115,8,8
35502,97,87,10,10
35503,87,80,7,7
35504,80,80,0,0
35505,79,80,-1,1
35506,58,66,-8,8
35507,53,53,0,0
35508,105,105,0,0
35509,74,81,-7,7
35510,101,97,4,4
35511,56,57,-1,1
35512,115,104,11,11
35513,141,138,3,3
35514,116,102,14,14
35515,47,47,0,0
35516,43,45,-2,2
35517,80,83,-3,3
35518,91,94,-3,3
35519,75,82,-7,7
35520,114,100,14,14
35521,79,80,-1,1
35522,106,94,12,12
35523,69,59,10,10
35524,87,74,13,13
35525,118,117,1,1
35526,84,82,2,2
35527,90,91,-1,1
35528,97,86,11,11
35529,57,56,1,1
35530,132,117,15,15
35531,90,102,-12,12
35532,108,103,5,5
35533,132,110,22,22
35534,76,80,-4,4
35535,38,37,1,1
35536,52,53,-1,1
35537,68,63,5,5
35538,141,130,11,11
35539,90,86,4,4
35540,72,69,3,3
35541,74,71,3,3
35542,89,83,6,6
35543,72,69,3,3
35544,78,60,18,18
35545,67,66,1,1
35546,94,85,9,9
35547,65,64,1,1
35548,75,73,2,2
35549,76,81,-5,5
35550,78,70,8,8
35551,70,76,-6,6
35552,124,107,17,17
35553,123,112,11,11
35554,185,155,30,30
35555,126,103,23,23
35556,104,98,6,6
35557,79,80,-1,1
35558,74,59,15,15
35559,82,80,2,2
35560,47,53,-6,6
35561,40,44,-4,4
35562,102,97,5,5
35563,68,76,-8,8
35564,95,94,1,1
35565,111,99,12,12
35566,74,74,0,0
35567,63,70,-7,7
35568,118,110,8,8
35569,181,149,32,32
35570,63,67,-4,4
35571,73,70,3,3
35572,76,79,-3,3
35573,80,79,1,1
35574,99,94,5,5
35575,83,87,-4,4
35576,48,49,-1,1
35577,140,116,24,24
35578,101,103,-2,2
35579,76,84,-8,8
35580,84,92,-8,8
35581,95,87,8,8
35582,60,62,-2,2
35583,78,75,3,3
35584,125,116,9,9
35585,90,92,-2,2
35586,99,94,5,5
35587,58,53,5,5
35588,128,119,9,9
35589,67,69,-2,2
35590,96,106,-10,10
35591,96,87,9,9
35592,141,126,15,15
35593,77,81,-4,4
35594,114,97,17,17
35595,86,81,5,5
35596,175,150,25,25
35597,129,117,12,12
35598,50,57,-7,7
35599,70,64,6,6
35600,224,181,43,43
35601,146,131,15,15
35602,81,73,8,8
35603,97,87,10,10
35604,118,118,0,0
35605,77,66,11,11
35606,73,72,1,1
35607,85,82,3,3
35608,102,94,8,8
35609,130,117,13,13
35610,133,123,10,10
35611,129,116,13,13
35612,80,80,0,0
35613,93,93,0,0
35614,91,83,8,8
35615,41,89,-48,48
35616,82,84,-2,2
35617,67,65,2,2
35618,85,81,4,4
35619,75,80,-5,5
35620,118,113,5,5
35621,118,95,23,23
35622,79,76,3,3
35623,63,61,2,2
35624,170,153,17,17
35625,73,75,-2,2
35626,114,85,29,29
35627,154,146,8,8
35628,54,67,-13,13
35629,115,104,11,11
35630,49,113,-64,64
35631,99,97,2,2
35632,80,75,5,5
35633,152,136,16,16
35634,71,70,1,1
35635,118,131,-13,13
35636,106,93,13,13
35637,106,105,1,1
35638,173,141,32,32
35639,89,90,-1,1
35640,65,65,0,0
35641,93,87,6,6
35642,109,102,7,7
35643,126,120,6,6
35644,143,148,-5,5
35645,127,117,10,10
35646,114,101,13,13
35647,84,88,-4,4
35648,68,75,-7,7
35649,60,68,-8,8
35650,111,104,7,7
35651,127,126,1,1
35652,83,77,6,6
35653,98,93,5,5
35654,83,72,11,11
35655,77,77,0,0
35656,51,55,-4,4
35657,88,88,0,0
35658,48,61,-13,13
35659,147,133,14,14
35660,66,80,-14,14
35661,100,91,9,9
35662,76,79,-3,3
35663,59,63,-4,4
35664,116,104,12,12
35665,61,64,-3,3
35666,155,132,23,23
35667,99,99,0,0
35668,112,102,10,10
35669,70,57,13,13
35670,79,81,-2,2
35671,96,96,0,0
35672,90,93,-3,3
35673,104,96,8,8
35674,99,92,7,7
35675,81,83,-2,2
35676,134,135,-1,1
35677,126,118,8,8
35678,160,110,50,50
35679,75,75,0,0
35680,104,103,1,1
35681,150,121,29,29
35682,120,112,8,8
35683,90,87,3,3
35684,120,103,17,17
35685,142,126,16,16
35686,75,71,4,4
35687,102,89,13,13
35688,162,139,23,23
35689,74,71,3,3
35690,75,73,2,2
35691,99,97,2,2
35692,130,118,12,12
35693,53,53,0,0
35694,127,115,12,12
35695,103,86,17,17
35696,94,84,10,10
35697,76,84,-8,8
35698,83,83,0,0
35699,195,160,35,35
35700,58,70,-12,12
35701,51,64,-13,13
35702,153,134,19,19
35703,190,163,27,27
35704,87,84,3,3
35705,96,90,6,6
35706,100,87,13,13
35707,74,71,3,3
35708,67,67,0,0
35709,124,116,8,8
35710,74,69,5,5
35711,111,95,16,16
35712,93,106,-13,13
35713,107,93,14,14
35714,70,60,10,10
35715,154,135,19,19
35716,125,105,20,20
35717,107,94,13,13
35718,69,83,-14,14
35719,101,98,3,3
35720,95,85,10,10
35721,96,85,11,11
35722,85,81,4,4
35723,70,91,-21,21
35724,68,66,2,2
35725,61,61,0,0
35726,155,141,14,14
35727,58,63,-5,5
35728,72,75,-3,3
35729,47,55,-8,8
35730,98,95,3,3
35731,145,124,21,21
35732,52,57,-5,5
35733,120,99,21,21
35734,78,74,4,4
35735,56,60,-4,4
35736,89,91,-2,2
35737,82,82,0,0
35738,104,101,3,3
35739,128,129,-1,1
35740,159,126,33,33
35741,79,83,-4,4
35742,109,102,7,7
35743,120,111,9,9
35744,79,86,-7,7
35745,73,61,12,12
35746,64,58,6,6
35747,97,88,9,9
35748,135,106,29,29
35749,81,86,-5,5
35750,91,85,6,6
35751,58,54,4,4
35752,78,69,9,9
35753,77,72,5,5
35754,47,45,2,2
35755,167,141,26,26
35756,65,83,-18,18
35757,152,136,16,16
35758,159,140,19,19
35759,89,101,-12,12
35760,205,178,27,27
35761,108,97,11,11
35762,101,91,10,10
35763,129,120,9,9
35764,123,111,12,12
35765,90,84,6,6
35766,138,121,17,17
35767,105,91,14,14
35768,93,83,10,10
35769,129,109,20,20
35770,110,93,17,17
35771,86,96,-10,10
35772,72,77,-5,5
35773,122,109,13,13
35774,37,42,-5,5
35775,173,158,15,15
35776,97,82,15,15
35777,45,44,1,1
35778,97,83,14,14
35779,85,88,-3,3
35780,83,84,-1,1
35781,105,94,11,11
35782,138,124,14,14
35783,98,87,11,11
35784,128,111,17,17
35785,94,82,12,12
35786,131,107,24,24
35787,67,69,-2,2
35788,176,157,19,19
35789,116,107,9,9
35790,116,111,5,5
35791,80,57,23,23
35792,84,80,4,4
35793,69,74,-5,5
35794,165,147,18,18
35795,55,65,-10,10
35796,123,116,7,7
35797,117,115,2,2
35798,81,71,10,10
35799,86,81,5,5
35800,185,165,20,20
35801,104,100,4,4
35802,89,85,4,4
35803,85,81,4,4
35804,156,133,23,23
35805,72,69,3,3
35806,95,78,17,17
35807,86,77,9,9
35808,72,69,3,3
35809,168,137,31,31
35810,42,46,-4,4
35811,93,89,4,4
35812,103,89,14,14
35813,83,82,1,1
35814,137,120,17,17
35815,117,118,-1,1
35816,77,81,-4,4
35817,79,85,-6,6
35818,121,110,11,11
35819,110,113,-3,3
35820,101,93,8,8
35821,88,91,-3,3
35822,91,84,7,7
35823,166,137,29,29
35824,63,60,3,3
35825,92,89,3,3
35826,138,115,23,23
35827,110,109,1,1
35828,151,131,20,20
35829,121,119,2,2
35830,73,71,2,2
35831,77,70,7,7
35832,197,175,22,22
35833,94,77,17,17
35834,67,70,-3,3
35835,147,118,29,29
35836,92,105,-13,13
35837,138,126,12,12
35838,71,80,-9,9
35839,93,85,8,8
35840,115,103,12,12
35841,90,82,8,8
35842,137,118,19,19
35843,136,128,8,8
35844,63,64,-1,1
35845,68,72,-4,4
35846,105,102,3,3
35847,61,60,1,1
35848,75,77,-2,2
35849,120,114,6,6
35850,145,135,10,10
35851,106,96,10,10
35852,171,142,29,29
35853,87,86,1,1
35854,112,95,17,17
35855,75,77,-2,2
35856,84,85,-1,1
35857,55,55,0,0
35858,57,60,-3,3
35859,71,68,3,3
35860,150,130,20,20
35861,42,47,-5,5
35862,95,90,5,5
35863,100,97,3,3
35864,77,70,7,7
35865,134,130,4,4
35866,100,83,17,17
35867,117,115,2,2
35868,74,101,-27,27
35869,106,94,12,12
35870,121,107,14,14
35871,115,103,12,12
35872,137,121,16,16
35873,80,82,-2,2
35874,81,85,-4,4
35875,50,58,-8,8
35876,60,68,-8,8
35877,143,116,27,27
35878,80,89,-9,9
35879,72,71,1,1
35880,74,71,3,3
35881,125,116,9,9
35882,111,94,17,17
35883,99,93,6,6
35884,72,72,0,0
35885,84,77,7,7
35886,52,49,3,3
35887,54,55,-1,1
35888,63,63,0,0
35889,101,93,8,8
35890,65,55,10,10
35891,74,81,-7,7
35892,141,127,14,14
35893,84,81,3,3
35894,156,126,30,30
35895,105,92,13,13
35896,130,112,18,18
35897,74,74,0,0
35898,97,102,-5,5
35899,111,104,7,7
35900,65,69,-4,4
35901,124,110,14,14
35902,80,79,1,1
35903,93,86,7,7
35904,122,109,13,13
35905,84,89,-5,5
35906,92,92,0,0
35907,52,73,-21,21
35908,86,88,-2,2
35909,69,75,-6,6
35910,114,104,10,10
35911,68,65,3,3
35912,123,117,6,6
35913,104,114,-10,10
35914,119,103,16,16
35915,123,99,24,24
35916,99,89,10,10
35917,117,120,-3,3
35918,94,95,-1,1
35919,126,116,10,10
35920,148,126,22,22
35921,112,97,15,15
35922,168,157,11,11
35923,81,77,4,4
35924,100,94,6,6
35925,78,80,-2,2
35926,109,101,8,8
35927,120,107,13,13
35928,119,115,4,4
35929,83,101,-18,18
35930,138,123,15,15
35931,63,68,-5,5
35932,63,59,4,4
35933,88,80,8,8
35934,50,52,-2,2
35935,171,149,22,22
35936,111,91,20,20
35937,154,141,13,13
35938,131,109,22,22
35939,110,96,14,14
35940,74,75,-1,1
35941,116,113,3,3
35942,112,104,8,8
35943,89,86,3,3
35944,109,105,4,4
35945,68,69,-1,1
35946,77,76,1,1
35947,69,68,1,1
35948,54,64,-10,10
35949,74,72,2,2
35950,140,127,13,13
35951,92,80,12,12
35952,47,56,-9,9
35953,49,60,-11,11
35954,72,72,0,0
35955,79,81,-2,2
35956,45,55,-10,10
35957,53,59,-6,6
35958,114,110,4,4
35959,64,68,-4,4
35960,63,59,4,4
35961,113,97,16,16
35962,103,91,12,12
35963,109,99,10,10
35964,94,88,6,6
35965,65,63,2,2
35966,94,85,9,9
35967,142,132,10,10
35968,38,41,-3,3
35969,91,95,-4,4
35970,86,81,5,5
35971,150,131,19,19
35972,66,69,-3,3
35973,68,67,1,1
35974,62,60,2,2
35975,53,52,1,1
35976,53,54,-1,1
35977,117,108,9,9
35978,89,88,1,1
35979,96,81,15,15
35980,109,103,6,6
35981,100,94,6,6
35982,132,114,18,18
35983,125,117,8,8
35984,47,49,-2,2
35985,76,89,-13,13
35986,80,81,-1,1
35987,108,117,-9,9
35988,72,74,-2,2
35989,79,77,2,2
35990,103,95,8,8
35991,93,87,6,6
35992,90,80,10,10
35993,76,74,2,2
35994,88,82,6,6
35995,70,73,-3,3
35996,162,126,36,36
35997,86,81,5,5
35998,62,64,-2,2
35999,78,74,4,4
36000,51,50,1,1
36001,131,102,29,29
36002,81,79,2,2
36003,100,97,3,3
36004,107,100,7,7
36005,71,73,-2,2
36006,99,92,7,7
36007,128,108,20,20
36008,102,100,2,2
36009,111,114,-3,3
36010,114,108,6,6
36011,145,128,17,17
36012,123,102,21,21
36013,64,64,0,0
36014,138,126,12,12
36015,120,116,4,4
36016,96,90,6,6
36017,143,130,13,13
36018,79,76,3,3
36019,139,134,5,5
36020,124,108,16,16
36021,76,80,-4,4
36022,67,70,-3,3
36023,65,77,-12,12
36024,62,64,-2,2
36025,184,163,21,21
36026,102,97,5,5
36027,60,64,-4,4
36028,79,84,-5,5
36029,63,68,-5,5
36030,70,58,12,12
36031,91,93,-2,2
36032,68,71,-3,3
36033,86,88,-2,2
36034,97,103,-6,6
36035,78,83,-5,5
36036,110,88,22,22
36037,94,81,13,13
36038,68,80,-12,12
36039,150,128,22,22
36040,81,77,4,4
36041,58,60,-2,2
36042,48,49,-1,1
36043,76,74,2,2
36044,102,90,12,12
36045,74,75,-1,1
36046,60,63,-3,3
36047,75,81,-6,6
36048,92,84,8,8
36049,62,64,-2,2
36050,91,90,1,1
36051,93,85,8,8
36052,146,134,12,12
36053,94,87,7,7
36054,88,85,3,3
36055,124,113,11,11
36056,92,90,2,2
36057,87,106,-19,19
36058,113,114,-1,1
36059,99,90,9,9
36060,90,84,6,6
36061,95,84,11,11
36062,61,64,-3,3
36063,139,121,18,18
36064,106,108,-2,2
36065,42,49,-7,7
36066,95,94,1,1
36067,121,118,3,3
36068,130,130,0,0
36069,121,119,2,2
36070,74,73,1,1
36071,84,81,3,3
36072,70,69,1,1
36073,73,75,-2,2
36074,116,100,16,16
36075,120,107,13,13
36076,151,133,18,18
36077,80,83,-3,3
36078,90,88,2,2
36079,68,73,-5,5
36080,102,94,8,8
36081,180,159,21,21
36082,44,78,-34,34
36083,170,148,22,22
36084,99,85,14,14
36085,130,113,17,17
36086,78,99,-21,21
36087,107,96,11,11
36088,93,97,-4,4
36089,146,130,16,16
36090,97,85,12,12
36091,107,94,13,13
36092,116,103,13,13
36093,81,90,-9,9
36094,84,77,7,7
36095,88,93,-5,5
36096,77,66,11,11
36097,65,68,-3,3
36098,158,136,22,22
36099,76,79,-3,3
36100,56,56,0,0
36101,119,114,5,5
36102,82,80,2,2
36103,52,60,-8,8
36104,44,54,-10,10
36105,122,103,19,19
36106,92,91,1,1
36107,87,84,3,3
36108,152,140,12,12
36109,97,94,3,3
36110,127,111,16,16
36111,61,65,-4,4
36112,58,64,-6,6
36113,94,92,2,2
36114,123,113,10,10
36115,141,115,26,26
36116,61,68,-7,7
36117,151,155,-4,4
36118,117,107,10,10
36119,88,87,1,1
36120,71,66,5,5
36121,131,124,7,7
36122,98,87,11,11
36123,54,57,-3,3
36124,133,113,20,20
36125,68,62,6,6
36126,49,57,-8,8
36127,106,96,10,10
36128,144,129,15,15
36129,105,100,5,5
36130,59,53,6,6
36131,65,69,-4,4
36132,136,118,18,18
36133,58,55,3,3
36134,49,45,4,4
36135,47,50,-3,3
36136,87,84,3,3
36137,81,85,-4,4
36138,110,95,15,15
36139,119,109,10,10
36140,114,104,10,10
36141,77,71,6,6
36142,114,106,8,8
36143,112,102,10,10
36144,86,97,-11,11
36145,91,89,2,2
36146,136,115,21,21
36147,52,50,2,2
36148,85,85,0,0
36149,97,90,7,7
36150,151,132,19,19
36151,118,101,17,17
36152,156,127,29,29
36153,61,53,8,8
36154,107,98,9,9
36155,173,157,16,16
36156,86,86,0,0
36157,74,79,-5,5
36158,90,82,8,8
36159,61,65,-4,4
36160,112,110,2,2
36161,114,100,14,14
36162,86,86,0,0
36163,115,109,6,6
36164,128,120,8,8
36165,62,66,-4,4
36166,81,82,-1,1
36167,102,97,5,5
36168,104,99,5,5
36169,70,77,-7,7
36170,85,80,5,5
36171,59,66,-7,7
36172,112,97,15,15
36173,141,137,4,4
36174,103,115,-12,12
36175,89,90,-1,1
36176,83,79,4,4
36177,54,53,1,1
36178,70,76,-6,6
36179,75,78,-3,3
36180,124,113,11,11
36181,64,62,2,2
36182,137,118,19,19
36183,112,115,-3,3
36184,60,69,-9,9
36185,103,99,4,4
36186,76,70,6,6
36187,100,84,16,16
36188,68,72,-4,4
36189,72,81,-9,9
36190,52,57,-5,5
36191,91,86,5,5
36192,57,56,1,1
36193,71,59,12,12
36194,99,97,2,2
36195,117,121,-4,4
36196,179,154,25,25
36197,109,102,7,7
36198,33,41,-8,8
36199,101,95,6,6
36200,105,95,10,10
36201,88,83,5,5
36202,152,144,8,8
36203,88,79,9,9
36204,140,120,20,20
36205,123,100,23,23
36206,129,113,16,16
36207,57,59,-2,2
36208,53,53,0,0
36209,65,69,-4,4
36210,72,71,1,1
36211,127,130,-3,3
36212,62,72,-10,10
36213,47,55,-8,8
36214,101,99,2,2
36215,58,51,7,7
36216,90,91,-1,1
36217,71,69,2,2
36218,148,124,24,24
36219,131,114,17,17
36220,173,158,15,15
36221,140,118,22,22
36222,88,84,4,4
36223,105,106,-1,1
36224,129,112,17,17
36225,105,95,10,10
36226,113,115,-2,2
36227,83,86,-3,3
36228,58,58,0,0
36229,59,62,-3,3
36230,110,85,25,25
36231,106,102,4,4
36232,95,91,4,4
36233,101,83,18,18
36234,56,64,-8,8
36235,134,126,8,8
36236,118,106,12,12
36237,114,99,15,15
36238,70,70,0,0
36239,68,71,-3,3
36240,66,72,-6,6
36241,92,83,9,9
36242,113,107,6,6
36243,108,99,9,9
36244,91,94,-3,3
36245,146,132,14,14
36246,114,103,11,11
36247,103,99,4,4
36248,108,123,-15,15
36249,60,61,-1,1
36250,62,65,-3,3
36251,102,96,6,6
36252,110,105,5,5
36253,194,154,40,40
36254,53,59,-6,6
36255,102,98,4,4
36256,175,144,31,31
36257,66,60,6,6
36258,108,100,8,8
36259,112,99,13,13
36260,154,129,25,25
36261,121,116,5,5
36262,66,64,2,2
36263,84,80,4,4
36264,72,72,0,0
36265,97,86,11,11
36266,125,111,14,14
36267,53,53,0,0
36268,56,58,-2,2
36269,139,133,6,6
36270,76,82,-6,6
36271,98,89,9,9
36272,64,65,-1,1
36273,102,95,7,7
36274,63,69,-6,6
36275,125,115,10,10
36276,133,106,27,27
36277,61,61,0,0
36278,57,58,-1,1
36279,87,82,5,5
36280,65,71,-6,6
36281,45,50,-5,5
36282,105,103,2,2
36283,123,106,17,17
36284,96,83,13,13
36285,146,130,16,16
36286,65,69,-4,4
36287,93,83,10,10
36288,67,69,-2,2
36289,112,88,24,24
36290,128,111,17,17
36291,78,80,-2,2
36292,73,70,3,3
36293,89,82,7,7
36294,62,61,1,1
36295,127,122,5,5
36296,126,108,18,18
36297,80,76,4,4
36298,84,86,-2,2
36299,85,99,-14,14
36300,65,69,-4,4
36301,63,63,0,0
36302,42,49,-7,7
36303,84,79,5,5
36304,73,71,2,2
36305,50,46,4,4
36306,107,117,-10,10
36307,108,96,12,12
36308,65,70,-5,5
36309,150,115,35,35
36310,101,94,7,7
36311,51,46,5,5
36312,74,75,-1,1
36313,79,76,3,3
36314,117,98,19,19
36315,71,81,-10,10
36316,70,74,-4,4
36317,75,74,1,1
36318,38,53,-15,15
36319,104,101,3,3
36320,97,90,7,7
36321,117,102,15,15
36322,78,73,5,5
36323,58,71,-13,13
36324,133,121,12,12
36325,51,51,0,0
36326,117,110,7,7
36327,82,73,9,9
36328,155,134,21,21
36329,102,102,0,0
36330,137,122,15,15
36331,85,80,5,5
36332,132,121,11,11
36333,35,38,-3,3
36334,72,83,-11,11
36335,119,115,4,4
36336,90,83,7,7
36337,69,70,-1,1
36338,76,80,-4,4
36339,85,84,1,1
36340,114,99,15,15
36341,84,101,-17,17
36342,78,78,0,0
36343,55,62,-7,7
36344,102,99,3,3
36345,163,132,31,31
36346,69,71,-2,2
36347,126,116,10,10
36348,43,38,5,5
36349,61,57,4,4
36350,54,60,-6,6
36351,109,100,9,9
36352,102,106,-4,4
36353,80,81,-1,1
36354,206,168,38,38
36355,51,50,1,1
36356,89,77,12,12
36357,72,79,-7,7
36358,127,117,10,10
36359,76,79,-3,3
36360,107,97,10,10
36361,71,68,3,3
36362,66,62,4,4
36363,76,73,3,3
36364,184,153,31,31
36365,129,121,8,8
36366,55,59,-4,4
36367,110,104,6,6
36368,75,79,-4,4
36369,61,64,-3,3
36370,136,119,17,17
36371,103,88,15,15
36372,115,113,2,2
36373,55,57,-2,2
36374,113,101,12,12
36375,89,80,9,9
36376,121,102,19,19
36377,80,90,-10,10
36378,141,122,19,19
36379,150,151,-1,1
36380,90,86,4,4
36381,73,74,-1,1
36382,137,141,-4,4
36383,107,91,16,16
36384,86,82,4,4
36385,112,107,5,5
36386,46,56,-10,10
36387,72,73,-1,1
36388,99,95,4,4
36389,63,66,-3,3
36390,126,100,26,26
36391,64,59,5,5
36392,90,96,-6,6
36393,59,62,-3,3
36394,66,57,9,9
36395,114,93,21,21
36396,102,93,9,9
36397,77,75,2,2
36398,90,76,14,14
36399,68,70,-2,2
36400,78,69,9,9
36401,71,70,1,1
36402,49,53,-4,4
36403,83,79,4,4
36404,112,112,0,0
36405,102,102,0,0
36406,134,103,31,31
36407,57,59,-2,2
36408,71,71,0,0
36409,163,149,14,14
36410,130,111,19,19
36411,123,121,2,2
36412,117,112,5,5
36413,78,74,4,4
36414,39,48,-9,9
36415,49,53,-4,4
36416,57,59,-2,2
36417,51,59,-8,8
36418,123,102,21,21
36419,92,92,0,0
36420,93,93,0,0
36421,77,76,1,1
36422,197,142,55,55
36423,112,108,4,4
36424,63,71,-8,8
36425,83,86,-3,3
36426,68,82,-14,14
36427,105,96,9,9
36428,62,70,-8,8
36429,71,68,3,3
36430,91,84,7,7
36431,85,80,5,5
36432,197,179,18,18
36433,124,105,19,19
36434,119,109,10,10
36435,130,126,4,4
36436,81,77,4,4
36437,92,88,4,4
36438,71,70,1,1
36439,67,64,3,3
36440,99,87,12,12
36441,94,94,0,0
36442,114,112,2,2
36443,167,143,24,24
36444,120,103,17,17
36445,125,99,26,26
36446,70,63,7,7
36447,114,102,12,12
36448,95,92,3,3
36449,46,54,-8,8
36450,101,100,1,1
36451,61,60,1,1
36452,90,93,-3,3
36453,67,126,-59,59
36454,157,132,25,25
36455,79,73,6,6
36456,105,100,5,5
36457,112,94,18,18
36458,89,91,-2,2
36459,105,99,6,6
36460,124,106,18,18
36461,65,62,3,3
36462,73,71,2,2
36463,66,70,-4,4
36464,61,68,-7,7
36465,125,128,-3,3
36466,122,118,4,4
36467,76,72,4,4
36468,90,91,-1,1
36469,176,141,35,35
36470,62,69,-7,7
36471,139,126,13,13
36472,43,42,1,1
36473,67,74,-7,7
36474,50,55,-5,5
36475,66,66,0,0
36476,59,67,-8,8
36477,81,74,7,7
36478,83,75,8,8
36479,92,84,8,8
36480,76,81,-5,5
36481,62,59,3,3
36482,64,77,-13,13
36483,92,94,-2,2
36484,123,113,10,10
36485,84,72,12,12
36486,88,89,-1,1
36487,58,61,-3,3
36488,87,83,4,4
36489,73,72,1,1
36490,44,58,-14,14
36491,123,112,11,11
36492,76,70,6,6
36493,82,85,-3,3
36494,84,82,2,2
36495,69,69,0,0
36496,80,84,-4,4
36497,104,99,5,5
36498,81,81,0,0
36499,79,84,-5,5
36500,90,99,-9,9
36501,105,100,5,5
36502,140,126,14,14
36503,85,82,3,3
36504,96,88,8,8
36505,102,95,7,7
36506,81,75,6,6
36507,117,105,12,12
36508,68,65,3,3
36509,79,77,2,2
36510,143,121,22,22
36511,66,58,8,8
36512,52,54,-2,2
36513,109,94,15,15
36514,40,56,-16,16
36515,140,119,21,21
36516,115,103,12,12
36517,74,83,-9,9
36518,61,69,-8,8
36519,66,70,-4,4
36520,92,76,16,16
36521,48,72,-24,24
36522,116,108,8,8
36523,141,122,19,19
36524,113,100,13,13
36525,89,81,8,8
36526,139,117,22,22
36527,134,122,12,12
36528,152,136,16,16
36529,88,83,5,5
36530,93,90,3,3
36531,161,140,21,21
36532,90,89,1,1
36533,68,64,4,4
36534,148,126,22,22
36535,82,80,2,2
36536,96,89,7,7
36537,171,156,15,15
36538,96,100,-4,4
36539,66,68,-2,2
36540,113,101,12,12
36541,78,80,-2,2
36542,82,79,3,3
36543,61,62,-1,1
36544,82,77,5,5
36545,99,101,-2,2
36546,225,167,58,58
36547,81,75,6,6
36548,62,59,3,3
36549,66,69,-3,3
36550,44,60,-16,16
36551,74,82,-8,8
36552,83,79,4,4
36553,109,102,7,7
36554,51,58,-7,7
36555,121,105,16,16
36556,83,71,12,12
36557,81,87,-6,6
36558,53,61,-8,8
36559,73,82,-9,9
36560,109,96,13,13
36561,151,138,13,13
36562,115,105,10,10
36563,122,106,16,16
36564,116,109,7,7
36565,107,95,12,12
36566,109,96,13,13
36567,72,71,1,1
36568,43,46,-3,3
36569,78,73,5,5
36570,127,108,19,19
36571,50,54,-4,4
36572,96,90,6,6
36573,53,58,-5,5
36574,37,42,-5,5
36575,94,81,13,13
36576,56,64,-8,8
36577,27,37,-10,10
36578,38,51,-13,13
36579,109,105,4,4
36580,109,102,7,7
36581,70,76,-6,6
36582,60,66,-6,6
36583,82,88,-6,6
36584,67,67,0,0
36585,67,70,-3,3
36586,78,76,2,2
36587,62,73,-11,11
36588,49,57,-8,8
36589,109,93,16,16
36590,88,87,1,1
36591,81,91,-10,10
36592,82,84,-2,2
36593,90,83,7,7
36594,79,77,2,2
36595,97,86,11,11
36596,75,79,-4,4
36597,104,90,14,14
36598,84,85,-1,1
36599,146,130,16,16
36600,62,61,1,1
36601,104,105,-1,1
36602,106,100,6,6
36603,92,90,2,2
36604,92,88,4,4
36605,92,92,0,0
36606,71,71,0,0
36607,91,90,1,1
36608,87,82,5,5
36609,79,89,-10,10
36610,86,95,-9,9
36611,128,107,21,21
36612,186,165,21,21
36613,138,117,21,21
36614,89,80,9,9
36615,168,144,24,24
36616,46,49,-3,3
36617,93,87,6,6
36618,72,76,-4,4
36619,110,95,15,15
36620,99,84,15,15
36621,51,49,2,2
36622,93,96,-3,3
36623,99,94,5,5
36624,126,114,12,12
36625,64,68,-4,4
36626,209,178,31,31
36627,102,97,5,5
36628,98,97,1,1
36629,79,70,9,9
36630,85,89,-4,4
36631,64,63,1,1
36632,83,80,3,3
36633,121,96,25,25
36634,111,98,13,13
36635,72,71,1,1
36636,97,91,6,6
36637,96,83,13,13
36638,64,67,-3,3
36639,128,113,15,15
36640,34,39,-5,5
36641,124,96,28,28
36642,84,77,7,7
36643,132,119,13,13
36644,55,57,-2,2
36645,118,108,10,10
36646,47,50,-3,3
36647,74,71,3,3
36648,75,70,5,5
36649,93,88,5,5
36650,171,134,37,37
36651,81,81,0,0
36652,62,68,-6,6
36653,81,75,6,6
36654,83,75,8,8
36655,65,66,-1,1
36656,61,61,0,0
36657,83,85,-2,2
36658,102,94,8,8
36659,78,78,0,0
36660,85,81,4,4
36661,122,110,12,12
36662,60,61,-1,1
36663,151,141,10,10
36664,72,75,-3,3
36665,93,93,0,0
36666,99,89,10,10
36667,95,97,-2,2
36668,105,95,10,10
36669,83,70,13,13
36670,128,121,7,7
36671,76,103,-27,27
36672,114,97,17,17
36673,125,121,4,4
36674,88,83,5,5
36675,117,114,3,3
36676,54,56,-2,2
36677,102,96,6,6
36678,60,56,4,4
36679,47,66,-19,19
36680,76,72,4,4
36681,53,57,-4,4
36682,83,85,-2,2
36683,148,140,8,8
36684,101,88,13,13
36685,126,111,15,15
36686,124,171,-47,47
36687,114,105,9,9
36688,74,79,-5,5
36689,83,90,-7,7
36690,109,95,14,14
36691,89,94,-5,5
36692,76,76,0,0
36693,53,58,-5,5
36694,78,78,0,0
36695,60,62,-2,2
36696,136,116,20,20
36697,42,58,-16,16
36698,126,111,15,15
36699,99,101,-2,2
36700,96,95,1,1
36701,45,49,-4,4
36702,77,72,5,5
36703,167,136,31,31
36704,102,121,-19,19
36705,92,93,-1,1
36706,61,57,4,4
36707,138,119,19,19
36708,117,118,-1,1
36709,127,111,16,16
36710,92,75,17,17
36711,83,82,1,1
36712,69,69,0,0
36713,189,157,32,32
36714,89,81,8,8
36715,154,137,17,17
36716,78,81,-3,3
36717,92,90,2,2
36718,151,143,8,8
36719,138,134,4,4
36720,73,70,3,3
36721,152,135,17,17
36722,122,110,12,12
36723,71,65,6,6
36724,118,106,12,12
36725,93,81,12,12
36726,104,97,7,7
36727,85,77,8,8
36728,91,87,4,4
36729,50,51,-1,1
36730,102,85,17,17
36731,120,110,10,10
36732,111,98,13,13
36733,71,76,-5,5
36734,57,54,3,3
36735,161,112,49,49
36736,53,51,2,2
36737,122,125,-3,3
36738,125,115,10,10
36739,83,81,2,2
36740,74,80,-6,6
36741,78,78,0,0
36742,51,53,-2,2
36743,167,132,35,35
36744,78,80,-2,2
36745,207,176,31,31
36746,120,111,9,9
36747,142,130,12,12
36748,71,80,-9,9
36749,144,115,29,29
36750,55,51,4,4
36751,75,66,9,9
36752,113,111,2,2
36753,100,103,-3,3
36754,56,59,-3,3
36755,137,111,26,26
36756,92,88,4,4
36757,142,121,21,21
36758,114,105,9,9
36759,47,53,-6,6
36760,61,58,3,3
36761,130,111,19,19
36762,68,70,-2,2
36763,72,86,-14,14
36764,39,39,0,0
36765,116,115,1,1
36766,135,117,18,18
36767,121,104,17,17
36768,126,112,14,14
36769,115,118,-3,3
36770,92,88,4,4
36771,137,114,23,23
36772,67,66,1,1
36773,58,57,1,1
36774,74,75,-1,1
36775,66,55,11,11
36776,70,62,8,8
36777,89,102,-13,13
36778,85,88,-3,3
36779,77,77,0,0
36780,54,59,-5,5
36781,103,101,2,2
36782,45,57,-12,12
36783,35,50,-15,15
36784,84,105,-21,21
36785,61,73,-12,12
36786,114,101,13,13
36787,47,53,-6,6
36788,86,82,4,4
36789,92,96,-4,4
36790,61,55,6,6
36791,96,90,6,6
36792,48,49,-1,1
36793,115,119,-4,4
36794,209,170,39,39
36795,89,84,5,5
36796,63,57,6,6
36797,68,69,-1,1
36798,88,92,-4,4
36799,63,71,-8,8
36800,121,118,3,3
36801,146,147,-1,1
36802,64,63,1,1
36803,75,73,2,2
36804,118,120,-2,2
36805,121,114,7,7
36806,87,81,6,6
36807,80,80,0,0
36808,80,82,-2,2
36809,107,92,15,15
36810,137,120,17,17
36811,96,85,11,11
36812,74,70,4,4
36813,90,79,11,11
36814,70,66,4,4
36815,45,48,-3,3
36816,63,57,6,6
36817,122,107,15,15
36818,80,73,7,7
36819,91,89,2,2
36820,241,198,43,43
36821,49,53,-4,4
36822,115,116,-1,1
36823,136,100,36,36
36824,87,74,13,13
36825,90,97,-7,7
36826,86,88,-2,2
36827,126,111,15,15
36828,63,77,-14,14
36829,68,67,1,1
36830,83,75,8,8
36831,101,98,3,3
36832,82,105,-23,23
36833,105,106,-1,1
36834,141,132,9,9
36835,67,72,-5,5
36836,29,39,-10,10
36837,96,96,0,0
36838,69,64,5,5
36839,62,65,-3,3
36840,68,72,-4,4
36841,96,82,14,14
36842,122,118,4,4
36843,109,107,2,2
36844,83,79,4,4
36845,127,111,16,16
36846,115,118,-3,3
36847,95,87,8,8
36848,64,62,2,2
36849,80,81,-1,1
36850,285,256,29,29
36851,88,84,4,4
36852,154,111,43,43
36853,163,140,23,23
36854,68,105,-37,37
36855,72,79,-7,7
36856,184,164,20,20
36857,87,80,7,7
36858,58,60,-2,2
36859,110,107,3,3
36860,62,69,-7,7
36861,53,49,4,4
36862,158,149,9,9
36863,87,98,-11,11
36864,70,80,-10,10
36865,72,72,0,0
36866,141,113,28,28
36867,94,84,10,10
36868,48,58,-10,10
36869,56,58,-2,2
36870,169,143,26,26
36871,81,99,-18,18
36872,71,70,1,1
36873,97,84,13,13
36874,73,74,-1,1
36875,90,90,0,0
36876,122,109,13,13
36877,68,61,7,7
36878,128,111,17,17
36879,68,69,-1,1
36880,128,120,8,8
36881,80,80,0,0
36882,76,68,8,8
36883,131,129,2,2
36884,96,95,1,1
36885,118,121,-3,3
36886,112,99,13,13
36887,174,151,23,23
36888,44,41,3,3
36889,92,92,0,0
36890,66,67,-1,1
36891,90,92,-2,2
36892,144,127,17,17
36893,110,97,13,13
36894,164,133,31,31
36895,85,80,5,5
36896,87,97,-10,10
36897,126,134,-8,8
36898,70,70,0,0
36899,111,102,9,9
36900,56,57,-1,1
36901,50,54,-4,4
36902,93,92,1,1
36903,66,69,-3,3
36904,77,74,3,3
36905,59,61,-2,2
36906,95,95,0,0
36907,79,74,5,5
36908,84,81,3,3
36909,81,78,3,3
36910,118,97,21,21
36911,62,60,2,2
36912,113,104,9,9
36913,89,76,13,13
36914,109,95,14,14
36915,157,135,22,22
36916,144,146,-2,2
36917,113,98,15,15
36918,136,111,25,25
36919,55,47,8,8
36920,100,117,-17,17
36921,127,108,19,19
36922,137,125,12,12
36923,77,72,5,5
36924,75,73,2,2
36925,96,94,2,2
36926,183,158,25,25
36927,100,92,8,8
36928,66,60,6,6
36929,87,86,1,1
36930,76,78,-2,2
36931,79,92,-13,13
36932,84,81,3,3
36933,101,92,9,9
36934,110,108,2,2
36935,97,94,3,3
36936,55,58,-3,3
36937,94,82,12,12
36938,65,68,-3,3
36939,78,74,4,4
36940,69,68,1,1
36941,171,150,21,21
36942,78,77,1,1
36943,58,58,0,0
36944,79,78,1,1
36945,90,80,10,10
36946,43,44,-1,1
36947,80,92,-12,12
36948,121,121,0,0
36949,186,155,31,31
36950,87,82,5,5
36951,25,26,-1,1
36952,77,81,-4,4
36953,111,106,5,5
36954,60,58,2,2
36955,70,73,-3,3
36956,145,120,25,25
36957,83,82,1,1
36958,87,74,13,13
36959,79,77,2,2
36960,110,103,7,7
36961,70,64,6,6
36962,157,136,21,21
36963,95,90,5,5
36964,62,67,-5,5
36965,83,81,2,2
36966,64,63,1,1
36967,240,211,29,29
36968,77,79,-2,2
36969,171,142,29,29
36970,111,105,6,6
36971,98,86,12,12
36972,60,59,1,1
36973,94,88,6,6
36974,117,102,15,15
36975,113,109,4,4
36976,149,146,3,3
36977,84,81,3,3
36978,50,56,-6,6
36979,109,110,-1,1
36980,77,86,-9,9
36981,125,113,12,12
36982,74,82,-8,8
36983,80,79,1,1
36984,70,71,-1,1
36985,79,80,-1,1
36986,125,102,23,23
36987,102,83,19,19
36988,72,70,2,2
36989,99,97,2,2
36990,73,81,-8,8
36991,104,89,15,15
36992,99,90,9,9
36993,97,85,12,12
36994,135,123,12,12
36995,80,82,-2,2
36996,146,133,13,13
36997,59,65,-6,6
36998,95,91,4,4
36999,159,125,34,34
37000,73,67,6,6
37001,94,92,2,2
37002,159,121,38,38
37003,178,142,36,36
37004,58,58,0,0
37005,88,81,7,7
37006,88,92,-4,4
37007,81,86,-5,5
37008,79,74,5,5
37009,54,52,2,2
37010,88,81,7,7
37011,75,68,7,7
37012,101,86,15,15
37013,89,80,9,9
37014,51,57,-6,6
37015,121,110,11,11
37016,110,107,3,3
37017,99,84,15,15
37018,63,68,-5,5
37019,113,106,7,7
37020,137,128,9,9
37021,114,113,1,1
37022,87,80,7,7
37023,176,136,40,40
37024,136,118,18,18
37025,104,94,10,10
37026,131,123,8,8
37027,100,104,-4,4
37028,110,107,3,3
37029,54,51,3,3
37030,99,95,4,4
37031,55,61,-6,6
37032,141,118,23,23
37033,142,128,14,14
37034,125,102,23,23
37035,114,115,-1,1
37036,121,115,6,6
37037,138,119,19,19
37038,66,76,-10,10
37039,108,98,10,10
37040,137,122,15,15
37041,57,59,-2,2
37042,97,96,1,1
37043,114,98,16,16
37044,124,138,-14,14
37045,66,69,-3,3
37046,51,50,1,1
37047,162,135,27,27
37048,161,143,18,18
37049,116,104,12,12
37050,111,108,3,3
37051,143,130,13,13
37052,41,51,-10,10
37053,97,83,14,14
37054,49,53,-4,4
37055,156,133,23,23
37056,48,48,0,0
37057,82,76,6,6
37058,58,56,2,2
37059,81,78,3,3
37060,81,82,-1,1
37061,68,68,0,0
37062,120,113,7,7
37063,28,39,-11,11
37064,84,91,-7,7
37065,96,95,1,1
37066,79,79,0,0
37067,446,372,74,74
37068,132,123,9,9
37069,131,117,14,14
37070,60,70,-10,10
37071,78,72,6,6
37072,113,105,8,8
37073,67,66,1,1
37074,83,80,3,3
37075,77,69,8,8
37076,82,80,2,2
37077,60,63,-3,3
37078,112,104,8,8
37079,124,106,18,18
37080,150,123,27,27
37081,87,83,4,4
37082,129,113,16,16
37083,151,133,18,18
37084,36,43,-7,7
37085,100,101,-1,1
37086,57,100,-43,43
37087,108,108,0,0
37088,78,81,-3,3
37089,72,68,4,4
37090,69,80,-11,11
37091,108,102,6,6
37092,87,80,7,7
37093,51,64,-13,13
37094,48,51,-3,3
37095,98,106,-8,8
37096,31,52,-21,21
37097,140,110,30,30
37098,74,71,3,3
37099,95,99,-4,4
37100,87,82,5,5
37101,120,114,6,6
37102,83,75,8,8
37103,81,92,-11,11
37104,75,74,1,1
37105,87,86,1,1
37106,145,128,17,17
37107,98,89,9,9
37108,52,49,3,3
37109,83,80,3,3
37110,55,70,-15,15
37111,110,109,1,1
37112,125,123,2,2
37113,87,77,10,10
37114,101,96,5,5
37115,81,71,10,10
37116,143,126,17,17
37117,218,173,45,45
37118,79,72,7,7
37119,97,86,11,11
37120,58,61,-3,3
37121,116,112,4,4
37122,76,68,8,8
37123,94,90,4,4
37124,79,89,-10,10
37125,60,60,0,0
37126,103,104,-1,1
37127,51,51,0,0
37128,113,100,13,13
37129,83,95,-12,12
37130,121,115,6,6
37131,87,73,14,14
37132,152,135,17,17
37133,97,86,11,11
37134,169,150,19,19
37135,73,83,-10,10
37136,141,136,5,5
37137,88,77,11,11
37138,75,152,-77,77
37139,78,74,4,4
37140,114,101,13,13
37141,95,81,14,14
37142,100,100,0,0
37143,94,92,2,2
37144,62,68,-6,6
37145,75,99,-24,24
37146,91,90,1,1
37147,155,122,33,33
37148,82,78,4,4
37149,120,108,12,12
37150,154,128,26,26
37151,45,46,-1,1
37152,69,71,-2,2
37153,70,74,-4,4
37154,129,119,10,10
37155,83,75,8,8
37156,102,90,12,12
37157,34,40,-6,6
37158,84,79,5,5
37159,93,86,7,7
37160,173,144,29,29
37161,81,83,-2,2
37162,112,115,-3,3
37163,141,124,17,17
37164,117,104,13,13
37165,87,93,-6,6
37166,89,97,-8,8
37167,138,131,7,7
37168,77,80,-3,3
37169,71,76,-5,5
37170,108,108,0,0
37171,84,80,4,4
37172,90,94,-4,4
37173,156,136,20,20
37174,90,88,2,2
37175,91,89,2,2
37176,64,62,2,2
37177,66,68,-2,2
37178,59,55,4,4
37179,124,106,18,18
37180,49,45,4,4
37181,108,106,2,2
37182,83,81,2,2
37183,115,96,19,19
37184,59,64,-5,5
37185,51,66,-15,15
37186,90,82,8,8
37187,77,86,-9,9
37188,59,54,5,5
37189,100,96,4,4
37190,138,119,19,19
37191,237,198,39,39
37192,71,71,0,0
37193,51,51,0,0
37194,160,149,11,11
37195,162,123,39,39
37196,121,111,10,10
37197,122,106,16,16
37198,64,60,4,4
37199,78,75,3,3
37200,107,124,-17,17
37201,102,101,1,1
37202,74,80,-6,6
37203,90,95,-5,5
37204,65,59,6,6
37205,85,85,0,0
37206,88,86,2,2
37207,95,96,-1,1
37208,92,91,1,1
37209,148,120,28,28
37210,89,83,6,6
37211,63,66,-3,3
37212,98,85,13,13
37213,74,75,-1,1
37214,69,69,0,0
37215,58,60,-2,2
37216,148,121,27,27
37217,75,79,-4,4
37218,128,115,13,13
37219,63,71,-8,8
37220,113,92,21,21
37221,88,91,-3,3
37222,68,61,7,7
37223,98,92,6,6
37224,79,80,-1,1
37225,69,73,-4,4
37226,284,239,45,45
37227,76,75,1,1
37228,98,94,4,4
37229,73,75,-2,2
37230,135,122,13,13
37231,71,67,4,4
37232,85,77,8,8
37233,58,62,-4,4
37234,110,104,6,6
37235,63,63,0,0
37236,91,89,2,2
37237,72,73,-1,1
37238,111,122,-11,11
37239,75,69,6,6
37240,127,120,7,7
37241,157,131,26,26
37242,136,127,9,9
37243,66,63,3,3
37244,53,54,-1,1
37245,76,79,-3,3
37246,76,71,5,5
37247,123,122,1,1
37248,90,88,2,2
37249,62,62,0,0
37250,93,104,-11,11
37251,150,126,24,24
37252,114,106,8,8
37253,99,82,17,17
37254,85,80,5,5
37255,68,64,4,4
37256,54,57,-3,3
37257,64,62,2,2
37258,126,118,8,8
37259,52,54,-2,2
37260,119,104,15,15
37261,112,100,12,12
37262,257,205,52,52
37263,75,79,-4,4
37264,58,56,2,2
37265,87,84,3,3
37266,50,49,1,1
37267,79,81,-2,2
37268,142,121,21,21
37269,122,114,8,8
37270,69,71,-2,2
37271,82,78,4,4
37272,83,83,0,0
37273,87,80,7,7
37274,132,118,14,14
37275,110,112,-2,2
37276,98,82,16,16
37277,93,89,4,4
37278,112,114,-2,2
37279,101,88,13,13
37280,97,95,2,2
37281,111,107,4,4
37282,53,53,0,0
37283,78,94,-16,16
37284,104,94,10,10
37285,86,79,7,7
37286,109,102,7,7
37287,136,118,18,18
37288,113,119,-6,6
37289,53,58,-5,5
37290,85,74,11,11
37291,142,120,22,22
37292,141,128,13,13
37293,87,85,2,2
37294,79,76,3,3
37295,171,143,28,28
37296,104,102,2,2
37297,91,114,-23,23
37298,70,69,1,1
37299,93,96,-3,3
37300,115,108,7,7
37301,49,44,5,5
37302,115,98,17,17
37303,85,82,3,3
37304,96,96,0,0
37305,112,106,6,6
37306,133,125,8,8
37307,114,103,11,11
37308,78,93,-15,15
37309,158,133,25,25
37310,73,69,4,4
37311,44,46,-2,2
37312,160,146,14,14
37313,114,108,6,6
37314,163,111,52,52
37315,113,98,15,15
37316,92,98,-6,6
37317,35,42,-7,7
37318,135,121,14,14
37319,113,105,8,8
37320,105,92,13,13
37321,79,72,7,7
37322,130,113,17,17
37323,129,120,9,9
37324,81,82,-1,1
37325,71,76,-5,5
37326,233,185,48,48
37327,79,83,-4,4
37328,88,83,5,5
37329,121,114,7,7
37330,132,114,18,18
37331,179,151,28,28
37332,199,167,32,32
37333,133,117,16,16
37334,127,109,18,18
37335,71,74,-3,3
37336,59,62,-3,3
37337,92,92,0,0
37338,98,93,5,5
37339,93,80,13,13
37340,103,81,22,22
37341,114,115,-1,1
37342,80,82,-2,2
37343,84,83,1,1
37344,95,85,10,10
37345,141,125,16,16
37346,184,156,28,28
37347,138,106,32,32
37348,59,61,-2,2
37349,172,152,20,20
37350,146,126,20,20
37351,72,73,-1,1
37352,139,129,10,10
37353,108,102,6,6
37354,91,95,-4,4
37355,38,39,-1,1
37356,44,53,-9,9
37357,86,80,6,6
37358,68,74,-6,6
37359,68,61,7,7
37360,100,98,2,2
37361,135,113,22,22
37362,30,44,-14,14
37363,149,131,18,18
37364,93,89,4,4
37365,132,126,6,6
37366,61,59,2,2
37367,104,103,1,1
37368,119,108,11,11
37369,61,64,-3,3
37370,79,80,-1,1
37371,48,55,-7,7
37372,80,67,13,13
37373,145,152,-7,7
37374,65,74,-9,9
37375,68,67,1,1
37376,68,68,0,0
37377,78,82,-4,4
37378,65,62,3,3
37379,98,91,7,7
37380,102,102,0,0
37381,115,92,23,23
37382,71,69,2,2
37383,63,68,-5,5
37384,64,74,-10,10
37385,97,93,4,4
37386,102,90,12,12
37387,101,98,3,3
37388,34,37,-3,3
37389,70,71,-1,1
37390,53,63,-10,10
37391,92,88,4,4
37392,83,82,1,1
37393,101,101,0,0
37394,76,71,5,5
37395,76,78,-2,2
37396,111,103,8,8
37397,49,66,-17,17
37398,55,62,-7,7
37399,115,102,13,13
37400,126,115,11,11
37401,121,103,18,18
37402,145,122,23,23
37403,60,76,-16,16
37404,73,62,11,11
37405,63,68,-5,5
37406,71,72,-1,1
37407,81,80,1,1
37408,98,94,4,4
37409,138,128,10,10
37410,69,75,-6,6
37411,172,166,6,6
37412,57,67,-10,10
37413,119,107,12,12
37414,65,70,-5,5
37415,54,57,-3,3
37416,86,92,-6,6
37417,116,110,6,6
37418,145,121,24,24
37419,102,100,2,2
37420,108,98,10,10
37421,63,64,-1,1
37422,125,110,15,15
37423,90,85,5,5
37424,139,127,12,12
37425,94,91,3,3
37426,86,84,2,2
37427,44,63,-19,19
37428,89,90,-1,1
37429,82,80,2,2
37430,114,99,15,15
37431,60,57,3,3
37432,103,94,9,9
37433,58,57,1,1
37434,108,108,0,0
37435,140,134,6,6
37436,160,145,15,15
37437,54,59,-5,5
37438,106,97,9,9
37439,140,129,11,11
37440,101,94,7,7
37441,120,109,11,11
37442,118,103,15,15
37443,116,107,9,9
37444,108,102,6,6
37445,205,187,18,18
37446,192,164,28,28
37447,97,94,3,3
37448,59,59,0,0
37449,60,68,-8,8
37450,51,52,-1,1
37451,48,49,-1,1
37452,118,104,14,14
37453,209,174,35,35
37454,64,68,-4,4
37455,76,81,-5,5
37456,130,115,15,15
37457,83,98,-15,15
37458,69,76,-7,7
37459,66,57,9,9
37460,81,85,-4,4
37461,116,122,-6,6
37462,91,90,1,1
37463,178,158,20,20
37464,148,148,0,0
37465,160,147,13,13
37466,116,117,-1,1
37467,87,87,0,0
37468,93,91,2,2
37469,71,74,-3,3
37470,121,109,12,12
37471,85,74,11,11
37472,75,76,-1,1
37473,101,95,6,6
37474,72,71,1,1
37475,60,63,-3,3
37476,102,88,14,14
37477,111,98,13,13
37478,81,85,-4,4
37479,75,86,-11,11
37480,107,106,1,1
37481,75,78,-3,3
37482,67,73,-6,6
37483,126,116,10,10
37484,106,104,2,2
37485,126,115,11,11
37486,104,101,3,3
37487,65,73,-8,8
37488,92,88,4,4
37489,78,71,7,7
37490,127,116,11,11
37491,88,86,2,2
37492,35,46,-11,11
37493,87,87,0,0
37494,53,63,-10,10
37495,108,103,5,5
37496,89,84,5,5
37497,79,74,5,5
37498,79,83,-4,4
37499,138,112,26,26
37500,92,82,10,10
37501,84,82,2,2
37502,65,64,1,1
37503,74,72,2,2
37504,147,131,16,16
37505,96,97,-1,1
37506,124,115,9,9
37507,84,86,-2,2
37508,118,108,10,10
37509,80,75,5,5
37510,89,92,-3,3
37511,154,144,10,10
37512,96,96,0,0
37513,73,80,-7,7
37514,218,170,48,48
37515,108,100,8,8
37516,156,137,19,19
37517,56,62,-6,6
37518,105,96,9,9
37519,103,119,-16,16
37520,98,97,1,1
37521,161,143,18,18
37522,150,117,33,33
37523,50,53,-3,3
37524,99,92,7,7
37525,62,65,-3,3
37526,102,97,5,5
37527,86,82,4,4
37528,81,79,2,2
37529,51,58,-7,7
37530,100,90,10,10
37531,74,70,4,4
37532,65,57,8,8
37533,95,90,5,5
37534,99,92,7,7
37535,84,87,-3,3
37536,114,93,21,21
37537,99,84,15,15
37538,58,54,4,4
37539,49,51,-2,2
37540,119,103,16,16
37541,83,82,1,1
37542,96,95,1,1
37543,70,74,-4,4
37544,108,101,7,7
37545,128,105,23,23
37546,75,71,4,4
37547,72,70,2,2
37548,88,75,13,13
37549,71,69,2,2
37550,103,90,13,13
37551,109,98,11,11
37552,77,80,-3,3
37553,74,72,2,2
37554,105,94,11,11
37555,56,46,10,10
37556,95,88,7,7
37557,152,129,23,23
37558,62,61,1,1
37559,128,113,15,15
37560,108,93,15,15
37561,58,64,-6,6
37562,144,117,27,27
37563,109,96,13,13
37564,66,62,4,4
37565,114,106,8,8
37566,150,125,25,25
37567,98,88,10,10
37568,151,133,18,18
37569,73,71,2,2
37570,84,80,4,4
37571,126,115,11,11
37572,50,54,-4,4
37573,101,108,-7,7
37574,56,61,-5,5
37575,95,91,4,4
37576,65,70,-5,5
37577,141,112,29,29
37578,94,87,7,7
37579,67,71,-4,4
37580,55,59,-4,4
37581,65,64,1,1
37582,52,66,-14,14
37583,95,83,12,12
37584,158,138,20,20
37585,106,39,67,67
37586,101,95,6,6
37587,96,87,9,9
37588,132,125,7,7
37589,91,83,8,8
37590,80,79,1,1
37591,209,174,35,35
37592,71,79,-8,8
37593,94,100,-6,6
37594,93,83,10,10
37595,103,100,3,3
37596,69,76,-7,7
37597,190,173,17,17
37598,92,87,5,5
37599,105,91,14,14
37600,69,74,-5,5
37601,54,68,-14,14
37602,59,61,-2,2
37603,82,82,0,0
37604,84,84,0,0
37605,30,53,-23,23
37606,150,129,21,21
37607,65,62,3,3
37608,88,83,5,5
37609,80,76,4,4
37610,174,149,25,25
37611,134,141,-7,7
37612,82,77,5,5
37613,77,70,7,7
37614,65,69,-4,4
37615,49,50,-1,1
37616,95,95,0,0
37617,67,68,-1,1
37618,69,65,4,4
37619,125,120,5,5
37620,124,122,2,2
37621,81,81,0,0
37622,93,90,3,3
37623,148,115,33,33
37624,158,131,27,27
37625,107,100,7,7
37626,138,119,19,19
37627,106,101,5,5
37628,102,101,1,1
37629,151,139,12,12
37630,103,102,1,1
37631,77,72,5,5
37632,139,122,17,17
37633,122,114,8,8
37634,86,77,9,9
37635,85,80,5,5
37636,76,70,6,6
37637,115,99,16,16
37638,137,115,22,22
37639,113,117,-4,4
37640,155,126,29,29
37641,66,74,-8,8
37642,75,71,4,4
37643,120,112,8,8
37644,116,96,20,20
37645,152,136,16,16
37646,56,59,-3,3
37647,205,169,36,36
37648,96,95,1,1
37649,101,89,12,12
37650,100,95,5,5
37651,94,84,10,10
37652,130,111,19,19
37653,61,76,-15,15
37654,123,110,13,13
37655,111,112,-1,1
37656,136,132,4,4
37657,166,136,30,30
37658,85,91,-6,6
37659,99,93,6,6
37660,58,59,-1,1
37661,98,88,10,10
37662,88,74,14,14
37663,164,129,35,35
37664,67,68,-1,1
37665,112,90,22,22
37666,105,95,10,10
37667,151,126,25,25
37668,80,71,9,9
37669,121,120,1,1
37670,179,133,46,46
37671,151,131,20,20
37672,116,110,6,6
37673,93,86,7,7
37674,96,90,6,6
37675,112,109,3,3
37676,45,47,-2,2
37677,100,94,6,6
37678,71,80,-9,9
37679,72,68,4,4
37680,124,110,14,14
37681,54,51,3,3
37682,135,119,16,16
37683,125,109,16,16
37684,125,99,26,26
37685,104,107,-3,3
37686,76,72,4,4
37687,106,119,-13,13
37688,76,75,1,1
37689,87,86,1,1
37690,146,128,18,18
37691,91,80,11,11
37692,72,82,-10,10
37693,149,135,14,14
37694,82,80,2,2
37695,157,133,24,24
37696,138,116,22,22
37697,122,113,9,9
37698,105,99,6,6
37699,88,80,8,8
37700,157,156,1,1
37701,108,92,16,16
37702,94,85,9,9
37703,102,100,2,2
37704,51,65,-14,14
37705,84,82,2,2
37706,67,80,-13,13
37707,128,109,19,19
37708,130,120,10,10
37709,165,140,25,25
37710,100,108,-8,8
37711,121,121,0,0
37712,74,80,-6,6
37713,58,55,3,3
37714,88,95,-7,7
37715,105,106,-1,1
37716,116,106,10,10
37717,103,90,13,13
37718,101,96,5,5
37719,108,107,1,1
37720,75,88,-13,13
37721,106,102,4,4
37722,69,72,-3,3
37723,87,83,4,4
37724,68,78,-10,10
37725,51,56,-5,5
37726,61,64,-3,3
37727,110,103,7,7
37728,104,95,9,9
37729,70,67,3,3
37730,47,58,-11,11
37731,69,81,-12,12
37732,48,59,-11,11
37733,92,86,6,6
37734,116,108,8,8
37735,94,94,0,0
37736,79,81,-2,2
37737,116,121,-5,5
37738,133,127,6,6
37739,70,72,-2,2
37740,153,135,18,18
37741,41,83,-42,42
37742,73,72,1,1
37743,109,101,8,8
37744,145,115,30,30
37745,106,102,4,4
37746,89,81,8,8
37747,69,80,-11,11
37748,73,74,-1,1
37749,61,64,-3,3
37750,127,112,15,15
37751,104,99,5,5
37752,103,97,6,6
37753,107,94,13,13
37754,116,111,5,5
37755,66,72,-6,6
37756,130,119,11,11
37757,102,91,11,11
37758,102,97,5,5
37759,72,79,-7,7
37760,98,89,9,9
37761,55,57,-2,2
37762,90,95,-5,5
37763,116,104,12,12
37764,64,70,-6,6
37765,113,97,16,16
37766,75,80,-5,5
37767,75,87,-12,12
37768,119,109,10,10
37769,81,75,6,6
37770,74,72,2,2
37771,156,137,19,19
37772,93,94,-1,1
37773,84,82,2,2
37774,118,131,-13,13
37775,70,66,4,4
37776,197,174,23,23
37777,57,58,-1,1
37778,41,57,-16,16
37779,110,111,-1,1
37780,94,88,6,6
37781,121,103,18,18
37782,77,79,-2,2
37783,104,80,24,24
37784,98,89,9,9
37785,101,94,7,7
37786,65,77,-12,12
37787,140,119,21,21
37788,113,101,12,12
37789,103,85,18,18
37790,84,76,8,8
37791,75,72,3,3
37792,136,111,25,25
37793,123,113,10,10
37794,117,114,3,3
37795,107,96,11,11
37796,64,61,3,3
37797,61,67,-6,6
37798,216,164,52,52
37799,94,92,2,2
37800,96,93,3,3
37801,83,94,-11,11
37802,42,44,-2,2
37803,93,98,-5,5
37804,61,66,-5,5
37805,101,80,21,21
37806,118,106,12,12
37807,100,99,1,1
37808,107,118,-11,11
37809,98,95,3,3
37810,64,60,4,4
37811,215,188,27,27
37812,127,115,12,12
37813,91,82,9,9
37814,113,119,-6,6
37815,82,81,1,1
37816,120,115,5,5
37817,72,69,3,3
37818,77,89,-12,12
37819,79,84,-5,5
37820,67,71,-4,4
37821,89,87,2,2
37822,54,59,-5,5
37823,97,100,-3,3
37824,82,80,2,2
37825,91,99,-8,8
37826,83,75,8,8
37827,54,69,-15,15
37828,116,110,6,6
37829,80,82,-2,2
37830,75,71,4,4
37831,187,171,16,16
37832,78,85,-7,7
37833,95,96,-1,1
37834,87,84,3,3
37835,74,80,-6,6
37836,67,65,2,2
37837,66,60,6,6
37838,78,71,7,7
37839,107,97,10,10
37840,59,55,4,4
37841,92,92,0,0
37842,41,56,-15,15
37843,130,113,17,17
37844,100,99,1,1
37845,88,80,8,8
37846,67,64,3,3
37847,100,91,9,9
37848,99,98,1,1
37849,69,70,-1,1
37850,115,113,2,2
37851,116,101,15,15
37852,49,46,3,3
37853,91,91,0,0
37854,67,78,-11,11
37855,105,96,9,9
37856,137,125,12,12
37857,72,83,-11,11
37858,61,63,-2,2
37859,86,80,6,6
37860,91,91,0,0
37861,85,82,3,3
37862,83,83,0,0
37863,68,62,6,6
37864,103,92,11,11
37865,106,93,13,13
37866,139,107,32,32
37867,115,109,6,6
37868,48,53,-5,5
37869,159,143,16,16
37870,61,59,2,2
37871,113,111,2,2
37872,101,98,3,3
37873,77,76,1,1
37874,134,122,12,12
37875,67,59,8,8
37876,106,99,7,7
37877,57,59,-2,2
37878,95,97,-2,2
37879,93,96,-3,3
37880,95,81,14,14
37881,179,157,22,22
37882,153,155,-2,2
37883,62,69,-7,7
37884,69,69,0,0
37885,165,151,14,14
37886,180,169,11,11
37887,87,82,5,5
37888,110,104,6,6
37889,116,113,3,3
37890,159,149,10,10
37891,99,98,1,1
37892,114,108,6,6
37893,102,87,15,15
37894,154,139,15,15
37895,91,89,2,2
37896,124,104,20,20
37897,91,87,4,4
37898,41,47,-6,6
37899,45,49,-4,4
37900,71,84,-13,13
37901,76,78,-2,2
37902,99,101,-2,2
37903,111,98,13,13
37904,97,87,10,10
37905,124,110,14,14
37906,96,97,-1,1
37907,79,84,-5,5
37908,122,120,2,2
37909,115,95,20,20
37910,89,82,7,7
37911,73,70,3,3
37912,111,108,3,3
37913,89,91,-2,2
37914,138,123,15,15
37915,100,103,-3,3
37916,78,80,-2,2
37917,83,87,-4,4
37918,86,86,0,0
37919,135,128,7,7
37920,114,105,9,9
37921,56,60,-4,4
37922,149,146,3,3
37923,81,80,1,1
37924,79,78,1,1
37925,103,99,4,4
37926,56,72,-16,16
37927,150,130,20,20
37928,78,76,2,2
37929,78,79,-1,1
37930,41,46,-5,5
37931,121,103,18,18
37932,123,111,12,12
37933,76,87,-11,11
37934,103,95,8,8
37935,35,57,-22,22
37936,124,111,13,13
37937,55,62,-7,7
37938,88,83,5,5
37939,90,86,4,4
37940,120,90,30,30
37941,71,71,0,0
37942,79,81,-2,2
37943,62,69,-7,7
37944,86,83,3,3
37945,64,67,-3,3
37946,131,130,1,1
37947,146,127,19,19
37948,86,80,6,6
37949,98,88,10,10
37950,183,144,39,39
37951,91,89,2,2
37952,77,74,3,3
37953,142,129,13,13
37954,79,76,3,3
37955,41,39,2,2
37956,105,99,6,6
37957,197,171,26,26
37958,115,106,9,9
37959,71,71,0,0
37960,140,134,6,6
37961,130,118,12,12
37962,83,79,4,4
37963,108,115,-7,7
37964,67,68,-1,1
37965,70,82,-12,12
37966,93,92,1,1
37967,64,70,-6,6
37968,98,110,-12,12
37969,115,108,7,7
37970,62,61,1,1
37971,88,86,2,2
37972,61,64,-3,3
37973,198,153,45,45
37974,101,103,-2,2
37975,66,62,4,4
37976,31,31,0,0
37977,94,85,9,9
37978,93,99,-6,6
37979,117,142,-25,25
37980,99,95,4,4
37981,36,41,-5,5
37982,76,76,0,0
37983,67,74,-7,7
37984,78,85,-7,7
37985,50,56,-6,6
37986,55,49,6,6
37987,92,92,0,0
37988,94,84,10,10
37989,137,127,10,10
37990,102,96,6,6
37991,113,101,12,12
37992,89,81,8,8
37993,124,120,4,4
37994,82,82,0,0
37995,60,69,-9,9
37996,125,106,19,19
37997,78,85,-7,7
37998,143,124,19,19
37999,142,131,11,11
38000,106,92,14,14
38001,124,109,15,15
38002,52,58,-6,6
38003,97,108,-11,11
38004,80,75,5,5
38005,107,110,-3,3
38006,141,125,16,16
38007,57,60,-3,3
38008,89,77,12,12
38009,104,105,-1,1
38010,154,134,20,20
38011,76,84,-8,8
38012,95,82,13,13
38013,179,147,32,32
38014,64,77,-13,13
38015,119,102,17,17
38016,108,111,-3,3
38017,114,104,10,10
38018,92,88,4,4
38019,109,99,10,10
38020,139,133,6,6
38021,130,118,12,12
38022,112,99,13,13
38023,123,107,16,16
38024,125,110,15,15
38025,66,62,4,4
38026,77,88,-11,11
38027,87,83,4,4
38028,97,101,-4,4
38029,56,54,2,2
38030,146,126,20,20
38031,71,72,-1,1
38032,176,151,25,25
38033,96,85,11,11
38034,105,95,10,10
38035,127,117,10,10
38036,82,81,1,1
38037,137,135,2,2
38038,120,112,8,8
38039,82,79,3,3
38040,73,69,4,4
38041,78,71,7,7
38042,83,83,0,0
38043,83,82,1,1
38044,74,76,-2,2
38045,81,80,1,1
38046,178,144,34,34
38047,96,101,-5,5
38048,48,54,-6,6
38049,74,81,-7,7
38050,143,122,21,21
38051,94,83,11,11
38052,142,131,11,11
38053,144,133,11,11
38054,114,109,5,5
38055,91,92,-1,1
38056,127,117,10,10
38057,65,74,-9,9
38058,152,133,19,19
38059,106,97,9,9
38060,140,120,20,20
38061,96,97,-1,1
38062,72,98,-26,26
38063,71,47,24,24
38064,116,104,12,12
38065,156,136,20,20
38066,57,56,1,1
38067,24,26,-2,2
38068,122,109,13,13
38069,118,103,15,15
38070,96,95,1,1
38071,86,81,5,5
38072,163,142,21,21
38073,60,68,-8,8
38074,80,73,7,7
38075,78,78,0,0
38076,82,80,2,2
38077,113,99,14,14
38078,104,105,-1,1
38079,154,156,-2,2
38080,34,44,-10,10
38081,111,106,5,5
38082,103,97,6,6
38083,88,84,4,4
38084,112,109,3,3
38085,115,103,12,12
38086,60,56,4,4
38087,150,132,18,18
38088,116,108,8,8
38089,80,78,2,2
38090,112,97,15,15
38091,116,107,9,9
38092,83,85,-2,2
38093,161,135,26,26
38094,65,70,-5,5
38095,74,77,-3,3
38096,72,62,10,10
38097,185,147,38,38
38098,89,71,18,18
38099,90,84,6,6
38100,175,147,28,28
38101,96,85,11,11
38102,96,90,6,6
38103,111,107,4,4
38104,46,50,-4,4
38105,105,109,-4,4
38106,69,72,-3,3
38107,117,106,11,11
38108,91,86,5,5
38109,70,75,-5,5
38110,150,125,25,25
38111,122,114,8,8
38112,98,99,-1,1
38113,100,87,13,13
38114,160,126,34,34
38115,139,121,18,18
38116,170,147,23,23
38117,79,83,-4,4
38118,132,115,17,17
38119,121,115,6,6
38120,118,113,5,5
38121,102,87,15,15
38122,98,92,6,6
38123,115,115,0,0
38124,159,141,18,18
38125,92,88,4,4
38126,41,57,-16,16
38127,84,83,1,1
38128,132,129,3,3
38129,109,92,17,17
38130,78,84,-6,6
38131,114,99,15,15
38132,121,105,16,16
38133,93,84,9,9
38134,115,109,6,6
38135,44,47,-3,3
38136,74,76,-2,2
38137,49,48,1,1
38138,165,144,21,21
38139,83,78,5,5
38140,158,133,25,25
38141,101,88,13,13
38142,118,107,11,11
38143,94,88,6,6
38144,117,124,-7,7
38145,109,101,8,8
38146,73,85,-12,12
38147,76,80,-4,4
38148,138,124,14,14
38149,113,101,12,12
38150,96,92,4,4
38151,73,77,-4,4
38152,112,99,13,13
38153,63,70,-7,7
38154,104,89,15,15
38155,82,86,-4,4
38156,54,59,-5,5
38157,84,81,3,3
38158,133,125,8,8
38159,101,95,6,6
38160,108,107,1,1
38161,83,78,5,5
38162,78,82,-4,4
38163,82,77,5,5
38164,76,78,-2,2
38165,90,83,7,7
38166,105,98,7,7
38167,61,62,-1,1
38168,102,106,-4,4
38169,104,112,-8,8
38170,72,72,0,0
38171,74,66,8,8
38172,92,93,-1,1
38173,85,80,5,5
38174,99,93,6,6
38175,111,111,0,0
38176,67,72,-5,5
38177,76,73,3,3
38178,113,95,18,18
38179,107,97,10,10
38180,117,107,10,10
38181,116,112,4,4
38182,97,93,4,4
38183,125,117,8,8
38184,112,111,1,1
38185,71,80,-9,9
38186,115,106,9,9
38187,59,80,-21,21
38188,97,92,5,5
38189,124,110,14,14
38190,45,50,-5,5
38191,87,85,2,2
38192,103,115,-12,12
38193,64,65,-1,1
38194,100,91,9,9
38195,97,81,16,16
38196,121,109,12,12
38197,111,110,1,1
38198,74,70,4,4
38199,118,134,-16,16
38200,91,83,8,8
38201,89,86,3,3
38202,105,84,21,21
38203,79,81,-2,2
38204,68,71,-3,3
38205,125,120,5,5
38206,87,81,6,6
38207,123,102,21,21
38208,93,91,2,2
38209,100,90,10,10
38210,64,59,5,5
38211,108,99,9,9
38212,68,58,10,10
38213,86,86,0,0
38214,107,89,18,18
38215,73,76,-3,3
38216,128,125,3,3
38217,119,107,12,12
38218,54,46,8,8
38219,72,71,1,1
38220,73,78,-5,5
38221,159,139,20,20
38222,83,84,-1,1
38223,97,91,6,6
38224,131,119,12,12
38225,69,71,-2,2
38226,86,75,11,11
38227,119,113,6,6
38228,100,93,7,7
38229,102,102,0,0
38230,67,63,4,4
38231,53,61,-8,8
38232,85,89,-4,4
38233,168,145,23,23
38234,61,53,8,8
38235,77,75,2,2
38236,85,88,-3,3
38237,69,68,1,1
38238,124,112,12,12
38239,89,82,7,7
38240,148,135,13,13
38241,143,124,19,19
38242,57,77,-20,20
38243,144,128,16,16
38244,66,69,-3,3
38245,83,94,-11,11
38246,120,113,7,7
38247,131,120,11,11
38248,51,57,-6,6
38249,77,62,15,15
38250,62,68,-6,6
38251,125,120,5,5
38252,87,83,4,4
38253,89,83,6,6
38254,162,141,21,21
38255,109,104,5,5
38256,126,121,5,5
38257,87,90,-3,3
38258,87,95,-8,8
38259,116,105,11,11
38260,51,57,-6,6
38261,65,59,6,6
38262,95,86,9,9
38263,86,78,8,8
38264,98,96,2,2
38265,74,71,3,3
38266,87,115,-28,28
38267,113,104,9,9
38268,70,86,-16,16
38269,119,103,16,16
38270,180,155,25,25
38271,94,81,13,13
38272,67,73,-6,6
38273,85,88,-3,3
38274,147,140,7,7
38275,79,68,11,11
38276,76,79,-3,3
38277,60,53,7,7
38278,55,58,-3,3
38279,95,94,1,1
38280,127,106,21,21
38281,100,93,7,7
38282,85,84,1,1
38283,127,113,14,14
38284,101,86,15,15
38285,70,70,0,0
38286,102,94,8,8
38287,73,73,0,0
38288,107,102,5,5
38289,129,122,7,7
38290,114,102,12,12
38291,45,57,-12,12
38292,52,49,3,3
38293,69,70,-1,1
38294,71,72,-1,1
38295,65,68,-3,3
38296,211,159,52,52
38297,113,119,-6,6
38298,97,93,4,4
38299,60,69,-9,9
38300,184,143,41,41
38301,106,97,9,9
38302,121,110,11,11
38303,112,111,1,1
38304,137,126,11,11
38305,104,98,6,6
38306,124,121,3,3
38307,72,68,4,4
38308,116,101,15,15
38309,76,74,2,2
38310,99,100,-1,1
38311,75,76,-1,1
38312,81,80,1,1
38313,69,71,-2,2
38314,72,76,-4,4
38315,87,78,9,9
38316,93,84,9,9
38317,136,118,18,18
38318,101,92,9,9
38319,89,83,6,6
38320,112,102,10,10
38321,65,66,-1,1
38322,118,101,17,17
38323,92,82,10,10
38324,80,82,-2,2
38325,98,89,9,9
38326,70,67,3,3
38327,127,113,14,14
38328,149,122,27,27
38329,70,69,1,1
38330,139,129,10,10
38331,82,80,2,2
38332,91,88,3,3
38333,39,45,-6,6
38334,82,92,-10,10
38335,105,98,7,7
38336,147,137,10,10
38337,104,105,-1,1
38338,117,96,21,21
38339,91,99,-8,8
38340,90,91,-1,1
38341,104,91,13,13
38342,47,56,-9,9
38343,56,60,-4,4
38344,110,104,6,6
38345,43,57,-14,14
38346,120,105,15,15
38347,70,71,-1,1
38348,75,79,-4,4
38349,77,77,0,0
38350,72,70,2,2
38351,105,96,9,9
38352,218,179,39,39
38353,56,64,-8,8
38354,100,101,-1,1
38355,123,127,-4,4
38356,130,115,15,15
38357,63,59,4,4
38358,89,87,2,2
38359,60,70,-10,10
38360,65,77,-12,12
38361,118,108,10,10
38362,86,87,-1,1
38363,166,154,12,12
38364,106,100,6,6
38365,58,64,-6,6
38366,141,116,25,25
38367,96,90,6,6
38368,106,93,13,13
38369,110,109,1,1
38370,64,62,2,2
38371,83,80,3,3
38372,92,104,-12,12
38373,70,68,2,2
38374,122,115,7,7
38375,86,85,1,1
38376,105,89,16,16
38377,99,98,1,1
38378,57,53,4,4
38379,79,77,2,2
38380,59,57,2,2
38381,70,72,-2,2
38382,104,94,10,10
38383,86,85,1,1
38384,112,113,-1,1
38385,102,100,2,2
38386,63,66,-3,3
38387,118,106,12,12
38388,63,61,2,2
38389,104,117,-13,13
38390,86,88,-2,2
38391,167,143,24,24
38392,164,142,22,22
38393,85,84,1,1
38394,111,108,3,3
38395,121,107,14,14
38396,94,85,9,9
38397,77,82,-5,5
38398,35,38,-3,3
38399,95,87,8,8
38400,133,125,8,8
38401,85,85,0,0
38402,67,59,8,8
38403,114,107,7,7
38404,157,134,23,23
38405,157,136,21,21
38406,94,97,-3,3
38407,54,64,-10,10
38408,64,60,4,4
38409,109,100,9,9
38410,71,71,0,0
38411,73,77,-4,4
38412,76,81,-5,5
38413,130,108,22,22
38414,79,74,5,5
38415,142,139,3,3
38416,89,82,7,7
38417,105,103,2,2
38418,78,85,-7,7
38419,64,63,1,1
38420,63,69,-6,6
38421,89,86,3,3
38422,171,151,20,20
38423,111,95,16,16
38424,86,75,11,11
38425,102,97,5,5
38426,61,66,-5,5
38427,85,85,0,0
38428,134,111,23,23
38429,81,80,1,1
38430,142,128,14,14
38431,80,73,7,7
38432,83,80,3,3
38433,121,108,13,13
38434,67,57,10,10
38435,100,108,-8,8
38436,129,119,10,10
38437,102,105,-3,3
38438,126,113,13,13
38439,98,93,5,5
38440,63,58,5,5
38441,72,76,-4,4
38442,88,92,-4,4
38443,64,69,-5,5
38444,107,110,-3,3
38445,89,80,9,9
38446,93,89,4,4
38447,146,127,19,19
38448,101,101,0,0
38449,87,82,5,5
38450,97,91,6,6
38451,78,63,15,15
38452,130,106,24,24
38453,85,73,12,12
38454,77,73,4,4
38455,44,52,-8,8
38456,96,88,8,8
38457,89,82,7,7
38458,117,109,8,8
38459,41,44,-3,3
38460,113,109,4,4
38461,103,83,20,20
38462,161,134,27,27
38463,196,171,25,25
38464,64,52,12,12
38465,82,75,7,7
38466,66,89,-23,23
38467,80,73,7,7
38468,54,60,-6,6
38469,104,101,3,3
38470,55,52,3,3
38471,57,56,1,1
38472,49,56,-7,7
38473,70,71,-1,1
38474,74,80,-6,6
38475,33,36,-3,3
38476,83,85,-2,2
38477,89,85,4,4
38478,102,90,12,12
38479,156,150,6,6
38480,36,50,-14,14
38481,62,60,2,2
38482,102,92,10,10
38483,87,91,-4,4
38484,50,50,0,0
38485,89,94,-5,5
38486,100,91,9,9
38487,98,82,16,16
38488,56,59,-3,3
38489,75,69,6,6
38490,98,81,17,17
38491,117,103,14,14
38492,235,189,46,46
38493,54,56,-2,2
38494,68,61,7,7
38495,116,114,2,2
38496,32,37,-5,5
38497,55,53,2,2
38498,82,81,1,1
38499,119,110,9,9
38500,183,167,16,16
38501,112,81,31,31
38502,57,67,-10,10
38503,120,112,8,8
38504,77,81,-4,4
38505,68,75,-7,7
38506,126,111,15,15
38507,68,59,9,9
38508,103,89,14,14
38509,110,108,2,2
38510,122,99,23,23
38511,100,107,-7,7
38512,74,72,2,2
38513,185,145,40,40
38514,118,118,0,0
38515,41,46,-5,5
38516,91,90,1,1
38517,83,77,6,6
38518,79,81,-2,2
38519,82,72,10,10
38520,84,89,-5,5
38521,70,63,7,7
38522,97,98,-1,1
38523,99,94,5,5
38524,108,100,8,8
38525,85,80,5,5
38526,132,117,15,15
38527,99,91,8,8
38528,62,57,5,5
38529,80,80,0,0
38530,96,86,10,10
38531,98,88,10,10
38532,109,105,4,4
38533,124,119,5,5
38534,101,106,-5,5
38535,118,113,5,5
38536,57,58,-1,1
38537,79,81,-2,2
38538,86,87,-1,1
38539,77,76,1,1
38540,132,111,21,21
38541,74,63,11,11
38542,108,97,11,11
38543,137,115,22,22
38544,102,98,4,4
38545,150,131,19,19
38546,51,52,-1,1
38547,77,73,4,4
38548,59,54,5,5
38549,42,40,2,2
38550,141,130,11,11
38551,132,116,16,16
38552,67,62,5,5
38553,108,99,9,9
38554,144,137,7,7
38555,69,70,-1,1
38556,85,81,4,4
38557,64,63,1,1
38558,65,67,-2,2
38559,221,193,28,28
38560,70,74,-4,4
38561,56,55,1,1
38562,62,65,-3,3
38563,88,97,-9,9
38564,108,107,1,1
38565,178,147,31,31
38566,74,70,4,4
38567,85,91,-6,6
38568,61,69,-8,8
38569,111,79,32,32
38570,103,106,-3,3
38571,110,103,7,7
38572,74,70,4,4
38573,172,154,18,18
38574,87,94,-7,7
38575,141,133,8,8
38576,86,79,7,7
38577,89,96,-7,7
38578,106,86,20,20
38579,103,96,7,7
38580,115,95,20,20
38581,61,58,3,3
38582,102,99,3,3
38583,64,66,-2,2
38584,121,107,14,14
38585,61,67,-6,6
38586,75,69,6,6
38587,43,41,2,2
38588,84,81,3,3
38589,118,107,11,11
38590,50,42,8,8
38591,81,70,11,11
38592,160,139,21,21
38593,121,104,17,17
38594,77,82,-5,5
38595,124,113,11,11
38596,140,118,22,22
38597,56,60,-4,4
38598,92,81,11,11
38599,99,91,8,8
38600,169,150,19,19
38601,102,106,-4,4
38602,149,132,17,17
38603,161,156,5,5
38604,73,76,-3,3
38605,81,81,0,0
38606,76,76,0,0
38607,131,115,16,16
38608,155,145,10,10
38609,87,88,-1,1
38610,62,61,1,1
38611,87,74,13,13
38612,78,83,-5,5
38613,74,74,0,0
38614,49,71,-22,22
38615,92,85,7,7
38616,133,119,14,14
38617,149,132,17,17
38618,120,115,5,5
38619,89,80,9,9
38620,102,93,9,9
38621,62,55,7,7
38622,57,46,11,11
38623,43,61,-18,18
38624,72,71,1,1
38625,58,60,-2,2
38626,66,61,5,5
38627,73,75,-2,2
38628,112,92,20,20
38629,158,131,27,27
38630,70,79,-9,9
38631,136,120,16,16
38632,85,78,7,7
38633,37,50,-13,13
38634,87,89,-2,2
38635,130,127,3,3
38636,88,86,2,2
38637,57,60,-3,3
38638,117,108,9,9
38639,105,94,11,11
38640,75,78,-3,3
38641,153,142,11,11
38642,90,95,-5,5
38643,130,111,19,19
38644,86,86,0,0
38645,124,122,2,2
38646,83,80,3,3
38647,145,118,27,27
38648,77,80,-3,3
38649,64,63,1,1
38650,129,121,8,8
38651,109,107,2,2
38652,94,84,10,10
38653,84,80,4,4
38654,64,64,0,0
38655,90,86,4,4
38656,171,151,20,20
38657,93,93,0,0
38658,121,116,5,5
38659,72,78,-6,6
38660,72,82,-10,10
38661,85,83,2,2
38662,86,77,9,9
38663,93,95,-2,2
38664,94,79,15,15
38665,118,115,3,3
38666,72,62,10,10
38667,64,63,1,1
38668,127,102,25,25
38669,64,62,2,2
38670,75,74,1,1
38671,57,62,-5,5
38672,61,63,-2,2
38673,74,85,-11,11
38674,53,68,-15,15
38675,80,80,0,0
38676,83,80,3,3
38677,124,110,14,14
38678,81,88,-7,7
38679,84,90,-6,6
38680,128,109,19,19
38681,93,91,2,2
38682,79,81,-2,2
38683,81,94,-13,13
38684,81,79,2,2
38685,104,101,3,3
38686,82,80,2,2
38687,84,70,14,14
38688,71,72,-1,1
38689,62,62,0,0
38690,66,70,-4,4
38691,63,64,-1,1
38692,77,81,-4,4
38693,56,60,-4,4
38694,155,136,19,19
38695,143,124,19,19
38696,75,72,3,3
38697,92,96,-4,4
38698,108,98,10,10
38699,105,98,7,7
38700,63,60,3,3
38701,117,112,5,5
38702,123,102,21,21
38703,69,72,-3,3
38704,119,117,2,2
38705,92,97,-5,5
38706,94,83,11,11
38707,80,80,0,0
38708,101,92,9,9
38709,150,132,18,18
38710,92,84,8,8
38711,97,91,6,6
38712,100,94,6,6
38713,74,85,-11,11
38714,157,141,16,16
38715,65,71,-6,6
38716,97,91,6,6
38717,79,77,2,2
38718,86,81,5,5
38719,91,82,9,9
38720,51,53,-2,2
38721,110,105,5,5
38722,106,102,4,4
38723,50,56,-6,6
38724,76,70,6,6
38725,126,115,11,11
38726,73,71,2,2
38727,80,82,-2,2
38728,90,81,9,9
38729,94,80,14,14
38730,99,95,4,4
38731,140,117,23,23
38732,92,88,4,4
38733,96,94,2,2
38734,107,100,7,7
38735,120,101,19,19
38736,141,126,15,15
38737,58,62,-4,4
38738,99,93,6,6
38739,75,73,2,2
38740,118,102,16,16
38741,93,89,4,4
38742,104,89,15,15
38743,81,81,0,0
38744,107,98,9,9
38745,91,103,-12,12
38746,87,85,2,2
38747,53,60,-7,7
38748,147,129,18,18
38749,108,93,15,15
38750,76,72,4,4
38751,59,59,0,0
38752,85,89,-4,4
38753,82,86,-4,4
38754,57,61,-4,4
38755,37,46,-9,9
38756,129,121,8,8
38757,57,55,2,2
38758,67,71,-4,4
38759,76,74,2,2
38760,85,80,5,5
38761,130,111,19,19
38762,106,99,7,7
38763,104,109,-5,5
38764,88,87,1,1
38765,65,62,3,3
38766,75,74,1,1
38767,145,125,20,20
38768,149,131,18,18
38769,44,49,-5,5
38770,69,64,5,5
38771,93,92,1,1
38772,78,75,3,3
38773,63,67,-4,4
38774,78,81,-3,3
38775,85,81,4,4
38776,55,56,-1,1
38777,73,87,-14,14
38778,107,99,8,8
38779,131,115,16,16
38780,87,85,2,2
38781,40,52,-12,12
38782,139,112,27,27
38783,85,89,-4,4
38784,163,153,10,10
38785,64,71,-7,7
38786,193,167,26,26
38787,86,93,-7,7
38788,98,98,0,0
38789,51,59,-8,8
38790,128,117,11,11
38791,141,117,24,24
38792,84,79,5,5
38793,142,129,13,13
38794,59,65,-6,6
38795,108,97,11,11
38796,39,47,-8,8
38797,156,139,17,17
38798,107,107,0,0
38799,99,102,-3,3
38800,166,142,24,24
38801,85,81,4,4
38802,84,83,1,1
38803,98,93,5,5
38804,76,70,6,6
38805,138,119,19,19
38806,93,86,7,7
38807,182,145,37,37
38808,149,120,29,29
38809,132,107,25,25
38810,127,110,17,17
38811,70,70,0,0
38812,57,59,-2,2
38813,176,162,14,14
38814,68,69,-1,1
38815,46,50,-4,4
38816,66,67,-1,1
38817,113,112,1,1
38818,135,126,9,9
38819,48,48,0,0
38820,135,121,14,14
38821,70,71,-1,1
38822,91,91,0,0
38823,125,111,14,14
38824,109,91,18,18
38825,53,59,-6,6
38826,91,84,7,7
38827,70,70,0,0
38828,65,71,-6,6
38829,125,105,20,20
38830,72,74,-2,2
38831,103,96,7,7
38832,103,83,20,20
38833,101,79,22,22
38834,117,117,0,0
38835,63,61,2,2
38836,164,149,15,15
38837,57,65,-8,8
38838,120,114,6,6
38839,133,118,15,15
38840,83,84,-1,1
38841,64,69,-5,5
38842,102,93,9,9
38843,70,67,3,3
38844,124,121,3,3
38845,106,92,14,14
38846,156,136,20,20
38847,67,70,-3,3
38848,147,135,12,12
38849,113,111,2,2
38850,121,113,8,8
38851,97,90,7,7
38852,59,69,-10,10
38853,50,60,-10,10
38854,118,99,19,19
38855,56,59,-3,3
38856,87,79,8,8
38857,89,94,-5,5
38858,65,70,-5,5
38859,62,63,-1,1
38860,138,126,12,12
38861,149,134,15,15
38862,69,62,7,7
38863,76,84,-8,8
38864,65,73,-8,8
38865,70,67,3,3
38866,133,127,6,6
38867,77,75,2,2
38868,93,91,2,2
38869,105,117,-12,12
38870,67,73,-6,6
38871,84,81,3,3
38872,83,90,-7,7
38873,46,45,1,1
38874,102,93,9,9
38875,80,74,6,6
38876,106,100,6,6
38877,91,92,-1,1
38878,70,63,7,7
38879,213,179,34,34
38880,84,85,-1,1
38881,124,100,24,24
38882,113,103,10,10
38883,89,91,-2,2
38884,112,102,10,10
38885,78,73,5,5
38886,60,59,1,1
38887,119,101,18,18
38888,58,61,-3,3
38889,109,93,16,16
38890,113,125,-12,12
38891,101,84,17,17
38892,61,58,3,3
38893,76,79,-3,3
38894,84,80,4,4
38895,86,90,-4,4
38896,108,94,14,14
38897,102,89,13,13
38898,151,137,14,14
38899,66,68,-2,2
38900,71,67,4,4
38901,66,71,-5,5
38902,131,121,10,10
38903,49,51,-2,2
38904,99,97,2,2
38905,69,77,-8,8
38906,72,61,11,11
38907,179,146,33,33
38908,152,133,19,19
38909,70,71,-1,1
38910,63,68,-5,5
38911,104,101,3,3
38912,22,36,-14,14
38913,105,94,11,11
38914,174,156,18,18
38915,123,115,8,8
38916,34,42,-8,8
38917,76,81,-5,5
38918,114,102,12,12
38919,84,96,-12,12
38920,114,95,19,19
38921,236,185,51,51
38922,86,89,-3,3
38923,91,83,8,8
38924,109,102,7,7
38925,99,87,12,12
38926,79,69,10,10
38927,51,58,-7,7
38928,201,167,34,34
38929,60,61,-1,1
38930,89,89,0,0
38931,84,81,3,3
38932,40,45,-5,5
38933,68,67,1,1
38934,58,60,-2,2
38935,73,69,4,4
38936,121,115,6,6
38937,55,51,4,4
38938,91,89,2,2
38939,57,62,-5,5
38940,68,61,7,7
38941,93,75,18,18
38942,59,64,-5,5
38943,76,69,7,7
38944,99,99,0,0
38945,85,100,-15,15
38946,113,96,17,17
38947,107,90,17,17
38948,184,156,28,28
38949,80,79,1,1
38950,99,91,8,8
38951,180,149,31,31
38952,94,98,-4,4
38953,37,40,-3,3
38954,59,69,-10,10
38955,65,62,3,3
38956,93,91,2,2
38957,88,92,-4,4
38958,92,90,2,2
38959,128,105,23,23
38960,111,106,5,5
38961,128,154,-26,26
38962,48,50,-2,2
38963,116,116,0,0
38964,54,50,4,4
38965,57,68,-11,11
38966,61,67,-6,6
38967,79,79,0,0
38968,61,59,2,2
38969,122,110,12,12
38970,89,82,7,7
38971,121,108,13,13
38972,119,107,12,12
38973,108,108,0,0
38974,100,98,2,2
38975,58,58,0,0
38976,106,90,16,16
38977,88,87,1,1
38978,103,88,15,15
38979,31,37,-6,6
38980,34,57,-23,23
38981,87,83,4,4
38982,111,106,5,5
38983,101,96,5,5
38984,41,42,-1,1
38985,60,67,-7,7
38986,115,107,8,8
38987,136,127,9,9
38988,74,69,5,5
38989,84,75,9,9
38990,110,102,8,8
38991,73,74,-1,1
38992,126,115,11,11
38993,77,71,6,6
38994,129,115,14,14
38995,123,119,4,4
38996,99,87,12,12
38997,88,66,22,22
38998,61,70,-9,9
38999,74,75,-1,1
39000,107,97,10,10
39001,122,107,15,15
39002,60,63,-3,3
39003,188,163,25,25
39004,84,77,7,7
39005,146,131,15,15
39006,154,140,14,14
39007,114,111,3,3
39008,117,102,15,15
39009,163,150,13,13
39010,74,73,1,1
39011,113,100,13,13
39012,68,73,-5,5
39013,137,122,15,15
39014,86,87,-1,1
39015,136,126,10,10
39016,77,73,4,4
39017,156,136,20,20
39018,146,127,19,19
39019,62,59,3,3
39020,66,73,-7,7
39021,121,112,9,9
39022,161,134,27,27
39023,102,104,-2,2
39024,67,58,9,9
39025,129,119,10,10
39026,120,120,0,0
39027,174,157,17,17
39028,179,154,25,25
39029,92,83,9,9
39030,112,107,5,5
39031,110,95,15,15
39032,97,93,4,4
39033,68,63,5,5
39034,117,113,4,4
39035,155,129,26,26
39036,60,61,-1,1
39037,167,131,36,36
39038,115,103,12,12
39039,134,124,10,10
39040,48,55,-7,7
39041,89,81,8,8
39042,42,56,-14,14
39043,31,46,-15,15
39044,105,94,11,11
39045,138,120,18,18
39046,97,86,11,11
39047,83,83,0,0
39048,54,57,-3,3
39049,65,65,0,0
39050,94,95,-1,1
39051,86,83,3,3
39052,88,91,-3,3
39053,63,61,2,2
39054,144,129,15,15
39055,62,61,1,1
39056,63,76,-13,13
39057,98,90,8,8
39058,60,61,-1,1
39059,49,54,-5,5
39060,96,86,10,10
39061,71,77,-6,6
39062,120,107,13,13
39063,150,121,29,29
39064,80,78,2,2
39065,58,60,-2,2
39066,64,71,-7,7
39067,140,125,15,15
39068,124,114,10,10
39069,97,86,11,11
39070,161,128,33,33
39071,50,61,-11,11
39072,101,104,-3,3
39073,44,55,-11,11
39074,99,97,2,2
39075,171,139,32,32
39076,43,50,-7,7
39077,93,98,-5,5
39078,139,123,16,16
39079,120,107,13,13
39080,98,101,-3,3
39081,101,100,1,1
39082,80,73,7,7
39083,63,60,3,3
39084,149,137,12,12
39085,132,113,19,19
39086,71,72,-1,1
39087,92,98,-6,6
39088,61,72,-11,11
39089,110,104,6,6
39090,67,68,-1,1
39091,38,62,-24,24
39092,89,101,-12,12
39093,86,84,2,2
39094,157,151,6,6
39095,63,71,-8,8
39096,56,61,-5,5
39097,96,95,1,1
39098,58,63,-5,5
39099,164,144,20,20
39100,107,99,8,8
39101,131,107,24,24
39102,119,105,14,14
39103,103,98,5,5
39104,58,60,-2,2
39105,158,126,32,32
39106,148,124,24,24
39107,107,103,4,4
39108,108,90,18,18
39109,85,74,11,11
39110,76,80,-4,4
39111,72,66,6,6
39112,133,124,9,9
39113,71,72,-1,1
39114,90,81,9,9
39115,105,101,4,4
39116,107,103,4,4
39117,84,79,5,5
39118,67,72,-5,5
39119,154,134,20,20
39120,63,77,-14,14
39121,182,150,32,32
39122,130,114,16,16
39123,126,119,7,7
39124,135,121,14,14
39125,86,83,3,3
39126,90,91,-1,1
39127,69,66,3,3
39128,99,97,2,2
39129,81,87,-6,6
39130,92,89,3,3
39131,83,80,3,3
39132,76,72,4,4
39133,79,70,9,9
39134,59,63,-4,4
39135,100,93,7,7
39136,60,68,-8,8
39137,76,79,-3,3
39138,110,92,18,18
39139,112,102,10,10
39140,93,93,0,0
39141,101,96,5,5
39142,107,104,3,3
39143,180,155,25,25
39144,109,102,7,7
39145,85,77,8,8
39146,123,110,13,13
39147,90,88,2,2
39148,118,108,10,10
39149,108,97,11,11
39150,95,87,8,8
39151,119,106,13,13
39152,115,93,22,22
39153,145,124,21,21
39154,46,57,-11,11
39155,59,66,-7,7
39156,127,125,2,2
39157,114,108,6,6
39158,101,96,5,5
39159,134,123,11,11
39160,99,94,5,5
39161,143,123,20,20
39162,136,118,18,18
39163,152,136,16,16
39164,103,96,7,7
39165,79,75,4,4
39166,83,78,5,5
39167,125,104,21,21
39168,74,88,-14,14
39169,44,49,-5,5
39170,100,99,1,1
39171,111,102,9,9
39172,65,61,4,4
39173,102,94,8,8
39174,109,99,10,10
39175,80,71,9,9
39176,117,109,8,8
39177,121,107,14,14
39178,154,132,22,22
39179,55,58,-3,3
39180,90,88,2,2
39181,137,108,29,29
39182,53,54,-1,1
39183,137,124,13,13
39184,64,66,-2,2
39185,133,112,21,21
39186,38,35,3,3
39187,105,86,19,19
39188,45,48,-3,3
39189,133,111,22,22
39190,121,112,9,9
39191,138,117,21,21
39192,84,73,11,11
39193,79,77,2,2
39194,48,55,-7,7
39195,51,63,-12,12
39196,90,86,4,4
39197,79,74,5,5
39198,73,71,2,2
39199,82,71,11,11
39200,90,91,-1,1
39201,98,75,23,23
39202,56,58,-2,2
39203,100,90,10,10
39204,55,69,-14,14
39205,116,116,0,0
39206,61,62,-1,1
39207,77,72,5,5
39208,131,118,13,13
39209,115,115,0,0
39210,94,82,12,12
39211,80,76,4,4
39212,57,62,-5,5
39213,112,101,11,11
39214,98,91,7,7
39215,136,131,5,5
39216,125,103,22,22
39217,90,93,-3,3
39218,81,81,0,0
39219,123,114,9,9
39220,114,112,2,2
39221,35,49,-14,14
39222,55,57,-2,2
39223,110,99,11,11
39224,52,57,-5,5
39225,191,158,33,33
39226,48,59,-11,11
39227,70,62,8,8
39228,116,106,10,10
39229,114,108,6,6
39230,71,72,-1,1
39231,130,107,23,23
39232,92,88,4,4
39233,111,108,3,3
39234,150,135,15,15
39235,112,121,-9,9
39236,85,82,3,3
39237,75,73,2,2
39238,64,66,-2,2
39239,65,65,0,0
39240,164,144,20,20
39241,63,44,19,19
39242,105,98,7,7
39243,96,91,5,5
39244,102,87,15,15
39245,84,74,10,10
39246,72,80,-8,8
39247,118,114,4,4
39248,110,102,8,8
39249,81,79,2,2
39250,109,107,2,2
39251,76,69,7,7
39252,64,62,2,2
39253,133,110,23,23
39254,143,118,25,25
39255,72,72,0,0
39256,74,79,-5,5
39257,41,44,-3,3
39258,65,65,0,0
39259,73,68,5,5
39260,63,70,-7,7
39261,175,146,29,29
39262,85,94,-9,9
39263,82,79,3,3
39264,48,53,-5,5
39265,97,86,11,11
39266,86,87,-1,1
39267,66,67,-1,1
39268,80,76,4,4
39269,84,84,0,0
39270,90,86,4,4
39271,76,82,-6,6
39272,90,87,3,3
39273,128,123,5,5
39274,76,83,-7,7
39275,84,81,3,3
39276,116,110,6,6
39277,72,79,-7,7
39278,88,82,6,6
39279,58,59,-1,1
39280,80,75,5,5
39281,122,106,16,16
39282,84,87,-3,3
39283,62,63,-1,1
39284,78,73,5,5
39285,113,108,5,5
39286,152,134,18,18
39287,68,70,-2,2
39288,72,67,5,5
39289,104,100,4,4
39290,100,93,7,7
39291,92,82,10,10
39292,95,81,14,14
39293,66,63,3,3
39294,78,82,-4,4
39295,117,97,20,20
39296,109,86,23,23
39297,157,128,29,29
39298,100,82,18,18
39299,101,90,11,11
39300,68,62,6,6
39301,137,111,26,26
39302,144,138,6,6
39303,152,138,14,14
39304,121,102,19,19
39305,83,81,2,2
39306,86,97,-11,11
39307,72,65,7,7
39308,82,91,-9,9
39309,115,102,13,13
39310,44,45,-1,1
39311,130,127,3,3
39312,84,81,3,3
39313,104,98,6,6
39314,70,62,8,8
39315,152,122,30,30
39316,66,71,-5,5
39317,137,109,28,28
39318,86,81,5,5
39319,130,110,20,20
39320,105,96,9,9
39321,79,81,-2,2
39322,79,74,5,5
39323,68,67,1,1
39324,86,80,6,6
39325,90,91,-1,1
39326,174,143,31,31
39327,41,46,-5,5
39328,109,93,16,16
39329,98,87,11,11
39330,79,83,-4,4
39331,107,108,-1,1
39332,138,128,10,10
39333,49,43,6,6
39334,68,74,-6,6
39335,465,308,157,157
39336,102,85,17,17
39337,108,101,7,7
39338,98,97,1,1
39339,70,61,9,9
39340,90,86,4,4
39341,103,96,7,7
39342,84,72,12,12
39343,128,125,3,3
39344,205,170,35,35
39345,149,127,22,22
39346,51,55,-4,4
39347,64,65,-1,1
39348,155,134,21,21
39349,61,66,-5,5
39350,91,85,6,6
39351,69,73,-4,4
39352,51,63,-12,12
39353,59,59,0,0
39354,110,94,16,16
39355,145,119,26,26
39356,86,93,-7,7
39357,192,167,25,25
39358,80,69,11,11
39359,62,61,1,1
39360,116,109,7,7
39361,94,99,-5,5
39362,60,63,-3,3
39363,128,131,-3,3
39364,129,116,13,13
39365,111,106,5,5
39366,137,124,13,13
39367,164,137,27,27
39368,119,105,14,14
39369,90,87,3,3
39370,114,115,-1,1
39371,26,26,0,0
39372,107,104,3,3
39373,68,69,-1,1
39374,118,111,7,7
39375,124,112,12,12
39376,170,146,24,24
39377,61,67,-6,6
39378,136,124,12,12
39379,196,137,59,59
39380,87,73,14,14
39381,95,102,-7,7
39382,108,107,1,1
39383,151,135,16,16
39384,67,72,-5,5
39385,149,131,18,18
39386,113,101,12,12
39387,50,64,-14,14
39388,79,81,-2,2
39389,103,94,9,9
39390,80,73,7,7
39391,172,157,15,15
39392,105,106,-1,1
39393,82,82,0,0
39394,47,50,-3,3
39395,54,46,8,8
39396,80,73,7,7
39397,64,60,4,4
39398,150,127,23,23
39399,134,119,15,15
39400,61,71,-10,10
39401,108,99,9,9
39402,116,110,6,6
39403,101,111,-10,10
39404,81,79,2,2
39405,90,91,-1,1
39406,71,76,-5,5
39407,119,110,9,9
39408,133,124,9,9
39409,125,126,-1,1
39410,70,65,5,5
39411,182,155,27,27
39412,114,108,6,6
39413,136,129,7,7
39414,76,76,0,0
39415,114,98,16,16
39416,46,49,-3,3
39417,97,105,-8,8
39418,70,74,-4,4
39419,63,56,7,7
39420,100,90,10,10
39421,114,102,12,12
39422,52,52,0,0
39423,130,120,10,10
39424,108,91,17,17
39425,133,112,21,21
39426,26,36,-10,10
39427,75,76,-1,1
39428,112,115,-3,3
39429,73,67,6,6
39430,44,53,-9,9
39431,75,74,1,1
39432,93,91,2,2
39433,60,72,-12,12
39434,83,81,2,2
39435,140,120,20,20
39436,100,100,0,0
39437,107,94,13,13
39438,95,79,16,16
39439,111,94,17,17
39440,112,99,13,13
39441,67,72,-5,5
39442,52,54,-2,2
39443,113,98,15,15
39444,77,76,1,1
39445,135,122,13,13
39446,61,60,1,1
39447,58,70,-12,12
39448,60,63,-3,3
39449,100,94,6,6
39450,49,57,-8,8
39451,71,69,2,2
39452,104,99,5,5
39453,49,56,-7,7
39454,141,127,14,14
39455,113,107,6,6
39456,74,69,5,5
39457,135,125,10,10
39458,61,67,-6,6
39459,115,106,9,9
39460,89,92,-3,3
39461,76,75,1,1
39462,111,111,0,0
39463,61,69,-8,8
39464,54,54,0,0
39465,95,100,-5,5
39466,125,118,7,7
39467,168,152,16,16
39468,71,65,6,6
39469,80,78,2,2
39470,224,204,20,20
39471,87,88,-1,1
39472,65,68,-3,3
39473,130,127,3,3
39474,111,109,2,2
39475,76,70,6,6
39476,111,103,8,8
39477,88,92,-4,4
39478,97,93,4,4
39479,118,111,7,7
39480,93,80,13,13
39481,131,114,17,17
39482,82,81,1,1
39483,153,130,23,23
39484,76,79,-3,3
39485,105,105,0,0
39486,38,41,-3,3
39487,56,68,-12,12
39488,75,71,4,4
39489,40,36,4,4
39490,139,129,10,10
39491,78,89,-11,11
39492,72,72,0,0
39493,123,123,0,0
39494,71,68,3,3
39495,144,128,16,16
39496,51,55,-4,4
39497,63,67,-4,4
39498,51,58,-7,7
39499,98,92,6,6
39500,83,80,3,3
39501,75,85,-10,10
39502,108,102,6,6
39503,100,95,5,5
39504,61,57,4,4
39505,76,73,3,3
39506,156,195,-39,39
39507,69,69,0,0
39508,219,181,38,38
39509,112,105,7,7
39510,86,85,1,1
39511,53,55,-2,2
39512,108,99,9,9
39513,82,80,2,2
39514,89,79,10,10
39515,125,112,13,13
39516,96,104,-8,8
39517,113,103,10,10
39518,61,70,-9,9
39519,39,46,-7,7
39520,65,78,-13,13
39521,101,94,7,7
39522,188,151,37,37
39523,73,71,2,2
39524,51,64,-13,13
39525,126,115,11,11
39526,95,111,-16,16
39527,85,101,-16,16
39528,112,104,8,8
39529,117,112,5,5
39530,109,90,19,19
39531,47,57,-10,10
39532,63,72,-9,9
39533,92,91,1,1
39534,78,78,0,0
39535,100,92,8,8
39536,137,116,21,21
39537,163,144,19,19
39538,74,78,-4,4
39539,64,73,-9,9
39540,87,75,12,12
39541,87,85,2,2
39542,120,116,4,4
39543,129,111,18,18
39544,137,124,13,13
39545,65,65,0,0
39546,67,69,-2,2
39547,83,80,3,3
39548,91,87,4,4
39549,88,81,7,7
39550,47,49,-2,2
39551,119,110,9,9
39552,76,75,1,1
39553,96,90,6,6
39554,69,77,-8,8
39555,91,91,0,0
39556,95,91,4,4
39557,89,94,-5,5
39558,89,82,7,7
39559,106,99,7,7
39560,86,68,18,18
39561,119,101,18,18
39562,76,80,-4,4
39563,95,83,12,12
39564,93,86,7,7
39565,93,78,15,15
39566,87,84,3,3
39567,142,131,11,11
39568,81,82,-1,1
39569,54,50,4,4
39570,131,111,20,20
39571,53,56,-3,3
39572,132,120,12,12
39573,83,82,1,1
39574,77,69,8,8
39575,86,85,1,1
39576,135,115,20,20
39577,114,102,12,12
39578,75,83,-8,8
39579,62,73,-11,11
39580,96,87,9,9
39581,88,80,8,8
39582,58,60,-2,2
39583,55,59,-4,4
39584,70,69,1,1
39585,162,140,22,22
39586,98,88,10,10
39587,73,70,3,3
39588,52,59,-7,7
39589,86,81,5,5
39590,133,114,19,19
39591,102,98,4,4
39592,137,123,14,14
39593,58,57,1,1
39594,94,78,16,16
39595,158,134,24,24
39596,88,89,-1,1
39597,81,86,-5,5
39598,88,76,12,12
39599,170,160,10,10
39600,132,118,14,14
39601,160,148,12,12
39602,69,69,0,0
39603,78,76,2,2
39604,47,68,-21,21
39605,122,113,9,9
39606,46,49,-3,3
39607,81,81,0,0
39608,173,161,12,12
39609,36,102,-66,66
39610,84,76,8,8
39611,118,101,17,17
39612,113,97,16,16
39613,162,142,20,20
39614,98,99,-1,1
39615,96,89,7,7
39616,71,73,-2,2
39617,68,67,1,1
39618,85,80,5,5
39619,34,65,-31,31
39620,69,74,-5,5
39621,69,72,-3,3
39622,128,114,14,14
39623,99,97,2,2
39624,121,114,7,7
39625,179,148,31,31
39626,92,93,-1,1
39627,171,156,15,15
39628,94,94,0,0
39629,112,108,4,4
39630,79,74,5,5
39631,57,65,-8,8
39632,72,80,-8,8
39633,161,129,32,32
39634,132,119,13,13
39635,126,109,17,17
39636,78,81,-3,3
39637,72,67,5,5
39638,88,88,0,0
39639,93,88,5,5
39640,56,58,-2,2
39641,179,147,32,32
39642,99,92,7,7
39643,143,116,27,27
39644,25,33,-8,8
39645,85,79,6,6
39646,50,54,-4,4
39647,110,100,10,10
39648,133,117,16,16
39649,103,93,10,10
39650,149,136,13,13
39651,146,136,10,10
39652,65,71,-6,6
39653,117,122,-5,5
39654,53,54,-1,1
39655,155,127,28,28
39656,127,118,9,9
39657,87,85,2,2
39658,167,141,26,26
39659,74,70,4,4
39660,65,67,-2,2
39661,50,49,1,1
39662,109,103,6,6
39663,65,69,-4,4
39664,98,89,9,9
39665,128,116,12,12
39666,132,123,9,9
39667,174,160,14,14
39668,81,81,0,0
39669,69,72,-3,3
39670,77,71,6,6
39671,69,67,2,2
39672,68,71,-3,3
39673,132,122,10,10
39674,152,149,3,3
39675,87,85,2,2
39676,30,37,-7,7
39677,98,83,15,15
39678,99,90,9,9
39679,116,108,8,8
39680,100,96,4,4
39681,137,122,15,15
39682,63,67,-4,4
39683,82,84,-2,2
39684,99,106,-7,7
39685,58,62,-4,4
39686,68,72,-4,4
39687,121,106,15,15
39688,91,77,14,14
39689,61,79,-18,18
39690,46,49,-3,3
39691,107,109,-2,2
39692,80,79,1,1
39693,78,80,-2,2
39694,83,77,6,6
39695,139,125,14,14
39696,113,107,6,6
39697,109,106,3,3
39698,168,148,20,20
39699,148,128,20,20
39700,90,81,9,9
39701,49,56,-7,7
39702,91,96,-5,5
39703,48,49,-1,1
39704,99,97,2,2
39705,125,120,5,5
39706,77,90,-13,13
39707,89,83,6,6
39708,85,76,9,9
39709,85,80,5,5
39710,60,65,-5,5
39711,100,92,8,8
39712,61,66,-5,5
39713,87,84,3,3
39714,79,80,-1,1
39715,48,47,1,1
39716,90,94,-4,4
39717,85,80,5,5
39718,77,72,5,5
39719,56,61,-5,5
39720,55,58,-3,3
39721,148,129,19,19
39722,108,96,12,12
39723,69,65,4,4
39724,151,130,21,21
39725,98,82,16,16
39726,87,86,1,1
39727,76,73,3,3
39728,84,81,3,3
39729,39,46,-7,7
39730,105,99,6,6
39731,68,92,-24,24
39732,58,70,-12,12
39733,81,76,5,5
39734,108,103,5,5
39735,98,96,2,2
39736,148,131,17,17
39737,71,71,0,0
39738,108,96,12,12
39739,68,75,-7,7
39740,82,81,1,1
39741,159,129,30,30
39742,109,92,17,17
39743,113,99,14,14
39744,106,97,9,9
39745,124,103,21,21
39746,74,74,0,0
39747,23,26,-3,3
39748,94,83,11,11
39749,69,70,-1,1
39750,63,70,-7,7
39751,49,56,-7,7
39752,83,78,5,5
39753,65,64,1,1
39754,122,91,31,31
39755,110,104,6,6
39756,145,130,15,15
39757,128,104,24,24
39758,61,56,5,5
39759,135,116,19,19
39760,62,53,9,9
39761,143,111,32,32
39762,59,61,-2,2
39763,133,118,15,15
39764,84,88,-4,4
39765,127,114,13,13
39766,75,72,3,3
39767,128,116,12,12
39768,85,86,-1,1
39769,127,107,20,20
39770,66,72,-6,6
39771,45,42,3,3
39772,89,84,5,5
39773,82,78,4,4
39774,98,86,12,12
39775,51,59,-8,8
39776,112,106,6,6
39777,70,71,-1,1
39778,75,59,16,16
39779,97,95,2,2
39780,59,72,-13,13
39781,51,46,5,5
39782,53,53,0,0
39783,56,69,-13,13
39784,67,62,5,5
39785,66,72,-6,6
39786,89,85,4,4
39787,94,80,14,14
39788,77,81,-4,4
39789,41,45,-4,4
39790,85,81,4,4
39791,72,69,3,3
39792,108,104,4,4
39793,105,101,4,4
39794,67,69,-2,2
39795,97,91,6,6
39796,76,75,1,1
39797,133,131,2,2
39798,93,90,3,3
39799,40,48,-8,8
39800,66,64,2,2
39801,43,45,-2,2
39802,145,124,21,21
39803,135,109,26,26
39804,64,69,-5,5
39805,76,88,-12,12
39806,55,57,-2,2
39807,78,71,7,7
39808,103,96,7,7
39809,141,131,10,10
39810,152,138,14,14
39811,110,109,1,1
39812,122,109,13,13
39813,78,80,-2,2
39814,82,78,4,4
39815,104,92,12,12
39816,112,104,8,8
39817,69,67,2,2
39818,48,51,-3,3
39819,60,66,-6,6
39820,54,51,3,3
39821,128,112,16,16
39822,61,58,3,3
39823,108,115,-7,7
39824,86,83,3,3
39825,74,80,-6,6
39826,168,141,27,27
39827,76,74,2,2
39828,80,81,-1,1
39829,96,88,8,8
39830,74,71,3,3
39831,59,59,0,0
39832,143,130,13,13
39833,68,60,8,8
39834,76,75,1,1
39835,97,96,1,1
39836,66,69,-3,3
39837,94,91,3,3
39838,159,135,24,24
39839,76,67,9,9
39840,121,117,4,4
39841,123,116,7,7
39842,80,80,0,0
39843,77,76,1,1
39844,52,59,-7,7
39845,115,113,2,2
39846,180,142,38,38
39847,70,70,0,0
39848,79,82,-3,3
39849,112,97,15,15
39850,89,90,-1,1
39851,83,81,2,2
39852,108,107,1,1
39853,67,70,-3,3
39854,86,83,3,3
39855,82,85,-3,3
39856,156,139,17,17
39857,141,121,20,20
39858,154,133,21,21
39859,63,62,1,1
39860,52,55,-3,3
39861,122,104,18,18
39862,69,79,-10,10
39863,93,86,7,7
39864,106,105,1,1
39865,76,89,-13,13
39866,97,87,10,10
39867,96,90,6,6
39868,116,109,7,7
39869,98,93,5,5
39870,89,82,7,7
39871,137,127,10,10
39872,88,75,13,13
39873,115,106,9,9
39874,135,120,15,15
39875,99,98,1,1
39876,68,74,-6,6
39877,98,94,4,4
39878,119,105,14,14
39879,77,74,3,3
39880,74,81,-7,7
39881,115,103,12,12
39882,67,70,-3,3
39883,79,83,-4,4
39884,107,106,1,1
39885,83,84,-1,1
39886,74,80,-6,6
39887,160,140,20,20
39888,56,61,-5,5
39889,74,78,-4,4
39890,95,93,2,2
39891,141,136,5,5
39892,98,93,5,5
39893,84,83,1,1
39894,118,106,12,12
39895,58,54,4,4
39896,54,62,-8,8
39897,74,74,0,0
39898,69,71,-2,2
39899,123,103,20,20
39900,59,60,-1,1
39901,50,57,-7,7
39902,56,57,-1,1
39903,55,60,-5,5
39904,145,124,21,21
39905,89,83,6,6
39906,74,64,10,10
39907,67,70,-3,3
39908,100,100,0,0
39909,99,96,3,3
39910,64,67,-3,3
39911,49,59,-10,10
39912,144,130,14,14
39913,65,65,0,0
39914,57,56,1,1
39915,74,76,-2,2
39916,82,82,0,0
39917,80,73,7,7
39918,167,163,4,4
39919,55,48,7,7
39920,98,96,2,2
39921,69,70,-1,1
39922,60,61,-1,1
39923,149,132,17,17
39924,170,152,18,18
39925,56,60,-4,4
39926,120,111,9,9
39927,114,108,6,6
39928,123,113,10,10
39929,67,74,-7,7
39930,145,129,16,16
39931,72,72,0,0
39932,85,81,4,4
39933,117,106,11,11
39934,87,102,-15,15
39935,66,73,-7,7
39936,116,115,1,1
39937,53,64,-11,11
39938,109,100,9,9
39939,26,33,-7,7
39940,51,55,-4,4
39941,65,59,6,6
39942,89,80,9,9
39943,110,92,18,18
39944,70,73,-3,3
39945,46,49,-3,3
39946,119,109,10,10
39947,127,112,15,15
39948,95,85,10,10
39949,68,70,-2,2
39950,73,72,1,1
39951,112,99,13,13
39952,152,146,6,6
39953,83,82,1,1
39954,115,103,12,12
39955,131,100,31,31
39956,49,47,2,2
39957,118,96,22,22
39958,94,82,12,12
39959,120,115,5,5
39960,64,77,-13,13
39961,145,127,18,18
39962,63,66,-3,3
39963,62,62,0,0
39964,55,55,0,0
39965,113,113,0,0
39966,62,62,0,0
39967,80,73,7,7
39968,100,91,9,9
39969,72,77,-5,5
39970,75,73,2,2
39971,104,95,9,9
39972,56,50,6,6
39973,116,118,-2,2
39974,87,90,-3,3
39975,109,100,9,9
39976,107,105,2,2
39977,63,71,-8,8
39978,127,122,5,5
39979,124,103,21,21
39980,67,65,2,2
39981,229,163,66,66
39982,144,116,28,28
39983,110,105,5,5
39984,70,65,5,5
39985,102,93,9,9
39986,153,123,30,30
39987,82,81,1,1
39988,50,54,-4,4
39989,54,58,-4,4
39990,97,91,6,6
39991,75,78,-3,3
39992,83,79,4,4
39993,88,82,6,6
39994,129,112,17,17
39995,91,77,14,14
39996,115,96,19,19
39997,96,92,4,4
39998,177,159,18,18
39999,109,103,6,6
40000,91,86,5,5
40001,102,93,9,9
40002,75,69,6,6
40003,67,70,-3,3
40004,85,82,3,3
40005,133,118,15,15
40006,122,112,10,10
40007,99,92,7,7
40008,72,75,-3,3
40009,80,82,-2,2
40010,61,61,0,0
40011,118,103,15,15
40012,112,104,8,8
40013,69,76,-7,7
40014,156,137,19,19
40015,140,126,14,14
40016,55,57,-2,2
40017,85,88,-3,3
40018,104,92,12,12
40019,113,98,15,15
40020,61,70,-9,9
40021,110,106,4,4
40022,142,117,25,25
40023,93,87,6,6
40024,49,56,-7,7
40025,139,127,12,12
40026,42,47,-5,5
40027,80,74,6,6
40028,138,121,17,17
40029,148,133,15,15
40030,28,43,-15,15
40031,54,62,-8,8
40032,85,75,10,10
40033,84,80,4,4
40034,161,135,26,26
40035,80,77,3,3
40036,108,113,-5,5
40037,91,89,2,2
40038,92,81,11,11
40039,92,94,-2,2
40040,91,85,6,6
40041,146,122,24,24
40042,59,70,-11,11
40043,109,95,14,14
40044,67,70,-3,3
40045,89,87,2,2
40046,156,132,24,24
40047,106,95,11,11
40048,71,73,-2,2
40049,161,140,21,21
40050,97,92,5,5
40051,95,88,7,7
40052,128,121,7,7
40053,79,87,-8,8
40054,127,126,1,1
40055,88,89,-1,1
40056,63,62,1,1
40057,47,52,-5,5
40058,67,75,-8,8
40059,44,42,2,2
40060,70,65,5,5
40061,59,57,2,2
40062,115,108,7,7
40063,123,120,3,3
40064,49,50,-1,1
40065,81,77,4,4
40066,55,60,-5,5
40067,105,93,12,12
40068,120,115,5,5
40069,95,96,-1,1
40070,73,76,-3,3
40071,76,80,-4,4
40072,95,89,6,6
40073,35,40,-5,5
40074,85,77,8,8
40075,65,78,-13,13
40076,125,117,8,8
40077,62,59,3,3
40078,95,91,4,4
40079,139,123,16,16
40080,77,80,-3,3
40081,65,66,-1,1
40082,53,58,-5,5
40083,83,74,9,9
40084,62,54,8,8
40085,74,70,4,4
40086,32,38,-6,6
40087,67,66,1,1
40088,134,110,24,24
40089,78,82,-4,4
40090,88,83,5,5
40091,81,83,-2,2
40092,60,68,-8,8
40093,117,99,18,18
40094,61,67,-6,6
40095,147,132,15,15
40096,217,177,40,40
40097,84,82,2,2
40098,67,66,1,1
40099,158,158,0,0
40100,51,63,-12,12
40101,91,89,2,2
40102,72,69,3,3
40103,121,116,5,5
40104,76,70,6,6
40105,117,106,11,11
40106,63,64,-1,1
40107,82,84,-2,2
40108,87,93,-6,6
40109,77,74,3,3
40110,67,72,-5,5
40111,129,101,28,28
40112,56,58,-2,2
40113,60,68,-8,8
40114,130,111,19,19
40115,106,107,-1,1
40116,73,69,4,4
40117,89,82,7,7
40118,85,87,-2,2
40119,71,66,5,5
40120,206,188,18,18
40121,142,137,5,5
40122,106,102,4,4
40123,98,93,5,5
40124,60,71,-11,11
40125,113,108,5,5
40126,57,62,-5,5
40127,73,65,8,8
40128,186,142,44,44
40129,87,91,-4,4
40130,122,107,15,15
40131,80,86,-6,6
40132,130,113,17,17
40133,106,96,10,10
40134,175,175,0,0
40135,135,124,11,11
40136,115,105,10,10
40137,80,77,3,3
40138,125,105,20,20
40139,85,90,-5,5
40140,85,78,7,7
40141,143,125,18,18
40142,92,87,5,5
40143,74,63,11,11
40144,66,77,-11,11
40145,68,69,-1,1
40146,103,93,10,10
40147,82,80,2,2
40148,57,57,0,0
40149,102,104,-2,2
40150,117,110,7,7
40151,79,81,-2,2
40152,179,139,40,40
40153,111,112,-1,1
40154,59,63,-4,4
40155,90,84,6,6
40156,82,99,-17,17
40157,120,111,9,9
40158,89,87,2,2
40159,76,75,1,1
40160,74,70,4,4
40161,54,57,-3,3
40162,51,58,-7,7
40163,71,74,-3,3
40164,116,94,22,22
40165,84,77,7,7
40166,107,94,13,13
40167,83,78,5,5
40168,170,143,27,27
40169,118,111,7,7
40170,115,102,13,13
40171,78,86,-8,8
40172,155,134,21,21
40173,143,135,8,8
40174,80,84,-4,4
40175,64,74,-10,10
40176,97,83,14,14
40177,92,93,-1,1
40178,63,69,-6,6
40179,196,156,40,40
40180,70,77,-7,7
40181,95,91,4,4
40182,73,75,-2,2
40183,64,73,-9,9
40184,86,93,-7,7
40185,93,95,-2,2
40186,81,78,3,3
40187,132,99,33,33
40188,89,75,14,14
40189,80,71,9,9
40190,61,63,-2,2
40191,148,138,10,10
40192,104,95,9,9
40193,105,99,6,6
40194,94,85,9,9
40195,72,76,-4,4
40196,71,70,1,1
40197,115,105,10,10
40198,100,94,6,6
40199,64,63,1,1
40200,88,89,-1,1
40201,175,164,11,11
40202,153,144,9,9
40203,58,57,1,1
40204,143,136,7,7
40205,49,48,1,1
40206,62,59,3,3
40207,72,71,1,1
40208,112,105,7,7
40209,90,84,6,6
40210,88,82,6,6
40211,92,85,7,7
40212,25,32,-7,7
40213,97,93,4,4
40214,133,113,20,20
40215,86,87,-1,1
40216,81,77,4,4
40217,164,140,24,24
40218,64,60,4,4
40219,79,76,3,3
40220,108,104,4,4
40221,62,69,-7,7
40222,84,81,3,3
40223,187,167,20,20
40224,70,79,-9,9
40225,119,105,14,14
40226,86,97,-11,11
40227,118,104,14,14
40228,79,81,-2,2
40229,77,75,2,2
40230,85,87,-2,2
40231,107,92,15,15
40232,76,76,0,0
40233,54,50,4,4
40234,66,64,2,2
40235,64,73,-9,9
40236,56,56,0,0
40237,147,137,10,10
40238,92,82,10,10
40239,119,104,15,15
40240,61,70,-9,9
40241,112,98,14,14
40242,116,112,4,4
40243,68,74,-6,6
40244,153,137,16,16
40245,114,116,-2,2
40246,115,106,9,9
40247,91,88,3,3
40248,68,70,-2,2
40249,111,99,12,12
40250,79,69,10,10
40251,57,67,-10,10
40252,114,107,7,7
40253,66,71,-5,5
40254,96,81,15,15
40255,83,89,-6,6
40256,93,81,12,12
40257,83,77,6,6
40258,80,73,7,7
40259,82,80,2,2
40260,114,109,5,5
40261,49,59,-10,10
40262,67,74,-7,7
40263,79,76,3,3
40264,77,76,1,1
40265,64,68,-4,4
40266,177,152,25,25
40267,71,76,-5,5
40268,99,88,11,11
40269,90,83,7,7
40270,107,99,8,8
40271,103,89,14,14
40272,144,127,17,17
40273,81,77,4,4
40274,69,72,-3,3
40275,63,79,-16,16
40276,105,100,5,5
40277,100,87,13,13
40278,118,113,5,5
40279,89,80,9,9
40280,90,84,6,6
40281,88,88,0,0
40282,69,66,3,3
40283,59,56,3,3
40284,84,80,4,4
40285,143,131,12,12
40286,112,114,-2,2
40287,143,141,2,2
40288,78,83,-5,5
40289,38,46,-8,8
40290,107,92,15,15
40291,57,60,-3,3
40292,62,91,-29,29
40293,79,80,-1,1
40294,72,74,-2,2
40295,85,80,5,5
40296,83,83,0,0
40297,69,69,0,0
40298,62,60,2,2
40299,80,83,-3,3
40300,55,66,-11,11
40301,77,70,7,7
40302,77,87,-10,10
40303,81,90,-9,9
40304,88,81,7,7
40305,75,82,-7,7
40306,103,100,3,3
40307,63,60,3,3
40308,115,97,18,18
40309,149,139,10,10
40310,48,48,0,0
40311,67,62,5,5
40312,167,133,34,34
40313,116,108,8,8
40314,40,49,-9,9
40315,93,92,1,1
40316,98,88,10,10
40317,105,92,13,13
40318,150,126,24,24
40319,174,133,41,41
40320,156,129,27,27
40321,61,93,-32,32
40322,124,119,5,5
40323,61,59,2,2
40324,58,60,-2,2
40325,147,135,12,12
40326,80,87,-7,7
40327,115,98,17,17
40328,139,129,10,10
40329,73,72,1,1
40330,208,178,30,30
40331,92,94,-2,2
40332,63,57,6,6
40333,126,107,19,19
40334,31,35,-4,4
40335,55,72,-17,17
40336,154,133,21,21
40337,110,102,8,8
40338,62,60,2,2
40339,124,107,17,17
40340,81,74,7,7
40341,78,68,10,10
40342,122,123,-1,1
40343,110,111,-1,1
40344,100,85,15,15
40345,112,104,8,8
40346,58,56,2,2
40347,92,86,6,6
40348,143,128,15,15
40349,76,74,2,2
40350,62,70,-8,8
40351,72,73,-1,1
40352,96,94,2,2
40353,98,92,6,6
40354,209,166,43,43
40355,81,77,4,4
40356,65,71,-6,6
40357,111,97,14,14
40358,158,133,25,25
40359,106,105,1,1
40360,124,109,15,15
40361,90,82,8,8
40362,95,90,5,5
40363,86,87,-1,1
40364,89,83,6,6
40365,59,70,-11,11
40366,132,112,20,20
40367,91,74,17,17
40368,90,82,8,8
40369,85,82,3,3
40370,77,87,-10,10
40371,68,61,7,7
40372,77,83,-6,6
40373,125,119,6,6
40374,53,51,2,2
40375,100,99,1,1
40376,128,120,8,8
40377,78,71,7,7
40378,73,87,-14,14
40379,79,78,1,1
40380,89,86,3,3
40381,101,96,5,5
40382,93,102,-9,9
40383,93,90,3,3
40384,62,64,-2,2
40385,113,103,10,10
40386,117,107,10,10
40387,133,117,16,16
40388,107,107,0,0
40389,64,84,-20,20
40390,48,60,-12,12
40391,103,100,3,3
40392,91,91,0,0
40393,121,120,1,1
40394,109,101,8,8
40395,92,86,6,6
40396,118,101,17,17
40397,82,84,-2,2
40398,76,69,7,7
40399,98,87,11,11
40400,118,101,17,17
40401,124,119,5,5
40402,120,93,27,27
40403,85,87,-2,2
40404,112,102,10,10
40405,88,88,0,0
40406,65,59,6,6
40407,48,50,-2,2
40408,66,76,-10,10
40409,106,81,25,25
40410,174,130,44,44
40411,161,138,23,23
40412,42,74,-32,32
40413,65,72,-7,7
40414,47,55,-8,8
40415,100,104,-4,4
40416,91,89,2,2
40417,59,62,-3,3
40418,77,83,-6,6
40419,83,79,4,4
40420,91,86,5,5
40421,91,84,7,7
40422,163,144,19,19
40423,89,81,8,8
40424,144,133,11,11
40425,107,106,1,1
40426,75,76,-1,1
40427,210,193,17,17
40428,168,147,21,21
40429,116,107,9,9
40430,67,80,-13,13
40431,66,70,-4,4
40432,23,32,-9,9
40433,99,92,7,7
40434,66,68,-2,2
40435,56,59,-3,3
40436,92,85,7,7
40437,132,117,15,15
40438,67,71,-4,4
40439,42,41,1,1
40440,123,115,8,8
40441,44,48,-4,4
40442,117,106,11,11
40443,109,100,9,9
40444,106,96,10,10
40445,92,88,4,4
40446,88,80,8,8
40447,74,76,-2,2
40448,114,117,-3,3
40449,146,119,27,27
40450,105,95,10,10
40451,91,91,0,0
40452,124,113,11,11
40453,178,152,26,26
40454,98,91,7,7
40455,145,139,6,6
40456,76,73,3,3
40457,100,97,3,3
40458,128,103,25,25
40459,152,133,19,19
40460,40,44,-4,4
40461,65,70,-5,5
40462,107,104,3,3
40463,90,83,7,7
40464,100,100,0,0
40465,71,82,-11,11
40466,55,59,-4,4
40467,80,79,1,1
40468,131,108,23,23
40469,28,40,-12,12
40470,93,94,-1,1
40471,149,145,4,4
40472,88,88,0,0
40473,50,57,-7,7
40474,82,89,-7,7
40475,125,109,16,16
40476,131,110,21,21
40477,93,95,-2,2
40478,83,81,2,2
40479,149,139,10,10
40480,74,81,-7,7
40481,124,116,8,8
40482,174,139,35,35
40483,83,105,-22,22
40484,119,111,8,8
40485,85,80,5,5
40486,70,65,5,5
40487,197,175,22,22
40488,131,116,15,15
40489,130,111,19,19
40490,73,80,-7,7
40491,97,89,8,8
40492,85,96,-11,11
40493,198,155,43,43
40494,100,88,12,12
40495,81,88,-7,7
40496,71,73,-2,2
40497,97,95,2,2
40498,77,85,-8,8
40499,88,83,5,5
40500,90,79,11,11
40501,74,75,-1,1
40502,70,71,-1,1
40503,63,59,4,4
40504,149,125,24,24
40505,97,87,10,10
40506,65,72,-7,7
40507,81,80,1,1
40508,100,96,4,4
40509,79,86,-7,7
40510,106,99,7,7
40511,79,83,-4,4
40512,137,125,12,12
40513,82,85,-3,3
40514,68,60,8,8
40515,100,90,10,10
40516,40,48,-8,8
40517,57,56,1,1
40518,73,80,-7,7
40519,85,85,0,0
40520,135,117,18,18
40521,126,115,11,11
40522,158,140,18,18
40523,110,100,10,10
40524,125,121,4,4
40525,115,102,13,13
40526,112,108,4,4
40527,71,77,-6,6
40528,121,126,-5,5
40529,97,100,-3,3
40530,104,99,5,5
40531,97,92,5,5
40532,54,58,-4,4
40533,76,78,-2,2
40534,132,104,28,28
40535,98,96,2,2
40536,107,100,7,7
40537,119,102,17,17
40538,125,111,14,14
40539,96,96,0,0
40540,49,57,-8,8
40541,89,77,12,12
40542,101,91,10,10
40543,86,90,-4,4
40544,43,45,-2,2
40545,40,42,-2,2
40546,109,101,8,8
40547,49,56,-7,7
40548,99,97,2,2
40549,120,93,27,27
40550,70,80,-10,10
40551,177,147,30,30
40552,59,70,-11,11
40553,90,87,3,3
40554,99,94,5,5
40555,99,96,3,3
40556,113,97,16,16
40557,87,86,1,1
40558,120,107,13,13
40559,122,102,20,20
40560,156,141,15,15
40561,90,81,9,9
40562,109,102,7,7
40563,59,69,-10,10
40564,110,106,4,4
40565,64,65,-1,1
40566,76,79,-3,3
40567,93,84,9,9
40568,81,84,-3,3
40569,155,134,21,21
40570,77,84,-7,7
40571,52,57,-5,5
40572,48,57,-9,9
40573,94,95,-1,1
40574,72,80,-8,8
40575,78,91,-13,13
40576,108,97,11,11
40577,74,83,-9,9
40578,67,65,2,2
40579,88,81,7,7
40580,127,112,15,15
40581,88,98,-10,10
40582,53,74,-21,21
40583,101,97,4,4
40584,105,94,11,11
40585,120,112,8,8
40586,63,71,-8,8
40587,50,57,-7,7
40588,67,69,-2,2
40589,121,114,7,7
40590,76,76,0,0
40591,95,79,16,16
40592,97,94,3,3
40593,63,71,-8,8
40594,135,121,14,14
40595,61,64,-3,3
40596,79,81,-2,2
40597,133,115,18,18
40598,97,98,-1,1
40599,78,67,11,11
40600,96,86,10,10
40601,47,47,0,0
40602,139,115,24,24
40603,99,90,9,9
40604,113,95,18,18
40605,94,85,9,9
40606,100,101,-1,1
40607,71,79,-8,8
40608,102,102,0,0
40609,113,101,12,12
40610,85,84,1,1
40611,75,64,11,11
40612,62,59,3,3
40613,111,85,26,26
40614,80,78,2,2
40615,117,109,8,8
40616,107,99,8,8
40617,75,74,1,1
40618,82,83,-1,1
40619,73,72,1,1
40620,110,101,9,9
40621,115,104,11,11
40622,151,133,18,18
40623,60,69,-9,9
40624,51,56,-5,5
40625,76,70,6,6
40626,115,97,18,18
40627,79,79,0,0
40628,85,88,-3,3
40629,84,88,-4,4
40630,136,114,22,22
40631,76,79,-3,3
40632,30,43,-13,13
40633,141,126,15,15
40634,83,79,4,4
40635,81,84,-3,3
40636,79,82,-3,3
40637,113,108,5,5
40638,88,81,7,7
40639,145,153,-8,8
40640,156,137,19,19
40641,80,87,-7,7
40642,103,94,9,9
40643,116,104,12,12
40644,76,69,7,7
40645,123,111,12,12
40646,93,88,5,5
40647,103,102,1,1
40648,67,67,0,0
40649,102,104,-2,2
40650,92,79,13,13
40651,86,83,3,3
40652,56,60,-4,4
40653,80,83,-3,3
40654,137,123,14,14
40655,48,55,-7,7
40656,87,74,13,13
40657,112,112,0,0
40658,74,72,2,2
40659,87,83,4,4
40660,101,104,-3,3
40661,58,65,-7,7
40662,116,102,14,14
40663,97,88,9,9
40664,65,64,1,1
40665,98,87,11,11
40666,98,86,12,12
40667,156,134,22,22
40668,88,85,3,3
40669,85,88,-3,3
40670,64,59,5,5
40671,72,74,-2,2
40672,107,107,0,0
40673,87,94,-7,7
40674,115,105,10,10
40675,102,86,16,16
40676,120,104,16,16
40677,87,88,-1,1
40678,81,81,0,0
40679,53,58,-5,5
40680,71,86,-15,15
40681,78,76,2,2
40682,104,94,10,10
40683,113,111,2,2
40684,51,48,3,3
40685,65,74,-9,9
40686,109,117,-8,8
40687,78,81,-3,3
40688,105,91,14,14
40689,93,95,-2,2
40690,103,95,8,8
40691,113,95,18,18
40692,77,84,-7,7
40693,135,118,17,17
40694,82,71,11,11
40695,84,81,3,3
40696,56,67,-11,11
40697,54,54,0,0
40698,146,126,20,20
40699,149,131,18,18
40700,91,80,11,11
40701,61,60,1,1
40702,117,114,3,3
40703,46,47,-1,1
40704,159,142,17,17
40705,94,81,13,13
40706,153,125,28,28
40707,108,97,11,11
40708,85,77,8,8
40709,69,74,-5,5
40710,295,199,96,96
40711,74,73,1,1
40712,103,96,7,7
40713,80,77,3,3
40714,68,70,-2,2
40715,120,116,4,4
40716,86,83,3,3
40717,118,106,12,12
40718,74,79,-5,5
40719,99,81,18,18
40720,76,69,7,7
40721,134,112,22,22
40722,97,102,-5,5
40723,66,71,-5,5
40724,92,97,-5,5
40725,50,52,-2,2
40726,83,85,-2,2
40727,98,95,3,3
40728,72,71,1,1
40729,71,71,0,0
40730,71,80,-9,9
40731,78,82,-4,4
40732,81,82,-1,1
40733,126,116,10,10
40734,71,68,3,3
40735,70,70,0,0
40736,141,124,17,17
40737,75,70,5,5
40738,85,79,6,6
40739,89,89,0,0
40740,82,85,-3,3
40741,174,141,33,33
40742,77,74,3,3
40743,113,107,6,6
40744,165,147,18,18
40745,55,55,0,0
40746,94,80,14,14
40747,81,85,-4,4
40748,103,93,10,10
40749,87,81,6,6
40750,68,83,-15,15
40751,205,190,15,15
40752,85,82,3,3
40753,66,65,1,1
40754,68,68,0,0
40755,87,83,4,4
40756,101,90,11,11
40757,115,106,9,9
40758,69,70,-1,1
40759,144,126,18,18
40760,97,98,-1,1
40761,107,104,3,3
40762,88,97,-9,9
40763,138,122,16,16
40764,90,77,13,13
40765,129,125,4,4
40766,66,67,-1,1
40767,75,73,2,2
40768,118,106,12,12
40769,99,92,7,7
40770,77,73,4,4
40771,89,84,5,5
40772,95,95,0,0
40773,56,55,1,1
40774,115,105,10,10
40775,59,59,0,0
40776,117,110,7,7
40777,110,106,4,4
40778,120,95,25,25
40779,98,81,17,17
40780,121,112,9,9
40781,100,81,19,19
40782,85,82,3,3
40783,106,100,6,6
40784,165,136,29,29
40785,65,73,-8,8
40786,58,59,-1,1
40787,165,146,19,19
40788,56,60,-4,4
40789,62,70,-8,8
40790,85,79,6,6
40791,93,94,-1,1
40792,57,64,-7,7
40793,97,92,5,5
40794,96,93,3,3
40795,45,48,-3,3
40796,114,105,9,9
40797,77,71,6,6
40798,77,80,-3,3
40799,89,82,7,7
40800,70,72,-2,2
40801,84,85,-1,1
40802,89,96,-7,7
40803,104,103,1,1
40804,88,82,6,6
40805,68,69,-1,1
40806,67,70,-3,3
40807,51,50,1,1
40808,144,135,9,9
40809,135,121,14,14
40810,89,90,-1,1
40811,122,107,15,15
40812,110,98,12,12
40813,81,80,1,1
40814,147,140,7,7
40815,60,60,0,0
40816,137,132,5,5
40817,110,104,6,6
40818,125,113,12,12
40819,89,89,0,0
40820,129,130,-1,1
40821,70,62,8,8
40822,149,141,8,8
40823,72,88,-16,16
40824,96,94,2,2
40825,76,81,-5,5
40826,154,136,18,18
40827,220,178,42,42
40828,106,102,4,4
40829,95,96,-1,1
40830,158,145,13,13
40831,140,130,10,10
40832,86,84,2,2
40833,96,82,14,14
40834,100,93,7,7
40835,70,74,-4,4
40836,64,66,-2,2
40837,147,131,16,16
40838,75,75,0,0
40839,80,78,2,2
40840,161,130,31,31
40841,83,96,-13,13
40842,89,78,11,11
40843,169,144,25,25
40844,85,82,3,3
40845,151,141,10,10
40846,85,77,8,8
40847,61,68,-7,7
40848,62,61,1,1
40849,118,104,14,14
40850,97,90,7,7
40851,118,105,13,13
40852,104,87,17,17
40853,44,46,-2,2
40854,101,91,10,10
40855,69,70,-1,1
40856,52,54,-2,2
40857,115,107,8,8
40858,56,58,-2,2
40859,110,110,0,0
40860,96,111,-15,15
40861,88,82,6,6
40862,94,93,1,1
40863,60,60,0,0
40864,108,100,8,8
40865,114,97,17,17
40866,87,86,1,1
40867,102,96,6,6
40868,75,72,3,3
40869,56,53,3,3
40870,123,121,2,2
40871,29,46,-17,17
40872,70,80,-10,10
40873,87,80,7,7
40874,48,60,-12,12
40875,108,94,14,14
40876,164,148,16,16
40877,125,104,21,21
40878,66,69,-3,3
40879,190,165,25,25
40880,91,83,8,8
40881,116,94,22,22
40882,96,91,5,5
40883,86,81,5,5
40884,157,150,7,7
40885,149,125,24,24
40886,54,51,3,3
40887,81,79,2,2
40888,97,99,-2,2
40889,128,113,15,15
40890,96,95,1,1
40891,121,115,6,6
40892,131,116,15,15
40893,133,112,21,21
40894,130,117,13,13
40895,97,87,10,10
40896,68,74,-6,6
40897,118,100,18,18
40898,91,84,7,7
40899,90,97,-7,7
40900,65,66,-1,1
40901,143,118,25,25
40902,80,68,12,12
40903,96,78,18,18
40904,104,93,11,11
40905,112,106,6,6
40906,86,83,3,3
40907,91,89,2,2
40908,205,161,44,44
40909,73,81,-8,8
40910,101,93,8,8
40911,73,77,-4,4
40912,90,82,8,8
40913,191,173,18,18
40914,90,85,5,5
40915,149,135,14,14
40916,73,81,-8,8
40917,152,139,13,13
40918,115,104,11,11
40919,88,90,-2,2
40920,86,81,5,5
40921,103,97,6,6
40922,37,39,-2,2
40923,83,73,10,10
40924,76,68,8,8
40925,56,53,3,3
40926,130,109,21,21
40927,67,64,3,3
40928,78,72,6,6
40929,105,97,8,8
40930,101,96,5,5
40931,88,83,5,5
40932,83,82,1,1
40933,108,102,6,6
40934,67,62,5,5
40935,107,98,9,9
40936,43,41,2,2
40937,71,76,-5,5
40938,99,87,12,12
40939,120,117,3,3
40940,132,110,22,22
40941,30,38,-8,8
40942,88,86,2,2
40943,82,89,-7,7
40944,59,68,-9,9
40945,68,71,-3,3
40946,120,99,21,21
40947,60,57,3,3
40948,103,95,8,8
40949,110,102,8,8
40950,114,103,11,11
40951,90,85,5,5
40952,192,163,29,29
40953,100,96,4,4
40954,119,112,7,7
40955,91,80,11,11
40956,98,94,4,4
40957,51,52,-1,1
40958,94,85,9,9
40959,98,97,1,1
40960,71,68,3,3
40961,106,114,-8,8
40962,78,80,-2,2
40963,66,72,-6,6
40964,79,81,-2,2
40965,85,84,1,1
40966,147,135,12,12
40967,68,67,1,1
40968,66,65,1,1
40969,81,80,1,1
40970,133,121,12,12
40971,120,106,14,14
40972,71,75,-4,4
40973,169,152,17,17
40974,159,137,22,22
40975,57,68,-11,11
40976,73,75,-2,2
40977,44,48,-4,4
40978,85,87,-2,2
40979,49,59,-10,10
40980,54,56,-2,2
40981,89,80,9,9
40982,62,69,-7,7
40983,88,83,5,5
40984,93,98,-5,5
40985,66,67,-1,1
40986,69,71,-2,2
40987,138,134,4,4
40988,88,88,0,0
40989,102,96,6,6
40990,45,47,-2,2
40991,48,48,0,0
40992,106,102,4,4
40993,158,122,36,36
40994,125,110,15,15
40995,64,78,-14,14
40996,153,141,12,12
40997,66,68,-2,2
40998,87,85,2,2
40999,90,82,8,8
41000,105,99,6,6
41001,51,51,0,0
41002,148,125,23,23
41003,123,122,1,1
41004,59,59,0,0
41005,88,73,15,15
41006,91,90,1,1
41007,77,80,-3,3
41008,98,90,8,8
41009,84,85,-1,1
41010,97,89,8,8
41011,129,111,18,18
41012,158,146,12,12
41013,99,98,1,1
41014,153,138,15,15
41015,140,113,27,27
41016,97,89,8,8
41017,116,111,5,5
41018,108,95,13,13
41019,117,108,9,9
41020,112,100,12,12
41021,70,71,-1,1
41022,117,116,1,1
41023,186,165,21,21
41024,88,84,4,4
41025,40,44,-4,4
41026,69,71,-2,2
41027,138,114,24,24
41028,68,71,-3,3
41029,194,154,40,40
41030,141,126,15,15
41031,66,78,-12,12
41032,87,93,-6,6
41033,112,105,7,7
41034,120,101,19,19
41035,117,102,15,15
41036,116,110,6,6
41037,113,115,-2,2
41038,109,110,-1,1
41039,116,105,11,11
41040,107,97,10,10
41041,156,132,24,24
41042,54,57,-3,3
41043,96,87,9,9
41044,116,104,12,12
41045,105,95,10,10
41046,53,49,4,4
41047,146,127,19,19
41048,111,112,-1,1
41049,55,53,2,2
41050,130,114,16,16
41051,89,84,5,5
41052,99,105,-6,6
41053,101,87,14,14
41054,107,101,6,6
41055,56,60,-4,4
41056,72,75,-3,3
41057,141,126,15,15
41058,49,56,-7,7
41059,50,46,4,4
41060,106,90,16,16
41061,71,69,2,2
41062,82,91,-9,9
41063,112,97,15,15
41064,114,109,5,5
41065,91,88,3,3
41066,79,81,-2,2
41067,87,86,1,1
41068,72,69,3,3
41069,140,126,14,14
41070,79,84,-5,5
41071,103,95,8,8
41072,105,102,3,3
41073,80,80,0,0
41074,63,65,-2,2
41075,89,82,7,7
41076,58,63,-5,5
41077,71,66,5,5
41078,91,90,1,1
41079,64,57,7,7
41080,134,118,16,16
41081,144,132,12,12
41082,46,67,-21,21
41083,79,85,-6,6
41084,137,112,25,25
41085,71,72,-1,1
41086,88,81,7,7
41087,99,88,11,11
41088,77,80,-3,3
41089,71,72,-1,1
41090,66,65,1,1
41091,57,64,-7,7
41092,107,100,7,7
41093,157,141,16,16
41094,59,67,-8,8
41095,107,109,-2,2
41096,150,125,25,25
41097,97,93,4,4
41098,56,60,-4,4
41099,122,112,10,10
41100,118,99,19,19
41101,98,82,16,16
41102,87,89,-2,2
41103,84,71,13,13
41104,67,66,1,1
41105,97,96,1,1
41106,110,104,6,6
41107,75,76,-1,1
41108,49,56,-7,7
41109,121,122,-1,1
41110,124,112,12,12
41111,86,82,4,4
41112,91,87,4,4
41113,74,70,4,4
41114,87,78,9,9
41115,61,65,-4,4
41116,76,75,1,1
41117,169,152,17,17
41118,79,78,1,1
41119,85,90,-5,5
41120,129,107,22,22
41121,68,70,-2,2
41122,88,107,-19,19
41123,136,116,20,20
41124,81,81,0,0
41125,143,134,9,9
41126,66,64,2,2
41127,90,92,-2,2
41128,69,69,0,0
41129,129,119,10,10
41130,77,82,-5,5
41131,128,118,10,10
41132,110,106,4,4
41133,125,115,10,10
41134,82,79,3,3
41135,147,124,23,23
41136,77,80,-3,3
41137,81,68,13,13
41138,91,83,8,8
41139,106,87,19,19
41140,65,69,-4,4
41141,59,58,1,1
41142,107,106,1,1
41143,75,82,-7,7
41144,86,96,-10,10
41145,92,87,5,5
41146,87,85,2,2
41147,115,117,-2,2
41148,70,73,-3,3
41149,78,70,8,8
41150,77,73,4,4
41151,142,139,3,3
41152,161,143,18,18
41153,145,123,22,22
41154,102,95,7,7
41155,68,70,-2,2
41156,81,83,-2,2
41157,92,81,11,11
41158,91,91,0,0
41159,87,81,6,6
41160,168,149,19,19
41161,58,58,0,0
41162,119,95,24,24
41163,55,51,4,4
41164,69,71,-2,2
41165,69,69,0,0
41166,99,97,2,2
41167,72,73,-1,1
41168,82,84,-2,2
41169,134,114,20,20
41170,88,79,9,9
41171,61,69,-8,8
41172,77,79,-2,2
41173,106,98,8,8
41174,89,85,4,4
41175,90,85,5,5
41176,102,104,-2,2
41177,77,75,2,2
41178,63,62,1,1
41179,76,74,2,2
41180,67,62,5,5
41181,64,75,-11,11
41182,66,70,-4,4
41183,126,116,10,10
41184,91,94,-3,3
41185,148,122,26,26
41186,111,99,12,12
41187,58,68,-10,10
41188,93,83,10,10
41189,80,77,3,3
41190,173,150,23,23
41191,80,75,5,5
41192,117,101,16,16
41193,69,58,11,11
41194,115,104,11,11
41195,122,102,20,20
41196,76,78,-2,2
41197,89,71,18,18
41198,92,100,-8,8
41199,101,98,3,3
41200,156,136,20,20
41201,88,89,-1,1
41202,61,62,-1,1
41203,80,76,4,4
41204,128,116,12,12
41205,101,92,9,9
41206,114,103,11,11
41207,142,116,26,26
41208,53,50,3,3
41209,138,121,17,17
41210,49,52,-3,3
41211,146,117,29,29
41212,91,82,9,9
41213,136,134,2,2
41214,60,70,-10,10
41215,147,128,19,19
41216,86,81,5,5
41217,71,70,1,1
41218,127,139,-12,12
41219,62,65,-3,3
41220,109,97,12,12
41221,69,70,-1,1
41222,186,165,21,21
41223,44,48,-4,4
41224,39,41,-2,2
41225,89,88,1,1
41226,113,108,5,5
41227,65,64,1,1
41228,63,69,-6,6
41229,61,68,-7,7
41230,132,114,18,18
41231,70,75,-5,5
41232,179,161,18,18
41233,103,102,1,1
41234,118,104,14,14
41235,71,71,0,0
41236,156,131,25,25
41237,95,89,6,6
41238,108,107,1,1
41239,92,87,5,5
41240,125,109,16,16
41241,103,86,17,17
41242,87,77,10,10
41243,57,68,-11,11
41244,95,90,5,5
41245,207,192,15,15
41246,72,76,-4,4
41247,158,143,15,15
41248,78,80,-2,2
41249,59,63,-4,4
41250,77,70,7,7
41251,78,71,7,7
41252,120,99,21,21
41253,137,121,16,16
41254,71,67,4,4
41255,117,107,10,10
41256,97,93,4,4
41257,108,102,6,6
41258,64,70,-6,6
41259,125,110,15,15
41260,57,50,7,7
41261,47,50,-3,3
41262,110,93,17,17
41263,173,162,11,11
41264,70,66,4,4
41265,112,101,11,11
41266,69,70,-1,1
41267,95,86,9,9
41268,50,50,0,0
41269,60,61,-1,1
41270,108,103,5,5
41271,88,84,4,4
41272,141,148,-7,7
41273,65,69,-4,4
41274,111,115,-4,4
41275,110,95,15,15
41276,156,119,37,37
41277,70,85,-15,15
41278,77,83,-6,6
41279,111,102,9,9
41280,77,80,-3,3
41281,132,135,-3,3
41282,94,82,12,12
41283,87,84,3,3
41284,71,76,-5,5
41285,69,75,-6,6
41286,57,59,-2,2
41287,63,67,-4,4
41288,170,154,16,16
41289,99,92,7,7
41290,91,86,5,5
41291,75,81,-6,6
41292,155,139,16,16
41293,169,145,24,24
41294,121,103,18,18
41295,56,59,-3,3
41296,73,72,1,1
41297,142,87,55,55
41298,76,84,-8,8
41299,117,108,9,9
41300,113,112,1,1
41301,63,59,4,4
41302,146,120,26,26
41303,71,68,3,3
41304,68,66,2,2
41305,96,92,4,4
41306,64,70,-6,6
41307,79,70,9,9
41308,77,75,2,2
41309,54,60,-6,6
41310,81,82,-1,1
41311,106,103,3,3
41312,130,111,19,19
41313,63,65,-2,2
41314,74,77,-3,3
41315,87,89,-2,2
41316,97,90,7,7
41317,136,132,4,4
41318,78,73,5,5
41319,114,97,17,17
41320,172,175,-3,3
41321,69,81,-12,12
41322,55,62,-7,7
41323,68,67,1,1
41324,84,81,3,3
41325,64,69,-5,5
41326,44,51,-7,7
41327,98,89,9,9
41328,118,114,4,4
41329,115,101,14,14
41330,151,132,19,19
41331,66,68,-2,2
41332,150,122,28,28
41333,94,85,9,9
41334,83,88,-5,5
41335,138,118,20,20
41336,96,92,4,4
41337,117,107,10,10
41338,32,32,0,0
41339,167,147,20,20
41340,162,127,35,35
41341,120,113,7,7
41342,84,82,2,2
41343,64,62,2,2
41344,147,130,17,17
41345,74,77,-3,3
41346,42,52,-10,10
41347,65,76,-11,11
41348,87,82,5,5
41349,101,101,0,0
41350,64,61,3,3
41351,54,65,-11,11
41352,99,97,2,2
41353,60,63,-3,3
41354,62,62,0,0
41355,134,114,20,20
41356,79,80,-1,1
41357,74,72,2,2
41358,103,106,-3,3
41359,160,149,11,11
41360,103,95,8,8
41361,96,94,2,2
41362,66,61,5,5
41363,72,68,4,4
41364,69,71,-2,2
41365,115,104,11,11
41366,74,67,7,7
41367,47,50,-3,3
41368,116,97,19,19
41369,75,84,-9,9
41370,74,83,-9,9
41371,138,120,18,18
41372,83,82,1,1
41373,78,82,-4,4
41374,144,124,20,20
41375,94,86,8,8
41376,91,84,7,7
41377,97,97,0,0
41378,79,79,0,0
41379,87,86,1,1
41380,50,58,-8,8
41381,61,60,1,1
41382,66,75,-9,9
41383,83,79,4,4
41384,69,63,6,6
41385,117,97,20,20
41386,123,105,18,18
41387,152,119,33,33
41388,53,55,-2,2
41389,41,71,-30,30
41390,120,102,18,18
41391,50,58,-8,8
41392,103,99,4,4
41393,59,75,-16,16
41394,146,120,26,26
41395,74,66,8,8
41396,119,105,14,14
41397,100,97,3,3
41398,109,95,14,14
41399,140,120,20,20
41400,104,95,9,9
41401,118,112,6,6
41402,129,109,20,20
41403,62,64,-2,2
41404,80,81,-1,1
41405,67,70,-3,3
41406,45,53,-8,8
41407,111,106,5,5
41408,110,104,6,6
41409,68,70,-2,2
41410,84,94,-10,10
41411,132,109,23,23
41412,67,65,2,2
41413,66,69,-3,3
41414,53,62,-9,9
41415,88,87,1,1
41416,115,110,5,5
41417,142,134,8,8
41418,134,125,9,9
41419,108,102,6,6
41420,63,68,-5,5
41421,68,64,4,4
41422,96,82,14,14
41423,73,75,-2,2
41424,88,86,2,2
41425,107,94,13,13
41426,114,121,-7,7
41427,132,121,11,11
41428,64,72,-8,8
41429,73,69,4,4
41430,109,97,12,12
41431,65,62,3,3
41432,138,106,32,32
41433,103,97,6,6
41434,132,116,16,16
41435,67,69,-2,2
41436,70,71,-1,1
41437,114,122,-8,8
41438,54,61,-7,7
41439,87,80,7,7
41440,57,64,-7,7
41441,163,151,12,12
41442,83,85,-2,2
41443,48,48,0,0
41444,62,69,-7,7
41445,110,96,14,14
41446,64,66,-2,2
41447,154,135,19,19
41448,119,106,13,13
41449,81,85,-4,4
41450,76,74,2,2
41451,125,98,27,27
41452,82,78,4,4
41453,140,124,16,16
41454,58,57,1,1
41455,90,82,8,8
41456,94,84,10,10
41457,70,72,-2,2
41458,126,109,17,17
41459,42,48,-6,6
41460,96,91,5,5
41461,144,119,25,25
41462,84,75,9,9
41463,91,84,7,7
41464,89,82,7,7
41465,68,71,-3,3
41466,74,74,0,0
41467,73,73,0,0
41468,95,82,13,13
41469,141,119,22,22
41470,144,121,23,23
41471,115,111,4,4
41472,126,105,21,21
41473,81,77,4,4
41474,70,64,6,6
41475,101,97,4,4
41476,36,39,-3,3
41477,103,92,11,11
41478,50,58,-8,8
41479,108,92,16,16
41480,168,159,9,9
41481,89,92,-3,3
41482,128,112,16,16
41483,87,75,12,12
41484,72,65,7,7
41485,166,144,22,22
41486,75,71,4,4
41487,116,110,6,6
41488,66,69,-3,3
41489,89,93,-4,4
41490,72,77,-5,5
41491,103,107,-4,4
41492,82,84,-2,2
41493,108,104,4,4
41494,115,97,18,18
41495,154,153,1,1
41496,96,97,-1,1
41497,70,68,2,2
41498,105,96,9,9
41499,103,102,1,1
41500,80,81,-1,1
41501,167,127,40,40
41502,131,124,7,7
41503,87,84,3,3
41504,83,82,1,1
41505,221,179,42,42
41506,67,64,3,3
41507,114,106,8,8
41508,88,78,10,10
41509,80,75,5,5
41510,183,158,25,25
41511,67,72,-5,5
41512,172,148,24,24
41513,56,54,2,2
41514,60,59,1,1
41515,60,59,1,1
41516,77,79,-2,2
41517,85,75,10,10
41518,64,67,-3,3
41519,88,90,-2,2
41520,143,117,26,26
41521,148,136,12,12
41522,73,73,0,0
41523,97,93,4,4
41524,85,94,-9,9
41525,62,60,2,2
41526,82,79,3,3
41527,63,59,4,4
41528,55,55,0,0
41529,133,117,16,16
41530,96,96,0,0
41531,98,91,7,7
41532,67,65,2,2
41533,104,101,3,3
41534,118,143,-25,25
41535,83,87,-4,4
41536,110,106,4,4
41537,138,121,17,17
41538,79,75,4,4
41539,75,69,6,6
41540,67,68,-1,1
41541,59,59,0,0
41542,63,56,7,7
41543,125,108,17,17
41544,156,145,11,11
41545,88,80,8,8
41546,106,98,8,8
41547,88,83,5,5
41548,126,119,7,7
41549,71,76,-5,5
41550,109,102,7,7
41551,61,93,-32,32
41552,100,98,2,2
41553,157,119,38,38
41554,168,148,20,20
41555,110,102,8,8
41556,92,94,-2,2
41557,118,113,5,5
41558,159,148,11,11
41559,67,67,0,0
41560,78,85,-7,7
41561,93,91,2,2
41562,76,73,3,3
41563,156,133,23,23
41564,63,70,-7,7
41565,87,83,4,4
41566,79,74,5,5
41567,56,60,-4,4
41568,65,65,0,0
41569,99,95,4,4
41570,90,81,9,9
41571,108,102,6,6
41572,59,59,0,0
41573,48,73,-25,25
41574,73,71,2,2
41575,111,97,14,14
41576,69,68,1,1
41577,149,119,30,30
41578,87,76,11,11
41579,87,80,7,7
41580,85,80,5,5
41581,112,96,16,16
41582,78,89,-11,11
41583,74,87,-13,13
41584,85,82,3,3
41585,77,81,-4,4
41586,113,99,14,14
41587,106,99,7,7
41588,61,70,-9,9
41589,82,85,-3,3
41590,115,110,5,5
41591,51,57,-6,6
41592,109,91,18,18
41593,61,62,-1,1
41594,60,65,-5,5
41595,129,115,14,14
41596,152,117,35,35
41597,90,83,7,7
41598,204,177,27,27
41599,95,83,12,12
41600,81,82,-1,1
41601,75,74,1,1
41602,95,86,9,9
41603,108,103,5,5
41604,140,121,19,19
41605,47,49,-2,2
41606,92,78,14,14
41607,127,122,5,5
41608,64,72,-8,8
41609,86,74,12,12
41610,83,76,7,7
41611,86,91,-5,5
41612,110,104,6,6
41613,128,122,6,6
41614,152,137,15,15
41615,106,106,0,0
41616,71,74,-3,3
41617,70,76,-6,6
41618,71,70,1,1
41619,80,85,-5,5
41620,10,26,-16,16
41621,95,83,12,12
41622,88,82,6,6
41623,55,43,12,12
41624,96,81,15,15
41625,114,96,18,18
41626,113,101,12,12
41627,115,101,14,14
41628,50,55,-5,5
41629,130,118,12,12
41630,130,114,16,16
41631,85,81,4,4
41632,72,72,0,0
41633,177,152,25,25
41634,90,94,-4,4
41635,131,129,2,2
41636,68,72,-4,4
41637,46,53,-7,7
41638,96,94,2,2
41639,161,136,25,25
41640,60,59,1,1
41641,73,76,-3,3
41642,50,55,-5,5
41643,60,52,8,8
41644,122,107,15,15
41645,136,116,20,20
41646,90,82,8,8
41647,131,117,14,14
41648,95,84,11,11
41649,66,69,-3,3
41650,105,107,-2,2
41651,82,81,1,1
41652,107,101,6,6
41653,61,59,2,2
41654,136,113,23,23
41655,128,124,4,4
41656,66,74,-8,8
41657,125,115,10,10
41658,69,65,4,4
41659,68,78,-10,10
41660,84,83,1,1
41661,47,56,-9,9
41662,77,77,0,0
41663,113,100,13,13
41664,155,144,11,11
41665,88,90,-2,2
41666,76,74,2,2
41667,104,132,-28,28
41668,43,46,-3,3
41669,69,75,-6,6
41670,94,99,-5,5
41671,121,110,11,11
41672,178,152,26,26
41673,69,65,4,4
41674,113,111,2,2
41675,118,108,10,10
41676,86,82,4,4
41677,71,70,1,1
41678,112,104,8,8
41679,114,99,15,15
41680,68,65,3,3
41681,75,73,2,2
41682,103,94,9,9
41683,71,75,-4,4
41684,57,57,0,0
41685,88,84,4,4
41686,165,141,24,24
41687,79,88,-9,9
41688,133,122,11,11
41689,125,106,19,19
41690,91,101,-10,10
41691,117,111,6,6
41692,108,100,8,8
41693,101,95,6,6
41694,61,63,-2,2
41695,170,143,27,27
41696,152,133,19,19
41697,86,82,4,4
41698,89,82,7,7
41699,137,118,19,19
41700,107,102,5,5
41701,145,127,18,18
41702,152,144,8,8
41703,89,80,9,9
41704,81,80,1,1
41705,102,102,0,0
41706,85,88,-3,3
41707,70,71,-1,1
41708,85,80,5,5
41709,105,97,8,8
41710,79,68,11,11
41711,55,62,-7,7
41712,94,86,8,8
41713,49,57,-8,8
41714,42,43,-1,1
41715,302,233,69,69
41716,116,104,12,12
41717,68,69,-1,1
41718,81,81,0,0
41719,98,104,-6,6
41720,120,100,20,20
41721,135,128,7,7
41722,85,84,1,1
41723,76,77,-1,1
41724,125,112,13,13
41725,26,26,0,0
41726,111,91,20,20
41727,152,124,28,28
41728,85,81,4,4
41729,99,98,1,1
41730,98,114,-16,16
41731,99,93,6,6
41732,81,76,5,5
41733,98,103,-5,5
41734,101,86,15,15
41735,64,68,-4,4
41736,185,165,20,20
41737,97,94,3,3
41738,93,97,-4,4
41739,65,69,-4,4
41740,89,88,1,1
41741,53,58,-5,5
41742,96,91,5,5
41743,133,113,20,20
41744,149,120,29,29
41745,155,134,21,21
41746,86,78,8,8
41747,64,62,2,2
41748,133,116,17,17
41749,119,121,-2,2
41750,70,72,-2,2
41751,57,58,-1,1
41752,56,64,-8,8
41753,55,56,-1,1
41754,57,62,-5,5
41755,106,101,5,5
41756,85,86,-1,1
41757,80,81,-1,1
41758,71,85,-14,14
41759,79,89,-10,10
41760,72,76,-4,4
41761,67,63,4,4
41762,200,168,32,32
41763,55,59,-4,4
41764,103,97,6,6
41765,80,79,1,1
41766,113,106,7,7
41767,34,65,-31,31
41768,77,81,-4,4
41769,145,130,15,15
41770,143,137,6,6
41771,100,94,6,6
41772,53,64,-11,11
41773,61,86,-25,25
41774,109,107,2,2
41775,86,79,7,7
41776,72,73,-1,1
41777,86,92,-6,6
41778,115,119,-4,4
41779,74,79,-5,5
41780,85,81,4,4
41781,97,89,8,8
41782,111,104,7,7
41783,63,80,-17,17
41784,104,99,5,5
41785,101,95,6,6
41786,110,98,12,12
41787,72,80,-8,8
41788,128,117,11,11
41789,74,83,-9,9
41790,108,94,14,14
41791,110,103,7,7
41792,68,68,0,0
41793,41,45,-4,4
41794,153,146,7,7
41795,115,110,5,5
41796,58,66,-8,8
41797,45,64,-19,19
41798,92,87,5,5
41799,57,61,-4,4
41800,125,109,16,16
41801,82,84,-2,2
41802,61,64,-3,3
41803,148,128,20,20
41804,72,70,2,2
41805,108,106,2,2
41806,97,102,-5,5
41807,134,115,19,19
41808,50,51,-1,1
41809,66,67,-1,1
41810,61,58,3,3
41811,91,83,8,8
41812,133,118,15,15
41813,131,105,26,26
41814,67,78,-11,11
41815,112,101,11,11
41816,100,104,-4,4
41817,193,167,26,26
41818,90,83,7,7
41819,77,74,3,3
41820,80,80,0,0
41821,117,105,12,12
41822,87,88,-1,1
41823,64,67,-3,3
41824,61,64,-3,3
41825,120,116,4,4
41826,119,112,7,7
41827,137,113,24,24
41828,54,56,-2,2
41829,162,136,26,26
41830,152,146,6,6
41831,69,63,6,6
41832,80,77,3,3
41833,92,88,4,4
41834,96,85,11,11
41835,107,104,3,3
41836,71,73,-2,2
41837,83,86,-3,3
41838,89,89,0,0
41839,121,108,13,13
41840,81,81,0,0
41841,112,110,2,2
41842,147,122,25,25
41843,62,63,-1,1
41844,129,117,12,12
41845,74,81,-7,7
41846,168,135,33,33
41847,47,47,0,0
41848,128,124,4,4
41849,49,57,-8,8
41850,56,60,-4,4
41851,89,80,9,9
41852,67,68,-1,1
41853,68,76,-8,8
41854,114,108,6,6
41855,137,138,-1,1
41856,122,110,12,12
41857,74,73,1,1
41858,67,62,5,5
41859,129,117,12,12
41860,139,130,9,9
41861,62,65,-3,3
41862,100,96,4,4
41863,88,83,5,5
41864,64,66,-2,2
41865,92,81,11,11
41866,119,126,-7,7
41867,81,81,0,0
41868,59,60,-1,1
41869,106,95,11,11
41870,94,87,7,7
41871,112,97,15,15
41872,80,82,-2,2
41873,101,102,-1,1
41874,135,115,20,20
41875,135,118,17,17
41876,104,92,12,12
41877,85,82,3,3
41878,176,152,24,24
41879,79,77,2,2
41880,69,64,5,5
41881,41,42,-1,1
41882,47,45,2,2
41883,67,70,-3,3
41884,69,74,-5,5
41885,51,56,-5,5
41886,73,84,-11,11
41887,108,100,8,8
41888,47,44,3,3
41889,120,117,3,3
41890,117,107,10,10
41891,91,94,-3,3
41892,110,108,2,2
41893,82,79,3,3
41894,97,94,3,3
41895,92,88,4,4
41896,72,71,1,1
41897,74,67,7,7
41898,80,91,-11,11
41899,49,50,-1,1
41900,133,118,15,15
41901,85,84,1,1
41902,116,103,13,13
41903,72,70,2,2
41904,125,112,13,13
41905,91,88,3,3
41906,103,97,6,6
41907,110,101,9,9
41908,102,99,3,3
41909,111,96,15,15
41910,50,65,-15,15
41911,50,49,1,1
41912,106,97,9,9
41913,79,76,3,3
41914,138,113,25,25
41915,110,111,-1,1
41916,59,60,-1,1
41917,72,71,1,1
41918,190,156,34,34
41919,93,86,7,7
41920,47,43,4,4
41921,46,58,-12,12
41922,135,119,16,16
41923,56,70,-14,14
41924,67,65,2,2
41925,101,97,4,4
41926,78,76,2,2
41927,61,75,-14,14
41928,43,55,-12,12
41929,142,133,9,9
41930,88,92,-4,4
41931,119,110,9,9
41932,146,116,30,30
41933,93,96,-3,3
41934,109,102,7,7
41935,105,96,9,9
41936,98,97,1,1
41937,75,73,2,2
41938,78,80,-2,2
41939,101,104,-3,3
41940,88,100,-12,12
41941,133,128,5,5
41942,66,68,-2,2
41943,101,93,8,8
41944,94,93,1,1
41945,86,81,5,5
41946,95,85,10,10
41947,96,97,-1,1
41948,83,80,3,3
41949,119,92,27,27
41950,116,108,8,8
41951,92,82,10,10
41952,89,94,-5,5
41953,215,194,21,21
41954,96,90,6,6
41955,138,120,18,18
41956,73,73,0,0
41957,72,80,-8,8
41958,83,90,-7,7
41959,119,107,12,12
41960,83,80,3,3
41961,140,119,21,21
41962,164,136,28,28
41963,105,92,13,13
41964,109,88,21,21
41965,100,89,11,11
41966,95,93,2,2
41967,85,79,6,6
41968,83,81,2,2
41969,148,131,17,17
41970,95,93,2,2
41971,110,115,-5,5
41972,104,108,-4,4
41973,125,130,-5,5
41974,110,114,-4,4
41975,109,101,8,8
41976,87,80,7,7
41977,166,149,17,17
41978,68,82,-14,14
41979,104,90,14,14
41980,127,97,30,30
41981,60,65,-5,5
41982,106,92,14,14
41983,58,62,-4,4
41984,59,59,0,0
41985,98,92,6,6
41986,150,141,9,9
41987,107,107,0,0
41988,75,81,-6,6
41989,95,93,2,2
41990,82,80,2,2
41991,101,83,18,18
41992,63,71,-8,8
41993,81,66,15,15
41994,60,64,-4,4
41995,121,110,11,11
41996,110,95,15,15
41997,73,80,-7,7
41998,62,69,-7,7
41999,66,71,-5,5
42000,87,86,1,1
42001,130,130,0,0
42002,84,84,0,0
42003,142,125,17,17
42004,61,63,-2,2
42005,109,100,9,9
42006,147,127,20,20
42007,37,59,-22,22
42008,246,173,73,73
42009,61,70,-9,9
42010,111,103,8,8
42011,92,91,1,1
42012,133,131,2,2
42013,161,136,25,25
42014,128,125,3,3
42015,73,64,9,9
42016,115,107,8,8
42017,159,141,18,18
42018,75,71,4,4
42019,85,93,-8,8
42020,79,80,-1,1
42021,103,92,11,11
42022,109,99,10,10
42023,89,86,3,3
42024,158,146,12,12
42025,86,87,-1,1
42026,114,96,18,18
42027,145,126,19,19
42028,83,79,4,4
42029,142,131,11,11
42030,48,56,-8,8
42031,69,71,-2,2
42032,90,100,-10,10
42033,152,129,23,23
42034,72,76,-4,4
42035,93,90,3,3
42036,59,59,0,0
42037,142,122,20,20
42038,95,82,13,13
42039,152,122,30,30
42040,87,85,2,2
42041,79,66,13,13
42042,80,80,0,0
42043,89,89,0,0
42044,74,70,4,4
42045,78,77,1,1
42046,100,95,5,5
42047,92,93,-1,1
42048,135,126,9,9
42049,112,106,6,6
42050,109,102,7,7
42051,86,76,10,10
42052,80,74,6,6
42053,92,100,-8,8
42054,93,91,2,2
42055,111,106,5,5
42056,64,66,-2,2
42057,96,77,19,19
42058,79,91,-12,12
42059,148,149,-1,1
42060,74,81,-7,7
42061,91,80,11,11
42062,85,82,3,3
42063,104,94,10,10
42064,132,126,6,6
42065,75,82,-7,7
42066,175,161,14,14
42067,77,70,7,7
42068,92,93,-1,1
42069,150,132,18,18
42070,35,38,-3,3
42071,79,78,1,1
42072,57,64,-7,7
42073,70,57,13,13
42074,117,123,-6,6
42075,84,81,3,3
42076,51,77,-26,26
42077,88,94,-6,6
42078,83,81,2,2
42079,89,79,10,10
42080,79,79,0,0
42081,76,80,-4,4
42082,50,63,-13,13
42083,102,93,9,9
42084,111,116,-5,5
42085,82,83,-1,1
42086,114,115,-1,1
42087,99,84,15,15
42088,111,103,8,8
42089,99,97,2,2
42090,68,65,3,3
42091,159,129,30,30
42092,78,80,-2,2
42093,43,54,-11,11
42094,64,66,-2,2
42095,77,81,-4,4
42096,38,54,-16,16
42097,39,41,-2,2
42098,87,92,-5,5
42099,89,80,9,9
42100,101,97,4,4
42101,115,105,10,10
42102,101,93,8,8
42103,52,60,-8,8
42104,68,71,-3,3
42105,57,63,-6,6
42106,97,87,10,10
42107,80,82,-2,2
42108,95,89,6,6
42109,155,133,22,22
42110,74,72,2,2
42111,104,93,11,11
42112,63,71,-8,8
42113,28,37,-9,9
42114,96,89,7,7
42115,104,102,2,2
42116,118,108,10,10
42117,81,74,7,7
42118,58,62,-4,4
42119,85,85,0,0
42120,59,63,-4,4
42121,91,97,-6,6
42122,120,105,15,15
42123,58,45,13,13
42124,89,76,13,13
42125,101,101,0,0
42126,89,84,5,5
42127,68,61,7,7
42128,122,104,18,18
42129,71,77,-6,6
42130,71,69,2,2
42131,75,90,-15,15
42132,130,121,9,9
42133,103,87,16,16
42134,114,104,10,10
42135,145,127,18,18
42136,108,99,9,9
42137,102,98,4,4
42138,107,96,11,11
42139,97,94,3,3
42140,94,83,11,11
42141,70,71,-1,1
42142,91,92,-1,1
42143,92,95,-3,3
42144,60,69,-9,9
42145,83,81,2,2
42146,92,83,9,9
42147,106,103,3,3
42148,47,59,-12,12
42149,72,67,5,5
42150,137,120,17,17
42151,69,71,-2,2
42152,69,60,9,9
42153,123,110,13,13
42154,77,81,-4,4
42155,74,67,7,7
42156,144,135,9,9
42157,132,117,15,15
42158,109,99,10,10
42159,93,91,2,2
42160,56,55,1,1
42161,125,111,14,14
42162,54,63,-9,9
42163,127,111,16,16
42164,96,94,2,2
42165,106,89,17,17
42166,98,93,5,5
42167,97,94,3,3
42168,65,65,0,0
42169,91,81,10,10
42170,90,87,3,3
42171,135,115,20,20
42172,109,109,0,0
42173,101,88,13,13
42174,80,81,-1,1
42175,105,103,2,2
42176,64,65,-1,1
42177,155,141,14,14
42178,119,115,4,4
42179,76,67,9,9
42180,122,109,13,13
42181,59,63,-4,4
42182,63,62,1,1
42183,92,93,-1,1
42184,101,96,5,5
42185,100,92,8,8
42186,88,91,-3,3
42187,98,92,6,6
42188,153,126,27,27
42189,92,87,5,5
42190,76,69,7,7
42191,110,99,11,11
42192,86,84,2,2
42193,130,117,13,13
42194,126,122,4,4
42195,78,71,7,7
42196,77,76,1,1
42197,104,99,5,5
42198,126,126,0,0
42199,79,77,2,2
42200,117,115,2,2
42201,45,49,-4,4
42202,100,98,2,2
42203,83,70,13,13
42204,134,123,11,11
42205,83,79,4,4
42206,90,93,-3,3
42207,86,88,-2,2
42208,89,86,3,3
42209,60,65,-5,5
42210,78,78,0,0
42211,120,116,4,4
42212,72,77,-5,5
42213,104,99,5,5
42214,188,159,29,29
42215,93,87,6,6
42216,159,133,26,26
42217,80,76,4,4
42218,96,96,0,0
42219,114,110,4,4
42220,113,109,4,4
42221,62,72,-10,10
42222,140,124,16,16
42223,157,132,25,25
42224,61,66,-5,5
42225,95,100,-5,5
42226,130,120,10,10
42227,134,130,4,4
42228,84,84,0,0
42229,83,81,2,2
42230,96,94,2,2
42231,85,81,4,4
42232,117,116,1,1
42233,49,55,-6,6
42234,55,56,-1,1
42235,116,97,19,19
42236,65,68,-3,3
42237,86,82,4,4
42238,58,70,-12,12
42239,55,60,-5,5
42240,109,100,9,9
42241,109,91,18,18
42242,115,105,10,10
42243,131,104,27,27
42244,79,81,-2,2
42245,74,80,-6,6
42246,114,104,10,10
42247,125,105,20,20
42248,90,80,10,10
42249,81,80,1,1
42250,109,97,12,12
42251,90,82,8,8
42252,58,54,4,4
42253,67,70,-3,3
42254,88,80,8,8
42255,71,84,-13,13
42256,118,122,-4,4
42257,109,102,7,7
42258,75,93,-18,18
42259,38,43,-5,5
42260,173,152,21,21
42261,153,139,14,14
42262,66,60,6,6
42263,58,62,-4,4
42264,44,43,1,1
42265,86,79,7,7
42266,100,92,8,8
42267,86,87,-1,1
42268,106,101,5,5
42269,80,77,3,3
42270,84,79,5,5
42271,76,73,3,3
42272,96,88,8,8
42273,90,88,2,2
42274,116,115,1,1
42275,196,156,40,40
42276,103,94,9,9
42277,95,96,-1,1
42278,68,65,3,3
42279,96,81,15,15
42280,109,96,13,13
42281,86,85,1,1
42282,174,155,19,19
42283,78,81,-3,3
42284,47,52,-5,5
42285,96,90,6,6
42286,92,88,4,4
42287,79,70,9,9
42288,85,80,5,5
42289,113,110,3,3
42290,96,92,4,4
42291,80,80,0,0
42292,43,43,0,0
42293,93,96,-3,3
42294,63,72,-9,9
42295,96,85,11,11
42296,103,99,4,4
42297,53,60,-7,7
42298,99,91,8,8
42299,79,81,-2,2
42300,70,69,1,1
42301,106,93,13,13
42302,104,128,-24,24
42303,141,125,16,16
42304,99,84,15,15
42305,96,88,8,8
42306,55,54,1,1
42307,99,95,4,4
42308,116,113,3,3
42309,64,88,-24,24
42310,152,126,26,26
42311,63,68,-5,5
42312,78,75,3,3
42313,123,125,-2,2
42314,126,116,10,10
42315,79,72,7,7
42316,92,75,17,17
42317,94,96,-2,2
42318,200,167,33,33
42319,157,140,17,17
42320,80,80,0,0
42321,57,60,-3,3
42322,141,128,13,13
42323,60,64,-4,4
42324,85,77,8,8
42325,54,48,6,6
42326,159,148,11,11
42327,150,126,24,24
42328,87,80,7,7
42329,47,62,-15,15
42330,96,91,5,5
42331,82,80,2,2
42332,74,70,4,4
42333,120,114,6,6
42334,109,89,20,20
42335,86,88,-2,2
42336,129,117,12,12
42337,196,166,30,30
42338,178,148,30,30
42339,105,94,11,11
42340,61,69,-8,8
42341,67,70,-3,3
42342,109,101,8,8
42343,111,116,-5,5
42344,52,66,-14,14
42345,89,79,10,10
42346,71,82,-11,11
42347,111,102,9,9
42348,40,39,1,1
42349,79,83,-4,4
42350,99,90,9,9
42351,96,93,3,3
42352,63,58,5,5
42353,103,116,-13,13
42354,97,104,-7,7
42355,90,88,2,2
42356,119,101,18,18
42357,176,146,30,30
42358,97,92,5,5
42359,131,128,3,3
42360,86,75,11,11
42361,77,73,4,4
42362,84,80,4,4
42363,70,68,2,2
42364,109,102,7,7
42365,121,111,10,10
42366,125,125,0,0
42367,150,118,32,32
42368,103,94,9,9
42369,151,119,32,32
42370,58,59,-1,1
42371,64,65,-1,1
42372,122,112,10,10
42373,104,90,14,14
42374,92,82,10,10
42375,100,96,4,4
42376,142,119,23,23
42377,93,84,9,9
42378,120,108,12,12
42379,75,80,-5,5
42380,106,95,11,11
42381,60,68,-8,8
42382,83,81,2,2
42383,98,92,6,6
42384,56,50,6,6
42385,37,37,0,0
42386,97,83,14,14
42387,152,138,14,14
42388,97,86,11,11
42389,76,71,5,5
42390,80,88,-8,8
42391,56,58,-2,2
42392,108,94,14,14
42393,128,102,26,26
42394,117,106,11,11
42395,103,93,10,10
42396,31,37,-6,6
42397,84,77,7,7
42398,92,92,0,0
42399,115,118,-3,3
42400,128,123,5,5
42401,128,112,16,16
42402,75,82,-7,7
42403,72,88,-16,16
42404,95,84,11,11
42405,56,61,-5,5
42406,83,84,-1,1
42407,97,97,0,0
42408,109,92,17,17
42409,126,112,14,14
42410,135,127,8,8
42411,75,75,0,0
42412,73,69,4,4
42413,89,86,3,3
42414,94,90,4,4
42415,81,79,2,2
42416,78,80,-2,2
42417,79,73,6,6
42418,78,80,-2,2
42419,105,106,-1,1
42420,112,102,10,10
42421,75,68,7,7
42422,98,94,4,4
42423,94,89,5,5
42424,56,64,-8,8
42425,92,82,10,10
42426,68,70,-2,2
42427,104,98,6,6
42428,144,114,30,30
42429,50,61,-11,11
42430,51,53,-2,2
42431,61,74,-13,13
42432,83,84,-1,1
42433,28,39,-11,11
42434,99,98,1,1
42435,83,85,-2,2
42436,162,138,24,24
42437,104,97,7,7
42438,88,91,-3,3
42439,95,88,7,7
42440,116,103,13,13
42441,144,122,22,22
42442,69,56,13,13
42443,102,106,-4,4
42444,116,108,8,8
42445,61,63,-2,2
42446,108,103,5,5
42447,55,57,-2,2
42448,142,125,17,17
42449,156,138,18,18
42450,129,110,19,19
42451,180,156,24,24
42452,111,108,3,3
42453,179,160,19,19
42454,89,95,-6,6
42455,114,101,13,13
42456,96,86,10,10
42457,117,111,6,6
42458,64,68,-4,4
42459,57,58,-1,1
42460,54,62,-8,8
42461,95,85,10,10
42462,89,70,19,19
42463,109,94,15,15
42464,76,79,-3,3
42465,67,66,1,1
42466,65,67,-2,2
42467,76,82,-6,6
42468,92,89,3,3
42469,92,87,5,5
42470,74,70,4,4
42471,92,83,9,9
42472,80,75,5,5
42473,89,87,2,2
42474,43,50,-7,7
42475,69,72,-3,3
42476,88,87,1,1
42477,84,89,-5,5
42478,115,109,6,6
42479,56,57,-1,1
42480,95,97,-2,2
42481,80,88,-8,8
42482,80,75,5,5
42483,98,92,6,6
42484,49,54,-5,5
42485,91,82,9,9
42486,64,70,-6,6
42487,53,58,-5,5
42488,85,77,8,8
42489,98,93,5,5
42490,100,88,12,12
42491,69,72,-3,3
42492,48,51,-3,3
42493,105,91,14,14
42494,163,134,29,29
42495,150,139,11,11
42496,85,83,2,2
42497,128,118,10,10
42498,99,100,-1,1
42499,103,91,12,12
42500,128,108,20,20
42501,107,102,5,5
42502,55,65,-10,10
42503,84,90,-6,6
42504,90,92,-2,2
42505,90,91,-1,1
42506,72,70,2,2
42507,91,88,3,3
42508,87,91,-4,4
42509,84,70,14,14
42510,42,46,-4,4
42511,65,71,-6,6
42512,131,120,11,11
42513,48,59,-11,11
42514,109,97,12,12
42515,85,90,-5,5
42516,66,61,5,5
42517,83,85,-2,2
42518,46,45,1,1
42519,141,124,17,17
42520,59,64,-5,5
42521,87,82,5,5
42522,84,87,-3,3
42523,86,89,-3,3
42524,127,111,16,16
42525,111,108,3,3
42526,102,102,0,0
42527,65,70,-5,5
42528,70,70,0,0
42529,61,68,-7,7
42530,104,96,8,8
42531,111,104,7,7
42532,202,164,38,38
42533,100,86,14,14
42534,136,125,11,11
42535,35,42,-7,7
42536,40,44,-4,4
42537,115,105,10,10
42538,116,104,12,12
42539,72,67,5,5
42540,108,101,7,7
42541,106,109,-3,3
42542,62,67,-5,5
42543,127,112,15,15
42544,94,83,11,11
42545,89,80,9,9
42546,70,72,-2,2
42547,72,77,-5,5
42548,98,83,15,15
42549,96,87,9,9
42550,108,106,2,2
42551,142,110,32,32
42552,77,76,1,1
42553,67,67,0,0
42554,81,82,-1,1
42555,54,57,-3,3
42556,124,115,9,9
42557,110,108,2,2
42558,101,96,5,5
42559,86,84,2,2
42560,117,107,10,10
42561,111,100,11,11
42562,136,117,19,19
42563,78,72,6,6
42564,62,75,-13,13
42565,231,187,44,44
42566,180,168,12,12
42567,91,86,5,5
42568,134,124,10,10
42569,80,83,-3,3
42570,100,96,4,4
42571,123,112,11,11
42572,109,102,7,7
42573,70,69,1,1
42574,57,56,1,1
42575,148,127,21,21
42576,76,73,3,3
42577,70,72,-2,2
42578,82,82,0,0
42579,102,102,0,0
42580,198,173,25,25
42581,56,57,-1,1
42582,94,92,2,2
42583,97,95,2,2
42584,103,90,13,13
42585,81,78,3,3
42586,102,94,8,8
42587,85,82,3,3
42588,165,136,29,29
42589,50,60,-10,10
42590,124,118,6,6
42591,101,94,7,7
42592,79,74,5,5
42593,138,134,4,4
42594,191,135,56,56
42595,162,144,18,18
42596,126,110,16,16
42597,103,101,2,2
42598,49,54,-5,5
42599,113,111,2,2
42600,100,92,8,8
42601,118,110,8,8
42602,117,116,1,1
42603,84,84,0,0
42604,110,96,14,14
42605,128,107,21,21
42606,105,99,6,6
42607,59,58,1,1
42608,91,88,3,3
42609,68,59,9,9
42610,72,80,-8,8
42611,135,122,13,13
42612,79,90,-11,11
42613,107,102,5,5
42614,30,41,-11,11
42615,70,72,-2,2
42616,105,98,7,7
42617,92,86,6,6
42618,177,156,21,21
42619,84,89,-5,5
42620,67,78,-11,11
42621,150,116,34,34
42622,65,82,-17,17
42623,69,71,-2,2
42624,94,87,7,7
42625,87,75,12,12
42626,73,81,-8,8
42627,70,74,-4,4
42628,93,85,8,8
42629,110,99,11,11
42630,87,75,12,12
42631,109,103,6,6
42632,71,74,-3,3
42633,103,101,2,2
42634,152,133,19,19
42635,70,71,-1,1
42636,125,100,25,25
42637,91,91,0,0
42638,172,151,21,21
42639,60,71,-11,11
42640,99,115,-16,16
42641,61,61,0,0
42642,91,86,5,5
42643,94,83,11,11
42644,135,116,19,19
42645,43,55,-12,12
42646,83,85,-2,2
42647,93,87,6,6
42648,116,106,10,10
42649,131,101,30,30
42650,140,135,5,5
42651,101,101,0,0
42652,160,135,25,25
42653,157,123,34,34
42654,147,160,-13,13
42655,151,137,14,14
42656,162,146,16,16
42657,52,94,-42,42
42658,77,70,7,7
42659,86,80,6,6
42660,86,90,-4,4
42661,91,80,11,11
42662,118,102,16,16
42663,103,90,13,13
42664,103,98,5,5
42665,74,73,1,1
42666,119,105,14,14
42667,89,84,5,5
42668,107,97,10,10
42669,109,132,-23,23
42670,85,91,-6,6
42671,70,67,3,3
42672,86,82,4,4
42673,105,99,6,6
42674,98,95,3,3
42675,75,75,0,0
42676,50,60,-10,10
42677,67,69,-2,2
42678,76,73,3,3
42679,80,74,6,6
42680,124,118,6,6
42681,60,71,-11,11
42682,73,73,0,0
42683,52,54,-2,2
42684,102,95,7,7
42685,29,26,3,3
42686,66,72,-6,6
42687,80,71,9,9
42688,76,73,3,3
42689,107,100,7,7
42690,68,60,8,8
42691,129,111,18,18
42692,51,50,1,1
42693,131,125,6,6
42694,73,79,-6,6
42695,157,135,22,22
42696,96,100,-4,4
42697,19,50,-31,31
42698,109,94,15,15
42699,67,70,-3,3
42700,132,121,11,11
42701,156,113,43,43
42702,85,95,-10,10
42703,90,86,4,4
42704,85,80,5,5
42705,44,58,-14,14
42706,150,127,23,23
42707,65,68,-3,3
42708,91,101,-10,10
42709,63,78,-15,15
42710,80,81,-1,1
42711,163,153,10,10
42712,110,97,13,13
42713,100,92,8,8
42714,89,80,9,9
42715,51,50,1,1
42716,97,98,-1,1
42717,82,81,1,1
42718,85,83,2,2
42719,73,78,-5,5
42720,80,73,7,7
42721,50,59,-9,9
42722,81,78,3,3
42723,68,69,-1,1
42724,76,79,-3,3
42725,75,70,5,5
42726,82,86,-4,4
42727,78,78,0,0
42728,53,71,-18,18
42729,55,58,-3,3
42730,41,38,3,3
42731,95,91,4,4
42732,55,57,-2,2
42733,99,105,-6,6
42734,64,72,-8,8
42735,93,100,-7,7
42736,61,58,3,3
42737,95,90,5,5
42738,116,109,7,7
42739,83,73,10,10
42740,82,73,9,9
42741,137,107,30,30
42742,69,75,-6,6
42743,69,61,8,8
42744,60,56,4,4
42745,81,88,-7,7
42746,128,118,10,10
42747,78,73,5,5
42748,79,81,-2,2
42749,74,81,-7,7
42750,69,71,-2,2
42751,140,128,12,12
42752,108,108,0,0
42753,61,59,2,2
42754,142,132,10,10
42755,42,40,2,2
42756,68,63,5,5
42757,74,75,-1,1
42758,94,93,1,1
42759,164,142,22,22
42760,77,70,7,7
42761,94,86,8,8
42762,192,176,16,16
42763,121,113,8,8
42764,61,59,2,2
42765,120,116,4,4
42766,103,95,8,8
42767,89,82,7,7
42768,100,86,14,14
42769,97,83,14,14
42770,64,69,-5,5
42771,165,149,16,16
42772,74,72,2,2
42773,65,65,0,0
42774,39,50,-11,11
42775,183,155,28,28
42776,82,83,-1,1
42777,111,103,8,8
42778,150,126,24,24
42779,89,79,10,10
42780,116,106,10,10
42781,106,100,6,6
42782,129,122,7,7
42783,59,62,-3,3
42784,161,126,35,35
42785,108,115,-7,7
42786,63,73,-10,10
42787,114,104,10,10
42788,80,87,-7,7
42789,81,82,-1,1
42790,72,71,1,1
42791,99,91,8,8
42792,98,81,17,17
42793,111,95,16,16
42794,120,110,10,10
42795,119,110,9,9
42796,69,72,-3,3
42797,137,118,19,19
42798,130,121,9,9
42799,106,90,16,16
42800,58,62,-4,4
42801,144,127,17,17
42802,117,113,4,4
42803,146,143,3,3
42804,137,117,20,20
42805,116,112,4,4
42806,86,77,9,9
42807,89,83,6,6
42808,107,101,6,6
42809,108,105,3,3
42810,109,95,14,14
42811,53,59,-6,6
42812,79,70,9,9
42813,59,64,-5,5
42814,84,80,4,4
42815,156,130,26,26
42816,121,111,10,10
42817,66,69,-3,3
42818,74,72,2,2
42819,47,100,-53,53
42820,106,102,4,4
42821,98,83,15,15
42822,68,61,7,7
42823,58,66,-8,8
42824,86,87,-1,1
42825,87,89,-2,2
42826,85,87,-2,2
42827,143,125,18,18
42828,168,135,33,33
42829,63,72,-9,9
42830,72,108,-36,36
42831,170,166,4,4
42832,139,130,9,9
42833,104,103,1,1
42834,66,60,6,6
42835,78,80,-2,2
42836,66,60,6,6
42837,78,73,5,5
42838,178,141,37,37
42839,176,154,22,22
42840,77,71,6,6
42841,51,52,-1,1
42842,112,86,26,26
42843,110,117,-7,7
42844,140,137,3,3
42845,120,101,19,19
42846,88,82,6,6
42847,85,92,-7,7
42848,166,140,26,26
42849,71,71,0,0
42850,112,113,-1,1
42851,73,69,4,4
42852,80,80,0,0
42853,113,118,-5,5
42854,62,64,-2,2
42855,94,70,24,24
42856,145,132,13,13
42857,131,128,3,3
42858,103,98,5,5
42859,98,100,-2,2
42860,84,77,7,7
42861,133,116,17,17
42862,144,126,18,18
42863,141,118,23,23
42864,119,103,16,16
42865,87,83,4,4
42866,79,81,-2,2
42867,63,71,-8,8
42868,89,91,-2,2
42869,38,45,-7,7
42870,99,98,1,1
42871,114,99,15,15
42872,129,106,23,23
42873,155,137,18,18
42874,87,74,13,13
42875,70,69,1,1
42876,112,99,13,13
42877,137,124,13,13
42878,92,82,10,10
42879,145,129,16,16
42880,154,123,31,31
42881,130,115,15,15
42882,45,47,-2,2
42883,63,60,3,3
42884,58,57,1,1
42885,96,97,-1,1
42886,102,94,8,8
42887,118,118,0,0
42888,119,105,14,14
42889,75,72,3,3
42890,115,110,5,5
42891,94,92,2,2
42892,108,100,8,8
42893,101,93,8,8
42894,136,123,13,13
42895,110,106,4,4
42896,127,116,11,11
42897,94,79,15,15
42898,124,106,18,18
42899,68,72,-4,4
42900,128,110,18,18
42901,138,124,14,14
42902,83,83,0,0
42903,125,100,25,25
42904,63,66,-3,3
42905,133,100,33,33
42906,77,72,5,5
42907,94,87,7,7
42908,116,97,19,19
42909,93,88,5,5
42910,84,84,0,0
42911,125,116,9,9
42912,123,118,5,5
42913,92,88,4,4
42914,155,133,22,22
42915,86,174,-88,88
42916,75,78,-3,3
42917,74,77,-3,3
42918,78,82,-4,4
42919,96,85,11,11
42920,113,112,1,1
42921,139,148,-9,9
42922,95,86,9,9
42923,83,81,2,2
42924,128,120,8,8
42925,102,96,6,6
42926,124,127,-3,3
42927,71,72,-1,1
42928,63,64,-1,1
42929,71,70,1,1
42930,131,125,6,6
42931,115,126,-11,11
42932,91,83,8,8
42933,92,97,-5,5
42934,59,54,5,5
42935,138,126,12,12
42936,71,69,2,2
42937,53,51,2,2
42938,103,102,1,1
42939,85,79,6,6
42940,92,89,3,3
42941,109,114,-5,5
42942,74,82,-8,8
42943,100,93,7,7
42944,111,102,9,9
42945,112,105,7,7
42946,112,99,13,13
42947,31,40,-9,9
42948,57,77,-20,20
42949,194,169,25,25
42950,75,71,4,4
42951,119,112,7,7
42952,106,97,9,9
42953,89,76,13,13
42954,75,71,4,4
42955,77,77,0,0
42956,68,73,-5,5
42957,48,46,2,2
42958,53,52,1,1
42959,91,88,3,3
42960,90,99,-9,9
42961,57,66,-9,9
42962,81,82,-1,1
42963,113,103,10,10
42964,89,85,4,4
42965,74,71,3,3
42966,89,83,6,6
42967,73,79,-6,6
42968,54,49,5,5
42969,77,80,-3,3
42970,108,91,17,17
42971,59,69,-10,10
42972,218,185,33,33
42973,118,119,-1,1
42974,86,90,-4,4
42975,153,133,20,20
42976,123,111,12,12
42977,117,111,6,6
42978,51,48,3,3
42979,77,73,4,4
42980,59,58,1,1
42981,69,73,-4,4
42982,67,73,-6,6
42983,83,77,6,6
42984,137,116,21,21
42985,96,85,11,11
42986,68,69,-1,1
42987,91,93,-2,2
42988,81,85,-4,4
42989,79,68,11,11
42990,50,47,3,3
42991,78,76,2,2
42992,32,35,-3,3
42993,64,60,4,4
42994,80,82,-2,2
42995,99,91,8,8
42996,131,126,5,5
42997,48,52,-4,4
42998,77,70,7,7
42999,128,118,10,10
43000,120,110,10,10
43001,55,58,-3,3
43002,79,69,10,10
43003,85,84,1,1
43004,148,126,22,22
43005,136,125,11,11
43006,111,114,-3,3
43007,105,123,-18,18
43008,93,85,8,8
43009,79,79,0,0
43010,87,83,4,4
43011,69,71,-2,2
43012,109,100,9,9
43013,156,132,24,24
43014,106,102,4,4
43015,105,101,4,4
43016,42,40,2,2
43017,84,84,0,0
43018,15,26,-11,11
43019,89,94,-5,5
43020,179,156,23,23
43021,65,69,-4,4
43022,108,105,3,3
43023,40,49,-9,9
43024,89,81,8,8
43025,138,118,20,20
43026,134,131,3,3
43027,102,93,9,9
43028,103,95,8,8
43029,143,118,25,25
43030,65,70,-5,5
43031,74,71,3,3
43032,116,101,15,15
43033,79,77,2,2
43034,74,73,1,1
43035,91,73,18,18
43036,99,93,6,6
43037,64,59,5,5
43038,120,105,15,15
43039,103,87,16,16
43040,90,83,7,7
43041,51,50,1,1
43042,96,87,9,9
43043,77,74,3,3
43044,142,132,10,10
43045,77,66,11,11
43046,90,84,6,6
43047,141,125,16,16
43048,85,85,0,0
43049,98,89,9,9
43050,146,133,13,13
43051,120,106,14,14
43052,107,103,4,4
43053,97,96,1,1
43054,125,119,6,6
43055,81,81,0,0
43056,99,100,-1,1
43057,90,92,-2,2
43058,53,56,-3,3
43059,88,79,9,9
43060,70,65,5,5
43061,57,74,-17,17
43062,77,71,6,6
43063,51,62,-11,11
43064,110,106,4,4
43065,72,72,0,0
43066,101,97,4,4
43067,177,145,32,32
43068,153,123,30,30
43069,157,140,17,17
43070,67,68,-1,1
43071,63,62,1,1
43072,208,168,40,40
43073,84,80,4,4
43074,69,71,-2,2
43075,110,95,15,15
43076,85,70,15,15
43077,37,38,-1,1
43078,142,110,32,32
43079,82,85,-3,3
43080,81,87,-6,6
43081,94,90,4,4
43082,143,133,10,10
43083,118,102,16,16
43084,86,90,-4,4
43085,76,81,-5,5
43086,73,65,8,8
43087,131,108,23,23
43088,53,70,-17,17
43089,66,66,0,0
43090,101,95,6,6
43091,115,107,8,8
43092,136,121,15,15
43093,61,84,-23,23
43094,86,86,0,0
43095,71,80,-9,9
43096,81,80,1,1
43097,69,77,-8,8
43098,36,44,-8,8
43099,157,138,19,19
43100,57,63,-6,6
43101,73,67,6,6
43102,185,151,34,34
43103,62,57,5,5
43104,123,114,9,9
43105,65,63,2,2
43106,73,69,4,4
43107,98,92,6,6
43108,101,90,11,11
43109,104,96,8,8
43110,83,85,-2,2
43111,58,64,-6,6
43112,85,84,1,1
43113,55,59,-4,4
43114,80,72,8,8
43115,66,64,2,2
43116,83,75,8,8
43117,107,107,0,0
43118,104,93,11,11
43119,44,56,-12,12
43120,63,69,-6,6
43121,85,79,6,6
43122,133,120,13,13
43123,59,61,-2,2
43124,130,99,31,31
43125,74,73,1,1
43126,62,58,4,4
43127,109,96,13,13
43128,71,74,-3,3
43129,55,90,-35,35
43130,142,124,18,18
43131,117,114,3,3
43132,110,97,13,13
43133,35,47,-12,12
43134,85,88,-3,3
43135,63,58,5,5
43136,79,84,-5,5
43137,101,89,12,12
43138,73,75,-2,2
43139,150,141,9,9
43140,164,129,35,35
43141,121,109,12,12
43142,56,59,-3,3
43143,82,81,1,1
43144,115,122,-7,7
43145,103,92,11,11
43146,80,75,5,5
43147,90,101,-11,11
43148,103,95,8,8
43149,122,114,8,8
43150,113,109,4,4
43151,62,71,-9,9
43152,120,113,7,7
43153,94,92,2,2
43154,93,89,4,4
43155,52,53,-1,1
43156,89,80,9,9
43157,72,61,11,11
43158,65,59,6,6
43159,92,85,7,7
43160,59,62,-3,3
43161,86,97,-11,11
43162,119,105,14,14
43163,64,67,-3,3
43164,142,107,35,35
43165,80,80,0,0
43166,68,70,-2,2
43167,85,89,-4,4
43168,69,71,-2,2
43169,157,133,24,24
43170,120,99,21,21
43171,135,121,14,14
43172,72,67,5,5
43173,99,82,17,17
43174,88,89,-1,1
43175,101,92,9,9
43176,72,74,-2,2
43177,166,154,12,12
43178,49,53,-4,4
43179,89,82,7,7
43180,113,99,14,14
43181,113,98,15,15
43182,85,85,0,0
43183,67,79,-12,12
43184,89,86,3,3
43185,63,67,-4,4
43186,52,91,-39,39
43187,127,115,12,12
43188,106,98,8,8
43189,120,98,22,22
43190,97,108,-11,11
43191,57,65,-8,8
43192,68,85,-17,17
43193,105,100,5,5
43194,106,106,0,0
43195,133,119,14,14
43196,63,70,-7,7
43197,58,59,-1,1
43198,106,105,1,1
43199,103,91,12,12
43200,71,72,-1,1
43201,103,101,2,2
43202,42,42,0,0
43203,91,82,9,9
43204,103,103,0,0
43205,90,86,4,4
43206,103,99,4,4
43207,111,99,12,12
43208,132,112,20,20
43209,115,106,9,9
43210,121,117,4,4
43211,122,106,16,16
43212,132,117,15,15
43213,32,44,-12,12
43214,110,97,13,13
43215,87,88,-1,1
43216,135,118,17,17
43217,102,92,10,10
43218,82,84,-2,2
43219,131,112,19,19
43220,102,100,2,2
43221,52,53,-1,1
43222,100,99,1,1
43223,100,91,9,9
43224,90,91,-1,1
43225,85,91,-6,6
43226,61,65,-4,4
43227,154,149,5,5
43228,137,116,21,21
43229,107,94,13,13
43230,98,97,1,1
43231,92,85,7,7
43232,191,153,38,38
43233,113,112,1,1
43234,104,101,3,3
43235,62,60,2,2
43236,80,77,3,3
43237,50,50,0,0
43238,100,82,18,18
43239,126,119,7,7
43240,113,99,14,14
43241,69,71,-2,2
43242,62,63,-1,1
43243,52,71,-19,19
43244,118,107,11,11
43245,59,64,-5,5
43246,40,45,-5,5
43247,93,90,3,3
43248,105,105,0,0
43249,127,109,18,18
43250,84,88,-4,4
43251,93,100,-7,7
43252,121,120,1,1
43253,94,93,1,1
43254,64,68,-4,4
43255,109,97,12,12
43256,123,120,3,3
43257,130,112,18,18
43258,138,123,15,15
43259,67,70,-3,3
43260,99,92,7,7
43261,84,82,2,2
43262,112,116,-4,4
43263,103,98,5,5
43264,60,58,2,2
43265,90,104,-14,14
43266,131,122,9,9
43267,47,49,-2,2
43268,90,84,6,6
43269,81,80,1,1
43270,84,80,4,4
43271,81,82,-1,1
43272,105,102,3,3
43273,67,69,-2,2
43274,86,84,2,2
43275,140,133,7,7
43276,78,69,9,9
43277,96,90,6,6
43278,102,99,3,3
43279,43,49,-6,6
43280,71,83,-12,12
43281,91,95,-4,4
43282,84,82,2,2
43283,125,112,13,13
43284,50,55,-5,5
43285,90,90,0,0
43286,68,63,5,5
43287,129,116,13,13
43288,133,128,5,5
43289,72,89,-17,17
43290,150,135,15,15
43291,179,149,30,30
43292,96,88,8,8
43293,72,68,4,4
43294,178,142,36,36
43295,89,82,7,7
43296,129,109,20,20
43297,84,80,4,4
43298,87,78,9,9
43299,82,76,6,6
43300,82,87,-5,5
43301,91,91,0,0
43302,112,109,3,3
43303,88,90,-2,2
43304,100,100,0,0
43305,164,140,24,24
43306,89,89,0,0
43307,72,80,-8,8
43308,111,112,-1,1
43309,123,121,2,2
43310,163,132,31,31
43311,65,69,-4,4
43312,130,127,3,3
43313,145,132,13,13
43314,92,85,7,7
43315,50,59,-9,9
43316,73,87,-14,14
43317,57,61,-4,4
43318,89,76,13,13
43319,82,80,2,2
43320,67,65,2,2
43321,91,95,-4,4
43322,112,105,7,7
43323,73,73,0,0
43324,64,61,3,3
43325,119,122,-3,3
43326,61,54,7,7
43327,26,35,-9,9
43328,67,67,0,0
43329,178,149,29,29
43330,97,81,16,16
43331,132,104,28,28
43332,121,116,5,5
43333,143,112,31,31
43334,92,96,-4,4
43335,78,80,-2,2
43336,99,98,1,1
43337,68,63,5,5
43338,61,61,0,0
43339,139,132,7,7
43340,162,147,15,15
43341,86,83,3,3
43342,106,97,9,9
43343,48,49,-1,1
43344,125,109,16,16
43345,123,111,12,12
43346,117,105,12,12
43347,229,184,45,45
43348,83,83,0,0
43349,72,105,-33,33
43350,130,120,10,10
43351,49,53,-4,4
43352,124,114,10,10
43353,123,115,8,8
43354,127,124,3,3
43355,78,76,2,2
43356,87,104,-17,17
43357,129,111,18,18
43358,97,86,11,11
43359,129,127,2,2
43360,69,67,2,2
43361,84,81,3,3
43362,122,102,20,20
43363,158,132,26,26
43364,77,80,-3,3
43365,86,93,-7,7
43366,100,99,1,1
43367,93,97,-4,4
43368,117,103,14,14
43369,139,120,19,19
43370,100,92,8,8
43371,162,136,26,26
43372,68,70,-2,2
43373,68,70,-2,2
43374,85,75,10,10
43375,105,91,14,14
43376,174,142,32,32
43377,85,83,2,2
43378,108,95,13,13
43379,67,70,-3,3
43380,115,108,7,7
43381,63,62,1,1
43382,107,100,7,7
43383,99,98,1,1
43384,52,58,-6,6
43385,87,81,6,6
43386,125,90,35,35
43387,64,57,7,7
43388,101,105,-4,4
43389,118,110,8,8
43390,129,118,11,11
43391,100,99,1,1
43392,71,65,6,6
43393,70,84,-14,14
43394,70,76,-6,6
43395,101,82,19,19
43396,71,73,-2,2
43397,70,69,1,1
43398,115,106,9,9
43399,56,57,-1,1
43400,106,98,8,8
43401,125,116,9,9
43402,104,96,8,8
43403,84,80,4,4
43404,64,68,-4,4
43405,82,81,1,1
43406,99,102,-3,3
43407,167,146,21,21
43408,107,95,12,12
43409,91,83,8,8
43410,83,85,-2,2
43411,89,77,12,12
43412,92,83,9,9
43413,114,102,12,12
43414,126,98,28,28
43415,133,117,16,16
43416,51,58,-7,7
43417,87,79,8,8
43418,67,65,2,2
43419,67,65,2,2
43420,142,123,19,19
43421,139,116,23,23
43422,125,103,22,22
43423,81,78,3,3
43424,210,170,40,40
43425,113,100,13,13
43426,57,71,-14,14
43427,94,88,6,6
43428,121,92,29,29
43429,107,100,7,7
43430,38,47,-9,9
43431,81,81,0,0
43432,126,107,19,19
43433,248,221,27,27
43434,92,91,1,1
43435,153,134,19,19
43436,127,119,8,8
43437,45,50,-5,5
43438,81,98,-17,17
43439,164,147,17,17
43440,140,138,2,2
43441,114,103,11,11
43442,115,109,6,6
43443,87,81,6,6
43444,57,58,-1,1
43445,51,45,6,6
43446,95,102,-7,7
43447,33,33,0,0
43448,128,116,12,12
43449,101,95,6,6
43450,75,79,-4,4
43451,138,123,15,15
43452,136,116,20,20
43453,63,84,-21,21
43454,80,68,12,12
43455,90,97,-7,7
43456,47,45,2,2
43457,96,90,6,6
43458,62,58,4,4
43459,98,90,8,8
43460,140,130,10,10
43461,84,75,9,9
43462,143,130,13,13
43463,84,84,0,0
43464,151,136,15,15
43465,87,77,10,10
43466,107,107,0,0
43467,118,102,16,16
43468,60,67,-7,7
43469,82,84,-2,2
43470,167,144,23,23
43471,110,97,13,13
43472,98,95,3,3
43473,83,82,1,1
43474,76,73,3,3
43475,93,97,-4,4
43476,102,96,6,6
43477,76,65,11,11
43478,76,80,-4,4
43479,115,108,7,7
43480,77,80,-3,3
43481,98,92,6,6
43482,149,131,18,18
43483,78,74,4,4
43484,119,109,10,10
43485,121,108,13,13
43486,46,75,-29,29
43487,67,79,-12,12
43488,129,113,16,16
43489,114,109,5,5
43490,73,75,-2,2
43491,118,111,7,7
43492,90,89,1,1
43493,165,146,19,19
43494,147,135,12,12
43495,52,45,7,7
43496,111,113,-2,2
43497,160,129,31,31
43498,88,93,-5,5
43499,105,96,9,9
43500,105,88,17,17
43501,90,90,0,0
43502,120,113,7,7
43503,89,72,17,17
43504,79,80,-1,1
43505,82,88,-6,6
43506,122,116,6,6
43507,96,89,7,7
43508,48,54,-6,6
43509,70,66,4,4
43510,65,76,-11,11
43511,78,79,-1,1
43512,133,118,15,15
43513,48,51,-3,3
43514,90,90,0,0
43515,54,60,-6,6
43516,104,90,14,14
43517,91,83,8,8
43518,112,104,8,8
43519,63,69,-6,6
43520,113,105,8,8
43521,99,83,16,16
43522,100,92,8,8
43523,69,70,-1,1
43524,122,107,15,15
43525,84,86,-2,2
43526,119,101,18,18
43527,103,94,9,9
43528,91,103,-12,12
43529,55,60,-5,5
43530,64,68,-4,4
43531,87,83,4,4
43532,220,186,34,34
43533,85,85,0,0
43534,63,69,-6,6
43535,64,63,1,1
43536,109,106,3,3
43537,80,78,2,2
43538,91,88,3,3
43539,146,137,9,9
43540,125,116,9,9
43541,130,122,8,8
43542,127,130,-3,3
43543,113,98,15,15
43544,125,115,10,10
43545,84,84,0,0
43546,111,103,8,8
43547,138,121,17,17
43548,47,50,-3,3
43549,75,83,-8,8
43550,98,104,-6,6
43551,163,141,22,22
43552,140,115,25,25
43553,50,46,4,4
43554,77,76,1,1
43555,64,59,5,5
43556,76,71,5,5
43557,108,99,9,9
43558,53,48,5,5
43559,65,73,-8,8
43560,197,169,28,28
43561,182,154,28,28
43562,71,71,0,0
43563,134,109,25,25
43564,126,105,21,21
43565,54,59,-5,5
43566,132,124,8,8
43567,86,80,6,6
43568,106,104,2,2
43569,53,56,-3,3
43570,87,82,5,5
43571,80,81,-1,1
43572,150,141,9,9
43573,49,50,-1,1
43574,137,99,38,38
43575,51,55,-4,4
43576,90,82,8,8
43577,125,116,9,9
43578,110,107,3,3
43579,112,109,3,3
43580,51,58,-7,7
43581,105,89,16,16
43582,110,107,3,3
43583,93,95,-2,2
43584,169,146,23,23
43585,97,81,16,16
43586,97,81,16,16
43587,89,90,-1,1
43588,75,74,1,1
43589,119,109,10,10
43590,93,94,-1,1
43591,53,58,-5,5
43592,121,96,25,25
43593,61,77,-16,16
43594,98,100,-2,2
43595,92,90,2,2
43596,63,60,3,3
43597,101,85,16,16
43598,180,153,27,27
43599,70,69,1,1
43600,66,67,-1,1
43601,121,152,-31,31
43602,100,93,7,7
43603,151,135,16,16
43604,44,65,-21,21
43605,93,88,5,5
43606,79,72,7,7
43607,133,112,21,21
43608,51,48,3,3
43609,111,106,5,5
43610,83,81,2,2
43611,93,95,-2,2
43612,78,70,8,8
43613,75,73,2,2
43614,133,124,9,9
43615,128,109,19,19
43616,98,101,-3,3
43617,137,106,31,31
43618,79,82,-3,3
43619,90,86,4,4
43620,62,66,-4,4
43621,170,156,14,14
43622,123,111,12,12
43623,57,63,-6,6
43624,87,94,-7,7
43625,35,48,-13,13
43626,76,85,-9,9
43627,95,86,9,9
43628,63,68,-5,5
43629,74,73,1,1
43630,125,120,5,5
43631,115,106,9,9
43632,63,64,-1,1
43633,141,125,16,16
43634,78,75,3,3
43635,71,71,0,0
43636,90,89,1,1
43637,235,203,32,32
43638,118,102,16,16
43639,65,70,-5,5
43640,98,87,11,11
43641,97,101,-4,4
43642,48,60,-12,12
43643,110,106,4,4
43644,96,92,4,4
43645,119,107,12,12
43646,141,125,16,16
43647,80,80,0,0
43648,88,102,-14,14
43649,93,88,5,5
43650,141,129,12,12
43651,59,80,-21,21
43652,98,93,5,5
43653,66,76,-10,10
43654,91,89,2,2
43655,90,86,4,4
43656,111,102,9,9
43657,96,90,6,6
43658,103,91,12,12
43659,59,60,-1,1
43660,68,70,-2,2
43661,73,72,1,1
43662,60,65,-5,5
43663,75,88,-13,13
43664,65,70,-5,5
43665,91,91,0,0
43666,53,63,-10,10
43667,97,94,3,3
43668,66,63,3,3
43669,94,90,4,4
43670,97,94,3,3
43671,81,79,2,2
43672,134,117,17,17
43673,96,98,-2,2
43674,115,112,3,3
43675,51,74,-23,23
43676,75,76,-1,1
43677,157,135,22,22
43678,86,85,1,1
43679,147,135,12,12
43680,85,80,5,5
43681,88,92,-4,4
43682,46,47,-1,1
43683,119,110,9,9
43684,109,94,15,15
43685,142,131,11,11
43686,95,95,0,0
43687,93,95,-2,2
43688,79,75,4,4
43689,142,128,14,14
43690,83,83,0,0
43691,93,88,5,5
43692,149,104,45,45
43693,114,99,15,15
43694,99,85,14,14
43695,125,120,5,5
43696,116,99,17,17
43697,131,129,2,2
43698,103,95,8,8
43699,79,70,9,9
43700,171,153,18,18
43701,69,74,-5,5
43702,78,86,-8,8
43703,67,81,-14,14
43704,82,80,2,2
43705,110,113,-3,3
43706,171,143,28,28
43707,46,45,1,1
43708,60,60,0,0
43709,179,146,33,33
43710,68,73,-5,5
43711,66,64,2,2
43712,67,66,1,1
43713,87,101,-14,14
43714,61,62,-1,1
43715,61,66,-5,5
43716,122,117,5,5
43717,96,92,4,4
43718,106,90,16,16
43719,54,55,-1,1
43720,76,77,-1,1
43721,111,107,4,4
43722,44,46,-2,2
43723,163,144,19,19
43724,71,60,11,11
43725,74,72,2,2
43726,97,94,3,3
43727,134,118,16,16
43728,82,78,4,4
43729,79,94,-15,15
43730,138,116,22,22
43731,82,99,-17,17
43732,152,138,14,14
43733,111,108,3,3
43734,123,105,18,18
43735,77,72,5,5
43736,146,126,20,20
43737,82,80,2,2
43738,69,72,-3,3
43739,91,95,-4,4
43740,166,141,25,25
43741,53,54,-1,1
43742,71,69,2,2
43743,84,81,3,3
43744,68,71,-3,3
43745,94,96,-2,2
43746,101,117,-16,16
43747,106,98,8,8
43748,93,86,7,7
43749,69,71,-2,2
43750,136,116,20,20
43751,90,85,5,5
43752,87,76,11,11
43753,64,59,5,5
43754,62,100,-38,38
43755,77,80,-3,3
43756,47,64,-17,17
43757,122,112,10,10
43758,67,72,-5,5
43759,87,94,-7,7
43760,84,73,11,11
43761,68,70,-2,2
43762,60,66,-6,6
43763,75,73,2,2
43764,90,83,7,7
43765,69,81,-12,12
43766,77,75,2,2
43767,82,75,7,7
43768,127,118,9,9
43769,58,60,-2,2
43770,151,126,25,25
43771,125,121,4,4
43772,114,103,11,11
43773,106,104,2,2
43774,85,84,1,1
43775,92,86,6,6
43776,70,69,1,1
43777,124,118,6,6
43778,97,98,-1,1
43779,71,76,-5,5
43780,146,136,10,10
43781,93,90,3,3
43782,91,80,11,11
43783,63,62,1,1
43784,60,60,0,0
43785,84,97,-13,13
43786,192,173,19,19
43787,93,85,8,8
43788,133,115,18,18
43789,95,87,8,8
43790,65,60,5,5
43791,81,87,-6,6
43792,107,108,-1,1
43793,131,113,18,18
43794,130,120,10,10
43795,68,64,4,4
43796,77,80,-3,3
43797,112,111,1,1
43798,67,78,-11,11
43799,91,86,5,5
43800,90,84,6,6
43801,125,114,11,11
43802,69,65,4,4
43803,106,101,5,5
43804,110,98,12,12
43805,65,65,0,0
43806,87,91,-4,4
43807,60,56,4,4
43808,91,84,7,7
43809,153,126,27,27
43810,95,91,4,4
43811,150,130,20,20
43812,61,66,-5,5
43813,169,161,8,8
43814,76,78,-2,2
43815,93,90,3,3
43816,75,70,5,5
43817,76,82,-6,6
43818,85,98,-13,13
43819,63,71,-8,8
43820,86,88,-2,2
43821,111,100,11,11
43822,81,77,4,4
43823,225,160,65,65
43824,49,58,-9,9
43825,90,89,1,1
43826,67,64,3,3
43827,109,105,4,4
43828,103,91,12,12
43829,73,69,4,4
43830,137,125,12,12
43831,93,95,-2,2
43832,68,71,-3,3
43833,82,92,-10,10
43834,66,73,-7,7
43835,110,90,20,20
43836,170,158,12,12
43837,104,98,6,6
43838,73,74,-1,1
43839,137,115,22,22
43840,55,56,-1,1
43841,52,61,-9,9
43842,95,84,11,11
43843,48,51,-3,3
43844,67,77,-10,10
43845,64,67,-3,3
43846,71,73,-2,2
43847,77,75,2,2
43848,66,63,3,3
43849,78,76,2,2
43850,71,72,-1,1
43851,117,108,9,9
43852,83,73,10,10
43853,43,45,-2,2
43854,100,89,11,11
43855,50,57,-7,7
43856,140,130,10,10
43857,86,97,-11,11
43858,63,62,1,1
43859,91,90,1,1
43860,113,100,13,13
43861,63,61,2,2
43862,61,58,3,3
43863,78,82,-4,4
43864,34,51,-17,17
43865,90,98,-8,8
43866,47,43,4,4
43867,64,72,-8,8
43868,58,64,-6,6
43869,116,110,6,6
43870,117,108,9,9
43871,84,88,-4,4
43872,105,102,3,3
43873,86,84,2,2
43874,68,68,0,0
43875,131,128,3,3
43876,77,80,-3,3
43877,76,69,7,7
43878,117,99,18,18
43879,97,87,10,10
43880,123,113,10,10
43881,98,97,1,1
43882,71,71,0,0
43883,127,114,13,13
43884,56,56,0,0
43885,122,107,15,15
43886,49,60,-11,11
43887,60,63,-3,3
43888,115,102,13,13
43889,78,81,-3,3
43890,46,55,-9,9
43891,119,107,12,12
43892,129,133,-4,4
43893,66,61,5,5
43894,142,130,12,12
43895,79,76,3,3
43896,71,77,-6,6
43897,144,129,15,15
43898,106,103,3,3
43899,77,79,-2,2
43900,74,78,-4,4
43901,69,70,-1,1
43902,88,81,7,7
43903,59,59,0,0
43904,123,112,11,11
43905,54,56,-2,2
43906,43,50,-7,7
43907,155,122,33,33
43908,68,70,-2,2
43909,131,121,10,10
43910,146,127,19,19
43911,102,87,15,15
43912,80,80,0,0
43913,57,63,-6,6
43914,81,76,5,5
43915,104,109,-5,5
43916,39,38,1,1
43917,78,78,0,0
43918,112,100,12,12
43919,44,82,-38,38
43920,79,76,3,3
43921,132,121,11,11
43922,117,115,2,2
43923,80,82,-2,2
43924,88,77,11,11
43925,61,63,-2,2
43926,57,50,7,7
43927,123,114,9,9
43928,60,67,-7,7
43929,113,100,13,13
43930,64,68,-4,4
43931,101,89,12,12
43932,143,131,12,12
43933,71,75,-4,4
43934,80,71,9,9
43935,70,67,3,3
43936,45,45,0,0
43937,44,54,-10,10
43938,92,85,7,7
43939,67,71,-4,4
43940,63,55,8,8
43941,139,123,16,16
43942,127,112,15,15
43943,69,68,1,1
43944,136,120,16,16
43945,109,107,2,2
43946,120,109,11,11
43947,63,64,-1,1
43948,50,51,-1,1
43949,97,86,11,11
43950,103,86,17,17
43951,89,80,9,9
43952,85,78,7,7
43953,173,150,23,23
43954,128,117,11,11
43955,171,155,16,16
43956,49,44,5,5
43957,99,82,17,17
43958,129,127,2,2
43959,85,85,0,0
43960,102,93,9,9
43961,124,115,9,9
43962,122,102,20,20
43963,137,121,16,16
43964,89,88,1,1
43965,51,50,1,1
43966,81,97,-16,16
43967,88,79,9,9
43968,76,80,-4,4
43969,111,109,2,2
43970,86,85,1,1
43971,131,116,15,15
43972,23,31,-8,8
43973,109,101,8,8
43974,84,81,3,3
43975,101,99,2,2
43976,139,126,13,13
43977,58,69,-11,11
43978,71,72,-1,1
43979,95,81,14,14
43980,70,68,2,2
43981,65,70,-5,5
43982,95,88,7,7
43983,109,99,10,10
43984,57,59,-2,2
43985,103,98,5,5
43986,184,150,34,34
43987,80,77,3,3
43988,103,100,3,3
43989,94,113,-19,19
43990,62,63,-1,1
43991,110,87,23,23
43992,109,104,5,5
43993,47,53,-6,6
43994,107,105,2,2
43995,184,149,35,35
43996,122,120,2,2
43997,155,141,14,14
43998,66,73,-7,7
43999,63,63,0,0
44000,104,109,-5,5
44001,100,89,11,11
44002,82,95,-13,13
44003,162,148,14,14
44004,122,118,4,4
44005,78,124,-46,46
44006,71,66,5,5
44007,131,106,25,25
44008,113,94,19,19
44009,84,88,-4,4
44010,65,63,2,2
44011,81,81,0,0
44012,93,81,12,12
44013,67,65,2,2
44014,148,123,25,25
44015,72,78,-6,6
44016,106,93,13,13
44017,79,87,-8,8
44018,113,107,6,6
44019,66,62,4,4
44020,68,59,9,9
44021,63,59,4,4
44022,81,94,-13,13
44023,117,109,8,8
44024,70,100,-30,30
44025,78,78,0,0
44026,165,157,8,8
44027,40,40,0,0
44028,85,88,-3,3
44029,73,103,-30,30
44030,104,94,10,10
44031,129,109,20,20
44032,116,101,15,15
44033,115,103,12,12
44034,82,80,2,2
44035,84,86,-2,2
44036,82,85,-3,3
44037,29,60,-31,31
44038,64,75,-11,11
44039,66,57,9,9
44040,114,106,8,8
44041,146,124,22,22
44042,65,60,5,5
44043,42,45,-3,3
44044,157,148,9,9
44045,89,82,7,7
44046,116,121,-5,5
44047,54,58,-4,4
44048,77,74,3,3
44049,79,80,-1,1
44050,137,126,11,11
44051,67,65,2,2
44052,105,108,-3,3
44053,149,110,39,39
44054,57,59,-2,2
44055,104,108,-4,4
44056,89,94,-5,5
44057,82,84,-2,2
44058,106,111,-5,5
44059,191,164,27,27
44060,87,82,5,5
44061,58,59,-1,1
44062,114,108,6,6
44063,114,113,1,1
44064,118,101,17,17
44065,159,136,23,23
44066,58,57,1,1
44067,95,91,4,4
44068,74,72,2,2
44069,135,113,22,22
44070,134,125,9,9
44071,87,81,6,6
44072,130,110,20,20
44073,119,107,12,12
44074,142,127,15,15
44075,152,137,15,15
44076,105,99,6,6
44077,63,66,-3,3
44078,92,92,0,0
44079,75,69,6,6
44080,96,92,4,4
44081,75,68,7,7
44082,56,57,-1,1
44083,72,69,3,3
44084,89,98,-9,9
44085,58,62,-4,4
44086,76,73,3,3
44087,90,98,-8,8
44088,73,81,-8,8
44089,78,79,-1,1
44090,110,112,-2,2
44091,174,138,36,36
44092,104,90,14,14
44093,94,96,-2,2
44094,165,139,26,26
44095,107,94,13,13
44096,78,73,5,5
44097,90,84,6,6
44098,124,108,16,16
44099,129,109,20,20
44100,66,66,0,0
44101,73,78,-5,5
44102,139,131,8,8
44103,72,77,-5,5
44104,140,123,17,17
44105,93,96,-3,3
44106,135,117,18,18
44107,56,58,-2,2
44108,76,72,4,4
44109,102,101,1,1
44110,102,99,3,3
44111,130,120,10,10
44112,152,136,16,16
44113,76,72,4,4
44114,178,160,18,18
44115,85,74,11,11
44116,78,72,6,6
44117,97,107,-10,10
44118,113,108,5,5
44119,81,84,-3,3
44120,65,78,-13,13
44121,42,46,-4,4
44122,72,81,-9,9
44123,115,107,8,8
44124,80,84,-4,4
44125,39,39,0,0
44126,85,81,4,4
44127,101,94,7,7
44128,158,142,16,16
44129,91,92,-1,1
44130,68,69,-1,1
44131,112,112,0,0
44132,161,146,15,15
44133,147,142,5,5
44134,63,68,-5,5
44135,60,78,-18,18
44136,84,84,0,0
44137,112,106,6,6
44138,129,111,18,18
44139,136,126,10,10
44140,130,114,16,16
44141,74,73,1,1
44142,111,110,1,1
44143,118,111,7,7
44144,60,60,0,0
44145,59,70,-11,11
44146,90,87,3,3
44147,72,78,-6,6
44148,118,111,7,7
44149,63,63,0,0
44150,91,86,5,5
44151,106,102,4,4
44152,89,88,1,1
44153,111,104,7,7
44154,131,118,13,13
44155,85,94,-9,9
44156,97,95,2,2
44157,41,43,-2,2
44158,104,99,5,5
44159,137,130,7,7
44160,110,98,12,12
44161,50,79,-29,29
44162,143,118,25,25
44163,110,101,9,9
44164,79,78,1,1
44165,79,80,-1,1
44166,71,75,-4,4
44167,116,111,5,5
44168,89,83,6,6
44169,85,83,2,2
44170,62,71,-9,9
44171,105,91,14,14
44172,110,110,0,0
44173,68,79,-11,11
44174,125,118,7,7
44175,120,111,9,9
44176,118,105,13,13
44177,63,62,1,1
44178,42,46,-4,4
44179,49,55,-6,6
44180,96,89,7,7
44181,107,101,6,6
44182,108,108,0,0
44183,94,88,6,6
44184,89,83,6,6
44185,117,110,7,7
44186,120,114,6,6
44187,71,71,0,0
44188,71,72,-1,1
44189,58,63,-5,5
44190,90,95,-5,5
44191,118,102,16,16
44192,43,66,-23,23
44193,78,75,3,3
44194,159,137,22,22
44195,99,104,-5,5
44196,92,93,-1,1
44197,148,126,22,22
44198,97,83,14,14
44199,84,89,-5,5
44200,45,46,-1,1
44201,63,67,-4,4
44202,117,107,10,10
44203,122,110,12,12
44204,115,101,14,14
44205,110,100,10,10
44206,114,101,13,13
44207,71,72,-1,1
44208,132,130,2,2
44209,73,70,3,3
44210,137,121,16,16
44211,79,71,8,8
44212,79,69,10,10
44213,106,100,6,6
44214,99,88,11,11
44215,77,96,-19,19
44216,127,122,5,5
44217,96,85,11,11
44218,66,62,4,4
44219,63,63,0,0
44220,95,93,2,2
44221,97,91,6,6
44222,42,41,1,1
44223,60,48,12,12
44224,59,66,-7,7
44225,66,65,1,1
44226,140,99,41,41
44227,64,69,-5,5
44228,72,72,0,0
44229,85,81,4,4
44230,119,97,22,22
44231,99,88,11,11
44232,133,117,16,16
44233,75,80,-5,5
44234,66,66,0,0
44235,102,92,10,10
44236,63,70,-7,7
44237,133,119,14,14
44238,144,130,14,14
44239,141,117,24,24
44240,97,100,-3,3
44241,90,93,-3,3
44242,124,120,4,4
44243,123,119,4,4
44244,191,158,33,33
44245,62,62,0,0
44246,58,65,-7,7
44247,98,90,8,8
44248,113,104,9,9
44249,107,94,13,13
44250,106,104,2,2
44251,95,87,8,8
44252,144,125,19,19
44253,50,47,3,3
44254,195,157,38,38
44255,122,98,24,24
44256,97,79,18,18
44257,71,58,13,13
44258,153,129,24,24
44259,67,72,-5,5
44260,51,58,-7,7
44261,65,71,-6,6
44262,78,77,1,1
44263,87,82,5,5
44264,72,77,-5,5
44265,81,81,0,0
44266,149,132,17,17
44267,119,100,19,19
44268,102,88,14,14
44269,93,87,6,6
44270,116,110,6,6
44271,125,115,10,10
44272,138,123,15,15
44273,75,82,-7,7
44274,100,97,3,3
44275,107,92,15,15
44276,91,110,-19,19
44277,135,123,12,12
44278,47,58,-11,11
44279,95,84,11,11
44280,88,95,-7,7
44281,71,68,3,3
44282,110,115,-5,5
44283,108,104,4,4
44284,49,63,-14,14
44285,48,50,-2,2
44286,93,92,1,1
44287,94,91,3,3
44288,140,126,14,14
44289,68,62,6,6
44290,79,83,-4,4
44291,147,134,13,13
44292,107,96,11,11
44293,77,73,4,4
44294,87,84,3,3
44295,183,164,19,19
44296,123,106,17,17
44297,143,124,19,19
44298,94,89,5,5
44299,96,84,12,12
44300,85,87,-2,2
44301,112,106,6,6
44302,82,81,1,1
44303,103,96,7,7
44304,98,94,4,4
44305,104,100,4,4
44306,81,72,9,9
44307,57,61,-4,4
44308,113,116,-3,3
44309,80,80,0,0
44310,117,105,12,12
44311,68,65,3,3
44312,76,76,0,0
44313,69,81,-12,12
44314,86,90,-4,4
44315,107,94,13,13
44316,63,59,4,4
44317,127,118,9,9
44318,87,84,3,3
44319,82,81,1,1
44320,92,87,5,5
44321,78,77,1,1
44322,117,106,11,11
44323,93,100,-7,7
44324,116,108,8,8
44325,51,58,-7,7
44326,80,77,3,3
44327,126,120,6,6
44328,48,61,-13,13
44329,183,163,20,20
44330,61,64,-3,3
44331,128,123,5,5
44332,95,84,11,11
44333,107,91,16,16
44334,87,91,-4,4
44335,136,126,10,10
44336,49,52,-3,3
44337,77,73,4,4
44338,114,102,12,12
44339,139,116,23,23
44340,90,87,3,3
44341,164,158,6,6
44342,124,124,0,0
44343,115,110,5,5
44344,111,101,10,10
44345,144,131,13,13
44346,72,78,-6,6
44347,121,107,14,14
44348,131,116,15,15
44349,99,104,-5,5
44350,55,60,-5,5
44351,125,110,15,15
44352,43,45,-2,2
44353,75,70,5,5
44354,71,69,2,2
44355,62,64,-2,2
44356,86,81,5,5
44357,78,77,1,1
44358,101,95,6,6
44359,81,81,0,0
44360,144,122,22,22
44361,121,106,15,15
44362,84,80,4,4
44363,91,84,7,7
44364,108,115,-7,7
44365,84,83,1,1
44366,96,84,12,12
44367,130,119,11,11
44368,53,54,-1,1
44369,111,112,-1,1
44370,65,59,6,6
44371,138,118,20,20
44372,39,42,-3,3
44373,54,61,-7,7
44374,48,45,3,3
44375,62,61,1,1
44376,110,104,6,6
44377,88,89,-1,1
44378,92,83,9,9
44379,124,109,15,15
44380,86,85,1,1
44381,89,95,-6,6
44382,96,98,-2,2
44383,50,58,-8,8
44384,92,82,10,10
44385,70,73,-3,3
44386,101,98,3,3
44387,143,125,18,18
44388,128,126,2,2
44389,83,82,1,1
44390,59,60,-1,1
44391,131,111,20,20
44392,79,73,6,6
44393,66,62,4,4
44394,110,100,10,10
44395,99,91,8,8
44396,100,98,2,2
44397,92,87,5,5
44398,115,100,15,15
44399,87,79,8,8
44400,105,93,12,12
44401,77,76,1,1
44402,93,95,-2,2
44403,124,112,12,12
44404,71,78,-7,7
44405,68,68,0,0
44406,107,110,-3,3
44407,130,120,10,10
44408,32,36,-4,4
44409,96,101,-5,5
44410,82,75,7,7
44411,73,69,4,4
44412,57,79,-22,22
44413,60,64,-4,4
44414,61,67,-6,6
44415,127,106,21,21
44416,67,61,6,6
44417,148,126,22,22
44418,111,101,10,10
44419,119,102,17,17
44420,86,77,9,9
44421,88,84,4,4
44422,68,66,2,2
44423,65,69,-4,4
44424,64,73,-9,9
44425,158,121,37,37
44426,144,119,25,25
44427,91,89,2,2
44428,63,64,-1,1
44429,88,88,0,0
44430,122,103,19,19
44431,51,56,-5,5
44432,124,124,0,0
44433,118,99,19,19
44434,49,47,2,2
44435,94,82,12,12
44436,69,66,3,3
44437,168,146,22,22
44438,79,83,-4,4
44439,70,73,-3,3
44440,199,178,21,21
44441,43,53,-10,10
44442,85,88,-3,3
44443,51,54,-3,3
44444,135,119,16,16
44445,57,76,-19,19
44446,191,177,14,14
44447,94,98,-4,4
44448,109,105,4,4
44449,76,77,-1,1
44450,175,158,17,17
44451,126,123,3,3
44452,143,122,21,21
44453,101,95,6,6
44454,50,78,-28,28
44455,84,84,0,0
44456,94,89,5,5
44457,110,100,10,10
44458,170,133,37,37
44459,149,130,19,19
44460,94,96,-2,2
44461,102,99,3,3
44462,118,118,0,0
44463,112,110,2,2
44464,108,101,7,7
44465,58,66,-8,8
44466,39,102,-63,63
44467,112,104,8,8
44468,107,109,-2,2
44469,61,60,1,1
44470,99,95,4,4
44471,62,71,-9,9
44472,119,102,17,17
44473,105,94,11,11
44474,93,81,12,12
44475,109,102,7,7
44476,132,115,17,17
44477,83,102,-19,19
44478,46,48,-2,2
44479,170,143,27,27
44480,217,169,48,48
44481,119,109,10,10
44482,140,139,1,1
44483,106,96,10,10
44484,100,96,4,4
44485,61,61,0,0
44486,111,120,-9,9
44487,117,95,22,22
44488,68,75,-7,7
44489,94,91,3,3
44490,74,72,2,2
44491,109,110,-1,1
44492,98,108,-10,10
44493,103,91,12,12
44494,78,87,-9,9
44495,80,78,2,2
44496,83,82,1,1
44497,76,82,-6,6
44498,110,101,9,9
44499,152,133,19,19
44500,81,72,9,9
44501,133,121,12,12
44502,66,63,3,3
44503,102,94,8,8
44504,102,98,4,4
44505,53,58,-5,5
44506,139,125,14,14
44507,133,118,15,15
44508,57,60,-3,3
44509,61,60,1,1
44510,116,100,16,16
44511,97,92,5,5
44512,187,149,38,38
44513,62,62,0,0
44514,102,99,3,3
44515,62,72,-10,10
44516,48,44,4,4
44517,108,105,3,3
44518,68,65,3,3
44519,112,103,9,9
44520,154,135,19,19
44521,76,76,0,0
44522,110,105,5,5
44523,89,91,-2,2
44524,128,115,13,13
44525,61,70,-9,9
44526,60,68,-8,8
44527,143,132,11,11
44528,107,106,1,1
44529,76,69,7,7
44530,79,79,0,0
44531,65,61,4,4
44532,104,101,3,3
44533,145,131,14,14
44534,86,77,9,9
44535,83,81,2,2
44536,88,98,-10,10
44537,178,154,24,24
44538,116,114,2,2
44539,105,113,-8,8
44540,72,75,-3,3
44541,77,75,2,2
44542,56,66,-10,10
44543,109,93,16,16
44544,45,46,-1,1
44545,106,95,11,11
44546,42,47,-5,5
44547,118,114,4,4
44548,102,92,10,10
44549,47,71,-24,24
44550,70,71,-1,1
44551,103,102,1,1
44552,123,119,4,4
44553,170,142,28,28
44554,124,120,4,4
44555,98,95,3,3
44556,57,68,-11,11
44557,122,117,5,5
44558,59,59,0,0
44559,107,99,8,8
44560,73,69,4,4
44561,65,64,1,1
44562,53,49,4,4
44563,152,133,19,19
44564,81,77,4,4
44565,87,81,6,6
44566,77,72,5,5
44567,129,125,4,4
44568,165,146,19,19
44569,111,106,5,5
44570,108,108,0,0
44571,67,70,-3,3
44572,78,76,2,2
44573,105,94,11,11
44574,72,68,4,4
44575,75,83,-8,8
44576,85,79,6,6
44577,57,58,-1,1
44578,115,114,1,1
44579,74,70,4,4
44580,170,147,23,23
44581,90,92,-2,2
44582,85,88,-3,3
44583,65,70,-5,5
44584,45,47,-2,2
44585,160,126,34,34
44586,160,133,27,27
44587,99,99,0,0
44588,62,71,-9,9
44589,121,117,4,4
44590,129,114,15,15
44591,98,97,1,1
44592,104,92,12,12
44593,69,69,0,0
44594,75,70,5,5
44595,95,88,7,7
44596,118,111,7,7
44597,94,127,-33,33
44598,100,98,2,2
44599,129,110,19,19
44600,118,108,10,10
44601,57,142,-85,85
44602,68,67,1,1
44603,123,113,10,10
44604,93,82,11,11
44605,53,58,-5,5
44606,92,87,5,5
44607,78,80,-2,2
44608,175,136,39,39
44609,115,117,-2,2
44610,70,74,-4,4
44611,161,128,33,33
44612,61,62,-1,1
44613,64,62,2,2
44614,86,87,-1,1
44615,84,82,2,2
44616,152,119,33,33
44617,116,107,9,9
44618,53,59,-6,6
44619,57,61,-4,4
44620,68,77,-9,9
44621,178,156,22,22
44622,93,84,9,9
44623,120,106,14,14
44624,136,128,8,8
44625,39,46,-7,7
44626,102,92,10,10
44627,167,157,10,10
44628,65,62,3,3
44629,50,61,-11,11
44630,80,77,3,3
44631,126,115,11,11
44632,67,69,-2,2
44633,59,69,-10,10
44634,116,108,8,8
44635,95,91,4,4
44636,57,57,0,0
44637,75,82,-7,7
44638,99,97,2,2
44639,94,92,2,2
44640,65,60,5,5
44641,90,86,4,4
44642,126,111,15,15
44643,86,93,-7,7
44644,103,97,6,6
44645,92,99,-7,7
44646,120,110,10,10
44647,86,81,5,5
44648,19,26,-7,7
44649,138,121,17,17
44650,86,84,2,2
44651,126,114,12,12
44652,103,95,8,8
44653,89,84,5,5
44654,71,72,-1,1
44655,63,61,2,2
44656,76,77,-1,1
44657,154,133,21,21
44658,64,66,-2,2
44659,73,73,0,0
44660,61,64,-3,3
44661,57,66,-9,9
44662,142,132,10,10
44663,193,168,25,25
44664,58,74,-16,16
44665,89,93,-4,4
44666,88,86,2,2
44667,121,109,12,12
44668,110,102,8,8
44669,116,106,10,10
44670,100,91,9,9
44671,62,62,0,0
44672,100,100,0,0
44673,146,119,27,27
44674,33,37,-4,4
44675,105,104,1,1
44676,93,87,6,6
44677,48,58,-10,10
44678,74,76,-2,2
44679,55,59,-4,4
44680,77,72,5,5
44681,83,74,9,9
44682,162,138,24,24
44683,59,60,-1,1
44684,196,172,24,24
44685,95,86,9,9
44686,64,60,4,4
44687,107,107,0,0
44688,163,139,24,24
44689,78,76,2,2
44690,66,77,-11,11
44691,62,73,-11,11
44692,109,97,12,12
44693,77,78,-1,1
44694,125,108,17,17
44695,103,95,8,8
44696,81,81,0,0
44697,50,55,-5,5
44698,116,120,-4,4
44699,70,82,-12,12
44700,68,62,6,6
44701,96,87,9,9
44702,155,126,29,29
44703,128,125,3,3
44704,75,74,1,1
44705,116,109,7,7
44706,88,84,4,4
44707,100,88,12,12
44708,73,74,-1,1
44709,140,133,7,7
44710,106,100,6,6
44711,87,87,0,0
44712,78,86,-8,8
44713,92,85,7,7
44714,109,97,12,12
44715,69,73,-4,4
44716,174,149,25,25
44717,60,60,0,0
44718,61,59,2,2
44719,59,63,-4,4
44720,124,112,12,12
44721,85,81,4,4
44722,136,101,35,35
44723,118,114,4,4
44724,81,81,0,0
44725,80,80,0,0
44726,69,67,2,2
44727,60,67,-7,7
44728,63,69,-6,6
44729,46,44,2,2
44730,61,62,-1,1
44731,65,75,-10,10
44732,104,102,2,2
44733,144,125,19,19
44734,73,87,-14,14
44735,77,76,1,1
44736,96,90,6,6
44737,71,80,-9,9
44738,74,75,-1,1
44739,60,62,-2,2
44740,80,80,0,0
44741,74,79,-5,5
44742,168,140,28,28
44743,145,126,19,19
44744,86,89,-3,3
44745,137,126,11,11
44746,121,105,16,16
44747,91,80,11,11
44748,68,70,-2,2
44749,78,71,7,7
44750,84,86,-2,2
44751,150,128,22,22
44752,103,92,11,11
44753,79,80,-1,1
44754,63,69,-6,6
44755,70,69,1,1
44756,229,193,36,36
44757,130,129,1,1
44758,81,84,-3,3
44759,112,99,13,13
44760,134,109,25,25
44761,82,84,-2,2
44762,152,188,-36,36
44763,90,93,-3,3
44764,105,103,2,2
44765,138,127,11,11
44766,95,92,3,3
44767,86,82,4,4
44768,91,80,11,11
44769,58,78,-20,20
44770,130,112,18,18
44771,154,128,26,26
44772,69,73,-4,4
44773,158,123,35,35
44774,136,123,13,13
44775,56,62,-6,6
44776,86,81,5,5
44777,49,52,-3,3
44778,138,123,15,15
44779,100,95,5,5
44780,146,130,16,16
44781,56,56,0,0
44782,79,79,0,0
44783,53,51,2,2
44784,59,57,2,2
44785,64,61,3,3
44786,108,97,11,11
44787,66,66,0,0
44788,117,107,10,10
44789,60,58,2,2
44790,51,50,1,1
44791,104,92,12,12
44792,92,104,-12,12
44793,87,80,7,7
44794,84,97,-13,13
44795,155,133,22,22
44796,100,94,6,6
44797,43,44,-1,1
44798,72,62,10,10
44799,124,123,1,1
44800,116,126,-10,10
44801,159,131,28,28
44802,91,101,-10,10
44803,71,64,7,7
44804,158,139,19,19
44805,71,73,-2,2
44806,102,93,9,9
44807,117,107,10,10
44808,94,93,1,1
44809,79,89,-10,10
44810,51,53,-2,2
44811,63,60,3,3
44812,55,58,-3,3
44813,152,121,31,31
44814,78,64,14,14
44815,54,56,-2,2
44816,80,76,4,4
44817,59,61,-2,2
44818,84,82,2,2
44819,110,100,10,10
44820,124,106,18,18
44821,92,79,13,13
44822,126,115,11,11
44823,130,110,20,20
44824,89,87,2,2
44825,109,101,8,8
44826,87,90,-3,3
44827,75,66,9,9
44828,225,196,29,29
44829,182,163,19,19
44830,82,81,1,1
44831,54,63,-9,9
44832,187,152,35,35
44833,128,124,4,4
44834,87,75,12,12
44835,92,80,12,12
44836,58,68,-10,10
44837,63,61,2,2
44838,100,88,12,12
44839,102,104,-2,2
44840,46,53,-7,7
44841,89,95,-6,6
44842,61,56,5,5
44843,134,124,10,10
44844,69,70,-1,1
44845,118,107,11,11
44846,153,132,21,21
44847,115,104,11,11
44848,88,81,7,7
44849,91,87,4,4
44850,51,45,6,6
44851,68,78,-10,10
44852,155,134,21,21
44853,52,56,-4,4
44854,71,73,-2,2
44855,100,94,6,6
44856,81,76,5,5
44857,168,142,26,26
44858,80,75,5,5
44859,83,76,7,7
44860,90,93,-3,3
44861,99,94,5,5
44862,45,46,-1,1
44863,110,101,9,9
44864,118,96,22,22
44865,98,91,7,7
44866,162,137,25,25
44867,54,51,3,3
44868,80,82,-2,2
44869,91,82,9,9
44870,81,71,10,10
44871,89,86,3,3
44872,58,59,-1,1
44873,194,182,12,12
44874,78,81,-3,3
44875,63,61,2,2
44876,61,58,3,3
44877,98,93,5,5
44878,95,90,5,5
44879,97,86,11,11
44880,96,102,-6,6
44881,89,80,9,9
44882,154,132,22,22
44883,51,52,-1,1
44884,117,95,22,22
44885,42,53,-11,11
44886,92,85,7,7
44887,91,91,0,0
44888,162,153,9,9
44889,75,78,-3,3
44890,104,100,4,4
44891,117,111,6,6
44892,74,81,-7,7
44893,52,54,-2,2
44894,77,75,2,2
44895,83,76,7,7
44896,71,72,-1,1
44897,57,59,-2,2
44898,62,62,0,0
44899,114,102,12,12
44900,58,67,-9,9
44901,120,112,8,8
44902,74,74,0,0
44903,95,84,11,11
44904,63,72,-9,9
44905,84,93,-9,9
44906,57,66,-9,9
44907,70,74,-4,4
44908,71,80,-9,9
44909,71,61,10,10
44910,140,115,25,25
44911,116,114,2,2
44912,62,67,-5,5
44913,96,99,-3,3
44914,73,73,0,0
44915,79,75,4,4
44916,97,82,15,15
44917,80,70,10,10
44918,76,75,1,1
44919,67,66,1,1
44920,176,152,24,24
44921,71,83,-12,12
44922,89,85,4,4
44923,75,72,3,3
44924,142,124,18,18
44925,96,96,0,0
44926,70,72,-2,2
44927,134,119,15,15
44928,123,114,9,9
44929,71,80,-9,9
44930,45,55,-10,10
44931,102,95,7,7
44932,130,123,7,7
44933,134,125,9,9
44934,71,77,-6,6
44935,111,117,-6,6
44936,134,112,22,22
44937,131,105,26,26
44938,136,146,-10,10
44939,116,105,11,11
44940,156,134,22,22
44941,139,115,24,24
44942,102,97,5,5
44943,69,75,-6,6
44944,81,75,6,6
44945,109,107,2,2
44946,94,88,6,6
44947,77,72,5,5
44948,173,161,12,12
44949,70,76,-6,6
44950,77,81,-4,4
44951,95,90,5,5
44952,96,90,6,6
44953,90,89,1,1
44954,47,68,-21,21
44955,116,114,2,2
44956,84,74,10,10
44957,62,70,-8,8
44958,128,130,-2,2
44959,83,80,3,3
44960,90,92,-2,2
44961,86,84,2,2
44962,113,101,12,12
44963,153,126,27,27
44964,90,87,3,3
44965,96,94,2,2
44966,76,82,-6,6
44967,73,75,-2,2
44968,98,93,5,5
44969,23,44,-21,21
44970,57,63,-6,6
44971,65,80,-15,15
44972,107,101,6,6
44973,140,127,13,13
44974,112,96,16,16
44975,149,146,3,3
44976,100,79,21,21
44977,100,93,7,7
44978,64,60,4,4
44979,89,82,7,7
44980,154,133,21,21
44981,53,58,-5,5
44982,45,44,1,1
44983,61,64,-3,3
44984,108,100,8,8
44985,88,79,9,9
44986,109,103,6,6
44987,143,114,29,29
44988,91,97,-6,6
44989,102,96,6,6
44990,61,71,-10,10
44991,85,87,-2,2
44992,121,100,21,21
44993,65,64,1,1
44994,56,58,-2,2
44995,103,95,8,8
44996,111,93,18,18
44997,102,92,10,10
44998,99,84,15,15
44999,97,110,-13,13
45000,79,76,3,3
45001,139,123,16,16
45002,107,90,17,17
45003,166,155,11,11
45004,51,53,-2,2
45005,75,67,8,8
45006,113,103,10,10
45007,69,75,-6,6
45008,129,118,11,11
45009,197,174,23,23
45010,104,101,3,3
45011,99,98,1,1
45012,86,74,12,12
45013,95,82,13,13
45014,138,118,20,20
45015,78,75,3,3
45016,47,84,-37,37
45017,56,59,-3,3
45018,62,69,-7,7
45019,64,69,-5,5
45020,105,85,20,20
45021,104,95,9,9
45022,140,123,17,17
45023,84,98,-14,14
45024,126,124,2,2
45025,82,81,1,1
45026,75,75,0,0
45027,92,93,-1,1
45028,77,78,-1,1
45029,100,97,3,3
45030,140,131,9,9
45031,67,58,9,9
45032,117,114,3,3
45033,54,59,-5,5
45034,81,80,1,1
45035,130,122,8,8
45036,100,92,8,8
45037,86,80,6,6
45038,57,64,-7,7
45039,115,106,9,9
45040,147,134,13,13
45041,86,83,3,3
45042,39,46,-7,7
45043,79,78,1,1
45044,89,90,-1,1
45045,70,64,6,6
45046,73,79,-6,6
45047,113,101,12,12
45048,99,101,-2,2
45049,78,77,1,1
45050,132,122,10,10
45051,79,86,-7,7
45052,143,128,15,15
45053,57,60,-3,3
45054,49,51,-2,2
45055,85,82,3,3
45056,49,80,-31,31
45057,96,85,11,11
45058,87,88,-1,1
45059,151,111,40,40
45060,147,134,13,13
45061,94,95,-1,1
45062,91,84,7,7
45063,56,56,0,0
45064,123,124,-1,1
45065,188,157,31,31
45066,55,49,6,6
45067,117,103,14,14
45068,106,98,8,8
45069,109,112,-3,3
45070,61,56,5,5
45071,46,57,-11,11
45072,62,61,1,1
45073,102,94,8,8
45074,62,59,3,3
45075,85,86,-1,1
45076,89,84,5,5
45077,96,94,2,2
45078,132,121,11,11
45079,94,89,5,5
45080,118,102,16,16
45081,73,72,1,1
45082,69,71,-2,2
45083,57,62,-5,5
45084,86,85,1,1
45085,130,110,20,20
45086,144,126,18,18
45087,67,68,-1,1
45088,64,89,-25,25
45089,85,79,6,6
45090,104,105,-1,1
45091,109,98,11,11
45092,110,102,8,8
45093,129,109,20,20
45094,97,91,6,6
45095,85,81,4,4
45096,104,95,9,9
45097,77,81,-4,4
45098,81,84,-3,3
45099,97,91,6,6
45100,130,129,1,1
45101,67,68,-1,1
45102,55,58,-3,3
45103,92,81,11,11
45104,83,84,-1,1
45105,135,131,4,4
45106,69,64,5,5
45107,109,105,4,4
45108,98,86,12,12
45109,95,90,5,5
45110,121,115,6,6
45111,80,70,10,10
45112,79,81,-2,2
45113,123,117,6,6
45114,117,105,12,12
45115,59,63,-4,4
45116,89,86,3,3
45117,82,80,2,2
45118,117,99,18,18
45119,69,72,-3,3
45120,123,100,23,23
45121,57,69,-12,12
45122,87,78,9,9
45123,105,103,2,2
45124,108,102,6,6
45125,76,73,3,3
45126,74,100,-26,26
45127,84,73,11,11
45128,96,93,3,3
45129,78,79,-1,1
45130,76,83,-7,7
45131,88,90,-2,2
45132,89,90,-1,1
45133,90,93,-3,3
45134,60,58,2,2
45135,53,59,-6,6
45136,67,70,-3,3
45137,89,86,3,3
45138,149,116,33,33
45139,95,95,0,0
45140,109,107,2,2
45141,169,160,9,9
45142,78,72,6,6
45143,122,113,9,9
45144,48,65,-17,17
45145,108,112,-4,4
45146,90,87,3,3
45147,147,121,26,26
45148,69,70,-1,1
45149,112,100,12,12
45150,158,138,20,20
45151,123,124,-1,1
45152,42,49,-7,7
45153,135,116,19,19
45154,148,127,21,21
45155,109,103,6,6
45156,73,67,6,6
45157,88,84,4,4
45158,90,80,10,10
45159,55,59,-4,4
45160,83,84,-1,1
45161,54,50,4,4
45162,85,86,-1,1
45163,75,72,3,3
45164,121,113,8,8
45165,65,62,3,3
45166,77,71,6,6
45167,102,95,7,7
45168,104,101,3,3
45169,67,61,6,6
45170,134,111,23,23
45171,107,94,13,13
45172,87,86,1,1
45173,168,148,20,20
45174,145,134,11,11
45175,127,120,7,7
45176,168,141,27,27
45177,113,103,10,10
45178,64,72,-8,8
45179,64,67,-3,3
45180,83,86,-3,3
45181,83,81,2,2
45182,125,107,18,18
45183,61,58,3,3
45184,40,42,-2,2
45185,57,55,2,2
45186,153,131,22,22
45187,101,101,0,0
45188,83,81,2,2
45189,89,96,-7,7
45190,111,105,6,6
45191,77,78,-1,1
45192,127,112,15,15
45193,128,110,18,18
45194,146,124,22,22
45195,49,57,-8,8
45196,49,63,-14,14
45197,57,67,-10,10
45198,89,84,5,5
45199,88,97,-9,9
45200,153,143,10,10
45201,71,73,-2,2
45202,135,128,7,7
45203,109,96,13,13
45204,73,72,1,1
45205,185,153,32,32
45206,69,70,-1,1
45207,109,104,5,5
45208,74,77,-3,3
45209,181,141,40,40
45210,96,93,3,3
45211,93,104,-11,11
45212,60,61,-1,1
45213,104,99,5,5
45214,67,56,11,11
45215,89,93,-4,4
45216,128,106,22,22
45217,100,93,7,7
45218,96,91,5,5
45219,90,81,9,9
45220,68,64,4,4
45221,126,108,18,18
45222,54,62,-8,8
45223,106,104,2,2
45224,63,65,-2,2
45225,113,87,26,26
45226,45,55,-10,10
45227,98,88,10,10
45228,156,132,24,24
45229,52,58,-6,6
45230,134,114,20,20
45231,74,74,0,0
45232,102,99,3,3
45233,100,95,5,5
45234,62,66,-4,4
45235,82,76,6,6
45236,105,89,16,16
45237,69,71,-2,2
45238,124,124,0,0
45239,118,110,8,8
45240,82,82,0,0
45241,63,70,-7,7
45242,70,69,1,1
45243,68,70,-2,2
45244,121,104,17,17
45245,73,75,-2,2
45246,51,58,-7,7
45247,81,79,2,2
45248,146,124,22,22
45249,88,86,2,2
45250,101,96,5,5
45251,126,122,4,4
45252,119,112,7,7
45253,113,112,1,1
45254,172,138,34,34
45255,81,76,5,5
45256,90,84,6,6
45257,110,101,9,9
45258,134,126,8,8
45259,37,49,-12,12
45260,62,65,-3,3
45261,65,66,-1,1
45262,52,52,0,0
45263,76,78,-2,2
45264,116,105,11,11
45265,98,113,-15,15
45266,61,62,-1,1
45267,84,86,-2,2
45268,153,131,22,22
45269,72,66,6,6
45270,77,76,1,1
45271,86,86,0,0
45272,99,99,0,0
45273,124,111,13,13
45274,66,77,-11,11
45275,76,74,2,2
45276,67,56,11,11
45277,133,113,20,20
45278,91,90,1,1
45279,71,79,-8,8
45280,207,184,23,23
45281,65,68,-3,3
45282,97,95,2,2
45283,131,125,6,6
45284,120,103,17,17
45285,59,62,-3,3
45286,124,109,15,15
45287,74,73,1,1
45288,101,95,6,6
45289,85,86,-1,1
45290,85,83,2,2
45291,137,119,18,18
45292,76,71,5,5
45293,136,128,8,8
45294,139,122,17,17
45295,49,55,-6,6
45296,136,122,14,14
45297,75,70,5,5
45298,109,99,10,10
45299,53,57,-4,4
45300,110,103,7,7
45301,59,64,-5,5
45302,119,109,10,10
45303,86,81,5,5
45304,139,118,21,21
45305,132,119,13,13
45306,191,166,25,25
45307,87,80,7,7
45308,90,85,5,5
45309,122,113,9,9
45310,73,65,8,8
45311,122,102,20,20
45312,93,92,1,1
45313,46,56,-10,10
45314,84,88,-4,4
45315,103,90,13,13
45316,39,37,2,2
45317,96,97,-1,1
45318,72,71,1,1
45319,146,125,21,21
45320,80,89,-9,9
45321,68,74,-6,6
45322,49,53,-4,4
45323,110,101,9,9
45324,117,109,8,8
45325,121,105,16,16
45326,55,70,-15,15
45327,149,144,5,5
45328,78,75,3,3
45329,60,67,-7,7
45330,161,145,16,16
45331,95,98,-3,3
45332,75,61,14,14
45333,92,93,-1,1
45334,112,113,-1,1
45335,67,71,-4,4
45336,91,85,6,6
45337,109,97,12,12
45338,177,151,26,26
45339,105,102,3,3
45340,82,76,6,6
45341,89,77,12,12
45342,109,103,6,6
45343,67,78,-11,11
45344,117,108,9,9
45345,96,95,1,1
45346,49,59,-10,10
45347,110,98,12,12
45348,57,53,4,4
45349,118,90,28,28
45350,120,109,11,11
45351,77,79,-2,2
45352,107,92,15,15
45353,60,70,-10,10
45354,70,61,9,9
45355,115,107,8,8
45356,70,72,-2,2
45357,70,61,9,9
45358,96,102,-6,6
45359,72,80,-8,8
45360,72,68,4,4
45361,67,74,-7,7
45362,170,141,29,29
45363,57,58,-1,1
45364,67,65,2,2
45365,85,85,0,0
45366,95,103,-8,8
45367,119,128,-9,9
45368,84,77,7,7
45369,65,83,-18,18
45370,225,200,25,25
45371,97,97,0,0
45372,81,81,0,0
45373,104,98,6,6
45374,23,26,-3,3
45375,75,75,0,0
45376,115,106,9,9
45377,111,96,15,15
45378,60,58,2,2
45379,72,74,-2,2
45380,100,94,6,6
45381,85,80,5,5
45382,60,60,0,0
45383,55,65,-10,10
45384,120,117,3,3
45385,121,115,6,6
45386,79,74,5,5
45387,89,84,5,5
45388,127,110,17,17
45389,86,83,3,3
45390,58,57,1,1
45391,99,86,13,13
45392,126,120,6,6
45393,53,56,-3,3
45394,55,61,-6,6
45395,107,104,3,3
45396,67,64,3,3
45397,83,89,-6,6
45398,81,83,-2,2
45399,92,83,9,9
45400,109,97,12,12
45401,148,138,10,10
45402,115,110,5,5
45403,124,110,14,14
45404,103,99,4,4
45405,122,117,5,5
45406,104,101,3,3
45407,58,46,12,12
45408,68,69,-1,1
45409,83,87,-4,4
45410,51,65,-14,14
45411,84,80,4,4
45412,129,124,5,5
45413,64,69,-5,5
45414,150,127,23,23
45415,48,49,-1,1
45416,67,59,8,8
45417,72,72,0,0
45418,101,95,6,6
45419,68,66,2,2
45420,135,116,19,19
45421,98,95,3,3
45422,73,72,1,1
45423,93,97,-4,4
45424,161,146,15,15
45425,58,59,-1,1
45426,125,117,8,8
45427,91,92,-1,1
45428,82,77,5,5
45429,82,85,-3,3
45430,89,103,-14,14
45431,45,43,2,2
45432,56,90,-34,34
45433,152,158,-6,6
45434,110,99,11,11
45435,81,75,6,6
45436,43,48,-5,5
45437,154,147,7,7
45438,82,73,9,9
45439,104,105,-1,1
45440,78,83,-5,5
45441,130,113,17,17
45442,66,78,-12,12
45443,86,88,-2,2
45444,98,98,0,0
45445,106,102,4,4
45446,78,81,-3,3
45447,89,80,9,9
45448,84,83,1,1
45449,111,95,16,16
45450,73,73,0,0
45451,115,129,-14,14
45452,174,150,24,24
45453,87,78,9,9
45454,102,97,5,5
45455,77,69,8,8
45456,37,36,1,1
45457,131,117,14,14
45458,104,98,6,6
45459,109,132,-23,23
45460,89,82,7,7
45461,108,99,9,9
45462,158,137,21,21
45463,69,68,1,1
45464,89,79,10,10
45465,42,43,-1,1
45466,97,81,16,16
45467,70,76,-6,6
45468,116,104,12,12
45469,138,137,1,1
45470,110,104,6,6
45471,105,95,10,10
45472,51,58,-7,7
45473,94,96,-2,2
45474,75,74,1,1
45475,129,125,4,4
45476,88,80,8,8
45477,100,87,13,13
45478,79,78,1,1
45479,176,156,20,20
45480,86,80,6,6
45481,88,91,-3,3
45482,105,110,-5,5
45483,140,124,16,16
45484,72,72,0,0
45485,111,92,19,19
45486,105,92,13,13
45487,191,163,28,28
45488,120,107,13,13
45489,99,99,0,0
45490,45,52,-7,7
45491,94,91,3,3
45492,80,85,-5,5
45493,85,82,3,3
45494,74,67,7,7
45495,78,80,-2,2
45496,131,113,18,18
45497,95,92,3,3
45498,59,62,-3,3
45499,72,65,7,7
45500,108,103,5,5
45501,71,75,-4,4
45502,74,70,4,4
45503,134,126,8,8
45504,101,99,2,2
45505,68,68,0,0
45506,127,117,10,10
45507,195,155,40,40
45508,73,72,1,1
45509,77,75,2,2
45510,79,71,8,8
45511,59,53,6,6
45512,115,96,19,19
45513,79,79,0,0
45514,91,88,3,3
45515,82,79,3,3
45516,72,71,1,1
45517,63,70,-7,7
45518,89,87,2,2
45519,69,72,-3,3
45520,62,91,-29,29
45521,45,57,-12,12
45522,87,88,-1,1
45523,75,81,-6,6
45524,105,99,6,6
45525,93,94,-1,1
45526,104,100,4,4
45527,86,88,-2,2
45528,159,141,18,18
45529,93,81,12,12
45530,112,104,8,8
45531,120,106,14,14
45532,62,60,2,2
45533,108,99,9,9
45534,124,119,5,5
45535,167,140,27,27
45536,163,148,15,15
45537,113,100,13,13
45538,98,86,12,12
45539,64,73,-9,9
45540,120,107,13,13
45541,52,49,3,3
45542,42,46,-4,4
45543,131,130,1,1
45544,95,82,13,13
45545,85,84,1,1
45546,71,69,2,2
45547,116,102,14,14
45548,91,81,10,10
45549,94,88,6,6
45550,52,58,-6,6
45551,84,97,-13,13
45552,61,62,-1,1
45553,101,97,4,4
45554,97,90,7,7
45555,96,98,-2,2
45556,141,135,6,6
45557,124,107,17,17
45558,72,74,-2,2
45559,79,121,-42,42
45560,155,144,11,11
45561,112,112,0,0
45562,63,61,2,2
45563,73,76,-3,3
45564,67,72,-5,5
45565,61,63,-2,2
45566,114,104,10,10
45567,33,39,-6,6
45568,64,65,-1,1
45569,79,76,3,3
45570,149,145,4,4
45571,97,91,6,6
45572,84,82,2,2
45573,134,130,4,4
45574,85,92,-7,7
45575,123,105,18,18
45576,97,88,9,9
45577,69,66,3,3
45578,116,102,14,14
45579,92,81,11,11
45580,125,117,8,8
45581,103,91,12,12
45582,99,84,15,15
45583,154,147,7,7
45584,102,98,4,4
45585,53,58,-5,5
45586,104,101,3,3
45587,218,172,46,46
45588,57,59,-2,2
45589,154,146,8,8
45590,141,134,7,7
45591,113,113,0,0
45592,69,71,-2,2
45593,87,96,-9,9
45594,126,116,10,10
45595,99,96,3,3
45596,85,88,-3,3
45597,78,84,-6,6
45598,85,71,14,14
45599,77,72,5,5
45600,97,88,9,9
45601,67,76,-9,9
45602,114,103,11,11
45603,130,123,7,7
45604,127,106,21,21
45605,66,64,2,2
45606,74,79,-5,5
45607,117,109,8,8
45608,57,59,-2,2
45609,169,147,22,22
45610,79,81,-2,2
45611,122,124,-2,2
45612,117,109,8,8
45613,82,81,1,1
45614,119,106,13,13
45615,105,96,9,9
45616,121,105,16,16
45617,107,102,5,5
45618,63,65,-2,2
45619,76,79,-3,3
45620,141,109,32,32
45621,76,76,0,0
45622,189,135,54,54
45623,78,76,2,2
45624,105,112,-7,7
45625,69,70,-1,1
45626,95,100,-5,5
45627,55,61,-6,6
45628,85,74,11,11
45629,62,66,-4,4
45630,72,72,0,0
45631,91,91,0,0
45632,78,89,-11,11
45633,69,67,2,2
45634,58,57,1,1
45635,104,93,11,11
45636,90,89,1,1
45637,45,55,-10,10
45638,109,90,19,19
45639,174,163,11,11
45640,102,107,-5,5
45641,72,74,-2,2
45642,93,89,4,4
45643,88,107,-19,19
45644,147,123,24,24
45645,116,106,10,10
45646,71,90,-19,19
45647,59,65,-6,6
45648,110,98,12,12
45649,112,103,9,9
45650,67,56,11,11
45651,63,69,-6,6
45652,99,82,17,17
45653,71,69,2,2
45654,61,68,-7,7
45655,145,165,-20,20
45656,59,62,-3,3
45657,91,91,0,0
45658,97,95,2,2
45659,67,68,-1,1
45660,75,69,6,6
45661,107,87,20,20
45662,47,62,-15,15
45663,111,104,7,7
45664,122,109,13,13
45665,145,125,20,20
45666,133,109,24,24
45667,90,85,5,5
45668,153,135,18,18
45669,83,73,10,10
45670,44,57,-13,13
45671,64,66,-2,2
45672,74,80,-6,6
45673,98,93,5,5
45674,117,75,42,42
45675,83,83,0,0
45676,52,59,-7,7
45677,74,76,-2,2
45678,128,117,11,11
45679,75,72,3,3
45680,71,70,1,1
45681,72,71,1,1
45682,80,79,1,1
45683,98,94,4,4
45684,138,126,12,12
45685,161,139,22,22
45686,152,139,13,13
45687,117,104,13,13
45688,96,98,-2,2
45689,76,77,-1,1
45690,150,139,11,11
45691,71,75,-4,4
45692,127,122,5,5
45693,93,93,0,0
45694,116,109,7,7
45695,128,113,15,15
45696,47,51,-4,4
45697,53,57,-4,4
45698,173,152,21,21
45699,84,96,-12,12
45700,74,70,4,4
45701,40,47,-7,7
45702,125,100,25,25
45703,100,101,-1,1
45704,62,65,-3,3
45705,120,103,17,17
45706,163,128,35,35
45707,111,103,8,8
45708,62,73,-11,11
45709,104,104,0,0
45710,96,85,11,11
45711,71,65,6,6
45712,94,94,0,0
45713,109,104,5,5
45714,46,50,-4,4
45715,94,90,4,4
45716,52,50,2,2
45717,88,81,7,7
45718,68,72,-4,4
45719,193,180,13,13
45720,137,120,17,17
45721,109,103,6,6
45722,97,97,0,0
45723,114,103,11,11
45724,90,86,4,4
45725,57,74,-17,17
45726,119,106,13,13
45727,157,136,21,21
45728,86,80,6,6
45729,108,103,5,5
45730,82,81,1,1
45731,111,100,11,11
45732,110,104,6,6
45733,108,94,14,14
45734,92,81,11,11
45735,38,38,0,0
45736,92,88,4,4
45737,92,90,2,2
45738,68,62,6,6
45739,74,81,-7,7
45740,83,84,-1,1
45741,106,90,16,16
45742,86,83,3,3
45743,78,73,5,5
45744,155,147,8,8
45745,116,110,6,6
45746,129,93,36,36
45747,99,91,8,8
45748,114,100,14,14
45749,103,92,11,11
45750,82,71,11,11
45751,50,51,-1,1
45752,86,84,2,2
45753,82,80,2,2
45754,82,88,-6,6
45755,50,59,-9,9
45756,88,71,17,17
45757,86,81,5,5
45758,103,97,6,6
45759,60,59,1,1
45760,68,68,0,0
45761,86,74,12,12
45762,85,80,5,5
45763,80,74,6,6
45764,58,68,-10,10
45765,63,80,-17,17
45766,117,108,9,9
45767,97,100,-3,3
45768,59,59,0,0
45769,66,69,-3,3
45770,121,108,13,13
45771,77,70,7,7
45772,47,49,-2,2
45773,61,67,-6,6
45774,128,116,12,12
45775,225,195,30,30
45776,145,122,23,23
45777,125,120,5,5
45778,40,45,-5,5
45779,94,82,12,12
45780,103,96,7,7
45781,137,120,17,17
45782,151,132,19,19
45783,98,95,3,3
45784,115,105,10,10
45785,77,72,5,5
45786,75,94,-19,19
45787,75,86,-11,11
45788,117,105,12,12
45789,133,121,12,12
45790,89,97,-8,8
45791,92,91,1,1
45792,66,64,2,2
45793,26,26,0,0
45794,135,118,17,17
45795,82,87,-5,5
45796,44,53,-9,9
45797,79,55,24,24
45798,135,130,5,5
45799,122,123,-1,1
45800,177,160,17,17
45801,93,86,7,7
45802,54,54,0,0
45803,104,109,-5,5
45804,69,64,5,5
45805,64,69,-5,5
45806,113,114,-1,1
45807,69,68,1,1
45808,127,122,5,5
45809,115,108,7,7
45810,75,74,1,1
45811,81,77,4,4
45812,35,40,-5,5
45813,120,112,8,8
45814,86,82,4,4
45815,111,97,14,14
45816,149,122,27,27
45817,86,81,5,5
45818,122,107,15,15
45819,80,84,-4,4
45820,91,82,9,9
45821,106,98,8,8
45822,30,39,-9,9
45823,84,81,3,3
45824,159,118,41,41
45825,76,82,-6,6
45826,73,74,-1,1
45827,78,79,-1,1
45828,271,222,49,49
45829,138,132,6,6
45830,72,75,-3,3
45831,77,70,7,7
45832,94,89,5,5
45833,101,94,7,7
45834,72,73,-1,1
45835,101,100,1,1
45836,120,111,9,9
45837,159,143,16,16
45838,78,78,0,0
45839,78,81,-3,3
45840,106,98,8,8
45841,87,91,-4,4
45842,62,64,-2,2
45843,106,105,1,1
45844,127,125,2,2
45845,101,98,3,3
45846,56,60,-4,4
45847,41,55,-14,14
45848,83,83,0,0
45849,128,120,8,8
45850,86,78,8,8
45851,82,83,-1,1
45852,104,96,8,8
45853,116,127,-11,11
45854,115,109,6,6
45855,81,83,-2,2
45856,82,89,-7,7
45857,88,80,8,8
45858,115,105,10,10
45859,170,153,17,17
45860,110,105,5,5
45861,228,185,43,43
45862,161,132,29,29
45863,72,72,0,0
45864,171,141,30,30
45865,117,100,17,17
45866,116,107,9,9
45867,60,52,8,8
45868,113,110,3,3
45869,121,109,12,12
45870,41,58,-17,17
45871,98,90,8,8
45872,83,80,3,3
45873,56,59,-3,3
45874,107,95,12,12
45875,90,81,9,9
45876,91,91,0,0
45877,68,73,-5,5
45878,131,112,19,19
45879,95,86,9,9
45880,93,85,8,8
45881,99,94,5,5
45882,195,148,47,47
45883,124,107,17,17
45884,124,109,15,15
45885,44,57,-13,13
45886,63,64,-1,1
45887,175,147,28,28
45888,127,107,20,20
45889,113,109,4,4
45890,118,94,24,24
45891,99,102,-3,3
45892,89,81,8,8
45893,64,67,-3,3
45894,73,72,1,1
45895,104,95,9,9
45896,50,58,-8,8
45897,94,79,15,15
45898,115,109,6,6
45899,91,89,2,2
45900,80,71,9,9
45901,81,83,-2,2
45902,80,83,-3,3
45903,100,91,9,9
45904,123,115,8,8
45905,89,81,8,8
45906,71,70,1,1
45907,162,131,31,31
45908,152,124,28,28
45909,69,71,-2,2
45910,81,87,-6,6
45911,71,74,-3,3
45912,90,84,6,6
45913,104,96,8,8
45914,106,96,10,10
45915,66,68,-2,2
45916,66,62,4,4
45917,79,87,-8,8
45918,45,52,-7,7
45919,89,81,8,8
45920,105,84,21,21
45921,59,58,1,1
45922,103,94,9,9
45923,116,108,8,8
45924,93,87,6,6
45925,116,116,0,0
45926,133,115,18,18
45927,86,80,6,6
45928,86,75,11,11
45929,65,67,-2,2
45930,139,119,20,20
45931,117,114,3,3
45932,67,66,1,1
45933,119,96,23,23
45934,81,97,-16,16
45935,127,110,17,17
45936,142,123,19,19
45937,87,82,5,5
45938,70,68,2,2
45939,79,79,0,0
45940,119,111,8,8
45941,73,69,4,4
45942,72,61,11,11
45943,87,87,0,0
45944,108,97,11,11
45945,120,109,11,11
45946,82,77,5,5
45947,97,98,-1,1
45948,73,80,-7,7
45949,69,69,0,0
45950,96,92,4,4
45951,44,46,-2,2
45952,104,94,10,10
45953,68,73,-5,5
45954,108,81,27,27
45955,81,82,-1,1
45956,124,111,13,13
45957,91,81,10,10
45958,116,121,-5,5
45959,41,43,-2,2
45960,93,91,2,2
45961,100,99,1,1
45962,70,81,-11,11
45963,82,80,2,2
45964,124,102,22,22
45965,168,142,26,26
45966,81,78,3,3
45967,124,119,5,5
45968,74,71,3,3
45969,191,160,31,31
45970,99,102,-3,3
45971,72,76,-4,4
45972,92,94,-2,2
45973,122,111,11,11
45974,104,96,8,8
45975,93,86,7,7
45976,50,57,-7,7
45977,79,83,-4,4
45978,86,83,3,3
45979,147,146,1,1
45980,129,131,-2,2
45981,135,135,0,0
45982,124,103,21,21
45983,91,86,5,5
45984,80,90,-10,10
45985,150,145,5,5
45986,113,101,12,12
45987,74,65,9,9
45988,165,139,26,26
45989,105,90,15,15
45990,49,55,-6,6
45991,96,99,-3,3
45992,115,104,11,11
45993,132,117,15,15
45994,111,97,14,14
45995,44,36,8,8
45996,98,84,14,14
45997,52,50,2,2
45998,78,80,-2,2
45999,71,73,-2,2
46000,30,26,4,4
46001,116,109,7,7
46002,128,137,-9,9
46003,75,82,-7,7
46004,47,50,-3,3
46005,89,92,-3,3
46006,88,75,13,13
46007,102,95,7,7
46008,48,50,-2,2
46009,59,57,2,2
46010,131,115,16,16
46011,71,70,1,1
46012,81,83,-2,2
46013,110,101,9,9
46014,154,137,17,17
46015,120,109,11,11
46016,155,130,25,25
46017,109,104,5,5
46018,71,80,-9,9
46019,81,81,0,0
46020,58,60,-2,2
46021,69,79,-10,10
46022,134,119,15,15
46023,99,92,7,7
46024,71,73,-2,2
46025,99,92,7,7
46026,76,78,-2,2
46027,98,86,12,12
46028,68,69,-1,1
46029,105,93,12,12
46030,109,97,12,12
46031,143,146,-3,3
46032,112,101,11,11
46033,82,97,-15,15
46034,59,58,1,1
46035,170,145,25,25
46036,84,90,-6,6
46037,84,94,-10,10
46038,97,95,2,2
46039,241,197,44,44
46040,216,178,38,38
46041,121,114,7,7
46042,72,68,4,4
46043,61,63,-2,2
46044,76,73,3,3
46045,140,130,10,10
46046,101,91,10,10
46047,92,82,10,10
46048,65,62,3,3
46049,62,66,-4,4
46050,62,68,-6,6
46051,172,137,35,35
46052,82,80,2,2
46053,118,108,10,10
46054,99,90,9,9
46055,121,109,12,12
46056,108,99,9,9
46057,96,80,16,16
46058,145,121,24,24
46059,111,123,-12,12
46060,46,51,-5,5
46061,74,64,10,10
46062,96,92,4,4
46063,60,58,2,2
46064,110,121,-11,11
46065,78,81,-3,3
46066,114,96,18,18
46067,154,154,0,0
46068,165,140,25,25
46069,42,45,-3,3
46070,91,81,10,10
46071,100,96,4,4
46072,110,90,20,20
46073,67,73,-6,6
46074,68,74,-6,6
46075,137,109,28,28
46076,87,86,1,1
46077,93,82,11,11
46078,86,84,2,2
46079,200,185,15,15
46080,119,106,13,13
46081,176,150,26,26
46082,75,74,1,1
46083,125,112,13,13
46084,74,80,-6,6
46085,102,93,9,9
46086,53,53,0,0
46087,107,95,12,12
46088,95,89,6,6
46089,120,113,7,7
46090,88,85,3,3
46091,66,75,-9,9
46092,94,85,9,9
46093,137,129,8,8
46094,67,76,-9,9
46095,83,79,4,4
46096,56,58,-2,2
46097,139,117,22,22
46098,100,87,13,13
46099,78,85,-7,7
46100,103,94,9,9
46101,59,70,-11,11
46102,47,57,-10,10
46103,65,59,6,6
46104,112,96,16,16
46105,132,108,24,24
46106,82,88,-6,6
46107,118,112,6,6
46108,109,91,18,18
46109,91,84,7,7
46110,67,70,-3,3
46111,83,83,0,0
46112,79,77,2,2
46113,26,26,0,0
46114,44,58,-14,14
46115,71,77,-6,6
46116,86,80,6,6
46117,77,73,4,4
46118,53,53,0,0
46119,98,85,13,13
46120,144,118,26,26
46121,89,85,4,4
46122,67,69,-2,2
46123,147,123,24,24
46124,127,122,5,5
46125,85,83,2,2
46126,66,61,5,5
46127,89,81,8,8
46128,89,87,2,2
46129,75,73,2,2
46130,72,70,2,2
46131,101,97,4,4
46132,126,93,33,33
46133,62,59,3,3
46134,83,81,2,2
46135,151,132,19,19
46136,102,100,2,2
46137,215,186,29,29
46138,149,129,20,20
46139,133,119,14,14
46140,90,80,10,10
46141,100,80,20,20
46142,57,53,4,4
46143,61,63,-2,2
46144,41,40,1,1
46145,137,117,20,20
46146,164,140,24,24
46147,242,206,36,36
46148,99,95,4,4
46149,51,53,-2,2
46150,68,68,0,0
46151,78,72,6,6
46152,120,109,11,11
46153,87,85,2,2
46154,105,93,12,12
46155,112,99,13,13
46156,87,89,-2,2
46157,88,84,4,4
46158,71,69,2,2
46159,125,111,14,14
46160,73,74,-1,1
46161,108,102,6,6
46162,76,74,2,2
46163,45,45,0,0
46164,100,98,2,2
46165,76,75,1,1
46166,158,136,22,22
46167,92,90,2,2
46168,77,80,-3,3
46169,44,46,-2,2
46170,115,115,0,0
46171,85,87,-2,2
46172,109,102,7,7
46173,89,87,2,2
46174,39,48,-9,9
46175,66,70,-4,4
46176,62,69,-7,7
46177,89,90,-1,1
46178,130,116,14,14
46179,92,88,4,4
46180,138,110,28,28
46181,118,102,16,16
46182,219,217,2,2
46183,104,102,2,2
46184,94,94,0,0
46185,100,82,18,18
46186,54,52,2,2
46187,153,120,33,33
46188,84,81,3,3
46189,91,93,-2,2
46190,46,50,-4,4
46191,53,65,-12,12
46192,77,70,7,7
46193,80,72,8,8
46194,138,118,20,20
46195,80,72,8,8
46196,138,113,25,25
46197,141,122,19,19
46198,91,84,7,7
46199,176,149,27,27
46200,117,110,7,7
46201,69,78,-9,9
46202,108,109,-1,1
46203,101,91,10,10
46204,135,117,18,18
46205,115,106,9,9
46206,102,100,2,2
46207,56,64,-8,8
46208,96,92,4,4
46209,69,70,-1,1
46210,106,105,1,1
46211,151,140,11,11
46212,110,100,10,10
46213,112,103,9,9
46214,134,116,18,18
46215,65,65,0,0
46216,66,66,0,0
46217,97,95,2,2
46218,109,103,6,6
46219,141,121,20,20
46220,78,89,-11,11
46221,94,105,-11,11
46222,64,72,-8,8
46223,47,62,-15,15
46224,79,79,0,0
46225,104,100,4,4
46226,39,36,3,3
46227,62,71,-9,9
46228,123,113,10,10
46229,144,116,28,28
46230,108,104,4,4
46231,183,141,42,42
46232,85,84,1,1
46233,49,54,-5,5
46234,40,46,-6,6
46235,27,42,-15,15
46236,107,100,7,7
46237,135,134,1,1
46238,129,111,18,18
46239,77,73,4,4
46240,61,69,-8,8
46241,58,70,-12,12
46242,144,128,16,16
46243,53,58,-5,5
46244,95,97,-2,2
46245,82,74,8,8
46246,73,76,-3,3
46247,174,160,14,14
46248,101,92,9,9
46249,100,113,-13,13
46250,81,71,10,10
46251,94,88,6,6
46252,76,79,-3,3
46253,70,73,-3,3
46254,100,99,1,1
46255,79,70,9,9
46256,83,79,4,4
46257,90,91,-1,1
46258,136,121,15,15
46259,61,61,0,0
46260,106,105,1,1
46261,90,86,4,4
46262,32,39,-7,7
46263,100,101,-1,1
46264,74,69,5,5
46265,62,65,-3,3
46266,101,90,11,11
46267,104,95,9,9
46268,94,82,12,12
46269,95,94,1,1
46270,134,123,11,11
46271,134,123,11,11
46272,77,73,4,4
46273,80,93,-13,13
46274,90,85,5,5
46275,128,109,19,19
46276,108,98,10,10
46277,64,71,-7,7
46278,44,54,-10,10
46279,115,106,9,9
46280,49,56,-7,7
46281,64,77,-13,13
46282,64,65,-1,1
46283,128,110,18,18
46284,69,72,-3,3
46285,73,68,5,5
46286,38,44,-6,6
46287,71,70,1,1
46288,94,93,1,1
46289,89,88,1,1
46290,63,69,-6,6
46291,116,100,16,16
46292,83,83,0,0
46293,38,45,-7,7
46294,57,60,-3,3
46295,84,82,2,2
46296,552,411,141,141
46297,75,71,4,4
46298,70,73,-3,3
46299,90,97,-7,7
46300,181,181,0,0
46301,109,108,1,1
46302,99,103,-4,4
46303,99,93,6,6
46304,73,72,1,1
46305,71,73,-2,2
46306,125,118,7,7
46307,142,132,10,10
46308,125,111,14,14
46309,99,89,10,10
46310,127,110,17,17
46311,134,109,25,25
46312,87,80,7,7
46313,99,100,-1,1
46314,116,113,3,3
46315,57,62,-5,5
46316,160,137,23,23
46317,104,94,10,10
46318,106,101,5,5
46319,82,83,-1,1
46320,149,126,23,23
46321,122,117,5,5
46322,46,53,-7,7
46323,44,56,-12,12
46324,47,58,-11,11
46325,46,68,-22,22
46326,103,101,2,2
46327,118,111,7,7
46328,62,64,-2,2
46329,61,68,-7,7
46330,90,89,1,1
46331,87,78,9,9
46332,163,130,33,33
46333,108,104,4,4
46334,68,72,-4,4
46335,128,112,16,16
46336,132,139,-7,7
46337,48,57,-9,9
46338,66,62,4,4
46339,62,70,-8,8
46340,77,82,-5,5
46341,47,61,-14,14
46342,124,111,13,13
46343,95,98,-3,3
46344,65,60,5,5
46345,70,72,-2,2
46346,133,121,12,12
46347,98,95,3,3
46348,138,131,7,7
46349,93,92,1,1
46350,136,118,18,18
46351,119,106,13,13
46352,102,105,-3,3
46353,106,114,-8,8
46354,75,76,-1,1
46355,58,58,0,0
46356,130,106,24,24
46357,85,83,2,2
46358,102,102,0,0
46359,66,68,-2,2
46360,83,94,-11,11
46361,85,85,0,0
46362,122,111,11,11
46363,107,103,4,4
46364,68,73,-5,5
46365,58,60,-2,2
46366,87,81,6,6
46367,67,71,-4,4
46368,74,78,-4,4
46369,68,64,4,4
46370,104,91,13,13
46371,158,142,16,16
46372,131,111,20,20
46373,103,99,4,4
46374,109,105,4,4
46375,64,63,1,1
46376,123,103,20,20
46377,111,97,14,14
46378,38,45,-7,7
46379,59,56,3,3
46380,46,60,-14,14
46381,101,103,-2,2
46382,149,128,21,21
46383,116,105,11,11
46384,62,80,-18,18
46385,78,81,-3,3
46386,92,85,7,7
46387,109,99,10,10
46388,94,93,1,1
46389,107,105,2,2
46390,75,81,-6,6
46391,64,70,-6,6
46392,30,44,-14,14
46393,127,118,9,9
46394,67,69,-2,2
46395,109,103,6,6
46396,187,154,33,33
46397,90,91,-1,1
46398,123,112,11,11
46399,72,69,3,3
46400,124,116,8,8
46401,110,104,6,6
46402,108,106,2,2
46403,65,69,-4,4
46404,116,110,6,6
46405,77,86,-9,9
46406,40,48,-8,8
46407,108,102,6,6
46408,159,140,19,19
46409,60,61,-1,1
46410,116,100,16,16
46411,124,130,-6,6
46412,94,93,1,1
46413,90,80,10,10
46414,30,35,-5,5
46415,89,85,4,4
46416,89,81,8,8
46417,111,114,-3,3
46418,84,85,-1,1
46419,49,52,-3,3
46420,75,63,12,12
46421,136,107,29,29
46422,41,66,-25,25
46423,72,70,2,2
46424,173,150,23,23
46425,70,75,-5,5
46426,90,90,0,0
46427,153,142,11,11
46428,138,134,4,4
46429,147,134,13,13
46430,116,122,-6,6
46431,148,128,20,20
46432,117,106,11,11
46433,103,96,7,7
46434,123,109,14,14
46435,151,126,25,25
46436,126,116,10,10
46437,105,107,-2,2
46438,111,107,4,4
46439,71,62,9,9
46440,99,103,-4,4
46441,59,70,-11,11
46442,104,94,10,10
46443,60,59,1,1
46444,88,84,4,4
46445,63,60,3,3
46446,186,161,25,25
46447,97,85,12,12
46448,128,110,18,18
46449,162,135,27,27
46450,74,71,3,3
46451,92,82,10,10
46452,153,133,20,20
46453,97,91,6,6
46454,116,107,9,9
46455,161,125,36,36
46456,73,78,-5,5
46457,107,104,3,3
46458,112,116,-4,4
46459,89,82,7,7
46460,92,86,6,6
46461,83,80,3,3
46462,108,112,-4,4
46463,108,105,3,3
46464,49,49,0,0
46465,64,64,0,0
46466,109,109,0,0
46467,52,52,0,0
46468,139,128,11,11
46469,90,85,5,5
46470,90,86,4,4
46471,70,74,-4,4
46472,97,98,-1,1
46473,56,59,-3,3
46474,64,74,-10,10
46475,67,64,3,3
46476,48,55,-7,7
46477,69,66,3,3
46478,93,91,2,2
46479,144,129,15,15
46480,145,140,5,5
46481,142,130,12,12
46482,150,136,14,14
46483,58,52,6,6
46484,120,101,19,19
46485,102,94,8,8
46486,142,133,9,9
46487,100,97,3,3
46488,125,117,8,8
46489,84,91,-7,7
46490,123,116,7,7
46491,145,140,5,5
46492,86,85,1,1
46493,73,71,2,2
46494,97,89,8,8
46495,57,60,-3,3
46496,122,113,9,9
46497,71,64,7,7
46498,99,94,5,5
46499,83,72,11,11
46500,165,140,25,25
46501,193,158,35,35
46502,104,94,10,10
46503,110,113,-3,3
46504,65,65,0,0
46505,72,75,-3,3
46506,76,74,2,2
46507,173,151,22,22
46508,76,86,-10,10
46509,95,88,7,7
46510,96,88,8,8
46511,82,76,6,6
46512,91,98,-7,7
46513,88,80,8,8
46514,104,99,5,5
46515,114,111,3,3
46516,109,97,12,12
46517,74,73,1,1
46518,137,117,20,20
46519,93,89,4,4
46520,88,85,3,3
46521,55,67,-12,12
46522,72,74,-2,2
46523,71,87,-16,16
46524,110,93,17,17
46525,114,105,9,9
46526,128,123,5,5
46527,65,85,-20,20
46528,114,109,5,5
46529,97,92,5,5
46530,117,132,-15,15
46531,72,74,-2,2
46532,92,85,7,7
46533,64,62,2,2
46534,125,121,4,4
46535,99,94,5,5
46536,56,65,-9,9
46537,54,58,-4,4
46538,122,112,10,10
46539,178,162,16,16
46540,179,152,27,27
46541,80,77,3,3
46542,109,98,11,11
46543,83,81,2,2
46544,103,92,11,11
46545,61,66,-5,5
46546,125,110,15,15
46547,96,85,11,11
46548,96,105,-9,9
46549,97,91,6,6
46550,108,89,19,19
46551,89,87,2,2
46552,55,52,3,3
46553,87,120,-33,33
46554,49,56,-7,7
46555,94,90,4,4
46556,93,110,-17,17
46557,75,76,-1,1
46558,65,69,-4,4
46559,52,50,2,2
46560,83,81,2,2
46561,123,102,21,21
46562,92,84,8,8
46563,74,80,-6,6
46564,109,94,15,15
46565,52,59,-7,7
46566,76,66,10,10
46567,116,104,12,12
46568,83,74,9,9
46569,82,78,4,4
46570,144,124,20,20
46571,35,39,-4,4
46572,155,137,18,18
46573,136,117,19,19
46574,123,112,11,11
46575,81,77,4,4
46576,66,73,-7,7
46577,131,113,18,18
46578,133,109,24,24
46579,71,70,1,1
46580,82,80,2,2
46581,82,82,0,0
46582,42,43,-1,1
46583,137,136,1,1
46584,140,149,-9,9
46585,58,64,-6,6
46586,117,98,19,19
46587,69,81,-12,12
46588,85,86,-1,1
46589,52,44,8,8
46590,87,93,-6,6
46591,135,131,4,4
46592,64,66,-2,2
46593,129,105,24,24
46594,190,165,25,25
46595,68,74,-6,6
46596,82,75,7,7
46597,75,78,-3,3
46598,149,119,30,30
46599,84,81,3,3
46600,54,57,-3,3
46601,98,92,6,6
46602,99,83,16,16
46603,125,115,10,10
46604,86,85,1,1
46605,95,87,8,8
46606,75,77,-2,2
46607,80,74,6,6
46608,118,111,7,7
46609,91,81,10,10
46610,106,96,10,10
46611,85,89,-4,4
46612,153,134,19,19
46613,103,99,4,4
46614,159,144,15,15
46615,69,69,0,0
46616,166,121,45,45
46617,109,100,9,9
46618,133,115,18,18
46619,191,157,34,34
46620,113,92,21,21
46621,124,104,20,20
46622,139,123,16,16
46623,88,87,1,1
46624,43,58,-15,15
46625,71,73,-2,2
46626,116,105,11,11
46627,115,99,16,16
46628,118,111,7,7
46629,62,65,-3,3
46630,106,101,5,5
46631,116,121,-5,5
46632,137,119,18,18
46633,201,160,41,41
46634,53,59,-6,6
46635,73,76,-3,3
46636,46,55,-9,9
46637,90,86,4,4
46638,126,117,9,9
46639,113,108,5,5
46640,80,72,8,8
46641,102,88,14,14
46642,161,129,32,32
46643,103,102,1,1
46644,119,123,-4,4
46645,54,64,-10,10
46646,159,134,25,25
46647,87,78,9,9
46648,59,56,3,3
46649,59,68,-9,9
46650,90,85,5,5
46651,59,62,-3,3
46652,104,94,10,10
46653,131,126,5,5
46654,60,59,1,1
46655,68,63,5,5
46656,86,80,6,6
46657,88,81,7,7
46658,146,133,13,13
46659,62,63,-1,1
46660,152,137,15,15
46661,104,96,8,8
46662,67,65,2,2
46663,102,98,4,4
46664,96,95,1,1
46665,99,102,-3,3
46666,99,99,0,0
46667,76,79,-3,3
46668,97,94,3,3
46669,83,88,-5,5
46670,112,106,6,6
46671,63,66,-3,3
46672,136,132,4,4
46673,74,75,-1,1
46674,172,137,35,35
46675,136,110,26,26
46676,120,118,2,2
46677,116,112,4,4
46678,126,112,14,14
46679,114,102,12,12
46680,72,73,-1,1
46681,104,96,8,8
46682,147,139,8,8
46683,103,97,6,6
46684,81,72,9,9
46685,80,81,-1,1
46686,101,95,6,6
46687,125,104,21,21
46688,92,74,18,18
46689,84,80,4,4
46690,80,101,-21,21
46691,150,132,18,18
46692,61,64,-3,3
46693,112,101,11,11
46694,112,100,12,12
46695,67,59,8,8
46696,137,124,13,13
46697,58,62,-4,4
46698,105,98,7,7
46699,88,91,-3,3
46700,76,73,3,3
46701,88,81,7,7
46702,108,106,2,2
46703,97,89,8,8
46704,141,130,11,11
46705,64,80,-16,16
46706,51,58,-7,7
46707,101,90,11,11
46708,158,141,17,17
46709,97,91,6,6
46710,79,82,-3,3
46711,69,69,0,0
46712,97,98,-1,1
46713,90,87,3,3
46714,85,90,-5,5
46715,90,83,7,7
46716,120,105,15,15
46717,61,64,-3,3
46718,145,133,12,12
46719,77,78,-1,1
46720,49,55,-6,6
46721,81,80,1,1
46722,70,71,-1,1
46723,107,92,15,15
46724,87,82,5,5
46725,66,69,-3,3
46726,108,103,5,5
46727,86,80,6,6
46728,68,69,-1,1
46729,84,72,12,12
46730,72,73,-1,1
46731,67,71,-4,4
46732,73,73,0,0
46733,81,81,0,0
46734,65,58,7,7
46735,130,101,29,29
46736,47,44,3,3
46737,117,112,5,5
46738,141,118,23,23
46739,204,158,46,46
46740,85,81,4,4
46741,116,115,1,1
46742,118,105,13,13
46743,110,105,5,5
46744,100,92,8,8
46745,93,90,3,3
46746,53,55,-2,2
46747,86,79,7,7
46748,70,72,-2,2
46749,80,79,1,1
46750,146,136,10,10
46751,72,71,1,1
46752,154,138,16,16
46753,206,186,20,20
46754,72,75,-3,3
46755,141,124,17,17
46756,83,98,-15,15
46757,141,135,6,6
46758,97,99,-2,2
46759,137,120,17,17
46760,124,118,6,6
46761,84,82,2,2
46762,102,109,-7,7
46763,22,54,-32,32
46764,97,97,0,0
46765,59,60,-1,1
46766,124,116,8,8
46767,198,176,22,22
46768,93,81,12,12
46769,96,92,4,4
46770,99,90,9,9
46771,191,143,48,48
46772,88,82,6,6
46773,88,80,8,8
46774,114,105,9,9
46775,85,91,-6,6
46776,85,71,14,14
46777,63,68,-5,5
46778,129,103,26,26
46779,142,139,3,3
46780,66,74,-8,8
46781,64,60,4,4
46782,72,70,2,2
46783,143,132,11,11
46784,73,66,7,7
46785,92,88,4,4
46786,80,90,-10,10
46787,123,111,12,12
46788,67,72,-5,5
46789,87,99,-12,12
46790,81,68,13,13
46791,77,97,-20,20
46792,70,69,1,1
46793,120,113,7,7
46794,119,115,4,4
46795,116,113,3,3
46796,193,172,21,21
46797,90,92,-2,2
46798,113,120,-7,7
46799,109,97,12,12
46800,85,87,-2,2
46801,63,66,-3,3
46802,56,58,-2,2
46803,131,125,6,6
46804,108,101,7,7
46805,58,62,-4,4
46806,57,63,-6,6
46807,98,111,-13,13
46808,86,99,-13,13
46809,60,61,-1,1
46810,54,61,-7,7
46811,160,133,27,27
46812,91,95,-4,4
46813,179,133,46,46
46814,68,84,-16,16
46815,143,129,14,14
46816,86,74,12,12
46817,115,113,2,2
46818,139,114,25,25
46819,95,91,4,4
46820,66,79,-13,13
46821,66,65,1,1
46822,143,130,13,13
46823,87,82,5,5
46824,85,90,-5,5
46825,77,80,-3,3
46826,77,71,6,6
46827,91,80,11,11
46828,80,80,0,0
46829,23,26,-3,3
46830,92,87,5,5
46831,109,98,11,11
46832,115,104,11,11
46833,93,91,2,2
46834,67,70,-3,3
46835,150,136,14,14
46836,78,68,10,10
46837,159,145,14,14
46838,124,102,22,22
46839,93,97,-4,4
46840,133,127,6,6
46841,79,82,-3,3
46842,62,63,-1,1
46843,73,70,3,3
46844,66,65,1,1
46845,69,67,2,2
46846,146,146,0,0
46847,73,68,5,5
46848,91,99,-8,8
46849,67,65,2,2
46850,80,93,-13,13
46851,96,89,7,7
46852,75,73,2,2
46853,72,83,-11,11
46854,87,82,5,5
46855,93,81,12,12
46856,115,102,13,13
46857,142,125,17,17
46858,168,125,43,43
46859,149,129,20,20
46860,91,88,3,3
46861,69,72,-3,3
46862,112,105,7,7
46863,83,79,4,4
46864,63,54,9,9
46865,84,83,1,1
46866,113,97,16,16
46867,98,94,4,4
46868,174,156,18,18
46869,103,93,10,10
46870,32,72,-40,40
46871,126,118,8,8
46872,132,121,11,11
46873,49,48,1,1
46874,107,102,5,5
46875,121,120,1,1
46876,132,116,16,16
46877,75,73,2,2
46878,71,75,-4,4
46879,69,79,-10,10
46880,158,134,24,24
46881,73,70,3,3
46882,146,119,27,27
46883,49,65,-16,16
46884,124,113,11,11
46885,71,70,1,1
46886,43,44,-1,1
46887,94,97,-3,3
46888,120,118,2,2
46889,107,100,7,7
46890,83,73,10,10
46891,111,100,11,11
46892,79,80,-1,1
46893,93,95,-2,2
46894,130,117,13,13
46895,119,105,14,14
46896,80,73,7,7
46897,80,70,10,10
46898,76,73,3,3
46899,101,99,2,2
46900,131,117,14,14
46901,91,90,1,1
46902,81,83,-2,2
46903,102,98,4,4
46904,108,88,20,20
46905,79,77,2,2
46906,121,103,18,18
46907,135,128,7,7
46908,68,79,-11,11
46909,104,106,-2,2
46910,44,46,-2,2
46911,103,103,0,0
46912,136,129,7,7
46913,107,89,18,18
46914,78,86,-8,8
46915,75,78,-3,3
46916,37,37,0,0
46917,24,26,-2,2
46918,166,150,16,16
46919,134,117,17,17
46920,116,109,7,7
46921,85,84,1,1
46922,130,121,9,9
46923,150,128,22,22
46924,103,92,11,11
46925,92,85,7,7
46926,127,121,6,6
46927,72,76,-4,4
46928,95,97,-2,2
46929,56,58,-2,2
46930,170,138,32,32
46931,106,92,14,14
46932,78,80,-2,2
46933,135,127,8,8
46934,113,101,12,12
46935,191,166,25,25
46936,61,67,-6,6
46937,95,82,13,13
46938,119,110,9,9
46939,114,97,17,17
46940,88,84,4,4
46941,71,69,2,2
46942,76,74,2,2
46943,50,59,-9,9
46944,69,69,0,0
46945,51,74,-23,23
46946,74,82,-8,8
46947,79,76,3,3
46948,74,82,-8,8
46949,113,111,2,2
46950,99,102,-3,3
46951,86,84,2,2
46952,91,91,0,0
46953,83,93,-10,10
46954,106,97,9,9
46955,66,66,0,0
46956,74,68,6,6
46957,78,74,4,4
46958,101,98,3,3
46959,78,83,-5,5
46960,91,99,-8,8
46961,94,94,0,0
46962,86,84,2,2
46963,64,68,-4,4
46964,98,80,18,18
46965,100,106,-6,6
46966,148,124,24,24
46967,96,97,-1,1
46968,135,113,22,22
46969,123,124,-1,1
46970,65,66,-1,1
46971,86,81,5,5
46972,86,83,3,3
46973,93,90,3,3
46974,106,99,7,7
46975,122,108,14,14
46976,75,83,-8,8
46977,86,81,5,5
46978,51,53,-2,2
46979,56,61,-5,5
46980,125,123,2,2
46981,92,86,6,6
46982,108,111,-3,3
46983,151,133,18,18
46984,83,83,0,0
46985,66,72,-6,6
46986,138,116,22,22
46987,120,114,6,6
46988,79,74,5,5
46989,86,91,-5,5
46990,163,150,13,13
46991,112,108,4,4
46992,98,87,11,11
46993,40,69,-29,29
46994,85,87,-2,2
46995,73,79,-6,6
46996,84,92,-8,8
46997,127,121,6,6
46998,113,99,14,14
46999,116,102,14,14
47000,91,94,-3,3
47001,91,74,17,17
47002,50,54,-4,4
47003,78,80,-2,2
47004,90,90,0,0
47005,125,111,14,14
47006,84,86,-2,2
47007,79,75,4,4
47008,69,66,3,3
47009,115,97,18,18
47010,227,221,6,6
47011,107,103,4,4
47012,136,144,-8,8
47013,88,82,6,6
47014,117,108,9,9
47015,81,83,-2,2
47016,150,132,18,18
47017,101,114,-13,13
47018,169,145,24,24
47019,75,79,-4,4
47020,146,136,10,10
47021,96,88,8,8
47022,66,65,1,1
47023,73,71,2,2
47024,85,94,-9,9
47025,104,85,19,19
47026,53,58,-5,5
47027,148,142,6,6
47028,119,106,13,13
47029,45,45,0,0
47030,72,71,1,1
47031,126,119,7,7
47032,64,63,1,1
47033,119,111,8,8
47034,89,94,-5,5
47035,139,127,12,12
47036,111,109,2,2
47037,100,98,2,2
47038,82,82,0,0
47039,138,125,13,13
47040,47,50,-3,3
47041,167,140,27,27
47042,63,64,-1,1
47043,118,106,12,12
47044,201,183,18,18
47045,82,86,-4,4
47046,91,93,-2,2
47047,81,81,0,0
47048,91,83,8,8
47049,119,106,13,13
47050,88,80,8,8
47051,76,76,0,0
47052,86,82,4,4
47053,47,50,-3,3
47054,134,122,12,12
47055,96,93,3,3
47056,82,81,1,1
47057,82,76,6,6
47058,89,87,2,2
47059,99,101,-2,2
47060,93,92,1,1
47061,87,84,3,3
47062,62,81,-19,19
47063,58,57,1,1
47064,82,83,-1,1
47065,142,133,9,9
47066,101,94,7,7
47067,127,111,16,16
47068,46,46,0,0
47069,116,102,14,14
47070,54,59,-5,5
47071,71,70,1,1
47072,121,129,-8,8
47073,80,80,0,0
47074,86,84,2,2
47075,119,108,11,11
47076,71,75,-4,4
47077,171,145,26,26
47078,126,105,21,21
47079,57,57,0,0
47080,99,95,4,4
47081,55,63,-8,8
47082,77,79,-2,2
47083,110,101,9,9
47084,77,98,-21,21
47085,111,102,9,9
47086,164,150,14,14
47087,104,92,12,12
47088,85,84,1,1
47089,75,78,-3,3
47090,119,104,15,15
47091,82,82,0,0
47092,122,103,19,19
47093,111,104,7,7
47094,102,93,9,9
47095,54,55,-1,1
47096,96,92,4,4
47097,65,68,-3,3
47098,135,126,9,9
47099,79,73,6,6
47100,92,80,12,12
47101,56,61,-5,5
47102,109,91,18,18
47103,124,114,10,10
47104,65,70,-5,5
47105,84,83,1,1
47106,107,98,9,9
47107,114,105,9,9
47108,92,81,11,11
47109,129,116,13,13
47110,159,137,22,22
47111,80,83,-3,3
47112,106,100,6,6
47113,76,78,-2,2
47114,81,87,-6,6
47115,115,109,6,6
47116,89,95,-6,6
47117,66,70,-4,4
47118,49,56,-7,7
47119,74,71,3,3
47120,77,71,6,6
47121,98,90,8,8
47122,181,154,27,27
47123,65,67,-2,2
47124,125,111,14,14
47125,120,117,3,3
47126,92,81,11,11
47127,125,110,15,15
47128,97,91,6,6
47129,113,95,18,18
47130,69,75,-6,6
47131,41,50,-9,9
47132,112,106,6,6
47133,93,81,12,12
47134,77,74,3,3
47135,114,117,-3,3
47136,90,84,6,6
47137,119,113,6,6
47138,85,91,-6,6
47139,99,101,-2,2
47140,113,88,25,25
47141,112,110,2,2
47142,43,50,-7,7
47143,73,72,1,1
47144,149,136,13,13
47145,72,75,-3,3
47146,62,65,-3,3
47147,74,74,0,0
47148,197,168,29,29
47149,93,100,-7,7
47150,103,79,24,24
47151,96,87,9,9
47152,191,148,43,43
47153,116,106,10,10
47154,75,72,3,3
47155,99,101,-2,2
47156,94,80,14,14
47157,124,117,7,7
47158,83,80,3,3
47159,131,117,14,14
47160,108,92,16,16
47161,108,109,-1,1
47162,77,75,2,2
47163,77,68,9,9
47164,126,111,15,15
47165,59,72,-13,13
47166,101,104,-3,3
47167,121,112,9,9
47168,116,111,5,5
47169,124,110,14,14
47170,69,63,6,6
47171,160,139,21,21
47172,67,75,-8,8
47173,111,110,1,1
47174,80,95,-15,15
47175,44,46,-2,2
47176,89,86,3,3
47177,92,85,7,7
47178,105,103,2,2
47179,113,100,13,13
47180,83,81,2,2
47181,54,54,0,0
47182,47,51,-4,4
47183,105,94,11,11
47184,65,61,4,4
47185,118,106,12,12
47186,115,98,17,17
47187,92,93,-1,1
47188,69,59,10,10
47189,42,49,-7,7
47190,64,59,5,5
47191,119,115,4,4
47192,142,120,22,22
47193,117,103,14,14
47194,67,73,-6,6
47195,157,135,22,22
47196,57,62,-5,5
47197,122,104,18,18
47198,84,74,10,10
47199,112,110,2,2
47200,96,93,3,3
47201,75,70,5,5
47202,86,83,3,3
47203,168,140,28,28
47204,128,103,25,25
47205,111,105,6,6
47206,95,96,-1,1
47207,74,84,-10,10
47208,101,84,17,17
47209,69,67,2,2
47210,160,146,14,14
47211,139,119,20,20
47212,24,59,-35,35
47213,89,82,7,7
47214,102,98,4,4
47215,49,53,-4,4
47216,94,101,-7,7
47217,76,72,4,4
47218,170,136,34,34
47219,158,140,18,18
47220,31,82,-51,51
47221,66,69,-3,3
47222,106,90,16,16
47223,60,71,-11,11
47224,77,80,-3,3
47225,68,67,1,1
47226,129,119,10,10
47227,60,59,1,1
47228,106,99,7,7
47229,64,60,4,4
47230,67,66,1,1
47231,85,85,0,0
47232,79,71,8,8
47233,175,151,24,24
47234,20,61,-41,41
47235,169,139,30,30
47236,90,92,-2,2
47237,74,74,0,0
47238,68,80,-12,12
47239,52,61,-9,9
47240,81,83,-2,2
47241,106,106,0,0
47242,113,106,7,7
47243,64,67,-3,3
47244,98,93,5,5
47245,120,113,7,7
47246,85,81,4,4
47247,70,62,8,8
47248,121,106,15,15
47249,132,114,18,18
47250,50,48,2,2
47251,68,79,-11,11
47252,55,58,-3,3
47253,122,108,14,14
47254,107,93,14,14
47255,69,71,-2,2
47256,115,106,9,9
47257,118,108,10,10
47258,184,190,-6,6
47259,78,88,-10,10
47260,47,55,-8,8
47261,65,66,-1,1
47262,109,93,16,16
47263,89,80,9,9
47264,141,128,13,13
47265,68,88,-20,20
47266,167,137,30,30
47267,68,75,-7,7
47268,86,92,-6,6
47269,93,89,4,4
47270,91,88,3,3
47271,65,71,-6,6
47272,132,123,9,9
47273,91,91,0,0
47274,71,66,5,5
47275,71,65,6,6
47276,120,110,10,10
47277,118,106,12,12
47278,117,107,10,10
47279,157,145,12,12
47280,73,75,-2,2
47281,108,105,3,3
47282,82,71,11,11
47283,122,110,12,12
47284,143,134,9,9
47285,172,147,25,25
47286,76,66,10,10
47287,130,125,5,5
47288,61,60,1,1
47289,65,70,-5,5
47290,128,111,17,17
47291,98,93,5,5
47292,161,154,7,7
47293,56,55,1,1
47294,97,120,-23,23
47295,176,177,-1,1
47296,125,114,11,11
47297,115,103,12,12
47298,81,80,1,1
47299,103,96,7,7
47300,53,56,-3,3
47301,173,153,20,20
47302,132,115,17,17
47303,129,113,16,16
47304,120,111,9,9
47305,123,105,18,18
47306,203,145,58,58
47307,59,50,9,9
47308,67,70,-3,3
47309,132,111,21,21
47310,182,150,32,32
47311,143,133,10,10
47312,97,84,13,13
47313,91,84,7,7
47314,96,98,-2,2
47315,91,84,7,7
47316,87,81,6,6
47317,143,138,5,5
47318,65,56,9,9
47319,78,69,9,9
47320,78,75,3,3
47321,140,129,11,11
47322,93,91,2,2
47323,52,56,-4,4
47324,95,98,-3,3
47325,96,84,12,12
47326,72,74,-2,2
47327,113,107,6,6
47328,97,90,7,7
47329,77,79,-2,2
47330,71,74,-3,3
47331,58,58,0,0
47332,72,71,1,1
47333,210,167,43,43
47334,97,89,8,8
47335,141,132,9,9
47336,130,123,7,7
47337,105,103,2,2
47338,66,74,-8,8
47339,78,84,-6,6
47340,96,96,0,0
47341,120,109,11,11
47342,57,60,-3,3
47343,162,139,23,23
47344,134,126,8,8
47345,161,135,26,26
47346,171,155,16,16
47347,91,93,-2,2
47348,46,50,-4,4
47349,128,113,15,15
47350,113,94,19,19
47351,96,86,10,10
47352,55,57,-2,2
47353,101,101,0,0
47354,146,129,17,17
47355,83,111,-28,28
47356,41,46,-5,5
47357,117,106,11,11
47358,118,114,4,4
47359,89,90,-1,1
47360,88,84,4,4
47361,37,39,-2,2
47362,68,72,-4,4
47363,53,48,5,5
47364,106,96,10,10
47365,125,111,14,14
47366,79,77,2,2
47367,100,92,8,8
47368,99,102,-3,3
47369,99,96,3,3
47370,130,117,13,13
47371,75,81,-6,6
47372,101,93,8,8
47373,90,85,5,5
47374,154,130,24,24
47375,116,106,10,10
47376,60,73,-13,13
47377,144,133,11,11
47378,75,76,-1,1
47379,110,100,10,10
47380,124,116,8,8
47381,79,87,-8,8
47382,38,44,-6,6
47383,90,87,3,3
47384,84,76,8,8
47385,76,80,-4,4
47386,88,88,0,0
47387,124,117,7,7
47388,76,82,-6,6
47389,84,79,5,5
47390,75,75,0,0
47391,78,75,3,3
47392,48,54,-6,6
47393,70,76,-6,6
47394,125,108,17,17
47395,129,123,6,6
47396,75,70,5,5
47397,91,97,-6,6
47398,108,100,8,8
47399,100,91,9,9
47400,56,69,-13,13
47401,140,115,25,25
47402,62,60,2,2
47403,224,166,58,58
47404,109,111,-2,2
47405,159,144,15,15
47406,90,90,0,0
47407,125,107,18,18
47408,96,97,-1,1
47409,74,85,-11,11
47410,109,108,1,1
47411,84,82,2,2
47412,50,51,-1,1
47413,146,128,18,18
47414,116,98,18,18
47415,93,83,10,10
47416,92,83,9,9
47417,72,66,6,6
47418,159,130,29,29
47419,79,74,5,5
47420,117,104,13,13
47421,92,81,11,11
47422,102,95,7,7
47423,61,63,-2,2
47424,55,51,4,4
47425,91,77,14,14
47426,94,88,6,6
47427,64,69,-5,5
47428,121,109,12,12
47429,50,54,-4,4
47430,91,82,9,9
47431,87,85,2,2
47432,100,91,9,9
47433,60,56,4,4
47434,139,129,10,10
47435,77,74,3,3
47436,54,59,-5,5
47437,117,92,25,25
47438,105,109,-4,4
47439,105,97,8,8
47440,78,78,0,0
47441,108,92,16,16
47442,111,113,-2,2
47443,112,109,3,3
47444,69,69,0,0
47445,100,103,-3,3
47446,96,93,3,3
47447,31,45,-14,14
47448,75,71,4,4
47449,68,71,-3,3
47450,53,60,-7,7
47451,63,66,-3,3
47452,85,80,5,5
47453,126,118,8,8
47454,107,99,8,8
47455,130,116,14,14
47456,65,63,2,2
47457,73,74,-1,1
47458,107,103,4,4
47459,121,115,6,6
47460,99,97,2,2
47461,92,90,2,2
47462,170,149,21,21
47463,85,70,15,15
47464,142,127,15,15
47465,86,82,4,4
47466,63,64,-1,1
47467,121,105,16,16
47468,84,92,-8,8
47469,66,64,2,2
47470,60,61,-1,1
47471,68,66,2,2
47472,113,118,-5,5
47473,101,96,5,5
47474,48,54,-6,6
47475,154,139,15,15
47476,160,142,18,18
47477,102,92,10,10
47478,94,92,2,2
47479,84,80,4,4
47480,107,106,1,1
47481,66,70,-4,4
47482,87,90,-3,3
47483,84,71,13,13
47484,86,87,-1,1
47485,101,64,37,37
47486,83,78,5,5
47487,70,63,7,7
47488,104,88,16,16
47489,78,72,6,6
47490,69,70,-1,1
47491,172,146,26,26
47492,66,75,-9,9
47493,96,88,8,8
47494,73,72,1,1
47495,122,123,-1,1
47496,66,74,-8,8
47497,78,80,-2,2
47498,70,113,-43,43
47499,62,68,-6,6
47500,64,65,-1,1
47501,189,158,31,31
47502,101,97,4,4
47503,83,83,0,0
47504,88,80,8,8
47505,108,98,10,10
47506,109,103,6,6
47507,50,47,3,3
47508,100,90,10,10
47509,98,90,8,8
47510,74,68,6,6
47511,151,124,27,27
47512,67,71,-4,4
47513,145,121,24,24
47514,99,91,8,8
47515,79,78,1,1
47516,66,72,-6,6
47517,87,80,7,7
47518,104,88,16,16
47519,75,70,5,5
47520,81,72,9,9
47521,79,81,-2,2
47522,82,80,2,2
47523,202,164,38,38
47524,64,60,4,4
47525,142,127,15,15
47526,77,91,-14,14
47527,95,104,-9,9
47528,127,117,10,10
47529,89,90,-1,1
47530,136,132,4,4
47531,63,68,-5,5
47532,123,112,11,11
47533,113,101,12,12
47534,98,92,6,6
47535,136,111,25,25
47536,124,108,16,16
47537,124,109,15,15
47538,162,138,24,24
47539,81,93,-12,12
47540,93,90,3,3
47541,83,84,-1,1
47542,127,106,21,21
47543,60,58,2,2
47544,83,83,0,0
47545,60,60,0,0
47546,103,103,0,0
47547,93,76,17,17
47548,78,78,0,0
47549,97,86,11,11
47550,73,70,3,3
47551,128,112,16,16
47552,92,93,-1,1
47553,37,41,-4,4
47554,154,134,20,20
47555,60,65,-5,5
47556,94,87,7,7
47557,103,93,10,10
47558,72,73,-1,1
47559,65,78,-13,13
47560,85,86,-1,1
47561,111,99,12,12
47562,88,90,-2,2
47563,110,96,14,14
47564,102,95,7,7
47565,59,60,-1,1
47566,89,80,9,9
47567,113,94,19,19
47568,65,74,-9,9
47569,148,134,14,14
47570,83,82,1,1
47571,81,80,1,1
47572,88,85,3,3
47573,67,72,-5,5
47574,44,52,-8,8
47575,98,98,0,0
47576,89,83,6,6
47577,85,84,1,1
47578,165,132,33,33
47579,58,70,-12,12
47580,118,105,13,13
47581,138,112,26,26
47582,85,80,5,5
47583,77,80,-3,3
47584,58,60,-2,2
47585,78,72,6,6
47586,94,103,-9,9
47587,51,58,-7,7
47588,109,108,1,1
47589,72,78,-6,6
47590,71,71,0,0
47591,83,88,-5,5
47592,97,91,6,6
47593,81,83,-2,2
47594,192,186,6,6
47595,152,133,19,19
47596,101,95,6,6
47597,65,58,7,7
47598,77,78,-1,1
47599,130,111,19,19
47600,124,95,29,29
47601,89,91,-2,2
47602,105,104,1,1
47603,85,80,5,5
47604,147,135,12,12
47605,108,113,-5,5
47606,86,84,2,2
47607,66,70,-4,4
47608,62,63,-1,1
47609,74,69,5,5
47610,144,114,30,30
47611,77,74,3,3
47612,53,46,7,7
47613,81,74,7,7
47614,121,110,11,11
47615,71,66,5,5
47616,75,65,10,10
47617,105,92,13,13
47618,98,98,0,0
47619,133,125,8,8
47620,115,109,6,6
47621,56,61,-5,5
47622,139,120,19,19
47623,108,104,4,4
47624,207,163,44,44
47625,43,58,-15,15
47626,135,116,19,19
47627,122,114,8,8
47628,61,67,-6,6
47629,97,86,11,11
47630,77,74,3,3
47631,123,99,24,24
47632,59,66,-7,7
47633,113,111,2,2
47634,125,111,14,14
47635,88,88,0,0
47636,72,69,3,3
47637,137,128,9,9
47638,113,98,15,15
47639,112,101,11,11
47640,60,66,-6,6
47641,106,100,6,6
47642,143,130,13,13
47643,91,90,1,1
47644,95,89,6,6
47645,155,124,31,31
47646,106,101,5,5
47647,103,110,-7,7
47648,142,120,22,22
47649,76,70,6,6
47650,115,111,4,4
47651,96,112,-16,16
47652,103,91,12,12
47653,106,102,4,4
47654,67,64,3,3
47655,100,94,6,6
47656,103,92,11,11
47657,72,75,-3,3
47658,142,125,17,17
47659,32,52,-20,20
47660,137,131,6,6
47661,57,67,-10,10
47662,69,73,-4,4
47663,47,49,-2,2
47664,82,83,-1,1
47665,113,98,15,15
47666,81,83,-2,2
47667,96,91,5,5
47668,67,68,-1,1
47669,138,119,19,19
47670,73,69,4,4
47671,62,80,-18,18
47672,45,57,-12,12
47673,106,97,9,9
47674,65,68,-3,3
47675,79,79,0,0
47676,109,110,-1,1
47677,147,129,18,18
47678,67,65,2,2
47679,94,86,8,8
47680,73,72,1,1
47681,57,65,-8,8
47682,124,106,18,18
47683,68,73,-5,5
47684,89,84,5,5
47685,105,91,14,14
47686,64,79,-15,15
47687,78,82,-4,4
47688,108,95,13,13
47689,171,154,17,17
47690,92,80,12,12
47691,63,68,-5,5
47692,66,70,-4,4
47693,85,86,-1,1
47694,134,123,11,11
47695,73,73,0,0
47696,85,81,4,4
47697,81,76,5,5
47698,119,111,8,8
47699,64,60,4,4
47700,73,69,4,4
47701,120,102,18,18
47702,122,109,13,13
47703,97,97,0,0
47704,69,71,-2,2
47705,88,85,3,3
47706,86,86,0,0
47707,87,84,3,3
47708,152,130,22,22
47709,65,64,1,1
47710,37,48,-11,11
47711,125,104,21,21
47712,117,116,1,1
47713,72,72,0,0
47714,120,125,-5,5
47715,67,66,1,1
47716,147,130,17,17
47717,142,124,18,18
47718,111,102,9,9
47719,104,96,8,8
47720,90,81,9,9
47721,76,74,2,2
47722,82,72,10,10
47723,122,91,31,31
47724,176,149,27,27
47725,97,79,18,18
47726,84,83,1,1
47727,94,89,5,5
47728,175,165,10,10
47729,90,92,-2,2
47730,62,63,-1,1
47731,116,101,15,15
47732,137,124,13,13
47733,141,124,17,17
47734,96,99,-3,3
47735,99,93,6,6
47736,66,60,6,6
47737,183,162,21,21
47738,64,60,4,4
47739,137,129,8,8
47740,51,51,0,0
47741,35,37,-2,2
47742,137,115,22,22
47743,151,135,16,16
47744,115,105,10,10
47745,94,85,9,9
47746,42,41,1,1
47747,57,64,-7,7
47748,102,101,1,1
47749,59,58,1,1
47750,73,82,-9,9
47751,80,77,3,3
47752,102,103,-1,1
47753,111,103,8,8
47754,150,138,12,12
47755,149,127,22,22
47756,129,109,20,20
47757,35,51,-16,16
47758,50,57,-7,7
47759,85,79,6,6
47760,90,85,5,5
47761,129,110,19,19
47762,111,108,3,3
47763,80,87,-7,7
47764,165,147,18,18
47765,69,69,0,0
47766,132,108,24,24
47767,145,123,22,22
47768,51,54,-3,3
47769,152,126,26,26
47770,64,63,1,1
47771,168,141,27,27
47772,100,98,2,2
47773,72,66,6,6
47774,86,90,-4,4
47775,67,73,-6,6
47776,71,72,-1,1
47777,156,141,15,15
47778,92,84,8,8
47779,93,91,2,2
47780,95,98,-3,3
47781,113,100,13,13
47782,105,96,9,9
47783,77,83,-6,6
47784,96,97,-1,1
47785,103,99,4,4
47786,76,88,-12,12
47787,77,73,4,4
47788,103,90,13,13
47789,80,80,0,0
47790,72,74,-2,2
47791,98,95,3,3
47792,94,82,12,12
47793,145,139,6,6
47794,57,55,2,2
47795,95,85,10,10
47796,97,80,17,17
47797,160,134,26,26
47798,161,142,19,19
47799,71,68,3,3
47800,95,87,8,8
47801,100,94,6,6
47802,57,49,8,8
47803,96,93,3,3
47804,70,68,2,2
47805,51,79,-28,28
47806,70,70,0,0
47807,27,34,-7,7
47808,93,84,9,9
47809,110,102,8,8
47810,128,115,13,13
47811,146,135,11,11
47812,81,69,12,12
47813,100,91,9,9
47814,77,69,8,8
47815,57,62,-5,5
47816,110,99,11,11
47817,90,90,0,0
47818,105,104,1,1
47819,91,80,11,11
47820,158,139,19,19
47821,79,72,7,7
47822,52,53,-1,1
47823,86,84,2,2
47824,100,95,5,5
47825,65,63,2,2
47826,116,105,11,11
47827,75,70,5,5
47828,95,85,10,10
47829,71,74,-3,3
47830,87,90,-3,3
47831,79,69,10,10
47832,77,74,3,3
47833,55,57,-2,2
47834,94,90,4,4
47835,99,93,6,6
47836,98,95,3,3
47837,95,103,-8,8
47838,123,117,6,6
47839,76,86,-10,10
47840,157,147,10,10
47841,75,76,-1,1
47842,114,105,9,9
47843,47,40,7,7
47844,110,102,8,8
47845,122,108,14,14
47846,89,95,-6,6
47847,65,69,-4,4
47848,63,67,-4,4
47849,140,121,19,19
47850,101,98,3,3
47851,132,118,14,14
47852,175,165,10,10
47853,79,73,6,6
47854,97,87,10,10
47855,108,90,18,18
47856,76,69,7,7
47857,80,74,6,6
47858,114,97,17,17
47859,160,154,6,6
47860,101,90,11,11
47861,143,121,22,22
47862,40,41,-1,1
47863,151,133,18,18
47864,111,115,-4,4
47865,105,112,-7,7
47866,93,83,10,10
47867,121,112,9,9
47868,162,142,20,20
47869,91,98,-7,7
47870,86,84,2,2
47871,133,124,9,9
47872,69,72,-3,3
47873,110,111,-1,1
47874,76,71,5,5
47875,70,73,-3,3
47876,129,102,27,27
47877,105,91,14,14
47878,118,104,14,14
47879,51,58,-7,7
47880,155,134,21,21
47881,80,77,3,3
47882,91,99,-8,8
47883,87,81,6,6
47884,61,71,-10,10
47885,65,68,-3,3
47886,85,85,0,0
47887,89,85,4,4
47888,62,63,-1,1
47889,85,91,-6,6
47890,65,76,-11,11
47891,127,112,15,15
47892,94,91,3,3
47893,106,102,4,4
47894,72,69,3,3
47895,115,107,8,8
47896,100,91,9,9
47897,56,55,1,1
47898,78,87,-9,9
47899,100,99,1,1
47900,94,83,11,11
47901,104,93,11,11
47902,76,89,-13,13
47903,100,94,6,6
47904,114,102,12,12
47905,94,82,12,12
47906,92,89,3,3
47907,51,52,-1,1
47908,129,121,8,8
47909,30,26,4,4
47910,91,98,-7,7
47911,72,74,-2,2
47912,99,94,5,5
47913,59,59,0,0
47914,103,92,11,11
47915,140,111,29,29
47916,71,71,0,0
47917,77,76,1,1
47918,108,103,5,5
47919,87,74,13,13
47920,150,138,12,12
47921,108,108,0,0
47922,78,75,3,3
47923,143,127,16,16
47924,109,109,0,0
47925,81,81,0,0
47926,82,84,-2,2
47927,46,47,-1,1
47928,142,120,22,22
47929,54,56,-2,2
47930,89,87,2,2
47931,53,56,-3,3
47932,73,71,2,2
47933,74,71,3,3
47934,43,43,0,0
47935,89,88,1,1
47936,71,75,-4,4
47937,62,77,-15,15
47938,59,64,-5,5
47939,114,101,13,13
47940,56,57,-1,1
47941,94,93,1,1
47942,102,103,-1,1
47943,112,100,12,12
47944,75,74,1,1
47945,77,85,-8,8
47946,124,113,11,11
47947,128,110,18,18
47948,70,76,-6,6
47949,84,121,-37,37
47950,151,126,25,25
47951,113,100,13,13
47952,85,80,5,5
47953,82,99,-17,17
47954,163,149,14,14
47955,124,123,1,1
47956,80,73,7,7
47957,122,132,-10,10
47958,88,76,12,12
47959,66,64,2,2
47960,83,83,0,0
47961,118,105,13,13
47962,57,56,1,1
47963,66,72,-6,6
47964,108,99,9,9
47965,93,96,-3,3
47966,51,52,-1,1
47967,171,146,25,25
47968,114,98,16,16
47969,45,48,-3,3
47970,86,80,6,6
47971,62,69,-7,7
47972,67,70,-3,3
47973,76,78,-2,2
47974,108,107,1,1
47975,100,110,-10,10
47976,139,125,14,14
47977,115,107,8,8
47978,144,107,37,37
47979,90,80,10,10
47980,91,80,11,11
47981,75,79,-4,4
47982,135,122,13,13
47983,67,75,-8,8
47984,117,98,19,19
47985,127,104,23,23
47986,59,60,-1,1
47987,48,58,-10,10
47988,69,69,0,0
47989,93,81,12,12
47990,123,117,6,6
47991,131,128,3,3
47992,105,97,8,8
47993,121,117,4,4
47994,111,106,5,5
47995,43,47,-4,4
47996,131,116,15,15
47997,133,111,22,22
47998,74,74,0,0
47999,154,121,33,33
48000,36,42,-6,6
48001,83,86,-3,3
48002,114,110,4,4
48003,115,101,14,14
48004,117,104,13,13
48005,129,112,17,17
48006,119,108,11,11
48007,65,68,-3,3
48008,88,87,1,1
48009,80,71,9,9
48010,43,42,1,1
48011,68,70,-2,2
48012,157,137,20,20
48013,104,99,5,5
48014,56,53,3,3
48015,52,60,-8,8
48016,115,101,14,14
48017,64,63,1,1
48018,139,127,12,12
48019,58,59,-1,1
48020,105,102,3,3
48021,196,174,22,22
48022,117,100,17,17
48023,108,87,21,21
48024,109,110,-1,1
48025,53,52,1,1
48026,97,86,11,11
48027,89,89,0,0
48028,136,118,18,18
48029,156,149,7,7
48030,107,94,13,13
48031,48,49,-1,1
48032,108,108,0,0
48033,151,127,24,24
48034,71,83,-12,12
48035,99,88,11,11
48036,119,96,23,23
48037,131,115,16,16
48038,72,73,-1,1
48039,112,102,10,10
48040,142,141,1,1
48041,130,119,11,11
48042,103,100,3,3
48043,136,124,12,12
48044,61,62,-1,1
48045,93,84,9,9
48046,124,114,10,10
48047,44,53,-9,9
48048,166,158,8,8
48049,134,126,8,8
48050,85,82,3,3
48051,56,66,-10,10
48052,58,68,-10,10
48053,95,92,3,3
48054,113,101,12,12
48055,80,85,-5,5
48056,105,94,11,11
48057,56,51,5,5
48058,79,83,-4,4
48059,77,83,-6,6
48060,90,84,6,6
48061,68,77,-9,9
48062,65,70,-5,5
48063,95,96,-1,1
48064,51,59,-8,8
48065,99,88,11,11
48066,81,74,7,7
48067,116,97,19,19
48068,72,71,1,1
48069,55,65,-10,10
48070,144,128,16,16
48071,74,76,-2,2
48072,135,127,8,8
48073,60,64,-4,4
48074,76,80,-4,4
48075,144,114,30,30
48076,141,113,28,28
48077,80,66,14,14
48078,74,81,-7,7
48079,83,80,3,3
48080,76,70,6,6
48081,100,92,8,8
48082,97,89,8,8
48083,141,113,28,28
48084,109,102,7,7
48085,87,104,-17,17
48086,104,95,9,9
48087,69,69,0,0
48088,60,69,-9,9
48089,71,74,-3,3
48090,64,65,-1,1
48091,69,75,-6,6
48092,92,87,5,5
48093,93,87,6,6
48094,88,81,7,7
48095,11,26,-15,15
48096,132,113,19,19
48097,62,70,-8,8
48098,73,86,-13,13
48099,110,97,13,13
48100,84,88,-4,4
48101,63,56,7,7
48102,110,106,4,4
48103,61,58,3,3
48104,81,87,-6,6
48105,107,103,4,4
48106,161,135,26,26
48107,66,61,5,5
48108,59,70,-11,11
48109,115,116,-1,1
48110,113,102,11,11
48111,125,115,10,10
48112,104,98,6,6
48113,90,85,5,5
48114,84,80,4,4
48115,101,98,3,3
48116,151,128,23,23
48117,127,114,13,13
48118,102,91,11,11
48119,85,86,-1,1
48120,64,70,-6,6
48121,114,107,7,7
48122,104,94,10,10
48123,99,97,2,2
48124,60,63,-3,3
48125,102,102,0,0
48126,125,114,11,11
48127,109,115,-6,6
48128,106,96,10,10
48129,91,87,4,4
48130,54,69,-15,15
48131,86,96,-10,10
48132,108,110,-2,2
48133,61,66,-5,5
48134,63,80,-17,17
48135,112,102,10,10
48136,35,37,-2,2
48137,86,81,5,5
48138,79,81,-2,2
48139,112,102,10,10
48140,180,162,18,18
48141,94,82,12,12
48142,125,112,13,13
48143,82,77,5,5
48144,94,95,-1,1
48145,83,76,7,7
48146,93,94,-1,1
48147,89,88,1,1
48148,63,65,-2,2
48149,120,112,8,8
48150,91,78,13,13
48151,102,117,-15,15
48152,70,77,-7,7
48153,66,64,2,2
48154,73,71,2,2
48155,122,101,21,21
48156,50,56,-6,6
48157,65,70,-5,5
48158,146,128,18,18
48159,72,75,-3,3
48160,109,95,14,14
48161,67,73,-6,6
48162,138,118,20,20
48163,78,78,0,0
48164,143,133,10,10
48165,82,81,1,1
48166,147,141,6,6
48167,115,106,9,9
48168,107,104,3,3
48169,60,67,-7,7
48170,95,84,11,11
48171,95,92,3,3
48172,39,52,-13,13
48173,75,81,-6,6
48174,61,63,-2,2
48175,194,186,8,8
48176,67,74,-7,7
48177,104,93,11,11
48178,79,81,-2,2
48179,57,78,-21,21
48180,45,50,-5,5
48181,66,73,-7,7
48182,70,70,0,0
48183,61,78,-17,17
48184,93,88,5,5
48185,104,98,6,6
48186,122,126,-4,4
48187,64,66,-2,2
48188,68,71,-3,3
48189,132,117,15,15
48190,55,58,-3,3
48191,117,108,9,9
48192,89,81,8,8
48193,83,87,-4,4
48194,94,100,-6,6
48195,59,56,3,3
48196,149,131,18,18
48197,77,83,-6,6
48198,92,92,0,0
48199,84,79,5,5
48200,71,69,2,2
48201,75,71,4,4
48202,123,111,12,12
48203,108,106,2,2
48204,90,91,-1,1
48205,99,82,17,17
48206,38,44,-6,6
48207,59,66,-7,7
48208,104,97,7,7
48209,114,117,-3,3
48210,83,85,-2,2
48211,182,148,34,34
48212,89,98,-9,9
48213,77,68,9,9
48214,146,124,22,22
48215,74,73,1,1
48216,73,70,3,3
48217,71,70,1,1
48218,70,64,6,6
48219,139,129,10,10
48220,75,62,13,13
48221,110,119,-9,9
48222,106,102,4,4
48223,150,137,13,13
48224,132,118,14,14
48225,108,92,16,16
48226,56,60,-4,4
48227,133,122,11,11
48228,123,103,20,20
48229,58,53,5,5
48230,73,76,-3,3
48231,118,105,13,13
48232,83,82,1,1
48233,66,66,0,0
48234,83,81,2,2
48235,89,86,3,3
48236,87,94,-7,7
48237,95,88,7,7
48238,57,63,-6,6
48239,124,115,9,9
48240,136,126,10,10
48241,102,97,5,5
48242,123,116,7,7
48243,53,55,-2,2
48244,59,68,-9,9
48245,150,124,26,26
48246,140,119,21,21
48247,88,83,5,5
48248,140,121,19,19
48249,86,86,0,0
48250,106,96,10,10
48251,127,126,1,1
48252,88,82,6,6
48253,99,101,-2,2
48254,83,82,1,1
48255,81,82,-1,1
48256,151,122,29,29
48257,144,135,9,9
48258,55,56,-1,1
48259,66,61,5,5
48260,103,96,7,7
48261,100,93,7,7
48262,76,68,8,8
48263,115,106,9,9
48264,135,119,16,16
48265,128,108,20,20
48266,163,137,26,26
48267,81,78,3,3
48268,88,84,4,4
48269,86,102,-16,16
48270,147,127,20,20
48271,179,153,26,26
48272,98,92,6,6
48273,91,85,6,6
48274,145,128,17,17
48275,53,58,-5,5
48276,122,115,7,7
48277,79,74,5,5
48278,118,118,0,0
48279,100,85,15,15
48280,76,70,6,6
48281,148,134,14,14
48282,55,39,16,16
48283,80,79,1,1
48284,129,126,3,3
48285,52,61,-9,9
48286,108,101,7,7
48287,71,70,1,1
48288,49,48,1,1
48289,111,98,13,13
48290,97,87,10,10
48291,106,94,12,12
48292,31,35,-4,4
48293,62,65,-3,3
48294,140,141,-1,1
48295,102,91,11,11
48296,68,60,8,8
48297,66,69,-3,3
48298,98,95,3,3
48299,29,26,3,3
48300,162,142,20,20
48301,68,70,-2,2
48302,39,46,-7,7
48303,61,65,-4,4
48304,126,120,6,6
48305,82,68,14,14
48306,95,84,11,11
48307,86,88,-2,2
48308,91,87,4,4
48309,68,81,-13,13
48310,70,72,-2,2
48311,56,49,7,7
48312,113,106,7,7
48313,83,74,9,9
48314,185,154,31,31
48315,133,119,14,14
48316,98,93,5,5
48317,47,55,-8,8
48318,86,79,7,7
48319,115,100,15,15
48320,121,110,11,11
48321,130,124,6,6
48322,116,105,11,11
48323,55,51,4,4
48324,88,85,3,3
48325,158,146,12,12
48326,208,186,22,22
48327,104,95,9,9
48328,109,102,7,7
48329,94,96,-2,2
48330,49,58,-9,9
48331,66,72,-6,6
48332,135,140,-5,5
48333,112,100,12,12
48334,75,72,3,3
48335,99,90,9,9
48336,98,96,2,2
48337,77,84,-7,7
48338,108,96,12,12
48339,81,78,3,3
48340,99,101,-2,2
48341,113,89,24,24
48342,68,74,-6,6
48343,111,105,6,6
48344,57,64,-7,7
48345,141,118,23,23
48346,96,90,6,6
48347,57,65,-8,8
48348,86,82,4,4
48349,64,80,-16,16
48350,58,57,1,1
48351,68,71,-3,3
48352,79,78,1,1
48353,128,117,11,11
48354,133,116,17,17
48355,129,128,1,1
48356,98,88,10,10
48357,126,105,21,21
48358,68,71,-3,3
48359,98,88,10,10
48360,76,63,13,13
48361,151,123,28,28
48362,143,133,10,10
48363,81,84,-3,3
48364,154,130,24,24
48365,99,97,2,2
48366,58,62,-4,4
48367,40,46,-6,6
48368,101,101,0,0
48369,88,84,4,4
48370,102,90,12,12
48371,82,74,8,8
48372,80,76,4,4
48373,77,75,2,2
48374,91,85,6,6
48375,133,122,11,11
48376,160,132,28,28
48377,137,126,11,11
48378,110,97,13,13
48379,78,75,3,3
48380,83,81,2,2
48381,68,79,-11,11
48382,85,88,-3,3
48383,90,85,5,5
48384,51,57,-6,6
48385,95,92,3,3
48386,133,113,20,20
48387,63,68,-5,5
48388,64,63,1,1
48389,64,60,4,4
48390,128,121,7,7
48391,94,93,1,1
48392,87,82,5,5
48393,49,60,-11,11
48394,66,62,4,4
48395,53,57,-4,4
48396,99,97,2,2
48397,55,61,-6,6
48398,166,145,21,21
48399,179,153,26,26
48400,100,92,8,8
48401,97,90,7,7
48402,139,117,22,22
48403,59,60,-1,1
48404,175,151,24,24
48405,123,118,5,5
48406,72,73,-1,1
48407,77,85,-8,8
48408,86,79,7,7
48409,52,58,-6,6
48410,122,124,-2,2
48411,83,80,3,3
48412,109,108,1,1
48413,123,107,16,16
48414,72,74,-2,2
48415,86,89,-3,3
48416,97,102,-5,5
48417,98,87,11,11
48418,98,84,14,14
48419,72,68,4,4
48420,160,133,27,27
48421,61,57,4,4
48422,91,87,4,4
48423,65,62,3,3
48424,145,124,21,21
48425,60,60,0,0
48426,125,108,17,17
48427,57,62,-5,5
48428,117,103,14,14
48429,104,97,7,7
48430,141,124,17,17
48431,65,65,0,0
48432,78,75,3,3
48433,74,75,-1,1
48434,82,80,2,2
48435,83,82,1,1
48436,79,80,-1,1
48437,79,80,-1,1
48438,73,71,2,2
48439,154,123,31,31
48440,89,87,2,2
48441,83,86,-3,3
48442,79,75,4,4
48443,167,140,27,27
48444,103,113,-10,10
48445,89,86,3,3
48446,199,164,35,35
48447,63,72,-9,9
48448,67,61,6,6
48449,152,147,5,5
48450,98,97,1,1
48451,78,79,-1,1
48452,78,78,0,0
48453,119,117,2,2
48454,93,94,-1,1
48455,121,117,4,4
48456,105,90,15,15
48457,184,128,56,56
48458,60,63,-3,3
48459,167,135,32,32
48460,51,59,-8,8
48461,114,109,5,5
48462,59,59,0,0
48463,98,99,-1,1
48464,62,67,-5,5
48465,74,63,11,11
48466,87,80,7,7
48467,84,78,6,6
48468,63,64,-1,1
48469,103,91,12,12
48470,133,112,21,21
48471,125,104,21,21
48472,137,126,11,11
48473,82,71,11,11
48474,145,129,16,16
48475,111,106,5,5
48476,117,106,11,11
48477,61,60,1,1
48478,107,105,2,2
48479,127,116,11,11
48480,50,48,2,2
48481,75,72,3,3
48482,173,150,23,23
48483,162,135,27,27
48484,72,80,-8,8
48485,104,99,5,5
48486,84,80,4,4
48487,84,79,5,5
48488,99,94,5,5
48489,109,103,6,6
48490,125,115,10,10
48491,100,95,5,5
48492,108,106,2,2
48493,118,113,5,5
48494,70,79,-9,9
48495,67,56,11,11
48496,39,42,-3,3
48497,87,84,3,3
48498,71,81,-10,10
48499,65,69,-4,4
48500,185,153,32,32
48501,89,82,7,7
48502,94,86,8,8
48503,68,69,-1,1
48504,66,63,3,3
48505,126,113,13,13
48506,99,98,1,1
48507,100,91,9,9
48508,85,77,8,8
48509,38,47,-9,9
48510,170,150,20,20
48511,109,93,16,16
48512,90,81,9,9
48513,58,60,-2,2
48514,52,57,-5,5
48515,162,157,5,5
48516,60,62,-2,2
48517,99,94,5,5
48518,80,77,3,3
48519,82,91,-9,9
48520,112,106,6,6
48521,81,74,7,7
48522,112,117,-5,5
48523,160,137,23,23
48524,44,51,-7,7
48525,60,62,-2,2
48526,87,75,12,12
48527,66,61,5,5
48528,54,55,-1,1
48529,158,126,32,32
48530,125,115,10,10
48531,61,65,-4,4
48532,179,147,32,32
48533,174,134,40,40
48534,86,98,-12,12
48535,86,92,-6,6
48536,79,95,-16,16
48537,60,59,1,1
48538,78,78,0,0
48539,128,121,7,7
48540,111,102,9,9
48541,98,93,5,5
48542,142,112,30,30
48543,65,64,1,1
48544,142,122,20,20
48545,176,155,21,21
48546,88,81,7,7
48547,165,146,19,19
48548,85,90,-5,5
48549,85,80,5,5
48550,88,84,4,4
48551,97,99,-2,2
48552,125,112,13,13
48553,99,89,10,10
48554,83,77,6,6
48555,97,90,7,7
48556,96,93,3,3
48557,62,66,-4,4
48558,99,104,-5,5
48559,57,62,-5,5
48560,77,80,-3,3
48561,77,80,-3,3
48562,104,119,-15,15
48563,114,101,13,13
48564,94,87,7,7
48565,67,80,-13,13
48566,112,99,13,13
48567,128,110,18,18
48568,93,91,2,2
48569,115,113,2,2
48570,63,60,3,3
48571,67,77,-10,10
48572,136,125,11,11
48573,96,101,-5,5
48574,97,102,-5,5
48575,97,101,-4,4
48576,100,91,9,9
48577,60,60,0,0
48578,155,156,-1,1
48579,80,87,-7,7
48580,92,100,-8,8
48581,130,115,15,15
48582,139,118,21,21
48583,121,113,8,8
48584,58,65,-7,7
48585,73,76,-3,3
48586,98,93,5,5
48587,95,96,-1,1
48588,126,106,20,20
48589,112,99,13,13
48590,82,82,0,0
48591,105,95,10,10
48592,68,79,-11,11
48593,67,80,-13,13
48594,121,115,6,6
48595,164,133,31,31
48596,107,106,1,1
48597,110,99,11,11
48598,125,118,7,7
48599,71,70,1,1
48600,77,81,-4,4
48601,97,91,6,6
48602,114,113,1,1
48603,140,127,13,13
48604,57,65,-8,8
48605,99,92,7,7
48606,99,89,10,10
48607,52,46,6,6
48608,83,75,8,8
48609,173,212,-39,39
48610,94,94,0,0
48611,47,55,-8,8
48612,58,67,-9,9
48613,61,69,-8,8
48614,82,92,-10,10
48615,53,68,-15,15
48616,53,56,-3,3
48617,77,78,-1,1
48618,88,93,-5,5
48619,74,75,-1,1
48620,74,72,2,2
48621,150,129,21,21
48622,135,130,5,5
48623,176,158,18,18
48624,53,60,-7,7
48625,140,125,15,15
48626,106,105,1,1
48627,189,154,35,35
48628,104,105,-1,1
48629,71,81,-10,10
48630,66,62,4,4
48631,82,83,-1,1
48632,111,114,-3,3
48633,114,102,12,12
48634,140,129,11,11
48635,95,95,0,0
48636,152,132,20,20
48637,101,102,-1,1
48638,67,61,6,6
48639,47,66,-19,19
48640,73,80,-7,7
48641,84,98,-14,14
48642,92,85,7,7
48643,157,141,16,16
48644,128,123,5,5
48645,96,102,-6,6
48646,91,87,4,4
48647,92,84,8,8
48648,132,116,16,16
48649,170,149,21,21
48650,103,85,18,18
48651,46,51,-5,5
48652,123,104,19,19
48653,91,79,12,12
48654,111,104,7,7
48655,144,134,10,10
48656,73,74,-1,1
48657,116,101,15,15
48658,137,126,11,11
48659,131,113,18,18
48660,37,42,-5,5
48661,84,84,0,0
48662,91,82,9,9
48663,175,158,17,17
48664,137,124,13,13
48665,91,82,9,9
48666,41,49,-8,8
48667,88,79,9,9
48668,86,80,6,6
48669,67,68,-1,1
48670,181,148,33,33
48671,108,99,9,9
48672,51,47,4,4
48673,145,126,19,19
48674,87,84,3,3
48675,42,43,-1,1
48676,92,86,6,6
48677,196,161,35,35
48678,43,47,-4,4
48679,108,106,2,2
48680,131,112,19,19
48681,105,102,3,3
48682,77,80,-3,3
48683,80,80,0,0
48684,144,122,22,22
48685,120,125,-5,5
48686,70,70,0,0
48687,62,64,-2,2
48688,40,42,-2,2
48689,80,72,8,8
48690,93,81,12,12
48691,41,49,-8,8
48692,90,94,-4,4
48693,82,77,5,5
48694,85,83,2,2
48695,103,94,9,9
48696,119,109,10,10
48697,65,68,-3,3
48698,85,79,6,6
48699,114,102,12,12
48700,95,89,6,6
48701,39,40,-1,1
48702,89,85,4,4
48703,116,107,9,9
48704,133,127,6,6
48705,76,75,1,1
48706,146,117,29,29
48707,55,62,-7,7
48708,170,151,19,19
48709,76,75,1,1
48710,89,88,1,1
48711,76,93,-17,17
48712,107,94,13,13
48713,69,67,2,2
48714,94,97,-3,3
48715,106,100,6,6
48716,91,78,13,13
48717,158,147,11,11
48718,110,105,5,5
48719,69,73,-4,4
48720,90,82,8,8
48721,99,93,6,6
48722,74,70,4,4
48723,94,94,0,0
48724,70,68,2,2
48725,81,86,-5,5
48726,136,132,4,4
48727,89,88,1,1
48728,113,107,6,6
48729,110,97,13,13
48730,137,128,9,9
48731,100,97,3,3
48732,114,103,11,11
48733,122,100,22,22
48734,27,26,1,1
48735,105,103,2,2
48736,65,73,-8,8
48737,120,116,4,4
48738,68,71,-3,3
48739,158,135,23,23
48740,76,78,-2,2
48741,123,112,11,11
48742,71,67,4,4
48743,86,87,-1,1
48744,68,77,-9,9
48745,118,108,10,10
48746,36,43,-7,7
48747,26,30,-4,4
48748,55,59,-4,4
48749,87,89,-2,2
48750,117,104,13,13
48751,36,45,-9,9
48752,112,95,17,17
48753,73,67,6,6
48754,93,87,6,6
48755,122,106,16,16
48756,117,111,6,6
48757,116,121,-5,5
48758,95,91,4,4
48759,51,51,0,0
48760,81,80,1,1
48761,88,77,11,11
48762,62,64,-2,2
48763,84,68,16,16
48764,69,75,-6,6
48765,62,67,-5,5
48766,101,100,1,1
48767,112,105,7,7
48768,182,147,35,35
48769,51,61,-10,10
48770,89,83,6,6
48771,123,116,7,7
48772,91,86,5,5
48773,67,74,-7,7
48774,150,125,25,25
48775,61,66,-5,5
48776,107,101,6,6
48777,53,58,-5,5
48778,79,80,-1,1
48779,143,141,2,2
48780,115,113,2,2
48781,66,70,-4,4
48782,104,96,8,8
48783,154,146,8,8
48784,96,86,10,10
48785,165,149,16,16
48786,124,116,8,8
48787,108,99,9,9
48788,106,104,2,2
48789,124,119,5,5
48790,91,95,-4,4
48791,98,108,-10,10
48792,74,80,-6,6
48793,146,138,8,8
48794,136,125,11,11
48795,96,105,-9,9
48796,117,108,9,9
48797,113,102,11,11
48798,118,103,15,15
48799,151,130,21,21
48800,157,141,16,16
48801,98,85,13,13
48802,136,125,11,11
48803,119,121,-2,2
48804,66,64,2,2
48805,144,125,19,19
48806,118,111,7,7
48807,186,158,28,28
48808,91,86,5,5
48809,99,91,8,8
48810,78,82,-4,4
48811,81,84,-3,3
48812,77,81,-4,4
48813,51,57,-6,6
48814,81,81,0,0
48815,110,104,6,6
48816,83,80,3,3
48817,75,83,-8,8
48818,73,72,1,1
48819,113,107,6,6
48820,84,78,6,6
48821,94,92,2,2
48822,77,89,-12,12
48823,101,94,7,7
48824,100,88,12,12
48825,68,65,3,3
48826,65,70,-5,5
48827,159,144,15,15
48828,66,84,-18,18
48829,149,117,32,32
48830,81,93,-12,12
48831,56,56,0,0
48832,149,150,-1,1
48833,56,57,-1,1
48834,110,100,10,10
48835,61,66,-5,5
48836,57,53,4,4
48837,107,105,2,2
48838,58,61,-3,3
48839,106,100,6,6
48840,145,119,26,26
48841,70,72,-2,2
48842,115,110,5,5
48843,106,82,24,24
48844,144,123,21,21
48845,129,107,22,22
48846,127,116,11,11
48847,223,176,47,47
48848,147,137,10,10
48849,95,86,9,9
48850,34,26,8,8
48851,66,60,6,6
48852,88,88,0,0
48853,91,81,10,10
48854,90,83,7,7
48855,131,123,8,8
48856,61,67,-6,6
48857,66,63,3,3
48858,125,124,1,1
48859,69,66,3,3
48860,73,82,-9,9
48861,87,84,3,3
48862,89,84,5,5
48863,69,75,-6,6
48864,114,104,10,10
48865,64,65,-1,1
48866,146,129,17,17
48867,93,94,-1,1
48868,54,62,-8,8
48869,171,160,11,11
48870,63,67,-4,4
48871,70,80,-10,10
48872,61,62,-1,1
48873,75,72,3,3
48874,158,128,30,30
48875,65,76,-11,11
48876,93,90,3,3
48877,97,86,11,11
48878,126,105,21,21
48879,122,112,10,10
48880,128,124,4,4
48881,109,102,7,7
48882,90,83,7,7
48883,167,150,17,17
48884,79,70,9,9
48885,56,60,-4,4
48886,117,105,12,12
48887,80,75,5,5
48888,48,53,-5,5
48889,72,75,-3,3
48890,69,69,0,0
48891,105,101,4,4
48892,103,95,8,8
48893,94,93,1,1
48894,91,81,10,10
48895,117,107,10,10
48896,168,153,15,15
48897,60,60,0,0
48898,93,94,-1,1
48899,110,99,11,11
48900,61,59,2,2
48901,133,121,12,12
48902,124,99,25,25
48903,131,119,12,12
48904,81,80,1,1
48905,78,73,5,5
48906,117,104,13,13
48907,116,105,11,11
48908,75,80,-5,5
48909,50,58,-8,8
48910,76,69,7,7
48911,120,110,10,10
48912,96,90,6,6
48913,99,111,-12,12
48914,163,141,22,22
48915,136,115,21,21
48916,150,128,22,22
48917,87,93,-6,6
48918,116,106,10,10
48919,127,115,12,12
48920,73,72,1,1
48921,110,107,3,3
48922,65,67,-2,2
48923,74,73,1,1
48924,98,91,7,7
48925,74,71,3,3
48926,105,98,7,7
48927,92,93,-1,1
48928,80,80,0,0
48929,111,106,5,5
48930,93,89,4,4
48931,69,70,-1,1
48932,76,77,-1,1
48933,59,60,-1,1
48934,127,117,10,10
48935,45,57,-12,12
48936,100,80,20,20
48937,111,107,4,4
48938,165,177,-12,12
48939,161,158,3,3
48940,108,109,-1,1
48941,85,72,13,13
48942,131,128,3,3
48943,28,38,-10,10
48944,92,82,10,10
48945,55,57,-2,2
48946,134,114,20,20
48947,112,100,12,12
48948,123,105,18,18
48949,137,123,14,14
48950,72,81,-9,9
48951,116,103,13,13
48952,136,118,18,18
48953,122,110,12,12
48954,120,112,8,8
48955,85,75,10,10
48956,98,100,-2,2
48957,108,120,-12,12
48958,95,95,0,0
48959,71,69,2,2
48960,160,130,30,30
48961,112,111,1,1
48962,98,95,3,3
48963,72,70,2,2
48964,102,98,4,4
48965,95,85,10,10
48966,130,112,18,18
48967,96,94,2,2
48968,123,110,13,13
48969,100,100,0,0
48970,172,152,20,20
48971,55,58,-3,3
48972,60,77,-17,17
48973,101,100,1,1
48974,90,97,-7,7
48975,76,82,-6,6
48976,80,80,0,0
48977,100,103,-3,3
48978,61,65,-4,4
48979,75,71,4,4
48980,81,97,-16,16
48981,121,111,10,10
48982,81,81,0,0
48983,139,128,11,11
48984,86,77,9,9
48985,94,90,4,4
48986,121,114,7,7
48987,83,76,7,7
48988,127,118,9,9
48989,49,64,-15,15
48990,83,89,-6,6
48991,76,72,4,4
48992,113,103,10,10
48993,73,72,1,1
48994,85,83,2,2
48995,97,93,4,4
48996,82,77,5,5
48997,103,96,7,7
48998,68,69,-1,1
48999,65,69,-4,4
49000,46,66,-20,20
49001,108,95,13,13
49002,96,98,-2,2
49003,133,121,12,12
49004,97,90,7,7
49005,62,57,5,5
49006,95,95,0,0
49007,132,112,20,20
49008,164,140,24,24
49009,62,60,2,2
49010,81,82,-1,1
49011,91,91,0,0
49012,73,72,1,1
49013,73,77,-4,4
49014,105,105,0,0
49015,75,77,-2,2
49016,73,64,9,9
49017,94,99,-5,5
49018,112,112,0,0
49019,107,93,14,14
49020,79,76,3,3
49021,128,120,8,8
49022,100,93,7,7
49023,68,69,-1,1
49024,84,74,10,10
49025,115,123,-8,8
49026,68,70,-2,2
49027,50,57,-7,7
49028,80,84,-4,4
49029,71,73,-2,2
49030,115,107,8,8
49031,103,108,-5,5
49032,112,104,8,8
49033,95,86,9,9
49034,132,124,8,8
49035,108,101,7,7
49036,89,96,-7,7
49037,96,84,12,12
49038,110,103,7,7
49039,103,149,-46,46
49040,113,92,21,21
49041,72,80,-8,8
49042,85,85,0,0
49043,106,103,3,3
49044,101,96,5,5
49045,117,122,-5,5
49046,67,75,-8,8
49047,82,81,1,1
49048,61,64,-3,3
49049,64,63,1,1
49050,86,83,3,3
49051,89,86,3,3
49052,49,52,-3,3
49053,136,112,24,24
49054,137,126,11,11
49055,79,69,10,10
49056,127,110,17,17
49057,130,118,12,12
49058,119,121,-2,2
49059,83,75,8,8
49060,98,95,3,3
49061,124,111,13,13
49062,72,82,-10,10
49063,114,115,-1,1
49064,144,126,18,18
49065,117,100,17,17
49066,68,69,-1,1
49067,41,46,-5,5
49068,88,90,-2,2
49069,156,136,20,20
49070,85,82,3,3
49071,99,93,6,6
49072,71,83,-12,12
49073,152,129,23,23
49074,86,80,6,6
49075,95,85,10,10
49076,100,93,7,7
49077,99,95,4,4
49078,137,107,30,30
49079,78,69,9,9
49080,142,124,18,18
49081,80,88,-8,8
49082,70,69,1,1
49083,112,104,8,8
49084,116,112,4,4
49085,76,81,-5,5
49086,128,112,16,16
49087,101,94,7,7
49088,111,105,6,6
49089,71,69,2,2
49090,129,117,12,12
49091,170,147,23,23
49092,136,112,24,24
49093,105,93,12,12
49094,117,106,11,11
49095,102,95,7,7
49096,77,80,-3,3
49097,103,103,0,0
49098,53,53,0,0
49099,94,96,-2,2
49100,73,68,5,5
49101,65,65,0,0
49102,107,117,-10,10
49103,78,84,-6,6
49104,83,79,4,4
49105,117,109,8,8
49106,33,35,-2,2
49107,97,94,3,3
49108,119,112,7,7
49109,74,70,4,4
49110,96,91,5,5
49111,113,110,3,3
49112,68,80,-12,12
49113,78,74,4,4
49114,123,95,28,28
49115,121,120,1,1
49116,74,71,3,3
49117,100,87,13,13
49118,71,73,-2,2
49119,46,52,-6,6
49120,90,90,0,0
49121,63,74,-11,11
49122,94,101,-7,7
49123,83,82,1,1
49124,86,89,-3,3
49125,116,115,1,1
49126,107,97,10,10
49127,111,112,-1,1
49128,211,171,40,40
49129,71,68,3,3
49130,57,66,-9,9
49131,135,119,16,16
49132,111,104,7,7
49133,97,86,11,11
49134,139,126,13,13
49135,96,95,1,1
49136,91,86,5,5
49137,131,121,10,10
49138,134,119,15,15
49139,81,80,1,1
49140,123,110,13,13
49141,122,120,2,2
49142,149,133,16,16
49143,122,108,14,14
49144,114,102,12,12
49145,112,96,16,16
49146,110,98,12,12
49147,111,109,2,2
49148,50,55,-5,5
49149,52,54,-2,2
49150,119,120,-1,1
49151,67,70,-3,3
49152,135,123,12,12
49153,81,74,7,7
49154,122,101,21,21
49155,130,121,9,9
49156,60,65,-5,5
49157,108,110,-2,2
49158,97,96,1,1
49159,50,56,-6,6
49160,77,70,7,7
49161,106,96,10,10
49162,100,100,0,0
49163,70,73,-3,3
49164,99,96,3,3
49165,108,104,4,4
49166,138,120,18,18
49167,132,125,7,7
49168,73,79,-6,6
49169,73,80,-7,7
49170,111,97,14,14
49171,101,95,6,6
49172,123,112,11,11
49173,80,116,-36,36
49174,56,51,5,5
49175,101,89,12,12
49176,119,111,8,8
49177,125,131,-6,6
49178,107,102,5,5
49179,141,129,12,12
49180,110,116,-6,6
49181,91,81,10,10
49182,67,68,-1,1
49183,91,91,0,0
49184,62,65,-3,3
49185,66,60,6,6
49186,51,69,-18,18
49187,26,33,-7,7
49188,112,109,3,3
49189,85,79,6,6
49190,173,146,27,27
49191,65,60,5,5
49192,71,75,-4,4
49193,48,45,3,3
49194,113,110,3,3
49195,111,104,7,7
49196,76,80,-4,4
49197,72,73,-1,1
49198,104,93,11,11
49199,113,104,9,9
49200,80,79,1,1
49201,129,123,6,6
49202,80,75,5,5
49203,99,96,3,3
49204,98,97,1,1
49205,186,163,23,23
49206,84,83,1,1
49207,46,49,-3,3
49208,81,92,-11,11
49209,62,60,2,2
49210,85,80,5,5
49211,63,59,4,4
49212,114,114,0,0
49213,91,84,7,7
49214,100,108,-8,8
49215,53,54,-1,1
49216,127,104,23,23
49217,93,82,11,11
49218,59,63,-4,4
49219,52,53,-1,1
49220,100,94,6,6
49221,73,77,-4,4
49222,110,106,4,4
49223,88,73,15,15
49224,87,85,2,2
49225,53,55,-2,2
49226,96,91,5,5
49227,70,82,-12,12
49228,80,84,-4,4
49229,80,81,-1,1
49230,78,72,6,6
49231,45,46,-1,1
49232,97,91,6,6
49233,172,147,25,25
49234,92,89,3,3
49235,72,70,2,2
49236,125,124,1,1
49237,72,74,-2,2
49238,156,139,17,17
49239,61,64,-3,3
49240,118,116,2,2
49241,89,106,-17,17
49242,126,105,21,21
49243,121,100,21,21
49244,63,75,-12,12
49245,96,85,11,11
49246,123,107,16,16
49247,80,83,-3,3
49248,120,115,5,5
49249,75,79,-4,4
49250,128,115,13,13
49251,166,144,22,22
49252,129,113,16,16
49253,74,77,-3,3
49254,70,74,-4,4
49255,75,75,0,0
49256,115,94,21,21
49257,109,104,5,5
49258,86,82,4,4
49259,90,91,-1,1
49260,95,86,9,9
49261,102,107,-5,5
49262,178,149,29,29
49263,140,121,19,19
49264,148,134,14,14
49265,75,78,-3,3
49266,94,82,12,12
49267,83,85,-2,2
49268,184,158,26,26
49269,98,86,12,12
49270,36,31,5,5
49271,68,69,-1,1
49272,88,83,5,5
49273,71,69,2,2
49274,80,76,4,4
49275,81,79,2,2
49276,98,100,-2,2
49277,99,84,15,15
49278,41,52,-11,11
49279,51,55,-4,4
49280,161,140,21,21
49281,76,75,1,1
49282,103,95,8,8
49283,86,83,3,3
49284,111,100,11,11
49285,132,114,18,18
49286,91,81,10,10
49287,114,95,19,19
49288,106,93,13,13
49289,140,128,12,12
49290,54,54,0,0
49291,231,187,44,44
49292,74,75,-1,1
49293,59,59,0,0
49294,149,125,24,24
49295,98,86,12,12
49296,96,91,5,5
49297,98,99,-1,1
49298,29,35,-6,6
49299,80,75,5,5
49300,115,102,13,13
49301,75,70,5,5
49302,93,91,2,2
49303,86,81,5,5
49304,67,58,9,9
49305,56,56,0,0
49306,120,112,8,8
49307,188,155,33,33
49308,31,40,-9,9
49309,51,60,-9,9
49310,55,58,-3,3
49311,81,81,0,0
49312,75,80,-5,5
49313,63,68,-5,5
49314,85,80,5,5
49315,32,34,-2,2
49316,83,86,-3,3
49317,86,90,-4,4
49318,122,100,22,22
49319,46,50,-4,4
49320,122,107,15,15
49321,101,97,4,4
49322,55,69,-14,14
49323,80,88,-8,8
49324,106,103,3,3
49325,79,89,-10,10
49326,143,135,8,8
49327,124,119,5,5
49328,128,116,12,12
49329,88,90,-2,2
49330,98,98,0,0
49331,207,170,37,37
49332,133,114,19,19
49333,46,49,-3,3
49334,115,116,-1,1
49335,75,61,14,14
49336,93,86,7,7
49337,99,99,0,0
49338,107,103,4,4
49339,99,91,8,8
49340,78,77,1,1
49341,104,88,16,16
49342,112,110,2,2
49343,75,76,-1,1
49344,84,85,-1,1
49345,87,93,-6,6
49346,83,79,4,4
49347,151,130,21,21
49348,23,42,-19,19
49349,168,146,22,22
49350,62,68,-6,6
49351,65,65,0,0
49352,68,70,-2,2
49353,110,106,4,4
49354,159,134,25,25
49355,44,52,-8,8
49356,144,127,17,17
49357,71,69,2,2
49358,71,68,3,3
49359,131,105,26,26
49360,148,97,51,51
49361,116,109,7,7
49362,117,99,18,18
49363,116,125,-9,9
49364,95,87,8,8
49365,59,72,-13,13
49366,41,42,-1,1
49367,80,84,-4,4
49368,66,69,-3,3
49369,98,83,15,15
49370,186,164,22,22
49371,109,99,10,10
49372,97,116,-19,19
49373,74,66,8,8
49374,113,104,9,9
49375,61,57,4,4
49376,108,103,5,5
49377,123,110,13,13
49378,78,80,-2,2
49379,57,62,-5,5
49380,42,47,-5,5
49381,118,118,0,0
49382,59,57,2,2
49383,96,100,-4,4
49384,69,71,-2,2
49385,94,81,13,13
49386,84,92,-8,8
49387,182,166,16,16
49388,44,48,-4,4
49389,74,82,-8,8
49390,84,73,11,11
49391,173,145,28,28
49392,73,78,-5,5
49393,67,69,-2,2
49394,84,88,-4,4
49395,106,100,6,6
49396,80,83,-3,3
49397,79,87,-8,8
49398,61,57,4,4
49399,73,81,-8,8
49400,50,52,-2,2
49401,94,92,2,2
49402,86,89,-3,3
49403,71,70,1,1
49404,60,69,-9,9
49405,126,117,9,9
49406,60,59,1,1
49407,65,60,5,5
49408,83,82,1,1
49409,47,45,2,2
49410,234,182,52,52
49411,101,83,18,18
49412,111,100,11,11
49413,65,59,6,6
49414,50,56,-6,6
49415,63,70,-7,7
49416,121,114,7,7
49417,63,52,11,11
49418,105,94,11,11
49419,51,61,-10,10
49420,85,75,10,10
49421,154,125,29,29
49422,130,111,19,19
49423,95,92,3,3
49424,55,55,0,0
49425,95,93,2,2
49426,154,134,20,20
49427,109,102,7,7
49428,57,62,-5,5
49429,109,98,11,11
49430,125,101,24,24
49431,85,79,6,6
49432,76,69,7,7
49433,66,80,-14,14
49434,89,81,8,8
49435,64,61,3,3
49436,46,56,-10,10
49437,79,80,-1,1
49438,114,108,6,6
49439,73,70,3,3
49440,130,121,9,9
49441,78,71,7,7
49442,62,67,-5,5
49443,49,51,-2,2
49444,65,71,-6,6
49445,66,68,-2,2
49446,72,74,-2,2
49447,81,79,2,2
49448,131,122,9,9
49449,113,109,4,4
49450,103,97,6,6
49451,60,61,-1,1
49452,61,62,-1,1
49453,62,61,1,1
49454,79,75,4,4
49455,111,116,-5,5
49456,108,98,10,10
49457,124,100,24,24
49458,93,103,-10,10
49459,121,117,4,4
49460,49,49,0,0
49461,72,75,-3,3
49462,86,71,15,15
49463,64,64,0,0
49464,95,81,14,14
49465,108,106,2,2
49466,148,132,16,16
49467,71,66,5,5
49468,85,98,-13,13
49469,72,76,-4,4
49470,107,101,6,6
49471,121,103,18,18
49472,119,116,3,3
49473,81,99,-18,18
49474,94,92,2,2
49475,147,110,37,37
49476,101,96,5,5
49477,106,107,-1,1
49478,59,63,-4,4
49479,70,70,0,0
49480,52,53,-1,1
49481,89,79,10,10
49482,128,117,11,11
49483,111,110,1,1
49484,146,130,16,16
49485,49,48,1,1
49486,110,100,10,10
49487,119,102,17,17
49488,96,96,0,0
49489,119,108,11,11
49490,140,122,18,18
49491,124,114,10,10
49492,90,81,9,9
49493,68,70,-2,2
49494,92,95,-3,3
49495,163,141,22,22
49496,77,72,5,5
49497,103,94,9,9
49498,126,101,25,25
49499,70,77,-7,7
49500,127,111,16,16
49501,76,80,-4,4
49502,138,127,11,11
49503,88,89,-1,1
49504,58,80,-22,22
49505,68,66,2,2
49506,146,132,14,14
49507,139,128,11,11
49508,71,79,-8,8
49509,143,123,20,20
49510,123,100,23,23
49511,55,59,-4,4
49512,93,93,0,0
49513,74,80,-6,6
49514,122,111,11,11
49515,79,82,-3,3
49516,75,74,1,1
49517,72,81,-9,9
49518,122,112,10,10
49519,82,80,2,2
49520,66,67,-1,1
49521,67,70,-3,3
49522,62,64,-2,2
49523,108,94,14,14
49524,82,82,0,0
49525,93,92,1,1
49526,57,59,-2,2
49527,73,74,-1,1
49528,116,96,20,20
49529,97,83,14,14
49530,107,101,6,6
49531,69,70,-1,1
49532,118,107,11,11
49533,112,103,9,9
49534,75,80,-5,5
49535,128,123,5,5
49536,96,93,3,3
49537,81,82,-1,1
49538,149,129,20,20
49539,65,72,-7,7
49540,28,26,2,2
49541,92,88,4,4
49542,82,71,11,11
49543,65,79,-14,14
49544,130,116,14,14
49545,85,81,4,4
49546,105,104,1,1
49547,119,116,3,3
49548,124,105,19,19
49549,89,85,4,4
49550,52,50,2,2
49551,95,86,9,9
49552,111,118,-7,7
49553,110,90,20,20
49554,104,98,6,6
49555,107,108,-1,1
49556,79,77,2,2
49557,98,85,13,13
49558,113,108,5,5
49559,59,60,-1,1
49560,86,78,8,8
49561,40,45,-5,5
49562,59,58,1,1
49563,108,100,8,8
49564,49,58,-9,9
49565,86,74,12,12
49566,84,79,5,5
49567,93,91,2,2
49568,74,74,0,0
49569,73,71,2,2
49570,89,91,-2,2
49571,83,87,-4,4
49572,94,92,2,2
49573,103,93,10,10
49574,117,115,2,2
49575,162,142,20,20
49576,72,85,-13,13
49577,107,107,0,0
49578,122,108,14,14
49579,108,102,6,6
49580,96,80,16,16
49581,98,91,7,7
49582,111,110,1,1
49583,51,54,-3,3
49584,70,79,-9,9
49585,64,66,-2,2
49586,47,43,4,4
49587,45,50,-5,5
49588,69,90,-21,21
49589,91,85,6,6
49590,77,66,11,11
49591,83,77,6,6
49592,73,70,3,3
49593,70,71,-1,1
49594,228,166,62,62
49595,50,56,-6,6
49596,69,69,0,0
49597,88,82,6,6
49598,76,78,-2,2
49599,80,72,8,8
49600,73,72,1,1
49601,86,84,2,2
49602,103,114,-11,11
49603,135,119,16,16
49604,75,81,-6,6
49605,78,80,-2,2
49606,114,92,22,22
49607,112,110,2,2
49608,66,72,-6,6
49609,94,85,9,9
49610,86,77,9,9
49611,86,80,6,6
49612,115,115,0,0
49613,81,74,7,7
49614,96,99,-3,3
49615,100,90,10,10
49616,137,125,12,12
49617,71,68,3,3
49618,77,73,4,4
49619,102,92,10,10
49620,83,85,-2,2
49621,87,87,0,0
49622,123,100,23,23
49623,65,71,-6,6
49624,59,65,-6,6
49625,98,92,6,6
49626,127,119,8,8
49627,141,118,23,23
49628,55,59,-4,4
49629,63,68,-5,5
49630,102,94,8,8
49631,63,71,-8,8
49632,108,93,15,15
49633,105,99,6,6
49634,57,49,8,8
49635,64,51,13,13
49636,83,80,3,3
49637,97,91,6,6
49638,97,93,4,4
49639,84,92,-8,8
49640,117,104,13,13
49641,99,91,8,8
49642,106,102,4,4
49643,101,97,4,4
49644,91,82,9,9
49645,131,110,21,21
49646,162,147,15,15
49647,81,80,1,1
49648,56,60,-4,4
49649,120,95,25,25
49650,103,92,11,11
49651,43,43,0,0
49652,59,61,-2,2
49653,90,87,3,3
49654,116,105,11,11
49655,55,52,3,3
49656,97,90,7,7
49657,99,91,8,8
49658,52,56,-4,4
49659,32,39,-7,7
49660,91,96,-5,5
49661,92,88,4,4
49662,52,56,-4,4
49663,159,134,25,25
49664,144,119,25,25
49665,115,105,10,10
49666,44,49,-5,5
49667,114,110,4,4
49668,183,155,28,28
49669,94,87,7,7
49670,82,93,-11,11
49671,85,72,13,13
49672,71,67,4,4
49673,151,132,19,19
49674,98,92,6,6
49675,116,109,7,7
49676,108,97,11,11
49677,85,82,3,3
49678,96,102,-6,6
49679,94,94,0,0
49680,59,62,-3,3
49681,81,79,2,2
49682,125,118,7,7
49683,64,71,-7,7
49684,106,95,11,11
49685,89,85,4,4
49686,91,83,8,8
49687,72,63,9,9
49688,69,76,-7,7
49689,94,80,14,14
49690,133,117,16,16
49691,115,107,8,8
49692,92,82,10,10
49693,171,140,31,31
49694,108,99,9,9
49695,102,91,11,11
49696,133,130,3,3
49697,89,80,9,9
49698,93,85,8,8
49699,39,51,-12,12
49700,119,106,13,13
49701,116,109,7,7
49702,71,61,10,10
49703,121,117,4,4
49704,109,97,12,12
49705,121,101,20,20
49706,87,87,0,0
49707,73,82,-9,9
49708,103,90,13,13
49709,50,53,-3,3
49710,53,55,-2,2
49711,94,93,1,1
49712,143,137,6,6
49713,68,67,1,1
49714,148,123,25,25
49715,54,55,-1,1
49716,121,106,15,15
49717,116,112,4,4
49718,91,95,-4,4
49719,74,70,4,4
49720,68,69,-1,1
49721,129,118,11,11
49722,69,63,6,6
49723,43,50,-7,7
49724,125,109,16,16
49725,101,104,-3,3
49726,188,152,36,36
49727,135,114,21,21
49728,57,61,-4,4
49729,96,96,0,0
49730,68,65,3,3
49731,154,127,27,27
49732,101,97,4,4
49733,48,59,-11,11
49734,62,72,-10,10
49735,182,156,26,26
49736,83,84,-1,1
49737,52,57,-5,5
49738,97,81,16,16
49739,108,98,10,10
49740,90,96,-6,6
49741,88,82,6,6
49742,109,104,5,5
49743,84,93,-9,9
49744,93,99,-6,6
49745,87,81,6,6
49746,75,73,2,2
49747,77,82,-5,5
49748,159,131,28,28
49749,56,58,-2,2
49750,135,108,27,27
49751,42,45,-3,3
49752,42,41,1,1
49753,82,90,-8,8
49754,106,106,0,0
49755,98,102,-4,4
49756,59,63,-4,4
49757,158,128,30,30
49758,109,107,2,2
49759,93,89,4,4
49760,174,151,23,23
49761,91,88,3,3
49762,138,111,27,27
49763,104,92,12,12
49764,92,91,1,1
49765,67,72,-5,5
49766,87,88,-1,1
49767,135,116,19,19
49768,102,91,11,11
49769,164,140,24,24
49770,67,72,-5,5
49771,106,85,21,21
49772,88,92,-4,4
49773,109,105,4,4
49774,97,82,15,15
49775,49,54,-5,5
49776,124,111,13,13
49777,64,63,1,1
49778,160,136,24,24
49779,108,103,5,5
49780,71,70,1,1
49781,108,96,12,12
49782,87,83,4,4
49783,181,153,28,28
49784,100,91,9,9
49785,52,54,-2,2
49786,128,119,9,9
49787,84,79,5,5
49788,123,104,19,19
49789,131,122,9,9
49790,113,113,0,0
49791,127,120,7,7
49792,85,91,-6,6
49793,71,72,-1,1
49794,108,103,5,5
49795,74,70,4,4
49796,160,137,23,23
49797,72,80,-8,8
49798,75,74,1,1
49799,122,119,3,3
49800,85,83,2,2
49801,74,81,-7,7
49802,44,73,-29,29
49803,110,116,-6,6
49804,64,71,-7,7
49805,40,53,-13,13
49806,124,107,17,17
49807,88,86,2,2
49808,123,112,11,11
49809,122,114,8,8
49810,122,116,6,6
49811,104,94,10,10
49812,100,99,1,1
49813,83,80,3,3
49814,50,57,-7,7
49815,93,88,5,5
49816,91,82,9,9
49817,78,82,-4,4
49818,121,108,13,13
49819,90,83,7,7
49820,53,57,-4,4
49821,112,96,16,16
49822,82,80,2,2
49823,167,145,22,22
49824,97,90,7,7
49825,63,64,-1,1
49826,112,105,7,7
49827,102,85,17,17
49828,78,76,2,2
49829,124,115,9,9
49830,60,58,2,2
49831,59,58,1,1
49832,55,65,-10,10
49833,154,133,21,21
49834,86,83,3,3
49835,102,92,10,10
49836,70,71,-1,1
49837,47,50,-3,3
49838,79,62,17,17
49839,62,61,1,1
49840,114,122,-8,8
49841,117,101,16,16
49842,60,63,-3,3
49843,86,75,11,11
49844,152,137,15,15
49845,168,152,16,16
49846,124,117,7,7
49847,60,61,-1,1
49848,125,106,19,19
49849,62,68,-6,6
49850,88,88,0,0
49851,66,65,1,1
49852,175,147,28,28
49853,88,86,2,2
49854,45,58,-13,13
49855,74,71,3,3
49856,135,118,17,17
49857,106,96,10,10
49858,130,106,24,24
49859,79,82,-3,3
49860,81,79,2,2
49861,65,72,-7,7
49862,107,90,17,17
49863,97,89,8,8
49864,76,82,-6,6
49865,116,100,16,16
49866,59,60,-1,1
49867,54,64,-10,10
49868,98,95,3,3
49869,128,133,-5,5
49870,106,98,8,8
49871,78,80,-2,2
49872,131,123,8,8
49873,69,69,0,0
49874,153,145,8,8
49875,71,75,-4,4
49876,67,73,-6,6
49877,107,97,10,10
49878,75,94,-19,19
49879,87,84,3,3
49880,94,81,13,13
49881,90,96,-6,6
49882,74,78,-4,4
49883,135,122,13,13
49884,134,117,17,17
49885,151,128,23,23
49886,92,95,-3,3
49887,92,93,-1,1
49888,80,82,-2,2
49889,91,91,0,0
49890,89,90,-1,1
49891,86,79,7,7
49892,76,77,-1,1
49893,107,100,7,7
49894,140,104,36,36
49895,85,97,-12,12
49896,85,83,2,2
49897,69,63,6,6
49898,96,90,6,6
49899,62,59,3,3
49900,79,76,3,3
49901,138,110,28,28
49902,115,98,17,17
49903,106,92,14,14
49904,93,87,6,6
49905,122,111,11,11
49906,106,93,13,13
49907,90,85,5,5
49908,88,77,11,11
49909,72,70,2,2
49910,84,91,-7,7
49911,138,122,16,16
49912,92,92,0,0
49913,95,91,4,4
49914,86,80,6,6
49915,73,66,7,7
49916,70,80,-10,10
49917,61,63,-2,2
49918,161,139,22,22
49919,89,81,8,8
49920,130,117,13,13
49921,99,71,28,28
49922,79,79,0,0
49923,47,59,-12,12
49924,75,83,-8,8
49925,69,69,0,0
49926,78,80,-2,2
49927,45,48,-3,3
49928,67,76,-9,9
49929,99,99,0,0
49930,92,100,-8,8
49931,116,104,12,12
49932,132,113,19,19
49933,88,91,-3,3
49934,94,94,0,0
49935,112,113,-1,1
49936,40,55,-15,15
49937,58,60,-2,2
49938,88,79,9,9
49939,85,81,4,4
49940,86,51,35,35
49941,145,132,13,13
49942,105,94,11,11
49943,99,87,12,12
49944,62,62,0,0
49945,95,93,2,2
49946,90,79,11,11
49947,57,49,8,8
49948,104,98,6,6
49949,70,70,0,0
49950,103,91,12,12
49951,102,91,11,11
49952,56,58,-2,2
49953,67,69,-2,2
49954,65,68,-3,3
49955,65,72,-7,7
49956,100,116,-16,16
49957,77,85,-8,8
49958,140,118,22,22
49959,86,76,10,10
49960,123,115,8,8
49961,33,77,-44,44
49962,102,92,10,10
49963,116,104,12,12
49964,63,69,-6,6
49965,79,82,-3,3
49966,160,135,25,25
49967,60,59,1,1
49968,65,60,5,5
49969,84,82,2,2
49970,67,68,-1,1
49971,90,87,3,3
49972,70,78,-8,8
49973,68,72,-4,4
49974,104,109,-5,5
49975,87,85,2,2
49976,124,103,21,21
49977,128,118,10,10
49978,166,150,16,16
49979,72,74,-2,2
49980,54,57,-3,3
49981,111,94,17,17
49982,93,86,7,7
49983,107,97,10,10
49984,137,123,14,14
49985,89,80,9,9
49986,68,60,8,8
49987,52,55,-3,3
49988,75,83,-8,8
49989,79,76,3,3
49990,48,58,-10,10
49991,75,71,4,4
49992,85,80,5,5
49993,78,81,-3,3
49994,101,93,8,8
49995,173,140,33,33
49996,90,80,10,10
49997,55,53,2,2
49998,98,96,2,2
49999,131,109,22,22
50000,149,120,29,29
50001,90,89,1,1
50002,51,50,1,1
50003,68,71,-3,3
50004,111,97,14,14
50005,77,80,-3,3
50006,150,133,17,17
50007,123,109,14,14
50008,42,48,-6,6
50009,111,100,11,11
50010,73,74,-1,1
50011,77,78,-1,1
50012,74,92,-18,18
50013,145,119,26,26
50014,77,71,6,6
50015,102,98,4,4
50016,79,79,0,0
50017,65,67,-2,2
50018,64,66,-2,2
50019,54,48,6,6
50020,127,112,15,15
50021,126,119,7,7
50022,83,80,3,3
50023,108,96,12,12
50024,103,97,6,6
50025,132,124,8,8
50026,141,119,22,22
50027,132,120,12,12
50028,71,72,-1,1
50029,111,103,8,8
50030,133,114,19,19
50031,102,97,5,5
50032,57,59,-2,2
50033,92,98,-6,6
50034,120,104,16,16
50035,85,80,5,5
50036,86,87,-1,1
50037,79,73,6,6
50038,69,74,-5,5
50039,63,54,9,9
50040,118,114,4,4
50041,132,112,20,20
50042,72,76,-4,4
50043,98,103,-5,5
50044,110,100,10,10
50045,105,103,2,2
50046,67,69,-2,2
50047,92,91,1,1
50048,118,121,-3,3
50049,134,110,24,24
50050,70,67,3,3
50051,129,111,18,18
50052,67,64,3,3
50053,36,32,4,4
50054,137,133,4,4
50055,40,53,-13,13
50056,89,86,3,3
50057,89,84,5,5
50058,83,81,2,2
50059,70,85,-15,15
50060,125,117,8,8
50061,113,103,10,10
50062,64,65,-1,1
50063,101,89,12,12
50064,92,85,7,7
50065,118,105,13,13
50066,70,71,-1,1
50067,87,110,-23,23
50068,112,102,10,10
50069,195,171,24,24
50070,122,113,9,9
50071,59,59,0,0
50072,155,132,23,23
50073,131,115,16,16
50074,143,113,30,30
50075,117,99,18,18
50076,120,109,11,11
50077,113,100,13,13
50078,102,93,9,9
50079,131,111,20,20
50080,105,93,12,12
50081,87,86,1,1
50082,66,68,-2,2
50083,122,125,-3,3
50084,116,93,23,23
50085,104,95,9,9
50086,51,58,-7,7
50087,90,90,0,0
50088,87,84,3,3
50089,93,95,-2,2
50090,61,69,-8,8
50091,106,102,4,4
50092,47,50,-3,3
50093,80,76,4,4
50094,74,72,2,2
50095,50,55,-5,5
50096,167,145,22,22
50097,56,53,3,3
50098,110,115,-5,5
50099,160,120,40,40
50100,105,100,5,5
50101,63,61,2,2
50102,97,91,6,6
50103,98,93,5,5
50104,108,100,8,8
50105,105,98,7,7
50106,119,101,18,18
50107,144,123,21,21
50108,65,62,3,3
50109,112,101,11,11
50110,113,100,13,13
50111,98,99,-1,1
50112,83,75,8,8
50113,170,146,24,24
50114,88,87,1,1
50115,109,97,12,12
50116,92,86,6,6
50117,121,114,7,7
50118,58,49,9,9
50119,96,115,-19,19
50120,108,98,10,10
50121,150,134,16,16
50122,78,78,0,0
50123,43,44,-1,1
50124,49,58,-9,9
50125,173,141,32,32
50126,100,91,9,9
50127,104,92,12,12
50128,76,88,-12,12
50129,108,99,9,9
50130,148,129,19,19
50131,74,75,-1,1
50132,72,67,5,5
50133,78,70,8,8
50134,108,103,5,5
50135,92,93,-1,1
50136,94,94,0,0
50137,104,100,4,4
50138,102,101,1,1
50139,70,68,2,2
50140,88,80,8,8
50141,104,102,2,2
50142,115,93,22,22
50143,87,78,9,9
50144,110,103,7,7
50145,70,73,-3,3
50146,78,78,0,0
50147,80,81,-1,1
50148,56,58,-2,2
50149,125,113,12,12
50150,79,77,2,2
50151,90,81,9,9
50152,134,125,9,9
50153,123,111,12,12
50154,116,94,22,22
50155,79,79,0,0
50156,100,107,-7,7
50157,55,59,-4,4
50158,86,81,5,5
50159,125,122,3,3
50160,68,69,-1,1
50161,73,76,-3,3
50162,103,93,10,10
50163,172,160,12,12
50164,18,26,-8,8
50165,80,82,-2,2
50166,64,65,-1,1
50167,90,86,4,4
50168,100,97,3,3
50169,52,58,-6,6
50170,199,155,44,44
50171,90,92,-2,2
50172,80,93,-13,13
50173,138,132,6,6
50174,64,71,-7,7
50175,101,93,8,8
50176,116,113,3,3
50177,134,109,25,25
50178,113,104,9,9
50179,84,80,4,4
50180,55,69,-14,14
50181,194,164,30,30
50182,81,88,-7,7
50183,100,93,7,7
50184,97,95,2,2
50185,64,62,2,2
50186,55,60,-5,5
50187,68,73,-5,5
50188,103,100,3,3
50189,102,85,17,17
50190,68,64,4,4
50191,95,88,7,7
50192,74,77,-3,3
50193,77,63,14,14
50194,97,99,-2,2
50195,77,70,7,7
50196,124,110,14,14
50197,62,64,-2,2
50198,78,81,-3,3
50199,149,129,20,20
50200,53,63,-10,10
50201,80,86,-6,6
50202,82,87,-5,5
50203,69,69,0,0
50204,80,87,-7,7
50205,45,45,0,0
50206,66,70,-4,4
50207,46,58,-12,12
50208,82,84,-2,2
50209,45,49,-4,4
50210,105,96,9,9
50211,109,93,16,16
50212,89,86,3,3
50213,69,70,-1,1
50214,132,102,30,30
50215,106,103,3,3
50216,132,118,14,14
50217,141,131,10,10
50218,282,236,46,46
50219,151,149,2,2
50220,93,85,8,8
50221,129,120,9,9
50222,82,86,-4,4
50223,72,77,-5,5
50224,86,82,4,4
50225,42,43,-1,1
50226,85,76,9,9
50227,105,89,16,16
50228,110,98,12,12
50229,50,55,-5,5
50230,88,94,-6,6
50231,98,83,15,15
50232,85,79,6,6
50233,122,118,4,4
50234,122,131,-9,9
50235,124,107,17,17
50236,77,81,-4,4
50237,117,108,9,9
50238,98,106,-8,8
50239,90,86,4,4
50240,129,111,18,18
50241,88,93,-5,5
50242,73,74,-1,1
50243,77,80,-3,3
50244,139,134,5,5
50245,96,87,9,9
50246,102,91,11,11
50247,87,89,-2,2
50248,70,70,0,0
50249,159,141,18,18
50250,60,62,-2,2
50251,69,64,5,5
50252,113,106,7,7
50253,156,134,22,22
50254,118,103,15,15
50255,53,56,-3,3
50256,104,102,2,2
50257,83,74,9,9
50258,67,61,6,6
50259,95,100,-5,5
50260,103,96,7,7
50261,132,133,-1,1
50262,115,101,14,14
50263,89,90,-1,1
50264,107,95,12,12
50265,99,98,1,1
50266,97,95,2,2
50267,54,58,-4,4
50268,101,95,6,6
50269,97,86,11,11
50270,81,85,-4,4
50271,150,146,4,4
50272,76,98,-22,22
50273,87,91,-4,4
50274,101,109,-8,8
50275,51,57,-6,6
50276,99,97,2,2
50277,76,76,0,0
50278,170,145,25,25
50279,129,103,26,26
50280,73,77,-4,4
50281,172,161,11,11
50282,142,123,19,19
50283,104,98,6,6
50284,125,112,13,13
50285,51,56,-5,5
50286,127,118,9,9
50287,150,128,22,22
50288,71,77,-6,6
50289,129,127,2,2
50290,92,94,-2,2
50291,83,79,4,4
50292,82,84,-2,2
50293,143,140,3,3
50294,105,96,9,9
50295,60,62,-2,2
50296,79,81,-2,2
50297,26,34,-8,8
50298,131,110,21,21
50299,90,82,8,8
50300,72,71,1,1
50301,62,65,-3,3
50302,76,69,7,7
50303,138,122,16,16
50304,81,90,-9,9
50305,108,95,13,13
50306,88,93,-5,5
50307,115,111,4,4
50308,123,108,15,15
50309,89,91,-2,2
50310,123,115,8,8
50311,104,94,10,10
50312,67,63,4,4
50313,82,85,-3,3
50314,68,67,1,1
50315,72,68,4,4
50316,92,91,1,1
50317,60,61,-1,1
50318,76,87,-11,11
50319,91,88,3,3
50320,95,84,11,11
50321,101,97,4,4
50322,96,95,1,1
50323,122,106,16,16
50324,139,127,12,12
50325,141,109,32,32
50326,89,81,8,8
50327,103,110,-7,7
50328,51,61,-10,10
50329,75,81,-6,6
50330,107,113,-6,6
50331,64,68,-4,4
50332,54,55,-1,1
50333,90,83,7,7
50334,75,80,-5,5
50335,136,116,20,20
50336,99,104,-5,5
50337,128,128,0,0
50338,125,95,30,30
50339,131,110,21,21
50340,61,51,10,10
50341,60,60,0,0
50342,70,81,-11,11
50343,136,127,9,9
50344,91,79,12,12
50345,74,71,3,3
50346,63,68,-5,5
50347,113,98,15,15
50348,78,64,14,14
50349,208,170,38,38
50350,153,138,15,15
50351,154,141,13,13
50352,92,88,4,4
50353,61,60,1,1
50354,88,90,-2,2
50355,53,69,-16,16
50356,60,59,1,1
50357,101,90,11,11
50358,108,102,6,6
50359,70,66,4,4
50360,73,70,3,3
50361,86,85,1,1
50362,63,62,1,1
50363,105,100,5,5
50364,72,63,9,9
50365,145,121,24,24
50366,71,71,0,0
50367,148,125,23,23
50368,68,76,-8,8
50369,158,132,26,26
50370,176,154,22,22
50371,98,78,20,20
50372,151,131,20,20
50373,72,88,-16,16
50374,48,51,-3,3
50375,77,74,3,3
50376,65,65,0,0
50377,107,102,5,5
50378,93,84,9,9
50379,103,104,-1,1
50380,95,86,9,9
50381,45,52,-7,7
50382,148,131,17,17
50383,130,116,14,14
50384,123,110,13,13
50385,91,90,1,1
50386,127,139,-12,12
50387,66,73,-7,7
50388,71,69,2,2
50389,133,118,15,15
50390,111,111,0,0
50391,92,97,-5,5
50392,72,70,2,2
50393,70,71,-1,1
50394,158,139,19,19
50395,56,55,1,1
50396,63,67,-4,4
50397,73,72,1,1
50398,170,140,30,30
50399,118,114,4,4
50400,83,86,-3,3
50401,59,65,-6,6
50402,95,80,15,15
50403,79,60,19,19
50404,79,73,6,6
50405,103,111,-8,8
50406,127,115,12,12
50407,93,94,-1,1
50408,82,80,2,2
50409,48,51,-3,3
50410,90,90,0,0
50411,76,66,10,10
50412,91,90,1,1
50413,43,51,-8,8
50414,66,70,-4,4
50415,55,57,-2,2
50416,93,91,2,2
50417,102,93,9,9
50418,56,58,-2,2
50419,91,86,5,5
50420,126,120,6,6
50421,78,82,-4,4
50422,81,78,3,3
50423,103,97,6,6
50424,114,101,13,13
50425,103,99,4,4
50426,137,130,7,7
50427,111,102,9,9
50428,71,72,-1,1
50429,99,83,16,16
50430,118,107,11,11
50431,145,125,20,20
50432,83,79,4,4
50433,59,56,3,3
50434,79,80,-1,1
50435,60,58,2,2
50436,59,58,1,1
50437,109,106,3,3
50438,74,78,-4,4
50439,125,122,3,3
50440,112,97,15,15
50441,74,74,0,0
50442,149,130,19,19
50443,79,85,-6,6
50444,76,75,1,1
50445,124,107,17,17
50446,62,64,-2,2
50447,59,75,-16,16
50448,190,162,28,28
50449,62,77,-15,15
50450,105,107,-2,2
50451,97,80,17,17
50452,128,118,10,10
50453,113,103,10,10
50454,98,86,12,12
50455,37,45,-8,8
50456,136,122,14,14
50457,79,88,-9,9
50458,47,57,-10,10
50459,98,82,16,16
50460,101,98,3,3
50461,87,86,1,1
50462,49,58,-9,9
50463,88,73,15,15
50464,92,86,6,6
50465,128,116,12,12
50466,111,99,12,12
50467,106,96,10,10
50468,57,66,-9,9
50469,95,99,-4,4
50470,60,57,3,3
50471,131,112,19,19
50472,88,79,9,9
50473,83,83,0,0
50474,109,99,10,10
50475,114,106,8,8
50476,84,85,-1,1
50477,85,83,2,2
50478,86,87,-1,1
50479,76,75,1,1
50480,112,95,17,17
50481,106,105,1,1
50482,56,57,-1,1
50483,120,115,5,5
50484,53,60,-7,7
50485,32,52,-20,20
50486,184,163,21,21
50487,82,73,9,9
50488,66,68,-2,2
50489,67,76,-9,9
50490,123,116,7,7
50491,123,112,11,11
50492,146,120,26,26
50493,74,75,-1,1
50494,113,99,14,14
50495,102,103,-1,1
50496,143,121,22,22
50497,88,83,5,5
50498,136,120,16,16
50499,149,141,8,8
50500,165,148,17,17
50501,59,60,-1,1
50502,87,81,6,6
50503,85,81,4,4
50504,54,58,-4,4
50505,48,46,2,2
50506,73,67,6,6
50507,74,70,4,4
50508,125,123,2,2
50509,71,65,6,6
50510,36,43,-7,7
50511,127,101,26,26
50512,71,68,3,3
50513,92,86,6,6
50514,55,55,0,0
50515,62,56,6,6
50516,76,66,10,10
50517,64,64,0,0
50518,129,118,11,11
50519,147,130,17,17
50520,69,73,-4,4
50521,76,71,5,5
50522,86,84,2,2
50523,66,56,10,10
50524,76,73,3,3
50525,74,79,-5,5
50526,54,58,-4,4
50527,109,106,3,3
50528,141,124,17,17
50529,55,60,-5,5
50530,121,100,21,21
50531,79,81,-2,2
50532,80,75,5,5
50533,156,141,15,15
50534,44,45,-1,1
50535,114,98,16,16
50536,105,97,8,8
50537,73,74,-1,1
50538,84,81,3,3
50539,176,151,25,25
50540,62,59,3,3
50541,121,108,13,13
50542,114,111,3,3
50543,87,90,-3,3
50544,77,82,-5,5
50545,64,63,1,1
50546,165,142,23,23
50547,139,136,3,3
50548,121,108,13,13
50549,97,89,8,8
50550,193,153,40,40
50551,125,119,6,6
50552,76,98,-22,22
50553,54,52,2,2
50554,134,127,7,7
50555,72,73,-1,1
50556,96,90,6,6
50557,37,39,-2,2
50558,125,108,17,17
50559,87,79,8,8
50560,33,45,-12,12
50561,71,69,2,2
50562,53,58,-5,5
50563,59,64,-5,5
50564,110,97,13,13
50565,82,83,-1,1
50566,110,99,11,11
50567,64,60,4,4
50568,65,66,-1,1
50569,134,116,18,18
50570,58,64,-6,6
50571,90,94,-4,4
50572,79,81,-2,2
50573,66,83,-17,17
50574,88,94,-6,6
50575,89,110,-21,21
50576,124,117,7,7
50577,111,100,11,11
50578,144,121,23,23
50579,131,123,8,8
50580,133,120,13,13
50581,104,98,6,6
50582,63,67,-4,4
50583,72,65,7,7
50584,76,72,4,4
50585,59,57,2,2
50586,110,96,14,14
50587,69,65,4,4
50588,112,104,8,8
50589,41,53,-12,12
50590,135,120,15,15
50591,101,114,-13,13
50592,86,80,6,6
50593,116,115,1,1
50594,88,84,4,4
50595,74,84,-10,10
50596,41,49,-8,8
50597,91,95,-4,4
50598,164,139,25,25
50599,58,56,2,2
50600,203,157,46,46
50601,84,83,1,1
50602,91,74,17,17
50603,98,97,1,1
50604,123,119,4,4
50605,63,55,8,8
50606,88,80,8,8
50607,92,96,-4,4
50608,117,108,9,9
50609,72,63,9,9
50610,69,69,0,0
50611,77,73,4,4
50612,77,74,3,3
50613,73,69,4,4
50614,94,89,5,5
50615,118,106,12,12
50616,98,90,8,8
50617,82,81,1,1
50618,137,111,26,26
50619,84,92,-8,8
50620,113,104,9,9
50621,145,117,28,28
50622,67,69,-2,2
50623,101,98,3,3
50624,37,63,-26,26
50625,49,59,-10,10
50626,63,69,-6,6
50627,76,74,2,2
50628,216,167,49,49
50629,138,130,8,8
50630,96,96,0,0
50631,76,84,-8,8
50632,66,68,-2,2
50633,55,52,3,3
50634,92,88,4,4
50635,83,92,-9,9
50636,107,115,-8,8
50637,124,108,16,16
50638,78,73,5,5
50639,149,136,13,13
50640,154,138,16,16
50641,67,63,4,4
50642,82,80,2,2
50643,99,97,2,2
50644,107,104,3,3
50645,156,137,19,19
50646,174,172,2,2
50647,103,96,7,7
50648,116,107,9,9
50649,44,39,5,5
50650,108,102,6,6
50651,94,99,-5,5
50652,63,71,-8,8
50653,95,90,5,5
50654,57,60,-3,3
50655,72,75,-3,3
50656,72,70,2,2
50657,101,97,4,4
50658,94,107,-13,13
50659,86,73,13,13
50660,157,133,24,24
50661,56,60,-4,4
50662,77,77,0,0
50663,76,83,-7,7
50664,164,150,14,14
50665,68,77,-9,9
50666,65,71,-6,6
50667,124,117,7,7
50668,62,64,-2,2
50669,138,120,18,18
50670,146,129,17,17
50671,135,139,-4,4
50672,124,109,15,15
50673,105,95,10,10
50674,71,69,2,2
50675,84,81,3,3
50676,84,76,8,8
50677,70,68,2,2
50678,112,99,13,13
50679,127,114,13,13
50680,51,121,-70,70
50681,104,97,7,7
50682,96,100,-4,4
50683,97,81,16,16
50684,72,75,-3,3
50685,117,104,13,13
50686,115,117,-2,2
50687,76,80,-4,4
50688,98,98,0,0
50689,70,75,-5,5
50690,97,94,3,3
50691,131,132,-1,1
50692,50,53,-3,3
50693,68,69,-1,1
50694,64,60,4,4
50695,103,99,4,4
50696,48,49,-1,1
50697,106,97,9,9
50698,80,82,-2,2
50699,131,121,10,10
50700,59,60,-1,1
50701,196,170,26,26
50702,143,137,6,6
50703,74,69,5,5
50704,69,73,-4,4
50705,70,72,-2,2
50706,114,98,16,16
50707,70,68,2,2
50708,42,50,-8,8
50709,112,114,-2,2
50710,79,70,9,9
50711,159,143,16,16
50712,121,100,21,21
50713,69,71,-2,2
50714,93,82,11,11
50715,90,87,3,3
50716,91,94,-3,3
50717,65,70,-5,5
50718,136,132,4,4
50719,65,70,-5,5
50720,51,58,-7,7
50721,131,112,19,19
50722,81,82,-1,1
50723,60,109,-49,49
50724,99,91,8,8
50725,37,74,-37,37
50726,131,110,21,21
50727,164,129,35,35
50728,63,66,-3,3
50729,208,172,36,36
50730,40,50,-10,10
50731,94,98,-4,4
50732,114,108,6,6
50733,72,79,-7,7
50734,83,77,6,6
50735,65,70,-5,5
50736,124,120,4,4
50737,45,51,-6,6
50738,78,76,2,2
50739,139,121,18,18
50740,63,66,-3,3
50741,88,92,-4,4
50742,81,81,0,0
50743,79,68,11,11
50744,106,99,7,7
50745,129,112,17,17
50746,107,105,2,2
50747,67,75,-8,8
50748,119,111,8,8
50749,96,95,1,1
50750,96,83,13,13
50751,64,69,-5,5
50752,110,97,13,13
50753,122,118,4,4
50754,159,146,13,13
50755,84,84,0,0
50756,78,72,6,6
50757,186,169,17,17
50758,77,77,0,0
50759,95,84,11,11
50760,78,78,0,0
50761,84,94,-10,10
50762,115,101,14,14
50763,104,100,4,4
50764,84,75,9,9
50765,94,87,7,7
50766,103,89,14,14
50767,120,110,10,10
50768,80,86,-6,6
50769,63,57,6,6
50770,113,112,1,1
50771,82,84,-2,2
50772,111,104,7,7
50773,103,101,2,2
50774,122,111,11,11
50775,81,80,1,1
50776,141,125,16,16
50777,122,113,9,9
50778,136,122,14,14
50779,67,70,-3,3
50780,91,101,-10,10
50781,86,89,-3,3
50782,97,88,9,9
50783,42,65,-23,23
50784,63,66,-3,3
50785,118,108,10,10
50786,81,87,-6,6
50787,62,58,4,4
50788,55,63,-8,8
50789,89,92,-3,3
50790,71,72,-1,1
50791,57,63,-6,6
50792,83,84,-1,1
50793,153,131,22,22
50794,106,95,11,11
50795,122,103,19,19
50796,76,74,2,2
50797,90,91,-1,1
50798,70,81,-11,11
50799,33,38,-5,5
50800,83,79,4,4
50801,50,57,-7,7
50802,118,107,11,11
50803,115,102,13,13
50804,45,42,3,3
50805,58,59,-1,1
50806,38,45,-7,7
50807,97,100,-3,3
50808,39,48,-9,9
50809,28,36,-8,8
50810,117,109,8,8
50811,115,95,20,20
50812,121,109,12,12
50813,105,107,-2,2
50814,88,82,6,6
50815,64,74,-10,10
50816,85,84,1,1
50817,103,87,16,16
50818,76,76,0,0
50819,60,65,-5,5
50820,73,75,-2,2
50821,70,65,5,5
50822,54,56,-2,2
50823,83,91,-8,8
50824,77,75,2,2
50825,58,57,1,1
50826,105,91,14,14
50827,145,130,15,15
50828,119,95,24,24
50829,100,94,6,6
50830,84,83,1,1
50831,88,78,10,10
50832,90,82,8,8
50833,65,73,-8,8
50834,131,118,13,13
50835,76,88,-12,12
50836,166,156,10,10
50837,52,54,-2,2
50838,156,143,13,13
50839,139,138,1,1
50840,80,78,2,2
50841,73,76,-3,3
50842,94,89,5,5
50843,83,81,2,2
50844,108,95,13,13
50845,71,70,1,1
50846,98,100,-2,2
50847,94,89,5,5
50848,99,91,8,8
50849,29,33,-4,4
50850,85,80,5,5
50851,92,90,2,2
50852,96,96,0,0
50853,107,96,11,11
50854,31,50,-19,19
50855,80,60,20,20
50856,86,80,6,6
50857,147,126,21,21
50858,113,109,4,4
50859,58,58,0,0
50860,69,74,-5,5
50861,81,84,-3,3
50862,105,101,4,4
50863,146,119,27,27
50864,126,111,15,15
50865,72,72,0,0
50866,110,98,12,12
50867,140,131,9,9
50868,93,84,9,9
50869,88,84,4,4
50870,84,94,-10,10
50871,57,58,-1,1
50872,78,73,5,5
50873,76,71,5,5
50874,143,118,25,25
50875,108,129,-21,21
50876,45,59,-14,14
50877,87,88,-1,1
50878,77,82,-5,5
50879,96,108,-12,12
50880,84,80,4,4
50881,60,63,-3,3
50882,74,81,-7,7
50883,83,79,4,4
50884,69,65,4,4
50885,58,51,7,7
50886,73,71,2,2
50887,81,84,-3,3
50888,106,99,7,7
50889,140,137,3,3
50890,75,77,-2,2
50891,102,99,3,3
50892,137,109,28,28
50893,63,91,-28,28
50894,80,73,7,7
50895,65,71,-6,6
50896,151,130,21,21
50897,138,125,13,13
50898,104,93,11,11
50899,142,124,18,18
50900,77,85,-8,8
50901,102,99,3,3
50902,83,82,1,1
50903,74,81,-7,7
50904,113,104,9,9
50905,115,105,10,10
50906,86,94,-8,8
50907,66,61,5,5
50908,123,108,15,15
50909,173,150,23,23
50910,138,132,6,6
50911,121,112,9,9
50912,187,166,21,21
50913,103,92,11,11
50914,93,137,-44,44
50915,134,120,14,14
50916,84,76,8,8
50917,140,124,16,16
50918,139,115,24,24
50919,112,114,-2,2
50920,81,80,1,1
50921,48,46,2,2
50922,111,102,9,9
50923,133,118,15,15
50924,158,137,21,21
50925,47,53,-6,6
50926,115,112,3,3
50927,59,66,-7,7
50928,136,120,16,16
50929,86,88,-2,2
50930,89,93,-4,4
50931,104,102,2,2
50932,88,87,1,1
50933,68,69,-1,1
50934,105,94,11,11
50935,122,109,13,13
50936,93,84,9,9
50937,172,149,23,23
50938,77,82,-5,5
50939,141,124,17,17
50940,106,103,3,3
50941,102,105,-3,3
50942,136,118,18,18
50943,83,78,5,5
50944,60,62,-2,2
50945,90,98,-8,8
50946,69,71,-2,2
50947,96,89,7,7
50948,101,97,4,4
50949,90,77,13,13
50950,95,96,-1,1
50951,80,88,-8,8
50952,91,90,1,1
50953,125,111,14,14
50954,85,79,6,6
50955,129,118,11,11
50956,117,113,4,4
50957,77,76,1,1
50958,82,88,-6,6
50959,135,121,14,14
50960,120,108,12,12
50961,89,75,14,14
50962,161,144,17,17
50963,70,72,-2,2
50964,60,64,-4,4
50965,172,148,24,24
50966,136,119,17,17
50967,86,80,6,6
50968,106,107,-1,1
50969,107,106,1,1
50970,98,94,4,4
50971,120,132,-12,12
50972,158,141,17,17
50973,61,58,3,3
50974,101,93,8,8
50975,94,90,4,4
50976,60,69,-9,9
50977,68,70,-2,2
50978,99,84,15,15
50979,56,55,1,1
50980,110,98,12,12
50981,102,98,4,4
50982,83,83,0,0
50983,92,92,0,0
50984,77,72,5,5
50985,125,125,0,0
50986,79,72,7,7
50987,67,67,0,0
50988,113,102,11,11
50989,122,115,7,7
50990,131,118,13,13
50991,104,95,9,9
50992,89,101,-12,12
50993,92,91,1,1
50994,217,143,74,74
50995,45,38,7,7
50996,69,80,-11,11
50997,112,110,2,2
50998,146,112,34,34
50999,95,94,1,1
51000,91,92,-1,1
51001,70,73,-3,3
51002,75,84,-9,9
51003,95,92,3,3
51004,112,92,20,20
51005,58,58,0,0
51006,54,58,-4,4
51007,94,95,-1,1
51008,108,95,13,13
51009,89,88,1,1
51010,90,89,1,1
51011,129,117,12,12
51012,105,90,15,15
51013,94,87,7,7
51014,132,134,-2,2
51015,95,95,0,0
51016,68,59,9,9
51017,97,85,12,12
51018,128,111,17,17
51019,116,112,4,4
51020,93,91,2,2
51021,89,80,9,9
51022,176,162,14,14
51023,172,156,16,16
51024,54,56,-2,2
51025,60,66,-6,6
51026,39,50,-11,11
51027,96,82,14,14
51028,60,76,-16,16
51029,52,53,-1,1
51030,105,98,7,7
51031,137,128,9,9
51032,151,127,24,24
51033,108,112,-4,4
51034,100,91,9,9
51035,68,72,-4,4
51036,99,97,2,2
51037,100,94,6,6
51038,112,99,13,13
51039,78,71,7,7
51040,110,104,6,6
51041,70,63,7,7
51042,122,108,14,14
51043,72,77,-5,5
51044,191,162,29,29
51045,106,101,5,5
51046,102,98,4,4
51047,130,110,20,20
51048,83,81,2,2
51049,70,72,-2,2
51050,93,92,1,1
51051,98,90,8,8
51052,72,70,2,2
51053,121,105,16,16
51054,157,136,21,21
51055,72,79,-7,7
51056,88,82,6,6
51057,109,103,6,6
51058,129,109,20,20
51059,185,156,29,29
51060,82,89,-7,7
51061,45,40,5,5
51062,47,53,-6,6
51063,75,82,-7,7
51064,107,94,13,13
51065,73,77,-4,4
51066,90,85,5,5
51067,69,75,-6,6
51068,100,102,-2,2
51069,87,78,9,9
51070,56,56,0,0
51071,83,76,7,7
51072,140,131,9,9
51073,64,58,6,6
51074,97,94,3,3
51075,86,84,2,2
51076,129,109,20,20
51077,119,105,14,14
51078,85,83,2,2
51079,109,95,14,14
51080,92,90,2,2
51081,152,127,25,25
51082,74,78,-4,4
51083,147,183,-36,36
51084,117,108,9,9
51085,85,90,-5,5
51086,115,115,0,0
51087,96,91,5,5
51088,109,102,7,7
51089,70,72,-2,2
51090,107,95,12,12
51091,71,80,-9,9
51092,80,81,-1,1
51093,117,103,14,14
51094,149,139,10,10
51095,74,72,2,2
51096,100,94,6,6
51097,131,126,5,5
51098,100,96,4,4
51099,72,70,2,2
51100,92,102,-10,10
51101,68,65,3,3
51102,71,75,-4,4
51103,60,59,1,1
51104,74,76,-2,2
51105,114,104,10,10
51106,44,46,-2,2
51107,104,107,-3,3
51108,143,130,13,13
51109,159,133,26,26
51110,76,75,1,1
51111,93,90,3,3
51112,91,89,2,2
51113,91,92,-1,1
51114,188,153,35,35
51115,85,84,1,1
51116,58,50,8,8
51117,115,104,11,11
51118,51,56,-5,5
51119,49,48,1,1
51120,108,105,3,3
51121,92,89,3,3
51122,102,99,3,3
51123,113,103,10,10
51124,100,95,5,5
51125,80,73,7,7
51126,109,109,0,0
51127,72,72,0,0
51128,91,94,-3,3
51129,93,89,4,4
51130,44,47,-3,3
51131,104,104,0,0
51132,50,63,-13,13
51133,76,78,-2,2
51134,53,51,2,2
51135,119,106,13,13
51136,105,91,14,14
51137,110,115,-5,5
51138,148,139,9,9
51139,105,91,14,14
51140,139,121,18,18
51141,97,84,13,13
51142,113,96,17,17
51143,85,80,5,5
51144,113,101,12,12
51145,60,59,1,1
51146,66,61,5,5
51147,115,104,11,11
51148,30,26,4,4
51149,76,70,6,6
51150,73,79,-6,6
51151,72,80,-8,8
51152,141,125,16,16
51153,58,68,-10,10
51154,101,96,5,5
51155,80,73,7,7
51156,76,77,-1,1
51157,118,113,5,5
51158,97,94,3,3
51159,96,102,-6,6
51160,40,45,-5,5
51161,157,135,22,22
51162,125,112,13,13
51163,99,91,8,8
51164,66,67,-1,1
51165,117,110,7,7
51166,94,96,-2,2
51167,54,59,-5,5
51168,62,59,3,3
51169,74,72,2,2
51170,166,141,25,25
51171,142,132,10,10
51172,81,88,-7,7
51173,110,112,-2,2
51174,114,99,15,15
51175,96,94,2,2
51176,54,57,-3,3
51177,97,91,6,6
51178,86,93,-7,7
51179,67,73,-6,6
51180,65,69,-4,4
51181,89,93,-4,4
51182,86,88,-2,2
51183,71,74,-3,3
51184,146,133,13,13
51185,81,70,11,11
51186,108,99,9,9
51187,116,108,8,8
51188,90,94,-4,4
51189,108,96,12,12
51190,127,111,16,16
51191,60,65,-5,5
51192,66,61,5,5
51193,180,154,26,26
51194,52,54,-2,2
51195,93,88,5,5
51196,127,119,8,8
51197,96,88,8,8
51198,110,88,22,22
51199,102,103,-1,1
51200,110,103,7,7
51201,72,67,5,5
51202,161,139,22,22
51203,89,81,8,8
51204,78,78,0,0
51205,77,83,-6,6
51206,80,76,4,4
51207,78,77,1,1
51208,135,112,23,23
51209,88,80,8,8
51210,102,82,20,20
51211,73,75,-2,2
51212,101,94,7,7
51213,84,80,4,4
51214,87,83,4,4
51215,79,85,-6,6
51216,84,84,0,0
51217,140,126,14,14
51218,106,102,4,4
51219,75,65,10,10
51220,94,89,5,5
51221,79,84,-5,5
51222,93,89,4,4
51223,155,140,15,15
51224,97,97,0,0
51225,109,112,-3,3
51226,115,100,15,15
51227,126,110,16,16
51228,90,89,1,1
51229,72,75,-3,3
51230,63,59,4,4
51231,105,97,8,8
51232,68,69,-1,1
51233,143,117,26,26
51234,116,108,8,8
51235,121,119,2,2
51236,130,104,26,26
51237,75,72,3,3
51238,70,77,-7,7
51239,109,93,16,16
51240,98,91,7,7
51241,106,87,19,19
51242,76,76,0,0
51243,60,56,4,4
51244,68,73,-5,5
51245,165,136,29,29
51246,90,103,-13,13
51247,178,150,28,28
51248,79,80,-1,1
51249,72,64,8,8
51250,87,81,6,6
51251,82,80,2,2
51252,57,60,-3,3
51253,110,104,6,6
51254,111,105,6,6
51255,70,81,-11,11
51256,112,107,5,5
51257,52,53,-1,1
51258,94,84,10,10
51259,97,94,3,3
51260,66,63,3,3
51261,67,71,-4,4
51262,66,70,-4,4
51263,107,102,5,5
51264,156,171,-15,15
51265,40,84,-44,44
51266,60,64,-4,4
51267,109,120,-11,11
51268,62,65,-3,3
51269,126,109,17,17
51270,96,96,0,0
51271,106,90,16,16
51272,109,93,16,16
51273,77,77,0,0
51274,70,67,3,3
51275,75,91,-16,16
51276,194,166,28,28
51277,24,26,-2,2
51278,94,91,3,3
51279,102,90,12,12
51280,126,111,15,15
51281,150,122,28,28
51282,126,116,10,10
51283,82,88,-6,6
51284,92,99,-7,7
51285,87,84,3,3
51286,122,123,-1,1
51287,129,119,10,10
51288,93,90,3,3
51289,62,70,-8,8
51290,148,138,10,10
51291,73,73,0,0
51292,114,99,15,15
51293,82,79,3,3
51294,99,98,1,1
51295,181,146,35,35
51296,158,133,25,25
51297,100,98,2,2
51298,143,127,16,16
51299,118,110,8,8
51300,85,82,3,3
51301,127,124,3,3
51302,83,88,-5,5
51303,95,90,5,5
51304,63,59,4,4
51305,76,73,3,3
51306,111,112,-1,1
51307,69,72,-3,3
51308,100,87,13,13
51309,47,49,-2,2
51310,83,85,-2,2
51311,85,85,0,0
51312,74,76,-2,2
51313,53,70,-17,17
51314,75,77,-2,2
51315,71,81,-10,10
51316,108,97,11,11
51317,71,74,-3,3
51318,121,110,11,11
51319,100,103,-3,3
51320,113,109,4,4
51321,86,80,6,6
51322,86,75,11,11
51323,115,104,11,11
51324,38,40,-2,2
51325,140,123,17,17
51326,119,115,4,4
51327,104,98,6,6
51328,135,111,24,24
51329,147,123,24,24
51330,116,103,13,13
51331,137,122,15,15
51332,86,85,1,1
51333,96,93,3,3
51334,76,72,4,4
51335,64,60,4,4
51336,57,57,0,0
51337,90,97,-7,7
51338,56,73,-17,17
51339,84,90,-6,6
51340,109,97,12,12
51341,124,115,9,9
51342,138,115,23,23
51343,73,72,1,1
51344,98,91,7,7
51345,93,81,12,12
51346,51,47,4,4
51347,54,53,1,1
51348,62,60,2,2
51349,126,117,9,9
51350,85,80,5,5
51351,86,74,12,12
51352,67,62,5,5
51353,80,80,0,0
51354,55,59,-4,4
51355,115,105,10,10
51356,71,70,1,1
51357,86,80,6,6
51358,120,109,11,11
51359,94,85,9,9
51360,71,71,0,0
51361,106,111,-5,5
51362,101,92,9,9
51363,41,48,-7,7
51364,77,69,8,8
51365,130,109,21,21
51366,154,132,22,22
51367,102,88,14,14
51368,56,57,-1,1
51369,108,97,11,11
51370,74,75,-1,1
51371,33,98,-65,65
51372,109,101,8,8
51373,113,100,13,13
51374,115,105,10,10
51375,73,74,-1,1
51376,60,70,-10,10
51377,115,105,10,10
51378,85,89,-4,4
51379,121,101,20,20
51380,128,116,12,12
51381,76,84,-8,8
51382,158,141,17,17
51383,109,104,5,5
51384,47,51,-4,4
51385,76,70,6,6
51386,75,67,8,8
51387,92,81,11,11
51388,92,87,5,5
51389,110,89,21,21
51390,101,96,5,5
51391,95,87,8,8
51392,107,98,9,9
51393,96,93,3,3
51394,127,116,11,11
51395,104,99,5,5
51396,84,77,7,7
51397,44,44,0,0
51398,112,110,2,2
51399,94,94,0,0
51400,65,65,0,0
51401,67,72,-5,5
51402,106,99,7,7
51403,85,77,8,8
51404,75,83,-8,8
51405,72,70,2,2
51406,99,78,21,21
51407,63,68,-5,5
51408,157,139,18,18
51409,70,69,1,1
51410,79,74,5,5
51411,99,89,10,10
51412,100,97,3,3
51413,152,129,23,23
51414,111,115,-4,4
51415,73,73,0,0
51416,117,107,10,10
51417,74,72,2,2
51418,84,89,-5,5
51419,117,108,9,9
51420,70,71,-1,1
51421,72,77,-5,5
51422,62,64,-2,2
51423,90,93,-3,3
51424,123,101,22,22
51425,81,81,0,0
51426,62,62,0,0
51427,74,71,3,3
51428,189,154,35,35
51429,97,97,0,0
51430,131,119,12,12
51431,66,73,-7,7
51432,131,113,18,18
51433,101,89,12,12
51434,205,184,21,21
51435,92,91,1,1
51436,74,84,-10,10
51437,108,95,13,13
51438,78,71,7,7
51439,69,74,-5,5
51440,92,88,4,4
51441,76,79,-3,3
51442,83,80,3,3
51443,104,95,9,9
51444,85,79,6,6
51445,74,72,2,2
51446,134,129,5,5
51447,119,107,12,12
51448,92,82,10,10
51449,88,84,4,4
51450,126,122,4,4
51451,100,92,8,8
51452,45,55,-10,10
51453,131,112,19,19
51454,55,58,-3,3
51455,180,155,25,25
51456,133,108,25,25
51457,94,66,28,28
51458,62,81,-19,19
51459,119,107,12,12
51460,183,154,29,29
51461,88,82,6,6
51462,115,88,27,27
51463,100,84,16,16
51464,64,71,-7,7
51465,83,102,-19,19
51466,138,127,11,11
51467,62,71,-9,9
51468,193,153,40,40
51469,90,79,11,11
51470,77,84,-7,7
51471,111,100,11,11
51472,99,82,17,17
51473,118,113,5,5
51474,131,115,16,16
51475,71,65,6,6
51476,78,79,-1,1
51477,94,82,12,12
51478,92,90,2,2
51479,97,94,3,3
51480,89,85,4,4
51481,131,112,19,19
51482,119,95,24,24
51483,59,66,-7,7
51484,80,81,-1,1
51485,116,101,15,15
51486,93,86,7,7
51487,72,76,-4,4
51488,185,150,35,35
51489,85,85,0,0
51490,108,107,1,1
51491,84,83,1,1
51492,100,97,3,3
51493,109,85,24,24
51494,43,45,-2,2
51495,77,76,1,1
51496,87,77,10,10
51497,121,105,16,16
51498,109,104,5,5
51499,83,89,-6,6
51500,108,92,16,16
51501,166,130,36,36
51502,68,68,0,0
51503,112,119,-7,7
51504,103,100,3,3
51505,106,102,4,4
51506,33,36,-3,3
51507,56,52,4,4
51508,72,70,2,2
51509,136,122,14,14
51510,79,77,2,2
51511,143,114,29,29
51512,103,94,9,9
51513,75,79,-4,4
51514,73,72,1,1
51515,68,69,-1,1
51516,68,81,-13,13
51517,102,86,16,16
51518,83,78,5,5
51519,70,80,-10,10
51520,88,84,4,4
51521,124,112,12,12
51522,111,105,6,6
51523,103,101,2,2
51524,104,100,4,4
51525,122,108,14,14
51526,119,110,9,9
51527,71,98,-27,27
51528,196,177,19,19
51529,70,70,0,0
51530,70,83,-13,13
51531,88,82,6,6
51532,122,109,13,13
51533,102,91,11,11
51534,119,105,14,14
51535,138,122,16,16
51536,165,139,26,26
51537,94,94,0,0
51538,52,55,-3,3
51539,86,81,5,5
51540,63,68,-5,5
51541,92,82,10,10
51542,65,62,3,3
51543,47,47,0,0
51544,62,61,1,1
51545,79,85,-6,6
51546,166,125,41,41
51547,96,87,9,9
51548,120,122,-2,2
51549,117,106,11,11
51550,99,88,11,11
51551,124,122,2,2
51552,138,117,21,21
51553,60,67,-7,7
51554,90,87,3,3
51555,76,81,-5,5
51556,113,121,-8,8
51557,129,118,11,11
51558,80,79,1,1
51559,99,90,9,9
51560,87,85,2,2
51561,74,76,-2,2
51562,70,71,-1,1
51563,50,56,-6,6
51564,83,80,3,3
51565,150,130,20,20
51566,104,95,9,9
51567,107,101,6,6
51568,101,87,14,14
51569,153,136,17,17
51570,81,80,1,1
51571,58,73,-15,15
51572,104,96,8,8
51573,64,62,2,2
51574,58,56,2,2
51575,137,128,9,9
51576,132,102,30,30
51577,110,101,9,9
51578,120,113,7,7
51579,92,90,2,2
51580,83,105,-22,22
51581,41,51,-10,10
51582,194,182,12,12
51583,79,72,7,7
51584,65,64,1,1
51585,126,120,6,6
51586,125,124,1,1
51587,148,129,19,19
51588,63,61,2,2
51589,82,88,-6,6
51590,127,112,15,15
51591,141,121,20,20
51592,98,98,0,0
51593,140,131,9,9
51594,92,83,9,9
51595,78,82,-4,4
51596,72,73,-1,1
51597,133,111,22,22
51598,82,85,-3,3
51599,53,60,-7,7
51600,68,68,0,0
51601,135,124,11,11
51602,76,89,-13,13
51603,84,74,10,10
51604,109,99,10,10
51605,115,112,3,3
51606,32,26,6,6
51607,202,160,42,42
51608,64,62,2,2
51609,69,67,2,2
51610,61,62,-1,1
51611,81,74,7,7
51612,81,86,-5,5
51613,103,95,8,8
51614,73,69,4,4
51615,103,110,-7,7
51616,153,143,10,10
51617,78,79,-1,1
51618,100,92,8,8
51619,136,132,4,4
51620,58,58,0,0
51621,75,81,-6,6
51622,130,108,22,22
51623,127,107,20,20
51624,51,60,-9,9
51625,87,75,12,12
51626,99,96,3,3
51627,121,107,14,14
51628,83,83,0,0
51629,65,65,0,0
51630,86,84,2,2
51631,129,117,12,12
51632,77,83,-6,6
51633,63,70,-7,7
51634,70,69,1,1
51635,75,77,-2,2
51636,75,75,0,0
51637,132,122,10,10
51638,157,140,17,17
51639,130,123,7,7
51640,80,83,-3,3
51641,97,95,2,2
51642,68,66,2,2
51643,98,95,3,3
51644,81,83,-2,2
51645,51,53,-2,2
51646,84,80,4,4
51647,79,79,0,0
51648,151,133,18,18
51649,82,81,1,1
51650,127,115,12,12
51651,63,70,-7,7
51652,97,88,9,9
51653,121,111,10,10
51654,157,136,21,21
51655,101,92,9,9
51656,160,146,14,14
51657,92,93,-1,1
51658,107,108,-1,1
51659,108,91,17,17
51660,119,96,23,23
51661,61,68,-7,7
51662,112,102,10,10
51663,71,69,2,2
51664,99,97,2,2
51665,68,75,-7,7
51666,116,114,2,2
51667,64,71,-7,7
51668,124,120,4,4
51669,139,121,18,18
51670,80,76,4,4
51671,157,133,24,24
51672,101,92,9,9
51673,114,103,11,11
51674,126,120,6,6
51675,148,130,18,18
51676,77,80,-3,3
51677,187,160,27,27
51678,139,129,10,10
51679,164,141,23,23
51680,98,96,2,2
51681,86,87,-1,1
51682,61,60,1,1
51683,143,134,9,9
51684,57,59,-2,2
51685,52,48,4,4
51686,92,97,-5,5
51687,108,98,10,10
51688,156,126,30,30
51689,159,132,27,27
51690,157,131,26,26
51691,102,92,10,10
51692,138,116,22,22
51693,78,79,-1,1
51694,83,71,12,12
51695,108,92,16,16
51696,60,57,3,3
51697,142,111,31,31
51698,55,57,-2,2
51699,65,63,2,2
51700,125,113,12,12
51701,90,87,3,3
51702,74,74,0,0
51703,156,136,20,20
51704,76,75,1,1
51705,94,93,1,1
51706,84,83,1,1
51707,84,76,8,8
51708,68,75,-7,7
51709,144,131,13,13
51710,74,71,3,3
51711,104,101,3,3
51712,98,76,22,22
51713,92,88,4,4
51714,106,97,9,9
51715,94,91,3,3
51716,91,90,1,1
51717,61,47,14,14
51718,77,76,1,1
51719,71,73,-2,2
51720,98,90,8,8
51721,73,79,-6,6
51722,103,100,3,3
51723,124,110,14,14
51724,135,123,12,12
51725,118,117,1,1
51726,96,97,-1,1
51727,54,59,-5,5
51728,112,94,18,18
51729,72,76,-4,4
51730,70,73,-3,3
51731,85,80,5,5
51732,51,48,3,3
51733,106,107,-1,1
51734,113,101,12,12
51735,76,69,7,7
51736,63,72,-9,9
51737,140,116,24,24
51738,103,93,10,10
51739,163,146,17,17
51740,126,115,11,11
51741,92,101,-9,9
51742,40,43,-3,3
51743,33,38,-5,5
51744,99,96,3,3
51745,113,97,16,16
51746,59,60,-1,1
51747,88,99,-11,11
51748,58,60,-2,2
51749,98,91,7,7
51750,135,111,24,24
51751,92,88,4,4
51752,101,95,6,6
51753,116,102,14,14
51754,171,153,18,18
51755,98,83,15,15
51756,99,91,8,8
51757,77,73,4,4
51758,99,91,8,8
51759,61,59,2,2
51760,124,98,26,26
51761,36,36,0,0
51762,124,105,19,19
51763,89,83,6,6
51764,144,136,8,8
51765,113,102,11,11
51766,157,135,22,22
51767,95,85,10,10
51768,101,101,0,0
51769,76,80,-4,4
51770,65,72,-7,7
51771,222,165,57,57
51772,123,110,13,13
51773,71,88,-17,17
51774,102,89,13,13
51775,96,93,3,3
51776,105,94,11,11
51777,81,83,-2,2
51778,122,126,-4,4
51779,64,67,-3,3
51780,43,75,-32,32
51781,114,98,16,16
51782,62,66,-4,4
51783,104,106,-2,2
51784,175,166,9,9
51785,98,100,-2,2
51786,87,78,9,9
51787,144,130,14,14
51788,76,84,-8,8
51789,125,112,13,13
51790,70,72,-2,2
51791,86,92,-6,6
51792,140,111,29,29
51793,44,53,-9,9
51794,101,91,10,10
51795,68,69,-1,1
51796,155,139,16,16
51797,125,114,11,11
51798,49,53,-4,4
51799,140,132,8,8
51800,105,93,12,12
51801,192,178,14,14
51802,89,80,9,9
51803,140,122,18,18
51804,140,124,16,16
51805,112,109,3,3
51806,136,112,24,24
51807,76,82,-6,6
51808,64,71,-7,7
51809,64,74,-10,10
51810,83,82,1,1
51811,72,69,3,3
51812,145,129,16,16
51813,113,100,13,13
51814,114,98,16,16
51815,154,128,26,26
51816,67,67,0,0
51817,197,160,37,37
51818,61,64,-3,3
51819,99,94,5,5
51820,91,89,2,2
51821,181,139,42,42
51822,45,47,-2,2
51823,55,60,-5,5
51824,183,178,5,5
51825,106,102,4,4
51826,57,67,-10,10
51827,133,116,17,17
51828,36,42,-6,6
51829,98,97,1,1
51830,54,51,3,3
51831,140,129,11,11
51832,114,105,9,9
51833,99,93,6,6
51834,69,71,-2,2
51835,144,130,14,14
51836,112,112,0,0
51837,101,92,9,9
51838,88,80,8,8
51839,88,88,0,0
51840,94,83,11,11
51841,67,63,4,4
51842,46,53,-7,7
51843,72,68,4,4
51844,80,71,9,9
51845,75,72,3,3
51846,94,86,8,8
51847,117,110,7,7
51848,67,70,-3,3
51849,71,73,-2,2
51850,67,82,-15,15
51851,68,61,7,7
51852,91,86,5,5
51853,71,73,-2,2
51854,114,107,7,7
51855,93,96,-3,3
51856,73,80,-7,7
51857,164,137,27,27
51858,132,109,23,23
51859,66,58,8,8
51860,153,117,36,36
51861,108,109,-1,1
51862,110,99,11,11
51863,156,125,31,31
51864,162,140,22,22
51865,150,134,16,16
51866,125,115,10,10
51867,61,62,-1,1
51868,95,92,3,3
51869,152,123,29,29
51870,125,119,6,6
51871,119,98,21,21
51872,166,164,2,2
51873,120,98,22,22
51874,58,61,-3,3
51875,45,45,0,0
51876,117,116,1,1
51877,65,62,3,3
51878,105,102,3,3
51879,70,73,-3,3
51880,78,75,3,3
51881,91,81,10,10
51882,78,72,6,6
51883,116,121,-5,5
51884,132,108,24,24
51885,143,124,19,19
51886,117,113,4,4
51887,147,140,7,7
51888,63,72,-9,9
51889,80,88,-8,8
51890,98,94,4,4
51891,51,59,-8,8
51892,51,49,2,2
51893,73,70,3,3
51894,95,83,12,12
51895,100,93,7,7
51896,74,82,-8,8
51897,110,97,13,13
51898,78,80,-2,2
51899,54,63,-9,9
51900,115,109,6,6
51901,139,120,19,19
51902,73,79,-6,6
51903,67,68,-1,1
51904,76,79,-3,3
51905,108,100,8,8
51906,104,96,8,8
51907,130,119,11,11
51908,116,108,8,8
51909,57,58,-1,1
51910,102,98,4,4
51911,108,95,13,13
51912,95,85,10,10
51913,40,45,-5,5
51914,76,84,-8,8
51915,71,67,4,4
51916,137,125,12,12
51917,118,103,15,15
51918,129,113,16,16
51919,67,77,-10,10
51920,72,73,-1,1
51921,111,109,2,2
51922,95,91,4,4
51923,130,130,0,0
51924,116,112,4,4
51925,68,68,0,0
51926,103,96,7,7
51927,95,92,3,3
51928,117,108,9,9
51929,62,52,10,10
51930,75,80,-5,5
51931,56,68,-12,12
51932,120,101,19,19
51933,113,103,10,10
51934,85,80,5,5
51935,71,87,-16,16
51936,130,123,7,7
51937,87,89,-2,2
51938,156,136,20,20
51939,89,85,4,4
51940,61,60,1,1
51941,115,106,9,9
51942,144,120,24,24
51943,73,79,-6,6
51944,94,93,1,1
51945,102,95,7,7
51946,125,116,9,9
51947,71,65,6,6
51948,140,122,18,18
51949,143,125,18,18
51950,77,79,-2,2
51951,86,75,11,11
51952,70,65,5,5
51953,101,88,13,13
51954,82,80,2,2
51955,93,84,9,9
51956,55,58,-3,3
51957,138,133,5,5
51958,88,82,6,6
51959,81,82,-1,1
51960,176,144,32,32
51961,90,89,1,1
51962,52,59,-7,7
51963,97,91,6,6
51964,45,57,-12,12
51965,114,112,2,2
51966,155,137,18,18
51967,151,156,-5,5
51968,60,65,-5,5
51969,82,75,7,7
51970,96,90,6,6
51971,126,108,18,18
51972,90,85,5,5
51973,83,70,13,13
51974,72,76,-4,4
51975,139,120,19,19
51976,137,125,12,12
51977,119,111,8,8
51978,115,89,26,26
51979,76,73,3,3
51980,80,92,-12,12
51981,101,92,9,9
51982,92,85,7,7
51983,65,65,0,0
51984,89,90,-1,1
51985,72,70,2,2
51986,45,42,3,3
51987,69,68,1,1
51988,81,79,2,2
51989,95,90,5,5
51990,76,75,1,1
51991,49,47,2,2
51992,97,96,1,1
51993,90,82,8,8
51994,130,118,12,12
51995,74,78,-4,4
51996,46,58,-12,12
51997,74,80,-6,6
51998,108,95,13,13
51999,115,114,1,1
52000,37,48,-11,11
52001,79,73,6,6
52002,75,78,-3,3
52003,174,141,33,33
52004,107,101,6,6
52005,53,52,1,1
52006,83,86,-3,3
52007,60,59,1,1
52008,98,98,0,0
52009,57,58,-1,1
52010,54,58,-4,4
52011,83,77,6,6
52012,182,186,-4,4
52013,107,108,-1,1
52014,89,94,-5,5
52015,105,100,5,5
52016,109,105,4,4
52017,141,117,24,24
52018,121,114,7,7
52019,91,101,-10,10
52020,117,105,12,12
52021,58,55,3,3
52022,80,71,9,9
52023,88,84,4,4
52024,80,80,0,0
52025,146,129,17,17
52026,105,98,7,7
52027,128,128,0,0
52028,79,77,2,2
52029,123,118,5,5
52030,85,82,3,3
52031,77,73,4,4
52032,70,68,2,2
52033,100,97,3,3
52034,71,67,4,4
52035,123,106,17,17
52036,85,84,1,1
52037,113,104,9,9
52038,98,90,8,8
52039,67,73,-6,6
52040,130,120,10,10
52041,176,144,32,32
52042,117,104,13,13
52043,130,113,17,17
52044,114,103,11,11
52045,108,103,5,5
52046,111,111,0,0
52047,91,84,7,7
52048,153,128,25,25
52049,83,104,-21,21
52050,91,87,4,4
52051,103,97,6,6
52052,123,114,9,9
52053,57,62,-5,5
52054,115,104,11,11
52055,86,86,0,0
52056,147,127,20,20
52057,116,122,-6,6
52058,87,85,2,2
52059,81,81,0,0
52060,58,57,1,1
52061,97,83,14,14
52062,138,132,6,6
52063,74,70,4,4
52064,60,69,-9,9
52065,94,91,3,3
52066,150,138,12,12
52067,143,129,14,14
52068,72,72,0,0
52069,80,86,-6,6
52070,94,96,-2,2
52071,85,82,3,3
52072,108,98,10,10
52073,106,90,16,16
52074,86,91,-5,5
52075,160,134,26,26
52076,84,80,4,4
52077,78,70,8,8
52078,89,92,-3,3
52079,76,82,-6,6
52080,57,54,3,3
52081,93,89,4,4
52082,92,91,1,1
52083,79,94,-15,15
52084,105,99,6,6
52085,146,130,16,16
52086,79,82,-3,3
52087,96,95,1,1
52088,97,89,8,8
52089,74,73,1,1
52090,79,82,-3,3
52091,90,86,4,4
52092,133,122,11,11
52093,81,82,-1,1
52094,140,124,16,16
52095,20,26,-6,6
52096,42,89,-47,47
52097,178,142,36,36
52098,57,69,-12,12
52099,91,93,-2,2
52100,125,123,2,2
52101,77,75,2,2
52102,73,72,1,1
52103,96,97,-1,1
52104,63,62,1,1
52105,75,73,2,2
52106,117,105,12,12
52107,135,125,10,10
52108,105,104,1,1
52109,141,127,14,14
52110,123,103,20,20
52111,71,83,-12,12
52112,108,90,18,18
52113,104,103,1,1
52114,108,104,4,4
52115,93,91,2,2
52116,102,93,9,9
52117,99,86,13,13
52118,95,95,0,0
52119,53,55,-2,2
52120,117,94,23,23
52121,79,84,-5,5
52122,55,67,-12,12
52123,163,145,18,18
52124,53,57,-4,4
52125,80,80,0,0
52126,124,109,15,15
52127,75,70,5,5
52128,133,122,11,11
52129,83,81,2,2
52130,54,63,-9,9
52131,52,58,-6,6
52132,67,70,-3,3
52133,75,72,3,3
52134,106,96,10,10
52135,140,126,14,14
52136,124,118,6,6
52137,65,70,-5,5
52138,94,95,-1,1
52139,108,105,3,3
52140,132,106,26,26
52141,123,110,13,13
52142,73,81,-8,8
52143,246,218,28,28
52144,91,79,12,12
52145,48,56,-8,8
52146,109,93,16,16
52147,120,104,16,16
52148,71,65,6,6
52149,44,48,-4,4
52150,83,80,3,3
52151,77,71,6,6
52152,108,98,10,10
52153,76,72,4,4
52154,116,96,20,20
52155,98,102,-4,4
52156,114,101,13,13
52157,142,116,26,26
52158,92,99,-7,7
52159,82,78,4,4
52160,86,82,4,4
52161,65,70,-5,5
52162,91,85,6,6
52163,158,146,12,12
52164,79,77,2,2
52165,89,81,8,8
52166,54,50,4,4
52167,144,116,28,28
52168,167,155,12,12
52169,94,98,-4,4
52170,75,74,1,1
52171,110,109,1,1
52172,113,101,12,12
52173,63,65,-2,2
52174,138,122,16,16
52175,101,88,13,13
52176,99,102,-3,3
52177,98,96,2,2
52178,138,138,0,0
52179,116,107,9,9
52180,53,65,-12,12
52181,97,94,3,3
52182,79,66,13,13
52183,94,100,-6,6
52184,72,80,-8,8
52185,104,101,3,3
52186,113,96,17,17
52187,105,103,2,2
52188,84,80,4,4
52189,66,69,-3,3
52190,75,75,0,0
52191,106,96,10,10
52192,100,93,7,7
52193,75,81,-6,6
52194,45,44,1,1
52195,126,121,5,5
52196,102,96,6,6
52197,108,102,6,6
52198,99,90,9,9
52199,146,126,20,20
52200,107,103,4,4
52201,105,106,-1,1
52202,58,57,1,1
52203,114,112,2,2
52204,151,124,27,27
52205,72,75,-3,3
52206,79,72,7,7
52207,131,112,19,19
52208,91,86,5,5
52209,52,56,-4,4
52210,81,71,10,10
52211,85,71,14,14
52212,96,87,9,9
52213,42,48,-6,6
52214,73,66,7,7
52215,100,92,8,8
52216,104,96,8,8
52217,85,90,-5,5
52218,67,73,-6,6
52219,71,72,-1,1
52220,100,86,14,14
52221,134,106,28,28
52222,104,103,1,1
52223,90,81,9,9
52224,96,118,-22,22
52225,61,85,-24,24
52226,65,71,-6,6
52227,139,125,14,14
52228,46,43,3,3
52229,70,70,0,0
52230,142,125,17,17
52231,90,86,4,4
52232,112,100,12,12
52233,113,98,15,15
52234,59,64,-5,5
52235,111,102,9,9
52236,84,80,4,4
52237,74,72,2,2
52238,78,71,7,7
52239,145,137,8,8
52240,100,110,-10,10
52241,103,95,8,8
52242,55,57,-2,2
52243,93,92,1,1
52244,78,76,2,2
52245,80,79,1,1
52246,104,92,12,12
52247,66,69,-3,3
52248,68,61,7,7
52249,60,58,2,2
52250,103,110,-7,7
52251,69,69,0,0
52252,92,88,4,4
52253,48,57,-9,9
52254,54,61,-7,7
52255,54,56,-2,2
52256,58,61,-3,3
52257,160,132,28,28
52258,83,75,8,8
52259,90,82,8,8
52260,71,111,-40,40
52261,168,158,10,10
52262,137,126,11,11
52263,139,127,12,12
52264,74,69,5,5
52265,75,80,-5,5
52266,65,59,6,6
52267,93,80,13,13
52268,94,90,4,4
52269,65,76,-11,11
52270,110,105,5,5
52271,29,40,-11,11
52272,91,84,7,7
52273,78,74,4,4
52274,77,75,2,2
52275,93,91,2,2
52276,158,135,23,23
52277,206,173,33,33
52278,98,94,4,4
52279,131,118,13,13
52280,115,100,15,15
52281,129,101,28,28
52282,97,88,9,9
52283,97,90,7,7
52284,78,89,-11,11
52285,81,81,0,0
52286,107,96,11,11
52287,80,89,-9,9
52288,67,72,-5,5
52289,66,73,-7,7
52290,56,57,-1,1
52291,72,70,2,2
52292,50,57,-7,7
52293,70,95,-25,25
52294,128,111,17,17
52295,138,129,9,9
52296,38,43,-5,5
52297,113,102,11,11
52298,168,148,20,20
52299,115,99,16,16
52300,88,82,6,6
52301,80,80,0,0
52302,124,124,0,0
52303,190,163,27,27
52304,92,92,0,0
52305,83,81,2,2
52306,78,80,-2,2
52307,64,59,5,5
52308,121,110,11,11
52309,74,75,-1,1
52310,59,61,-2,2
52311,200,144,56,56
52312,157,136,21,21
52313,86,85,1,1
52314,126,113,13,13
52315,75,78,-3,3
52316,95,99,-4,4
52317,118,97,21,21
52318,174,148,26,26
52319,148,127,21,21
52320,70,76,-6,6
52321,99,93,6,6
52322,73,73,0,0
52323,178,140,38,38
52324,127,113,14,14
52325,137,127,10,10
52326,35,44,-9,9
52327,58,59,-1,1
52328,104,100,4,4
52329,85,81,4,4
52330,91,86,5,5
52331,40,42,-2,2
52332,83,82,1,1
52333,100,97,3,3
52334,73,78,-5,5
52335,51,58,-7,7
52336,263,181,82,82
52337,87,87,0,0
52338,85,80,5,5
52339,85,82,3,3
52340,89,82,7,7
52341,176,157,19,19
52342,103,98,5,5
52343,128,124,4,4
52344,166,151,15,15
52345,92,102,-10,10
52346,100,94,6,6
52347,98,82,16,16
52348,57,61,-4,4
52349,127,110,17,17
52350,86,85,1,1
52351,144,130,14,14
52352,60,63,-3,3
52353,113,103,10,10
52354,113,106,7,7
52355,103,97,6,6
52356,90,85,5,5
52357,56,48,8,8
52358,47,53,-6,6
52359,105,99,6,6
52360,61,61,0,0
52361,128,124,4,4
52362,55,75,-20,20
52363,67,63,4,4
52364,65,66,-1,1
52365,116,103,13,13
52366,76,79,-3,3
52367,41,45,-4,4
52368,83,76,7,7
52369,82,88,-6,6
52370,50,58,-8,8
52371,81,88,-7,7
52372,57,53,4,4
52373,83,81,2,2
52374,87,92,-5,5
52375,56,53,3,3
52376,68,68,0,0
52377,71,68,3,3
52378,77,76,1,1
52379,67,65,2,2
52380,120,102,18,18
52381,74,75,-1,1
52382,121,111,10,10
52383,73,75,-2,2
52384,53,56,-3,3
52385,68,70,-2,2
52386,95,87,8,8
52387,103,98,5,5
52388,46,50,-4,4
52389,73,66,7,7
52390,148,130,18,18
52391,145,118,27,27
52392,105,92,13,13
52393,71,72,-1,1
52394,43,51,-8,8
52395,106,99,7,7
52396,114,107,7,7
52397,80,79,1,1
52398,64,88,-24,24
52399,125,105,20,20
52400,84,89,-5,5
52401,86,86,0,0
52402,101,94,7,7
52403,95,87,8,8
52404,90,93,-3,3
52405,93,86,7,7
52406,62,64,-2,2
52407,146,125,21,21
52408,87,84,3,3
52409,85,75,10,10
52410,134,115,19,19
52411,82,76,6,6
52412,46,44,2,2
52413,73,64,9,9
52414,23,26,-3,3
52415,167,139,28,28
52416,116,93,23,23
52417,112,108,4,4
52418,227,194,33,33
52419,108,103,5,5
52420,93,90,3,3
52421,76,80,-4,4
52422,75,77,-2,2
52423,74,80,-6,6
52424,85,77,8,8
52425,68,71,-3,3
52426,93,82,11,11
52427,143,124,19,19
52428,132,115,17,17
52429,68,70,-2,2
52430,49,57,-8,8
52431,116,101,15,15
52432,87,80,7,7
52433,114,96,18,18
52434,133,119,14,14
52435,81,78,3,3
52436,105,91,14,14
52437,88,88,0,0
52438,158,129,29,29
52439,82,74,8,8
52440,91,87,4,4
52441,158,139,19,19
52442,77,80,-3,3
52443,61,80,-19,19
52444,57,60,-3,3
52445,76,78,-2,2
52446,80,80,0,0
52447,90,95,-5,5
52448,75,67,8,8
52449,105,94,11,11
52450,99,93,6,6
52451,134,124,10,10
52452,70,74,-4,4
52453,139,130,9,9
52454,67,68,-1,1
52455,186,151,35,35
52456,101,92,9,9
52457,142,126,16,16
52458,66,63,3,3
52459,88,81,7,7
52460,79,81,-2,2
52461,80,81,-1,1
52462,103,106,-3,3
52463,133,132,1,1
52464,21,57,-36,36
52465,98,83,15,15
52466,67,65,2,2
52467,117,124,-7,7
52468,71,70,1,1
52469,45,52,-7,7
52470,90,80,10,10
52471,122,103,19,19
52472,133,118,15,15
52473,70,70,0,0
52474,99,97,2,2
52475,161,139,22,22
52476,123,108,15,15
52477,116,101,15,15
52478,148,122,26,26
52479,55,49,6,6
52480,107,102,5,5
52481,69,64,5,5
52482,103,110,-7,7
52483,50,52,-2,2
52484,76,75,1,1
52485,98,96,2,2
52486,63,66,-3,3
52487,69,69,0,0
52488,115,108,7,7
52489,64,64,0,0
52490,80,80,0,0
52491,93,83,10,10
52492,93,88,5,5
52493,107,94,13,13
52494,91,88,3,3
52495,73,83,-10,10
52496,163,136,27,27
52497,82,75,7,7
52498,133,122,11,11
52499,70,80,-10,10
52500,74,73,1,1
52501,72,71,1,1
52502,51,45,6,6
52503,192,153,39,39
52504,59,68,-9,9
52505,69,65,4,4
52506,47,50,-3,3
52507,146,144,2,2
52508,149,124,25,25
52509,96,104,-8,8
52510,73,64,9,9
52511,143,123,20,20
52512,101,101,0,0
52513,96,96,0,0
52514,108,107,1,1
52515,77,74,3,3
52516,45,54,-9,9
52517,89,93,-4,4
52518,160,136,24,24
52519,97,94,3,3
52520,82,80,2,2
52521,80,74,6,6
52522,70,69,1,1
52523,123,106,17,17
52524,109,98,11,11
52525,162,144,18,18
52526,129,120,9,9
52527,80,74,6,6
52528,49,59,-10,10
52529,129,104,25,25
52530,79,73,6,6
52531,89,90,-1,1
52532,92,90,2,2
52533,87,80,7,7
52534,104,92,12,12
52535,106,90,16,16
52536,169,153,16,16
52537,96,101,-5,5
52538,66,70,-4,4
52539,140,126,14,14
52540,128,110,18,18
52541,82,77,5,5
52542,128,111,17,17
52543,109,106,3,3
52544,59,67,-8,8
52545,61,66,-5,5
52546,109,89,20,20
52547,72,77,-5,5
52548,57,65,-8,8
52549,94,96,-2,2
52550,86,85,1,1
52551,57,60,-3,3
52552,142,121,21,21
52553,79,83,-4,4
52554,150,132,18,18
52555,122,120,2,2
52556,106,104,2,2
52557,41,44,-3,3
52558,218,180,38,38
52559,106,94,12,12
52560,80,74,6,6
52561,87,85,2,2
52562,121,117,4,4
52563,68,67,1,1
52564,79,80,-1,1
52565,63,62,1,1
52566,57,71,-14,14
52567,132,126,6,6
52568,86,84,2,2
52569,92,86,6,6
52570,187,155,32,32
52571,97,89,8,8
52572,135,118,17,17
52573,126,106,20,20
52574,79,80,-1,1
52575,69,79,-10,10
52576,142,128,14,14
52577,97,87,10,10
52578,104,106,-2,2
52579,112,106,6,6
52580,168,155,13,13
52581,145,122,23,23
52582,137,117,20,20
52583,142,121,21,21
52584,81,78,3,3
52585,97,87,10,10
52586,90,75,15,15
52587,121,124,-3,3
52588,71,74,-3,3
52589,61,61,0,0
52590,95,106,-11,11
52591,95,108,-13,13
52592,53,65,-12,12
52593,126,119,7,7
52594,72,80,-8,8
52595,86,76,10,10
52596,141,133,8,8
52597,96,97,-1,1
52598,98,100,-2,2
52599,123,114,9,9
52600,46,55,-9,9
52601,95,83,12,12
52602,127,109,18,18
52603,153,120,33,33
52604,115,103,12,12
52605,104,96,8,8
52606,53,56,-3,3
52607,95,85,10,10
52608,88,84,4,4
52609,133,107,26,26
52610,88,85,3,3
52611,25,48,-23,23
52612,142,115,27,27
52613,98,99,-1,1
52614,93,85,8,8
52615,99,90,9,9
52616,152,132,20,20
52617,124,113,11,11
52618,112,107,5,5
52619,134,111,23,23
52620,104,104,0,0
52621,86,80,6,6
52622,117,111,6,6
52623,77,79,-2,2
52624,88,86,2,2
52625,72,70,2,2
52626,87,99,-12,12
52627,80,77,3,3
52628,103,96,7,7
52629,136,128,8,8
52630,105,105,0,0
52631,96,89,7,7
52632,90,80,10,10
52633,53,50,3,3
52634,77,78,-1,1
52635,60,60,0,0
52636,115,112,3,3
52637,93,86,7,7
52638,91,80,11,11
52639,162,146,16,16
52640,115,98,17,17
52641,148,143,5,5
52642,68,68,0,0
52643,79,82,-3,3
52644,53,57,-4,4
52645,60,61,-1,1
52646,63,72,-9,9
52647,102,96,6,6
52648,111,102,9,9
52649,116,108,8,8
52650,50,51,-1,1
52651,113,100,13,13
52652,46,58,-12,12
52653,62,63,-1,1
52654,112,104,8,8
52655,58,71,-13,13
52656,85,89,-4,4
52657,111,98,13,13
52658,105,99,6,6
52659,113,114,-1,1
52660,174,148,26,26
52661,125,108,17,17
52662,109,100,9,9
52663,67,70,-3,3
52664,76,70,6,6
52665,193,216,-23,23
52666,128,115,13,13
52667,88,81,7,7
52668,70,74,-4,4
52669,63,62,1,1
52670,148,126,22,22
52671,89,95,-6,6
52672,152,138,14,14
52673,62,69,-7,7
52674,141,112,29,29
52675,48,49,-1,1
52676,185,158,27,27
52677,89,82,7,7
52678,87,82,5,5
52679,50,58,-8,8
52680,79,70,9,9
52681,124,125,-1,1
52682,109,99,10,10
52683,54,60,-6,6
52684,90,83,7,7
52685,85,82,3,3
52686,35,93,-58,58
52687,86,83,3,3
52688,47,49,-2,2
52689,103,93,10,10
52690,105,103,2,2
52691,47,58,-11,11
52692,44,48,-4,4
52693,137,120,17,17
52694,69,78,-9,9
52695,47,51,-4,4
52696,63,65,-2,2
52697,118,113,5,5
52698,83,85,-2,2
52699,80,90,-10,10
52700,119,95,24,24
52701,107,106,1,1
52702,100,106,-6,6
52703,96,96,0,0
52704,90,95,-5,5
52705,136,123,13,13
52706,142,134,8,8
52707,82,80,2,2
52708,64,55,9,9
52709,89,88,1,1
52710,49,59,-10,10
52711,138,117,21,21
52712,74,66,8,8
52713,55,70,-15,15
52714,147,120,27,27
52715,87,88,-1,1
52716,67,79,-12,12
52717,90,80,10,10
52718,72,89,-17,17
52719,110,99,11,11
52720,166,151,15,15
52721,128,100,28,28
52722,70,76,-6,6
52723,95,93,2,2
52724,58,56,2,2
52725,95,91,4,4
52726,78,80,-2,2
52727,99,101,-2,2
52728,79,72,7,7
52729,96,82,14,14
52730,87,81,6,6
52731,57,63,-6,6
52732,67,66,1,1
52733,84,84,0,0
52734,73,75,-2,2
52735,77,75,2,2
52736,65,65,0,0
52737,34,45,-11,11
52738,103,95,8,8
52739,117,114,3,3
52740,73,66,7,7
52741,121,106,15,15
52742,67,71,-4,4
52743,118,97,21,21
52744,145,132,13,13
52745,83,82,1,1
52746,105,98,7,7
52747,81,71,10,10
52748,92,89,3,3
52749,44,43,1,1
52750,104,97,7,7
52751,45,46,-1,1
52752,96,85,11,11
52753,115,110,5,5
52754,91,93,-2,2
52755,64,74,-10,10
52756,63,61,2,2
52757,83,84,-1,1
52758,126,117,9,9
52759,57,64,-7,7
52760,209,173,36,36
52761,153,124,29,29
52762,57,62,-5,5
52763,70,69,1,1
52764,118,116,2,2
52765,110,104,6,6
52766,63,57,6,6
52767,117,105,12,12
52768,151,116,35,35
52769,135,135,0,0
52770,75,72,3,3
52771,121,106,15,15
52772,142,136,6,6
52773,107,96,11,11
52774,87,84,3,3
52775,83,85,-2,2
52776,54,47,7,7
52777,120,110,10,10
52778,75,79,-4,4
52779,116,105,11,11
52780,80,79,1,1
52781,132,128,4,4
52782,61,68,-7,7
52783,70,76,-6,6
52784,57,48,9,9
52785,137,122,15,15
52786,112,93,19,19
52787,77,79,-2,2
52788,78,77,1,1
52789,94,94,0,0
52790,85,86,-1,1
52791,61,58,3,3
52792,80,79,1,1
52793,116,99,17,17
52794,64,82,-18,18
52795,69,72,-3,3
52796,124,100,24,24
52797,78,68,10,10
52798,109,108,1,1
52799,90,83,7,7
52800,148,134,14,14
52801,64,69,-5,5
52802,59,59,0,0
52803,42,41,1,1
52804,132,116,16,16
52805,132,118,14,14
52806,68,61,7,7
52807,173,161,12,12
52808,73,71,2,2
52809,88,83,5,5
52810,95,89,6,6
52811,56,50,6,6
52812,83,75,8,8
52813,131,122,9,9
52814,65,72,-7,7
52815,77,76,1,1
52816,110,107,3,3
52817,80,103,-23,23
52818,76,70,6,6
52819,73,77,-4,4
52820,66,69,-3,3
52821,149,122,27,27
52822,55,59,-4,4
52823,60,55,5,5
52824,151,136,15,15
52825,112,110,2,2
52826,67,65,2,2
52827,67,82,-15,15
52828,77,82,-5,5
52829,114,112,2,2
52830,123,123,0,0
52831,83,80,3,3
52832,42,55,-13,13
52833,104,105,-1,1
52834,90,86,4,4
52835,107,108,-1,1
52836,153,130,23,23
52837,68,70,-2,2
52838,41,48,-7,7
52839,82,80,2,2
52840,55,59,-4,4
52841,114,96,18,18
52842,92,85,7,7
52843,90,92,-2,2
52844,70,71,-1,1
52845,75,79,-4,4
52846,112,90,22,22
52847,76,80,-4,4
52848,107,81,26,26
52849,96,92,4,4
52850,107,100,7,7
52851,46,48,-2,2
52852,103,105,-2,2
52853,122,110,12,12
52854,117,108,9,9
52855,69,82,-13,13
52856,100,97,3,3
52857,70,62,8,8
52858,96,96,0,0
52859,89,83,6,6
52860,112,109,3,3
52861,93,105,-12,12
52862,104,95,9,9
52863,79,76,3,3
52864,150,130,20,20
52865,145,125,20,20
52866,135,124,11,11
52867,61,61,0,0
52868,75,79,-4,4
52869,63,60,3,3
52870,77,80,-3,3
52871,115,115,0,0
52872,94,86,8,8
52873,60,61,-1,1
52874,99,94,5,5
52875,162,151,11,11
52876,89,89,0,0
52877,84,87,-3,3
52878,90,95,-5,5
52879,132,118,14,14
52880,106,95,11,11
52881,50,47,3,3
52882,66,63,3,3
52883,153,133,20,20
52884,55,56,-1,1
52885,92,83,9,9
52886,113,106,7,7
52887,54,56,-2,2
52888,132,118,14,14
52889,116,98,18,18
52890,88,194,-106,106
52891,127,114,13,13
52892,80,83,-3,3
52893,125,105,20,20
52894,108,93,15,15
52895,104,98,6,6
52896,62,69,-7,7
52897,76,81,-5,5
52898,77,81,-4,4
52899,120,110,10,10
52900,71,75,-4,4
52901,54,69,-15,15
52902,115,113,2,2
52903,138,130,8,8
52904,95,84,11,11
52905,31,41,-10,10
52906,46,41,5,5
52907,147,122,25,25
52908,129,124,5,5
52909,82,70,12,12
52910,81,84,-3,3
52911,62,59,3,3
52912,140,122,18,18
52913,101,95,6,6
52914,120,99,21,21
52915,48,46,2,2
52916,132,119,13,13
52917,164,136,28,28
52918,48,61,-13,13
52919,81,87,-6,6
52920,74,76,-2,2
52921,79,88,-9,9
52922,97,91,6,6
52923,81,85,-4,4
52924,47,54,-7,7
52925,97,99,-2,2
52926,59,66,-7,7
52927,68,63,5,5
52928,67,64,3,3
52929,66,67,-1,1
52930,143,120,23,23
52931,88,85,3,3
52932,96,95,1,1
52933,169,129,40,40
52934,106,91,15,15
52935,106,100,6,6
52936,78,79,-1,1
52937,107,106,1,1
52938,132,129,3,3
52939,88,76,12,12
52940,68,80,-12,12
52941,104,90,14,14
52942,79,80,-1,1
52943,96,84,12,12
52944,159,138,21,21
52945,133,126,7,7
52946,81,83,-2,2
52947,67,75,-8,8
52948,86,88,-2,2
52949,75,73,2,2
52950,106,102,4,4
52951,55,64,-9,9
52952,167,134,33,33
52953,33,35,-2,2
52954,114,115,-1,1
52955,153,122,31,31
52956,76,80,-4,4
52957,74,81,-7,7
52958,152,140,12,12
52959,176,127,49,49
52960,86,80,6,6
52961,191,148,43,43
52962,116,106,10,10
52963,87,82,5,5
52964,133,120,13,13
52965,131,126,5,5
52966,96,93,3,3
52967,113,111,2,2
52968,52,56,-4,4
52969,68,79,-11,11
52970,110,102,8,8
52971,58,58,0,0
52972,104,112,-8,8
52973,93,88,5,5
52974,118,113,5,5
52975,92,90,2,2
52976,77,80,-3,3
52977,43,43,0,0
52978,19,26,-7,7
52979,156,126,30,30
52980,145,130,15,15
52981,85,86,-1,1
52982,85,71,14,14
52983,121,107,14,14
52984,76,74,2,2
52985,137,130,7,7
52986,76,75,1,1
52987,91,82,9,9
52988,93,84,9,9
52989,133,128,5,5
52990,128,113,15,15
52991,106,99,7,7
52992,77,77,0,0
52993,104,95,9,9
52994,82,81,1,1
52995,77,77,0,0
52996,91,97,-6,6
52997,73,94,-21,21
52998,144,125,19,19
52999,103,96,7,7
53000,97,106,-9,9
53001,238,195,43,43
53002,87,80,7,7
53003,135,118,17,17
53004,63,66,-3,3
53005,95,91,4,4
53006,42,42,0,0
53007,69,75,-6,6
53008,98,89,9,9
53009,147,130,17,17
53010,108,104,4,4
53011,52,52,0,0
53012,69,65,4,4
53013,92,76,16,16
53014,129,118,11,11
53015,83,85,-2,2
53016,108,106,2,2
53017,126,121,5,5
53018,84,80,4,4
53019,86,73,13,13
53020,82,97,-15,15
53021,88,86,2,2
53022,101,85,16,16
53023,130,112,18,18
53024,83,84,-1,1
53025,118,119,-1,1
53026,106,99,7,7
53027,108,105,3,3
53028,85,68,17,17
53029,133,113,20,20
53030,77,75,2,2
53031,110,99,11,11
53032,71,81,-10,10
53033,72,78,-6,6
53034,44,48,-4,4
53035,69,63,6,6
53036,106,98,8,8
53037,103,98,5,5
53038,82,75,7,7
53039,119,115,4,4
53040,94,93,1,1
53041,67,66,1,1
53042,81,80,1,1
53043,102,97,5,5
53044,68,63,5,5
53045,154,123,31,31
53046,80,74,6,6
53047,120,106,14,14
53048,59,54,5,5
53049,149,138,11,11
53050,66,71,-5,5
53051,80,69,11,11
53052,61,65,-4,4
53053,40,51,-11,11
53054,80,86,-6,6
53055,54,57,-3,3
53056,90,105,-15,15
53057,107,97,10,10
53058,62,63,-1,1
53059,157,149,8,8
53060,113,100,13,13
53061,107,108,-1,1
53062,87,71,16,16
53063,90,84,6,6
53064,155,129,26,26
53065,37,49,-12,12
53066,66,69,-3,3
53067,92,92,0,0
53068,74,71,3,3
53069,38,41,-3,3
53070,83,73,10,10
53071,90,95,-5,5
53072,262,273,-11,11
53073,83,83,0,0
53074,65,61,4,4
53075,84,78,6,6
53076,50,50,0,0
53077,95,98,-3,3
53078,80,82,-2,2
53079,135,116,19,19
53080,75,71,4,4
53081,79,82,-3,3
53082,179,155,24,24
53083,119,111,8,8
53084,89,75,14,14
53085,58,65,-7,7
53086,98,100,-2,2
53087,58,59,-1,1
53088,62,63,-1,1
53089,65,67,-2,2
53090,90,83,7,7
53091,134,116,18,18
53092,61,68,-7,7
53093,142,128,14,14
53094,71,74,-3,3
53095,147,115,32,32
53096,122,113,9,9
53097,151,128,23,23
53098,105,99,6,6
53099,56,59,-3,3
53100,124,118,6,6
53101,140,132,8,8
53102,107,98,9,9
53103,103,102,1,1
53104,98,87,11,11
53105,63,55,8,8
53106,51,58,-7,7
53107,81,76,5,5
53108,65,71,-6,6
53109,150,132,18,18
53110,134,120,14,14
53111,46,41,5,5
53112,120,104,16,16
53113,80,81,-1,1
53114,93,87,6,6
53115,176,141,35,35
53116,115,115,0,0
53117,128,119,9,9
53118,143,123,20,20
53119,55,58,-3,3
53120,85,75,10,10
53121,102,90,12,12
53122,54,56,-2,2
53123,151,115,36,36
53124,83,76,7,7
53125,47,49,-2,2
53126,80,79,1,1
53127,126,107,19,19
53128,105,103,2,2
53129,103,106,-3,3
53130,70,76,-6,6
53131,64,60,4,4
53132,116,106,10,10
53133,124,123,1,1
53134,89,84,5,5
53135,73,76,-3,3
53136,131,126,5,5
53137,120,104,16,16
53138,102,93,9,9
53139,88,80,8,8
53140,82,79,3,3
53141,88,83,5,5
53142,135,105,30,30
53143,119,106,13,13
53144,67,71,-4,4
53145,55,55,0,0
53146,170,149,21,21
53147,125,122,3,3
53148,132,106,26,26
53149,146,132,14,14
53150,83,80,3,3
53151,85,80,5,5
53152,101,95,6,6
53153,84,83,1,1
53154,135,119,16,16
53155,54,52,2,2
53156,74,61,13,13
53157,72,74,-2,2
53158,112,89,23,23
53159,137,129,8,8
53160,82,72,10,10
53161,121,102,19,19
53162,83,82,1,1
53163,112,113,-1,1
53164,66,59,7,7
53165,90,81,9,9
53166,111,111,0,0
53167,70,76,-6,6
53168,98,98,0,0
53169,101,93,8,8
53170,108,94,14,14
53171,77,77,0,0
53172,94,95,-1,1
53173,77,80,-3,3
53174,52,65,-13,13
53175,114,109,5,5
53176,79,81,-2,2
53177,43,56,-13,13
53178,110,94,16,16
53179,51,48,3,3
53180,81,81,0,0
53181,122,108,14,14
53182,128,114,14,14
53183,92,100,-8,8
53184,111,102,9,9
53185,106,94,12,12
53186,56,59,-3,3
53187,137,115,22,22
53188,75,69,6,6
53189,71,71,0,0
53190,67,68,-1,1
53191,89,86,3,3
53192,96,92,4,4
53193,106,102,4,4
53194,71,70,1,1
53195,128,108,20,20
53196,63,69,-6,6
53197,82,75,7,7
53198,67,70,-3,3
53199,80,80,0,0
53200,124,110,14,14
53201,117,105,12,12
53202,115,115,0,0
53203,107,103,4,4
53204,65,68,-3,3
53205,119,110,9,9
53206,88,92,-4,4
53207,53,58,-5,5
53208,156,133,23,23
53209,71,71,0,0
53210,89,84,5,5
53211,88,81,7,7
53212,113,100,13,13
53213,43,48,-5,5
53214,106,103,3,3
53215,85,85,0,0
53216,108,121,-13,13
53217,70,59,11,11
53218,163,137,26,26
53219,102,99,3,3
53220,74,71,3,3
53221,60,61,-1,1
53222,107,98,9,9
53223,59,83,-24,24
53224,90,72,18,18
53225,134,118,16,16
53226,159,137,22,22
53227,99,86,13,13
53228,75,75,0,0
53229,62,57,5,5
53230,93,90,3,3
53231,101,96,5,5
53232,61,66,-5,5
53233,88,74,14,14
53234,99,100,-1,1
53235,45,49,-4,4
53236,65,70,-5,5
53237,120,104,16,16
53238,85,82,3,3
53239,76,80,-4,4
53240,111,96,15,15
53241,75,75,0,0
53242,96,94,2,2
53243,134,110,24,24
53244,62,55,7,7
53245,69,63,6,6
53246,95,92,3,3
53247,93,84,9,9
53248,73,78,-5,5
53249,89,76,13,13
53250,59,54,5,5
53251,73,69,4,4
53252,115,112,3,3
53253,86,82,4,4
53254,141,142,-1,1
53255,109,120,-11,11
53256,112,95,17,17
53257,74,75,-1,1
53258,57,60,-3,3
53259,61,64,-3,3
53260,104,98,6,6
53261,111,92,19,19
53262,80,81,-1,1
53263,107,98,9,9
53264,43,43,0,0
53265,71,77,-6,6
53266,54,58,-4,4
53267,74,80,-6,6
53268,77,72,5,5
53269,86,93,-7,7
53270,65,68,-3,3
53271,103,90,13,13
53272,67,71,-4,4
53273,77,69,8,8
53274,53,59,-6,6
53275,128,103,25,25
53276,75,74,1,1
53277,111,123,-12,12
53278,94,90,4,4
53279,93,88,5,5
53280,131,112,19,19
53281,61,87,-26,26
53282,69,67,2,2
53283,70,62,8,8
53284,50,54,-4,4
53285,69,66,3,3
53286,101,89,12,12
53287,86,76,10,10
53288,98,94,4,4
53289,140,98,42,42
53290,88,87,1,1
53291,51,53,-2,2
53292,72,73,-1,1
53293,109,106,3,3
53294,67,75,-8,8
53295,114,101,13,13
53296,98,88,10,10
53297,98,102,-4,4
53298,107,107,0,0
53299,133,130,3,3
53300,161,147,14,14
53301,161,125,36,36
53302,125,111,14,14
53303,90,87,3,3
53304,112,106,6,6
53305,61,61,0,0
53306,186,166,20,20
53307,102,103,-1,1
53308,273,236,37,37
53309,125,120,5,5
53310,124,122,2,2
53311,115,104,11,11
53312,86,83,3,3
53313,67,70,-3,3
53314,90,90,0,0
53315,146,127,19,19
53316,64,67,-3,3
53317,78,77,1,1
53318,73,70,3,3
53319,132,117,15,15
53320,78,76,2,2
53321,108,106,2,2
53322,72,69,3,3
53323,112,114,-2,2
53324,110,101,9,9
53325,157,134,23,23
53326,87,81,6,6
53327,63,61,2,2
53328,47,48,-1,1
53329,55,62,-7,7
53330,57,57,0,0
53331,77,80,-3,3
53332,73,69,4,4
53333,52,55,-3,3
53334,60,77,-17,17
53335,171,166,5,5
53336,153,133,20,20
53337,128,117,11,11
53338,101,96,5,5
53339,58,59,-1,1
53340,67,65,2,2
53341,58,64,-6,6
53342,69,68,1,1
53343,198,154,44,44
53344,85,79,6,6
53345,96,82,14,14
53346,68,91,-23,23
53347,80,75,5,5
53348,56,64,-8,8
53349,67,68,-1,1
53350,57,58,-1,1
53351,39,39,0,0
53352,81,86,-5,5
53353,117,106,11,11
53354,104,99,5,5
53355,105,100,5,5
53356,83,80,3,3
53357,135,119,16,16
53358,76,69,7,7
53359,122,106,16,16
53360,78,79,-1,1
53361,37,39,-2,2
53362,134,112,22,22
53363,71,68,3,3
53364,119,105,14,14
53365,23,31,-8,8
53366,145,128,17,17
53367,99,94,5,5
53368,70,77,-7,7
53369,41,60,-19,19
53370,82,87,-5,5
53371,102,90,12,12
53372,64,62,2,2
53373,60,60,0,0
53374,157,136,21,21
53375,144,119,25,25
53376,107,104,3,3
53377,108,111,-3,3
53378,79,80,-1,1
53379,77,83,-6,6
53380,102,94,8,8
53381,62,64,-2,2
53382,87,90,-3,3
53383,156,130,26,26
53384,59,59,0,0
53385,54,60,-6,6
53386,114,108,6,6
53387,87,97,-10,10
53388,132,121,11,11
53389,135,121,14,14
53390,126,101,25,25
53391,105,103,2,2
53392,95,97,-2,2
53393,101,95,6,6
53394,51,60,-9,9
53395,63,70,-7,7
53396,149,133,16,16
53397,72,63,9,9
53398,147,128,19,19
53399,67,64,3,3
53400,106,105,1,1
53401,98,99,-1,1
53402,100,89,11,11
53403,93,96,-3,3
53404,69,72,-3,3
53405,116,121,-5,5
53406,88,81,7,7
53407,114,127,-13,13
53408,53,56,-3,3
53409,55,58,-3,3
53410,86,88,-2,2
53411,110,96,14,14
53412,82,79,3,3
53413,87,80,7,7
53414,60,59,1,1
53415,59,59,0,0
53416,72,64,8,8
53417,99,87,12,12
53418,111,92,19,19
53419,105,102,3,3
53420,110,101,9,9
53421,56,58,-2,2
53422,126,124,2,2
53423,75,80,-5,5
53424,56,57,-1,1
53425,119,125,-6,6
53426,98,91,7,7
53427,171,155,16,16
53428,169,133,36,36
53429,126,120,6,6
53430,194,154,40,40
53431,112,100,12,12
53432,73,71,2,2
53433,106,101,5,5
53434,101,84,17,17
53435,119,101,18,18
53436,96,82,14,14
53437,58,60,-2,2
53438,89,90,-1,1
53439,78,85,-7,7
53440,85,83,2,2
53441,87,85,2,2
53442,70,79,-9,9
53443,50,57,-7,7
53444,51,52,-1,1
53445,91,83,8,8
53446,79,80,-1,1
53447,98,94,4,4
53448,117,114,3,3
53449,94,96,-2,2
53450,141,125,16,16
53451,133,127,6,6
53452,48,55,-7,7
53453,121,113,8,8
53454,90,89,1,1
53455,50,61,-11,11
53456,69,76,-7,7
53457,90,99,-9,9
53458,83,81,2,2
53459,89,98,-9,9
53460,84,82,2,2
53461,72,65,7,7
53462,65,70,-5,5
53463,93,86,7,7
53464,70,69,1,1
53465,68,70,-2,2
53466,128,127,1,1
53467,102,82,20,20
53468,111,107,4,4
53469,54,55,-1,1
53470,94,98,-4,4
53471,102,93,9,9
53472,104,93,11,11
53473,90,88,2,2
53474,96,95,1,1
53475,119,123,-4,4
53476,80,83,-3,3
53477,77,76,1,1
53478,228,234,-6,6
53479,134,107,27,27
53480,140,141,-1,1
53481,47,50,-3,3
53482,113,102,11,11
53483,58,57,1,1
53484,34,39,-5,5
53485,46,43,3,3
53486,68,60,8,8
53487,68,72,-4,4
53488,43,49,-6,6
53489,74,80,-6,6
53490,88,91,-3,3
53491,130,129,1,1
53492,112,88,24,24
53493,91,82,9,9
53494,70,73,-3,3
53495,137,118,19,19
53496,67,62,5,5
53497,90,80,10,10
53498,137,114,23,23
53499,83,87,-4,4
53500,105,108,-3,3
53501,78,80,-2,2
53502,93,75,18,18
53503,88,80,8,8
53504,65,64,1,1
53505,105,92,13,13
53506,131,128,3,3
53507,52,48,4,4
53508,48,50,-2,2
53509,127,124,3,3
53510,70,81,-11,11
53511,62,59,3,3
53512,119,110,9,9
53513,75,75,0,0
53514,90,80,10,10
53515,60,70,-10,10
53516,133,115,18,18
53517,86,80,6,6
53518,77,82,-5,5
53519,81,80,1,1
53520,98,94,4,4
53521,101,98,3,3
53522,70,72,-2,2
53523,86,75,11,11
53524,111,109,2,2
53525,99,88,11,11
53526,62,65,-3,3
53527,111,107,4,4
53528,57,60,-3,3
53529,93,88,5,5
53530,77,79,-2,2
53531,122,110,12,12
53532,96,94,2,2
53533,52,57,-5,5
53534,66,60,6,6
53535,102,95,7,7
53536,79,92,-13,13
53537,83,88,-5,5
53538,90,88,2,2
53539,117,104,13,13
53540,87,86,1,1
53541,127,109,18,18
53542,50,58,-8,8
53543,62,65,-3,3
53544,63,74,-11,11
53545,80,73,7,7
53546,111,120,-9,9
53547,53,41,12,12
53548,105,99,6,6
53549,97,86,11,11
53550,48,46,2,2
53551,66,70,-4,4
53552,113,106,7,7
53553,142,125,17,17
53554,42,41,1,1
53555,55,54,1,1
53556,111,94,17,17
53557,89,81,8,8
53558,76,87,-11,11
53559,126,108,18,18
53560,103,97,6,6
53561,53,56,-3,3
53562,90,86,4,4
53563,66,58,8,8
53564,60,69,-9,9
53565,49,59,-10,10
53566,230,176,54,54
53567,64,56,8,8
53568,104,99,5,5
53569,82,81,1,1
53570,157,138,19,19
53571,53,54,-1,1
53572,93,92,1,1
53573,76,71,5,5
53574,61,69,-8,8
53575,100,85,15,15
53576,52,58,-6,6
53577,69,69,0,0
53578,117,108,9,9
53579,124,110,14,14
53580,100,100,0,0
53581,149,117,32,32
53582,99,95,4,4
53583,120,102,18,18
53584,79,83,-4,4
53585,177,159,18,18
53586,62,64,-2,2
53587,99,90,9,9
53588,157,133,24,24
53589,117,111,6,6
53590,98,86,12,12
53591,68,66,2,2
53592,85,80,5,5
53593,91,94,-3,3
53594,106,93,13,13
53595,129,117,12,12
53596,134,113,21,21
53597,85,83,2,2
53598,122,117,5,5
53599,89,85,4,4
53600,46,50,-4,4
53601,91,92,-1,1
53602,136,126,10,10
53603,52,52,0,0
53604,98,99,-1,1
53605,98,87,11,11
53606,129,115,14,14
53607,49,47,2,2
53608,75,72,3,3
53609,70,74,-4,4
53610,102,94,8,8
53611,114,108,6,6
53612,31,41,-10,10
53613,120,109,11,11
53614,108,98,10,10
53615,84,84,0,0
53616,61,65,-4,4
53617,150,138,12,12
53618,52,85,-33,33
53619,44,51,-7,7
53620,71,78,-7,7
53621,62,67,-5,5
53622,74,75,-1,1
53623,100,94,6,6
53624,83,85,-2,2
53625,82,81,1,1
53626,149,123,26,26
53627,113,114,-1,1
53628,99,87,12,12
53629,94,93,1,1
53630,77,81,-4,4
53631,116,119,-3,3
53632,154,142,12,12
53633,84,85,-1,1
53634,116,94,22,22
53635,169,148,21,21
53636,126,111,15,15
53637,31,38,-7,7
53638,84,82,2,2
53639,81,79,2,2
53640,109,99,10,10
53641,96,93,3,3
53642,78,77,1,1
53643,100,96,4,4
53644,101,92,9,9
53645,63,71,-8,8
53646,118,109,9,9
53647,119,103,16,16
53648,70,64,6,6
53649,82,77,5,5
53650,57,55,2,2
53651,89,88,1,1
53652,124,109,15,15
53653,67,68,-1,1
53654,87,79,8,8
53655,115,101,14,14
53656,76,70,6,6
53657,63,69,-6,6
53658,105,95,10,10
53659,77,75,2,2
53660,124,121,3,3
53661,84,78,6,6
53662,52,49,3,3
53663,55,59,-4,4
53664,120,105,15,15
53665,206,163,43,43
53666,67,72,-5,5
53667,93,92,1,1
53668,67,67,0,0
53669,71,67,4,4
53670,87,79,8,8
53671,72,68,4,4
53672,108,100,8,8
53673,116,102,14,14
53674,62,59,3,3
53675,61,70,-9,9
53676,57,59,-2,2
53677,100,90,10,10
53678,78,72,6,6
53679,93,92,1,1
53680,102,100,2,2
53681,187,166,21,21
53682,88,76,12,12
53683,100,98,2,2
53684,169,148,21,21
53685,160,151,9,9
53686,142,127,15,15
53687,146,132,14,14
53688,81,82,-1,1
53689,41,46,-5,5
53690,111,89,22,22
53691,124,107,17,17
53692,114,110,4,4
53693,133,126,7,7
53694,88,79,9,9
53695,90,81,9,9
53696,76,74,2,2
53697,83,91,-8,8
53698,130,114,16,16
53699,48,59,-11,11
53700,85,93,-8,8
53701,77,75,2,2
53702,130,121,9,9
53703,118,100,18,18
53704,106,98,8,8
53705,67,71,-4,4
53706,111,104,7,7
53707,94,86,8,8
53708,69,70,-1,1
53709,76,88,-12,12
53710,96,87,9,9
53711,84,78,6,6
53712,144,108,36,36
53713,66,77,-11,11
53714,86,82,4,4
53715,56,62,-6,6
53716,103,105,-2,2
53717,154,134,20,20
53718,80,72,8,8
53719,89,87,2,2
53720,63,71,-8,8
53721,90,91,-1,1
53722,102,82,20,20
53723,132,123,9,9
53724,103,98,5,5
53725,138,121,17,17
53726,107,96,11,11
53727,84,84,0,0
53728,158,131,27,27
53729,143,131,12,12
53730,83,85,-2,2
53731,101,89,12,12
53732,42,52,-10,10
53733,156,131,25,25
53734,96,97,-1,1
53735,124,123,1,1
53736,91,89,2,2
53737,139,123,16,16
53738,80,74,6,6
53739,95,89,6,6
53740,95,86,9,9
53741,83,85,-2,2
53742,88,88,0,0
53743,120,115,5,5
53744,79,80,-1,1
53745,114,100,14,14
53746,54,58,-4,4
53747,72,76,-4,4
53748,122,104,18,18
53749,125,115,10,10
53750,100,93,7,7
53751,90,95,-5,5
53752,92,84,8,8
53753,85,79,6,6
53754,115,106,9,9
53755,76,69,7,7
53756,94,100,-6,6
53757,128,106,22,22
53758,49,83,-34,34
53759,134,116,18,18
53760,114,105,9,9
53761,75,72,3,3
53762,71,69,2,2
53763,131,118,13,13
53764,110,99,11,11
53765,113,100,13,13
53766,79,85,-6,6
53767,90,94,-4,4
53768,112,94,18,18
53769,92,87,5,5
53770,141,121,20,20
53771,46,51,-5,5
53772,103,96,7,7
53773,124,118,6,6
53774,98,90,8,8
53775,106,89,17,17
53776,95,82,13,13
53777,50,52,-2,2
53778,98,88,10,10
53779,127,115,12,12
53780,147,134,13,13
53781,136,119,17,17
53782,68,68,0,0
53783,133,117,16,16
53784,112,105,7,7
53785,73,69,4,4
53786,104,100,4,4
53787,118,105,13,13
53788,84,89,-5,5
53789,66,67,-1,1
53790,74,71,3,3
53791,71,61,10,10
53792,122,110,12,12
53793,88,84,4,4
53794,90,91,-1,1
53795,44,49,-5,5
53796,68,82,-14,14
53797,72,77,-5,5
53798,141,126,15,15
53799,84,102,-18,18
53800,120,105,15,15
53801,46,43,3,3
53802,59,58,1,1
53803,136,122,14,14
53804,47,47,0,0
53805,57,60,-3,3
53806,64,78,-14,14
53807,114,93,21,21
53808,75,69,6,6
53809,72,74,-2,2
53810,58,55,3,3
53811,70,69,1,1
53812,146,128,18,18
53813,83,95,-12,12
53814,116,124,-8,8
53815,143,129,14,14
53816,118,100,18,18
53817,200,158,42,42
53818,116,98,18,18
53819,124,106,18,18
53820,142,134,8,8
53821,184,145,39,39
53822,137,118,19,19
53823,76,79,-3,3
53824,96,88,8,8
53825,52,56,-4,4
53826,91,80,11,11
53827,55,56,-1,1
53828,95,84,11,11
53829,59,62,-3,3
53830,145,132,13,13
53831,84,70,14,14
53832,112,107,5,5
53833,63,74,-11,11
53834,60,62,-2,2
53835,134,121,13,13
53836,88,80,8,8
53837,72,73,-1,1
53838,107,109,-2,2
53839,74,74,0,0
53840,94,80,14,14
53841,84,77,7,7
53842,55,79,-24,24
53843,30,30,0,0
53844,31,42,-11,11
53845,77,81,-4,4
53846,74,72,2,2
53847,99,81,18,18
53848,148,131,17,17
53849,70,75,-5,5
53850,86,80,6,6
53851,124,129,-5,5
53852,144,131,13,13
53853,77,70,7,7
53854,117,104,13,13
53855,78,71,7,7
53856,53,63,-10,10
53857,105,96,9,9
53858,79,66,13,13
53859,127,112,15,15
53860,94,83,11,11
53861,159,145,14,14
53862,90,84,6,6
53863,71,71,0,0
53864,156,133,23,23
53865,140,124,16,16
53866,57,45,12,12
53867,91,88,3,3
53868,61,59,2,2
53869,91,91,0,0
53870,54,57,-3,3
53871,78,74,4,4
53872,133,109,24,24
53873,121,104,17,17
53874,151,134,17,17
53875,119,107,12,12
53876,76,101,-25,25
53877,98,90,8,8
53878,97,92,5,5
53879,41,45,-4,4
53880,149,147,2,2
53881,119,110,9,9
53882,80,80,0,0
53883,67,63,4,4
53884,70,76,-6,6
53885,120,103,17,17
53886,125,115,10,10
53887,76,75,1,1
53888,77,80,-3,3
53889,89,89,0,0
53890,63,58,5,5
53891,163,143,20,20
53892,51,45,6,6
53893,68,64,4,4
53894,131,122,9,9
53895,109,105,4,4
53896,61,56,5,5
53897,118,120,-2,2
53898,103,97,6,6
53899,137,111,26,26
53900,93,87,6,6
53901,116,95,21,21
53902,61,67,-6,6
53903,80,81,-1,1
53904,88,84,4,4
53905,121,119,2,2
53906,63,64,-1,1
53907,150,129,21,21
53908,130,114,16,16
53909,112,103,9,9
53910,48,56,-8,8
53911,159,144,15,15
53912,75,71,4,4
53913,66,71,-5,5
53914,75,76,-1,1
53915,70,68,2,2
53916,80,76,4,4
53917,95,93,2,2
53918,57,52,5,5
53919,79,72,7,7
53920,69,65,4,4
53921,60,67,-7,7
53922,115,100,15,15
53923,121,93,28,28
53924,71,62,9,9
53925,88,80,8,8
53926,97,91,6,6
53927,56,63,-7,7
53928,107,92,15,15
53929,35,38,-3,3
53930,112,106,6,6
53931,74,80,-6,6
53932,80,78,2,2
53933,89,92,-3,3
53934,81,85,-4,4
53935,142,127,15,15
53936,109,108,1,1
53937,118,94,24,24
53938,93,85,8,8
53939,127,116,11,11
53940,84,83,1,1
53941,135,123,12,12
53942,128,118,10,10
53943,88,81,7,7
53944,77,81,-4,4
53945,73,80,-7,7
53946,92,81,11,11
53947,163,148,15,15
53948,117,102,15,15
53949,186,163,23,23
53950,118,114,4,4
53951,79,68,11,11
53952,81,82,-1,1
53953,114,119,-5,5
53954,83,80,3,3
53955,89,78,11,11
53956,139,130,9,9
53957,85,82,3,3
53958,52,57,-5,5
53959,112,96,16,16
53960,79,80,-1,1
53961,90,84,6,6
53962,102,95,7,7
53963,86,85,1,1
53964,83,80,3,3
53965,149,127,22,22
53966,50,57,-7,7
53967,73,71,2,2
53968,66,64,2,2
53969,106,101,5,5
53970,78,70,8,8
53971,85,83,2,2
53972,97,105,-8,8
53973,50,47,3,3
53974,126,127,-1,1
53975,83,86,-3,3
53976,98,91,7,7
53977,75,73,2,2
53978,93,87,6,6
53979,143,122,21,21
53980,142,116,26,26
53981,55,64,-9,9
53982,68,67,1,1
53983,61,59,2,2
53984,68,65,3,3
53985,119,96,23,23
53986,85,81,4,4
53987,56,54,2,2
53988,105,108,-3,3
53989,74,74,0,0
53990,61,59,2,2
53991,125,116,9,9
53992,49,50,-1,1
53993,117,116,1,1
53994,109,107,2,2
53995,108,114,-6,6
53996,153,148,5,5
53997,59,55,4,4
53998,173,148,25,25
53999,90,85,5,5
54000,102,97,5,5
54001,53,58,-5,5
54002,91,93,-2,2
54003,162,117,45,45
54004,129,117,12,12
54005,110,103,7,7
54006,80,72,8,8
54007,94,82,12,12
54008,107,97,10,10
54009,57,62,-5,5
54010,109,105,4,4
54011,73,73,0,0
54012,229,185,44,44
54013,170,151,19,19
54014,70,63,7,7
54015,104,102,2,2
54016,83,80,3,3
54017,101,91,10,10
54018,86,86,0,0
54019,108,104,4,4
54020,96,94,2,2
54021,80,81,-1,1
54022,68,69,-1,1
54023,91,81,10,10
54024,112,106,6,6
54025,122,108,14,14
54026,132,116,16,16
54027,96,92,4,4
54028,81,85,-4,4
54029,80,90,-10,10
54030,101,91,10,10
54031,117,109,8,8
54032,100,91,9,9
54033,83,90,-7,7
54034,93,87,6,6
54035,103,97,6,6
54036,48,65,-17,17
54037,110,98,12,12
54038,128,109,19,19
54039,37,38,-1,1
54040,110,107,3,3
54041,94,91,3,3
54042,127,127,0,0
54043,70,66,4,4
54044,112,101,11,11
54045,189,174,15,15
54046,95,98,-3,3
54047,123,118,5,5
54048,152,137,15,15
54049,85,81,4,4
54050,60,65,-5,5
54051,74,67,7,7
54052,89,88,1,1
54053,97,92,5,5
54054,159,132,27,27
54055,90,85,5,5
54056,76,76,0,0
54057,83,90,-7,7
54058,71,80,-9,9
54059,105,90,15,15
54060,102,97,5,5
54061,161,132,29,29
54062,123,101,22,22
54063,85,81,4,4
54064,41,45,-4,4
54065,165,141,24,24
54066,60,87,-27,27
54067,123,118,5,5
54068,59,57,2,2
54069,51,49,2,2
54070,160,145,15,15
54071,134,134,0,0
54072,87,90,-3,3
54073,91,89,2,2
54074,52,58,-6,6
54075,111,99,12,12
54076,139,132,7,7
54077,65,71,-6,6
54078,96,88,8,8
54079,92,84,8,8
54080,77,83,-6,6
54081,106,107,-1,1
54082,194,168,26,26
54083,127,113,14,14
54084,121,99,22,22
54085,140,135,5,5
54086,129,119,10,10
54087,59,63,-4,4
54088,82,85,-3,3
54089,59,62,-3,3
54090,98,89,9,9
54091,214,170,44,44
54092,107,101,6,6
54093,122,115,7,7
54094,75,71,4,4
54095,52,52,0,0
54096,129,113,16,16
54097,59,60,-1,1
54098,64,63,1,1
54099,144,118,26,26
54100,99,96,3,3
54101,156,132,24,24
54102,173,153,20,20
54103,82,80,2,2
54104,145,118,27,27
54105,105,92,13,13
54106,102,103,-1,1
54107,69,69,0,0
54108,51,54,-3,3
54109,44,47,-3,3
54110,30,36,-6,6
54111,118,101,17,17
54112,85,78,7,7
54113,70,70,0,0
54114,61,74,-13,13
54115,69,66,3,3
54116,81,79,2,2
54117,68,63,5,5
54118,149,131,18,18
54119,47,61,-14,14
54120,53,60,-7,7
54121,143,129,14,14
54122,91,94,-3,3
54123,93,91,2,2
54124,45,51,-6,6
54125,122,113,9,9
54126,112,99,13,13
54127,165,131,34,34
54128,57,62,-5,5
54129,101,101,0,0
54130,54,58,-4,4
54131,55,57,-2,2
54132,74,69,5,5
54133,95,91,4,4
54134,58,83,-25,25
54135,114,116,-2,2
54136,73,86,-13,13
54137,81,76,5,5
54138,63,58,5,5
54139,139,136,3,3
54140,96,89,7,7
54141,111,100,11,11
54142,157,133,24,24
54143,167,152,15,15
54144,166,131,35,35
54145,115,111,4,4
54146,80,73,7,7
54147,166,128,38,38
54148,89,83,6,6
54149,69,63,6,6
54150,34,45,-11,11
54151,92,88,4,4
54152,81,83,-2,2
54153,131,122,9,9
54154,65,69,-4,4
54155,107,100,7,7
54156,61,65,-4,4
54157,77,82,-5,5
54158,92,90,2,2
54159,175,160,15,15
54160,154,141,13,13
54161,101,99,2,2
54162,96,87,9,9
54163,82,79,3,3
54164,72,69,3,3
54165,60,63,-3,3
54166,137,115,22,22
54167,44,50,-6,6
54168,77,70,7,7
54169,111,102,9,9
54170,41,53,-12,12
54171,119,102,17,17
54172,83,82,1,1
54173,108,97,11,11
54174,128,104,24,24
54175,76,87,-11,11
54176,41,51,-10,10
54177,79,80,-1,1
54178,175,153,22,22
54179,115,98,17,17
54180,87,89,-2,2
54181,136,113,23,23
54182,76,74,2,2
54183,107,110,-3,3
54184,86,92,-6,6
54185,118,101,17,17
54186,98,88,10,10
54187,73,70,3,3
54188,176,148,28,28
54189,110,94,16,16
54190,73,69,4,4
54191,73,74,-1,1
54192,109,107,2,2
54193,96,97,-1,1
54194,128,111,17,17
54195,65,63,2,2
54196,81,83,-2,2
54197,76,73,3,3
54198,81,84,-3,3
54199,55,50,5,5
54200,93,90,3,3
54201,138,129,9,9
54202,127,111,16,16
54203,110,89,21,21
54204,97,87,10,10
54205,106,103,3,3
54206,70,72,-2,2
54207,84,96,-12,12
54208,103,93,10,10
54209,109,95,14,14
54210,82,78,4,4
54211,82,81,1,1
54212,75,70,5,5
54213,96,89,7,7
54214,74,74,0,0
54215,50,52,-2,2
54216,80,73,7,7
54217,129,128,1,1
54218,127,121,6,6
54219,101,107,-6,6
54220,94,87,7,7
54221,80,80,0,0
54222,51,50,1,1
54223,98,91,7,7
54224,93,91,2,2
54225,138,130,8,8
54226,127,109,18,18
54227,115,104,11,11
54228,57,61,-4,4
54229,62,64,-2,2
54230,125,117,8,8
54231,74,80,-6,6
54232,104,93,11,11
54233,112,106,6,6
54234,101,93,8,8
54235,81,69,12,12
54236,58,63,-5,5
54237,98,82,16,16
54238,60,57,3,3
54239,60,62,-2,2
54240,119,102,17,17
54241,92,84,8,8
54242,79,82,-3,3
54243,72,71,1,1
54244,59,64,-5,5
54245,53,55,-2,2
54246,133,118,15,15
54247,81,86,-5,5
54248,167,143,24,24
54249,110,98,12,12
54250,62,62,0,0
54251,77,73,4,4
54252,81,91,-10,10
54253,108,87,21,21
54254,107,93,14,14
54255,56,58,-2,2
54256,74,72,2,2
54257,55,69,-14,14
54258,41,43,-2,2
54259,95,86,9,9
54260,80,81,-1,1
54261,107,102,5,5
54262,89,87,2,2
54263,69,66,3,3
54264,89,81,8,8
54265,125,107,18,18
54266,139,127,12,12
54267,63,64,-1,1
54268,79,84,-5,5
54269,111,112,-1,1
54270,80,81,-1,1
54271,89,93,-4,4
54272,65,58,7,7
54273,139,120,19,19
54274,105,96,9,9
54275,59,57,2,2
54276,108,93,15,15
54277,71,73,-2,2
54278,57,68,-11,11
54279,65,66,-1,1
54280,66,62,4,4
54281,171,153,18,18
54282,69,86,-17,17
54283,137,116,21,21
54284,62,66,-4,4
54285,92,87,5,5
54286,87,76,11,11
54287,131,117,14,14
54288,160,152,8,8
54289,78,82,-4,4
54290,82,88,-6,6
54291,152,151,1,1
54292,34,38,-4,4
54293,80,85,-5,5
54294,201,177,24,24
54295,89,85,4,4
54296,88,89,-1,1
54297,137,121,16,16
54298,58,60,-2,2
54299,87,96,-9,9
54300,106,99,7,7
54301,67,68,-1,1
54302,57,52,5,5
54303,83,76,7,7
54304,105,90,15,15
54305,187,146,41,41
54306,92,86,6,6
54307,43,44,-1,1
54308,130,122,8,8
54309,103,91,12,12
54310,79,80,-1,1
54311,176,152,24,24
54312,120,106,14,14
54313,75,74,1,1
54314,75,71,4,4
54315,77,71,6,6
54316,87,82,5,5
54317,49,59,-10,10
54318,164,130,34,34
54319,142,121,21,21
54320,136,121,15,15
54321,51,56,-5,5
54322,79,79,0,0
54323,173,152,21,21
54324,118,107,11,11
54325,75,72,3,3
54326,87,90,-3,3
54327,66,63,3,3
54328,67,68,-1,1
54329,124,110,14,14
54330,62,64,-2,2
54331,88,89,-1,1
54332,87,84,3,3
54333,125,120,5,5
54334,107,83,24,24
54335,65,62,3,3
54336,50,57,-7,7
54337,80,71,9,9
54338,166,146,20,20
54339,142,124,18,18
54340,171,150,21,21
54341,57,58,-1,1
54342,87,85,2,2
54343,106,94,12,12
54344,95,94,1,1
54345,108,94,14,14
54346,105,93,12,12
54347,112,102,10,10
54348,101,84,17,17
54349,89,84,5,5
54350,49,57,-8,8
54351,84,80,4,4
54352,101,97,4,4
54353,66,65,1,1
54354,83,79,4,4
54355,58,60,-2,2
54356,85,86,-1,1
54357,91,103,-12,12
54358,53,67,-14,14
54359,94,90,4,4
54360,97,83,14,14
54361,76,74,2,2
54362,45,58,-13,13
54363,49,49,0,0
54364,150,137,13,13
54365,104,94,10,10
54366,111,109,2,2
54367,68,63,5,5
54368,93,95,-2,2
54369,100,99,1,1
54370,107,101,6,6
54371,121,115,6,6
54372,60,69,-9,9
54373,134,123,11,11
54374,127,114,13,13
54375,76,79,-3,3
54376,122,103,19,19
54377,71,65,6,6
54378,73,86,-13,13
54379,74,70,4,4
54380,133,121,12,12
54381,78,72,6,6
54382,60,74,-14,14
54383,112,117,-5,5
54384,87,86,1,1
54385,105,93,12,12
54386,62,65,-3,3
54387,76,71,5,5
54388,124,108,16,16
54389,108,106,2,2
54390,63,61,2,2
54391,192,161,31,31
54392,63,74,-11,11
54393,94,93,1,1
54394,76,92,-16,16
54395,153,138,15,15
54396,145,129,16,16
54397,118,116,2,2
54398,144,136,8,8
54399,80,83,-3,3
54400,81,77,4,4
54401,167,132,35,35
54402,112,88,24,24
54403,87,91,-4,4
54404,114,85,29,29
54405,96,95,1,1
54406,72,72,0,0
54407,148,139,9,9
54408,105,101,4,4
54409,138,135,3,3
54410,80,82,-2,2
54411,79,87,-8,8
54412,92,86,6,6
54413,104,98,6,6
54414,60,72,-12,12
54415,179,148,31,31
54416,86,81,5,5
54417,32,51,-19,19
54418,134,106,28,28
54419,71,70,1,1
54420,93,90,3,3
54421,112,102,10,10
54422,117,108,9,9
54423,112,103,9,9
54424,83,82,1,1
54425,111,107,4,4
54426,143,129,14,14
54427,84,96,-12,12
54428,58,63,-5,5
54429,78,79,-1,1
54430,116,100,16,16
54431,120,103,17,17
54432,102,88,14,14
54433,155,91,64,64
54434,106,101,5,5
54435,79,70,9,9
54436,111,109,2,2
54437,72,71,1,1
54438,59,59,0,0
54439,139,134,5,5
54440,119,104,15,15
54441,100,93,7,7
54442,59,71,-12,12
54443,67,72,-5,5
54444,149,137,12,12
54445,74,71,3,3
54446,96,94,2,2
54447,196,178,18,18
54448,144,133,11,11
54449,101,88,13,13
54450,80,91,-11,11
54451,76,86,-10,10
54452,96,94,2,2
54453,112,99,13,13
54454,73,92,-19,19
54455,126,117,9,9
54456,92,85,7,7
54457,125,121,4,4
54458,64,68,-4,4
54459,146,128,18,18
54460,77,91,-14,14
54461,148,134,14,14
54462,126,117,9,9
54463,95,96,-1,1
54464,58,54,4,4
54465,146,124,22,22
54466,148,124,24,24
54467,104,100,4,4
54468,129,115,14,14
54469,60,53,7,7
54470,83,80,3,3
54471,67,58,9,9
54472,132,112,20,20
54473,82,85,-3,3
54474,34,53,-19,19
54475,76,83,-7,7
54476,116,116,0,0
54477,119,113,6,6
54478,96,96,0,0
54479,138,120,18,18
54480,80,77,3,3
54481,109,106,3,3
54482,103,93,10,10
54483,57,62,-5,5
54484,41,41,0,0
54485,121,112,9,9
54486,87,81,6,6
54487,125,111,14,14
54488,82,86,-4,4
54489,36,45,-9,9
54490,63,59,4,4
54491,112,101,11,11
54492,90,81,9,9
54493,110,110,0,0
54494,184,152,32,32
54495,97,96,1,1
54496,64,70,-6,6
54497,115,99,16,16
54498,85,80,5,5
54499,60,62,-2,2
54500,68,75,-7,7
54501,118,108,10,10
54502,56,67,-11,11
54503,49,65,-16,16
54504,92,91,1,1
54505,62,62,0,0
54506,131,106,25,25
54507,125,113,12,12
54508,146,134,12,12
54509,78,80,-2,2
54510,69,67,2,2
54511,76,72,4,4
54512,66,66,0,0
54513,71,72,-1,1
54514,97,98,-1,1
54515,264,233,31,31
54516,38,46,-8,8
54517,134,126,8,8
54518,70,68,2,2
54519,67,69,-2,2
54520,128,115,13,13
54521,138,99,39,39
54522,101,104,-3,3
54523,76,75,1,1
54524,42,51,-9,9
54525,138,116,22,22
54526,126,111,15,15
54527,80,75,5,5
54528,61,58,3,3
54529,105,86,19,19
54530,113,105,8,8
54531,96,92,4,4
54532,97,95,2,2
54533,74,83,-9,9
54534,129,123,6,6
54535,83,77,6,6
54536,87,80,7,7
54537,72,69,3,3
54538,120,107,13,13
54539,95,109,-14,14
54540,62,64,-2,2
54541,54,60,-6,6
54542,80,83,-3,3
54543,109,93,16,16
54544,90,80,10,10
54545,30,26,4,4
54546,103,96,7,7
54547,91,97,-6,6
54548,92,80,12,12
54549,79,85,-6,6
54550,120,110,10,10
54551,131,114,17,17
54552,91,90,1,1
54553,64,64,0,0
54554,106,101,5,5
54555,81,80,1,1
54556,86,80,6,6
54557,190,173,17,17
54558,80,77,3,3
54559,108,109,-1,1
54560,136,132,4,4
54561,84,81,3,3
54562,122,114,8,8
54563,80,74,6,6
54564,80,73,7,7
54565,143,128,15,15
54566,31,39,-8,8
54567,96,89,7,7
54568,74,66,8,8
54569,130,115,15,15
54570,99,93,6,6
54571,90,91,-1,1
54572,89,80,9,9
54573,122,99,23,23
54574,116,111,5,5
54575,111,108,3,3
54576,129,111,18,18
54577,97,96,1,1
54578,122,98,24,24
54579,94,109,-15,15
54580,78,81,-3,3
54581,101,94,7,7
54582,77,82,-5,5
54583,99,99,0,0
54584,91,101,-10,10
54585,74,74,0,0
54586,120,110,10,10
54587,109,94,15,15
54588,54,59,-5,5
54589,105,94,11,11
54590,140,133,7,7
54591,175,151,24,24
54592,103,89,14,14
54593,80,81,-1,1
54594,71,75,-4,4
54595,101,92,9,9
54596,91,88,3,3
54597,75,81,-6,6
54598,51,55,-4,4
54599,59,59,0,0
54600,108,98,10,10
54601,198,161,37,37
54602,48,46,2,2
54603,117,107,10,10
54604,44,48,-4,4
54605,105,99,6,6
54606,78,79,-1,1
54607,92,96,-4,4
54608,89,83,6,6
54609,68,67,1,1
54610,50,58,-8,8
54611,83,74,9,9
54612,71,70,1,1
54613,96,109,-13,13
54614,146,122,24,24
54615,134,102,32,32
54616,73,98,-25,25
54617,84,101,-17,17
54618,86,89,-3,3
54619,152,130,22,22
54620,59,59,0,0
54621,183,155,28,28
54622,50,54,-4,4
54623,83,80,3,3
54624,103,91,12,12
54625,63,62,1,1
54626,58,63,-5,5
54627,79,74,5,5
54628,65,87,-22,22
54629,50,59,-9,9
54630,89,80,9,9
54631,132,111,21,21
54632,91,93,-2,2
54633,79,80,-1,1
54634,89,80,9,9
54635,117,114,3,3
54636,89,81,8,8
54637,109,105,4,4
54638,124,110,14,14
54639,97,87,10,10
54640,131,121,10,10
54641,86,83,3,3
54642,77,77,0,0
54643,96,96,0,0
54644,94,86,8,8
54645,74,72,2,2
54646,129,116,13,13
54647,104,97,7,7
54648,113,112,1,1
54649,99,93,6,6
54650,63,52,11,11
54651,95,91,4,4
54652,68,77,-9,9
54653,194,144,50,50
54654,99,101,-2,2
54655,123,125,-2,2
54656,119,106,13,13
54657,108,91,17,17
54658,66,80,-14,14
54659,60,63,-3,3
54660,58,64,-6,6
54661,183,158,25,25
54662,190,164,26,26
54663,165,133,32,32
54664,80,86,-6,6
54665,166,146,20,20
54666,123,116,7,7
54667,131,121,10,10
54668,62,69,-7,7
54669,83,70,13,13
54670,125,107,18,18
54671,103,102,1,1
54672,101,100,1,1
54673,95,87,8,8
54674,59,61,-2,2
54675,107,97,10,10
54676,79,67,12,12
54677,87,81,6,6
54678,84,84,0,0
54679,67,67,0,0
54680,75,71,4,4
54681,85,77,8,8
54682,89,80,9,9
54683,105,108,-3,3
54684,71,71,0,0
54685,150,125,25,25
54686,59,61,-2,2
54687,86,80,6,6
54688,85,81,4,4
54689,110,107,3,3
54690,76,69,7,7
54691,100,98,2,2
54692,109,95,14,14
54693,110,103,7,7
54694,97,101,-4,4
54695,109,104,5,5
54696,188,160,28,28
54697,52,58,-6,6
54698,56,60,-4,4
54699,87,84,3,3
54700,72,70,2,2
54701,171,151,20,20
54702,109,98,11,11
54703,86,86,0,0
54704,140,122,18,18
54705,113,103,10,10
54706,89,85,4,4
54707,102,94,8,8
54708,82,78,4,4
54709,87,80,7,7
54710,85,86,-1,1
54711,150,130,20,20
54712,151,124,27,27
54713,65,74,-9,9
54714,150,132,18,18
54715,102,96,6,6
54716,88,85,3,3
54717,108,104,4,4
54718,38,48,-10,10
54719,123,111,12,12
54720,92,78,14,14
54721,120,107,13,13
54722,108,96,12,12
54723,72,66,6,6
54724,62,58,4,4
54725,105,100,5,5
54726,71,81,-10,10
54727,99,85,14,14
54728,88,87,1,1
54729,79,86,-7,7
54730,86,82,4,4
54731,116,97,19,19
54732,74,79,-5,5
54733,93,92,1,1
54734,198,166,32,32
54735,96,90,6,6
54736,78,76,2,2
54737,57,55,2,2
54738,45,52,-7,7
54739,140,125,15,15
54740,76,73,3,3
54741,88,91,-3,3
54742,127,120,7,7
54743,50,59,-9,9
54744,101,104,-3,3
54745,71,76,-5,5
54746,141,121,20,20
54747,110,109,1,1
54748,144,119,25,25
54749,114,115,-1,1
54750,66,62,4,4
54751,90,90,0,0
54752,83,79,4,4
54753,143,119,24,24
54754,81,77,4,4
54755,41,37,4,4
54756,165,145,20,20
54757,92,94,-2,2
54758,43,68,-25,25
54759,84,74,10,10
54760,58,71,-13,13
54761,74,68,6,6
54762,102,84,18,18
54763,62,72,-10,10
54764,115,100,15,15
54765,93,97,-4,4
54766,155,128,27,27
54767,173,158,15,15
54768,145,128,17,17
54769,75,76,-1,1
54770,116,99,17,17
54771,114,114,0,0
54772,115,110,5,5
54773,123,111,12,12
54774,86,96,-10,10
54775,95,87,8,8
54776,59,60,-1,1
54777,123,113,10,10
54778,111,110,1,1
54779,109,118,-9,9
54780,92,87,5,5
54781,118,121,-3,3
54782,42,46,-4,4
54783,65,68,-3,3
54784,74,73,1,1
54785,144,134,10,10
54786,139,124,15,15
54787,71,72,-1,1
54788,66,64,2,2
54789,81,80,1,1
54790,103,102,1,1
54791,65,62,3,3
54792,137,135,2,2
54793,86,88,-2,2
54794,64,50,14,14
54795,96,93,3,3
54796,76,86,-10,10
54797,56,59,-3,3
54798,59,62,-3,3
54799,70,71,-1,1
54800,79,73,6,6
54801,92,87,5,5
54802,64,72,-8,8
54803,141,132,9,9
54804,111,105,6,6
54805,123,100,23,23
54806,55,59,-4,4
54807,58,59,-1,1
54808,105,85,20,20
54809,124,107,17,17
54810,76,74,2,2
54811,72,87,-15,15
54812,68,73,-5,5
54813,39,46,-7,7
54814,83,73,10,10
54815,90,82,8,8
54816,84,72,12,12
54817,131,106,25,25
54818,100,88,12,12
54819,68,70,-2,2
54820,199,162,37,37
54821,111,100,11,11
54822,63,59,4,4
54823,112,105,7,7
54824,58,59,-1,1
54825,167,150,17,17
54826,167,142,25,25
54827,204,166,38,38
54828,88,87,1,1
54829,112,112,0,0
54830,109,103,6,6
54831,74,65,9,9
54832,118,111,7,7
54833,114,105,9,9
54834,52,56,-4,4
54835,79,77,2,2
54836,63,60,3,3
54837,34,43,-9,9
54838,75,76,-1,1
54839,66,65,1,1
54840,165,157,8,8
54841,140,99,41,41
54842,68,70,-2,2
54843,119,106,13,13
54844,109,101,8,8
54845,79,77,2,2
54846,96,81,15,15
54847,96,89,7,7
54848,58,57,1,1
54849,99,93,6,6
54850,68,73,-5,5
54851,61,60,1,1
54852,89,87,2,2
54853,135,115,20,20
54854,60,63,-3,3
54855,92,87,5,5
54856,84,77,7,7
54857,84,82,2,2
54858,94,94,0,0
54859,101,103,-2,2
54860,119,108,11,11
54861,139,138,1,1
54862,84,81,3,3
54863,204,146,58,58
54864,97,90,7,7
54865,79,83,-4,4
54866,101,99,2,2
54867,86,82,4,4
54868,84,79,5,5
54869,67,70,-3,3
54870,98,95,3,3
54871,79,76,3,3
54872,90,75,15,15
54873,62,63,-1,1
54874,65,68,-3,3
54875,62,68,-6,6
54876,41,44,-3,3
54877,140,115,25,25
54878,167,142,25,25
54879,129,118,11,11
54880,170,170,0,0
54881,76,75,1,1
54882,88,83,5,5
54883,57,58,-1,1
54884,55,59,-4,4
54885,81,76,5,5
54886,142,123,19,19
54887,118,105,13,13
54888,66,63,3,3
54889,61,68,-7,7
54890,97,95,2,2
54891,88,83,5,5
54892,101,96,5,5
54893,64,75,-11,11
54894,116,105,11,11
54895,90,81,9,9
54896,87,94,-7,7
54897,98,86,12,12
54898,111,105,6,6
54899,67,62,5,5
54900,51,59,-8,8
54901,123,118,5,5
54902,59,63,-4,4
54903,67,64,3,3
54904,48,50,-2,2
54905,52,65,-13,13
54906,180,168,12,12
54907,61,63,-2,2
54908,162,139,23,23
54909,76,78,-2,2
54910,57,59,-2,2
54911,90,83,7,7
54912,55,66,-11,11
54913,103,107,-4,4
54914,72,79,-7,7
54915,70,60,10,10
54916,154,130,24,24
54917,113,110,3,3
54918,108,93,15,15
54919,50,63,-13,13
54920,45,62,-17,17
54921,71,62,9,9
54922,132,115,17,17
54923,164,143,21,21
54924,100,95,5,5
54925,46,44,2,2
54926,85,80,5,5
54927,88,80,8,8
54928,107,106,1,1
54929,84,80,4,4
54930,48,48,0,0
54931,98,96,2,2
54932,154,134,20,20
54933,115,109,6,6
54934,69,71,-2,2
54935,47,56,-9,9
54936,79,69,10,10
54937,74,69,5,5
54938,77,82,-5,5
54939,52,57,-5,5
54940,146,129,17,17
54941,74,80,-6,6
54942,122,110,12,12
54943,83,99,-16,16
54944,134,101,33,33
54945,113,112,1,1
54946,113,101,12,12
54947,100,109,-9,9
54948,77,73,4,4
54949,91,82,9,9
54950,112,133,-21,21
54951,109,97,12,12
54952,97,89,8,8
54953,156,138,18,18
54954,128,112,16,16
54955,88,89,-1,1
54956,68,70,-2,2
54957,69,72,-3,3
54958,137,125,12,12
54959,68,78,-10,10
54960,65,66,-1,1
54961,93,86,7,7
54962,58,58,0,0
54963,55,62,-7,7
54964,121,110,11,11
54965,133,125,8,8
54966,50,49,1,1
54967,228,191,37,37
54968,101,91,10,10
54969,51,56,-5,5
54970,89,84,5,5
54971,63,73,-10,10
54972,70,81,-11,11
54973,41,40,1,1
54974,114,102,12,12
54975,65,71,-6,6
54976,83,82,1,1
54977,61,60,1,1
54978,68,69,-1,1
54979,107,101,6,6
54980,70,131,-61,61
54981,122,100,22,22
54982,44,49,-5,5
54983,138,127,11,11
54984,178,158,20,20
54985,94,86,8,8
54986,107,92,15,15
54987,63,65,-2,2
54988,84,89,-5,5
54989,124,109,15,15
54990,68,80,-12,12
54991,78,81,-3,3
54992,177,153,24,24
54993,49,58,-9,9
54994,60,57,3,3
54995,63,74,-11,11
54996,39,64,-25,25
54997,88,89,-1,1
54998,150,135,15,15
54999,105,95,10,10
55000,88,80,8,8
55001,58,48,10,10
55002,47,48,-1,1
55003,135,114,21,21
55004,101,91,10,10
55005,61,61,0,0
55006,114,98,16,16
55007,75,73,2,2
55008,88,80,8,8
55009,69,66,3,3
55010,95,83,12,12
55011,120,123,-3,3
55012,148,145,3,3
55013,80,77,3,3
55014,54,57,-3,3
55015,85,82,3,3
55016,123,94,29,29
55017,101,96,5,5
55018,108,105,3,3
55019,62,65,-3,3
55020,68,80,-12,12
55021,55,59,-4,4
55022,103,99,4,4
55023,115,103,12,12
55024,94,89,5,5
55025,77,76,1,1
55026,146,119,27,27
55027,62,67,-5,5
55028,57,59,-2,2
55029,204,170,34,34
55030,52,66,-14,14
55031,111,117,-6,6
55032,67,67,0,0
55033,116,104,12,12
55034,168,151,17,17
55035,47,53,-6,6
55036,75,69,6,6
55037,92,86,6,6
55038,139,133,6,6
55039,130,132,-2,2
55040,118,103,15,15
55041,72,75,-3,3
55042,90,92,-2,2
55043,104,80,24,24
55044,99,98,1,1
55045,98,94,4,4
55046,84,85,-1,1
55047,106,87,19,19
55048,69,67,2,2
55049,72,79,-7,7
55050,86,83,3,3
55051,122,105,17,17
55052,103,88,15,15
55053,113,108,5,5
55054,70,61,9,9
55055,73,89,-16,16
55056,79,74,5,5
55057,102,91,11,11
55058,79,76,3,3
55059,67,67,0,0
55060,61,60,1,1
55061,78,81,-3,3
55062,83,79,4,4
55063,91,84,7,7
55064,49,58,-9,9
55065,64,63,1,1
55066,76,75,1,1
55067,155,139,16,16
55068,90,88,2,2
55069,78,107,-29,29
55070,67,71,-4,4
55071,112,104,8,8
55072,90,85,5,5
55073,98,94,4,4
55074,93,89,4,4
55075,103,98,5,5
55076,64,69,-5,5
55077,94,95,-1,1
55078,58,62,-4,4
55079,76,82,-6,6
55080,153,131,22,22
55081,96,84,12,12
55082,151,139,12,12
55083,60,67,-7,7
55084,87,75,12,12
55085,30,44,-14,14
55086,83,75,8,8
55087,107,108,-1,1
55088,114,99,15,15
55089,74,73,1,1
55090,99,103,-4,4
55091,120,110,10,10
55092,89,83,6,6
55093,215,183,32,32
55094,53,53,0,0
55095,74,74,0,0
55096,112,99,13,13
55097,76,79,-3,3
55098,69,68,1,1
55099,146,129,17,17
55100,92,86,6,6
55101,72,72,0,0
55102,184,147,37,37
55103,50,55,-5,5
55104,82,75,7,7
55105,90,84,6,6
55106,152,127,25,25
55107,41,47,-6,6
55108,149,132,17,17
55109,83,81,2,2
55110,45,58,-13,13
55111,225,185,40,40
55112,169,148,21,21
55113,44,53,-9,9
55114,118,116,2,2
55115,108,98,10,10
55116,125,114,11,11
55117,124,116,8,8
55118,65,80,-15,15
55119,164,135,29,29
55120,138,127,11,11
55121,87,84,3,3
55122,51,56,-5,5
55123,98,102,-4,4
55124,64,67,-3,3
55125,63,68,-5,5
55126,101,95,6,6
55127,90,82,8,8
55128,104,88,16,16
55129,140,124,16,16
55130,121,107,14,14
55131,107,100,7,7
55132,85,85,0,0
55133,116,110,6,6
55134,55,63,-8,8
55135,74,80,-6,6
55136,178,128,50,50
55137,134,112,22,22
55138,62,64,-2,2
55139,113,105,8,8
55140,75,70,5,5
55141,84,78,6,6
55142,88,80,8,8
55143,68,79,-11,11
55144,46,52,-6,6
55145,150,149,1,1
55146,99,84,15,15
55147,108,95,13,13
55148,118,84,34,34
55149,48,59,-11,11
55150,104,88,16,16
55151,73,62,11,11
55152,109,97,12,12
55153,62,63,-1,1
55154,91,79,12,12
55155,119,113,6,6
55156,157,137,20,20
55157,117,103,14,14
55158,60,63,-3,3
55159,90,87,3,3
55160,102,95,7,7
55161,100,90,10,10
55162,99,92,7,7
55163,108,93,15,15
55164,90,83,7,7
55165,120,109,11,11
55166,97,93,4,4
55167,78,80,-2,2
55168,105,98,7,7
55169,160,139,21,21
55170,143,123,20,20
55171,112,108,4,4
55172,152,134,18,18
55173,153,130,23,23
55174,65,60,5,5
55175,66,71,-5,5
55176,63,66,-3,3
55177,55,79,-24,24
55178,75,74,1,1
55179,91,82,9,9
55180,81,77,4,4
55181,138,116,22,22
55182,120,104,16,16
55183,86,81,5,5
55184,75,72,3,3
55185,15,26,-11,11
55186,71,71,0,0
55187,158,133,25,25
55188,102,86,16,16
55189,58,60,-2,2
55190,54,50,4,4
55191,77,84,-7,7
55192,82,76,6,6
55193,69,69,0,0
55194,92,96,-4,4
55195,132,125,7,7
55196,109,105,4,4
55197,192,163,29,29
55198,62,62,0,0
55199,41,44,-3,3
55200,120,112,8,8
55201,82,83,-1,1
55202,116,102,14,14
55203,44,55,-11,11
55204,87,81,6,6
55205,63,70,-7,7
55206,75,77,-2,2
55207,106,92,14,14
55208,198,169,29,29
55209,87,80,7,7
55210,45,43,2,2
55211,95,87,8,8
55212,128,114,14,14
55213,72,71,1,1
55214,80,84,-4,4
55215,144,137,7,7
55216,83,80,3,3
55217,138,125,13,13
55218,107,92,15,15
55219,42,49,-7,7
55220,105,102,3,3
55221,129,115,14,14
55222,78,77,1,1
55223,157,129,28,28
55224,135,121,14,14
55225,38,37,1,1
55226,174,147,27,27
55227,83,81,2,2
55228,79,71,8,8
55229,172,166,6,6
55230,76,63,13,13
55231,106,83,23,23
55232,102,101,1,1
55233,60,68,-8,8
55234,160,131,29,29
55235,58,60,-2,2
55236,66,69,-3,3
55237,93,87,6,6
55238,97,88,9,9
55239,99,101,-2,2
55240,232,206,26,26
55241,111,97,14,14
55242,57,65,-8,8
55243,92,97,-5,5
55244,70,65,5,5
55245,58,69,-11,11
55246,58,57,1,1
55247,80,83,-3,3
55248,119,101,18,18
55249,111,99,12,12
55250,73,75,-2,2
55251,72,68,4,4
55252,98,86,12,12
55253,114,109,5,5
55254,115,100,15,15
55255,180,49,131,131
55256,137,137,0,0
55257,106,88,18,18
55258,116,106,10,10
55259,161,138,23,23
55260,53,58,-5,5
55261,160,136,24,24
55262,105,103,2,2
55263,85,83,2,2
55264,137,125,12,12
55265,78,80,-2,2
55266,152,141,11,11
55267,107,97,10,10
55268,61,64,-3,3
55269,113,101,12,12
55270,145,132,13,13
55271,125,108,17,17
55272,63,62,1,1
55273,83,83,0,0
55274,139,114,25,25
55275,79,73,6,6
55276,136,124,12,12
55277,77,79,-2,2
55278,101,87,14,14
55279,54,57,-3,3
55280,103,99,4,4
55281,84,82,2,2
55282,62,64,-2,2
55283,149,141,8,8
55284,52,55,-3,3
55285,143,130,13,13
55286,185,159,26,26
55287,121,102,19,19
55288,93,98,-5,5
55289,89,82,7,7
55290,71,68,3,3
55291,96,86,10,10
55292,92,80,12,12
55293,132,116,16,16
55294,110,107,3,3
55295,81,81,0,0
55296,138,121,17,17
55297,121,115,6,6
55298,136,115,21,21
55299,108,109,-1,1
55300,102,94,8,8
55301,107,109,-2,2
55302,123,109,14,14
55303,78,75,3,3
55304,123,119,4,4
55305,191,156,35,35
55306,83,76,7,7
55307,66,67,-1,1
55308,147,127,20,20
55309,75,71,4,4
55310,142,134,8,8
55311,54,57,-3,3
55312,79,81,-2,2
55313,65,56,9,9
55314,69,69,0,0
55315,92,88,4,4
55316,116,92,24,24
55317,138,106,32,32
55318,60,62,-2,2
55319,113,103,10,10
55320,107,102,5,5
55321,71,79,-8,8
55322,87,80,7,7
55323,66,70,-4,4
55324,115,110,5,5
55325,88,88,0,0
55326,59,67,-8,8
55327,109,101,8,8
55328,101,96,5,5
55329,99,85,14,14
55330,84,83,1,1
55331,79,73,6,6
55332,144,115,29,29
55333,74,79,-5,5
55334,67,69,-2,2
55335,79,80,-1,1
55336,69,67,2,2
55337,64,69,-5,5
55338,74,67,7,7
55339,122,131,-9,9
55340,88,89,-1,1
55341,85,95,-10,10
55342,135,133,2,2
55343,150,123,27,27
55344,120,110,10,10
55345,85,82,3,3
55346,87,91,-4,4
55347,69,73,-4,4
55348,136,116,20,20
55349,139,110,29,29
55350,81,80,1,1
55351,88,85,3,3
55352,117,108,9,9
55353,127,127,0,0
55354,83,82,1,1
55355,53,56,-3,3
55356,41,40,1,1
55357,97,92,5,5
55358,169,149,20,20
55359,112,96,16,16
55360,38,45,-7,7
55361,84,80,4,4
55362,67,69,-2,2
55363,92,82,10,10
55364,110,101,9,9
55365,88,95,-7,7
55366,78,75,3,3
55367,84,88,-4,4
55368,69,70,-1,1
55369,99,92,7,7
55370,101,103,-2,2
55371,86,82,4,4
55372,102,99,3,3
55373,60,64,-4,4
55374,54,59,-5,5
55375,111,109,2,2
55376,138,121,17,17
55377,82,74,8,8
55378,96,105,-9,9
55379,62,67,-5,5
55380,161,146,15,15
55381,73,76,-3,3
55382,92,87,5,5
55383,115,108,7,7
55384,150,131,19,19
55385,78,77,1,1
55386,93,88,5,5
55387,80,78,2,2
55388,88,93,-5,5
55389,89,83,6,6
55390,107,100,7,7
55391,76,69,7,7
55392,115,112,3,3
55393,96,93,3,3
55394,119,111,8,8
55395,56,61,-5,5
55396,100,117,-17,17
55397,101,90,11,11
55398,89,83,6,6
55399,75,80,-5,5
55400,106,97,9,9
55401,68,71,-3,3
55402,69,63,6,6
55403,83,78,5,5
55404,85,86,-1,1
55405,130,121,9,9
55406,64,63,1,1
55407,44,58,-14,14
55408,83,76,7,7
55409,54,89,-35,35
55410,130,105,25,25
55411,91,89,2,2
55412,59,81,-22,22
55413,109,91,18,18
55414,145,128,17,17
55415,65,58,7,7
55416,50,51,-1,1
55417,147,127,20,20
55418,90,92,-2,2
55419,143,132,11,11
55420,97,90,7,7
55421,111,102,9,9
55422,63,60,3,3
55423,70,81,-11,11
55424,109,91,18,18
55425,108,111,-3,3
55426,149,131,18,18
55427,98,92,6,6
55428,137,123,14,14
55429,45,49,-4,4
55430,95,89,6,6
55431,59,70,-11,11
55432,71,68,3,3
55433,117,111,6,6
55434,73,76,-3,3
55435,80,81,-1,1
55436,168,129,39,39
55437,149,143,6,6
55438,53,55,-2,2
55439,65,74,-9,9
55440,160,133,27,27
55441,83,80,3,3
55442,88,86,2,2
55443,98,81,17,17
55444,51,58,-7,7
55445,54,62,-8,8
55446,70,77,-7,7
55447,80,80,0,0
55448,169,135,34,34
55449,109,101,8,8
55450,57,62,-5,5
55451,119,113,6,6
55452,238,200,38,38
55453,132,122,10,10
55454,78,81,-3,3
55455,88,81,7,7
55456,85,85,0,0
55457,27,49,-22,22
55458,62,69,-7,7
55459,131,117,14,14
55460,138,120,18,18
55461,43,90,-47,47
55462,58,69,-11,11
55463,76,80,-4,4
55464,72,80,-8,8
55465,121,91,30,30
55466,107,96,11,11
55467,81,88,-7,7
55468,49,70,-21,21
55469,113,97,16,16
55470,71,68,3,3
55471,44,49,-5,5
55472,81,77,4,4
55473,73,69,4,4
55474,85,85,0,0
55475,100,92,8,8
55476,126,108,18,18
55477,96,86,10,10
55478,67,68,-1,1
55479,114,116,-2,2
55480,97,80,17,17
55481,185,148,37,37
55482,55,59,-4,4
55483,177,163,14,14
55484,85,82,3,3
55485,117,110,7,7
55486,157,134,23,23
55487,129,113,16,16
55488,94,98,-4,4
55489,87,89,-2,2
55490,139,114,25,25
55491,121,111,10,10
55492,65,59,6,6
55493,58,68,-10,10
55494,98,88,10,10
55495,37,38,-1,1
55496,63,69,-6,6
55497,193,171,22,22
55498,101,102,-1,1
55499,69,81,-12,12
55500,133,119,14,14
55501,121,101,20,20
55502,91,91,0,0
55503,85,83,2,2
55504,67,74,-7,7
55505,117,107,10,10
55506,61,56,5,5
55507,61,62,-1,1
55508,97,100,-3,3
55509,81,81,0,0
55510,89,90,-1,1
55511,58,67,-9,9
55512,80,71,9,9
55513,96,82,14,14
55514,87,86,1,1
55515,69,73,-4,4
55516,116,116,0,0
55517,138,135,3,3
55518,65,69,-4,4
55519,90,83,7,7
55520,87,83,4,4
55521,102,94,8,8
55522,79,88,-9,9
55523,146,137,9,9
55524,130,108,22,22
55525,127,104,23,23
55526,96,86,10,10
55527,80,77,3,3
55528,132,126,6,6
55529,115,99,16,16
55530,81,88,-7,7
55531,86,85,1,1
55532,105,94,11,11
55533,130,114,16,16
55534,84,83,1,1
55535,52,93,-41,41
55536,72,66,6,6
55537,82,80,2,2
55538,115,107,8,8
55539,100,93,7,7
55540,102,96,6,6
55541,107,102,5,5
55542,116,107,9,9
55543,61,59,2,2
55544,95,94,1,1
55545,78,74,4,4
55546,78,82,-4,4
55547,79,70,9,9
55548,82,81,1,1
55549,71,77,-6,6
55550,128,114,14,14
55551,89,88,1,1
55552,115,125,-10,10
55553,83,74,9,9
55554,80,72,8,8
55555,79,89,-10,10
55556,69,81,-12,12
55557,123,109,14,14
55558,67,71,-4,4
55559,135,120,15,15
55560,134,144,-10,10
55561,133,119,14,14
55562,52,58,-6,6
55563,175,150,25,25
55564,95,85,10,10
55565,122,112,10,10
55566,74,70,4,4
55567,73,76,-3,3
55568,53,58,-5,5
55569,69,73,-4,4
55570,103,106,-3,3
55571,45,48,-3,3
55572,107,96,11,11
55573,49,56,-7,7
55574,132,112,20,20
55575,89,84,5,5
55576,62,64,-2,2
55577,109,104,5,5
55578,81,80,1,1
55579,72,79,-7,7
55580,52,49,3,3
55581,74,74,0,0
55582,36,44,-8,8
55583,68,69,-1,1
55584,73,76,-3,3
55585,89,86,3,3
55586,63,61,2,2
55587,69,75,-6,6
55588,103,102,1,1
55589,53,59,-6,6
55590,103,101,2,2
55591,108,93,15,15
55592,109,145,-36,36
55593,187,172,15,15
55594,69,70,-1,1
55595,124,106,18,18
55596,117,110,7,7
55597,94,88,6,6
55598,44,43,1,1
55599,120,108,12,12
55600,140,127,13,13
55601,131,113,18,18
55602,100,101,-1,1
55603,147,135,12,12
55604,55,51,4,4
55605,126,122,4,4
55606,84,89,-5,5
55607,81,81,0,0
55608,110,87,23,23
55609,68,70,-2,2
55610,90,92,-2,2
55611,79,79,0,0
55612,108,102,6,6
55613,69,71,-2,2
55614,67,60,7,7
55615,151,141,10,10
55616,121,107,14,14
55617,67,75,-8,8
55618,100,88,12,12
55619,105,100,5,5
55620,105,106,-1,1
55621,92,96,-4,4
55622,107,107,0,0
55623,163,143,20,20
55624,110,98,12,12
55625,115,102,13,13
55626,93,82,11,11
55627,143,122,21,21
55628,105,81,24,24
55629,102,88,14,14
55630,54,52,2,2
55631,117,111,6,6
55632,94,83,11,11
55633,121,101,20,20
55634,51,51,0,0
55635,93,95,-2,2
55636,136,126,10,10
55637,75,69,6,6
55638,83,71,12,12
55639,90,83,7,7
55640,110,101,9,9
55641,69,69,0,0
55642,110,101,9,9
55643,78,81,-3,3
55644,85,79,6,6
55645,89,86,3,3
55646,86,93,-7,7
55647,106,106,0,0
55648,102,96,6,6
55649,52,60,-8,8
55650,207,189,18,18
55651,93,84,9,9
55652,113,108,5,5
55653,97,94,3,3
55654,80,88,-8,8
55655,118,120,-2,2
55656,90,84,6,6
55657,88,96,-8,8
55658,96,95,1,1
55659,103,101,2,2
55660,65,67,-2,2
55661,48,51,-3,3
55662,85,74,11,11
55663,104,96,8,8
55664,54,59,-5,5
55665,89,79,10,10
55666,132,124,8,8
55667,83,82,1,1
55668,80,80,0,0
55669,76,82,-6,6
55670,67,62,5,5
55671,89,85,4,4
55672,149,134,15,15
55673,106,106,0,0
55674,149,135,14,14
55675,52,59,-7,7
55676,58,65,-7,7
55677,70,73,-3,3
55678,78,76,2,2
55679,212,174,38,38
55680,105,99,6,6
55681,101,85,16,16
55682,107,95,12,12
55683,145,129,16,16
55684,77,76,1,1
55685,108,95,13,13
55686,97,91,6,6
55687,90,80,10,10
55688,104,100,4,4
55689,99,90,9,9
55690,94,84,10,10
55691,105,105,0,0
55692,69,72,-3,3
55693,81,87,-6,6
55694,88,83,5,5
55695,112,109,3,3
55696,93,93,0,0
55697,130,120,10,10
55698,145,116,29,29
55699,130,116,14,14
55700,62,81,-19,19
55701,99,94,5,5
55702,67,67,0,0
55703,129,109,20,20
55704,72,74,-2,2
55705,96,87,9,9
55706,76,79,-3,3
55707,102,96,6,6
55708,81,80,1,1
55709,157,142,15,15
55710,100,97,3,3
55711,122,107,15,15
55712,65,68,-3,3
55713,82,74,8,8
55714,95,84,11,11
55715,133,125,8,8
55716,108,100,8,8
55717,81,80,1,1
55718,91,88,3,3
55719,134,118,16,16
55720,146,128,18,18
55721,93,91,2,2
55722,53,57,-4,4
55723,108,96,12,12
55724,93,85,8,8
55725,99,85,14,14
55726,158,138,20,20
55727,66,74,-8,8
55728,66,65,1,1
55729,83,86,-3,3
55730,103,89,14,14
55731,54,61,-7,7
55732,144,125,19,19
55733,88,96,-8,8
55734,105,90,15,15
55735,115,104,11,11
55736,125,108,17,17
55737,67,73,-6,6
55738,193,156,37,37
55739,127,98,29,29
55740,29,47,-18,18
55741,86,81,5,5
55742,121,113,8,8
55743,94,84,10,10
55744,125,106,19,19
55745,174,158,16,16
55746,163,143,20,20
55747,128,106,22,22
55748,155,132,23,23
55749,123,120,3,3
55750,100,94,6,6
55751,80,84,-4,4
55752,121,107,14,14
55753,31,36,-5,5
55754,96,83,13,13
55755,80,75,5,5
55756,83,80,3,3
55757,82,80,2,2
55758,97,96,1,1
55759,72,73,-1,1
55760,69,72,-3,3
55761,86,85,1,1
55762,73,87,-14,14
55763,100,98,2,2
55764,66,70,-4,4
55765,83,71,12,12
55766,92,96,-4,4
55767,68,63,5,5
55768,118,114,4,4
55769,97,105,-8,8
55770,62,65,-3,3
55771,78,73,5,5
55772,48,54,-6,6
55773,98,92,6,6
55774,71,73,-2,2
55775,62,69,-7,7
55776,45,56,-11,11
55777,122,112,10,10
55778,91,83,8,8
55779,71,127,-56,56
55780,68,65,3,3
55781,118,114,4,4
55782,79,81,-2,2
55783,120,114,6,6
55784,134,132,2,2
55785,72,74,-2,2
55786,92,84,8,8
55787,49,69,-20,20
55788,100,98,2,2
55789,90,91,-1,1
55790,71,72,-1,1
55791,83,83,0,0
55792,71,73,-2,2
55793,90,92,-2,2
55794,168,153,15,15
55795,68,82,-14,14
55796,50,57,-7,7
55797,59,58,1,1
55798,52,61,-9,9
55799,104,98,6,6
55800,95,96,-1,1
55801,57,64,-7,7
55802,211,184,27,27
55803,58,57,1,1
55804,125,110,15,15
55805,99,94,5,5
55806,88,93,-5,5
55807,182,153,29,29
55808,99,96,3,3
55809,66,59,7,7
55810,169,143,26,26
55811,105,94,11,11
55812,92,92,0,0
55813,110,101,9,9
55814,111,98,13,13
55815,95,88,7,7
55816,74,72,2,2
55817,135,112,23,23
55818,51,90,-39,39
55819,78,72,6,6
55820,118,103,15,15
55821,118,112,6,6
55822,104,100,4,4
55823,37,44,-7,7
55824,96,89,7,7
55825,93,83,10,10
55826,60,85,-25,25
55827,102,94,8,8
55828,112,108,4,4
55829,73,82,-9,9
55830,142,120,22,22
55831,67,67,0,0
55832,69,66,3,3
55833,103,164,-61,61
55834,42,72,-30,30
55835,99,83,16,16
55836,181,152,29,29
55837,94,85,9,9
55838,83,81,2,2
55839,98,81,17,17
55840,151,125,26,26
55841,149,120,29,29
55842,92,92,0,0
55843,129,124,5,5
55844,79,74,5,5
55845,119,115,4,4
55846,159,140,19,19
55847,63,70,-7,7
55848,74,73,1,1
55849,141,132,9,9
55850,133,117,16,16
55851,106,98,8,8
55852,180,153,27,27
55853,152,121,31,31
55854,85,80,5,5
55855,118,103,15,15
55856,127,113,14,14
55857,143,138,5,5
55858,80,85,-5,5
55859,123,113,10,10
55860,131,115,16,16
55861,53,47,6,6
55862,83,76,7,7
55863,97,86,11,11
55864,120,113,7,7
55865,71,69,2,2
55866,127,106,21,21
55867,68,70,-2,2
55868,79,80,-1,1
55869,104,107,-3,3
55870,139,132,7,7
55871,143,140,3,3
55872,102,103,-1,1
55873,75,71,4,4
55874,105,105,0,0
55875,71,60,11,11
55876,52,51,1,1
55877,73,71,2,2
55878,95,82,13,13
55879,84,76,8,8
55880,77,81,-4,4
55881,63,73,-10,10
55882,80,85,-5,5
55883,111,100,11,11
55884,146,120,26,26
55885,136,132,4,4
55886,58,56,2,2
55887,77,76,1,1
55888,74,94,-20,20
55889,157,139,18,18
55890,113,111,2,2
55891,88,84,4,4
55892,98,93,5,5
55893,70,72,-2,2
55894,70,80,-10,10
55895,95,89,6,6
55896,113,94,19,19
55897,65,66,-1,1
55898,82,74,8,8
55899,89,88,1,1
55900,90,82,8,8
55901,75,91,-16,16
55902,73,66,7,7
55903,45,54,-9,9
55904,75,84,-9,9
55905,89,82,7,7
55906,127,108,19,19
55907,189,170,19,19
55908,132,116,16,16
55909,95,87,8,8
55910,113,100,13,13
55911,81,80,1,1
55912,121,116,5,5
55913,73,75,-2,2
55914,107,95,12,12
55915,72,69,3,3
55916,110,109,1,1
55917,69,70,-1,1
55918,149,127,22,22
55919,63,66,-3,3
55920,115,103,12,12
55921,105,95,10,10
55922,88,86,2,2
55923,65,69,-4,4
55924,87,88,-1,1
55925,94,96,-2,2
55926,125,114,11,11
55927,93,81,12,12
55928,112,99,13,13
55929,103,88,15,15
55930,117,105,12,12
55931,95,92,3,3
55932,76,71,5,5
55933,94,99,-5,5
55934,50,51,-1,1
55935,115,112,3,3
55936,105,92,13,13
55937,108,96,12,12
55938,141,131,10,10
55939,102,98,4,4
55940,58,69,-11,11
55941,108,101,7,7
55942,89,80,9,9
55943,71,76,-5,5
55944,59,60,-1,1
55945,89,81,8,8
55946,57,59,-2,2
55947,106,94,12,12
55948,161,132,29,29
55949,92,85,7,7
55950,66,69,-3,3
55951,82,80,2,2
55952,84,73,11,11
55953,115,99,16,16
55954,110,102,8,8
55955,135,121,14,14
55956,93,87,6,6
55957,134,138,-4,4
55958,105,91,14,14
55959,79,74,5,5
55960,25,26,-1,1
55961,124,121,3,3
55962,29,38,-9,9
55963,96,82,14,14
55964,125,114,11,11
55965,52,57,-5,5
55966,101,95,6,6
55967,70,69,1,1
55968,98,88,10,10
55969,77,69,8,8
55970,167,139,28,28
55971,82,79,3,3
55972,91,86,5,5
55973,70,69,1,1
55974,74,73,1,1
55975,121,111,10,10
55976,46,62,-16,16
55977,76,78,-2,2
55978,111,106,5,5
55979,58,56,2,2
55980,65,64,1,1
55981,53,54,-1,1
55982,109,112,-3,3
55983,80,80,0,0
55984,88,87,1,1
55985,110,100,10,10
55986,98,88,10,10
55987,97,102,-5,5
55988,128,111,17,17
55989,144,126,18,18
55990,82,85,-3,3
55991,131,118,13,13
55992,100,92,8,8
55993,95,93,2,2
55994,108,98,10,10
55995,82,80,2,2
55996,73,65,8,8
55997,94,94,0,0
55998,99,102,-3,3
55999,88,84,4,4
56000,157,141,16,16
56001,75,75,0,0
56002,95,92,3,3
56003,82,78,4,4
56004,160,156,4,4
56005,146,129,17,17
56006,166,160,6,6
56007,76,73,3,3
56008,139,125,14,14
56009,110,103,7,7
56010,118,116,2,2
56011,122,108,14,14
56012,50,60,-10,10
56013,59,60,-1,1
56014,112,103,9,9
56015,108,115,-7,7
56016,42,47,-5,5
56017,112,109,3,3
56018,126,107,19,19
56019,88,91,-3,3
56020,121,100,21,21
56021,83,79,4,4
56022,95,98,-3,3
56023,98,86,12,12
56024,104,99,5,5
56025,66,69,-3,3
56026,129,118,11,11
56027,85,77,8,8
56028,101,96,5,5
56029,68,73,-5,5
56030,86,85,1,1
56031,79,77,2,2
56032,91,89,2,2
56033,113,114,-1,1
56034,149,131,18,18
56035,76,76,0,0
56036,107,101,6,6
56037,110,105,5,5
56038,75,79,-4,4
56039,100,97,3,3
56040,110,108,2,2
56041,115,104,11,11
56042,128,118,10,10
56043,177,151,26,26
56044,105,95,10,10
56045,79,131,-52,52
56046,126,115,11,11
56047,135,128,7,7
56048,66,63,3,3
56049,148,129,19,19
56050,128,113,15,15
56051,106,89,17,17
56052,99,80,19,19
56053,73,61,12,12
56054,64,66,-2,2
56055,98,115,-17,17
56056,111,101,10,10
56057,124,117,7,7
56058,117,105,12,12
56059,94,87,7,7
56060,86,79,7,7
56061,80,77,3,3
56062,105,104,1,1
56063,77,81,-4,4
56064,101,96,5,5
56065,118,106,12,12
56066,130,103,27,27
56067,97,93,4,4
56068,77,76,1,1
56069,76,80,-4,4
56070,122,118,4,4
56071,116,127,-11,11
56072,67,77,-10,10
56073,109,96,13,13
56074,62,64,-2,2
56075,95,80,15,15
56076,130,116,14,14
56077,49,71,-22,22
56078,64,63,1,1
56079,84,82,2,2
56080,147,117,30,30
56081,121,103,18,18
56082,158,144,14,14
56083,105,91,14,14
56084,99,97,2,2
56085,108,106,2,2
56086,159,142,17,17
56087,87,82,5,5
56088,128,127,1,1
56089,58,70,-12,12
56090,110,103,7,7
56091,187,164,23,23
56092,87,88,-1,1
56093,143,135,8,8
56094,84,75,9,9
56095,132,128,4,4
56096,74,72,2,2
56097,109,104,5,5
56098,86,100,-14,14
56099,111,102,9,9
56100,49,46,3,3
56101,73,72,1,1
56102,125,125,0,0
56103,75,71,4,4
56104,78,75,3,3
56105,99,91,8,8
56106,103,106,-3,3
56107,106,96,10,10
56108,57,59,-2,2
56109,139,125,14,14
56110,90,81,9,9
56111,67,64,3,3
56112,60,64,-4,4
56113,46,44,2,2
56114,56,63,-7,7
56115,135,117,18,18
56116,52,57,-5,5
56117,102,93,9,9
56118,79,79,0,0
56119,75,77,-2,2
56120,118,110,8,8
56121,107,107,0,0
56122,24,26,-2,2
56123,102,94,8,8
56124,78,80,-2,2
56125,94,81,13,13
56126,109,90,19,19
56127,139,127,12,12
56128,105,104,1,1
56129,155,135,20,20
56130,53,55,-2,2
56131,82,86,-4,4
56132,159,151,8,8
56133,105,94,11,11
56134,102,98,4,4
56135,78,78,0,0
56136,67,67,0,0
56137,149,134,15,15
56138,84,85,-1,1
56139,87,92,-5,5
56140,132,131,1,1
56141,83,77,6,6
56142,75,74,1,1
56143,99,92,7,7
56144,77,84,-7,7
56145,97,87,10,10
56146,132,103,29,29
56147,105,103,2,2
56148,105,86,19,19
56149,59,57,2,2
56150,69,66,3,3
56151,120,109,11,11
56152,59,62,-3,3
56153,105,90,15,15
56154,81,80,1,1
56155,156,144,12,12
56156,62,68,-6,6
56157,63,65,-2,2
56158,156,128,28,28
56159,48,124,-76,76
56160,81,81,0,0
56161,78,80,-2,2
56162,72,68,4,4
56163,110,103,7,7
56164,76,80,-4,4
56165,82,80,2,2
56166,76,74,2,2
56167,106,95,11,11
56168,109,109,0,0
56169,96,86,10,10
56170,129,122,7,7
56171,71,70,1,1
56172,124,128,-4,4
56173,107,99,8,8
56174,97,91,6,6
56175,113,96,17,17
56176,152,133,19,19
56177,91,102,-11,11
56178,78,75,3,3
56179,158,136,22,22
56180,117,104,13,13
56181,97,93,4,4
56182,83,79,4,4
56183,132,117,15,15
56184,79,80,-1,1
56185,101,98,3,3
56186,135,117,18,18
56187,96,72,24,24
56188,82,73,9,9
56189,70,78,-8,8
56190,110,98,12,12
56191,141,120,21,21
56192,61,59,2,2
56193,97,87,10,10
56194,119,89,30,30
56195,67,70,-3,3
56196,92,98,-6,6
56197,84,70,14,14
56198,65,68,-3,3
56199,84,87,-3,3
56200,124,108,16,16
56201,135,125,10,10
56202,146,126,20,20
56203,109,108,1,1
56204,145,136,9,9
56205,89,80,9,9
56206,136,123,13,13
56207,85,80,5,5
56208,55,62,-7,7
56209,92,96,-4,4
56210,61,63,-2,2
56211,132,114,18,18
56212,65,70,-5,5
56213,112,109,3,3
56214,107,95,12,12
56215,48,45,3,3
56216,55,57,-2,2
56217,109,100,9,9
56218,136,119,17,17
56219,94,93,1,1
56220,45,48,-3,3
56221,139,121,18,18
56222,72,77,-5,5
56223,156,125,31,31
56224,58,63,-5,5
56225,96,82,14,14
56226,83,80,3,3
56227,94,88,6,6
56228,29,33,-4,4
56229,124,111,13,13
56230,71,74,-3,3
56231,146,124,22,22
56232,97,84,13,13
56233,104,98,6,6
56234,32,41,-9,9
56235,140,124,16,16
56236,57,56,1,1
56237,112,104,8,8
56238,70,75,-5,5
56239,92,82,10,10
56240,57,63,-6,6
56241,107,108,-1,1
56242,76,76,0,0
56243,81,80,1,1
56244,115,115,0,0
56245,22,67,-45,45
56246,96,96,0,0
56247,84,88,-4,4
56248,103,97,6,6
56249,126,104,22,22
56250,76,73,3,3
56251,159,131,28,28
56252,74,67,7,7
56253,87,80,7,7
56254,46,56,-10,10
56255,33,37,-4,4
56256,76,68,8,8
56257,98,93,5,5
56258,73,69,4,4
56259,105,94,11,11
56260,51,59,-8,8
56261,94,80,14,14
56262,54,72,-18,18
56263,86,86,0,0
56264,60,68,-8,8
56265,144,126,18,18
56266,74,63,11,11
56267,90,83,7,7
56268,100,97,3,3
56269,107,109,-2,2
56270,129,103,26,26
56271,133,115,18,18
56272,70,74,-4,4
56273,101,91,10,10
56274,60,67,-7,7
56275,200,166,34,34
56276,64,62,2,2
56277,143,127,16,16
56278,90,84,6,6
56279,72,67,5,5
56280,85,87,-2,2
56281,136,127,9,9
56282,94,100,-6,6
56283,135,111,24,24
56284,102,93,9,9
56285,71,81,-10,10
56286,74,73,1,1
56287,122,120,2,2
56288,86,81,5,5
56289,40,47,-7,7
56290,109,107,2,2
56291,113,104,9,9
56292,110,99,11,11
56293,68,61,7,7
56294,130,124,6,6
56295,89,90,-1,1
56296,106,103,3,3
56297,98,94,4,4
56298,71,58,13,13
56299,128,117,11,11
56300,158,128,30,30
56301,82,80,2,2
56302,42,45,-3,3
56303,67,68,-1,1
56304,107,110,-3,3
56305,77,76,1,1
56306,113,110,3,3
56307,73,71,2,2
56308,189,168,21,21
56309,101,97,4,4
56310,117,119,-2,2
56311,113,107,6,6
56312,81,77,4,4
56313,113,102,11,11
56314,108,96,12,12
56315,133,131,2,2
56316,117,109,8,8
56317,119,109,10,10
56318,72,69,3,3
56319,72,82,-10,10
56320,105,101,4,4
56321,70,69,1,1
56322,66,62,4,4
56323,152,128,24,24
56324,89,82,7,7
56325,20,26,-6,6
56326,72,74,-2,2
56327,89,81,8,8
56328,83,88,-5,5
56329,121,126,-5,5
56330,119,105,14,14
56331,101,95,6,6
56332,84,81,3,3
56333,78,83,-5,5
56334,166,143,23,23
56335,117,107,10,10
56336,141,131,10,10
56337,123,114,9,9
56338,162,140,22,22
56339,50,57,-7,7
56340,60,56,4,4
56341,86,86,0,0
56342,70,71,-1,1
56343,129,122,7,7
56344,65,69,-4,4
56345,75,82,-7,7
56346,91,72,19,19
56347,55,59,-4,4
56348,82,82,0,0
56349,102,99,3,3
56350,74,72,2,2
56351,84,80,4,4
56352,128,112,16,16
56353,91,88,3,3
56354,120,110,10,10
56355,85,85,0,0
56356,108,111,-3,3
56357,72,72,0,0
56358,90,80,10,10
56359,85,87,-2,2
56360,112,101,11,11
56361,148,133,15,15
56362,105,101,4,4
56363,44,38,6,6
56364,42,54,-12,12
56365,103,89,14,14
56366,93,78,15,15
56367,63,61,2,2
56368,169,164,5,5
56369,65,65,0,0
56370,74,75,-1,1
56371,99,96,3,3
56372,129,120,9,9
56373,93,87,6,6
56374,139,122,17,17
56375,64,102,-38,38
56376,93,87,6,6
56377,53,71,-18,18
56378,110,100,10,10
56379,97,92,5,5
56380,170,147,23,23
56381,56,68,-12,12
56382,172,157,15,15
56383,71,69,2,2
56384,161,135,26,26
56385,130,125,5,5
56386,101,97,4,4
56387,107,101,6,6
56388,101,97,4,4
56389,64,70,-6,6
56390,75,73,2,2
56391,128,121,7,7
56392,80,77,3,3
56393,129,120,9,9
56394,54,59,-5,5
56395,71,76,-5,5
56396,55,50,5,5
56397,91,92,-1,1
56398,119,103,16,16
56399,94,90,4,4
56400,158,135,23,23
56401,60,65,-5,5
56402,158,146,12,12
56403,56,53,3,3
56404,121,114,7,7
56405,79,71,8,8
56406,120,105,15,15
56407,64,69,-5,5
56408,62,80,-18,18
56409,80,77,3,3
56410,135,118,17,17
56411,102,114,-12,12
56412,115,102,13,13
56413,142,134,8,8
56414,115,120,-5,5
56415,119,116,3,3
56416,138,120,18,18
56417,97,87,10,10
56418,80,75,5,5
56419,97,95,2,2
56420,111,106,5,5
56421,91,88,3,3
56422,95,97,-2,2
56423,91,92,-1,1
56424,101,84,17,17
56425,130,119,11,11
56426,89,85,4,4
56427,86,91,-5,5
56428,178,149,29,29
56429,168,148,20,20
56430,63,60,3,3
56431,69,63,6,6
56432,186,153,33,33
56433,143,124,19,19
56434,76,65,11,11
56435,87,88,-1,1
56436,46,52,-6,6
56437,81,81,0,0
56438,43,45,-2,2
56439,125,112,13,13
56440,190,166,24,24
56441,112,91,21,21
56442,161,143,18,18
56443,119,101,18,18
56444,98,96,2,2
56445,122,110,12,12
56446,94,88,6,6
56447,68,75,-7,7
56448,103,86,17,17
56449,126,100,26,26
56450,75,71,4,4
56451,123,105,18,18
56452,81,80,1,1
56453,144,139,5,5
56454,53,49,4,4
56455,164,131,33,33
56456,60,65,-5,5
56457,117,104,13,13
56458,121,112,9,9
56459,90,90,0,0
56460,86,81,5,5
56461,63,66,-3,3
56462,147,126,21,21
56463,103,94,9,9
56464,68,69,-1,1
56465,91,82,9,9
56466,81,70,11,11
56467,71,70,1,1
56468,63,64,-1,1
56469,123,116,7,7
56470,105,100,5,5
56471,81,82,-1,1
56472,112,108,4,4
56473,78,76,2,2
56474,85,82,3,3
56475,118,112,6,6
56476,65,59,6,6
56477,127,124,3,3
56478,83,81,2,2
56479,91,82,9,9
56480,62,65,-3,3
56481,75,77,-2,2
56482,88,89,-1,1
56483,163,142,21,21
56484,48,60,-12,12
56485,93,99,-6,6
56486,85,83,2,2
56487,142,132,10,10
56488,93,95,-2,2
56489,73,72,1,1
56490,65,67,-2,2
56491,83,79,4,4
56492,77,74,3,3
56493,113,103,10,10
56494,121,109,12,12
56495,71,72,-1,1
56496,64,63,1,1
56497,70,79,-9,9
56498,155,143,12,12
56499,59,57,2,2
56500,80,77,3,3
56501,80,81,-1,1
56502,59,63,-4,4
56503,83,74,9,9
56504,68,63,5,5
56505,77,83,-6,6
56506,121,100,21,21
56507,63,73,-10,10
56508,82,80,2,2
56509,145,130,15,15
56510,63,70,-7,7
56511,124,118,6,6
56512,83,93,-10,10
56513,175,158,17,17
56514,185,167,18,18
56515,65,64,1,1
56516,61,59,2,2
56517,76,72,4,4
56518,75,80,-5,5
56519,74,86,-12,12
56520,136,111,25,25
56521,47,47,0,0
56522,66,57,9,9
56523,131,113,18,18
56524,123,103,20,20
56525,118,109,9,9
56526,58,57,1,1
56527,89,83,6,6
56528,156,135,21,21
56529,55,61,-6,6
56530,115,102,13,13
56531,111,104,7,7
56532,116,120,-4,4
56533,62,70,-8,8
56534,108,93,15,15
56535,120,117,3,3
56536,112,108,4,4
56537,56,64,-8,8
56538,142,135,7,7
56539,91,80,11,11
56540,86,81,5,5
56541,121,112,9,9
56542,80,75,5,5
56543,103,98,5,5
56544,76,80,-4,4
56545,100,111,-11,11
56546,94,86,8,8
56547,117,118,-1,1
56548,84,80,4,4
56549,87,89,-2,2
56550,127,109,18,18
56551,90,103,-13,13
56552,96,85,11,11
56553,56,58,-2,2
56554,74,71,3,3
56555,98,91,7,7
56556,107,106,1,1
56557,125,101,24,24
56558,66,60,6,6
56559,91,93,-2,2
56560,154,150,4,4
56561,151,122,29,29
56562,77,79,-2,2
56563,60,64,-4,4
56564,72,78,-6,6
56565,132,107,25,25
56566,74,73,1,1
56567,63,65,-2,2
56568,129,121,8,8
56569,169,152,17,17
56570,88,94,-6,6
56571,129,117,12,12
56572,140,122,18,18
56573,80,85,-5,5
56574,94,95,-1,1
56575,49,57,-8,8
56576,145,131,14,14
56577,97,95,2,2
56578,94,94,0,0
56579,83,81,2,2
56580,135,122,13,13
56581,103,95,8,8
56582,40,45,-5,5
56583,119,124,-5,5
56584,60,64,-4,4
56585,44,45,-1,1
56586,104,102,2,2
56587,49,48,1,1
56588,70,92,-22,22
56589,59,61,-2,2
56590,114,116,-2,2
56591,65,61,4,4
56592,60,64,-4,4
56593,121,123,-2,2
56594,115,104,11,11
56595,75,70,5,5
56596,74,71,3,3
56597,103,95,8,8
56598,59,58,1,1
56599,125,121,4,4
56600,94,87,7,7
56601,73,73,0,0
56602,54,52,2,2
56603,58,57,1,1
56604,174,155,19,19
56605,46,49,-3,3
56606,79,80,-1,1
56607,108,95,13,13
56608,50,60,-10,10
56609,120,102,18,18
56610,159,134,25,25
56611,171,157,14,14
56612,81,85,-4,4
56613,85,84,1,1
56614,118,125,-7,7
56615,73,75,-2,2
56616,114,104,10,10
56617,77,71,6,6
56618,150,122,28,28
56619,72,79,-7,7
56620,64,84,-20,20
56621,85,95,-10,10
56622,112,107,5,5
56623,57,59,-2,2
56624,101,96,5,5
56625,83,83,0,0
56626,74,71,3,3
56627,142,123,19,19
56628,111,94,17,17
56629,135,110,25,25
56630,64,66,-2,2
56631,75,69,6,6
56632,188,170,18,18
56633,63,81,-18,18
56634,124,108,16,16
56635,42,51,-9,9
56636,136,112,24,24
56637,50,54,-4,4
56638,87,88,-1,1
56639,140,123,17,17
56640,94,91,3,3
56641,94,89,5,5
56642,61,73,-12,12
56643,86,83,3,3
56644,126,108,18,18
56645,63,63,0,0
56646,82,76,6,6
56647,140,130,10,10
56648,134,112,22,22
56649,79,79,0,0
56650,126,128,-2,2
56651,101,102,-1,1
56652,103,97,6,6
56653,70,67,3,3
56654,85,76,9,9
56655,84,85,-1,1
56656,58,62,-4,4
56657,139,117,22,22
56658,67,78,-11,11
56659,101,100,1,1
56660,83,83,0,0
56661,66,60,6,6
56662,59,60,-1,1
56663,77,80,-3,3
56664,53,61,-8,8
56665,130,115,15,15
56666,59,64,-5,5
56667,94,81,13,13
56668,120,106,14,14
56669,108,98,10,10
56670,95,85,10,10
56671,67,67,0,0
56672,103,97,6,6
56673,68,66,2,2
56674,82,78,4,4
56675,111,108,3,3
56676,78,76,2,2
56677,59,66,-7,7
56678,72,77,-5,5
56679,101,95,6,6
56680,77,82,-5,5
56681,65,62,3,3
56682,64,71,-7,7
56683,57,64,-7,7
56684,95,94,1,1
56685,68,69,-1,1
56686,137,117,20,20
56687,65,69,-4,4
56688,82,79,3,3
56689,73,78,-5,5
56690,96,101,-5,5
56691,110,102,8,8
56692,139,125,14,14
56693,87,72,15,15
56694,113,99,14,14
56695,40,37,3,3
56696,81,81,0,0
56697,51,60,-9,9
56698,173,142,31,31
56699,72,82,-10,10
56700,107,98,9,9
56701,112,109,3,3
56702,125,106,19,19
56703,56,59,-3,3
56704,141,120,21,21
56705,150,129,21,21
56706,136,127,9,9
56707,127,111,16,16
56708,132,130,2,2
56709,96,87,9,9
56710,35,50,-15,15
56711,86,83,3,3
56712,108,96,12,12
56713,149,131,18,18
56714,103,99,4,4
56715,144,142,2,2
56716,135,115,20,20
56717,112,102,10,10
56718,86,93,-7,7
56719,54,53,1,1
56720,78,73,5,5
56721,72,72,0,0
56722,87,88,-1,1
56723,79,91,-12,12
56724,109,114,-5,5
56725,120,102,18,18
56726,173,147,26,26
56727,57,65,-8,8
56728,40,42,-2,2
56729,82,83,-1,1
56730,70,76,-6,6
56731,86,83,3,3
56732,98,94,4,4
56733,134,131,3,3
56734,45,46,-1,1
56735,129,111,18,18
56736,68,75,-7,7
56737,91,83,8,8
56738,113,103,10,10
56739,52,60,-8,8
56740,94,88,6,6
56741,94,97,-3,3
56742,113,105,8,8
56743,128,110,18,18
56744,99,101,-2,2
56745,105,94,11,11
56746,86,99,-13,13
56747,148,130,18,18
56748,138,115,23,23
56749,99,84,15,15
56750,94,90,4,4
56751,73,74,-1,1
56752,153,127,26,26
56753,95,94,1,1
56754,118,116,2,2
56755,129,114,15,15
56756,50,66,-16,16
56757,123,106,17,17
56758,142,127,15,15
56759,123,112,11,11
56760,148,132,16,16
56761,107,98,9,9
56762,98,98,0,0
56763,112,106,6,6
56764,137,118,19,19
56765,106,98,8,8
56766,97,86,11,11
56767,96,95,1,1
56768,245,174,71,71
56769,115,106,9,9
56770,81,79,2,2
56771,130,104,26,26
56772,86,77,9,9
56773,128,115,13,13
56774,73,69,4,4
56775,110,100,10,10
56776,130,116,14,14
56777,97,96,1,1
56778,80,81,-1,1
56779,91,85,6,6
56780,88,83,5,5
56781,105,99,6,6
56782,75,57,18,18
56783,93,98,-5,5
56784,115,104,11,11
56785,133,117,16,16
56786,142,112,30,30
56787,62,71,-9,9
56788,78,80,-2,2
56789,91,83,8,8
56790,102,94,8,8
56791,109,103,6,6
56792,102,95,7,7
56793,90,80,10,10
56794,135,113,22,22
56795,31,53,-22,22
56796,143,127,16,16
56797,123,112,11,11
56798,102,93,9,9
56799,59,59,0,0
56800,83,83,0,0
56801,99,93,6,6
56802,50,68,-18,18
56803,168,139,29,29
56804,80,82,-2,2
56805,104,107,-3,3
56806,117,102,15,15
56807,113,111,2,2
56808,73,90,-17,17
56809,72,76,-4,4
56810,144,112,32,32
56811,131,122,9,9
56812,107,114,-7,7
56813,85,88,-3,3
56814,58,64,-6,6
56815,67,67,0,0
56816,62,62,0,0
56817,63,58,5,5
56818,148,140,8,8
56819,139,118,21,21
56820,82,88,-6,6
56821,133,120,13,13
56822,70,75,-5,5
56823,99,97,2,2
56824,115,106,9,9
56825,121,111,10,10
56826,107,106,1,1
56827,113,99,14,14
56828,61,69,-8,8
56829,80,75,5,5
56830,78,75,3,3
56831,68,65,3,3
56832,122,119,3,3
56833,109,97,12,12
56834,71,66,5,5
56835,60,68,-8,8
56836,125,112,13,13
56837,68,68,0,0
56838,114,105,9,9
56839,93,80,13,13
56840,75,78,-3,3
56841,99,94,5,5
56842,133,120,13,13
56843,78,81,-3,3
56844,45,41,4,4
56845,87,78,9,9
56846,72,80,-8,8
56847,129,112,17,17
56848,93,86,7,7
56849,95,94,1,1
56850,119,113,6,6
56851,96,83,13,13
56852,45,46,-1,1
56853,151,131,20,20
56854,75,73,2,2
56855,84,83,1,1
56856,75,72,3,3
56857,97,124,-27,27
56858,79,80,-1,1
56859,132,121,11,11
56860,108,96,12,12
56861,115,101,14,14
56862,89,96,-7,7
56863,84,86,-2,2
56864,132,118,14,14
56865,94,87,7,7
56866,182,167,15,15
56867,170,141,29,29
56868,93,88,5,5
56869,70,75,-5,5
56870,38,44,-6,6
56871,102,101,1,1
56872,139,120,19,19
56873,97,96,1,1
56874,87,82,5,5
56875,86,79,7,7
56876,76,84,-8,8
56877,91,96,-5,5
56878,81,81,0,0
56879,86,75,11,11
56880,90,82,8,8
56881,73,77,-4,4
56882,122,113,9,9
56883,81,76,5,5
56884,182,155,27,27
56885,73,78,-5,5
56886,108,99,9,9
56887,70,68,2,2
56888,170,146,24,24
56889,98,92,6,6
56890,83,86,-3,3
56891,89,90,-1,1
56892,79,81,-2,2
56893,77,80,-3,3
56894,82,85,-3,3
56895,79,78,1,1
56896,165,138,27,27
56897,57,66,-9,9
56898,94,98,-4,4
56899,101,88,13,13
56900,170,164,6,6
56901,68,75,-7,7
56902,121,109,12,12
56903,137,118,19,19
56904,72,69,3,3
56905,109,102,7,7
56906,81,76,5,5
56907,71,73,-2,2
56908,135,126,9,9
56909,105,99,6,6
56910,101,93,8,8
56911,71,80,-9,9
56912,93,92,1,1
56913,75,74,1,1
56914,68,123,-55,55
56915,107,99,8,8
56916,76,72,4,4
56917,127,113,14,14
56918,117,114,3,3
56919,123,102,21,21
56920,158,147,11,11
56921,96,90,6,6
56922,44,45,-1,1
56923,100,94,6,6
56924,69,72,-3,3
56925,77,82,-5,5
56926,66,73,-7,7
56927,71,66,5,5
56928,117,108,9,9
56929,103,102,1,1
56930,99,90,9,9
56931,131,120,11,11
56932,50,44,6,6
56933,39,41,-2,2
56934,74,71,3,3
56935,51,57,-6,6
56936,91,93,-2,2
56937,104,106,-2,2
56938,76,76,0,0
56939,126,115,11,11
56940,79,81,-2,2
56941,88,86,2,2
56942,103,95,8,8
56943,156,129,27,27
56944,153,140,13,13
56945,82,78,4,4
56946,69,73,-4,4
56947,85,92,-7,7
56948,90,96,-6,6
56949,118,102,16,16
56950,113,106,7,7
56951,63,70,-7,7
56952,39,47,-8,8
56953,125,110,15,15
56954,111,120,-9,9
56955,85,82,3,3
56956,69,74,-5,5
56957,164,143,21,21
56958,115,110,5,5
56959,100,109,-9,9
56960,97,93,4,4
56961,76,85,-9,9
56962,109,111,-2,2
56963,122,108,14,14
56964,75,78,-3,3
56965,94,90,4,4
56966,73,69,4,4
56967,138,120,18,18
56968,109,88,21,21
56969,84,93,-9,9
56970,65,59,6,6
56971,97,91,6,6
56972,150,132,18,18
56973,158,141,17,17
56974,74,76,-2,2
56975,64,70,-6,6
56976,102,96,6,6
56977,83,90,-7,7
56978,181,148,33,33
56979,149,125,24,24
56980,67,63,4,4
56981,108,106,2,2
56982,126,116,10,10
56983,129,115,14,14
56984,123,110,13,13
56985,88,81,7,7
56986,79,84,-5,5
56987,122,100,22,22
56988,88,79,9,9
56989,129,126,3,3
56990,82,79,3,3
56991,72,74,-2,2
56992,116,101,15,15
56993,93,101,-8,8
56994,82,79,3,3
56995,153,139,14,14
56996,169,140,29,29
56997,79,91,-12,12
56998,92,88,4,4
56999,123,111,12,12
57000,75,92,-17,17
57001,162,151,11,11
57002,79,80,-1,1
57003,90,83,7,7
57004,74,82,-8,8
57005,130,117,13,13
57006,128,110,18,18
57007,75,83,-8,8
57008,86,84,2,2
57009,111,105,6,6
57010,100,93,7,7
57011,57,64,-7,7
57012,126,116,10,10
57013,61,66,-5,5
57014,79,80,-1,1
57015,80,69,11,11
57016,49,59,-10,10
57017,83,84,-1,1
57018,65,68,-3,3
57019,76,76,0,0
57020,99,95,4,4
57021,152,128,24,24
57022,74,74,0,0
57023,90,94,-4,4
57024,116,117,-1,1
57025,150,132,18,18
57026,98,103,-5,5
57027,136,118,18,18
57028,109,104,5,5
57029,131,137,-6,6
57030,44,49,-5,5
57031,52,53,-1,1
57032,73,70,3,3
57033,160,114,46,46
57034,104,98,6,6
57035,71,68,3,3
57036,52,54,-2,2
57037,69,67,2,2
57038,120,100,20,20
57039,51,47,4,4
57040,65,71,-6,6
57041,93,84,9,9
57042,62,80,-18,18
57043,108,102,6,6
57044,86,87,-1,1
57045,65,71,-6,6
57046,151,136,15,15
57047,82,86,-4,4
57048,54,57,-3,3
57049,57,60,-3,3
57050,87,82,5,5
57051,75,80,-5,5
57052,76,79,-3,3
57053,144,129,15,15
57054,82,83,-1,1
57055,70,68,2,2
57056,65,68,-3,3
57057,130,121,9,9
57058,179,168,11,11
57059,143,135,8,8
57060,128,113,15,15
57061,59,60,-1,1
57062,141,123,18,18
57063,91,84,7,7
57064,117,105,12,12
57065,103,94,9,9
57066,102,100,2,2
57067,150,113,37,37
57068,91,82,9,9
57069,82,86,-4,4
57070,72,66,6,6
57071,146,124,22,22
57072,51,54,-3,3
57073,119,115,4,4
57074,94,93,1,1
57075,113,96,17,17
57076,115,105,10,10
57077,50,55,-5,5
57078,72,84,-12,12
57079,127,112,15,15
57080,67,86,-19,19
57081,76,77,-1,1
57082,96,101,-5,5
57083,137,135,2,2
57084,189,164,25,25
57085,83,82,1,1
57086,90,88,2,2
57087,85,82,3,3
57088,99,97,2,2
57089,88,86,2,2
57090,163,135,28,28
57091,78,81,-3,3
57092,63,61,2,2
57093,87,89,-2,2
57094,81,83,-2,2
57095,117,121,-4,4
57096,86,78,8,8
57097,97,93,4,4
57098,120,110,10,10
57099,61,57,4,4
57100,109,108,1,1
57101,82,80,2,2
57102,98,85,13,13
57103,100,90,10,10
57104,114,100,14,14
57105,61,66,-5,5
57106,88,89,-1,1
57107,75,80,-5,5
57108,96,92,4,4
57109,125,123,2,2
57110,216,183,33,33
57111,91,85,6,6
57112,149,156,-7,7
57113,104,90,14,14
57114,69,70,-1,1
57115,65,65,0,0
57116,116,98,18,18
57117,66,67,-1,1
57118,53,56,-3,3
57119,61,71,-10,10
57120,106,102,4,4
57121,118,103,15,15
57122,145,130,15,15
57123,90,82,8,8
57124,76,73,3,3
57125,48,54,-6,6
57126,38,41,-3,3
57127,65,68,-3,3
57128,98,88,10,10
57129,48,58,-10,10
57130,93,92,1,1
57131,117,113,4,4
57132,66,70,-4,4
57133,110,94,16,16
57134,121,109,12,12
57135,95,90,5,5
57136,81,79,2,2
57137,48,58,-10,10
57138,80,83,-3,3
57139,136,138,-2,2
57140,55,53,2,2
57141,110,97,13,13
57142,104,109,-5,5
57143,89,81,8,8
57144,90,98,-8,8
57145,111,104,7,7
57146,85,91,-6,6
57147,113,105,8,8
57148,100,96,4,4
57149,147,124,23,23
57150,86,90,-4,4
57151,76,80,-4,4
57152,164,131,33,33
57153,130,109,21,21
57154,99,87,12,12
57155,40,44,-4,4
57156,175,164,11,11
57157,148,140,8,8
57158,106,102,4,4
57159,152,142,10,10
57160,91,92,-1,1
57161,98,91,7,7
57162,51,61,-10,10
57163,88,87,1,1
57164,89,84,5,5
57165,63,61,2,2
57166,84,82,2,2
57167,75,70,5,5
57168,117,102,15,15
57169,111,109,2,2
57170,134,137,-3,3
57171,81,85,-4,4
57172,101,104,-3,3
57173,61,60,1,1
57174,116,108,8,8
57175,77,81,-4,4
57176,121,110,11,11
57177,101,93,8,8
57178,22,31,-9,9
57179,89,85,4,4
57180,134,122,12,12
57181,132,128,4,4
57182,48,52,-4,4
57183,102,95,7,7
57184,90,83,7,7
57185,89,86,3,3
57186,109,104,5,5
57187,164,138,26,26
57188,93,93,0,0
57189,93,93,0,0
57190,63,74,-11,11
57191,99,97,2,2
57192,72,71,1,1
57193,85,83,2,2
57194,76,79,-3,3
57195,85,81,4,4
57196,125,87,38,38
57197,63,63,0,0
57198,47,57,-10,10
57199,123,116,7,7
57200,88,94,-6,6
57201,75,70,5,5
57202,78,76,2,2
57203,73,60,13,13
57204,113,116,-3,3
57205,88,81,7,7
57206,91,80,11,11
57207,99,94,5,5
57208,92,97,-5,5
57209,102,100,2,2
57210,84,85,-1,1
57211,153,136,17,17
57212,117,114,3,3
57213,61,59,2,2
57214,81,76,5,5
57215,148,133,15,15
57216,88,74,14,14
57217,109,100,9,9
57218,124,111,13,13
57219,44,56,-12,12
57220,75,77,-2,2
57221,107,105,2,2
57222,74,77,-3,3
57223,75,69,6,6
57224,97,85,12,12
57225,95,87,8,8
57226,72,67,5,5
57227,71,69,2,2
57228,100,93,7,7
57229,110,93,17,17
57230,67,60,7,7
57231,59,57,2,2
57232,162,140,22,22
57233,97,97,0,0
57234,66,73,-7,7
57235,87,81,6,6
57236,142,122,20,20
57237,77,77,0,0
57238,61,56,5,5
57239,61,108,-47,47
57240,131,114,17,17
57241,84,84,0,0
57242,77,80,-3,3
57243,60,60,0,0
57244,77,80,-3,3
57245,47,54,-7,7
57246,71,78,-7,7
57247,118,116,2,2
57248,105,107,-2,2
57249,137,122,15,15
57250,48,66,-18,18
57251,81,80,1,1
57252,105,89,16,16
57253,107,101,6,6
57254,149,134,15,15
57255,88,80,8,8
57256,104,95,9,9
57257,130,106,24,24
57258,118,112,6,6
57259,50,70,-20,20
57260,113,99,14,14
57261,48,50,-2,2
57262,105,102,3,3
57263,63,72,-9,9
57264,63,66,-3,3
57265,65,73,-8,8
57266,105,100,5,5
57267,38,44,-6,6
57268,57,57,0,0
57269,94,88,6,6
57270,87,78,9,9
57271,68,70,-2,2
57272,66,76,-10,10
57273,87,89,-2,2
57274,121,105,16,16
57275,104,91,13,13
57276,124,118,6,6
57277,158,130,28,28
57278,30,39,-9,9
57279,101,109,-8,8
57280,86,74,12,12
57281,93,90,3,3
57282,123,125,-2,2
57283,102,85,17,17
57284,142,140,2,2
57285,61,77,-16,16
57286,75,82,-7,7
57287,125,121,4,4
57288,95,89,6,6
57289,171,149,22,22
57290,96,118,-22,22
57291,123,113,10,10
57292,106,108,-2,2
57293,62,64,-2,2
57294,87,83,4,4
57295,57,60,-3,3
57296,56,51,5,5
57297,124,111,13,13
57298,81,79,2,2
57299,109,91,18,18
57300,165,158,7,7
57301,171,171,0,0
57302,104,96,8,8
57303,59,66,-7,7
57304,40,46,-6,6
57305,74,87,-13,13
57306,127,115,12,12
57307,73,82,-9,9
57308,130,111,19,19
57309,47,63,-16,16
57310,59,62,-3,3
57311,156,127,29,29
57312,101,91,10,10
57313,89,77,12,12
57314,95,89,6,6
57315,60,71,-11,11
57316,91,90,1,1
57317,74,74,0,0
57318,160,141,19,19
57319,114,102,12,12
57320,148,130,18,18
57321,80,73,7,7
57322,24,26,-2,2
57323,52,57,-5,5
57324,259,209,50,50
57325,44,48,-4,4
57326,149,131,18,18
57327,57,62,-5,5
57328,126,117,9,9
57329,142,121,21,21
57330,111,107,4,4
57331,167,144,23,23
57332,76,75,1,1
57333,69,67,2,2
57334,110,106,4,4
57335,92,100,-8,8
57336,99,82,17,17
57337,95,92,3,3
57338,114,102,12,12
57339,91,94,-3,3
57340,104,97,7,7
57341,84,82,2,2
57342,164,138,26,26
57343,44,52,-8,8
57344,75,70,5,5
57345,95,91,4,4
57346,27,40,-13,13
57347,81,80,1,1
57348,72,74,-2,2
57349,100,87,13,13
57350,131,109,22,22
57351,61,69,-8,8
57352,89,83,6,6
57353,65,70,-5,5
57354,53,64,-11,11
57355,103,105,-2,2
57356,129,119,10,10
57357,114,98,16,16
57358,102,97,5,5
57359,87,93,-6,6
57360,77,69,8,8
57361,72,73,-1,1
57362,71,76,-5,5
57363,67,60,7,7
57364,116,109,7,7
57365,102,93,9,9
57366,83,79,4,4
57367,55,55,0,0
57368,71,82,-11,11
57369,84,78,6,6
57370,98,92,6,6
57371,101,86,15,15
57372,82,73,9,9
57373,117,113,4,4
57374,126,118,8,8
57375,66,72,-6,6
57376,81,86,-5,5
57377,189,175,14,14
57378,90,79,11,11
57379,86,81,5,5
57380,107,95,12,12
57381,117,124,-7,7
57382,54,59,-5,5
57383,81,85,-4,4
57384,85,80,5,5
57385,88,90,-2,2
57386,57,61,-4,4
57387,103,99,4,4
57388,103,93,10,10
57389,95,82,13,13
57390,107,100,7,7
57391,91,88,3,3
57392,111,118,-7,7
57393,200,168,32,32
57394,83,87,-4,4
57395,86,81,5,5
57396,80,83,-3,3
57397,109,110,-1,1
57398,69,66,3,3
57399,78,75,3,3
57400,70,79,-9,9
57401,77,78,-1,1
57402,69,65,4,4
57403,96,85,11,11
57404,121,130,-9,9
57405,90,91,-1,1
57406,152,132,20,20
57407,91,82,9,9
57408,89,84,5,5
57409,104,96,8,8
57410,88,72,16,16
57411,113,105,8,8
57412,81,87,-6,6
57413,92,83,9,9
57414,112,96,16,16
57415,113,110,3,3
57416,119,103,16,16
57417,68,69,-1,1
57418,183,146,37,37
57419,154,130,24,24
57420,115,111,4,4
57421,173,177,-4,4
57422,108,96,12,12
57423,124,122,2,2
57424,71,68,3,3
57425,84,79,5,5
57426,80,87,-7,7
57427,90,96,-6,6
57428,74,70,4,4
57429,89,75,14,14
57430,81,86,-5,5
57431,100,87,13,13
57432,136,124,12,12
57433,55,57,-2,2
57434,105,100,5,5
57435,77,72,5,5
57436,192,166,26,26
57437,99,90,9,9
57438,90,84,6,6
57439,134,115,19,19
57440,113,104,9,9
57441,90,83,7,7
57442,150,126,24,24
57443,52,57,-5,5
57444,102,90,12,12
57445,55,52,3,3
57446,110,104,6,6
57447,57,61,-4,4
57448,57,61,-4,4
57449,97,87,10,10
57450,117,115,2,2
57451,83,82,1,1
57452,121,105,16,16
57453,58,63,-5,5
57454,101,96,5,5
57455,63,67,-4,4
57456,105,99,6,6
57457,94,87,7,7
57458,138,124,14,14
57459,62,61,1,1
57460,113,108,5,5
57461,50,58,-8,8
57462,90,91,-1,1
57463,135,126,9,9
57464,68,63,5,5
57465,94,89,5,5
57466,63,62,1,1
57467,179,146,33,33
57468,78,73,5,5
57469,197,155,42,42
57470,124,113,11,11
57471,115,114,1,1
57472,105,98,7,7
57473,135,126,9,9
57474,59,58,1,1
57475,75,86,-11,11
57476,131,118,13,13
57477,125,117,8,8
57478,82,86,-4,4
57479,193,163,30,30
57480,23,26,-3,3
57481,67,67,0,0
57482,204,174,30,30
57483,78,80,-2,2
57484,95,95,0,0
57485,143,134,9,9
57486,69,70,-1,1
57487,78,72,6,6
57488,185,161,24,24
57489,60,63,-3,3
57490,93,83,10,10
57491,49,50,-1,1
57492,151,125,26,26
57493,93,85,8,8
57494,109,94,15,15
57495,58,58,0,0
57496,132,108,24,24
57497,85,76,9,9
57498,118,95,23,23
57499,69,72,-3,3
57500,76,77,-1,1
57501,68,75,-7,7
57502,68,70,-2,2
57503,103,107,-4,4
57504,116,107,9,9
57505,189,151,38,38
57506,64,70,-6,6
57507,54,52,2,2
57508,99,97,2,2
57509,140,119,21,21
57510,52,49,3,3
57511,144,127,17,17
57512,96,90,6,6
57513,60,83,-23,23
57514,131,123,8,8
57515,101,103,-2,2
57516,21,42,-21,21
57517,77,78,-1,1
57518,94,91,3,3
57519,64,61,3,3
57520,77,71,6,6
57521,89,89,0,0
57522,68,69,-1,1
57523,100,80,20,20
57524,94,88,6,6
57525,99,92,7,7
57526,104,101,3,3
57527,76,74,2,2
57528,41,48,-7,7
57529,89,80,9,9
57530,159,126,33,33
57531,145,121,24,24
57532,89,80,9,9
57533,117,115,2,2
57534,56,68,-12,12
57535,112,99,13,13
57536,59,56,3,3
57537,54,59,-5,5
57538,83,74,9,9
57539,70,74,-4,4
57540,64,68,-4,4
57541,134,119,15,15
57542,107,106,1,1
57543,81,80,1,1
57544,117,113,4,4
57545,123,116,7,7
57546,114,98,16,16
57547,173,145,28,28
57548,79,72,7,7
57549,117,102,15,15
57550,32,43,-11,11
57551,87,81,6,6
57552,189,165,24,24
57553,70,78,-8,8
57554,155,126,29,29
57555,81,84,-3,3
57556,168,146,22,22
57557,114,106,8,8
57558,153,149,4,4
57559,124,107,17,17
57560,51,47,4,4
57561,105,104,1,1
57562,101,108,-7,7
57563,86,87,-1,1
57564,129,116,13,13
57565,122,107,15,15
57566,149,126,23,23
57567,85,80,5,5
57568,73,70,3,3
57569,66,70,-4,4
57570,180,146,34,34
57571,33,34,-1,1
57572,70,74,-4,4
57573,101,109,-8,8
57574,89,94,-5,5
57575,120,110,10,10
57576,121,107,14,14
57577,91,90,1,1
57578,90,84,6,6
57579,121,111,10,10
57580,154,145,9,9
57581,110,100,10,10
57582,65,59,6,6
57583,107,109,-2,2
57584,141,124,17,17
57585,61,65,-4,4
57586,119,111,8,8
57587,135,124,11,11
57588,185,148,37,37
57589,46,48,-2,2
57590,89,87,2,2
57591,134,122,12,12
57592,102,91,11,11
57593,138,128,10,10
57594,104,95,9,9
57595,176,150,26,26
57596,112,103,9,9
57597,135,119,16,16
57598,119,110,9,9
57599,82,75,7,7
57600,99,99,0,0
57601,119,104,15,15
57602,98,104,-6,6
57603,96,96,0,0
57604,90,95,-5,5
57605,81,71,10,10
57606,65,67,-2,2
57607,120,107,13,13
57608,90,82,8,8
57609,80,81,-1,1
57610,81,86,-5,5
57611,78,93,-15,15
57612,82,74,8,8
57613,155,123,32,32
57614,77,73,4,4
57615,116,108,8,8
57616,78,80,-2,2
57617,69,69,0,0
57618,64,67,-3,3
57619,88,84,4,4
57620,56,61,-5,5
57621,62,71,-9,9
57622,49,57,-8,8
57623,120,102,18,18
57624,154,134,20,20
57625,86,84,2,2
57626,61,67,-6,6
57627,66,66,0,0
57628,145,115,30,30
57629,83,86,-3,3
57630,136,122,14,14
57631,88,95,-7,7
57632,71,87,-16,16
57633,93,83,10,10
57634,97,88,9,9
57635,94,82,12,12
57636,97,97,0,0
57637,57,66,-9,9
57638,142,131,11,11
57639,119,109,10,10
57640,87,87,0,0
57641,131,127,4,4
57642,119,116,3,3
57643,76,71,5,5
57644,55,52,3,3
57645,106,97,9,9
57646,70,75,-5,5
57647,103,96,7,7
57648,96,81,15,15
57649,150,138,12,12
57650,128,120,8,8
57651,38,40,-2,2
57652,65,77,-12,12
57653,79,75,4,4
57654,96,83,13,13
57655,88,82,6,6
57656,185,177,8,8
57657,81,73,8,8
57658,151,126,25,25
57659,94,92,2,2
57660,72,74,-2,2
57661,110,97,13,13
57662,109,100,9,9
57663,80,74,6,6
57664,68,71,-3,3
57665,111,94,17,17
57666,67,70,-3,3
57667,95,84,11,11
57668,114,109,5,5
57669,51,57,-6,6
57670,111,103,8,8
57671,118,99,19,19
57672,157,124,33,33
57673,82,81,1,1
57674,119,93,26,26
57675,73,74,-1,1
57676,88,79,9,9
57677,46,47,-1,1
57678,61,66,-5,5
57679,81,81,0,0
57680,117,106,11,11
57681,87,83,4,4
57682,71,64,7,7
57683,70,65,5,5
57684,98,102,-4,4
57685,89,87,2,2
57686,100,89,11,11
57687,124,108,16,16
57688,166,143,23,23
57689,90,82,8,8
57690,43,46,-3,3
57691,175,144,31,31
57692,104,104,0,0
57693,180,158,22,22
57694,57,55,2,2
57695,36,46,-10,10
57696,144,138,6,6
57697,136,120,16,16
57698,56,58,-2,2
57699,93,94,-1,1
57700,91,89,2,2
57701,98,92,6,6
57702,82,68,14,14
57703,101,107,-6,6
57704,113,108,5,5
57705,53,61,-8,8
57706,55,58,-3,3
57707,120,105,15,15
57708,105,93,12,12
57709,71,78,-7,7
57710,78,76,2,2
57711,165,148,17,17
57712,82,83,-1,1
57713,126,111,15,15
57714,114,101,13,13
57715,143,122,21,21
57716,118,110,8,8
57717,94,95,-1,1
57718,41,41,0,0
57719,67,69,-2,2
57720,83,80,3,3
57721,119,98,21,21
57722,62,66,-4,4
57723,55,51,4,4
57724,95,93,2,2
57725,91,90,1,1
57726,68,69,-1,1
57727,144,135,9,9
57728,64,67,-3,3
57729,43,61,-18,18
57730,81,83,-2,2
57731,94,80,14,14
57732,77,76,1,1
57733,167,155,12,12
57734,51,60,-9,9
57735,117,102,15,15
57736,93,90,3,3
57737,71,72,-1,1
57738,64,69,-5,5
57739,168,144,24,24
57740,98,93,5,5
57741,38,39,-1,1
57742,124,107,17,17
57743,104,106,-2,2
57744,45,46,-1,1
57745,36,42,-6,6
57746,82,80,2,2
57747,120,104,16,16
57748,108,108,0,0
57749,43,51,-8,8
57750,85,77,8,8
57751,146,126,20,20
57752,82,96,-14,14
57753,115,98,17,17
57754,98,87,11,11
57755,87,81,6,6
57756,124,117,7,7
57757,86,82,4,4
57758,92,104,-12,12
57759,109,88,21,21
57760,125,112,13,13
57761,140,134,6,6
57762,84,97,-13,13
57763,66,71,-5,5
57764,131,112,19,19
57765,81,73,8,8
57766,88,81,7,7
57767,143,138,5,5
57768,74,76,-2,2
57769,118,119,-1,1
57770,56,63,-7,7
57771,61,62,-1,1
57772,112,111,1,1
57773,119,102,17,17
57774,102,91,11,11
57775,101,112,-11,11
57776,71,69,2,2
57777,118,110,8,8
57778,119,125,-6,6
57779,83,87,-4,4
57780,133,113,20,20
57781,57,59,-2,2
57782,87,81,6,6
57783,6,26,-20,20
57784,76,85,-9,9
57785,124,112,12,12
57786,28,26,2,2
57787,65,63,2,2
57788,86,75,11,11
57789,111,109,2,2
57790,59,68,-9,9
57791,94,91,3,3
57792,97,104,-7,7
57793,115,109,6,6
57794,75,79,-4,4
57795,144,128,16,16
57796,86,93,-7,7
57797,74,73,1,1
57798,102,102,0,0
57799,79,76,3,3
57800,99,92,7,7
57801,140,137,3,3
57802,101,97,4,4
57803,156,131,25,25
57804,92,86,6,6
57805,70,76,-6,6
57806,59,72,-13,13
57807,116,104,12,12
57808,138,122,16,16
57809,136,128,8,8
57810,61,61,0,0
57811,53,56,-3,3
57812,79,71,8,8
57813,90,82,8,8
57814,127,113,14,14
57815,177,138,39,39
57816,110,111,-1,1
57817,129,113,16,16
57818,106,116,-10,10
57819,74,75,-1,1
57820,154,144,10,10
57821,129,119,10,10
57822,73,70,3,3
57823,77,82,-5,5
57824,84,87,-3,3
57825,103,95,8,8
57826,90,113,-23,23
57827,109,103,6,6
57828,68,64,4,4
57829,72,68,4,4
57830,105,111,-6,6
57831,65,65,0,0
57832,95,84,11,11
57833,133,123,10,10
57834,103,93,10,10
57835,107,106,1,1
57836,79,73,6,6
57837,116,102,14,14
57838,91,81,10,10
57839,72,82,-10,10
57840,66,83,-17,17
57841,147,125,22,22
57842,90,96,-6,6
57843,192,190,2,2
57844,98,106,-8,8
57845,105,94,11,11
57846,44,48,-4,4
57847,102,86,16,16
57848,82,87,-5,5
57849,107,100,7,7
57850,102,96,6,6
57851,135,115,20,20
57852,157,134,23,23
57853,61,57,4,4
57854,155,134,21,21
57855,121,119,2,2
57856,77,73,4,4
57857,142,127,15,15
57858,95,84,11,11
57859,104,93,11,11
57860,77,77,0,0
57861,135,121,14,14
57862,101,98,3,3
57863,65,63,2,2
57864,108,99,9,9
57865,46,55,-9,9
57866,196,169,27,27
57867,83,80,3,3
57868,92,82,10,10
57869,66,59,7,7
57870,87,81,6,6
57871,76,74,2,2
57872,24,23,1,1
57873,94,96,-2,2
57874,85,71,14,14
57875,147,177,-30,30
57876,104,109,-5,5
57877,97,93,4,4
57878,159,131,28,28
57879,103,95,8,8
57880,114,110,4,4
57881,133,125,8,8
57882,66,65,1,1
57883,101,101,0,0
57884,71,69,2,2
57885,85,82,3,3
57886,87,76,11,11
57887,116,91,25,25
57888,88,79,9,9
57889,64,62,2,2
57890,48,50,-2,2
57891,55,60,-5,5
57892,61,83,-22,22
57893,86,91,-5,5
57894,56,53,3,3
57895,58,55,3,3
57896,77,79,-2,2
57897,70,75,-5,5
57898,78,81,-3,3
57899,136,115,21,21
57900,69,69,0,0
57901,68,64,4,4
57902,102,94,8,8
57903,67,67,0,0
57904,82,75,7,7
57905,54,53,1,1
57906,70,75,-5,5
57907,83,79,4,4
57908,129,111,18,18
57909,43,46,-3,3
57910,46,61,-15,15
57911,119,112,7,7
57912,50,53,-3,3
57913,76,78,-2,2
57914,168,145,23,23
57915,83,81,2,2
57916,116,99,17,17
57917,121,123,-2,2
57918,96,100,-4,4
57919,126,122,4,4
57920,86,84,2,2
57921,85,79,6,6
57922,93,78,15,15
57923,52,57,-5,5
57924,129,113,16,16
57925,87,82,5,5
57926,38,46,-8,8
57927,61,74,-13,13
57928,77,77,0,0
57929,73,70,3,3
57930,143,138,5,5
57931,59,64,-5,5
57932,57,59,-2,2
57933,64,66,-2,2
57934,140,126,14,14
57935,109,108,1,1
57936,91,87,4,4
57937,64,67,-3,3
57938,105,88,17,17
57939,121,105,16,16
57940,65,60,5,5
57941,80,80,0,0
57942,75,74,1,1
57943,90,80,10,10
57944,93,93,0,0
57945,60,61,-1,1
57946,75,72,3,3
57947,97,94,3,3
57948,130,112,18,18
57949,111,100,11,11
57950,82,75,7,7
57951,102,95,7,7
57952,72,73,-1,1
57953,180,168,12,12
57954,71,80,-9,9
57955,92,88,4,4
57956,109,99,10,10
57957,113,102,11,11
57958,117,111,6,6
57959,105,102,3,3
57960,85,81,4,4
57961,75,69,6,6
57962,77,76,1,1
57963,79,80,-1,1
57964,106,97,9,9
57965,52,62,-10,10
57966,107,82,25,25
57967,89,90,-1,1
57968,150,132,18,18
57969,84,82,2,2
57970,78,80,-2,2
57971,124,109,15,15
57972,58,60,-2,2
57973,110,102,8,8
57974,108,104,4,4
57975,95,102,-7,7
57976,139,120,19,19
57977,92,86,6,6
57978,63,69,-6,6
57979,81,83,-2,2
57980,103,85,18,18
57981,75,73,2,2
57982,75,84,-9,9
57983,125,113,12,12
57984,98,99,-1,1
57985,101,95,6,6
57986,73,81,-8,8
57987,95,87,8,8
57988,120,108,12,12
57989,90,100,-10,10
57990,178,147,31,31
57991,111,107,4,4
57992,90,87,3,3
57993,91,76,15,15
57994,92,80,12,12
57995,77,77,0,0
57996,87,82,5,5
57997,121,111,10,10
57998,99,87,12,12
57999,119,117,2,2
58000,85,89,-4,4
58001,102,96,6,6
58002,102,95,7,7
58003,68,63,5,5
58004,159,128,31,31
58005,91,76,15,15
58006,85,86,-1,1
58007,77,83,-6,6
58008,136,122,14,14
58009,182,153,29,29
58010,101,95,6,6
58011,63,61,2,2
58012,89,97,-8,8
58013,78,79,-1,1
58014,104,99,5,5
58015,113,101,12,12
58016,88,89,-1,1
58017,87,82,5,5
58018,182,147,35,35
58019,97,92,5,5
58020,123,111,12,12
58021,93,114,-21,21
58022,77,63,14,14
58023,87,81,6,6
58024,71,71,0,0
58025,60,61,-1,1
58026,95,97,-2,2
58027,92,81,11,11
58028,78,73,5,5
58029,84,84,0,0
58030,153,131,22,22
58031,140,132,8,8
58032,99,82,17,17
58033,57,58,-1,1
58034,83,86,-3,3
58035,79,74,5,5
58036,87,84,3,3
58037,85,101,-16,16
58038,80,81,-1,1
58039,69,74,-5,5
58040,68,71,-3,3
58041,94,95,-1,1
58042,79,82,-3,3
58043,115,106,9,9
58044,59,63,-4,4
58045,183,169,14,14
58046,64,65,-1,1
58047,109,94,15,15
58048,54,49,5,5
58049,62,61,1,1
58050,69,81,-12,12
58051,62,57,5,5
58052,71,69,2,2
58053,140,125,15,15
58054,73,70,3,3
58055,124,117,7,7
58056,86,90,-4,4
58057,142,139,3,3
58058,170,153,17,17
58059,69,68,1,1
58060,124,112,12,12
58061,123,118,5,5
58062,104,82,22,22
58063,65,72,-7,7
58064,110,103,7,7
58065,80,79,1,1
58066,66,69,-3,3
58067,96,88,8,8
58068,116,113,3,3
58069,74,72,2,2
58070,59,59,0,0
58071,64,58,6,6
58072,115,111,4,4
58073,89,81,8,8
58074,136,114,22,22
58075,51,51,0,0
58076,73,71,2,2
58077,68,85,-17,17
58078,116,107,9,9
58079,135,128,7,7
58080,29,39,-10,10
58081,96,82,14,14
58082,38,66,-28,28
58083,170,151,19,19
58084,125,112,13,13
58085,160,134,26,26
58086,108,108,0,0
58087,144,127,17,17
58088,70,63,7,7
58089,100,94,6,6
58090,62,63,-1,1
58091,129,119,10,10
58092,99,88,11,11
58093,93,96,-3,3
58094,108,93,15,15
58095,59,57,2,2
58096,43,49,-6,6
58097,119,100,19,19
58098,71,62,9,9
58099,147,144,3,3
58100,60,60,0,0
58101,79,87,-8,8
58102,64,69,-5,5
58103,73,74,-1,1
58104,105,101,4,4
58105,80,76,4,4
58106,79,82,-3,3
58107,90,85,5,5
58108,89,79,10,10
58109,73,68,5,5
58110,113,111,2,2
58111,78,84,-6,6
58112,63,81,-18,18
58113,142,121,21,21
58114,145,143,2,2
58115,95,92,3,3
58116,101,95,6,6
58117,126,109,17,17
58118,154,130,24,24
58119,184,142,42,42
58120,116,110,6,6
58121,84,82,2,2
58122,129,117,12,12
58123,74,74,0,0
58124,97,85,12,12
58125,88,103,-15,15
58126,102,101,1,1
58127,69,70,-1,1
58128,73,80,-7,7
58129,77,68,9,9
58130,98,94,4,4
58131,78,78,0,0
58132,108,87,21,21
58133,78,79,-1,1
58134,86,93,-7,7
58135,70,65,5,5
58136,70,73,-3,3
58137,78,73,5,5
58138,81,75,6,6
58139,55,63,-8,8
58140,37,42,-5,5
58141,80,80,0,0
58142,68,67,1,1
58143,130,123,7,7
58144,100,92,8,8
58145,71,76,-5,5
58146,97,91,6,6
58147,147,133,14,14
58148,93,92,1,1
58149,165,149,16,16
58150,70,73,-3,3
58151,59,68,-9,9
58152,46,45,1,1
58153,132,107,25,25
58154,90,75,15,15
58155,208,179,29,29
58156,124,114,10,10
58157,92,95,-3,3
58158,75,75,0,0
58159,103,95,8,8
58160,47,55,-8,8
58161,72,61,11,11
58162,65,68,-3,3
58163,107,104,3,3
58164,131,121,10,10
58165,67,77,-10,10
58166,119,106,13,13
58167,63,64,-1,1
58168,153,126,27,27
58169,72,74,-2,2
58170,131,133,-2,2
58171,92,87,5,5
58172,70,71,-1,1
58173,93,96,-3,3
58174,48,65,-17,17
58175,75,69,6,6
58176,185,163,22,22
58177,90,89,1,1
58178,53,55,-2,2
58179,130,119,11,11
58180,139,128,11,11
58181,92,92,0,0
58182,77,100,-23,23
58183,130,110,20,20
58184,88,80,8,8
58185,68,75,-7,7
58186,144,113,31,31
58187,73,74,-1,1
58188,136,125,11,11
58189,115,103,12,12
58190,79,81,-2,2
58191,97,92,5,5
58192,70,69,1,1
58193,76,80,-4,4
58194,110,99,11,11
58195,103,105,-2,2
58196,106,102,4,4
58197,82,80,2,2
58198,82,83,-1,1
58199,64,68,-4,4
58200,108,102,6,6
58201,162,142,20,20
58202,64,69,-5,5
58203,42,50,-8,8
58204,128,117,11,11
58205,93,84,9,9
58206,83,75,8,8
58207,75,68,7,7
58208,113,100,13,13
58209,131,112,19,19
58210,70,64,6,6
58211,82,83,-1,1
58212,53,58,-5,5
58213,92,91,1,1
58214,123,107,16,16
58215,132,115,17,17
58216,71,71,0,0
58217,83,83,0,0
58218,52,55,-3,3
58219,102,96,6,6
58220,51,58,-7,7
58221,90,80,10,10
58222,121,120,1,1
58223,125,116,9,9
58224,66,66,0,0
58225,99,102,-3,3
58226,71,80,-9,9
58227,103,98,5,5
58228,87,86,1,1
58229,130,122,8,8
58230,74,72,2,2
58231,171,145,26,26
58232,146,113,33,33
58233,81,79,2,2
58234,72,68,4,4
58235,81,93,-12,12
58236,58,59,-1,1
58237,111,100,11,11
58238,148,134,14,14
58239,76,74,2,2
58240,78,74,4,4
58241,91,90,1,1
58242,91,87,4,4
58243,70,74,-4,4
58244,155,126,29,29
58245,89,92,-3,3
58246,55,51,4,4
58247,97,82,15,15
58248,71,71,0,0
58249,134,129,5,5
58250,85,76,9,9
58251,76,69,7,7
58252,98,103,-5,5
58253,51,57,-6,6
58254,111,103,8,8
58255,59,63,-4,4
58256,112,101,11,11
58257,43,45,-2,2
58258,122,105,17,17
58259,62,83,-21,21
58260,57,55,2,2
58261,94,99,-5,5
58262,92,87,5,5
58263,113,110,3,3
58264,125,108,17,17
58265,98,97,1,1
58266,58,61,-3,3
58267,110,99,11,11
58268,69,72,-3,3
58269,57,69,-12,12
58270,54,53,1,1
58271,69,68,1,1
58272,84,92,-8,8
58273,81,89,-8,8
58274,72,76,-4,4
58275,120,105,15,15
58276,59,66,-7,7
58277,121,106,15,15
58278,54,61,-7,7
58279,62,64,-2,2
58280,83,75,8,8
58281,85,77,8,8
58282,102,99,3,3
58283,109,93,16,16
58284,128,128,0,0
58285,128,107,21,21
58286,155,112,43,43
58287,75,75,0,0
58288,44,38,6,6
58289,106,100,6,6
58290,122,105,17,17
58291,99,93,6,6
58292,76,74,2,2
58293,93,85,8,8
58294,59,65,-6,6
58295,115,102,13,13
58296,147,125,22,22
58297,104,102,2,2
58298,56,60,-4,4
58299,119,106,13,13
58300,92,90,2,2
58301,55,61,-6,6
58302,70,63,7,7
58303,79,81,-2,2
58304,106,97,9,9
58305,141,116,25,25
58306,142,130,12,12
58307,100,96,4,4
58308,71,70,1,1
58309,37,39,-2,2
58310,58,59,-1,1
58311,107,105,2,2
58312,104,96,8,8
58313,125,114,11,11
58314,95,114,-19,19
58315,164,142,22,22
58316,45,57,-12,12
58317,86,79,7,7
58318,101,97,4,4
58319,117,100,17,17
58320,85,95,-10,10
58321,60,62,-2,2
58322,141,135,6,6
58323,101,97,4,4
58324,113,94,19,19
58325,108,105,3,3
58326,86,81,5,5
58327,121,105,16,16
58328,165,163,2,2
58329,58,58,0,0
58330,165,150,15,15
58331,99,96,3,3
58332,77,80,-3,3
58333,120,109,11,11
58334,132,114,18,18
58335,138,114,24,24
58336,104,115,-11,11
58337,59,57,2,2
58338,68,63,5,5
58339,76,79,-3,3
58340,81,82,-1,1
58341,126,116,10,10
58342,125,93,32,32
58343,39,37,2,2
58344,103,83,20,20
58345,64,70,-6,6
58346,120,106,14,14
58347,53,57,-4,4
58348,81,75,6,6
58349,128,112,16,16
58350,75,73,2,2
58351,67,60,7,7
58352,158,129,29,29
58353,77,88,-11,11
58354,140,127,13,13
58355,75,80,-5,5
58356,114,108,6,6
58357,82,76,6,6
58358,96,95,1,1
58359,142,119,23,23
58360,84,90,-6,6
58361,84,68,16,16
58362,69,69,0,0
58363,63,64,-1,1
58364,83,86,-3,3
58365,136,126,10,10
58366,107,97,10,10
58367,95,93,2,2
58368,157,129,28,28
58369,89,86,3,3
58370,85,81,4,4
58371,102,97,5,5
58372,103,102,1,1
58373,88,81,7,7
58374,100,92,8,8
58375,69,68,1,1
58376,84,74,10,10
58377,32,38,-6,6
58378,52,58,-6,6
58379,156,132,24,24
58380,71,66,5,5
58381,114,104,10,10
58382,83,82,1,1
58383,81,80,1,1
58384,164,128,36,36
58385,109,98,11,11
58386,89,92,-3,3
58387,125,98,27,27
58388,82,73,9,9
58389,73,74,-1,1
58390,117,129,-12,12
58391,69,71,-2,2
58392,98,91,7,7
58393,114,96,18,18
58394,86,83,3,3
58395,112,97,15,15
58396,96,97,-1,1
58397,113,100,13,13
58398,86,90,-4,4
58399,130,118,12,12
58400,80,77,3,3
58401,134,121,13,13
58402,158,143,15,15
58403,59,57,2,2
58404,55,59,-4,4
58405,87,88,-1,1
58406,42,49,-7,7
58407,76,73,3,3
58408,62,58,4,4
58409,119,107,12,12
58410,103,98,5,5
58411,172,158,14,14
58412,134,124,10,10
58413,68,66,2,2
58414,62,57,5,5
58415,57,65,-8,8
58416,147,124,23,23
58417,93,90,3,3
58418,116,104,12,12
58419,161,143,18,18
58420,79,89,-10,10
58421,148,136,12,12
58422,118,109,9,9
58423,46,59,-13,13
58424,130,121,9,9
58425,163,136,27,27
58426,56,60,-4,4
58427,74,71,3,3
58428,66,75,-9,9
58429,84,72,12,12
58430,76,80,-4,4
58431,88,80,8,8
58432,69,68,1,1
58433,60,64,-4,4
58434,75,73,2,2
58435,164,139,25,25
58436,71,79,-8,8
58437,125,98,27,27
58438,86,88,-2,2
58439,62,61,1,1
58440,82,80,2,2
58441,55,56,-1,1
58442,58,73,-15,15
58443,52,62,-10,10
58444,107,95,12,12
58445,82,88,-6,6
58446,118,109,9,9
58447,104,95,9,9
58448,65,63,2,2
58449,148,140,8,8
58450,104,104,0,0
58451,189,161,28,28
58452,126,118,8,8
58453,92,93,-1,1
58454,122,112,10,10
58455,75,75,0,0
58456,99,94,5,5
58457,99,98,1,1
58458,154,138,16,16
58459,89,93,-4,4
58460,145,133,12,12
58461,81,71,10,10
58462,146,140,6,6
58463,171,160,11,11
58464,52,52,0,0
58465,81,73,8,8
58466,102,94,8,8
58467,137,137,0,0
58468,43,48,-5,5
58469,93,96,-3,3
58470,62,62,0,0
58471,110,95,15,15
58472,78,72,6,6
58473,112,111,1,1
58474,64,69,-5,5
58475,52,54,-2,2
58476,51,69,-18,18
58477,71,79,-8,8
58478,62,65,-3,3
58479,54,49,5,5
58480,81,67,14,14
58481,156,126,30,30
58482,76,78,-2,2
58483,74,68,6,6
58484,63,69,-6,6
58485,59,52,7,7
58486,45,45,0,0
58487,127,102,25,25
58488,110,97,13,13
58489,68,70,-2,2
58490,89,85,4,4
58491,64,62,2,2
58492,116,114,2,2
58493,68,73,-5,5
58494,211,192,19,19
58495,93,88,5,5
58496,79,78,1,1
58497,84,81,3,3
58498,73,69,4,4
58499,82,77,5,5
58500,80,92,-12,12
58501,75,79,-4,4
58502,83,81,2,2
58503,123,110,13,13
58504,52,45,7,7
58505,133,115,18,18
58506,90,82,8,8
58507,70,69,1,1
58508,74,79,-5,5
58509,84,85,-1,1
58510,90,90,0,0
58511,92,89,3,3
58512,55,67,-12,12
58513,62,68,-6,6
58514,120,110,10,10
58515,84,81,3,3
58516,83,75,8,8
58517,95,104,-9,9
58518,79,71,8,8
58519,89,89,0,0
58520,149,130,19,19
58521,81,105,-24,24
58522,91,94,-3,3
58523,87,73,14,14
58524,76,77,-1,1
58525,45,45,0,0
58526,226,205,21,21
58527,125,110,15,15
58528,148,147,1,1
58529,60,62,-2,2
58530,134,122,12,12
58531,165,143,22,22
58532,129,110,19,19
58533,65,62,3,3
58534,89,82,7,7
58535,95,96,-1,1
58536,83,80,3,3
58537,79,77,2,2
58538,111,100,11,11
58539,83,80,3,3
58540,121,110,11,11
58541,97,93,4,4
58542,114,106,8,8
58543,55,50,5,5
58544,118,108,10,10
58545,95,98,-3,3
58546,80,79,1,1
58547,112,109,3,3
58548,127,112,15,15
58549,140,120,20,20
58550,100,148,-48,48
58551,50,53,-3,3
58552,130,118,12,12
58553,77,76,1,1
58554,86,92,-6,6
58555,117,96,21,21
58556,163,142,21,21
58557,78,79,-1,1
58558,118,108,10,10
58559,110,107,3,3
58560,93,81,12,12
58561,76,87,-11,11
58562,71,66,5,5
58563,85,84,1,1
58564,39,46,-7,7
58565,77,80,-3,3
58566,57,56,1,1
58567,68,69,-1,1
58568,74,72,2,2
58569,80,74,6,6
58570,86,86,0,0
58571,55,55,0,0
58572,129,105,24,24
58573,181,168,13,13
58574,71,70,1,1
58575,106,116,-10,10
58576,43,46,-3,3
58577,157,140,17,17
58578,68,69,-1,1
58579,134,115,19,19
58580,137,132,5,5
58581,71,72,-1,1
58582,48,49,-1,1
58583,45,54,-9,9
58584,75,75,0,0
58585,67,79,-12,12
58586,108,94,14,14
58587,81,77,4,4
58588,94,94,0,0
58589,229,197,32,32
58590,58,63,-5,5
58591,75,81,-6,6
58592,97,108,-11,11
58593,142,129,13,13
58594,196,148,48,48
58595,78,78,0,0
58596,101,105,-4,4
58597,100,89,11,11
58598,82,76,6,6
58599,100,97,3,3
58600,81,82,-1,1
58601,81,87,-6,6
58602,106,118,-12,12
58603,74,66,8,8
58604,77,83,-6,6
58605,124,107,17,17
58606,35,42,-7,7
58607,76,81,-5,5
58608,106,100,6,6
58609,83,83,0,0
58610,82,83,-1,1
58611,77,77,0,0
58612,113,105,8,8
58613,86,80,6,6
58614,115,103,12,12
58615,98,94,4,4
58616,69,77,-8,8
58617,90,93,-3,3
58618,99,89,10,10
58619,59,71,-12,12
58620,109,96,13,13
58621,72,75,-3,3
58622,130,115,15,15
58623,118,108,10,10
58624,113,104,9,9
58625,98,91,7,7
58626,102,91,11,11
58627,142,118,24,24
58628,95,102,-7,7
58629,89,86,3,3
58630,45,60,-15,15
58631,35,40,-5,5
58632,54,59,-5,5
58633,102,84,18,18
58634,27,26,1,1
58635,66,68,-2,2
58636,35,47,-12,12
58637,115,103,12,12
58638,148,131,17,17
58639,98,87,11,11
58640,115,110,5,5
58641,79,85,-6,6
58642,84,81,3,3
58643,147,133,14,14
58644,79,72,7,7
58645,62,61,1,1
58646,95,82,13,13
58647,71,70,1,1
58648,66,70,-4,4
58649,84,83,1,1
58650,142,121,21,21
58651,142,116,26,26
58652,91,89,2,2
58653,102,96,6,6
58654,105,126,-21,21
58655,66,61,5,5
58656,83,84,-1,1
58657,63,65,-2,2
58658,66,71,-5,5
58659,109,115,-6,6
58660,71,76,-5,5
58661,92,91,1,1
58662,139,135,4,4
58663,117,108,9,9
58664,120,111,9,9
58665,94,105,-11,11
58666,99,92,7,7
58667,58,59,-1,1
58668,129,116,13,13
58669,66,75,-9,9
58670,126,101,25,25
58671,111,109,2,2
58672,54,54,0,0
58673,153,119,34,34
58674,82,81,1,1
58675,56,60,-4,4
58676,59,64,-5,5
58677,146,119,27,27
58678,64,67,-3,3
58679,56,58,-2,2
58680,60,59,1,1
58681,21,49,-28,28
58682,132,123,9,9
58683,85,82,3,3
58684,113,101,12,12
58685,81,80,1,1
58686,110,106,4,4
58687,98,90,8,8
58688,86,86,0,0
58689,102,93,9,9
58690,129,134,-5,5
58691,89,81,8,8
58692,121,113,8,8
58693,104,96,8,8
58694,63,70,-7,7
58695,138,139,-1,1
58696,119,125,-6,6
58697,92,87,5,5
58698,113,100,13,13
58699,97,94,3,3
58700,162,136,26,26
58701,41,48,-7,7
58702,112,108,4,4
58703,124,110,14,14
58704,76,71,5,5
58705,116,112,4,4
58706,86,80,6,6
58707,69,66,3,3
58708,99,102,-3,3
58709,65,68,-3,3
58710,70,80,-10,10
58711,111,95,16,16
58712,79,73,6,6
58713,92,90,2,2
58714,92,81,11,11
58715,126,116,10,10
58716,109,99,10,10
58717,65,74,-9,9
58718,79,73,6,6
58719,160,142,18,18
58720,75,80,-5,5
58721,95,85,10,10
58722,97,89,8,8
58723,102,100,2,2
58724,75,71,4,4
58725,119,116,3,3
58726,31,27,4,4
58727,137,117,20,20
58728,99,100,-1,1
58729,135,120,15,15
58730,143,132,11,11
58731,128,117,11,11
58732,135,124,11,11
58733,56,54,2,2
58734,79,71,8,8
58735,157,130,27,27
58736,103,104,-1,1
58737,147,131,16,16
58738,78,76,2,2
58739,124,112,12,12
58740,57,65,-8,8
58741,63,80,-17,17
58742,79,76,3,3
58743,87,89,-2,2
58744,105,93,12,12
58745,119,108,11,11
58746,41,46,-5,5
58747,62,69,-7,7
58748,148,142,6,6
58749,113,100,13,13
58750,236,199,37,37
58751,49,56,-7,7
58752,78,81,-3,3
58753,105,101,4,4
58754,136,119,17,17
58755,93,89,4,4
58756,55,61,-6,6
58757,87,86,1,1
58758,67,77,-10,10
58759,113,99,14,14
58760,52,51,1,1
58761,102,116,-14,14
58762,149,117,32,32
58763,65,72,-7,7
58764,106,95,11,11
58765,88,82,6,6
58766,175,145,30,30
58767,116,112,4,4
58768,128,119,9,9
58769,86,84,2,2
58770,154,142,12,12
58771,93,87,6,6
58772,65,93,-28,28
58773,119,109,10,10
58774,81,76,5,5
58775,93,105,-12,12
58776,77,80,-3,3
58777,144,114,30,30
58778,105,100,5,5
58779,111,91,20,20
58780,143,122,21,21
58781,96,90,6,6
58782,86,93,-7,7
58783,78,75,3,3
58784,136,121,15,15
58785,82,77,5,5
58786,91,86,5,5
58787,83,83,0,0
58788,106,103,3,3
58789,94,94,0,0
58790,99,99,0,0
58791,78,71,7,7
58792,154,133,21,21
58793,77,66,11,11
58794,184,160,24,24
58795,192,164,28,28
58796,77,74,3,3
58797,105,102,3,3
58798,62,69,-7,7
58799,103,95,8,8
58800,59,60,-1,1
58801,77,69,8,8
58802,155,144,11,11
58803,90,81,9,9
58804,98,108,-10,10
58805,93,90,3,3
58806,132,123,9,9
58807,115,107,8,8
58808,67,66,1,1
58809,198,178,20,20
58810,90,81,9,9
58811,114,104,10,10
58812,108,103,5,5
58813,77,81,-4,4
58814,114,114,0,0
58815,126,130,-4,4
58816,86,81,5,5
58817,67,69,-2,2
58818,108,99,9,9
58819,92,88,4,4
58820,123,114,9,9
58821,96,96,0,0
58822,64,63,1,1
58823,166,146,20,20
58824,218,198,20,20
58825,89,88,1,1
58826,76,81,-5,5
58827,69,70,-1,1
58828,122,112,10,10
58829,115,108,7,7
58830,87,110,-23,23
58831,119,108,11,11
58832,95,87,8,8
58833,82,80,2,2
58834,57,61,-4,4
58835,100,100,0,0
58836,86,80,6,6
58837,101,88,13,13
58838,65,58,7,7
58839,106,97,9,9
58840,75,72,3,3
58841,142,121,21,21
58842,81,73,8,8
58843,77,81,-4,4
58844,59,59,0,0
58845,130,108,22,22
58846,100,89,11,11
58847,92,93,-1,1
58848,55,62,-7,7
58849,101,118,-17,17
58850,66,64,2,2
58851,108,91,17,17
58852,83,82,1,1
58853,69,66,3,3
58854,140,120,20,20
58855,87,81,6,6
58856,96,93,3,3
58857,167,131,36,36
58858,72,70,2,2
58859,88,88,0,0
58860,124,112,12,12
58861,91,91,0,0
58862,51,51,0,0
58863,87,70,17,17
58864,92,92,0,0
58865,58,60,-2,2
58866,45,48,-3,3
58867,95,84,11,11
58868,134,112,22,22
58869,91,90,1,1
58870,121,105,16,16
58871,51,50,1,1
58872,58,55,3,3
58873,48,54,-6,6
58874,75,77,-2,2
58875,46,56,-10,10
58876,56,61,-5,5
58877,87,81,6,6
58878,47,65,-18,18
58879,88,90,-2,2
58880,112,97,15,15
58881,56,62,-6,6
58882,104,97,7,7
58883,61,59,2,2
58884,96,94,2,2
58885,113,97,16,16
58886,66,62,4,4
58887,153,142,11,11
58888,115,112,3,3
58889,100,98,2,2
58890,73,70,3,3
58891,89,75,14,14
58892,101,103,-2,2
58893,82,90,-8,8
58894,89,93,-4,4
58895,94,97,-3,3
58896,93,84,9,9
58897,113,106,7,7
58898,129,115,14,14
58899,68,61,7,7
58900,68,60,8,8
58901,94,86,8,8
58902,157,135,22,22
58903,99,93,6,6
58904,54,59,-5,5
58905,123,108,15,15
58906,94,81,13,13
58907,183,164,19,19
58908,74,73,1,1
58909,59,60,-1,1
58910,173,147,26,26
58911,122,108,14,14
58912,75,71,4,4
58913,77,80,-3,3
58914,63,64,-1,1
58915,90,91,-1,1
58916,56,63,-7,7
58917,82,81,1,1
58918,86,98,-12,12
58919,149,133,16,16
58920,108,96,12,12
58921,73,70,3,3
58922,67,71,-4,4
58923,93,93,0,0
58924,55,56,-1,1
58925,108,107,1,1
58926,118,103,15,15
58927,30,38,-8,8
58928,70,56,14,14
58929,94,91,3,3
58930,84,75,9,9
58931,77,72,5,5
58932,64,60,4,4
58933,103,98,5,5
58934,93,110,-17,17
58935,91,81,10,10
58936,65,68,-3,3
58937,108,99,9,9
58938,117,99,18,18
58939,45,47,-2,2
58940,113,111,2,2
58941,70,68,2,2
58942,75,91,-16,16
58943,79,77,2,2
58944,59,58,1,1
58945,59,56,3,3
58946,42,53,-11,11
58947,96,85,11,11
58948,109,99,10,10
58949,95,98,-3,3
58950,126,111,15,15
58951,89,90,-1,1
58952,99,95,4,4
58953,145,133,12,12
58954,108,95,13,13
58955,84,81,3,3
58956,82,85,-3,3
58957,171,148,23,23
58958,103,87,16,16
58959,118,103,15,15
58960,180,148,32,32
58961,61,62,-1,1
58962,163,135,28,28
58963,135,137,-2,2
58964,152,127,25,25
58965,109,90,19,19
58966,61,66,-5,5
58967,108,102,6,6
58968,181,173,8,8
58969,104,105,-1,1
58970,105,95,10,10
58971,68,72,-4,4
58972,116,131,-15,15
58973,144,124,20,20
58974,85,80,5,5
58975,141,136,5,5
58976,152,143,9,9
58977,114,111,3,3
58978,143,122,21,21
58979,155,137,18,18
58980,191,161,30,30
58981,102,90,12,12
58982,77,75,2,2
58983,97,99,-2,2
58984,85,88,-3,3
58985,82,77,5,5
58986,83,79,4,4
58987,64,65,-1,1
58988,135,122,13,13
58989,86,81,5,5
58990,59,56,3,3
58991,71,61,10,10
58992,65,55,10,10
58993,134,118,16,16
58994,85,84,1,1
58995,159,140,19,19
58996,145,137,8,8
58997,66,70,-4,4
58998,71,73,-2,2
58999,154,122,32,32
59000,159,153,6,6
59001,50,55,-5,5
59002,95,101,-6,6
59003,81,74,7,7
59004,128,107,21,21
59005,79,74,5,5
59006,93,96,-3,3
59007,156,142,14,14
59008,107,101,6,6
59009,48,50,-2,2
59010,49,52,-3,3
59011,52,101,-49,49
59012,43,50,-7,7
59013,166,145,21,21
59014,59,58,1,1
59015,97,89,8,8
59016,143,140,3,3
59017,107,108,-1,1
59018,122,111,11,11
59019,77,71,6,6
59020,77,78,-1,1
59021,52,57,-5,5
59022,70,70,0,0
59023,93,89,4,4
59024,93,101,-8,8
59025,110,109,1,1
59026,53,59,-6,6
59027,67,61,6,6
59028,185,161,24,24
59029,90,76,14,14
59030,107,99,8,8
59031,148,141,7,7
59032,119,114,5,5
59033,95,99,-4,4
59034,112,92,20,20
59035,171,166,5,5
59036,110,89,21,21
59037,76,85,-9,9
59038,99,90,9,9
59039,94,95,-1,1
59040,107,106,1,1
59041,73,73,0,0
59042,133,109,24,24
59043,70,77,-7,7
59044,80,68,12,12
59045,149,127,22,22
59046,78,59,19,19
59047,95,90,5,5
59048,79,82,-3,3
59049,42,54,-12,12
59050,73,67,6,6
59051,346,260,86,86
59052,70,46,24,24
59053,75,76,-1,1
59054,144,131,13,13
59055,63,60,3,3
59056,80,79,1,1
59057,124,102,22,22
59058,69,69,0,0
59059,99,92,7,7
59060,140,106,34,34
59061,117,107,10,10
59062,58,63,-5,5
59063,84,82,2,2
59064,47,49,-2,2
59065,86,80,6,6
59066,52,58,-6,6
59067,77,80,-3,3
59068,69,69,0,0
59069,107,97,10,10
59070,118,103,15,15
59071,81,89,-8,8
59072,109,97,12,12
59073,97,99,-2,2
59074,85,83,2,2
59075,81,71,10,10
59076,65,57,8,8
59077,101,107,-6,6
59078,90,95,-5,5
59079,68,75,-7,7
59080,59,57,2,2
59081,97,90,7,7
59082,104,96,8,8
59083,52,50,2,2
59084,58,62,-4,4
59085,64,71,-7,7
59086,92,86,6,6
59087,179,149,30,30
59088,112,97,15,15
59089,100,103,-3,3
59090,60,57,3,3
59091,102,96,6,6
59092,111,99,12,12
59093,100,89,11,11
59094,80,75,5,5
59095,89,81,8,8
59096,124,122,2,2
59097,70,70,0,0
59098,85,88,-3,3
59099,79,81,-2,2
59100,74,73,1,1
59101,66,72,-6,6
59102,75,80,-5,5
59103,83,83,0,0
59104,65,71,-6,6
59105,119,114,5,5
59106,102,96,6,6
59107,81,82,-1,1
59108,77,79,-2,2
59109,81,78,3,3
59110,94,91,3,3
59111,103,101,2,2
59112,104,97,7,7
59113,118,98,20,20
59114,90,80,10,10
59115,71,73,-2,2
59116,114,101,13,13
59117,120,94,26,26
59118,85,80,5,5
59119,79,80,-1,1
59120,49,51,-2,2
59121,74,71,3,3
59122,99,95,4,4
59123,106,105,1,1
59124,89,88,1,1
59125,21,36,-15,15
59126,114,107,7,7
59127,90,94,-4,4
59128,129,116,13,13
59129,64,60,4,4
59130,44,49,-5,5
59131,150,125,25,25
59132,136,120,16,16
59133,119,116,3,3
59134,68,76,-8,8
59135,87,90,-3,3
59136,66,70,-4,4
59137,103,98,5,5
59138,117,110,7,7
59139,111,93,18,18
59140,112,83,29,29
59141,101,90,11,11
59142,143,132,11,11
59143,81,80,1,1
59144,180,145,35,35
59145,61,61,0,0
59146,131,119,12,12
59147,70,70,0,0
59148,107,100,7,7
59149,135,108,27,27
59150,92,83,9,9
59151,81,79,2,2
59152,108,98,10,10
59153,90,84,6,6
59154,86,76,10,10
59155,127,110,17,17
59156,47,56,-9,9
59157,130,116,14,14
59158,84,91,-7,7
59159,79,76,3,3
59160,91,88,3,3
59161,120,103,17,17
59162,80,80,0,0
59163,59,61,-2,2
59164,81,90,-9,9
59165,143,133,10,10
59166,117,98,19,19
59167,143,125,18,18
59168,154,118,36,36
59169,57,62,-5,5
59170,69,66,3,3
59171,44,48,-4,4
59172,84,89,-5,5
59173,96,89,7,7
59174,80,77,3,3
59175,61,74,-13,13
59176,64,72,-8,8
59177,67,70,-3,3
59178,108,99,9,9
59179,87,87,0,0
59180,87,82,5,5
59181,112,92,20,20
59182,147,133,14,14
59183,143,125,18,18
59184,124,109,15,15
59185,160,134,26,26
59186,109,103,6,6
59187,71,65,6,6
59188,138,122,16,16
59189,76,74,2,2
59190,96,84,12,12
59191,94,88,6,6
59192,44,48,-4,4
59193,83,86,-3,3
59194,49,49,0,0
59195,75,83,-8,8
59196,104,105,-1,1
59197,75,73,2,2
59198,93,89,4,4
59199,96,94,2,2
59200,81,86,-5,5
59201,80,75,5,5
59202,97,79,18,18
59203,65,69,-4,4
59204,46,53,-7,7
59205,79,81,-2,2
59206,88,84,4,4
59207,62,76,-14,14
59208,84,74,10,10
59209,70,69,1,1
59210,129,123,6,6
59211,104,75,29,29
59212,116,112,4,4
59213,126,111,15,15
59214,95,96,-1,1
59215,66,65,1,1
59216,81,77,4,4
59217,133,107,26,26
59218,95,96,-1,1
59219,151,126,25,25
59220,88,85,3,3
59221,110,105,5,5
59222,69,64,5,5
59223,106,93,13,13
59224,64,69,-5,5
59225,126,106,20,20
59226,41,51,-10,10
59227,97,92,5,5
59228,46,72,-26,26
59229,52,68,-16,16
59230,66,58,8,8
59231,81,75,6,6
59232,81,83,-2,2
59233,85,81,4,4
59234,35,38,-3,3
59235,118,105,13,13
59236,94,89,5,5
59237,92,90,2,2
59238,55,58,-3,3
59239,99,91,8,8
59240,68,69,-1,1
59241,56,55,1,1
59242,97,97,0,0
59243,110,106,4,4
59244,152,128,24,24
59245,40,47,-7,7
59246,52,62,-10,10
59247,169,157,12,12
59248,160,134,26,26
59249,78,72,6,6
59250,77,86,-9,9
59251,40,49,-9,9
59252,93,107,-14,14
59253,115,101,14,14
59254,108,108,0,0
59255,69,72,-3,3
59256,126,138,-12,12
59257,133,134,-1,1
59258,116,110,6,6
59259,76,86,-10,10
59260,42,46,-4,4
59261,74,79,-5,5
59262,145,126,19,19
59263,72,65,7,7
59264,103,105,-2,2
59265,67,69,-2,2
59266,139,115,24,24
59267,93,88,5,5
59268,112,103,9,9
59269,176,153,23,23
59270,70,69,1,1
59271,158,119,39,39
59272,71,70,1,1
59273,47,46,1,1
59274,93,81,12,12
59275,57,68,-11,11
59276,75,70,5,5
59277,62,72,-10,10
59278,104,113,-9,9
59279,143,132,11,11
59280,83,79,4,4
59281,75,69,6,6
59282,92,87,5,5
59283,60,84,-24,24
59284,117,104,13,13
59285,64,68,-4,4
59286,61,62,-1,1
59287,87,75,12,12
59288,175,165,10,10
59289,58,63,-5,5
59290,77,66,11,11
59291,96,78,18,18
59292,120,113,7,7
59293,176,149,27,27
59294,132,118,14,14
59295,67,70,-3,3
59296,73,74,-1,1
59297,120,130,-10,10
59298,71,71,0,0
59299,63,61,2,2
59300,74,68,6,6
59301,35,53,-18,18
59302,129,108,21,21
59303,132,125,7,7
59304,75,78,-3,3
59305,122,107,15,15
59306,89,82,7,7
59307,90,81,9,9
59308,71,70,1,1
59309,92,81,11,11
59310,184,148,36,36
59311,59,83,-24,24
59312,90,91,-1,1
59313,100,101,-1,1
59314,83,78,5,5
59315,83,82,1,1
59316,78,78,0,0
59317,106,99,7,7
59318,107,102,5,5
59319,45,50,-5,5
59320,82,84,-2,2
59321,85,90,-5,5
59322,109,87,22,22
59323,70,74,-4,4
59324,70,75,-5,5
59325,109,102,7,7
59326,62,61,1,1
59327,63,72,-9,9
59328,67,74,-7,7
59329,38,39,-1,1
59330,45,43,2,2
59331,111,97,14,14
59332,99,105,-6,6
59333,52,57,-5,5
59334,93,89,4,4
59335,103,110,-7,7
59336,86,82,4,4
59337,69,67,2,2
59338,52,79,-27,27
59339,215,160,55,55
59340,90,83,7,7
59341,54,57,-3,3
59342,110,99,11,11
59343,97,86,11,11
59344,150,103,47,47
59345,142,120,22,22
59346,57,70,-13,13
59347,116,103,13,13
59348,177,146,31,31
59349,109,105,4,4
59350,78,76,2,2
59351,79,80,-1,1
59352,51,58,-7,7
59353,80,81,-1,1
59354,99,102,-3,3
59355,49,48,1,1
59356,153,141,12,12
59357,174,150,24,24
59358,100,97,3,3
59359,147,122,25,25
59360,75,84,-9,9
59361,138,116,22,22
59362,78,72,6,6
59363,77,82,-5,5
59364,93,81,12,12
59365,148,129,19,19
59366,176,147,29,29
59367,74,71,3,3
59368,178,170,8,8
59369,107,105,2,2
59370,103,96,7,7
59371,125,108,17,17
59372,119,104,15,15
59373,98,94,4,4
59374,69,61,8,8
59375,72,70,2,2
59376,81,90,-9,9
59377,54,60,-6,6
59378,110,103,7,7
59379,84,82,2,2
59380,148,133,15,15
59381,61,56,5,5
59382,94,95,-1,1
59383,79,87,-8,8
59384,77,73,4,4
59385,83,81,2,2
59386,102,85,17,17
59387,99,93,6,6
59388,104,95,9,9
59389,128,128,0,0
59390,73,79,-6,6
59391,85,81,4,4
59392,123,125,-2,2
59393,87,92,-5,5
59394,135,105,30,30
59395,71,68,3,3
59396,81,92,-11,11
59397,64,59,5,5
59398,71,69,2,2
59399,105,99,6,6
59400,59,58,1,1
59401,140,122,18,18
59402,161,141,20,20
59403,100,89,11,11
59404,89,86,3,3
59405,64,66,-2,2
59406,154,137,17,17
59407,167,119,48,48
59408,178,151,27,27
59409,88,75,13,13
59410,79,95,-16,16
59411,72,79,-7,7
59412,85,81,4,4
59413,92,91,1,1
59414,71,78,-7,7
59415,60,69,-9,9
59416,66,61,5,5
59417,95,83,12,12
59418,82,78,4,4
59419,82,84,-2,2
59420,91,80,11,11
59421,121,104,17,17
59422,78,74,4,4
59423,148,130,18,18
59424,95,92,3,3
59425,138,132,6,6
59426,61,67,-6,6
59427,66,67,-1,1
59428,83,79,4,4
59429,61,68,-7,7
59430,60,60,0,0
59431,56,55,1,1
59432,127,115,12,12
59433,62,59,3,3
59434,133,123,10,10
59435,79,71,8,8
59436,123,97,26,26
59437,53,56,-3,3
59438,79,78,1,1
59439,126,105,21,21
59440,117,121,-4,4
59441,136,121,15,15
59442,81,99,-18,18
59443,105,115,-10,10
59444,118,115,3,3
59445,66,69,-3,3
59446,59,57,2,2
59447,129,122,7,7
59448,93,96,-3,3
59449,87,86,1,1
59450,45,49,-4,4
59451,64,63,1,1
59452,121,112,9,9
59453,168,136,32,32
59454,81,71,10,10
59455,99,89,10,10
59456,117,99,18,18
59457,95,81,14,14
59458,66,69,-3,3
59459,122,107,15,15
59460,112,113,-1,1
59461,71,81,-10,10
59462,172,159,13,13
59463,108,93,15,15
59464,85,81,4,4
59465,130,113,17,17
59466,64,62,2,2
59467,74,78,-4,4
59468,63,64,-1,1
59469,145,129,16,16
59470,95,93,2,2
59471,138,130,8,8
59472,105,99,6,6
59473,51,57,-6,6
59474,109,107,2,2
59475,91,101,-10,10
59476,70,63,7,7
59477,129,113,16,16
59478,106,90,16,16
59479,82,78,4,4
59480,54,51,3,3
59481,151,146,5,5
59482,120,105,15,15
59483,151,138,13,13
59484,96,101,-5,5
59485,62,66,-4,4
59486,165,142,23,23
59487,138,117,21,21
59488,128,118,10,10
59489,80,70,10,10
59490,94,94,0,0
59491,86,88,-2,2
59492,130,117,13,13
59493,154,131,23,23
59494,81,81,0,0
59495,152,127,25,25
59496,52,66,-14,14
59497,65,63,2,2
59498,109,92,17,17
59499,72,69,3,3
59500,103,94,9,9
59501,112,93,19,19
59502,65,73,-8,8
59503,77,83,-6,6
59504,189,171,18,18
59505,178,153,25,25
59506,48,49,-1,1
59507,145,128,17,17
59508,47,61,-14,14
59509,146,128,18,18
59510,118,110,8,8
59511,78,80,-2,2
59512,93,95,-2,2
59513,72,71,1,1
59514,86,85,1,1
59515,118,103,15,15
59516,87,83,4,4
59517,42,49,-7,7
59518,87,93,-6,6
59519,87,87,0,0
59520,159,143,16,16
59521,96,93,3,3
59522,50,53,-3,3
59523,76,90,-14,14
59524,111,109,2,2
59525,140,122,18,18
59526,133,113,20,20
59527,89,95,-6,6
59528,94,101,-7,7
59529,60,56,4,4
59530,67,71,-4,4
59531,166,134,32,32
59532,74,81,-7,7
59533,88,86,2,2
59534,113,105,8,8
59535,114,106,8,8
59536,98,87,11,11
59537,52,61,-9,9
59538,109,101,8,8
59539,51,53,-2,2
59540,92,86,6,6
59541,79,80,-1,1
59542,65,66,-1,1
59543,80,81,-1,1
59544,130,112,18,18
59545,90,85,5,5
59546,108,92,16,16
59547,84,88,-4,4
59548,160,144,16,16
59549,53,55,-2,2
59550,62,70,-8,8
59551,65,74,-9,9
59552,65,67,-2,2
59553,61,58,3,3
59554,35,41,-6,6
59555,113,102,11,11
59556,69,73,-4,4
59557,56,57,-1,1
59558,103,109,-6,6
59559,76,71,5,5
59560,106,106,0,0
59561,157,141,16,16
59562,150,132,18,18
59563,79,77,2,2
59564,94,94,0,0
59565,59,62,-3,3
59566,135,143,-8,8
59567,91,91,0,0
59568,129,114,15,15
59569,80,83,-3,3
59570,58,56,2,2
59571,96,83,13,13
59572,160,148,12,12
59573,80,72,8,8
59574,55,57,-2,2
59575,101,92,9,9
59576,85,78,7,7
59577,68,71,-3,3
59578,95,104,-9,9
59579,110,102,8,8
59580,75,72,3,3
59581,73,79,-6,6
59582,90,90,0,0
59583,78,81,-3,3
59584,148,127,21,21
59585,94,90,4,4
59586,64,67,-3,3
59587,186,153,33,33
59588,40,44,-4,4
59589,74,77,-3,3
59590,140,122,18,18
59591,103,92,11,11
59592,179,136,43,43
59593,209,158,51,51
59594,114,106,8,8
59595,44,59,-15,15
59596,84,79,5,5
59597,55,57,-2,2
59598,150,132,18,18
59599,64,60,4,4
59600,61,69,-8,8
59601,89,91,-2,2
59602,129,107,22,22
59603,61,64,-3,3
59604,125,102,23,23
59605,129,112,17,17
59606,94,93,1,1
59607,86,76,10,10
59608,124,114,10,10
59609,45,64,-19,19
59610,131,113,18,18
59611,89,82,7,7
59612,140,132,8,8
59613,85,87,-2,2
59614,178,150,28,28
59615,120,106,14,14
59616,135,116,19,19
59617,72,69,3,3
59618,45,51,-6,6
59619,63,64,-1,1
59620,62,72,-10,10
59621,87,84,3,3
59622,165,156,9,9
59623,107,120,-13,13
59624,69,80,-11,11
59625,94,91,3,3
59626,58,61,-3,3
59627,105,96,9,9
59628,115,105,10,10
59629,92,84,8,8
59630,80,76,4,4
59631,154,143,11,11
59632,61,55,6,6
59633,115,104,11,11
59634,52,52,0,0
59635,69,68,1,1
59636,58,64,-6,6
59637,92,93,-1,1
59638,56,60,-4,4
59639,94,97,-3,3
59640,70,72,-2,2
59641,126,96,30,30
59642,77,78,-1,1
59643,77,72,5,5
59644,160,145,15,15
59645,69,70,-1,1
59646,73,71,2,2
59647,72,75,-3,3
59648,72,70,2,2
59649,124,116,8,8
59650,78,74,4,4
59651,81,80,1,1
59652,156,136,20,20
59653,67,62,5,5
59654,118,107,11,11
59655,79,73,6,6
59656,81,75,6,6
59657,87,80,7,7
59658,57,70,-13,13
59659,70,172,-102,102
59660,147,103,44,44
59661,141,121,20,20
59662,42,55,-13,13
59663,89,91,-2,2
59664,94,91,3,3
59665,103,99,4,4
59666,100,97,3,3
59667,56,60,-4,4
59668,85,84,1,1
59669,77,73,4,4
59670,89,85,4,4
59671,125,124,1,1
59672,41,42,-1,1
59673,135,114,21,21
59674,70,83,-13,13
59675,51,48,3,3
59676,86,91,-5,5
59677,100,94,6,6
59678,103,100,3,3
59679,62,62,0,0
59680,153,125,28,28
59681,173,152,21,21
59682,137,139,-2,2
59683,107,90,17,17
59684,161,133,28,28
59685,139,125,14,14
59686,62,56,6,6
59687,71,64,7,7
59688,104,119,-15,15
59689,115,106,9,9
59690,144,129,15,15
59691,76,78,-2,2
59692,168,148,20,20
59693,76,71,5,5
59694,78,82,-4,4
59695,94,113,-19,19
59696,92,85,7,7
59697,96,84,12,12
59698,131,111,20,20
59699,93,92,1,1
59700,93,82,11,11
59701,60,68,-8,8
59702,78,66,12,12
59703,72,79,-7,7
59704,141,99,42,42
59705,116,102,14,14
59706,83,87,-4,4
59707,78,83,-5,5
59708,79,80,-1,1
59709,113,106,7,7
59710,46,51,-5,5
59711,93,94,-1,1
59712,99,88,11,11
59713,103,107,-4,4
59714,98,84,14,14
59715,113,99,14,14
59716,121,127,-6,6
59717,58,60,-2,2
59718,92,87,5,5
59719,89,90,-1,1
59720,99,95,4,4
59721,89,88,1,1
59722,79,81,-2,2
59723,138,121,17,17
59724,79,78,1,1
59725,73,79,-6,6
59726,88,80,8,8
59727,73,83,-10,10
59728,95,95,0,0
59729,104,101,3,3
59730,77,71,6,6
59731,54,58,-4,4
59732,128,117,11,11
59733,88,89,-1,1
59734,89,84,5,5
59735,100,98,2,2
59736,132,119,13,13
59737,73,78,-5,5
59738,69,73,-4,4
59739,88,77,11,11
59740,127,116,11,11
59741,135,123,12,12
59742,71,70,1,1
59743,133,119,14,14
59744,98,93,5,5
59745,96,81,15,15
59746,121,108,13,13
59747,110,94,16,16
59748,63,66,-3,3
59749,149,130,19,19
59750,75,88,-13,13
59751,61,71,-10,10
59752,203,165,38,38
59753,106,103,3,3
59754,90,87,3,3
59755,111,91,20,20
59756,98,88,10,10
59757,70,83,-13,13
59758,77,71,6,6
59759,65,70,-5,5
59760,110,101,9,9
59761,82,91,-9,9
59762,135,120,15,15
59763,133,120,13,13
59764,93,87,6,6
59765,96,99,-3,3
59766,83,83,0,0
59767,83,80,3,3
59768,114,99,15,15
59769,169,163,6,6
59770,83,72,11,11
59771,87,82,5,5
59772,80,88,-8,8
59773,64,70,-6,6
59774,185,156,29,29
59775,110,95,15,15
59776,109,94,15,15
59777,52,54,-2,2
59778,103,97,6,6
59779,34,48,-14,14
59780,69,108,-39,39
59781,154,130,24,24
59782,149,134,15,15
59783,81,79,2,2
59784,81,80,1,1
59785,68,70,-2,2
59786,93,81,12,12
59787,57,57,0,0
59788,129,117,12,12
59789,98,92,6,6
59790,117,117,0,0
59791,76,81,-5,5
59792,36,26,10,10
59793,130,119,11,11
59794,81,80,1,1
59795,72,78,-6,6
59796,76,81,-5,5
59797,63,67,-4,4
59798,97,90,7,7
59799,61,67,-6,6
59800,85,82,3,3
59801,110,122,-12,12
59802,85,81,4,4
59803,77,89,-12,12
59804,127,112,15,15
59805,49,52,-3,3
59806,85,79,6,6
59807,83,87,-4,4
59808,132,125,7,7
59809,136,125,11,11
59810,73,70,3,3
59811,71,72,-1,1
59812,79,76,3,3
59813,88,91,-3,3
59814,70,118,-48,48
59815,75,70,5,5
59816,46,46,0,0
59817,101,95,6,6
59818,128,130,-2,2
59819,92,82,10,10
59820,149,115,34,34
59821,122,90,32,32
59822,79,91,-12,12
59823,48,69,-21,21
59824,101,94,7,7
59825,94,88,6,6
59826,125,113,12,12
59827,91,94,-3,3
59828,78,78,0,0
59829,121,110,11,11
59830,166,134,32,32
59831,96,90,6,6
59832,124,129,-5,5
59833,159,136,23,23
59834,66,69,-3,3
59835,82,77,5,5
59836,75,76,-1,1
59837,59,54,5,5
59838,85,82,3,3
59839,99,84,15,15
59840,148,130,18,18
59841,109,96,13,13
59842,81,80,1,1
59843,99,89,10,10
59844,47,52,-5,5
59845,78,79,-1,1
59846,85,82,3,3
59847,76,82,-6,6
59848,54,49,5,5
59849,106,104,2,2
59850,83,76,7,7
59851,66,65,1,1
59852,47,61,-14,14
59853,60,68,-8,8
59854,109,104,5,5
59855,122,112,10,10
59856,92,85,7,7
59857,102,88,14,14
59858,130,123,7,7
59859,104,95,9,9
59860,106,89,17,17
59861,74,74,0,0
59862,149,138,11,11
59863,46,57,-11,11
59864,55,53,2,2
59865,81,83,-2,2
59866,86,88,-2,2
59867,159,137,22,22
59868,49,53,-4,4
59869,76,81,-5,5
59870,109,103,6,6
59871,88,76,12,12
59872,66,70,-4,4
59873,95,94,1,1
59874,123,109,14,14
59875,49,59,-10,10
59876,60,58,2,2
59877,140,126,14,14
59878,72,67,5,5
59879,103,102,1,1
59880,88,94,-6,6
59881,94,89,5,5
59882,97,86,11,11
59883,112,102,10,10
59884,37,54,-17,17
59885,70,76,-6,6
59886,217,189,28,28
59887,159,128,31,31
59888,86,83,3,3
59889,116,107,9,9
59890,76,70,6,6
59891,159,132,27,27
59892,102,90,12,12
59893,72,74,-2,2
59894,102,99,3,3
59895,94,84,10,10
59896,56,52,4,4
59897,136,131,5,5
59898,78,74,4,4
59899,75,79,-4,4
59900,138,125,13,13
59901,79,74,5,5
59902,89,87,2,2
59903,63,72,-9,9
59904,59,52,7,7
59905,127,116,11,11
59906,100,87,13,13
59907,60,64,-4,4
59908,100,94,6,6
59909,108,95,13,13
59910,152,133,19,19
59911,118,110,8,8
59912,81,83,-2,2
59913,49,49,0,0
59914,90,82,8,8
59915,97,91,6,6
59916,90,82,8,8
59917,138,121,17,17
59918,116,118,-2,2
59919,86,84,2,2
59920,106,92,14,14
59921,155,131,24,24
59922,100,90,10,10
59923,66,69,-3,3
59924,84,81,3,3
59925,103,99,4,4
59926,56,63,-7,7
59927,100,88,12,12
59928,93,85,8,8
59929,135,127,8,8
59930,32,38,-6,6
59931,93,100,-7,7
59932,107,115,-8,8
59933,62,68,-6,6
59934,59,61,-2,2
59935,91,87,4,4
59936,75,80,-5,5
59937,73,71,2,2
59938,96,96,0,0
59939,115,107,8,8
59940,63,67,-4,4
59941,85,93,-8,8
59942,72,80,-8,8
59943,158,150,8,8
59944,91,85,6,6
59945,69,75,-6,6
59946,89,107,-18,18
59947,74,71,3,3
59948,104,242,-138,138
59949,49,58,-9,9
59950,99,92,7,7
59951,127,114,13,13
59952,73,80,-7,7
59953,49,59,-10,10
59954,87,84,3,3
59955,157,133,24,24
59956,80,85,-5,5
59957,144,112,32,32
59958,83,89,-6,6
59959,131,124,7,7
59960,95,95,0,0
59961,141,126,15,15
59962,89,97,-8,8
59963,59,54,5,5
59964,86,81,5,5
59965,118,111,7,7
59966,78,81,-3,3
59967,148,131,17,17
59968,59,58,1,1
59969,104,103,1,1
59970,85,80,5,5
59971,103,101,2,2
59972,236,183,53,53
59973,66,80,-14,14
59974,50,68,-18,18
59975,77,70,7,7
59976,114,93,21,21
59977,85,81,4,4
59978,88,84,4,4
59979,74,70,4,4
59980,71,74,-3,3
59981,155,136,19,19
59982,62,68,-6,6
59983,100,85,15,15
59984,82,84,-2,2
59985,113,105,8,8
59986,104,101,3,3
59987,104,92,12,12
59988,105,118,-13,13
59989,153,133,20,20
59990,76,72,4,4
59991,85,73,12,12
59992,119,118,1,1
59993,106,90,16,16
59994,73,80,-7,7
59995,137,112,25,25
59996,79,73,6,6
59997,186,164,22,22
59998,63,68,-5,5
59999,93,89,4,4
60000,126,127,-1,1
60001,70,68,2,2
60002,128,107,21,21
60003,61,62,-1,1
60004,83,77,6,6
60005,108,95,13,13
60006,87,91,-4,4
60007,97,94,3,3
60008,62,64,-2,2
60009,129,119,10,10
60010,124,108,16,16
60011,63,64,-1,1
60012,138,121,17,17
60013,53,52,1,1
60014,76,70,6,6
60015,138,133,5,5
60016,123,117,6,6
60017,57,57,0,0
60018,83,80,3,3
60019,96,97,-1,1
60020,119,121,-2,2
60021,72,70,2,2
60022,78,68,10,10
60023,106,92,14,14
60024,83,74,9,9
60025,71,65,6,6
60026,205,163,42,42
60027,59,64,-5,5
60028,57,55,2,2
60029,90,86,4,4
60030,34,60,-26,26
60031,215,161,54,54
60032,85,84,1,1
60033,158,139,19,19
60034,136,118,18,18
60035,55,47,8,8
60036,119,108,11,11
60037,109,132,-23,23
60038,57,61,-4,4
60039,92,82,10,10
60040,99,87,12,12
60041,95,90,5,5
60042,74,68,6,6
60043,84,80,4,4
60044,107,95,12,12
60045,78,73,5,5
60046,64,68,-4,4
60047,66,74,-8,8
60048,88,81,7,7
60049,135,109,26,26
60050,139,122,17,17
60051,126,132,-6,6
60052,82,81,1,1
60053,70,64,6,6
60054,81,83,-2,2
60055,60,61,-1,1
60056,56,56,0,0
60057,131,117,14,14
60058,59,61,-2,2
60059,83,74,9,9
60060,145,129,16,16
60061,86,82,4,4
60062,102,98,4,4
60063,77,80,-3,3
60064,136,110,26,26
60065,68,68,0,0
60066,81,74,7,7
60067,82,73,9,9
60068,85,80,5,5
60069,121,112,9,9
60070,69,69,0,0
60071,56,61,-5,5
60072,170,143,27,27
60073,123,116,7,7
60074,71,70,1,1
60075,77,80,-3,3
60076,140,124,16,16
60077,141,124,17,17
60078,98,90,8,8
60079,93,82,11,11
60080,69,80,-11,11
60081,104,99,5,5
60082,53,64,-11,11
60083,75,79,-4,4
60084,120,109,11,11
60085,86,91,-5,5
60086,98,91,7,7
60087,84,83,1,1
60088,88,87,1,1
60089,113,103,10,10
60090,74,74,0,0
60091,91,84,7,7
60092,149,122,27,27
60093,82,80,2,2
60094,84,80,4,4
60095,195,172,23,23
60096,117,114,3,3
60097,120,117,3,3
60098,180,153,27,27
60099,80,86,-6,6
60100,122,113,9,9
60101,135,120,15,15
60102,159,144,15,15
60103,107,102,5,5
60104,76,80,-4,4
60105,85,82,3,3
60106,87,79,8,8
60107,88,81,7,7
60108,41,45,-4,4
60109,78,74,4,4
60110,61,64,-3,3
60111,87,82,5,5
60112,129,107,22,22
60113,84,81,3,3
60114,142,120,22,22
60115,126,122,4,4
60116,89,84,5,5
60117,74,68,6,6
60118,51,50,1,1
60119,141,118,23,23
60120,83,76,7,7
60121,120,141,-21,21
60122,144,129,15,15
60123,67,76,-9,9
60124,82,82,0,0
60125,67,71,-4,4
60126,85,81,4,4
60127,62,52,10,10
60128,106,97,9,9
60129,59,59,0,0
60130,73,69,4,4
60131,145,128,17,17
60132,65,61,4,4
60133,72,71,1,1
60134,118,102,16,16
60135,105,111,-6,6
60136,71,70,1,1
60137,96,91,5,5
60138,111,99,12,12
60139,73,87,-14,14
60140,88,80,8,8
60141,210,182,28,28
60142,104,94,10,10
60143,76,71,5,5
60144,43,52,-9,9
60145,110,94,16,16
60146,93,86,7,7
60147,114,103,11,11
60148,190,167,23,23
60149,87,86,1,1
60150,85,77,8,8
60151,95,93,2,2
60152,97,108,-11,11
60153,58,58,0,0
60154,126,124,2,2
60155,145,119,26,26
60156,61,68,-7,7
60157,113,94,19,19
60158,42,50,-8,8
60159,108,95,13,13
60160,93,82,11,11
60161,157,139,18,18
60162,75,75,0,0
60163,59,63,-4,4
60164,101,86,15,15
60165,83,77,6,6
60166,95,89,6,6
60167,100,92,8,8
60168,69,68,1,1
60169,108,107,1,1
60170,79,71,8,8
60171,105,96,9,9
60172,98,105,-7,7
60173,123,119,4,4
60174,103,97,6,6
60175,158,136,22,22
60176,98,92,6,6
60177,128,115,13,13
60178,54,51,3,3
60179,54,66,-12,12
60180,86,84,2,2
60181,119,113,6,6
60182,67,65,2,2
60183,114,104,10,10
60184,104,94,10,10
60185,81,82,-1,1
60186,84,79,5,5
60187,86,81,5,5
60188,93,91,2,2
60189,75,70,5,5
60190,69,70,-1,1
60191,96,84,12,12
60192,117,112,5,5
60193,164,139,25,25
60194,121,110,11,11
60195,93,85,8,8
60196,91,85,6,6
60197,144,129,15,15
60198,101,96,5,5
60199,135,109,26,26
60200,102,97,5,5
60201,83,81,2,2
60202,88,79,9,9
60203,101,101,0,0
60204,102,99,3,3
60205,102,106,-4,4
60206,105,95,10,10
60207,99,100,-1,1
60208,151,128,23,23
60209,67,71,-4,4
60210,164,131,33,33
60211,85,83,2,2
60212,89,91,-2,2
60213,59,59,0,0
60214,94,82,12,12
60215,123,112,11,11
60216,79,93,-14,14
60217,74,73,1,1
60218,176,154,22,22
60219,59,69,-10,10
60220,100,97,3,3
60221,123,117,6,6
60222,104,100,4,4
60223,145,137,8,8
60224,97,96,1,1
60225,175,149,26,26
60226,63,62,1,1
60227,124,114,10,10
60228,68,65,3,3
60229,139,119,20,20
60230,78,71,7,7
60231,79,70,9,9
60232,48,57,-9,9
60233,141,130,11,11
60234,136,115,21,21
60235,123,122,1,1
60236,85,83,2,2
60237,128,111,17,17
60238,97,88,9,9
60239,63,64,-1,1
60240,141,133,8,8
60241,87,82,5,5
60242,93,97,-4,4
60243,54,54,0,0
60244,133,113,20,20
60245,50,58,-8,8
60246,71,69,2,2
60247,75,73,2,2
60248,165,145,20,20
60249,64,67,-3,3
60250,95,82,13,13
60251,65,61,4,4
60252,106,95,11,11
60253,91,77,14,14
60254,70,80,-10,10
60255,124,112,12,12
60256,48,56,-8,8
60257,74,73,1,1
60258,64,58,6,6
60259,104,96,8,8
60260,82,80,2,2
60261,82,81,1,1
60262,147,137,10,10
60263,123,99,24,24
60264,81,85,-4,4
60265,146,136,10,10
60266,88,85,3,3
60267,78,78,0,0
60268,118,115,3,3
60269,160,142,18,18
60270,176,151,25,25
60271,133,115,18,18
60272,122,109,13,13
60273,74,76,-2,2
60274,75,76,-1,1
60275,116,112,4,4
60276,116,107,9,9
60277,126,116,10,10
60278,53,55,-2,2
60279,58,81,-23,23
60280,169,150,19,19
60281,100,103,-3,3
60282,56,59,-3,3
60283,63,71,-8,8
60284,58,61,-3,3
60285,56,68,-12,12
60286,131,126,5,5
60287,74,68,6,6
60288,143,125,18,18
60289,127,120,7,7
60290,98,94,4,4
60291,60,55,5,5
60292,65,86,-21,21
60293,76,66,10,10
60294,72,72,0,0
60295,83,80,3,3
60296,41,49,-8,8
60297,91,81,10,10
60298,125,118,7,7
60299,119,118,1,1
60300,92,79,13,13
60301,100,107,-7,7
60302,125,110,15,15
60303,95,92,3,3
60304,108,99,9,9
60305,118,108,10,10
60306,124,125,-1,1
60307,31,37,-6,6
60308,175,160,15,15
60309,122,114,8,8
60310,117,116,1,1
60311,30,47,-17,17
60312,184,154,30,30
60313,93,85,8,8
60314,98,92,6,6
60315,82,79,3,3
60316,91,85,6,6
60317,67,77,-10,10
60318,103,79,24,24
60319,127,121,6,6
60320,64,64,0,0
60321,70,80,-10,10
60322,68,70,-2,2
60323,87,97,-10,10
60324,103,98,5,5
60325,91,87,4,4
60326,77,71,6,6
60327,70,63,7,7
60328,90,88,2,2
60329,64,66,-2,2
60330,53,58,-5,5
60331,87,78,9,9
60332,112,97,15,15
60333,91,82,9,9
60334,132,121,11,11
60335,116,110,6,6
60336,99,97,2,2
60337,80,75,5,5
60338,125,118,7,7
60339,83,78,5,5
60340,123,118,5,5
60341,126,114,12,12
60342,114,109,5,5
60343,139,123,16,16
60344,135,128,7,7
60345,61,58,3,3
60346,70,73,-3,3
60347,112,101,11,11
60348,79,80,-1,1
60349,58,68,-10,10
60350,131,129,2,2
60351,154,135,19,19
60352,85,83,2,2
60353,116,100,16,16
60354,71,74,-3,3
60355,62,73,-11,11
60356,72,77,-5,5
60357,137,129,8,8
60358,152,140,12,12
60359,85,81,4,4
60360,63,68,-5,5
60361,67,58,9,9
60362,108,107,1,1
60363,120,118,2,2
60364,103,95,8,8
60365,96,96,0,0
60366,108,106,2,2
60367,49,101,-52,52
60368,83,85,-2,2
60369,91,81,10,10
60370,112,99,13,13
60371,148,129,19,19
60372,110,110,0,0
60373,90,85,5,5
60374,71,65,6,6
60375,95,101,-6,6
60376,78,73,5,5
60377,102,102,0,0
60378,99,89,10,10
60379,71,71,0,0
60380,103,97,6,6
60381,75,76,-1,1
60382,128,118,10,10
60383,37,46,-9,9
60384,82,79,3,3
60385,82,88,-6,6
60386,105,102,3,3
60387,96,90,6,6
60388,57,50,7,7
60389,135,127,8,8
60390,87,82,5,5
60391,75,81,-6,6
60392,75,84,-9,9
60393,127,104,23,23
60394,105,101,4,4
60395,61,60,1,1
60396,66,90,-24,24
60397,140,125,15,15
60398,129,124,5,5
60399,150,123,27,27
60400,109,100,9,9
60401,115,114,1,1
60402,118,105,13,13
60403,58,59,-1,1
60404,79,69,10,10
60405,28,35,-7,7
60406,173,139,34,34
60407,89,92,-3,3
60408,95,81,14,14
60409,71,77,-6,6
60410,87,87,0,0
60411,77,70,7,7
60412,106,101,5,5
60413,88,88,0,0
60414,74,78,-4,4
60415,66,82,-16,16
60416,64,80,-16,16
60417,115,112,3,3
60418,59,60,-1,1
60419,142,119,23,23
60420,73,64,9,9
60421,138,119,19,19
60422,110,102,8,8
60423,81,83,-2,2
60424,143,144,-1,1
60425,137,113,24,24
60426,177,151,26,26
60427,100,99,1,1
60428,112,108,4,4
60429,136,137,-1,1
60430,48,49,-1,1
60431,112,118,-6,6
60432,115,106,9,9
60433,134,118,16,16
60434,97,101,-4,4
60435,86,81,5,5
60436,115,101,14,14
60437,80,74,6,6
60438,157,132,25,25
60439,59,57,2,2
60440,118,112,6,6
60441,64,72,-8,8
60442,123,109,14,14
60443,70,75,-5,5
60444,60,66,-6,6
60445,76,83,-7,7
60446,161,141,20,20
60447,129,131,-2,2
60448,66,65,1,1
60449,104,92,12,12
60450,86,81,5,5
60451,53,52,1,1
60452,76,71,5,5
60453,202,162,40,40
60454,81,75,6,6
60455,136,125,11,11
60456,80,70,10,10
60457,54,56,-2,2
60458,71,66,5,5
60459,37,44,-7,7
60460,92,86,6,6
60461,81,87,-6,6
60462,94,107,-13,13
60463,116,107,9,9
60464,89,91,-2,2
60465,123,108,15,15
60466,95,85,10,10
60467,114,105,9,9
60468,134,125,9,9
60469,153,135,18,18
60470,82,80,2,2
60471,104,95,9,9
60472,101,102,-1,1
60473,73,65,8,8
60474,121,116,5,5
60475,147,122,25,25
60476,70,79,-9,9
60477,126,112,14,14
60478,284,226,58,58
60479,124,119,5,5
60480,107,101,6,6
60481,78,78,0,0
60482,116,107,9,9
60483,139,118,21,21
60484,127,114,13,13
60485,61,65,-4,4
60486,56,59,-3,3
60487,105,96,9,9
60488,68,72,-4,4
60489,101,88,13,13
60490,64,58,6,6
60491,70,71,-1,1
60492,129,116,13,13
60493,86,80,6,6
60494,71,67,4,4
60495,57,125,-68,68
60496,63,81,-18,18
60497,100,90,10,10
60498,138,132,6,6
60499,143,125,18,18
60500,123,110,13,13
60501,114,109,5,5
60502,69,69,0,0
60503,71,71,0,0
60504,65,56,9,9
60505,94,99,-5,5
60506,73,76,-3,3
60507,77,79,-2,2
60508,68,71,-3,3
60509,126,126,0,0
60510,133,117,16,16
60511,111,113,-2,2
60512,80,81,-1,1
60513,74,80,-6,6
60514,91,85,6,6
60515,111,108,3,3
60516,100,95,5,5
60517,191,152,39,39
60518,124,102,22,22
60519,55,57,-2,2
60520,113,98,15,15
60521,34,43,-9,9
60522,108,95,13,13
60523,74,70,4,4
60524,163,129,34,34
60525,135,109,26,26
60526,86,93,-7,7
60527,122,106,16,16
60528,135,122,13,13
60529,68,80,-12,12
60530,75,73,2,2
60531,127,125,2,2
60532,65,65,0,0
60533,83,82,1,1
60534,103,92,11,11
60535,79,77,2,2
60536,77,78,-1,1
60537,116,112,4,4
60538,123,109,14,14
60539,70,68,2,2
60540,66,72,-6,6
60541,102,104,-2,2
60542,108,117,-9,9
60543,64,56,8,8
60544,116,118,-2,2
60545,154,147,7,7
60546,78,79,-1,1
60547,97,95,2,2
60548,64,69,-5,5
60549,109,99,10,10
60550,109,94,15,15
60551,110,108,2,2
60552,124,112,12,12
60553,50,54,-4,4
60554,75,71,4,4
60555,112,110,2,2
60556,72,79,-7,7
60557,113,103,10,10
60558,70,79,-9,9
60559,112,83,29,29
60560,71,69,2,2
60561,117,108,9,9
60562,88,82,6,6
60563,88,79,9,9
60564,96,82,14,14
60565,114,111,3,3
60566,46,57,-11,11
60567,82,84,-2,2
60568,77,76,1,1
60569,68,77,-9,9
60570,79,87,-8,8
60571,78,76,2,2
60572,48,50,-2,2
60573,55,61,-6,6
60574,110,104,6,6
60575,106,98,8,8
60576,88,80,8,8
60577,90,95,-5,5
60578,84,85,-1,1
60579,78,85,-7,7
60580,108,105,3,3
60581,52,61,-9,9
60582,162,130,32,32
60583,46,48,-2,2
60584,100,101,-1,1
60585,95,91,4,4
60586,138,128,10,10
60587,53,57,-4,4
60588,100,91,9,9
60589,93,86,7,7
60590,90,103,-13,13
60591,103,102,1,1
60592,92,81,11,11
60593,52,49,3,3
60594,104,98,6,6
60595,49,54,-5,5
60596,82,76,6,6
60597,104,93,11,11
60598,167,150,17,17
60599,58,66,-8,8
60600,79,77,2,2
60601,75,65,10,10
60602,70,74,-4,4
60603,78,78,0,0
60604,70,69,1,1
60605,130,123,7,7
60606,90,93,-3,3
60607,68,71,-3,3
60608,97,97,0,0
60609,83,82,1,1
60610,51,59,-8,8
60611,70,73,-3,3
60612,35,57,-22,22
60613,24,36,-12,12
60614,113,93,20,20
60615,133,116,17,17
60616,90,90,0,0
60617,84,80,4,4
60618,86,81,5,5
60619,63,64,-1,1
60620,51,55,-4,4
60621,153,130,23,23
60622,113,103,10,10
60623,47,49,-2,2
60624,111,97,14,14
60625,67,61,6,6
60626,51,53,-2,2
60627,57,63,-6,6
60628,67,61,6,6
60629,149,128,21,21
60630,71,68,3,3
60631,100,104,-4,4
60632,94,94,0,0
60633,61,58,3,3
60634,100,86,14,14
60635,147,131,16,16
60636,92,88,4,4
60637,79,82,-3,3
60638,95,95,0,0
60639,155,142,13,13
60640,88,78,10,10
60641,149,155,-6,6
60642,128,116,12,12
60643,73,59,14,14
60644,124,111,13,13
60645,78,81,-3,3
60646,73,72,1,1
60647,104,92,12,12
60648,124,100,24,24
60649,65,70,-5,5
60650,98,92,6,6
60651,100,97,3,3
60652,79,72,7,7
60653,216,166,50,50
60654,77,80,-3,3
60655,64,75,-11,11
60656,43,44,-1,1
60657,124,106,18,18
60658,87,85,2,2
60659,98,90,8,8
60660,91,82,9,9
60661,81,79,2,2
60662,109,112,-3,3
60663,61,78,-17,17
60664,86,87,-1,1
60665,126,112,14,14
60666,85,78,7,7
60667,94,107,-13,13
60668,68,69,-1,1
60669,77,74,3,3
60670,72,70,2,2
60671,107,105,2,2
60672,83,80,3,3
60673,116,108,8,8
60674,59,59,0,0
60675,53,54,-1,1
60676,137,128,9,9
60677,128,108,20,20
60678,97,93,4,4
60679,97,94,3,3
60680,75,72,3,3
60681,107,93,14,14
60682,96,89,7,7
60683,139,121,18,18
60684,62,60,2,2
60685,90,82,8,8
60686,104,101,3,3
60687,124,109,15,15
60688,107,100,7,7
60689,124,121,3,3
60690,105,94,11,11
60691,134,127,7,7
60692,122,107,15,15
60693,70,77,-7,7
60694,152,141,11,11
60695,95,90,5,5
60696,67,83,-16,16
60697,109,97,12,12
60698,170,187,-17,17
60699,80,81,-1,1
60700,88,81,7,7
60701,131,97,34,34
60702,84,80,4,4
60703,97,96,1,1
60704,149,121,28,28
60705,79,82,-3,3
60706,93,101,-8,8
60707,81,82,-1,1
60708,125,116,9,9
60709,82,80,2,2
60710,79,78,1,1
60711,65,54,11,11
60712,95,92,3,3
60713,111,111,0,0
60714,113,100,13,13
60715,119,112,7,7
60716,68,71,-3,3
60717,135,107,28,28
60718,102,86,16,16
60719,96,103,-7,7
60720,107,99,8,8
60721,86,80,6,6
60722,158,123,35,35
60723,141,121,20,20
60724,129,122,7,7
60725,49,46,3,3
60726,149,132,17,17
60727,114,107,7,7
60728,40,42,-2,2
60729,55,59,-4,4
60730,85,80,5,5
60731,65,63,2,2
60732,97,99,-2,2
60733,148,131,17,17
60734,141,120,21,21
60735,69,63,6,6
60736,80,81,-1,1
60737,158,131,27,27
60738,75,79,-4,4
60739,88,83,5,5
60740,110,101,9,9
60741,82,84,-2,2
60742,58,69,-11,11
60743,76,71,5,5
60744,48,55,-7,7
60745,106,88,18,18
60746,108,99,9,9
60747,191,158,33,33
60748,100,94,6,6
60749,58,61,-3,3
60750,117,109,8,8
60751,233,174,59,59
60752,78,80,-2,2
60753,83,76,7,7
60754,66,68,-2,2
60755,55,53,2,2
60756,77,82,-5,5
60757,102,94,8,8
60758,62,62,0,0
60759,71,72,-1,1
60760,139,126,13,13
60761,132,124,8,8
60762,94,94,0,0
60763,107,106,1,1
60764,60,72,-12,12
60765,94,102,-8,8
60766,72,62,10,10
60767,86,80,6,6
60768,75,81,-6,6
60769,87,89,-2,2
60770,148,123,25,25
60771,120,106,14,14
60772,68,70,-2,2
60773,81,74,7,7
60774,222,191,31,31
60775,68,66,2,2
60776,103,104,-1,1
60777,133,105,28,28
60778,135,108,27,27
60779,97,90,7,7
60780,56,60,-4,4
60781,73,69,4,4
60782,110,108,2,2
60783,116,107,9,9
60784,46,42,4,4
60785,119,104,15,15
60786,42,41,1,1
60787,71,80,-9,9
60788,80,65,15,15
60789,87,86,1,1
60790,73,72,1,1
60791,99,90,9,9
60792,36,44,-8,8
60793,70,68,2,2
60794,55,55,0,0
60795,104,97,7,7
60796,135,125,10,10
60797,103,94,9,9
60798,83,84,-1,1
60799,87,77,10,10
60800,78,72,6,6
60801,68,79,-11,11
60802,70,77,-7,7
60803,112,97,15,15
60804,99,93,6,6
60805,103,97,6,6
60806,87,85,2,2
60807,105,99,6,6
60808,94,93,1,1
60809,185,154,31,31
60810,167,148,19,19
60811,67,72,-5,5
60812,98,80,18,18
60813,109,103,6,6
60814,139,125,14,14
60815,88,81,7,7
60816,117,105,12,12
60817,101,105,-4,4
60818,124,122,2,2
60819,182,142,40,40
60820,198,156,42,42
60821,115,109,6,6
60822,92,89,3,3
60823,77,71,6,6
60824,104,97,7,7
60825,75,70,5,5
60826,93,78,15,15
60827,173,156,17,17
60828,121,117,4,4
60829,141,109,32,32
60830,66,79,-13,13
60831,72,66,6,6
60832,104,104,0,0
60833,103,93,10,10
60834,81,80,1,1
60835,122,97,25,25
60836,131,110,21,21
60837,58,59,-1,1
60838,106,105,1,1
60839,119,100,19,19
60840,57,57,0,0
60841,77,74,3,3
60842,67,60,7,7
60843,85,80,5,5
60844,62,69,-7,7
60845,140,124,16,16
60846,72,78,-6,6
60847,125,116,9,9
60848,166,144,22,22
60849,133,113,20,20
60850,101,81,20,20
60851,156,134,22,22
60852,68,70,-2,2
60853,70,68,2,2
60854,127,112,15,15
60855,89,81,8,8
60856,111,93,18,18
60857,154,120,34,34
60858,91,82,9,9
60859,59,61,-2,2
60860,105,95,10,10
60861,108,117,-9,9
60862,87,95,-8,8
60863,143,127,16,16
60864,88,85,3,3
60865,83,84,-1,1
60866,105,92,13,13
60867,96,97,-1,1
60868,95,85,10,10
60869,104,106,-2,2
60870,97,108,-11,11
60871,111,108,3,3
60872,93,86,7,7
60873,54,51,3,3
60874,90,89,1,1
60875,52,56,-4,4
60876,85,85,0,0
60877,114,107,7,7
60878,152,144,8,8
60879,79,69,10,10
60880,118,115,3,3
60881,85,75,10,10
60882,94,85,9,9
60883,49,56,-7,7
60884,56,57,-1,1
60885,156,132,24,24
60886,55,51,4,4
60887,116,105,11,11
60888,84,82,2,2
60889,105,98,7,7
60890,122,109,13,13
60891,80,82,-2,2
60892,89,76,13,13
60893,117,100,17,17
60894,50,52,-2,2
60895,65,72,-7,7
60896,115,108,7,7
60897,78,76,2,2
60898,112,110,2,2
60899,84,77,7,7
60900,144,133,11,11
60901,95,86,9,9
60902,125,115,10,10
60903,115,121,-6,6
60904,76,74,2,2
60905,119,109,10,10
60906,133,137,-4,4
60907,90,80,10,10
60908,112,101,11,11
60909,76,72,4,4
60910,147,127,20,20
60911,55,59,-4,4
60912,131,110,21,21
60913,116,99,17,17
60914,84,81,3,3
60915,72,74,-2,2
60916,73,73,0,0
60917,43,54,-11,11
60918,73,73,0,0
60919,82,86,-4,4
60920,56,59,-3,3
60921,99,89,10,10
60922,105,109,-4,4
60923,79,86,-7,7
60924,138,117,21,21
60925,111,109,2,2
60926,36,46,-10,10
60927,138,121,17,17
60928,89,91,-2,2
60929,93,80,13,13
60930,132,123,9,9
60931,108,96,12,12
60932,66,67,-1,1
60933,71,71,0,0
60934,65,60,5,5
60935,200,168,32,32
60936,72,101,-29,29
60937,232,207,25,25
60938,75,74,1,1
60939,186,147,39,39
60940,125,109,16,16
60941,95,100,-5,5
60942,203,140,63,63
60943,176,143,33,33
60944,129,119,10,10
60945,76,76,0,0
60946,143,130,13,13
60947,49,49,0,0
60948,92,86,6,6
60949,92,85,7,7
60950,75,85,-10,10
60951,105,94,11,11
60952,155,124,31,31
60953,95,98,-3,3
60954,86,90,-4,4
60955,132,113,19,19
60956,46,54,-8,8
60957,69,74,-5,5
60958,58,70,-12,12
60959,140,120,20,20
60960,70,65,5,5
60961,89,86,3,3
60962,84,69,15,15
60963,124,113,11,11
60964,71,71,0,0
60965,127,115,12,12
60966,69,69,0,0
60967,111,99,12,12
60968,125,117,8,8
60969,85,87,-2,2
60970,76,75,1,1
60971,85,86,-1,1
60972,55,57,-2,2
60973,92,91,1,1
60974,182,148,34,34
60975,89,85,4,4
60976,102,94,8,8
60977,113,107,6,6
60978,131,127,4,4
60979,133,130,3,3
60980,98,91,7,7
60981,154,125,29,29
60982,99,92,7,7
60983,114,105,9,9
60984,110,100,10,10
60985,125,99,26,26
60986,52,64,-12,12
60987,42,41,1,1
60988,80,73,7,7
60989,83,80,3,3
60990,143,126,17,17
60991,56,58,-2,2
60992,131,115,16,16
60993,112,116,-4,4
60994,110,103,7,7
60995,104,94,10,10
60996,71,70,1,1
60997,36,39,-3,3
60998,57,61,-4,4
60999,72,80,-8,8
61000,119,98,21,21
61001,194,162,32,32
61002,107,94,13,13
61003,123,113,10,10
61004,87,80,7,7
61005,157,137,20,20
61006,75,75,0,0
61007,94,91,3,3
61008,85,85,0,0
61009,85,88,-3,3
61010,44,50,-6,6
61011,78,81,-3,3
61012,97,78,19,19
61013,34,55,-21,21
61014,38,41,-3,3
61015,93,89,4,4
61016,113,103,10,10
61017,130,113,17,17
61018,46,48,-2,2
61019,94,95,-1,1
61020,144,121,23,23
61021,60,58,2,2
61022,110,106,4,4
61023,78,81,-3,3
61024,172,151,21,21
61025,117,120,-3,3
61026,60,71,-11,11
61027,114,95,19,19
61028,136,134,2,2
61029,130,127,3,3
61030,140,121,19,19
61031,58,63,-5,5
61032,87,80,7,7
61033,154,132,22,22
61034,84,81,3,3
61035,78,71,7,7
61036,224,238,-14,14
61037,77,72,5,5
61038,114,104,10,10
61039,64,75,-11,11
61040,145,128,17,17
61041,62,61,1,1
61042,123,115,8,8
61043,126,117,9,9
61044,59,72,-13,13
61045,59,70,-11,11
61046,65,79,-14,14
61047,81,86,-5,5
61048,104,90,14,14
61049,94,93,1,1
61050,131,120,11,11
61051,60,58,2,2
61052,111,97,14,14
61053,159,132,27,27
61054,145,133,12,12
61055,67,63,4,4
61056,114,103,11,11
61057,82,77,5,5
61058,93,91,2,2
61059,53,62,-9,9
61060,83,90,-7,7
61061,101,99,2,2
61062,112,114,-2,2
61063,71,63,8,8
61064,86,80,6,6
61065,49,96,-47,47
61066,59,60,-1,1
61067,125,106,19,19
61068,157,143,14,14
61069,90,90,0,0
61070,160,149,11,11
61071,128,103,25,25
61072,78,80,-2,2
61073,153,138,15,15
61074,87,93,-6,6
61075,133,114,19,19
61076,96,95,1,1
61077,88,98,-10,10
61078,69,76,-7,7
61079,150,146,4,4
61080,134,113,21,21
61081,122,113,9,9
61082,91,88,3,3
61083,156,132,24,24
61084,76,77,-1,1
61085,44,45,-1,1
61086,117,115,2,2
61087,110,102,8,8
61088,101,82,19,19
61089,81,74,7,7
61090,52,54,-2,2
61091,164,146,18,18
61092,40,44,-4,4
61093,80,81,-1,1
61094,129,111,18,18
61095,131,110,21,21
61096,87,85,2,2
61097,79,74,5,5
61098,110,102,8,8
61099,120,105,15,15
61100,100,112,-12,12
61101,113,107,6,6
61102,97,109,-12,12
61103,75,70,5,5
61104,85,89,-4,4
61105,49,47,2,2
61106,103,109,-6,6
61107,177,154,23,23
61108,94,93,1,1
61109,130,114,16,16
61110,72,75,-3,3
61111,158,141,17,17
61112,47,54,-7,7
61113,74,83,-9,9
61114,101,100,1,1
61115,51,60,-9,9
61116,83,82,1,1
61117,142,129,13,13
61118,58,65,-7,7
61119,83,83,0,0
61120,45,44,1,1
61121,138,125,13,13
61122,152,132,20,20
61123,101,98,3,3
61124,77,70,7,7
61125,52,75,-23,23
61126,89,80,9,9
61127,149,125,24,24
61128,78,70,8,8
61129,146,130,16,16
61130,122,117,5,5
61131,88,80,8,8
61132,131,121,10,10
61133,67,69,-2,2
61134,107,90,17,17
61135,139,133,6,6
61136,164,134,30,30
61137,134,120,14,14
61138,71,70,1,1
61139,87,76,11,11
61140,68,70,-2,2
61141,56,100,-44,44
61142,118,115,3,3
61143,101,96,5,5
61144,75,75,0,0
61145,127,127,0,0
61146,85,83,2,2
61147,57,83,-26,26
61148,37,49,-12,12
61149,116,105,11,11
61150,108,97,11,11
61151,137,124,13,13
61152,58,61,-3,3
61153,67,85,-18,18
61154,106,102,4,4
61155,132,110,22,22
61156,102,89,13,13
61157,115,110,5,5
61158,85,83,2,2
61159,107,104,3,3
61160,49,54,-5,5
61161,139,141,-2,2
61162,126,123,3,3
61163,135,131,4,4
61164,69,62,7,7
61165,88,77,11,11
61166,117,107,10,10
61167,77,74,3,3
61168,51,59,-8,8
61169,92,99,-7,7
61170,80,84,-4,4
61171,82,78,4,4
61172,157,141,16,16
61173,83,82,1,1
61174,136,118,18,18
61175,147,125,22,22
61176,49,50,-1,1
61177,86,82,4,4
61178,125,110,15,15
61179,73,69,4,4
61180,99,103,-4,4
61181,102,100,2,2
61182,101,97,4,4
61183,109,97,12,12
61184,126,115,11,11
61185,142,117,25,25
61186,62,63,-1,1
61187,113,105,8,8
61188,149,119,30,30
61189,61,59,2,2
61190,66,71,-5,5
61191,122,109,13,13
61192,89,84,5,5
61193,76,76,0,0
61194,74,84,-10,10
61195,61,67,-6,6
61196,44,51,-7,7
61197,107,114,-7,7
61198,104,93,11,11
61199,109,102,7,7
61200,140,120,20,20
61201,43,50,-7,7
61202,40,43,-3,3
61203,223,177,46,46
61204,95,90,5,5
61205,47,54,-7,7
61206,71,68,3,3
61207,121,98,23,23
61208,119,116,3,3
61209,135,125,10,10
61210,78,71,7,7
61211,96,84,12,12
61212,71,69,2,2
61213,71,80,-9,9
61214,108,117,-9,9
61215,64,67,-3,3
61216,169,165,4,4
61217,80,79,1,1
61218,78,78,0,0
61219,100,88,12,12
61220,90,83,7,7
61221,108,97,11,11
61222,84,85,-1,1
61223,150,131,19,19
61224,91,100,-9,9
61225,55,78,-23,23
61226,83,82,1,1
61227,119,138,-19,19
61228,86,84,2,2
61229,101,100,1,1
61230,89,78,11,11
61231,80,83,-3,3
61232,116,103,13,13
61233,146,136,10,10
61234,64,74,-10,10
61235,175,153,22,22
61236,139,125,14,14
61237,79,74,5,5
61238,120,109,11,11
61239,84,89,-5,5
61240,132,123,9,9
61241,71,71,0,0
61242,104,91,13,13
61243,60,65,-5,5
61244,171,136,35,35
61245,93,91,2,2
61246,132,121,11,11
61247,55,57,-2,2
61248,74,59,15,15
61249,126,103,23,23
61250,75,80,-5,5
61251,45,57,-12,12
61252,95,91,4,4
61253,154,129,25,25
61254,143,122,21,21
61255,111,103,8,8
61256,97,97,0,0
61257,203,201,2,2
61258,42,40,2,2
61259,49,50,-1,1
61260,111,106,5,5
61261,76,64,12,12
61262,79,74,5,5
61263,70,78,-8,8
61264,57,55,2,2
61265,60,50,10,10
61266,119,114,5,5
61267,76,77,-1,1
61268,72,68,4,4
61269,124,98,26,26
61270,138,110,28,28
61271,118,109,9,9
61272,119,106,13,13
61273,94,80,14,14
61274,113,122,-9,9
61275,69,83,-14,14
61276,106,95,11,11
61277,41,50,-9,9
61278,88,78,10,10
61279,124,125,-1,1
61280,51,58,-7,7
61281,70,80,-10,10
61282,112,106,6,6
61283,100,93,7,7
61284,143,124,19,19
61285,87,91,-4,4
61286,61,65,-4,4
61287,64,69,-5,5
61288,130,118,12,12
61289,81,79,2,2
61290,73,67,6,6
61291,47,45,2,2
61292,99,108,-9,9
61293,95,88,7,7
61294,105,101,4,4
61295,126,117,9,9
61296,108,94,14,14
61297,67,70,-3,3
61298,72,79,-7,7
61299,65,62,3,3
61300,109,101,8,8
61301,52,57,-5,5
61302,122,107,15,15
61303,59,66,-7,7
61304,117,118,-1,1
61305,79,71,8,8
61306,46,48,-2,2
61307,64,71,-7,7
61308,71,81,-10,10
61309,60,63,-3,3
61310,70,70,0,0
61311,114,103,11,11
61312,101,98,3,3
61313,138,129,9,9
61314,98,88,10,10
61315,92,93,-1,1
61316,196,166,30,30
61317,109,105,4,4
61318,55,54,1,1
61319,166,150,16,16
61320,68,71,-3,3
61321,61,63,-2,2
61322,79,80,-1,1
61323,86,79,7,7
61324,90,84,6,6
61325,128,114,14,14
61326,102,99,3,3
61327,118,100,18,18
61328,86,81,5,5
61329,105,100,5,5
61330,78,75,3,3
61331,96,93,3,3
61332,38,45,-7,7
61333,96,94,2,2
61334,123,111,12,12
61335,85,79,6,6
61336,117,99,18,18
61337,78,99,-21,21
61338,131,123,8,8
61339,82,78,4,4
61340,87,85,2,2
61341,81,81,0,0
61342,59,55,4,4
61343,84,83,1,1
61344,89,90,-1,1
61345,65,65,0,0
61346,131,123,8,8
61347,55,58,-3,3
61348,66,49,17,17
61349,74,71,3,3
61350,84,70,14,14
61351,110,98,12,12
61352,63,79,-16,16
61353,97,82,15,15
61354,55,66,-11,11
61355,94,94,0,0
61356,148,134,14,14
61357,110,95,15,15
61358,161,140,21,21
61359,139,121,18,18
61360,63,73,-10,10
61361,120,112,8,8
61362,79,80,-1,1
61363,131,124,7,7
61364,150,119,31,31
61365,80,80,0,0
61366,37,40,-3,3
61367,116,110,6,6
61368,82,78,4,4
61369,130,119,11,11
61370,68,71,-3,3
61371,86,81,5,5
61372,90,84,6,6
61373,57,57,0,0
61374,149,130,19,19
61375,79,80,-1,1
61376,126,116,10,10
61377,120,122,-2,2
61378,197,163,34,34
61379,62,60,2,2
61380,88,84,4,4
61381,144,124,20,20
61382,99,87,12,12
61383,101,109,-8,8
61384,111,97,14,14
61385,61,64,-3,3
61386,85,81,4,4
61387,96,92,4,4
61388,125,116,9,9
61389,107,95,12,12
61390,136,115,21,21
61391,148,131,17,17
61392,98,96,2,2
61393,66,62,4,4
61394,95,79,16,16
61395,107,90,17,17
61396,47,57,-10,10
61397,78,79,-1,1
61398,81,75,6,6
61399,72,72,0,0
61400,84,93,-9,9
61401,145,139,6,6
61402,77,75,2,2
61403,90,83,7,7
61404,131,111,20,20
61405,91,80,11,11
61406,38,69,-31,31
61407,94,90,4,4
61408,111,104,7,7
61409,145,130,15,15
61410,84,82,2,2
61411,87,74,13,13
61412,115,101,14,14
61413,95,85,10,10
61414,144,121,23,23
61415,90,83,7,7
61416,101,94,7,7
61417,91,90,1,1
61418,190,170,20,20
61419,80,81,-1,1
61420,167,138,29,29
61421,83,75,8,8
61422,66,66,0,0
61423,50,56,-6,6
61424,111,105,6,6
61425,83,89,-6,6
61426,72,69,3,3
61427,73,69,4,4
61428,79,82,-3,3
61429,66,75,-9,9
61430,83,81,2,2
61431,262,219,43,43
61432,108,111,-3,3
61433,117,108,9,9
61434,98,84,14,14
61435,85,84,1,1
61436,63,60,3,3
61437,190,166,24,24
61438,85,83,2,2
61439,123,109,14,14
61440,144,126,18,18
61441,75,78,-3,3
61442,97,90,7,7
61443,85,75,10,10
61444,69,65,4,4
61445,77,80,-3,3
61446,61,66,-5,5
61447,75,71,4,4
61448,97,112,-15,15
61449,70,70,0,0
61450,85,79,6,6
61451,61,68,-7,7
61452,77,73,4,4
61453,58,64,-6,6
61454,83,74,9,9
61455,91,92,-1,1
61456,53,59,-6,6
61457,55,49,6,6
61458,87,87,0,0
61459,80,82,-2,2
61460,53,59,-6,6
61461,133,117,16,16
61462,90,91,-1,1
61463,60,65,-5,5
61464,68,70,-2,2
61465,66,56,10,10
61466,112,107,5,5
61467,139,125,14,14
61468,50,59,-9,9
61469,120,110,10,10
61470,77,79,-2,2
61471,81,69,12,12
61472,87,80,7,7
61473,43,47,-4,4
61474,68,62,6,6
61475,58,55,3,3
61476,120,114,6,6
61477,114,99,15,15
61478,173,147,26,26
61479,62,65,-3,3
61480,115,98,17,17
61481,213,177,36,36
61482,108,101,7,7
61483,53,66,-13,13
61484,85,75,10,10
61485,119,112,7,7
61486,74,78,-4,4
61487,93,83,10,10
61488,72,69,3,3
61489,104,84,20,20
61490,88,86,2,2
61491,56,62,-6,6
61492,139,121,18,18
61493,110,104,6,6
61494,93,82,11,11
61495,54,50,4,4
61496,83,85,-2,2
61497,73,69,4,4
61498,202,165,37,37
61499,95,91,4,4
61500,51,58,-7,7
61501,141,116,25,25
61502,130,118,12,12
61503,89,93,-4,4
61504,67,66,1,1
61505,92,100,-8,8
61506,138,136,2,2
61507,50,52,-2,2
61508,85,74,11,11
61509,118,96,22,22
61510,84,80,4,4
61511,95,86,9,9
61512,92,93,-1,1
61513,141,139,2,2
61514,94,95,-1,1
61515,117,114,3,3
61516,82,69,13,13
61517,73,80,-7,7
61518,108,95,13,13
61519,93,99,-6,6
61520,156,143,13,13
61521,84,83,1,1
61522,106,91,15,15
61523,91,91,0,0
61524,88,85,3,3
61525,78,71,7,7
61526,136,122,14,14
61527,59,68,-9,9
61528,94,97,-3,3
61529,100,95,5,5
61530,144,127,17,17
61531,89,104,-15,15
61532,67,70,-3,3
61533,28,36,-8,8
61534,114,105,9,9
61535,123,120,3,3
61536,85,75,10,10
61537,77,78,-1,1
61538,89,100,-11,11
61539,90,81,9,9
61540,80,81,-1,1
61541,114,110,4,4
61542,46,49,-3,3
61543,123,110,13,13
61544,132,120,12,12
61545,106,111,-5,5
61546,93,93,0,0
61547,100,116,-16,16
61548,82,77,5,5
61549,170,160,10,10
61550,103,113,-10,10
61551,60,65,-5,5
61552,101,108,-7,7
61553,101,94,7,7
61554,106,95,11,11
61555,53,66,-13,13
61556,45,47,-2,2
61557,102,112,-10,10
61558,74,69,5,5
61559,107,107,0,0
61560,95,90,5,5
61561,96,87,9,9
61562,100,94,6,6
61563,40,50,-10,10
61564,85,80,5,5
61565,59,62,-3,3
61566,107,93,14,14
61567,157,137,20,20
61568,72,78,-6,6
61569,104,88,16,16
61570,53,59,-6,6
61571,131,119,12,12
61572,147,127,20,20
61573,80,74,6,6
61574,135,124,11,11
61575,119,104,15,15
61576,128,114,14,14
61577,126,114,12,12
61578,91,80,11,11
61579,102,87,15,15
61580,55,66,-11,11
61581,69,70,-1,1
61582,57,66,-9,9
61583,53,59,-6,6
61584,109,93,16,16
61585,106,86,20,20
61586,106,103,3,3
61587,128,107,21,21
61588,84,77,7,7
61589,73,75,-2,2
61590,137,106,31,31
61591,96,91,5,5
61592,106,99,7,7
61593,119,110,9,9
61594,113,107,6,6
61595,138,116,22,22
61596,52,57,-5,5
61597,115,103,12,12
61598,66,66,0,0
61599,114,108,6,6
61600,46,66,-20,20
61601,108,102,6,6
61602,85,79,6,6
61603,67,63,4,4
61604,66,61,5,5
61605,76,79,-3,3
61606,93,86,7,7
61607,145,140,5,5
61608,122,106,16,16
61609,88,79,9,9
61610,59,61,-2,2
61611,77,79,-2,2
61612,84,84,0,0
61613,71,74,-3,3
61614,93,85,8,8
61615,71,69,2,2
61616,40,49,-9,9
61617,165,137,28,28
61618,104,98,6,6
61619,54,53,1,1
61620,46,41,5,5
61621,70,68,2,2
61622,51,54,-3,3
61623,86,83,3,3
61624,86,80,6,6
61625,90,82,8,8
61626,160,144,16,16
61627,119,110,9,9
61628,78,81,-3,3
61629,112,115,-3,3
61630,89,83,6,6
61631,96,98,-2,2
61632,96,92,4,4
61633,96,94,2,2
61634,33,39,-6,6
61635,78,73,5,5
61636,65,60,5,5
61637,69,71,-2,2
61638,85,86,-1,1
61639,71,61,10,10
61640,119,101,18,18
61641,100,94,6,6
61642,102,97,5,5
61643,96,83,13,13
61644,77,75,2,2
61645,91,90,1,1
61646,175,148,27,27
61647,96,94,2,2
61648,133,115,18,18
61649,107,115,-8,8
61650,98,87,11,11
61651,94,93,1,1
61652,67,68,-1,1
61653,116,113,3,3
61654,73,80,-7,7
61655,83,70,13,13
61656,75,77,-2,2
61657,109,112,-3,3
61658,143,135,8,8
61659,84,84,0,0
61660,79,81,-2,2
61661,104,95,9,9
61662,44,44,0,0
61663,53,46,7,7
61664,108,97,11,11
61665,86,89,-3,3
61666,119,114,5,5
61667,56,38,18,18
61668,88,88,0,0
61669,118,113,5,5
61670,102,97,5,5
61671,49,50,-1,1
61672,99,94,5,5
61673,105,163,-58,58
61674,131,109,22,22
61675,78,72,6,6
61676,99,89,10,10
61677,23,26,-3,3
61678,126,116,10,10
61679,92,87,5,5
61680,85,88,-3,3
61681,61,67,-6,6
61682,137,124,13,13
61683,74,77,-3,3
61684,129,116,13,13
61685,156,144,12,12
61686,72,69,3,3
61687,151,129,22,22
61688,72,64,8,8
61689,81,83,-2,2
61690,128,111,17,17
61691,136,115,21,21
61692,111,107,4,4
61693,150,142,8,8
61694,79,80,-1,1
61695,124,112,12,12
61696,133,113,20,20
61697,106,108,-2,2
61698,71,79,-8,8
61699,69,67,2,2
61700,105,107,-2,2
61701,60,59,1,1
61702,97,91,6,6
61703,129,122,7,7
61704,70,69,1,1
61705,137,132,5,5
61706,110,94,16,16
61707,97,91,6,6
61708,149,152,-3,3
61709,63,68,-5,5
61710,71,72,-1,1
61711,108,96,12,12
61712,127,114,13,13
61713,92,92,0,0
61714,41,43,-2,2
61715,87,82,5,5
61716,95,94,1,1
61717,58,61,-3,3
61718,103,106,-3,3
61719,106,100,6,6
61720,100,99,1,1
61721,49,55,-6,6
61722,103,110,-7,7
61723,147,142,5,5
61724,110,99,11,11
61725,121,128,-7,7
61726,66,67,-1,1
61727,66,68,-2,2
61728,75,72,3,3
61729,127,124,3,3
61730,96,88,8,8
61731,179,152,27,27
61732,153,139,14,14
61733,89,81,8,8
61734,111,102,9,9
61735,124,101,23,23
61736,86,75,11,11
61737,98,102,-4,4
61738,82,81,1,1
61739,138,114,24,24
61740,98,85,13,13
61741,187,162,25,25
61742,141,119,22,22
61743,72,78,-6,6
61744,110,99,11,11
61745,87,91,-4,4
61746,60,60,0,0
61747,71,71,0,0
61748,123,118,5,5
61749,57,60,-3,3
61750,113,111,2,2
61751,148,134,14,14
61752,73,74,-1,1
61753,62,69,-7,7
61754,108,117,-9,9
61755,105,98,7,7
61756,152,114,38,38
61757,51,55,-4,4
61758,127,116,11,11
61759,31,41,-10,10
61760,68,68,0,0
61761,163,135,28,28
61762,160,137,23,23
61763,73,76,-3,3
61764,43,51,-8,8
61765,102,95,7,7
61766,91,103,-12,12
61767,136,113,23,23
61768,92,82,10,10
61769,60,64,-4,4
61770,45,50,-5,5
61771,111,99,12,12
61772,95,95,0,0
61773,100,94,6,6
61774,139,132,7,7
61775,99,93,6,6
61776,68,73,-5,5
61777,55,59,-4,4
61778,110,96,14,14
61779,67,73,-6,6
61780,103,96,7,7
61781,115,106,9,9
61782,131,129,2,2
61783,106,106,0,0
61784,154,135,19,19
61785,104,109,-5,5
61786,91,85,6,6
61787,139,131,8,8
61788,56,61,-5,5
61789,139,124,15,15
61790,72,62,10,10
61791,144,128,16,16
61792,112,104,8,8
61793,68,64,4,4
61794,88,85,3,3
61795,79,88,-9,9
61796,104,101,3,3
61797,54,53,1,1
61798,111,96,15,15
61799,87,84,3,3
61800,185,157,28,28
61801,92,83,9,9
61802,68,71,-3,3
61803,91,84,7,7
61804,84,79,5,5
61805,82,81,1,1
61806,126,114,12,12
61807,71,74,-3,3
61808,72,70,2,2
61809,137,125,12,12
61810,61,68,-7,7
61811,106,102,4,4
61812,59,56,3,3
61813,77,75,2,2
61814,149,120,29,29
61815,63,65,-2,2
61816,66,70,-4,4
61817,105,95,10,10
61818,85,82,3,3
61819,109,92,17,17
61820,81,84,-3,3
61821,60,60,0,0
61822,40,48,-8,8
61823,95,83,12,12
61824,110,95,15,15
61825,68,63,5,5
61826,67,68,-1,1
61827,76,76,0,0
61828,188,165,23,23
61829,59,59,0,0
61830,131,111,20,20
61831,108,102,6,6
61832,114,112,2,2
61833,108,102,6,6
61834,104,91,13,13
61835,94,90,4,4
61836,47,49,-2,2
61837,77,69,8,8
61838,80,82,-2,2
61839,96,91,5,5
61840,103,96,7,7
61841,109,101,8,8
61842,66,77,-11,11
61843,98,85,13,13
61844,126,103,23,23
61845,97,104,-7,7
61846,99,90,9,9
61847,107,103,4,4
61848,129,119,10,10
61849,87,86,1,1
61850,69,69,0,0
61851,115,100,15,15
61852,99,98,1,1
61853,99,92,7,7
61854,155,149,6,6
61855,121,108,13,13
61856,123,119,4,4
61857,91,85,6,6
61858,68,74,-6,6
61859,118,102,16,16
61860,98,98,0,0
61861,108,98,10,10
61862,112,103,9,9
61863,80,72,8,8
61864,92,118,-26,26
61865,116,101,15,15
61866,56,63,-7,7
61867,127,116,11,11
61868,50,57,-7,7
61869,121,103,18,18
61870,157,139,18,18
61871,78,74,4,4
61872,85,79,6,6
61873,142,129,13,13
61874,42,48,-6,6
61875,62,65,-3,3
61876,61,64,-3,3
61877,75,74,1,1
61878,82,82,0,0
61879,107,98,9,9
61880,130,122,8,8
61881,64,70,-6,6
61882,75,73,2,2
61883,109,100,9,9
61884,65,78,-13,13
61885,112,107,5,5
61886,88,91,-3,3
61887,140,126,14,14
61888,132,118,14,14
61889,108,103,5,5
61890,92,77,15,15
61891,63,62,1,1
61892,48,49,-1,1
61893,144,114,30,30
61894,104,99,5,5
61895,107,96,11,11
61896,52,68,-16,16
61897,73,72,1,1
61898,44,47,-3,3
61899,120,106,14,14
61900,87,81,6,6
61901,110,108,2,2
61902,73,72,1,1
61903,79,86,-7,7
61904,57,64,-7,7
61905,68,70,-2,2
61906,81,94,-13,13
61907,63,59,4,4
61908,41,41,0,0
61909,71,67,4,4
61910,106,106,0,0
61911,105,91,14,14
61912,183,138,45,45
61913,111,109,2,2
61914,137,122,15,15
61915,51,59,-8,8
61916,40,42,-2,2
61917,70,76,-6,6
61918,120,111,9,9
61919,57,66,-9,9
61920,66,65,1,1
61921,140,111,29,29
61922,71,78,-7,7
61923,96,87,9,9
61924,108,102,6,6
61925,134,132,2,2
61926,97,94,3,3
61927,44,43,1,1
61928,49,49,0,0
61929,63,59,4,4
61930,97,97,0,0
61931,38,42,-4,4
61932,68,65,3,3
61933,114,103,11,11
61934,105,101,4,4
61935,36,34,2,2
61936,69,62,7,7
61937,101,94,7,7
61938,155,130,25,25
61939,53,71,-18,18
61940,151,132,19,19
61941,65,62,3,3
61942,64,68,-4,4
61943,181,149,32,32
61944,110,101,9,9
61945,93,92,1,1
61946,183,160,23,23
61947,94,86,8,8
61948,91,87,4,4
61949,105,105,0,0
61950,51,56,-5,5
61951,76,74,2,2
61952,60,70,-10,10
61953,72,71,1,1
61954,108,100,8,8
61955,119,108,11,11
61956,98,104,-6,6
61957,119,100,19,19
61958,122,111,11,11
61959,90,86,4,4
61960,55,59,-4,4
61961,62,57,5,5
61962,41,56,-15,15
61963,86,81,5,5
61964,58,59,-1,1
61965,159,146,13,13
61966,84,83,1,1
61967,101,95,6,6
61968,107,91,16,16
61969,150,133,17,17
61970,105,104,1,1
61971,83,81,2,2
61972,78,82,-4,4
61973,51,53,-2,2
61974,83,87,-4,4
61975,111,106,5,5
61976,116,115,1,1
61977,124,96,28,28
61978,116,107,9,9
61979,133,117,16,16
61980,143,127,16,16
61981,102,98,4,4
61982,94,93,1,1
61983,66,67,-1,1
61984,76,81,-5,5
61985,108,97,11,11
61986,69,62,7,7
61987,90,78,12,12
61988,65,74,-9,9
61989,157,143,14,14
61990,81,75,6,6
61991,116,114,2,2
61992,94,91,3,3
61993,98,107,-9,9
61994,149,130,19,19
61995,87,86,1,1
61996,124,117,7,7
61997,121,112,9,9
61998,157,134,23,23
61999,100,90,10,10
62000,129,120,9,9
62001,97,91,6,6
62002,57,58,-1,1
62003,108,100,8,8
62004,64,60,4,4
62005,195,159,36,36
62006,81,79,2,2
62007,92,85,7,7
62008,139,134,5,5
62009,67,65,2,2
62010,78,84,-6,6
62011,56,61,-5,5
62012,90,84,6,6
62013,69,72,-3,3
62014,109,98,11,11
62015,67,66,1,1
62016,65,71,-6,6
62017,67,74,-7,7
62018,128,108,20,20
62019,101,94,7,7
62020,103,98,5,5
62021,66,62,4,4
62022,78,80,-2,2
62023,121,107,14,14
62024,99,99,0,0
62025,69,59,10,10
62026,64,69,-5,5
62027,66,62,4,4
62028,76,74,2,2
62029,91,90,1,1
62030,49,55,-6,6
62031,222,170,52,52
62032,71,64,7,7
62033,155,137,18,18
62034,80,80,0,0
62035,94,74,20,20
62036,70,68,2,2
62037,106,99,7,7
62038,81,82,-1,1
62039,90,80,10,10
62040,73,72,1,1
62041,65,61,4,4
62042,71,75,-4,4
62043,140,112,28,28
62044,109,108,1,1
62045,72,70,2,2
62046,95,100,-5,5
62047,92,82,10,10
62048,104,106,-2,2
62049,74,74,0,0
62050,102,99,3,3
62051,75,78,-3,3
62052,100,91,9,9
62053,111,110,1,1
62054,52,52,0,0
62055,79,75,4,4
62056,99,90,9,9
62057,140,132,8,8
62058,181,167,14,14
62059,106,96,10,10
62060,59,54,5,5
62061,129,114,15,15
62062,95,108,-13,13
62063,50,56,-6,6
62064,71,69,2,2
62065,46,62,-16,16
62066,103,100,3,3
62067,82,81,1,1
62068,114,102,12,12
62069,114,105,9,9
62070,92,88,4,4
62071,74,76,-2,2
62072,102,97,5,5
62073,104,97,7,7
62074,86,81,5,5
62075,51,71,-20,20
62076,86,81,5,5
62077,78,79,-1,1
62078,99,98,1,1
62079,95,82,13,13
62080,82,81,1,1
62081,111,106,5,5
62082,129,108,21,21
62083,90,106,-16,16
62084,139,131,8,8
62085,72,80,-8,8
62086,55,60,-5,5
62087,165,140,25,25
62088,115,112,3,3
62089,61,71,-10,10
62090,84,78,6,6
62091,136,125,11,11
62092,83,79,4,4
62093,27,33,-6,6
62094,108,100,8,8
62095,147,123,24,24
62096,120,116,4,4
62097,73,88,-15,15
62098,60,68,-8,8
62099,123,118,5,5
62100,89,85,4,4
62101,73,67,6,6
62102,64,67,-3,3
62103,62,65,-3,3
62104,100,86,14,14
62105,100,90,10,10
62106,48,65,-17,17
62107,119,107,12,12
62108,53,57,-4,4
62109,142,132,10,10
62110,58,59,-1,1
62111,100,103,-3,3
62112,77,73,4,4
62113,71,83,-12,12
62114,126,118,8,8
62115,50,54,-4,4
62116,205,158,47,47
62117,60,67,-7,7
62118,91,91,0,0
62119,70,78,-8,8
62120,90,90,0,0
62121,159,142,17,17
62122,75,77,-2,2
62123,116,90,26,26
62124,109,108,1,1
62125,143,126,17,17
62126,112,100,12,12
62127,84,84,0,0
62128,170,159,11,11
62129,150,134,16,16
62130,109,100,9,9
62131,161,139,22,22
62132,99,101,-2,2
62133,127,105,22,22
62134,62,34,28,28
62135,133,122,11,11
62136,101,105,-4,4
62137,127,115,12,12
62138,89,83,6,6
62139,95,86,9,9
62140,150,130,20,20
62141,49,51,-2,2
62142,92,88,4,4
62143,92,86,6,6
62144,38,49,-11,11
62145,145,137,8,8
62146,156,148,8,8
62147,125,116,9,9
62148,51,49,2,2
62149,134,106,28,28
62150,92,102,-10,10
62151,85,90,-5,5
62152,60,61,-1,1
62153,67,70,-3,3
62154,99,102,-3,3
62155,159,150,9,9
62156,86,89,-3,3
62157,75,60,15,15
62158,42,44,-2,2
62159,71,75,-4,4
62160,136,129,7,7
62161,67,77,-10,10
62162,112,106,6,6
62163,71,73,-2,2
62164,48,61,-13,13
62165,139,129,10,10
62166,114,136,-22,22
62167,48,48,0,0
62168,86,82,4,4
62169,119,106,13,13
62170,94,88,6,6
62171,105,102,3,3
62172,104,91,13,13
62173,85,88,-3,3
62174,66,64,2,2
62175,93,85,8,8
62176,88,91,-3,3
62177,67,68,-1,1
62178,91,96,-5,5
62179,110,102,8,8
62180,80,73,7,7
62181,98,98,0,0
62182,126,119,7,7
62183,52,61,-9,9
62184,63,69,-6,6
62185,91,92,-1,1
62186,103,99,4,4
62187,68,66,2,2
62188,73,81,-8,8
62189,95,92,3,3
62190,100,92,8,8
62191,111,95,16,16
62192,100,99,1,1
62193,75,75,0,0
62194,84,84,0,0
62195,75,78,-3,3
62196,139,117,22,22
62197,105,104,1,1
62198,84,89,-5,5
62199,137,115,22,22
62200,65,93,-28,28
62201,97,85,12,12
62202,78,80,-2,2
62203,122,117,5,5
62204,72,75,-3,3
62205,80,92,-12,12
62206,132,114,18,18
62207,113,103,10,10
62208,121,111,10,10
62209,72,73,-1,1
62210,95,97,-2,2
62211,124,111,13,13
62212,122,112,10,10
62213,152,140,12,12
62214,105,95,10,10
62215,103,104,-1,1
62216,111,96,15,15
62217,60,53,7,7
62218,75,91,-16,16
62219,69,72,-3,3
62220,85,77,8,8
62221,91,93,-2,2
62222,106,95,11,11
62223,76,84,-8,8
62224,43,48,-5,5
62225,65,60,5,5
62226,180,163,17,17
62227,38,57,-19,19
62228,86,82,4,4
62229,77,78,-1,1
62230,110,107,3,3
62231,111,106,5,5
62232,134,119,15,15
62233,123,119,4,4
62234,67,70,-3,3
62235,77,80,-3,3
62236,95,98,-3,3
62237,94,90,4,4
62238,131,122,9,9
62239,88,97,-9,9
62240,130,118,12,12
62241,78,76,2,2
62242,98,94,4,4
62243,66,67,-1,1
62244,63,68,-5,5
62245,85,79,6,6
62246,82,81,1,1
62247,82,87,-5,5
62248,104,96,8,8
62249,120,112,8,8
62250,68,71,-3,3
62251,108,104,4,4
62252,101,94,7,7
62253,102,93,9,9
62254,161,149,12,12
62255,48,55,-7,7
62256,82,87,-5,5
62257,134,123,11,11
62258,102,92,10,10
62259,47,55,-8,8
62260,101,78,23,23
62261,103,94,9,9
62262,158,131,27,27
62263,79,82,-3,3
62264,126,114,12,12
62265,72,77,-5,5
62266,103,96,7,7
62267,86,91,-5,5
62268,73,80,-7,7
62269,150,135,15,15
62270,69,65,4,4
62271,89,81,8,8
62272,102,92,10,10
62273,89,87,2,2
62274,92,94,-2,2
62275,91,85,6,6
62276,69,71,-2,2
62277,31,42,-11,11
62278,62,59,3,3
62279,74,79,-5,5
62280,73,68,5,5
62281,92,79,13,13
62282,68,70,-2,2
62283,121,106,15,15
62284,160,145,15,15
62285,124,113,11,11
62286,71,68,3,3
62287,98,83,15,15
62288,85,83,2,2
62289,93,83,10,10
62290,87,77,10,10
62291,210,163,47,47
62292,74,75,-1,1
62293,84,85,-1,1
62294,141,128,13,13
62295,68,70,-2,2
62296,118,106,12,12
62297,75,77,-2,2
62298,150,136,14,14
62299,162,143,19,19
62300,59,59,0,0
62301,82,80,2,2
62302,118,104,14,14
62303,94,94,0,0
62304,75,88,-13,13
62305,71,72,-1,1
62306,131,112,19,19
62307,120,106,14,14
62308,91,91,0,0
62309,112,98,14,14
62310,145,129,16,16
62311,93,82,11,11
62312,93,87,6,6
62313,89,78,11,11
62314,110,98,12,12
62315,78,77,1,1
62316,80,74,6,6
62317,133,123,10,10
62318,50,46,4,4
62319,82,81,1,1
62320,145,118,27,27
62321,126,102,24,24
62322,105,97,8,8
62323,159,144,15,15
62324,118,116,2,2
62325,142,128,14,14
62326,108,94,14,14
62327,110,105,5,5
62328,106,94,12,12
62329,119,112,7,7
62330,90,88,2,2
62331,68,71,-3,3
62332,119,108,11,11
62333,162,142,20,20
62334,76,81,-5,5
62335,89,80,9,9
62336,57,62,-5,5
62337,79,79,0,0
62338,72,79,-7,7
62339,110,92,18,18
62340,82,79,3,3
62341,76,72,4,4
62342,68,74,-6,6
62343,79,99,-20,20
62344,64,70,-6,6
62345,151,127,24,24
62346,64,65,-1,1
62347,110,100,10,10
62348,78,69,9,9
62349,123,112,11,11
62350,118,110,8,8
62351,58,67,-9,9
62352,140,123,17,17
62353,128,107,21,21
62354,57,52,5,5
62355,101,98,3,3
62356,106,95,11,11
62357,71,79,-8,8
62358,61,60,1,1
62359,187,147,40,40
62360,123,106,17,17
62361,64,62,2,2
62362,59,66,-7,7
62363,83,81,2,2
62364,68,73,-5,5
62365,83,76,7,7
62366,111,100,11,11
62367,86,93,-7,7
62368,87,86,1,1
62369,97,92,5,5
62370,76,75,1,1
62371,91,90,1,1
62372,169,140,29,29
62373,51,54,-3,3
62374,57,73,-16,16
62375,168,154,14,14
62376,93,71,22,22
62377,93,87,6,6
62378,98,84,14,14
62379,76,83,-7,7
62380,142,124,18,18
62381,60,60,0,0
62382,118,106,12,12
62383,40,61,-21,21
62384,68,62,6,6
62385,75,69,6,6
62386,97,91,6,6
62387,124,113,11,11
62388,68,64,4,4
62389,89,90,-1,1
62390,109,103,6,6
62391,53,54,-1,1
62392,112,106,6,6
62393,140,131,9,9
62394,113,99,14,14
62395,105,108,-3,3
62396,69,66,3,3
62397,98,112,-14,14
62398,150,135,15,15
62399,93,92,1,1
62400,117,115,2,2
62401,44,47,-3,3
62402,65,60,5,5
62403,78,71,7,7
62404,149,137,12,12
62405,75,71,4,4
62406,82,80,2,2
62407,93,84,9,9
62408,129,115,14,14
62409,46,55,-9,9
62410,56,53,3,3
62411,99,81,18,18
62412,31,48,-17,17
62413,113,106,7,7
62414,167,154,13,13
62415,113,110,3,3
62416,171,159,12,12
62417,71,74,-3,3
62418,103,99,4,4
62419,76,80,-4,4
62420,64,59,5,5
62421,105,101,4,4
62422,176,152,24,24
62423,127,110,17,17
62424,118,100,18,18
62425,88,95,-7,7
62426,133,119,14,14
62427,84,92,-8,8
62428,108,102,6,6
62429,72,72,0,0
62430,128,115,13,13
62431,36,45,-9,9
62432,116,99,17,17
62433,105,103,2,2
62434,85,85,0,0
62435,48,51,-3,3
62436,142,119,23,23
62437,78,63,15,15
62438,72,79,-7,7
62439,255,213,42,42
62440,113,112,1,1
62441,98,88,10,10
62442,143,118,25,25
62443,85,101,-16,16
62444,111,108,3,3
62445,106,98,8,8
62446,111,108,3,3
62447,84,79,5,5
62448,74,76,-2,2
62449,87,88,-1,1
62450,133,122,11,11
62451,111,109,2,2
62452,78,76,2,2
62453,83,84,-1,1
62454,117,99,18,18
62455,97,90,7,7
62456,127,119,8,8
62457,66,66,0,0
62458,124,111,13,13
62459,72,72,0,0
62460,108,89,19,19
62461,124,115,9,9
62462,137,110,27,27
62463,84,85,-1,1
62464,175,159,16,16
62465,32,34,-2,2
62466,127,105,22,22
62467,139,129,10,10
62468,84,97,-13,13
62469,138,132,6,6
62470,147,138,9,9
62471,49,55,-6,6
62472,87,83,4,4
62473,71,73,-2,2
62474,89,75,14,14
62475,122,110,12,12
62476,110,109,1,1
62477,112,105,7,7
62478,161,132,29,29
62479,78,86,-8,8
62480,84,84,0,0
62481,96,87,9,9
62482,83,82,1,1
62483,166,133,33,33
62484,69,64,5,5
62485,48,46,2,2
62486,84,71,13,13
62487,113,95,18,18
62488,89,90,-1,1
62489,51,57,-6,6
62490,101,99,2,2
62491,70,68,2,2
62492,107,95,12,12
62493,99,91,8,8
62494,142,122,20,20
62495,123,107,16,16
62496,81,79,2,2
62497,60,61,-1,1
62498,139,117,22,22
62499,93,88,5,5
62500,123,124,-1,1
62501,101,81,20,20
62502,128,117,11,11
62503,72,73,-1,1
62504,134,110,24,24
62505,89,85,4,4
62506,162,140,22,22
62507,129,106,23,23
62508,97,92,5,5
62509,63,74,-11,11
62510,88,86,2,2
62511,47,50,-3,3
62512,163,141,22,22
62513,169,159,10,10
62514,88,83,5,5
62515,116,109,7,7
62516,68,70,-2,2
62517,66,70,-4,4
62518,75,79,-4,4
62519,79,81,-2,2
62520,132,122,10,10
62521,64,70,-6,6
62522,154,135,19,19
62523,159,122,37,37
62524,97,95,2,2
62525,151,133,18,18
62526,64,66,-2,2
62527,86,77,9,9
62528,86,97,-11,11
62529,105,97,8,8
62530,135,127,8,8
62531,78,85,-7,7
62532,180,147,33,33
62533,126,112,14,14
62534,115,107,8,8
62535,95,102,-7,7
62536,123,103,20,20
62537,49,51,-2,2
62538,94,95,-1,1
62539,170,150,20,20
62540,92,85,7,7
62541,101,99,2,2
62542,93,88,5,5
62543,123,127,-4,4
62544,83,76,7,7
62545,122,102,20,20
62546,109,114,-5,5
62547,67,58,9,9
62548,59,63,-4,4
62549,79,71,8,8
62550,82,84,-2,2
62551,69,71,-2,2
62552,83,86,-3,3
62553,116,102,14,14
62554,202,163,39,39
62555,92,97,-5,5
62556,95,84,11,11
62557,104,101,3,3
62558,124,111,13,13
62559,203,169,34,34
62560,95,89,6,6
62561,131,118,13,13
62562,42,45,-3,3
62563,106,84,22,22
62564,40,44,-4,4
62565,81,80,1,1
62566,125,105,20,20
62567,82,82,0,0
62568,121,108,13,13
62569,85,90,-5,5
62570,104,92,12,12
62571,82,76,6,6
62572,76,71,5,5
62573,60,61,-1,1
62574,91,74,17,17
62575,96,87,9,9
62576,118,107,11,11
62577,101,92,9,9
62578,140,130,10,10
62579,153,135,18,18
62580,115,115,0,0
62581,38,56,-18,18
62582,74,75,-1,1
62583,28,59,-31,31
62584,65,68,-3,3
62585,113,112,1,1
62586,109,105,4,4
62587,93,87,6,6
62588,87,81,6,6
62589,54,57,-3,3
62590,125,111,14,14
62591,141,126,15,15
62592,114,111,3,3
62593,122,114,8,8
62594,138,128,10,10
62595,98,89,9,9
62596,84,81,3,3
62597,118,109,9,9
62598,114,101,13,13
62599,69,74,-5,5
62600,47,58,-11,11
62601,72,59,13,13
62602,72,60,12,12
62603,85,84,1,1
62604,48,49,-1,1
62605,96,87,9,9
62606,90,86,4,4
62607,99,87,12,12
62608,122,121,1,1
62609,60,63,-3,3
62610,80,82,-2,2
62611,79,81,-2,2
62612,54,53,1,1
62613,90,91,-1,1
62614,84,88,-4,4
62615,98,95,3,3
62616,106,98,8,8
62617,70,77,-7,7
62618,93,82,11,11
62619,81,79,2,2
62620,108,98,10,10
62621,66,69,-3,3
62622,92,86,6,6
62623,58,56,2,2
62624,80,79,1,1
62625,72,77,-5,5
62626,92,85,7,7
62627,114,112,2,2
62628,149,126,23,23
62629,85,81,4,4
62630,61,55,6,6
62631,104,92,12,12
62632,100,88,12,12
62633,132,121,11,11
62634,132,116,16,16
62635,114,96,18,18
62636,89,89,0,0
62637,52,53,-1,1
62638,51,49,2,2
62639,109,107,2,2
62640,112,111,1,1
62641,80,74,6,6
62642,158,161,-3,3
62643,103,88,15,15
62644,59,64,-5,5
62645,118,105,13,13
62646,114,105,9,9
62647,101,95,6,6
62648,64,65,-1,1
62649,75,75,0,0
62650,110,94,16,16
62651,168,164,4,4
62652,109,93,16,16
62653,106,99,7,7
62654,32,80,-48,48
62655,86,88,-2,2
62656,185,135,50,50
62657,125,125,0,0
62658,48,51,-3,3
62659,128,119,9,9
62660,138,130,8,8
62661,75,69,6,6
62662,84,98,-14,14
62663,115,96,19,19
62664,58,69,-11,11
62665,97,89,8,8
62666,152,126,26,26
62667,94,94,0,0
62668,114,102,12,12
62669,130,128,2,2
62670,61,62,-1,1
62671,185,152,33,33
62672,110,104,6,6
62673,58,58,0,0
62674,79,81,-2,2
62675,79,75,4,4
62676,93,85,8,8
62677,129,120,9,9
62678,134,119,15,15
62679,98,97,1,1
62680,162,147,15,15
62681,83,81,2,2
62682,107,91,16,16
62683,98,103,-5,5
62684,131,111,20,20
62685,57,51,6,6
62686,153,126,27,27
62687,126,116,10,10
62688,89,84,5,5
62689,68,67,1,1
62690,131,114,17,17
62691,68,79,-11,11
62692,94,83,11,11
62693,135,115,20,20
62694,96,95,1,1
62695,95,98,-3,3
62696,90,85,5,5
62697,55,58,-3,3
62698,108,106,2,2
62699,36,37,-1,1
62700,73,67,6,6
62701,73,81,-8,8
62702,102,95,7,7
62703,52,52,0,0
62704,22,38,-16,16
62705,102,88,14,14
62706,136,114,22,22
62707,83,83,0,0
62708,76,74,2,2
62709,135,124,11,11
62710,116,112,4,4
62711,69,70,-1,1
62712,42,49,-7,7
62713,86,76,10,10
62714,131,113,18,18
62715,119,105,14,14
62716,65,64,1,1
62717,100,102,-2,2
62718,65,69,-4,4
62719,73,73,0,0
62720,63,65,-2,2
62721,115,138,-23,23
62722,164,138,26,26
62723,146,135,11,11
62724,64,68,-4,4
62725,101,94,7,7
62726,124,109,15,15
62727,74,87,-13,13
62728,92,78,14,14
62729,90,83,7,7
62730,93,88,5,5
62731,76,80,-4,4
62732,133,126,7,7
62733,54,59,-5,5
62734,147,112,35,35
62735,107,104,3,3
62736,132,105,27,27
62737,129,110,19,19
62738,95,87,8,8
62739,78,84,-6,6
62740,93,85,8,8
62741,85,89,-4,4
62742,138,142,-4,4
62743,106,102,4,4
62744,45,49,-4,4
62745,50,59,-9,9
62746,55,46,9,9
62747,44,60,-16,16
62748,70,69,1,1
62749,125,113,12,12
62750,82,81,1,1
62751,80,79,1,1
62752,120,111,9,9
62753,100,93,7,7
62754,70,65,5,5
62755,65,66,-1,1
62756,96,97,-1,1
62757,93,89,4,4
62758,106,94,12,12
62759,168,140,28,28
62760,169,145,24,24
62761,95,96,-1,1
62762,95,89,6,6
62763,81,75,6,6
62764,65,73,-8,8
62765,64,74,-10,10
62766,62,75,-13,13
62767,119,109,10,10
62768,93,86,7,7
62769,77,75,2,2
62770,141,129,12,12
62771,66,70,-4,4
62772,76,91,-15,15
62773,148,129,19,19
62774,57,70,-13,13
62775,78,62,16,16
62776,134,107,27,27
62777,133,120,13,13
62778,66,69,-3,3
62779,75,70,5,5
62780,97,91,6,6
62781,131,107,24,24
62782,171,148,23,23
62783,222,186,36,36
62784,102,99,3,3
62785,60,62,-2,2
62786,144,132,12,12
62787,43,47,-4,4
62788,82,77,5,5
62789,84,81,3,3
62790,92,95,-3,3
62791,94,75,19,19
62792,179,161,18,18
62793,119,113,6,6
62794,61,67,-6,6
62795,93,96,-3,3
62796,53,54,-1,1
62797,142,129,13,13
62798,69,70,-1,1
62799,90,91,-1,1
62800,139,129,10,10
62801,90,105,-15,15
62802,56,57,-1,1
62803,113,110,3,3
62804,91,88,3,3
62805,86,84,2,2
62806,111,103,8,8
62807,74,68,6,6
62808,139,114,25,25
62809,96,85,11,11
62810,105,95,10,10
62811,139,128,11,11
62812,61,67,-6,6
62813,70,73,-3,3
62814,70,72,-2,2
62815,61,59,2,2
62816,127,124,3,3
62817,92,93,-1,1
62818,120,104,16,16
62819,52,57,-5,5
62820,86,83,3,3
62821,62,60,2,2
62822,101,114,-13,13
62823,85,96,-11,11
62824,96,97,-1,1
62825,105,100,5,5
62826,122,112,10,10
62827,116,108,8,8
62828,98,81,17,17
62829,154,131,23,23
62830,100,92,8,8
62831,164,144,20,20
62832,162,141,21,21
62833,136,126,10,10
62834,62,70,-8,8
62835,178,157,21,21
62836,109,88,21,21
62837,121,100,21,21
62838,108,116,-8,8
62839,84,82,2,2
62840,131,109,22,22
62841,122,102,20,20
62842,64,73,-9,9
62843,84,81,3,3
62844,72,70,2,2
62845,185,153,32,32
62846,77,73,4,4
62847,137,143,-6,6
62848,93,95,-2,2
62849,86,95,-9,9
62850,144,119,25,25
62851,78,84,-6,6
62852,61,68,-7,7
62853,129,110,19,19
62854,52,64,-12,12
62855,195,167,28,28
62856,87,88,-1,1
62857,101,98,3,3
62858,103,99,4,4
62859,169,144,25,25
62860,104,97,7,7
62861,80,78,2,2
62862,40,59,-19,19
62863,90,92,-2,2
62864,89,92,-3,3
62865,105,96,9,9
62866,86,89,-3,3
62867,133,118,15,15
62868,89,82,7,7
62869,64,63,1,1
62870,94,95,-1,1
62871,86,91,-5,5
62872,128,115,13,13
62873,53,56,-3,3
62874,91,78,13,13
62875,74,71,3,3
62876,64,66,-2,2
62877,81,74,7,7
62878,66,70,-4,4
62879,76,69,7,7
62880,91,86,5,5
62881,76,74,2,2
62882,109,95,14,14
62883,77,72,5,5
62884,76,75,1,1
62885,110,95,15,15
62886,88,84,4,4
62887,120,108,12,12
62888,127,120,7,7
62889,106,103,3,3
62890,201,174,27,27
62891,111,105,6,6
62892,231,189,42,42
62893,59,65,-6,6
62894,150,130,20,20
62895,141,121,20,20
62896,62,61,1,1
62897,191,172,19,19
62898,119,110,9,9
62899,72,80,-8,8
62900,103,97,6,6
62901,79,83,-4,4
62902,106,101,5,5
62903,104,113,-9,9
62904,88,90,-2,2
62905,78,86,-8,8
62906,81,88,-7,7
62907,98,99,-1,1
62908,123,114,9,9
62909,142,137,5,5
62910,74,73,1,1
62911,163,141,22,22
62912,102,87,15,15
62913,60,61,-1,1
62914,133,108,25,25
62915,59,59,0,0
62916,47,55,-8,8
62917,86,86,0,0
62918,124,108,16,16
62919,28,35,-7,7
62920,59,60,-1,1
62921,124,125,-1,1
62922,105,97,8,8
62923,103,93,10,10
62924,80,80,0,0
62925,82,76,6,6
62926,84,80,4,4
62927,128,118,10,10
62928,101,97,4,4
62929,72,70,2,2
62930,89,77,12,12
62931,119,114,5,5
62932,181,158,23,23
62933,146,133,13,13
62934,58,59,-1,1
62935,80,73,7,7
62936,37,44,-7,7
62937,45,59,-14,14
62938,95,102,-7,7
62939,108,101,7,7
62940,79,71,8,8
62941,85,73,12,12
62942,53,62,-9,9
62943,211,175,36,36
62944,103,98,5,5
62945,77,74,3,3
62946,75,71,4,4
62947,95,91,4,4
62948,102,91,11,11
62949,77,79,-2,2
62950,54,56,-2,2
62951,110,97,13,13
62952,121,106,15,15
62953,89,75,14,14
62954,93,95,-2,2
62955,44,49,-5,5
62956,84,92,-8,8
62957,135,118,17,17
62958,66,64,2,2
62959,104,106,-2,2
62960,141,121,20,20
62961,98,87,11,11
62962,90,94,-4,4
62963,115,103,12,12
62964,109,106,3,3
62965,69,75,-6,6
62966,64,63,1,1
62967,185,156,29,29
62968,114,101,13,13
62969,191,153,38,38
62970,49,47,2,2
62971,83,86,-3,3
62972,100,96,4,4
62973,98,86,12,12
62974,69,79,-10,10
62975,103,88,15,15
62976,148,145,3,3
62977,81,74,7,7
62978,151,137,14,14
62979,70,61,9,9
62980,88,82,6,6
62981,93,93,0,0
62982,60,78,-18,18
62983,88,80,8,8
62984,63,69,-6,6
62985,92,82,10,10
62986,108,105,3,3
62987,78,90,-12,12
62988,156,132,24,24
62989,63,64,-1,1
62990,58,64,-6,6
62991,38,39,-1,1
62992,107,97,10,10
62993,101,92,9,9
62994,65,72,-7,7
62995,120,110,10,10
62996,101,90,11,11
62997,106,93,13,13
62998,72,71,1,1
62999,127,112,15,15
63000,65,69,-4,4
63001,126,104,22,22
63002,113,104,9,9
63003,104,104,0,0
63004,152,131,21,21
63005,57,60,-3,3
63006,83,75,8,8
63007,101,97,4,4
63008,81,79,2,2
63009,54,64,-10,10
63010,80,80,0,0
63011,83,86,-3,3
63012,31,26,5,5
63013,64,65,-1,1
63014,159,148,11,11
63015,133,118,15,15
63016,116,116,0,0
63017,57,55,2,2
63018,99,91,8,8
63019,62,57,5,5
63020,90,82,8,8
63021,117,109,8,8
63022,142,118,24,24
63023,177,149,28,28
63024,59,59,0,0
63025,89,97,-8,8
63026,69,68,1,1
63027,63,71,-8,8
63028,46,72,-26,26
63029,136,132,4,4
63030,105,112,-7,7
63031,127,125,2,2
63032,66,71,-5,5
63033,138,129,9,9
63034,71,70,1,1
63035,97,93,4,4
63036,112,110,2,2
63037,77,80,-3,3
63038,57,60,-3,3
63039,84,86,-2,2
63040,85,78,7,7
63041,111,98,13,13
63042,123,109,14,14
63043,110,108,2,2
63044,114,109,5,5
63045,111,124,-13,13
63046,71,79,-8,8
63047,93,83,10,10
63048,343,282,61,61
63049,72,76,-4,4
63050,186,149,37,37
63051,62,61,1,1
63052,79,77,2,2
63053,129,123,6,6
63054,121,129,-8,8
63055,105,97,8,8
63056,157,136,21,21
63057,115,102,13,13
63058,78,74,4,4
63059,179,169,10,10
63060,80,78,2,2
63061,113,110,3,3
63062,87,88,-1,1
63063,95,92,3,3
63064,95,95,0,0
63065,104,96,8,8
63066,88,85,3,3
63067,61,66,-5,5
63068,63,58,5,5
63069,87,101,-14,14
63070,157,150,7,7
63071,92,109,-17,17
63072,53,56,-3,3
63073,128,107,21,21
63074,114,102,12,12
63075,95,96,-1,1
63076,102,98,4,4
63077,120,113,7,7
63078,110,111,-1,1
63079,207,177,30,30
63080,103,97,6,6
63081,55,57,-2,2
63082,98,92,6,6
63083,99,96,3,3
63084,94,96,-2,2
63085,82,85,-3,3
63086,60,83,-23,23
63087,95,98,-3,3
63088,113,100,13,13
63089,113,106,7,7
63090,105,94,11,11
63091,80,68,12,12
63092,104,103,1,1
63093,97,94,3,3
63094,62,69,-7,7
63095,62,72,-10,10
63096,85,86,-1,1
63097,114,106,8,8
63098,72,66,6,6
63099,82,75,7,7
63100,94,83,11,11
63101,90,89,1,1
63102,110,93,17,17
63103,90,80,10,10
63104,80,81,-1,1
63105,109,95,14,14
63106,61,68,-7,7
63107,185,163,22,22
63108,117,111,6,6
63109,139,125,14,14
63110,56,60,-4,4
63111,74,72,2,2
63112,107,107,0,0
63113,78,83,-5,5
63114,51,53,-2,2
63115,87,83,4,4
63116,114,103,11,11
63117,83,82,1,1
63118,137,122,15,15
63119,117,104,13,13
63120,87,93,-6,6
63121,69,75,-6,6
63122,86,86,0,0
63123,150,137,13,13
63124,162,141,21,21
63125,87,85,2,2
63126,68,64,4,4
63127,68,66,2,2
63128,126,96,30,30
63129,109,98,11,11
63130,106,108,-2,2
63131,114,101,13,13
63132,136,131,5,5
63133,128,104,24,24
63134,109,107,2,2
63135,114,111,3,3
63136,102,100,2,2
63137,144,122,22,22
63138,52,51,1,1
63139,73,82,-9,9
63140,116,107,9,9
63141,111,92,19,19
63142,106,102,4,4
63143,125,115,10,10
63144,119,97,22,22
63145,77,80,-3,3
63146,78,73,5,5
63147,62,60,2,2
63148,80,86,-6,6
63149,101,100,1,1
63150,130,121,9,9
63151,165,138,27,27
63152,88,78,10,10
63153,97,100,-3,3
63154,125,110,15,15
63155,55,61,-6,6
63156,76,81,-5,5
63157,124,118,6,6
63158,82,81,1,1
63159,60,67,-7,7
63160,107,99,8,8
63161,109,104,5,5
63162,162,139,23,23
63163,95,102,-7,7
63164,54,57,-3,3
63165,125,115,10,10
63166,107,93,14,14
63167,74,65,9,9
63168,155,139,16,16
63169,77,80,-3,3
63170,80,74,6,6
63171,122,116,6,6
63172,71,77,-6,6
63173,112,97,15,15
63174,61,68,-7,7
63175,88,90,-2,2
63176,171,140,31,31
63177,98,93,5,5
63178,59,61,-2,2
63179,150,137,13,13
63180,94,92,2,2
63181,112,106,6,6
63182,113,87,26,26
63183,92,90,2,2
63184,121,116,5,5
63185,101,92,9,9
63186,82,80,2,2
63187,125,105,20,20
63188,74,73,1,1
63189,68,70,-2,2
63190,104,105,-1,1
63191,80,81,-1,1
63192,101,87,14,14
63193,96,100,-4,4
63194,96,90,6,6
63195,79,83,-4,4
63196,75,74,1,1
63197,121,111,10,10
63198,173,146,27,27
63199,123,110,13,13
63200,124,112,12,12
63201,123,110,13,13
63202,129,123,6,6
63203,119,99,20,20
63204,107,103,4,4
63205,117,103,14,14
63206,74,76,-2,2
63207,72,81,-9,9
63208,92,97,-5,5
63209,102,92,10,10
63210,123,126,-3,3
63211,119,118,1,1
63212,71,71,0,0
63213,64,71,-7,7
63214,108,102,6,6
63215,140,114,26,26
63216,90,88,2,2
63217,128,110,18,18
63218,99,95,4,4
63219,82,91,-9,9
63220,156,138,18,18
63221,137,124,13,13
63222,78,68,10,10
63223,95,93,2,2
63224,82,91,-9,9
63225,90,90,0,0
63226,64,68,-4,4
63227,73,76,-3,3
63228,53,63,-10,10
63229,123,116,7,7
63230,62,66,-4,4
63231,92,93,-1,1
63232,123,111,12,12
63233,125,109,16,16
63234,41,42,-1,1
63235,187,160,27,27
63236,91,85,6,6
63237,76,79,-3,3
63238,176,150,26,26
63239,93,94,-1,1
63240,87,86,1,1
63241,89,91,-2,2
63242,88,81,7,7
63243,99,88,11,11
63244,134,109,25,25
63245,95,89,6,6
63246,105,100,5,5
63247,42,53,-11,11
63248,96,88,8,8
63249,50,64,-14,14
63250,63,65,-2,2
63251,95,100,-5,5
63252,99,90,9,9
63253,109,111,-2,2
63254,133,110,23,23
63255,90,81,9,9
63256,71,70,1,1
63257,58,71,-13,13
63258,173,153,20,20
63259,77,70,7,7
63260,88,62,26,26
63261,72,70,2,2
63262,116,104,12,12
63263,61,64,-3,3
63264,94,82,12,12
63265,117,114,3,3
63266,114,105,9,9
63267,147,130,17,17
63268,125,110,15,15
63269,100,100,0,0
63270,101,85,16,16
63271,112,102,10,10
63272,94,83,11,11
63273,119,104,15,15
63274,154,139,15,15
63275,82,80,2,2
63276,58,66,-8,8
63277,131,103,28,28
63278,82,91,-9,9
63279,96,90,6,6
63280,80,74,6,6
63281,118,113,5,5
63282,51,67,-16,16
63283,164,146,18,18
63284,77,97,-20,20
63285,144,134,10,10
63286,132,126,6,6
63287,89,83,6,6
63288,78,72,6,6
63289,51,58,-7,7
63290,100,99,1,1
63291,108,103,5,5
63292,143,119,24,24
63293,88,82,6,6
63294,67,66,1,1
63295,121,118,3,3
63296,90,81,9,9
63297,65,69,-4,4
63298,79,80,-1,1
63299,144,123,21,21
63300,55,61,-6,6
63301,78,80,-2,2
63302,82,86,-4,4
63303,78,76,2,2
63304,160,148,12,12
63305,89,81,8,8
63306,101,101,0,0
63307,114,93,21,21
63308,86,78,8,8
63309,155,141,14,14
63310,105,106,-1,1
63311,76,72,4,4
63312,149,127,22,22
63313,99,101,-2,2
63314,120,103,17,17
63315,69,69,0,0
63316,102,98,4,4
63317,59,58,1,1
63318,54,68,-14,14
63319,107,95,12,12
63320,60,59,1,1
63321,70,66,4,4
63322,219,195,24,24
63323,83,81,2,2
63324,68,68,0,0
63325,89,91,-2,2
63326,68,74,-6,6
63327,108,106,2,2
63328,94,97,-3,3
63329,90,90,0,0
63330,171,145,26,26
63331,35,40,-5,5
63332,39,40,-1,1
63333,80,104,-24,24
63334,69,67,2,2
63335,109,103,6,6
63336,112,108,4,4
63337,127,117,10,10
63338,87,84,3,3
63339,60,115,-55,55
63340,67,73,-6,6
63341,151,129,22,22
63342,115,104,11,11
63343,86,89,-3,3
63344,97,82,15,15
63345,128,110,18,18
63346,137,115,22,22
63347,102,97,5,5
63348,76,79,-3,3
63349,33,26,7,7
63350,89,85,4,4
63351,68,67,1,1
63352,55,57,-2,2
63353,104,101,3,3
63354,98,96,2,2
63355,67,64,3,3
63356,103,95,8,8
63357,87,83,4,4
63358,92,86,6,6
63359,97,82,15,15
63360,144,127,17,17
63361,94,99,-5,5
63362,95,81,14,14
63363,131,108,23,23
63364,102,91,11,11
63365,132,121,11,11
63366,83,85,-2,2
63367,127,120,7,7
63368,71,69,2,2
63369,86,82,4,4
63370,202,168,34,34
63371,181,155,26,26
63372,129,121,8,8
63373,112,100,12,12
63374,118,107,11,11
63375,46,44,2,2
63376,120,95,25,25
63377,55,64,-9,9
63378,141,121,20,20
63379,92,85,7,7
63380,137,126,11,11
63381,59,64,-5,5
63382,192,179,13,13
63383,144,133,11,11
63384,91,90,1,1
63385,111,102,9,9
63386,52,52,0,0
63387,135,119,16,16
63388,43,52,-9,9
63389,138,115,23,23
63390,159,131,28,28
63391,88,89,-1,1
63392,63,67,-4,4
63393,90,90,0,0
63394,101,90,11,11
63395,72,71,1,1
63396,64,61,3,3
63397,81,75,6,6
63398,94,91,3,3
63399,125,127,-2,2
63400,64,66,-2,2
63401,68,69,-1,1
63402,77,82,-5,5
63403,125,121,4,4
63404,68,69,-1,1
63405,131,117,14,14
63406,72,71,1,1
63407,113,100,13,13
63408,136,127,9,9
63409,136,119,17,17
63410,129,110,19,19
63411,118,108,10,10
63412,79,75,4,4
63413,98,92,6,6
63414,117,110,7,7
63415,98,101,-3,3
63416,30,38,-8,8
63417,76,77,-1,1
63418,87,82,5,5
63419,110,99,11,11
63420,80,81,-1,1
63421,48,61,-13,13
63422,120,106,14,14
63423,98,100,-2,2
63424,43,49,-6,6
63425,84,80,4,4
63426,62,65,-3,3
63427,165,152,13,13
63428,56,58,-2,2
63429,85,82,3,3
63430,109,95,14,14
63431,149,127,22,22
63432,55,55,0,0
63433,89,93,-4,4
63434,68,78,-10,10
63435,68,68,0,0
63436,146,132,14,14
63437,112,106,6,6
63438,104,95,9,9
63439,49,62,-13,13
63440,67,61,6,6
63441,70,61,9,9
63442,109,98,11,11
63443,56,57,-1,1
63444,148,131,17,17
63445,97,95,2,2
63446,79,80,-1,1
63447,116,101,15,15
63448,97,95,2,2
63449,79,80,-1,1
63450,74,68,6,6
63451,67,59,8,8
63452,118,107,11,11
63453,72,76,-4,4
63454,128,103,25,25
63455,113,108,5,5
63456,103,105,-2,2
63457,86,89,-3,3
63458,59,64,-5,5
63459,114,111,3,3
63460,125,120,5,5
63461,105,96,9,9
63462,70,68,2,2
63463,147,128,19,19
63464,90,81,9,9
63465,81,84,-3,3
63466,65,74,-9,9
63467,63,62,1,1
63468,110,100,10,10
63469,108,94,14,14
63470,62,76,-14,14
63471,107,100,7,7
63472,47,49,-2,2
63473,76,78,-2,2
63474,92,90,2,2
63475,129,120,9,9
63476,87,85,2,2
63477,90,79,11,11
63478,75,76,-1,1
63479,69,75,-6,6
63480,61,66,-5,5
63481,76,74,2,2
63482,49,52,-3,3
63483,133,113,20,20
63484,147,139,8,8
63485,115,98,17,17
63486,88,94,-6,6
63487,70,70,0,0
63488,77,76,1,1
63489,64,63,1,1
63490,182,148,34,34
63491,103,94,9,9
63492,91,89,2,2
63493,104,95,9,9
63494,67,57,10,10
63495,90,90,0,0
63496,81,84,-3,3
63497,140,128,12,12
63498,64,68,-4,4
63499,132,119,13,13
63500,64,63,1,1
63501,117,112,5,5
63502,86,91,-5,5
63503,216,177,39,39
63504,129,113,16,16
63505,107,100,7,7
63506,114,105,9,9
63507,99,87,12,12
63508,232,188,44,44
63509,81,82,-1,1
63510,117,110,7,7
63511,142,131,11,11
63512,33,35,-2,2
63513,80,80,0,0
63514,95,84,11,11
63515,84,80,4,4
63516,111,110,1,1
63517,53,59,-6,6
63518,47,61,-14,14
63519,80,80,0,0
63520,81,81,0,0
63521,74,73,1,1
63522,49,53,-4,4
63523,124,106,18,18
63524,98,88,10,10
63525,155,142,13,13
63526,58,61,-3,3
63527,111,99,12,12
63528,99,104,-5,5
63529,124,109,15,15
63530,62,60,2,2
63531,55,62,-7,7
63532,72,71,1,1
63533,62,67,-5,5
63534,74,70,4,4
63535,76,66,10,10
63536,102,93,9,9
63537,87,93,-6,6
63538,136,121,15,15
63539,89,81,8,8
63540,68,67,1,1
63541,67,68,-1,1
63542,97,98,-1,1
63543,123,109,14,14
63544,170,137,33,33
63545,120,111,9,9
63546,110,110,0,0
63547,100,94,6,6
63548,37,45,-8,8
63549,84,71,13,13
63550,62,65,-3,3
63551,145,122,23,23
63552,106,101,5,5
63553,115,101,14,14
63554,126,116,10,10
63555,141,139,2,2
63556,92,87,5,5
63557,110,101,9,9
63558,59,70,-11,11
63559,90,82,8,8
63560,77,73,4,4
63561,70,71,-1,1
63562,77,72,5,5
63563,79,72,7,7
63564,154,133,21,21
63565,137,129,8,8
63566,106,99,7,7
63567,116,102,14,14
63568,119,103,16,16
63569,65,59,6,6
63570,139,123,16,16
63571,145,121,24,24
63572,141,127,14,14
63573,119,102,17,17
63574,70,71,-1,1
63575,78,76,2,2
63576,75,62,13,13
63577,100,93,7,7
63578,163,139,24,24
63579,162,144,18,18
63580,153,135,18,18
63581,94,92,2,2
63582,74,72,2,2
63583,88,85,3,3
63584,67,71,-4,4
63585,100,102,-2,2
63586,117,115,2,2
63587,80,75,5,5
63588,95,81,14,14
63589,77,78,-1,1
63590,121,105,16,16
63591,141,123,18,18
63592,83,76,7,7
63593,55,59,-4,4
63594,87,78,9,9
63595,76,79,-3,3
63596,116,100,16,16
63597,162,168,-6,6
63598,114,107,7,7
63599,79,77,2,2
63600,117,114,3,3
63601,54,58,-4,4
63602,87,87,0,0
63603,124,115,9,9
63604,101,92,9,9
63605,53,58,-5,5
63606,133,121,12,12
63607,75,85,-10,10
63608,78,85,-7,7
63609,69,79,-10,10
63610,40,45,-5,5
63611,84,80,4,4
63612,94,92,2,2
63613,75,70,5,5
63614,95,91,4,4
63615,82,93,-11,11
63616,75,72,3,3
63617,141,109,32,32
63618,98,97,1,1
63619,101,105,-4,4
63620,49,50,-1,1
63621,45,45,0,0
63622,94,92,2,2
63623,132,105,27,27
63624,122,103,19,19
63625,96,93,3,3
63626,89,84,5,5
63627,114,107,7,7
63628,112,100,12,12
63629,55,66,-11,11
63630,63,63,0,0
63631,133,109,24,24
63632,71,80,-9,9
63633,81,72,9,9
63634,104,102,2,2
63635,97,82,15,15
63636,103,101,2,2
63637,110,94,16,16
63638,91,87,4,4
63639,60,61,-1,1
63640,58,62,-4,4
63641,91,87,4,4
63642,69,71,-2,2
63643,75,82,-7,7
63644,175,162,13,13
63645,62,63,-1,1
63646,121,113,8,8
63647,64,66,-2,2
63648,103,92,11,11
63649,109,75,34,34
63650,111,99,12,12
63651,87,77,10,10
63652,146,125,21,21
63653,68,72,-4,4
63654,69,67,2,2
63655,79,82,-3,3
63656,111,121,-10,10
63657,72,70,2,2
63658,110,100,10,10
63659,106,102,4,4
63660,112,96,16,16
63661,85,77,8,8
63662,153,144,9,9
63663,102,83,19,19
63664,75,76,-1,1
63665,123,105,18,18
63666,80,90,-10,10
63667,81,80,1,1
63668,76,76,0,0
63669,107,122,-15,15
63670,163,141,22,22
63671,75,83,-8,8
63672,83,80,3,3
63673,72,67,5,5
63674,73,73,0,0
63675,47,59,-12,12
63676,127,114,13,13
63677,31,34,-3,3
63678,88,80,8,8
63679,131,120,11,11
63680,140,141,-1,1
63681,172,153,19,19
63682,86,80,6,6
63683,137,122,15,15
63684,108,99,9,9
63685,67,69,-2,2
63686,157,156,1,1
63687,42,51,-9,9
63688,81,80,1,1
63689,96,82,14,14
63690,189,161,28,28
63691,97,103,-6,6
63692,82,87,-5,5
63693,105,90,15,15
63694,107,95,12,12
63695,81,83,-2,2
63696,44,45,-1,1
63697,93,89,4,4
63698,63,62,1,1
63699,46,90,-44,44
63700,128,122,6,6
63701,133,130,3,3
63702,40,45,-5,5
63703,119,108,11,11
63704,100,88,12,12
63705,96,90,6,6
63706,84,86,-2,2
63707,188,167,21,21
63708,66,69,-3,3
63709,145,134,11,11
63710,50,62,-12,12
63711,74,73,1,1
63712,82,80,2,2
63713,92,92,0,0
63714,131,120,11,11
63715,69,69,0,0
63716,97,83,14,14
63717,137,122,15,15
63718,98,96,2,2
63719,67,73,-6,6
63720,107,107,0,0
63721,49,50,-1,1
63722,76,75,1,1
63723,66,66,0,0
63724,170,144,26,26
63725,101,102,-1,1
63726,95,81,14,14
63727,76,70,6,6
63728,82,80,2,2
63729,84,80,4,4
63730,106,101,5,5
63731,64,73,-9,9
63732,91,89,2,2
63733,86,82,4,4
63734,54,56,-2,2
63735,82,94,-12,12
63736,89,91,-2,2
63737,97,92,5,5
63738,161,138,23,23
63739,48,44,4,4
63740,109,102,7,7
63741,159,135,24,24
63742,106,101,5,5
63743,181,144,37,37
63744,129,124,5,5
63745,101,102,-1,1
63746,114,103,11,11
63747,126,106,20,20
63748,168,138,30,30
63749,95,96,-1,1
63750,80,82,-2,2
63751,96,89,7,7
63752,35,48,-13,13
63753,73,75,-2,2
63754,89,84,5,5
63755,107,92,15,15
63756,88,88,0,0
63757,92,93,-1,1
63758,91,78,13,13
63759,91,80,11,11
63760,120,124,-4,4
63761,82,79,3,3
63762,80,82,-2,2
63763,55,55,0,0
63764,76,70,6,6
63765,72,70,2,2
63766,105,94,11,11
63767,113,101,12,12
63768,67,66,1,1
63769,101,99,2,2
63770,80,85,-5,5
63771,80,84,-4,4
63772,96,86,10,10
63773,71,82,-11,11
63774,148,141,7,7
63775,72,69,3,3
63776,127,122,5,5
63777,75,75,0,0
63778,83,85,-2,2
63779,90,91,-1,1
63780,86,85,1,1
63781,75,77,-2,2
63782,72,73,-1,1
63783,70,59,11,11
63784,105,97,8,8
63785,41,47,-6,6
63786,68,70,-2,2
63787,86,80,6,6
63788,64,58,6,6
63789,86,86,0,0
63790,51,58,-7,7
63791,124,105,19,19
63792,88,92,-4,4
63793,93,90,3,3
63794,54,70,-16,16
63795,71,65,6,6
63796,132,122,10,10
63797,101,94,7,7
63798,172,140,32,32
63799,176,156,20,20
63800,173,161,12,12
63801,130,116,14,14
63802,79,75,4,4
63803,102,99,3,3
63804,133,121,12,12
63805,90,71,19,19
63806,102,93,9,9
63807,65,65,0,0
63808,128,110,18,18
63809,159,115,44,44
63810,57,58,-1,1
63811,171,147,24,24
63812,66,73,-7,7
63813,165,138,27,27
63814,51,49,2,2
63815,111,103,8,8
63816,211,163,48,48
63817,89,81,8,8
63818,74,74,0,0
63819,86,93,-7,7
63820,129,102,27,27
63821,67,61,6,6
63822,112,105,7,7
63823,102,83,19,19
63824,76,74,2,2
63825,67,77,-10,10
63826,96,93,3,3
63827,115,109,6,6
63828,95,96,-1,1
63829,129,116,13,13
63830,78,71,7,7
63831,58,63,-5,5
63832,93,88,5,5
63833,53,52,1,1
63834,62,63,-1,1
63835,89,90,-1,1
63836,110,103,7,7
63837,109,111,-2,2
63838,34,62,-28,28
63839,94,83,11,11
63840,54,58,-4,4
63841,111,106,5,5
63842,128,122,6,6
63843,141,128,13,13
63844,92,84,8,8
63845,102,83,19,19
63846,94,93,1,1
63847,130,113,17,17
63848,93,94,-1,1
63849,86,74,12,12
63850,102,94,8,8
63851,137,112,25,25
63852,55,46,9,9
63853,118,107,11,11
63854,121,106,15,15
63855,155,135,20,20
63856,71,76,-5,5
63857,140,126,14,14
63858,64,74,-10,10
63859,110,111,-1,1
63860,119,112,7,7
63861,55,63,-8,8
63862,80,82,-2,2
63863,142,118,24,24
63864,44,54,-10,10
63865,111,107,4,4
63866,113,100,13,13
63867,146,121,25,25
63868,169,156,13,13
63869,129,110,19,19
63870,76,81,-5,5
63871,67,64,3,3
63872,75,73,2,2
63873,68,70,-2,2
63874,74,80,-6,6
63875,80,77,3,3
63876,33,39,-6,6
63877,91,86,5,5
63878,75,71,4,4
63879,94,86,8,8
63880,142,119,23,23
63881,50,98,-48,48
63882,193,178,15,15
63883,81,82,-1,1
63884,111,98,13,13
63885,130,118,12,12
63886,51,54,-3,3
63887,73,70,3,3
63888,136,131,5,5
63889,94,88,6,6
63890,111,94,17,17
63891,119,110,9,9
63892,101,98,3,3
63893,79,74,5,5
63894,92,89,3,3
63895,84,75,9,9
63896,48,58,-10,10
63897,105,102,3,3
63898,87,76,11,11
63899,91,91,0,0
63900,78,82,-4,4
63901,136,133,3,3
63902,123,110,13,13
63903,130,116,14,14
63904,126,109,17,17
63905,84,90,-6,6
63906,122,116,6,6
63907,124,112,12,12
63908,117,105,12,12
63909,49,49,0,0
63910,63,63,0,0
63911,64,64,0,0
63912,57,63,-6,6
63913,37,47,-10,10
63914,38,47,-9,9
63915,56,54,2,2
63916,137,119,18,18
63917,109,103,6,6
63918,158,139,19,19
63919,112,111,1,1
63920,96,100,-4,4
63921,99,97,2,2
63922,68,69,-1,1
63923,94,94,0,0
63924,118,112,6,6
63925,80,80,0,0
63926,78,83,-5,5
63927,94,88,6,6
63928,172,153,19,19
63929,39,42,-3,3
63930,62,75,-13,13
63931,152,124,28,28
63932,120,106,14,14
63933,90,81,9,9
63934,105,92,13,13
63935,80,74,6,6
63936,58,63,-5,5
63937,51,58,-7,7
63938,90,84,6,6
63939,107,95,12,12
63940,71,74,-3,3
63941,61,69,-8,8
63942,111,120,-9,9
63943,88,91,-3,3
63944,56,61,-5,5
63945,93,85,8,8
63946,106,96,10,10
63947,96,90,6,6
63948,81,85,-4,4
63949,63,59,4,4
63950,112,109,3,3
63951,120,104,16,16
63952,59,56,3,3
63953,103,87,16,16
63954,50,57,-7,7
63955,115,92,23,23
63956,54,65,-11,11
63957,71,69,2,2
63958,59,59,0,0
63959,115,103,12,12
63960,47,57,-10,10
63961,100,94,6,6
63962,77,79,-2,2
63963,195,162,33,33
63964,118,107,11,11
63965,90,92,-2,2
63966,101,93,8,8
63967,141,119,22,22
63968,153,131,22,22
63969,72,78,-6,6
63970,76,80,-4,4
63971,141,112,29,29
63972,168,139,29,29
63973,189,148,41,41
63974,52,56,-4,4
63975,90,85,5,5
63976,81,81,0,0
63977,54,58,-4,4
63978,128,113,15,15
63979,86,88,-2,2
63980,65,71,-6,6
63981,53,56,-3,3
63982,57,62,-5,5
63983,90,64,26,26
63984,73,80,-7,7
63985,75,83,-8,8
63986,85,80,5,5
63987,143,127,16,16
63988,44,59,-15,15
63989,81,74,7,7
63990,76,81,-5,5
63991,126,112,14,14
63992,46,54,-8,8
63993,139,115,24,24
63994,154,135,19,19
63995,161,147,14,14
63996,59,56,3,3
63997,78,81,-3,3
63998,85,83,2,2
63999,48,61,-13,13
64000,71,70,1,1
64001,79,80,-1,1
64002,65,66,-1,1
64003,78,75,3,3
64004,117,111,6,6
64005,51,51,0,0
64006,153,91,62,62
64007,118,111,7,7
64008,66,61,5,5
64009,75,79,-4,4
64010,102,102,0,0
64011,85,81,4,4
64012,64,69,-5,5
64013,95,93,2,2
64014,160,138,22,22
64015,94,88,6,6
64016,68,77,-9,9
64017,180,160,20,20
64018,52,78,-26,26
64019,106,101,5,5
64020,85,82,3,3
64021,115,118,-3,3
64022,57,51,6,6
64023,104,99,5,5
64024,53,56,-3,3
64025,79,72,7,7
64026,68,80,-12,12
64027,86,77,9,9
64028,121,105,16,16
64029,54,52,2,2
64030,74,74,0,0
64031,122,128,-6,6
64032,67,69,-2,2
64033,128,124,4,4
64034,56,60,-4,4
64035,146,131,15,15
64036,111,109,2,2
64037,86,85,1,1
64038,96,83,13,13
64039,144,138,6,6
64040,73,72,1,1
64041,50,53,-3,3
64042,179,161,18,18
64043,83,86,-3,3
64044,62,61,1,1
64045,103,95,8,8
64046,101,96,5,5
64047,59,61,-2,2
64048,74,69,5,5
64049,72,69,3,3
64050,75,83,-8,8
64051,109,104,5,5
64052,102,87,15,15
64053,143,125,18,18
64054,83,92,-9,9
64055,156,145,11,11
64056,124,107,17,17
64057,80,76,4,4
64058,161,134,27,27
64059,54,61,-7,7
64060,75,90,-15,15
64061,155,129,26,26
64062,117,99,18,18
64063,130,121,9,9
64064,225,178,47,47
64065,94,86,8,8
64066,63,60,3,3
64067,72,70,2,2
64068,179,154,25,25
64069,141,128,13,13
64070,82,72,10,10
64071,62,54,8,8
64072,122,112,10,10
64073,79,72,7,7
64074,93,79,14,14
64075,137,144,-7,7
64076,110,105,5,5
64077,137,125,12,12
64078,84,70,14,14
64079,64,66,-2,2
64080,64,59,5,5
64081,56,62,-6,6
64082,70,72,-2,2
64083,76,77,-1,1
64084,118,103,15,15
64085,88,77,11,11
64086,81,75,6,6
64087,129,110,19,19
64088,64,70,-6,6
64089,97,90,7,7
64090,123,116,7,7
64091,86,74,12,12
64092,97,93,4,4
64093,115,110,5,5
64094,96,98,-2,2
64095,77,76,1,1
64096,168,161,7,7
64097,51,57,-6,6
64098,90,82,8,8
64099,56,65,-9,9
64100,71,77,-6,6
64101,107,102,5,5
64102,94,80,14,14
64103,46,58,-12,12
64104,118,103,15,15
64105,129,112,17,17
64106,106,104,2,2
64107,81,83,-2,2
64108,82,75,7,7
64109,56,56,0,0
64110,79,71,8,8
64111,71,72,-1,1
64112,148,141,7,7
64113,205,171,34,34
64114,142,118,24,24
64115,85,79,6,6
64116,47,51,-4,4
64117,91,86,5,5
64118,108,97,11,11
64119,73,68,5,5
64120,102,98,4,4
64121,129,126,3,3
64122,130,147,-17,17
64123,103,90,13,13
64124,70,89,-19,19
64125,90,83,7,7
64126,118,123,-5,5
64127,85,72,13,13
64128,63,70,-7,7
64129,62,58,4,4
64130,93,87,6,6
64131,66,81,-15,15
64132,57,58,-1,1
64133,43,50,-7,7
64134,104,92,12,12
64135,131,111,20,20
64136,88,80,8,8
64137,79,80,-1,1
64138,83,71,12,12
64139,77,72,5,5
64140,82,82,0,0
64141,109,98,11,11
64142,118,107,11,11
64143,134,127,7,7
64144,124,119,5,5
64145,105,103,2,2
64146,102,90,12,12
64147,109,100,9,9
64148,100,96,4,4
64149,84,85,-1,1
64150,88,82,6,6
64151,86,82,4,4
64152,92,82,10,10
64153,125,109,16,16
64154,70,67,3,3
64155,167,130,37,37
64156,151,147,4,4
64157,80,73,7,7
64158,125,100,25,25
64159,140,139,1,1
64160,101,96,5,5
64161,68,65,3,3
64162,48,51,-3,3
64163,105,96,9,9
64164,72,67,5,5
64165,73,75,-2,2
64166,139,123,16,16
64167,88,90,-2,2
64168,65,93,-28,28
64169,100,95,5,5
64170,150,139,11,11
64171,116,107,9,9
64172,64,63,1,1
64173,115,98,17,17
64174,58,62,-4,4
64175,132,131,1,1
64176,91,81,10,10
64177,75,69,6,6
64178,98,99,-1,1
64179,109,103,6,6
64180,115,99,16,16
64181,86,91,-5,5
64182,100,83,17,17
64183,77,76,1,1
64184,156,145,11,11
64185,63,62,1,1
64186,81,80,1,1
64187,95,85,10,10
64188,70,70,0,0
64189,100,94,6,6
64190,92,90,2,2
64191,150,136,14,14
64192,99,103,-4,4
64193,133,113,20,20
64194,46,50,-4,4
64195,99,85,14,14
64196,128,111,17,17
64197,77,77,0,0
64198,77,77,0,0
64199,62,68,-6,6
64200,175,132,43,43
64201,183,156,27,27
64202,80,81,-1,1
64203,124,113,11,11
64204,116,105,11,11
64205,140,137,3,3
64206,74,70,4,4
64207,104,111,-7,7
64208,43,56,-13,13
64209,191,163,28,28
64210,245,217,28,28
64211,94,85,9,9
64212,110,92,18,18
64213,86,85,1,1
64214,49,62,-13,13
64215,116,107,9,9
64216,58,59,-1,1
64217,51,54,-3,3
64218,96,93,3,3
64219,73,79,-6,6
64220,100,98,2,2
64221,83,127,-44,44
64222,130,118,12,12
64223,64,70,-6,6
64224,77,78,-1,1
64225,126,121,5,5
64226,52,50,2,2
64227,84,80,4,4
64228,69,82,-13,13
64229,107,119,-12,12
64230,104,89,15,15
64231,55,58,-3,3
64232,87,89,-2,2
64233,88,88,0,0
64234,147,133,14,14
64235,122,106,16,16
64236,120,104,16,16
64237,166,146,20,20
64238,80,85,-5,5
64239,122,110,12,12
64240,43,43,0,0
64241,121,106,15,15
64242,70,74,-4,4
64243,101,94,7,7
64244,57,62,-5,5
64245,100,93,7,7
64246,52,59,-7,7
64247,69,75,-6,6
64248,52,48,4,4
64249,60,61,-1,1
64250,74,71,3,3
64251,92,90,2,2
64252,47,55,-8,8
64253,91,92,-1,1
64254,72,76,-4,4
64255,45,46,-1,1
64256,70,77,-7,7
64257,119,113,6,6
64258,113,109,4,4
64259,51,55,-4,4
64260,56,60,-4,4
64261,95,89,6,6
64262,82,89,-7,7
64263,79,78,1,1
64264,70,72,-2,2
64265,78,79,-1,1
64266,94,93,1,1
64267,68,68,0,0
64268,87,85,2,2
64269,164,162,2,2
64270,101,90,11,11
64271,145,133,12,12
64272,50,52,-2,2
64273,65,81,-16,16
64274,108,95,13,13
64275,77,73,4,4
64276,153,126,27,27
64277,113,101,12,12
64278,181,141,40,40
64279,52,55,-3,3
64280,96,99,-3,3
64281,139,121,18,18
64282,91,91,0,0
64283,73,75,-2,2
64284,77,76,1,1
64285,71,73,-2,2
64286,51,54,-3,3
64287,90,90,0,0
64288,68,66,2,2
64289,73,74,-1,1
64290,94,97,-3,3
64291,69,68,1,1
64292,90,89,1,1
64293,154,142,12,12
64294,163,133,30,30
64295,74,75,-1,1
64296,55,63,-8,8
64297,73,75,-2,2
64298,33,26,7,7
64299,154,133,21,21
64300,70,52,18,18
64301,72,73,-1,1
64302,96,98,-2,2
64303,117,106,11,11
64304,127,119,8,8
64305,84,86,-2,2
64306,99,97,2,2
64307,72,72,0,0
64308,144,121,23,23
64309,74,75,-1,1
64310,75,78,-3,3
64311,89,83,6,6
64312,122,108,14,14
64313,165,144,21,21
64314,45,48,-3,3
64315,82,84,-2,2
64316,84,79,5,5
64317,166,147,19,19
64318,140,120,20,20
64319,96,103,-7,7
64320,73,70,3,3
64321,200,172,28,28
64322,113,106,7,7
64323,137,120,17,17
64324,87,89,-2,2
64325,127,114,13,13
64326,74,63,11,11
64327,89,81,8,8
64328,128,125,3,3
64329,73,77,-4,4
64330,53,53,0,0
64331,26,47,-21,21
64332,104,98,6,6
64333,91,82,9,9
64334,157,138,19,19
64335,93,84,9,9
64336,125,121,4,4
64337,66,62,4,4
64338,125,107,18,18
64339,144,110,34,34
64340,106,94,12,12
64341,129,110,19,19
64342,86,92,-6,6
64343,188,161,27,27
64344,142,122,20,20
64345,54,58,-4,4
64346,185,143,42,42
64347,152,134,18,18
64348,55,52,3,3
64349,74,80,-6,6
64350,132,126,6,6
64351,80,72,8,8
64352,77,76,1,1
64353,67,79,-12,12
64354,71,69,2,2
64355,129,112,17,17
64356,116,101,15,15
64357,97,89,8,8
64358,39,44,-5,5
64359,44,51,-7,7
64360,73,74,-1,1
64361,78,74,4,4
64362,68,65,3,3
64363,57,55,2,2
64364,97,82,15,15
64365,77,77,0,0
64366,159,143,16,16
64367,144,120,24,24
64368,58,63,-5,5
64369,74,81,-7,7
64370,47,51,-4,4
64371,86,85,1,1
64372,95,81,14,14
64373,74,71,3,3
64374,84,92,-8,8
64375,175,152,23,23
64376,47,50,-3,3
64377,110,97,13,13
64378,181,156,25,25
64379,117,109,8,8
64380,77,67,10,10
64381,88,76,12,12
64382,84,86,-2,2
64383,56,53,3,3
64384,49,49,0,0
64385,75,81,-6,6
64386,58,56,2,2
64387,110,104,6,6
64388,80,80,0,0
64389,120,118,2,2
64390,79,93,-14,14
64391,107,107,0,0
64392,79,77,2,2
64393,69,68,1,1
64394,36,41,-5,5
64395,106,99,7,7
64396,64,64,0,0
64397,91,93,-2,2
64398,70,73,-3,3
64399,69,69,0,0
64400,75,79,-4,4
64401,54,56,-2,2
64402,69,79,-10,10
64403,105,106,-1,1
64404,67,71,-4,4
64405,28,40,-12,12
64406,57,59,-2,2
64407,46,40,6,6
64408,52,54,-2,2
64409,122,110,12,12
64410,101,93,8,8
64411,129,110,19,19
64412,143,140,3,3
64413,193,164,29,29
64414,55,59,-4,4
64415,92,88,4,4
64416,107,85,22,22
64417,137,112,25,25
64418,100,98,2,2
64419,61,71,-10,10
64420,113,95,18,18
64421,112,100,12,12
64422,78,72,6,6
64423,82,89,-7,7
64424,58,69,-11,11
64425,65,53,12,12
64426,52,61,-9,9
64427,106,100,6,6
64428,47,56,-9,9
64429,72,79,-7,7
64430,75,80,-5,5
64431,135,129,6,6
64432,87,87,0,0
64433,175,152,23,23
64434,99,101,-2,2
64435,50,53,-3,3
64436,90,84,6,6
64437,83,89,-6,6
64438,68,71,-3,3
64439,85,84,1,1
64440,73,74,-1,1
64441,58,69,-11,11
64442,78,76,2,2
64443,89,91,-2,2
64444,49,52,-3,3
64445,73,65,8,8
64446,108,84,24,24
64447,60,64,-4,4
64448,142,119,23,23
64449,217,177,40,40
64450,57,52,5,5
64451,61,59,2,2
64452,82,77,5,5
64453,73,73,0,0
64454,108,100,8,8
64455,139,136,3,3
64456,80,78,2,2
64457,218,186,32,32
64458,119,110,9,9
64459,105,97,8,8
64460,57,64,-7,7
64461,106,109,-3,3
64462,74,80,-6,6
64463,77,80,-3,3
64464,143,128,15,15
64465,103,96,7,7
64466,120,107,13,13
64467,124,105,19,19
64468,112,101,11,11
64469,105,92,13,13
64470,144,130,14,14
64471,97,84,13,13
64472,65,66,-1,1
64473,74,71,3,3
64474,55,60,-5,5
64475,80,80,0,0
64476,115,105,10,10
64477,145,137,8,8
64478,103,104,-1,1
64479,132,113,19,19
64480,46,26,20,20
64481,59,59,0,0
64482,83,80,3,3
64483,150,130,20,20
64484,182,160,22,22
64485,44,52,-8,8
64486,64,74,-10,10
64487,53,57,-4,4
64488,78,84,-6,6
64489,112,111,1,1
64490,109,97,12,12
64491,95,97,-2,2
64492,62,83,-21,21
64493,57,62,-5,5
64494,130,118,12,12
64495,101,91,10,10
64496,135,129,6,6
64497,100,108,-8,8
64498,107,109,-2,2
64499,97,99,-2,2
64500,79,75,4,4
64501,80,83,-3,3
64502,94,73,21,21
64503,122,110,12,12
64504,57,62,-5,5
64505,58,64,-6,6
64506,76,73,3,3
64507,144,117,27,27
64508,51,49,2,2
64509,54,60,-6,6
64510,85,82,3,3
64511,61,65,-4,4
64512,148,117,31,31
64513,33,43,-10,10
64514,99,93,6,6
64515,117,103,14,14
64516,82,76,6,6
64517,54,79,-25,25
64518,144,126,18,18
64519,141,126,15,15
64520,80,85,-5,5
64521,203,167,36,36
64522,93,89,4,4
64523,65,67,-2,2
64524,61,58,3,3
64525,139,122,17,17
64526,84,81,3,3
64527,72,78,-6,6
64528,68,76,-8,8
64529,56,70,-14,14
64530,101,95,6,6
64531,63,71,-8,8
64532,94,91,3,3
64533,120,110,10,10
64534,113,108,5,5
64535,32,40,-8,8
64536,94,98,-4,4
64537,116,110,6,6
64538,101,91,10,10
64539,57,64,-7,7
64540,144,126,18,18
64541,76,78,-2,2
64542,94,88,6,6
64543,80,80,0,0
64544,100,93,7,7
64545,150,126,24,24
64546,85,85,0,0
64547,77,76,1,1
64548,75,76,-1,1
64549,170,143,27,27
64550,138,129,9,9
64551,74,72,2,2
64552,83,81,2,2
64553,193,171,22,22
64554,95,82,13,13
64555,132,118,14,14
64556,69,70,-1,1
64557,120,119,1,1
64558,102,94,8,8
64559,87,82,5,5
64560,133,108,25,25
64561,106,99,7,7
64562,90,91,-1,1
64563,61,66,-5,5
64564,87,85,2,2
64565,130,116,14,14
64566,77,80,-3,3
64567,80,94,-14,14
64568,95,82,13,13
64569,64,66,-2,2
64570,57,67,-10,10
64571,70,70,0,0
64572,111,102,9,9
64573,54,57,-3,3
64574,142,150,-8,8
64575,52,57,-5,5
64576,47,56,-9,9
64577,133,126,7,7
64578,140,134,6,6
64579,60,63,-3,3
64580,186,146,40,40
64581,77,77,0,0
64582,101,91,10,10
64583,59,59,0,0
64584,121,117,4,4
64585,104,106,-2,2
64586,155,123,32,32
64587,83,79,4,4
64588,77,74,3,3
64589,123,102,21,21
64590,59,58,1,1
64591,105,89,16,16
64592,75,82,-7,7
64593,116,100,16,16
64594,72,74,-2,2
64595,149,140,9,9
64596,119,102,17,17
64597,63,71,-8,8
64598,87,82,5,5
64599,137,116,21,21
64600,82,74,8,8
64601,125,115,10,10
64602,36,32,4,4
64603,67,70,-3,3
64604,116,110,6,6
64605,155,131,24,24
64606,103,83,20,20
64607,104,92,12,12
64608,143,130,13,13
64609,123,112,11,11
64610,121,105,16,16
64611,87,78,9,9
64612,72,74,-2,2
64613,49,67,-18,18
64614,69,82,-13,13
64615,72,85,-13,13
64616,116,89,27,27
64617,138,133,5,5
64618,97,91,6,6
64619,63,63,0,0
64620,109,98,11,11
64621,80,81,-1,1
64622,96,88,8,8
64623,98,84,14,14
64624,101,101,0,0
64625,143,125,18,18
64626,90,84,6,6
64627,85,79,6,6
64628,120,119,1,1
64629,65,61,4,4
64630,161,133,28,28
64631,124,102,22,22
64632,103,98,5,5
64633,99,91,8,8
64634,121,119,2,2
64635,122,111,11,11
64636,104,105,-1,1
64637,160,154,6,6
64638,109,83,26,26
64639,63,64,-1,1
64640,112,105,7,7
64641,88,83,5,5
64642,88,84,4,4
64643,101,104,-3,3
64644,50,53,-3,3
64645,170,159,11,11
64646,64,72,-8,8
64647,102,107,-5,5
64648,93,87,6,6
64649,132,120,12,12
64650,75,81,-6,6
64651,84,74,10,10
64652,60,63,-3,3
64653,103,109,-6,6
64654,58,59,-1,1
64655,153,128,25,25
64656,135,115,20,20
64657,62,78,-16,16
64658,162,137,25,25
64659,74,76,-2,2
64660,90,80,10,10
64661,127,117,10,10
64662,97,98,-1,1
64663,102,94,8,8
64664,117,103,14,14
64665,38,48,-10,10
64666,114,101,13,13
64667,45,40,5,5
64668,100,95,5,5
64669,61,58,3,3
64670,101,89,12,12
64671,120,110,10,10
64672,152,130,22,22
64673,84,85,-1,1
64674,100,88,12,12
64675,108,98,10,10
64676,124,123,1,1
64677,148,138,10,10
64678,46,49,-3,3
64679,119,112,7,7
64680,118,101,17,17
64681,52,59,-7,7
64682,104,103,1,1
64683,82,93,-11,11
64684,100,87,13,13
64685,118,104,14,14
64686,70,74,-4,4
64687,104,85,19,19
64688,141,125,16,16
64689,97,93,4,4
64690,24,26,-2,2
64691,192,153,39,39
64692,71,63,8,8
64693,78,83,-5,5
64694,46,51,-5,5
64695,79,81,-2,2
64696,153,122,31,31
64697,88,95,-7,7
64698,64,72,-8,8
64699,81,76,5,5
64700,81,78,3,3
64701,105,93,12,12
64702,88,95,-7,7
64703,120,116,4,4
64704,68,66,2,2
64705,84,81,3,3
64706,121,108,13,13
64707,80,74,6,6
64708,138,129,9,9
64709,90,80,10,10
64710,87,90,-3,3
64711,92,91,1,1
64712,111,112,-1,1
64713,77,72,5,5
64714,74,76,-2,2
64715,170,131,39,39
64716,77,80,-3,3
64717,117,116,1,1
64718,151,124,27,27
64719,84,83,1,1
64720,108,111,-3,3
64721,69,76,-7,7
64722,121,117,4,4
64723,94,97,-3,3
64724,41,46,-5,5
64725,140,124,16,16
64726,76,69,7,7
64727,85,76,9,9
64728,104,103,1,1
64729,48,56,-8,8
64730,128,123,5,5
64731,68,67,1,1
64732,70,70,0,0
64733,93,81,12,12
64734,69,82,-13,13
64735,56,51,5,5
64736,96,93,3,3
64737,50,51,-1,1
64738,64,69,-5,5
64739,69,77,-8,8
64740,89,82,7,7
64741,75,80,-5,5
64742,77,78,-1,1
64743,68,64,4,4
64744,59,85,-26,26
64745,140,110,30,30
64746,79,72,7,7
64747,46,47,-1,1
64748,54,52,2,2
64749,89,92,-3,3
64750,99,96,3,3
64751,68,69,-1,1
64752,86,89,-3,3
64753,106,91,15,15
64754,82,77,5,5
64755,97,114,-17,17
64756,29,46,-17,17
64757,99,87,12,12
64758,119,114,5,5
64759,102,99,3,3
64760,104,99,5,5
64761,148,117,31,31
64762,146,129,17,17
64763,107,94,13,13
64764,49,46,3,3
64765,45,48,-3,3
64766,133,118,15,15
64767,102,97,5,5
64768,110,108,2,2
64769,100,93,7,7
64770,112,100,12,12
64771,59,70,-11,11
64772,73,63,10,10
64773,115,117,-2,2
64774,88,83,5,5
64775,77,83,-6,6
64776,133,120,13,13
64777,86,83,3,3
64778,74,66,8,8
64779,125,112,13,13
64780,97,97,0,0
64781,71,64,7,7
64782,42,49,-7,7
64783,140,126,14,14
64784,70,69,1,1
64785,76,79,-3,3
64786,59,57,2,2
64787,87,89,-2,2
64788,134,112,22,22
64789,173,149,24,24
64790,47,51,-4,4
64791,112,94,18,18
64792,94,97,-3,3
64793,81,78,3,3
64794,152,135,17,17
64795,56,57,-1,1
64796,72,74,-2,2
64797,82,80,2,2
64798,68,69,-1,1
64799,87,87,0,0
64800,116,123,-7,7
64801,49,48,1,1
64802,124,112,12,12
64803,146,138,8,8
64804,151,128,23,23
64805,67,84,-17,17
64806,57,89,-32,32
64807,147,134,13,13
64808,104,100,4,4
64809,124,116,8,8
64810,46,55,-9,9
64811,118,117,1,1
64812,110,102,8,8
64813,82,80,2,2
64814,97,84,13,13
64815,104,91,13,13
64816,46,47,-1,1
64817,76,81,-5,5
64818,66,70,-4,4
64819,51,50,1,1
64820,63,57,6,6
64821,81,79,2,2
64822,110,102,8,8
64823,160,144,16,16
64824,65,65,0,0
64825,43,46,-3,3
64826,67,108,-41,41
64827,104,93,11,11
64828,83,89,-6,6
64829,57,71,-14,14
64830,139,124,15,15
64831,78,78,0,0
64832,68,62,6,6
64833,91,88,3,3
64834,117,111,6,6
64835,117,108,9,9
64836,110,106,4,4
64837,67,70,-3,3
64838,89,87,2,2
64839,96,97,-1,1
64840,92,96,-4,4
64841,87,82,5,5
64842,92,82,10,10
64843,59,68,-9,9
64844,66,65,1,1
64845,160,146,14,14
64846,188,152,36,36
64847,96,92,4,4
64848,75,80,-5,5
64849,140,124,16,16
64850,95,88,7,7
64851,83,80,3,3
64852,103,97,6,6
64853,81,83,-2,2
64854,87,83,4,4
64855,90,86,4,4
64856,66,65,1,1
64857,100,88,12,12
64858,75,76,-1,1
64859,50,53,-3,3
64860,68,66,2,2
64861,82,80,2,2
64862,72,66,6,6
64863,56,58,-2,2
64864,113,102,11,11
64865,41,51,-10,10
64866,56,62,-6,6
64867,92,85,7,7
64868,68,69,-1,1
64869,63,63,0,0
64870,111,106,5,5
64871,74,76,-2,2
64872,91,87,4,4
64873,84,125,-41,41
64874,107,108,-1,1
64875,95,92,3,3
64876,80,74,6,6
64877,125,114,11,11
64878,57,56,1,1
64879,115,116,-1,1
64880,117,105,12,12
64881,71,75,-4,4
64882,72,70,2,2
64883,199,162,37,37
64884,100,99,1,1
64885,75,67,8,8
64886,78,72,6,6
64887,82,77,5,5
64888,85,87,-2,2
64889,53,59,-6,6
64890,89,84,5,5
64891,111,98,13,13
64892,58,60,-2,2
64893,74,70,4,4
64894,106,111,-5,5
64895,139,125,14,14
64896,94,85,9,9
64897,66,64,2,2
64898,140,115,25,25
64899,100,92,8,8
64900,60,62,-2,2
64901,118,100,18,18
64902,108,90,18,18
64903,131,112,19,19
64904,141,138,3,3
64905,107,105,2,2
64906,65,74,-9,9
64907,104,100,4,4
64908,121,115,6,6
64909,93,94,-1,1
64910,85,90,-5,5
64911,77,78,-1,1
64912,113,98,15,15
64913,44,45,-1,1
64914,110,114,-4,4
64915,75,69,6,6
64916,65,71,-6,6
64917,59,58,1,1
64918,102,87,15,15
64919,93,103,-10,10
64920,85,83,2,2
64921,57,58,-1,1
64922,129,114,15,15
64923,45,60,-15,15
64924,60,75,-15,15
64925,89,92,-3,3
64926,93,92,1,1
64927,104,96,8,8
64928,55,56,-1,1
64929,83,85,-2,2
64930,137,118,19,19
64931,109,97,12,12
64932,69,69,0,0
64933,110,112,-2,2
64934,119,96,23,23
64935,97,87,10,10
64936,81,81,0,0
64937,104,97,7,7
64938,71,77,-6,6
64939,50,61,-11,11
64940,136,119,17,17
64941,70,68,2,2
64942,63,71,-8,8
64943,90,92,-2,2
64944,102,94,8,8
64945,50,50,0,0
64946,138,114,24,24
64947,103,116,-13,13
64948,127,115,12,12
64949,129,122,7,7
64950,144,127,17,17
64951,52,58,-6,6
64952,72,75,-3,3
64953,94,95,-1,1
64954,77,72,5,5
64955,62,67,-5,5
64956,91,92,-1,1
64957,58,60,-2,2
64958,78,76,2,2
64959,63,65,-2,2
64960,111,97,14,14
64961,87,88,-1,1
64962,85,80,5,5
64963,224,177,47,47
64964,99,88,11,11
64965,84,77,7,7
64966,101,94,7,7
64967,156,121,35,35
64968,50,50,0,0
64969,82,80,2,2
64970,190,172,18,18
64971,127,123,4,4
64972,61,63,-2,2
64973,100,99,1,1
64974,81,82,-1,1
64975,141,116,25,25
64976,80,74,6,6
64977,67,67,0,0
64978,90,89,1,1
64979,81,77,4,4
64980,55,58,-3,3
64981,85,83,2,2
64982,36,44,-8,8
64983,87,76,11,11
64984,73,82,-9,9
64985,90,83,7,7
64986,69,62,7,7
64987,88,82,6,6
64988,64,68,-4,4
64989,56,59,-3,3
64990,130,111,19,19
64991,59,57,2,2
64992,140,133,7,7
64993,129,107,22,22
64994,122,112,10,10
64995,69,65,4,4
64996,65,71,-6,6
64997,103,95,8,8
64998,36,37,-1,1
64999,193,176,17,17
65000,123,111,12,12
65001,77,78,-1,1
65002,75,70,5,5
65003,85,91,-6,6
65004,124,116,8,8
65005,148,137,11,11
65006,92,94,-2,2
65007,70,73,-3,3
65008,129,117,12,12
65009,51,53,-2,2
65010,98,85,13,13
65011,130,112,18,18
65012,134,121,13,13
65013,89,83,6,6
65014,83,87,-4,4
65015,89,83,6,6
65016,101,95,6,6
65017,110,94,16,16
65018,68,71,-3,3
65019,68,64,4,4
65020,72,73,-1,1
65021,77,78,-1,1
65022,147,121,26,26
65023,117,106,11,11
65024,79,93,-14,14
65025,103,101,2,2
65026,65,72,-7,7
65027,102,98,4,4
65028,66,68,-2,2
65029,101,90,11,11
65030,77,77,0,0
65031,58,64,-6,6
65032,75,75,0,0
65033,50,65,-15,15
65034,116,106,10,10
65035,78,75,3,3
65036,111,96,15,15
65037,35,44,-9,9
65038,94,85,9,9
65039,136,117,19,19
65040,71,69,2,2
65041,94,96,-2,2
65042,81,77,4,4
65043,54,52,2,2
65044,94,83,11,11
65045,94,92,2,2
65046,143,123,20,20
65047,82,80,2,2
65048,156,134,22,22
65049,81,85,-4,4
65050,169,148,21,21
65051,104,97,7,7
65052,107,102,5,5
65053,69,80,-11,11
65054,123,100,23,23
65055,51,57,-6,6
65056,88,91,-3,3
65057,41,45,-4,4
65058,56,66,-10,10
65059,138,128,10,10
65060,102,93,9,9
65061,97,89,8,8
65062,124,117,7,7
65063,124,107,17,17
65064,119,122,-3,3
65065,55,56,-1,1
65066,116,109,7,7
65067,60,59,1,1
65068,134,114,20,20
65069,63,87,-24,24
65070,73,76,-3,3
65071,145,129,16,16
65072,111,103,8,8
65073,110,111,-1,1
65074,194,162,32,32
65075,92,92,0,0
65076,97,84,13,13
65077,116,110,6,6
65078,61,55,6,6
65079,150,132,18,18
65080,45,46,-1,1
65081,99,89,10,10
65082,79,72,7,7
65083,118,113,5,5
65084,74,70,4,4
65085,108,101,7,7
65086,85,80,5,5
65087,89,77,12,12
65088,107,101,6,6
65089,165,152,13,13
65090,84,79,5,5
65091,132,113,19,19
65092,90,83,7,7
65093,144,111,33,33
65094,87,89,-2,2
65095,103,85,18,18
65096,98,97,1,1
65097,88,85,3,3
65098,125,113,12,12
65099,112,97,15,15
65100,51,58,-7,7
65101,105,102,3,3
65102,149,118,31,31
65103,109,100,9,9
65104,74,76,-2,2
65105,83,81,2,2
65106,85,85,0,0
65107,75,69,6,6
65108,78,83,-5,5
65109,67,69,-2,2
65110,48,47,1,1
65111,109,85,24,24
65112,92,87,5,5
65113,90,91,-1,1
65114,90,83,7,7
65115,98,93,5,5
65116,76,73,3,3
65117,83,84,-1,1
65118,148,138,10,10
65119,99,92,7,7
65120,68,68,0,0
65121,79,71,8,8
65122,98,97,1,1
65123,194,170,24,24
65124,90,82,8,8
65125,70,67,3,3
65126,88,85,3,3
65127,66,68,-2,2
65128,81,69,12,12
65129,122,116,6,6
65130,96,91,5,5
65131,69,70,-1,1
65132,113,93,20,20
65133,61,70,-9,9
65134,101,82,19,19
65135,178,147,31,31
65136,111,100,11,11
65137,81,74,7,7
65138,147,150,-3,3
65139,121,110,11,11
65140,78,72,6,6
65141,86,81,5,5
65142,54,53,1,1
65143,46,47,-1,1
65144,62,68,-6,6
65145,94,97,-3,3
65146,101,92,9,9
65147,60,65,-5,5
65148,72,68,4,4
65149,75,81,-6,6
65150,148,129,19,19
65151,123,110,13,13
65152,81,91,-10,10
65153,126,115,11,11
65154,163,140,23,23
65155,105,98,7,7
65156,85,81,4,4
65157,102,94,8,8
65158,89,84,5,5
65159,123,118,5,5
65160,62,58,4,4
65161,78,83,-5,5
65162,98,90,8,8
65163,68,68,0,0
65164,99,98,1,1
65165,112,101,11,11
65166,89,81,8,8
65167,89,89,0,0
65168,83,77,6,6
65169,119,111,8,8
65170,92,95,-3,3
65171,77,80,-3,3
65172,74,70,4,4
65173,115,122,-7,7
65174,107,96,11,11
65175,98,84,14,14
65176,136,117,19,19
65177,42,51,-9,9
65178,119,112,7,7
65179,119,108,11,11
65180,109,99,10,10
65181,113,101,12,12
65182,164,146,18,18
65183,86,80,6,6
65184,97,92,5,5
65185,112,106,6,6
65186,124,112,12,12
65187,84,92,-8,8
65188,77,77,0,0
65189,87,79,8,8
65190,52,55,-3,3
65191,112,102,10,10
65192,78,79,-1,1
65193,93,92,1,1
65194,115,116,-1,1
65195,76,73,3,3
65196,209,171,38,38
65197,41,52,-11,11
65198,115,102,13,13
65199,155,128,27,27
65200,53,52,1,1
65201,72,73,-1,1
65202,110,84,26,26
65203,91,89,2,2
65204,99,92,7,7
65205,88,93,-5,5
65206,100,92,8,8
65207,73,84,-11,11
65208,70,67,3,3
65209,126,113,13,13
65210,102,96,6,6
65211,97,87,10,10
65212,60,65,-5,5
65213,44,50,-6,6
65214,62,70,-8,8
65215,52,58,-6,6
65216,128,115,13,13
65217,168,149,19,19
65218,101,95,6,6
65219,106,104,2,2
65220,191,157,34,34
65221,51,64,-13,13
65222,196,150,46,46
65223,92,94,-2,2
65224,47,46,1,1
65225,115,99,16,16
65226,70,68,2,2
65227,84,91,-7,7
65228,145,130,15,15
65229,102,101,1,1
65230,31,32,-1,1
65231,65,66,-1,1
65232,92,86,6,6
65233,77,80,-3,3
65234,90,85,5,5
65235,30,26,4,4
65236,72,81,-9,9
65237,109,106,3,3
65238,148,136,12,12
65239,81,77,4,4
65240,75,71,4,4
65241,60,61,-1,1
65242,147,129,18,18
65243,95,80,15,15
65244,71,74,-3,3
65245,145,137,8,8
65246,91,90,1,1
65247,48,71,-23,23
65248,94,90,4,4
65249,86,90,-4,4
65250,70,71,-1,1
65251,120,113,7,7
65252,117,110,7,7
65253,118,91,27,27
65254,66,67,-1,1
65255,70,66,4,4
65256,51,50,1,1
65257,80,81,-1,1
65258,78,80,-2,2
65259,136,111,25,25
65260,105,105,0,0
65261,94,82,12,12
65262,119,104,15,15
65263,119,117,2,2
65264,66,61,5,5
65265,133,115,18,18
65266,106,98,8,8
65267,110,93,17,17
65268,109,96,13,13
65269,97,105,-8,8
65270,54,60,-6,6
65271,143,121,22,22
65272,103,101,2,2
65273,55,54,1,1
65274,72,71,1,1
65275,300,214,86,86
65276,110,102,8,8
65277,120,112,8,8
65278,114,113,1,1
65279,65,66,-1,1
65280,51,53,-2,2
65281,107,90,17,17
65282,86,86,0,0
65283,91,87,4,4
65284,102,96,6,6
65285,72,64,8,8
65286,82,80,2,2
65287,134,118,16,16
65288,133,113,20,20
65289,79,84,-5,5
65290,146,134,12,12
65291,176,142,34,34
65292,117,105,12,12
65293,82,82,0,0
65294,105,97,8,8
65295,89,89,0,0
65296,72,74,-2,2
65297,71,62,9,9
65298,117,109,8,8
65299,140,118,22,22
65300,80,82,-2,2
65301,53,57,-4,4
65302,185,165,20,20
65303,111,95,16,16
65304,92,95,-3,3
65305,91,86,5,5
65306,112,94,18,18
65307,59,59,0,0
65308,106,94,12,12
65309,53,59,-6,6
65310,132,120,12,12
65311,80,83,-3,3
65312,163,147,16,16
65313,58,66,-8,8
65314,138,118,20,20
65315,173,152,21,21
65316,64,71,-7,7
65317,78,77,1,1
65318,101,100,1,1
65319,103,95,8,8
65320,87,80,7,7
65321,105,96,9,9
65322,94,87,7,7
65323,89,84,5,5
65324,63,72,-9,9
65325,92,87,5,5
65326,139,128,11,11
65327,78,79,-1,1
65328,58,78,-20,20
65329,77,80,-3,3
65330,71,102,-31,31
65331,154,142,12,12
65332,93,85,8,8
65333,61,59,2,2
65334,168,145,23,23
65335,139,119,20,20
65336,78,79,-1,1
65337,132,116,16,16
65338,56,55,1,1
65339,78,80,-2,2
65340,86,85,1,1
65341,68,70,-2,2
65342,31,58,-27,27
65343,60,63,-3,3
65344,150,128,22,22
65345,117,106,11,11
65346,104,96,8,8
65347,102,99,3,3
65348,77,82,-5,5
65349,64,69,-5,5
65350,103,101,2,2
65351,113,107,6,6
65352,96,94,2,2
65353,114,91,23,23
65354,126,113,13,13
65355,106,102,4,4
65356,59,63,-4,4
65357,81,83,-2,2
65358,109,96,13,13
65359,121,122,-1,1
65360,70,68,2,2
65361,148,134,14,14
65362,94,96,-2,2
65363,127,113,14,14
65364,117,114,3,3
65365,104,92,12,12
65366,46,57,-11,11
65367,106,108,-2,2
65368,94,87,7,7
65369,124,104,20,20
65370,62,67,-5,5
65371,62,75,-13,13
65372,74,81,-7,7
65373,53,58,-5,5
65374,40,44,-4,4
65375,70,71,-1,1
65376,60,61,-1,1
65377,45,40,5,5
65378,111,106,5,5
65379,37,50,-13,13
65380,88,94,-6,6
65381,51,101,-50,50
65382,66,69,-3,3
65383,76,72,4,4
65384,91,83,8,8
65385,121,115,6,6
65386,135,116,19,19
65387,87,91,-4,4
65388,99,94,5,5
65389,106,101,5,5
65390,83,86,-3,3
65391,94,84,10,10
65392,76,74,2,2
65393,69,67,2,2
65394,100,106,-6,6
65395,118,110,8,8
65396,66,81,-15,15
65397,89,87,2,2
65398,104,111,-7,7
65399,110,93,17,17
65400,106,97,9,9
65401,118,111,7,7
65402,83,89,-6,6
65403,85,84,1,1
65404,73,84,-11,11
65405,72,66,6,6
65406,61,63,-2,2
65407,59,59,0,0
65408,114,111,3,3
65409,68,74,-6,6
65410,179,159,20,20
65411,70,71,-1,1
65412,91,82,9,9
65413,114,101,13,13
65414,108,99,9,9
65415,79,81,-2,2
65416,79,78,1,1
65417,125,114,11,11
65418,117,93,24,24
65419,68,77,-9,9
65420,79,79,0,0
65421,103,107,-4,4
65422,207,171,36,36
65423,63,69,-6,6
65424,117,106,11,11
65425,63,61,2,2
65426,71,70,1,1
65427,74,83,-9,9
65428,55,57,-2,2
65429,170,144,26,26
65430,69,68,1,1
65431,51,61,-10,10
65432,55,57,-2,2
65433,73,72,1,1
65434,89,101,-12,12
65435,173,145,28,28
65436,119,108,11,11
65437,85,85,0,0
65438,94,92,2,2
65439,104,89,15,15
65440,96,92,4,4
65441,61,66,-5,5
65442,86,84,2,2
65443,95,90,5,5
65444,161,139,22,22
65445,80,80,0,0
65446,112,99,13,13
65447,75,79,-4,4
65448,141,120,21,21
65449,161,145,16,16
65450,99,96,3,3
65451,94,91,3,3
65452,146,122,24,24
65453,72,71,1,1
65454,105,90,15,15
65455,69,70,-1,1
65456,113,102,11,11
65457,132,106,26,26
65458,121,112,9,9
65459,91,94,-3,3
65460,70,69,1,1
65461,96,91,5,5
65462,155,136,19,19
65463,130,129,1,1
65464,186,151,35,35
65465,96,98,-2,2
65466,146,145,1,1
65467,113,103,10,10
65468,86,85,1,1
65469,104,96,8,8
65470,66,64,2,2
65471,96,85,11,11
65472,88,79,9,9
65473,111,98,13,13
65474,146,124,22,22
65475,86,74,12,12
65476,46,50,-4,4
65477,72,72,0,0
65478,170,143,27,27
65479,35,37,-2,2
65480,90,86,4,4
65481,143,133,10,10
65482,157,137,20,20
65483,62,68,-6,6
65484,65,61,4,4
65485,75,72,3,3
65486,89,87,2,2
65487,82,73,9,9
65488,80,85,-5,5
65489,56,55,1,1
65490,76,71,5,5
65491,113,106,7,7
65492,104,107,-3,3
65493,99,90,9,9
65494,62,61,1,1
65495,140,133,7,7
65496,76,81,-5,5
65497,114,104,10,10
65498,108,105,3,3
65499,81,71,10,10
65500,63,63,0,0
65501,125,114,11,11
65502,70,59,11,11
65503,90,86,4,4
65504,37,43,-6,6
65505,92,99,-7,7
65506,96,100,-4,4
65507,85,83,2,2
65508,106,102,4,4
65509,86,79,7,7
65510,101,84,17,17
65511,101,100,1,1
65512,100,96,4,4
65513,105,95,10,10
65514,71,74,-3,3
65515,58,55,3,3
65516,179,154,25,25
65517,106,101,5,5
65518,89,83,6,6
65519,84,78,6,6
65520,113,99,14,14
65521,129,116,13,13
65522,87,90,-3,3
65523,122,115,7,7
65524,109,104,5,5
65525,78,85,-7,7
65526,96,94,2,2
65527,176,137,39,39
65528,114,104,10,10
65529,89,74,15,15
65530,115,97,18,18
65531,73,66,7,7
65532,68,70,-2,2
65533,148,130,18,18
65534,70,70,0,0
65535,108,96,12,12
65536,60,58,2,2
65537,98,85,13,13
65538,47,47,0,0
65539,84,86,-2,2
65540,60,56,4,4
65541,119,114,5,5
65542,66,71,-5,5
65543,115,108,7,7
65544,172,141,31,31
65545,105,96,9,9
65546,83,79,4,4
65547,75,69,6,6
65548,48,48,0,0
65549,100,94,6,6
65550,59,67,-8,8
65551,67,63,4,4
65552,103,102,1,1
65553,48,49,-1,1
65554,108,112,-4,4
65555,77,61,16,16
65556,126,113,13,13
65557,82,101,-19,19
65558,38,49,-11,11
65559,99,90,9,9
65560,56,65,-9,9
65561,131,104,27,27
65562,96,83,13,13
65563,83,84,-1,1
65564,120,103,17,17
65565,102,87,15,15
65566,93,92,1,1
65567,127,116,11,11
65568,67,58,9,9
65569,98,90,8,8
65570,77,70,7,7
65571,84,75,9,9
65572,96,88,8,8
65573,118,108,10,10
65574,84,81,3,3
65575,70,86,-16,16
65576,100,95,5,5
65577,118,104,14,14
65578,54,61,-7,7
65579,170,144,26,26
65580,91,93,-2,2
65581,86,81,5,5
65582,82,81,1,1
65583,123,113,10,10
65584,94,89,5,5
65585,86,76,10,10
65586,142,135,7,7
65587,132,108,24,24
65588,140,120,20,20
65589,177,141,36,36
65590,54,64,-10,10
65591,51,58,-7,7
65592,130,114,16,16
65593,71,72,-1,1
65594,61,59,2,2
65595,93,87,6,6
65596,93,93,0,0
65597,83,85,-2,2
65598,104,92,12,12
65599,93,93,0,0
65600,88,82,6,6
65601,89,88,1,1
65602,154,135,19,19
65603,53,56,-3,3
65604,85,81,4,4
65605,89,91,-2,2
65606,107,102,5,5
65607,102,95,7,7
65608,88,92,-4,4
65609,35,40,-5,5
65610,118,104,14,14
65611,63,60,3,3
65612,56,63,-7,7
65613,41,42,-1,1
65614,108,102,6,6
65615,137,126,11,11
65616,70,66,4,4
65617,131,129,2,2
65618,83,75,8,8
65619,87,82,5,5
65620,87,91,-4,4
65621,134,118,16,16
65622,108,90,18,18
65623,73,89,-16,16
65624,110,98,12,12
65625,100,80,20,20
65626,57,72,-15,15
65627,101,94,7,7
65628,124,109,15,15
65629,100,96,4,4
65630,116,113,3,3
65631,124,102,22,22
65632,119,116,3,3
65633,95,100,-5,5
65634,131,110,21,21
65635,46,50,-4,4
65636,119,105,14,14
65637,86,79,7,7
65638,148,134,14,14
65639,63,63,0,0
65640,84,79,5,5
65641,88,80,8,8
65642,125,109,16,16
65643,180,145,35,35
65644,92,92,0,0
65645,73,75,-2,2
65646,54,59,-5,5
65647,125,120,5,5
65648,158,139,19,19
65649,115,103,12,12
65650,176,157,19,19
65651,71,86,-15,15
65652,109,108,1,1
65653,115,99,16,16
65654,135,119,16,16
65655,75,72,3,3
65656,71,74,-3,3
65657,74,85,-11,11
65658,123,125,-2,2
65659,85,83,2,2
65660,124,109,15,15
65661,51,50,1,1
65662,53,58,-5,5
65663,97,99,-2,2
65664,92,90,2,2
65665,122,115,7,7
65666,183,153,30,30
65667,94,96,-2,2
65668,151,126,25,25
65669,65,67,-2,2
65670,146,132,14,14
65671,68,76,-8,8
65672,186,132,54,54
65673,121,102,19,19
65674,77,78,-1,1
65675,99,101,-2,2
65676,102,99,3,3
65677,80,79,1,1
65678,123,110,13,13
65679,90,91,-1,1
65680,96,96,0,0
65681,119,95,24,24
65682,136,122,14,14
65683,84,78,6,6
65684,135,124,11,11
65685,84,98,-14,14
65686,56,56,0,0
65687,81,81,0,0
65688,69,60,9,9
65689,89,74,15,15
65690,105,96,9,9
65691,113,107,6,6
65692,79,75,4,4
65693,167,138,29,29
65694,85,79,6,6
65695,80,82,-2,2
65696,72,72,0,0
65697,129,121,8,8
65698,155,122,33,33
65699,53,56,-3,3
65700,48,49,-1,1
65701,45,41,4,4
65702,55,58,-3,3
65703,99,98,1,1
65704,91,86,5,5
65705,75,73,2,2
65706,84,81,3,3
65707,38,46,-8,8
65708,41,47,-6,6
65709,86,83,3,3
65710,76,74,2,2
65711,53,59,-6,6
65712,63,66,-3,3
65713,79,72,7,7
65714,145,125,20,20
65715,97,95,2,2
65716,120,110,10,10
65717,74,75,-1,1
65718,96,95,1,1
65719,101,89,12,12
65720,94,94,0,0
65721,92,82,10,10
65722,83,70,13,13
65723,122,99,23,23
65724,57,58,-1,1
65725,56,60,-4,4
65726,123,115,8,8
65727,104,97,7,7
65728,147,123,24,24
65729,190,177,13,13
65730,120,107,13,13
65731,173,150,23,23
65732,52,50,2,2
65733,134,120,14,14
65734,110,98,12,12
65735,84,77,7,7
65736,92,91,1,1
65737,112,98,14,14
65738,60,61,-1,1
65739,76,74,2,2
65740,159,133,26,26
65741,61,68,-7,7
65742,141,118,23,23
65743,107,100,7,7
65744,103,91,12,12
65745,129,124,5,5
65746,61,62,-1,1
65747,77,70,7,7
65748,84,82,2,2
65749,78,77,1,1
65750,47,49,-2,2
65751,140,121,19,19
65752,56,52,4,4
65753,154,129,25,25
65754,77,81,-4,4
65755,85,71,14,14
65756,104,109,-5,5
65757,70,85,-15,15
65758,71,73,-2,2
65759,63,60,3,3
65760,84,79,5,5
65761,110,92,18,18
65762,88,94,-6,6
65763,74,75,-1,1
65764,72,83,-11,11
65765,46,50,-4,4
65766,94,87,7,7
65767,93,96,-3,3
65768,63,66,-3,3
65769,100,94,6,6
65770,71,71,0,0
65771,113,107,6,6
65772,88,81,7,7
65773,83,70,13,13
65774,76,84,-8,8
65775,83,73,10,10
65776,153,119,34,34
65777,134,126,8,8
65778,91,87,4,4
65779,56,59,-3,3
65780,89,88,1,1
65781,51,55,-4,4
65782,121,106,15,15
65783,107,100,7,7
65784,97,136,-39,39
65785,79,73,6,6
65786,115,102,13,13
65787,60,64,-4,4
65788,105,96,9,9
65789,65,69,-4,4
65790,57,59,-2,2
65791,169,140,29,29
65792,92,88,4,4
65793,104,112,-8,8
65794,68,66,2,2
65795,72,69,3,3
65796,92,91,1,1
65797,124,113,11,11
65798,85,84,1,1
65799,123,111,12,12
65800,112,99,13,13
65801,138,134,4,4
65802,205,171,34,34
65803,88,86,2,2
65804,82,81,1,1
65805,77,77,0,0
65806,68,66,2,2
65807,125,111,14,14
65808,87,81,6,6
65809,112,108,4,4
65810,66,74,-8,8
65811,132,112,20,20
65812,136,112,24,24
65813,232,192,40,40
65814,63,69,-6,6
65815,77,82,-5,5
65816,121,110,11,11
65817,161,139,22,22
65818,200,146,54,54
65819,65,62,3,3
65820,104,89,15,15
65821,129,108,21,21
65822,129,127,2,2
65823,123,109,14,14
65824,72,79,-7,7
65825,59,60,-1,1
65826,94,102,-8,8
65827,102,107,-5,5
65828,74,73,1,1
65829,64,64,0,0
65830,48,52,-4,4
65831,80,80,0,0
65832,112,96,16,16
65833,67,113,-46,46
65834,79,82,-3,3
65835,79,80,-1,1
65836,51,55,-4,4
65837,213,181,32,32
65838,116,110,6,6
65839,82,82,0,0
65840,88,90,-2,2
65841,154,150,4,4
65842,93,84,9,9
65843,115,107,8,8
65844,58,55,3,3
65845,89,93,-4,4
65846,69,66,3,3
65847,124,110,14,14
65848,87,82,5,5
65849,114,106,8,8
65850,75,80,-5,5
65851,46,68,-22,22
65852,54,59,-5,5
65853,63,56,7,7
65854,54,55,-1,1
65855,70,68,2,2
65856,98,87,11,11
65857,74,74,0,0
65858,76,73,3,3
65859,80,74,6,6
65860,73,121,-48,48
65861,108,101,7,7
65862,100,91,9,9
65863,64,58,6,6
65864,101,98,3,3
65865,75,72,3,3
65866,66,72,-6,6
65867,142,125,17,17
65868,47,48,-1,1
65869,71,66,5,5
65870,26,30,-4,4
65871,53,60,-7,7
65872,133,122,11,11
65873,96,92,4,4
65874,91,95,-4,4
65875,83,75,8,8
65876,103,98,5,5
65877,89,78,11,11
65878,90,90,0,0
65879,95,99,-4,4
65880,32,39,-7,7
65881,72,75,-3,3
65882,99,81,18,18
65883,115,107,8,8
65884,86,90,-4,4
65885,93,100,-7,7
65886,129,111,18,18
65887,92,87,5,5
65888,114,109,5,5
65889,84,84,0,0
65890,93,89,4,4
65891,89,97,-8,8
65892,59,60,-1,1
65893,63,68,-5,5
65894,59,62,-3,3
65895,115,108,7,7
65896,144,114,30,30
65897,76,80,-4,4
65898,112,105,7,7
65899,118,120,-2,2
65900,80,81,-1,1
65901,106,96,10,10
65902,92,96,-4,4
65903,65,69,-4,4
65904,130,126,4,4
65905,108,99,9,9
65906,44,60,-16,16
65907,101,98,3,3
65908,72,78,-6,6
65909,67,68,-1,1
65910,73,73,0,0
65911,184,158,26,26
65912,83,80,3,3
65913,77,77,0,0
65914,113,102,11,11
65915,46,45,1,1
65916,101,103,-2,2
65917,92,88,4,4
65918,122,109,13,13
65919,67,64,3,3
65920,134,115,19,19
65921,82,81,1,1
65922,142,133,9,9
65923,101,90,11,11
65924,119,114,5,5
65925,44,48,-4,4
65926,105,101,4,4
65927,99,101,-2,2
65928,127,113,14,14
65929,76,75,1,1
65930,107,92,15,15
65931,104,102,2,2
65932,104,92,12,12
65933,100,94,6,6
65934,106,95,11,11
65935,66,61,5,5
65936,154,128,26,26
65937,124,120,4,4
65938,118,107,11,11
65939,79,77,2,2
65940,76,75,1,1
65941,89,82,7,7
65942,67,72,-5,5
65943,104,101,3,3
65944,108,93,15,15
65945,76,73,3,3
65946,47,52,-5,5
65947,98,101,-3,3
65948,137,132,5,5
65949,111,99,12,12
65950,62,59,3,3
65951,37,41,-4,4
65952,69,68,1,1
65953,115,116,-1,1
65954,98,97,1,1
65955,62,67,-5,5
65956,94,92,2,2
65957,46,59,-13,13
65958,97,87,10,10
65959,108,94,14,14
65960,124,114,10,10
65961,74,85,-11,11
65962,113,102,11,11
65963,96,96,0,0
65964,135,122,13,13
65965,81,82,-1,1
65966,101,95,6,6
65967,109,107,2,2
65968,121,110,11,11
65969,62,57,5,5
65970,105,104,1,1
65971,105,87,18,18
65972,96,81,15,15
65973,90,72,18,18
65974,81,76,5,5
65975,137,119,18,18
65976,86,79,7,7
65977,86,87,-1,1
65978,105,103,2,2
65979,120,107,13,13
65980,70,68,2,2
65981,90,83,7,7
65982,90,85,5,5
65983,79,78,1,1
65984,62,63,-1,1
65985,56,59,-3,3
65986,62,58,4,4
65987,123,103,20,20
65988,108,104,4,4
65989,73,79,-6,6
65990,92,82,10,10
65991,97,89,8,8
65992,94,86,8,8
65993,119,111,8,8
65994,125,114,11,11
65995,252,201,51,51
65996,124,117,7,7
65997,76,81,-5,5
65998,120,110,10,10
65999,83,80,3,3
66000,82,81,1,1
66001,93,93,0,0
66002,56,63,-7,7
66003,78,89,-11,11
66004,121,138,-17,17
66005,100,87,13,13
66006,91,79,12,12
66007,66,63,3,3
66008,62,60,2,2
66009,72,71,1,1
66010,77,81,-4,4
66011,93,91,2,2
66012,176,144,32,32
66013,55,57,-2,2
66014,75,80,-5,5
66015,60,59,1,1
66016,143,122,21,21
66017,117,112,5,5
66018,36,46,-10,10
66019,45,48,-3,3
66020,96,91,5,5
66021,81,84,-3,3
66022,106,96,10,10
66023,83,87,-4,4
66024,105,94,11,11
66025,80,82,-2,2
66026,43,44,-1,1
66027,103,102,1,1
66028,134,111,23,23
66029,53,55,-2,2
66030,115,101,14,14
66031,157,126,31,31
66032,67,84,-17,17
66033,104,109,-5,5
66034,148,132,16,16
66035,116,100,16,16
66036,100,92,8,8
66037,63,66,-3,3
66038,71,79,-8,8
66039,71,67,4,4
66040,67,76,-9,9
66041,105,107,-2,2
66042,102,96,6,6
66043,53,58,-5,5
66044,71,72,-1,1
66045,115,110,5,5
66046,105,95,10,10
66047,62,78,-16,16
66048,119,108,11,11
66049,151,126,25,25
66050,55,63,-8,8
66051,76,80,-4,4
66052,37,40,-3,3
66053,126,95,31,31
66054,116,90,26,26
66055,119,107,12,12
66056,86,80,6,6
66057,64,71,-7,7
66058,53,61,-8,8
66059,108,96,12,12
66060,118,105,13,13
66061,126,117,9,9
66062,71,67,4,4
66063,99,96,3,3
66064,49,59,-10,10
66065,87,88,-1,1
66066,75,71,4,4
66067,89,89,0,0
66068,94,85,9,9
66069,100,89,11,11
66070,80,71,9,9
66071,78,79,-1,1
66072,65,69,-4,4
66073,104,92,12,12
66074,111,108,3,3
66075,182,138,44,44
66076,69,71,-2,2
66077,67,68,-1,1
66078,99,107,-8,8
66079,82,79,3,3
66080,99,82,17,17
66081,66,69,-3,3
66082,162,142,20,20
66083,142,117,25,25
66084,84,81,3,3
66085,70,82,-12,12
66086,106,98,8,8
66087,57,61,-4,4
66088,89,80,9,9
66089,119,104,15,15
66090,90,82,8,8
66091,59,67,-8,8
66092,80,75,5,5
66093,113,102,11,11
66094,47,53,-6,6
66095,72,73,-1,1
66096,178,168,10,10
66097,76,85,-9,9
66098,96,98,-2,2
66099,83,82,1,1
66100,63,69,-6,6
66101,144,130,14,14
66102,42,56,-14,14
66103,52,47,5,5
66104,125,107,18,18
66105,63,68,-5,5
66106,69,59,10,10
66107,78,73,5,5
66108,63,78,-15,15
66109,80,83,-3,3
66110,101,96,5,5
66111,187,139,48,48
66112,163,138,25,25
66113,109,108,1,1
66114,101,104,-3,3
66115,86,88,-2,2
66116,72,83,-11,11
66117,142,151,-9,9
66118,99,84,15,15
66119,64,66,-2,2
66120,79,80,-1,1
66121,85,68,17,17
66122,107,85,22,22
66123,97,91,6,6
66124,116,108,8,8
66125,67,69,-2,2
66126,89,96,-7,7
66127,122,105,17,17
66128,140,126,14,14
66129,62,60,2,2
66130,119,122,-3,3
66131,117,102,15,15
66132,104,109,-5,5
66133,47,55,-8,8
66134,73,76,-3,3
66135,159,123,36,36
66136,101,97,4,4
66137,77,68,9,9
66138,58,57,1,1
66139,78,80,-2,2
66140,97,87,10,10
66141,76,73,3,3
66142,88,84,4,4
66143,64,66,-2,2
66144,81,89,-8,8
66145,69,69,0,0
66146,115,121,-6,6
66147,65,82,-17,17
66148,76,68,8,8
66149,58,63,-5,5
66150,33,35,-2,2
66151,133,117,16,16
66152,45,67,-22,22
66153,123,112,11,11
66154,100,93,7,7
66155,82,82,0,0
66156,83,83,0,0
66157,117,99,18,18
66158,74,69,5,5
66159,103,95,8,8
66160,72,71,1,1
66161,142,119,23,23
66162,121,103,18,18
66163,82,77,5,5
66164,80,77,3,3
66165,100,99,1,1
66166,164,148,16,16
66167,95,85,10,10
66168,57,60,-3,3
66169,81,73,8,8
66170,39,41,-2,2
66171,123,110,13,13
66172,127,115,12,12
66173,82,80,2,2
66174,105,99,6,6
66175,72,69,3,3
66176,37,44,-7,7
66177,85,84,1,1
66178,152,130,22,22
66179,80,73,7,7
66180,55,59,-4,4
66181,76,89,-13,13
66182,21,42,-21,21
66183,220,182,38,38
66184,159,128,31,31
66185,90,88,2,2
66186,148,134,14,14
66187,102,91,11,11
66188,83,77,6,6
66189,80,89,-9,9
66190,100,83,17,17
66191,111,94,17,17
66192,79,80,-1,1
66193,82,80,2,2
66194,82,79,3,3
66195,197,171,26,26
66196,188,156,32,32
66197,177,163,14,14
66198,76,76,0,0
66199,157,157,0,0
66200,49,57,-8,8
66201,44,46,-2,2
66202,66,70,-4,4
66203,156,132,24,24
66204,111,113,-2,2
66205,69,78,-9,9
66206,188,160,28,28
66207,126,105,21,21
66208,73,70,3,3
66209,111,95,16,16
66210,94,83,11,11
66211,57,73,-16,16
66212,132,114,18,18
66213,164,148,16,16
66214,55,61,-6,6
66215,139,119,20,20
66216,77,71,6,6
66217,43,49,-6,6
66218,96,84,12,12
66219,88,82,6,6
66220,74,70,4,4
66221,81,80,1,1
66222,84,82,2,2
66223,100,97,3,3
66224,108,92,16,16
66225,44,59,-15,15
66226,77,82,-5,5
66227,79,81,-2,2
66228,111,106,5,5
66229,86,82,4,4
66230,61,55,6,6
66231,85,80,5,5
66232,45,52,-7,7
66233,81,72,9,9
66234,159,133,26,26
66235,80,74,6,6
66236,94,85,9,9
66237,89,89,0,0
66238,96,90,6,6
66239,95,82,13,13
66240,127,102,25,25
66241,71,63,8,8
66242,68,66,2,2
66243,80,85,-5,5
66244,122,111,11,11
66245,136,121,15,15
66246,95,93,2,2
66247,89,83,6,6
66248,88,88,0,0
66249,44,46,-2,2
66250,121,106,15,15
66251,47,48,-1,1
66252,72,69,3,3
66253,72,70,2,2
66254,145,144,1,1
66255,77,79,-2,2
66256,129,131,-2,2
66257,65,70,-5,5
66258,121,106,15,15
66259,92,83,9,9
66260,100,103,-3,3
66261,36,43,-7,7
66262,122,111,11,11
66263,112,93,19,19
66264,76,71,5,5
66265,112,114,-2,2
66266,75,79,-4,4
66267,81,79,2,2
66268,102,84,18,18
66269,43,51,-8,8
66270,92,92,0,0
66271,118,96,22,22
66272,73,72,1,1
66273,179,169,10,10
66274,63,70,-7,7
66275,128,123,5,5
66276,161,147,14,14
66277,178,141,37,37
66278,90,83,7,7
66279,74,74,0,0
66280,74,78,-4,4
66281,95,92,3,3
66282,98,97,1,1
66283,94,85,9,9
66284,115,114,1,1
66285,131,124,7,7
66286,99,76,23,23
66287,87,83,4,4
66288,74,78,-4,4
66289,56,59,-3,3
66290,58,63,-5,5
66291,77,81,-4,4
66292,122,102,20,20
66293,70,74,-4,4
66294,40,50,-10,10
66295,106,104,2,2
66296,100,98,2,2
66297,73,75,-2,2
66298,72,67,5,5
66299,99,96,3,3
66300,135,123,12,12
66301,184,149,35,35
66302,50,68,-18,18
66303,77,75,2,2
66304,48,49,-1,1
66305,76,70,6,6
66306,87,91,-4,4
66307,137,116,21,21
66308,110,109,1,1
66309,84,85,-1,1
66310,74,80,-6,6
66311,83,79,4,4
66312,76,75,1,1
66313,107,123,-16,16
66314,78,70,8,8
66315,87,80,7,7
66316,64,66,-2,2
66317,60,63,-3,3
66318,94,96,-2,2
66319,80,75,5,5
66320,50,48,2,2
66321,54,55,-1,1
66322,65,61,4,4
66323,101,104,-3,3
66324,89,82,7,7
66325,127,114,13,13
66326,59,69,-10,10
66327,90,93,-3,3
66328,77,78,-1,1
66329,100,100,0,0
66330,103,96,7,7
66331,33,55,-22,22
66332,61,62,-1,1
66333,63,79,-16,16
66334,47,51,-4,4
66335,51,53,-2,2
66336,141,127,14,14
66337,74,70,4,4
66338,74,74,0,0
66339,85,81,4,4
66340,149,124,25,25
66341,90,89,1,1
66342,79,84,-5,5
66343,93,98,-5,5
66344,79,74,5,5
66345,146,132,14,14
66346,81,79,2,2
66347,83,101,-18,18
66348,196,161,35,35
66349,114,97,17,17
66350,102,94,8,8
66351,140,125,15,15
66352,46,44,2,2
66353,189,161,28,28
66354,102,100,2,2
66355,96,87,9,9
66356,73,82,-9,9
66357,131,131,0,0
66358,143,120,23,23
66359,94,104,-10,10
66360,95,93,2,2
66361,131,114,17,17
66362,138,118,20,20
66363,55,65,-10,10
66364,40,39,1,1
66365,97,90,7,7
66366,70,75,-5,5
66367,95,88,7,7
66368,86,79,7,7
66369,107,96,11,11
66370,45,54,-9,9
66371,107,98,9,9
66372,77,70,7,7
66373,75,72,3,3
66374,85,83,2,2
66375,81,83,-2,2
66376,100,91,9,9
66377,65,72,-7,7
66378,57,62,-5,5
66379,61,54,7,7
66380,79,80,-1,1
66381,104,100,4,4
66382,106,98,8,8
66383,55,59,-4,4
66384,100,90,10,10
66385,89,87,2,2
66386,73,71,2,2
66387,77,81,-4,4
66388,59,59,0,0
66389,71,75,-4,4
66390,52,67,-15,15
66391,58,56,2,2
66392,72,66,6,6
66393,90,81,9,9
66394,57,60,-3,3
66395,82,91,-9,9
66396,92,86,6,6
66397,88,76,12,12
66398,49,56,-7,7
66399,91,81,10,10
66400,171,144,27,27
66401,75,83,-8,8
66402,82,80,2,2
66403,74,69,5,5
66404,116,108,8,8
66405,95,82,13,13
66406,116,100,16,16
66407,74,97,-23,23
66408,100,92,8,8
66409,81,86,-5,5
66410,141,140,1,1
66411,113,100,13,13
66412,100,88,12,12
66413,80,71,9,9
66414,96,86,10,10
66415,83,81,2,2
66416,68,76,-8,8
66417,66,63,3,3
66418,73,73,0,0
66419,169,152,17,17
66420,119,97,22,22
66421,82,92,-10,10
66422,85,81,4,4
66423,92,100,-8,8
66424,92,88,4,4
66425,164,141,23,23
66426,131,121,10,10
66427,106,113,-7,7
66428,72,70,2,2
66429,54,58,-4,4
66430,75,75,0,0
66431,62,60,2,2
66432,89,89,0,0
66433,63,58,5,5
66434,87,81,6,6
66435,136,116,20,20
66436,79,76,3,3
66437,86,87,-1,1
66438,71,75,-4,4
66439,68,65,3,3
66440,127,115,12,12
66441,78,81,-3,3
66442,43,48,-5,5
66443,82,79,3,3
66444,61,67,-6,6
66445,91,95,-4,4
66446,78,80,-2,2
66447,121,111,10,10
66448,83,80,3,3
66449,169,156,13,13
66450,56,60,-4,4
66451,78,64,14,14
66452,73,78,-5,5
66453,66,67,-1,1
66454,67,60,7,7
66455,69,55,14,14
66456,96,91,5,5
66457,118,102,16,16
66458,67,70,-3,3
66459,58,62,-4,4
66460,77,64,13,13
66461,164,135,29,29
66462,57,63,-6,6
66463,98,92,6,6
66464,97,88,9,9
66465,58,60,-2,2
66466,107,101,6,6
66467,70,74,-4,4
66468,121,108,13,13
66469,144,119,25,25
66470,157,140,17,17
66471,113,108,5,5
66472,66,66,0,0
66473,47,82,-35,35
66474,106,93,13,13
66475,77,80,-3,3
66476,180,164,16,16
66477,55,60,-5,5
66478,57,68,-11,11
66479,104,97,7,7
66480,120,109,11,11
66481,124,105,19,19
66482,157,148,9,9
66483,185,166,19,19
66484,63,66,-3,3
66485,158,129,29,29
66486,161,152,9,9
66487,61,65,-4,4
66488,104,99,5,5
66489,65,65,0,0
66490,174,149,25,25
66491,52,57,-5,5
66492,118,101,17,17
66493,89,87,2,2
66494,88,82,6,6
66495,88,85,3,3
66496,62,70,-8,8
66497,67,69,-2,2
66498,118,105,13,13
66499,113,113,0,0
66500,99,99,0,0
66501,68,69,-1,1
66502,50,47,3,3
66503,123,111,12,12
66504,97,88,9,9
66505,93,103,-10,10
66506,132,102,30,30
66507,70,75,-5,5
66508,65,62,3,3
66509,80,90,-10,10
66510,79,74,5,5
66511,96,91,5,5
66512,69,76,-7,7
66513,142,126,16,16
66514,126,114,12,12
66515,88,103,-15,15
66516,57,58,-1,1
66517,68,63,5,5
66518,97,98,-1,1
66519,128,119,9,9
66520,129,126,3,3
66521,92,85,7,7
66522,146,114,32,32
66523,83,81,2,2
66524,92,83,9,9
66525,207,163,44,44
66526,40,52,-12,12
66527,92,89,3,3
66528,95,101,-6,6
66529,107,96,11,11
66530,51,54,-3,3
66531,210,170,40,40
66532,73,73,0,0
66533,103,92,11,11
66534,120,110,10,10
66535,132,107,25,25
66536,112,101,11,11
66537,86,83,3,3
66538,195,173,22,22
66539,69,70,-1,1
66540,91,83,8,8
66541,57,73,-16,16
66542,112,101,11,11
66543,72,81,-9,9
66544,90,82,8,8
66545,99,92,7,7
66546,46,49,-3,3
66547,51,55,-4,4
66548,107,100,7,7
66549,156,142,14,14
66550,61,62,-1,1
66551,88,80,8,8
66552,107,96,11,11
66553,121,104,17,17
66554,89,80,9,9
66555,99,99,0,0
66556,87,87,0,0
66557,46,55,-9,9
66558,152,140,12,12
66559,67,69,-2,2
66560,164,151,13,13
66561,68,70,-2,2
66562,94,92,2,2
66563,60,62,-2,2
66564,205,162,43,43
66565,92,85,7,7
66566,95,87,8,8
66567,67,59,8,8
66568,55,59,-4,4
66569,151,122,29,29
66570,160,136,24,24
66571,29,37,-8,8
66572,108,99,9,9
66573,112,112,0,0
66574,109,140,-31,31
66575,86,80,6,6
66576,75,79,-4,4
66577,60,67,-7,7
66578,64,70,-6,6
66579,64,83,-19,19
66580,110,109,1,1
66581,81,89,-8,8
66582,79,76,3,3
66583,124,105,19,19
66584,94,93,1,1
66585,73,86,-13,13
66586,111,101,10,10
66587,107,98,9,9
66588,71,69,2,2
66589,125,116,9,9
66590,123,103,20,20
66591,63,59,4,4
66592,98,95,3,3
66593,101,89,12,12
66594,129,118,11,11
66595,96,96,0,0
66596,58,61,-3,3
66597,162,146,16,16
66598,48,50,-2,2
66599,151,131,20,20
66600,67,68,-1,1
66601,122,109,13,13
66602,100,98,2,2
66603,135,133,2,2
66604,213,163,50,50
66605,129,128,1,1
66606,61,66,-5,5
66607,70,72,-2,2
66608,88,88,0,0
66609,75,76,-1,1
66610,159,143,16,16
66611,100,102,-2,2
66612,75,70,5,5
66613,120,125,-5,5
66614,70,75,-5,5
66615,129,110,19,19
66616,124,100,24,24
66617,105,96,9,9
66618,60,57,3,3
66619,76,69,7,7
66620,64,73,-9,9
66621,145,133,12,12
66622,95,103,-8,8
66623,104,103,1,1
66624,148,127,21,21
66625,126,120,6,6
66626,142,124,18,18
66627,67,68,-1,1
66628,96,95,1,1
66629,114,103,11,11
66630,47,57,-10,10
66631,125,120,5,5
66632,66,71,-5,5
66633,203,206,-3,3
66634,58,63,-5,5
66635,114,104,10,10
66636,100,107,-7,7
66637,92,93,-1,1
66638,114,114,0,0
66639,67,70,-3,3
66640,56,56,0,0
66641,78,77,1,1
66642,62,61,1,1
66643,77,85,-8,8
66644,104,92,12,12
66645,37,42,-5,5
66646,94,88,6,6
66647,108,93,15,15
66648,42,43,-1,1
66649,106,99,7,7
66650,74,73,1,1
66651,116,95,21,21
66652,77,66,11,11
66653,123,119,4,4
66654,89,91,-2,2
66655,74,72,2,2
66656,118,106,12,12
66657,73,74,-1,1
66658,69,82,-13,13
66659,79,79,0,0
66660,58,65,-7,7
66661,172,130,42,42
66662,118,101,17,17
66663,140,119,21,21
66664,124,114,10,10
66665,111,95,16,16
66666,88,95,-7,7
66667,90,109,-19,19
66668,59,57,2,2
66669,139,128,11,11
66670,125,116,9,9
66671,64,63,1,1
66672,147,126,21,21
66673,50,57,-7,7
66674,81,81,0,0
66675,105,99,6,6
66676,63,68,-5,5
66677,87,86,1,1
66678,90,84,6,6
66679,47,48,-1,1
66680,134,116,18,18
66681,61,63,-2,2
66682,73,87,-14,14
66683,73,67,6,6
66684,78,80,-2,2
66685,134,113,21,21
66686,51,49,2,2
66687,108,98,10,10
66688,96,91,5,5
66689,54,86,-32,32
66690,122,114,8,8
66691,129,118,11,11
66692,86,73,13,13
66693,114,107,7,7
66694,70,73,-3,3
66695,79,80,-1,1
66696,56,57,-1,1
66697,66,67,-1,1
66698,89,81,8,8
66699,106,96,10,10
66700,77,80,-3,3
66701,82,80,2,2
66702,63,80,-17,17
66703,87,82,5,5
66704,119,118,1,1
66705,146,124,22,22
66706,71,64,7,7
66707,70,81,-11,11
66708,82,82,0,0
66709,72,74,-2,2
66710,91,90,1,1
66711,57,69,-12,12
66712,68,69,-1,1
66713,92,84,8,8
66714,71,71,0,0
66715,100,92,8,8
66716,106,94,12,12
66717,64,57,7,7
66718,58,65,-7,7
66719,74,71,3,3
66720,104,107,-3,3
66721,133,113,20,20
66722,59,60,-1,1
66723,77,77,0,0
66724,90,84,6,6
66725,116,90,26,26
66726,94,90,4,4
66727,102,102,0,0
66728,130,118,12,12
66729,115,110,5,5
66730,79,72,7,7
66731,151,130,21,21
66732,88,93,-5,5
66733,188,154,34,34
66734,91,89,2,2
66735,81,75,6,6
66736,74,77,-3,3
66737,80,80,0,0
66738,125,109,16,16
66739,140,125,15,15
66740,60,64,-4,4
66741,45,55,-10,10
66742,65,72,-7,7
66743,120,112,8,8
66744,105,101,4,4
66745,136,130,6,6
66746,31,61,-30,30
66747,77,80,-3,3
66748,79,88,-9,9
66749,96,94,2,2
66750,40,59,-19,19
66751,54,55,-1,1
66752,94,81,13,13
66753,83,99,-16,16
66754,54,59,-5,5
66755,92,89,3,3
66756,146,119,27,27
66757,172,147,25,25
66758,62,61,1,1
66759,155,140,15,15
66760,111,98,13,13
66761,99,90,9,9
66762,126,103,23,23
66763,55,57,-2,2
66764,202,179,23,23
66765,60,61,-1,1
66766,97,87,10,10
66767,111,96,15,15
66768,114,108,6,6
66769,81,73,8,8
66770,35,49,-14,14
66771,88,85,3,3
66772,62,67,-5,5
66773,84,85,-1,1
66774,96,82,14,14
66775,105,100,5,5
66776,67,71,-4,4
66777,68,75,-7,7
66778,75,73,2,2
66779,64,68,-4,4
66780,165,133,32,32
66781,92,111,-19,19
66782,136,111,25,25
66783,93,90,3,3
66784,58,50,8,8
66785,72,73,-1,1
66786,87,84,3,3
66787,53,60,-7,7
66788,138,125,13,13
66789,98,98,0,0
66790,81,80,1,1
66791,82,85,-3,3
66792,140,130,10,10
66793,92,88,4,4
66794,116,109,7,7
66795,169,147,22,22
66796,76,81,-5,5
66797,70,70,0,0
66798,206,168,38,38
66799,118,107,11,11
66800,82,84,-2,2
66801,143,128,15,15
66802,113,99,14,14
66803,82,81,1,1
66804,72,74,-2,2
66805,53,51,2,2
66806,38,56,-18,18
66807,102,93,9,9
66808,98,96,2,2
66809,60,69,-9,9
66810,133,116,17,17
66811,108,97,11,11
66812,103,92,11,11
66813,58,62,-4,4
66814,80,78,2,2
66815,72,72,0,0
66816,103,93,10,10
66817,115,116,-1,1
66818,66,75,-9,9
66819,134,120,14,14
66820,129,113,16,16
66821,82,83,-1,1
66822,92,86,6,6
66823,72,70,2,2
66824,156,139,17,17
66825,97,94,3,3
66826,80,81,-1,1
66827,110,88,22,22
66828,112,96,16,16
66829,73,71,2,2
66830,93,93,0,0
66831,84,92,-8,8
66832,69,62,7,7
66833,63,75,-12,12
66834,97,92,5,5
66835,51,64,-13,13
66836,117,109,8,8
66837,102,107,-5,5
66838,63,67,-4,4
66839,90,105,-15,15
66840,75,73,2,2
66841,31,81,-50,50
66842,118,113,5,5
66843,110,115,-5,5
66844,126,114,12,12
66845,132,127,5,5
66846,94,83,11,11
66847,55,69,-14,14
66848,119,102,17,17
66849,47,52,-5,5
66850,152,124,28,28
66851,38,49,-11,11
66852,96,105,-9,9
66853,79,71,8,8
66854,63,58,5,5
66855,120,111,9,9
66856,97,83,14,14
66857,65,61,4,4
66858,108,101,7,7
66859,146,133,13,13
66860,99,99,0,0
66861,50,51,-1,1
66862,98,95,3,3
66863,61,58,3,3
66864,67,73,-6,6
66865,102,94,8,8
66866,98,89,9,9
66867,127,110,17,17
66868,134,120,14,14
66869,107,98,9,9
66870,62,65,-3,3
66871,83,80,3,3
66872,41,38,3,3
66873,65,73,-8,8
66874,73,75,-2,2
66875,81,79,2,2
66876,85,82,3,3
66877,85,73,12,12
66878,117,105,12,12
66879,128,122,6,6
66880,89,89,0,0
66881,42,40,2,2
66882,125,133,-8,8
66883,68,70,-2,2
66884,72,77,-5,5
66885,96,92,4,4
66886,134,121,13,13
66887,122,114,8,8
66888,87,85,2,2
66889,54,60,-6,6
66890,79,78,1,1
66891,148,123,25,25
66892,66,71,-5,5
66893,142,120,22,22
66894,106,93,13,13
66895,48,49,-1,1
66896,57,70,-13,13
66897,126,111,15,15
66898,51,59,-8,8
66899,109,112,-3,3
66900,106,101,5,5
66901,102,97,5,5
66902,94,90,4,4
66903,112,103,9,9
66904,140,119,21,21
66905,117,111,6,6
66906,112,88,24,24
66907,49,69,-20,20
66908,156,136,20,20
66909,89,82,7,7
66910,74,80,-6,6
66911,67,75,-8,8
66912,70,80,-10,10
66913,93,94,-1,1
66914,93,92,1,1
66915,101,99,2,2
66916,76,84,-8,8
66917,67,70,-3,3
66918,106,97,9,9
66919,72,78,-6,6
66920,65,64,1,1
66921,87,86,1,1
66922,89,83,6,6
66923,257,255,2,2
66924,175,157,18,18
66925,69,63,6,6
66926,76,69,7,7
66927,65,64,1,1
66928,153,135,18,18
66929,68,71,-3,3
66930,116,101,15,15
66931,114,115,-1,1
66932,76,80,-4,4
66933,65,58,7,7
66934,104,90,14,14
66935,148,125,23,23
66936,43,45,-2,2
66937,90,85,5,5
66938,99,96,3,3
66939,128,123,5,5
66940,110,105,5,5
66941,42,56,-14,14
66942,120,112,8,8
66943,135,105,30,30
66944,134,125,9,9
66945,116,113,3,3
66946,138,115,23,23
66947,125,106,19,19
66948,43,45,-2,2
66949,89,81,8,8
66950,126,101,25,25
66951,90,81,9,9
66952,77,80,-3,3
66953,91,89,2,2
66954,120,102,18,18
66955,63,61,2,2
66956,88,83,5,5
66957,50,58,-8,8
66958,110,101,9,9
66959,71,68,3,3
66960,81,79,2,2
66961,120,108,12,12
66962,94,91,3,3
66963,51,59,-8,8
66964,84,89,-5,5
66965,96,90,6,6
66966,179,149,30,30
66967,57,57,0,0
66968,114,105,9,9
66969,111,108,3,3
66970,111,99,12,12
66971,101,91,10,10
66972,53,49,4,4
66973,97,92,5,5
66974,98,89,9,9
66975,50,55,-5,5
66976,82,82,0,0
66977,108,97,11,11
66978,59,63,-4,4
66979,69,72,-3,3
66980,68,72,-4,4
66981,69,75,-6,6
66982,73,75,-2,2
66983,28,30,-2,2
66984,75,76,-1,1
66985,68,66,2,2
66986,110,105,5,5
66987,99,99,0,0
66988,72,72,0,0
66989,74,74,0,0
66990,70,77,-7,7
66991,109,95,14,14
66992,191,168,23,23
66993,54,55,-1,1
66994,119,113,6,6
66995,76,75,1,1
66996,174,152,22,22
66997,87,82,5,5
66998,88,84,4,4
66999,53,56,-3,3
67000,75,77,-2,2
67001,68,64,4,4
67002,118,113,5,5
67003,114,102,12,12
67004,101,96,5,5
67005,102,97,5,5
67006,82,84,-2,2
67007,100,99,1,1
67008,134,119,15,15
67009,140,133,7,7
67010,109,110,-1,1
67011,124,115,9,9
67012,157,123,34,34
67013,67,65,2,2
67014,117,108,9,9
67015,64,63,1,1
67016,89,92,-3,3
67017,52,48,4,4
67018,126,116,10,10
67019,99,95,4,4
67020,82,81,1,1
67021,96,80,16,16
67022,85,79,6,6
67023,68,80,-12,12
67024,132,114,18,18
67025,148,131,17,17
67026,56,57,-1,1
67027,173,156,17,17
67028,115,109,6,6
67029,99,94,5,5
67030,115,117,-2,2
67031,71,73,-2,2
67032,141,126,15,15
67033,111,100,11,11
67034,53,58,-5,5
67035,279,197,82,82
67036,101,87,14,14
67037,93,89,4,4
67038,71,68,3,3
67039,163,143,20,20
67040,52,47,5,5
67041,109,103,6,6
67042,80,87,-7,7
67043,72,101,-29,29
67044,72,70,2,2
67045,87,81,6,6
67046,82,82,0,0
67047,74,73,1,1
67048,156,135,21,21
67049,133,114,19,19
67050,123,104,19,19
67051,63,63,0,0
67052,70,73,-3,3
67053,40,44,-4,4
67054,76,83,-7,7
67055,201,182,19,19
67056,76,82,-6,6
67057,109,104,5,5
67058,116,110,6,6
67059,45,45,0,0
67060,59,59,0,0
67061,104,88,16,16
67062,122,131,-9,9
67063,108,93,15,15
67064,59,65,-6,6
67065,111,113,-2,2
67066,47,47,0,0
67067,123,109,14,14
67068,127,109,18,18
67069,98,90,8,8
67070,90,86,4,4
67071,70,74,-4,4
67072,102,94,8,8
67073,101,94,7,7
67074,72,86,-14,14
67075,86,97,-11,11
67076,77,77,0,0
67077,175,141,34,34
67078,85,83,2,2
67079,109,98,11,11
67080,143,122,21,21
67081,79,84,-5,5
67082,81,80,1,1
67083,110,95,15,15
67084,68,77,-9,9
67085,107,101,6,6
67086,115,105,10,10
67087,120,115,5,5
67088,67,70,-3,3
67089,95,88,7,7
67090,116,107,9,9
67091,83,83,0,0
67092,97,86,11,11
67093,85,87,-2,2
67094,91,98,-7,7
67095,147,128,19,19
67096,60,69,-9,9
67097,104,93,11,11
67098,99,91,8,8
67099,142,120,22,22
67100,65,66,-1,1
67101,58,59,-1,1
67102,81,85,-4,4
67103,85,81,4,4
67104,158,138,20,20
67105,57,58,-1,1
67106,32,42,-10,10
67107,161,138,23,23
67108,139,122,17,17
67109,123,114,9,9
67110,141,133,8,8
67111,127,115,12,12
67112,65,68,-3,3
67113,177,148,29,29
67114,131,120,11,11
67115,140,125,15,15
67116,51,60,-9,9
67117,85,84,1,1
67118,75,75,0,0
67119,103,96,7,7
67120,155,127,28,28
67121,85,82,3,3
67122,72,70,2,2
67123,80,70,10,10
67124,62,67,-5,5
67125,58,60,-2,2
67126,53,58,-5,5
67127,76,87,-11,11
67128,117,111,6,6
67129,75,70,5,5
67130,138,120,18,18
67131,82,78,4,4
67132,79,80,-1,1
67133,83,89,-6,6
67134,79,73,6,6
67135,141,119,22,22
67136,76,70,6,6
67137,165,142,23,23
67138,150,138,12,12
67139,65,62,3,3
67140,37,42,-5,5
67141,55,59,-4,4
67142,227,192,35,35
67143,82,82,0,0
67144,70,70,0,0
67145,57,59,-2,2
67146,73,68,5,5
67147,78,74,4,4
67148,58,58,0,0
67149,87,81,6,6
67150,48,57,-9,9
67151,127,121,6,6
67152,65,58,7,7
67153,111,91,20,20
67154,74,76,-2,2
67155,103,92,11,11
67156,91,80,11,11
67157,188,184,4,4
67158,98,105,-7,7
67159,86,83,3,3
67160,68,61,7,7
67161,99,94,5,5
67162,68,68,0,0
67163,87,82,5,5
67164,110,106,4,4
67165,53,61,-8,8
67166,75,72,3,3
67167,113,106,7,7
67168,103,113,-10,10
67169,48,60,-12,12
67170,180,150,30,30
67171,67,76,-9,9
67172,69,72,-3,3
67173,114,114,0,0
67174,82,73,9,9
67175,152,134,18,18
67176,108,102,6,6
67177,126,112,14,14
67178,126,123,3,3
67179,68,74,-6,6
67180,111,102,9,9
67181,127,105,22,22
67182,106,94,12,12
67183,93,97,-4,4
67184,134,126,8,8
67185,65,70,-5,5
67186,129,111,18,18
67187,84,83,1,1
67188,64,67,-3,3
67189,147,128,19,19
67190,123,108,15,15
67191,102,96,6,6
67192,66,61,5,5
67193,56,60,-4,4
67194,99,100,-1,1
67195,92,85,7,7
67196,96,90,6,6
67197,125,122,3,3
67198,85,81,4,4
67199,100,90,10,10
67200,77,80,-3,3
67201,69,70,-1,1
67202,95,92,3,3
67203,87,80,7,7
67204,112,104,8,8
67205,124,114,10,10
67206,99,93,6,6
67207,65,62,3,3
67208,119,94,25,25
67209,66,69,-3,3
67210,89,82,7,7
67211,139,117,22,22
67212,111,95,16,16
67213,81,86,-5,5
67214,100,94,6,6
67215,82,76,6,6
67216,145,141,4,4
67217,91,94,-3,3
67218,187,165,22,22
67219,84,82,2,2
67220,45,48,-3,3
67221,116,110,6,6
67222,69,70,-1,1
67223,80,81,-1,1
67224,44,41,3,3
67225,93,96,-3,3
67226,58,56,2,2
67227,74,79,-5,5
67228,74,75,-1,1
67229,99,102,-3,3
67230,93,95,-2,2
67231,67,65,2,2
67232,108,103,5,5
67233,108,105,3,3
67234,116,97,19,19
67235,127,106,21,21
67236,98,91,7,7
67237,115,117,-2,2
67238,131,123,8,8
67239,185,154,31,31
67240,120,100,20,20
67241,75,80,-5,5
67242,165,127,38,38
67243,44,73,-29,29
67244,82,81,1,1
67245,66,79,-13,13
67246,72,74,-2,2
67247,137,119,18,18
67248,66,69,-3,3
67249,79,90,-11,11
67250,48,56,-8,8
67251,76,81,-5,5
67252,87,80,7,7
67253,90,83,7,7
67254,67,70,-3,3
67255,139,126,13,13
67256,52,57,-5,5
67257,97,85,12,12
67258,135,117,18,18
67259,60,54,6,6
67260,65,68,-3,3
67261,61,57,4,4
67262,175,147,28,28
67263,146,118,28,28
67264,64,76,-12,12
67265,122,112,10,10
67266,66,69,-3,3
67267,62,62,0,0
67268,97,95,2,2
67269,117,114,3,3
67270,72,76,-4,4
67271,66,83,-17,17
67272,147,117,30,30
67273,139,114,25,25
67274,143,136,7,7
67275,106,102,4,4
67276,81,91,-10,10
67277,85,76,9,9
67278,112,100,12,12
67279,74,83,-9,9
67280,157,136,21,21
67281,76,71,5,5
67282,69,68,1,1
67283,133,115,18,18
67284,79,84,-5,5
67285,58,64,-6,6
67286,111,106,5,5
67287,195,162,33,33
67288,129,107,22,22
67289,58,96,-38,38
67290,101,103,-2,2
67291,186,163,23,23
67292,76,68,8,8
67293,72,71,1,1
67294,100,98,2,2
67295,60,63,-3,3
67296,59,65,-6,6
67297,118,105,13,13
67298,195,158,37,37
67299,92,82,10,10
67300,245,224,21,21
67301,102,104,-2,2
67302,84,83,1,1
67303,95,91,4,4
67304,126,112,14,14
67305,101,90,11,11
67306,192,157,35,35
67307,118,108,10,10
67308,72,80,-8,8
67309,66,71,-5,5
67310,72,75,-3,3
67311,75,79,-4,4
67312,47,48,-1,1
67313,53,59,-6,6
67314,75,83,-8,8
67315,77,87,-10,10
67316,133,127,6,6
67317,66,69,-3,3
67318,122,116,6,6
67319,151,138,13,13
67320,95,104,-9,9
67321,70,78,-8,8
67322,66,66,0,0
67323,101,95,6,6
67324,92,87,5,5
67325,94,84,10,10
67326,80,72,8,8
67327,86,87,-1,1
67328,99,88,11,11
67329,167,138,29,29
67330,104,93,11,11
67331,92,81,11,11
67332,82,90,-8,8
67333,93,86,7,7
67334,57,56,1,1
67335,80,77,3,3
67336,154,122,32,32
67337,92,84,8,8
67338,121,105,16,16
67339,90,94,-4,4
67340,94,90,4,4
67341,100,95,5,5
67342,55,62,-7,7
67343,179,160,19,19
67344,157,130,27,27
67345,58,72,-14,14
67346,94,101,-7,7
67347,85,81,4,4
67348,55,63,-8,8
67349,72,62,10,10
67350,114,103,11,11
67351,99,96,3,3
67352,75,69,6,6
67353,45,42,3,3
67354,58,57,1,1
67355,110,101,9,9
67356,69,76,-7,7
67357,68,68,0,0
67358,102,94,8,8
67359,77,82,-5,5
67360,85,80,5,5
67361,112,101,11,11
67362,40,42,-2,2
67363,73,75,-2,2
67364,76,80,-4,4
67365,65,68,-3,3
67366,72,87,-15,15
67367,89,106,-17,17
67368,110,110,0,0
67369,91,88,3,3
67370,59,82,-23,23
67371,90,80,10,10
67372,84,84,0,0
67373,130,114,16,16
67374,63,61,2,2
67375,63,64,-1,1
67376,87,81,6,6
67377,106,107,-1,1
67378,145,123,22,22
67379,128,121,7,7
67380,81,81,0,0
67381,111,95,16,16
67382,76,80,-4,4
67383,53,65,-12,12
67384,82,80,2,2
67385,100,94,6,6
67386,74,82,-8,8
67387,105,100,5,5
67388,58,60,-2,2
67389,102,99,3,3
67390,113,101,12,12
67391,99,97,2,2
67392,113,104,9,9
67393,55,57,-2,2
67394,98,85,13,13
67395,108,105,3,3
67396,54,55,-1,1
67397,99,91,8,8
67398,78,80,-2,2
67399,68,54,14,14
67400,45,43,2,2
67401,71,75,-4,4
67402,216,157,59,59
67403,103,95,8,8
67404,77,76,1,1
67405,64,67,-3,3
67406,108,101,7,7
67407,106,84,22,22
67408,124,100,24,24
67409,71,73,-2,2
67410,91,80,11,11
67411,80,81,-1,1
67412,122,113,9,9
67413,105,101,4,4
67414,80,81,-1,1
67415,142,112,30,30
67416,64,87,-23,23
67417,95,75,20,20
67418,112,114,-2,2
67419,83,75,8,8
67420,147,125,22,22
67421,47,52,-5,5
67422,80,81,-1,1
67423,104,103,1,1
67424,71,75,-4,4
67425,67,64,3,3
67426,69,75,-6,6
67427,82,81,1,1
67428,85,78,7,7
67429,144,129,15,15
67430,81,82,-1,1
67431,141,129,12,12
67432,86,80,6,6
67433,176,158,18,18
67434,74,69,5,5
67435,91,85,6,6
67436,102,81,21,21
67437,74,69,5,5
67438,97,90,7,7
67439,60,63,-3,3
67440,97,94,3,3
67441,119,108,11,11
67442,97,97,0,0
67443,70,73,-3,3
67444,102,90,12,12
67445,61,69,-8,8
67446,86,77,9,9
67447,45,48,-3,3
67448,51,57,-6,6
67449,130,125,5,5
67450,74,78,-4,4
67451,78,81,-3,3
67452,163,147,16,16
67453,52,60,-8,8
67454,99,99,0,0
67455,84,87,-3,3
67456,109,97,12,12
67457,84,81,3,3
67458,88,93,-5,5
67459,117,104,13,13
67460,186,157,29,29
67461,55,56,-1,1
67462,65,80,-15,15
67463,119,121,-2,2
67464,71,73,-2,2
67465,87,80,7,7
67466,51,57,-6,6
67467,46,49,-3,3
67468,61,61,0,0
67469,103,90,13,13
67470,84,79,5,5
67471,56,60,-4,4
67472,73,76,-3,3
67473,84,78,6,6
67474,127,106,21,21
67475,178,160,18,18
67476,71,72,-1,1
67477,107,96,11,11
67478,111,96,15,15
67479,69,71,-2,2
67480,94,95,-1,1
67481,45,53,-8,8
67482,94,91,3,3
67483,120,118,2,2
67484,63,70,-7,7
67485,78,77,1,1
67486,40,47,-7,7
67487,114,102,12,12
67488,112,100,12,12
67489,152,134,18,18
67490,184,145,39,39
67491,84,80,4,4
67492,122,105,17,17
67493,108,96,12,12
67494,64,63,1,1
67495,114,103,11,11
67496,143,131,12,12
67497,97,85,12,12
67498,99,93,6,6
67499,145,138,7,7
67500,63,65,-2,2
67501,111,105,6,6
67502,68,72,-4,4
67503,108,110,-2,2
67504,94,82,12,12
67505,77,76,1,1
67506,49,59,-10,10
67507,82,80,2,2
67508,66,66,0,0
67509,74,69,5,5
67510,142,135,7,7
67511,82,84,-2,2
67512,87,80,7,7
67513,78,80,-2,2
67514,58,64,-6,6
67515,108,98,10,10
67516,50,81,-31,31
67517,170,147,23,23
67518,74,77,-3,3
67519,102,97,5,5
67520,95,90,5,5
67521,90,81,9,9
67522,118,108,10,10
67523,70,69,1,1
67524,111,104,7,7
67525,96,98,-2,2
67526,81,80,1,1
67527,110,98,12,12
67528,94,84,10,10
67529,99,98,1,1
67530,107,102,5,5
67531,129,124,5,5
67532,135,116,19,19
67533,123,105,18,18
67534,67,69,-2,2
67535,79,80,-1,1
67536,91,93,-2,2
67537,72,70,2,2
67538,150,141,9,9
67539,117,116,1,1
67540,60,68,-8,8
67541,102,99,3,3
67542,32,48,-16,16
67543,65,68,-3,3
67544,163,139,24,24
67545,99,86,13,13
67546,76,74,2,2
67547,146,123,23,23
67548,137,119,18,18
67549,131,120,11,11
67550,152,129,23,23
67551,93,101,-8,8
67552,78,76,2,2
67553,83,78,5,5
67554,109,91,18,18
67555,134,130,4,4
67556,56,72,-16,16
67557,82,79,3,3
67558,50,42,8,8
67559,104,98,6,6
67560,78,80,-2,2
67561,60,62,-2,2
67562,137,116,21,21
67563,64,60,4,4
67564,144,132,12,12
67565,49,48,1,1
67566,104,95,9,9
67567,66,66,0,0
67568,71,70,1,1
67569,128,114,14,14
67570,84,100,-16,16
67571,141,133,8,8
67572,97,85,12,12
67573,52,49,3,3
67574,74,74,0,0
67575,98,106,-8,8
67576,71,69,2,2
67577,56,59,-3,3
67578,71,77,-6,6
67579,123,107,16,16
67580,146,117,29,29
67581,77,79,-2,2
67582,68,71,-3,3
67583,110,89,21,21
67584,85,81,4,4
67585,162,120,42,42
67586,105,91,14,14
67587,68,68,0,0
67588,100,85,15,15
67589,103,95,8,8
67590,121,104,17,17
67591,96,83,13,13
67592,199,156,43,43
67593,83,81,2,2
67594,91,90,1,1
67595,61,68,-7,7
67596,103,101,2,2
67597,95,93,2,2
67598,68,71,-3,3
67599,94,87,7,7
67600,54,56,-2,2
67601,160,122,38,38
67602,123,103,20,20
67603,154,125,29,29
67604,48,57,-9,9
67605,66,70,-4,4
67606,81,79,2,2
67607,56,63,-7,7
67608,160,130,30,30
67609,121,134,-13,13
67610,103,89,14,14
67611,126,110,16,16
67612,82,80,2,2
67613,63,72,-9,9
67614,88,85,3,3
67615,111,112,-1,1
67616,139,125,14,14
67617,103,94,9,9
67618,74,75,-1,1
67619,133,112,21,21
67620,49,56,-7,7
67621,93,88,5,5
67622,86,84,2,2
67623,77,71,6,6
67624,56,70,-14,14
67625,66,61,5,5
67626,132,118,14,14
67627,149,120,29,29
67628,39,41,-2,2
67629,117,106,11,11
67630,98,93,5,5
67631,59,59,0,0
67632,146,131,15,15
67633,106,90,16,16
67634,63,68,-5,5
67635,90,86,4,4
67636,73,75,-2,2
67637,80,75,5,5
67638,89,83,6,6
67639,88,83,5,5
67640,51,50,1,1
67641,85,81,4,4
67642,106,118,-12,12
67643,136,118,18,18
67644,46,46,0,0
67645,107,105,2,2
67646,154,143,11,11
67647,109,102,7,7
67648,79,76,3,3
67649,94,81,13,13
67650,64,63,1,1
67651,63,61,2,2
67652,62,59,3,3
67653,58,61,-3,3
67654,48,51,-3,3
67655,67,71,-4,4
67656,74,72,2,2
67657,94,86,8,8
67658,75,71,4,4
67659,158,132,26,26
67660,134,115,19,19
67661,189,158,31,31
67662,62,70,-8,8
67663,73,72,1,1
67664,89,91,-2,2
67665,42,40,2,2
67666,129,109,20,20
67667,65,75,-10,10
67668,49,53,-4,4
67669,163,140,23,23
67670,93,88,5,5
67671,185,155,30,30
67672,91,89,2,2
67673,43,47,-4,4
67674,163,148,15,15
67675,65,69,-4,4
67676,49,38,11,11
67677,62,62,0,0
67678,123,120,3,3
67679,78,80,-2,2
67680,144,123,21,21
67681,75,96,-21,21
67682,83,80,3,3
67683,122,103,19,19
67684,92,88,4,4
67685,101,94,7,7
67686,75,87,-12,12
67687,130,107,23,23
67688,160,137,23,23
67689,58,62,-4,4
67690,154,135,19,19
67691,101,89,12,12
67692,54,61,-7,7
67693,177,154,23,23
67694,198,164,34,34
67695,98,97,1,1
67696,87,96,-9,9
67697,116,107,9,9
67698,63,58,5,5
67699,95,87,8,8
67700,57,57,0,0
67701,64,60,4,4
67702,69,59,10,10
67703,79,76,3,3
67704,89,96,-7,7
67705,53,59,-6,6
67706,94,93,1,1
67707,85,89,-4,4
67708,85,82,3,3
67709,80,88,-8,8
67710,80,89,-9,9
67711,95,86,9,9
67712,95,88,7,7
67713,72,75,-3,3
67714,59,64,-5,5
67715,122,101,21,21
67716,76,73,3,3
67717,103,87,16,16
67718,80,81,-1,1
67719,84,81,3,3
67720,108,99,9,9
67721,94,89,5,5
67722,128,116,12,12
67723,121,114,7,7
67724,156,125,31,31
67725,120,107,13,13
67726,97,95,2,2
67727,87,93,-6,6
67728,116,105,11,11
67729,48,48,0,0
67730,139,122,17,17
67731,93,83,10,10
67732,184,171,13,13
67733,62,60,2,2
67734,116,113,3,3
67735,114,100,14,14
67736,104,93,11,11
67737,94,97,-3,3
67738,169,147,22,22
67739,89,92,-3,3
67740,91,95,-4,4
67741,97,97,0,0
67742,111,107,4,4
67743,69,69,0,0
67744,120,105,15,15
67745,105,114,-9,9
67746,99,94,5,5
67747,37,67,-30,30
67748,105,88,17,17
67749,69,70,-1,1
67750,67,68,-1,1
67751,31,34,-3,3
67752,60,65,-5,5
67753,90,88,2,2
67754,74,71,3,3
67755,123,109,14,14
67756,97,93,4,4
67757,55,51,4,4
67758,127,113,14,14
67759,122,114,8,8
67760,103,98,5,5
67761,141,127,14,14
67762,67,68,-1,1
67763,113,109,4,4
67764,135,125,10,10
67765,203,169,34,34
67766,88,85,3,3
67767,94,98,-4,4
67768,103,97,6,6
67769,86,82,4,4
67770,143,131,12,12
67771,52,53,-1,1
67772,75,81,-6,6
67773,114,109,5,5
67774,92,83,9,9
67775,113,102,11,11
67776,123,113,10,10
67777,68,76,-8,8
67778,86,91,-5,5
67779,27,41,-14,14
67780,126,119,7,7
67781,89,83,6,6
67782,113,97,16,16
67783,106,95,11,11
67784,90,84,6,6
67785,82,74,8,8
67786,88,89,-1,1
67787,97,90,7,7
67788,141,120,21,21
67789,123,103,20,20
67790,188,178,10,10
67791,108,102,6,6
67792,73,71,2,2
67793,104,98,6,6
67794,87,87,0,0
67795,78,80,-2,2
67796,75,71,4,4
67797,153,132,21,21
67798,74,68,6,6
67799,129,107,22,22
67800,117,100,17,17
67801,82,82,0,0
67802,103,96,7,7
67803,93,80,13,13
67804,89,86,3,3
67805,44,53,-9,9
67806,76,75,1,1
67807,79,89,-10,10
67808,87,86,1,1
67809,38,40,-2,2
67810,120,111,9,9
67811,88,87,1,1
67812,155,125,30,30
67813,120,101,19,19
67814,89,82,7,7
67815,100,89,11,11
67816,66,65,1,1
67817,85,91,-6,6
67818,90,75,15,15
67819,126,114,12,12
67820,153,119,34,34
67821,83,80,3,3
67822,113,100,13,13
67823,88,90,-2,2
67824,152,141,11,11
67825,104,90,14,14
67826,75,71,4,4
67827,48,48,0,0
67828,127,105,22,22
67829,79,74,5,5
67830,117,107,10,10
67831,63,69,-6,6
67832,113,109,4,4
67833,143,144,-1,1
67834,110,100,10,10
67835,75,83,-8,8
67836,48,52,-4,4
67837,64,89,-25,25
67838,99,95,4,4
67839,91,85,6,6
67840,111,96,15,15
67841,89,85,4,4
67842,141,123,18,18
67843,101,89,12,12
67844,74,72,2,2
67845,124,102,22,22
67846,115,115,0,0
67847,94,99,-5,5
67848,110,110,0,0
67849,70,71,-1,1
67850,89,93,-4,4
67851,53,56,-3,3
67852,85,89,-4,4
67853,166,138,28,28
67854,77,73,4,4
67855,76,71,5,5
67856,137,134,3,3
67857,79,83,-4,4
67858,144,111,33,33
67859,57,50,7,7
67860,102,98,4,4
67861,77,79,-2,2
67862,105,102,3,3
67863,99,91,8,8
67864,40,44,-4,4
67865,96,87,9,9
67866,99,98,1,1
67867,69,66,3,3
67868,111,99,12,12
67869,119,118,1,1
67870,152,133,19,19
67871,138,121,17,17
67872,146,142,4,4
67873,79,94,-15,15
67874,113,100,13,13
67875,65,72,-7,7
67876,135,112,23,23
67877,58,42,16,16
67878,68,75,-7,7
67879,103,91,12,12
67880,110,105,5,5
67881,57,58,-1,1
67882,191,157,34,34
67883,87,81,6,6
67884,130,108,22,22
67885,94,90,4,4
67886,101,104,-3,3
67887,52,47,5,5
67888,134,122,12,12
67889,75,73,2,2
67890,91,91,0,0
67891,109,102,7,7
67892,96,90,6,6
67893,55,57,-2,2
67894,114,101,13,13
67895,159,133,26,26
67896,74,72,2,2
67897,89,89,0,0
67898,45,54,-9,9
67899,50,71,-21,21
67900,78,74,4,4
67901,136,131,5,5
67902,81,80,1,1
67903,104,89,15,15
67904,42,45,-3,3
67905,45,45,0,0
67906,91,80,11,11
67907,81,80,1,1
67908,73,75,-2,2
67909,163,139,24,24
67910,62,60,2,2
67911,62,77,-15,15
67912,117,97,20,20
67913,91,91,0,0
67914,81,86,-5,5
67915,183,144,39,39
67916,115,107,8,8
67917,45,43,2,2
67918,67,70,-3,3
67919,73,69,4,4
67920,115,110,5,5
67921,143,123,20,20
67922,122,107,15,15
67923,158,127,31,31
67924,132,118,14,14
67925,56,61,-5,5
67926,138,126,12,12
67927,128,107,21,21
67928,170,142,28,28
67929,101,92,9,9
67930,147,129,18,18
67931,116,111,5,5
67932,97,106,-9,9
67933,116,113,3,3
67934,73,72,1,1
67935,58,54,4,4
67936,99,89,10,10
67937,148,138,10,10
67938,56,57,-1,1
67939,144,134,10,10
67940,73,72,1,1
67941,124,122,2,2
67942,58,83,-25,25
67943,72,74,-2,2
67944,57,60,-3,3
67945,77,68,9,9
67946,93,91,2,2
67947,136,117,19,19
67948,56,57,-1,1
67949,106,94,12,12
67950,68,63,5,5
67951,107,99,8,8
67952,137,120,17,17
67953,51,56,-5,5
67954,161,146,15,15
67955,75,74,1,1
67956,207,165,42,42
67957,134,131,3,3
67958,139,127,12,12
67959,85,82,3,3
67960,64,68,-4,4
67961,57,59,-2,2
67962,87,86,1,1
67963,143,125,18,18
67964,89,86,3,3
67965,78,76,2,2
67966,73,89,-16,16
67967,188,178,10,10
67968,115,96,19,19
67969,119,91,28,28
67970,74,80,-6,6
67971,96,96,0,0
67972,64,67,-3,3
67973,117,102,15,15
67974,127,120,7,7
67975,70,74,-4,4
67976,97,99,-2,2
67977,163,133,30,30
67978,143,123,20,20
67979,69,77,-8,8
67980,98,100,-2,2
67981,87,84,3,3
67982,100,96,4,4
67983,111,115,-4,4
67984,129,123,6,6
67985,94,81,13,13
67986,124,111,13,13
67987,70,75,-5,5
67988,64,64,0,0
67989,131,113,18,18
67990,81,85,-4,4
67991,121,105,16,16
67992,139,119,20,20
67993,49,55,-6,6
67994,54,62,-8,8
67995,109,105,4,4
67996,71,76,-5,5
67997,124,104,20,20
67998,110,94,16,16
67999,103,101,2,2
68000,104,106,-2,2
68001,95,106,-11,11
68002,85,74,11,11
68003,83,75,8,8
68004,111,110,1,1
68005,68,58,10,10
68006,76,71,5,5
68007,47,48,-1,1
68008,143,120,23,23
68009,64,65,-1,1
68010,102,96,6,6
68011,77,80,-3,3
68012,52,62,-10,10
68013,52,58,-6,6
68014,75,79,-4,4
68015,83,81,2,2
68016,70,68,2,2
68017,44,46,-2,2
68018,41,44,-3,3
68019,77,72,5,5
68020,53,49,4,4
68021,132,123,9,9
68022,112,98,14,14
68023,81,76,5,5
68024,85,83,2,2
68025,90,87,3,3
68026,51,56,-5,5
68027,55,63,-8,8
68028,45,67,-22,22
68029,52,54,-2,2
68030,98,94,4,4
68031,72,70,2,2
68032,239,202,37,37
68033,123,101,22,22
68034,164,138,26,26
68035,75,73,2,2
68036,145,130,15,15
68037,63,69,-6,6
68038,63,92,-29,29
68039,100,101,-1,1
68040,110,108,2,2
68041,76,85,-9,9
68042,94,96,-2,2
68043,109,93,16,16
68044,59,70,-11,11
68045,140,138,2,2
68046,83,78,5,5
68047,136,120,16,16
68048,50,55,-5,5
68049,85,78,7,7
68050,113,97,16,16
68051,49,58,-9,9
68052,98,82,16,16
68053,80,68,12,12
68054,95,92,3,3
68055,129,120,9,9
68056,89,82,7,7
68057,115,100,15,15
68058,73,77,-4,4
68059,75,80,-5,5
68060,168,142,26,26
68061,52,60,-8,8
68062,76,72,4,4
68063,104,95,9,9
68064,124,104,20,20
68065,113,107,6,6
68066,80,72,8,8
68067,79,94,-15,15
68068,89,84,5,5
68069,90,79,11,11
68070,46,55,-9,9
68071,80,73,7,7
68072,108,110,-2,2
68073,46,45,1,1
68074,106,92,14,14
68075,139,124,15,15
68076,99,96,3,3
68077,50,51,-1,1
68078,65,65,0,0
68079,69,70,-1,1
68080,125,113,12,12
68081,97,91,6,6
68082,84,83,1,1
68083,114,110,4,4
68084,39,36,3,3
68085,106,93,13,13
68086,88,87,1,1
68087,80,81,-1,1
68088,178,150,28,28
68089,104,105,-1,1
68090,76,71,5,5
68091,108,93,15,15
68092,82,89,-7,7
68093,44,56,-12,12
68094,67,64,3,3
68095,69,75,-6,6
68096,69,67,2,2
68097,112,99,13,13
68098,151,121,30,30
68099,47,51,-4,4
68100,70,68,2,2
68101,86,81,5,5
68102,95,94,1,1
68103,68,73,-5,5
68104,44,46,-2,2
68105,70,76,-6,6
68106,132,117,15,15
68107,66,68,-2,2
68108,104,95,9,9
68109,155,130,25,25
68110,136,121,15,15
68111,74,75,-1,1
68112,109,101,8,8
68113,88,90,-2,2
68114,156,149,7,7
68115,153,139,14,14
68116,83,74,9,9
68117,88,80,8,8
68118,167,160,7,7
68119,44,45,-1,1
68120,124,101,23,23
68121,71,69,2,2
68122,131,109,22,22
68123,94,87,7,7
68124,64,65,-1,1
68125,81,79,2,2
68126,69,68,1,1
68127,52,54,-2,2
68128,84,80,4,4
68129,59,59,0,0
68130,117,109,8,8
68131,115,101,14,14
68132,86,87,-1,1
68133,111,101,10,10
68134,69,74,-5,5
68135,119,103,16,16
68136,73,71,2,2
68137,81,76,5,5
68138,79,84,-5,5
68139,89,95,-6,6
68140,51,56,-5,5
68141,63,65,-2,2
68142,87,88,-1,1
68143,116,103,13,13
68144,115,100,15,15
68145,111,107,4,4
68146,38,38,0,0
68147,130,126,4,4
68148,100,88,12,12
68149,60,56,4,4
68150,91,81,10,10
68151,67,68,-1,1
68152,73,67,6,6
68153,152,137,15,15
68154,199,168,31,31
68155,156,134,22,22
68156,61,66,-5,5
68157,109,89,20,20
68158,69,70,-1,1
68159,87,84,3,3
68160,65,68,-3,3
68161,83,82,1,1
68162,94,91,3,3
68163,104,84,20,20
68164,72,80,-8,8
68165,74,85,-11,11
68166,93,80,13,13
68167,88,83,5,5
68168,88,76,12,12
68169,75,83,-8,8
68170,102,99,3,3
68171,72,72,0,0
68172,95,80,15,15
68173,98,90,8,8
68174,86,83,3,3
68175,91,100,-9,9
68176,67,67,0,0
68177,73,75,-2,2
68178,129,120,9,9
68179,64,61,3,3
68180,94,92,2,2
68181,123,105,18,18
68182,89,87,2,2
68183,45,51,-6,6
68184,95,90,5,5
68185,77,74,3,3
68186,61,69,-8,8
68187,151,142,9,9
68188,53,59,-6,6
68189,109,96,13,13
68190,84,84,0,0
68191,86,91,-5,5
68192,105,99,6,6
68193,107,110,-3,3
68194,97,99,-2,2
68195,41,43,-2,2
68196,69,71,-2,2
68197,111,84,27,27
68198,40,44,-4,4
68199,140,126,14,14
68200,65,71,-6,6
68201,149,115,34,34
68202,46,44,2,2
68203,103,95,8,8
68204,80,80,0,0
68205,41,41,0,0
68206,97,118,-21,21
68207,65,62,3,3
68208,124,130,-6,6
68209,65,68,-3,3
68210,85,80,5,5
68211,151,136,15,15
68212,75,75,0,0
68213,92,90,2,2
68214,96,88,8,8
68215,120,125,-5,5
68216,71,71,0,0
68217,77,79,-2,2
68218,84,89,-5,5
68219,100,101,-1,1
68220,105,108,-3,3
68221,123,109,14,14
68222,53,57,-4,4
68223,178,159,19,19
68224,99,93,6,6
68225,64,64,0,0
68226,78,81,-3,3
68227,108,98,10,10
68228,77,76,1,1
68229,157,131,26,26
68230,72,79,-7,7
68231,68,70,-2,2
68232,87,80,7,7
68233,70,75,-5,5
68234,52,57,-5,5
68235,85,79,6,6
68236,100,99,1,1
68237,71,68,3,3
68238,109,107,2,2
68239,154,147,7,7
68240,96,76,20,20
68241,78,83,-5,5
68242,82,90,-8,8
68243,114,106,8,8
68244,103,100,3,3
68245,118,115,3,3
68246,87,89,-2,2
68247,121,118,3,3
68248,94,89,5,5
68249,62,59,3,3
68250,89,83,6,6
68251,105,96,9,9
68252,85,79,6,6
68253,79,86,-7,7
68254,86,81,5,5
68255,100,95,5,5
68256,104,94,10,10
68257,83,81,2,2
68258,90,80,10,10
68259,112,118,-6,6
68260,69,72,-3,3
68261,121,98,23,23
68262,84,87,-3,3
68263,87,82,5,5
68264,92,91,1,1
68265,147,133,14,14
68266,86,89,-3,3
68267,89,81,8,8
68268,52,66,-14,14
68269,110,100,10,10
68270,145,128,17,17
68271,87,83,4,4
68272,107,87,20,20
68273,145,110,35,35
68274,55,60,-5,5
68275,51,61,-10,10
68276,95,91,4,4
68277,101,94,7,7
68278,72,68,4,4
68279,90,83,7,7
68280,91,79,12,12
68281,94,92,2,2
68282,60,66,-6,6
68283,59,58,1,1
68284,96,84,12,12
68285,55,55,0,0
68286,101,87,14,14
68287,95,95,0,0
68288,113,102,11,11
68289,77,72,5,5
68290,114,114,0,0
68291,101,104,-3,3
68292,100,101,-1,1
68293,64,68,-4,4
68294,100,88,12,12
68295,158,127,31,31
68296,81,80,1,1
68297,62,62,0,0
68298,136,120,16,16
68299,156,138,18,18
68300,160,134,26,26
68301,128,119,9,9
68302,49,46,3,3
68303,135,114,21,21
68304,81,81,0,0
68305,85,82,3,3
68306,74,70,4,4
68307,141,121,20,20
68308,98,92,6,6
68309,140,123,17,17
68310,102,90,12,12
68311,91,96,-5,5
68312,68,68,0,0
68313,117,102,15,15
68314,57,53,4,4
68315,70,70,0,0
68316,203,155,48,48
68317,96,105,-9,9
68318,128,120,8,8
68319,81,74,7,7
68320,81,91,-10,10
68321,66,60,6,6
68322,128,115,13,13
68323,150,131,19,19
68324,79,83,-4,4
68325,68,73,-5,5
68326,57,63,-6,6
68327,63,71,-8,8
68328,110,105,5,5
68329,84,81,3,3
68330,84,73,11,11
68331,59,63,-4,4
68332,101,85,16,16
68333,73,76,-3,3
68334,82,82,0,0
68335,163,143,20,20
68336,113,103,10,10
68337,95,76,19,19
68338,73,74,-1,1
68339,83,80,3,3
68340,114,107,7,7
68341,136,111,25,25
68342,86,84,2,2
68343,81,77,4,4
68344,108,105,3,3
68345,149,138,11,11
68346,101,94,7,7
68347,78,82,-4,4
68348,126,106,20,20
68349,122,121,1,1
68350,112,98,14,14
68351,67,62,5,5
68352,62,60,2,2
68353,112,104,8,8
68354,171,142,29,29
68355,65,63,2,2
68356,97,85,12,12
68357,43,47,-4,4
68358,71,61,10,10
68359,71,69,2,2
68360,55,45,10,10
68361,72,82,-10,10
68362,85,81,4,4
68363,190,157,33,33
68364,97,92,5,5
68365,100,96,4,4
68366,75,79,-4,4
68367,130,109,21,21
68368,60,60,0,0
68369,105,98,7,7
68370,85,82,3,3
68371,89,88,1,1
68372,93,89,4,4
68373,39,64,-25,25
68374,74,67,7,7
68375,148,138,10,10
68376,136,118,18,18
68377,61,71,-10,10
68378,181,154,27,27
68379,99,90,9,9
68380,165,142,23,23
68381,97,90,7,7
68382,116,103,13,13
68383,105,105,0,0
68384,50,46,4,4
68385,71,82,-11,11
68386,115,103,12,12
68387,61,57,4,4
68388,101,100,1,1
68389,80,80,0,0
68390,100,100,0,0
68391,79,90,-11,11
68392,121,108,13,13
68393,85,89,-4,4
68394,87,86,1,1
68395,61,63,-2,2
68396,125,121,4,4
68397,85,90,-5,5
68398,87,84,3,3
68399,64,71,-7,7
68400,66,68,-2,2
68401,85,88,-3,3
68402,159,132,27,27
68403,132,128,4,4
68404,96,94,2,2
68405,100,102,-2,2
68406,76,71,5,5
68407,117,113,4,4
68408,101,107,-6,6
68409,86,86,0,0
68410,117,106,11,11
68411,96,89,7,7
68412,55,59,-4,4
68413,145,120,25,25
68414,68,75,-7,7
68415,71,69,2,2
68416,129,115,14,14
68417,121,112,9,9
68418,92,77,15,15
68419,57,58,-1,1
68420,50,45,5,5
68421,56,61,-5,5
68422,52,55,-3,3
68423,61,61,0,0
68424,164,138,26,26
68425,119,110,9,9
68426,85,76,9,9
68427,83,77,6,6
68428,149,131,18,18
68429,103,88,15,15
68430,61,43,18,18
68431,142,131,11,11
68432,80,84,-4,4
68433,49,55,-6,6
68434,109,93,16,16
68435,101,93,8,8
68436,77,78,-1,1
68437,160,152,8,8
68438,108,108,0,0
68439,137,125,12,12
68440,125,115,10,10
68441,76,77,-1,1
68442,145,123,22,22
68443,86,88,-2,2
68444,131,116,15,15
68445,99,102,-3,3
68446,97,95,2,2
68447,67,62,5,5
68448,107,118,-11,11
68449,87,81,6,6
68450,104,99,5,5
68451,77,74,3,3
68452,49,53,-4,4
68453,152,129,23,23
68454,138,122,16,16
68455,183,156,27,27
68456,53,59,-6,6
68457,100,93,7,7
68458,71,72,-1,1
68459,73,83,-10,10
68460,108,97,11,11
68461,85,90,-5,5
68462,72,73,-1,1
68463,92,87,5,5
68464,127,115,12,12
68465,61,82,-21,21
68466,86,93,-7,7
68467,56,54,2,2
68468,104,90,14,14
68469,86,86,0,0
68470,142,132,10,10
68471,78,86,-8,8
68472,96,83,13,13
68473,75,79,-4,4
68474,88,82,6,6
68475,69,70,-1,1
68476,62,64,-2,2
68477,107,100,7,7
68478,65,65,0,0
68479,129,122,7,7
68480,86,89,-3,3
68481,77,70,7,7
68482,115,95,20,20
68483,87,82,5,5
68484,32,32,0,0
68485,80,86,-6,6
68486,107,97,10,10
68487,112,117,-5,5
68488,83,81,2,2
68489,89,90,-1,1
68490,65,65,0,0
68491,63,67,-4,4
68492,56,61,-5,5
68493,99,82,17,17
68494,88,86,2,2
68495,130,118,12,12
68496,59,62,-3,3
68497,157,115,42,42
68498,94,100,-6,6
68499,94,90,4,4
68500,61,66,-5,5
68501,98,95,3,3
68502,98,90,8,8
68503,108,98,10,10
68504,122,109,13,13
68505,115,107,8,8
68506,49,55,-6,6
68507,79,80,-1,1
68508,96,94,2,2
68509,81,87,-6,6
68510,54,59,-5,5
68511,70,77,-7,7
68512,141,122,19,19
68513,113,189,-76,76
68514,110,108,2,2
68515,75,80,-5,5
68516,85,92,-7,7
68517,85,77,8,8
68518,105,99,6,6
68519,62,69,-7,7
68520,39,44,-5,5
68521,83,81,2,2
68522,103,93,10,10
68523,69,72,-3,3
68524,103,97,6,6
68525,82,76,6,6
68526,98,90,8,8
68527,134,115,19,19
68528,51,64,-13,13
68529,98,92,6,6
68530,58,63,-5,5
68531,66,75,-9,9
68532,66,66,0,0
68533,139,115,24,24
68534,182,155,27,27
68535,118,120,-2,2
68536,69,65,4,4
68537,61,69,-8,8
68538,101,88,13,13
68539,126,93,33,33
68540,87,84,3,3
68541,53,57,-4,4
68542,83,77,6,6
68543,113,111,2,2
68544,109,99,10,10
68545,60,60,0,0
68546,113,105,8,8
68547,84,87,-3,3
68548,60,57,3,3
68549,56,62,-6,6
68550,52,52,0,0
68551,111,98,13,13
68552,74,80,-6,6
68553,57,59,-2,2
68554,72,72,0,0
68555,77,80,-3,3
68556,93,86,7,7
68557,167,136,31,31
68558,64,66,-2,2
68559,97,88,9,9
68560,106,105,1,1
68561,165,138,27,27
68562,86,102,-16,16
68563,146,123,23,23
68564,98,90,8,8
68565,88,85,3,3
68566,89,85,4,4
68567,99,95,4,4
68568,86,86,0,0
68569,95,103,-8,8
68570,70,65,5,5
68571,91,95,-4,4
68572,98,92,6,6
68573,92,87,5,5
68574,103,97,6,6
68575,91,81,10,10
68576,58,70,-12,12
68577,61,64,-3,3
68578,53,60,-7,7
68579,83,79,4,4
68580,56,58,-2,2
68581,84,82,2,2
68582,73,81,-8,8
68583,73,70,3,3
68584,81,79,2,2
68585,69,71,-2,2
68586,71,75,-4,4
68587,107,105,2,2
68588,111,104,7,7
68589,107,96,11,11
68590,115,95,20,20
68591,75,76,-1,1
68592,129,106,23,23
68593,94,87,7,7
68594,52,53,-1,1
68595,146,130,16,16
68596,99,99,0,0
68597,93,105,-12,12
68598,57,59,-2,2
68599,102,102,0,0
68600,58,68,-10,10
68601,95,122,-27,27
68602,92,87,5,5
68603,99,88,11,11
68604,115,109,6,6
68605,77,76,1,1
68606,176,160,16,16
68607,97,97,0,0
68608,153,124,29,29
68609,74,71,3,3
68610,182,148,34,34
68611,91,94,-3,3
68612,67,74,-7,7
68613,85,93,-8,8
68614,109,99,10,10
68615,113,101,12,12
68616,111,106,5,5
68617,95,103,-8,8
68618,74,72,2,2
68619,110,100,10,10
68620,58,54,4,4
68621,135,119,16,16
68622,108,104,4,4
68623,112,112,0,0
68624,49,55,-6,6
68625,114,109,5,5
68626,57,58,-1,1
68627,74,70,4,4
68628,99,96,3,3
68629,96,90,6,6
68630,88,82,6,6
68631,79,84,-5,5
68632,82,70,12,12
68633,99,93,6,6
68634,116,104,12,12
68635,80,80,0,0
68636,120,111,9,9
68637,70,68,2,2
68638,74,75,-1,1
68639,55,67,-12,12
68640,97,90,7,7
68641,74,80,-6,6
68642,92,93,-1,1
68643,71,73,-2,2
68644,86,81,5,5
68645,66,62,4,4
68646,74,69,5,5
68647,90,85,5,5
68648,110,100,10,10
68649,94,89,5,5
68650,101,94,7,7
68651,115,108,7,7
68652,91,91,0,0
68653,102,98,4,4
68654,116,115,1,1
68655,130,118,12,12
68656,45,50,-5,5
68657,77,79,-2,2
68658,117,118,-1,1
68659,109,103,6,6
68660,94,89,5,5
68661,130,111,19,19
68662,37,44,-7,7
68663,73,77,-4,4
68664,79,70,9,9
68665,80,85,-5,5
68666,143,115,28,28
68667,69,69,0,0
68668,143,129,14,14
68669,105,99,6,6
68670,150,129,21,21
68671,94,85,9,9
68672,107,96,11,11
68673,64,63,1,1
68674,154,122,32,32
68675,129,119,10,10
68676,118,105,13,13
68677,86,82,4,4
68678,98,95,3,3
68679,134,128,6,6
68680,96,92,4,4
68681,90,87,3,3
68682,173,159,14,14
68683,83,81,2,2
68684,168,149,19,19
68685,97,94,3,3
68686,88,85,3,3
68687,54,58,-4,4
68688,142,113,29,29
68689,152,130,22,22
68690,75,82,-7,7
68691,73,73,0,0
68692,170,162,8,8
68693,82,81,1,1
68694,103,103,0,0
68695,135,117,18,18
68696,98,94,4,4
68697,190,161,29,29
68698,110,88,22,22
68699,56,66,-10,10
68700,160,131,29,29
68701,86,95,-9,9
68702,105,98,7,7
68703,42,44,-2,2
68704,148,142,6,6
68705,78,70,8,8
68706,108,103,5,5
68707,81,78,3,3
68708,135,120,15,15
68709,84,88,-4,4
68710,115,103,12,12
68711,124,109,15,15
68712,67,76,-9,9
68713,97,93,4,4
68714,90,84,6,6
68715,158,136,22,22
68716,162,139,23,23
68717,165,147,18,18
68718,76,77,-1,1
68719,174,155,19,19
68720,125,109,16,16
68721,155,138,17,17
68722,80,85,-5,5
68723,150,141,9,9
68724,54,52,2,2
68725,119,99,20,20
68726,83,73,10,10
68727,56,62,-6,6
68728,69,77,-8,8
68729,94,95,-1,1
68730,103,103,0,0
68731,120,108,12,12
68732,119,118,1,1
68733,92,88,4,4
68734,102,95,7,7
68735,75,73,2,2
68736,64,63,1,1
68737,175,147,28,28
68738,66,65,1,1
68739,69,69,0,0
68740,66,65,1,1
68741,42,49,-7,7
68742,222,188,34,34
68743,161,144,17,17
68744,139,114,25,25
68745,88,86,2,2
68746,81,74,7,7
68747,160,146,14,14
68748,100,100,0,0
68749,64,71,-7,7
68750,26,26,0,0
68751,126,113,13,13
68752,49,47,2,2
68753,101,98,3,3
68754,78,74,4,4
68755,82,81,1,1
68756,68,68,0,0
68757,90,87,3,3
68758,78,76,2,2
68759,114,109,5,5
68760,160,138,22,22
68761,108,101,7,7
68762,93,91,2,2
68763,52,51,1,1
68764,142,124,18,18
68765,151,144,7,7
68766,118,112,6,6
68767,90,85,5,5
68768,103,90,13,13
68769,126,111,15,15
68770,121,108,13,13
68771,111,107,4,4
68772,87,83,4,4
68773,48,52,-4,4
68774,86,74,12,12
68775,60,101,-41,41
68776,162,129,33,33
68777,98,87,11,11
68778,134,114,20,20
68779,147,133,14,14
68780,113,108,5,5
68781,79,74,5,5
68782,76,70,6,6
68783,72,80,-8,8
68784,59,66,-7,7
68785,151,131,20,20
68786,114,102,12,12
68787,71,75,-4,4
68788,146,129,17,17
68789,83,80,3,3
68790,65,66,-1,1
68791,60,58,2,2
68792,113,94,19,19
68793,146,122,24,24
68794,103,103,0,0
68795,123,104,19,19
68796,59,62,-3,3
68797,158,127,31,31
68798,114,97,17,17
68799,133,113,20,20
68800,151,128,23,23
68801,41,41,0,0
68802,80,79,1,1
68803,71,68,3,3
68804,88,86,2,2
68805,94,99,-5,5
68806,41,55,-14,14
68807,129,131,-2,2
68808,126,108,18,18
68809,132,105,27,27
68810,38,52,-14,14
68811,81,82,-1,1
68812,97,94,3,3
68813,99,94,5,5
68814,159,143,16,16
68815,113,112,1,1
68816,42,53,-11,11
68817,176,146,30,30
68818,96,82,14,14
68819,122,114,8,8
68820,134,127,7,7
68821,63,65,-2,2
68822,81,79,2,2
68823,94,94,0,0
68824,122,108,14,14
68825,99,84,15,15
68826,103,102,1,1
68827,77,94,-17,17
68828,90,94,-4,4
68829,139,113,26,26
68830,74,84,-10,10
68831,83,81,2,2
68832,84,82,2,2
68833,108,96,12,12
68834,80,84,-4,4
68835,117,110,7,7
68836,81,79,2,2
68837,73,73,0,0
68838,146,128,18,18
68839,83,82,1,1
68840,71,69,2,2
68841,99,102,-3,3
68842,52,55,-3,3
68843,97,100,-3,3
68844,80,74,6,6
68845,112,104,8,8
68846,57,70,-13,13
68847,105,98,7,7
68848,145,135,10,10
68849,104,88,16,16
68850,94,85,9,9
68851,109,106,3,3
68852,73,72,1,1
68853,54,59,-5,5
68854,99,88,11,11
68855,204,172,32,32
68856,42,48,-6,6
68857,40,38,2,2
68858,61,55,6,6
68859,98,95,3,3
68860,88,90,-2,2
68861,107,108,-1,1
68862,101,96,5,5
68863,156,135,21,21
68864,43,49,-6,6
68865,85,80,5,5
68866,130,112,18,18
68867,49,58,-9,9
68868,82,79,3,3
68869,105,100,5,5
68870,141,139,2,2
68871,124,117,7,7
68872,149,148,1,1
68873,61,57,4,4
68874,163,145,18,18
68875,94,94,0,0
68876,64,70,-6,6
68877,129,130,-1,1
68878,71,77,-6,6
68879,95,97,-2,2
68880,106,106,0,0
68881,103,80,23,23
68882,81,75,6,6
68883,89,79,10,10
68884,144,122,22,22
68885,64,70,-6,6
68886,37,112,-75,75
68887,87,77,10,10
68888,34,37,-3,3
68889,94,90,4,4
68890,84,85,-1,1
68891,76,71,5,5
68892,79,74,5,5
68893,96,100,-4,4
68894,99,91,8,8
68895,102,96,6,6
68896,66,64,2,2
68897,96,82,14,14
68898,75,77,-2,2
68899,98,87,11,11
68900,75,71,4,4
68901,106,93,13,13
68902,85,81,4,4
68903,104,111,-7,7
68904,83,84,-1,1
68905,92,91,1,1
68906,110,112,-2,2
68907,89,100,-11,11
68908,148,125,23,23
68909,105,99,6,6
68910,90,81,9,9
68911,42,57,-15,15
68912,102,97,5,5
68913,142,125,17,17
68914,122,110,12,12
68915,109,92,17,17
68916,101,100,1,1
68917,89,94,-5,5
68918,118,107,11,11
68919,146,126,20,20
68920,100,99,1,1
68921,99,90,9,9
68922,62,60,2,2
68923,84,74,10,10
68924,62,70,-8,8
68925,190,157,33,33
68926,105,106,-1,1
68927,101,94,7,7
68928,69,76,-7,7
68929,105,97,8,8
68930,135,123,12,12
68931,162,151,11,11
68932,96,91,5,5
68933,80,73,7,7
68934,83,83,0,0
68935,133,121,12,12
68936,77,75,2,2
68937,130,116,14,14
68938,143,144,-1,1
68939,83,83,0,0
68940,77,80,-3,3
68941,148,128,20,20
68942,88,81,7,7
68943,47,45,2,2
68944,66,59,7,7
68945,54,68,-14,14
68946,97,90,7,7
68947,80,84,-4,4
68948,51,68,-17,17
68949,122,117,5,5
68950,134,113,21,21
68951,152,138,14,14
68952,96,97,-1,1
68953,75,79,-4,4
68954,143,130,13,13
68955,164,147,17,17
68956,99,97,2,2
68957,149,139,10,10
68958,126,108,18,18
68959,90,82,8,8
68960,102,98,4,4
68961,18,33,-15,15
68962,103,120,-17,17
68963,130,115,15,15
68964,67,72,-5,5
68965,69,64,5,5
68966,84,82,2,2
68967,122,116,6,6
68968,103,94,9,9
68969,65,59,6,6
68970,111,110,1,1
68971,177,158,19,19
68972,64,63,1,1
68973,159,147,12,12
68974,123,112,11,11
68975,67,68,-1,1
68976,138,128,10,10
68977,88,90,-2,2
68978,94,102,-8,8
68979,114,99,15,15
68980,81,79,2,2
68981,68,65,3,3
68982,214,176,38,38
68983,145,119,26,26
68984,54,59,-5,5
68985,100,89,11,11
68986,146,131,15,15
68987,213,172,41,41
68988,106,108,-2,2
68989,57,49,8,8
68990,128,117,11,11
68991,97,94,3,3
68992,90,94,-4,4
68993,102,93,9,9
68994,153,126,27,27
68995,84,81,3,3
68996,27,29,-2,2
68997,51,49,2,2
68998,73,76,-3,3
68999,86,80,6,6
69000,77,73,4,4
69001,154,129,25,25
69002,107,97,10,10
69003,173,152,21,21
69004,80,80,0,0
69005,92,89,3,3
69006,86,82,4,4
69007,70,71,-1,1
69008,116,113,3,3
69009,79,77,2,2
69010,101,95,6,6
69011,138,123,15,15
69012,125,104,21,21
69013,65,67,-2,2
69014,82,83,-1,1
69015,88,89,-1,1
69016,40,50,-10,10
69017,104,98,6,6
69018,111,104,7,7
69019,81,80,1,1
69020,67,79,-12,12
69021,91,94,-3,3
69022,135,123,12,12
69023,155,152,3,3
69024,89,81,8,8
69025,58,70,-12,12
69026,137,123,14,14
69027,69,69,0,0
69028,84,81,3,3
69029,110,91,19,19
69030,68,91,-23,23
69031,126,107,19,19
69032,185,133,52,52
69033,64,58,6,6
69034,119,107,12,12
69035,133,118,15,15
69036,96,87,9,9
69037,54,57,-3,3
69038,90,85,5,5
69039,75,70,5,5
69040,123,118,5,5
69041,91,88,3,3
69042,114,107,7,7
69043,49,81,-32,32
69044,119,104,15,15
69045,78,74,4,4
69046,105,96,9,9
69047,113,107,6,6
69048,75,72,3,3
69049,162,147,15,15
69050,62,62,0,0
69051,93,79,14,14
69052,67,64,3,3
69053,118,112,6,6
69054,76,75,1,1
69055,132,115,17,17
69056,43,45,-2,2
69057,69,75,-6,6
69058,99,97,2,2
69059,81,75,6,6
69060,103,97,6,6
69061,87,80,7,7
69062,88,81,7,7
69063,92,85,7,7
69064,102,88,14,14
69065,53,55,-2,2
69066,80,78,2,2
69067,86,79,7,7
69068,107,103,4,4
69069,165,154,11,11
69070,43,49,-6,6
69071,84,77,7,7
69072,129,119,10,10
69073,135,124,11,11
69074,32,63,-31,31
69075,49,63,-14,14
69076,91,90,1,1
69077,72,74,-2,2
69078,85,80,5,5
69079,75,80,-5,5
69080,95,107,-12,12
69081,132,116,16,16
69082,98,100,-2,2
69083,34,35,-1,1
69084,114,106,8,8
69085,104,93,11,11
69086,111,96,15,15
69087,59,57,2,2
69088,38,48,-10,10
69089,45,44,1,1
69090,160,156,4,4
69091,87,83,4,4
69092,78,84,-6,6
69093,180,133,47,47
69094,112,110,2,2
69095,99,99,0,0
69096,77,80,-3,3
69097,64,83,-19,19
69098,93,78,15,15
69099,135,137,-2,2
69100,80,79,1,1
69101,105,87,18,18
69102,93,90,3,3
69103,97,97,0,0
69104,93,96,-3,3
69105,126,101,25,25
69106,100,90,10,10
69107,93,88,5,5
69108,116,110,6,6
69109,89,84,5,5
69110,72,85,-13,13
69111,158,130,28,28
69112,107,89,18,18
69113,57,61,-4,4
69114,95,99,-4,4
69115,199,171,28,28
69116,98,93,5,5
69117,50,53,-3,3
69118,72,69,3,3
69119,86,80,6,6
69120,36,40,-4,4
69121,77,66,11,11
69122,144,134,10,10
69123,101,109,-8,8
69124,141,130,11,11
69125,136,117,19,19
69126,81,74,7,7
69127,96,109,-13,13
69128,92,88,4,4
69129,37,45,-8,8
69130,117,112,5,5
69131,96,91,5,5
69132,120,124,-4,4
69133,58,60,-2,2
69134,147,115,32,32
69135,60,65,-5,5
69136,85,80,5,5
69137,71,66,5,5
69138,74,69,5,5
69139,98,94,4,4
69140,59,60,-1,1
69141,77,79,-2,2
69142,77,81,-4,4
69143,76,77,-1,1
69144,52,58,-6,6
69145,116,104,12,12
69146,78,82,-4,4
69147,74,75,-1,1
69148,124,111,13,13
69149,58,55,3,3
69150,86,80,6,6
69151,132,113,19,19
69152,108,94,14,14
69153,38,42,-4,4
69154,138,127,11,11
69155,74,72,2,2
69156,73,75,-2,2
69157,95,80,15,15
69158,129,123,6,6
69159,102,86,16,16
69160,112,100,12,12
69161,141,128,13,13
69162,76,74,2,2
69163,142,125,17,17
69164,72,70,2,2
69165,163,143,20,20
69166,122,111,11,11
69167,44,40,4,4
69168,104,97,7,7
69169,72,81,-9,9
69170,60,58,2,2
69171,69,66,3,3
69172,113,100,13,13
69173,89,83,6,6
69174,42,47,-5,5
69175,146,129,17,17
69176,147,114,33,33
69177,132,135,-3,3
69178,107,96,11,11
69179,77,81,-4,4
69180,102,95,7,7
69181,153,124,29,29
69182,56,82,-26,26
69183,105,102,3,3
69184,129,119,10,10
69185,99,89,10,10
69186,55,58,-3,3
69187,102,106,-4,4
69188,102,90,12,12
69189,111,106,5,5
69190,123,118,5,5
69191,62,68,-6,6
69192,152,147,5,5
69193,89,81,8,8
69194,94,84,10,10
69195,35,50,-15,15
69196,94,88,6,6
69197,110,110,0,0
69198,175,158,17,17
69199,105,93,12,12
69200,42,48,-6,6
69201,152,131,21,21
69202,149,126,23,23
69203,207,168,39,39
69204,152,143,9,9
69205,88,93,-5,5
69206,94,87,7,7
69207,76,70,6,6
69208,84,82,2,2
69209,87,81,6,6
69210,59,50,9,9
69211,112,101,11,11
69212,110,97,13,13
69213,136,107,29,29
69214,81,90,-9,9
69215,177,146,31,31
69216,120,115,5,5
69217,86,81,5,5
69218,57,59,-2,2
69219,100,81,19,19
69220,134,120,14,14
69221,75,70,5,5
69222,88,82,6,6
69223,82,86,-4,4
69224,54,59,-5,5
69225,74,69,5,5
69226,50,52,-2,2
69227,125,108,17,17
69228,85,85,0,0
69229,148,132,16,16
69230,88,87,1,1
69231,58,72,-14,14
69232,124,102,22,22
69233,129,120,9,9
69234,100,94,6,6
69235,76,75,1,1
69236,86,80,6,6
69237,57,69,-12,12
69238,84,82,2,2
69239,103,92,11,11
69240,87,83,4,4
69241,114,111,3,3
69242,58,61,-3,3
69243,100,90,10,10
69244,92,95,-3,3
69245,78,80,-2,2
69246,73,84,-11,11
69247,73,70,3,3
69248,106,100,6,6
69249,135,124,11,11
69250,95,103,-8,8
69251,75,80,-5,5
69252,116,115,1,1
69253,58,56,2,2
69254,135,118,17,17
69255,75,75,0,0
69256,51,57,-6,6
69257,69,69,0,0
69258,97,104,-7,7
69259,73,76,-3,3
69260,91,93,-2,2
69261,156,137,19,19
69262,67,72,-5,5
69263,77,75,2,2
69264,133,127,6,6
69265,129,131,-2,2
69266,110,100,10,10
69267,121,124,-3,3
69268,150,133,17,17
69269,89,84,5,5
69270,71,82,-11,11
69271,119,100,19,19
69272,70,79,-9,9
69273,121,118,3,3
69274,116,110,6,6
69275,123,119,4,4
69276,95,87,8,8
69277,70,68,2,2
69278,111,91,20,20
69279,113,102,11,11
69280,92,80,12,12
69281,52,58,-6,6
69282,114,106,8,8
69283,106,97,9,9
69284,102,107,-5,5
69285,72,81,-9,9
69286,134,108,26,26
69287,101,93,8,8
69288,134,114,20,20
69289,111,107,4,4
69290,99,94,5,5
69291,98,88,10,10
69292,94,92,2,2
69293,44,48,-4,4
69294,92,92,0,0
69295,81,77,4,4
69296,74,74,0,0
69297,51,49,2,2
69298,135,122,13,13
69299,34,42,-8,8
69300,151,138,13,13
69301,64,65,-1,1
69302,105,106,-1,1
69303,117,97,20,20
69304,88,86,2,2
69305,100,97,3,3
69306,88,81,7,7
69307,84,82,2,2
69308,189,166,23,23
69309,45,49,-4,4
69310,64,69,-5,5
69311,94,88,6,6
69312,199,166,33,33
69313,80,75,5,5
69314,105,101,4,4
69315,112,103,9,9
69316,59,42,17,17
69317,54,59,-5,5
69318,123,108,15,15
69319,59,62,-3,3
69320,186,159,27,27
69321,110,105,5,5
69322,117,105,12,12
69323,82,80,2,2
69324,202,156,46,46
69325,129,108,21,21
69326,91,89,2,2
69327,131,101,30,30
69328,117,101,16,16
69329,82,72,10,10
69330,78,84,-6,6
69331,129,118,11,11
69332,46,41,5,5
69333,122,117,5,5
69334,124,107,17,17
69335,186,175,11,11
69336,103,97,6,6
69337,112,109,3,3
69338,135,127,8,8
69339,68,72,-4,4
69340,110,102,8,8
69341,57,57,0,0
69342,144,131,13,13
69343,115,97,18,18
69344,143,127,16,16
69345,75,82,-7,7
69346,69,64,5,5
69347,140,113,27,27
69348,93,95,-2,2
69349,74,73,1,1
69350,165,149,16,16
69351,77,80,-3,3
69352,57,60,-3,3
69353,87,96,-9,9
69354,123,115,8,8
69355,78,81,-3,3
69356,120,113,7,7
69357,100,94,6,6
69358,112,105,7,7
69359,87,89,-2,2
69360,98,82,16,16
69361,106,97,9,9
69362,91,92,-1,1
69363,107,102,5,5
69364,67,64,3,3
69365,125,115,10,10
69366,61,55,6,6
69367,96,94,2,2
69368,73,72,1,1
69369,70,70,0,0
69370,89,80,9,9
69371,114,103,11,11
69372,74,79,-5,5
69373,133,107,26,26
69374,107,106,1,1
69375,91,86,5,5
69376,83,75,8,8
69377,76,72,4,4
69378,75,80,-5,5
69379,83,80,3,3
69380,62,61,1,1
69381,71,80,-9,9
69382,40,40,0,0
69383,131,115,16,16
69384,138,129,9,9
69385,43,52,-9,9
69386,76,82,-6,6
69387,128,141,-13,13
69388,62,62,0,0
69389,128,113,15,15
69390,79,82,-3,3
69391,140,119,21,21
69392,94,98,-4,4
69393,96,93,3,3
69394,43,42,1,1
69395,159,139,20,20
69396,62,57,5,5
69397,131,115,16,16
69398,65,67,-2,2
69399,63,70,-7,7
69400,116,116,0,0
69401,65,81,-16,16
69402,70,67,3,3
69403,56,60,-4,4
69404,95,91,4,4
69405,120,107,13,13
69406,93,94,-1,1
69407,92,87,5,5
69408,101,89,12,12
69409,106,104,2,2
69410,151,130,21,21
69411,98,89,9,9
69412,63,63,0,0
69413,120,114,6,6
69414,93,87,6,6
69415,89,83,6,6
69416,47,52,-5,5
69417,92,90,2,2
69418,95,83,12,12
69419,90,80,10,10
69420,116,100,16,16
69421,88,87,1,1
69422,107,107,0,0
69423,168,164,4,4
69424,49,49,0,0
69425,111,99,12,12
69426,76,80,-4,4
69427,89,87,2,2
69428,72,75,-3,3
69429,131,122,9,9
69430,61,73,-12,12
69431,106,93,13,13
69432,65,70,-5,5
69433,76,76,0,0
69434,62,92,-30,30
69435,63,62,1,1
69436,77,75,2,2
69437,120,103,17,17
69438,109,103,6,6
69439,93,88,5,5
69440,66,65,1,1
69441,72,66,6,6
69442,94,84,10,10
69443,143,117,26,26
69444,75,79,-4,4
69445,99,94,5,5
69446,112,106,6,6
69447,66,69,-3,3
69448,72,67,5,5
69449,46,58,-12,12
69450,100,95,5,5
69451,89,80,9,9
69452,101,95,6,6
69453,63,61,2,2
69454,108,100,8,8
69455,89,88,1,1
69456,101,96,5,5
69457,94,87,7,7
69458,73,74,-1,1
69459,148,110,38,38
69460,142,123,19,19
69461,92,87,5,5
69462,151,130,21,21
69463,119,108,11,11
69464,61,67,-6,6
69465,124,118,6,6
69466,46,57,-11,11
69467,67,78,-11,11
69468,46,62,-16,16
69469,81,76,5,5
69470,104,103,1,1
69471,47,49,-2,2
69472,88,86,2,2
69473,115,83,32,32
69474,92,102,-10,10
69475,100,82,18,18
69476,141,126,15,15
69477,107,100,7,7
69478,127,105,22,22
69479,117,116,1,1
69480,72,72,0,0
69481,81,82,-1,1
69482,100,117,-17,17
69483,84,98,-14,14
69484,70,66,4,4
69485,152,131,21,21
69486,32,44,-12,12
69487,121,113,8,8
69488,69,70,-1,1
69489,63,68,-5,5
69490,76,77,-1,1
69491,81,83,-2,2
69492,106,96,10,10
69493,69,75,-6,6
69494,54,58,-4,4
69495,92,85,7,7
69496,61,65,-4,4
69497,141,116,25,25
69498,78,76,2,2
69499,124,131,-7,7
69500,94,90,4,4
69501,66,70,-4,4
69502,156,144,12,12
69503,80,95,-15,15
69504,84,86,-2,2
69505,161,147,14,14
69506,106,93,13,13
69507,98,93,5,5
69508,108,100,8,8
69509,109,96,13,13
69510,85,80,5,5
69511,74,83,-9,9
69512,74,73,1,1
69513,88,94,-6,6
69514,128,115,13,13
69515,93,86,7,7
69516,140,127,13,13
69517,109,101,8,8
69518,58,56,2,2
69519,73,64,9,9
69520,86,83,3,3
69521,94,90,4,4
69522,332,295,37,37
69523,112,97,15,15
69524,48,48,0,0
69525,73,76,-3,3
69526,116,106,10,10
69527,105,86,19,19
69528,65,66,-1,1
69529,108,99,9,9
69530,83,89,-6,6
69531,81,86,-5,5
69532,155,145,10,10
69533,110,96,14,14
69534,120,102,18,18
69535,92,83,9,9
69536,152,128,24,24
69537,131,124,7,7
69538,48,63,-15,15
69539,68,67,1,1
69540,74,70,4,4
69541,86,93,-7,7
69542,148,143,5,5
69543,188,162,26,26
69544,79,83,-4,4
69545,125,110,15,15
69546,95,80,15,15
69547,63,60,3,3
69548,78,73,5,5
69549,116,108,8,8
69550,83,82,1,1
69551,68,70,-2,2
69552,104,105,-1,1
69553,107,99,8,8
69554,93,84,9,9
69555,115,107,8,8
69556,105,87,18,18
69557,76,92,-16,16
69558,129,108,21,21
69559,53,50,3,3
69560,78,86,-8,8
69561,108,97,11,11
69562,39,44,-5,5
69563,81,74,7,7
69564,122,118,4,4
69565,74,71,3,3
69566,63,67,-4,4
69567,115,103,12,12
69568,119,114,5,5
69569,130,119,11,11
69570,103,118,-15,15
69571,107,104,3,3
69572,69,77,-8,8
69573,130,112,18,18
69574,98,109,-11,11
69575,126,107,19,19
69576,119,99,20,20
69577,86,87,-1,1
69578,211,180,31,31
69579,82,81,1,1
69580,64,60,4,4
69581,96,76,20,20
69582,63,64,-1,1
69583,102,99,3,3
69584,119,112,7,7
69585,82,85,-3,3
69586,119,105,14,14
69587,64,63,1,1
69588,48,47,1,1
69589,140,122,18,18
69590,112,99,13,13
69591,93,99,-6,6
69592,88,87,1,1
69593,93,88,5,5
69594,60,57,3,3
69595,66,70,-4,4
69596,48,47,1,1
69597,101,90,11,11
69598,54,57,-3,3
69599,99,86,13,13
69600,81,79,2,2
69601,155,133,22,22
69602,80,82,-2,2
69603,69,70,-1,1
69604,65,75,-10,10
69605,81,88,-7,7
69606,100,99,1,1
69607,89,92,-3,3
69608,86,88,-2,2
69609,107,105,2,2
69610,61,66,-5,5
69611,59,55,4,4
69612,51,58,-7,7
69613,147,136,11,11
69614,127,105,22,22
69615,130,125,5,5
69616,53,52,1,1
69617,117,92,25,25
69618,132,118,14,14
69619,119,107,12,12
69620,107,89,18,18
69621,79,89,-10,10
69622,157,142,15,15
69623,125,103,22,22
69624,60,63,-3,3
69625,79,69,10,10
69626,80,83,-3,3
69627,151,123,28,28
69628,109,96,13,13
69629,64,64,0,0
69630,111,94,17,17
69631,44,53,-9,9
69632,95,82,13,13
69633,137,120,17,17
69634,121,95,26,26
69635,51,59,-8,8
69636,53,65,-12,12
69637,93,86,7,7
69638,91,92,-1,1
69639,125,106,19,19
69640,59,63,-4,4
69641,63,61,2,2
69642,111,93,18,18
69643,117,113,4,4
69644,74,74,0,0
69645,117,110,7,7
69646,65,61,4,4
69647,100,86,14,14
69648,227,195,32,32
69649,145,150,-5,5
69650,82,82,0,0
69651,93,78,15,15
69652,120,122,-2,2
69653,122,104,18,18
69654,121,108,13,13
69655,106,85,21,21
69656,95,97,-2,2
69657,71,71,0,0
69658,64,71,-7,7
69659,103,99,4,4
69660,66,77,-11,11
69661,60,65,-5,5
69662,85,82,3,3
69663,110,101,9,9
69664,109,103,6,6
69665,80,91,-11,11
69666,80,70,10,10
69667,147,137,10,10
69668,107,106,1,1
69669,61,63,-2,2
69670,163,145,18,18
69671,60,59,1,1
69672,85,80,5,5
69673,152,141,11,11
69674,90,87,3,3
69675,81,77,4,4
69676,76,71,5,5
69677,95,86,9,9
69678,70,70,0,0
69679,101,92,9,9
69680,65,61,4,4
69681,78,84,-6,6
69682,94,93,1,1
69683,69,69,0,0
69684,161,148,13,13
69685,97,98,-1,1
69686,66,72,-6,6
69687,171,143,28,28
69688,93,81,12,12
69689,98,86,12,12
69690,101,99,2,2
69691,97,95,2,2
69692,74,79,-5,5
69693,88,76,12,12
69694,184,167,17,17
69695,74,78,-4,4
69696,65,74,-9,9
69697,193,160,33,33
69698,103,90,13,13
69699,57,62,-5,5
69700,113,123,-10,10
69701,145,151,-6,6
69702,60,63,-3,3
69703,128,128,0,0
69704,89,85,4,4
69705,80,81,-1,1
69706,79,71,8,8
69707,114,103,11,11
69708,200,172,28,28
69709,133,120,13,13
69710,114,100,14,14
69711,125,108,17,17
69712,82,80,2,2
69713,90,80,10,10
69714,95,88,7,7
69715,140,133,7,7
69716,96,97,-1,1
69717,186,161,25,25
69718,89,94,-5,5
69719,57,59,-2,2
69720,76,76,0,0
69721,64,64,0,0
69722,138,121,17,17
69723,97,86,11,11
69724,95,101,-6,6
69725,157,143,14,14
69726,76,70,6,6
69727,77,80,-3,3
69728,110,102,8,8
69729,191,161,30,30
69730,70,68,2,2
69731,100,107,-7,7
69732,98,97,1,1
69733,64,67,-3,3
69734,106,97,9,9
69735,95,92,3,3
69736,70,80,-10,10
69737,132,110,22,22
69738,43,39,4,4
69739,177,141,36,36
69740,59,59,0,0
69741,42,50,-8,8
69742,40,39,1,1
69743,82,36,46,46
69744,79,82,-3,3
69745,62,73,-11,11
69746,108,97,11,11
69747,103,102,1,1
69748,92,85,7,7
69749,63,67,-4,4
69750,65,67,-2,2
69751,144,133,11,11
69752,92,88,4,4
69753,129,119,10,10
69754,137,126,11,11
69755,122,119,3,3
69756,48,67,-19,19
69757,85,70,15,15
69758,90,92,-2,2
69759,82,72,10,10
69760,112,99,13,13
69761,85,83,2,2
69762,91,82,9,9
69763,78,80,-2,2
69764,69,71,-2,2
69765,121,105,16,16
69766,68,72,-4,4
69767,131,121,10,10
69768,89,87,2,2
69769,93,88,5,5
69770,54,48,6,6
69771,136,125,11,11
69772,35,73,-38,38
69773,178,148,30,30
69774,105,95,10,10
69775,145,133,12,12
69776,75,81,-6,6
69777,117,101,16,16
69778,63,65,-2,2
69779,132,119,13,13
69780,100,95,5,5
69781,67,67,0,0
69782,47,55,-8,8
69783,128,108,20,20
69784,119,118,1,1
69785,119,112,7,7
69786,93,78,15,15
69787,121,112,9,9
69788,79,72,7,7
69789,166,145,21,21
69790,87,82,5,5
69791,85,85,0,0
69792,80,82,-2,2
69793,68,71,-3,3
69794,131,124,7,7
69795,124,111,13,13
69796,146,137,9,9
69797,71,66,5,5
69798,89,96,-7,7
69799,60,66,-6,6
69800,64,62,2,2
69801,63,76,-13,13
69802,61,64,-3,3
69803,119,101,18,18
69804,83,85,-2,2
69805,96,93,3,3
69806,116,123,-7,7
69807,122,110,12,12
69808,102,90,12,12
69809,85,85,0,0
69810,129,124,5,5
69811,109,96,13,13
69812,41,44,-3,3
69813,95,95,0,0
69814,131,100,31,31
69815,98,80,18,18
69816,105,94,11,11
69817,35,48,-13,13
69818,65,63,2,2
69819,69,65,4,4
69820,72,69,3,3
69821,101,97,4,4
69822,86,81,5,5
69823,103,99,4,4
69824,110,93,17,17
69825,77,69,8,8
69826,98,75,23,23
69827,107,97,10,10
69828,72,77,-5,5
69829,109,104,5,5
69830,68,61,7,7
69831,64,61,3,3
69832,158,141,17,17
69833,112,110,2,2
69834,71,81,-10,10
69835,119,105,14,14
69836,63,67,-4,4
69837,66,66,0,0
69838,90,82,8,8
69839,114,110,4,4
69840,81,81,0,0
69841,136,117,19,19
69842,92,85,7,7
69843,46,64,-18,18
69844,48,50,-2,2
69845,99,85,14,14
69846,63,69,-6,6
69847,113,104,9,9
69848,77,80,-3,3
69849,95,97,-2,2
69850,95,91,4,4
69851,92,91,1,1
69852,77,73,4,4
69853,108,101,7,7
69854,80,78,2,2
69855,106,100,6,6
69856,193,170,23,23
69857,138,115,23,23
69858,146,132,14,14
69859,146,137,9,9
69860,121,103,18,18
69861,134,112,22,22
69862,92,90,2,2
69863,109,97,12,12
69864,94,94,0,0
69865,96,98,-2,2
69866,105,112,-7,7
69867,124,118,6,6
69868,101,92,9,9
69869,63,71,-8,8
69870,91,91,0,0
69871,75,82,-7,7
69872,89,98,-9,9
69873,134,123,11,11
69874,130,112,18,18
69875,71,81,-10,10
69876,152,138,14,14
69877,79,63,16,16
69878,82,70,12,12
69879,80,90,-10,10
69880,51,57,-6,6
69881,134,120,14,14
69882,120,99,21,21
69883,88,82,6,6
69884,66,72,-6,6
69885,40,50,-10,10
69886,81,72,9,9
69887,125,105,20,20
69888,57,59,-2,2
69889,127,107,20,20
69890,70,64,6,6
69891,144,95,49,49
69892,100,103,-3,3
69893,190,156,34,34
69894,79,79,0,0
69895,95,75,20,20
69896,86,74,12,12
69897,75,62,13,13
69898,108,96,12,12
69899,74,72,2,2
69900,110,114,-4,4
69901,121,104,17,17
69902,75,76,-1,1
69903,193,156,37,37
69904,102,93,9,9
69905,83,84,-1,1
69906,161,143,18,18
69907,43,56,-13,13
69908,157,161,-4,4
69909,152,145,7,7
69910,166,140,26,26
69911,61,58,3,3
69912,123,111,12,12
69913,77,67,10,10
69914,76,70,6,6
69915,103,103,0,0
69916,73,71,2,2
69917,94,91,3,3
69918,71,76,-5,5
69919,69,78,-9,9
69920,46,47,-1,1
69921,59,60,-1,1
69922,109,97,12,12
69923,166,155,11,11
69924,65,64,1,1
69925,97,89,8,8
69926,170,141,29,29
69927,76,79,-3,3
69928,79,78,1,1
69929,84,88,-4,4
69930,36,34,2,2
69931,149,135,14,14
69932,61,58,3,3
69933,109,103,6,6
69934,160,130,30,30
69935,96,88,8,8
69936,139,130,9,9
69937,59,59,0,0
69938,52,44,8,8
69939,148,128,20,20
69940,90,75,15,15
69941,68,60,8,8
69942,60,65,-5,5
69943,110,104,6,6
69944,80,95,-15,15
69945,37,39,-2,2
69946,75,84,-9,9
69947,62,70,-8,8
69948,66,69,-3,3
69949,99,100,-1,1
69950,105,98,7,7
69951,165,138,27,27
69952,164,145,19,19
69953,93,89,4,4
69954,58,74,-16,16
69955,93,88,5,5
69956,37,42,-5,5
69957,68,71,-3,3
69958,122,117,5,5
69959,36,41,-5,5
69960,109,100,9,9
69961,111,100,11,11
69962,39,42,-3,3
69963,139,123,16,16
69964,109,103,6,6
69965,169,148,21,21
69966,138,126,12,12
69967,104,111,-7,7
69968,170,164,6,6
69969,66,69,-3,3
69970,154,139,15,15
69971,46,54,-8,8
69972,136,115,21,21
69973,81,77,4,4
69974,390,307,83,83
69975,88,83,5,5
69976,66,77,-11,11
69977,69,69,0,0
69978,48,55,-7,7
69979,136,117,19,19
69980,85,82,3,3
69981,73,73,0,0
69982,128,127,1,1
69983,90,93,-3,3
69984,105,100,5,5
69985,127,110,17,17
69986,102,98,4,4
69987,111,99,12,12
69988,110,93,17,17
69989,92,86,6,6
69990,66,97,-31,31
69991,103,96,7,7
69992,111,97,14,14
69993,120,110,10,10
69994,96,95,1,1
69995,141,127,14,14
69996,89,95,-6,6
69997,66,69,-3,3
69998,95,82,13,13
69999,83,87,-4,4
70000,62,60,2,2
70001,136,126,10,10
70002,99,93,6,6
70003,78,70,8,8
70004,79,85,-6,6
70005,86,79,7,7
70006,70,70,0,0
70007,128,116,12,12
70008,100,80,20,20
70009,116,98,18,18
70010,165,163,2,2
70011,125,111,14,14
70012,63,70,-7,7
70013,93,96,-3,3
70014,135,115,20,20
70015,61,60,1,1
70016,55,70,-15,15
70017,95,84,11,11
70018,98,91,7,7
70019,54,58,-4,4
70020,85,83,2,2
70021,96,85,11,11
70022,132,126,6,6
70023,81,83,-2,2
70024,57,64,-7,7
70025,71,68,3,3
70026,92,89,3,3
70027,99,82,17,17
70028,87,83,4,4
70029,116,93,23,23
70030,46,52,-6,6
70031,29,26,3,3
70032,163,155,8,8
70033,110,96,14,14
70034,68,69,-1,1
70035,62,61,1,1
70036,60,55,5,5
70037,91,90,1,1
70038,35,38,-3,3
70039,61,67,-6,6
70040,101,84,17,17
70041,135,120,15,15
70042,169,155,14,14
70043,122,106,16,16
70044,182,158,24,24
70045,86,89,-3,3
70046,121,104,17,17
70047,65,61,4,4
70048,84,95,-11,11
70049,98,87,11,11
70050,61,65,-4,4
70051,71,85,-14,14
70052,54,58,-4,4
70053,130,106,24,24
70054,47,51,-4,4
70055,78,75,3,3
70056,83,72,11,11
70057,119,101,18,18
70058,86,78,8,8
70059,92,91,1,1
70060,76,76,0,0
70061,80,83,-3,3
70062,103,91,12,12
70063,113,103,10,10
70064,79,82,-3,3
70065,68,69,-1,1
70066,115,103,12,12
70067,62,70,-8,8
70068,107,109,-2,2
70069,115,101,14,14
70070,138,127,11,11
70071,115,110,5,5
70072,117,98,19,19
70073,92,128,-36,36
70074,122,106,16,16
70075,54,58,-4,4
70076,76,79,-3,3
70077,96,92,4,4
70078,57,60,-3,3
70079,108,105,3,3
70080,104,102,2,2
70081,107,101,6,6
70082,66,62,4,4
70083,57,64,-7,7
70084,72,70,2,2
70085,63,92,-29,29
70086,119,115,4,4
70087,123,108,15,15
70088,86,82,4,4
70089,121,99,22,22
70090,72,65,7,7
70091,70,71,-1,1
70092,84,73,11,11
70093,72,76,-4,4
70094,61,58,3,3
70095,128,108,20,20
70096,90,91,-1,1
70097,138,138,0,0
70098,80,80,0,0
70099,134,99,35,35
70100,135,123,12,12
70101,108,97,11,11
70102,114,100,14,14
70103,87,83,4,4
70104,29,50,-21,21
70105,84,82,2,2
70106,139,128,11,11
70107,126,109,17,17
70108,61,57,4,4
70109,22,26,-4,4
70110,61,73,-12,12
70111,74,81,-7,7
70112,120,105,15,15
70113,69,69,0,0
70114,61,69,-8,8
70115,88,90,-2,2
70116,102,102,0,0
70117,107,101,6,6
70118,103,94,9,9
70119,89,92,-3,3
70120,134,125,9,9
70121,52,62,-10,10
70122,63,89,-26,26
70123,116,98,18,18
70124,123,127,-4,4
70125,101,92,9,9
70126,58,60,-2,2
70127,95,92,3,3
70128,66,64,2,2
70129,69,68,1,1
70130,107,97,10,10
70131,118,120,-2,2
70132,155,127,28,28
70133,75,73,2,2
70134,103,92,11,11
70135,81,74,7,7
70136,94,91,3,3
70137,64,65,-1,1
70138,135,119,16,16
70139,116,126,-10,10
70140,213,172,41,41
70141,87,86,1,1
70142,109,116,-7,7
70143,149,134,15,15
70144,81,91,-10,10
70145,78,76,2,2
70146,62,62,0,0
70147,73,75,-2,2
70148,68,58,10,10
70149,103,87,16,16
70150,121,101,20,20
70151,165,140,25,25
70152,105,96,9,9
70153,71,64,7,7
70154,139,134,5,5
70155,75,96,-21,21
70156,146,142,4,4
70157,88,89,-1,1
70158,184,167,17,17
70159,122,103,19,19
70160,50,73,-23,23
70161,98,94,4,4
70162,28,76,-48,48
70163,68,59,9,9
70164,34,40,-6,6
70165,88,77,11,11
70166,87,89,-2,2
70167,91,85,6,6
70168,97,90,7,7
70169,93,77,16,16
70170,46,44,2,2
70171,63,62,1,1
70172,54,60,-6,6
70173,68,72,-4,4
70174,100,105,-5,5
70175,51,53,-2,2
70176,92,90,2,2
70177,111,104,7,7
70178,66,60,6,6
70179,60,70,-10,10
70180,66,65,1,1
70181,130,102,28,28
70182,125,103,22,22
70183,134,128,6,6
70184,139,127,12,12
70185,105,104,1,1
70186,70,71,-1,1
70187,106,94,12,12
70188,146,122,24,24
70189,144,131,13,13
70190,108,118,-10,10
70191,77,80,-3,3
70192,99,89,10,10
70193,79,78,1,1
70194,65,67,-2,2
70195,65,78,-13,13
70196,89,94,-5,5
70197,128,109,19,19
70198,95,111,-16,16
70199,131,133,-2,2
70200,48,47,1,1
70201,127,109,18,18
70202,102,98,4,4
70203,127,113,14,14
70204,53,59,-6,6
70205,148,123,25,25
70206,173,145,28,28
70207,110,101,9,9
70208,61,65,-4,4
70209,65,68,-3,3
70210,83,78,5,5
70211,125,118,7,7
70212,94,88,6,6
70213,82,79,3,3
70214,95,85,10,10
70215,48,53,-5,5
70216,112,104,8,8
70217,74,74,0,0
70218,114,99,15,15
70219,64,70,-6,6
70220,109,97,12,12
70221,163,140,23,23
70222,136,122,14,14
70223,218,176,42,42
70224,114,101,13,13
70225,152,135,17,17
70226,115,110,5,5
70227,70,75,-5,5
70228,76,73,3,3
70229,101,97,4,4
70230,122,106,16,16
70231,95,83,12,12
70232,112,131,-19,19
70233,114,107,7,7
70234,93,87,6,6
70235,56,68,-12,12
70236,110,109,1,1
70237,97,92,5,5
70238,86,93,-7,7
70239,87,81,6,6
70240,55,70,-15,15
70241,183,176,7,7
70242,99,96,3,3
70243,102,95,7,7
70244,113,103,10,10
70245,95,89,6,6
70246,191,157,34,34
70247,82,82,0,0
70248,55,52,3,3
70249,60,62,-2,2
70250,81,72,9,9
70251,87,85,2,2
70252,142,132,10,10
70253,97,82,15,15
70254,116,94,22,22
70255,73,73,0,0
70256,87,89,-2,2
70257,102,89,13,13
70258,57,62,-5,5
70259,56,63,-7,7
70260,193,146,47,47
70261,99,94,5,5
70262,61,68,-7,7
70263,90,84,6,6
70264,129,126,3,3
70265,86,84,2,2
70266,68,75,-7,7
70267,106,90,16,16
70268,101,101,0,0
70269,139,120,19,19
70270,97,99,-2,2
70271,79,85,-6,6
70272,54,60,-6,6
70273,47,55,-8,8
70274,119,103,16,16
70275,93,86,7,7
70276,70,70,0,0
70277,109,101,8,8
70278,55,70,-15,15
70279,127,123,4,4
70280,76,79,-3,3
70281,35,43,-8,8
70282,66,64,2,2
70283,72,71,1,1
70284,91,96,-5,5
70285,128,127,1,1
70286,123,115,8,8
70287,129,117,12,12
70288,106,91,15,15
70289,84,88,-4,4
70290,99,86,13,13
70291,59,58,1,1
70292,54,61,-7,7
70293,120,106,14,14
70294,188,156,32,32
70295,83,80,3,3
70296,146,124,22,22
70297,69,70,-1,1
70298,58,60,-2,2
70299,173,135,38,38
70300,131,111,20,20
70301,150,130,20,20
70302,115,104,11,11
70303,107,93,14,14
70304,131,125,6,6
70305,101,95,6,6
70306,105,87,18,18
70307,104,99,5,5
70308,138,117,21,21
70309,62,61,1,1
70310,88,90,-2,2
70311,44,45,-1,1
70312,116,110,6,6
70313,84,80,4,4
70314,80,94,-14,14
70315,112,102,10,10
70316,85,81,4,4
70317,82,75,7,7
70318,101,98,3,3
70319,123,119,4,4
70320,137,119,18,18
70321,112,95,17,17
70322,72,75,-3,3
70323,100,89,11,11
70324,106,93,13,13
70325,64,52,12,12
70326,115,98,17,17
70327,44,49,-5,5
70328,112,103,9,9
70329,113,98,15,15
70330,203,164,39,39
70331,113,99,14,14
70332,154,139,15,15
70333,88,89,-1,1
70334,88,95,-7,7
70335,56,59,-3,3
70336,116,109,7,7
70337,104,97,7,7
70338,96,87,9,9
70339,99,95,4,4
70340,98,100,-2,2
70341,128,127,1,1
70342,79,83,-4,4
70343,97,100,-3,3
70344,68,76,-8,8
70345,93,81,12,12
70346,99,93,6,6
70347,68,70,-2,2
70348,83,80,3,3
70349,85,83,2,2
70350,89,94,-5,5
70351,95,88,7,7
70352,133,116,17,17
70353,86,83,3,3
70354,94,91,3,3
70355,63,71,-8,8
70356,134,118,16,16
70357,79,81,-2,2
70358,55,54,1,1
70359,82,84,-2,2
70360,60,66,-6,6
70361,63,73,-10,10
70362,179,148,31,31
70363,127,115,12,12
70364,65,61,4,4
70365,101,98,3,3
70366,112,101,11,11
70367,66,68,-2,2
70368,104,98,6,6
70369,80,92,-12,12
70370,84,76,8,8
70371,57,58,-1,1
70372,55,54,1,1
70373,134,119,15,15
70374,125,109,16,16
70375,83,81,2,2
70376,66,64,2,2
70377,59,80,-21,21
70378,117,107,10,10
70379,103,114,-11,11
70380,101,88,13,13
70381,128,116,12,12
70382,92,93,-1,1
70383,167,144,23,23
70384,79,79,0,0
70385,121,107,14,14
70386,85,77,8,8
70387,80,62,18,18
70388,26,26,0,0
70389,52,58,-6,6
70390,58,68,-10,10
70391,137,123,14,14
70392,48,52,-4,4
70393,138,120,18,18
70394,81,68,13,13
70395,132,116,16,16
70396,111,99,12,12
70397,115,107,8,8
70398,129,117,12,12
70399,125,116,9,9
70400,138,148,-10,10
70401,51,58,-7,7
70402,131,129,2,2
70403,164,153,11,11
70404,107,88,19,19
70405,102,98,4,4
70406,66,69,-3,3
70407,59,62,-3,3
70408,60,59,1,1
70409,145,127,18,18
70410,143,132,11,11
70411,121,111,10,10
70412,98,101,-3,3
70413,107,89,18,18
70414,69,68,1,1
70415,154,141,13,13
70416,93,90,3,3
70417,93,93,0,0
70418,41,42,-1,1
70419,103,101,2,2
70420,81,80,1,1
70421,105,93,12,12
70422,60,56,4,4
70423,90,92,-2,2
70424,76,75,1,1
70425,98,92,6,6
70426,70,69,1,1
70427,49,58,-9,9
70428,113,102,11,11
70429,45,61,-16,16
70430,109,97,12,12
70431,53,59,-6,6
70432,98,82,16,16
70433,70,68,2,2
70434,91,88,3,3
70435,126,111,15,15
70436,68,58,10,10
70437,54,74,-20,20
70438,99,88,11,11
70439,85,83,2,2
70440,85,79,6,6
70441,93,92,1,1
70442,69,69,0,0
70443,59,60,-1,1
70444,47,59,-12,12
70445,83,81,2,2
70446,103,104,-1,1
70447,93,81,12,12
70448,125,122,3,3
70449,97,90,7,7
70450,103,102,1,1
70451,79,79,0,0
70452,103,108,-5,5
70453,132,114,18,18
70454,165,154,11,11
70455,132,117,15,15
70456,88,82,6,6
70457,92,83,9,9
70458,75,72,3,3
70459,108,94,14,14
70460,98,90,8,8
70461,133,132,1,1
70462,75,68,7,7
70463,187,168,19,19
70464,123,111,12,12
70465,63,82,-19,19
70466,92,97,-5,5
70467,117,110,7,7
70468,98,84,14,14
70469,247,206,41,41
70470,98,96,2,2
70471,102,88,14,14
70472,66,77,-11,11
70473,62,57,5,5
70474,84,82,2,2
70475,52,49,3,3
70476,107,98,9,9
70477,155,134,21,21
70478,118,110,8,8
70479,150,139,11,11
70480,112,99,13,13
70481,106,103,3,3
70482,61,60,1,1
70483,101,96,5,5
70484,80,68,12,12
70485,65,80,-15,15
70486,86,81,5,5
70487,74,68,6,6
70488,163,133,30,30
70489,100,96,4,4
70490,44,50,-6,6
70491,86,73,13,13
70492,119,105,14,14
70493,80,74,6,6
70494,57,64,-7,7
70495,136,119,17,17
70496,113,109,4,4
70497,75,74,1,1
70498,41,51,-10,10
70499,125,127,-2,2
70500,77,78,-1,1
70501,97,86,11,11
70502,159,150,9,9
70503,43,48,-5,5
70504,47,52,-5,5
70505,53,56,-3,3
70506,141,117,24,24
70507,79,82,-3,3
70508,74,73,1,1
70509,117,109,8,8
70510,39,46,-7,7
70511,74,79,-5,5
70512,131,123,8,8
70513,95,92,3,3
70514,152,126,26,26
70515,80,82,-2,2
70516,125,102,23,23
70517,114,109,5,5
70518,113,106,7,7
70519,58,69,-11,11
70520,98,86,12,12
70521,135,119,16,16
70522,88,92,-4,4
70523,147,135,12,12
70524,83,80,3,3
70525,145,131,14,14
70526,144,133,11,11
70527,142,119,23,23
70528,65,67,-2,2
70529,59,65,-6,6
70530,116,105,11,11
70531,51,58,-7,7
70532,48,50,-2,2
70533,113,109,4,4
70534,87,67,20,20
70535,72,77,-5,5
70536,100,92,8,8
70537,66,69,-3,3
70538,106,105,1,1
70539,128,106,22,22
70540,71,67,4,4
70541,69,75,-6,6
70542,117,121,-4,4
70543,125,114,11,11
70544,105,93,12,12
70545,43,47,-4,4
70546,154,145,9,9
70547,77,80,-3,3
70548,104,98,6,6
70549,112,103,9,9
70550,84,81,3,3
70551,69,68,1,1
70552,135,117,18,18
70553,130,110,20,20
70554,117,116,1,1
70555,47,60,-13,13
70556,114,110,4,4
70557,100,97,3,3
70558,129,124,5,5
70559,59,64,-5,5
70560,159,139,20,20
70561,61,66,-5,5
70562,51,57,-6,6
70563,92,86,6,6
70564,73,73,0,0
70565,98,80,18,18
70566,117,105,12,12
70567,100,101,-1,1
70568,54,70,-16,16
70569,76,73,3,3
70570,132,120,12,12
70571,178,123,55,55
70572,91,91,0,0
70573,127,107,20,20
70574,75,70,5,5
70575,70,71,-1,1
70576,124,114,10,10
70577,125,117,8,8
70578,80,80,0,0
70579,59,62,-3,3
70580,82,87,-5,5
70581,130,122,8,8
70582,82,85,-3,3
70583,93,81,12,12
70584,82,84,-2,2
70585,160,137,23,23
70586,83,77,6,6
70587,128,107,21,21
70588,123,104,19,19
70589,98,89,9,9
70590,104,87,17,17
70591,109,96,13,13
70592,48,49,-1,1
70593,62,61,1,1
70594,63,60,3,3
70595,63,69,-6,6
70596,115,101,14,14
70597,94,85,9,9
70598,94,94,0,0
70599,91,87,4,4
70600,141,131,10,10
70601,162,144,18,18
70602,91,90,1,1
70603,88,88,0,0
70604,117,114,3,3
70605,52,52,0,0
70606,57,59,-2,2
70607,106,84,22,22
70608,77,82,-5,5
70609,58,61,-3,3
70610,85,76,9,9
70611,110,97,13,13
70612,74,82,-8,8
70613,97,82,15,15
70614,58,61,-3,3
70615,92,92,0,0
70616,97,92,5,5
70617,73,75,-2,2
70618,89,88,1,1
70619,108,96,12,12
70620,129,112,17,17
70621,83,78,5,5
70622,97,88,9,9
70623,88,83,5,5
70624,88,80,8,8
70625,74,79,-5,5
70626,103,102,1,1
70627,93,82,11,11
70628,39,44,-5,5
70629,168,141,27,27
70630,102,87,15,15
70631,77,81,-4,4
70632,209,193,16,16
70633,88,82,6,6
70634,88,91,-3,3
70635,95,95,0,0
70636,113,97,16,16
70637,109,103,6,6
70638,93,93,0,0
70639,167,142,25,25
70640,55,73,-18,18
70641,115,106,9,9
70642,101,98,3,3
70643,52,62,-10,10
70644,155,143,12,12
70645,47,57,-10,10
70646,123,116,7,7
70647,71,69,2,2
70648,109,106,3,3
70649,63,70,-7,7
70650,132,130,2,2
70651,74,77,-3,3
70652,89,94,-5,5
70653,131,118,13,13
70654,71,73,-2,2
70655,100,82,18,18
70656,76,88,-12,12
70657,67,66,1,1
70658,121,100,21,21
70659,45,59,-14,14
70660,79,67,12,12
70661,145,131,14,14
70662,242,193,49,49
70663,64,70,-6,6
70664,146,125,21,21
70665,80,76,4,4
70666,135,129,6,6
70667,94,85,9,9
70668,88,80,8,8
70669,119,112,7,7
70670,129,113,16,16
70671,86,82,4,4
70672,60,58,2,2
70673,148,141,7,7
70674,43,59,-16,16
70675,41,46,-5,5
70676,272,224,48,48
70677,116,92,24,24
70678,86,80,6,6
70679,69,73,-4,4
70680,51,54,-3,3
70681,80,80,0,0
70682,83,80,3,3
70683,108,102,6,6
70684,66,63,3,3
70685,178,168,10,10
70686,138,128,10,10
70687,124,105,19,19
70688,58,57,1,1
70689,93,91,2,2
70690,135,118,17,17
70691,98,78,20,20
70692,91,80,11,11
70693,83,74,9,9
70694,192,166,26,26
70695,119,98,21,21
70696,44,58,-14,14
70697,83,82,1,1
70698,75,79,-4,4
70699,216,189,27,27
70700,178,157,21,21
70701,81,81,0,0
70702,56,69,-13,13
70703,85,83,2,2
70704,87,83,4,4
70705,77,75,2,2
70706,73,74,-1,1
70707,122,114,8,8
70708,169,137,32,32
70709,155,129,26,26
70710,111,104,7,7
70711,37,45,-8,8
70712,116,109,7,7
70713,107,97,10,10
70714,63,69,-6,6
70715,97,87,10,10
70716,108,89,19,19
70717,94,93,1,1
70718,56,58,-2,2
70719,49,47,2,2
70720,87,89,-2,2
70721,110,106,4,4
70722,89,95,-6,6
70723,87,78,9,9
70724,127,118,9,9
70725,82,81,1,1
70726,58,59,-1,1
70727,69,70,-1,1
70728,66,64,2,2
70729,62,78,-16,16
70730,80,80,0,0
70731,62,65,-3,3
70732,46,50,-4,4
70733,48,69,-21,21
70734,77,72,5,5
70735,99,107,-8,8
70736,98,95,3,3
70737,87,83,4,4
70738,63,70,-7,7
70739,114,109,5,5
70740,121,116,5,5
70741,70,70,0,0
70742,118,101,17,17
70743,116,104,12,12
70744,89,92,-3,3
70745,100,92,8,8
70746,249,232,17,17
70747,202,166,36,36
70748,152,132,20,20
70749,140,124,16,16
70750,162,139,23,23
70751,90,85,5,5
70752,132,112,20,20
70753,79,70,9,9
70754,73,70,3,3
70755,115,99,16,16
70756,188,160,28,28
70757,72,71,1,1
70758,112,108,4,4
70759,131,113,18,18
70760,128,122,6,6
70761,125,116,9,9
70762,133,115,18,18
70763,159,137,22,22
70764,96,91,5,5
70765,85,84,1,1
70766,103,97,6,6
70767,74,70,4,4
70768,139,128,11,11
70769,114,103,11,11
70770,35,40,-5,5
70771,56,62,-6,6
70772,85,86,-1,1
70773,111,95,16,16
70774,107,100,7,7
70775,138,128,10,10
70776,79,75,4,4
70777,89,86,3,3
70778,97,86,11,11
70779,88,81,7,7
70780,77,80,-3,3
70781,83,76,7,7
70782,138,128,10,10
70783,109,101,8,8
70784,58,68,-10,10
70785,65,70,-5,5
70786,97,97,0,0
70787,95,93,2,2
70788,93,89,4,4
70789,80,82,-2,2
70790,88,78,10,10
70791,104,102,2,2
70792,72,76,-4,4
70793,75,70,5,5
70794,88,86,2,2
70795,104,106,-2,2
70796,70,69,1,1
70797,83,85,-2,2
70798,108,92,16,16
70799,84,77,7,7
70800,91,92,-1,1
70801,115,109,6,6
70802,80,81,-1,1
70803,122,117,5,5
70804,116,106,10,10
70805,119,105,14,14
70806,105,101,4,4
70807,80,81,-1,1
70808,63,80,-17,17
70809,108,107,1,1
70810,73,70,3,3
70811,116,110,6,6
70812,101,87,14,14
70813,78,79,-1,1
70814,137,129,8,8
70815,94,95,-1,1
70816,63,59,4,4
70817,122,124,-2,2
70818,145,127,18,18
70819,110,95,15,15
70820,86,78,8,8
70821,160,139,21,21
70822,149,129,20,20
70823,93,82,11,11
70824,77,70,7,7
70825,43,51,-8,8
70826,85,87,-2,2
70827,85,77,8,8
70828,71,69,2,2
70829,68,75,-7,7
70830,85,86,-1,1
70831,74,81,-7,7
70832,152,150,2,2
70833,161,135,26,26
70834,130,124,6,6
70835,83,76,7,7
70836,102,100,2,2
70837,96,99,-3,3
70838,111,106,5,5
70839,41,45,-4,4
70840,54,60,-6,6
70841,119,108,11,11
70842,89,74,15,15
70843,105,92,13,13
70844,163,140,23,23
70845,102,94,8,8
70846,90,87,3,3
70847,52,64,-12,12
70848,61,62,-1,1
70849,84,89,-5,5
70850,87,86,1,1
70851,56,71,-15,15
70852,86,94,-8,8
70853,153,133,20,20
70854,130,108,22,22
70855,171,145,26,26
70856,81,80,1,1
70857,76,71,5,5
70858,82,88,-6,6
70859,114,111,3,3
70860,103,99,4,4
70861,98,94,4,4
70862,130,119,11,11
70863,145,117,28,28
70864,66,80,-14,14
70865,136,107,29,29
70866,96,99,-3,3
70867,35,49,-14,14
70868,77,76,1,1
70869,108,99,9,9
70870,91,99,-8,8
70871,68,73,-5,5
70872,114,108,6,6
70873,38,44,-6,6
70874,123,98,25,25
70875,81,80,1,1
70876,96,83,13,13
70877,89,85,4,4
70878,129,131,-2,2
70879,93,90,3,3
70880,57,59,-2,2
70881,81,77,4,4
70882,137,118,19,19
70883,83,73,10,10
70884,97,92,5,5
70885,100,97,3,3
70886,83,87,-4,4
70887,94,82,12,12
70888,87,95,-8,8
70889,154,135,19,19
70890,126,107,19,19
70891,74,71,3,3
70892,87,87,0,0
70893,62,71,-9,9
70894,61,61,0,0
70895,94,81,13,13
70896,91,82,9,9
70897,67,69,-2,2
70898,87,80,7,7
70899,58,64,-6,6
70900,126,111,15,15
70901,102,91,11,11
70902,97,97,0,0
70903,60,64,-4,4
70904,84,82,2,2
70905,168,121,47,47
70906,89,85,4,4
70907,60,59,1,1
70908,99,95,4,4
70909,119,107,12,12
70910,90,85,5,5
70911,150,138,12,12
70912,95,93,2,2
70913,79,80,-1,1
70914,45,47,-2,2
70915,101,88,13,13
70916,123,107,16,16
70917,145,130,15,15
70918,56,61,-5,5
70919,83,82,1,1
70920,48,53,-5,5
70921,65,62,3,3
70922,102,101,1,1
70923,75,73,2,2
70924,194,190,4,4
70925,55,61,-6,6
70926,61,61,0,0
70927,97,89,8,8
70928,123,116,7,7
70929,47,55,-8,8
70930,99,107,-8,8
70931,88,83,5,5
70932,65,66,-1,1
70933,71,71,0,0
70934,140,124,16,16
70935,113,106,7,7
70936,70,73,-3,3
70937,123,114,9,9
70938,113,96,17,17
70939,170,141,29,29
70940,101,101,0,0
70941,113,98,15,15
70942,102,95,7,7
70943,74,76,-2,2
70944,73,81,-8,8
70945,90,95,-5,5
70946,62,63,-1,1
70947,104,114,-10,10
70948,119,108,11,11
70949,71,64,7,7
70950,129,126,3,3
70951,48,58,-10,10
70952,149,142,7,7
70953,63,62,1,1
70954,115,105,10,10
70955,110,104,6,6
70956,93,110,-17,17
70957,100,98,2,2
70958,90,89,1,1
70959,46,54,-8,8
70960,126,108,18,18
70961,99,94,5,5
70962,65,63,2,2
70963,77,74,3,3
70964,70,64,6,6
70965,82,87,-5,5
70966,91,89,2,2
70967,142,123,19,19
70968,73,69,4,4
70969,146,124,22,22
70970,106,98,8,8
70971,185,166,19,19
70972,72,73,-1,1
70973,119,101,18,18
70974,56,62,-6,6
70975,110,96,14,14
70976,94,87,7,7
70977,79,84,-5,5
70978,50,50,0,0
70979,86,82,4,4
70980,73,71,2,2
70981,81,80,1,1
70982,68,72,-4,4
70983,69,73,-4,4
70984,135,114,21,21
70985,162,131,31,31
70986,107,99,8,8
70987,74,75,-1,1
70988,61,66,-5,5
70989,101,86,15,15
70990,70,66,4,4
70991,101,114,-13,13
70992,61,62,-1,1
70993,103,98,5,5
70994,47,102,-55,55
70995,87,86,1,1
70996,73,73,0,0
70997,100,83,17,17
70998,97,83,14,14
70999,75,80,-5,5
71000,77,74,3,3
71001,59,56,3,3
71002,136,126,10,10
71003,44,47,-3,3
71004,149,130,19,19
71005,85,85,0,0
71006,132,122,10,10
71007,54,59,-5,5
71008,98,88,10,10
71009,102,105,-3,3
71010,122,112,10,10
71011,70,69,1,1
71012,121,113,8,8
71013,86,85,1,1
71014,99,94,5,5
71015,71,68,3,3
71016,113,105,8,8
71017,100,93,7,7
71018,61,60,1,1
71019,69,72,-3,3
71020,103,107,-4,4
71021,122,130,-8,8
71022,90,80,10,10
71023,113,95,18,18
71024,99,102,-3,3
71025,100,87,13,13
71026,77,79,-2,2
71027,84,80,4,4
71028,101,92,9,9
71029,86,85,1,1
71030,43,46,-3,3
71031,73,77,-4,4
71032,128,115,13,13
71033,81,71,10,10
71034,67,59,8,8
71035,137,121,16,16
71036,77,73,4,4
71037,52,59,-7,7
71038,103,106,-3,3
71039,107,98,9,9
71040,101,89,12,12
71041,80,80,0,0
71042,114,106,8,8
71043,112,106,6,6
71044,118,97,21,21
71045,110,103,7,7
71046,88,82,6,6
71047,63,84,-21,21
71048,125,105,20,20
71049,126,105,21,21
71050,68,79,-11,11
71051,59,61,-2,2
71052,69,70,-1,1
71053,90,80,10,10
71054,108,104,4,4
71055,80,80,0,0
71056,63,64,-1,1
71057,52,55,-3,3
71058,72,77,-5,5
71059,76,79,-3,3
71060,92,89,3,3
71061,133,142,-9,9
71062,65,71,-6,6
71063,69,66,3,3
71064,121,102,19,19
71065,92,82,10,10
71066,67,69,-2,2
71067,134,117,17,17
71068,81,75,6,6
71069,68,79,-11,11
71070,67,70,-3,3
71071,52,55,-3,3
71072,107,101,6,6
71073,120,108,12,12
71074,133,124,9,9
71075,150,123,27,27
71076,124,128,-4,4
71077,86,84,2,2
71078,29,33,-4,4
71079,170,140,30,30
71080,88,87,1,1
71081,158,135,23,23
71082,58,60,-2,2
71083,129,111,18,18
71084,94,86,8,8
71085,116,109,7,7
71086,159,138,21,21
71087,86,81,5,5
71088,174,158,16,16
71089,104,92,12,12
71090,90,79,11,11
71091,101,95,6,6
71092,107,103,4,4
71093,133,110,23,23
71094,70,64,6,6
71095,100,94,6,6
71096,174,156,18,18
71097,41,44,-3,3
71098,85,83,2,2
71099,76,73,3,3
71100,73,75,-2,2
71101,131,121,10,10
71102,83,80,3,3
71103,88,92,-4,4
71104,128,119,9,9
71105,86,87,-1,1
71106,163,145,18,18
71107,104,98,6,6
71108,50,52,-2,2
71109,114,91,23,23
71110,108,103,5,5
71111,72,76,-4,4
71112,63,64,-1,1
71113,51,57,-6,6
71114,94,91,3,3
71115,76,69,7,7
71116,39,41,-2,2
71117,100,96,4,4
71118,64,62,2,2
71119,87,82,5,5
71120,112,99,13,13
71121,105,101,4,4
71122,84,85,-1,1
71123,135,118,17,17
71124,66,63,3,3
71125,164,144,20,20
71126,53,57,-4,4
71127,131,108,23,23
71128,97,91,6,6
71129,44,55,-11,11
71130,85,85,0,0
71131,58,51,7,7
71132,105,106,-1,1
71133,51,54,-3,3
71134,67,68,-1,1
71135,82,88,-6,6
71136,100,89,11,11
71137,154,124,30,30
71138,89,90,-1,1
71139,88,80,8,8
71140,104,84,20,20
71141,82,72,10,10
71142,97,92,5,5
71143,87,97,-10,10
71144,71,62,9,9
71145,87,91,-4,4
71146,71,70,1,1
71147,168,147,21,21
71148,124,105,19,19
71149,75,67,8,8
71150,137,101,36,36
71151,131,118,13,13
71152,161,149,12,12
71153,80,76,4,4
71154,109,101,8,8
71155,65,69,-4,4
71156,152,139,13,13
71157,120,107,13,13
71158,116,108,8,8
71159,82,95,-13,13
71160,214,176,38,38
71161,75,73,2,2
71162,95,83,12,12
71163,120,106,14,14
71164,126,115,11,11
71165,112,100,12,12
71166,115,115,0,0
71167,94,87,7,7
71168,84,85,-1,1
71169,99,97,2,2
71170,69,67,2,2
71171,62,59,3,3
71172,106,100,6,6
71173,110,98,12,12
71174,78,80,-2,2
71175,161,170,-9,9
71176,140,98,42,42
71177,83,94,-11,11
71178,110,96,14,14
71179,50,54,-4,4
71180,160,134,26,26
71181,93,84,9,9
71182,161,145,16,16
71183,37,45,-8,8
71184,58,53,5,5
71185,109,113,-4,4
71186,99,96,3,3
71187,124,132,-8,8
71188,65,60,5,5
71189,113,101,12,12
71190,114,117,-3,3
71191,127,108,19,19
71192,99,89,10,10
71193,83,80,3,3
71194,74,79,-5,5
71195,112,111,1,1
71196,76,74,2,2
71197,86,80,6,6
71198,59,67,-8,8
71199,185,149,36,36
71200,113,90,23,23
71201,90,84,6,6
71202,60,67,-7,7
71203,136,111,25,25
71204,94,89,5,5
71205,100,90,10,10
71206,93,87,6,6
71207,80,80,0,0
71208,138,110,28,28
71209,123,110,13,13
71210,84,81,3,3
71211,96,99,-3,3
71212,123,110,13,13
71213,46,83,-37,37
71214,54,52,2,2
71215,135,125,10,10
71216,135,110,25,25
71217,79,81,-2,2
71218,127,109,18,18
71219,75,79,-4,4
71220,43,61,-18,18
71221,107,85,22,22
71222,86,77,9,9
71223,114,108,6,6
71224,56,55,1,1
71225,80,77,3,3
71226,86,80,6,6
71227,62,58,4,4
71228,78,69,9,9
71229,158,146,12,12
71230,96,104,-8,8
71231,88,84,4,4
71232,62,60,2,2
71233,116,101,15,15
71234,103,99,4,4
71235,108,111,-3,3
71236,96,93,3,3
71237,65,69,-4,4
71238,64,69,-5,5
71239,136,116,20,20
71240,92,93,-1,1
71241,66,58,8,8
71242,106,103,3,3
71243,168,137,31,31
71244,91,91,0,0
71245,90,92,-2,2
71246,83,82,1,1
71247,198,173,25,25
71248,98,96,2,2
71249,116,93,23,23
71250,77,80,-3,3
71251,95,87,8,8
71252,113,105,8,8
71253,102,94,8,8
71254,54,56,-2,2
71255,138,130,8,8
71256,76,77,-1,1
71257,58,56,2,2
71258,74,71,3,3
71259,93,97,-4,4
71260,56,77,-21,21
71261,139,131,8,8
71262,169,157,12,12
71263,131,122,9,9
71264,64,51,13,13
71265,89,91,-2,2
71266,111,97,14,14
71267,149,132,17,17
71268,86,80,6,6
71269,67,90,-23,23
71270,54,58,-4,4
71271,47,56,-9,9
71272,43,48,-5,5
71273,90,91,-1,1
71274,139,115,24,24
71275,62,65,-3,3
71276,67,72,-5,5
71277,75,77,-2,2
71278,87,82,5,5
71279,82,79,3,3
71280,41,51,-10,10
71281,86,83,3,3
71282,151,128,23,23
71283,87,81,6,6
71284,107,101,6,6
71285,67,66,1,1
71286,90,96,-6,6
71287,133,120,13,13
71288,42,46,-4,4
71289,124,108,16,16
71290,66,66,0,0
71291,74,76,-2,2
71292,54,55,-1,1
71293,123,108,15,15
71294,137,125,12,12
71295,67,65,2,2
71296,113,111,2,2
71297,103,91,12,12
71298,161,132,29,29
71299,114,101,13,13
71300,112,120,-8,8
71301,103,99,4,4
71302,112,108,4,4
71303,123,120,3,3
71304,65,69,-4,4
71305,97,85,12,12
71306,68,61,7,7
71307,69,69,0,0
71308,69,64,5,5
71309,143,124,19,19
71310,107,98,9,9
71311,59,79,-20,20
71312,125,110,15,15
71313,57,64,-7,7
71314,108,105,3,3
71315,86,85,1,1
71316,98,92,6,6
71317,82,80,2,2
71318,87,111,-24,24
71319,65,69,-4,4
71320,96,84,12,12
71321,60,57,3,3
71322,77,77,0,0
71323,81,77,4,4
71324,147,133,14,14
71325,75,70,5,5
71326,75,71,4,4
71327,85,90,-5,5
71328,94,88,6,6
71329,158,144,14,14
71330,103,80,23,23
71331,125,108,17,17
71332,119,131,-12,12
71333,109,101,8,8
71334,64,59,5,5
71335,74,77,-3,3
71336,33,39,-6,6
71337,104,92,12,12
71338,73,80,-7,7
71339,148,117,31,31
71340,57,65,-8,8
71341,62,59,3,3
71342,143,125,18,18
71343,96,102,-6,6
71344,61,63,-2,2
71345,126,116,10,10
71346,66,81,-15,15
71347,97,98,-1,1
71348,58,61,-3,3
71349,85,82,3,3
71350,207,163,44,44
71351,114,105,9,9
71352,105,96,9,9
71353,92,88,4,4
71354,80,79,1,1
71355,97,92,5,5
71356,93,91,2,2
71357,55,58,-3,3
71358,89,82,7,7
71359,116,106,10,10
71360,98,94,4,4
71361,79,73,6,6
71362,127,117,10,10
71363,112,100,12,12
71364,131,108,23,23
71365,92,89,3,3
71366,81,79,2,2
71367,236,197,39,39
71368,110,112,-2,2
71369,66,72,-6,6
71370,100,103,-3,3
71371,98,96,2,2
71372,118,102,16,16
71373,91,92,-1,1
71374,162,132,30,30
71375,77,72,5,5
71376,67,68,-1,1
71377,131,117,14,14
71378,103,98,5,5
71379,57,59,-2,2
71380,93,81,12,12
71381,72,79,-7,7
71382,67,59,8,8
71383,49,61,-12,12
71384,72,71,1,1
71385,56,56,0,0
71386,154,159,-5,5
71387,72,79,-7,7
71388,44,54,-10,10
71389,97,93,4,4
71390,173,129,44,44
71391,151,130,21,21
71392,92,82,10,10
71393,41,59,-18,18
71394,101,100,1,1
71395,151,121,30,30
71396,112,97,15,15
71397,82,82,0,0
71398,147,129,18,18
71399,104,87,17,17
71400,156,133,23,23
71401,69,66,3,3
71402,88,89,-1,1
71403,49,59,-10,10
71404,72,74,-2,2
71405,87,84,3,3
71406,83,79,4,4
71407,78,67,11,11
71408,109,104,5,5
71409,118,119,-1,1
71410,146,168,-22,22
71411,95,85,10,10
71412,139,123,16,16
71413,112,108,4,4
71414,74,81,-7,7
71415,101,100,1,1
71416,69,69,0,0
71417,60,59,1,1
71418,52,55,-3,3
71419,70,72,-2,2
71420,52,53,-1,1
71421,93,93,0,0
71422,75,75,0,0
71423,50,64,-14,14
71424,64,67,-3,3
71425,167,130,37,37
71426,59,60,-1,1
71427,117,110,7,7
71428,97,92,5,5
71429,93,93,0,0
71430,70,73,-3,3
71431,91,80,11,11
71432,52,57,-5,5
71433,97,96,1,1
71434,66,55,11,11
71435,91,85,6,6
71436,72,98,-26,26
71437,113,100,13,13
71438,91,83,8,8
71439,50,64,-14,14
71440,85,96,-11,11
71441,167,145,22,22
71442,78,81,-3,3
71443,149,129,20,20
71444,102,93,9,9
71445,116,106,10,10
71446,69,79,-10,10
71447,63,66,-3,3
71448,108,106,2,2
71449,81,77,4,4
71450,82,80,2,2
71451,113,105,8,8
71452,83,81,2,2
71453,97,87,10,10
71454,78,88,-10,10
71455,102,95,7,7
71456,109,104,5,5
71457,64,76,-12,12
71458,98,95,3,3
71459,156,128,28,28
71460,126,114,12,12
71461,90,89,1,1
71462,122,111,11,11
71463,67,70,-3,3
71464,60,59,1,1
71465,60,65,-5,5
71466,73,71,2,2
71467,135,126,9,9
71468,116,103,13,13
71469,92,86,6,6
71470,116,108,8,8
71471,76,74,2,2
71472,137,124,13,13
71473,38,50,-12,12
71474,212,171,41,41
71475,115,104,11,11
71476,170,146,24,24
71477,140,143,-3,3
71478,194,150,44,44
71479,119,104,15,15
71480,46,52,-6,6
71481,67,68,-1,1
71482,114,101,13,13
71483,107,116,-9,9
71484,83,92,-9,9
71485,103,95,8,8
71486,75,82,-7,7
71487,117,146,-29,29
71488,59,59,0,0
71489,68,90,-22,22
71490,117,111,6,6
71491,142,117,25,25
71492,50,47,3,3
71493,72,76,-4,4
71494,114,117,-3,3
71495,161,144,17,17
71496,104,97,7,7
71497,241,199,42,42
71498,72,73,-1,1
71499,89,90,-1,1
71500,76,75,1,1
71501,97,96,1,1
71502,93,82,11,11
71503,73,64,9,9
71504,67,57,10,10
71505,89,89,0,0
71506,91,90,1,1
71507,112,106,6,6
71508,156,144,12,12
71509,59,63,-4,4
71510,71,79,-8,8
71511,35,39,-4,4
71512,60,61,-1,1
71513,151,142,9,9
71514,83,82,1,1
71515,114,111,3,3
71516,66,61,5,5
71517,68,72,-4,4
71518,128,113,15,15
71519,168,132,36,36
71520,84,82,2,2
71521,87,86,1,1
71522,94,89,5,5
71523,44,56,-12,12
71524,93,93,0,0
71525,135,117,18,18
71526,80,76,4,4
71527,105,92,13,13
71528,86,84,2,2
71529,115,109,6,6
71530,183,148,35,35
71531,120,104,16,16
71532,25,33,-8,8
71533,53,55,-2,2
71534,131,107,24,24
71535,164,142,22,22
71536,74,73,1,1
71537,125,109,16,16
71538,91,93,-2,2
71539,106,90,16,16
71540,95,88,7,7
71541,75,70,5,5
71542,114,99,15,15
71543,70,66,4,4
71544,89,80,9,9
71545,37,34,3,3
71546,90,82,8,8
71547,60,61,-1,1
71548,106,104,2,2
71549,59,64,-5,5
71550,114,113,1,1
71551,69,67,2,2
71552,96,96,0,0
71553,90,95,-5,5
71554,132,129,3,3
71555,117,111,6,6
71556,78,79,-1,1
71557,63,70,-7,7
71558,96,99,-3,3
71559,132,100,32,32
71560,83,80,3,3
71561,114,104,10,10
71562,109,102,7,7
71563,97,86,11,11
71564,81,80,1,1
71565,95,91,4,4
71566,82,82,0,0
71567,127,121,6,6
71568,108,104,4,4
71569,91,98,-7,7
71570,87,82,5,5
71571,92,84,8,8
71572,165,144,21,21
71573,85,83,2,2
71574,50,58,-8,8
71575,62,60,2,2
71576,97,96,1,1
71577,87,89,-2,2
71578,66,60,6,6
71579,76,72,4,4
71580,75,79,-4,4
71581,172,148,24,24
71582,45,54,-9,9
71583,86,86,0,0
71584,73,81,-8,8
71585,189,149,40,40
71586,65,67,-2,2
71587,76,75,1,1
71588,95,90,5,5
71589,95,86,9,9
71590,87,86,1,1
71591,108,100,8,8
71592,91,81,10,10
71593,69,78,-9,9
71594,141,134,7,7
71595,75,77,-2,2
71596,82,84,-2,2
71597,55,58,-3,3
71598,55,68,-13,13
71599,121,111,10,10
71600,55,50,5,5
71601,131,109,22,22
71602,111,97,14,14
71603,52,61,-9,9
71604,141,118,23,23
71605,82,81,1,1
71606,49,55,-6,6
71607,67,80,-13,13
71608,65,68,-3,3
71609,116,109,7,7
71610,112,106,6,6
71611,117,104,13,13
71612,137,123,14,14
71613,95,97,-2,2
71614,59,64,-5,5
71615,84,91,-7,7
71616,89,78,11,11
71617,137,126,11,11
71618,194,150,44,44
71619,144,117,27,27
71620,106,92,14,14
71621,122,102,20,20
71622,67,75,-8,8
71623,104,100,4,4
71624,114,104,10,10
71625,84,91,-7,7
71626,49,65,-16,16
71627,232,174,58,58
71628,79,72,7,7
71629,101,101,0,0
71630,105,97,8,8
71631,104,99,5,5
71632,221,173,48,48
71633,124,99,25,25
71634,154,131,23,23
71635,110,99,11,11
71636,75,76,-1,1
71637,175,153,22,22
71638,162,150,12,12
71639,169,136,33,33
71640,82,91,-9,9
71641,69,70,-1,1
71642,63,66,-3,3
71643,101,98,3,3
71644,59,59,0,0
71645,123,113,10,10
71646,105,104,1,1
71647,99,85,14,14
71648,58,65,-7,7
71649,103,96,7,7
71650,77,83,-6,6
71651,64,59,5,5
71652,49,49,0,0
71653,96,89,7,7
71654,78,78,0,0
71655,124,119,5,5
71656,66,85,-19,19
71657,163,138,25,25
71658,140,138,2,2
71659,77,80,-3,3
71660,55,63,-8,8
71661,64,61,3,3
71662,73,83,-10,10
71663,86,85,1,1
71664,87,86,1,1
71665,80,82,-2,2
71666,74,80,-6,6
71667,69,65,4,4
71668,118,109,9,9
71669,74,80,-6,6
71670,162,143,19,19
71671,63,68,-5,5
71672,88,83,5,5
71673,105,101,4,4
71674,70,59,11,11
71675,86,91,-5,5
71676,82,79,3,3
71677,181,163,18,18
71678,60,61,-1,1
71679,139,128,11,11
71680,45,41,4,4
71681,84,82,2,2
71682,87,80,7,7
71683,94,81,13,13
71684,94,87,7,7
71685,102,115,-13,13
71686,82,79,3,3
71687,102,85,17,17
71688,51,53,-2,2
71689,91,87,4,4
71690,92,89,3,3
71691,119,111,8,8
71692,98,97,1,1
71693,92,84,8,8
71694,144,126,18,18
71695,117,113,4,4
71696,61,58,3,3
71697,55,52,3,3
71698,89,82,7,7
71699,83,82,1,1
71700,122,103,19,19
71701,101,100,1,1
71702,71,74,-3,3
71703,183,165,18,18
71704,79,80,-1,1
71705,68,80,-12,12
71706,124,111,13,13
71707,96,86,10,10
71708,82,79,3,3
71709,99,101,-2,2
71710,145,115,30,30
71711,143,130,13,13
71712,131,123,8,8
71713,83,79,4,4
71714,118,123,-5,5
71715,65,69,-4,4
71716,52,60,-8,8
71717,78,74,4,4
71718,76,75,1,1
71719,142,122,20,20
71720,90,82,8,8
71721,64,67,-3,3
71722,70,70,0,0
71723,81,88,-7,7
71724,155,134,21,21
71725,94,99,-5,5
71726,64,63,1,1
71727,83,80,3,3
71728,112,104,8,8
71729,112,91,21,21
71730,132,119,13,13
71731,84,79,5,5
71732,63,67,-4,4
71733,78,81,-3,3
71734,143,121,22,22
71735,71,75,-4,4
71736,94,87,7,7
71737,75,74,1,1
71738,54,64,-10,10
71739,81,71,10,10
71740,72,77,-5,5
71741,95,90,5,5
71742,136,120,16,16
71743,89,82,7,7
71744,66,70,-4,4
71745,95,88,7,7
71746,85,82,3,3
71747,114,106,8,8
71748,70,65,5,5
71749,70,83,-13,13
71750,115,110,5,5
71751,139,128,11,11
71752,104,95,9,9
71753,65,64,1,1
71754,145,122,23,23
71755,108,101,7,7
71756,81,82,-1,1
71757,85,74,11,11
71758,59,68,-9,9
71759,146,139,7,7
71760,89,97,-8,8
71761,94,89,5,5
71762,82,79,3,3
71763,58,64,-6,6
71764,78,77,1,1
71765,92,82,10,10
71766,65,64,1,1
71767,100,92,8,8
71768,126,110,16,16
71769,115,102,13,13
71770,64,61,3,3
71771,67,72,-5,5
71772,114,98,16,16
71773,73,72,1,1
71774,86,81,5,5
71775,92,82,10,10
71776,393,346,47,47
71777,121,126,-5,5
71778,77,82,-5,5
71779,106,86,20,20
71780,81,80,1,1
71781,99,84,15,15
71782,150,135,15,15
71783,98,94,4,4
71784,107,103,4,4
71785,59,58,1,1
71786,53,50,3,3
71787,99,89,10,10
71788,138,124,14,14
71789,58,62,-4,4
71790,85,82,3,3
71791,129,114,15,15
71792,60,58,2,2
71793,67,63,4,4
71794,107,97,10,10
71795,42,51,-9,9
71796,73,72,1,1
71797,81,89,-8,8
71798,154,118,36,36
71799,84,80,4,4
71800,67,70,-3,3
71801,62,58,4,4
71802,93,86,7,7
71803,119,107,12,12
71804,112,99,13,13
71805,146,127,19,19
71806,45,44,1,1
71807,127,112,15,15
71808,87,83,4,4
71809,122,113,9,9
71810,83,76,7,7
71811,116,106,10,10
71812,95,95,0,0
71813,101,98,3,3
71814,132,121,11,11
71815,116,105,11,11
71816,79,71,8,8
71817,94,87,7,7
71818,131,114,17,17
71819,61,60,1,1
71820,66,68,-2,2
71821,78,82,-4,4
71822,145,133,12,12
71823,166,151,15,15
71824,88,80,8,8
71825,99,87,12,12
71826,85,86,-1,1
71827,62,64,-2,2
71828,85,84,1,1
71829,103,96,7,7
71830,123,136,-13,13
71831,43,50,-7,7
71832,89,94,-5,5
71833,61,63,-2,2
71834,65,66,-1,1
71835,81,80,1,1
71836,77,71,6,6
71837,118,112,6,6
71838,53,53,0,0
71839,90,81,9,9
71840,101,110,-9,9
71841,88,84,4,4
71842,136,123,13,13
71843,142,124,18,18
71844,79,70,9,9
71845,124,114,10,10
71846,69,69,0,0
71847,55,58,-3,3
71848,84,82,2,2
71849,34,41,-7,7
71850,86,77,9,9
71851,67,60,7,7
71852,234,194,40,40
71853,175,154,21,21
71854,50,49,1,1
71855,75,70,5,5
71856,61,62,-1,1
71857,103,95,8,8
71858,59,60,-1,1
71859,83,90,-7,7
71860,50,49,1,1
71861,89,85,4,4
71862,65,72,-7,7
71863,140,114,26,26
71864,158,141,17,17
71865,113,110,3,3
71866,118,111,7,7
71867,172,140,32,32
71868,119,115,4,4
71869,106,100,6,6
71870,146,131,15,15
71871,72,72,0,0
71872,84,81,3,3
71873,78,80,-2,2
71874,58,58,0,0
71875,85,75,10,10
71876,137,119,18,18
71877,86,108,-22,22
71878,78,72,6,6
71879,88,89,-1,1
71880,108,99,9,9
71881,104,93,11,11
71882,77,87,-10,10
71883,101,95,6,6
71884,109,99,10,10
71885,84,80,4,4
71886,70,65,5,5
71887,134,128,6,6
71888,51,47,4,4
71889,128,118,10,10
71890,103,105,-2,2
71891,76,76,0,0
71892,101,105,-4,4
71893,92,89,3,3
71894,72,77,-5,5
71895,68,71,-3,3
71896,84,84,0,0
71897,88,86,2,2
71898,119,118,1,1
71899,56,48,8,8
71900,31,38,-7,7
71901,91,90,1,1
71902,163,142,21,21
71903,124,106,18,18
71904,71,66,5,5
71905,101,89,12,12
71906,112,132,-20,20
71907,103,97,6,6
71908,74,71,3,3
71909,57,64,-7,7
71910,137,125,12,12
71911,124,107,17,17
71912,77,90,-13,13
71913,83,80,3,3
71914,66,80,-14,14
71915,110,93,17,17
71916,65,68,-3,3
71917,98,97,1,1
71918,87,84,3,3
71919,90,81,9,9
71920,140,128,12,12
71921,116,105,11,11
71922,128,109,19,19
71923,73,70,3,3
71924,155,157,-2,2
71925,96,99,-3,3
71926,115,110,5,5
71927,63,64,-1,1
71928,57,56,1,1
71929,113,114,-1,1
71930,104,91,13,13
71931,53,59,-6,6
71932,62,69,-7,7
71933,53,58,-5,5
71934,71,68,3,3
71935,76,77,-1,1
71936,117,105,12,12
71937,57,61,-4,4
71938,79,70,9,9
71939,69,82,-13,13
71940,78,73,5,5
71941,40,62,-22,22
71942,58,73,-15,15
71943,105,93,12,12
71944,87,93,-6,6
71945,118,98,20,20
71946,101,105,-4,4
71947,32,32,0,0
71948,75,76,-1,1
71949,112,104,8,8
71950,112,94,18,18
71951,124,123,1,1
71952,68,69,-1,1
71953,72,67,5,5
71954,52,53,-1,1
71955,84,80,4,4
71956,78,74,4,4
71957,106,85,21,21
71958,126,117,9,9
71959,103,98,5,5
71960,110,92,18,18
71961,91,80,11,11
71962,149,126,23,23
71963,55,58,-3,3
71964,113,103,10,10
71965,72,71,1,1
71966,79,80,-1,1
71967,125,112,13,13
71968,126,107,19,19
71969,156,148,8,8
71970,69,70,-1,1
71971,59,49,10,10
71972,92,100,-8,8
71973,65,66,-1,1
71974,94,91,3,3
71975,76,83,-7,7
71976,145,128,17,17
71977,141,126,15,15
71978,71,75,-4,4
71979,91,86,5,5
71980,56,61,-5,5
71981,107,106,1,1
71982,73,64,9,9
71983,120,122,-2,2
71984,109,76,33,33
71985,125,107,18,18
71986,80,79,1,1
71987,55,58,-3,3
71988,92,92,0,0
71989,125,113,12,12
71990,74,73,1,1
71991,65,73,-8,8
71992,85,84,1,1
71993,41,43,-2,2
71994,73,80,-7,7
71995,133,99,34,34
71996,48,49,-1,1
71997,81,79,2,2
71998,109,111,-2,2
71999,98,91,7,7
72000,123,109,14,14
72001,103,100,3,3
72002,79,78,1,1
72003,60,68,-8,8
72004,93,88,5,5
72005,162,118,44,44
72006,121,104,17,17
72007,113,112,1,1
72008,64,67,-3,3
72009,61,66,-5,5
72010,110,102,8,8
72011,106,95,11,11
72012,111,99,12,12
72013,72,80,-8,8
72014,50,48,2,2
72015,58,49,9,9
72016,112,108,4,4
72017,86,94,-8,8
72018,77,71,6,6
72019,116,109,7,7
72020,77,80,-3,3
72021,156,128,28,28
72022,94,94,0,0
72023,152,129,23,23
72024,153,137,16,16
72025,91,86,5,5
72026,114,101,13,13
72027,54,59,-5,5
72028,68,67,1,1
72029,108,115,-7,7
72030,144,126,18,18
72031,122,106,16,16
72032,94,93,1,1
72033,100,91,9,9
72034,63,66,-3,3
72035,109,97,12,12
72036,92,78,14,14
72037,104,93,11,11
72038,80,70,10,10
72039,83,81,2,2
72040,115,111,4,4
72041,149,137,12,12
72042,111,107,4,4
72043,64,73,-9,9
72044,117,98,19,19
72045,68,69,-1,1
72046,98,89,9,9
72047,58,59,-1,1
72048,109,97,12,12
72049,84,80,4,4
72050,59,65,-6,6
72051,122,99,23,23
72052,67,74,-7,7
72053,74,67,7,7
72054,65,69,-4,4
72055,95,87,8,8
72056,90,89,1,1
72057,71,70,1,1
72058,46,45,1,1
72059,37,59,-22,22
72060,128,112,16,16
72061,110,104,6,6
72062,98,100,-2,2
72063,55,54,1,1
72064,118,101,17,17
72065,28,36,-8,8
72066,164,144,20,20
72067,97,95,2,2
72068,149,123,26,26
72069,100,89,11,11
72070,102,102,0,0
72071,99,93,6,6
72072,170,134,36,36
72073,124,116,8,8
72074,109,109,0,0
72075,146,123,23,23
72076,170,155,15,15
72077,85,64,21,21
72078,106,96,10,10
72079,96,95,1,1
72080,105,95,10,10
72081,116,101,15,15
72082,61,66,-5,5
72083,114,108,6,6
72084,105,100,5,5
72085,163,152,11,11
72086,50,57,-7,7
72087,141,113,28,28
72088,79,86,-7,7
72089,129,114,15,15
72090,82,80,2,2
72091,61,61,0,0
72092,69,74,-5,5
72093,62,73,-11,11
72094,93,87,6,6
72095,92,92,0,0
72096,91,97,-6,6
72097,45,46,-1,1
72098,167,144,23,23
72099,71,70,1,1
72100,43,48,-5,5
72101,122,110,12,12
72102,73,64,9,9
72103,99,89,10,10
72104,82,79,3,3
72105,119,101,18,18
72106,135,114,21,21
72107,46,46,0,0
72108,102,89,13,13
72109,66,65,1,1
72110,159,143,16,16
72111,93,85,8,8
72112,93,81,12,12
72113,71,71,0,0
72114,106,83,23,23
72115,99,88,11,11
72116,145,144,1,1
72117,102,105,-3,3
72118,146,128,18,18
72119,129,118,11,11
72120,105,108,-3,3
72121,119,102,17,17
72122,49,54,-5,5
72123,114,100,14,14
72124,137,126,11,11
72125,84,80,4,4
72126,63,62,1,1
72127,120,105,15,15
72128,63,62,1,1
72129,153,123,30,30
72130,73,80,-7,7
72131,110,93,17,17
72132,178,154,24,24
72133,73,93,-20,20
72134,80,73,7,7
72135,98,92,6,6
72136,122,114,8,8
72137,122,111,11,11
72138,95,95,0,0
72139,100,101,-1,1
72140,107,103,4,4
72141,86,73,13,13
72142,62,60,2,2
72143,77,74,3,3
72144,49,58,-9,9
72145,68,72,-4,4
72146,25,26,-1,1
72147,83,76,7,7
72148,54,48,6,6
72149,122,114,8,8
72150,115,109,6,6
72151,92,81,11,11
72152,120,120,0,0
72153,161,137,24,24
72154,100,90,10,10
72155,127,117,10,10
72156,56,61,-5,5
72157,120,110,10,10
72158,319,265,54,54
72159,161,136,25,25
72160,120,103,17,17
72161,119,101,18,18
72162,119,99,20,20
72163,155,126,29,29
72164,90,90,0,0
72165,43,54,-11,11
72166,67,60,7,7
72167,75,67,8,8
72168,86,81,5,5
72169,107,95,12,12
72170,109,102,7,7
72171,105,105,0,0
72172,120,115,5,5
72173,57,57,0,0
72174,81,81,0,0
72175,114,104,10,10
72176,101,94,7,7
72177,104,87,17,17
72178,105,89,16,16
72179,93,92,1,1
72180,117,107,10,10
72181,93,84,9,9
72182,60,62,-2,2
72183,81,65,16,16
72184,96,88,8,8
72185,99,97,2,2
72186,88,79,9,9
72187,113,110,3,3
72188,91,93,-2,2
72189,142,124,18,18
72190,95,95,0,0
72191,79,80,-1,1
72192,80,90,-10,10
72193,54,58,-4,4
72194,124,107,17,17
72195,86,89,-3,3
72196,154,122,32,32
72197,77,80,-3,3
72198,129,105,24,24
72199,196,154,42,42
72200,78,76,2,2
72201,63,69,-6,6
72202,176,149,27,27
72203,102,95,7,7
72204,102,102,0,0
72205,92,87,5,5
72206,145,123,22,22
72207,64,65,-1,1
72208,100,91,9,9
72209,96,103,-7,7
72210,96,83,13,13
72211,51,52,-1,1
72212,61,71,-10,10
72213,129,116,13,13
72214,196,164,32,32
72215,61,62,-1,1
72216,86,83,3,3
72217,69,77,-8,8
72218,121,104,17,17
72219,87,90,-3,3
72220,105,91,14,14
72221,67,80,-13,13
72222,71,84,-13,13
72223,165,139,26,26
72224,132,115,17,17
72225,171,150,21,21
72226,81,79,2,2
72227,142,125,17,17
72228,75,75,0,0
72229,102,90,12,12
72230,86,89,-3,3
72231,136,117,19,19
72232,63,62,1,1
72233,122,116,6,6
72234,89,90,-1,1
72235,97,99,-2,2
72236,67,69,-2,2
72237,105,97,8,8
72238,64,61,3,3
72239,85,93,-8,8
72240,99,100,-1,1
72241,80,67,13,13
72242,115,101,14,14
72243,65,66,-1,1
72244,104,89,15,15
72245,115,104,11,11
72246,147,129,18,18
72247,105,97,8,8
72248,141,124,17,17
72249,163,145,18,18
72250,129,111,18,18
72251,90,86,4,4
72252,73,76,-3,3
72253,101,92,9,9
72254,103,100,3,3
72255,53,59,-6,6
72256,67,71,-4,4
72257,78,81,-3,3
72258,75,70,5,5
72259,76,74,2,2
72260,105,100,5,5
72261,103,88,15,15
72262,108,108,0,0
72263,154,125,29,29
72264,84,87,-3,3
72265,125,112,13,13
72266,71,70,1,1
72267,84,89,-5,5
72268,81,80,1,1
72269,95,89,6,6
72270,249,196,53,53
72271,101,96,5,5
72272,69,71,-2,2
72273,109,106,3,3
72274,76,77,-1,1
72275,92,90,2,2
72276,56,63,-7,7
72277,85,92,-7,7
72278,51,55,-4,4
72279,117,100,17,17
72280,74,76,-2,2
72281,184,151,33,33
72282,82,83,-1,1
72283,93,95,-2,2
72284,87,80,7,7
72285,56,57,-1,1
72286,65,62,3,3
72287,95,86,9,9
72288,112,111,1,1
72289,110,105,5,5
72290,137,125,12,12
72291,73,75,-2,2
72292,128,105,23,23
72293,99,83,16,16
72294,133,120,13,13
72295,109,101,8,8
72296,74,84,-10,10
72297,99,87,12,12
72298,23,34,-11,11
72299,87,95,-8,8
72300,175,150,25,25
72301,71,77,-6,6
72302,64,70,-6,6
72303,74,83,-9,9
72304,127,118,9,9
72305,136,131,5,5
72306,114,105,9,9
72307,143,126,17,17
72308,115,105,10,10
72309,83,86,-3,3
72310,118,107,11,11
72311,64,68,-4,4
72312,94,91,3,3
72313,69,60,9,9
72314,142,121,21,21
72315,75,72,3,3
72316,58,59,-1,1
72317,19,26,-7,7
72318,83,82,1,1
72319,59,62,-3,3
72320,99,94,5,5
72321,69,73,-4,4
72322,95,86,9,9
72323,248,183,65,65
72324,129,113,16,16
72325,45,50,-5,5
72326,129,120,9,9
72327,99,89,10,10
72328,98,92,6,6
72329,115,110,5,5
72330,136,127,9,9
72331,111,98,13,13
72332,98,95,3,3
72333,85,89,-4,4
72334,141,124,17,17
72335,94,95,-1,1
72336,94,93,1,1
72337,112,115,-3,3
72338,107,102,5,5
72339,127,117,10,10
72340,113,98,15,15
72341,131,105,26,26
72342,69,74,-5,5
72343,51,54,-3,3
72344,148,127,21,21
72345,79,69,10,10
72346,108,99,9,9
72347,105,105,0,0
72348,82,95,-13,13
72349,152,148,4,4
72350,77,81,-4,4
72351,96,99,-3,3
72352,118,120,-2,2
72353,176,155,21,21
72354,161,151,10,10
72355,74,70,4,4
72356,89,104,-15,15
72357,126,125,1,1
72358,105,98,7,7
72359,102,96,6,6
72360,74,80,-6,6
72361,122,106,16,16
72362,80,81,-1,1
72363,75,73,2,2
72364,148,134,14,14
72365,129,118,11,11
72366,68,67,1,1
72367,74,84,-10,10
72368,96,83,13,13
72369,88,81,7,7
72370,53,67,-14,14
72371,79,76,3,3
72372,78,75,3,3
72373,69,72,-3,3
72374,134,115,19,19
72375,77,74,3,3
72376,144,120,24,24
72377,102,99,3,3
72378,112,114,-2,2
72379,122,108,14,14
72380,87,82,5,5
72381,111,108,3,3
72382,102,96,6,6
72383,73,73,0,0
72384,86,83,3,3
72385,74,72,2,2
72386,132,113,19,19
72387,128,117,11,11
72388,130,117,13,13
72389,62,59,3,3
72390,44,52,-8,8
72391,78,81,-3,3
72392,95,88,7,7
72393,95,83,12,12
72394,116,110,6,6
72395,80,77,3,3
72396,57,61,-4,4
72397,84,95,-11,11
72398,122,107,15,15
72399,115,111,4,4
72400,185,149,36,36
72401,144,109,35,35
72402,54,58,-4,4
72403,125,113,12,12
72404,107,105,2,2
72405,140,133,7,7
72406,59,61,-2,2
72407,64,68,-4,4
72408,83,85,-2,2
72409,56,57,-1,1
72410,79,71,8,8
72411,58,57,1,1
72412,92,91,1,1
72413,138,127,11,11
72414,110,102,8,8
72415,197,159,38,38
72416,102,96,6,6
72417,75,72,3,3
72418,127,108,19,19
72419,95,95,0,0
72420,64,57,7,7
72421,68,73,-5,5
72422,174,150,24,24
72423,61,62,-1,1
72424,74,69,5,5
72425,106,102,4,4
72426,60,63,-3,3
72427,73,83,-10,10
72428,92,84,8,8
72429,189,147,42,42
72430,99,87,12,12
72431,147,128,19,19
72432,120,106,14,14
72433,75,76,-1,1
72434,57,59,-2,2
72435,56,57,-1,1
72436,73,72,1,1
72437,67,66,1,1
72438,176,148,28,28
72439,131,116,15,15
72440,101,96,5,5
72441,77,73,4,4
72442,90,104,-14,14
72443,106,105,1,1
72444,120,109,11,11
72445,82,78,4,4
72446,117,108,9,9
72447,57,78,-21,21
72448,57,70,-13,13
72449,104,97,7,7
72450,85,80,5,5
72451,112,107,5,5
72452,89,89,0,0
72453,88,97,-9,9
72454,87,78,9,9
72455,103,114,-11,11
72456,151,128,23,23
72457,92,90,2,2
72458,98,87,11,11
72459,63,76,-13,13
72460,88,85,3,3
72461,85,80,5,5
72462,29,28,1,1
72463,88,95,-7,7
72464,105,105,0,0
72465,108,97,11,11
72466,69,67,2,2
72467,100,94,6,6
72468,67,72,-5,5
72469,78,69,9,9
72470,97,94,3,3
72471,84,74,10,10
72472,57,67,-10,10
72473,124,108,16,16
72474,117,106,11,11
72475,101,92,9,9
72476,104,101,3,3
72477,97,99,-2,2
72478,69,68,1,1
72479,105,97,8,8
72480,78,81,-3,3
72481,75,70,5,5
72482,67,59,8,8
72483,182,149,33,33
72484,49,56,-7,7
72485,89,85,4,4
72486,72,72,0,0
72487,97,94,3,3
72488,72,69,3,3
72489,66,61,5,5
72490,118,114,4,4
72491,49,58,-9,9
72492,87,81,6,6
72493,157,126,31,31
72494,63,67,-4,4
72495,69,81,-12,12
72496,163,149,14,14
72497,221,195,26,26
72498,60,68,-8,8
72499,97,96,1,1
72500,64,56,8,8
72501,87,96,-9,9
72502,101,97,4,4
72503,96,94,2,2
72504,111,109,2,2
72505,67,71,-4,4
72506,112,106,6,6
72507,92,84,8,8
72508,90,95,-5,5
72509,127,124,3,3
72510,62,67,-5,5
72511,82,83,-1,1
72512,131,107,24,24
72513,66,62,4,4
72514,122,117,5,5
72515,80,88,-8,8
72516,83,86,-3,3
72517,71,76,-5,5
72518,76,70,6,6
72519,130,127,3,3
72520,72,60,12,12
72521,51,52,-1,1
72522,114,112,2,2
72523,62,70,-8,8
72524,46,47,-1,1
72525,58,67,-9,9
72526,84,87,-3,3
72527,69,68,1,1
72528,59,106,-47,47
72529,65,68,-3,3
72530,175,153,22,22
72531,135,123,12,12
72532,106,99,7,7
72533,72,79,-7,7
72534,124,112,12,12
72535,126,112,14,14
72536,120,110,10,10
72537,92,87,5,5
72538,68,67,1,1
72539,109,97,12,12
72540,74,83,-9,9
72541,61,68,-7,7
72542,96,90,6,6
72543,115,112,3,3
72544,88,89,-1,1
72545,112,102,10,10
72546,182,145,37,37
72547,156,132,24,24
72548,156,133,23,23
72549,103,87,16,16
72550,89,82,7,7
72551,114,98,16,16
72552,106,90,16,16
72553,85,74,11,11
72554,107,90,17,17
72555,75,73,2,2
72556,84,83,1,1
72557,120,108,12,12
72558,95,83,12,12
72559,48,53,-5,5
72560,65,59,6,6
72561,59,67,-8,8
72562,85,81,4,4
72563,125,111,14,14
72564,89,82,7,7
72565,92,84,8,8
72566,131,124,7,7
72567,83,80,3,3
72568,81,76,5,5
72569,82,75,7,7
72570,66,68,-2,2
72571,126,118,8,8
72572,167,141,26,26
72573,103,99,4,4
72574,119,105,14,14
72575,133,121,12,12
72576,138,128,10,10
72577,136,122,14,14
72578,57,59,-2,2
72579,111,99,12,12
72580,75,80,-5,5
72581,64,64,0,0
72582,111,107,4,4
72583,126,117,9,9
72584,147,125,22,22
72585,188,148,40,40
72586,123,67,56,56
72587,87,92,-5,5
72588,77,77,0,0
72589,82,80,2,2
72590,83,81,2,2
72591,69,79,-10,10
72592,136,129,7,7
72593,53,59,-6,6
72594,81,80,1,1
72595,124,117,7,7
72596,111,98,13,13
72597,120,113,7,7
72598,66,72,-6,6
72599,68,69,-1,1
72600,147,139,8,8
72601,193,156,37,37
72602,62,61,1,1
72603,113,110,3,3
72604,83,81,2,2
72605,114,107,7,7
72606,138,127,11,11
72607,63,72,-9,9
72608,153,125,28,28
72609,75,80,-5,5
72610,104,98,6,6
72611,138,131,7,7
72612,86,75,11,11
72613,85,83,2,2
72614,132,120,12,12
72615,86,82,4,4
72616,60,66,-6,6
72617,119,104,15,15
72618,233,186,47,47
72619,125,124,1,1
72620,128,114,14,14
72621,135,124,11,11
72622,92,83,9,9
72623,134,116,18,18
72624,108,101,7,7
72625,154,128,26,26
72626,149,136,13,13
72627,112,98,14,14
72628,117,108,9,9
72629,158,140,18,18
72630,83,78,5,5
72631,92,87,5,5
72632,80,77,3,3
72633,86,84,2,2
72634,23,26,-3,3
72635,90,87,3,3
72636,129,120,9,9
72637,122,109,13,13
72638,49,59,-10,10
72639,58,65,-7,7
72640,115,101,14,14
72641,92,87,5,5
72642,146,149,-3,3
72643,69,85,-16,16
72644,107,107,0,0
72645,152,131,21,21
72646,106,88,18,18
72647,78,79,-1,1
72648,122,100,22,22
72649,97,99,-2,2
72650,62,67,-5,5
72651,125,113,12,12
72652,172,145,27,27
72653,73,74,-1,1
72654,88,85,3,3
72655,69,70,-1,1
72656,72,65,7,7
72657,87,86,1,1
72658,53,56,-3,3
72659,65,68,-3,3
72660,117,105,12,12
72661,105,103,2,2
72662,168,146,22,22
72663,83,91,-8,8
72664,65,69,-4,4
72665,108,98,10,10
72666,45,54,-9,9
72667,123,105,18,18
72668,62,70,-8,8
72669,69,71,-2,2
72670,65,67,-2,2
72671,88,95,-7,7
72672,70,71,-1,1
72673,115,104,11,11
72674,68,66,2,2
72675,109,102,7,7
72676,117,109,8,8
72677,68,70,-2,2
72678,93,85,8,8
72679,76,72,4,4
72680,147,125,22,22
72681,124,111,13,13
72682,146,125,21,21
72683,104,109,-5,5
72684,85,85,0,0
72685,107,92,15,15
72686,131,112,19,19
72687,71,69,2,2
72688,78,70,8,8
72689,69,74,-5,5
72690,124,123,1,1
72691,101,88,13,13
72692,64,59,5,5
72693,69,69,0,0
72694,60,69,-9,9
72695,97,88,9,9
72696,78,75,3,3
72697,106,117,-11,11
72698,102,90,12,12
72699,102,96,6,6
72700,135,121,14,14
72701,84,92,-8,8
72702,132,115,17,17
72703,81,80,1,1
72704,55,53,2,2
72705,80,75,5,5
72706,89,97,-8,8
72707,218,313,-95,95
72708,68,64,4,4
72709,136,106,30,30
72710,78,73,5,5
72711,66,71,-5,5
72712,115,108,7,7
72713,102,91,11,11
72714,64,69,-5,5
72715,32,26,6,6
72716,61,60,1,1
72717,98,95,3,3
72718,87,71,16,16
72719,75,62,13,13
72720,131,113,18,18
72721,82,91,-9,9
72722,102,94,8,8
72723,68,63,5,5
72724,129,117,12,12
72725,147,130,17,17
72726,54,57,-3,3
72727,95,91,4,4
72728,181,156,25,25
72729,102,101,1,1
72730,49,57,-8,8
72731,100,90,10,10
72732,72,75,-3,3
72733,137,131,6,6
72734,57,58,-1,1
72735,85,79,6,6
72736,69,70,-1,1
72737,44,39,5,5
72738,102,96,6,6
72739,140,126,14,14
72740,59,61,-2,2
72741,59,69,-10,10
72742,67,65,2,2
72743,96,93,3,3
72744,54,47,7,7
72745,81,75,6,6
72746,154,136,18,18
72747,134,130,4,4
72748,100,82,18,18
72749,104,92,12,12
72750,92,98,-6,6
72751,63,62,1,1
72752,115,94,21,21
72753,55,57,-2,2
72754,163,141,22,22
72755,122,117,5,5
72756,106,96,10,10
72757,90,91,-1,1
72758,97,87,10,10
72759,69,71,-2,2
72760,86,83,3,3
72761,87,84,3,3
72762,134,112,22,22
72763,83,83,0,0
72764,96,93,3,3
72765,75,69,6,6
72766,91,79,12,12
72767,74,69,5,5
72768,105,99,6,6
72769,109,97,12,12
72770,50,69,-19,19
72771,83,70,13,13
72772,101,93,8,8
72773,98,98,0,0
72774,78,79,-1,1
72775,115,100,15,15
72776,151,126,25,25
72777,50,46,4,4
72778,111,103,8,8
72779,75,83,-8,8
72780,191,163,28,28
72781,82,76,6,6
72782,133,115,18,18
72783,131,119,12,12
72784,69,69,0,0
72785,112,100,12,12
72786,52,59,-7,7
72787,109,110,-1,1
72788,82,81,1,1
72789,106,106,0,0
72790,36,40,-4,4
72791,84,84,0,0
72792,103,94,9,9
72793,56,58,-2,2
72794,78,79,-1,1
72795,69,69,0,0
72796,67,70,-3,3
72797,83,86,-3,3
72798,103,100,3,3
72799,84,81,3,3
72800,68,74,-6,6
72801,78,76,2,2
72802,118,105,13,13
72803,112,104,8,8
72804,108,103,5,5
72805,113,103,10,10
72806,116,96,20,20
72807,67,65,2,2
72808,110,104,6,6
72809,100,90,10,10
72810,111,94,17,17
72811,82,86,-4,4
72812,157,141,16,16
72813,75,77,-2,2
72814,102,97,5,5
72815,90,90,0,0
72816,60,62,-2,2
72817,88,88,0,0
72818,96,94,2,2
72819,117,127,-10,10
72820,76,80,-4,4
72821,166,135,31,31
72822,187,138,49,49
72823,73,65,8,8
72824,91,93,-2,2
72825,125,113,12,12
72826,60,68,-8,8
72827,91,83,8,8
72828,99,109,-10,10
72829,80,71,9,9
72830,125,114,11,11
72831,111,105,6,6
72832,54,60,-6,6
72833,192,163,29,29
72834,159,135,24,24
72835,71,70,1,1
72836,80,83,-3,3
72837,58,61,-3,3
72838,78,72,6,6
72839,146,123,23,23
72840,73,70,3,3
72841,178,140,38,38
72842,94,89,5,5
72843,131,113,18,18
72844,70,61,9,9
72845,126,120,6,6
72846,84,80,4,4
72847,80,82,-2,2
72848,214,175,39,39
72849,111,101,10,10
72850,134,129,5,5
72851,89,93,-4,4
72852,124,126,-2,2
72853,112,100,12,12
72854,94,97,-3,3
72855,110,99,11,11
72856,143,130,13,13
72857,70,72,-2,2
72858,112,107,5,5
72859,88,81,7,7
72860,89,79,10,10
72861,78,74,4,4
72862,121,106,15,15
72863,69,69,0,0
72864,82,80,2,2
72865,137,152,-15,15
72866,116,108,8,8
72867,169,143,26,26
72868,108,93,15,15
72869,62,59,3,3
72870,66,82,-16,16
72871,126,112,14,14
72872,77,71,6,6
72873,170,149,21,21
72874,48,56,-8,8
72875,123,105,18,18
72876,135,120,15,15
72877,128,118,10,10
72878,108,101,7,7
72879,102,91,11,11
72880,89,87,2,2
72881,68,70,-2,2
72882,83,74,9,9
72883,174,155,19,19
72884,130,101,29,29
72885,176,147,29,29
72886,87,93,-6,6
72887,69,62,7,7
72888,69,71,-2,2
72889,100,82,18,18
72890,164,143,21,21
72891,94,95,-1,1
72892,82,80,2,2
72893,191,168,23,23
72894,99,95,4,4
72895,78,80,-2,2
72896,68,69,-1,1
72897,121,98,23,23
72898,128,112,16,16
72899,149,132,17,17
72900,164,140,24,24
72901,74,76,-2,2
72902,67,61,6,6
72903,59,65,-6,6
72904,100,109,-9,9
72905,62,73,-11,11
72906,100,96,4,4
72907,79,80,-1,1
72908,137,140,-3,3
72909,74,72,2,2
72910,94,91,3,3
72911,119,96,23,23
72912,103,94,9,9
72913,95,89,6,6
72914,60,53,7,7
72915,111,99,12,12
72916,34,39,-5,5
72917,78,86,-8,8
72918,97,91,6,6
72919,111,105,6,6
72920,85,90,-5,5
72921,149,126,23,23
72922,90,82,8,8
72923,49,49,0,0
72924,138,121,17,17
72925,69,66,3,3
72926,79,71,8,8
72927,70,66,4,4
72928,82,82,0,0
72929,79,81,-2,2
72930,85,93,-8,8
72931,89,81,8,8
72932,67,69,-2,2
72933,106,111,-5,5
72934,70,76,-6,6
72935,74,80,-6,6
72936,55,63,-8,8
72937,164,147,17,17
72938,77,74,3,3
72939,57,59,-2,2
72940,97,104,-7,7
72941,136,132,4,4
72942,83,80,3,3
72943,66,67,-1,1
72944,92,93,-1,1
72945,92,92,0,0
72946,71,63,8,8
72947,67,74,-7,7
72948,150,126,24,24
72949,69,73,-4,4
72950,132,115,17,17
72951,194,163,31,31
72952,137,125,12,12
72953,68,71,-3,3
72954,90,95,-5,5
72955,113,104,9,9
72956,61,57,4,4
72957,160,135,25,25
72958,149,133,16,16
72959,48,56,-8,8
72960,128,117,11,11
72961,102,98,4,4
72962,95,93,2,2
72963,68,63,5,5
72964,164,144,20,20
72965,92,99,-7,7
72966,100,88,12,12
72967,68,77,-9,9
72968,81,80,1,1
72969,87,80,7,7
72970,121,98,23,23
72971,95,94,1,1
72972,99,81,18,18
72973,59,68,-9,9
72974,140,119,21,21
72975,109,88,21,21
72976,147,124,23,23
72977,84,83,1,1
72978,111,102,9,9
72979,85,87,-2,2
72980,63,71,-8,8
72981,64,59,5,5
72982,75,71,4,4
72983,136,110,26,26
72984,140,132,8,8
72985,45,50,-5,5
72986,159,146,13,13
72987,110,96,14,14
72988,54,67,-13,13
72989,129,121,8,8
72990,170,160,10,10
72991,111,103,8,8
72992,72,70,2,2
72993,129,116,13,13
72994,67,70,-3,3
72995,159,156,3,3
72996,60,69,-9,9
72997,91,87,4,4
72998,126,106,20,20
72999,240,184,56,56
73000,113,103,10,10
73001,85,79,6,6
73002,54,71,-17,17
73003,68,69,-1,1
73004,89,82,7,7
73005,142,120,22,22
73006,146,126,20,20
73007,87,82,5,5
73008,122,117,5,5
73009,81,60,21,21
73010,77,76,1,1
73011,113,94,19,19
73012,182,167,15,15
73013,111,100,11,11
73014,97,84,13,13
73015,90,84,6,6
73016,149,131,18,18
73017,62,74,-12,12
73018,121,110,11,11
73019,90,84,6,6
73020,64,60,4,4
73021,158,139,19,19
73022,89,88,1,1
73023,93,85,8,8
73024,82,72,10,10
73025,80,81,-1,1
73026,231,207,24,24
73027,52,58,-6,6
73028,185,150,35,35
73029,125,120,5,5
73030,116,101,15,15
73031,70,71,-1,1
73032,92,84,8,8
73033,135,127,8,8
73034,83,87,-4,4
73035,78,80,-2,2
73036,89,85,4,4
73037,98,90,8,8
73038,74,78,-4,4
73039,117,110,7,7
73040,65,186,-121,121
73041,80,78,2,2
73042,82,78,4,4
73043,144,137,7,7
73044,64,62,2,2
73045,144,125,19,19
73046,46,46,0,0
73047,29,35,-6,6
73048,81,80,1,1
73049,115,104,11,11
73050,99,91,8,8
73051,80,75,5,5
73052,111,102,9,9
73053,113,103,10,10
73054,119,97,22,22
73055,49,39,10,10
73056,128,116,12,12
73057,168,144,24,24
73058,52,54,-2,2
73059,115,108,7,7
73060,230,183,47,47
73061,113,121,-8,8
73062,66,60,6,6
73063,102,97,5,5
73064,52,53,-1,1
73065,94,90,4,4
73066,69,72,-3,3
73067,146,142,4,4
73068,130,115,15,15
73069,82,71,11,11
73070,51,51,0,0
73071,114,100,14,14
73072,58,69,-11,11
73073,70,77,-7,7
73074,74,72,2,2
73075,75,68,7,7
73076,54,53,1,1
73077,134,124,10,10
73078,46,45,1,1
73079,79,73,6,6
73080,66,74,-8,8
73081,114,109,5,5
73082,76,83,-7,7
73083,149,129,20,20
73084,126,110,16,16
73085,91,94,-3,3
73086,56,57,-1,1
73087,131,120,11,11
73088,119,121,-2,2
73089,119,107,12,12
73090,124,114,10,10
73091,142,126,16,16
73092,215,171,44,44
73093,59,60,-1,1
73094,60,60,0,0
73095,76,81,-5,5
73096,54,49,5,5
73097,78,85,-7,7
73098,133,129,4,4
73099,56,54,2,2
73100,79,80,-1,1
73101,74,68,6,6
73102,55,67,-12,12
73103,62,56,6,6
73104,47,48,-1,1
73105,112,110,2,2
73106,112,100,12,12
73107,122,107,15,15
73108,104,97,7,7
73109,81,95,-14,14
73110,76,82,-6,6
73111,61,58,3,3
73112,230,165,65,65
73113,87,82,5,5
73114,94,86,8,8
73115,83,79,4,4
73116,154,123,31,31
73117,140,119,21,21
73118,81,82,-1,1
73119,78,73,5,5
73120,112,101,11,11
73121,133,112,21,21
73122,72,74,-2,2
73123,150,111,39,39
73124,133,116,17,17
73125,74,68,6,6
73126,122,112,10,10
73127,90,86,4,4
73128,69,64,5,5
73129,75,79,-4,4
73130,50,45,5,5
73131,135,118,17,17
73132,126,112,14,14
73133,68,84,-16,16
73134,88,84,4,4
73135,78,83,-5,5
73136,55,60,-5,5
73137,94,97,-3,3
73138,57,70,-13,13
73139,70,73,-3,3
73140,150,131,19,19
73141,67,71,-4,4
73142,78,81,-3,3
73143,82,88,-6,6
73144,123,116,7,7
73145,75,68,7,7
73146,151,140,11,11
73147,79,74,5,5
73148,116,103,13,13
73149,89,82,7,7
73150,143,126,17,17
73151,94,91,3,3
73152,94,93,1,1
73153,81,86,-5,5
73154,77,83,-6,6
73155,85,85,0,0
73156,104,101,3,3
73157,58,61,-3,3
73158,76,81,-5,5
73159,72,71,1,1
73160,90,85,5,5
73161,126,123,3,3
73162,81,80,1,1
73163,113,105,8,8
73164,72,77,-5,5
73165,111,111,0,0
73166,94,85,9,9
73167,77,72,5,5
73168,76,70,6,6
73169,91,82,9,9
73170,84,84,0,0
73171,50,63,-13,13
73172,111,108,3,3
73173,160,140,20,20
73174,90,80,10,10
73175,165,158,7,7
73176,153,125,28,28
73177,38,41,-3,3
73178,76,87,-11,11
73179,73,72,1,1
73180,99,97,2,2
73181,64,66,-2,2
73182,148,128,20,20
73183,146,130,16,16
73184,86,82,4,4
73185,70,76,-6,6
73186,74,69,5,5
73187,102,92,10,10
73188,76,68,8,8
73189,115,103,12,12
73190,111,100,11,11
73191,67,67,0,0
73192,120,122,-2,2
73193,72,72,0,0
73194,93,88,5,5
73195,256,215,41,41
73196,157,142,15,15
73197,70,69,1,1
73198,95,101,-6,6
73199,99,97,2,2
73200,94,87,7,7
73201,81,75,6,6
73202,102,91,11,11
73203,107,103,4,4
73204,137,119,18,18
73205,91,87,4,4
73206,90,93,-3,3
73207,68,68,0,0
73208,59,63,-4,4
73209,86,83,3,3
73210,118,118,0,0
73211,197,169,28,28
73212,55,64,-9,9
73213,82,80,2,2
73214,96,96,0,0
73215,88,93,-5,5
73216,72,83,-11,11
73217,56,72,-16,16
73218,110,101,9,9
73219,75,71,4,4
73220,107,111,-4,4
73221,100,100,0,0
73222,137,113,24,24
73223,76,79,-3,3
73224,174,155,19,19
73225,101,102,-1,1
73226,85,85,0,0
73227,53,60,-7,7
73228,108,88,20,20
73229,82,77,5,5
73230,84,88,-4,4
73231,92,89,3,3
73232,125,125,0,0
73233,93,96,-3,3
73234,54,59,-5,5
73235,113,99,14,14
73236,196,171,25,25
73237,71,69,2,2
73238,75,73,2,2
73239,46,50,-4,4
73240,107,104,3,3
73241,82,86,-4,4
73242,88,95,-7,7
73243,57,57,0,0
73244,153,128,25,25
73245,131,124,7,7
73246,111,116,-5,5
73247,136,126,10,10
73248,58,63,-5,5
73249,85,83,2,2
73250,98,88,10,10
73251,80,80,0,0
73252,82,86,-4,4
73253,74,69,5,5
73254,135,111,24,24
73255,88,87,1,1
73256,27,43,-16,16
73257,60,67,-7,7
73258,82,79,3,3
73259,176,158,18,18
73260,163,127,36,36
73261,130,124,6,6
73262,120,107,13,13
73263,143,112,31,31
73264,138,129,9,9
73265,88,81,7,7
73266,125,116,9,9
73267,81,76,5,5
73268,56,57,-1,1
73269,70,70,0,0
73270,59,63,-4,4
73271,117,119,-2,2
73272,35,40,-5,5
73273,115,101,14,14
73274,59,64,-5,5
73275,88,80,8,8
73276,124,121,3,3
73277,110,94,16,16
73278,118,105,13,13
73279,103,91,12,12
73280,121,112,9,9
73281,78,75,3,3
73282,69,73,-4,4
73283,129,115,14,14
73284,75,70,5,5
73285,54,57,-3,3
73286,185,154,31,31
73287,105,97,8,8
73288,65,62,3,3
73289,145,119,26,26
73290,134,113,21,21
73291,102,93,9,9
73292,75,75,0,0
73293,106,96,10,10
73294,122,113,9,9
73295,42,50,-8,8
73296,144,137,7,7
73297,104,94,10,10
73298,117,103,14,14
73299,69,71,-2,2
73300,63,72,-9,9
73301,184,139,45,45
73302,96,91,5,5
73303,86,75,11,11
73304,98,92,6,6
73305,78,77,1,1
73306,91,86,5,5
73307,53,52,1,1
73308,79,79,0,0
73309,141,123,18,18
73310,82,80,2,2
73311,49,52,-3,3
73312,109,99,10,10
73313,61,63,-2,2
73314,90,88,2,2
73315,61,56,5,5
73316,94,98,-4,4
73317,134,124,10,10
73318,65,70,-5,5
73319,136,118,18,18
73320,164,143,21,21
73321,98,100,-2,2
73322,83,81,2,2
73323,40,45,-5,5
73324,67,78,-11,11
73325,90,84,6,6
73326,62,58,4,4
73327,60,57,3,3
73328,115,99,16,16
73329,135,124,11,11
73330,75,73,2,2
73331,35,60,-25,25
73332,94,101,-7,7
73333,113,100,13,13
73334,133,119,14,14
73335,103,70,33,33
73336,108,95,13,13
73337,65,67,-2,2
73338,67,58,9,9
73339,121,109,12,12
73340,89,95,-6,6
73341,69,70,-1,1
73342,128,118,10,10
73343,99,87,12,12
73344,100,93,7,7
73345,88,75,13,13
73346,160,134,26,26
73347,94,88,6,6
73348,111,105,6,6
73349,83,76,7,7
73350,51,61,-10,10
73351,126,114,12,12
73352,150,128,22,22
73353,57,59,-2,2
73354,63,69,-6,6
73355,112,107,5,5
73356,196,166,30,30
73357,71,71,0,0
73358,152,136,16,16
73359,87,84,3,3
73360,59,58,1,1
73361,144,127,17,17
73362,122,107,15,15
73363,61,69,-8,8
73364,99,102,-3,3
73365,74,66,8,8
73366,68,69,-1,1
73367,92,94,-2,2
73368,147,135,12,12
73369,114,106,8,8
73370,64,65,-1,1
73371,92,77,15,15
73372,85,81,4,4
73373,100,89,11,11
73374,142,121,21,21
73375,34,29,5,5
73376,107,92,15,15
73377,110,100,10,10
73378,154,131,23,23
73379,69,70,-1,1
73380,91,96,-5,5
73381,124,105,19,19
73382,71,65,6,6
73383,61,57,4,4
73384,110,101,9,9
73385,86,90,-4,4
73386,143,121,22,22
73387,65,64,1,1
73388,82,76,6,6
73389,90,93,-3,3
73390,156,141,15,15
73391,177,157,20,20
73392,108,99,9,9
73393,100,103,-3,3
73394,60,67,-7,7
73395,81,90,-9,9
73396,99,99,0,0
73397,63,83,-20,20
73398,87,96,-9,9
73399,53,51,2,2
73400,47,49,-2,2
73401,65,73,-8,8
73402,79,74,5,5
73403,65,68,-3,3
73404,99,98,1,1
73405,61,62,-1,1
73406,101,101,0,0
73407,75,69,6,6
73408,99,101,-2,2
73409,84,84,0,0
73410,130,116,14,14
73411,147,124,23,23
73412,103,96,7,7
73413,48,47,1,1
73414,88,83,5,5
73415,115,101,14,14
73416,81,82,-1,1
73417,69,78,-9,9
73418,144,133,11,11
73419,103,91,12,12
73420,84,80,4,4
73421,175,155,20,20
73422,133,108,25,25
73423,88,86,2,2
73424,112,104,8,8
73425,98,97,1,1
73426,79,74,5,5
73427,65,64,1,1
73428,75,82,-7,7
73429,101,99,2,2
73430,44,50,-6,6
73431,89,85,4,4
73432,107,101,6,6
73433,85,82,3,3
73434,42,47,-5,5
73435,86,86,0,0
73436,92,84,8,8
73437,70,72,-2,2
73438,79,79,0,0
73439,39,55,-16,16
73440,90,84,6,6
73441,126,108,18,18
73442,116,106,10,10
73443,69,72,-3,3
73444,51,59,-8,8
73445,107,94,13,13
73446,88,85,3,3
73447,104,92,12,12
73448,81,71,10,10
73449,78,77,1,1
73450,87,90,-3,3
73451,63,74,-11,11
73452,92,92,0,0
73453,125,120,5,5
73454,113,103,10,10
73455,50,50,0,0
73456,71,68,3,3
73457,78,77,1,1
73458,65,66,-1,1
73459,145,124,21,21
73460,64,60,4,4
73461,83,81,2,2
73462,162,133,29,29
73463,84,83,1,1
73464,149,135,14,14
73465,68,71,-3,3
73466,84,84,0,0
73467,74,66,8,8
73468,106,99,7,7
73469,87,86,1,1
73470,102,109,-7,7
73471,142,118,24,24
73472,159,141,18,18
73473,49,50,-1,1
73474,133,126,7,7
73475,89,83,6,6
73476,47,52,-5,5
73477,111,104,7,7
73478,79,76,3,3
73479,108,110,-2,2
73480,58,60,-2,2
73481,111,112,-1,1
73482,46,49,-3,3
73483,69,70,-1,1
73484,144,132,12,12
73485,122,110,12,12
73486,114,102,12,12
73487,60,59,1,1
73488,75,80,-5,5
73489,79,79,0,0
73490,97,95,2,2
73491,177,158,19,19
73492,111,100,11,11
73493,35,40,-5,5
73494,133,111,22,22
73495,58,54,4,4
73496,114,97,17,17
73497,80,81,-1,1
73498,133,104,29,29
73499,116,110,6,6
73500,88,75,13,13
73501,126,112,14,14
73502,135,114,21,21
73503,85,84,1,1
73504,154,139,15,15
73505,118,105,13,13
73506,92,87,5,5
73507,146,138,8,8
73508,63,68,-5,5
73509,77,81,-4,4
73510,113,103,10,10
73511,110,105,5,5
73512,63,68,-5,5
73513,78,71,7,7
73514,130,111,19,19
73515,64,61,3,3
73516,81,83,-2,2
73517,75,66,9,9
73518,41,51,-10,10
73519,139,123,16,16
73520,60,60,0,0
73521,81,81,0,0
73522,108,101,7,7
73523,102,96,6,6
73524,63,62,1,1
73525,111,96,15,15
73526,42,45,-3,3
73527,93,92,1,1
73528,106,107,-1,1
73529,92,82,10,10
73530,87,82,5,5
73531,100,97,3,3
73532,73,73,0,0
73533,65,61,4,4
73534,84,92,-8,8
73535,158,141,17,17
73536,73,72,1,1
73537,116,115,1,1
73538,79,84,-5,5
73539,114,99,15,15
73540,108,100,8,8
73541,89,82,7,7
73542,65,77,-12,12
73543,123,108,15,15
73544,70,74,-4,4
73545,58,60,-2,2
73546,61,69,-8,8
73547,118,120,-2,2
73548,91,94,-3,3
73549,82,85,-3,3
73550,42,55,-13,13
73551,43,47,-4,4
73552,144,118,26,26
73553,60,71,-11,11
73554,29,44,-15,15
73555,111,94,17,17
73556,69,70,-1,1
73557,192,154,38,38
73558,88,100,-12,12
73559,64,66,-2,2
73560,131,123,8,8
73561,107,104,3,3
73562,95,100,-5,5
73563,70,74,-4,4
73564,51,48,3,3
73565,195,162,33,33
73566,77,77,0,0
73567,117,112,5,5
73568,87,80,7,7
73569,46,47,-1,1
73570,71,69,2,2
73571,65,62,3,3
73572,171,165,6,6
73573,106,100,6,6
73574,82,80,2,2
73575,130,111,19,19
73576,58,64,-6,6
73577,105,104,1,1
73578,121,113,8,8
73579,148,142,6,6
73580,87,85,2,2
73581,98,99,-1,1
73582,74,82,-8,8
73583,138,125,13,13
73584,95,96,-1,1
73585,104,99,5,5
73586,64,61,3,3
73587,74,74,0,0
73588,126,101,25,25
73589,93,96,-3,3
73590,80,79,1,1
73591,62,66,-4,4
73592,56,62,-6,6
73593,91,91,0,0
73594,202,166,36,36
73595,97,94,3,3
73596,109,109,0,0
73597,62,44,18,18
73598,156,141,15,15
73599,62,59,3,3
73600,156,139,17,17
73601,60,63,-3,3
73602,67,63,4,4
73603,109,108,1,1
73604,129,114,15,15
73605,126,110,16,16
73606,141,124,17,17
73607,117,98,19,19
73608,167,144,23,23
73609,123,120,3,3
73610,127,109,18,18
73611,70,68,2,2
73612,67,69,-2,2
73613,93,89,4,4
73614,79,76,3,3
73615,80,81,-1,1
73616,81,84,-3,3
73617,77,76,1,1
73618,57,59,-2,2
73619,125,123,2,2
73620,137,114,23,23
73621,98,99,-1,1
73622,76,72,4,4
73623,99,85,14,14
73624,88,89,-1,1
73625,71,70,1,1
73626,85,81,4,4
73627,93,91,2,2
73628,112,98,14,14
73629,63,67,-4,4
73630,79,87,-8,8
73631,90,87,3,3
73632,71,70,1,1
73633,67,82,-15,15
73634,147,115,32,32
73635,57,74,-17,17
73636,61,62,-1,1
73637,100,92,8,8
73638,79,74,5,5
73639,136,102,34,34
73640,88,91,-3,3
73641,67,67,0,0
73642,173,155,18,18
73643,111,95,16,16
73644,96,80,16,16
73645,91,81,10,10
73646,90,81,9,9
73647,93,87,6,6
73648,99,94,5,5
73649,57,59,-2,2
73650,71,68,3,3
73651,165,139,26,26
73652,91,98,-7,7
73653,59,60,-1,1
73654,103,97,6,6
73655,72,72,0,0
73656,95,87,8,8
73657,86,78,8,8
73658,142,108,34,34
73659,92,88,4,4
73660,86,84,2,2
73661,143,122,21,21
73662,37,44,-7,7
73663,66,68,-2,2
73664,121,110,11,11
73665,89,96,-7,7
73666,54,70,-16,16
73667,64,66,-2,2
73668,48,47,1,1
73669,33,40,-7,7
73670,154,134,20,20
73671,55,58,-3,3
73672,85,75,10,10
73673,68,69,-1,1
73674,88,86,2,2
73675,61,62,-1,1
73676,123,106,17,17
73677,98,95,3,3
73678,161,139,22,22
73679,53,56,-3,3
73680,68,75,-7,7
73681,131,112,19,19
73682,100,91,9,9
73683,64,60,4,4
73684,109,113,-4,4
73685,87,84,3,3
73686,78,80,-2,2
73687,56,62,-6,6
73688,96,87,9,9
73689,104,95,9,9
73690,94,92,2,2
73691,66,67,-1,1
73692,106,96,10,10
73693,132,130,2,2
73694,142,111,31,31
73695,112,108,4,4
73696,104,79,25,25
73697,129,128,1,1
73698,107,97,10,10
73699,137,132,5,5
73700,81,83,-2,2
73701,57,59,-2,2
73702,126,110,16,16
73703,57,70,-13,13
73704,141,117,24,24
73705,94,90,4,4
73706,56,67,-11,11
73707,100,88,12,12
73708,65,71,-6,6
73709,153,138,15,15
73710,106,103,3,3
73711,65,67,-2,2
73712,89,89,0,0
73713,69,60,9,9
73714,172,147,25,25
73715,74,75,-1,1
73716,55,64,-9,9
73717,95,87,8,8
73718,80,81,-1,1
73719,72,76,-4,4
73720,69,70,-1,1
73721,77,82,-5,5
73722,136,120,16,16
73723,60,60,0,0
73724,106,97,9,9
73725,98,89,9,9
73726,113,105,8,8
73727,66,69,-3,3
73728,117,101,16,16
73729,75,72,3,3
73730,123,113,10,10
73731,54,53,1,1
73732,157,151,6,6
73733,100,89,11,11
73734,74,76,-2,2
73735,61,63,-2,2
73736,72,74,-2,2
73737,81,76,5,5
73738,138,134,4,4
73739,137,129,8,8
73740,163,134,29,29
73741,65,80,-15,15
73742,130,121,9,9
73743,68,75,-7,7
73744,97,87,10,10
73745,167,147,20,20
73746,93,79,14,14
73747,63,68,-5,5
73748,91,83,8,8
73749,174,148,26,26
73750,138,113,25,25
73751,75,77,-2,2
73752,129,125,4,4
73753,116,100,16,16
73754,47,43,4,4
73755,116,99,17,17
73756,103,93,10,10
73757,112,101,11,11
73758,133,116,17,17
73759,55,62,-7,7
73760,75,80,-5,5
73761,53,55,-2,2
73762,88,94,-6,6
73763,132,118,14,14
73764,35,37,-2,2
73765,45,52,-7,7
73766,67,70,-3,3
73767,124,100,24,24
73768,148,124,24,24
73769,138,115,23,23
73770,98,88,10,10
73771,81,78,3,3
73772,54,56,-2,2
73773,35,41,-6,6
73774,69,64,5,5
73775,66,65,1,1
73776,116,101,15,15
73777,86,81,5,5
73778,95,94,1,1
73779,95,94,1,1
73780,61,60,1,1
73781,79,80,-1,1
73782,74,90,-16,16
73783,117,106,11,11
73784,63,65,-2,2
73785,138,114,24,24
73786,125,114,11,11
73787,95,94,1,1
73788,66,68,-2,2
73789,53,56,-3,3
73790,83,81,2,2
73791,60,66,-6,6
73792,52,56,-4,4
73793,55,53,2,2
73794,100,98,2,2
73795,91,102,-11,11
73796,87,86,1,1
73797,63,56,7,7
73798,122,93,29,29
73799,75,73,2,2
73800,57,67,-10,10
73801,55,60,-5,5
73802,110,95,15,15
73803,88,87,1,1
73804,155,148,7,7
73805,96,95,1,1
73806,81,84,-3,3
73807,102,97,5,5
73808,141,115,26,26
73809,105,97,8,8
73810,68,63,5,5
73811,80,74,6,6
73812,94,96,-2,2
73813,60,60,0,0
73814,107,89,18,18
73815,112,106,6,6
73816,92,91,1,1
73817,86,77,9,9
73818,131,105,26,26
73819,62,59,3,3
73820,146,131,15,15
73821,67,80,-13,13
73822,77,79,-2,2
73823,101,100,1,1
73824,80,77,3,3
73825,97,80,17,17
73826,140,119,21,21
73827,128,125,3,3
73828,108,103,5,5
73829,91,87,4,4
73830,91,92,-1,1
73831,87,80,7,7
73832,151,122,29,29
73833,91,90,1,1
73834,161,137,24,24
73835,60,66,-6,6
73836,135,115,20,20
73837,73,84,-11,11
73838,88,96,-8,8
73839,71,69,2,2
73840,80,79,1,1
73841,50,52,-2,2
73842,106,97,9,9
73843,66,67,-1,1
73844,90,93,-3,3
73845,122,118,4,4
73846,99,91,8,8
73847,73,72,1,1
73848,60,63,-3,3
73849,63,71,-8,8
73850,105,111,-6,6
73851,34,39,-5,5
73852,74,81,-7,7
73853,122,108,14,14
73854,123,105,18,18
73855,66,61,5,5
73856,122,108,14,14
73857,114,103,11,11
73858,165,148,17,17
73859,139,140,-1,1
73860,58,50,8,8
73861,70,70,0,0
73862,71,66,5,5
73863,158,164,-6,6
73864,66,64,2,2
73865,166,119,47,47
73866,129,120,9,9
73867,91,86,5,5
73868,109,121,-12,12
73869,118,120,-2,2
73870,90,91,-1,1
73871,125,109,16,16
73872,94,83,11,11
73873,107,93,14,14
73874,144,114,30,30
73875,83,77,6,6
73876,71,75,-4,4
73877,93,91,2,2
73878,103,98,5,5
73879,78,80,-2,2
73880,33,74,-41,41
73881,44,81,-37,37
73882,129,117,12,12
73883,210,175,35,35
73884,98,91,7,7
73885,60,77,-17,17
73886,110,97,13,13
73887,56,59,-3,3
73888,149,124,25,25
73889,86,82,4,4
73890,101,95,6,6
73891,80,76,4,4
73892,96,92,4,4
73893,66,67,-1,1
73894,73,70,3,3
73895,87,75,12,12
73896,73,66,7,7
73897,96,89,7,7
73898,36,45,-9,9
73899,171,177,-6,6
73900,125,112,13,13
73901,82,81,1,1
73902,79,71,8,8
73903,148,128,20,20
73904,137,123,14,14
73905,82,86,-4,4
73906,72,91,-19,19
73907,57,61,-4,4
73908,162,149,13,13
73909,148,124,24,24
73910,82,74,8,8
73911,76,73,3,3
73912,72,68,4,4
73913,42,40,2,2
73914,102,103,-1,1
73915,61,65,-4,4
73916,107,100,7,7
73917,72,67,5,5
73918,117,117,0,0
73919,70,68,2,2
73920,60,60,0,0
73921,110,89,21,21
73922,94,90,4,4
73923,121,118,3,3
73924,102,96,6,6
73925,61,65,-4,4
73926,69,71,-2,2
73927,51,64,-13,13
73928,113,111,2,2
73929,148,152,-4,4
73930,129,113,16,16
73931,60,60,0,0
73932,82,95,-13,13
73933,149,127,22,22
73934,64,59,5,5
73935,95,96,-1,1
73936,105,99,6,6
73937,129,119,10,10
73938,140,126,14,14
73939,143,135,8,8
73940,67,65,2,2
73941,81,80,1,1
73942,131,111,20,20
73943,61,56,5,5
73944,95,90,5,5
73945,121,109,12,12
73946,96,82,14,14
73947,159,124,35,35
73948,51,54,-3,3
73949,72,77,-5,5
73950,83,82,1,1
73951,114,102,12,12
73952,90,91,-1,1
73953,72,70,2,2
73954,88,80,8,8
73955,149,127,22,22
73956,69,66,3,3
73957,67,72,-5,5
73958,65,72,-7,7
73959,119,115,4,4
73960,146,120,26,26
73961,75,82,-7,7
73962,175,144,31,31
73963,109,109,0,0
73964,80,78,2,2
73965,99,86,13,13
73966,137,124,13,13
73967,77,89,-12,12
73968,44,70,-26,26
73969,96,91,5,5
73970,55,55,0,0
73971,113,98,15,15
73972,108,102,6,6
73973,55,56,-1,1
73974,138,110,28,28
73975,74,72,2,2
73976,69,71,-2,2
73977,131,117,14,14
73978,129,143,-14,14
73979,103,102,1,1
73980,50,53,-3,3
73981,90,89,1,1
73982,42,43,-1,1
73983,140,142,-2,2
73984,76,86,-10,10
73985,113,102,11,11
73986,43,52,-9,9
73987,73,83,-10,10
73988,116,109,7,7
73989,112,110,2,2
73990,126,120,6,6
73991,98,97,1,1
73992,83,90,-7,7
73993,51,71,-20,20
73994,73,90,-17,17
73995,220,173,47,47
73996,72,80,-8,8
73997,63,65,-2,2
73998,107,100,7,7
73999,90,81,9,9
74000,50,60,-10,10
74001,100,92,8,8
74002,126,110,16,16
74003,73,73,0,0
74004,88,88,0,0
74005,65,76,-11,11
74006,73,70,3,3
74007,83,81,2,2
74008,118,114,4,4
74009,77,71,6,6
74010,175,151,24,24
74011,101,97,4,4
74012,72,72,0,0
74013,84,83,1,1
74014,320,338,-18,18
74015,86,96,-10,10
74016,48,49,-1,1
74017,82,73,9,9
74018,111,98,13,13
74019,83,83,0,0
74020,105,111,-6,6
74021,87,87,0,0
74022,92,89,3,3
74023,106,100,6,6
74024,179,157,22,22
74025,123,107,16,16
74026,68,75,-7,7
74027,52,49,3,3
74028,155,122,33,33
74029,97,104,-7,7
74030,78,80,-2,2
74031,52,50,2,2
74032,62,66,-4,4
74033,92,91,1,1
74034,113,103,10,10
74035,141,127,14,14
74036,66,71,-5,5
74037,97,86,11,11
74038,80,94,-14,14
74039,71,87,-16,16
74040,117,106,11,11
74041,202,173,29,29
74042,89,81,8,8
74043,65,73,-8,8
74044,83,87,-4,4
74045,151,130,21,21
74046,68,65,3,3
74047,84,87,-3,3
74048,114,103,11,11
74049,67,69,-2,2
74050,48,47,1,1
74051,108,104,4,4
74052,159,124,35,35
74053,84,80,4,4
74054,153,130,23,23
74055,52,68,-16,16
74056,159,140,19,19
74057,118,113,5,5
74058,83,84,-1,1
74059,50,51,-1,1
74060,125,108,17,17
74061,41,89,-48,48
74062,62,73,-11,11
74063,85,74,11,11
74064,133,122,11,11
74065,129,111,18,18
74066,97,89,8,8
74067,102,98,4,4
74068,23,29,-6,6
74069,74,79,-5,5
74070,41,52,-11,11
74071,108,107,1,1
74072,104,98,6,6
74073,108,89,19,19
74074,97,93,4,4
74075,74,77,-3,3
74076,94,90,4,4
74077,78,78,0,0
74078,117,111,6,6
74079,119,112,7,7
74080,60,55,5,5
74081,86,81,5,5
74082,84,81,3,3
74083,72,72,0,0
74084,93,95,-2,2
74085,72,71,1,1
74086,156,122,34,34
74087,73,79,-6,6
74088,108,100,8,8
74089,126,127,-1,1
74090,93,85,8,8
74091,79,69,10,10
74092,181,140,41,41
74093,83,77,6,6
74094,119,109,10,10
74095,71,70,1,1
74096,77,70,7,7
74097,104,110,-6,6
74098,72,77,-5,5
74099,68,69,-1,1
74100,98,94,4,4
74101,57,79,-22,22
74102,80,101,-21,21
74103,73,73,0,0
74104,191,153,38,38
74105,100,89,11,11
74106,132,109,23,23
74107,40,41,-1,1
74108,54,59,-5,5
74109,154,135,19,19
74110,139,121,18,18
74111,107,101,6,6
74112,128,109,19,19
74113,133,112,21,21
74114,83,72,11,11
74115,63,85,-22,22
74116,81,80,1,1
74117,163,140,23,23
74118,109,102,7,7
74119,63,62,1,1
74120,90,89,1,1
74121,81,88,-7,7
74122,66,65,1,1
74123,120,115,5,5
74124,89,83,6,6
74125,67,70,-3,3
74126,85,85,0,0
74127,78,79,-1,1
74128,75,79,-4,4
74129,198,170,28,28
74130,92,91,1,1
74131,118,100,18,18
74132,57,62,-5,5
74133,155,136,19,19
74134,86,82,4,4
74135,67,63,4,4
74136,178,137,41,41
74137,68,69,-1,1
74138,85,82,3,3
74139,79,81,-2,2
74140,93,81,12,12
74141,50,58,-8,8
74142,58,58,0,0
74143,104,99,5,5
74144,100,93,7,7
74145,201,172,29,29
74146,105,100,5,5
74147,105,101,4,4
74148,90,86,4,4
74149,68,76,-8,8
74150,74,80,-6,6
74151,60,59,1,1
74152,59,82,-23,23
74153,97,98,-1,1
74154,87,81,6,6
74155,55,66,-11,11
74156,111,97,14,14
74157,119,101,18,18
74158,115,110,5,5
74159,59,54,5,5
74160,61,61,0,0
74161,30,52,-22,22
74162,96,90,6,6
74163,131,102,29,29
74164,183,156,27,27
74165,161,152,9,9
74166,146,134,12,12
74167,200,166,34,34
74168,100,96,4,4
74169,114,104,10,10
74170,108,101,7,7
74171,73,71,2,2
74172,75,70,5,5
74173,72,71,1,1
74174,143,138,5,5
74175,101,89,12,12
74176,66,70,-4,4
74177,164,134,30,30
74178,85,81,4,4
74179,88,84,4,4
74180,98,95,3,3
74181,54,94,-40,40
74182,95,93,2,2
74183,64,68,-4,4
74184,144,128,16,16
74185,105,98,7,7
74186,102,104,-2,2
74187,114,92,22,22
74188,54,59,-5,5
74189,112,99,13,13
74190,181,151,30,30
74191,110,96,14,14
74192,75,67,8,8
74193,51,62,-11,11
74194,98,92,6,6
74195,85,84,1,1
74196,54,64,-10,10
74197,57,60,-3,3
74198,77,83,-6,6
74199,66,78,-12,12
74200,84,74,10,10
74201,102,100,2,2
74202,124,115,9,9
74203,129,116,13,13
74204,195,168,27,27
74205,111,107,4,4
74206,109,108,1,1
74207,68,66,2,2
74208,57,57,0,0
74209,76,84,-8,8
74210,99,90,9,9
74211,78,83,-5,5
74212,124,115,9,9
74213,83,75,8,8
74214,82,73,9,9
74215,73,70,3,3
74216,66,68,-2,2
74217,102,98,4,4
74218,107,105,2,2
74219,101,92,9,9
74220,119,111,8,8
74221,120,119,1,1
74222,69,70,-1,1
74223,80,92,-12,12
74224,113,103,10,10
74225,63,69,-6,6
74226,94,81,13,13
74227,146,133,13,13
74228,109,99,10,10
74229,117,102,15,15
74230,66,68,-2,2
74231,151,117,34,34
74232,60,57,3,3
74233,146,145,1,1
74234,135,119,16,16
74235,90,78,12,12
74236,48,54,-6,6
74237,71,70,1,1
74238,155,141,14,14
74239,86,74,12,12
74240,111,113,-2,2
74241,96,90,6,6
74242,137,137,0,0
74243,81,82,-1,1
74244,60,66,-6,6
74245,83,92,-9,9
74246,106,103,3,3
74247,67,73,-6,6
74248,52,54,-2,2
74249,104,94,10,10
74250,73,80,-7,7
74251,87,92,-5,5
74252,148,136,12,12
74253,77,71,6,6
74254,92,89,3,3
74255,201,170,31,31
74256,50,52,-2,2
74257,149,134,15,15
74258,150,124,26,26
74259,89,94,-5,5
74260,131,112,19,19
74261,73,66,7,7
74262,83,84,-1,1
74263,155,137,18,18
74264,80,60,20,20
74265,128,117,11,11
74266,59,61,-2,2
74267,85,89,-4,4
74268,87,96,-9,9
74269,85,80,5,5
74270,72,68,4,4
74271,72,78,-6,6
74272,56,58,-2,2
74273,127,118,9,9
74274,73,70,3,3
74275,94,79,15,15
74276,72,70,2,2
74277,48,46,2,2
74278,130,108,22,22
74279,103,84,19,19
74280,96,81,15,15
74281,140,127,13,13
74282,63,70,-7,7
74283,61,60,1,1
74284,78,79,-1,1
74285,75,69,6,6
74286,81,83,-2,2
74287,79,81,-2,2
74288,94,93,1,1
74289,117,111,6,6
74290,59,58,1,1
74291,84,81,3,3
74292,149,132,17,17
74293,109,103,6,6
74294,46,59,-13,13
74295,131,109,22,22
74296,118,103,15,15
74297,83,91,-8,8
74298,68,83,-15,15
74299,70,84,-14,14
74300,49,54,-5,5
74301,73,72,1,1
74302,132,122,10,10
74303,93,81,12,12
74304,159,143,16,16
74305,107,103,4,4
74306,185,154,31,31
74307,143,130,13,13
74308,60,69,-9,9
74309,78,71,7,7
74310,106,103,3,3
74311,98,87,11,11
74312,101,83,18,18
74313,39,58,-19,19
74314,104,100,4,4
74315,51,67,-16,16
74316,88,80,8,8
74317,83,81,2,2
74318,116,121,-5,5
74319,59,59,0,0
74320,88,83,5,5
74321,206,158,48,48
74322,147,117,30,30
74323,40,51,-11,11
74324,45,47,-2,2
74325,89,86,3,3
74326,146,128,18,18
74327,76,81,-5,5
74328,92,73,19,19
74329,35,44,-9,9
74330,77,89,-12,12
74331,104,104,0,0
74332,97,87,10,10
74333,135,120,15,15
74334,63,61,2,2
74335,54,58,-4,4
74336,117,112,5,5
74337,79,73,6,6
74338,64,70,-6,6
74339,63,66,-3,3
74340,63,63,0,0
74341,80,81,-1,1
74342,136,124,12,12
74343,106,86,20,20
74344,76,73,3,3
74345,80,80,0,0
74346,126,112,14,14
74347,96,87,9,9
74348,56,55,1,1
74349,124,117,7,7
74350,137,124,13,13
74351,63,72,-9,9
74352,59,63,-4,4
74353,102,95,7,7
74354,41,41,0,0
74355,84,87,-3,3
74356,99,96,3,3
74357,108,107,1,1
74358,125,116,9,9
74359,115,105,10,10
74360,84,81,3,3
74361,100,100,0,0
74362,128,120,8,8
74363,60,64,-4,4
74364,77,80,-3,3
74365,63,59,4,4
74366,90,94,-4,4
74367,64,74,-10,10
74368,61,55,6,6
74369,99,99,0,0
74370,97,95,2,2
74371,65,59,6,6
74372,99,101,-2,2
74373,181,153,28,28
74374,83,83,0,0
74375,102,96,6,6
74376,136,129,7,7
74377,56,56,0,0
74378,132,119,13,13
74379,76,76,0,0
74380,101,92,9,9
74381,110,88,22,22
74382,51,52,-1,1
74383,60,69,-9,9
74384,127,118,9,9
74385,81,101,-20,20
74386,59,60,-1,1
74387,82,80,2,2
74388,103,93,10,10
74389,99,89,10,10
74390,50,43,7,7
74391,85,93,-8,8
74392,67,60,7,7
74393,125,111,14,14
74394,93,88,5,5
74395,116,106,10,10
74396,68,75,-7,7
74397,77,75,2,2
74398,95,93,2,2
74399,59,64,-5,5
74400,111,98,13,13
74401,79,81,-2,2
74402,84,88,-4,4
74403,89,94,-5,5
74404,164,140,24,24
74405,72,72,0,0
74406,78,81,-3,3
74407,149,144,5,5
74408,95,77,18,18
74409,85,69,16,16
74410,96,90,6,6
74411,72,65,7,7
74412,112,95,17,17
74413,77,79,-2,2
74414,40,43,-3,3
74415,110,104,6,6
74416,59,70,-11,11
74417,107,100,7,7
74418,66,77,-11,11
74419,87,83,4,4
74420,72,72,0,0
74421,85,93,-8,8
74422,49,51,-2,2
74423,72,77,-5,5
74424,156,152,4,4
74425,75,61,14,14
74426,83,78,5,5
74427,107,98,9,9
74428,97,88,9,9
74429,108,95,13,13
74430,89,80,9,9
74431,103,109,-6,6
74432,133,118,15,15
74433,56,54,2,2
74434,77,74,3,3
74435,88,92,-4,4
74436,106,106,0,0
74437,134,128,6,6
74438,81,85,-4,4
74439,126,115,11,11
74440,69,71,-2,2
74441,120,146,-26,26
74442,121,102,19,19
74443,62,66,-4,4
74444,85,80,5,5
74445,93,84,9,9
74446,111,102,9,9
74447,99,110,-11,11
74448,50,55,-5,5
74449,98,99,-1,1
74450,83,73,10,10
74451,94,97,-3,3
74452,144,132,12,12
74453,49,52,-3,3
74454,46,46,0,0
74455,87,89,-2,2
74456,80,81,-1,1
74457,150,118,32,32
74458,67,73,-6,6
74459,39,40,-1,1
74460,82,74,8,8
74461,76,76,0,0
74462,56,57,-1,1
74463,33,42,-9,9
74464,95,86,9,9
74465,67,57,10,10
74466,87,87,0,0
74467,101,94,7,7
74468,62,60,2,2
74469,62,70,-8,8
74470,93,82,11,11
74471,71,60,11,11
74472,79,80,-1,1
74473,86,81,5,5
74474,70,74,-4,4
74475,117,103,14,14
74476,51,75,-24,24
74477,168,146,22,22
74478,120,102,18,18
74479,99,90,9,9
74480,73,80,-7,7
74481,120,113,7,7
74482,136,119,17,17
74483,57,70,-13,13
74484,89,82,7,7
74485,89,93,-4,4
74486,81,84,-3,3
74487,72,60,12,12
74488,104,99,5,5
74489,141,122,19,19
74490,79,80,-1,1
74491,167,144,23,23
74492,86,82,4,4
74493,138,113,25,25
74494,66,68,-2,2
74495,59,59,0,0
74496,110,115,-5,5
74497,82,76,6,6
74498,92,89,3,3
74499,62,61,1,1
74500,82,73,9,9
74501,62,69,-7,7
74502,94,85,9,9
74503,135,141,-6,6
74504,227,211,16,16
74505,85,81,4,4
74506,74,82,-8,8
74507,106,128,-22,22
74508,52,56,-4,4
74509,96,102,-6,6
74510,97,93,4,4
74511,143,131,12,12
74512,84,73,11,11
74513,77,69,8,8
74514,49,51,-2,2
74515,116,104,12,12
74516,67,87,-20,20
74517,74,80,-6,6
74518,83,80,3,3
74519,77,73,4,4
74520,113,105,8,8
74521,125,107,18,18
74522,59,58,1,1
74523,62,66,-4,4
74524,148,135,13,13
74525,56,67,-11,11
74526,85,95,-10,10
74527,158,127,31,31
74528,79,86,-7,7
74529,87,78,9,9
74530,115,126,-11,11
74531,62,62,0,0
74532,78,76,2,2
74533,107,93,14,14
74534,129,115,14,14
74535,109,97,12,12
74536,46,53,-7,7
74537,73,69,4,4
74538,47,47,0,0
74539,57,58,-1,1
74540,136,129,7,7
74541,74,72,2,2
74542,73,71,2,2
74543,117,107,10,10
74544,64,52,12,12
74545,65,73,-8,8
74546,61,65,-4,4
74547,40,51,-11,11
74548,84,78,6,6
74549,96,98,-2,2
74550,108,93,15,15
74551,148,133,15,15
74552,111,102,9,9
74553,131,123,8,8
74554,55,61,-6,6
74555,132,115,17,17
74556,156,116,40,40
74557,68,67,1,1
74558,109,98,11,11
74559,65,64,1,1
74560,78,70,8,8
74561,136,120,16,16
74562,190,176,14,14
74563,157,141,16,16
74564,110,107,3,3
74565,50,59,-9,9
74566,123,121,2,2
74567,127,116,11,11
74568,88,86,2,2
74569,116,105,11,11
74570,85,87,-2,2
74571,116,101,15,15
74572,181,157,24,24
74573,87,90,-3,3
74574,135,127,8,8
74575,64,76,-12,12
74576,92,86,6,6
74577,59,61,-2,2
74578,81,72,9,9
74579,71,70,1,1
74580,130,126,4,4
74581,96,86,10,10
74582,86,80,6,6
74583,107,117,-10,10
74584,118,104,14,14
74585,93,90,3,3
74586,88,92,-4,4
74587,54,62,-8,8
74588,101,97,4,4
74589,58,62,-4,4
74590,109,96,13,13
74591,106,106,0,0
74592,139,125,14,14
74593,50,57,-7,7
74594,168,150,18,18
74595,115,109,6,6
74596,70,73,-3,3
74597,92,85,7,7
74598,133,119,14,14
74599,74,74,0,0
74600,159,150,9,9
74601,120,116,4,4
74602,84,96,-12,12
74603,103,100,3,3
74604,183,140,43,43
74605,139,122,17,17
74606,86,94,-8,8
74607,82,81,1,1
74608,61,71,-10,10
74609,123,95,28,28
74610,87,83,4,4
74611,135,122,13,13
74612,99,90,9,9
74613,74,70,4,4
74614,74,78,-4,4
74615,139,128,11,11
74616,85,81,4,4
74617,70,75,-5,5
74618,106,101,5,5
74619,123,111,12,12
74620,100,96,4,4
74621,61,61,0,0
74622,92,88,4,4
74623,132,125,7,7
74624,59,65,-6,6
74625,226,188,38,38
74626,84,76,8,8
74627,165,150,15,15
74628,83,88,-5,5
74629,115,104,11,11
74630,159,133,26,26
74631,93,83,10,10
74632,126,122,4,4
74633,51,52,-1,1
74634,118,109,9,9
74635,80,70,10,10
74636,161,129,32,32
74637,91,86,5,5
74638,83,81,2,2
74639,91,84,7,7
74640,234,201,33,33
74641,78,72,6,6
74642,101,93,8,8
74643,72,70,2,2
74644,92,73,19,19
74645,44,58,-14,14
74646,76,78,-2,2
74647,106,97,9,9
74648,119,103,16,16
74649,111,89,22,22
74650,111,109,2,2
74651,105,93,12,12
74652,62,67,-5,5
74653,113,111,2,2
74654,94,96,-2,2
74655,155,132,23,23
74656,59,59,0,0
74657,86,92,-6,6
74658,61,60,1,1
74659,198,161,37,37
74660,83,80,3,3
74661,50,59,-9,9
74662,126,113,13,13
74663,95,87,8,8
74664,95,83,12,12
74665,24,30,-6,6
74666,90,91,-1,1
74667,47,49,-2,2
74668,64,73,-9,9
74669,107,106,1,1
74670,94,82,12,12
74671,77,75,2,2
74672,111,115,-4,4
74673,107,101,6,6
74674,33,39,-6,6
74675,73,72,1,1
74676,63,67,-4,4
74677,90,89,1,1
74678,89,141,-52,52
74679,79,74,5,5
74680,128,117,11,11
74681,91,87,4,4
74682,114,101,13,13
74683,103,91,12,12
74684,61,48,13,13
74685,122,123,-1,1
74686,114,105,9,9
74687,143,129,14,14
74688,75,73,2,2
74689,66,63,3,3
74690,90,91,-1,1
74691,108,88,20,20
74692,74,75,-1,1
74693,137,125,12,12
74694,121,103,18,18
74695,85,102,-17,17
74696,47,56,-9,9
74697,51,61,-10,10
74698,79,73,6,6
74699,80,76,4,4
74700,111,103,8,8
74701,126,123,3,3
74702,37,39,-2,2
74703,87,81,6,6
74704,102,96,6,6
74705,73,74,-1,1
74706,81,90,-9,9
74707,85,74,11,11
74708,127,111,16,16
74709,127,105,22,22
74710,93,101,-8,8
74711,122,114,8,8
74712,175,142,33,33
74713,96,95,1,1
74714,88,80,8,8
74715,162,126,36,36
74716,124,124,0,0
74717,42,40,2,2
74718,90,89,1,1
74719,91,88,3,3
74720,129,116,13,13
74721,53,58,-5,5
74722,75,74,1,1
74723,88,86,2,2
74724,70,64,6,6
74725,185,161,24,24
74726,105,97,8,8
74727,128,113,15,15
74728,103,93,10,10
74729,100,99,1,1
74730,71,73,-2,2
74731,157,131,26,26
74732,103,102,1,1
74733,118,109,9,9
74734,140,157,-17,17
74735,102,97,5,5
74736,71,68,3,3
74737,143,134,9,9
74738,58,67,-9,9
74739,96,96,0,0
74740,112,103,9,9
74741,85,83,2,2
74742,92,98,-6,6
74743,81,82,-1,1
74744,102,98,4,4
74745,43,62,-19,19
74746,87,81,6,6
74747,118,106,12,12
74748,85,76,9,9
74749,100,98,2,2
74750,83,87,-4,4
74751,83,66,17,17
74752,89,84,5,5
74753,50,55,-5,5
74754,134,120,14,14
74755,65,59,6,6
74756,72,78,-6,6
74757,75,69,6,6
74758,78,76,2,2
74759,81,84,-3,3
74760,105,109,-4,4
74761,67,65,2,2
74762,136,70,66,66
74763,86,94,-8,8
74764,139,123,16,16
74765,78,73,5,5
74766,38,37,1,1
74767,78,73,5,5
74768,59,57,2,2
74769,91,83,8,8
74770,152,133,19,19
74771,148,142,6,6
74772,108,97,11,11
74773,77,71,6,6
74774,83,74,9,9
74775,89,82,7,7
74776,104,91,13,13
74777,117,113,4,4
74778,151,134,17,17
74779,45,54,-9,9
74780,60,56,4,4
74781,125,116,9,9
74782,41,42,-1,1
74783,49,52,-3,3
74784,140,125,15,15
74785,90,91,-1,1
74786,93,92,1,1
74787,100,84,16,16
74788,125,109,16,16
74789,114,108,6,6
74790,128,118,10,10
74791,60,61,-1,1
74792,191,162,29,29
74793,140,128,12,12
74794,82,86,-4,4
74795,76,70,6,6
74796,117,108,9,9
74797,83,85,-2,2
74798,82,78,4,4
74799,122,119,3,3
74800,60,61,-1,1
74801,117,109,8,8
74802,96,86,10,10
74803,115,108,7,7
74804,134,120,14,14
74805,109,103,6,6
74806,91,81,10,10
74807,72,73,-1,1
74808,96,87,9,9
74809,80,82,-2,2
74810,71,72,-1,1
74811,95,82,13,13
74812,101,97,4,4
74813,67,65,2,2
74814,87,90,-3,3
74815,89,85,4,4
74816,62,65,-3,3
74817,126,138,-12,12
74818,78,84,-6,6
74819,100,101,-1,1
74820,96,87,9,9
74821,100,95,5,5
74822,59,61,-2,2
74823,93,86,7,7
74824,120,111,9,9
74825,70,74,-4,4
74826,46,48,-2,2
74827,153,133,20,20
74828,91,87,4,4
74829,94,90,4,4
74830,74,84,-10,10
74831,87,74,13,13
74832,76,76,0,0
74833,56,60,-4,4
74834,104,115,-11,11
74835,126,117,9,9
74836,115,105,10,10
74837,107,108,-1,1
74838,41,51,-10,10
74839,75,69,6,6
74840,76,80,-4,4
74841,75,76,-1,1
74842,50,56,-6,6
74843,118,111,7,7
74844,131,119,12,12
74845,92,124,-32,32
74846,113,101,12,12
74847,126,107,19,19
74848,65,73,-8,8
74849,128,113,15,15
74850,89,89,0,0
74851,100,86,14,14
74852,85,80,5,5
74853,166,139,27,27
74854,100,106,-6,6
74855,119,111,8,8
74856,72,68,4,4
74857,78,81,-3,3
74858,70,62,8,8
74859,84,81,3,3
74860,56,53,3,3
74861,18,26,-8,8
74862,75,76,-1,1
74863,107,106,1,1
74864,86,78,8,8
74865,128,119,9,9
74866,99,100,-1,1
74867,69,74,-5,5
74868,130,114,16,16
74869,127,118,9,9
74870,188,160,28,28
74871,99,97,2,2
74872,83,80,3,3
74873,105,97,8,8
74874,56,59,-3,3
74875,84,80,4,4
74876,43,53,-10,10
74877,104,108,-4,4
74878,93,91,2,2
74879,111,111,0,0
74880,106,109,-3,3
74881,77,73,4,4
74882,74,70,4,4
74883,138,127,11,11
74884,47,45,2,2
74885,158,142,16,16
74886,111,106,5,5
74887,84,87,-3,3
74888,129,120,9,9
74889,76,77,-1,1
74890,84,84,0,0
74891,67,67,0,0
74892,61,50,11,11
74893,107,94,13,13
74894,79,69,10,10
74895,112,112,0,0
74896,53,53,0,0
74897,84,81,3,3
74898,46,47,-1,1
74899,115,101,14,14
74900,48,47,1,1
74901,51,49,2,2
74902,73,85,-12,12
74903,81,97,-16,16
74904,53,57,-4,4
74905,144,127,17,17
74906,93,85,8,8
74907,63,78,-15,15
74908,47,48,-1,1
74909,117,99,18,18
74910,172,120,52,52
74911,57,61,-4,4
74912,143,129,14,14
74913,108,108,0,0
74914,140,122,18,18
74915,70,72,-2,2
74916,96,93,3,3
74917,107,104,3,3
74918,116,102,14,14
74919,120,110,10,10
74920,60,54,6,6
74921,77,81,-4,4
74922,112,105,7,7
74923,97,104,-7,7
74924,183,170,13,13
74925,95,88,7,7
74926,92,87,5,5
74927,76,87,-11,11
74928,99,96,3,3
74929,85,79,6,6
74930,76,81,-5,5
74931,93,89,4,4
74932,50,58,-8,8
74933,55,60,-5,5
74934,88,87,1,1
74935,97,100,-3,3
74936,83,81,2,2
74937,54,53,1,1
74938,86,80,6,6
74939,77,81,-4,4
74940,282,305,-23,23
74941,136,120,16,16
74942,91,80,11,11
74943,150,145,5,5
74944,66,71,-5,5
74945,71,80,-9,9
74946,87,81,6,6
74947,87,90,-3,3
74948,119,114,5,5
74949,148,127,21,21
74950,117,104,13,13
74951,85,85,0,0
74952,97,91,6,6
74953,49,58,-9,9
74954,103,105,-2,2
74955,38,41,-3,3
74956,86,93,-7,7
74957,49,47,2,2
74958,103,93,10,10
74959,103,113,-10,10
74960,45,46,-1,1
74961,103,95,8,8
74962,83,77,6,6
74963,95,88,7,7
74964,60,70,-10,10
74965,102,99,3,3
74966,138,137,1,1
74967,83,81,2,2
74968,95,90,5,5
74969,96,93,3,3
74970,150,140,10,10
74971,53,53,0,0
74972,133,107,26,26
74973,45,53,-8,8
74974,50,47,3,3
74975,35,83,-48,48
74976,103,89,14,14
74977,58,58,0,0
74978,72,75,-3,3
74979,100,99,1,1
74980,95,87,8,8
74981,109,98,11,11
74982,57,68,-11,11
74983,68,85,-17,17
74984,89,83,6,6
74985,129,116,13,13
74986,118,109,9,9
74987,114,104,10,10
74988,112,100,12,12
74989,103,93,10,10
74990,95,91,4,4
74991,130,128,2,2
74992,95,82,13,13
74993,129,119,10,10
74994,84,80,4,4
74995,103,103,0,0
74996,146,130,16,16
74997,84,90,-6,6
74998,143,127,16,16
74999,84,85,-1,1
75000,69,76,-7,7
75001,94,96,-2,2
75002,56,73,-17,17
75003,133,124,9,9
75004,49,61,-12,12
75005,58,55,3,3
75006,122,101,21,21
75007,117,107,10,10
75008,87,82,5,5
75009,113,106,7,7
75010,60,59,1,1
75011,65,67,-2,2
75012,103,95,8,8
75013,152,127,25,25
75014,121,110,11,11
75015,119,107,12,12
75016,47,53,-6,6
75017,113,100,13,13
75018,101,96,5,5
75019,73,83,-10,10
75020,88,92,-4,4
75021,156,133,23,23
75022,99,90,9,9
75023,86,84,2,2
75024,101,98,3,3
75025,91,85,6,6
75026,59,63,-4,4
75027,72,73,-1,1
75028,111,96,15,15
75029,108,102,6,6
75030,78,79,-1,1
75031,63,68,-5,5
75032,97,97,0,0
75033,76,76,0,0
75034,94,102,-8,8
75035,83,80,3,3
75036,72,70,2,2
75037,113,97,16,16
75038,126,112,14,14
75039,86,93,-7,7
75040,67,58,9,9
75041,149,128,21,21
75042,89,81,8,8
75043,115,101,14,14
75044,111,93,18,18
75045,135,129,6,6
75046,54,58,-4,4
75047,123,119,4,4
75048,82,85,-3,3
75049,26,40,-14,14
75050,66,67,-1,1
75051,117,101,16,16
75052,135,132,3,3
75053,70,68,2,2
75054,59,59,0,0
75055,141,128,13,13
75056,64,59,5,5
75057,126,121,5,5
75058,97,91,6,6
75059,54,57,-3,3
75060,99,92,7,7
75061,138,117,21,21
75062,130,124,6,6
75063,111,86,25,25
75064,81,80,1,1
75065,97,90,7,7
75066,146,132,14,14
75067,92,83,9,9
75068,68,57,11,11
75069,70,73,-3,3
75070,79,71,8,8
75071,57,66,-9,9
75072,70,65,5,5
75073,52,59,-7,7
75074,82,91,-9,9
75075,72,72,0,0
75076,86,79,7,7
75077,124,104,20,20
75078,71,69,2,2
75079,75,62,13,13
75080,111,97,14,14
75081,85,77,8,8
75082,77,73,4,4
75083,116,109,7,7
75084,121,121,0,0
75085,63,60,3,3
75086,65,65,0,0
75087,92,90,2,2
75088,115,104,11,11
75089,62,60,2,2
75090,90,83,7,7
75091,50,52,-2,2
75092,81,83,-2,2
75093,33,41,-8,8
75094,141,124,17,17
75095,51,51,0,0
75096,32,38,-6,6
75097,89,97,-8,8
75098,117,112,5,5
75099,97,99,-2,2
75100,92,81,11,11
75101,71,69,2,2
75102,76,75,1,1
75103,42,55,-13,13
75104,84,91,-7,7
75105,87,91,-4,4
75106,153,131,22,22
75107,91,90,1,1
75108,59,82,-23,23
75109,69,69,0,0
75110,109,95,14,14
75111,115,99,16,16
75112,169,154,15,15
75113,67,69,-2,2
75114,96,91,5,5
75115,94,90,4,4
75116,173,129,44,44
75117,96,90,6,6
75118,127,100,27,27
75119,58,59,-1,1
75120,69,67,2,2
75121,68,70,-2,2
75122,141,130,11,11
75123,110,121,-11,11
75124,46,88,-42,42
75125,56,109,-53,53
75126,99,105,-6,6
75127,117,107,10,10
75128,53,58,-5,5
75129,92,86,6,6
75130,100,104,-4,4
75131,100,90,10,10
75132,92,95,-3,3
75133,67,60,7,7
75134,148,123,25,25
75135,122,111,11,11
75136,162,145,17,17
75137,86,85,1,1
75138,165,135,30,30
75139,106,93,13,13
75140,84,96,-12,12
75141,97,90,7,7
75142,61,57,4,4
75143,187,169,18,18
75144,153,147,6,6
75145,57,64,-7,7
75146,101,95,6,6
75147,154,118,36,36
75148,108,99,9,9
75149,55,53,2,2
75150,113,94,19,19
75151,55,56,-1,1
75152,101,86,15,15
75153,91,92,-1,1
75154,89,89,0,0
75155,96,87,9,9
75156,52,66,-14,14
75157,54,58,-4,4
75158,69,70,-1,1
75159,95,103,-8,8
75160,88,81,7,7
75161,126,115,11,11
75162,82,89,-7,7
75163,76,80,-4,4
75164,112,100,12,12
75165,117,104,13,13
75166,113,104,9,9
75167,97,87,10,10
75168,98,94,4,4
75169,83,79,4,4
75170,76,72,4,4
75171,80,73,7,7
75172,111,103,8,8
75173,135,115,20,20
75174,62,66,-4,4
75175,140,128,12,12
75176,68,70,-2,2
75177,141,131,10,10
75178,53,63,-10,10
75179,140,131,9,9
75180,74,71,3,3
75181,70,69,1,1
75182,78,84,-6,6
75183,103,94,9,9
75184,97,92,5,5
75185,75,74,1,1
75186,143,133,10,10
75187,163,143,20,20
75188,71,70,1,1
75189,58,59,-1,1
75190,69,71,-2,2
75191,72,72,0,0
75192,158,144,14,14
75193,93,98,-5,5
75194,80,80,0,0
75195,142,124,18,18
75196,46,65,-19,19
75197,76,70,6,6
75198,129,153,-24,24
75199,82,79,3,3
75200,146,125,21,21
75201,93,88,5,5
75202,113,99,14,14
75203,142,138,4,4
75204,72,70,2,2
75205,74,74,0,0
75206,88,100,-12,12
75207,105,108,-3,3
75208,110,110,0,0
75209,83,80,3,3
75210,27,50,-23,23
75211,136,121,15,15
75212,81,79,2,2
75213,98,89,9,9
75214,120,109,11,11
75215,92,77,15,15
75216,145,118,27,27
75217,137,125,12,12
75218,103,102,1,1
75219,121,124,-3,3
75220,54,69,-15,15
75221,112,104,8,8
75222,76,77,-1,1
75223,89,84,5,5
75224,160,113,47,47
75225,28,44,-16,16
75226,76,69,7,7
75227,165,148,17,17
75228,100,89,11,11
75229,152,130,22,22
75230,82,81,1,1
75231,94,82,12,12
75232,60,64,-4,4
75233,125,115,10,10
75234,69,72,-3,3
75235,120,93,27,27
75236,91,83,8,8
75237,96,88,8,8
75238,45,47,-2,2
75239,56,60,-4,4
75240,76,73,3,3
75241,75,76,-1,1
75242,79,79,0,0
75243,124,105,19,19
75244,106,92,14,14
75245,122,113,9,9
75246,51,57,-6,6
75247,69,70,-1,1
75248,85,87,-2,2
75249,115,136,-21,21
75250,115,102,13,13
75251,115,104,11,11
75252,60,69,-9,9
75253,76,72,4,4
75254,32,40,-8,8
75255,79,79,0,0
75256,44,43,1,1
75257,58,59,-1,1
75258,130,118,12,12
75259,132,115,17,17
75260,79,79,0,0
75261,92,91,1,1
75262,144,132,12,12
75263,54,60,-6,6
75264,133,112,21,21
75265,64,72,-8,8
75266,92,89,3,3
75267,156,139,17,17
75268,58,56,2,2
75269,82,72,10,10
75270,86,83,3,3
75271,173,152,21,21
75272,94,90,4,4
75273,60,69,-9,9
75274,108,97,11,11
75275,126,115,11,11
75276,56,57,-1,1
75277,98,95,3,3
75278,92,80,12,12
75279,117,101,16,16
75280,52,47,5,5
75281,94,88,6,6
75282,78,79,-1,1
75283,76,96,-20,20
75284,67,65,2,2
75285,124,120,4,4
75286,128,117,11,11
75287,73,69,4,4
75288,62,59,3,3
75289,100,104,-4,4
75290,130,120,10,10
75291,61,60,1,1
75292,262,206,56,56
75293,60,60,0,0
75294,102,106,-4,4
75295,57,57,0,0
75296,97,102,-5,5
75297,84,84,0,0
75298,61,84,-23,23
75299,135,117,18,18
75300,104,83,21,21
75301,79,79,0,0
75302,187,146,41,41
75303,62,59,3,3
75304,94,89,5,5
75305,94,100,-6,6
75306,94,84,10,10
75307,126,108,18,18
75308,126,108,18,18
75309,108,96,12,12
75310,60,52,8,8
75311,93,100,-7,7
75312,53,56,-3,3
75313,61,64,-3,3
75314,79,80,-1,1
75315,74,70,4,4
75316,50,46,4,4
75317,75,60,15,15
75318,40,52,-12,12
75319,47,49,-2,2
75320,78,80,-2,2
75321,51,55,-4,4
75322,97,93,4,4
75323,54,51,3,3
75324,100,99,1,1
75325,91,83,8,8
75326,48,55,-7,7
75327,46,48,-2,2
75328,153,136,17,17
75329,123,113,10,10
75330,52,58,-6,6
75331,92,82,10,10
75332,71,80,-9,9
75333,141,116,25,25
75334,46,41,5,5
75335,72,74,-2,2
75336,84,81,3,3
75337,82,87,-5,5
75338,78,72,6,6
75339,77,71,6,6
75340,93,81,12,12
75341,47,51,-4,4
75342,67,69,-2,2
75343,67,67,0,0
75344,113,99,14,14
75345,179,154,25,25
75346,95,92,3,3
75347,164,145,19,19
75348,45,46,-1,1
75349,127,111,16,16
75350,118,114,4,4
75351,96,87,9,9
75352,57,54,3,3
75353,151,134,17,17
75354,69,93,-24,24
75355,79,80,-1,1
75356,86,81,5,5
75357,186,163,23,23
75358,147,123,24,24
75359,109,105,4,4
75360,97,84,13,13
75361,110,102,8,8
75362,69,66,3,3
75363,65,68,-3,3
75364,119,107,12,12
75365,58,67,-9,9
75366,77,76,1,1
75367,97,97,0,0
75368,95,91,4,4
75369,123,115,8,8
75370,107,117,-10,10
75371,117,105,12,12
75372,72,81,-9,9
75373,119,104,15,15
75374,103,98,5,5
75375,129,118,11,11
75376,83,75,8,8
75377,248,222,26,26
75378,93,81,12,12
75379,129,120,9,9
75380,68,80,-12,12
75381,117,106,11,11
75382,87,87,0,0
75383,118,108,10,10
75384,98,88,10,10
75385,103,101,2,2
75386,69,71,-2,2
75387,110,101,9,9
75388,125,113,12,12
75389,113,103,10,10
75390,112,99,13,13
75391,81,72,9,9
75392,86,85,1,1
75393,148,128,20,20
75394,102,93,9,9
75395,31,33,-2,2
75396,64,68,-4,4
75397,114,108,6,6
75398,87,86,1,1
75399,127,119,8,8
75400,91,97,-6,6
75401,74,70,4,4
75402,175,144,31,31
75403,223,162,61,61
75404,87,78,9,9
75405,67,62,5,5
75406,59,58,1,1
75407,104,87,17,17
75408,64,84,-20,20
75409,149,142,7,7
75410,125,109,16,16
75411,45,46,-1,1
75412,93,93,0,0
75413,86,82,4,4
75414,80,73,7,7
75415,73,60,13,13
75416,92,82,10,10
75417,120,123,-3,3
75418,126,109,17,17
75419,73,71,2,2
75420,54,59,-5,5
75421,65,68,-3,3
75422,100,95,5,5
75423,105,96,9,9
75424,85,78,7,7
75425,100,92,8,8
75426,81,86,-5,5
75427,67,69,-2,2
75428,174,152,22,22
75429,132,116,16,16
75430,127,100,27,27
75431,96,100,-4,4
75432,73,69,4,4
75433,86,81,5,5
75434,73,70,3,3
75435,124,115,9,9
75436,75,71,4,4
75437,49,59,-10,10
75438,99,119,-20,20
75439,55,57,-2,2
75440,141,106,35,35
75441,62,69,-7,7
75442,75,73,2,2
75443,99,93,6,6
75444,97,89,8,8
75445,104,97,7,7
75446,96,84,12,12
75447,122,113,9,9
75448,101,92,9,9
75449,109,105,4,4
75450,111,101,10,10
75451,99,87,12,12
75452,77,83,-6,6
75453,118,113,5,5
75454,89,78,11,11
75455,75,80,-5,5
75456,59,61,-2,2
75457,57,65,-8,8
75458,99,91,8,8
75459,88,75,13,13
75460,106,96,10,10
75461,101,101,0,0
75462,131,115,16,16
75463,127,118,9,9
75464,65,60,5,5
75465,101,87,14,14
75466,140,121,19,19
75467,122,109,13,13
75468,80,79,1,1
75469,128,122,6,6
75470,85,84,1,1
75471,111,108,3,3
75472,78,86,-8,8
75473,93,88,5,5
75474,42,47,-5,5
75475,66,56,10,10
75476,95,95,0,0
75477,90,75,15,15
75478,100,102,-2,2
75479,82,80,2,2
75480,67,77,-10,10
75481,105,96,9,9
75482,110,95,15,15
75483,56,60,-4,4
75484,37,38,-1,1
75485,65,69,-4,4
75486,72,74,-2,2
75487,106,102,4,4
75488,99,88,11,11
75489,104,96,8,8
75490,87,89,-2,2
75491,76,81,-5,5
75492,53,46,7,7
75493,57,63,-6,6
75494,69,63,6,6
75495,83,79,4,4
75496,56,61,-5,5
75497,78,79,-1,1
75498,95,98,-3,3
75499,78,76,2,2
75500,74,72,2,2
75501,82,97,-15,15
75502,95,89,6,6
75503,85,78,7,7
75504,63,70,-7,7
75505,124,116,8,8
75506,67,61,6,6
75507,112,107,5,5
75508,94,90,4,4
75509,69,68,1,1
75510,121,118,3,3
75511,82,82,0,0
75512,111,102,9,9
75513,126,117,9,9
75514,74,69,5,5
75515,81,77,4,4
75516,100,98,2,2
75517,148,126,22,22
75518,88,85,3,3
75519,70,70,0,0
75520,150,122,28,28
75521,88,81,7,7
75522,28,34,-6,6
75523,93,90,3,3
75524,96,99,-3,3
75525,90,84,6,6
75526,150,147,3,3
75527,75,80,-5,5
75528,93,98,-5,5
75529,150,133,17,17
75530,123,93,30,30
75531,133,123,10,10
75532,69,84,-15,15
75533,167,128,39,39
75534,46,40,6,6
75535,92,89,3,3
75536,54,56,-2,2
75537,154,125,29,29
75538,45,49,-4,4
75539,137,122,15,15
75540,115,100,15,15
75541,99,89,10,10
75542,93,83,10,10
75543,83,77,6,6
75544,115,100,15,15
75545,23,55,-32,32
75546,92,91,1,1
75547,85,85,0,0
75548,80,74,6,6
75549,190,172,18,18
75550,95,87,8,8
75551,153,121,32,32
75552,83,87,-4,4
75553,51,55,-4,4
75554,85,83,2,2
75555,85,85,0,0
75556,59,66,-7,7
75557,172,145,27,27
75558,53,57,-4,4
75559,128,107,21,21
75560,72,71,1,1
75561,130,111,19,19
75562,54,61,-7,7
75563,145,110,35,35
75564,94,96,-2,2
75565,111,104,7,7
75566,35,49,-14,14
75567,74,79,-5,5
75568,85,88,-3,3
75569,129,115,14,14
75570,49,57,-8,8
75571,56,64,-8,8
75572,99,92,7,7
75573,79,93,-14,14
75574,129,116,13,13
75575,74,74,0,0
75576,78,86,-8,8
75577,70,72,-2,2
75578,157,155,2,2
75579,98,93,5,5
75580,66,71,-5,5
75581,75,75,0,0
75582,76,71,5,5
75583,94,95,-1,1
75584,100,87,13,13
75585,50,51,-1,1
75586,98,96,2,2
75587,96,95,1,1
75588,134,124,10,10
75589,108,93,15,15
75590,212,182,30,30
75591,138,127,11,11
75592,88,81,7,7
75593,12,26,-14,14
75594,66,66,0,0
75595,98,84,14,14
75596,110,100,10,10
75597,75,73,2,2
75598,146,131,15,15
75599,176,161,15,15
75600,91,80,11,11
75601,88,84,4,4
75602,51,52,-1,1
75603,190,157,33,33
75604,128,115,13,13
75605,74,75,-1,1
75606,83,83,0,0
75607,64,68,-4,4
75608,127,121,6,6
75609,130,113,17,17
75610,95,83,12,12
75611,66,123,-57,57
75612,46,33,13,13
75613,79,80,-1,1
75614,110,99,11,11
75615,116,108,8,8
75616,68,71,-3,3
75617,70,85,-15,15
75618,59,72,-13,13
75619,107,88,19,19
75620,77,84,-7,7
75621,97,111,-14,14
75622,160,138,22,22
75623,130,132,-2,2
75624,60,59,1,1
75625,104,97,7,7
75626,91,89,2,2
75627,89,94,-5,5
75628,49,53,-4,4
75629,155,138,17,17
75630,94,88,6,6
75631,146,132,14,14
75632,87,91,-4,4
75633,127,114,13,13
75634,79,81,-2,2
75635,93,92,1,1
75636,121,116,5,5
75637,74,68,6,6
75638,113,106,7,7
75639,163,135,28,28
75640,122,100,22,22
75641,118,115,3,3
75642,56,59,-3,3
75643,129,111,18,18
75644,128,115,13,13
75645,159,134,25,25
75646,62,67,-5,5
75647,108,103,5,5
75648,72,69,3,3
75649,79,80,-1,1
75650,166,142,24,24
75651,62,70,-8,8
75652,144,134,10,10
75653,129,113,16,16
75654,72,75,-3,3
75655,93,81,12,12
75656,86,92,-6,6
75657,126,112,14,14
75658,86,81,5,5
75659,87,85,2,2
75660,183,160,23,23
75661,68,66,2,2
75662,80,76,4,4
75663,63,72,-9,9
75664,61,67,-6,6
75665,103,100,3,3
75666,46,51,-5,5
75667,107,94,13,13
75668,127,118,9,9
75669,89,82,7,7
75670,104,102,2,2
75671,82,88,-6,6
75672,114,109,5,5
75673,82,80,2,2
75674,109,106,3,3
75675,105,99,6,6
75676,67,72,-5,5
75677,64,65,-1,1
75678,109,101,8,8
75679,50,52,-2,2
75680,49,52,-3,3
75681,89,88,1,1
75682,163,146,17,17
75683,64,70,-6,6
75684,180,150,30,30
75685,73,112,-39,39
75686,155,134,21,21
75687,106,99,7,7
75688,102,92,10,10
75689,142,132,10,10
75690,62,60,2,2
75691,93,91,2,2
75692,125,99,26,26
75693,71,71,0,0
75694,62,73,-11,11
75695,129,113,16,16
75696,109,112,-3,3
75697,174,152,22,22
75698,103,104,-1,1
75699,124,106,18,18
75700,74,81,-7,7
75701,96,89,7,7
75702,112,104,8,8
75703,78,77,1,1
75704,59,59,0,0
75705,54,59,-5,5
75706,86,80,6,6
75707,99,107,-8,8
75708,120,126,-6,6
75709,134,115,19,19
75710,141,119,22,22
75711,99,97,2,2
75712,92,90,2,2
75713,121,112,9,9
75714,74,73,1,1
75715,101,84,17,17
75716,14,94,-80,80
75717,80,80,0,0
75718,88,81,7,7
75719,60,65,-5,5
75720,112,106,6,6
75721,153,124,29,29
75722,108,96,12,12
75723,98,97,1,1
75724,78,94,-16,16
75725,115,128,-13,13
75726,71,69,2,2
75727,129,119,10,10
75728,56,59,-3,3
75729,68,67,1,1
75730,80,79,1,1
75731,110,113,-3,3
75732,86,91,-5,5
75733,139,127,12,12
75734,125,112,13,13
75735,73,72,1,1
75736,122,108,14,14
75737,99,97,2,2
75738,78,77,1,1
75739,150,123,27,27
75740,112,88,24,24
75741,95,95,0,0
75742,85,80,5,5
75743,67,71,-4,4
75744,91,82,9,9
75745,110,98,12,12
75746,88,73,15,15
75747,115,120,-5,5
75748,78,77,1,1
75749,89,92,-3,3
75750,71,68,3,3
75751,65,60,5,5
75752,67,81,-14,14
75753,144,122,22,22
75754,98,96,2,2
75755,78,74,4,4
75756,130,124,6,6
75757,75,76,-1,1
75758,83,80,3,3
75759,72,70,2,2
75760,106,96,10,10
75761,44,44,0,0
75762,108,98,10,10
75763,80,70,10,10
75764,98,98,0,0
75765,97,91,6,6
75766,124,125,-1,1
75767,96,82,14,14
75768,71,71,0,0
75769,118,114,4,4
75770,115,102,13,13
75771,88,88,0,0
75772,104,98,6,6
75773,75,69,6,6
75774,115,100,15,15
75775,94,82,12,12
75776,97,97,0,0
75777,71,71,0,0
75778,73,83,-10,10
75779,64,69,-5,5
75780,61,65,-4,4
75781,46,46,0,0
75782,81,80,1,1
75783,56,61,-5,5
75784,99,98,1,1
75785,131,128,3,3
75786,75,87,-12,12
75787,74,70,4,4
75788,111,103,8,8
75789,136,115,21,21
75790,81,79,2,2
75791,50,55,-5,5
75792,95,90,5,5
75793,108,110,-2,2
75794,62,98,-36,36
75795,78,79,-1,1
75796,92,83,9,9
75797,42,46,-4,4
75798,102,105,-3,3
75799,104,101,3,3
75800,55,66,-11,11
75801,69,75,-6,6
75802,90,89,1,1
75803,63,75,-12,12
75804,101,97,4,4
75805,43,46,-3,3
75806,69,72,-3,3
75807,109,100,9,9
75808,142,133,9,9
75809,140,121,19,19
75810,67,70,-3,3
75811,62,65,-3,3
75812,114,97,17,17
75813,107,98,9,9
75814,85,91,-6,6
75815,167,146,21,21
75816,163,151,12,12
75817,85,83,2,2
75818,73,80,-7,7
75819,109,96,13,13
75820,61,66,-5,5
75821,77,78,-1,1
75822,207,162,45,45
75823,99,95,4,4
75824,182,148,34,34
75825,99,94,5,5
75826,83,82,1,1
75827,75,75,0,0
75828,139,127,12,12
75829,47,45,2,2
75830,65,80,-15,15
75831,143,108,35,35
75832,73,73,0,0
75833,79,80,-1,1
75834,85,77,8,8
75835,88,86,2,2
75836,141,124,17,17
75837,71,89,-18,18
75838,96,87,9,9
75839,153,131,22,22
75840,133,113,20,20
75841,80,83,-3,3
75842,171,158,13,13
75843,125,121,4,4
75844,91,82,9,9
75845,61,62,-1,1
75846,131,112,19,19
75847,136,109,27,27
75848,58,59,-1,1
75849,93,86,7,7
75850,88,83,5,5
75851,68,70,-2,2
75852,129,119,10,10
75853,127,106,21,21
75854,98,130,-32,32
75855,87,84,3,3
75856,84,84,0,0
75857,51,80,-29,29
75858,72,71,1,1
75859,144,129,15,15
75860,96,94,2,2
75861,61,58,3,3
75862,86,81,5,5
75863,78,71,7,7
75864,51,59,-8,8
75865,151,132,19,19
75866,109,100,9,9
75867,108,112,-4,4
75868,80,73,7,7
75869,67,59,8,8
75870,125,126,-1,1
75871,75,71,4,4
75872,176,156,20,20
75873,105,104,1,1
75874,82,86,-4,4
75875,146,132,14,14
75876,49,89,-40,40
75877,68,83,-15,15
75878,119,114,5,5
75879,40,40,0,0
75880,118,110,8,8
75881,65,64,1,1
75882,92,97,-5,5
75883,69,64,5,5
75884,110,101,9,9
75885,94,89,5,5
75886,152,159,-7,7
75887,118,109,9,9
75888,72,72,0,0
75889,141,122,19,19
75890,43,48,-5,5
75891,122,107,15,15
75892,73,74,-1,1
75893,92,92,0,0
75894,101,105,-4,4
75895,66,65,1,1
75896,70,65,5,5
75897,43,48,-5,5
75898,84,79,5,5
75899,83,93,-10,10
75900,71,69,2,2
75901,97,85,12,12
75902,116,104,12,12
75903,107,107,0,0
75904,152,131,21,21
75905,130,136,-6,6
75906,49,49,0,0
75907,111,100,11,11
75908,124,103,21,21
75909,75,72,3,3
75910,112,120,-8,8
75911,111,109,2,2
75912,97,90,7,7
75913,47,40,7,7
75914,114,98,16,16
75915,107,105,2,2
75916,93,89,4,4
75917,107,100,7,7
75918,114,107,7,7
75919,124,122,2,2
75920,133,113,20,20
75921,64,61,3,3
75922,80,81,-1,1
75923,155,129,26,26
75924,98,101,-3,3
75925,82,69,13,13
75926,50,53,-3,3
75927,64,59,5,5
75928,97,98,-1,1
75929,123,104,19,19
75930,46,53,-7,7
75931,78,71,7,7
75932,122,111,11,11
75933,181,147,34,34
75934,64,68,-4,4
75935,56,59,-3,3
75936,72,81,-9,9
75937,141,122,19,19
75938,126,113,13,13
75939,71,65,6,6
75940,81,69,12,12
75941,137,118,19,19
75942,91,88,3,3
75943,117,102,15,15
75944,160,142,18,18
75945,101,85,16,16
75946,55,64,-9,9
75947,104,99,5,5
75948,72,70,2,2
75949,165,145,20,20
75950,74,70,4,4
75951,72,73,-1,1
75952,138,111,27,27
75953,87,83,4,4
75954,66,64,2,2
75955,78,80,-2,2
75956,80,73,7,7
75957,111,104,7,7
75958,132,120,12,12
75959,70,70,0,0
75960,96,89,7,7
75961,127,115,12,12
75962,121,116,5,5
75963,57,58,-1,1
75964,203,175,28,28
75965,94,91,3,3
75966,81,92,-11,11
75967,52,56,-4,4
75968,150,126,24,24
75969,83,101,-18,18
75970,99,87,12,12
75971,64,65,-1,1
75972,79,80,-1,1
75973,81,81,0,0
75974,47,54,-7,7
75975,54,59,-5,5
75976,152,131,21,21
75977,44,51,-7,7
75978,87,84,3,3
75979,161,139,22,22
75980,83,83,0,0
75981,75,75,0,0
75982,111,109,2,2
75983,60,58,2,2
75984,98,85,13,13
75985,74,80,-6,6
75986,81,73,8,8
75987,113,106,7,7
75988,110,95,15,15
75989,84,83,1,1
75990,57,58,-1,1
75991,70,70,0,0
75992,175,143,32,32
75993,95,92,3,3
75994,94,88,6,6
75995,107,99,8,8
75996,75,76,-1,1
75997,85,88,-3,3
75998,162,129,33,33
75999,93,90,3,3
76000,73,75,-2,2
76001,86,83,3,3
76002,179,156,23,23
76003,202,176,26,26
76004,98,95,3,3
76005,85,84,1,1
76006,37,48,-11,11
76007,121,106,15,15
76008,128,111,17,17
76009,87,91,-4,4
76010,141,132,9,9
76011,70,62,8,8
76012,151,145,6,6
76013,116,110,6,6
76014,81,75,6,6
76015,81,72,9,9
76016,89,86,3,3
76017,124,100,24,24
76018,94,94,0,0
76019,56,67,-11,11
76020,151,134,17,17
76021,157,137,20,20
76022,70,72,-2,2
76023,154,137,17,17
76024,130,116,14,14
76025,121,108,13,13
76026,119,114,5,5
76027,94,92,2,2
76028,62,70,-8,8
76029,99,88,11,11
76030,82,74,8,8
76031,145,133,12,12
76032,107,111,-4,4
76033,107,104,3,3
76034,128,110,18,18
76035,52,54,-2,2
76036,103,95,8,8
76037,70,69,1,1
76038,161,148,13,13
76039,74,74,0,0
76040,70,67,3,3
76041,114,98,16,16
76042,150,135,15,15
76043,105,108,-3,3
76044,119,117,2,2
76045,71,74,-3,3
76046,102,90,12,12
76047,43,54,-11,11
76048,84,83,1,1
76049,70,75,-5,5
76050,82,81,1,1
76051,74,65,9,9
76052,98,94,4,4
76053,55,62,-7,7
76054,110,105,5,5
76055,145,140,5,5
76056,80,79,1,1
76057,137,124,13,13
76058,77,87,-10,10
76059,80,75,5,5
76060,73,66,7,7
76061,83,77,6,6
76062,100,88,12,12
76063,85,80,5,5
76064,101,96,5,5
76065,79,80,-1,1
76066,89,95,-6,6
76067,60,63,-3,3
76068,112,91,21,21
76069,173,152,21,21
76070,60,59,1,1
76071,41,41,0,0
76072,57,67,-10,10
76073,88,88,0,0
76074,101,89,12,12
76075,82,70,12,12
76076,100,93,7,7
76077,85,84,1,1
76078,117,98,19,19
76079,83,82,1,1
76080,162,133,29,29
76081,59,60,-1,1
76082,127,111,16,16
76083,170,138,32,32
76084,114,102,12,12
76085,111,104,7,7
76086,44,45,-1,1
76087,91,90,1,1
76088,76,82,-6,6
76089,64,71,-7,7
76090,67,66,1,1
76091,135,121,14,14
76092,75,76,-1,1
76093,110,100,10,10
76094,84,79,5,5
76095,77,73,4,4
76096,97,94,3,3
76097,85,86,-1,1
76098,61,57,4,4
76099,86,84,2,2
76100,75,73,2,2
76101,83,102,-19,19
76102,168,147,21,21
76103,97,94,3,3
76104,64,67,-3,3
76105,126,107,19,19
76106,85,88,-3,3
76107,111,107,4,4
76108,87,82,5,5
76109,101,107,-6,6
76110,162,104,58,58
76111,143,134,9,9
76112,123,109,14,14
76113,82,76,6,6
76114,101,95,6,6
76115,92,95,-3,3
76116,87,93,-6,6
76117,93,82,11,11
76118,100,101,-1,1
76119,92,84,8,8
76120,85,75,10,10
76121,49,47,2,2
76122,79,86,-7,7
76123,58,59,-1,1
76124,85,85,0,0
76125,61,61,0,0
76126,140,126,14,14
76127,127,120,7,7
76128,152,137,15,15
76129,67,65,2,2
76130,64,64,0,0
76131,136,126,10,10
76132,74,70,4,4
76133,100,87,13,13
76134,158,129,29,29
76135,80,83,-3,3
76136,88,84,4,4
76137,110,108,2,2
76138,74,66,8,8
76139,116,110,6,6
76140,82,77,5,5
76141,117,103,14,14
76142,81,80,1,1
76143,74,74,0,0
76144,104,97,7,7
76145,147,122,25,25
76146,82,80,2,2
76147,50,50,0,0
76148,180,150,30,30
76149,182,167,15,15
76150,63,74,-11,11
76151,190,151,39,39
76152,122,126,-4,4
76153,99,93,6,6
76154,66,71,-5,5
76155,53,69,-16,16
76156,63,68,-5,5
76157,125,122,3,3
76158,112,99,13,13
76159,85,83,2,2
76160,56,60,-4,4
76161,85,80,5,5
76162,70,79,-9,9
76163,83,85,-2,2
76164,135,122,13,13
76165,57,59,-2,2
76166,84,81,3,3
76167,90,96,-6,6
76168,59,82,-23,23
76169,77,74,3,3
76170,64,62,2,2
76171,99,97,2,2
76172,109,98,11,11
76173,97,95,2,2
76174,92,82,10,10
76175,87,89,-2,2
76176,42,46,-4,4
76177,74,80,-6,6
76178,162,162,0,0
76179,125,107,18,18
76180,178,165,13,13
76181,98,102,-4,4
76182,89,92,-3,3
76183,72,67,5,5
76184,78,76,2,2
76185,53,58,-5,5
76186,85,77,8,8
76187,122,110,12,12
76188,101,100,1,1
76189,81,78,3,3
76190,128,87,41,41
76191,98,95,3,3
76192,154,148,6,6
76193,122,118,4,4
76194,63,62,1,1
76195,83,85,-2,2
76196,98,92,6,6
76197,70,71,-1,1
76198,89,101,-12,12
76199,111,112,-1,1
76200,44,55,-11,11
76201,48,58,-10,10
76202,104,95,9,9
76203,106,101,5,5
76204,148,121,27,27
76205,128,122,6,6
76206,118,107,11,11
76207,105,89,16,16
76208,141,135,6,6
76209,115,102,13,13
76210,161,140,21,21
76211,71,87,-16,16
76212,149,134,15,15
76213,77,77,0,0
76214,117,105,12,12
76215,119,108,11,11
76216,116,98,18,18
76217,88,81,7,7
76218,107,104,3,3
76219,72,81,-9,9
76220,137,138,-1,1
76221,122,115,7,7
76222,126,114,12,12
76223,50,60,-10,10
76224,119,99,20,20
76225,79,72,7,7
76226,124,116,8,8
76227,128,118,10,10
76228,132,111,21,21
76229,90,84,6,6
76230,95,94,1,1
76231,97,89,8,8
76232,63,68,-5,5
76233,109,98,11,11
76234,133,131,2,2
76235,104,98,6,6
76236,35,77,-42,42
76237,72,73,-1,1
76238,65,71,-6,6
76239,120,99,21,21
76240,135,145,-10,10
76241,130,110,20,20
76242,137,129,8,8
76243,81,76,5,5
76244,83,82,1,1
76245,51,57,-6,6
76246,77,82,-5,5
76247,116,102,14,14
76248,72,79,-7,7
76249,97,94,3,3
76250,78,72,6,6
76251,63,63,0,0
76252,130,126,4,4
76253,158,138,20,20
76254,75,80,-5,5
76255,76,74,2,2
76256,101,93,8,8
76257,44,53,-9,9
76258,74,71,3,3
76259,98,88,10,10
76260,134,135,-1,1
76261,104,94,10,10
76262,88,84,4,4
76263,179,148,31,31
76264,46,51,-5,5
76265,141,132,9,9
76266,91,82,9,9
76267,72,74,-2,2
76268,82,80,2,2
76269,73,77,-4,4
76270,139,121,18,18
76271,124,113,11,11
76272,100,90,10,10
76273,98,89,9,9
76274,80,80,0,0
76275,97,109,-12,12
76276,62,69,-7,7
76277,136,120,16,16
76278,93,84,9,9
76279,104,99,5,5
76280,158,141,17,17
76281,105,96,9,9
76282,82,68,14,14
76283,150,133,17,17
76284,161,137,24,24
76285,68,69,-1,1
76286,97,95,2,2
76287,106,95,11,11
76288,75,71,4,4
76289,95,91,4,4
76290,84,81,3,3
76291,144,124,20,20
76292,115,109,6,6
76293,45,52,-7,7
76294,99,91,8,8
76295,91,85,6,6
76296,75,71,4,4
76297,134,108,26,26
76298,69,65,4,4
76299,74,71,3,3
76300,53,58,-5,5
76301,74,79,-5,5
76302,95,89,6,6
76303,54,61,-7,7
76304,96,89,7,7
76305,93,89,4,4
76306,108,101,7,7
76307,104,112,-8,8
76308,80,80,0,0
76309,87,78,9,9
76310,98,101,-3,3
76311,60,63,-3,3
76312,65,68,-3,3
76313,75,83,-8,8
76314,80,87,-7,7
76315,81,87,-6,6
76316,123,107,16,16
76317,89,95,-6,6
76318,142,126,16,16
76319,64,60,4,4
76320,100,97,3,3
76321,45,54,-9,9
76322,118,102,16,16
76323,73,75,-2,2
76324,74,78,-4,4
76325,102,102,0,0
76326,66,79,-13,13
76327,120,119,1,1
76328,57,58,-1,1
76329,149,124,25,25
76330,131,123,8,8
76331,81,76,5,5
76332,61,64,-3,3
76333,89,90,-1,1
76334,66,64,2,2
76335,64,68,-4,4
76336,76,80,-4,4
76337,124,110,14,14
76338,48,59,-11,11
76339,68,69,-1,1
76340,100,98,2,2
76341,96,94,2,2
76342,50,48,2,2
76343,85,86,-1,1
76344,85,84,1,1
76345,61,64,-3,3
76346,91,80,11,11
76347,72,71,1,1
76348,129,111,18,18
76349,104,91,13,13
76350,54,63,-9,9
76351,53,57,-4,4
76352,105,106,-1,1
76353,91,100,-9,9
76354,66,73,-7,7
76355,59,60,-1,1
76356,118,108,10,10
76357,109,110,-1,1
76358,63,63,0,0
76359,63,56,7,7
76360,68,68,0,0
76361,166,160,6,6
76362,84,77,7,7
76363,66,62,4,4
76364,100,103,-3,3
76365,104,94,10,10
76366,65,66,-1,1
76367,57,60,-3,3
76368,99,91,8,8
76369,96,106,-10,10
76370,71,70,1,1
76371,57,61,-4,4
76372,105,103,2,2
76373,88,80,8,8
76374,54,58,-4,4
76375,181,147,34,34
76376,100,96,4,4
76377,103,96,7,7
76378,138,116,22,22
76379,65,69,-4,4
76380,71,73,-2,2
76381,70,67,3,3
76382,72,70,2,2
76383,66,60,6,6
76384,79,76,3,3
76385,169,148,21,21
76386,129,115,14,14
76387,129,101,28,28
76388,63,62,1,1
76389,92,86,6,6
76390,109,104,5,5
76391,58,65,-7,7
76392,108,95,13,13
76393,107,92,15,15
76394,162,142,20,20
76395,57,59,-2,2
76396,109,107,2,2
76397,86,82,4,4
76398,91,84,7,7
76399,89,80,9,9
76400,93,93,0,0
76401,70,68,2,2
76402,73,72,1,1
76403,71,70,1,1
76404,59,51,8,8
76405,166,152,14,14
76406,71,66,5,5
76407,71,62,9,9
76408,132,109,23,23
76409,103,102,1,1
76410,114,98,16,16
76411,103,105,-2,2
76412,98,94,4,4
76413,92,82,10,10
76414,102,104,-2,2
76415,113,111,2,2
76416,130,142,-12,12
76417,56,64,-8,8
76418,127,111,16,16
76419,53,65,-12,12
76420,129,115,14,14
76421,93,87,6,6
76422,133,114,19,19
76423,93,86,7,7
76424,92,92,0,0
76425,45,56,-11,11
76426,96,82,14,14
76427,104,114,-10,10
76428,65,65,0,0
76429,114,103,11,11
76430,52,55,-3,3
76431,80,81,-1,1
76432,135,121,14,14
76433,78,103,-25,25
76434,69,69,0,0
76435,61,59,2,2
76436,75,70,5,5
76437,131,123,8,8
76438,108,108,0,0
76439,96,92,4,4
76440,178,148,30,30
76441,171,156,15,15
76442,81,73,8,8
76443,91,84,7,7
76444,69,73,-4,4
76445,146,127,19,19
76446,111,95,16,16
76447,65,64,1,1
76448,86,80,6,6
76449,79,85,-6,6
76450,108,94,14,14
76451,94,92,2,2
76452,107,101,6,6
76453,100,91,9,9
76454,121,103,18,18
76455,144,140,4,4
76456,66,69,-3,3
76457,40,46,-6,6
76458,99,96,3,3
76459,32,44,-12,12
76460,69,69,0,0
76461,145,133,12,12
76462,76,80,-4,4
76463,85,80,5,5
76464,53,57,-4,4
76465,27,37,-10,10
76466,55,67,-12,12
76467,41,39,2,2
76468,57,61,-4,4
76469,83,86,-3,3
76470,77,71,6,6
76471,85,89,-4,4
76472,118,99,19,19
76473,55,60,-5,5
76474,62,59,3,3
76475,111,103,8,8
76476,108,100,8,8
76477,89,91,-2,2
76478,97,85,12,12
76479,94,94,0,0
76480,61,65,-4,4
76481,82,89,-7,7
76482,83,82,1,1
76483,140,115,25,25
76484,152,123,29,29
76485,86,80,6,6
76486,33,41,-8,8
76487,88,81,7,7
76488,71,69,2,2
76489,97,105,-8,8
76490,81,82,-1,1
76491,129,116,13,13
76492,55,59,-4,4
76493,122,115,7,7
76494,103,106,-3,3
76495,98,87,11,11
76496,89,81,8,8
76497,87,80,7,7
76498,79,83,-4,4
76499,98,100,-2,2
76500,49,58,-9,9
76501,82,80,2,2
76502,120,112,8,8
76503,108,104,4,4
76504,169,145,24,24
76505,161,144,17,17
76506,134,125,9,9
76507,96,94,2,2
76508,56,54,2,2
76509,101,100,1,1
76510,86,87,-1,1
76511,82,89,-7,7
76512,85,87,-2,2
76513,79,74,5,5
76514,78,81,-3,3
76515,105,93,12,12
76516,142,127,15,15
76517,65,74,-9,9
76518,57,62,-5,5
76519,81,80,1,1
76520,139,103,36,36
76521,84,80,4,4
76522,81,81,0,0
76523,154,121,33,33
76524,147,125,22,22
76525,153,130,23,23
76526,73,75,-2,2
76527,141,118,23,23
76528,43,50,-7,7
76529,101,94,7,7
76530,42,50,-8,8
76531,78,78,0,0
76532,97,103,-6,6
76533,65,70,-5,5
76534,58,59,-1,1
76535,79,87,-8,8
76536,95,90,5,5
76537,105,111,-6,6
76538,37,49,-12,12
76539,82,92,-10,10
76540,130,118,12,12
76541,99,102,-3,3
76542,125,102,23,23
76543,51,63,-12,12
76544,87,85,2,2
76545,147,137,10,10
76546,61,57,4,4
76547,122,116,6,6
76548,70,79,-9,9
76549,81,72,9,9
76550,93,85,8,8
76551,136,124,12,12
76552,61,65,-4,4
76553,75,82,-7,7
76554,118,98,20,20
76555,110,106,4,4
76556,153,146,7,7
76557,57,56,1,1
76558,128,109,19,19
76559,118,103,15,15
76560,81,84,-3,3
76561,82,80,2,2
76562,126,113,13,13
76563,110,97,13,13
76564,91,91,0,0
76565,106,83,23,23
76566,92,82,10,10
76567,74,80,-6,6
76568,119,108,11,11
76569,47,52,-5,5
76570,81,86,-5,5
76571,101,93,8,8
76572,91,87,4,4
76573,68,70,-2,2
76574,119,107,12,12
76575,90,84,6,6
76576,104,101,3,3
76577,80,82,-2,2
76578,84,86,-2,2
76579,132,111,21,21
76580,32,69,-37,37
76581,139,120,19,19
76582,85,78,7,7
76583,83,82,1,1
76584,55,57,-2,2
76585,98,103,-5,5
76586,177,158,19,19
76587,81,82,-1,1
76588,90,94,-4,4
76589,133,113,20,20
76590,85,69,16,16
76591,58,57,1,1
76592,133,117,16,16
76593,81,79,2,2
76594,149,127,22,22
76595,107,98,9,9
76596,113,89,24,24
76597,108,94,14,14
76598,93,84,9,9
76599,100,86,14,14
76600,66,68,-2,2
76601,109,96,13,13
76602,77,84,-7,7
76603,208,162,46,46
76604,79,82,-3,3
76605,74,68,6,6
76606,74,73,1,1
76607,131,117,14,14
76608,127,108,19,19
76609,77,76,1,1
76610,100,76,24,24
76611,82,105,-23,23
76612,100,98,2,2
76613,65,73,-8,8
76614,97,97,0,0
76615,146,120,26,26
76616,99,81,18,18
76617,117,99,18,18
76618,71,72,-1,1
76619,60,60,0,0
76620,75,75,0,0
76621,46,47,-1,1
76622,121,101,20,20
76623,55,57,-2,2
76624,119,112,7,7
76625,178,156,22,22
76626,131,118,13,13
76627,123,112,11,11
76628,99,94,5,5
76629,164,135,29,29
76630,69,70,-1,1
76631,55,56,-1,1
76632,148,136,12,12
76633,67,63,4,4
76634,138,123,15,15
76635,115,101,14,14
76636,134,117,17,17
76637,91,96,-5,5
76638,94,88,6,6
76639,114,105,9,9
76640,92,88,4,4
76641,98,98,0,0
76642,41,40,1,1
76643,49,57,-8,8
76644,59,69,-10,10
76645,90,83,7,7
76646,165,140,25,25
76647,53,58,-5,5
76648,67,68,-1,1
76649,77,74,3,3
76650,87,81,6,6
76651,65,64,1,1
76652,133,119,14,14
76653,98,92,6,6
76654,103,98,5,5
76655,85,83,2,2
76656,153,131,22,22
76657,85,74,11,11
76658,126,122,4,4
76659,102,105,-3,3
76660,115,104,11,11
76661,78,87,-9,9
76662,152,140,12,12
76663,72,71,1,1
76664,65,61,4,4
76665,71,71,0,0
76666,134,127,7,7
76667,104,99,5,5
76668,54,60,-6,6
76669,133,113,20,20
76670,99,83,16,16
76671,69,69,0,0
76672,169,150,19,19
76673,94,93,1,1
76674,106,105,1,1
76675,86,84,2,2
76676,107,96,11,11
76677,52,57,-5,5
76678,71,74,-3,3
76679,87,80,7,7
76680,155,146,9,9
76681,58,64,-6,6
76682,144,123,21,21
76683,111,100,11,11
76684,90,85,5,5
76685,74,62,12,12
76686,100,87,13,13
76687,112,101,11,11
76688,117,108,9,9
76689,48,88,-40,40
76690,107,89,18,18
76691,144,128,16,16
76692,86,78,8,8
76693,101,94,7,7
76694,94,90,4,4
76695,129,106,23,23
76696,132,124,8,8
76697,61,63,-2,2
76698,103,101,2,2
76699,104,93,11,11
76700,135,109,26,26
76701,76,80,-4,4
76702,112,111,1,1
76703,114,92,22,22
76704,69,60,9,9
76705,92,80,12,12
76706,80,80,0,0
76707,139,117,22,22
76708,76,73,3,3
76709,71,66,5,5
76710,100,95,5,5
76711,106,94,12,12
76712,145,129,16,16
76713,76,83,-7,7
76714,92,96,-4,4
76715,49,48,1,1
76716,110,99,11,11
76717,92,91,1,1
76718,173,132,41,41
76719,98,96,2,2
76720,175,138,37,37
76721,75,82,-7,7
76722,103,85,18,18
76723,111,114,-3,3
76724,215,189,26,26
76725,131,113,18,18
76726,67,72,-5,5
76727,127,126,1,1
76728,72,73,-1,1
76729,43,68,-25,25
76730,65,67,-2,2
76731,69,68,1,1
76732,149,142,7,7
76733,75,71,4,4
76734,81,81,0,0
76735,76,65,11,11
76736,53,63,-10,10
76737,79,83,-4,4
76738,152,129,23,23
76739,97,93,4,4
76740,48,53,-5,5
76741,107,102,5,5
76742,118,111,7,7
76743,78,77,1,1
76744,98,95,3,3
76745,121,108,13,13
76746,108,95,13,13
76747,59,58,1,1
76748,95,94,1,1
76749,98,96,2,2
76750,71,69,2,2
76751,76,74,2,2
76752,100,101,-1,1
76753,70,69,1,1
76754,71,63,8,8
76755,94,75,19,19
76756,86,84,2,2
76757,102,102,0,0
76758,106,97,9,9
76759,74,80,-6,6
76760,49,58,-9,9
76761,103,95,8,8
76762,70,72,-2,2
76763,168,150,18,18
76764,66,73,-7,7
76765,128,122,6,6
76766,110,103,7,7
76767,82,73,9,9
76768,92,82,10,10
76769,187,163,24,24
76770,101,109,-8,8
76771,47,48,-1,1
76772,72,71,1,1
76773,77,79,-2,2
76774,30,38,-8,8
76775,124,117,7,7
76776,218,170,48,48
76777,110,108,2,2
76778,106,101,5,5
76779,133,113,20,20
76780,88,75,13,13
76781,58,59,-1,1
76782,184,150,34,34
76783,152,122,30,30
76784,87,89,-2,2
76785,167,137,30,30
76786,93,95,-2,2
76787,130,102,28,28
76788,96,81,15,15
76789,119,114,5,5
76790,81,80,1,1
76791,52,50,2,2
76792,66,63,3,3
76793,102,103,-1,1
76794,76,71,5,5
76795,117,97,20,20
76796,98,87,11,11
76797,81,82,-1,1
76798,99,98,1,1
76799,81,74,7,7
76800,64,69,-5,5
76801,139,125,14,14
76802,84,82,2,2
76803,68,66,2,2
76804,42,43,-1,1
76805,73,65,8,8
76806,158,107,51,51
76807,101,99,2,2
76808,122,107,15,15
76809,76,84,-8,8
76810,129,139,-10,10
76811,99,86,13,13
76812,71,67,4,4
76813,80,78,2,2
76814,141,119,22,22
76815,48,47,1,1
76816,146,125,21,21
76817,83,83,0,0
76818,102,97,5,5
76819,87,82,5,5
76820,83,75,8,8
76821,63,75,-12,12
76822,89,85,4,4
76823,142,120,22,22
76824,90,91,-1,1
76825,97,88,9,9
76826,130,114,16,16
76827,88,82,6,6
76828,146,137,9,9
76829,118,100,18,18
76830,124,112,12,12
76831,108,108,0,0
76832,53,60,-7,7
76833,78,80,-2,2
76834,54,56,-2,2
76835,121,104,17,17
76836,105,109,-4,4
76837,47,59,-12,12
76838,58,58,0,0
76839,126,107,19,19
76840,165,135,30,30
76841,118,104,14,14
76842,54,57,-3,3
76843,98,92,6,6
76844,39,37,2,2
76845,88,92,-4,4
76846,85,83,2,2
76847,92,96,-4,4
76848,101,93,8,8
76849,69,77,-8,8
76850,70,65,5,5
76851,57,89,-32,32
76852,89,83,6,6
76853,165,145,20,20
76854,88,89,-1,1
76855,142,124,18,18
76856,109,104,5,5
76857,105,98,7,7
76858,94,91,3,3
76859,124,112,12,12
76860,119,106,13,13
76861,41,39,2,2
76862,102,97,5,5
76863,90,72,18,18
76864,126,119,7,7
76865,59,71,-12,12
76866,74,74,0,0
76867,104,104,0,0
76868,101,96,5,5
76869,102,96,6,6
76870,123,116,7,7
76871,90,88,2,2
76872,85,79,6,6
76873,85,88,-3,3
76874,57,59,-2,2
76875,73,75,-2,2
76876,73,76,-3,3
76877,106,103,3,3
76878,47,45,2,2
76879,91,93,-2,2
76880,93,83,10,10
76881,63,73,-10,10
76882,80,75,5,5
76883,71,69,2,2
76884,92,86,6,6
76885,125,110,15,15
76886,82,89,-7,7
76887,97,99,-2,2
76888,59,55,4,4
76889,125,125,0,0
76890,115,99,16,16
76891,103,95,8,8
76892,97,90,7,7
76893,89,86,3,3
76894,78,79,-1,1
76895,159,130,29,29
76896,117,113,4,4
76897,100,89,11,11
76898,104,99,5,5
76899,97,102,-5,5
76900,114,99,15,15
76901,118,117,1,1
76902,99,82,17,17
76903,98,87,11,11
76904,114,108,6,6
76905,99,93,6,6
76906,95,92,3,3
76907,68,73,-5,5
76908,119,108,11,11
76909,125,110,15,15
76910,74,76,-2,2
76911,97,86,11,11
76912,101,93,8,8
76913,157,139,18,18
76914,141,123,18,18
76915,132,125,7,7
76916,104,99,5,5
76917,85,83,2,2
76918,110,104,6,6
76919,91,107,-16,16
76920,53,53,0,0
76921,81,80,1,1
76922,78,80,-2,2
76923,79,89,-10,10
76924,73,73,0,0
76925,81,81,0,0
76926,89,82,7,7
76927,78,75,3,3
76928,122,102,20,20
76929,64,69,-5,5
76930,52,54,-2,2
76931,87,91,-4,4
76932,134,123,11,11
76933,104,89,15,15
76934,116,114,2,2
76935,102,101,1,1
76936,160,125,35,35
76937,83,76,7,7
76938,159,152,7,7
76939,130,127,3,3
76940,92,85,7,7
76941,95,86,9,9
76942,179,166,13,13
76943,132,105,27,27
76944,53,54,-1,1
76945,100,90,10,10
76946,105,91,14,14
76947,77,79,-2,2
76948,115,105,10,10
76949,126,119,7,7
76950,91,88,3,3
76951,79,80,-1,1
76952,40,48,-8,8
76953,128,115,13,13
76954,145,125,20,20
76955,153,128,25,25
76956,81,76,5,5
76957,113,114,-1,1
76958,138,114,24,24
76959,100,99,1,1
76960,77,68,9,9
76961,71,75,-4,4
76962,110,103,7,7
76963,118,107,11,11
76964,137,128,9,9
76965,94,88,6,6
76966,65,62,3,3
76967,52,70,-18,18
76968,74,75,-1,1
76969,68,67,1,1
76970,101,97,4,4
76971,104,95,9,9
76972,138,121,17,17
76973,71,71,0,0
76974,140,117,23,23
76975,83,81,2,2
76976,91,90,1,1
76977,125,109,16,16
76978,77,81,-4,4
76979,63,58,5,5
76980,116,106,10,10
76981,102,96,6,6
76982,121,121,0,0
76983,116,104,12,12
76984,181,159,22,22
76985,112,112,0,0
76986,151,143,8,8
76987,127,112,15,15
76988,87,82,5,5
76989,123,115,8,8
76990,74,84,-10,10
76991,161,141,20,20
76992,48,53,-5,5
76993,207,178,29,29
76994,124,118,6,6
76995,91,95,-4,4
76996,104,96,8,8
76997,118,113,5,5
76998,112,101,11,11
76999,70,70,0,0
77000,76,69,7,7
77001,133,114,19,19
77002,79,71,8,8
77003,56,67,-11,11
77004,111,118,-7,7
77005,48,58,-10,10
77006,80,69,11,11
77007,144,126,18,18
77008,39,38,1,1
77009,91,93,-2,2
77010,97,90,7,7
77011,93,84,9,9
77012,142,119,23,23
77013,116,106,10,10
77014,86,85,1,1
77015,128,124,4,4
77016,101,100,1,1
77017,53,61,-8,8
77018,153,134,19,19
77019,69,77,-8,8
77020,101,91,10,10
77021,146,136,10,10
77022,107,100,7,7
77023,86,84,2,2
77024,44,53,-9,9
77025,64,69,-5,5
77026,90,70,20,20
77027,69,71,-2,2
77028,78,93,-15,15
77029,141,126,15,15
77030,54,52,2,2
77031,61,58,3,3
77032,140,117,23,23
77033,158,123,35,35
77034,96,86,10,10
77035,159,141,18,18
77036,155,121,34,34
77037,152,131,21,21
77038,62,58,4,4
77039,84,78,6,6
77040,197,169,28,28
77041,123,113,10,10
77042,80,82,-2,2
77043,25,31,-6,6
77044,140,131,9,9
77045,65,73,-8,8
77046,67,92,-25,25
77047,62,68,-6,6
77048,71,69,2,2
77049,138,126,12,12
77050,73,71,2,2
77051,84,87,-3,3
77052,227,177,50,50
77053,97,86,11,11
77054,47,50,-3,3
77055,74,75,-1,1
77056,75,80,-5,5
77057,64,68,-4,4
77058,107,102,5,5
77059,60,60,0,0
77060,70,73,-3,3
77061,117,95,22,22
77062,110,111,-1,1
77063,118,112,6,6
77064,86,82,4,4
77065,61,71,-10,10
77066,72,69,3,3
77067,153,129,24,24
77068,92,92,0,0
77069,117,109,8,8
77070,79,77,2,2
77071,111,98,13,13
77072,48,52,-4,4
77073,71,65,6,6
77074,100,96,4,4
77075,90,81,9,9
77076,67,71,-4,4
77077,111,104,7,7
77078,68,66,2,2
77079,113,98,15,15
77080,78,90,-12,12
77081,94,91,3,3
77082,86,89,-3,3
77083,131,122,9,9
77084,142,117,25,25
77085,83,89,-6,6
77086,62,79,-17,17
77087,74,65,9,9
77088,143,126,17,17
77089,163,149,14,14
77090,78,73,5,5
77091,42,43,-1,1
77092,69,70,-1,1
77093,68,71,-3,3
77094,132,115,17,17
77095,59,56,3,3
77096,107,99,8,8
77097,107,103,4,4
77098,49,49,0,0
77099,114,105,9,9
77100,87,82,5,5
77101,103,83,20,20
77102,122,104,18,18
77103,114,108,6,6
77104,172,146,26,26
77105,69,73,-4,4
77106,57,66,-9,9
77107,108,103,5,5
77108,80,94,-14,14
77109,70,77,-7,7
77110,126,117,9,9
77111,102,93,9,9
77112,45,50,-5,5
77113,72,69,3,3
77114,174,144,30,30
77115,101,101,0,0
77116,53,55,-2,2
77117,71,69,2,2
77118,157,152,5,5
77119,139,119,20,20
77120,116,98,18,18
77121,86,76,10,10
77122,96,84,12,12
77123,107,104,3,3
77124,98,100,-2,2
77125,89,89,0,0
77126,117,117,0,0
77127,108,101,7,7
77128,54,55,-1,1
77129,116,109,7,7
77130,111,104,7,7
77131,139,132,7,7
77132,74,71,3,3
77133,117,115,2,2
77134,106,105,1,1
77135,158,130,28,28
77136,97,93,4,4
77137,70,66,4,4
77138,106,102,4,4
77139,82,74,8,8
77140,141,117,24,24
77141,132,116,16,16
77142,114,98,16,16
77143,145,123,22,22
77144,56,60,-4,4
77145,109,94,15,15
77146,131,110,21,21
77147,154,111,43,43
77148,73,68,5,5
77149,63,69,-6,6
77150,134,136,-2,2
77151,91,81,10,10
77152,127,111,16,16
77153,42,45,-3,3
77154,101,99,2,2
77155,52,51,1,1
77156,143,134,9,9
77157,92,85,7,7
77158,84,81,3,3
77159,101,107,-6,6
77160,117,109,8,8
77161,85,81,4,4
77162,52,57,-5,5
77163,74,67,7,7
77164,78,66,12,12
77165,64,65,-1,1
77166,90,87,3,3
77167,59,67,-8,8
77168,53,64,-11,11
77169,94,95,-1,1
77170,77,78,-1,1
77171,108,87,21,21
77172,138,119,19,19
77173,83,83,0,0
77174,150,122,28,28
77175,108,97,11,11
77176,64,69,-5,5
77177,101,106,-5,5
77178,92,82,10,10
77179,150,128,22,22
77180,133,124,9,9
77181,42,49,-7,7
77182,43,50,-7,7
77183,63,59,4,4
77184,82,81,1,1
77185,56,51,5,5
77186,101,107,-6,6
77187,65,77,-12,12
77188,112,102,10,10
77189,50,53,-3,3
77190,130,116,14,14
77191,88,93,-5,5
77192,74,71,3,3
77193,129,122,7,7
77194,57,66,-9,9
77195,110,100,10,10
77196,99,99,0,0
77197,77,71,6,6
77198,117,104,13,13
77199,107,97,10,10
77200,62,58,4,4
77201,75,80,-5,5
77202,97,100,-3,3
77203,54,62,-8,8
77204,80,74,6,6
77205,84,80,4,4
77206,52,51,1,1
77207,106,98,8,8
77208,99,106,-7,7
77209,92,85,7,7
77210,53,57,-4,4
77211,135,125,10,10
77212,116,94,22,22
77213,96,96,0,0
77214,116,105,11,11
77215,90,83,7,7
77216,187,140,47,47
77217,55,89,-34,34
77218,48,42,6,6
77219,77,79,-2,2
77220,74,78,-4,4
77221,97,99,-2,2
77222,159,139,20,20
77223,127,112,15,15
77224,83,81,2,2
77225,67,68,-1,1
77226,103,89,14,14
77227,68,62,6,6
77228,75,70,5,5
77229,88,86,2,2
77230,82,106,-24,24
77231,128,110,18,18
77232,177,149,28,28
77233,140,122,18,18
77234,108,88,20,20
77235,59,56,3,3
77236,97,94,3,3
77237,105,100,5,5
77238,59,58,1,1
77239,74,71,3,3
77240,63,58,5,5
77241,53,54,-1,1
77242,67,68,-1,1
77243,88,83,5,5
77244,116,108,8,8
77245,141,131,10,10
77246,123,115,8,8
77247,111,105,6,6
77248,89,86,3,3
77249,112,105,7,7
77250,118,106,12,12
77251,51,56,-5,5
77252,165,137,28,28
77253,70,75,-5,5
77254,92,80,12,12
77255,156,122,34,34
77256,160,129,31,31
77257,64,63,1,1
77258,137,127,10,10
77259,93,85,8,8
77260,124,118,6,6
77261,77,78,-1,1
77262,128,117,11,11
77263,79,69,10,10
77264,61,76,-15,15
77265,112,100,12,12
77266,45,47,-2,2
77267,67,65,2,2
77268,126,116,10,10
77269,92,84,8,8
77270,74,75,-1,1
77271,67,74,-7,7
77272,105,98,7,7
77273,167,152,15,15
77274,131,117,14,14
77275,84,118,-34,34
77276,110,111,-1,1
77277,72,79,-7,7
77278,71,112,-41,41
77279,115,107,8,8
77280,159,140,19,19
77281,82,91,-9,9
77282,100,104,-4,4
77283,70,64,6,6
77284,104,100,4,4
77285,49,47,2,2
77286,104,101,3,3
77287,101,100,1,1
77288,66,71,-5,5
77289,87,84,3,3
77290,85,90,-5,5
77291,124,123,1,1
77292,121,103,18,18
77293,97,88,9,9
77294,63,63,0,0
77295,93,92,1,1
77296,79,73,6,6
77297,49,46,3,3
77298,95,90,5,5
77299,76,80,-4,4
77300,133,122,11,11
77301,66,69,-3,3
77302,85,94,-9,9
77303,228,231,-3,3
77304,124,121,3,3
77305,90,80,10,10
77306,95,91,4,4
77307,54,60,-6,6
77308,82,90,-8,8
77309,155,132,23,23
77310,173,151,22,22
77311,171,140,31,31
77312,42,50,-8,8
77313,141,125,16,16
77314,92,84,8,8
77315,94,87,7,7
77316,82,84,-2,2
77317,132,116,16,16
77318,124,107,17,17
77319,94,87,7,7
77320,60,59,1,1
77321,58,67,-9,9
77322,102,102,0,0
77323,112,103,9,9
77324,121,110,11,11
77325,133,128,5,5
77326,54,69,-15,15
77327,105,105,0,0
77328,82,82,0,0
77329,104,90,14,14
77330,91,84,7,7
77331,103,103,0,0
77332,96,98,-2,2
77333,147,148,-1,1
77334,95,93,2,2
77335,111,113,-2,2
77336,106,102,4,4
77337,59,60,-1,1
77338,77,74,3,3
77339,97,81,16,16
77340,73,59,14,14
77341,105,95,10,10
77342,122,107,15,15
77343,55,66,-11,11
77344,108,104,4,4
77345,59,58,1,1
77346,124,118,6,6
77347,116,117,-1,1
77348,100,92,8,8
77349,76,79,-3,3
77350,102,92,10,10
77351,95,100,-5,5
77352,138,120,18,18
77353,119,111,8,8
77354,78,80,-2,2
77355,108,103,5,5
77356,34,40,-6,6
77357,105,101,4,4
77358,120,105,15,15
77359,91,89,2,2
77360,103,108,-5,5
77361,75,73,2,2
77362,176,145,31,31
77363,85,78,7,7
77364,75,73,2,2
77365,103,100,3,3
77366,81,82,-1,1
77367,105,105,0,0
77368,50,60,-10,10
77369,118,109,9,9
77370,163,143,20,20
77371,137,120,17,17
77372,167,152,15,15
77373,116,109,7,7
77374,52,59,-7,7
77375,115,100,15,15
77376,188,169,19,19
77377,187,157,30,30
77378,84,80,4,4
77379,124,110,14,14
77380,95,93,2,2
77381,79,86,-7,7
77382,72,67,5,5
77383,68,70,-2,2
77384,116,108,8,8
77385,83,102,-19,19
77386,94,85,9,9
77387,63,63,0,0
77388,200,178,22,22
77389,61,67,-6,6
77390,148,125,23,23
77391,56,57,-1,1
77392,110,107,3,3
77393,94,92,2,2
77394,59,72,-13,13
77395,76,71,5,5
77396,67,75,-8,8
77397,102,100,2,2
77398,165,135,30,30
77399,79,79,0,0
77400,74,69,5,5
77401,136,116,20,20
77402,116,103,13,13
77403,95,96,-1,1
77404,112,101,11,11
77405,65,71,-6,6
77406,43,46,-3,3
77407,92,86,6,6
77408,48,53,-5,5
77409,75,78,-3,3
77410,118,111,7,7
77411,99,90,9,9
77412,101,94,7,7
77413,41,62,-21,21
77414,78,82,-4,4
77415,129,108,21,21
77416,109,108,1,1
77417,81,76,5,5
77418,167,140,27,27
77419,55,76,-21,21
77420,202,163,39,39
77421,118,105,13,13
77422,122,114,8,8
77423,67,68,-1,1
77424,67,68,-1,1
77425,54,55,-1,1
77426,54,59,-5,5
77427,89,90,-1,1
77428,107,96,11,11
77429,94,88,6,6
77430,72,65,7,7
77431,127,122,5,5
77432,84,93,-9,9
77433,64,64,0,0
77434,96,93,3,3
77435,116,106,10,10
77436,127,114,13,13
77437,128,115,13,13
77438,118,122,-4,4
77439,62,66,-4,4
77440,73,66,7,7
77441,36,42,-6,6
77442,165,131,34,34
77443,100,98,2,2
77444,65,68,-3,3
77445,75,79,-4,4
77446,75,87,-12,12
77447,97,98,-1,1
77448,93,97,-4,4
77449,57,62,-5,5
77450,59,57,2,2
77451,85,80,5,5
77452,99,101,-2,2
77453,87,88,-1,1
77454,102,104,-2,2
77455,75,80,-5,5
77456,92,89,3,3
77457,79,86,-7,7
77458,50,59,-9,9
77459,48,57,-9,9
77460,217,167,50,50
77461,132,111,21,21
77462,101,94,7,7
77463,82,80,2,2
77464,116,112,4,4
77465,112,96,16,16
77466,66,76,-10,10
77467,81,86,-5,5
77468,56,59,-3,3
77469,97,87,10,10
77470,84,73,11,11
77471,37,43,-6,6
77472,74,72,2,2
77473,127,110,17,17
77474,54,57,-3,3
77475,80,76,4,4
77476,57,53,4,4
77477,106,80,26,26
77478,91,87,4,4
77479,103,98,5,5
77480,114,95,19,19
77481,131,120,11,11
77482,85,80,5,5
77483,85,83,2,2
77484,93,92,1,1
77485,74,61,13,13
77486,88,89,-1,1
77487,52,48,4,4
77488,41,40,1,1
77489,82,80,2,2
77490,112,104,8,8
77491,67,61,6,6
77492,69,82,-13,13
77493,150,128,22,22
77494,93,94,-1,1
77495,63,61,2,2
77496,95,81,14,14
77497,46,51,-5,5
77498,72,70,2,2
77499,77,81,-4,4
77500,87,87,0,0
77501,121,112,9,9
77502,149,128,21,21
77503,82,71,11,11
77504,57,56,1,1
77505,127,108,19,19
77506,103,91,12,12
77507,96,92,4,4
77508,82,75,7,7
77509,161,140,21,21
77510,133,121,12,12
77511,73,70,3,3
77512,71,62,9,9
77513,168,151,17,17
77514,137,123,14,14
77515,72,70,2,2
77516,77,81,-4,4
77517,114,111,3,3
77518,115,106,9,9
77519,70,65,5,5
77520,78,82,-4,4
77521,118,114,4,4
77522,88,84,4,4
77523,81,74,7,7
77524,118,111,7,7
77525,60,54,6,6
77526,98,95,3,3
77527,99,84,15,15
77528,55,57,-2,2
77529,100,92,8,8
77530,75,80,-5,5
77531,77,71,6,6
77532,139,127,12,12
77533,99,87,12,12
77534,106,104,2,2
77535,92,94,-2,2
77536,87,84,3,3
77537,55,64,-9,9
77538,89,93,-4,4
77539,106,108,-2,2
77540,161,138,23,23
77541,72,72,0,0
77542,119,101,18,18
77543,90,81,9,9
77544,110,102,8,8
77545,51,58,-7,7
77546,63,68,-5,5
77547,42,44,-2,2
77548,85,79,6,6
77549,144,128,16,16
77550,69,75,-6,6
77551,43,48,-5,5
77552,94,96,-2,2
77553,178,168,10,10
77554,80,77,3,3
77555,65,64,1,1
77556,62,64,-2,2
77557,62,60,2,2
77558,144,137,7,7
77559,102,96,6,6
77560,104,97,7,7
77561,45,54,-9,9
77562,57,57,0,0
77563,132,100,32,32
77564,105,95,10,10
77565,99,95,4,4
77566,60,70,-10,10
77567,72,75,-3,3
77568,122,116,6,6
77569,141,126,15,15
77570,94,90,4,4
77571,89,93,-4,4
77572,43,49,-6,6
77573,160,138,22,22
77574,84,73,11,11
77575,84,79,5,5
77576,90,91,-1,1
77577,68,69,-1,1
77578,189,165,24,24
77579,77,85,-8,8
77580,59,60,-1,1
77581,139,130,9,9
77582,98,94,4,4
77583,147,127,20,20
77584,158,121,37,37
77585,97,89,8,8
77586,109,104,5,5
77587,112,103,9,9
77588,74,72,2,2
77589,155,131,24,24
77590,75,73,2,2
77591,129,111,18,18
77592,189,167,22,22
77593,98,96,2,2
77594,68,70,-2,2
77595,100,97,3,3
77596,136,114,22,22
77597,144,130,14,14
77598,123,118,5,5
77599,60,58,2,2
77600,131,116,15,15
77601,74,80,-6,6
77602,148,109,39,39
77603,112,100,12,12
77604,60,66,-6,6
77605,89,81,8,8
77606,83,87,-4,4
77607,100,87,13,13
77608,70,71,-1,1
77609,119,119,0,0
77610,52,58,-6,6
77611,72,73,-1,1
77612,127,119,8,8
77613,82,83,-1,1
77614,65,60,5,5
77615,75,69,6,6
77616,65,64,1,1
77617,80,93,-13,13
77618,95,114,-19,19
77619,74,79,-5,5
77620,107,100,7,7
77621,63,64,-1,1
77622,117,106,11,11
77623,83,71,12,12
77624,74,70,4,4
77625,56,51,5,5
77626,143,133,10,10
77627,61,68,-7,7
77628,92,92,0,0
77629,147,146,1,1
77630,68,78,-10,10
77631,95,88,7,7
77632,80,83,-3,3
77633,129,110,19,19
77634,133,133,0,0
77635,47,46,1,1
77636,65,58,7,7
77637,85,80,5,5
77638,100,90,10,10
77639,113,102,11,11
77640,104,93,11,11
77641,70,68,2,2
77642,16,26,-10,10
77643,102,92,10,10
77644,125,103,22,22
77645,83,81,2,2
77646,114,95,19,19
77647,150,135,15,15
77648,164,140,24,24
77649,97,90,7,7
77650,71,69,2,2
77651,78,76,2,2
77652,128,118,10,10
77653,111,97,14,14
77654,78,72,6,6
77655,83,81,2,2
77656,84,76,8,8
77657,81,81,0,0
77658,103,109,-6,6
77659,91,93,-2,2
77660,79,76,3,3
77661,84,82,2,2
77662,143,112,31,31
77663,97,88,9,9
77664,85,81,4,4
77665,120,103,17,17
77666,88,95,-7,7
77667,114,98,16,16
77668,116,105,11,11
77669,72,81,-9,9
77670,101,94,7,7
77671,129,119,10,10
77672,119,102,17,17
77673,86,84,2,2
77674,75,80,-5,5
77675,76,71,5,5
77676,84,75,9,9
77677,75,77,-2,2
77678,124,108,16,16
77679,177,171,6,6
77680,75,72,3,3
77681,117,111,6,6
77682,99,121,-22,22
77683,50,49,1,1
77684,70,81,-11,11
77685,115,105,10,10
77686,60,62,-2,2
77687,96,89,7,7
77688,142,130,12,12
77689,87,80,7,7
77690,112,109,3,3
77691,116,97,19,19
77692,56,59,-3,3
77693,158,146,12,12
77694,188,164,24,24
77695,181,151,30,30
77696,104,83,21,21
77697,159,142,17,17
77698,122,118,4,4
77699,69,72,-3,3
77700,105,94,11,11
77701,84,86,-2,2
77702,80,79,1,1
77703,62,57,5,5
77704,75,73,2,2
77705,72,80,-8,8
77706,86,80,6,6
77707,99,107,-8,8
77708,59,62,-3,3
77709,104,93,11,11
77710,78,75,3,3
77711,97,96,1,1
77712,129,112,17,17
77713,64,73,-9,9
77714,105,95,10,10
77715,93,84,9,9
77716,92,88,4,4
77717,40,45,-5,5
77718,98,100,-2,2
77719,132,125,7,7
77720,67,73,-6,6
77721,51,80,-29,29
77722,81,92,-11,11
77723,142,130,12,12
77724,145,128,17,17
77725,72,69,3,3
77726,102,95,7,7
77727,87,80,7,7
77728,111,103,8,8
77729,80,76,4,4
77730,85,82,3,3
77731,144,123,21,21
77732,66,73,-7,7
77733,98,89,9,9
77734,91,90,1,1
77735,61,68,-7,7
77736,46,56,-10,10
77737,89,93,-4,4
77738,105,92,13,13
77739,102,91,11,11
77740,100,95,5,5
77741,58,63,-5,5
77742,116,110,6,6
77743,73,79,-6,6
77744,96,92,4,4
77745,89,82,7,7
77746,79,80,-1,1
77747,74,74,0,0
77748,100,84,16,16
77749,35,48,-13,13
77750,49,52,-3,3
77751,79,74,5,5
77752,102,90,12,12
77753,104,82,22,22
77754,198,162,36,36
77755,136,114,22,22
77756,62,70,-8,8
77757,100,97,3,3
77758,89,84,5,5
77759,131,119,12,12
77760,82,80,2,2
77761,157,136,21,21
77762,71,74,-3,3
77763,54,57,-3,3
77764,115,110,5,5
77765,80,80,0,0
77766,69,66,3,3
77767,80,71,9,9
77768,89,85,4,4
77769,91,86,5,5
77770,171,134,37,37
77771,86,78,8,8
77772,120,113,7,7
77773,72,72,0,0
77774,67,63,4,4
77775,122,130,-8,8
77776,71,74,-3,3
77777,119,107,12,12
77778,80,80,0,0
77779,110,99,11,11
77780,47,47,0,0
77781,193,158,35,35
77782,80,76,4,4
77783,52,56,-4,4
77784,61,63,-2,2
77785,90,97,-7,7
77786,85,80,5,5
77787,74,73,1,1
77788,85,83,2,2
77789,125,135,-10,10
77790,150,128,22,22
77791,89,85,4,4
77792,93,89,4,4
77793,131,123,8,8
77794,66,72,-6,6
77795,78,71,7,7
77796,151,137,14,14
77797,91,90,1,1
77798,75,82,-7,7
77799,39,42,-3,3
77800,54,53,1,1
77801,106,96,10,10
77802,128,121,7,7
77803,49,60,-11,11
77804,124,112,12,12
77805,76,74,2,2
77806,89,82,7,7
77807,48,42,6,6
77808,135,139,-4,4
77809,108,106,2,2
77810,113,97,16,16
77811,97,98,-1,1
77812,155,140,15,15
77813,154,130,24,24
77814,118,101,17,17
77815,87,80,7,7
77816,56,62,-6,6
77817,56,73,-17,17
77818,70,76,-6,6
77819,45,51,-6,6
77820,49,73,-24,24
77821,91,81,10,10
77822,76,71,5,5
77823,81,97,-16,16
77824,121,112,9,9
77825,109,102,7,7
77826,72,78,-6,6
77827,75,76,-1,1
77828,35,45,-10,10
77829,90,90,0,0
77830,132,121,11,11
77831,140,137,3,3
77832,75,77,-2,2
77833,76,73,3,3
77834,111,122,-11,11
77835,92,95,-3,3
77836,120,123,-3,3
77837,119,107,12,12
77838,78,82,-4,4
77839,86,81,5,5
77840,60,66,-6,6
77841,158,134,24,24
77842,94,85,9,9
77843,126,113,13,13
77844,112,96,16,16
77845,112,100,12,12
77846,73,74,-1,1
77847,94,94,0,0
77848,133,119,14,14
77849,70,65,5,5
77850,83,74,9,9
77851,117,113,4,4
77852,104,94,10,10
77853,109,100,9,9
77854,173,139,34,34
77855,55,67,-12,12
77856,46,53,-7,7
77857,36,44,-8,8
77858,76,75,1,1
77859,136,121,15,15
77860,102,95,7,7
77861,110,101,9,9
77862,94,87,7,7
77863,80,79,1,1
77864,149,129,20,20
77865,249,206,43,43
77866,150,141,9,9
77867,49,60,-11,11
77868,58,60,-2,2
77869,54,50,4,4
77870,83,71,12,12
77871,119,100,19,19
77872,58,61,-3,3
77873,123,106,17,17
77874,125,107,18,18
77875,115,108,7,7
77876,74,85,-11,11
77877,71,66,5,5
77878,162,130,32,32
77879,96,92,4,4
77880,63,64,-1,1
77881,87,87,0,0
77882,74,64,10,10
77883,70,87,-17,17
77884,114,112,2,2
77885,72,70,2,2
77886,58,65,-7,7
77887,117,102,15,15
77888,77,96,-19,19
77889,57,67,-10,10
77890,142,126,16,16
77891,57,66,-9,9
77892,77,75,2,2
77893,100,109,-9,9
77894,92,103,-11,11
77895,53,60,-7,7
77896,98,86,12,12
77897,96,92,4,4
77898,67,64,3,3
77899,69,70,-1,1
77900,108,102,6,6
77901,97,88,9,9
77902,75,71,4,4
77903,97,96,1,1
77904,127,111,16,16
77905,87,79,8,8
77906,86,82,4,4
77907,84,72,12,12
77908,86,83,3,3
77909,88,82,6,6
77910,97,94,3,3
77911,86,82,4,4
77912,79,84,-5,5
77913,183,159,24,24
77914,97,93,4,4
77915,136,120,16,16
77916,78,75,3,3
77917,128,121,7,7
77918,116,104,12,12
77919,167,144,23,23
77920,143,137,6,6
77921,72,78,-6,6
77922,101,94,7,7
77923,89,88,1,1
77924,63,57,6,6
77925,136,119,17,17
77926,129,117,12,12
77927,77,78,-1,1
77928,70,77,-7,7
77929,114,101,13,13
77930,100,105,-5,5
77931,133,115,18,18
77932,130,118,12,12
77933,64,63,1,1
77934,105,95,10,10
77935,171,144,27,27
77936,120,107,13,13
77937,95,91,4,4
77938,72,73,-1,1
77939,75,69,6,6
77940,110,95,15,15
77941,119,100,19,19
77942,184,151,33,33
77943,132,116,16,16
77944,128,125,3,3
77945,78,90,-12,12
77946,124,111,13,13
77947,123,117,6,6
77948,105,89,16,16
77949,51,61,-10,10
77950,89,94,-5,5
77951,58,61,-3,3
77952,112,98,14,14
77953,97,93,4,4
77954,95,92,3,3
77955,79,80,-1,1
77956,85,83,2,2
77957,135,114,21,21
77958,127,123,4,4
77959,95,82,13,13
77960,141,136,5,5
77961,76,77,-1,1
77962,63,65,-2,2
77963,106,98,8,8
77964,95,85,10,10
77965,91,89,2,2
77966,147,131,16,16
77967,124,106,18,18
77968,88,77,11,11
77969,70,71,-1,1
77970,80,88,-8,8
77971,41,47,-6,6
77972,59,59,0,0
77973,97,98,-1,1
77974,61,61,0,0
77975,148,120,28,28
77976,106,92,14,14
77977,102,105,-3,3
77978,66,67,-1,1
77979,75,69,6,6
77980,98,90,8,8
77981,58,53,5,5
77982,59,59,0,0
77983,53,54,-1,1
77984,53,77,-24,24
77985,121,99,22,22
77986,101,83,18,18
77987,145,122,23,23
77988,57,59,-2,2
77989,74,70,4,4
77990,65,66,-1,1
77991,79,84,-5,5
77992,117,107,10,10
77993,65,64,1,1
77994,64,69,-5,5
77995,81,76,5,5
77996,125,101,24,24
77997,67,69,-2,2
77998,69,71,-2,2
77999,59,54,5,5
78000,126,111,15,15
78001,106,103,3,3
78002,63,64,-1,1
78003,89,93,-4,4
78004,120,94,26,26
78005,97,93,4,4
78006,70,69,1,1
78007,116,112,4,4
78008,77,67,10,10
78009,49,56,-7,7
78010,71,67,4,4
78011,64,73,-9,9
78012,72,63,9,9
78013,128,104,24,24
78014,98,89,9,9
78015,66,68,-2,2
78016,112,108,4,4
78017,51,54,-3,3
78018,85,81,4,4
78019,100,87,13,13
78020,92,84,8,8
78021,111,104,7,7
78022,100,108,-8,8
78023,96,91,5,5
78024,166,139,27,27
78025,137,133,4,4
78026,72,70,2,2
78027,115,111,4,4
78028,88,82,6,6
78029,91,87,4,4
78030,103,103,0,0
78031,47,56,-9,9
78032,86,88,-2,2
78033,136,117,19,19
78034,157,141,16,16
78035,124,112,12,12
78036,137,126,11,11
78037,101,98,3,3
78038,74,68,6,6
78039,85,75,10,10
78040,45,43,2,2
78041,168,143,25,25
78042,115,96,19,19
78043,116,123,-7,7
78044,84,87,-3,3
78045,102,94,8,8
78046,59,72,-13,13
78047,106,106,0,0
78048,60,71,-11,11
78049,123,107,16,16
78050,85,73,12,12
78051,60,69,-9,9
78052,82,71,11,11
78053,160,132,28,28
78054,82,82,0,0
78055,83,82,1,1
78056,73,76,-3,3
78057,113,111,2,2
78058,95,82,13,13
78059,100,92,8,8
78060,40,43,-3,3
78061,80,80,0,0
78062,110,99,11,11
78063,144,134,10,10
78064,115,99,16,16
78065,64,75,-11,11
78066,119,104,15,15
78067,102,100,2,2
78068,159,128,31,31
78069,104,94,10,10
78070,91,89,2,2
78071,133,123,10,10
78072,98,91,7,7
78073,96,96,0,0
78074,134,117,17,17
78075,160,137,23,23
78076,59,70,-11,11
78077,74,77,-3,3
78078,106,94,12,12
78079,64,61,3,3
78080,90,94,-4,4
78081,67,65,2,2
78082,100,96,4,4
78083,68,69,-1,1
78084,159,138,21,21
78085,87,84,3,3
78086,123,123,0,0
78087,78,77,1,1
78088,95,85,10,10
78089,56,71,-15,15
78090,102,99,3,3
78091,108,91,17,17
78092,73,69,4,4
78093,111,104,7,7
78094,137,122,15,15
78095,84,86,-2,2
78096,89,80,9,9
78097,70,80,-10,10
78098,78,80,-2,2
78099,152,134,18,18
78100,81,80,1,1
78101,49,50,-1,1
78102,69,70,-1,1
78103,102,89,13,13
78104,62,68,-6,6
78105,91,85,6,6
78106,72,51,21,21
78107,47,44,3,3
78108,184,144,40,40
78109,103,90,13,13
78110,69,72,-3,3
78111,51,59,-8,8
78112,120,123,-3,3
78113,105,83,22,22
78114,46,56,-10,10
78115,75,73,2,2
78116,71,69,2,2
78117,45,56,-11,11
78118,80,83,-3,3
78119,79,84,-5,5
78120,78,78,0,0
78121,62,71,-9,9
78122,86,80,6,6
78123,122,115,7,7
78124,101,91,10,10
78125,72,72,0,0
78126,141,129,12,12
78127,69,73,-4,4
78128,93,84,9,9
78129,55,53,2,2
78130,121,109,12,12
78131,105,101,4,4
78132,99,84,15,15
78133,195,158,37,37
78134,76,74,2,2
78135,124,108,16,16
78136,100,82,18,18
78137,152,140,12,12
78138,108,98,10,10
78139,49,50,-1,1
78140,176,148,28,28
78141,104,178,-74,74
78142,81,66,15,15
78143,97,91,6,6
78144,58,57,1,1
78145,110,100,10,10
78146,55,62,-7,7
78147,69,69,0,0
78148,107,124,-17,17
78149,71,69,2,2
78150,88,87,1,1
78151,43,53,-10,10
78152,117,110,7,7
78153,81,67,14,14
78154,75,80,-5,5
78155,108,99,9,9
78156,63,64,-1,1
78157,74,78,-4,4
78158,68,70,-2,2
78159,62,61,1,1
78160,52,50,2,2
78161,78,82,-4,4
78162,108,108,0,0
78163,188,145,43,43
78164,61,64,-3,3
78165,77,75,2,2
78166,97,89,8,8
78167,67,53,14,14
78168,77,98,-21,21
78169,91,90,1,1
78170,69,71,-2,2
78171,131,123,8,8
78172,56,58,-2,2
78173,49,57,-8,8
78174,126,117,9,9
78175,114,105,9,9
78176,90,88,2,2
78177,75,84,-9,9
78178,83,72,11,11
78179,92,96,-4,4
78180,83,82,1,1
78181,89,79,10,10
78182,85,82,3,3
78183,70,69,1,1
78184,108,99,9,9
78185,71,71,0,0
78186,68,62,6,6
78187,70,72,-2,2
78188,107,105,2,2
78189,58,61,-3,3
78190,51,54,-3,3
78191,55,62,-7,7
78192,161,147,14,14
78193,46,58,-12,12
78194,92,88,4,4
78195,154,134,20,20
78196,83,83,0,0
78197,128,117,11,11
78198,73,75,-2,2
78199,87,82,5,5
78200,122,104,18,18
78201,108,87,21,21
78202,76,88,-12,12
78203,59,70,-11,11
78204,83,84,-1,1
78205,92,91,1,1
78206,96,95,1,1
78207,105,90,15,15
78208,58,67,-9,9
78209,81,76,5,5
78210,110,95,15,15
78211,44,55,-11,11
78212,81,79,2,2
78213,63,70,-7,7
78214,78,76,2,2
78215,68,74,-6,6
78216,120,117,3,3
78217,181,153,28,28
78218,141,126,15,15
78219,178,151,27,27
78220,64,60,4,4
78221,72,74,-2,2
78222,45,40,5,5
78223,143,119,24,24
78224,145,121,24,24
78225,111,102,9,9
78226,86,83,3,3
78227,125,125,0,0
78228,79,81,-2,2
78229,67,71,-4,4
78230,173,145,28,28
78231,81,82,-1,1
78232,88,93,-5,5
78233,63,68,-5,5
78234,66,85,-19,19
78235,96,87,9,9
78236,100,80,20,20
78237,57,56,1,1
78238,125,105,20,20
78239,156,137,19,19
78240,125,110,15,15
78241,133,120,13,13
78242,66,66,0,0
78243,159,151,8,8
78244,44,70,-26,26
78245,67,62,5,5
78246,105,99,6,6
78247,77,77,0,0
78248,64,72,-8,8
78249,62,82,-20,20
78250,69,67,2,2
78251,163,140,23,23
78252,62,64,-2,2
78253,50,53,-3,3
78254,100,94,6,6
78255,108,96,12,12
78256,70,71,-1,1
78257,97,88,9,9
78258,83,76,7,7
78259,137,130,7,7
78260,70,69,1,1
78261,122,95,27,27
78262,79,81,-2,2
78263,52,71,-19,19
78264,86,91,-5,5
78265,93,84,9,9
78266,93,103,-10,10
78267,62,65,-3,3
78268,109,91,18,18
78269,107,103,4,4
78270,83,81,2,2
78271,57,60,-3,3
78272,61,69,-8,8
78273,43,51,-8,8
78274,156,126,30,30
78275,102,92,10,10
78276,56,67,-11,11
78277,199,168,31,31
78278,103,99,4,4
78279,77,80,-3,3
78280,147,140,7,7
78281,99,106,-7,7
78282,74,100,-26,26
78283,71,65,6,6
78284,142,129,13,13
78285,72,66,6,6
78286,28,37,-9,9
78287,99,104,-5,5
78288,145,138,7,7
78289,51,52,-1,1
78290,132,125,7,7
78291,102,96,6,6
78292,69,70,-1,1
78293,142,128,14,14
78294,52,50,2,2
78295,87,90,-3,3
78296,122,117,5,5
78297,93,97,-4,4
78298,85,87,-2,2
78299,101,92,9,9
78300,88,88,0,0
78301,64,59,5,5
78302,131,120,11,11
78303,91,87,4,4
78304,174,141,33,33
78305,50,53,-3,3
78306,78,82,-4,4
78307,76,80,-4,4
78308,118,107,11,11
78309,56,62,-6,6
78310,53,53,0,0
78311,98,97,1,1
78312,119,115,4,4
78313,133,121,12,12
78314,66,64,2,2
78315,117,111,6,6
78316,94,87,7,7
78317,79,81,-2,2
78318,114,108,6,6
78319,96,85,11,11
78320,81,80,1,1
78321,83,82,1,1
78322,74,78,-4,4
78323,89,85,4,4
78324,73,80,-7,7
78325,160,143,17,17
78326,120,107,13,13
78327,52,50,2,2
78328,127,118,9,9
78329,93,88,5,5
78330,108,111,-3,3
78331,95,93,2,2
78332,75,74,1,1
78333,124,104,20,20
78334,90,86,4,4
78335,101,102,-1,1
78336,44,48,-4,4
78337,113,102,11,11
78338,64,72,-8,8
78339,135,118,17,17
78340,147,127,20,20
78341,112,110,2,2
78342,63,65,-2,2
78343,91,98,-7,7
78344,93,77,16,16
78345,116,105,11,11
78346,124,119,5,5
78347,127,116,11,11
78348,114,109,5,5
78349,137,109,28,28
78350,56,60,-4,4
78351,54,57,-3,3
78352,78,81,-3,3
78353,71,73,-2,2
78354,72,73,-1,1
78355,67,73,-6,6
78356,48,49,-1,1
78357,115,124,-9,9
78358,53,57,-4,4
78359,95,91,4,4
78360,56,71,-15,15
78361,45,39,6,6
78362,209,174,35,35
78363,85,92,-7,7
78364,80,76,4,4
78365,139,130,9,9
78366,64,66,-2,2
78367,83,84,-1,1
78368,121,108,13,13
78369,102,106,-4,4
78370,94,86,8,8
78371,119,104,15,15
78372,59,65,-6,6
78373,61,86,-25,25
78374,74,71,3,3
78375,76,76,0,0
78376,91,89,2,2
78377,132,108,24,24
78378,54,59,-5,5
78379,74,74,0,0
78380,96,87,9,9
78381,60,67,-7,7
78382,91,93,-2,2
78383,102,99,3,3
78384,131,119,12,12
78385,95,87,8,8
78386,35,37,-2,2
78387,70,80,-10,10
78388,115,99,16,16
78389,63,64,-1,1
78390,70,79,-9,9
78391,73,70,3,3
78392,79,80,-1,1
78393,114,109,5,5
78394,75,86,-11,11
78395,103,98,5,5
78396,111,100,11,11
78397,110,109,1,1
78398,55,55,0,0
78399,89,93,-4,4
78400,53,67,-14,14
78401,114,98,16,16
78402,104,103,1,1
78403,45,48,-3,3
78404,122,108,14,14
78405,72,74,-2,2
78406,140,122,18,18
78407,132,110,22,22
78408,127,141,-14,14
78409,133,120,13,13
78410,66,66,0,0
78411,99,93,6,6
78412,112,104,8,8
78413,104,84,20,20
78414,143,127,16,16
78415,107,96,11,11
78416,122,112,10,10
78417,166,148,18,18
78418,169,150,19,19
78419,165,153,12,12
78420,147,119,28,28
78421,63,62,1,1
78422,71,77,-6,6
78423,59,56,3,3
78424,127,120,7,7
78425,168,141,27,27
78426,43,48,-5,5
78427,103,96,7,7
78428,109,95,14,14
78429,99,100,-1,1
78430,71,72,-1,1
78431,94,91,3,3
78432,104,97,7,7
78433,96,94,2,2
78434,85,77,8,8
78435,122,100,22,22
78436,85,83,2,2
78437,49,55,-6,6
78438,44,67,-23,23
78439,65,63,2,2
78440,78,80,-2,2
78441,117,107,10,10
78442,103,93,10,10
78443,106,87,19,19
78444,97,99,-2,2
78445,167,165,2,2
78446,50,53,-3,3
78447,134,116,18,18
78448,100,101,-1,1
78449,81,80,1,1
78450,108,105,3,3
78451,55,59,-4,4
78452,82,84,-2,2
78453,94,103,-9,9
78454,94,84,10,10
78455,61,61,0,0
78456,141,127,14,14
78457,79,77,2,2
78458,71,80,-9,9
78459,48,58,-10,10
78460,140,130,10,10
78461,70,78,-8,8
78462,63,61,2,2
78463,137,117,20,20
78464,40,41,-1,1
78465,103,94,9,9
78466,67,74,-7,7
78467,82,76,6,6
78468,119,115,4,4
78469,131,118,13,13
78470,77,89,-12,12
78471,98,91,7,7
78472,148,142,6,6
78473,91,87,4,4
78474,95,96,-1,1
78475,60,59,1,1
78476,72,71,1,1
78477,123,110,13,13
78478,68,69,-1,1
78479,124,122,2,2
78480,128,118,10,10
78481,114,110,4,4
78482,90,83,7,7
78483,108,102,6,6
78484,114,103,11,11
78485,33,53,-20,20
78486,95,92,3,3
78487,113,103,10,10
78488,57,58,-1,1
78489,71,67,4,4
78490,110,103,7,7
78491,67,70,-3,3
78492,59,61,-2,2
78493,105,101,4,4
78494,132,112,20,20
78495,93,97,-4,4
78496,90,92,-2,2
78497,134,113,21,21
78498,32,39,-7,7
78499,108,131,-23,23
78500,81,73,8,8
78501,94,90,4,4
78502,116,115,1,1
78503,131,118,13,13
78504,63,71,-8,8
78505,96,91,5,5
78506,71,61,10,10
78507,71,66,5,5
78508,79,84,-5,5
78509,115,106,9,9
78510,48,68,-20,20
78511,85,80,5,5
78512,113,101,12,12
78513,89,89,0,0
78514,131,118,13,13
78515,91,91,0,0
78516,72,68,4,4
78517,169,142,27,27
78518,133,125,8,8
78519,176,146,30,30
78520,118,113,5,5
78521,71,80,-9,9
78522,65,70,-5,5
78523,144,116,28,28
78524,72,82,-10,10
78525,70,75,-5,5
78526,70,71,-1,1
78527,117,101,16,16
78528,97,92,5,5
78529,57,59,-2,2
78530,61,81,-20,20
78531,80,80,0,0
78532,92,84,8,8
78533,85,87,-2,2
78534,125,103,22,22
78535,90,97,-7,7
78536,80,75,5,5
78537,71,77,-6,6
78538,149,126,23,23
78539,69,66,3,3
78540,104,94,10,10
78541,95,89,6,6
78542,129,103,26,26
78543,144,112,32,32
78544,61,64,-3,3
78545,130,113,17,17
78546,144,123,21,21
78547,39,44,-5,5
78548,114,102,12,12
78549,48,51,-3,3
78550,94,83,11,11
78551,92,83,9,9
78552,101,85,16,16
78553,79,86,-7,7
78554,113,98,15,15
78555,69,76,-7,7
78556,41,45,-4,4
78557,69,75,-6,6
78558,108,98,10,10
78559,66,66,0,0
78560,93,80,13,13
78561,86,80,6,6
78562,79,74,5,5
78563,80,82,-2,2
78564,87,81,6,6
78565,179,150,29,29
78566,67,64,3,3
78567,71,77,-6,6
78568,86,77,9,9
78569,92,93,-1,1
78570,109,102,7,7
78571,45,57,-12,12
78572,84,81,3,3
78573,158,141,17,17
78574,92,82,10,10
78575,75,73,2,2
78576,84,81,3,3
78577,65,74,-9,9
78578,104,91,13,13
78579,44,48,-4,4
78580,198,150,48,48
78581,124,111,13,13
78582,134,113,21,21
78583,122,104,18,18
78584,77,75,2,2
78585,103,92,11,11
78586,98,88,10,10
78587,59,56,3,3
78588,87,74,13,13
78589,74,70,4,4
78590,67,75,-8,8
78591,85,82,3,3
78592,79,72,7,7
78593,96,95,1,1
78594,121,112,9,9
78595,98,103,-5,5
78596,145,120,25,25
78597,110,100,10,10
78598,144,135,9,9
78599,85,80,5,5
78600,114,114,0,0
78601,95,89,6,6
78602,51,62,-11,11
78603,97,89,8,8
78604,81,70,11,11
78605,81,79,2,2
78606,85,82,3,3
78607,154,141,13,13
78608,125,116,9,9
78609,97,97,0,0
78610,161,133,28,28
78611,144,118,26,26
78612,127,110,17,17
78613,88,83,5,5
78614,180,154,26,26
78615,90,92,-2,2
78616,66,74,-8,8
78617,95,87,8,8
78618,94,98,-4,4
78619,75,76,-1,1
78620,65,73,-8,8
78621,111,111,0,0
78622,67,62,5,5
78623,86,93,-7,7
78624,141,119,22,22
78625,102,95,7,7
78626,142,132,10,10
78627,188,166,22,22
78628,62,53,9,9
78629,104,104,0,0
78630,63,61,2,2
78631,100,88,12,12
78632,148,129,19,19
78633,103,100,3,3
78634,122,121,1,1
78635,69,70,-1,1
78636,89,85,4,4
78637,113,90,23,23
78638,135,123,12,12
78639,158,134,24,24
78640,74,69,5,5
78641,54,57,-3,3
78642,106,96,10,10
78643,56,84,-28,28
78644,113,102,11,11
78645,95,82,13,13
78646,134,123,11,11
78647,73,74,-1,1
78648,51,53,-2,2
78649,50,44,6,6
78650,33,37,-4,4
78651,130,112,18,18
78652,111,113,-2,2
78653,58,59,-1,1
78654,103,94,9,9
78655,136,131,5,5
78656,99,95,4,4
78657,99,91,8,8
78658,116,102,14,14
78659,149,131,18,18
78660,69,72,-3,3
78661,81,90,-9,9
78662,57,60,-3,3
78663,85,80,5,5
78664,78,92,-14,14
78665,94,92,2,2
78666,112,99,13,13
78667,141,112,29,29
78668,133,113,20,20
78669,85,94,-9,9
78670,100,99,1,1
78671,62,61,1,1
78672,121,110,11,11
78673,54,60,-6,6
78674,154,136,18,18
78675,142,117,25,25
78676,104,105,-1,1
78677,103,95,8,8
78678,70,66,4,4
78679,118,106,12,12
78680,115,105,10,10
78681,145,129,16,16
78682,106,103,3,3
78683,114,107,7,7
78684,87,82,5,5
78685,155,126,29,29
78686,142,120,22,22
78687,132,115,17,17
78688,94,89,5,5
78689,142,129,13,13
78690,150,130,20,20
78691,53,61,-8,8
78692,94,87,7,7
78693,85,93,-8,8
78694,62,68,-6,6
78695,53,51,2,2
78696,81,86,-5,5
78697,175,155,20,20
78698,55,53,2,2
78699,72,83,-11,11
78700,93,87,6,6
78701,73,81,-8,8
78702,47,58,-11,11
78703,67,70,-3,3
78704,117,102,15,15
78705,104,98,6,6
78706,76,74,2,2
78707,99,83,16,16
78708,131,113,18,18
78709,84,89,-5,5
78710,105,108,-3,3
78711,157,124,33,33
78712,111,112,-1,1
78713,91,89,2,2
78714,74,83,-9,9
78715,79,77,2,2
78716,103,90,13,13
78717,119,105,14,14
78718,163,139,24,24
78719,69,70,-1,1
78720,112,102,10,10
78721,55,62,-7,7
78722,97,100,-3,3
78723,99,84,15,15
78724,58,68,-10,10
78725,125,103,22,22
78726,88,80,8,8
78727,81,81,0,0
78728,158,147,11,11
78729,55,68,-13,13
78730,114,112,2,2
78731,95,92,3,3
78732,87,99,-12,12
78733,139,112,27,27
78734,79,75,4,4
78735,75,68,7,7
78736,56,60,-4,4
78737,113,126,-13,13
78738,148,126,22,22
78739,160,131,29,29
78740,97,89,8,8
78741,88,85,3,3
78742,89,82,7,7
78743,101,91,10,10
78744,53,58,-5,5
78745,97,103,-6,6
78746,67,69,-2,2
78747,117,101,16,16
78748,72,65,7,7
78749,40,47,-7,7
78750,48,50,-2,2
78751,88,81,7,7
78752,95,84,11,11
78753,132,116,16,16
78754,63,61,2,2
78755,95,90,5,5
78756,84,82,2,2
78757,33,40,-7,7
78758,70,71,-1,1
78759,154,138,16,16
78760,163,141,22,22
78761,175,145,30,30
78762,92,87,5,5
78763,150,135,15,15
78764,67,70,-3,3
78765,127,119,8,8
78766,131,114,17,17
78767,194,155,39,39
78768,113,101,12,12
78769,106,98,8,8
78770,88,81,7,7
78771,75,74,1,1
78772,56,72,-16,16
78773,86,96,-10,10
78774,66,65,1,1
78775,171,149,22,22
78776,127,114,13,13
78777,110,102,8,8
78778,93,90,3,3
78779,89,85,4,4
78780,72,81,-9,9
78781,98,85,13,13
78782,77,77,0,0
78783,93,87,6,6
78784,112,95,17,17
78785,68,68,0,0
78786,104,107,-3,3
78787,78,74,4,4
78788,69,77,-8,8
78789,48,48,0,0
78790,65,73,-8,8
78791,109,106,3,3
78792,90,98,-8,8
78793,141,122,19,19
78794,100,100,0,0
78795,133,127,6,6
78796,110,98,12,12
78797,54,52,2,2
78798,71,70,1,1
78799,144,129,15,15
78800,57,67,-10,10
78801,88,85,3,3
78802,107,94,13,13
78803,128,115,13,13
78804,93,92,1,1
78805,136,129,7,7
78806,107,91,16,16
78807,151,129,22,22
78808,114,104,10,10
78809,67,68,-1,1
78810,94,90,4,4
78811,90,79,11,11
78812,105,92,13,13
78813,132,112,20,20
78814,90,82,8,8
78815,120,119,1,1
78816,91,96,-5,5
78817,155,137,18,18
78818,62,60,2,2
78819,109,98,11,11
78820,100,102,-2,2
78821,160,128,32,32
78822,96,94,2,2
78823,104,107,-3,3
78824,93,88,5,5
78825,72,72,0,0
78826,59,73,-14,14
78827,74,69,5,5
78828,83,73,10,10
78829,92,82,10,10
78830,100,103,-3,3
78831,87,81,6,6
78832,122,113,9,9
78833,78,73,5,5
78834,79,71,8,8
78835,138,116,22,22
78836,158,137,21,21
78837,75,74,1,1
78838,100,94,6,6
78839,134,114,20,20
78840,138,139,-1,1
78841,82,86,-4,4
78842,52,52,0,0
78843,74,74,0,0
78844,60,60,0,0
78845,49,60,-11,11
78846,45,49,-4,4
78847,83,77,6,6
78848,55,62,-7,7
78849,74,70,4,4
78850,96,87,9,9
78851,71,75,-4,4
78852,73,71,2,2
78853,104,111,-7,7
78854,57,57,0,0
78855,79,79,0,0
78856,109,104,5,5
78857,65,63,2,2
78858,129,128,1,1
78859,75,72,3,3
78860,209,168,41,41
78861,102,95,7,7
78862,102,101,1,1
78863,142,113,29,29
78864,140,108,32,32
78865,44,46,-2,2
78866,102,101,1,1
78867,89,80,9,9
78868,86,80,6,6
78869,85,81,4,4
78870,88,81,7,7
78871,77,82,-5,5
78872,123,119,4,4
78873,62,74,-12,12
78874,163,148,15,15
78875,114,108,6,6
78876,55,60,-5,5
78877,112,106,6,6
78878,125,114,11,11
78879,123,113,10,10
78880,96,89,7,7
78881,111,101,10,10
78882,136,114,22,22
78883,75,77,-2,2
78884,134,123,11,11
78885,77,81,-4,4
78886,98,97,1,1
78887,94,86,8,8
78888,77,80,-3,3
78889,83,79,4,4
78890,97,84,13,13
78891,82,81,1,1
78892,126,112,14,14
78893,159,143,16,16
78894,100,104,-4,4
78895,100,106,-6,6
78896,121,107,14,14
78897,117,96,21,21
78898,81,84,-3,3
78899,90,87,3,3
78900,68,65,3,3
78901,110,104,6,6
78902,118,120,-2,2
78903,97,93,4,4
78904,81,74,7,7
78905,105,101,4,4
78906,95,85,10,10
78907,66,89,-23,23
78908,109,104,5,5
78909,141,130,11,11
78910,52,52,0,0
78911,80,74,6,6
78912,93,83,10,10
78913,76,73,3,3
78914,111,107,4,4
78915,107,96,11,11
78916,132,112,20,20
78917,100,99,1,1
78918,138,117,21,21
78919,122,109,13,13
78920,105,98,7,7
78921,85,81,4,4
78922,96,81,15,15
78923,60,58,2,2
78924,106,97,9,9
78925,47,65,-18,18
78926,97,87,10,10
78927,36,38,-2,2
78928,111,96,15,15
78929,121,123,-2,2
78930,85,78,7,7
78931,95,95,0,0
78932,78,79,-1,1
78933,113,113,0,0
78934,72,68,4,4
78935,110,111,-1,1
78936,38,48,-10,10
78937,133,119,14,14
78938,52,79,-27,27
78939,49,51,-2,2
78940,57,56,1,1
78941,209,153,56,56
78942,93,95,-2,2
78943,62,64,-2,2
78944,51,58,-7,7
78945,82,98,-16,16
78946,77,73,4,4
78947,165,138,27,27
78948,58,59,-1,1
78949,108,99,9,9
78950,43,51,-8,8
78951,83,83,0,0
78952,92,90,2,2
78953,127,112,15,15
78954,47,49,-2,2
78955,78,73,5,5
78956,62,68,-6,6
78957,136,115,21,21
78958,121,115,6,6
78959,79,81,-2,2
78960,83,89,-6,6
78961,100,98,2,2
78962,86,95,-9,9
78963,89,87,2,2
78964,74,66,8,8
78965,133,122,11,11
78966,107,99,8,8
78967,89,81,8,8
78968,72,71,1,1
78969,78,84,-6,6
78970,52,56,-4,4
78971,94,94,0,0
78972,107,102,5,5
78973,61,58,3,3
78974,224,181,43,43
78975,75,68,7,7
78976,53,62,-9,9
78977,95,94,1,1
78978,63,60,3,3
78979,133,120,13,13
78980,45,46,-1,1
78981,65,61,4,4
78982,93,87,6,6
78983,68,75,-7,7
78984,86,86,0,0
78985,116,104,12,12
78986,112,109,3,3
78987,79,72,7,7
78988,83,78,5,5
78989,136,135,1,1
78990,58,62,-4,4
78991,98,90,8,8
78992,216,200,16,16
78993,135,118,17,17
78994,87,82,5,5
78995,99,91,8,8
78996,85,80,5,5
78997,57,59,-2,2
78998,69,66,3,3
78999,72,72,0,0
79000,42,51,-9,9
79001,50,51,-1,1
79002,120,106,14,14
79003,43,44,-1,1
79004,58,58,0,0
79005,64,72,-8,8
79006,47,50,-3,3
79007,118,104,14,14
79008,91,104,-13,13
79009,115,108,7,7
79010,132,121,11,11
79011,124,112,12,12
79012,127,130,-3,3
79013,90,84,6,6
79014,142,131,11,11
79015,72,72,0,0
79016,91,93,-2,2
79017,93,93,0,0
79018,159,143,16,16
79019,76,81,-5,5
79020,89,94,-5,5
79021,127,100,27,27
79022,76,77,-1,1
79023,101,91,10,10
79024,95,91,4,4
79025,82,81,1,1
79026,109,104,5,5
79027,108,97,11,11
79028,84,83,1,1
79029,184,160,24,24
79030,77,74,3,3
79031,92,80,12,12
79032,57,62,-5,5
79033,104,93,11,11
79034,118,114,4,4
79035,111,97,14,14
79036,78,68,10,10
79037,122,103,19,19
79038,72,71,1,1
79039,106,89,17,17
79040,61,58,3,3
79041,106,102,4,4
79042,122,114,8,8
79043,119,111,8,8
79044,141,113,28,28
79045,114,107,7,7
79046,124,106,18,18
79047,86,79,7,7
79048,43,57,-14,14
79049,177,160,17,17
79050,169,170,-1,1
79051,100,98,2,2
79052,70,71,-1,1
79053,80,80,0,0
79054,82,86,-4,4
79055,97,87,10,10
79056,112,99,13,13
79057,122,106,16,16
79058,62,63,-1,1
79059,146,118,28,28
79060,77,83,-6,6
79061,95,95,0,0
79062,167,137,30,30
79063,62,86,-24,24
79064,112,121,-9,9
79065,56,60,-4,4
79066,126,101,25,25
79067,127,108,19,19
79068,221,185,36,36
79069,180,154,26,26
79070,73,65,8,8
79071,53,58,-5,5
79072,82,89,-7,7
79073,58,61,-3,3
79074,78,74,4,4
79075,130,116,14,14
79076,39,40,-1,1
79077,93,105,-12,12
79078,87,80,7,7
79079,82,73,9,9
79080,130,119,11,11
79081,74,74,0,0
79082,93,88,5,5
79083,69,77,-8,8
79084,57,60,-3,3
79085,79,75,4,4
79086,120,106,14,14
79087,91,79,12,12
79088,99,101,-2,2
79089,100,90,10,10
79090,93,86,7,7
79091,78,80,-2,2
79092,82,83,-1,1
79093,242,213,29,29
79094,154,136,18,18
79095,63,61,2,2
79096,52,56,-4,4
79097,106,97,9,9
79098,87,102,-15,15
79099,106,101,5,5
79100,36,38,-2,2
79101,108,117,-9,9
79102,153,170,-17,17
79103,44,63,-19,19
79104,119,109,10,10
79105,51,51,0,0
79106,156,127,29,29
79107,114,119,-5,5
79108,123,113,10,10
79109,149,127,22,22
79110,90,81,9,9
79111,67,69,-2,2
79112,179,160,19,19
79113,123,116,7,7
79114,88,85,3,3
79115,211,183,28,28
79116,149,129,20,20
79117,58,58,0,0
79118,85,82,3,3
79119,94,87,7,7
79120,125,122,3,3
79121,50,56,-6,6
79122,78,71,7,7
79123,91,81,10,10
79124,166,147,19,19
79125,89,80,9,9
79126,55,66,-11,11
79127,140,125,15,15
79128,122,116,6,6
79129,92,77,15,15
79130,59,62,-3,3
79131,112,112,0,0
79132,97,95,2,2
79133,109,107,2,2
79134,121,134,-13,13
79135,75,76,-1,1
79136,80,73,7,7
79137,104,99,5,5
79138,130,119,11,11
79139,148,137,11,11
79140,54,53,1,1
79141,121,103,18,18
79142,65,80,-15,15
79143,51,59,-8,8
79144,142,113,29,29
79145,40,42,-2,2
79146,58,65,-7,7
79147,92,86,6,6
79148,71,73,-2,2
79149,96,87,9,9
79150,118,104,14,14
79151,54,61,-7,7
79152,91,92,-1,1
79153,70,69,1,1
79154,85,81,4,4
79155,47,52,-5,5
79156,137,125,12,12
79157,88,96,-8,8
79158,73,72,1,1
79159,99,90,9,9
79160,68,72,-4,4
79161,174,157,17,17
79162,119,117,2,2
79163,84,82,2,2
79164,103,114,-11,11
79165,174,155,19,19
79166,98,93,5,5
79167,86,74,12,12
79168,101,97,4,4
79169,88,76,12,12
79170,78,72,6,6
79171,94,88,6,6
79172,131,117,14,14
79173,104,93,11,11
79174,89,90,-1,1
79175,104,114,-10,10
79176,43,52,-9,9
79177,85,82,3,3
79178,66,70,-4,4
79179,108,112,-4,4
79180,89,97,-8,8
79181,54,60,-6,6
79182,75,75,0,0
79183,85,90,-5,5
79184,94,88,6,6
79185,58,63,-5,5
79186,191,165,26,26
79187,63,61,2,2
79188,73,69,4,4
79189,92,90,2,2
79190,125,107,18,18
79191,90,86,4,4
79192,128,121,7,7
79193,38,48,-10,10
79194,84,79,5,5
79195,85,80,5,5
79196,147,128,19,19
79197,54,53,1,1
79198,78,78,0,0
79199,117,101,16,16
79200,78,82,-4,4
79201,83,77,6,6
79202,125,137,-12,12
79203,108,99,9,9
79204,94,91,3,3
79205,45,47,-2,2
79206,120,111,9,9
79207,86,81,5,5
79208,85,83,2,2
79209,50,48,2,2
79210,89,83,6,6
79211,90,81,9,9
79212,75,72,3,3
79213,110,105,5,5
79214,82,79,3,3
79215,140,129,11,11
79216,102,99,3,3
79217,78,80,-2,2
79218,90,89,1,1
79219,49,53,-4,4
79220,60,59,1,1
79221,128,132,-4,4
79222,91,89,2,2
79223,94,87,7,7
79224,101,92,9,9
79225,90,84,6,6
79226,115,104,11,11
79227,111,91,20,20
79228,110,112,-2,2
79229,64,70,-6,6
79230,112,92,20,20
79231,88,94,-6,6
79232,108,93,15,15
79233,100,97,3,3
79234,66,65,1,1
79235,142,117,25,25
79236,64,67,-3,3
79237,140,123,17,17
79238,124,109,15,15
79239,66,64,2,2
79240,99,87,12,12
79241,78,70,8,8
79242,103,103,0,0
79243,121,112,9,9
79244,96,86,10,10
79245,30,39,-9,9
79246,69,64,5,5
79247,97,85,12,12
79248,81,74,7,7
79249,72,71,1,1
79250,93,83,10,10
79251,84,89,-5,5
79252,84,90,-6,6
79253,98,97,1,1
79254,57,70,-13,13
79255,81,81,0,0
79256,88,90,-2,2
79257,98,90,8,8
79258,171,146,25,25
79259,76,74,2,2
79260,126,122,4,4
79261,90,90,0,0
79262,91,80,11,11
79263,94,82,12,12
79264,91,81,10,10
79265,122,113,9,9
79266,81,86,-5,5
79267,86,98,-12,12
79268,79,79,0,0
79269,76,84,-8,8
79270,97,99,-2,2
79271,125,134,-9,9
79272,125,120,5,5
79273,62,63,-1,1
79274,63,69,-6,6
79275,81,83,-2,2
79276,115,95,20,20
79277,162,149,13,13
79278,103,93,10,10
79279,64,69,-5,5
79280,153,128,25,25
79281,69,80,-11,11
79282,132,113,19,19
79283,76,70,6,6
79284,63,77,-14,14
79285,65,66,-1,1
79286,89,86,3,3
79287,165,128,37,37
79288,84,80,4,4
79289,89,80,9,9
79290,130,117,13,13
79291,73,66,7,7
79292,110,112,-2,2
79293,157,126,31,31
79294,82,85,-3,3
79295,100,95,5,5
79296,128,114,14,14
79297,122,111,11,11
79298,102,96,6,6
79299,102,89,13,13
79300,86,74,12,12
79301,124,118,6,6
79302,157,135,22,22
79303,104,97,7,7
79304,94,93,1,1
79305,59,59,0,0
79306,103,93,10,10
79307,78,73,5,5
79308,73,75,-2,2
79309,76,77,-1,1
79310,112,118,-6,6
79311,103,103,0,0
79312,159,119,40,40
79313,42,51,-9,9
79314,83,76,7,7
79315,108,101,7,7
79316,129,110,19,19
79317,129,120,9,9
79318,145,126,19,19
79319,70,71,-1,1
79320,71,68,3,3
79321,60,61,-1,1
79322,100,91,9,9
79323,173,152,21,21
79324,156,133,23,23
79325,101,94,7,7
79326,99,96,3,3
79327,130,117,13,13
79328,68,115,-47,47
79329,138,119,19,19
79330,138,129,9,9
79331,126,117,9,9
79332,74,70,4,4
79333,75,72,3,3
79334,79,76,3,3
79335,67,72,-5,5
79336,80,112,-32,32
79337,86,75,11,11
79338,57,58,-1,1
79339,111,112,-1,1
79340,95,92,3,3
79341,85,81,4,4
79342,88,82,6,6
79343,72,68,4,4
79344,22,37,-15,15
79345,97,81,16,16
79346,130,111,19,19
79347,55,59,-4,4
79348,95,86,9,9
79349,86,81,5,5
79350,53,58,-5,5
79351,66,65,1,1
79352,122,123,-1,1
79353,130,123,7,7
79354,135,118,17,17
79355,47,51,-4,4
79356,65,96,-31,31
79357,46,43,3,3
79358,155,123,32,32
79359,60,63,-3,3
79360,75,79,-4,4
79361,97,85,12,12
79362,142,110,32,32
79363,57,68,-11,11
79364,80,77,3,3
79365,44,43,1,1
79366,107,102,5,5
79367,39,58,-19,19
79368,163,149,14,14
79369,152,154,-2,2
79370,119,109,10,10
79371,98,82,16,16
79372,67,83,-16,16
79373,61,59,2,2
79374,99,96,3,3
79375,62,64,-2,2
79376,68,68,0,0
79377,72,76,-4,4
79378,83,86,-3,3
79379,103,92,11,11
79380,116,119,-3,3
79381,122,114,8,8
79382,88,93,-5,5
79383,129,112,17,17
79384,86,80,6,6
79385,82,82,0,0
79386,83,84,-1,1
79387,71,80,-9,9
79388,77,75,2,2
79389,100,101,-1,1
79390,206,179,27,27
79391,152,157,-5,5
79392,58,59,-1,1
79393,141,126,15,15
79394,96,83,13,13
79395,149,121,28,28
79396,80,73,7,7
79397,48,47,1,1
79398,75,77,-2,2
79399,95,85,10,10
79400,126,121,5,5
79401,74,74,0,0
79402,95,90,5,5
79403,59,68,-9,9
79404,164,146,18,18
79405,95,90,5,5
79406,46,52,-6,6
79407,88,82,6,6
79408,135,131,4,4
79409,140,119,21,21
79410,103,97,6,6
79411,69,69,0,0
79412,144,117,27,27
79413,147,126,21,21
79414,105,106,-1,1
79415,154,115,39,39
79416,77,74,3,3
79417,74,74,0,0
79418,132,115,17,17
79419,56,59,-3,3
79420,48,53,-5,5
79421,77,74,3,3
79422,20,37,-17,17
79423,94,94,0,0
79424,66,70,-4,4
79425,72,71,1,1
79426,130,112,18,18
79427,282,225,57,57
79428,139,109,30,30
79429,99,104,-5,5
79430,67,69,-2,2
79431,72,76,-4,4
79432,96,101,-5,5
79433,76,79,-3,3
79434,119,105,14,14
79435,93,82,11,11
79436,61,66,-5,5
79437,79,72,7,7
79438,107,96,11,11
79439,152,145,7,7
79440,85,75,10,10
79441,62,51,11,11
79442,103,87,16,16
79443,59,60,-1,1
79444,109,107,2,2
79445,84,90,-6,6
79446,85,88,-3,3
79447,77,86,-9,9
79448,182,159,23,23
79449,105,99,6,6
79450,165,148,17,17
79451,101,96,5,5
79452,91,85,6,6
79453,93,88,5,5
79454,105,102,3,3
79455,98,98,0,0
79456,140,130,10,10
79457,150,126,24,24
79458,168,143,25,25
79459,155,134,21,21
79460,75,68,7,7
79461,56,58,-2,2
79462,41,56,-15,15
79463,84,80,4,4
79464,46,53,-7,7
79465,168,149,19,19
79466,148,129,19,19
79467,92,91,1,1
79468,93,87,6,6
79469,108,94,14,14
79470,52,56,-4,4
79471,100,91,9,9
79472,77,81,-4,4
79473,95,85,10,10
79474,67,69,-2,2
79475,84,73,11,11
79476,107,99,8,8
79477,80,79,1,1
79478,104,99,5,5
79479,86,81,5,5
79480,90,80,10,10
79481,70,79,-9,9
79482,125,124,1,1
79483,68,67,1,1
79484,125,115,10,10
79485,133,122,11,11
79486,77,71,6,6
79487,70,74,-4,4
79488,182,156,26,26
79489,114,95,19,19
79490,114,106,8,8
79491,183,161,22,22
79492,57,65,-8,8
79493,111,105,6,6
79494,49,57,-8,8
79495,58,61,-3,3
79496,97,101,-4,4
79497,141,134,7,7
79498,133,123,10,10
79499,115,98,17,17
79500,142,123,19,19
79501,53,52,1,1
79502,69,66,3,3
79503,152,121,31,31
79504,52,50,2,2
79505,145,128,17,17
79506,90,87,3,3
79507,125,107,18,18
79508,73,61,12,12
79509,72,71,1,1
79510,69,79,-10,10
79511,146,120,26,26
79512,149,138,11,11
79513,79,80,-1,1
79514,105,106,-1,1
79515,65,64,1,1
79516,139,117,22,22
79517,123,110,13,13
79518,105,83,22,22
79519,40,44,-4,4
79520,65,67,-2,2
79521,134,120,14,14
79522,123,110,13,13
79523,127,110,17,17
79524,39,70,-31,31
79525,104,107,-3,3
79526,48,52,-4,4
79527,78,85,-7,7
79528,102,97,5,5
79529,72,60,12,12
79530,130,123,7,7
79531,107,99,8,8
79532,90,85,5,5
79533,85,80,5,5
79534,103,101,2,2
79535,118,105,13,13
79536,67,78,-11,11
79537,101,81,20,20
79538,108,104,4,4
79539,134,137,-3,3
79540,83,76,7,7
79541,103,107,-4,4
79542,43,59,-16,16
79543,154,128,26,26
79544,137,126,11,11
79545,133,117,16,16
79546,165,129,36,36
79547,68,71,-3,3
79548,144,129,15,15
79549,112,108,4,4
79550,96,93,3,3
79551,84,77,7,7
79552,131,107,24,24
79553,95,87,8,8
79554,166,137,29,29
79555,56,59,-3,3
79556,112,104,8,8
79557,55,56,-1,1
79558,88,84,4,4
79559,81,75,6,6
79560,79,74,5,5
79561,105,101,4,4
79562,52,57,-5,5
79563,131,119,12,12
79564,101,97,4,4
79565,98,73,25,25
79566,60,58,2,2
79567,66,70,-4,4
79568,85,74,11,11
79569,81,76,5,5
79570,117,113,4,4
79571,61,59,2,2
79572,74,76,-2,2
79573,64,69,-5,5
79574,61,60,1,1
79575,106,99,7,7
79576,82,78,4,4
79577,68,83,-15,15
79578,100,98,2,2
79579,111,88,23,23
79580,73,78,-5,5
79581,110,103,7,7
79582,110,105,5,5
79583,150,130,20,20
79584,119,112,7,7
79585,140,126,14,14
79586,107,95,12,12
79587,31,42,-11,11
79588,111,101,10,10
79589,93,90,3,3
79590,73,76,-3,3
79591,75,80,-5,5
79592,106,111,-5,5
79593,46,53,-7,7
79594,169,148,21,21
79595,128,113,15,15
79596,189,164,25,25
79597,119,110,9,9
79598,61,53,8,8
79599,109,101,8,8
79600,129,111,18,18
79601,118,113,5,5
79602,91,91,0,0
79603,95,92,3,3
79604,106,88,18,18
79605,188,162,26,26
79606,78,80,-2,2
79607,59,72,-13,13
79608,66,62,4,4
79609,62,68,-6,6
79610,137,122,15,15
79611,82,80,2,2
79612,115,111,4,4
79613,102,107,-5,5
79614,50,78,-28,28
79615,119,108,11,11
79616,159,146,13,13
79617,146,135,11,11
79618,62,58,4,4
79619,72,69,3,3
79620,82,80,2,2
79621,64,65,-1,1
79622,74,74,0,0
79623,104,92,12,12
79624,169,121,48,48
79625,86,86,0,0
79626,178,168,10,10
79627,83,79,4,4
79628,115,107,8,8
79629,124,116,8,8
79630,123,136,-13,13
79631,90,90,0,0
79632,51,53,-2,2
79633,99,91,8,8
79634,99,114,-15,15
79635,108,90,18,18
79636,124,104,20,20
79637,144,134,10,10
79638,128,124,4,4
79639,70,72,-2,2
79640,74,81,-7,7
79641,134,126,8,8
79642,119,117,2,2
79643,41,46,-5,5
79644,101,101,0,0
79645,149,128,21,21
79646,121,104,17,17
79647,56,55,1,1
79648,108,99,9,9
79649,72,75,-3,3
79650,98,83,15,15
79651,67,66,1,1
79652,69,70,-1,1
79653,89,82,7,7
79654,122,119,3,3
79655,75,76,-1,1
79656,80,81,-1,1
79657,184,168,16,16
79658,80,77,3,3
79659,136,123,13,13
79660,85,83,2,2
79661,86,81,5,5
79662,99,99,0,0
79663,161,148,13,13
79664,106,108,-2,2
79665,86,82,4,4
79666,160,138,22,22
79667,140,132,8,8
79668,157,141,16,16
79669,121,113,8,8
79670,61,66,-5,5
79671,108,102,6,6
79672,110,102,8,8
79673,101,89,12,12
79674,85,82,3,3
79675,125,112,13,13
79676,67,68,-1,1
79677,64,66,-2,2
79678,47,61,-14,14
79679,111,112,-1,1
79680,45,52,-7,7
79681,79,67,12,12
79682,102,92,10,10
79683,99,81,18,18
79684,121,111,10,10
79685,75,81,-6,6
79686,172,150,22,22
79687,67,74,-7,7
79688,111,96,15,15
79689,119,119,0,0
79690,134,115,19,19
79691,139,125,14,14
79692,67,70,-3,3
79693,100,106,-6,6
79694,64,69,-5,5
79695,105,100,5,5
79696,106,104,2,2
79697,41,45,-4,4
79698,122,108,14,14
79699,96,96,0,0
79700,74,75,-1,1
79701,97,88,9,9
79702,106,97,9,9
79703,58,55,3,3
79704,61,62,-1,1
79705,72,66,6,6
79706,97,98,-1,1
79707,104,100,4,4
79708,90,86,4,4
79709,190,161,29,29
79710,113,114,-1,1
79711,72,92,-20,20
79712,102,92,10,10
79713,143,109,34,34
79714,71,71,0,0
79715,80,83,-3,3
79716,45,48,-3,3
79717,57,59,-2,2
79718,109,101,8,8
79719,80,80,0,0
79720,54,62,-8,8
79721,75,79,-4,4
79722,80,87,-7,7
79723,73,74,-1,1
79724,216,177,39,39
79725,73,80,-7,7
79726,124,114,10,10
79727,160,118,42,42
79728,140,120,20,20
79729,136,119,17,17
79730,68,63,5,5
79731,91,86,5,5
79732,69,61,8,8
79733,93,98,-5,5
79734,103,93,10,10
79735,93,90,3,3
79736,53,62,-9,9
79737,116,106,10,10
79738,57,69,-12,12
79739,89,84,5,5
79740,58,58,0,0
79741,136,125,11,11
79742,95,93,2,2
79743,59,68,-9,9
79744,169,138,31,31
79745,105,102,3,3
79746,119,95,24,24
79747,89,86,3,3
79748,132,113,19,19
79749,81,73,8,8
79750,52,45,7,7
79751,139,110,29,29
79752,60,59,1,1
79753,128,113,15,15
79754,54,52,2,2
79755,123,114,9,9
79756,99,92,7,7
79757,36,43,-7,7
79758,40,46,-6,6
79759,114,104,10,10
79760,89,80,9,9
79761,68,71,-3,3
79762,96,82,14,14
79763,120,107,13,13
79764,85,81,4,4
79765,67,63,4,4
79766,90,86,4,4
79767,59,59,0,0
79768,86,80,6,6
79769,187,158,29,29
79770,117,104,13,13
79771,50,60,-10,10
79772,90,83,7,7
79773,92,82,10,10
79774,57,61,-4,4
79775,55,58,-3,3
79776,51,58,-7,7
79777,84,82,2,2
79778,110,107,3,3
79779,52,69,-17,17
79780,56,69,-13,13
79781,82,81,1,1
79782,141,129,12,12
79783,104,92,12,12
79784,113,112,1,1
79785,119,108,11,11
79786,124,112,12,12
79787,79,76,3,3
79788,99,92,7,7
79789,133,113,20,20
79790,53,57,-4,4
79791,88,86,2,2
79792,58,58,0,0
79793,90,86,4,4
79794,89,92,-3,3
79795,91,95,-4,4
79796,110,101,9,9
79797,77,77,0,0
79798,71,72,-1,1
79799,77,80,-3,3
79800,115,110,5,5
79801,62,74,-12,12
79802,167,151,16,16
79803,105,103,2,2
79804,100,91,9,9
79805,100,102,-2,2
79806,111,110,1,1
79807,92,87,5,5
79808,162,144,18,18
79809,109,104,5,5
79810,164,144,20,20
79811,63,59,4,4
79812,67,70,-3,3
79813,158,149,9,9
79814,82,80,2,2
79815,65,60,5,5
79816,118,101,17,17
79817,87,92,-5,5
79818,159,145,14,14
79819,122,104,18,18
79820,102,98,4,4
79821,63,67,-4,4
79822,94,89,5,5
79823,100,97,3,3
79824,87,71,16,16
79825,98,89,9,9
79826,79,74,5,5
79827,104,93,11,11
79828,115,99,16,16
79829,118,123,-5,5
79830,82,81,1,1
79831,130,111,19,19
79832,98,98,0,0
79833,141,131,10,10
79834,197,165,32,32
79835,141,131,10,10
79836,91,91,0,0
79837,80,75,5,5
79838,104,89,15,15
79839,171,149,22,22
79840,292,232,60,60
79841,113,111,2,2
79842,111,99,12,12
79843,116,109,7,7
79844,66,62,4,4
79845,146,129,17,17
79846,62,61,1,1
79847,105,95,10,10
79848,66,68,-2,2
79849,59,58,1,1
79850,74,78,-4,4
79851,91,81,10,10
79852,117,108,9,9
79853,101,98,3,3
79854,167,156,11,11
79855,69,68,1,1
79856,120,112,8,8
79857,119,105,14,14
79858,130,109,21,21
79859,69,66,3,3
79860,97,96,1,1
79861,76,77,-1,1
79862,183,159,24,24
79863,65,72,-7,7
79864,155,129,26,26
79865,80,80,0,0
79866,107,103,4,4
79867,46,64,-18,18
79868,95,86,9,9
79869,72,74,-2,2
79870,74,80,-6,6
79871,73,72,1,1
79872,66,60,6,6
79873,76,78,-2,2
79874,75,77,-2,2
79875,36,57,-21,21
79876,82,81,1,1
79877,150,128,22,22
79878,88,88,0,0
79879,40,42,-2,2
79880,82,81,1,1
79881,166,144,22,22
79882,113,104,9,9
79883,120,116,4,4
79884,136,120,16,16
79885,53,58,-5,5
79886,233,213,20,20
79887,78,73,5,5
79888,112,102,10,10
79889,103,106,-3,3
79890,100,89,11,11
79891,86,90,-4,4
79892,69,72,-3,3
79893,109,101,8,8
79894,105,96,9,9
79895,51,84,-33,33
79896,99,105,-6,6
79897,138,131,7,7
79898,42,86,-44,44
79899,87,81,6,6
79900,141,126,15,15
79901,75,82,-7,7
79902,96,88,8,8
79903,56,58,-2,2
79904,122,109,13,13
79905,65,66,-1,1
79906,113,96,17,17
79907,67,62,5,5
79908,83,80,3,3
79909,91,76,15,15
79910,136,127,9,9
79911,85,77,8,8
79912,66,69,-3,3
79913,79,64,15,15
79914,73,71,2,2
79915,106,98,8,8
79916,76,73,3,3
79917,149,127,22,22
79918,38,47,-9,9
79919,108,97,11,11
79920,91,92,-1,1
79921,105,98,7,7
79922,85,86,-1,1
79923,62,71,-9,9
79924,117,123,-6,6
79925,62,69,-7,7
79926,115,99,16,16
79927,85,72,13,13
79928,150,138,12,12
79929,132,128,4,4
79930,74,78,-4,4
79931,44,66,-22,22
79932,152,139,13,13
79933,142,134,8,8
79934,106,105,1,1
79935,97,96,1,1
79936,97,85,12,12
79937,53,61,-8,8
79938,116,109,7,7
79939,141,129,12,12
79940,109,103,6,6
79941,90,85,5,5
79942,111,105,6,6
79943,186,169,17,17
79944,133,119,14,14
79945,83,75,8,8
79946,69,80,-11,11
79947,73,75,-2,2
79948,154,129,25,25
79949,93,99,-6,6
79950,87,82,5,5
79951,126,119,7,7
79952,91,88,3,3
79953,79,79,0,0
79954,82,83,-1,1
79955,112,88,24,24
79956,72,65,7,7
79957,179,161,18,18
79958,67,71,-4,4
79959,61,79,-18,18
79960,134,114,20,20
79961,129,108,21,21
79962,79,75,4,4
79963,95,95,0,0
79964,147,129,18,18
79965,86,89,-3,3
79966,64,66,-2,2
79967,73,78,-5,5
79968,60,61,-1,1
79969,122,116,6,6
79970,91,92,-1,1
79971,78,90,-12,12
79972,69,75,-6,6
79973,64,84,-20,20
79974,120,106,14,14
79975,101,96,5,5
79976,51,50,1,1
79977,80,85,-5,5
79978,100,118,-18,18
79979,104,100,4,4
79980,69,76,-7,7
79981,94,90,4,4
79982,110,113,-3,3
79983,157,140,17,17
79984,56,60,-4,4
79985,118,111,7,7
79986,29,26,3,3
79987,110,123,-13,13
79988,102,97,5,5
79989,78,76,2,2
79990,116,120,-4,4
79991,129,118,11,11
79992,124,124,0,0
79993,69,86,-17,17
79994,94,94,0,0
79995,105,94,11,11
79996,127,131,-4,4
79997,99,92,7,7
79998,106,94,12,12
79999,45,45,0,0
80000,73,72,1,1
80001,57,54,3,3
80002,71,69,2,2
80003,84,83,1,1
80004,91,90,1,1
80005,93,84,9,9
80006,75,80,-5,5
80007,98,91,7,7
80008,76,73,3,3
80009,87,84,3,3
80010,100,101,-1,1
80011,101,89,12,12
80012,63,72,-9,9
80013,94,85,9,9
80014,58,62,-4,4
80015,77,69,8,8
80016,136,115,21,21
80017,86,86,0,0
80018,109,98,11,11
80019,77,74,3,3
80020,146,128,18,18
80021,128,117,11,11
80022,164,143,21,21
80023,71,72,-1,1
80024,147,135,12,12
80025,96,87,9,9
80026,65,62,3,3
80027,95,90,5,5
80028,84,81,3,3
80029,104,96,8,8
80030,75,76,-1,1
80031,168,148,20,20
80032,200,163,37,37
80033,153,145,8,8
80034,171,160,11,11
80035,111,110,1,1
80036,65,73,-8,8
80037,85,94,-9,9
80038,98,83,15,15
80039,111,104,7,7
80040,112,104,8,8
80041,113,102,11,11
80042,148,123,25,25
80043,115,108,7,7
80044,63,70,-7,7
80045,95,85,10,10
80046,98,98,0,0
80047,117,109,8,8
80048,144,124,20,20
80049,115,115,0,0
80050,124,110,14,14
80051,115,109,6,6
80052,93,95,-2,2
80053,83,82,1,1
80054,83,80,3,3
80055,106,100,6,6
80056,104,98,6,6
80057,149,150,-1,1
80058,94,95,-1,1
80059,61,64,-3,3
80060,63,75,-12,12
80061,98,97,1,1
80062,70,74,-4,4
80063,96,97,-1,1
80064,89,85,4,4
80065,120,128,-8,8
80066,85,75,10,10
80067,159,125,34,34
80068,144,131,13,13
80069,63,69,-6,6
80070,102,96,6,6
80071,119,103,16,16
80072,106,105,1,1
80073,88,75,13,13
80074,54,57,-3,3
80075,58,60,-2,2
80076,130,111,19,19
80077,168,141,27,27
80078,73,71,2,2
80079,133,125,8,8
80080,98,97,1,1
80081,86,76,10,10
80082,81,81,0,0
80083,83,82,1,1
80084,59,64,-5,5
80085,43,49,-6,6
80086,80,80,0,0
80087,73,77,-4,4
80088,86,82,4,4
80089,89,105,-16,16
80090,77,76,1,1
80091,59,54,5,5
80092,64,91,-27,27
80093,82,75,7,7
80094,47,49,-2,2
80095,99,80,19,19
80096,104,100,4,4
80097,62,67,-5,5
80098,70,73,-3,3
80099,65,69,-4,4
80100,79,77,2,2
80101,86,84,2,2
80102,105,96,9,9
80103,91,95,-4,4
80104,117,100,17,17
80105,43,47,-4,4
80106,171,147,24,24
80107,115,105,10,10
80108,111,105,6,6
80109,73,73,0,0
80110,118,107,11,11
80111,84,80,4,4
80112,96,95,1,1
80113,115,108,7,7
80114,172,147,25,25
80115,138,122,16,16
80116,130,113,17,17
80117,142,123,19,19
80118,92,89,3,3
80119,71,69,2,2
80120,42,46,-4,4
80121,93,84,9,9
80122,116,101,15,15
80123,90,79,11,11
80124,74,75,-1,1
80125,56,62,-6,6
80126,139,114,25,25
80127,76,84,-8,8
80128,97,96,1,1
80129,88,88,0,0
80130,70,69,1,1
80131,148,129,19,19
80132,70,67,3,3
80133,112,100,12,12
80134,81,69,12,12
80135,52,55,-3,3
80136,95,94,1,1
80137,80,80,0,0
80138,46,52,-6,6
80139,50,55,-5,5
80140,129,116,13,13
80141,90,87,3,3
80142,132,105,27,27
80143,143,123,20,20
80144,130,137,-7,7
80145,147,128,19,19
80146,103,92,11,11
80147,61,59,2,2
80148,88,90,-2,2
80149,158,137,21,21
80150,50,55,-5,5
80151,115,108,7,7
80152,86,86,0,0
80153,95,88,7,7
80154,135,131,4,4
80155,84,84,0,0
80156,116,120,-4,4
80157,31,43,-12,12
80158,86,84,2,2
80159,87,79,8,8
80160,99,85,14,14
80161,61,69,-8,8
80162,66,65,1,1
80163,99,92,7,7
80164,83,70,13,13
80165,63,65,-2,2
80166,85,74,11,11
80167,90,88,2,2
80168,114,103,11,11
80169,77,75,2,2
80170,74,80,-6,6
80171,85,83,2,2
80172,49,85,-36,36
80173,29,39,-10,10
80174,77,70,7,7
80175,70,72,-2,2
80176,72,76,-4,4
80177,67,84,-17,17
80178,73,71,2,2
80179,112,94,18,18
80180,153,143,10,10
80181,120,110,10,10
80182,96,92,4,4
80183,104,98,6,6
80184,74,77,-3,3
80185,50,50,0,0
80186,74,71,3,3
80187,91,82,9,9
80188,100,99,1,1
80189,45,55,-10,10
80190,96,95,1,1
80191,57,59,-2,2
80192,117,101,16,16
80193,116,104,12,12
80194,117,110,7,7
80195,85,89,-4,4
80196,90,89,1,1
80197,120,99,21,21
80198,63,72,-9,9
80199,131,134,-3,3
80200,55,59,-4,4
80201,159,150,9,9
80202,95,85,10,10
80203,91,88,3,3
80204,52,54,-2,2
80205,73,68,5,5
80206,107,98,9,9
80207,73,79,-6,6
80208,144,123,21,21
80209,101,102,-1,1
80210,84,77,7,7
80211,72,77,-5,5
80212,100,107,-7,7
80213,57,59,-2,2
80214,89,81,8,8
80215,85,81,4,4
80216,136,125,11,11
80217,104,99,5,5
80218,180,147,33,33
80219,88,82,6,6
80220,81,88,-7,7
80221,98,93,5,5
80222,63,59,4,4
80223,81,88,-7,7
80224,132,129,3,3
80225,139,127,12,12
80226,156,130,26,26
80227,94,91,3,3
80228,113,109,4,4
80229,155,158,-3,3
80230,106,92,14,14
80231,71,73,-2,2
80232,98,100,-2,2
80233,48,124,-76,76
80234,54,57,-3,3
80235,86,80,6,6
80236,103,99,4,4
80237,148,127,21,21
80238,73,67,6,6
80239,135,129,6,6
80240,93,89,4,4
80241,137,127,10,10
80242,82,77,5,5
80243,78,73,5,5
80244,95,93,2,2
80245,74,72,2,2
80246,95,91,4,4
80247,64,68,-4,4
80248,100,101,-1,1
80249,95,96,-1,1
80250,28,40,-12,12
80251,38,42,-4,4
80252,92,86,6,6
80253,134,126,8,8
80254,68,72,-4,4
80255,117,104,13,13
80256,118,102,16,16
80257,79,73,6,6
80258,61,64,-3,3
80259,132,111,21,21
80260,98,102,-4,4
80261,70,73,-3,3
80262,117,105,12,12
80263,61,60,1,1
80264,69,71,-2,2
80265,76,69,7,7
80266,56,59,-3,3
80267,108,99,9,9
80268,70,66,4,4
80269,53,56,-3,3
80270,94,91,3,3
80271,158,141,17,17
80272,146,129,17,17
80273,94,91,3,3
80274,48,51,-3,3
80275,85,86,-1,1
80276,117,99,18,18
80277,119,101,18,18
80278,72,79,-7,7
80279,103,99,4,4
80280,85,80,5,5
80281,121,102,19,19
80282,66,77,-11,11
80283,177,170,7,7
80284,85,81,4,4
80285,151,142,9,9
80286,57,57,0,0
80287,83,68,15,15
80288,68,68,0,0
80289,118,112,6,6
80290,70,69,1,1
80291,30,47,-17,17
80292,94,100,-6,6
80293,68,71,-3,3
80294,153,143,10,10
80295,81,73,8,8
80296,106,98,8,8
80297,93,83,10,10
80298,152,139,13,13
80299,117,109,8,8
80300,121,106,15,15
80301,104,104,0,0
80302,130,113,17,17
80303,113,103,10,10
80304,108,96,12,12
80305,110,98,12,12
80306,76,85,-9,9
80307,119,109,10,10
80308,79,70,9,9
80309,96,91,5,5
80310,74,87,-13,13
80311,71,68,3,3
80312,79,71,8,8
80313,62,68,-6,6
80314,67,67,0,0
80315,149,119,30,30
80316,70,72,-2,2
80317,87,82,5,5
80318,302,242,60,60
80319,51,59,-8,8
80320,73,70,3,3
80321,47,49,-2,2
80322,138,118,20,20
80323,155,135,20,20
80324,67,76,-9,9
80325,118,114,4,4
80326,73,72,1,1
80327,67,71,-4,4
80328,43,56,-13,13
80329,101,101,0,0
80330,89,84,5,5
80331,67,69,-2,2
80332,148,133,15,15
80333,131,118,13,13
80334,73,66,7,7
80335,135,129,6,6
80336,71,77,-6,6
80337,71,69,2,2
80338,108,89,19,19
80339,131,112,19,19
80340,115,119,-4,4
80341,56,59,-3,3
80342,84,80,4,4
80343,92,93,-1,1
80344,38,42,-4,4
80345,134,111,23,23
80346,75,76,-1,1
80347,124,103,21,21
80348,126,116,10,10
80349,103,108,-5,5
80350,57,56,1,1
80351,82,89,-7,7
80352,113,106,7,7
80353,103,106,-3,3
80354,119,100,19,19
80355,259,247,12,12
80356,87,82,5,5
80357,180,137,43,43
80358,84,87,-3,3
80359,110,110,0,0
80360,116,100,16,16
80361,114,108,6,6
80362,124,122,2,2
80363,92,82,10,10
80364,86,89,-3,3
80365,85,85,0,0
80366,65,66,-1,1
80367,73,71,2,2
80368,72,72,0,0
80369,108,103,5,5
80370,47,46,1,1
80371,96,94,2,2
80372,66,71,-5,5
80373,70,76,-6,6
80374,134,118,16,16
80375,47,55,-8,8
80376,50,57,-7,7
80377,69,76,-7,7
80378,82,80,2,2
80379,103,96,7,7
80380,79,79,0,0
80381,82,82,0,0
80382,77,84,-7,7
80383,77,81,-4,4
80384,99,92,7,7
80385,99,94,5,5
80386,156,150,6,6
80387,82,75,7,7
80388,123,105,18,18
80389,75,69,6,6
80390,47,52,-5,5
80391,32,40,-8,8
80392,72,79,-7,7
80393,92,89,3,3
80394,128,97,31,31
80395,100,97,3,3
80396,78,82,-4,4
80397,141,122,19,19
80398,361,253,108,108
80399,142,122,20,20
80400,28,59,-31,31
80401,53,56,-3,3
80402,80,81,-1,1
80403,81,81,0,0
80404,181,142,39,39
80405,55,61,-6,6
80406,81,79,2,2
80407,58,61,-3,3
80408,28,31,-3,3
80409,76,80,-4,4
80410,77,82,-5,5
80411,125,112,13,13
80412,89,94,-5,5
80413,91,87,4,4
80414,103,101,2,2
80415,97,93,4,4
80416,90,80,10,10
80417,69,70,-1,1
80418,140,129,11,11
80419,59,55,4,4
80420,140,128,12,12
80421,119,112,7,7
80422,86,90,-4,4
80423,71,72,-1,1
80424,179,157,22,22
80425,119,99,20,20
80426,115,99,16,16
80427,61,73,-12,12
80428,160,147,13,13
80429,127,119,8,8
80430,186,171,15,15
80431,95,90,5,5
80432,73,79,-6,6
80433,86,80,6,6
80434,64,70,-6,6
80435,164,144,20,20
80436,80,76,4,4
80437,107,121,-14,14
80438,138,119,19,19
80439,95,90,5,5
80440,161,135,26,26
80441,81,75,6,6
80442,118,111,7,7
80443,102,97,5,5
80444,79,79,0,0
80445,83,82,1,1
80446,96,82,14,14
80447,99,96,3,3
80448,101,94,7,7
80449,73,73,0,0
80450,151,128,23,23
80451,86,89,-3,3
80452,107,97,10,10
80453,102,92,10,10
80454,87,84,3,3
80455,110,100,10,10
80456,75,84,-9,9
80457,68,85,-17,17
80458,88,88,0,0
80459,84,82,2,2
80460,81,74,7,7
80461,78,77,1,1
80462,73,72,1,1
80463,103,91,12,12
80464,175,145,30,30
80465,122,111,11,11
80466,106,96,10,10
80467,53,50,3,3
80468,120,109,11,11
80469,135,124,11,11
80470,96,89,7,7
80471,69,70,-1,1
80472,86,82,4,4
80473,94,93,1,1
80474,46,54,-8,8
80475,93,90,3,3
80476,111,108,3,3
80477,54,58,-4,4
80478,63,57,6,6
80479,59,65,-6,6
80480,61,63,-2,2
80481,68,76,-8,8
80482,140,116,24,24
80483,79,70,9,9
80484,148,140,8,8
80485,114,105,9,9
80486,77,79,-2,2
80487,95,83,12,12
80488,53,53,0,0
80489,102,100,2,2
80490,150,139,11,11
80491,142,113,29,29
80492,123,117,6,6
80493,85,79,6,6
80494,86,76,10,10
80495,106,95,11,11
80496,123,109,14,14
80497,99,92,7,7
80498,78,70,8,8
80499,74,70,4,4
80500,83,80,3,3
80501,68,93,-25,25
80502,100,101,-1,1
80503,71,62,9,9
80504,85,70,15,15
80505,105,96,9,9
80506,132,119,13,13
80507,109,96,13,13
80508,95,90,5,5
80509,101,95,6,6
80510,49,58,-9,9
80511,37,43,-6,6
80512,80,84,-4,4
80513,66,57,9,9
80514,70,70,0,0
80515,93,83,10,10
80516,54,58,-4,4
80517,99,100,-1,1
80518,100,92,8,8
80519,143,128,15,15
80520,67,61,6,6
80521,69,70,-1,1
80522,72,88,-16,16
80523,88,90,-2,2
80524,116,89,27,27
80525,103,99,4,4
80526,129,121,8,8
80527,112,102,10,10
80528,47,50,-3,3
80529,80,79,1,1
80530,87,81,6,6
80531,102,99,3,3
80532,111,105,6,6
80533,113,111,2,2
80534,85,80,5,5
80535,57,63,-6,6
80536,110,100,10,10
80537,91,85,6,6
80538,127,116,11,11
80539,71,66,5,5
80540,110,95,15,15
80541,143,131,12,12
80542,90,88,2,2
80543,122,106,16,16
80544,124,106,18,18
80545,53,57,-4,4
80546,77,81,-4,4
80547,35,41,-6,6
80548,63,75,-12,12
80549,115,104,11,11
80550,128,117,11,11
80551,99,94,5,5
80552,90,93,-3,3
80553,80,74,6,6
80554,98,92,6,6
80555,95,89,6,6
80556,138,126,12,12
80557,84,81,3,3
80558,129,126,3,3
80559,101,86,15,15
80560,109,92,17,17
80561,142,131,11,11
80562,72,58,14,14
80563,110,101,9,9
80564,52,53,-1,1
80565,66,81,-15,15
80566,69,69,0,0
80567,79,75,4,4
80568,69,71,-2,2
80569,97,91,6,6
80570,96,89,7,7
80571,105,98,7,7
80572,144,127,17,17
80573,129,112,17,17
80574,75,76,-1,1
80575,111,98,13,13
80576,149,129,20,20
80577,110,101,9,9
80578,73,72,1,1
80579,58,61,-3,3
80580,47,49,-2,2
80581,82,84,-2,2
80582,70,71,-1,1
80583,124,101,23,23
80584,78,76,2,2
80585,136,117,19,19
80586,147,140,7,7
80587,84,97,-13,13
80588,121,110,11,11
80589,63,58,5,5
80590,94,88,6,6
80591,125,121,4,4
80592,82,84,-2,2
80593,158,130,28,28
80594,67,70,-3,3
80595,61,69,-8,8
80596,119,108,11,11
80597,65,70,-5,5
80598,86,88,-2,2
80599,98,81,17,17
80600,143,129,14,14
80601,105,99,6,6
80602,113,116,-3,3
80603,77,72,5,5
80604,107,107,0,0
80605,58,66,-8,8
80606,145,131,14,14
80607,52,71,-19,19
80608,109,96,13,13
80609,71,70,1,1
80610,64,69,-5,5
80611,129,109,20,20
80612,83,87,-4,4
80613,40,60,-20,20
80614,102,101,1,1
80615,65,62,3,3
80616,100,82,18,18
80617,131,116,15,15
80618,90,81,9,9
80619,92,92,0,0
80620,67,80,-13,13
80621,121,108,13,13
80622,126,107,19,19
80623,93,92,1,1
80624,157,141,16,16
80625,89,83,6,6
80626,53,58,-5,5
80627,96,88,8,8
80628,111,98,13,13
80629,121,107,14,14
80630,67,79,-12,12
80631,59,60,-1,1
80632,88,85,3,3
80633,71,81,-10,10
80634,57,59,-2,2
80635,118,105,13,13
80636,78,71,7,7
80637,118,108,10,10
80638,85,82,3,3
80639,102,96,6,6
80640,69,75,-6,6
80641,179,164,15,15
80642,94,103,-9,9
80643,100,98,2,2
80644,91,81,10,10
80645,139,135,4,4
80646,77,81,-4,4
80647,64,67,-3,3
80648,64,63,1,1
80649,137,126,11,11
80650,113,105,8,8
80651,93,83,10,10
80652,100,98,2,2
80653,88,81,7,7
80654,87,83,4,4
80655,144,126,18,18
80656,41,51,-10,10
80657,51,57,-6,6
80658,78,78,0,0
80659,72,70,2,2
80660,66,68,-2,2
80661,58,65,-7,7
80662,123,115,8,8
80663,90,83,7,7
80664,56,57,-1,1
80665,98,82,16,16
80666,91,86,5,5
80667,126,110,16,16
80668,68,52,16,16
80669,117,103,14,14
80670,46,53,-7,7
80671,71,74,-3,3
80672,111,99,12,12
80673,89,81,8,8
80674,58,64,-6,6
80675,104,99,5,5
80676,110,98,12,12
80677,101,92,9,9
80678,203,196,7,7
80679,90,90,0,0
80680,82,79,3,3
80681,133,109,24,24
80682,67,66,1,1
80683,75,73,2,2
80684,90,84,6,6
80685,91,82,9,9
80686,91,89,2,2
80687,67,64,3,3
80688,122,109,13,13
80689,59,61,-2,2
80690,40,48,-8,8
80691,104,95,9,9
80692,118,109,9,9
80693,92,80,12,12
80694,157,153,4,4
80695,65,69,-4,4
80696,60,63,-3,3
80697,100,91,9,9
80698,31,26,5,5
80699,94,83,11,11
80700,45,51,-6,6
80701,109,96,13,13
80702,85,74,11,11
80703,86,90,-4,4
80704,185,155,30,30
80705,97,88,9,9
80706,69,59,10,10
80707,194,168,26,26
80708,63,77,-14,14
80709,141,129,12,12
80710,87,75,12,12
80711,131,117,14,14
80712,152,129,23,23
80713,96,89,7,7
80714,111,102,9,9
80715,92,82,10,10
80716,108,97,11,11
80717,83,79,4,4
80718,52,57,-5,5
80719,103,100,3,3
80720,189,162,27,27
80721,80,68,12,12
80722,149,128,21,21
80723,146,120,26,26
80724,66,63,3,3
80725,38,46,-8,8
80726,124,121,3,3
80727,55,63,-8,8
80728,141,111,30,30
80729,83,105,-22,22
80730,144,134,10,10
80731,127,119,8,8
80732,80,72,8,8
80733,125,113,12,12
80734,115,103,12,12
80735,79,76,3,3
80736,73,72,1,1
80737,92,71,21,21
80738,84,82,2,2
80739,103,97,6,6
80740,104,107,-3,3
80741,101,98,3,3
80742,92,93,-1,1
80743,169,143,26,26
80744,53,58,-5,5
80745,114,99,15,15
80746,138,129,9,9
80747,86,80,6,6
80748,85,82,3,3
80749,147,133,14,14
80750,58,64,-6,6
80751,128,117,11,11
80752,65,69,-4,4
80753,89,83,6,6
80754,95,92,3,3
80755,84,89,-5,5
80756,115,99,16,16
80757,142,126,16,16
80758,120,108,12,12
80759,102,102,0,0
80760,121,131,-10,10
80761,48,58,-10,10
80762,127,98,29,29
80763,76,71,5,5
80764,133,114,19,19
80765,108,97,11,11
80766,67,66,1,1
80767,33,46,-13,13
80768,148,123,25,25
80769,115,96,19,19
80770,68,95,-27,27
80771,132,131,1,1
80772,167,141,26,26
80773,145,139,6,6
80774,126,114,12,12
80775,72,66,6,6
80776,108,106,2,2
80777,75,81,-6,6
80778,66,73,-7,7
80779,72,69,3,3
80780,99,87,12,12
80781,67,65,2,2
80782,113,105,8,8
80783,108,93,15,15
80784,94,86,8,8
80785,57,66,-9,9
80786,97,86,11,11
80787,64,68,-4,4
80788,127,120,7,7
80789,90,80,10,10
80790,185,167,18,18
80791,110,95,15,15
80792,59,63,-4,4
80793,119,103,16,16
80794,88,94,-6,6
80795,196,165,31,31
80796,95,93,2,2
80797,69,76,-7,7
80798,159,149,10,10
80799,66,85,-19,19
80800,100,83,17,17
80801,90,91,-1,1
80802,71,69,2,2
80803,63,68,-5,5
80804,104,92,12,12
80805,64,70,-6,6
80806,67,79,-12,12
80807,71,73,-2,2
80808,155,133,22,22
80809,89,80,9,9
80810,128,114,14,14
80811,95,96,-1,1
80812,51,54,-3,3
80813,118,107,11,11
80814,102,96,6,6
80815,124,115,9,9
80816,68,72,-4,4
80817,50,54,-4,4
80818,86,87,-1,1
80819,89,87,2,2
80820,113,95,18,18
80821,126,108,18,18
80822,64,77,-13,13
80823,120,110,10,10
80824,62,61,1,1
80825,73,86,-13,13
80826,145,131,14,14
80827,63,63,0,0
80828,80,84,-4,4
80829,82,80,2,2
80830,41,41,0,0
80831,93,90,3,3
80832,107,101,6,6
80833,60,59,1,1
80834,93,83,10,10
80835,97,92,5,5
80836,90,90,0,0
80837,111,111,0,0
80838,57,60,-3,3
80839,75,73,2,2
80840,54,59,-5,5
80841,55,69,-14,14
80842,84,81,3,3
80843,95,91,4,4
80844,101,88,13,13
80845,91,85,6,6
80846,65,67,-2,2
80847,59,60,-1,1
80848,112,103,9,9
80849,164,146,18,18
80850,61,66,-5,5
80851,75,76,-1,1
80852,149,132,17,17
80853,152,128,24,24
80854,65,69,-4,4
80855,90,85,5,5
80856,96,96,0,0
80857,105,99,6,6
80858,75,82,-7,7
80859,61,62,-1,1
80860,102,96,6,6
80861,96,84,12,12
80862,96,83,13,13
80863,89,82,7,7
80864,100,95,5,5
80865,96,83,13,13
80866,57,62,-5,5
80867,67,74,-7,7
80868,148,131,17,17
80869,108,98,10,10
80870,50,56,-6,6
80871,151,131,20,20
80872,72,80,-8,8
80873,55,61,-6,6
80874,166,134,32,32
80875,75,79,-4,4
80876,154,123,31,31
80877,71,76,-5,5
80878,77,79,-2,2
80879,72,65,7,7
80880,79,81,-2,2
80881,166,141,25,25
80882,72,77,-5,5
80883,91,84,7,7
80884,80,81,-1,1
80885,111,84,27,27
80886,81,85,-4,4
80887,74,72,2,2
80888,129,113,16,16
80889,120,103,17,17
80890,79,75,4,4
80891,95,88,7,7
80892,82,85,-3,3
80893,124,105,19,19
80894,73,71,2,2
80895,328,414,-86,86
80896,95,84,11,11
80897,90,84,6,6
80898,105,100,5,5
80899,131,119,12,12
80900,96,87,9,9
80901,64,53,11,11
80902,129,102,27,27
80903,84,75,9,9
80904,126,110,16,16
80905,132,113,19,19
80906,108,102,6,6
80907,74,72,2,2
80908,122,110,12,12
80909,96,104,-8,8
80910,172,164,8,8
80911,150,126,24,24
80912,82,81,1,1
80913,119,113,6,6
80914,42,47,-5,5
80915,125,105,20,20
80916,47,46,1,1
80917,78,70,8,8
80918,51,57,-6,6
80919,56,62,-6,6
80920,100,101,-1,1
80921,105,97,8,8
80922,241,170,71,71
80923,148,129,19,19
80924,49,51,-2,2
80925,116,104,12,12
80926,45,37,8,8
80927,89,81,8,8
80928,83,84,-1,1
80929,106,101,5,5
80930,84,88,-4,4
80931,82,75,7,7
80932,69,71,-2,2
80933,87,84,3,3
80934,85,98,-13,13
80935,75,68,7,7
80936,142,132,10,10
80937,84,81,3,3
80938,112,93,19,19
80939,74,75,-1,1
80940,82,83,-1,1
80941,96,93,3,3
80942,106,96,10,10
80943,41,55,-14,14
80944,70,68,2,2
80945,62,66,-4,4
80946,108,105,3,3
80947,115,98,17,17
80948,79,75,4,4
80949,101,96,5,5
80950,73,69,4,4
80951,69,71,-2,2
80952,42,44,-2,2
80953,130,117,13,13
80954,74,65,9,9
80955,69,70,-1,1
80956,112,99,13,13
80957,95,95,0,0
80958,56,56,0,0
80959,98,93,5,5
80960,93,94,-1,1
80961,93,89,4,4
80962,99,95,4,4
80963,137,119,18,18
80964,127,118,9,9
80965,82,79,3,3
80966,58,70,-12,12
80967,83,73,10,10
80968,130,112,18,18
80969,99,82,17,17
80970,134,121,13,13
80971,134,117,17,17
80972,73,69,4,4
80973,98,104,-6,6
80974,56,58,-2,2
80975,106,102,4,4
80976,157,136,21,21
80977,70,74,-4,4
80978,105,98,7,7
80979,108,110,-2,2
80980,65,69,-4,4
80981,82,75,7,7
80982,75,75,0,0
80983,88,89,-1,1
80984,79,80,-1,1
80985,85,90,-5,5
80986,98,89,9,9
80987,70,70,0,0
80988,132,127,5,5
80989,121,100,21,21
80990,120,123,-3,3
80991,131,112,19,19
80992,100,95,5,5
80993,103,97,6,6
80994,89,86,3,3
80995,87,88,-1,1
80996,63,69,-6,6
80997,101,85,16,16
80998,80,74,6,6
80999,60,60,0,0
81000,53,56,-3,3
81001,147,124,23,23
81002,83,82,1,1
81003,91,90,1,1
81004,120,107,13,13
81005,79,76,3,3
81006,66,60,6,6
81007,126,99,27,27
81008,155,129,26,26
81009,73,74,-1,1
81010,75,71,4,4
81011,110,104,6,6
81012,87,83,4,4
81013,92,85,7,7
81014,133,123,10,10
81015,100,88,12,12
81016,89,85,4,4
81017,73,80,-7,7
81018,56,55,1,1
81019,117,102,15,15
81020,77,62,15,15
81021,58,57,1,1
81022,132,125,7,7
81023,149,119,30,30
81024,60,57,3,3
81025,88,81,7,7
81026,118,100,18,18
81027,71,76,-5,5
81028,158,141,17,17
81029,143,119,24,24
81030,63,73,-10,10
81031,49,59,-10,10
81032,111,100,11,11
81033,121,114,7,7
81034,97,87,10,10
81035,116,108,8,8
81036,58,57,1,1
81037,66,61,5,5
81038,63,64,-1,1
81039,54,48,6,6
81040,83,82,1,1
81041,66,70,-4,4
81042,48,52,-4,4
81043,69,74,-5,5
81044,39,65,-26,26
81045,158,116,42,42
81046,48,53,-5,5
81047,63,62,1,1
81048,93,97,-4,4
81049,87,87,0,0
81050,64,56,8,8
81051,148,113,35,35
81052,58,60,-2,2
81053,51,58,-7,7
81054,53,61,-8,8
81055,138,127,11,11
81056,75,76,-1,1
81057,94,92,2,2
81058,49,58,-9,9
81059,132,127,5,5
81060,98,88,10,10
81061,97,100,-3,3
81062,100,89,11,11
81063,107,95,12,12
81064,65,64,1,1
81065,67,68,-1,1
81066,54,59,-5,5
81067,123,113,10,10
81068,133,113,20,20
81069,105,117,-12,12
81070,91,90,1,1
81071,121,109,12,12
81072,81,83,-2,2
81073,59,69,-10,10
81074,154,127,27,27
81075,85,81,4,4
81076,80,90,-10,10
81077,181,143,38,38
81078,112,103,9,9
81079,80,78,2,2
81080,140,116,24,24
81081,92,78,14,14
81082,87,77,10,10
81083,62,75,-13,13
81084,136,116,20,20
81085,74,72,2,2
81086,74,70,4,4
81087,45,46,-1,1
81088,87,81,6,6
81089,81,78,3,3
81090,37,39,-2,2
81091,73,72,1,1
81092,81,80,1,1
81093,119,107,12,12
81094,139,127,12,12
81095,106,102,4,4
81096,105,98,7,7
81097,129,117,12,12
81098,97,97,0,0
81099,94,111,-17,17
81100,89,107,-18,18
81101,84,81,3,3
81102,182,148,34,34
81103,44,52,-8,8
81104,98,89,9,9
81105,83,79,4,4
81106,159,137,22,22
81107,61,62,-1,1
81108,145,117,28,28
81109,113,124,-11,11
81110,74,73,1,1
81111,44,42,2,2
81112,70,78,-8,8
81113,87,97,-10,10
81114,156,128,28,28
81115,78,74,4,4
81116,99,87,12,12
81117,120,103,17,17
81118,100,104,-4,4
81119,90,82,8,8
81120,90,89,1,1
81121,126,119,7,7
81122,59,49,10,10
81123,82,79,3,3
81124,71,86,-15,15
81125,87,82,5,5
81126,72,76,-4,4
81127,112,100,12,12
81128,65,64,1,1
81129,68,70,-2,2
81130,62,62,0,0
81131,130,119,11,11
81132,60,62,-2,2
81133,100,100,0,0
81134,48,56,-8,8
81135,97,91,6,6
81136,85,79,6,6
81137,143,113,30,30
81138,112,106,6,6
81139,70,73,-3,3
81140,107,110,-3,3
81141,103,95,8,8
81142,79,73,6,6
81143,65,60,5,5
81144,74,68,6,6
81145,62,66,-4,4
81146,146,132,14,14
81147,138,123,15,15
81148,109,100,9,9
81149,57,58,-1,1
81150,81,81,0,0
81151,100,93,7,7
81152,55,60,-5,5
81153,71,74,-3,3
81154,137,118,19,19
81155,173,149,24,24
81156,53,57,-4,4
81157,69,69,0,0
81158,115,97,18,18
81159,71,75,-4,4
81160,129,115,14,14
81161,142,120,22,22
81162,48,51,-3,3
81163,77,79,-2,2
81164,81,86,-5,5
81165,103,95,8,8
81166,75,72,3,3
81167,86,81,5,5
81168,105,99,6,6
81169,61,58,3,3
81170,109,98,11,11
81171,98,91,7,7
81172,153,140,13,13
81173,50,58,-8,8
81174,178,148,30,30
81175,85,80,5,5
81176,118,107,11,11
81177,94,81,13,13
81178,116,92,24,24
81179,92,85,7,7
81180,96,92,4,4
81181,44,47,-3,3
81182,96,89,7,7
81183,146,114,32,32
81184,90,78,12,12
81185,86,83,3,3
81186,112,107,5,5
81187,102,102,0,0
81188,47,48,-1,1
81189,107,95,12,12
81190,52,65,-13,13
81191,122,115,7,7
81192,84,76,8,8
81193,76,76,0,0
81194,72,74,-2,2
81195,181,155,26,26
81196,71,73,-2,2
81197,92,90,2,2
81198,152,134,18,18
81199,133,123,10,10
81200,97,95,2,2
81201,135,128,7,7
81202,75,77,-2,2
81203,99,95,4,4
81204,92,111,-19,19
81205,113,109,4,4
81206,65,60,5,5
81207,100,99,1,1
81208,124,115,9,9
81209,82,79,3,3
81210,111,110,1,1
81211,101,90,11,11
81212,60,64,-4,4
81213,141,117,24,24
81214,69,71,-2,2
81215,141,129,12,12
81216,111,94,17,17
81217,169,149,20,20
81218,126,114,12,12
81219,75,79,-4,4
81220,120,104,16,16
81221,141,135,6,6
81222,104,109,-5,5
81223,48,55,-7,7
81224,93,90,3,3
81225,140,121,19,19
81226,97,81,16,16
81227,110,98,12,12
81228,45,44,1,1
81229,92,90,2,2
81230,87,77,10,10
81231,90,80,10,10
81232,68,70,-2,2
81233,64,72,-8,8
81234,59,54,5,5
81235,135,121,14,14
81236,52,60,-8,8
81237,121,120,1,1
81238,78,81,-3,3
81239,97,97,0,0
81240,64,85,-21,21
81241,113,105,8,8
81242,83,81,2,2
81243,79,74,5,5
81244,77,80,-3,3
81245,56,61,-5,5
81246,156,138,18,18
81247,134,117,17,17
81248,66,69,-3,3
81249,113,106,7,7
81250,89,82,7,7
81251,95,97,-2,2
81252,98,94,4,4
81253,137,132,5,5
81254,113,101,12,12
81255,173,146,27,27
81256,122,112,10,10
81257,92,84,8,8
81258,142,123,19,19
81259,82,79,3,3
81260,42,46,-4,4
81261,116,122,-6,6
81262,89,86,3,3
81263,140,127,13,13
81264,130,98,32,32
81265,80,75,5,5
81266,113,105,8,8
81267,60,62,-2,2
81268,143,156,-13,13
81269,86,80,6,6
81270,126,112,14,14
81271,75,69,6,6
81272,120,106,14,14
81273,125,110,15,15
81274,195,169,26,26
81275,71,73,-2,2
81276,131,118,13,13
81277,111,105,6,6
81278,89,92,-3,3
81279,93,86,7,7
81280,80,80,0,0
81281,80,76,4,4
81282,46,47,-1,1
81283,134,120,14,14
81284,83,79,4,4
81285,145,130,15,15
81286,80,78,2,2
81287,82,73,9,9
81288,86,76,10,10
81289,62,70,-8,8
81290,46,53,-7,7
81291,112,102,10,10
81292,99,96,3,3
81293,145,122,23,23
81294,166,150,16,16
81295,45,50,-5,5
81296,126,102,24,24
81297,89,83,6,6
81298,99,99,0,0
81299,77,75,2,2
81300,119,100,19,19
81301,93,102,-9,9
81302,102,104,-2,2
81303,62,62,0,0
81304,57,57,0,0
81305,63,68,-5,5
81306,56,61,-5,5
81307,137,125,12,12
81308,101,94,7,7
81309,90,81,9,9
81310,136,121,15,15
81311,70,68,2,2
81312,81,80,1,1
81313,66,65,1,1
81314,93,86,7,7
81315,73,70,3,3
81316,90,83,7,7
81317,83,81,2,2
81318,89,80,9,9
81319,103,102,1,1
81320,105,93,12,12
81321,83,99,-16,16
81322,115,109,6,6
81323,99,97,2,2
81324,85,85,0,0
81325,73,78,-5,5
81326,80,82,-2,2
81327,49,60,-11,11
81328,80,76,4,4
81329,63,67,-4,4
81330,33,42,-9,9
81331,178,169,9,9
81332,105,118,-13,13
81333,41,58,-17,17
81334,92,93,-1,1
81335,98,89,9,9
81336,71,72,-1,1
81337,30,26,4,4
81338,62,64,-2,2
81339,126,130,-4,4
81340,102,96,6,6
81341,122,113,9,9
81342,79,80,-1,1
81343,152,131,21,21
81344,159,132,27,27
81345,161,148,13,13
81346,71,63,8,8
81347,84,84,0,0
81348,118,101,17,17
81349,73,73,0,0
81350,118,108,10,10
81351,102,83,19,19
81352,69,79,-10,10
81353,101,89,12,12
81354,127,113,14,14
81355,84,75,9,9
81356,40,41,-1,1
81357,70,69,1,1
81358,135,116,19,19
81359,77,77,0,0
81360,78,79,-1,1
81361,70,71,-1,1
81362,73,79,-6,6
81363,85,80,5,5
81364,106,94,12,12
81365,151,133,18,18
81366,153,141,12,12
81367,133,111,22,22
81368,121,109,12,12
81369,110,102,8,8
81370,71,80,-9,9
81371,98,91,7,7
81372,126,121,5,5
81373,86,86,0,0
81374,77,75,2,2
81375,198,161,37,37
81376,133,121,12,12
81377,124,116,8,8
81378,90,82,8,8
81379,60,61,-1,1
81380,80,90,-10,10
81381,47,52,-5,5
81382,82,74,8,8
81383,119,94,25,25
81384,66,69,-3,3
81385,136,114,22,22
81386,141,122,19,19
81387,50,62,-12,12
81388,71,78,-7,7
81389,98,91,7,7
81390,121,100,21,21
81391,81,88,-7,7
81392,117,106,11,11
81393,112,105,7,7
81394,94,91,3,3
81395,55,73,-18,18
81396,97,102,-5,5
81397,92,93,-1,1
81398,137,125,12,12
81399,54,55,-1,1
81400,140,127,13,13
81401,138,116,22,22
81402,85,80,5,5
81403,84,88,-4,4
81404,104,97,7,7
81405,113,106,7,7
81406,109,107,2,2
81407,76,90,-14,14
81408,79,80,-1,1
81409,65,64,1,1
81410,81,80,1,1
81411,131,104,27,27
81412,204,164,40,40
81413,77,71,6,6
81414,161,131,30,30
81415,97,94,3,3
81416,110,93,17,17
81417,76,77,-1,1
81418,70,69,1,1
81419,122,116,6,6
81420,52,56,-4,4
81421,121,115,6,6
81422,89,87,2,2
81423,99,84,15,15
81424,62,63,-1,1
81425,117,102,15,15
81426,92,93,-1,1
81427,169,145,24,24
81428,122,108,14,14
81429,88,87,1,1
81430,94,87,7,7
81431,163,122,41,41
81432,72,69,3,3
81433,87,91,-4,4
81434,104,106,-2,2
81435,51,55,-4,4
81436,57,56,1,1
81437,149,132,17,17
81438,87,84,3,3
81439,109,104,5,5
81440,120,104,16,16
81441,79,74,5,5
81442,129,115,14,14
81443,162,135,27,27
81444,133,121,12,12
81445,82,77,5,5
81446,110,103,7,7
81447,180,149,31,31
81448,104,96,8,8
81449,134,116,18,18
81450,114,99,15,15
81451,130,129,1,1
81452,94,94,0,0
81453,182,152,30,30
81454,93,92,1,1
81455,74,77,-3,3
81456,66,69,-3,3
81457,164,243,-79,79
81458,125,150,-25,25
81459,74,79,-5,5
81460,148,136,12,12
81461,69,71,-2,2
81462,98,88,10,10
81463,71,73,-2,2
81464,107,96,11,11
81465,133,111,22,22
81466,72,70,2,2
81467,68,69,-1,1
81468,97,91,6,6
81469,185,143,42,42
81470,184,161,23,23
81471,106,106,0,0
81472,143,131,12,12
81473,82,93,-11,11
81474,47,58,-11,11
81475,82,73,9,9
81476,97,82,15,15
81477,58,59,-1,1
81478,115,101,14,14
81479,137,113,24,24
81480,112,103,9,9
81481,101,94,7,7
81482,56,56,0,0
81483,80,74,6,6
81484,79,80,-1,1
81485,186,152,34,34
81486,79,71,8,8
81487,80,71,9,9
81488,85,79,6,6
81489,123,105,18,18
81490,94,81,13,13
81491,71,81,-10,10
81492,83,82,1,1
81493,45,49,-4,4
81494,120,131,-11,11
81495,165,144,21,21
81496,73,73,0,0
81497,87,80,7,7
81498,80,82,-2,2
81499,132,129,3,3
81500,82,76,6,6
81501,77,72,5,5
81502,62,69,-7,7
81503,74,76,-2,2
81504,87,92,-5,5
81505,142,124,18,18
81506,119,106,13,13
81507,62,53,9,9
